"","treeID","xmin","xmax","ymin","ymax","Algorithm","lidar_path","rgb_path","label","numeric_label","tile_xmin","tile_xmax","tile_ymin","tile_ymax"
"1",1,537054.774,537061.855,4142000.072,4142007.671,"Silva","NEON_D07_MLBS_DP1_537000_4142000_classified_point_cloud.laz","2018_MLBS_3_537000_4142000_image.tif","Tree",1,537000,537999.999,4142000,4142999.999
"2",2,537063.782,537065.89,4142002.527,4142004.336,"Silva","NEON_D07_MLBS_DP1_537000_4142000_classified_point_cloud.laz","2018_MLBS_3_537000_4142000_image.tif","Tree",1,537000,537999.999,4142000,4142999.999
"3",3,537090.006,537096.969,4142000.006,4142004.485,"Silva","NEON_D07_MLBS_DP1_537000_4142000_classified_point_cloud.laz","2018_MLBS_3_537000_4142000_image.tif","Tree",1,537000,537999.999,4142000,4142999.999
"4",4,537093.5,537100.933,4142021.502,4142028.376,"Silva","NEON_D07_MLBS_DP1_537000_4142000_classified_point_cloud.laz","2018_MLBS_3_537000_4142000_image.tif","Tree",1,537000,537999.999,4142000,4142999.999
"5",5,537086.528,537097.492,4142031.689,4142039.953,"Silva","NEON_D07_MLBS_DP1_537000_4142000_classified_point_cloud.laz","2018_MLBS_3_537000_4142000_image.tif","Tree",1,537000,537999.999,4142000,4142999.999
"6",6,537017.523,537027.235,4142039.128,4142045.282,"Silva","NEON_D07_MLBS_DP1_537000_4142000_classified_point_cloud.laz","2018_MLBS_3_537000_4142000_image.tif","Tree",1,537000,537999.999,4142000,4142999.999
"7",7,537027.008,537034.457,4142068.622,4142080.496,"Silva","NEON_D07_MLBS_DP1_537000_4142000_classified_point_cloud.laz","2018_MLBS_3_537000_4142000_image.tif","Tree",1,537000,537999.999,4142000,4142999.999
"8",8,537098.518,537110.476,4142014.047,4142022.934,"Silva","NEON_D07_MLBS_DP1_537000_4142000_classified_point_cloud.laz","2018_MLBS_3_537000_4142000_image.tif","Tree",1,537000,537999.999,4142000,4142999.999
"9",9,537112.564,537122.497,4142013.538,4142021.359,"Silva","NEON_D07_MLBS_DP1_537000_4142000_classified_point_cloud.laz","2018_MLBS_3_537000_4142000_image.tif","Tree",1,537000,537999.999,4142000,4142999.999
"10",10,537119.021,537128.676,4142005.508,4142011.989,"Silva","NEON_D07_MLBS_DP1_537000_4142000_classified_point_cloud.laz","2018_MLBS_3_537000_4142000_image.tif","Tree",1,537000,537999.999,4142000,4142999.999
"11",11,537099.004,537104.997,4142003.513,4142010.918,"Silva","NEON_D07_MLBS_DP1_537000_4142000_classified_point_cloud.laz","2018_MLBS_3_537000_4142000_image.tif","Tree",1,537000,537999.999,4142000,4142999.999
"12",12,537116.112,537126.996,4142000.021,4142007.98,"Silva","NEON_D07_MLBS_DP1_537000_4142000_classified_point_cloud.laz","2018_MLBS_3_537000_4142000_image.tif","Tree",1,537000,537999.999,4142000,4142999.999
"13",13,537110.528,537119.993,4142015.51,4142027.497,"Silva","NEON_D07_MLBS_DP1_537000_4142000_classified_point_cloud.laz","2018_MLBS_3_537000_4142000_image.tif","Tree",1,537000,537999.999,4142000,4142999.999
"14",14,537103.77,537113.493,4142024.685,4142036.468,"Silva","NEON_D07_MLBS_DP1_537000_4142000_classified_point_cloud.laz","2018_MLBS_3_537000_4142000_image.tif","Tree",1,537000,537999.999,4142000,4142999.999
"15",15,537113.501,537123.495,4142025.546,4142032.5,"Silva","NEON_D07_MLBS_DP1_537000_4142000_classified_point_cloud.laz","2018_MLBS_3_537000_4142000_image.tif","Tree",1,537000,537999.999,4142000,4142999.999
"16",16,537096.403,537102.91,4142030.034,4142036.401,"Silva","NEON_D07_MLBS_DP1_537000_4142000_classified_point_cloud.laz","2018_MLBS_3_537000_4142000_image.tif","Tree",1,537000,537999.999,4142000,4142999.999
"17",17,537112.507,537124.483,4142032.019,4142037.998,"Silva","NEON_D07_MLBS_DP1_537000_4142000_classified_point_cloud.laz","2018_MLBS_3_537000_4142000_image.tif","Tree",1,537000,537999.999,4142000,4142999.999
"18",18,537101.046,537108.948,4142029.742,4142037.499,"Silva","NEON_D07_MLBS_DP1_537000_4142000_classified_point_cloud.laz","2018_MLBS_3_537000_4142000_image.tif","Tree",1,537000,537999.999,4142000,4142999.999
"19",19,537104.503,537115.981,4142044.211,4142050.985,"Silva","NEON_D07_MLBS_DP1_537000_4142000_classified_point_cloud.laz","2018_MLBS_3_537000_4142000_image.tif","Tree",1,537000,537999.999,4142000,4142999.999
"20",20,537091.558,537104.997,4142041.017,4142051.315,"Silva","NEON_D07_MLBS_DP1_537000_4142000_classified_point_cloud.laz","2018_MLBS_3_537000_4142000_image.tif","Tree",1,537000,537999.999,4142000,4142999.999
"21",21,537104.901,537114.3,4142049.063,4142057.494,"Silva","NEON_D07_MLBS_DP1_537000_4142000_classified_point_cloud.laz","2018_MLBS_3_537000_4142000_image.tif","Tree",1,537000,537999.999,4142000,4142999.999
"22",22,537045.5,537053.862,4142000.019,4142004.467,"Silva","NEON_D07_MLBS_DP1_537000_4142000_classified_point_cloud.laz","2018_MLBS_3_537000_4142000_image.tif","Tree",1,537000,537999.999,4142000,4142999.999
"23",23,537023.507,537031.417,4142000.002,4142008.987,"Silva","NEON_D07_MLBS_DP1_537000_4142000_classified_point_cloud.laz","2018_MLBS_3_537000_4142000_image.tif","Tree",1,537000,537999.999,4142000,4142999.999
"24",24,537030.534,537038.282,4142000.001,4142008.492,"Silva","NEON_D07_MLBS_DP1_537000_4142000_classified_point_cloud.laz","2018_MLBS_3_537000_4142000_image.tif","Tree",1,537000,537999.999,4142000,4142999.999
"25",25,537011.507,537019.978,4142000.014,4142008.989,"Silva","NEON_D07_MLBS_DP1_537000_4142000_classified_point_cloud.laz","2018_MLBS_3_537000_4142000_image.tif","Tree",1,537000,537999.999,4142000,4142999.999
"26",26,537052.008,537063.499,4142004.117,4142011.912,"Silva","NEON_D07_MLBS_DP1_537000_4142000_classified_point_cloud.laz","2018_MLBS_3_537000_4142000_image.tif","Tree",1,537000,537999.999,4142000,4142999.999
"27",27,537046.046,537051.998,4142004.505,4142009.972,"Silva","NEON_D07_MLBS_DP1_537000_4142000_classified_point_cloud.laz","2018_MLBS_3_537000_4142000_image.tif","Tree",1,537000,537999.999,4142000,4142999.999
"28",28,537051.054,537063.996,4142010.008,4142018.937,"Silva","NEON_D07_MLBS_DP1_537000_4142000_classified_point_cloud.laz","2018_MLBS_3_537000_4142000_image.tif","Tree",1,537000,537999.999,4142000,4142999.999
"29",29,537024.017,537032.474,4142009.021,4142014.485,"Silva","NEON_D07_MLBS_DP1_537000_4142000_classified_point_cloud.laz","2018_MLBS_3_537000_4142000_image.tif","Tree",1,537000,537999.999,4142000,4142999.999
"30",30,537078.134,537088.432,4142007.569,4142024.987,"Silva","NEON_D07_MLBS_DP1_537000_4142000_classified_point_cloud.laz","2018_MLBS_3_537000_4142000_image.tif","Tree",1,537000,537999.999,4142000,4142999.999
"31",31,537016.017,537023.977,4142011.502,4142016.995,"Silva","NEON_D07_MLBS_DP1_537000_4142000_classified_point_cloud.laz","2018_MLBS_3_537000_4142000_image.tif","Tree",1,537000,537999.999,4142000,4142999.999
"32",32,537034.51,537041.974,4142008.622,4142019.497,"Silva","NEON_D07_MLBS_DP1_537000_4142000_classified_point_cloud.laz","2018_MLBS_3_537000_4142000_image.tif","Tree",1,537000,537999.999,4142000,4142999.999
"33",33,537004.611,537012.497,4142009.005,4142018.999,"Silva","NEON_D07_MLBS_DP1_537000_4142000_classified_point_cloud.laz","2018_MLBS_3_537000_4142000_image.tif","Tree",1,537000,537999.999,4142000,4142999.999
"34",34,537025.511,537034.498,4142014.015,4142019.497,"Silva","NEON_D07_MLBS_DP1_537000_4142000_classified_point_cloud.laz","2018_MLBS_3_537000_4142000_image.tif","Tree",1,537000,537999.999,4142000,4142999.999
"35",35,537000.009,537009.338,4142012.003,4142020.804,"Silva","NEON_D07_MLBS_DP1_537000_4142000_classified_point_cloud.laz","2018_MLBS_3_537000_4142000_image.tif","Tree",1,537000,537999.999,4142000,4142999.999
"36",36,537021.262,537028.462,4142013.012,4142020.497,"Silva","NEON_D07_MLBS_DP1_537000_4142000_classified_point_cloud.laz","2018_MLBS_3_537000_4142000_image.tif","Tree",1,537000,537999.999,4142000,4142999.999
"37",37,537009.065,537017.386,4142015.007,4142024.949,"Silva","NEON_D07_MLBS_DP1_537000_4142000_classified_point_cloud.laz","2018_MLBS_3_537000_4142000_image.tif","Tree",1,537000,537999.999,4142000,4142999.999
"38",38,537000.009,537006.889,4142015.576,4142028.997,"Silva","NEON_D07_MLBS_DP1_537000_4142000_classified_point_cloud.laz","2018_MLBS_3_537000_4142000_image.tif","Tree",1,537000,537999.999,4142000,4142999.999
"39",39,537014.566,537020.998,4142016.612,4142026.938,"Silva","NEON_D07_MLBS_DP1_537000_4142000_classified_point_cloud.laz","2018_MLBS_3_537000_4142000_image.tif","Tree",1,537000,537999.999,4142000,4142999.999
"40",40,537020.5,537027.319,4142018.089,4142027.445,"Silva","NEON_D07_MLBS_DP1_537000_4142000_classified_point_cloud.laz","2018_MLBS_3_537000_4142000_image.tif","Tree",1,537000,537999.999,4142000,4142999.999
"41",41,537025.015,537035.474,4142018.565,4142030.392,"Silva","NEON_D07_MLBS_DP1_537000_4142000_classified_point_cloud.laz","2018_MLBS_3_537000_4142000_image.tif","Tree",1,537000,537999.999,4142000,4142999.999
"42",42,537005.077,537018.279,4142024.504,4142035.966,"Silva","NEON_D07_MLBS_DP1_537000_4142000_classified_point_cloud.laz","2018_MLBS_3_537000_4142000_image.tif","Tree",1,537000,537999.999,4142000,4142999.999
"43",43,537021.014,537032.912,4142030.009,4142045.943,"Silva","NEON_D07_MLBS_DP1_537000_4142000_classified_point_cloud.laz","2018_MLBS_3_537000_4142000_image.tif","Tree",1,537000,537999.999,4142000,4142999.999
"44",44,537006.009,537017.792,4142035.005,4142044.955,"Silva","NEON_D07_MLBS_DP1_537000_4142000_classified_point_cloud.laz","2018_MLBS_3_537000_4142000_image.tif","Tree",1,537000,537999.999,4142000,4142999.999
"45",45,537009.29,537017.464,4142038.588,4142048.992,"Silva","NEON_D07_MLBS_DP1_537000_4142000_classified_point_cloud.laz","2018_MLBS_3_537000_4142000_image.tif","Tree",1,537000,537999.999,4142000,4142999.999
"46",46,537000,537006.494,4142043.004,4142055.931,"Silva","NEON_D07_MLBS_DP1_537000_4142000_classified_point_cloud.laz","2018_MLBS_3_537000_4142000_image.tif","Tree",1,537000,537999.999,4142000,4142999.999
"47",47,537005.002,537015.999,4142054.067,4142062.439,"Silva","NEON_D07_MLBS_DP1_537000_4142000_classified_point_cloud.laz","2018_MLBS_3_537000_4142000_image.tif","Tree",1,537000,537999.999,4142000,4142999.999
"48",48,537018.523,537029.48,4142061.576,4142070.818,"Silva","NEON_D07_MLBS_DP1_537000_4142000_classified_point_cloud.laz","2018_MLBS_3_537000_4142000_image.tif","Tree",1,537000,537999.999,4142000,4142999.999
"49",49,537009.002,537018.331,4142065.554,4142072.47,"Silva","NEON_D07_MLBS_DP1_537000_4142000_classified_point_cloud.laz","2018_MLBS_3_537000_4142000_image.tif","Tree",1,537000,537999.999,4142000,4142999.999
"50",50,537000,537003.996,4142071.046,4142076.694,"Silva","NEON_D07_MLBS_DP1_537000_4142000_classified_point_cloud.laz","2018_MLBS_3_537000_4142000_image.tif","Tree",1,537000,537999.999,4142000,4142999.999
"51",51,537000.009,537003.961,4142076.511,4142084.462,"Silva","NEON_D07_MLBS_DP1_537000_4142000_classified_point_cloud.laz","2018_MLBS_3_537000_4142000_image.tif","Tree",1,537000,537999.999,4142000,4142999.999
"52",52,537004.044,537013.456,4142076.224,4142082.938,"Silva","NEON_D07_MLBS_DP1_537000_4142000_classified_point_cloud.laz","2018_MLBS_3_537000_4142000_image.tif","Tree",1,537000,537999.999,4142000,4142999.999
"53",53,537017.03,537026.404,4142079.735,4142090.71,"Silva","NEON_D07_MLBS_DP1_537000_4142000_classified_point_cloud.laz","2018_MLBS_3_537000_4142000_image.tif","Tree",1,537000,537999.999,4142000,4142999.999
"54",54,537050.047,537061.428,4142016.002,4142024.975,"Silva","NEON_D07_MLBS_DP1_537000_4142000_classified_point_cloud.laz","2018_MLBS_3_537000_4142000_image.tif","Tree",1,537000,537999.999,4142000,4142999.999
"55",55,537066.081,537080.439,4142021.073,4142029.901,"Silva","NEON_D07_MLBS_DP1_537000_4142000_classified_point_cloud.laz","2018_MLBS_3_537000_4142000_image.tif","Tree",1,537000,537999.999,4142000,4142999.999
"56",56,537031.801,537044.98,4142023.602,4142033,"Silva","NEON_D07_MLBS_DP1_537000_4142000_classified_point_cloud.laz","2018_MLBS_3_537000_4142000_image.tif","Tree",1,537000,537999.999,4142000,4142999.999
"57",57,537053.514,537061.487,4142021.068,4142031.996,"Silva","NEON_D07_MLBS_DP1_537000_4142000_classified_point_cloud.laz","2018_MLBS_3_537000_4142000_image.tif","Tree",1,537000,537999.999,4142000,4142999.999
"58",58,537060.049,537065.967,4142021.014,4142033.239,"Silva","NEON_D07_MLBS_DP1_537000_4142000_classified_point_cloud.laz","2018_MLBS_3_537000_4142000_image.tif","Tree",1,537000,537999.999,4142000,4142999.999
"59",59,537062.676,537069.955,4142026.016,4142035.989,"Silva","NEON_D07_MLBS_DP1_537000_4142000_classified_point_cloud.laz","2018_MLBS_3_537000_4142000_image.tif","Tree",1,537000,537999.999,4142000,4142999.999
"60",60,537068.504,537082.493,4142024.513,4142037.862,"Silva","NEON_D07_MLBS_DP1_537000_4142000_classified_point_cloud.laz","2018_MLBS_3_537000_4142000_image.tif","Tree",1,537000,537999.999,4142000,4142999.999
"61",61,537051.614,537062.935,4142032.001,4142039.495,"Silva","NEON_D07_MLBS_DP1_537000_4142000_classified_point_cloud.laz","2018_MLBS_3_537000_4142000_image.tif","Tree",1,537000,537999.999,4142000,4142999.999
"62",62,537079.002,537089.981,4142030.01,4142045.397,"Silva","NEON_D07_MLBS_DP1_537000_4142000_classified_point_cloud.laz","2018_MLBS_3_537000_4142000_image.tif","Tree",1,537000,537999.999,4142000,4142999.999
"63",63,537031.509,537041.998,4142033.001,4142045.493,"Silva","NEON_D07_MLBS_DP1_537000_4142000_classified_point_cloud.laz","2018_MLBS_3_537000_4142000_image.tif","Tree",1,537000,537999.999,4142000,4142999.999
"64",64,537042,537049.941,4142031.226,4142040.924,"Silva","NEON_D07_MLBS_DP1_537000_4142000_classified_point_cloud.laz","2018_MLBS_3_537000_4142000_image.tif","Tree",1,537000,537999.999,4142000,4142999.999
"65",65,537060.658,537070.219,4142035.503,4142046.94,"Silva","NEON_D07_MLBS_DP1_537000_4142000_classified_point_cloud.laz","2018_MLBS_3_537000_4142000_image.tif","Tree",1,537000,537999.999,4142000,4142999.999
"66",66,537072.017,537082.23,4142035.048,4142047.941,"Silva","NEON_D07_MLBS_DP1_537000_4142000_classified_point_cloud.laz","2018_MLBS_3_537000_4142000_image.tif","Tree",1,537000,537999.999,4142000,4142999.999
"67",67,537049.005,537054.995,4142035.107,4142043.987,"Silva","NEON_D07_MLBS_DP1_537000_4142000_classified_point_cloud.laz","2018_MLBS_3_537000_4142000_image.tif","Tree",1,537000,537999.999,4142000,4142999.999
"68",68,537039.55,537045.996,4142039.511,4142046.752,"Silva","NEON_D07_MLBS_DP1_537000_4142000_classified_point_cloud.laz","2018_MLBS_3_537000_4142000_image.tif","Tree",1,537000,537999.999,4142000,4142999.999
"69",69,537045.5,537049.465,4142039.6,4142046.752,"Silva","NEON_D07_MLBS_DP1_537000_4142000_classified_point_cloud.laz","2018_MLBS_3_537000_4142000_image.tif","Tree",1,537000,537999.999,4142000,4142999.999
"70",70,537054.081,537061.464,4142039.019,4142044.499,"Silva","NEON_D07_MLBS_DP1_537000_4142000_classified_point_cloud.laz","2018_MLBS_3_537000_4142000_image.tif","Tree",1,537000,537999.999,4142000,4142999.999
"71",71,537047.075,537053.992,4142043.058,4142049.496,"Silva","NEON_D07_MLBS_DP1_537000_4142000_classified_point_cloud.laz","2018_MLBS_3_537000_4142000_image.tif","Tree",1,537000,537999.999,4142000,4142999.999
"72",72,537053.108,537063.208,4142044.025,4142052.686,"Silva","NEON_D07_MLBS_DP1_537000_4142000_classified_point_cloud.laz","2018_MLBS_3_537000_4142000_image.tif","Tree",1,537000,537999.999,4142000,4142999.999
"73",73,537080.042,537092.909,4142042.512,4142052.967,"Silva","NEON_D07_MLBS_DP1_537000_4142000_classified_point_cloud.laz","2018_MLBS_3_537000_4142000_image.tif","Tree",1,537000,537999.999,4142000,4142999.999
"74",74,537026.013,537036.876,4142045.033,4142057.981,"Silva","NEON_D07_MLBS_DP1_537000_4142000_classified_point_cloud.laz","2018_MLBS_3_537000_4142000_image.tif","Tree",1,537000,537999.999,4142000,4142999.999
"75",75,537068.559,537079.978,4142050.504,4142061.382,"Silva","NEON_D07_MLBS_DP1_537000_4142000_classified_point_cloud.laz","2018_MLBS_3_537000_4142000_image.tif","Tree",1,537000,537999.999,4142000,4142999.999
"76",76,537079.506,537089.496,4142051.026,4142060.968,"Silva","NEON_D07_MLBS_DP1_537000_4142000_classified_point_cloud.laz","2018_MLBS_3_537000_4142000_image.tif","Tree",1,537000,537999.999,4142000,4142999.999
"77",77,537061.509,537070.984,4142057.527,4142065.923,"Silva","NEON_D07_MLBS_DP1_537000_4142000_classified_point_cloud.laz","2018_MLBS_3_537000_4142000_image.tif","Tree",1,537000,537999.999,4142000,4142999.999
"78",78,537041,537053.484,4142059.519,4142072.303,"Silva","NEON_D07_MLBS_DP1_537000_4142000_classified_point_cloud.laz","2018_MLBS_3_537000_4142000_image.tif","Tree",1,537000,537999.999,4142000,4142999.999
"79",79,537063.04,537071.478,4142063.559,4142074.894,"Silva","NEON_D07_MLBS_DP1_537000_4142000_classified_point_cloud.laz","2018_MLBS_3_537000_4142000_image.tif","Tree",1,537000,537999.999,4142000,4142999.999
"80",80,537071.534,537077.483,4142075.519,4142084.921,"Silva","NEON_D07_MLBS_DP1_537000_4142000_classified_point_cloud.laz","2018_MLBS_3_537000_4142000_image.tif","Tree",1,537000,537999.999,4142000,4142999.999
"81",81,537062.023,537068.99,4142079.608,4142087.415,"Silva","NEON_D07_MLBS_DP1_537000_4142000_classified_point_cloud.laz","2018_MLBS_3_537000_4142000_image.tif","Tree",1,537000,537999.999,4142000,4142999.999
"82",82,537023.269,537031.988,4142081.537,4142091.917,"Silva","NEON_D07_MLBS_DP1_537000_4142000_classified_point_cloud.laz","2018_MLBS_3_537000_4142000_image.tif","Tree",1,537000,537999.999,4142000,4142999.999
"83",83,537000.062,537008.982,4142084.528,4142089.944,"Silva","NEON_D07_MLBS_DP1_537000_4142000_classified_point_cloud.laz","2018_MLBS_3_537000_4142000_image.tif","Tree",1,537000,537999.999,4142000,4142999.999
"84",84,537011.016,537019.127,4142084.032,4142093.484,"Silva","NEON_D07_MLBS_DP1_537000_4142000_classified_point_cloud.laz","2018_MLBS_3_537000_4142000_image.tif","Tree",1,537000,537999.999,4142000,4142999.999
"85",85,537000.002,537005.495,4142086.535,4142092.977,"Silva","NEON_D07_MLBS_DP1_537000_4142000_classified_point_cloud.laz","2018_MLBS_3_537000_4142000_image.tif","Tree",1,537000,537999.999,4142000,4142999.999
"86",86,537006.513,537013.994,4142091.51,4142098.816,"Silva","NEON_D07_MLBS_DP1_537000_4142000_classified_point_cloud.laz","2018_MLBS_3_537000_4142000_image.tif","Tree",1,537000,537999.999,4142000,4142999.999
"87",87,537000.076,537007.145,4142094.004,4142099.499,"Silva","NEON_D07_MLBS_DP1_537000_4142000_classified_point_cloud.laz","2018_MLBS_3_537000_4142000_image.tif","Tree",1,537000,537999.999,4142000,4142999.999
"88",88,537009.047,537018.384,4142124.51,4142132,"Silva","NEON_D07_MLBS_DP1_537000_4142000_classified_point_cloud.laz","2018_MLBS_3_537000_4142000_image.tif","Tree",1,537000,537999.999,4142000,4142999.999
"89",89,537002.56,537009.498,4142127.521,4142133.907,"Silva","NEON_D07_MLBS_DP1_537000_4142000_classified_point_cloud.laz","2018_MLBS_3_537000_4142000_image.tif","Tree",1,537000,537999.999,4142000,4142999.999
"90",90,537000.017,537002.972,4142128.501,4142132.994,"Silva","NEON_D07_MLBS_DP1_537000_4142000_classified_point_cloud.laz","2018_MLBS_3_537000_4142000_image.tif","Tree",1,537000,537999.999,4142000,4142999.999
"91",91,537015.558,537025.483,4142128.034,4142137.432,"Silva","NEON_D07_MLBS_DP1_537000_4142000_classified_point_cloud.laz","2018_MLBS_3_537000_4142000_image.tif","Tree",1,537000,537999.999,4142000,4142999.999
"92",92,537000.001,537003.467,4142133.01,4142137.495,"Silva","NEON_D07_MLBS_DP1_537000_4142000_classified_point_cloud.laz","2018_MLBS_3_537000_4142000_image.tif","Tree",1,537000,537999.999,4142000,4142999.999
"93",93,537027.017,537034.459,4142131.509,4142140.982,"Silva","NEON_D07_MLBS_DP1_537000_4142000_classified_point_cloud.laz","2018_MLBS_3_537000_4142000_image.tif","Tree",1,537000,537999.999,4142000,4142999.999
"94",94,537009.005,537016.941,4142136.009,4142142.993,"Silva","NEON_D07_MLBS_DP1_537000_4142000_classified_point_cloud.laz","2018_MLBS_3_537000_4142000_image.tif","Tree",1,537000,537999.999,4142000,4142999.999
"95",95,537005.533,537012.492,4142138.513,4142145.486,"Silva","NEON_D07_MLBS_DP1_537000_4142000_classified_point_cloud.laz","2018_MLBS_3_537000_4142000_image.tif","Tree",1,537000,537999.999,4142000,4142999.999
"96",96,537015.517,537023.489,4142136.502,4142144.997,"Silva","NEON_D07_MLBS_DP1_537000_4142000_classified_point_cloud.laz","2018_MLBS_3_537000_4142000_image.tif","Tree",1,537000,537999.999,4142000,4142999.999
"97",97,537000.009,537005.99,4142140.513,4142146.485,"Silva","NEON_D07_MLBS_DP1_537000_4142000_classified_point_cloud.laz","2018_MLBS_3_537000_4142000_image.tif","Tree",1,537000,537999.999,4142000,4142999.999
"98",98,537008.194,537016.488,4142143.023,4142151,"Silva","NEON_D07_MLBS_DP1_537000_4142000_classified_point_cloud.laz","2018_MLBS_3_537000_4142000_image.tif","Tree",1,537000,537999.999,4142000,4142999.999
"99",99,537004.651,537012.472,4142145.509,4142152.971,"Silva","NEON_D07_MLBS_DP1_537000_4142000_classified_point_cloud.laz","2018_MLBS_3_537000_4142000_image.tif","Tree",1,537000,537999.999,4142000,4142999.999
"100",100,537026.569,537037.484,4142119.514,4142131.465,"Silva","NEON_D07_MLBS_DP1_537000_4142000_classified_point_cloud.laz","2018_MLBS_3_537000_4142000_image.tif","Tree",1,537000,537999.999,4142000,4142999.999
"101",101,537023.511,537029.89,4142122.001,4142130.998,"Silva","NEON_D07_MLBS_DP1_537000_4142000_classified_point_cloud.laz","2018_MLBS_3_537000_4142000_image.tif","Tree",1,537000,537999.999,4142000,4142999.999
"102",102,537002.501,537009.984,4142121.503,4142127.988,"Silva","NEON_D07_MLBS_DP1_537000_4142000_classified_point_cloud.laz","2018_MLBS_3_537000_4142000_image.tif","Tree",1,537000,537999.999,4142000,4142999.999
"103",103,537016.524,537023.989,4142121.677,4142128.958,"Silva","NEON_D07_MLBS_DP1_537000_4142000_classified_point_cloud.laz","2018_MLBS_3_537000_4142000_image.tif","Tree",1,537000,537999.999,4142000,4142999.999
"104",104,537022.047,537033.98,4142115.531,4142121.971,"Silva","NEON_D07_MLBS_DP1_537000_4142000_classified_point_cloud.laz","2018_MLBS_3_537000_4142000_image.tif","Tree",1,537000,537999.999,4142000,4142999.999
"105",105,537002.502,537009.492,4142114.606,4142121.998,"Silva","NEON_D07_MLBS_DP1_537000_4142000_classified_point_cloud.laz","2018_MLBS_3_537000_4142000_image.tif","Tree",1,537000,537999.999,4142000,4142999.999
"106",106,537014.053,537021.998,4142115.508,4142122.89,"Silva","NEON_D07_MLBS_DP1_537000_4142000_classified_point_cloud.laz","2018_MLBS_3_537000_4142000_image.tif","Tree",1,537000,537999.999,4142000,4142999.999
"107",107,537005.073,537013.327,4142108.046,4142117.945,"Silva","NEON_D07_MLBS_DP1_537000_4142000_classified_point_cloud.laz","2018_MLBS_3_537000_4142000_image.tif","Tree",1,537000,537999.999,4142000,4142999.999
"108",108,537008.043,537015.856,4142108.01,4142115.909,"Silva","NEON_D07_MLBS_DP1_537000_4142000_classified_point_cloud.laz","2018_MLBS_3_537000_4142000_image.tif","Tree",1,537000,537999.999,4142000,4142999.999
"109",109,537013.308,537019.41,4142106.598,4142113.395,"Silva","NEON_D07_MLBS_DP1_537000_4142000_classified_point_cloud.laz","2018_MLBS_3_537000_4142000_image.tif","Tree",1,537000,537999.999,4142000,4142999.999
"110",110,537000.006,537007.497,4142101.52,4142108.31,"Silva","NEON_D07_MLBS_DP1_537000_4142000_classified_point_cloud.laz","2018_MLBS_3_537000_4142000_image.tif","Tree",1,537000,537999.999,4142000,4142999.999
"111",111,537000.042,537007.978,4142098.587,4142103.492,"Silva","NEON_D07_MLBS_DP1_537000_4142000_classified_point_cloud.laz","2018_MLBS_3_537000_4142000_image.tif","Tree",1,537000,537999.999,4142000,4142999.999
"112",112,537066.013,537072.968,4142084.606,4142094.397,"Silva","NEON_D07_MLBS_DP1_537000_4142000_classified_point_cloud.laz","2018_MLBS_3_537000_4142000_image.tif","Tree",1,537000,537999.999,4142000,4142999.999
"113",113,537080.517,537090.863,4142084.022,4142089.996,"Silva","NEON_D07_MLBS_DP1_537000_4142000_classified_point_cloud.laz","2018_MLBS_3_537000_4142000_image.tif","Tree",1,537000,537999.999,4142000,4142999.999
"114",114,537038.505,537044.955,4142081.027,4142089.917,"Silva","NEON_D07_MLBS_DP1_537000_4142000_classified_point_cloud.laz","2018_MLBS_3_537000_4142000_image.tif","Tree",1,537000,537999.999,4142000,4142999.999
"115",115,537046.08,537057.45,4142095.007,4142102.458,"Silva","NEON_D07_MLBS_DP1_537000_4142000_classified_point_cloud.laz","2018_MLBS_3_537000_4142000_image.tif","Tree",1,537000,537999.999,4142000,4142999.999
"116",116,537038.017,537047.927,4142122.502,4142132.428,"Silva","NEON_D07_MLBS_DP1_537000_4142000_classified_point_cloud.laz","2018_MLBS_3_537000_4142000_image.tif","Tree",1,537000,537999.999,4142000,4142999.999
"117",117,537077.52,537085.956,4142123.504,4142132.49,"Silva","NEON_D07_MLBS_DP1_537000_4142000_classified_point_cloud.laz","2018_MLBS_3_537000_4142000_image.tif","Tree",1,537000,537999.999,4142000,4142999.999
"118",118,537062.155,537069.953,4142127.03,4142137.493,"Silva","NEON_D07_MLBS_DP1_537000_4142000_classified_point_cloud.laz","2018_MLBS_3_537000_4142000_image.tif","Tree",1,537000,537999.999,4142000,4142999.999
"119",119,537073.519,537080.195,4142127.086,4142134.951,"Silva","NEON_D07_MLBS_DP1_537000_4142000_classified_point_cloud.laz","2018_MLBS_3_537000_4142000_image.tif","Tree",1,537000,537999.999,4142000,4142999.999
"120",120,537029.531,537036.967,4142127.545,4142134.978,"Silva","NEON_D07_MLBS_DP1_537000_4142000_classified_point_cloud.laz","2018_MLBS_3_537000_4142000_image.tif","Tree",1,537000,537999.999,4142000,4142999.999
"121",121,537067.155,537073.484,4142128.531,4142135.495,"Silva","NEON_D07_MLBS_DP1_537000_4142000_classified_point_cloud.laz","2018_MLBS_3_537000_4142000_image.tif","Tree",1,537000,537999.999,4142000,4142999.999
"122",122,537080.663,537089.468,4142127.008,4142133.992,"Silva","NEON_D07_MLBS_DP1_537000_4142000_classified_point_cloud.laz","2018_MLBS_3_537000_4142000_image.tif","Tree",1,537000,537999.999,4142000,4142999.999
"123",123,537091.003,537098.988,4142130.02,4142137.944,"Silva","NEON_D07_MLBS_DP1_537000_4142000_classified_point_cloud.laz","2018_MLBS_3_537000_4142000_image.tif","Tree",1,537000,537999.999,4142000,4142999.999
"124",124,537065.518,537076.503,4142133.01,4142139.377,"Silva","NEON_D07_MLBS_DP1_537000_4142000_classified_point_cloud.laz","2018_MLBS_3_537000_4142000_image.tif","Tree",1,537000,537999.999,4142000,4142999.999
"125",125,537087.002,537092.488,4142131.005,4142139.472,"Silva","NEON_D07_MLBS_DP1_537000_4142000_classified_point_cloud.laz","2018_MLBS_3_537000_4142000_image.tif","Tree",1,537000,537999.999,4142000,4142999.999
"126",126,537079.54,537086.998,4142133.036,4142139.494,"Silva","NEON_D07_MLBS_DP1_537000_4142000_classified_point_cloud.laz","2018_MLBS_3_537000_4142000_image.tif","Tree",1,537000,537999.999,4142000,4142999.999
"127",127,537045.007,537056.984,4142134.172,4142144.838,"Silva","NEON_D07_MLBS_DP1_537000_4142000_classified_point_cloud.laz","2018_MLBS_3_537000_4142000_image.tif","Tree",1,537000,537999.999,4142000,4142999.999
"128",128,537030.522,537041.836,4142138.503,4142148.489,"Silva","NEON_D07_MLBS_DP1_537000_4142000_classified_point_cloud.laz","2018_MLBS_3_537000_4142000_image.tif","Tree",1,537000,537999.999,4142000,4142999.999
"129",129,537080.522,537088.942,4142139.016,4142147.268,"Silva","NEON_D07_MLBS_DP1_537000_4142000_classified_point_cloud.laz","2018_MLBS_3_537000_4142000_image.tif","Tree",1,537000,537999.999,4142000,4142999.999
"130",130,537055.514,537064.483,4142138.004,4142147.45,"Silva","NEON_D07_MLBS_DP1_537000_4142000_classified_point_cloud.laz","2018_MLBS_3_537000_4142000_image.tif","Tree",1,537000,537999.999,4142000,4142999.999
"131",131,537057.298,537064.478,4142145.084,4142153.726,"Silva","NEON_D07_MLBS_DP1_537000_4142000_classified_point_cloud.laz","2018_MLBS_3_537000_4142000_image.tif","Tree",1,537000,537999.999,4142000,4142999.999
"132",132,537059.157,537070.89,4142121.74,4142127.982,"Silva","NEON_D07_MLBS_DP1_537000_4142000_classified_point_cloud.laz","2018_MLBS_3_537000_4142000_image.tif","Tree",1,537000,537999.999,4142000,4142999.999
"133",133,537083.011,537092.907,4142114.572,4142126.995,"Silva","NEON_D07_MLBS_DP1_537000_4142000_classified_point_cloud.laz","2018_MLBS_3_537000_4142000_image.tif","Tree",1,537000,537999.999,4142000,4142999.999
"134",134,537062.037,537070.475,4142116.604,4142123.376,"Silva","NEON_D07_MLBS_DP1_537000_4142000_classified_point_cloud.laz","2018_MLBS_3_537000_4142000_image.tif","Tree",1,537000,537999.999,4142000,4142999.999
"135",135,537070.501,537077.971,4142116.001,4142124.993,"Silva","NEON_D07_MLBS_DP1_537000_4142000_classified_point_cloud.laz","2018_MLBS_3_537000_4142000_image.tif","Tree",1,537000,537999.999,4142000,4142999.999
"136",136,537077.006,537084.976,4142113.634,4142123.497,"Silva","NEON_D07_MLBS_DP1_537000_4142000_classified_point_cloud.laz","2018_MLBS_3_537000_4142000_image.tif","Tree",1,537000,537999.999,4142000,4142999.999
"137",137,537066.078,537076.436,4142108.077,4142118.992,"Silva","NEON_D07_MLBS_DP1_537000_4142000_classified_point_cloud.laz","2018_MLBS_3_537000_4142000_image.tif","Tree",1,537000,537999.999,4142000,4142999.999
"138",138,537044.171,537055.296,4142100.501,4142113.99,"Silva","NEON_D07_MLBS_DP1_537000_4142000_classified_point_cloud.laz","2018_MLBS_3_537000_4142000_image.tif","Tree",1,537000,537999.999,4142000,4142999.999
"139",139,537063.017,537071.998,4142094.675,4142106.977,"Silva","NEON_D07_MLBS_DP1_537000_4142000_classified_point_cloud.laz","2018_MLBS_3_537000_4142000_image.tif","Tree",1,537000,537999.999,4142000,4142999.999
"140",140,537095.502,537101.952,4142069.014,4142080.899,"Silva","NEON_D07_MLBS_DP1_537000_4142000_classified_point_cloud.laz","2018_MLBS_3_537000_4142000_image.tif","Tree",1,537000,537999.999,4142000,4142999.999
"141",141,537107.006,537112.977,4142087.055,4142098.343,"Silva","NEON_D07_MLBS_DP1_537000_4142000_classified_point_cloud.laz","2018_MLBS_3_537000_4142000_image.tif","Tree",1,537000,537999.999,4142000,4142999.999
"142",142,537091.126,537104.484,4142115.502,4142123.964,"Silva","NEON_D07_MLBS_DP1_537000_4142000_classified_point_cloud.laz","2018_MLBS_3_537000_4142000_image.tif","Tree",1,537000,537999.999,4142000,4142999.999
"143",143,537106.103,537115.491,4142116.135,4142125.997,"Silva","NEON_D07_MLBS_DP1_537000_4142000_classified_point_cloud.laz","2018_MLBS_3_537000_4142000_image.tif","Tree",1,537000,537999.999,4142000,4142999.999
"144",144,537096.024,537105.469,4142123.641,4142133.435,"Silva","NEON_D07_MLBS_DP1_537000_4142000_classified_point_cloud.laz","2018_MLBS_3_537000_4142000_image.tif","Tree",1,537000,537999.999,4142000,4142999.999
"145",145,537097.522,537107.479,4142131.023,4142141.974,"Silva","NEON_D07_MLBS_DP1_537000_4142000_classified_point_cloud.laz","2018_MLBS_3_537000_4142000_image.tif","Tree",1,537000,537999.999,4142000,4142999.999
"146",146,537007.538,537018.498,4142151.006,4142160.956,"Silva","NEON_D07_MLBS_DP1_537000_4142000_classified_point_cloud.laz","2018_MLBS_3_537000_4142000_image.tif","Tree",1,537000,537999.999,4142000,4142999.999
"147",147,537001.069,537009.492,4142160.003,4142168.411,"Silva","NEON_D07_MLBS_DP1_537000_4142000_classified_point_cloud.laz","2018_MLBS_3_537000_4142000_image.tif","Tree",1,537000,537999.999,4142000,4142999.999
"148",148,537019.01,537028.959,4142162.502,4142167.956,"Silva","NEON_D07_MLBS_DP1_537000_4142000_classified_point_cloud.laz","2018_MLBS_3_537000_4142000_image.tif","Tree",1,537000,537999.999,4142000,4142999.999
"149",149,537000.002,537009.994,4142167.024,4142173.962,"Silva","NEON_D07_MLBS_DP1_537000_4142000_classified_point_cloud.laz","2018_MLBS_3_537000_4142000_image.tif","Tree",1,537000,537999.999,4142000,4142999.999
"150",150,537005.502,537013.491,4142171.527,4142181.49,"Silva","NEON_D07_MLBS_DP1_537000_4142000_classified_point_cloud.laz","2018_MLBS_3_537000_4142000_image.tif","Tree",1,537000,537999.999,4142000,4142999.999
"151",151,537025.558,537032.497,4142174.002,4142179.478,"Silva","NEON_D07_MLBS_DP1_537000_4142000_classified_point_cloud.laz","2018_MLBS_3_537000_4142000_image.tif","Tree",1,537000,537999.999,4142000,4142999.999
"152",152,537011.137,537019.884,4142174.066,4142183.88,"Silva","NEON_D07_MLBS_DP1_537000_4142000_classified_point_cloud.laz","2018_MLBS_3_537000_4142000_image.tif","Tree",1,537000,537999.999,4142000,4142999.999
"153",153,537017.004,537025.968,4142179.501,4142188.988,"Silva","NEON_D07_MLBS_DP1_537000_4142000_classified_point_cloud.laz","2018_MLBS_3_537000_4142000_image.tif","Tree",1,537000,537999.999,4142000,4142999.999
"154",154,537000.005,537007.999,4142181.542,4142190.497,"Silva","NEON_D07_MLBS_DP1_537000_4142000_classified_point_cloud.laz","2018_MLBS_3_537000_4142000_image.tif","Tree",1,537000,537999.999,4142000,4142999.999
"155",155,537007.508,537017.947,4142181.54,4142188.918,"Silva","NEON_D07_MLBS_DP1_537000_4142000_classified_point_cloud.laz","2018_MLBS_3_537000_4142000_image.tif","Tree",1,537000,537999.999,4142000,4142999.999
"156",156,537006.324,537016.474,4142192.01,4142199.345,"Silva","NEON_D07_MLBS_DP1_537000_4142000_classified_point_cloud.laz","2018_MLBS_3_537000_4142000_image.tif","Tree",1,537000,537999.999,4142000,4142999.999
"157",157,537004.065,537011.467,4142203.048,4142210.498,"Silva","NEON_D07_MLBS_DP1_537000_4142000_classified_point_cloud.laz","2018_MLBS_3_537000_4142000_image.tif","Tree",1,537000,537999.999,4142000,4142999.999
"158",158,537000,537004.485,4142206.021,4142213.391,"Silva","NEON_D07_MLBS_DP1_537000_4142000_classified_point_cloud.laz","2018_MLBS_3_537000_4142000_image.tif","Tree",1,537000,537999.999,4142000,4142999.999
"159",159,537016.528,537028.939,4142203.013,4142212.9,"Silva","NEON_D07_MLBS_DP1_537000_4142000_classified_point_cloud.laz","2018_MLBS_3_537000_4142000_image.tif","Tree",1,537000,537999.999,4142000,4142999.999
"160",160,537000.003,537007.475,4142209.538,4142222.897,"Silva","NEON_D07_MLBS_DP1_537000_4142000_classified_point_cloud.laz","2018_MLBS_3_537000_4142000_image.tif","Tree",1,537000,537999.999,4142000,4142999.999
"161",161,537010.587,537016.497,4142211.072,4142217.845,"Silva","NEON_D07_MLBS_DP1_537000_4142000_classified_point_cloud.laz","2018_MLBS_3_537000_4142000_image.tif","Tree",1,537000,537999.999,4142000,4142999.999
"162",162,537030.517,537041.969,4142147.005,4142158.452,"Silva","NEON_D07_MLBS_DP1_537000_4142000_classified_point_cloud.laz","2018_MLBS_3_537000_4142000_image.tif","Tree",1,537000,537999.999,4142000,4142999.999
"163",163,537080.53,537093.499,4142154.502,4142159.975,"Silva","NEON_D07_MLBS_DP1_537000_4142000_classified_point_cloud.laz","2018_MLBS_3_537000_4142000_image.tif","Tree",1,537000,537999.999,4142000,4142999.999
"164",164,537040.518,537050.769,4142158.598,4142166.443,"Silva","NEON_D07_MLBS_DP1_537000_4142000_classified_point_cloud.laz","2018_MLBS_3_537000_4142000_image.tif","Tree",1,537000,537999.999,4142000,4142999.999
"165",165,537068.578,537080.996,4142155.102,4142167.475,"Silva","NEON_D07_MLBS_DP1_537000_4142000_classified_point_cloud.laz","2018_MLBS_3_537000_4142000_image.tif","Tree",1,537000,537999.999,4142000,4142999.999
"166",166,537072.563,537082.95,4142168.025,4142175.948,"Silva","NEON_D07_MLBS_DP1_537000_4142000_classified_point_cloud.laz","2018_MLBS_3_537000_4142000_image.tif","Tree",1,537000,537999.999,4142000,4142999.999
"167",167,537032.011,537039.995,4142171.002,4142181.893,"Silva","NEON_D07_MLBS_DP1_537000_4142000_classified_point_cloud.laz","2018_MLBS_3_537000_4142000_image.tif","Tree",1,537000,537999.999,4142000,4142999.999
"168",168,537047,537060.328,4142170.501,4142182.905,"Silva","NEON_D07_MLBS_DP1_537000_4142000_classified_point_cloud.laz","2018_MLBS_3_537000_4142000_image.tif","Tree",1,537000,537999.999,4142000,4142999.999
"169",169,537086.001,537098.389,4142170.086,4142184.461,"Silva","NEON_D07_MLBS_DP1_537000_4142000_classified_point_cloud.laz","2018_MLBS_3_537000_4142000_image.tif","Tree",1,537000,537999.999,4142000,4142999.999
"170",170,537036.013,537044.983,4142178.527,4142186.988,"Silva","NEON_D07_MLBS_DP1_537000_4142000_classified_point_cloud.laz","2018_MLBS_3_537000_4142000_image.tif","Tree",1,537000,537999.999,4142000,4142999.999
"171",171,537066.065,537077.967,4142179.036,4142187.949,"Silva","NEON_D07_MLBS_DP1_537000_4142000_classified_point_cloud.laz","2018_MLBS_3_537000_4142000_image.tif","Tree",1,537000,537999.999,4142000,4142999.999
"172",172,537056.012,537067.975,4142176.917,4142188.999,"Silva","NEON_D07_MLBS_DP1_537000_4142000_classified_point_cloud.laz","2018_MLBS_3_537000_4142000_image.tif","Tree",1,537000,537999.999,4142000,4142999.999
"173",173,537079.096,537093.414,4142178.567,4142189.97,"Silva","NEON_D07_MLBS_DP1_537000_4142000_classified_point_cloud.laz","2018_MLBS_3_537000_4142000_image.tif","Tree",1,537000,537999.999,4142000,4142999.999
"174",174,537035.007,537043.345,4142186.608,4142197.475,"Silva","NEON_D07_MLBS_DP1_537000_4142000_classified_point_cloud.laz","2018_MLBS_3_537000_4142000_image.tif","Tree",1,537000,537999.999,4142000,4142999.999
"175",175,537044.018,537055.461,4142188.099,4142200.312,"Silva","NEON_D07_MLBS_DP1_537000_4142000_classified_point_cloud.laz","2018_MLBS_3_537000_4142000_image.tif","Tree",1,537000,537999.999,4142000,4142999.999
"176",176,537081,537087.421,4142188.24,4142197.985,"Silva","NEON_D07_MLBS_DP1_537000_4142000_classified_point_cloud.laz","2018_MLBS_3_537000_4142000_image.tif","Tree",1,537000,537999.999,4142000,4142999.999
"177",177,537065.524,537076.378,4142194.405,4142202.969,"Silva","NEON_D07_MLBS_DP1_537000_4142000_classified_point_cloud.laz","2018_MLBS_3_537000_4142000_image.tif","Tree",1,537000,537999.999,4142000,4142999.999
"178",178,537051.658,537061.994,4142194.147,4142203.369,"Silva","NEON_D07_MLBS_DP1_537000_4142000_classified_point_cloud.laz","2018_MLBS_3_537000_4142000_image.tif","Tree",1,537000,537999.999,4142000,4142999.999
"179",179,537031.506,537040.462,4142197.005,4142203.998,"Silva","NEON_D07_MLBS_DP1_537000_4142000_classified_point_cloud.laz","2018_MLBS_3_537000_4142000_image.tif","Tree",1,537000,537999.999,4142000,4142999.999
"180",180,537059.015,537066.989,4142197.034,4142204.998,"Silva","NEON_D07_MLBS_DP1_537000_4142000_classified_point_cloud.laz","2018_MLBS_3_537000_4142000_image.tif","Tree",1,537000,537999.999,4142000,4142999.999
"181",181,537040.504,537049.499,4142200.019,4142208.981,"Silva","NEON_D07_MLBS_DP1_537000_4142000_classified_point_cloud.laz","2018_MLBS_3_537000_4142000_image.tif","Tree",1,537000,537999.999,4142000,4142999.999
"182",182,537077.58,537088.498,4142197.507,4142205.92,"Silva","NEON_D07_MLBS_DP1_537000_4142000_classified_point_cloud.laz","2018_MLBS_3_537000_4142000_image.tif","Tree",1,537000,537999.999,4142000,4142999.999
"183",183,537049.01,537055.984,4142200.035,4142212.987,"Silva","NEON_D07_MLBS_DP1_537000_4142000_classified_point_cloud.laz","2018_MLBS_3_537000_4142000_image.tif","Tree",1,537000,537999.999,4142000,4142999.999
"184",184,537060.521,537068.475,4142202.166,4142207.948,"Silva","NEON_D07_MLBS_DP1_537000_4142000_classified_point_cloud.laz","2018_MLBS_3_537000_4142000_image.tif","Tree",1,537000,537999.999,4142000,4142999.999
"185",185,537068.522,537077.375,4142199.513,4142206.969,"Silva","NEON_D07_MLBS_DP1_537000_4142000_classified_point_cloud.laz","2018_MLBS_3_537000_4142000_image.tif","Tree",1,537000,537999.999,4142000,4142999.999
"186",186,537054.521,537060.988,4142203.108,4142212.493,"Silva","NEON_D07_MLBS_DP1_537000_4142000_classified_point_cloud.laz","2018_MLBS_3_537000_4142000_image.tif","Tree",1,537000,537999.999,4142000,4142999.999
"187",187,537075.268,537081.933,4142200.69,4142208.5,"Silva","NEON_D07_MLBS_DP1_537000_4142000_classified_point_cloud.laz","2018_MLBS_3_537000_4142000_image.tif","Tree",1,537000,537999.999,4142000,4142999.999
"188",188,537082.046,537092.462,4142202.412,4142211.707,"Silva","NEON_D07_MLBS_DP1_537000_4142000_classified_point_cloud.laz","2018_MLBS_3_537000_4142000_image.tif","Tree",1,537000,537999.999,4142000,4142999.999
"189",189,537068.519,537075.469,4142205.509,4142212.496,"Silva","NEON_D07_MLBS_DP1_537000_4142000_classified_point_cloud.laz","2018_MLBS_3_537000_4142000_image.tif","Tree",1,537000,537999.999,4142000,4142999.999
"190",190,537063.546,537069.475,4142205.539,4142213.856,"Silva","NEON_D07_MLBS_DP1_537000_4142000_classified_point_cloud.laz","2018_MLBS_3_537000_4142000_image.tif","Tree",1,537000,537999.999,4142000,4142999.999
"191",191,537035.014,537043.977,4142207.536,4142215.96,"Silva","NEON_D07_MLBS_DP1_537000_4142000_classified_point_cloud.laz","2018_MLBS_3_537000_4142000_image.tif","Tree",1,537000,537999.999,4142000,4142999.999
"192",192,537058.103,537066.89,4142208.007,4142214.498,"Silva","NEON_D07_MLBS_DP1_537000_4142000_classified_point_cloud.laz","2018_MLBS_3_537000_4142000_image.tif","Tree",1,537000,537999.999,4142000,4142999.999
"193",193,537056.762,537066.487,4142212.012,4142219.851,"Silva","NEON_D07_MLBS_DP1_537000_4142000_classified_point_cloud.laz","2018_MLBS_3_537000_4142000_image.tif","Tree",1,537000,537999.999,4142000,4142999.999
"194",194,537082.014,537094.492,4142210.15,4142218.305,"Silva","NEON_D07_MLBS_DP1_537000_4142000_classified_point_cloud.laz","2018_MLBS_3_537000_4142000_image.tif","Tree",1,537000,537999.999,4142000,4142999.999
"195",195,537004.046,537011.791,4142213.007,4142218.98,"Silva","NEON_D07_MLBS_DP1_537000_4142000_classified_point_cloud.laz","2018_MLBS_3_537000_4142000_image.tif","Tree",1,537000,537999.999,4142000,4142999.999
"196",196,537022.027,537031.47,4142209.063,4142220.18,"Silva","NEON_D07_MLBS_DP1_537000_4142000_classified_point_cloud.laz","2018_MLBS_3_537000_4142000_image.tif","Tree",1,537000,537999.999,4142000,4142999.999
"197",197,537014.008,537021.986,4142215.599,4142222.46,"Silva","NEON_D07_MLBS_DP1_537000_4142000_classified_point_cloud.laz","2018_MLBS_3_537000_4142000_image.tif","Tree",1,537000,537999.999,4142000,4142999.999
"198",198,537018.017,537025.471,4142218.722,4142224.496,"Silva","NEON_D07_MLBS_DP1_537000_4142000_classified_point_cloud.laz","2018_MLBS_3_537000_4142000_image.tif","Tree",1,537000,537999.999,4142000,4142999.999
"199",199,537010.519,537018.392,4142220.118,4142227.957,"Silva","NEON_D07_MLBS_DP1_537000_4142000_classified_point_cloud.laz","2018_MLBS_3_537000_4142000_image.tif","Tree",1,537000,537999.999,4142000,4142999.999
"200",200,537025.01,537031.974,4142219.553,4142226.494,"Silva","NEON_D07_MLBS_DP1_537000_4142000_classified_point_cloud.laz","2018_MLBS_3_537000_4142000_image.tif","Tree",1,537000,537999.999,4142000,4142999.999
"201",201,537017.509,537023.482,4142223.563,4142231.93,"Silva","NEON_D07_MLBS_DP1_537000_4142000_classified_point_cloud.laz","2018_MLBS_3_537000_4142000_image.tif","Tree",1,537000,537999.999,4142000,4142999.999
"202",202,537025.504,537032.999,4142225.029,4142231.994,"Silva","NEON_D07_MLBS_DP1_537000_4142000_classified_point_cloud.laz","2018_MLBS_3_537000_4142000_image.tif","Tree",1,537000,537999.999,4142000,4142999.999
"203",203,537000.016,537012.993,4142226.024,4142238.977,"Silva","NEON_D07_MLBS_DP1_537000_4142000_classified_point_cloud.laz","2018_MLBS_3_537000_4142000_image.tif","Tree",1,537000,537999.999,4142000,4142999.999
"204",204,537013.009,537021.457,4142229.512,4142238.966,"Silva","NEON_D07_MLBS_DP1_537000_4142000_classified_point_cloud.laz","2018_MLBS_3_537000_4142000_image.tif","Tree",1,537000,537999.999,4142000,4142999.999
"205",205,537025.625,537033.493,4142232.002,4142241.474,"Silva","NEON_D07_MLBS_DP1_537000_4142000_classified_point_cloud.laz","2018_MLBS_3_537000_4142000_image.tif","Tree",1,537000,537999.999,4142000,4142999.999
"206",206,537000.007,537006.995,4142228.663,4142242.838,"Silva","NEON_D07_MLBS_DP1_537000_4142000_classified_point_cloud.laz","2018_MLBS_3_537000_4142000_image.tif","Tree",1,537000,537999.999,4142000,4142999.999
"207",207,537007.012,537017.343,4142235.523,4142244.445,"Silva","NEON_D07_MLBS_DP1_537000_4142000_classified_point_cloud.laz","2018_MLBS_3_537000_4142000_image.tif","Tree",1,537000,537999.999,4142000,4142999.999
"208",208,537022.003,537028.475,4142232.016,4142241.994,"Silva","NEON_D07_MLBS_DP1_537000_4142000_classified_point_cloud.laz","2018_MLBS_3_537000_4142000_image.tif","Tree",1,537000,537999.999,4142000,4142999.999
"209",209,537000,537006.495,4142241.003,4142249.329,"Silva","NEON_D07_MLBS_DP1_537000_4142000_classified_point_cloud.laz","2018_MLBS_3_537000_4142000_image.tif","Tree",1,537000,537999.999,4142000,4142999.999
"210",210,537024.302,537031.498,4142240.545,4142247.449,"Silva","NEON_D07_MLBS_DP1_537000_4142000_classified_point_cloud.laz","2018_MLBS_3_537000_4142000_image.tif","Tree",1,537000,537999.999,4142000,4142999.999
"211",211,537004.006,537013.485,4142246.1,4142252.986,"Silva","NEON_D07_MLBS_DP1_537000_4142000_classified_point_cloud.laz","2018_MLBS_3_537000_4142000_image.tif","Tree",1,537000,537999.999,4142000,4142999.999
"212",212,537025.068,537031.998,4142274.018,4142286.34,"Silva","NEON_D07_MLBS_DP1_537000_4142000_classified_point_cloud.laz","2018_MLBS_3_537000_4142000_image.tif","Tree",1,537000,537999.999,4142000,4142999.999
"213",213,537016,537028.998,4142270.165,4142280.494,"Silva","NEON_D07_MLBS_DP1_537000_4142000_classified_point_cloud.laz","2018_MLBS_3_537000_4142000_image.tif","Tree",1,537000,537999.999,4142000,4142999.999
"214",214,537004.514,537010.914,4142270.038,4142278.437,"Silva","NEON_D07_MLBS_DP1_537000_4142000_classified_point_cloud.laz","2018_MLBS_3_537000_4142000_image.tif","Tree",1,537000,537999.999,4142000,4142999.999
"215",215,537000.004,537005.972,4142267.088,4142278.483,"Silva","NEON_D07_MLBS_DP1_537000_4142000_classified_point_cloud.laz","2018_MLBS_3_537000_4142000_image.tif","Tree",1,537000,537999.999,4142000,4142999.999
"216",216,537021.503,537029.499,4142266.501,4142273.905,"Silva","NEON_D07_MLBS_DP1_537000_4142000_classified_point_cloud.laz","2018_MLBS_3_537000_4142000_image.tif","Tree",1,537000,537999.999,4142000,4142999.999
"217",217,537005.507,537016.48,4142263.094,4142273.939,"Silva","NEON_D07_MLBS_DP1_537000_4142000_classified_point_cloud.laz","2018_MLBS_3_537000_4142000_image.tif","Tree",1,537000,537999.999,4142000,4142999.999
"218",218,537013.5,537021.982,4142261.001,4142272.992,"Silva","NEON_D07_MLBS_DP1_537000_4142000_classified_point_cloud.laz","2018_MLBS_3_537000_4142000_image.tif","Tree",1,537000,537999.999,4142000,4142999.999
"219",219,537029.039,537031.377,4142259.032,4142259.945,"Silva","NEON_D07_MLBS_DP1_537000_4142000_classified_point_cloud.laz","2018_MLBS_3_537000_4142000_image.tif","Tree",1,537000,537999.999,4142000,4142999.999
"220",220,537000.004,537013.986,4142259.012,4142269.493,"Silva","NEON_D07_MLBS_DP1_537000_4142000_classified_point_cloud.laz","2018_MLBS_3_537000_4142000_image.tif","Tree",1,537000,537999.999,4142000,4142999.999
"221",221,537031.504,537040.897,4142211.529,4142220.975,"Silva","NEON_D07_MLBS_DP1_537000_4142000_classified_point_cloud.laz","2018_MLBS_3_537000_4142000_image.tif","Tree",1,537000,537999.999,4142000,4142999.999
"222",222,537044.02,537052.483,4142214.04,4142222.498,"Silva","NEON_D07_MLBS_DP1_537000_4142000_classified_point_cloud.laz","2018_MLBS_3_537000_4142000_image.tif","Tree",1,537000,537999.999,4142000,4142999.999
"223",223,537052.511,537060.453,4142212.52,4142221.995,"Silva","NEON_D07_MLBS_DP1_537000_4142000_classified_point_cloud.laz","2018_MLBS_3_537000_4142000_image.tif","Tree",1,537000,537999.999,4142000,4142999.999
"224",224,537037.161,537044.993,4142216.004,4142222.977,"Silva","NEON_D07_MLBS_DP1_537000_4142000_classified_point_cloud.laz","2018_MLBS_3_537000_4142000_image.tif","Tree",1,537000,537999.999,4142000,4142999.999
"225",225,537028.001,537035.483,4142215.503,4142223.989,"Silva","NEON_D07_MLBS_DP1_537000_4142000_classified_point_cloud.laz","2018_MLBS_3_537000_4142000_image.tif","Tree",1,537000,537999.999,4142000,4142999.999
"226",226,537049.011,537055.867,4142218.756,4142225.957,"Silva","NEON_D07_MLBS_DP1_537000_4142000_classified_point_cloud.laz","2018_MLBS_3_537000_4142000_image.tif","Tree",1,537000,537999.999,4142000,4142999.999
"227",227,537042.016,537048.998,4142220.087,4142226.465,"Silva","NEON_D07_MLBS_DP1_537000_4142000_classified_point_cloud.laz","2018_MLBS_3_537000_4142000_image.tif","Tree",1,537000,537999.999,4142000,4142999.999
"228",228,537037.008,537042.92,4142222.086,4142228.467,"Silva","NEON_D07_MLBS_DP1_537000_4142000_classified_point_cloud.laz","2018_MLBS_3_537000_4142000_image.tif","Tree",1,537000,537999.999,4142000,4142999.999
"229",229,537032.512,537042.499,4142240.566,4142247.494,"Silva","NEON_D07_MLBS_DP1_537000_4142000_classified_point_cloud.laz","2018_MLBS_3_537000_4142000_image.tif","Tree",1,537000,537999.999,4142000,4142999.999
"230",230,537059.125,537064.96,4142235.59,4142242.582,"Silva","NEON_D07_MLBS_DP1_537000_4142000_classified_point_cloud.laz","2018_MLBS_3_537000_4142000_image.tif","Tree",1,537000,537999.999,4142000,4142999.999
"231",231,537048.566,537055.957,4142234.634,4142240.993,"Silva","NEON_D07_MLBS_DP1_537000_4142000_classified_point_cloud.laz","2018_MLBS_3_537000_4142000_image.tif","Tree",1,537000,537999.999,4142000,4142999.999
"232",232,537056.164,537066.331,4142229.618,4142238.483,"Silva","NEON_D07_MLBS_DP1_537000_4142000_classified_point_cloud.laz","2018_MLBS_3_537000_4142000_image.tif","Tree",1,537000,537999.999,4142000,4142999.999
"233",233,537047.101,537055.381,4142230.01,4142236.466,"Silva","NEON_D07_MLBS_DP1_537000_4142000_classified_point_cloud.laz","2018_MLBS_3_537000_4142000_image.tif","Tree",1,537000,537999.999,4142000,4142999.999
"234",234,537055.003,537062.487,4142228.504,4142236.964,"Silva","NEON_D07_MLBS_DP1_537000_4142000_classified_point_cloud.laz","2018_MLBS_3_537000_4142000_image.tif","Tree",1,537000,537999.999,4142000,4142999.999
"235",235,537043.112,537050.953,4142223.527,4142231.993,"Silva","NEON_D07_MLBS_DP1_537000_4142000_classified_point_cloud.laz","2018_MLBS_3_537000_4142000_image.tif","Tree",1,537000,537999.999,4142000,4142999.999
"236",236,537054.557,537062.499,4142221.503,4142228.495,"Silva","NEON_D07_MLBS_DP1_537000_4142000_classified_point_cloud.laz","2018_MLBS_3_537000_4142000_image.tif","Tree",1,537000,537999.999,4142000,4142999.999
"237",237,537066.508,537072.997,4142213.053,4142221.299,"Silva","NEON_D07_MLBS_DP1_537000_4142000_classified_point_cloud.laz","2018_MLBS_3_537000_4142000_image.tif","Tree",1,537000,537999.999,4142000,4142999.999
"238",238,537081.008,537093.373,4142216.524,4142223.994,"Silva","NEON_D07_MLBS_DP1_537000_4142000_classified_point_cloud.laz","2018_MLBS_3_537000_4142000_image.tif","Tree",1,537000,537999.999,4142000,4142999.999
"239",239,537065.006,537070.481,4142217.199,4142224,"Silva","NEON_D07_MLBS_DP1_537000_4142000_classified_point_cloud.laz","2018_MLBS_3_537000_4142000_image.tif","Tree",1,537000,537999.999,4142000,4142999.999
"240",240,537060.017,537065.991,4142218.516,4142226.988,"Silva","NEON_D07_MLBS_DP1_537000_4142000_classified_point_cloud.laz","2018_MLBS_3_537000_4142000_image.tif","Tree",1,537000,537999.999,4142000,4142999.999
"241",241,537077.017,537088.861,4142237.527,4142247.467,"Silva","NEON_D07_MLBS_DP1_537000_4142000_classified_point_cloud.laz","2018_MLBS_3_537000_4142000_image.tif","Tree",1,537000,537999.999,4142000,4142999.999
"242",242,537067.522,537077.973,4142232.508,4142243.5,"Silva","NEON_D07_MLBS_DP1_537000_4142000_classified_point_cloud.laz","2018_MLBS_3_537000_4142000_image.tif","Tree",1,537000,537999.999,4142000,4142999.999
"243",243,537080.012,537089.969,4142229.508,4142237.991,"Silva","NEON_D07_MLBS_DP1_537000_4142000_classified_point_cloud.laz","2018_MLBS_3_537000_4142000_image.tif","Tree",1,537000,537999.999,4142000,4142999.999
"244",244,537068.63,537079.993,4142228.555,4142239.985,"Silva","NEON_D07_MLBS_DP1_537000_4142000_classified_point_cloud.laz","2018_MLBS_3_537000_4142000_image.tif","Tree",1,537000,537999.999,4142000,4142999.999
"245",245,537083.557,537093.487,4142224.006,4142233.491,"Silva","NEON_D07_MLBS_DP1_537000_4142000_classified_point_cloud.laz","2018_MLBS_3_537000_4142000_image.tif","Tree",1,537000,537999.999,4142000,4142999.999
"246",246,537074.501,537084.929,4142218.565,4142231.88,"Silva","NEON_D07_MLBS_DP1_537000_4142000_classified_point_cloud.laz","2018_MLBS_3_537000_4142000_image.tif","Tree",1,537000,537999.999,4142000,4142999.999
"247",247,537062.05,537072.491,4142224.015,4142232.938,"Silva","NEON_D07_MLBS_DP1_537000_4142000_classified_point_cloud.laz","2018_MLBS_3_537000_4142000_image.tif","Tree",1,537000,537999.999,4142000,4142999.999
"248",248,537070.526,537079.474,4142219.016,4142228.495,"Silva","NEON_D07_MLBS_DP1_537000_4142000_classified_point_cloud.laz","2018_MLBS_3_537000_4142000_image.tif","Tree",1,537000,537999.999,4142000,4142999.999
"249",249,537040.012,537049.497,4142262.517,4142272.809,"Silva","NEON_D07_MLBS_DP1_537000_4142000_classified_point_cloud.laz","2018_MLBS_3_537000_4142000_image.tif","Tree",1,537000,537999.999,4142000,4142999.999
"250",250,537054.526,537063.997,4142263.552,4142274.475,"Silva","NEON_D07_MLBS_DP1_537000_4142000_classified_point_cloud.laz","2018_MLBS_3_537000_4142000_image.tif","Tree",1,537000,537999.999,4142000,4142999.999
"251",251,537034.002,537040.495,4142275.031,4142287.831,"Silva","NEON_D07_MLBS_DP1_537000_4142000_classified_point_cloud.laz","2018_MLBS_3_537000_4142000_image.tif","Tree",1,537000,537999.999,4142000,4142999.999
"252",252,537079.012,537087.498,4142246.508,4142254.499,"Silva","NEON_D07_MLBS_DP1_537000_4142000_classified_point_cloud.laz","2018_MLBS_3_537000_4142000_image.tif","Tree",1,537000,537999.999,4142000,4142999.999
"253",253,537069.623,537076.475,4142252.016,4142256.98,"Silva","NEON_D07_MLBS_DP1_537000_4142000_classified_point_cloud.laz","2018_MLBS_3_537000_4142000_image.tif","Tree",1,537000,537999.999,4142000,4142999.999
"254",254,537062.242,537069.497,4142264.507,4142277.477,"Silva","NEON_D07_MLBS_DP1_537000_4142000_classified_point_cloud.laz","2018_MLBS_3_537000_4142000_image.tif","Tree",1,537000,537999.999,4142000,4142999.999
"255",255,537092.549,537099.996,4142269.001,4142279.49,"Silva","NEON_D07_MLBS_DP1_537000_4142000_classified_point_cloud.laz","2018_MLBS_3_537000_4142000_image.tif","Tree",1,537000,537999.999,4142000,4142999.999
"256",256,537079.004,537090.496,4142274.01,4142284.492,"Silva","NEON_D07_MLBS_DP1_537000_4142000_classified_point_cloud.laz","2018_MLBS_3_537000_4142000_image.tif","Tree",1,537000,537999.999,4142000,4142999.999
"257",257,537062.006,537071.975,4142248.505,4142255.387,"Silva","NEON_D07_MLBS_DP1_537000_4142000_classified_point_cloud.laz","2018_MLBS_3_537000_4142000_image.tif","Tree",1,537000,537999.999,4142000,4142999.999
"258",258,537071.01,537078.992,4142243.555,4142253.468,"Silva","NEON_D07_MLBS_DP1_537000_4142000_classified_point_cloud.laz","2018_MLBS_3_537000_4142000_image.tif","Tree",1,537000,537999.999,4142000,4142999.999
"259",259,537086.515,537095.495,4142242.019,4142249.491,"Silva","NEON_D07_MLBS_DP1_537000_4142000_classified_point_cloud.laz","2018_MLBS_3_537000_4142000_image.tif","Tree",1,537000,537999.999,4142000,4142999.999
"260",260,537083.05,537093.99,4142269.568,4142282.47,"Silva","NEON_D07_MLBS_DP1_537000_4142000_classified_point_cloud.laz","2018_MLBS_3_537000_4142000_image.tif","Tree",1,537000,537999.999,4142000,4142999.999
"261",261,537086.506,537099.481,4142264.506,4142274.447,"Silva","NEON_D07_MLBS_DP1_537000_4142000_classified_point_cloud.laz","2018_MLBS_3_537000_4142000_image.tif","Tree",1,537000,537999.999,4142000,4142999.999
"262",262,537077.017,537086.496,4142263.508,4142274,"Silva","NEON_D07_MLBS_DP1_537000_4142000_classified_point_cloud.laz","2018_MLBS_3_537000_4142000_image.tif","Tree",1,537000,537999.999,4142000,4142999.999
"263",263,537087.506,537098.489,4142249.503,4142255.999,"Silva","NEON_D07_MLBS_DP1_537000_4142000_classified_point_cloud.laz","2018_MLBS_3_537000_4142000_image.tif","Tree",1,537000,537999.999,4142000,4142999.999
"264",264,537006.036,537017.495,4142279.524,4142286.788,"Silva","NEON_D07_MLBS_DP1_537000_4142000_classified_point_cloud.laz","2018_MLBS_3_537000_4142000_image.tif","Tree",1,537000,537999.999,4142000,4142999.999
"265",265,537016.096,537026.952,4142284.515,4142291.497,"Silva","NEON_D07_MLBS_DP1_537000_4142000_classified_point_cloud.laz","2018_MLBS_3_537000_4142000_image.tif","Tree",1,537000,537999.999,4142000,4142999.999
"266",266,537023.53,537032.997,4142286.517,4142296.864,"Silva","NEON_D07_MLBS_DP1_537000_4142000_classified_point_cloud.laz","2018_MLBS_3_537000_4142000_image.tif","Tree",1,537000,537999.999,4142000,4142999.999
"267",267,537013,537017.491,4142287.019,4142296.499,"Silva","NEON_D07_MLBS_DP1_537000_4142000_classified_point_cloud.laz","2018_MLBS_3_537000_4142000_image.tif","Tree",1,537000,537999.999,4142000,4142999.999
"268",268,537020.516,537027.481,4142291.536,4142298.41,"Silva","NEON_D07_MLBS_DP1_537000_4142000_classified_point_cloud.laz","2018_MLBS_3_537000_4142000_image.tif","Tree",1,537000,537999.999,4142000,4142999.999
"269",269,537018.019,537027.477,4142297.509,4142302.497,"Silva","NEON_D07_MLBS_DP1_537000_4142000_classified_point_cloud.laz","2018_MLBS_3_537000_4142000_image.tif","Tree",1,537000,537999.999,4142000,4142999.999
"270",270,537010.532,537021.966,4142304.11,4142313.497,"Silva","NEON_D07_MLBS_DP1_537000_4142000_classified_point_cloud.laz","2018_MLBS_3_537000_4142000_image.tif","Tree",1,537000,537999.999,4142000,4142999.999
"271",271,537000.019,537007.993,4142313.51,4142322.48,"Silva","NEON_D07_MLBS_DP1_537000_4142000_classified_point_cloud.laz","2018_MLBS_3_537000_4142000_image.tif","Tree",1,537000,537999.999,4142000,4142999.999
"272",272,537006.039,537015.72,4142316.025,4142326.473,"Silva","NEON_D07_MLBS_DP1_537000_4142000_classified_point_cloud.laz","2018_MLBS_3_537000_4142000_image.tif","Tree",1,537000,537999.999,4142000,4142999.999
"273",273,537006.04,537015.423,4142333.017,4142340.979,"Silva","NEON_D07_MLBS_DP1_537000_4142000_classified_point_cloud.laz","2018_MLBS_3_537000_4142000_image.tif","Tree",1,537000,537999.999,4142000,4142999.999
"274",274,537020.009,537029.953,4142331.503,4142339.495,"Silva","NEON_D07_MLBS_DP1_537000_4142000_classified_point_cloud.laz","2018_MLBS_3_537000_4142000_image.tif","Tree",1,537000,537999.999,4142000,4142999.999
"275",275,537016.528,537027.595,4142336.508,4142346.814,"Silva","NEON_D07_MLBS_DP1_537000_4142000_classified_point_cloud.laz","2018_MLBS_3_537000_4142000_image.tif","Tree",1,537000,537999.999,4142000,4142999.999
"276",276,537010.02,537016.483,4142339.061,4142351.468,"Silva","NEON_D07_MLBS_DP1_537000_4142000_classified_point_cloud.laz","2018_MLBS_3_537000_4142000_image.tif","Tree",1,537000,537999.999,4142000,4142999.999
"277",277,537015.527,537021.987,4142340.018,4142351.431,"Silva","NEON_D07_MLBS_DP1_537000_4142000_classified_point_cloud.laz","2018_MLBS_3_537000_4142000_image.tif","Tree",1,537000,537999.999,4142000,4142999.999
"278",278,537043.501,537051.84,4142278.525,4142286.426,"Silva","NEON_D07_MLBS_DP1_537000_4142000_classified_point_cloud.laz","2018_MLBS_3_537000_4142000_image.tif","Tree",1,537000,537999.999,4142000,4142999.999
"279",279,537064.513,537074.993,4142285.63,4142293.986,"Silva","NEON_D07_MLBS_DP1_537000_4142000_classified_point_cloud.laz","2018_MLBS_3_537000_4142000_image.tif","Tree",1,537000,537999.999,4142000,4142999.999
"280",280,537053.752,537064.911,4142288.011,4142295.986,"Silva","NEON_D07_MLBS_DP1_537000_4142000_classified_point_cloud.laz","2018_MLBS_3_537000_4142000_image.tif","Tree",1,537000,537999.999,4142000,4142999.999
"281",281,537039.012,537049.433,4142291.052,4142301.426,"Silva","NEON_D07_MLBS_DP1_537000_4142000_classified_point_cloud.laz","2018_MLBS_3_537000_4142000_image.tif","Tree",1,537000,537999.999,4142000,4142999.999
"282",282,537064.569,537074.467,4142292.052,4142300.282,"Silva","NEON_D07_MLBS_DP1_537000_4142000_classified_point_cloud.laz","2018_MLBS_3_537000_4142000_image.tif","Tree",1,537000,537999.999,4142000,4142999.999
"283",283,537040.519,537052.7,4142295.025,4142305.499,"Silva","NEON_D07_MLBS_DP1_537000_4142000_classified_point_cloud.laz","2018_MLBS_3_537000_4142000_image.tif","Tree",1,537000,537999.999,4142000,4142999.999
"284",284,537057.015,537065.498,4142293.516,4142302.979,"Silva","NEON_D07_MLBS_DP1_537000_4142000_classified_point_cloud.laz","2018_MLBS_3_537000_4142000_image.tif","Tree",1,537000,537999.999,4142000,4142999.999
"285",285,537069.019,537074.991,4142297.01,4142305.459,"Silva","NEON_D07_MLBS_DP1_537000_4142000_classified_point_cloud.laz","2018_MLBS_3_537000_4142000_image.tif","Tree",1,537000,537999.999,4142000,4142999.999
"286",286,537063.013,537072.982,4142299.532,4142309.843,"Silva","NEON_D07_MLBS_DP1_537000_4142000_classified_point_cloud.laz","2018_MLBS_3_537000_4142000_image.tif","Tree",1,537000,537999.999,4142000,4142999.999
"287",287,537052.042,537061.489,4142305.028,4142309.964,"Silva","NEON_D07_MLBS_DP1_537000_4142000_classified_point_cloud.laz","2018_MLBS_3_537000_4142000_image.tif","Tree",1,537000,537999.999,4142000,4142999.999
"288",288,537060.502,537069.988,4142303.119,4142315.494,"Silva","NEON_D07_MLBS_DP1_537000_4142000_classified_point_cloud.laz","2018_MLBS_3_537000_4142000_image.tif","Tree",1,537000,537999.999,4142000,4142999.999
"289",289,537034.032,537044.464,4142306.007,4142315.499,"Silva","NEON_D07_MLBS_DP1_537000_4142000_classified_point_cloud.laz","2018_MLBS_3_537000_4142000_image.tif","Tree",1,537000,537999.999,4142000,4142999.999
"290",290,537091.501,537100.488,4142302.518,4142311.998,"Silva","NEON_D07_MLBS_DP1_537000_4142000_classified_point_cloud.laz","2018_MLBS_3_537000_4142000_image.tif","Tree",1,537000,537999.999,4142000,4142999.999
"291",291,537056.503,537065.983,4142309.543,4142316.975,"Silva","NEON_D07_MLBS_DP1_537000_4142000_classified_point_cloud.laz","2018_MLBS_3_537000_4142000_image.tif","Tree",1,537000,537999.999,4142000,4142999.999
"292",292,537026.504,537033.471,4142317.072,4142322.996,"Silva","NEON_D07_MLBS_DP1_537000_4142000_classified_point_cloud.laz","2018_MLBS_3_537000_4142000_image.tif","Tree",1,537000,537999.999,4142000,4142999.999
"293",293,537066.009,537077.491,4142309.026,4142322.976,"Silva","NEON_D07_MLBS_DP1_537000_4142000_classified_point_cloud.laz","2018_MLBS_3_537000_4142000_image.tif","Tree",1,537000,537999.999,4142000,4142999.999
"294",294,537037.034,537049.47,4142318.013,4142326.933,"Silva","NEON_D07_MLBS_DP1_537000_4142000_classified_point_cloud.laz","2018_MLBS_3_537000_4142000_image.tif","Tree",1,537000,537999.999,4142000,4142999.999
"295",295,537051.575,537066.481,4142316.032,4142326.456,"Silva","NEON_D07_MLBS_DP1_537000_4142000_classified_point_cloud.laz","2018_MLBS_3_537000_4142000_image.tif","Tree",1,537000,537999.999,4142000,4142999.999
"296",296,537046.536,537058.436,4142322.147,4142335.498,"Silva","NEON_D07_MLBS_DP1_537000_4142000_classified_point_cloud.laz","2018_MLBS_3_537000_4142000_image.tif","Tree",1,537000,537999.999,4142000,4142999.999
"297",297,537027.516,537037.982,4142341.514,4142349.966,"Silva","NEON_D07_MLBS_DP1_537000_4142000_classified_point_cloud.laz","2018_MLBS_3_537000_4142000_image.tif","Tree",1,537000,537999.999,4142000,4142999.999
"298",298,537064.215,537074.446,4142332.507,4142342.5,"Silva","NEON_D07_MLBS_DP1_537000_4142000_classified_point_cloud.laz","2018_MLBS_3_537000_4142000_image.tif","Tree",1,537000,537999.999,4142000,4142999.999
"299",299,537048.511,537054.478,4142336.736,4142346.49,"Silva","NEON_D07_MLBS_DP1_537000_4142000_classified_point_cloud.laz","2018_MLBS_3_537000_4142000_image.tif","Tree",1,537000,537999.999,4142000,4142999.999
"300",300,537045,537050.465,4142340.013,4142346.497,"Silva","NEON_D07_MLBS_DP1_537000_4142000_classified_point_cloud.laz","2018_MLBS_3_537000_4142000_image.tif","Tree",1,537000,537999.999,4142000,4142999.999
"301",301,537054.1,537062.469,4142341.061,4142345.488,"Silva","NEON_D07_MLBS_DP1_537000_4142000_classified_point_cloud.laz","2018_MLBS_3_537000_4142000_image.tif","Tree",1,537000,537999.999,4142000,4142999.999
"302",302,537053.549,537060.995,4142344.561,4142353.342,"Silva","NEON_D07_MLBS_DP1_537000_4142000_classified_point_cloud.laz","2018_MLBS_3_537000_4142000_image.tif","Tree",1,537000,537999.999,4142000,4142999.999
"303",303,537018.51,537027.997,4142366.004,4142376.98,"Silva","NEON_D07_MLBS_DP1_537000_4142000_classified_point_cloud.laz","2018_MLBS_3_537000_4142000_image.tif","Tree",1,537000,537999.999,4142000,4142999.999
"304",304,537020.022,537029.39,4142351.597,4142359.498,"Silva","NEON_D07_MLBS_DP1_537000_4142000_classified_point_cloud.laz","2018_MLBS_3_537000_4142000_image.tif","Tree",1,537000,537999.999,4142000,4142999.999
"305",305,537020.008,537031.938,4142345.112,4142353.494,"Silva","NEON_D07_MLBS_DP1_537000_4142000_classified_point_cloud.laz","2018_MLBS_3_537000_4142000_image.tif","Tree",1,537000,537999.999,4142000,4142999.999
"306",306,537022,537034.456,4142375.03,4142389.355,"Silva","NEON_D07_MLBS_DP1_537000_4142000_classified_point_cloud.laz","2018_MLBS_3_537000_4142000_image.tif","Tree",1,537000,537999.999,4142000,4142999.999
"307",307,537000.003,537011.388,4142368.003,4142378.49,"Silva","NEON_D07_MLBS_DP1_537000_4142000_classified_point_cloud.laz","2018_MLBS_3_537000_4142000_image.tif","Tree",1,537000,537999.999,4142000,4142999.999
"308",308,537008.521,537018.98,4142364.023,4142376.994,"Silva","NEON_D07_MLBS_DP1_537000_4142000_classified_point_cloud.laz","2018_MLBS_3_537000_4142000_image.tif","Tree",1,537000,537999.999,4142000,4142999.999
"309",309,537000.001,537011.962,4142361.124,4142368,"Silva","NEON_D07_MLBS_DP1_537000_4142000_classified_point_cloud.laz","2018_MLBS_3_537000_4142000_image.tif","Tree",1,537000,537999.999,4142000,4142999.999
"310",310,537000,537007.327,4142357.009,4142364.495,"Silva","NEON_D07_MLBS_DP1_537000_4142000_classified_point_cloud.laz","2018_MLBS_3_537000_4142000_image.tif","Tree",1,537000,537999.999,4142000,4142999.999
"311",311,537015.008,537020.958,4142351.032,4142357.991,"Silva","NEON_D07_MLBS_DP1_537000_4142000_classified_point_cloud.laz","2018_MLBS_3_537000_4142000_image.tif","Tree",1,537000,537999.999,4142000,4142999.999
"312",312,537009.082,537014.992,4142351.014,4142359.496,"Silva","NEON_D07_MLBS_DP1_537000_4142000_classified_point_cloud.laz","2018_MLBS_3_537000_4142000_image.tif","Tree",1,537000,537999.999,4142000,4142999.999
"313",313,537006.038,537017.46,4142410.01,4142417.966,"Silva","NEON_D07_MLBS_DP1_537000_4142000_classified_point_cloud.laz","2018_MLBS_3_537000_4142000_image.tif","Tree",1,537000,537999.999,4142000,4142999.999
"314",314,537004.501,537017.959,4142402.518,4142410.962,"Silva","NEON_D07_MLBS_DP1_537000_4142000_classified_point_cloud.laz","2018_MLBS_3_537000_4142000_image.tif","Tree",1,537000,537999.999,4142000,4142999.999
"315",315,537000.008,537007.383,4142397.556,4142408.813,"Silva","NEON_D07_MLBS_DP1_537000_4142000_classified_point_cloud.laz","2018_MLBS_3_537000_4142000_image.tif","Tree",1,537000,537999.999,4142000,4142999.999
"316",316,537016.544,537027.892,4142395.56,4142402.93,"Silva","NEON_D07_MLBS_DP1_537000_4142000_classified_point_cloud.laz","2018_MLBS_3_537000_4142000_image.tif","Tree",1,537000,537999.999,4142000,4142999.999
"317",317,537016.015,537026.46,4142388.041,4142401.893,"Silva","NEON_D07_MLBS_DP1_537000_4142000_classified_point_cloud.laz","2018_MLBS_3_537000_4142000_image.tif","Tree",1,537000,537999.999,4142000,4142999.999
"318",318,537009.52,537021.491,4142386.576,4142395.969,"Silva","NEON_D07_MLBS_DP1_537000_4142000_classified_point_cloud.laz","2018_MLBS_3_537000_4142000_image.tif","Tree",1,537000,537999.999,4142000,4142999.999
"319",319,537000.006,537002.961,4142387.518,4142395.405,"Silva","NEON_D07_MLBS_DP1_537000_4142000_classified_point_cloud.laz","2018_MLBS_3_537000_4142000_image.tif","Tree",1,537000,537999.999,4142000,4142999.999
"320",320,537042.036,537050.972,4142346.502,4142356.951,"Silva","NEON_D07_MLBS_DP1_537000_4142000_classified_point_cloud.laz","2018_MLBS_3_537000_4142000_image.tif","Tree",1,537000,537999.999,4142000,4142999.999
"321",321,537050.043,537058.462,4142346.504,4142353.836,"Silva","NEON_D07_MLBS_DP1_537000_4142000_classified_point_cloud.laz","2018_MLBS_3_537000_4142000_image.tif","Tree",1,537000,537999.999,4142000,4142999.999
"322",322,537044.037,537053.993,4142351.004,4142356.997,"Silva","NEON_D07_MLBS_DP1_537000_4142000_classified_point_cloud.laz","2018_MLBS_3_537000_4142000_image.tif","Tree",1,537000,537999.999,4142000,4142999.999
"323",323,537044.067,537053.473,4142356.505,4142362.411,"Silva","NEON_D07_MLBS_DP1_537000_4142000_classified_point_cloud.laz","2018_MLBS_3_537000_4142000_image.tif","Tree",1,537000,537999.999,4142000,4142999.999
"324",324,537035.57,537045.935,4142369.007,4142378.484,"Silva","NEON_D07_MLBS_DP1_537000_4142000_classified_point_cloud.laz","2018_MLBS_3_537000_4142000_image.tif","Tree",1,537000,537999.999,4142000,4142999.999
"325",325,537032.089,537042.456,4142373.502,4142383.984,"Silva","NEON_D07_MLBS_DP1_537000_4142000_classified_point_cloud.laz","2018_MLBS_3_537000_4142000_image.tif","Tree",1,537000,537999.999,4142000,4142999.999
"326",326,537050.029,537058.963,4142364.029,4142374.989,"Silva","NEON_D07_MLBS_DP1_537000_4142000_classified_point_cloud.laz","2018_MLBS_3_537000_4142000_image.tif","Tree",1,537000,537999.999,4142000,4142999.999
"327",327,537026.521,537035.995,4142364.001,4142375.489,"Silva","NEON_D07_MLBS_DP1_537000_4142000_classified_point_cloud.laz","2018_MLBS_3_537000_4142000_image.tif","Tree",1,537000,537999.999,4142000,4142999.999
"328",328,537032.626,537040.99,4142363.007,4142372.427,"Silva","NEON_D07_MLBS_DP1_537000_4142000_classified_point_cloud.laz","2018_MLBS_3_537000_4142000_image.tif","Tree",1,537000,537999.999,4142000,4142999.999
"329",329,537068.048,537075.997,4142349.57,4142358.467,"Silva","NEON_D07_MLBS_DP1_537000_4142000_classified_point_cloud.laz","2018_MLBS_3_537000_4142000_image.tif","Tree",1,537000,537999.999,4142000,4142999.999
"330",330,537075.108,537080.487,4142347.501,4142358.495,"Silva","NEON_D07_MLBS_DP1_537000_4142000_classified_point_cloud.laz","2018_MLBS_3_537000_4142000_image.tif","Tree",1,537000,537999.999,4142000,4142999.999
"331",331,537067.526,537079.49,4142364.576,4142376.483,"Silva","NEON_D07_MLBS_DP1_537000_4142000_classified_point_cloud.laz","2018_MLBS_3_537000_4142000_image.tif","Tree",1,537000,537999.999,4142000,4142999.999
"332",332,537067.507,537078.986,4142357.503,4142365.486,"Silva","NEON_D07_MLBS_DP1_537000_4142000_classified_point_cloud.laz","2018_MLBS_3_537000_4142000_image.tif","Tree",1,537000,537999.999,4142000,4142999.999
"333",333,537057.505,537064.992,4142384.552,4142391.481,"Silva","NEON_D07_MLBS_DP1_537000_4142000_classified_point_cloud.laz","2018_MLBS_3_537000_4142000_image.tif","Tree",1,537000,537999.999,4142000,4142999.999
"334",334,537060.025,537071.947,4142403.103,4142409.986,"Silva","NEON_D07_MLBS_DP1_537000_4142000_classified_point_cloud.laz","2018_MLBS_3_537000_4142000_image.tif","Tree",1,537000,537999.999,4142000,4142999.999
"335",335,537050.638,537058.169,4142359.006,4142364.491,"Silva","NEON_D07_MLBS_DP1_537000_4142000_classified_point_cloud.laz","2018_MLBS_3_537000_4142000_image.tif","Tree",1,537000,537999.999,4142000,4142999.999
"336",336,537031.237,537040.82,4142354.025,4142364.473,"Silva","NEON_D07_MLBS_DP1_537000_4142000_classified_point_cloud.laz","2018_MLBS_3_537000_4142000_image.tif","Tree",1,537000,537999.999,4142000,4142999.999
"337",337,537052.546,537062.456,4142353.043,4142359.99,"Silva","NEON_D07_MLBS_DP1_537000_4142000_classified_point_cloud.laz","2018_MLBS_3_537000_4142000_image.tif","Tree",1,537000,537999.999,4142000,4142999.999
"338",338,537054.012,537068.955,4142371.078,4142380.496,"Silva","NEON_D07_MLBS_DP1_537000_4142000_classified_point_cloud.laz","2018_MLBS_3_537000_4142000_image.tif","Tree",1,537000,537999.999,4142000,4142999.999
"339",339,537058.529,537068.973,4142364.004,4142372.439,"Silva","NEON_D07_MLBS_DP1_537000_4142000_classified_point_cloud.laz","2018_MLBS_3_537000_4142000_image.tif","Tree",1,537000,537999.999,4142000,4142999.999
"340",340,537042.029,537050.485,4142362.52,4142372.498,"Silva","NEON_D07_MLBS_DP1_537000_4142000_classified_point_cloud.laz","2018_MLBS_3_537000_4142000_image.tif","Tree",1,537000,537999.999,4142000,4142999.999
"341",341,537045.518,537052.991,4142361.072,4142369.997,"Silva","NEON_D07_MLBS_DP1_537000_4142000_classified_point_cloud.laz","2018_MLBS_3_537000_4142000_image.tif","Tree",1,537000,537999.999,4142000,4142999.999
"342",342,537057,537068.498,4142355.695,4142366.496,"Silva","NEON_D07_MLBS_DP1_537000_4142000_classified_point_cloud.laz","2018_MLBS_3_537000_4142000_image.tif","Tree",1,537000,537999.999,4142000,4142999.999
"343",343,537037.5,537045.989,4142356.056,4142368.995,"Silva","NEON_D07_MLBS_DP1_537000_4142000_classified_point_cloud.laz","2018_MLBS_3_537000_4142000_image.tif","Tree",1,537000,537999.999,4142000,4142999.999
"344",344,537088.014,537093.995,4142360.527,4142369.461,"Silva","NEON_D07_MLBS_DP1_537000_4142000_classified_point_cloud.laz","2018_MLBS_3_537000_4142000_image.tif","Tree",1,537000,537999.999,4142000,4142999.999
"345",345,537072.024,537082.968,4142372.022,4142382.993,"Silva","NEON_D07_MLBS_DP1_537000_4142000_classified_point_cloud.laz","2018_MLBS_3_537000_4142000_image.tif","Tree",1,537000,537999.999,4142000,4142999.999
"346",346,537083.027,537091.993,4142353.505,4142361,"Silva","NEON_D07_MLBS_DP1_537000_4142000_classified_point_cloud.laz","2018_MLBS_3_537000_4142000_image.tif","Tree",1,537000,537999.999,4142000,4142999.999
"347",347,537046.517,537053.999,4142408.599,4142415.495,"Silva","NEON_D07_MLBS_DP1_537000_4142000_classified_point_cloud.laz","2018_MLBS_3_537000_4142000_image.tif","Tree",1,537000,537999.999,4142000,4142999.999
"348",348,537052.056,537060.959,4142404.505,4142413.9,"Silva","NEON_D07_MLBS_DP1_537000_4142000_classified_point_cloud.laz","2018_MLBS_3_537000_4142000_image.tif","Tree",1,537000,537999.999,4142000,4142999.999
"349",349,537045.576,537052.489,4142406.015,4142410.432,"Silva","NEON_D07_MLBS_DP1_537000_4142000_classified_point_cloud.laz","2018_MLBS_3_537000_4142000_image.tif","Tree",1,537000,537999.999,4142000,4142999.999
"350",350,537028.53,537037.995,4142405.001,4142416.985,"Silva","NEON_D07_MLBS_DP1_537000_4142000_classified_point_cloud.laz","2018_MLBS_3_537000_4142000_image.tif","Tree",1,537000,537999.999,4142000,4142999.999
"351",351,537051.01,537061.908,4142395.01,4142404.998,"Silva","NEON_D07_MLBS_DP1_537000_4142000_classified_point_cloud.laz","2018_MLBS_3_537000_4142000_image.tif","Tree",1,537000,537999.999,4142000,4142999.999
"352",352,537035.001,537041.945,4142398.514,4142406.958,"Silva","NEON_D07_MLBS_DP1_537000_4142000_classified_point_cloud.laz","2018_MLBS_3_537000_4142000_image.tif","Tree",1,537000,537999.999,4142000,4142999.999
"353",353,537040.516,537051.477,4142395.553,4142403.423,"Silva","NEON_D07_MLBS_DP1_537000_4142000_classified_point_cloud.laz","2018_MLBS_3_537000_4142000_image.tif","Tree",1,537000,537999.999,4142000,4142999.999
"354",354,537031.131,537040.916,4142391.003,4142398.494,"Silva","NEON_D07_MLBS_DP1_537000_4142000_classified_point_cloud.laz","2018_MLBS_3_537000_4142000_image.tif","Tree",1,537000,537999.999,4142000,4142999.999
"355",355,537037.526,537043.426,4142385.517,4142394.743,"Silva","NEON_D07_MLBS_DP1_537000_4142000_classified_point_cloud.laz","2018_MLBS_3_537000_4142000_image.tif","Tree",1,537000,537999.999,4142000,4142999.999
"356",356,537049.009,537058.977,4142380.268,4142389.492,"Silva","NEON_D07_MLBS_DP1_537000_4142000_classified_point_cloud.laz","2018_MLBS_3_537000_4142000_image.tif","Tree",1,537000,537999.999,4142000,4142999.999
"357",357,537041.501,537049.377,4142386.016,4142391.419,"Silva","NEON_D07_MLBS_DP1_537000_4142000_classified_point_cloud.laz","2018_MLBS_3_537000_4142000_image.tif","Tree",1,537000,537999.999,4142000,4142999.999
"358",358,537046.734,537055.998,4142374.834,4142384.989,"Silva","NEON_D07_MLBS_DP1_537000_4142000_classified_point_cloud.laz","2018_MLBS_3_537000_4142000_image.tif","Tree",1,537000,537999.999,4142000,4142999.999
"359",359,537039.613,537049.49,4142379.507,4142386,"Silva","NEON_D07_MLBS_DP1_537000_4142000_classified_point_cloud.laz","2018_MLBS_3_537000_4142000_image.tif","Tree",1,537000,537999.999,4142000,4142999.999
"360",360,537084.647,537093.483,4142402.006,4142410.325,"Silva","NEON_D07_MLBS_DP1_537000_4142000_classified_point_cloud.laz","2018_MLBS_3_537000_4142000_image.tif","Tree",1,537000,537999.999,4142000,4142999.999
"361",361,537068.513,537078.297,4142376.503,4142387.986,"Silva","NEON_D07_MLBS_DP1_537000_4142000_classified_point_cloud.laz","2018_MLBS_3_537000_4142000_image.tif","Tree",1,537000,537999.999,4142000,4142999.999
"362",362,537057.523,537068.998,4142376.52,4142385.99,"Silva","NEON_D07_MLBS_DP1_537000_4142000_classified_point_cloud.laz","2018_MLBS_3_537000_4142000_image.tif","Tree",1,537000,537999.999,4142000,4142999.999
"363",363,537091.015,537102.418,4142166.012,4142176.214,"Silva","NEON_D07_MLBS_DP1_537000_4142000_classified_point_cloud.laz","2018_MLBS_3_537000_4142000_image.tif","Tree",1,537000,537999.999,4142000,4142999.999
"364",364,537102,537111.992,4142188.515,4142199.455,"Silva","NEON_D07_MLBS_DP1_537000_4142000_classified_point_cloud.laz","2018_MLBS_3_537000_4142000_image.tif","Tree",1,537000,537999.999,4142000,4142999.999
"365",365,537094.503,537104.304,4142212.511,4142221.437,"Silva","NEON_D07_MLBS_DP1_537000_4142000_classified_point_cloud.laz","2018_MLBS_3_537000_4142000_image.tif","Tree",1,537000,537999.999,4142000,4142999.999
"366",366,537091.515,537102.978,4142219.881,4142228.993,"Silva","NEON_D07_MLBS_DP1_537000_4142000_classified_point_cloud.laz","2018_MLBS_3_537000_4142000_image.tif","Tree",1,537000,537999.999,4142000,4142999.999
"367",367,537100.023,537110.976,4142249.506,4142255.499,"Silva","NEON_D07_MLBS_DP1_537000_4142000_classified_point_cloud.laz","2018_MLBS_3_537000_4142000_image.tif","Tree",1,537000,537999.999,4142000,4142999.999
"368",368,537098.554,537106.994,4142244.539,4142252.973,"Silva","NEON_D07_MLBS_DP1_537000_4142000_classified_point_cloud.laz","2018_MLBS_3_537000_4142000_image.tif","Tree",1,537000,537999.999,4142000,4142999.999
"369",369,537095.054,537102.491,4142242.523,4142251.937,"Silva","NEON_D07_MLBS_DP1_537000_4142000_classified_point_cloud.laz","2018_MLBS_3_537000_4142000_image.tif","Tree",1,537000,537999.999,4142000,4142999.999
"370",370,537093.51,537102.975,4142238.006,4142244.487,"Silva","NEON_D07_MLBS_DP1_537000_4142000_classified_point_cloud.laz","2018_MLBS_3_537000_4142000_image.tif","Tree",1,537000,537999.999,4142000,4142999.999
"371",371,537098.577,537106.971,4142227.019,4142238.488,"Silva","NEON_D07_MLBS_DP1_537000_4142000_classified_point_cloud.laz","2018_MLBS_3_537000_4142000_image.tif","Tree",1,537000,537999.999,4142000,4142999.999
"372",372,537092.018,537098.999,4142229.023,4142237.999,"Silva","NEON_D07_MLBS_DP1_537000_4142000_classified_point_cloud.laz","2018_MLBS_3_537000_4142000_image.tif","Tree",1,537000,537999.999,4142000,4142999.999
"373",373,537094.003,537101.989,4142289.677,4142296.998,"Silva","NEON_D07_MLBS_DP1_537000_4142000_classified_point_cloud.laz","2018_MLBS_3_537000_4142000_image.tif","Tree",1,537000,537999.999,4142000,4142999.999
"374",374,537101.504,537109.979,4142289.507,4142298.474,"Silva","NEON_D07_MLBS_DP1_537000_4142000_classified_point_cloud.laz","2018_MLBS_3_537000_4142000_image.tif","Tree",1,537000,537999.999,4142000,4142999.999
"375",375,537093.084,537102.497,4142296.52,4142303.989,"Silva","NEON_D07_MLBS_DP1_537000_4142000_classified_point_cloud.laz","2018_MLBS_3_537000_4142000_image.tif","Tree",1,537000,537999.999,4142000,4142999.999
"376",376,537103.577,537111.403,4142335.522,4142346.45,"Silva","NEON_D07_MLBS_DP1_537000_4142000_classified_point_cloud.laz","2018_MLBS_3_537000_4142000_image.tif","Tree",1,537000,537999.999,4142000,4142999.999
"377",377,537102.504,537111.955,4142346.51,4142353.992,"Silva","NEON_D07_MLBS_DP1_537000_4142000_classified_point_cloud.laz","2018_MLBS_3_537000_4142000_image.tif","Tree",1,537000,537999.999,4142000,4142999.999
"378",378,537100.005,537107.465,4142352.156,4142359.496,"Silva","NEON_D07_MLBS_DP1_537000_4142000_classified_point_cloud.laz","2018_MLBS_3_537000_4142000_image.tif","Tree",1,537000,537999.999,4142000,4142999.999
"379",379,537092.507,537101.478,4142363.501,4142371.999,"Silva","NEON_D07_MLBS_DP1_537000_4142000_classified_point_cloud.laz","2018_MLBS_3_537000_4142000_image.tif","Tree",1,537000,537999.999,4142000,4142999.999
"380",380,537000.001,537003.999,4142414.027,4142423.46,"Silva","NEON_D07_MLBS_DP1_537000_4142000_classified_point_cloud.laz","2018_MLBS_3_537000_4142000_image.tif","Tree",1,537000,537999.999,4142000,4142999.999
"381",381,537016.124,537032.414,4142410.07,4142418,"Silva","NEON_D07_MLBS_DP1_537000_4142000_classified_point_cloud.laz","2018_MLBS_3_537000_4142000_image.tif","Tree",1,537000,537999.999,4142000,4142999.999
"382",382,537003.011,537014.951,4142414.011,4142422.445,"Silva","NEON_D07_MLBS_DP1_537000_4142000_classified_point_cloud.laz","2018_MLBS_3_537000_4142000_image.tif","Tree",1,537000,537999.999,4142000,4142999.999
"383",383,537009.512,537015.48,4142418.811,4142431.429,"Silva","NEON_D07_MLBS_DP1_537000_4142000_classified_point_cloud.laz","2018_MLBS_3_537000_4142000_image.tif","Tree",1,537000,537999.999,4142000,4142999.999
"384",384,537001.159,537010.499,4142422.001,4142429.494,"Silva","NEON_D07_MLBS_DP1_537000_4142000_classified_point_cloud.laz","2018_MLBS_3_537000_4142000_image.tif","Tree",1,537000,537999.999,4142000,4142999.999
"385",385,537015.017,537022.962,4142417.688,4142432.298,"Silva","NEON_D07_MLBS_DP1_537000_4142000_classified_point_cloud.laz","2018_MLBS_3_537000_4142000_image.tif","Tree",1,537000,537999.999,4142000,4142999.999
"386",386,537000.001,537003.38,4142423.602,4142432.355,"Silva","NEON_D07_MLBS_DP1_537000_4142000_classified_point_cloud.laz","2018_MLBS_3_537000_4142000_image.tif","Tree",1,537000,537999.999,4142000,4142999.999
"387",387,537022.041,537034.965,4142419.036,4142433.986,"Silva","NEON_D07_MLBS_DP1_537000_4142000_classified_point_cloud.laz","2018_MLBS_3_537000_4142000_image.tif","Tree",1,537000,537999.999,4142000,4142999.999
"388",388,537000.002,537005.4,4142429.153,4142437.635,"Silva","NEON_D07_MLBS_DP1_537000_4142000_classified_point_cloud.laz","2018_MLBS_3_537000_4142000_image.tif","Tree",1,537000,537999.999,4142000,4142999.999
"389",389,537004.143,537012.821,4142429.031,4142435.979,"Silva","NEON_D07_MLBS_DP1_537000_4142000_classified_point_cloud.laz","2018_MLBS_3_537000_4142000_image.tif","Tree",1,537000,537999.999,4142000,4142999.999
"390",390,537000.124,537009.984,4142435.02,4142444.482,"Silva","NEON_D07_MLBS_DP1_537000_4142000_classified_point_cloud.laz","2018_MLBS_3_537000_4142000_image.tif","Tree",1,537000,537999.999,4142000,4142999.999
"391",391,537011.129,537017.462,4142439.017,4142446.97,"Silva","NEON_D07_MLBS_DP1_537000_4142000_classified_point_cloud.laz","2018_MLBS_3_537000_4142000_image.tif","Tree",1,537000,537999.999,4142000,4142999.999
"392",392,537017.501,537023.346,4142432.639,4142442.981,"Silva","NEON_D07_MLBS_DP1_537000_4142000_classified_point_cloud.laz","2018_MLBS_3_537000_4142000_image.tif","Tree",1,537000,537999.999,4142000,4142999.999
"393",393,537024.616,537031.989,4142438.017,4142447.962,"Silva","NEON_D07_MLBS_DP1_537000_4142000_classified_point_cloud.laz","2018_MLBS_3_537000_4142000_image.tif","Tree",1,537000,537999.999,4142000,4142999.999
"394",394,537013.003,537022.497,4142446.507,4142455.952,"Silva","NEON_D07_MLBS_DP1_537000_4142000_classified_point_cloud.laz","2018_MLBS_3_537000_4142000_image.tif","Tree",1,537000,537999.999,4142000,4142999.999
"395",395,537005.018,537011.987,4142454.696,4142465.989,"Silva","NEON_D07_MLBS_DP1_537000_4142000_classified_point_cloud.laz","2018_MLBS_3_537000_4142000_image.tif","Tree",1,537000,537999.999,4142000,4142999.999
"396",396,537010.503,537020.439,4142455.533,4142466.472,"Silva","NEON_D07_MLBS_DP1_537000_4142000_classified_point_cloud.laz","2018_MLBS_3_537000_4142000_image.tif","Tree",1,537000,537999.999,4142000,4142999.999
"397",397,537023.503,537034.476,4142454.528,4142464.985,"Silva","NEON_D07_MLBS_DP1_537000_4142000_classified_point_cloud.laz","2018_MLBS_3_537000_4142000_image.tif","Tree",1,537000,537999.999,4142000,4142999.999
"398",398,537011.192,537024.934,4142461.539,4142469.994,"Silva","NEON_D07_MLBS_DP1_537000_4142000_classified_point_cloud.laz","2018_MLBS_3_537000_4142000_image.tif","Tree",1,537000,537999.999,4142000,4142999.999
"399",399,537002.008,537011.948,4142466.019,4142474.982,"Silva","NEON_D07_MLBS_DP1_537000_4142000_classified_point_cloud.laz","2018_MLBS_3_537000_4142000_image.tif","Tree",1,537000,537999.999,4142000,4142999.999
"400",400,537000.022,537006.451,4142469.019,4142477.87,"Silva","NEON_D07_MLBS_DP1_537000_4142000_classified_point_cloud.laz","2018_MLBS_3_537000_4142000_image.tif","Tree",1,537000,537999.999,4142000,4142999.999
"401",401,537023.501,537033.472,4142464.586,4142475.442,"Silva","NEON_D07_MLBS_DP1_537000_4142000_classified_point_cloud.laz","2018_MLBS_3_537000_4142000_image.tif","Tree",1,537000,537999.999,4142000,4142999.999
"402",402,537063.525,537067.932,4142409.502,4142415.073,"Silva","NEON_D07_MLBS_DP1_537000_4142000_classified_point_cloud.laz","2018_MLBS_3_537000_4142000_image.tif","Tree",1,537000,537999.999,4142000,4142999.999
"403",403,537067.553,537073.751,4142408.52,4142416.479,"Silva","NEON_D07_MLBS_DP1_537000_4142000_classified_point_cloud.laz","2018_MLBS_3_537000_4142000_image.tif","Tree",1,537000,537999.999,4142000,4142999.999
"404",404,537048.217,537058.484,4142413.508,4142424.962,"Silva","NEON_D07_MLBS_DP1_537000_4142000_classified_point_cloud.laz","2018_MLBS_3_537000_4142000_image.tif","Tree",1,537000,537999.999,4142000,4142999.999
"405",405,537064.006,537069.217,4142415.004,4142420.478,"Silva","NEON_D07_MLBS_DP1_537000_4142000_classified_point_cloud.laz","2018_MLBS_3_537000_4142000_image.tif","Tree",1,537000,537999.999,4142000,4142999.999
"406",406,537058.52,537065.939,4142416.002,4142421.999,"Silva","NEON_D07_MLBS_DP1_537000_4142000_classified_point_cloud.laz","2018_MLBS_3_537000_4142000_image.tif","Tree",1,537000,537999.999,4142000,4142999.999
"407",407,537066.002,537073.992,4142416.517,4142425.471,"Silva","NEON_D07_MLBS_DP1_537000_4142000_classified_point_cloud.laz","2018_MLBS_3_537000_4142000_image.tif","Tree",1,537000,537999.999,4142000,4142999.999
"408",408,537041.523,537055.99,4142420.004,4142431.997,"Silva","NEON_D07_MLBS_DP1_537000_4142000_classified_point_cloud.laz","2018_MLBS_3_537000_4142000_image.tif","Tree",1,537000,537999.999,4142000,4142999.999
"409",409,537055.564,537068.974,4142422.001,4142431.997,"Silva","NEON_D07_MLBS_DP1_537000_4142000_classified_point_cloud.laz","2018_MLBS_3_537000_4142000_image.tif","Tree",1,537000,537999.999,4142000,4142999.999
"410",410,537034.092,537042.992,4142420.836,4142432.481,"Silva","NEON_D07_MLBS_DP1_537000_4142000_classified_point_cloud.laz","2018_MLBS_3_537000_4142000_image.tif","Tree",1,537000,537999.999,4142000,4142999.999
"411",411,537033.538,537040.446,4142431.58,4142435.994,"Silva","NEON_D07_MLBS_DP1_537000_4142000_classified_point_cloud.laz","2018_MLBS_3_537000_4142000_image.tif","Tree",1,537000,537999.999,4142000,4142999.999
"412",412,537040.52,537048.466,4142428.244,4142436.464,"Silva","NEON_D07_MLBS_DP1_537000_4142000_classified_point_cloud.laz","2018_MLBS_3_537000_4142000_image.tif","Tree",1,537000,537999.999,4142000,4142999.999
"413",413,537027.118,537035.495,4142433.512,4142440.459,"Silva","NEON_D07_MLBS_DP1_537000_4142000_classified_point_cloud.laz","2018_MLBS_3_537000_4142000_image.tif","Tree",1,537000,537999.999,4142000,4142999.999
"414",414,537047.003,537054.97,4142432.002,4142444.497,"Silva","NEON_D07_MLBS_DP1_537000_4142000_classified_point_cloud.laz","2018_MLBS_3_537000_4142000_image.tif","Tree",1,537000,537999.999,4142000,4142999.999
"415",415,537062.511,537072.925,4142440.008,4142448.457,"Silva","NEON_D07_MLBS_DP1_537000_4142000_classified_point_cloud.laz","2018_MLBS_3_537000_4142000_image.tif","Tree",1,537000,537999.999,4142000,4142999.999
"416",416,537082.001,537090.943,4142433.521,4142443.994,"Silva","NEON_D07_MLBS_DP1_537000_4142000_classified_point_cloud.laz","2018_MLBS_3_537000_4142000_image.tif","Tree",1,537000,537999.999,4142000,4142999.999
"417",417,537024.003,537034.472,4142446.019,4142455.469,"Silva","NEON_D07_MLBS_DP1_537000_4142000_classified_point_cloud.laz","2018_MLBS_3_537000_4142000_image.tif","Tree",1,537000,537999.999,4142000,4142999.999
"418",418,537033.025,537041.463,4142444.603,4142453.452,"Silva","NEON_D07_MLBS_DP1_537000_4142000_classified_point_cloud.laz","2018_MLBS_3_537000_4142000_image.tif","Tree",1,537000,537999.999,4142000,4142999.999
"419",419,537046.638,537055.996,4142443.01,4142452.483,"Silva","NEON_D07_MLBS_DP1_537000_4142000_classified_point_cloud.laz","2018_MLBS_3_537000_4142000_image.tif","Tree",1,537000,537999.999,4142000,4142999.999
"420",420,537033.03,537041.834,4142451.565,4142460.991,"Silva","NEON_D07_MLBS_DP1_537000_4142000_classified_point_cloud.laz","2018_MLBS_3_537000_4142000_image.tif","Tree",1,537000,537999.999,4142000,4142999.999
"421",421,537038.604,537045.459,4142452.551,4142459.997,"Silva","NEON_D07_MLBS_DP1_537000_4142000_classified_point_cloud.laz","2018_MLBS_3_537000_4142000_image.tif","Tree",1,537000,537999.999,4142000,4142999.999
"422",422,537045.016,537055.992,4142452.081,4142459.982,"Silva","NEON_D07_MLBS_DP1_537000_4142000_classified_point_cloud.laz","2018_MLBS_3_537000_4142000_image.tif","Tree",1,537000,537999.999,4142000,4142999.999
"423",423,537082.508,537091.983,4142448.003,4142455.48,"Silva","NEON_D07_MLBS_DP1_537000_4142000_classified_point_cloud.laz","2018_MLBS_3_537000_4142000_image.tif","Tree",1,537000,537999.999,4142000,4142999.999
"424",424,537062.019,537071.985,4142448.503,4142457.461,"Silva","NEON_D07_MLBS_DP1_537000_4142000_classified_point_cloud.laz","2018_MLBS_3_537000_4142000_image.tif","Tree",1,537000,537999.999,4142000,4142999.999
"425",425,537043.501,537049.464,4142456.104,4142466.937,"Silva","NEON_D07_MLBS_DP1_537000_4142000_classified_point_cloud.laz","2018_MLBS_3_537000_4142000_image.tif","Tree",1,537000,537999.999,4142000,4142999.999
"426",426,537037.069,537045.371,4142459.506,4142465.996,"Silva","NEON_D07_MLBS_DP1_537000_4142000_classified_point_cloud.laz","2018_MLBS_3_537000_4142000_image.tif","Tree",1,537000,537999.999,4142000,4142999.999
"427",427,537064.101,537072.907,4142454.017,4142462.481,"Silva","NEON_D07_MLBS_DP1_537000_4142000_classified_point_cloud.laz","2018_MLBS_3_537000_4142000_image.tif","Tree",1,537000,537999.999,4142000,4142999.999
"428",428,537049.002,537055.969,4142455.565,4142466.976,"Silva","NEON_D07_MLBS_DP1_537000_4142000_classified_point_cloud.laz","2018_MLBS_3_537000_4142000_image.tif","Tree",1,537000,537999.999,4142000,4142999.999
"429",429,537055.517,537061.96,4142455.614,4142465.379,"Silva","NEON_D07_MLBS_DP1_537000_4142000_classified_point_cloud.laz","2018_MLBS_3_537000_4142000_image.tif","Tree",1,537000,537999.999,4142000,4142999.999
"430",430,537032.001,537042.98,4142461.018,4142468.496,"Silva","NEON_D07_MLBS_DP1_537000_4142000_classified_point_cloud.laz","2018_MLBS_3_537000_4142000_image.tif","Tree",1,537000,537999.999,4142000,4142999.999
"431",431,537050.041,537062.729,4142464.092,4142473.488,"Silva","NEON_D07_MLBS_DP1_537000_4142000_classified_point_cloud.laz","2018_MLBS_3_537000_4142000_image.tif","Tree",1,537000,537999.999,4142000,4142999.999
"432",432,537033.517,537041.393,4142468.502,4142473.975,"Silva","NEON_D07_MLBS_DP1_537000_4142000_classified_point_cloud.laz","2018_MLBS_3_537000_4142000_image.tif","Tree",1,537000,537999.999,4142000,4142999.999
"433",433,537039.014,537045.993,4142473.547,4142482.976,"Silva","NEON_D07_MLBS_DP1_537000_4142000_classified_point_cloud.laz","2018_MLBS_3_537000_4142000_image.tif","Tree",1,537000,537999.999,4142000,4142999.999
"434",434,537054.503,537064.49,4142468.116,4142480.475,"Silva","NEON_D07_MLBS_DP1_537000_4142000_classified_point_cloud.laz","2018_MLBS_3_537000_4142000_image.tif","Tree",1,537000,537999.999,4142000,4142999.999
"435",435,537087.074,537098.499,4142465.02,4142477.968,"Silva","NEON_D07_MLBS_DP1_537000_4142000_classified_point_cloud.laz","2018_MLBS_3_537000_4142000_image.tif","Tree",1,537000,537999.999,4142000,4142999.999
"436",436,537063.011,537072.493,4142475.002,4142482.477,"Silva","NEON_D07_MLBS_DP1_537000_4142000_classified_point_cloud.laz","2018_MLBS_3_537000_4142000_image.tif","Tree",1,537000,537999.999,4142000,4142999.999
"437",437,537000.004,537002.471,4142487.508,4142490.984,"Silva","NEON_D07_MLBS_DP1_537000_4142000_classified_point_cloud.laz","2018_MLBS_3_537000_4142000_image.tif","Tree",1,537000,537999.999,4142000,4142999.999
"438",438,537011.589,537021.969,4142493.558,4142499.975,"Silva","NEON_D07_MLBS_DP1_537000_4142000_classified_point_cloud.laz","2018_MLBS_3_537000_4142000_image.tif","Tree",1,537000,537999.999,4142000,4142999.999
"439",439,537015.508,537022.995,4142486.003,4142493.942,"Silva","NEON_D07_MLBS_DP1_537000_4142000_classified_point_cloud.laz","2018_MLBS_3_537000_4142000_image.tif","Tree",1,537000,537999.999,4142000,4142999.999
"440",440,537006.513,537015.936,4142488.593,4142496.98,"Silva","NEON_D07_MLBS_DP1_537000_4142000_classified_point_cloud.laz","2018_MLBS_3_537000_4142000_image.tif","Tree",1,537000,537999.999,4142000,4142999.999
"441",441,537042.512,537055.3,4142477.039,4142485.492,"Silva","NEON_D07_MLBS_DP1_537000_4142000_classified_point_cloud.laz","2018_MLBS_3_537000_4142000_image.tif","Tree",1,537000,537999.999,4142000,4142999.999
"442",442,537092.003,537099.493,4142494.012,4142500.992,"Silva","NEON_D07_MLBS_DP1_537000_4142000_classified_point_cloud.laz","2018_MLBS_3_537000_4142000_image.tif","Tree",1,537000,537999.999,4142000,4142999.999
"443",443,537048.143,537051.996,4142490.512,4142497.472,"Silva","NEON_D07_MLBS_DP1_537000_4142000_classified_point_cloud.laz","2018_MLBS_3_537000_4142000_image.tif","Tree",1,537000,537999.999,4142000,4142999.999
"444",444,537042.506,537050.906,4142488.527,4142495.352,"Silva","NEON_D07_MLBS_DP1_537000_4142000_classified_point_cloud.laz","2018_MLBS_3_537000_4142000_image.tif","Tree",1,537000,537999.999,4142000,4142999.999
"445",445,537085.514,537094.474,4142476.531,4142484.913,"Silva","NEON_D07_MLBS_DP1_537000_4142000_classified_point_cloud.laz","2018_MLBS_3_537000_4142000_image.tif","Tree",1,537000,537999.999,4142000,4142999.999
"446",446,537090.012,537100.49,4142432.003,4142439.457,"Silva","NEON_D07_MLBS_DP1_537000_4142000_classified_point_cloud.laz","2018_MLBS_3_537000_4142000_image.tif","Tree",1,537000,537999.999,4142000,4142999.999
"447",447,537098.018,537108.494,4142441.018,4142448.983,"Silva","NEON_D07_MLBS_DP1_537000_4142000_classified_point_cloud.laz","2018_MLBS_3_537000_4142000_image.tif","Tree",1,537000,537999.999,4142000,4142999.999
"448",448,537089.025,537098.951,4142017.128,4142023.993,"Silva","NEON_D07_MLBS_DP1_537000_4142000_classified_point_cloud.laz","2018_MLBS_3_537000_4142000_image.tif","Tree",1,537000,537999.999,4142000,4142999.999
"449",449,537097.515,537105.457,4142012.006,4142018.994,"Silva","NEON_D07_MLBS_DP1_537000_4142000_classified_point_cloud.laz","2018_MLBS_3_537000_4142000_image.tif","Tree",1,537000,537999.999,4142000,4142999.999
"450",450,537122.005,537130.94,4142011.534,4142019.953,"Silva","NEON_D07_MLBS_DP1_537000_4142000_classified_point_cloud.laz","2018_MLBS_3_537000_4142000_image.tif","Tree",1,537000,537999.999,4142000,4142999.999
"451",451,537116.018,537123.934,4142009.551,4142016.492,"Silva","NEON_D07_MLBS_DP1_537000_4142000_classified_point_cloud.laz","2018_MLBS_3_537000_4142000_image.tif","Tree",1,537000,537999.999,4142000,4142999.999
"452",452,537149.032,537159.941,4142008.002,4142020.489,"Silva","NEON_D07_MLBS_DP1_537000_4142000_classified_point_cloud.laz","2018_MLBS_3_537000_4142000_image.tif","Tree",1,537000,537999.999,4142000,4142999.999
"453",453,537108.001,537118.96,4142002.628,4142015.498,"Silva","NEON_D07_MLBS_DP1_537000_4142000_classified_point_cloud.laz","2018_MLBS_3_537000_4142000_image.tif","Tree",1,537000,537999.999,4142000,4142999.999
"454",454,537157.612,537165.839,4142008.627,4142017.995,"Silva","NEON_D07_MLBS_DP1_537000_4142000_classified_point_cloud.laz","2018_MLBS_3_537000_4142000_image.tif","Tree",1,537000,537999.999,4142000,4142999.999
"455",455,537135.5,537147.987,4142002.034,4142013.491,"Silva","NEON_D07_MLBS_DP1_537000_4142000_classified_point_cloud.laz","2018_MLBS_3_537000_4142000_image.tif","Tree",1,537000,537999.999,4142000,4142999.999
"456",456,537095.549,537102.993,4142000.013,4142005.5,"Silva","NEON_D07_MLBS_DP1_537000_4142000_classified_point_cloud.laz","2018_MLBS_3_537000_4142000_image.tif","Tree",1,537000,537999.999,4142000,4142999.999
"457",457,537126.509,537136.32,4142000.005,4142012.905,"Silva","NEON_D07_MLBS_DP1_537000_4142000_classified_point_cloud.laz","2018_MLBS_3_537000_4142000_image.tif","Tree",1,537000,537999.999,4142000,4142999.999
"458",458,537102.049,537108.499,4142000.004,4142005.906,"Silva","NEON_D07_MLBS_DP1_537000_4142000_classified_point_cloud.laz","2018_MLBS_3_537000_4142000_image.tif","Tree",1,537000,537999.999,4142000,4142999.999
"459",459,537108.003,537116.888,4142000,4142005.876,"Silva","NEON_D07_MLBS_DP1_537000_4142000_classified_point_cloud.laz","2018_MLBS_3_537000_4142000_image.tif","Tree",1,537000,537999.999,4142000,4142999.999
"460",460,537215.542,537223.492,4142010.511,4142019.5,"Silva","NEON_D07_MLBS_DP1_537000_4142000_classified_point_cloud.laz","2018_MLBS_3_537000_4142000_image.tif","Tree",1,537000,537999.999,4142000,4142999.999
"461",461,537187.752,537191.82,4142000.082,4142005.279,"Silva","NEON_D07_MLBS_DP1_537000_4142000_classified_point_cloud.laz","2018_MLBS_3_537000_4142000_image.tif","Tree",1,537000,537999.999,4142000,4142999.999
"462",462,537217.654,537221.394,4142000.025,4142003.49,"Silva","NEON_D07_MLBS_DP1_537000_4142000_classified_point_cloud.laz","2018_MLBS_3_537000_4142000_image.tif","Tree",1,537000,537999.999,4142000,4142999.999
"463",463,537273.502,537278.368,4142017.064,4142022.492,"Silva","NEON_D07_MLBS_DP1_537000_4142000_classified_point_cloud.laz","2018_MLBS_3_537000_4142000_image.tif","Tree",1,537000,537999.999,4142000,4142999.999
"464",464,537253.526,537258.488,4142015.748,4142019.959,"Silva","NEON_D07_MLBS_DP1_537000_4142000_classified_point_cloud.laz","2018_MLBS_3_537000_4142000_image.tif","Tree",1,537000,537999.999,4142000,4142999.999
"465",465,537267.01,537273.479,4142014.644,4142020.31,"Silva","NEON_D07_MLBS_DP1_537000_4142000_classified_point_cloud.laz","2018_MLBS_3_537000_4142000_image.tif","Tree",1,537000,537999.999,4142000,4142999.999
"466",466,537254,537259.314,4142009.017,4142014.473,"Silva","NEON_D07_MLBS_DP1_537000_4142000_classified_point_cloud.laz","2018_MLBS_3_537000_4142000_image.tif","Tree",1,537000,537999.999,4142000,4142999.999
"467",467,537255.562,537260.228,4142003.126,4142008.999,"Silva","NEON_D07_MLBS_DP1_537000_4142000_classified_point_cloud.laz","2018_MLBS_3_537000_4142000_image.tif","Tree",1,537000,537999.999,4142000,4142999.999
"468",468,537241.043,537248.977,4142001.505,4142008.937,"Silva","NEON_D07_MLBS_DP1_537000_4142000_classified_point_cloud.laz","2018_MLBS_3_537000_4142000_image.tif","Tree",1,537000,537999.999,4142000,4142999.999
"469",469,537260.577,537267.468,4142001.754,4142008.483,"Silva","NEON_D07_MLBS_DP1_537000_4142000_classified_point_cloud.laz","2018_MLBS_3_537000_4142000_image.tif","Tree",1,537000,537999.999,4142000,4142999.999
"470",470,537249.021,537253.472,4142000.054,4142002.98,"Silva","NEON_D07_MLBS_DP1_537000_4142000_classified_point_cloud.laz","2018_MLBS_3_537000_4142000_image.tif","Tree",1,537000,537999.999,4142000,4142999.999
"471",471,537258.522,537263.389,4142000.077,4142002.415,"Silva","NEON_D07_MLBS_DP1_537000_4142000_classified_point_cloud.laz","2018_MLBS_3_537000_4142000_image.tif","Tree",1,537000,537999.999,4142000,4142999.999
"472",472,537329.79,537334.922,4142011.809,4142017.465,"Silva","NEON_D07_MLBS_DP1_537000_4142000_classified_point_cloud.laz","2018_MLBS_3_537000_4142000_image.tif","Tree",1,537000,537999.999,4142000,4142999.999
"473",473,537347.508,537364.461,4142012.052,4142019.49,"Silva","NEON_D07_MLBS_DP1_537000_4142000_classified_point_cloud.laz","2018_MLBS_3_537000_4142000_image.tif","Tree",1,537000,537999.999,4142000,4142999.999
"474",474,537300.052,537304.828,4142010.06,4142015.242,"Silva","NEON_D07_MLBS_DP1_537000_4142000_classified_point_cloud.laz","2018_MLBS_3_537000_4142000_image.tif","Tree",1,537000,537999.999,4142000,4142999.999
"475",475,537314.143,537325.851,4142004.02,4142012.987,"Silva","NEON_D07_MLBS_DP1_537000_4142000_classified_point_cloud.laz","2018_MLBS_3_537000_4142000_image.tif","Tree",1,537000,537999.999,4142000,4142999.999
"476",476,537333.248,537345.415,4142000,4142008.46,"Silva","NEON_D07_MLBS_DP1_537000_4142000_classified_point_cloud.laz","2018_MLBS_3_537000_4142000_image.tif","Tree",1,537000,537999.999,4142000,4142999.999
"477",477,537306.514,537318.934,4142000.003,4142007.466,"Silva","NEON_D07_MLBS_DP1_537000_4142000_classified_point_cloud.laz","2018_MLBS_3_537000_4142000_image.tif","Tree",1,537000,537999.999,4142000,4142999.999
"478",478,537125.007,537130.967,4142019.017,4142025.498,"Silva","NEON_D07_MLBS_DP1_537000_4142000_classified_point_cloud.laz","2018_MLBS_3_537000_4142000_image.tif","Tree",1,537000,537999.999,4142000,4142999.999
"479",479,537129.747,537138.989,4142021.531,4142029.479,"Silva","NEON_D07_MLBS_DP1_537000_4142000_classified_point_cloud.laz","2018_MLBS_3_537000_4142000_image.tif","Tree",1,537000,537999.999,4142000,4142999.999
"480",480,537140.521,537149.645,4142025.036,4142034.486,"Silva","NEON_D07_MLBS_DP1_537000_4142000_classified_point_cloud.laz","2018_MLBS_3_537000_4142000_image.tif","Tree",1,537000,537999.999,4142000,4142999.999
"481",481,537125.773,537134.89,4142025.008,4142031.483,"Silva","NEON_D07_MLBS_DP1_537000_4142000_classified_point_cloud.laz","2018_MLBS_3_537000_4142000_image.tif","Tree",1,537000,537999.999,4142000,4142999.999
"482",482,537149.548,537159.973,4142033.517,4142047.474,"Silva","NEON_D07_MLBS_DP1_537000_4142000_classified_point_cloud.laz","2018_MLBS_3_537000_4142000_image.tif","Tree",1,537000,537999.999,4142000,4142999.999
"483",483,537139.664,537152.397,4142034.503,4142045.849,"Silva","NEON_D07_MLBS_DP1_537000_4142000_classified_point_cloud.laz","2018_MLBS_3_537000_4142000_image.tif","Tree",1,537000,537999.999,4142000,4142999.999
"484",484,537114.534,537125.913,4142036.507,4142045.936,"Silva","NEON_D07_MLBS_DP1_537000_4142000_classified_point_cloud.laz","2018_MLBS_3_537000_4142000_image.tif","Tree",1,537000,537999.999,4142000,4142999.999
"485",485,537104.044,537115.417,4142036.506,4142045.472,"Silva","NEON_D07_MLBS_DP1_537000_4142000_classified_point_cloud.laz","2018_MLBS_3_537000_4142000_image.tif","Tree",1,537000,537999.999,4142000,4142999.999
"486",486,537123.534,537131.948,4142041.012,4142050.482,"Silva","NEON_D07_MLBS_DP1_537000_4142000_classified_point_cloud.laz","2018_MLBS_3_537000_4142000_image.tif","Tree",1,537000,537999.999,4142000,4142999.999
"487",487,537128.525,537137.492,4142048.025,4142054.997,"Silva","NEON_D07_MLBS_DP1_537000_4142000_classified_point_cloud.laz","2018_MLBS_3_537000_4142000_image.tif","Tree",1,537000,537999.999,4142000,4142999.999
"488",488,537119.037,537128.995,4142047.106,4142058.351,"Silva","NEON_D07_MLBS_DP1_537000_4142000_classified_point_cloud.laz","2018_MLBS_3_537000_4142000_image.tif","Tree",1,537000,537999.999,4142000,4142999.999
"489",489,537146.62,537158.921,4142047.123,4142060.917,"Silva","NEON_D07_MLBS_DP1_537000_4142000_classified_point_cloud.laz","2018_MLBS_3_537000_4142000_image.tif","Tree",1,537000,537999.999,4142000,4142999.999
"490",490,537108.046,537115.475,4142057.019,4142064.472,"Silva","NEON_D07_MLBS_DP1_537000_4142000_classified_point_cloud.laz","2018_MLBS_3_537000_4142000_image.tif","Tree",1,537000,537999.999,4142000,4142999.999
"491",491,537131.06,537141.389,4142060.016,4142065.98,"Silva","NEON_D07_MLBS_DP1_537000_4142000_classified_point_cloud.laz","2018_MLBS_3_537000_4142000_image.tif","Tree",1,537000,537999.999,4142000,4142999.999
"492",492,537155.088,537162.46,4142072.703,4142079.983,"Silva","NEON_D07_MLBS_DP1_537000_4142000_classified_point_cloud.laz","2018_MLBS_3_537000_4142000_image.tif","Tree",1,537000,537999.999,4142000,4142999.999
"493",493,537148.001,537154.854,4142072.055,4142078.496,"Silva","NEON_D07_MLBS_DP1_537000_4142000_classified_point_cloud.laz","2018_MLBS_3_537000_4142000_image.tif","Tree",1,537000,537999.999,4142000,4142999.999
"494",494,537108.029,537116.332,4142069.875,4142077.488,"Silva","NEON_D07_MLBS_DP1_537000_4142000_classified_point_cloud.laz","2018_MLBS_3_537000_4142000_image.tif","Tree",1,537000,537999.999,4142000,4142999.999
"495",495,537101.576,537109.462,4142072.503,4142079.491,"Silva","NEON_D07_MLBS_DP1_537000_4142000_classified_point_cloud.laz","2018_MLBS_3_537000_4142000_image.tif","Tree",1,537000,537999.999,4142000,4142999.999
"496",496,537131.564,537137.969,4142078.503,4142086.981,"Silva","NEON_D07_MLBS_DP1_537000_4142000_classified_point_cloud.laz","2018_MLBS_3_537000_4142000_image.tif","Tree",1,537000,537999.999,4142000,4142999.999
"497",497,537158.029,537164.385,4142081.424,4142087.486,"Silva","NEON_D07_MLBS_DP1_537000_4142000_classified_point_cloud.laz","2018_MLBS_3_537000_4142000_image.tif","Tree",1,537000,537999.999,4142000,4142999.999
"498",498,537212.541,537214.671,4142022.113,4142024.495,"Silva","NEON_D07_MLBS_DP1_537000_4142000_classified_point_cloud.laz","2018_MLBS_3_537000_4142000_image.tif","Tree",1,537000,537999.999,4142000,4142999.999
"499",499,537212.574,537220.922,4142022.042,4142029.908,"Silva","NEON_D07_MLBS_DP1_537000_4142000_classified_point_cloud.laz","2018_MLBS_3_537000_4142000_image.tif","Tree",1,537000,537999.999,4142000,4142999.999
"500",500,537205.009,537212.419,4142029.232,4142036.314,"Silva","NEON_D07_MLBS_DP1_537000_4142000_classified_point_cloud.laz","2018_MLBS_3_537000_4142000_image.tif","Tree",1,537000,537999.999,4142000,4142999.999
"501",501,537164.526,537172.997,4142028.62,4142038.49,"Silva","NEON_D07_MLBS_DP1_537000_4142000_classified_point_cloud.laz","2018_MLBS_3_537000_4142000_image.tif","Tree",1,537000,537999.999,4142000,4142999.999
"502",502,537208.536,537217.453,4142036.522,4142044.978,"Silva","NEON_D07_MLBS_DP1_537000_4142000_classified_point_cloud.laz","2018_MLBS_3_537000_4142000_image.tif","Tree",1,537000,537999.999,4142000,4142999.999
"503",503,537164.549,537172.444,4142038.512,4142044.998,"Silva","NEON_D07_MLBS_DP1_537000_4142000_classified_point_cloud.laz","2018_MLBS_3_537000_4142000_image.tif","Tree",1,537000,537999.999,4142000,4142999.999
"504",504,537216.624,537228.921,4142046.093,4142053.556,"Silva","NEON_D07_MLBS_DP1_537000_4142000_classified_point_cloud.laz","2018_MLBS_3_537000_4142000_image.tif","Tree",1,537000,537999.999,4142000,4142999.999
"505",505,537168.219,537173.952,4142043.529,4142051.459,"Silva","NEON_D07_MLBS_DP1_537000_4142000_classified_point_cloud.laz","2018_MLBS_3_537000_4142000_image.tif","Tree",1,537000,537999.999,4142000,4142999.999
"506",506,537171.134,537177.185,4142045.508,4142051.5,"Silva","NEON_D07_MLBS_DP1_537000_4142000_classified_point_cloud.laz","2018_MLBS_3_537000_4142000_image.tif","Tree",1,537000,537999.999,4142000,4142999.999
"507",507,537160.051,537170.962,4142045.01,4142055.416,"Silva","NEON_D07_MLBS_DP1_537000_4142000_classified_point_cloud.laz","2018_MLBS_3_537000_4142000_image.tif","Tree",1,537000,537999.999,4142000,4142999.999
"508",508,537186.04,537192.497,4142055.503,4142062.902,"Silva","NEON_D07_MLBS_DP1_537000_4142000_classified_point_cloud.laz","2018_MLBS_3_537000_4142000_image.tif","Tree",1,537000,537999.999,4142000,4142999.999
"509",509,537171.197,537180.95,4142057.514,4142065.446,"Silva","NEON_D07_MLBS_DP1_537000_4142000_classified_point_cloud.laz","2018_MLBS_3_537000_4142000_image.tif","Tree",1,537000,537999.999,4142000,4142999.999
"510",510,537161.506,537170.91,4142054.069,4142063.949,"Silva","NEON_D07_MLBS_DP1_537000_4142000_classified_point_cloud.laz","2018_MLBS_3_537000_4142000_image.tif","Tree",1,537000,537999.999,4142000,4142999.999
"511",511,537181.519,537190.498,4142059.111,4142065.922,"Silva","NEON_D07_MLBS_DP1_537000_4142000_classified_point_cloud.laz","2018_MLBS_3_537000_4142000_image.tif","Tree",1,537000,537999.999,4142000,4142999.999
"512",512,537190.328,537198.488,4142062.503,4142069.853,"Silva","NEON_D07_MLBS_DP1_537000_4142000_classified_point_cloud.laz","2018_MLBS_3_537000_4142000_image.tif","Tree",1,537000,537999.999,4142000,4142999.999
"513",513,537196.003,537203.446,4142061.06,4142073.13,"Silva","NEON_D07_MLBS_DP1_537000_4142000_classified_point_cloud.laz","2018_MLBS_3_537000_4142000_image.tif","Tree",1,537000,537999.999,4142000,4142999.999
"514",514,537168.081,537175.476,4142059.007,4142067.383,"Silva","NEON_D07_MLBS_DP1_537000_4142000_classified_point_cloud.laz","2018_MLBS_3_537000_4142000_image.tif","Tree",1,537000,537999.999,4142000,4142999.999
"515",515,537192.005,537202.456,4142069.512,4142076.985,"Silva","NEON_D07_MLBS_DP1_537000_4142000_classified_point_cloud.laz","2018_MLBS_3_537000_4142000_image.tif","Tree",1,537000,537999.999,4142000,4142999.999
"516",516,537185.015,537191.997,4142071.034,4142080.987,"Silva","NEON_D07_MLBS_DP1_537000_4142000_classified_point_cloud.laz","2018_MLBS_3_537000_4142000_image.tif","Tree",1,537000,537999.999,4142000,4142999.999
"517",517,537179.504,537184.998,4142069.501,4142076.984,"Silva","NEON_D07_MLBS_DP1_537000_4142000_classified_point_cloud.laz","2018_MLBS_3_537000_4142000_image.tif","Tree",1,537000,537999.999,4142000,4142999.999
"518",518,537162.028,537169.425,4142072.561,4142076.5,"Silva","NEON_D07_MLBS_DP1_537000_4142000_classified_point_cloud.laz","2018_MLBS_3_537000_4142000_image.tif","Tree",1,537000,537999.999,4142000,4142999.999
"519",519,537162.01,537168.995,4142076.505,4142080.348,"Silva","NEON_D07_MLBS_DP1_537000_4142000_classified_point_cloud.laz","2018_MLBS_3_537000_4142000_image.tif","Tree",1,537000,537999.999,4142000,4142999.999
"520",520,537199.57,537205.338,4142076.524,4142088.949,"Silva","NEON_D07_MLBS_DP1_537000_4142000_classified_point_cloud.laz","2018_MLBS_3_537000_4142000_image.tif","Tree",1,537000,537999.999,4142000,4142999.999
"521",521,537177.102,537184.458,4142078.549,4142084.938,"Silva","NEON_D07_MLBS_DP1_537000_4142000_classified_point_cloud.laz","2018_MLBS_3_537000_4142000_image.tif","Tree",1,537000,537999.999,4142000,4142999.999
"522",522,537190.57,537199.998,4142081.57,4142089.482,"Silva","NEON_D07_MLBS_DP1_537000_4142000_classified_point_cloud.laz","2018_MLBS_3_537000_4142000_image.tif","Tree",1,537000,537999.999,4142000,4142999.999
"523",523,537173.042,537181.95,4142081.529,4142088.895,"Silva","NEON_D07_MLBS_DP1_537000_4142000_classified_point_cloud.laz","2018_MLBS_3_537000_4142000_image.tif","Tree",1,537000,537999.999,4142000,4142999.999
"524",524,537154.53,537162.385,4142134.732,4142144.565,"Silva","NEON_D07_MLBS_DP1_537000_4142000_classified_point_cloud.laz","2018_MLBS_3_537000_4142000_image.tif","Tree",1,537000,537999.999,4142000,4142999.999
"525",525,537151.541,537160.738,4142123.014,4142129.468,"Silva","NEON_D07_MLBS_DP1_537000_4142000_classified_point_cloud.laz","2018_MLBS_3_537000_4142000_image.tif","Tree",1,537000,537999.999,4142000,4142999.999
"526",526,537150.056,537159.495,4142117.014,4142123,"Silva","NEON_D07_MLBS_DP1_537000_4142000_classified_point_cloud.laz","2018_MLBS_3_537000_4142000_image.tif","Tree",1,537000,537999.999,4142000,4142999.999
"527",527,537145.73,537151.989,4142103.689,4142113.984,"Silva","NEON_D07_MLBS_DP1_537000_4142000_classified_point_cloud.laz","2018_MLBS_3_537000_4142000_image.tif","Tree",1,537000,537999.999,4142000,4142999.999
"528",528,537147.542,537156.966,4142100.568,4142106.465,"Silva","NEON_D07_MLBS_DP1_537000_4142000_classified_point_cloud.laz","2018_MLBS_3_537000_4142000_image.tif","Tree",1,537000,537999.999,4142000,4142999.999
"529",529,537156.658,537164.452,4142097.057,4142105.497,"Silva","NEON_D07_MLBS_DP1_537000_4142000_classified_point_cloud.laz","2018_MLBS_3_537000_4142000_image.tif","Tree",1,537000,537999.999,4142000,4142999.999
"530",530,537153.012,537159.996,4142094.011,4142101.51,"Silva","NEON_D07_MLBS_DP1_537000_4142000_classified_point_cloud.laz","2018_MLBS_3_537000_4142000_image.tif","Tree",1,537000,537999.999,4142000,4142999.999
"531",531,537156.28,537161.967,4142085.049,4142089.98,"Silva","NEON_D07_MLBS_DP1_537000_4142000_classified_point_cloud.laz","2018_MLBS_3_537000_4142000_image.tif","Tree",1,537000,537999.999,4142000,4142999.999
"532",532,537136.501,537146.345,4142085.531,4142090.991,"Silva","NEON_D07_MLBS_DP1_537000_4142000_classified_point_cloud.laz","2018_MLBS_3_537000_4142000_image.tif","Tree",1,537000,537999.999,4142000,4142999.999
"533",533,537159.007,537164.449,4142088.533,4142094.467,"Silva","NEON_D07_MLBS_DP1_537000_4142000_classified_point_cloud.laz","2018_MLBS_3_537000_4142000_image.tif","Tree",1,537000,537999.999,4142000,4142999.999
"534",534,537153.508,537159.436,4142089.04,4142094.495,"Silva","NEON_D07_MLBS_DP1_537000_4142000_classified_point_cloud.laz","2018_MLBS_3_537000_4142000_image.tif","Tree",1,537000,537999.999,4142000,4142999.999
"535",535,537160.053,537167.492,4142145.05,4142150.929,"Silva","NEON_D07_MLBS_DP1_537000_4142000_classified_point_cloud.laz","2018_MLBS_3_537000_4142000_image.tif","Tree",1,537000,537999.999,4142000,4142999.999
"536",536,537167.034,537174.462,4142144.56,4142150.955,"Silva","NEON_D07_MLBS_DP1_537000_4142000_classified_point_cloud.laz","2018_MLBS_3_537000_4142000_image.tif","Tree",1,537000,537999.999,4142000,4142999.999
"537",537,537176.238,537185.271,4142141.549,4142150.429,"Silva","NEON_D07_MLBS_DP1_537000_4142000_classified_point_cloud.laz","2018_MLBS_3_537000_4142000_image.tif","Tree",1,537000,537999.999,4142000,4142999.999
"538",538,537203.507,537213.412,4142145.419,4142150.993,"Silva","NEON_D07_MLBS_DP1_537000_4142000_classified_point_cloud.laz","2018_MLBS_3_537000_4142000_image.tif","Tree",1,537000,537999.999,4142000,4142999.999
"539",539,537196.049,537203.984,4142140.015,4142151.982,"Silva","NEON_D07_MLBS_DP1_537000_4142000_classified_point_cloud.laz","2018_MLBS_3_537000_4142000_image.tif","Tree",1,537000,537999.999,4142000,4142999.999
"540",540,537160.142,537166.966,4142139.621,4142145.494,"Silva","NEON_D07_MLBS_DP1_537000_4142000_classified_point_cloud.laz","2018_MLBS_3_537000_4142000_image.tif","Tree",1,537000,537999.999,4142000,4142999.999
"541",541,537166.525,537172.832,4142139.517,4142144.967,"Silva","NEON_D07_MLBS_DP1_537000_4142000_classified_point_cloud.laz","2018_MLBS_3_537000_4142000_image.tif","Tree",1,537000,537999.999,4142000,4142999.999
"542",542,537211.071,537223.912,4142141.505,4142151.287,"Silva","NEON_D07_MLBS_DP1_537000_4142000_classified_point_cloud.laz","2018_MLBS_3_537000_4142000_image.tif","Tree",1,537000,537999.999,4142000,4142999.999
"543",543,537180.502,537188.899,4142135.044,4142144.904,"Silva","NEON_D07_MLBS_DP1_537000_4142000_classified_point_cloud.laz","2018_MLBS_3_537000_4142000_image.tif","Tree",1,537000,537999.999,4142000,4142999.999
"544",544,537170.611,537176.469,4142135.168,4142144.916,"Silva","NEON_D07_MLBS_DP1_537000_4142000_classified_point_cloud.laz","2018_MLBS_3_537000_4142000_image.tif","Tree",1,537000,537999.999,4142000,4142999.999
"545",545,537201.545,537211.489,4142138.543,4142145.496,"Silva","NEON_D07_MLBS_DP1_537000_4142000_classified_point_cloud.laz","2018_MLBS_3_537000_4142000_image.tif","Tree",1,537000,537999.999,4142000,4142999.999
"546",546,537174.049,537182.413,4142135.502,4142143.989,"Silva","NEON_D07_MLBS_DP1_537000_4142000_classified_point_cloud.laz","2018_MLBS_3_537000_4142000_image.tif","Tree",1,537000,537999.999,4142000,4142999.999
"547",547,537159.056,537166.957,4142132.051,4142139.409,"Silva","NEON_D07_MLBS_DP1_537000_4142000_classified_point_cloud.laz","2018_MLBS_3_537000_4142000_image.tif","Tree",1,537000,537999.999,4142000,4142999.999
"548",548,537205.11,537212.976,4142132.58,4142143.421,"Silva","NEON_D07_MLBS_DP1_537000_4142000_classified_point_cloud.laz","2018_MLBS_3_537000_4142000_image.tif","Tree",1,537000,537999.999,4142000,4142999.999
"549",549,537217.027,537229.209,4142129.844,4142147.939,"Silva","NEON_D07_MLBS_DP1_537000_4142000_classified_point_cloud.laz","2018_MLBS_3_537000_4142000_image.tif","Tree",1,537000,537999.999,4142000,4142999.999
"550",550,537184.533,537193.499,4142132.503,4142141.01,"Silva","NEON_D07_MLBS_DP1_537000_4142000_classified_point_cloud.laz","2018_MLBS_3_537000_4142000_image.tif","Tree",1,537000,537999.999,4142000,4142999.999
"551",551,537173.072,537183.297,4142127.77,4142135.996,"Silva","NEON_D07_MLBS_DP1_537000_4142000_classified_point_cloud.laz","2018_MLBS_3_537000_4142000_image.tif","Tree",1,537000,537999.999,4142000,4142999.999
"552",552,537167.005,537173.493,4142126.431,4142133.995,"Silva","NEON_D07_MLBS_DP1_537000_4142000_classified_point_cloud.laz","2018_MLBS_3_537000_4142000_image.tif","Tree",1,537000,537999.999,4142000,4142999.999
"553",553,537198.126,537209.974,4142129.743,4142139.867,"Silva","NEON_D07_MLBS_DP1_537000_4142000_classified_point_cloud.laz","2018_MLBS_3_537000_4142000_image.tif","Tree",1,537000,537999.999,4142000,4142999.999
"554",554,537177.521,537185.993,4142123.552,4142135.426,"Silva","NEON_D07_MLBS_DP1_537000_4142000_classified_point_cloud.laz","2018_MLBS_3_537000_4142000_image.tif","Tree",1,537000,537999.999,4142000,4142999.999
"555",555,537185.504,537195.333,4142124.009,4142133.494,"Silva","NEON_D07_MLBS_DP1_537000_4142000_classified_point_cloud.laz","2018_MLBS_3_537000_4142000_image.tif","Tree",1,537000,537999.999,4142000,4142999.999
"556",556,537168.089,537177.935,4142123.021,4142130.351,"Silva","NEON_D07_MLBS_DP1_537000_4142000_classified_point_cloud.laz","2018_MLBS_3_537000_4142000_image.tif","Tree",1,537000,537999.999,4142000,4142999.999
"557",557,537167,537176.69,4142119.522,4142125.475,"Silva","NEON_D07_MLBS_DP1_537000_4142000_classified_point_cloud.laz","2018_MLBS_3_537000_4142000_image.tif","Tree",1,537000,537999.999,4142000,4142999.999
"558",558,537164.543,537170.926,4142116.638,4142122.873,"Silva","NEON_D07_MLBS_DP1_537000_4142000_classified_point_cloud.laz","2018_MLBS_3_537000_4142000_image.tif","Tree",1,537000,537999.999,4142000,4142999.999
"559",559,537203.888,537214.436,4142115.006,4142128.935,"Silva","NEON_D07_MLBS_DP1_537000_4142000_classified_point_cloud.laz","2018_MLBS_3_537000_4142000_image.tif","Tree",1,537000,537999.999,4142000,4142999.999
"560",560,537176.526,537185.973,4142114.057,4142124.35,"Silva","NEON_D07_MLBS_DP1_537000_4142000_classified_point_cloud.laz","2018_MLBS_3_537000_4142000_image.tif","Tree",1,537000,537999.999,4142000,4142999.999
"561",561,537186.048,537195.451,4142116.504,4142124.482,"Silva","NEON_D07_MLBS_DP1_537000_4142000_classified_point_cloud.laz","2018_MLBS_3_537000_4142000_image.tif","Tree",1,537000,537999.999,4142000,4142999.999
"562",562,537195.017,537203.977,4142116.513,4142125.402,"Silva","NEON_D07_MLBS_DP1_537000_4142000_classified_point_cloud.laz","2018_MLBS_3_537000_4142000_image.tif","Tree",1,537000,537999.999,4142000,4142999.999
"563",563,537193.625,537203.322,4142107.529,4142116.915,"Silva","NEON_D07_MLBS_DP1_537000_4142000_classified_point_cloud.laz","2018_MLBS_3_537000_4142000_image.tif","Tree",1,537000,537999.999,4142000,4142999.999
"564",564,537180.517,537189.145,4142106.565,4142116.382,"Silva","NEON_D07_MLBS_DP1_537000_4142000_classified_point_cloud.laz","2018_MLBS_3_537000_4142000_image.tif","Tree",1,537000,537999.999,4142000,4142999.999
"565",565,537160.84,537172.325,4142103.178,4142112.176,"Silva","NEON_D07_MLBS_DP1_537000_4142000_classified_point_cloud.laz","2018_MLBS_3_537000_4142000_image.tif","Tree",1,537000,537999.999,4142000,4142999.999
"566",566,537177.08,537186.015,4142101.516,4142108.434,"Silva","NEON_D07_MLBS_DP1_537000_4142000_classified_point_cloud.laz","2018_MLBS_3_537000_4142000_image.tif","Tree",1,537000,537999.999,4142000,4142999.999
"567",567,537196.503,537208.422,4142099.506,4142110.459,"Silva","NEON_D07_MLBS_DP1_537000_4142000_classified_point_cloud.laz","2018_MLBS_3_537000_4142000_image.tif","Tree",1,537000,537999.999,4142000,4142999.999
"568",568,537183.009,537190.471,4142097.51,4142105.925,"Silva","NEON_D07_MLBS_DP1_537000_4142000_classified_point_cloud.laz","2018_MLBS_3_537000_4142000_image.tif","Tree",1,537000,537999.999,4142000,4142999.999
"569",569,537218.513,537228.962,4142084.007,4142092.933,"Silva","NEON_D07_MLBS_DP1_537000_4142000_classified_point_cloud.laz","2018_MLBS_3_537000_4142000_image.tif","Tree",1,537000,537999.999,4142000,4142999.999
"570",570,537186.018,537194.476,4142081.003,4142093.84,"Silva","NEON_D07_MLBS_DP1_537000_4142000_classified_point_cloud.laz","2018_MLBS_3_537000_4142000_image.tif","Tree",1,537000,537999.999,4142000,4142999.999
"571",571,537180.514,537187.461,4142083.522,4142092,"Silva","NEON_D07_MLBS_DP1_537000_4142000_classified_point_cloud.laz","2018_MLBS_3_537000_4142000_image.tif","Tree",1,537000,537999.999,4142000,4142999.999
"572",572,537193.113,537204.79,4142087.614,4142097.463,"Silva","NEON_D07_MLBS_DP1_537000_4142000_classified_point_cloud.laz","2018_MLBS_3_537000_4142000_image.tif","Tree",1,537000,537999.999,4142000,4142999.999
"573",573,537176.17,537182.918,4142087.511,4142095.979,"Silva","NEON_D07_MLBS_DP1_537000_4142000_classified_point_cloud.laz","2018_MLBS_3_537000_4142000_image.tif","Tree",1,537000,537999.999,4142000,4142999.999
"574",574,537164.508,537171.358,4142089.014,4142095.485,"Silva","NEON_D07_MLBS_DP1_537000_4142000_classified_point_cloud.laz","2018_MLBS_3_537000_4142000_image.tif","Tree",1,537000,537999.999,4142000,4142999.999
"575",575,537181.509,537190.996,4142092.001,4142097.984,"Silva","NEON_D07_MLBS_DP1_537000_4142000_classified_point_cloud.laz","2018_MLBS_3_537000_4142000_image.tif","Tree",1,537000,537999.999,4142000,4142999.999
"576",576,537223.089,537230.924,4142095.079,4142103.388,"Silva","NEON_D07_MLBS_DP1_537000_4142000_classified_point_cloud.laz","2018_MLBS_3_537000_4142000_image.tif","Tree",1,537000,537999.999,4142000,4142999.999
"577",577,537190.017,537200.972,4142093.014,4142102.483,"Silva","NEON_D07_MLBS_DP1_537000_4142000_classified_point_cloud.laz","2018_MLBS_3_537000_4142000_image.tif","Tree",1,537000,537999.999,4142000,4142999.999
"578",578,537234.518,537243.947,4142016.112,4142023.972,"Silva","NEON_D07_MLBS_DP1_537000_4142000_classified_point_cloud.laz","2018_MLBS_3_537000_4142000_image.tif","Tree",1,537000,537999.999,4142000,4142999.999
"579",579,537251.025,537258.989,4142019.552,4142026.159,"Silva","NEON_D07_MLBS_DP1_537000_4142000_classified_point_cloud.laz","2018_MLBS_3_537000_4142000_image.tif","Tree",1,537000,537999.999,4142000,4142999.999
"580",580,537279.034,537289.427,4142022.52,4142031.264,"Silva","NEON_D07_MLBS_DP1_537000_4142000_classified_point_cloud.laz","2018_MLBS_3_537000_4142000_image.tif","Tree",1,537000,537999.999,4142000,4142999.999
"581",581,537241.012,537246.964,4142020.565,4142031.962,"Silva","NEON_D07_MLBS_DP1_537000_4142000_classified_point_cloud.laz","2018_MLBS_3_537000_4142000_image.tif","Tree",1,537000,537999.999,4142000,4142999.999
"582",582,537243.051,537251.854,4142029.509,4142038.394,"Silva","NEON_D07_MLBS_DP1_537000_4142000_classified_point_cloud.laz","2018_MLBS_3_537000_4142000_image.tif","Tree",1,537000,537999.999,4142000,4142999.999
"583",583,537227.585,537229.971,4142038.193,4142040.979,"Silva","NEON_D07_MLBS_DP1_537000_4142000_classified_point_cloud.laz","2018_MLBS_3_537000_4142000_image.tif","Tree",1,537000,537999.999,4142000,4142999.999
"584",584,537284.583,537290.725,4142045.63,4142051.486,"Silva","NEON_D07_MLBS_DP1_537000_4142000_classified_point_cloud.laz","2018_MLBS_3_537000_4142000_image.tif","Tree",1,537000,537999.999,4142000,4142999.999
"585",585,537263.557,537267.945,4142045.021,4142050.469,"Silva","NEON_D07_MLBS_DP1_537000_4142000_classified_point_cloud.laz","2018_MLBS_3_537000_4142000_image.tif","Tree",1,537000,537999.999,4142000,4142999.999
"586",586,537257.505,537261.367,4142046.706,4142049.901,"Silva","NEON_D07_MLBS_DP1_537000_4142000_classified_point_cloud.laz","2018_MLBS_3_537000_4142000_image.tif","Tree",1,537000,537999.999,4142000,4142999.999
"587",587,537238.026,537243.449,4142045.052,4142049.095,"Silva","NEON_D07_MLBS_DP1_537000_4142000_classified_point_cloud.laz","2018_MLBS_3_537000_4142000_image.tif","Tree",1,537000,537999.999,4142000,4142999.999
"588",588,537280.526,537284.47,4142050.03,4142053.988,"Silva","NEON_D07_MLBS_DP1_537000_4142000_classified_point_cloud.laz","2018_MLBS_3_537000_4142000_image.tif","Tree",1,537000,537999.999,4142000,4142999.999
"589",589,537240.538,537245.978,4142047.827,4142053.997,"Silva","NEON_D07_MLBS_DP1_537000_4142000_classified_point_cloud.laz","2018_MLBS_3_537000_4142000_image.tif","Tree",1,537000,537999.999,4142000,4142999.999
"590",590,537287.562,537296.438,4142050.521,4142056.24,"Silva","NEON_D07_MLBS_DP1_537000_4142000_classified_point_cloud.laz","2018_MLBS_3_537000_4142000_image.tif","Tree",1,537000,537999.999,4142000,4142999.999
"591",591,537270.592,537274.452,4142056.61,4142060.987,"Silva","NEON_D07_MLBS_DP1_537000_4142000_classified_point_cloud.laz","2018_MLBS_3_537000_4142000_image.tif","Tree",1,537000,537999.999,4142000,4142999.999
"592",592,537244.54,537250.412,4142056.549,4142060.451,"Silva","NEON_D07_MLBS_DP1_537000_4142000_classified_point_cloud.laz","2018_MLBS_3_537000_4142000_image.tif","Tree",1,537000,537999.999,4142000,4142999.999
"593",593,537251.794,537257.347,4142060.003,4142066.98,"Silva","NEON_D07_MLBS_DP1_537000_4142000_classified_point_cloud.laz","2018_MLBS_3_537000_4142000_image.tif","Tree",1,537000,537999.999,4142000,4142999.999
"594",594,537256.027,537263.936,4142060.079,4142067.481,"Silva","NEON_D07_MLBS_DP1_537000_4142000_classified_point_cloud.laz","2018_MLBS_3_537000_4142000_image.tif","Tree",1,537000,537999.999,4142000,4142999.999
"595",595,537227.651,537231.97,4142061.167,4142065.485,"Silva","NEON_D07_MLBS_DP1_537000_4142000_classified_point_cloud.laz","2018_MLBS_3_537000_4142000_image.tif","Tree",1,537000,537999.999,4142000,4142999.999
"596",596,537227.827,537230.949,4142065.595,4142069.699,"Silva","NEON_D07_MLBS_DP1_537000_4142000_classified_point_cloud.laz","2018_MLBS_3_537000_4142000_image.tif","Tree",1,537000,537999.999,4142000,4142999.999
"597",597,537289.604,537294.449,4142070.52,4142075.385,"Silva","NEON_D07_MLBS_DP1_537000_4142000_classified_point_cloud.laz","2018_MLBS_3_537000_4142000_image.tif","Tree",1,537000,537999.999,4142000,4142999.999
"598",598,537247.311,537258.941,4142067.022,4142076.488,"Silva","NEON_D07_MLBS_DP1_537000_4142000_classified_point_cloud.laz","2018_MLBS_3_537000_4142000_image.tif","Tree",1,537000,537999.999,4142000,4142999.999
"599",599,537232.639,537237.462,4142069.005,4142074.278,"Silva","NEON_D07_MLBS_DP1_537000_4142000_classified_point_cloud.laz","2018_MLBS_3_537000_4142000_image.tif","Tree",1,537000,537999.999,4142000,4142999.999
"600",600,537256.074,537259.681,4142070.026,4142076.233,"Silva","NEON_D07_MLBS_DP1_537000_4142000_classified_point_cloud.laz","2018_MLBS_3_537000_4142000_image.tif","Tree",1,537000,537999.999,4142000,4142999.999
"601",601,537236.526,537241.284,4142071.651,4142076.069,"Silva","NEON_D07_MLBS_DP1_537000_4142000_classified_point_cloud.laz","2018_MLBS_3_537000_4142000_image.tif","Tree",1,537000,537999.999,4142000,4142999.999
"602",602,537241.232,537245.974,4142076.628,4142081.403,"Silva","NEON_D07_MLBS_DP1_537000_4142000_classified_point_cloud.laz","2018_MLBS_3_537000_4142000_image.tif","Tree",1,537000,537999.999,4142000,4142999.999
"603",603,537290.503,537293.973,4142083.004,4142087.312,"Silva","NEON_D07_MLBS_DP1_537000_4142000_classified_point_cloud.laz","2018_MLBS_3_537000_4142000_image.tif","Tree",1,537000,537999.999,4142000,4142999.999
"604",604,537231.637,537234.429,4142081.011,4142082.837,"Silva","NEON_D07_MLBS_DP1_537000_4142000_classified_point_cloud.laz","2018_MLBS_3_537000_4142000_image.tif","Tree",1,537000,537999.999,4142000,4142999.999
"605",605,537287.659,537290.952,4142084.641,4142087.971,"Silva","NEON_D07_MLBS_DP1_537000_4142000_classified_point_cloud.laz","2018_MLBS_3_537000_4142000_image.tif","Tree",1,537000,537999.999,4142000,4142999.999
"606",606,537332.032,537335.859,4142020.893,4142023.967,"Silva","NEON_D07_MLBS_DP1_537000_4142000_classified_point_cloud.laz","2018_MLBS_3_537000_4142000_image.tif","Tree",1,537000,537999.999,4142000,4142999.999
"607",607,537321.053,537326.29,4142021.017,4142025.462,"Silva","NEON_D07_MLBS_DP1_537000_4142000_classified_point_cloud.laz","2018_MLBS_3_537000_4142000_image.tif","Tree",1,537000,537999.999,4142000,4142999.999
"608",608,537310.094,537315.488,4142018.519,4142024.238,"Silva","NEON_D07_MLBS_DP1_537000_4142000_classified_point_cloud.laz","2018_MLBS_3_537000_4142000_image.tif","Tree",1,537000,537999.999,4142000,4142999.999
"609",609,537348.506,537363.499,4142019.014,4142027.5,"Silva","NEON_D07_MLBS_DP1_537000_4142000_classified_point_cloud.laz","2018_MLBS_3_537000_4142000_image.tif","Tree",1,537000,537999.999,4142000,4142999.999
"610",610,537347.032,537348.49,4142018.001,4142022.544,"Silva","NEON_D07_MLBS_DP1_537000_4142000_classified_point_cloud.laz","2018_MLBS_3_537000_4142000_image.tif","Tree",1,537000,537999.999,4142000,4142999.999
"611",611,537325.534,537329.974,4142021.063,4142025.473,"Silva","NEON_D07_MLBS_DP1_537000_4142000_classified_point_cloud.laz","2018_MLBS_3_537000_4142000_image.tif","Tree",1,537000,537999.999,4142000,4142999.999
"612",612,537335.523,537342.298,4142024.616,4142030.471,"Silva","NEON_D07_MLBS_DP1_537000_4142000_classified_point_cloud.laz","2018_MLBS_3_537000_4142000_image.tif","Tree",1,537000,537999.999,4142000,4142999.999
"613",613,537300.581,537307.725,4142022.046,4142030.477,"Silva","NEON_D07_MLBS_DP1_537000_4142000_classified_point_cloud.laz","2018_MLBS_3_537000_4142000_image.tif","Tree",1,537000,537999.999,4142000,4142999.999
"614",614,537351.001,537359.981,4142027.502,4142039.477,"Silva","NEON_D07_MLBS_DP1_537000_4142000_classified_point_cloud.laz","2018_MLBS_3_537000_4142000_image.tif","Tree",1,537000,537999.999,4142000,4142999.999
"615",615,537322.033,537325.56,4142029.081,4142032.433,"Silva","NEON_D07_MLBS_DP1_537000_4142000_classified_point_cloud.laz","2018_MLBS_3_537000_4142000_image.tif","Tree",1,537000,537999.999,4142000,4142999.999
"616",616,537295.002,537304.488,4142036.755,4142046.778,"Silva","NEON_D07_MLBS_DP1_537000_4142000_classified_point_cloud.laz","2018_MLBS_3_537000_4142000_image.tif","Tree",1,537000,537999.999,4142000,4142999.999
"617",617,537333.523,537337.762,4142044.608,4142048.468,"Silva","NEON_D07_MLBS_DP1_537000_4142000_classified_point_cloud.laz","2018_MLBS_3_537000_4142000_image.tif","Tree",1,537000,537999.999,4142000,4142999.999
"618",618,537343.08,537346.499,4142046.512,4142049.496,"Silva","NEON_D07_MLBS_DP1_537000_4142000_classified_point_cloud.laz","2018_MLBS_3_537000_4142000_image.tif","Tree",1,537000,537999.999,4142000,4142999.999
"619",619,537345.506,537349.47,4142049.014,4142052.478,"Silva","NEON_D07_MLBS_DP1_537000_4142000_classified_point_cloud.laz","2018_MLBS_3_537000_4142000_image.tif","Tree",1,537000,537999.999,4142000,4142999.999
"620",620,537355.007,537357.899,4142047.427,4142052.99,"Silva","NEON_D07_MLBS_DP1_537000_4142000_classified_point_cloud.laz","2018_MLBS_3_537000_4142000_image.tif","Tree",1,537000,537999.999,4142000,4142999.999
"621",621,537346.024,537349.473,4142052.521,4142055.971,"Silva","NEON_D07_MLBS_DP1_537000_4142000_classified_point_cloud.laz","2018_MLBS_3_537000_4142000_image.tif","Tree",1,537000,537999.999,4142000,4142999.999
"622",622,537342.645,537347.782,4142054.602,4142059.992,"Silva","NEON_D07_MLBS_DP1_537000_4142000_classified_point_cloud.laz","2018_MLBS_3_537000_4142000_image.tif","Tree",1,537000,537999.999,4142000,4142999.999
"623",623,537344.723,537352.212,4142059.322,4142064.477,"Silva","NEON_D07_MLBS_DP1_537000_4142000_classified_point_cloud.laz","2018_MLBS_3_537000_4142000_image.tif","Tree",1,537000,537999.999,4142000,4142999.999
"624",624,537345.53,537350.434,4142064.088,4142067.995,"Silva","NEON_D07_MLBS_DP1_537000_4142000_classified_point_cloud.laz","2018_MLBS_3_537000_4142000_image.tif","Tree",1,537000,537999.999,4142000,4142999.999
"625",625,537345.77,537349.441,4142068.554,4142071.861,"Silva","NEON_D07_MLBS_DP1_537000_4142000_classified_point_cloud.laz","2018_MLBS_3_537000_4142000_image.tif","Tree",1,537000,537999.999,4142000,4142999.999
"626",626,537345.079,537350.416,4142072.245,4142076.965,"Silva","NEON_D07_MLBS_DP1_537000_4142000_classified_point_cloud.laz","2018_MLBS_3_537000_4142000_image.tif","Tree",1,537000,537999.999,4142000,4142999.999
"627",627,537332.553,537337.433,4142071.09,4142075.711,"Silva","NEON_D07_MLBS_DP1_537000_4142000_classified_point_cloud.laz","2018_MLBS_3_537000_4142000_image.tif","Tree",1,537000,537999.999,4142000,4142999.999
"628",628,537313.133,537320.236,4142066.555,4142072.802,"Silva","NEON_D07_MLBS_DP1_537000_4142000_classified_point_cloud.laz","2018_MLBS_3_537000_4142000_image.tif","Tree",1,537000,537999.999,4142000,4142999.999
"629",629,537349.575,537357.849,4142075.023,4142079.951,"Silva","NEON_D07_MLBS_DP1_537000_4142000_classified_point_cloud.laz","2018_MLBS_3_537000_4142000_image.tif","Tree",1,537000,537999.999,4142000,4142999.999
"630",630,537342.154,537345.984,4142075.785,4142079.485,"Silva","NEON_D07_MLBS_DP1_537000_4142000_classified_point_cloud.laz","2018_MLBS_3_537000_4142000_image.tif","Tree",1,537000,537999.999,4142000,4142999.999
"631",631,537300.166,537310.461,4142072.545,4142082.412,"Silva","NEON_D07_MLBS_DP1_537000_4142000_classified_point_cloud.laz","2018_MLBS_3_537000_4142000_image.tif","Tree",1,537000,537999.999,4142000,4142999.999
"632",632,537311.539,537317.449,4142077.554,4142081.978,"Silva","NEON_D07_MLBS_DP1_537000_4142000_classified_point_cloud.laz","2018_MLBS_3_537000_4142000_image.tif","Tree",1,537000,537999.999,4142000,4142999.999
"633",633,537291.042,537297.487,4142078.022,4142083.143,"Silva","NEON_D07_MLBS_DP1_537000_4142000_classified_point_cloud.laz","2018_MLBS_3_537000_4142000_image.tif","Tree",1,537000,537999.999,4142000,4142999.999
"634",634,537293.546,537297.972,4142082.629,4142087.469,"Silva","NEON_D07_MLBS_DP1_537000_4142000_classified_point_cloud.laz","2018_MLBS_3_537000_4142000_image.tif","Tree",1,537000,537999.999,4142000,4142999.999
"635",635,537236.254,537242.999,4142143.709,4142152.446,"Silva","NEON_D07_MLBS_DP1_537000_4142000_classified_point_cloud.laz","2018_MLBS_3_537000_4142000_image.tif","Tree",1,537000,537999.999,4142000,4142999.999
"636",636,537243.006,537251.293,4142144.205,4142152.981,"Silva","NEON_D07_MLBS_DP1_537000_4142000_classified_point_cloud.laz","2018_MLBS_3_537000_4142000_image.tif","Tree",1,537000,537999.999,4142000,4142999.999
"637",637,537225.801,537239.678,4142139.209,4142149.476,"Silva","NEON_D07_MLBS_DP1_537000_4142000_classified_point_cloud.laz","2018_MLBS_3_537000_4142000_image.tif","Tree",1,537000,537999.999,4142000,4142999.999
"638",638,537278.41,537282.774,4142084.004,4142088.481,"Silva","NEON_D07_MLBS_DP1_537000_4142000_classified_point_cloud.laz","2018_MLBS_3_537000_4142000_image.tif","Tree",1,537000,537999.999,4142000,4142999.999
"639",639,537253.527,537256.337,4142085.712,4142088.457,"Silva","NEON_D07_MLBS_DP1_537000_4142000_classified_point_cloud.laz","2018_MLBS_3_537000_4142000_image.tif","Tree",1,537000,537999.999,4142000,4142999.999
"640",640,537233.611,537235.819,4142085.178,4142087.558,"Silva","NEON_D07_MLBS_DP1_537000_4142000_classified_point_cloud.laz","2018_MLBS_3_537000_4142000_image.tif","Tree",1,537000,537999.999,4142000,4142999.999
"641",641,537248.007,537250.982,4142095.645,4142098.815,"Silva","NEON_D07_MLBS_DP1_537000_4142000_classified_point_cloud.laz","2018_MLBS_3_537000_4142000_image.tif","Tree",1,537000,537999.999,4142000,4142999.999
"642",642,537291.003,537294.296,4142098.249,4142101.961,"Silva","NEON_D07_MLBS_DP1_537000_4142000_classified_point_cloud.laz","2018_MLBS_3_537000_4142000_image.tif","Tree",1,537000,537999.999,4142000,4142999.999
"643",643,537286.127,537290.903,4142098.259,4142102.961,"Silva","NEON_D07_MLBS_DP1_537000_4142000_classified_point_cloud.laz","2018_MLBS_3_537000_4142000_image.tif","Tree",1,537000,537999.999,4142000,4142999.999
"644",644,537274.049,537275.931,4142111.525,4142113.238,"Silva","NEON_D07_MLBS_DP1_537000_4142000_classified_point_cloud.laz","2018_MLBS_3_537000_4142000_image.tif","Tree",1,537000,537999.999,4142000,4142999.999
"645",645,537261.057,537265.362,4142109.099,4142114.192,"Silva","NEON_D07_MLBS_DP1_537000_4142000_classified_point_cloud.laz","2018_MLBS_3_537000_4142000_image.tif","Tree",1,537000,537999.999,4142000,4142999.999
"646",646,537271.564,537274.456,4142115.01,4142118.029,"Silva","NEON_D07_MLBS_DP1_537000_4142000_classified_point_cloud.laz","2018_MLBS_3_537000_4142000_image.tif","Tree",1,537000,537999.999,4142000,4142999.999
"647",647,537263.062,537266.42,4142117.26,4142120.499,"Silva","NEON_D07_MLBS_DP1_537000_4142000_classified_point_cloud.laz","2018_MLBS_3_537000_4142000_image.tif","Tree",1,537000,537999.999,4142000,4142999.999
"648",648,537265.275,537266.969,4142122.033,4142123.449,"Silva","NEON_D07_MLBS_DP1_537000_4142000_classified_point_cloud.laz","2018_MLBS_3_537000_4142000_image.tif","Tree",1,537000,537999.999,4142000,4142999.999
"649",649,537264,537268.87,4142125.686,4142129.761,"Silva","NEON_D07_MLBS_DP1_537000_4142000_classified_point_cloud.laz","2018_MLBS_3_537000_4142000_image.tif","Tree",1,537000,537999.999,4142000,4142999.999
"650",650,537302.006,537310.85,4142144.714,4142151.916,"Silva","NEON_D07_MLBS_DP1_537000_4142000_classified_point_cloud.laz","2018_MLBS_3_537000_4142000_image.tif","Tree",1,537000,537999.999,4142000,4142999.999
"651",651,537290.608,537298.923,4142143.024,4142151.38,"Silva","NEON_D07_MLBS_DP1_537000_4142000_classified_point_cloud.laz","2018_MLBS_3_537000_4142000_image.tif","Tree",1,537000,537999.999,4142000,4142999.999
"652",652,537319.566,537327.417,4142147.551,4142152.955,"Silva","NEON_D07_MLBS_DP1_537000_4142000_classified_point_cloud.laz","2018_MLBS_3_537000_4142000_image.tif","Tree",1,537000,537999.999,4142000,4142999.999
"653",653,537342.555,537348.955,4142145.536,4142151.835,"Silva","NEON_D07_MLBS_DP1_537000_4142000_classified_point_cloud.laz","2018_MLBS_3_537000_4142000_image.tif","Tree",1,537000,537999.999,4142000,4142999.999
"654",654,537338.007,537341.909,4142145.513,4142150.988,"Silva","NEON_D07_MLBS_DP1_537000_4142000_classified_point_cloud.laz","2018_MLBS_3_537000_4142000_image.tif","Tree",1,537000,537999.999,4142000,4142999.999
"655",655,537348.098,537356.997,4142143.51,4142153.985,"Silva","NEON_D07_MLBS_DP1_537000_4142000_classified_point_cloud.laz","2018_MLBS_3_537000_4142000_image.tif","Tree",1,537000,537999.999,4142000,4142999.999
"656",656,537319.1,537322.689,4142142.892,4142146.499,"Silva","NEON_D07_MLBS_DP1_537000_4142000_classified_point_cloud.laz","2018_MLBS_3_537000_4142000_image.tif","Tree",1,537000,537999.999,4142000,4142999.999
"657",657,537340.712,537348.92,4142138.063,4142146.499,"Silva","NEON_D07_MLBS_DP1_537000_4142000_classified_point_cloud.laz","2018_MLBS_3_537000_4142000_image.tif","Tree",1,537000,537999.999,4142000,4142999.999
"658",658,537300.623,537306.477,4142139.616,4142145.651,"Silva","NEON_D07_MLBS_DP1_537000_4142000_classified_point_cloud.laz","2018_MLBS_3_537000_4142000_image.tif","Tree",1,537000,537999.999,4142000,4142999.999
"659",659,537308.426,537310.958,4142137.853,4142141.231,"Silva","NEON_D07_MLBS_DP1_537000_4142000_classified_point_cloud.laz","2018_MLBS_3_537000_4142000_image.tif","Tree",1,537000,537999.999,4142000,4142999.999
"660",660,537311.038,537313.973,4142137.397,4142139.491,"Silva","NEON_D07_MLBS_DP1_537000_4142000_classified_point_cloud.laz","2018_MLBS_3_537000_4142000_image.tif","Tree",1,537000,537999.999,4142000,4142999.999
"661",661,537353.083,537361.934,4142132.213,4142141.47,"Silva","NEON_D07_MLBS_DP1_537000_4142000_classified_point_cloud.laz","2018_MLBS_3_537000_4142000_image.tif","Tree",1,537000,537999.999,4142000,4142999.999
"662",662,537328.23,537335.238,4142130.04,4142138.845,"Silva","NEON_D07_MLBS_DP1_537000_4142000_classified_point_cloud.laz","2018_MLBS_3_537000_4142000_image.tif","Tree",1,537000,537999.999,4142000,4142999.999
"663",663,537301.369,537307.968,4142127.532,4142133.467,"Silva","NEON_D07_MLBS_DP1_537000_4142000_classified_point_cloud.laz","2018_MLBS_3_537000_4142000_image.tif","Tree",1,537000,537999.999,4142000,4142999.999
"664",664,537335.529,537343.947,4142130.599,4142139.458,"Silva","NEON_D07_MLBS_DP1_537000_4142000_classified_point_cloud.laz","2018_MLBS_3_537000_4142000_image.tif","Tree",1,537000,537999.999,4142000,4142999.999
"665",665,537317.624,537319.309,4142133.054,4142134.774,"Silva","NEON_D07_MLBS_DP1_537000_4142000_classified_point_cloud.laz","2018_MLBS_3_537000_4142000_image.tif","Tree",1,537000,537999.999,4142000,4142999.999
"666",666,537348.524,537354.494,4142089.015,4142096.349,"Silva","NEON_D07_MLBS_DP1_537000_4142000_classified_point_cloud.laz","2018_MLBS_3_537000_4142000_image.tif","Tree",1,537000,537999.999,4142000,4142999.999
"667",667,537341.028,537349.476,4142089.004,4142095.484,"Silva","NEON_D07_MLBS_DP1_537000_4142000_classified_point_cloud.laz","2018_MLBS_3_537000_4142000_image.tif","Tree",1,537000,537999.999,4142000,4142999.999
"668",668,537309.128,537310.976,4142090.62,4142092.232,"Silva","NEON_D07_MLBS_DP1_537000_4142000_classified_point_cloud.laz","2018_MLBS_3_537000_4142000_image.tif","Tree",1,537000,537999.999,4142000,4142999.999
"669",669,537300.024,537302.353,4142092.505,4142094.952,"Silva","NEON_D07_MLBS_DP1_537000_4142000_classified_point_cloud.laz","2018_MLBS_3_537000_4142000_image.tif","Tree",1,537000,537999.999,4142000,4142999.999
"670",670,537336.549,537343.977,4142091.504,4142100.963,"Silva","NEON_D07_MLBS_DP1_537000_4142000_classified_point_cloud.laz","2018_MLBS_3_537000_4142000_image.tif","Tree",1,537000,537999.999,4142000,4142999.999
"671",671,537339.066,537348.39,4142100.083,4142108.478,"Silva","NEON_D07_MLBS_DP1_537000_4142000_classified_point_cloud.laz","2018_MLBS_3_537000_4142000_image.tif","Tree",1,537000,537999.999,4142000,4142999.999
"672",672,537293.53,537297.984,4142099.006,4142103.486,"Silva","NEON_D07_MLBS_DP1_537000_4142000_classified_point_cloud.laz","2018_MLBS_3_537000_4142000_image.tif","Tree",1,537000,537999.999,4142000,4142999.999
"673",673,537297.128,537301.982,4142103.923,4142109.995,"Silva","NEON_D07_MLBS_DP1_537000_4142000_classified_point_cloud.laz","2018_MLBS_3_537000_4142000_image.tif","Tree",1,537000,537999.999,4142000,4142999.999
"674",674,537347.097,537356.483,4142103.036,4142116.549,"Silva","NEON_D07_MLBS_DP1_537000_4142000_classified_point_cloud.laz","2018_MLBS_3_537000_4142000_image.tif","Tree",1,537000,537999.999,4142000,4142999.999
"675",675,537324.517,537331.978,4142107.625,4142114.044,"Silva","NEON_D07_MLBS_DP1_537000_4142000_classified_point_cloud.laz","2018_MLBS_3_537000_4142000_image.tif","Tree",1,537000,537999.999,4142000,4142999.999
"676",676,537300.011,537306.467,4142108.625,4142114.446,"Silva","NEON_D07_MLBS_DP1_537000_4142000_classified_point_cloud.laz","2018_MLBS_3_537000_4142000_image.tif","Tree",1,537000,537999.999,4142000,4142999.999
"677",677,537338.038,537345.488,4142110.04,4142117.882,"Silva","NEON_D07_MLBS_DP1_537000_4142000_classified_point_cloud.laz","2018_MLBS_3_537000_4142000_image.tif","Tree",1,537000,537999.999,4142000,4142999.999
"678",678,537295.517,537298.992,4142112.013,4142115.95,"Silva","NEON_D07_MLBS_DP1_537000_4142000_classified_point_cloud.laz","2018_MLBS_3_537000_4142000_image.tif","Tree",1,537000,537999.999,4142000,4142999.999
"679",679,537316.416,537319.98,4142114.54,4142119.83,"Silva","NEON_D07_MLBS_DP1_537000_4142000_classified_point_cloud.laz","2018_MLBS_3_537000_4142000_image.tif","Tree",1,537000,537999.999,4142000,4142999.999
"680",680,537339.501,537350.448,4142114.555,4142122.432,"Silva","NEON_D07_MLBS_DP1_537000_4142000_classified_point_cloud.laz","2018_MLBS_3_537000_4142000_image.tif","Tree",1,537000,537999.999,4142000,4142999.999
"681",681,537319.048,537327.901,4142117.519,4142124.792,"Silva","NEON_D07_MLBS_DP1_537000_4142000_classified_point_cloud.laz","2018_MLBS_3_537000_4142000_image.tif","Tree",1,537000,537999.999,4142000,4142999.999
"682",682,537350.638,537363.385,4142118.68,4142129.098,"Silva","NEON_D07_MLBS_DP1_537000_4142000_classified_point_cloud.laz","2018_MLBS_3_537000_4142000_image.tif","Tree",1,537000,537999.999,4142000,4142999.999
"683",683,537341.039,537348.99,4142121.403,4142125.497,"Silva","NEON_D07_MLBS_DP1_537000_4142000_classified_point_cloud.laz","2018_MLBS_3_537000_4142000_image.tif","Tree",1,537000,537999.999,4142000,4142999.999
"684",684,537310.021,537318.924,4142117.562,4142126.849,"Silva","NEON_D07_MLBS_DP1_537000_4142000_classified_point_cloud.laz","2018_MLBS_3_537000_4142000_image.tif","Tree",1,537000,537999.999,4142000,4142999.999
"685",685,537301.031,537308.902,4142116.078,4142124.981,"Silva","NEON_D07_MLBS_DP1_537000_4142000_classified_point_cloud.laz","2018_MLBS_3_537000_4142000_image.tif","Tree",1,537000,537999.999,4142000,4142999.999
"686",686,537336.026,537341.48,4142120.055,4142128.4,"Silva","NEON_D07_MLBS_DP1_537000_4142000_classified_point_cloud.laz","2018_MLBS_3_537000_4142000_image.tif","Tree",1,537000,537999.999,4142000,4142999.999
"687",687,537326.513,537333.449,4142121.52,4142129.966,"Silva","NEON_D07_MLBS_DP1_537000_4142000_classified_point_cloud.laz","2018_MLBS_3_537000_4142000_image.tif","Tree",1,537000,537999.999,4142000,4142999.999
"688",688,537348.018,537358.476,4142122.559,4142134.462,"Silva","NEON_D07_MLBS_DP1_537000_4142000_classified_point_cloud.laz","2018_MLBS_3_537000_4142000_image.tif","Tree",1,537000,537999.999,4142000,4142999.999
"689",689,537295.01,537300.817,4142127.043,4142131.667,"Silva","NEON_D07_MLBS_DP1_537000_4142000_classified_point_cloud.laz","2018_MLBS_3_537000_4142000_image.tif","Tree",1,537000,537999.999,4142000,4142999.999
"690",690,537305.511,537314.429,4142125.854,4142133.498,"Silva","NEON_D07_MLBS_DP1_537000_4142000_classified_point_cloud.laz","2018_MLBS_3_537000_4142000_image.tif","Tree",1,537000,537999.999,4142000,4142999.999
"691",691,537342.087,537351.198,4142128.616,4142138.474,"Silva","NEON_D07_MLBS_DP1_537000_4142000_classified_point_cloud.laz","2018_MLBS_3_537000_4142000_image.tif","Tree",1,537000,537999.999,4142000,4142999.999
"692",692,537333.507,537340.454,4142128.118,4142135.947,"Silva","NEON_D07_MLBS_DP1_537000_4142000_classified_point_cloud.laz","2018_MLBS_3_537000_4142000_image.tif","Tree",1,537000,537999.999,4142000,4142999.999
"693",693,537114.527,537129.895,4142154.513,4142163.37,"Silva","NEON_D07_MLBS_DP1_537000_4142000_classified_point_cloud.laz","2018_MLBS_3_537000_4142000_image.tif","Tree",1,537000,537999.999,4142000,4142999.999
"694",694,537204.003,537212.469,4142171.555,4142184.457,"Silva","NEON_D07_MLBS_DP1_537000_4142000_classified_point_cloud.laz","2018_MLBS_3_537000_4142000_image.tif","Tree",1,537000,537999.999,4142000,4142999.999
"695",695,537173.874,537183.998,4142169.613,4142179.973,"Silva","NEON_D07_MLBS_DP1_537000_4142000_classified_point_cloud.laz","2018_MLBS_3_537000_4142000_image.tif","Tree",1,537000,537999.999,4142000,4142999.999
"696",696,537183.622,537193.995,4142174.003,4142179.375,"Silva","NEON_D07_MLBS_DP1_537000_4142000_classified_point_cloud.laz","2018_MLBS_3_537000_4142000_image.tif","Tree",1,537000,537999.999,4142000,4142999.999
"697",697,537169.437,537179.203,4142167.078,4142178.472,"Silva","NEON_D07_MLBS_DP1_537000_4142000_classified_point_cloud.laz","2018_MLBS_3_537000_4142000_image.tif","Tree",1,537000,537999.999,4142000,4142999.999
"698",698,537205.504,537217.91,4142170.682,4142181.995,"Silva","NEON_D07_MLBS_DP1_537000_4142000_classified_point_cloud.laz","2018_MLBS_3_537000_4142000_image.tif","Tree",1,537000,537999.999,4142000,4142999.999
"699",699,537209.091,537218.442,4142166.55,4142179.415,"Silva","NEON_D07_MLBS_DP1_537000_4142000_classified_point_cloud.laz","2018_MLBS_3_537000_4142000_image.tif","Tree",1,537000,537999.999,4142000,4142999.999
"700",700,537216.538,537224.998,4142168.501,4142178.914,"Silva","NEON_D07_MLBS_DP1_537000_4142000_classified_point_cloud.laz","2018_MLBS_3_537000_4142000_image.tif","Tree",1,537000,537999.999,4142000,4142999.999
"701",701,537158.642,537167.984,4142159.037,4142169.947,"Silva","NEON_D07_MLBS_DP1_537000_4142000_classified_point_cloud.laz","2018_MLBS_3_537000_4142000_image.tif","Tree",1,537000,537999.999,4142000,4142999.999
"702",702,537188.535,537200.901,4142164.002,4142171.947,"Silva","NEON_D07_MLBS_DP1_537000_4142000_classified_point_cloud.laz","2018_MLBS_3_537000_4142000_image.tif","Tree",1,537000,537999.999,4142000,4142999.999
"703",703,537178.533,537188.983,4142163.068,4142170.95,"Silva","NEON_D07_MLBS_DP1_537000_4142000_classified_point_cloud.laz","2018_MLBS_3_537000_4142000_image.tif","Tree",1,537000,537999.999,4142000,4142999.999
"704",704,537166.525,537178.492,4142159.128,4142168.952,"Silva","NEON_D07_MLBS_DP1_537000_4142000_classified_point_cloud.laz","2018_MLBS_3_537000_4142000_image.tif","Tree",1,537000,537999.999,4142000,4142999.999
"705",705,537187.058,537193.986,4142157.012,4142165.994,"Silva","NEON_D07_MLBS_DP1_537000_4142000_classified_point_cloud.laz","2018_MLBS_3_537000_4142000_image.tif","Tree",1,537000,537999.999,4142000,4142999.999
"706",706,537178.582,537188.488,4142157.09,4142163.965,"Silva","NEON_D07_MLBS_DP1_537000_4142000_classified_point_cloud.laz","2018_MLBS_3_537000_4142000_image.tif","Tree",1,537000,537999.999,4142000,4142999.999
"707",707,537170.519,537178.993,4142153.748,4142161.986,"Silva","NEON_D07_MLBS_DP1_537000_4142000_classified_point_cloud.laz","2018_MLBS_3_537000_4142000_image.tif","Tree",1,537000,537999.999,4142000,4142999.999
"708",708,537178.534,537186.985,4142152.046,4142159.886,"Silva","NEON_D07_MLBS_DP1_537000_4142000_classified_point_cloud.laz","2018_MLBS_3_537000_4142000_image.tif","Tree",1,537000,537999.999,4142000,4142999.999
"709",709,537196.518,537205.94,4142151.506,4142164.898,"Silva","NEON_D07_MLBS_DP1_537000_4142000_classified_point_cloud.laz","2018_MLBS_3_537000_4142000_image.tif","Tree",1,537000,537999.999,4142000,4142999.999
"710",710,537165.529,537173.966,4142150.509,4142159.937,"Silva","NEON_D07_MLBS_DP1_537000_4142000_classified_point_cloud.laz","2018_MLBS_3_537000_4142000_image.tif","Tree",1,537000,537999.999,4142000,4142999.999
"711",711,537158.593,537167.318,4142149.345,4142158.974,"Silva","NEON_D07_MLBS_DP1_537000_4142000_classified_point_cloud.laz","2018_MLBS_3_537000_4142000_image.tif","Tree",1,537000,537999.999,4142000,4142999.999
"712",712,537188.624,537197.993,4142149.087,4142157.382,"Silva","NEON_D07_MLBS_DP1_537000_4142000_classified_point_cloud.laz","2018_MLBS_3_537000_4142000_image.tif","Tree",1,537000,537999.999,4142000,4142999.999
"713",713,537181.001,537189.442,4142149.512,4142156.941,"Silva","NEON_D07_MLBS_DP1_537000_4142000_classified_point_cloud.laz","2018_MLBS_3_537000_4142000_image.tif","Tree",1,537000,537999.999,4142000,4142999.999
"714",714,537221.024,537228.988,4142186.007,4142195,"Silva","NEON_D07_MLBS_DP1_537000_4142000_classified_point_cloud.laz","2018_MLBS_3_537000_4142000_image.tif","Tree",1,537000,537999.999,4142000,4142999.999
"715",715,537187.563,537197.388,4142185.003,4142194.458,"Silva","NEON_D07_MLBS_DP1_537000_4142000_classified_point_cloud.laz","2018_MLBS_3_537000_4142000_image.tif","Tree",1,537000,537999.999,4142000,4142999.999
"716",716,537195.52,537204.44,4142187.941,4142197.996,"Silva","NEON_D07_MLBS_DP1_537000_4142000_classified_point_cloud.laz","2018_MLBS_3_537000_4142000_image.tif","Tree",1,537000,537999.999,4142000,4142999.999
"717",717,537202.657,537213.399,4142191.525,4142201.818,"Silva","NEON_D07_MLBS_DP1_537000_4142000_classified_point_cloud.laz","2018_MLBS_3_537000_4142000_image.tif","Tree",1,537000,537999.999,4142000,4142999.999
"718",718,537217.057,537222.497,4142198.506,4142206.496,"Silva","NEON_D07_MLBS_DP1_537000_4142000_classified_point_cloud.laz","2018_MLBS_3_537000_4142000_image.tif","Tree",1,537000,537999.999,4142000,4142999.999
"719",719,537191.6,537201.457,4142193.73,4142204.976,"Silva","NEON_D07_MLBS_DP1_537000_4142000_classified_point_cloud.laz","2018_MLBS_3_537000_4142000_image.tif","Tree",1,537000,537999.999,4142000,4142999.999
"720",720,537196.641,537204.48,4142205.01,4142210.976,"Silva","NEON_D07_MLBS_DP1_537000_4142000_classified_point_cloud.laz","2018_MLBS_3_537000_4142000_image.tif","Tree",1,537000,537999.999,4142000,4142999.999
"721",721,537220.508,537227.43,4142207.054,4142215.432,"Silva","NEON_D07_MLBS_DP1_537000_4142000_classified_point_cloud.laz","2018_MLBS_3_537000_4142000_image.tif","Tree",1,537000,537999.999,4142000,4142999.999
"722",722,537204.528,537213.494,4142203.013,4142213.49,"Silva","NEON_D07_MLBS_DP1_537000_4142000_classified_point_cloud.laz","2018_MLBS_3_537000_4142000_image.tif","Tree",1,537000,537999.999,4142000,4142999.999
"723",723,537191.02,537198.491,4142206.029,4142215.489,"Silva","NEON_D07_MLBS_DP1_537000_4142000_classified_point_cloud.laz","2018_MLBS_3_537000_4142000_image.tif","Tree",1,537000,537999.999,4142000,4142999.999
"724",724,537212.718,537222.981,4142208.82,4142217.985,"Silva","NEON_D07_MLBS_DP1_537000_4142000_classified_point_cloud.laz","2018_MLBS_3_537000_4142000_image.tif","Tree",1,537000,537999.999,4142000,4142999.999
"725",725,537195.565,537203.416,4142210.515,4142218.472,"Silva","NEON_D07_MLBS_DP1_537000_4142000_classified_point_cloud.laz","2018_MLBS_3_537000_4142000_image.tif","Tree",1,537000,537999.999,4142000,4142999.999
"726",726,537184.056,537194.871,4142207.65,4142216.69,"Silva","NEON_D07_MLBS_DP1_537000_4142000_classified_point_cloud.laz","2018_MLBS_3_537000_4142000_image.tif","Tree",1,537000,537999.999,4142000,4142999.999
"727",727,537133.504,537142.107,4142246.012,4142247.86,"Silva","NEON_D07_MLBS_DP1_537000_4142000_classified_point_cloud.laz","2018_MLBS_3_537000_4142000_image.tif","Tree",1,537000,537999.999,4142000,4142999.999
"728",728,537209.647,537216.988,4142214.673,4142226.345,"Silva","NEON_D07_MLBS_DP1_537000_4142000_classified_point_cloud.laz","2018_MLBS_3_537000_4142000_image.tif","Tree",1,537000,537999.999,4142000,4142999.999
"729",729,537191.008,537198.468,4142215.682,4142224.86,"Silva","NEON_D07_MLBS_DP1_537000_4142000_classified_point_cloud.laz","2018_MLBS_3_537000_4142000_image.tif","Tree",1,537000,537999.999,4142000,4142999.999
"730",730,537211.523,537220.266,4142226.526,4142236.892,"Silva","NEON_D07_MLBS_DP1_537000_4142000_classified_point_cloud.laz","2018_MLBS_3_537000_4142000_image.tif","Tree",1,537000,537999.999,4142000,4142999.999
"731",731,537254.582,537260.634,4142214.525,4142220.369,"Silva","NEON_D07_MLBS_DP1_537000_4142000_classified_point_cloud.laz","2018_MLBS_3_537000_4142000_image.tif","Tree",1,537000,537999.999,4142000,4142999.999
"732",732,537259.714,537266.995,4142209.078,4142219.425,"Silva","NEON_D07_MLBS_DP1_537000_4142000_classified_point_cloud.laz","2018_MLBS_3_537000_4142000_image.tif","Tree",1,537000,537999.999,4142000,4142999.999
"733",733,537224.337,537233.4,4142210.072,4142217.938,"Silva","NEON_D07_MLBS_DP1_537000_4142000_classified_point_cloud.laz","2018_MLBS_3_537000_4142000_image.tif","Tree",1,537000,537999.999,4142000,4142999.999
"734",734,537250.011,537257.377,4142210.027,4142219.474,"Silva","NEON_D07_MLBS_DP1_537000_4142000_classified_point_cloud.laz","2018_MLBS_3_537000_4142000_image.tif","Tree",1,537000,537999.999,4142000,4142999.999
"735",735,537243.15,537249.997,4142209.623,4142217.981,"Silva","NEON_D07_MLBS_DP1_537000_4142000_classified_point_cloud.laz","2018_MLBS_3_537000_4142000_image.tif","Tree",1,537000,537999.999,4142000,4142999.999
"736",736,537274.105,537280.428,4142210.545,4142217.992,"Silva","NEON_D07_MLBS_DP1_537000_4142000_classified_point_cloud.laz","2018_MLBS_3_537000_4142000_image.tif","Tree",1,537000,537999.999,4142000,4142999.999
"737",737,537286.507,537292.968,4142209.028,4142216.961,"Silva","NEON_D07_MLBS_DP1_537000_4142000_classified_point_cloud.laz","2018_MLBS_3_537000_4142000_image.tif","Tree",1,537000,537999.999,4142000,4142999.999
"738",738,537229.521,537239.74,4142204.015,4142212.87,"Silva","NEON_D07_MLBS_DP1_537000_4142000_classified_point_cloud.laz","2018_MLBS_3_537000_4142000_image.tif","Tree",1,537000,537999.999,4142000,4142999.999
"739",739,537282.942,537287.45,4142208.637,4142216.318,"Silva","NEON_D07_MLBS_DP1_537000_4142000_classified_point_cloud.laz","2018_MLBS_3_537000_4142000_image.tif","Tree",1,537000,537999.999,4142000,4142999.999
"740",740,537266.538,537277.997,4142206.613,4142213.458,"Silva","NEON_D07_MLBS_DP1_537000_4142000_classified_point_cloud.laz","2018_MLBS_3_537000_4142000_image.tif","Tree",1,537000,537999.999,4142000,4142999.999
"741",741,537247.065,537255.998,4142202.072,4142212.491,"Silva","NEON_D07_MLBS_DP1_537000_4142000_classified_point_cloud.laz","2018_MLBS_3_537000_4142000_image.tif","Tree",1,537000,537999.999,4142000,4142999.999
"742",742,537281.58,537291.464,4142180.047,4142191.897,"Silva","NEON_D07_MLBS_DP1_537000_4142000_classified_point_cloud.laz","2018_MLBS_3_537000_4142000_image.tif","Tree",1,537000,537999.999,4142000,4142999.999
"743",743,537259.022,537268.478,4142179.566,4142189.313,"Silva","NEON_D07_MLBS_DP1_537000_4142000_classified_point_cloud.laz","2018_MLBS_3_537000_4142000_image.tif","Tree",1,537000,537999.999,4142000,4142999.999
"744",744,537250.508,537259.967,4142178.511,4142189.443,"Silva","NEON_D07_MLBS_DP1_537000_4142000_classified_point_cloud.laz","2018_MLBS_3_537000_4142000_image.tif","Tree",1,537000,537999.999,4142000,4142999.999
"745",745,537268.516,537280.425,4142175.076,4142186.85,"Silva","NEON_D07_MLBS_DP1_537000_4142000_classified_point_cloud.laz","2018_MLBS_3_537000_4142000_image.tif","Tree",1,537000,537999.999,4142000,4142999.999
"746",746,537246.518,537257.388,4142171.573,4142182.892,"Silva","NEON_D07_MLBS_DP1_537000_4142000_classified_point_cloud.laz","2018_MLBS_3_537000_4142000_image.tif","Tree",1,537000,537999.999,4142000,4142999.999
"747",747,537241.564,537250.473,4142170.508,4142178.924,"Silva","NEON_D07_MLBS_DP1_537000_4142000_classified_point_cloud.laz","2018_MLBS_3_537000_4142000_image.tif","Tree",1,537000,537999.999,4142000,4142999.999
"748",748,537272,537283.487,4142169.66,4142181.939,"Silva","NEON_D07_MLBS_DP1_537000_4142000_classified_point_cloud.laz","2018_MLBS_3_537000_4142000_image.tif","Tree",1,537000,537999.999,4142000,4142999.999
"749",749,537255.514,537265.911,4142169.001,4142179.362,"Silva","NEON_D07_MLBS_DP1_537000_4142000_classified_point_cloud.laz","2018_MLBS_3_537000_4142000_image.tif","Tree",1,537000,537999.999,4142000,4142999.999
"750",750,537281.585,537292.494,4142168.157,4142180.853,"Silva","NEON_D07_MLBS_DP1_537000_4142000_classified_point_cloud.laz","2018_MLBS_3_537000_4142000_image.tif","Tree",1,537000,537999.999,4142000,4142999.999
"751",751,537224.002,537231.885,4142164.507,4142174.491,"Silva","NEON_D07_MLBS_DP1_537000_4142000_classified_point_cloud.laz","2018_MLBS_3_537000_4142000_image.tif","Tree",1,537000,537999.999,4142000,4142999.999
"752",752,537236.61,537242.983,4142162.109,4142172.854,"Silva","NEON_D07_MLBS_DP1_537000_4142000_classified_point_cloud.laz","2018_MLBS_3_537000_4142000_image.tif","Tree",1,537000,537999.999,4142000,4142999.999
"753",753,537275.512,537290.492,4142163.643,4142172.468,"Silva","NEON_D07_MLBS_DP1_537000_4142000_classified_point_cloud.laz","2018_MLBS_3_537000_4142000_image.tif","Tree",1,537000,537999.999,4142000,4142999.999
"754",754,537252.009,537259.284,4142161.519,4142172.475,"Silva","NEON_D07_MLBS_DP1_537000_4142000_classified_point_cloud.laz","2018_MLBS_3_537000_4142000_image.tif","Tree",1,537000,537999.999,4142000,4142999.999
"755",755,537263.624,537275.994,4142160.057,4142173.378,"Silva","NEON_D07_MLBS_DP1_537000_4142000_classified_point_cloud.laz","2018_MLBS_3_537000_4142000_image.tif","Tree",1,537000,537999.999,4142000,4142999.999
"756",756,537246.024,537254.984,4142160.054,4142171.499,"Silva","NEON_D07_MLBS_DP1_537000_4142000_classified_point_cloud.laz","2018_MLBS_3_537000_4142000_image.tif","Tree",1,537000,537999.999,4142000,4142999.999
"757",757,537256.576,537265.936,4142158.565,4142169.415,"Silva","NEON_D07_MLBS_DP1_537000_4142000_classified_point_cloud.laz","2018_MLBS_3_537000_4142000_image.tif","Tree",1,537000,537999.999,4142000,4142999.999
"758",758,537242.108,537252.977,4142151.538,4142161.916,"Silva","NEON_D07_MLBS_DP1_537000_4142000_classified_point_cloud.laz","2018_MLBS_3_537000_4142000_image.tif","Tree",1,537000,537999.999,4142000,4142999.999
"759",759,537252.518,537262.816,4142152.722,4142161.465,"Silva","NEON_D07_MLBS_DP1_537000_4142000_classified_point_cloud.laz","2018_MLBS_3_537000_4142000_image.tif","Tree",1,537000,537999.999,4142000,4142999.999
"760",760,537238.001,537245.449,4142149.421,4142160.935,"Silva","NEON_D07_MLBS_DP1_537000_4142000_classified_point_cloud.laz","2018_MLBS_3_537000_4142000_image.tif","Tree",1,537000,537999.999,4142000,4142999.999
"761",761,537225.029,537237.988,4142147.501,4142159.973,"Silva","NEON_D07_MLBS_DP1_537000_4142000_classified_point_cloud.laz","2018_MLBS_3_537000_4142000_image.tif","Tree",1,537000,537999.999,4142000,4142999.999
"762",762,537264.023,537274.446,4142184.003,4142193.997,"Silva","NEON_D07_MLBS_DP1_537000_4142000_classified_point_cloud.laz","2018_MLBS_3_537000_4142000_image.tif","Tree",1,537000,537999.999,4142000,4142999.999
"763",763,537236.003,537246.25,4142182.099,4142194.477,"Silva","NEON_D07_MLBS_DP1_537000_4142000_classified_point_cloud.laz","2018_MLBS_3_537000_4142000_image.tif","Tree",1,537000,537999.999,4142000,4142999.999
"764",764,537277.022,537287.806,4142189.538,4142197.985,"Silva","NEON_D07_MLBS_DP1_537000_4142000_classified_point_cloud.laz","2018_MLBS_3_537000_4142000_image.tif","Tree",1,537000,537999.999,4142000,4142999.999
"765",765,537243.023,537254.494,4142187.033,4142198.996,"Silva","NEON_D07_MLBS_DP1_537000_4142000_classified_point_cloud.laz","2018_MLBS_3_537000_4142000_image.tif","Tree",1,537000,537999.999,4142000,4142999.999
"766",766,537229.037,537235.48,4142191.501,4142197.481,"Silva","NEON_D07_MLBS_DP1_537000_4142000_classified_point_cloud.laz","2018_MLBS_3_537000_4142000_image.tif","Tree",1,537000,537999.999,4142000,4142999.999
"767",767,537252.242,537263.999,4142193.519,4142201.995,"Silva","NEON_D07_MLBS_DP1_537000_4142000_classified_point_cloud.laz","2018_MLBS_3_537000_4142000_image.tif","Tree",1,537000,537999.999,4142000,4142999.999
"768",768,537228.001,537236.827,4142197.53,4142204.434,"Silva","NEON_D07_MLBS_DP1_537000_4142000_classified_point_cloud.laz","2018_MLBS_3_537000_4142000_image.tif","Tree",1,537000,537999.999,4142000,4142999.999
"769",769,537254.218,537266.964,4142200.514,4142208.999,"Silva","NEON_D07_MLBS_DP1_537000_4142000_classified_point_cloud.laz","2018_MLBS_3_537000_4142000_image.tif","Tree",1,537000,537999.999,4142000,4142999.999
"770",770,537240.626,537253.638,4142198.515,4142209.407,"Silva","NEON_D07_MLBS_DP1_537000_4142000_classified_point_cloud.laz","2018_MLBS_3_537000_4142000_image.tif","Tree",1,537000,537999.999,4142000,4142999.999
"771",771,537283.615,537292.427,4142204.511,4142210.972,"Silva","NEON_D07_MLBS_DP1_537000_4142000_classified_point_cloud.laz","2018_MLBS_3_537000_4142000_image.tif","Tree",1,537000,537999.999,4142000,4142999.999
"772",772,537296.028,537303.476,4142212.15,4142221.489,"Silva","NEON_D07_MLBS_DP1_537000_4142000_classified_point_cloud.laz","2018_MLBS_3_537000_4142000_image.tif","Tree",1,537000,537999.999,4142000,4142999.999
"773",773,537291.24,537297.484,4142210.046,4142217.965,"Silva","NEON_D07_MLBS_DP1_537000_4142000_classified_point_cloud.laz","2018_MLBS_3_537000_4142000_image.tif","Tree",1,537000,537999.999,4142000,4142999.999
"774",774,537299.6,537305.431,4142211.065,4142218.574,"Silva","NEON_D07_MLBS_DP1_537000_4142000_classified_point_cloud.laz","2018_MLBS_3_537000_4142000_image.tif","Tree",1,537000,537999.999,4142000,4142999.999
"775",775,537315.75,537325.049,4142213.116,4142217.997,"Silva","NEON_D07_MLBS_DP1_537000_4142000_classified_point_cloud.laz","2018_MLBS_3_537000_4142000_image.tif","Tree",1,537000,537999.999,4142000,4142999.999
"776",776,537308.511,537314.966,4142213.006,4142217.499,"Silva","NEON_D07_MLBS_DP1_537000_4142000_classified_point_cloud.laz","2018_MLBS_3_537000_4142000_image.tif","Tree",1,537000,537999.999,4142000,4142999.999
"777",777,537324.021,537334.498,4142208.015,4142219.497,"Silva","NEON_D07_MLBS_DP1_537000_4142000_classified_point_cloud.laz","2018_MLBS_3_537000_4142000_image.tif","Tree",1,537000,537999.999,4142000,4142999.999
"778",778,537307.684,537315.497,4142206.001,4142213.855,"Silva","NEON_D07_MLBS_DP1_537000_4142000_classified_point_cloud.laz","2018_MLBS_3_537000_4142000_image.tif","Tree",1,537000,537999.999,4142000,4142999.999
"779",779,537338.52,537348.984,4142208.23,4142215.996,"Silva","NEON_D07_MLBS_DP1_537000_4142000_classified_point_cloud.laz","2018_MLBS_3_537000_4142000_image.tif","Tree",1,537000,537999.999,4142000,4142999.999
"780",780,537297.036,537304.793,4142184.052,4142193.965,"Silva","NEON_D07_MLBS_DP1_537000_4142000_classified_point_cloud.laz","2018_MLBS_3_537000_4142000_image.tif","Tree",1,537000,537999.999,4142000,4142999.999
"781",781,537291.534,537297.902,4142185.502,4142189.892,"Silva","NEON_D07_MLBS_DP1_537000_4142000_classified_point_cloud.laz","2018_MLBS_3_537000_4142000_image.tif","Tree",1,537000,537999.999,4142000,4142999.999
"782",782,537334.023,537345.894,4142179.561,4142193.498,"Silva","NEON_D07_MLBS_DP1_537000_4142000_classified_point_cloud.laz","2018_MLBS_3_537000_4142000_image.tif","Tree",1,537000,537999.999,4142000,4142999.999
"783",783,537289.511,537299.969,4142179.238,4142185.965,"Silva","NEON_D07_MLBS_DP1_537000_4142000_classified_point_cloud.laz","2018_MLBS_3_537000_4142000_image.tif","Tree",1,537000,537999.999,4142000,4142999.999
"784",784,537306.009,537312.491,4142176.703,4142187.486,"Silva","NEON_D07_MLBS_DP1_537000_4142000_classified_point_cloud.laz","2018_MLBS_3_537000_4142000_image.tif","Tree",1,537000,537999.999,4142000,4142999.999
"785",785,537310.517,537322.919,4142173.567,4142183.472,"Silva","NEON_D07_MLBS_DP1_537000_4142000_classified_point_cloud.laz","2018_MLBS_3_537000_4142000_image.tif","Tree",1,537000,537999.999,4142000,4142999.999
"786",786,537338.631,537351.778,4142177.04,4142184.479,"Silva","NEON_D07_MLBS_DP1_537000_4142000_classified_point_cloud.laz","2018_MLBS_3_537000_4142000_image.tif","Tree",1,537000,537999.999,4142000,4142999.999
"787",787,537290.5,537300.492,4142168.539,4142180.471,"Silva","NEON_D07_MLBS_DP1_537000_4142000_classified_point_cloud.laz","2018_MLBS_3_537000_4142000_image.tif","Tree",1,537000,537999.999,4142000,4142999.999
"788",788,537340.519,537356.471,4142174.003,4142179.944,"Silva","NEON_D07_MLBS_DP1_537000_4142000_classified_point_cloud.laz","2018_MLBS_3_537000_4142000_image.tif","Tree",1,537000,537999.999,4142000,4142999.999
"789",789,537352.513,537360.979,4142166.111,4142177.977,"Silva","NEON_D07_MLBS_DP1_537000_4142000_classified_point_cloud.laz","2018_MLBS_3_537000_4142000_image.tif","Tree",1,537000,537999.999,4142000,4142999.999
"790",790,537342.589,537352.926,4142167.014,4142174.496,"Silva","NEON_D07_MLBS_DP1_537000_4142000_classified_point_cloud.laz","2018_MLBS_3_537000_4142000_image.tif","Tree",1,537000,537999.999,4142000,4142999.999
"791",791,537332.028,537341.826,4142163.599,4142177.934,"Silva","NEON_D07_MLBS_DP1_537000_4142000_classified_point_cloud.laz","2018_MLBS_3_537000_4142000_image.tif","Tree",1,537000,537999.999,4142000,4142999.999
"792",792,537334.004,537343.468,4142159.03,4142173.371,"Silva","NEON_D07_MLBS_DP1_537000_4142000_classified_point_cloud.laz","2018_MLBS_3_537000_4142000_image.tif","Tree",1,537000,537999.999,4142000,4142999.999
"793",793,537348.002,537357.971,4142157.542,4142168.913,"Silva","NEON_D07_MLBS_DP1_537000_4142000_classified_point_cloud.laz","2018_MLBS_3_537000_4142000_image.tif","Tree",1,537000,537999.999,4142000,4142999.999
"794",794,537339.562,537348.482,4142159.008,4142170.973,"Silva","NEON_D07_MLBS_DP1_537000_4142000_classified_point_cloud.laz","2018_MLBS_3_537000_4142000_image.tif","Tree",1,537000,537999.999,4142000,4142999.999
"795",795,537325.076,537333.496,4142156.742,4142164.963,"Silva","NEON_D07_MLBS_DP1_537000_4142000_classified_point_cloud.laz","2018_MLBS_3_537000_4142000_image.tif","Tree",1,537000,537999.999,4142000,4142999.999
"796",796,537350.646,537362.37,4142156.004,4142166.872,"Silva","NEON_D07_MLBS_DP1_537000_4142000_classified_point_cloud.laz","2018_MLBS_3_537000_4142000_image.tif","Tree",1,537000,537999.999,4142000,4142999.999
"797",797,537319.506,537327.494,4142152.061,4142159.983,"Silva","NEON_D07_MLBS_DP1_537000_4142000_classified_point_cloud.laz","2018_MLBS_3_537000_4142000_image.tif","Tree",1,537000,537999.999,4142000,4142999.999
"798",798,537337.849,537349.852,4142150.056,4142158.949,"Silva","NEON_D07_MLBS_DP1_537000_4142000_classified_point_cloud.laz","2018_MLBS_3_537000_4142000_image.tif","Tree",1,537000,537999.999,4142000,4142999.999
"799",799,537304.522,537313.925,4142187.007,4142193.69,"Silva","NEON_D07_MLBS_DP1_537000_4142000_classified_point_cloud.laz","2018_MLBS_3_537000_4142000_image.tif","Tree",1,537000,537999.999,4142000,4142999.999
"800",800,537289.194,537299.351,4142188.05,4142194.478,"Silva","NEON_D07_MLBS_DP1_537000_4142000_classified_point_cloud.laz","2018_MLBS_3_537000_4142000_image.tif","Tree",1,537000,537999.999,4142000,4142999.999
"801",801,537311.115,537319.483,4142189.051,4142196.965,"Silva","NEON_D07_MLBS_DP1_537000_4142000_classified_point_cloud.laz","2018_MLBS_3_537000_4142000_image.tif","Tree",1,537000,537999.999,4142000,4142999.999
"802",802,537328.005,537335.915,4142191.004,4142198.487,"Silva","NEON_D07_MLBS_DP1_537000_4142000_classified_point_cloud.laz","2018_MLBS_3_537000_4142000_image.tif","Tree",1,537000,537999.999,4142000,4142999.999
"803",803,537319.012,537328.375,4142187.686,4142198.99,"Silva","NEON_D07_MLBS_DP1_537000_4142000_classified_point_cloud.laz","2018_MLBS_3_537000_4142000_image.tif","Tree",1,537000,537999.999,4142000,4142999.999
"804",804,537346.031,537352.896,4142192.342,4142200.973,"Silva","NEON_D07_MLBS_DP1_537000_4142000_classified_point_cloud.laz","2018_MLBS_3_537000_4142000_image.tif","Tree",1,537000,537999.999,4142000,4142999.999
"805",805,537341.526,537346.976,4142192.037,4142201.492,"Silva","NEON_D07_MLBS_DP1_537000_4142000_classified_point_cloud.laz","2018_MLBS_3_537000_4142000_image.tif","Tree",1,537000,537999.999,4142000,4142999.999
"806",806,537348.503,537358.425,4142195.412,4142205.294,"Silva","NEON_D07_MLBS_DP1_537000_4142000_classified_point_cloud.laz","2018_MLBS_3_537000_4142000_image.tif","Tree",1,537000,537999.999,4142000,4142999.999
"807",807,537292.51,537299.916,4142193.552,4142200.46,"Silva","NEON_D07_MLBS_DP1_537000_4142000_classified_point_cloud.laz","2018_MLBS_3_537000_4142000_image.tif","Tree",1,537000,537999.999,4142000,4142999.999
"808",808,537331.534,537336.453,4142197.152,4142203.471,"Silva","NEON_D07_MLBS_DP1_537000_4142000_classified_point_cloud.laz","2018_MLBS_3_537000_4142000_image.tif","Tree",1,537000,537999.999,4142000,4142999.999
"809",809,537293.123,537301.972,4142194.205,4142201.496,"Silva","NEON_D07_MLBS_DP1_537000_4142000_classified_point_cloud.laz","2018_MLBS_3_537000_4142000_image.tif","Tree",1,537000,537999.999,4142000,4142999.999
"810",810,537326.636,537331.969,4142197.331,4142204.968,"Silva","NEON_D07_MLBS_DP1_537000_4142000_classified_point_cloud.laz","2018_MLBS_3_537000_4142000_image.tif","Tree",1,537000,537999.999,4142000,4142999.999
"811",811,537331.061,537337.992,4142202.519,4142209.397,"Silva","NEON_D07_MLBS_DP1_537000_4142000_classified_point_cloud.laz","2018_MLBS_3_537000_4142000_image.tif","Tree",1,537000,537999.999,4142000,4142999.999
"812",812,537291.516,537300.943,4142200.525,4142205.999,"Silva","NEON_D07_MLBS_DP1_537000_4142000_classified_point_cloud.laz","2018_MLBS_3_537000_4142000_image.tif","Tree",1,537000,537999.999,4142000,4142999.999
"813",813,537337.019,537344.854,4142202.26,4142211.892,"Silva","NEON_D07_MLBS_DP1_537000_4142000_classified_point_cloud.laz","2018_MLBS_3_537000_4142000_image.tif","Tree",1,537000,537999.999,4142000,4142999.999
"814",814,537316.008,537325.977,4142203.019,4142208.451,"Silva","NEON_D07_MLBS_DP1_537000_4142000_classified_point_cloud.laz","2018_MLBS_3_537000_4142000_image.tif","Tree",1,537000,537999.999,4142000,4142999.999
"815",815,537305.066,537314.915,4142202.025,4142209.452,"Silva","NEON_D07_MLBS_DP1_537000_4142000_classified_point_cloud.laz","2018_MLBS_3_537000_4142000_image.tif","Tree",1,537000,537999.999,4142000,4142999.999
"816",816,537327.093,537337.494,4142205.024,4142214.339,"Silva","NEON_D07_MLBS_DP1_537000_4142000_classified_point_cloud.laz","2018_MLBS_3_537000_4142000_image.tif","Tree",1,537000,537999.999,4142000,4142999.999
"817",817,537298.525,537304.914,4142202.026,4142210.915,"Silva","NEON_D07_MLBS_DP1_537000_4142000_classified_point_cloud.laz","2018_MLBS_3_537000_4142000_image.tif","Tree",1,537000,537999.999,4142000,4142999.999
"818",818,537315.011,537325.405,4142205.549,4142212.361,"Silva","NEON_D07_MLBS_DP1_537000_4142000_classified_point_cloud.laz","2018_MLBS_3_537000_4142000_image.tif","Tree",1,537000,537999.999,4142000,4142999.999
"819",819,537301.014,537307.994,4142205.022,4142211.764,"Silva","NEON_D07_MLBS_DP1_537000_4142000_classified_point_cloud.laz","2018_MLBS_3_537000_4142000_image.tif","Tree",1,537000,537999.999,4142000,4142999.999
"820",820,537292.037,537300.462,4142205.525,4142212.482,"Silva","NEON_D07_MLBS_DP1_537000_4142000_classified_point_cloud.laz","2018_MLBS_3_537000_4142000_image.tif","Tree",1,537000,537999.999,4142000,4142999.999
"821",821,537286.014,537296.405,4142274.006,4142281.472,"Silva","NEON_D07_MLBS_DP1_537000_4142000_classified_point_cloud.laz","2018_MLBS_3_537000_4142000_image.tif","Tree",1,537000,537999.999,4142000,4142999.999
"822",822,537284.127,537290.481,4142266.001,4142277.478,"Silva","NEON_D07_MLBS_DP1_537000_4142000_classified_point_cloud.laz","2018_MLBS_3_537000_4142000_image.tif","Tree",1,537000,537999.999,4142000,4142999.999
"823",823,537288.507,537296.498,4142266.525,4142273.995,"Silva","NEON_D07_MLBS_DP1_537000_4142000_classified_point_cloud.laz","2018_MLBS_3_537000_4142000_image.tif","Tree",1,537000,537999.999,4142000,4142999.999
"824",824,537278.002,537286.489,4142266.039,4142273.986,"Silva","NEON_D07_MLBS_DP1_537000_4142000_classified_point_cloud.laz","2018_MLBS_3_537000_4142000_image.tif","Tree",1,537000,537999.999,4142000,4142999.999
"825",825,537269.513,537277.49,4142263.013,4142268.979,"Silva","NEON_D07_MLBS_DP1_537000_4142000_classified_point_cloud.laz","2018_MLBS_3_537000_4142000_image.tif","Tree",1,537000,537999.999,4142000,4142999.999
"826",826,537277.503,537286.418,4142258.518,4142268.996,"Silva","NEON_D07_MLBS_DP1_537000_4142000_classified_point_cloud.laz","2018_MLBS_3_537000_4142000_image.tif","Tree",1,537000,537999.999,4142000,4142999.999
"827",827,537254.506,537263.975,4142257.508,4142265.493,"Silva","NEON_D07_MLBS_DP1_537000_4142000_classified_point_cloud.laz","2018_MLBS_3_537000_4142000_image.tif","Tree",1,537000,537999.999,4142000,4142999.999
"828",828,537263.526,537272.828,4142256.005,4142263.378,"Silva","NEON_D07_MLBS_DP1_537000_4142000_classified_point_cloud.laz","2018_MLBS_3_537000_4142000_image.tif","Tree",1,537000,537999.999,4142000,4142999.999
"829",829,537263.504,537273.481,4142249.504,4142256.949,"Silva","NEON_D07_MLBS_DP1_537000_4142000_classified_point_cloud.laz","2018_MLBS_3_537000_4142000_image.tif","Tree",1,537000,537999.999,4142000,4142999.999
"830",830,537235.505,537240.981,4142248.099,4142256.966,"Silva","NEON_D07_MLBS_DP1_537000_4142000_classified_point_cloud.laz","2018_MLBS_3_537000_4142000_image.tif","Tree",1,537000,537999.999,4142000,4142999.999
"831",831,537240.501,537244.996,4142247.507,4142254.971,"Silva","NEON_D07_MLBS_DP1_537000_4142000_classified_point_cloud.laz","2018_MLBS_3_537000_4142000_image.tif","Tree",1,537000,537999.999,4142000,4142999.999
"832",832,537287.076,537292.988,4142249.503,4142256.473,"Silva","NEON_D07_MLBS_DP1_537000_4142000_classified_point_cloud.laz","2018_MLBS_3_537000_4142000_image.tif","Tree",1,537000,537999.999,4142000,4142999.999
"833",833,537275.005,537279.396,4142248.535,4142256.803,"Silva","NEON_D07_MLBS_DP1_537000_4142000_classified_point_cloud.laz","2018_MLBS_3_537000_4142000_image.tif","Tree",1,537000,537999.999,4142000,4142999.999
"834",834,537283.011,537289.367,4142247.513,4142255.996,"Silva","NEON_D07_MLBS_DP1_537000_4142000_classified_point_cloud.laz","2018_MLBS_3_537000_4142000_image.tif","Tree",1,537000,537999.999,4142000,4142999.999
"835",835,537263.554,537272.996,4142245.043,4142251.491,"Silva","NEON_D07_MLBS_DP1_537000_4142000_classified_point_cloud.laz","2018_MLBS_3_537000_4142000_image.tif","Tree",1,537000,537999.999,4142000,4142999.999
"836",836,537272.513,537277.983,4142244.508,4142249.475,"Silva","NEON_D07_MLBS_DP1_537000_4142000_classified_point_cloud.laz","2018_MLBS_3_537000_4142000_image.tif","Tree",1,537000,537999.999,4142000,4142999.999
"837",837,537251.504,537263.477,4142240.009,4142250.984,"Silva","NEON_D07_MLBS_DP1_537000_4142000_classified_point_cloud.laz","2018_MLBS_3_537000_4142000_image.tif","Tree",1,537000,537999.999,4142000,4142999.999
"838",838,537289.202,537294.919,4142245.534,4142250.423,"Silva","NEON_D07_MLBS_DP1_537000_4142000_classified_point_cloud.laz","2018_MLBS_3_537000_4142000_image.tif","Tree",1,537000,537999.999,4142000,4142999.999
"839",839,537285.01,537290.597,4142241.529,4142248.484,"Silva","NEON_D07_MLBS_DP1_537000_4142000_classified_point_cloud.laz","2018_MLBS_3_537000_4142000_image.tif","Tree",1,537000,537999.999,4142000,4142999.999
"840",840,537263.008,537272.496,4142239.021,4142248.429,"Silva","NEON_D07_MLBS_DP1_537000_4142000_classified_point_cloud.laz","2018_MLBS_3_537000_4142000_image.tif","Tree",1,537000,537999.999,4142000,4142999.999
"841",841,537243.049,537254.485,4142236.043,4142246.485,"Silva","NEON_D07_MLBS_DP1_537000_4142000_classified_point_cloud.laz","2018_MLBS_3_537000_4142000_image.tif","Tree",1,537000,537999.999,4142000,4142999.999
"842",842,537277.009,537281.998,4142239.012,4142245.959,"Silva","NEON_D07_MLBS_DP1_537000_4142000_classified_point_cloud.laz","2018_MLBS_3_537000_4142000_image.tif","Tree",1,537000,537999.999,4142000,4142999.999
"843",843,537289.006,537295.458,4142240.013,4142245.968,"Silva","NEON_D07_MLBS_DP1_537000_4142000_classified_point_cloud.laz","2018_MLBS_3_537000_4142000_image.tif","Tree",1,537000,537999.999,4142000,4142999.999
"844",844,537282.003,537288.991,4142239.003,4142245.451,"Silva","NEON_D07_MLBS_DP1_537000_4142000_classified_point_cloud.laz","2018_MLBS_3_537000_4142000_image.tif","Tree",1,537000,537999.999,4142000,4142999.999
"845",845,537261.507,537270.796,4142234.547,4142244.425,"Silva","NEON_D07_MLBS_DP1_537000_4142000_classified_point_cloud.laz","2018_MLBS_3_537000_4142000_image.tif","Tree",1,537000,537999.999,4142000,4142999.999
"846",846,537271.012,537280.47,4142235.506,4142240.5,"Silva","NEON_D07_MLBS_DP1_537000_4142000_classified_point_cloud.laz","2018_MLBS_3_537000_4142000_image.tif","Tree",1,537000,537999.999,4142000,4142999.999
"847",847,537287.551,537296.359,4142233.018,4142240.33,"Silva","NEON_D07_MLBS_DP1_537000_4142000_classified_point_cloud.laz","2018_MLBS_3_537000_4142000_image.tif","Tree",1,537000,537999.999,4142000,4142999.999
"848",848,537249.517,537260.459,4142229.047,4142239.952,"Silva","NEON_D07_MLBS_DP1_537000_4142000_classified_point_cloud.laz","2018_MLBS_3_537000_4142000_image.tif","Tree",1,537000,537999.999,4142000,4142999.999
"849",849,537277.516,537282.951,4142230.507,4142237.965,"Silva","NEON_D07_MLBS_DP1_537000_4142000_classified_point_cloud.laz","2018_MLBS_3_537000_4142000_image.tif","Tree",1,537000,537999.999,4142000,4142999.999
"850",850,537272.166,537277.996,4142230.517,4142236.499,"Silva","NEON_D07_MLBS_DP1_537000_4142000_classified_point_cloud.laz","2018_MLBS_3_537000_4142000_image.tif","Tree",1,537000,537999.999,4142000,4142999.999
"851",851,537235.505,537243.495,4142228.082,4142237.995,"Silva","NEON_D07_MLBS_DP1_537000_4142000_classified_point_cloud.laz","2018_MLBS_3_537000_4142000_image.tif","Tree",1,537000,537999.999,4142000,4142999.999
"852",852,537264.042,537271.975,4142229.024,4142237.977,"Silva","NEON_D07_MLBS_DP1_537000_4142000_classified_point_cloud.laz","2018_MLBS_3_537000_4142000_image.tif","Tree",1,537000,537999.999,4142000,4142999.999
"853",853,537243.008,537249.989,4142227.534,4142236.978,"Silva","NEON_D07_MLBS_DP1_537000_4142000_classified_point_cloud.laz","2018_MLBS_3_537000_4142000_image.tif","Tree",1,537000,537999.999,4142000,4142999.999
"854",854,537270.513,537275.924,4142228.507,4142235.781,"Silva","NEON_D07_MLBS_DP1_537000_4142000_classified_point_cloud.laz","2018_MLBS_3_537000_4142000_image.tif","Tree",1,537000,537999.999,4142000,4142999.999
"855",855,537249.504,537259.494,4142224.001,4142232.461,"Silva","NEON_D07_MLBS_DP1_537000_4142000_classified_point_cloud.laz","2018_MLBS_3_537000_4142000_image.tif","Tree",1,537000,537999.999,4142000,4142999.999
"856",856,537227.018,537236.999,4142221.526,4142230.333,"Silva","NEON_D07_MLBS_DP1_537000_4142000_classified_point_cloud.laz","2018_MLBS_3_537000_4142000_image.tif","Tree",1,537000,537999.999,4142000,4142999.999
"857",857,537244.519,537251.31,4142223.527,4142229.398,"Silva","NEON_D07_MLBS_DP1_537000_4142000_classified_point_cloud.laz","2018_MLBS_3_537000_4142000_image.tif","Tree",1,537000,537999.999,4142000,4142999.999
"858",858,537237.001,537244.97,4142222.01,4142228.919,"Silva","NEON_D07_MLBS_DP1_537000_4142000_classified_point_cloud.laz","2018_MLBS_3_537000_4142000_image.tif","Tree",1,537000,537999.999,4142000,4142999.999
"859",859,537274.01,537280.493,4142224.083,4142230.998,"Silva","NEON_D07_MLBS_DP1_537000_4142000_classified_point_cloud.laz","2018_MLBS_3_537000_4142000_image.tif","Tree",1,537000,537999.999,4142000,4142999.999
"860",860,537255.041,537266.938,4142218.056,4142226.496,"Silva","NEON_D07_MLBS_DP1_537000_4142000_classified_point_cloud.laz","2018_MLBS_3_537000_4142000_image.tif","Tree",1,537000,537999.999,4142000,4142999.999
"861",861,537286.528,537291.97,4142218.019,4142226.475,"Silva","NEON_D07_MLBS_DP1_537000_4142000_classified_point_cloud.laz","2018_MLBS_3_537000_4142000_image.tif","Tree",1,537000,537999.999,4142000,4142999.999
"862",862,537237.013,537244.987,4142214.609,4142221.993,"Silva","NEON_D07_MLBS_DP1_537000_4142000_classified_point_cloud.laz","2018_MLBS_3_537000_4142000_image.tif","Tree",1,537000,537999.999,4142000,4142999.999
"863",863,537307.085,537313.498,4142278.533,4142286,"Silva","NEON_D07_MLBS_DP1_537000_4142000_classified_point_cloud.laz","2018_MLBS_3_537000_4142000_image.tif","Tree",1,537000,537999.999,4142000,4142999.999
"864",864,537296.205,537303.442,4142277.025,4142284.494,"Silva","NEON_D07_MLBS_DP1_537000_4142000_classified_point_cloud.laz","2018_MLBS_3_537000_4142000_image.tif","Tree",1,537000,537999.999,4142000,4142999.999
"865",865,537303.011,537309.499,4142276.544,4142285.342,"Silva","NEON_D07_MLBS_DP1_537000_4142000_classified_point_cloud.laz","2018_MLBS_3_537000_4142000_image.tif","Tree",1,537000,537999.999,4142000,4142999.999
"866",866,537319.581,537329.967,4142275.537,4142284.498,"Silva","NEON_D07_MLBS_DP1_537000_4142000_classified_point_cloud.laz","2018_MLBS_3_537000_4142000_image.tif","Tree",1,537000,537999.999,4142000,4142999.999
"867",867,537353.043,537360.999,4142274.041,4142283.499,"Silva","NEON_D07_MLBS_DP1_537000_4142000_classified_point_cloud.laz","2018_MLBS_3_537000_4142000_image.tif","Tree",1,537000,537999.999,4142000,4142999.999
"868",868,537315.525,537320.988,4142274.627,4142280.456,"Silva","NEON_D07_MLBS_DP1_537000_4142000_classified_point_cloud.laz","2018_MLBS_3_537000_4142000_image.tif","Tree",1,537000,537999.999,4142000,4142999.999
"869",869,537342.532,537354.218,4142275.023,4142283.492,"Silva","NEON_D07_MLBS_DP1_537000_4142000_classified_point_cloud.laz","2018_MLBS_3_537000_4142000_image.tif","Tree",1,537000,537999.999,4142000,4142999.999
"870",870,537294.002,537302.486,4142271.586,4142278.976,"Silva","NEON_D07_MLBS_DP1_537000_4142000_classified_point_cloud.laz","2018_MLBS_3_537000_4142000_image.tif","Tree",1,537000,537999.999,4142000,4142999.999
"871",871,537302.006,537309.492,4142268.009,4142276.985,"Silva","NEON_D07_MLBS_DP1_537000_4142000_classified_point_cloud.laz","2018_MLBS_3_537000_4142000_image.tif","Tree",1,537000,537999.999,4142000,4142999.999
"872",872,537296.521,537303.972,4142267.506,4142274.944,"Silva","NEON_D07_MLBS_DP1_537000_4142000_classified_point_cloud.laz","2018_MLBS_3_537000_4142000_image.tif","Tree",1,537000,537999.999,4142000,4142999.999
"873",873,537336.502,537345.969,4142269.553,4142278.996,"Silva","NEON_D07_MLBS_DP1_537000_4142000_classified_point_cloud.laz","2018_MLBS_3_537000_4142000_image.tif","Tree",1,537000,537999.999,4142000,4142999.999
"874",874,537322.507,537328.952,4142269.002,4142276.499,"Silva","NEON_D07_MLBS_DP1_537000_4142000_classified_point_cloud.laz","2018_MLBS_3_537000_4142000_image.tif","Tree",1,537000,537999.999,4142000,4142999.999
"875",875,537345.001,537354.437,4142268.507,4142275.489,"Silva","NEON_D07_MLBS_DP1_537000_4142000_classified_point_cloud.laz","2018_MLBS_3_537000_4142000_image.tif","Tree",1,537000,537999.999,4142000,4142999.999
"876",876,537288.511,537298.432,4142262.59,4142270.971,"Silva","NEON_D07_MLBS_DP1_537000_4142000_classified_point_cloud.laz","2018_MLBS_3_537000_4142000_image.tif","Tree",1,537000,537999.999,4142000,4142999.999
"877",877,537317.013,537323.997,4142265.023,4142270.994,"Silva","NEON_D07_MLBS_DP1_537000_4142000_classified_point_cloud.laz","2018_MLBS_3_537000_4142000_image.tif","Tree",1,537000,537999.999,4142000,4142999.999
"878",878,537323.545,537332.488,4142262.53,4142269.486,"Silva","NEON_D07_MLBS_DP1_537000_4142000_classified_point_cloud.laz","2018_MLBS_3_537000_4142000_image.tif","Tree",1,537000,537999.999,4142000,4142999.999
"879",879,537349.513,537358.677,4142263.617,4142274.909,"Silva","NEON_D07_MLBS_DP1_537000_4142000_classified_point_cloud.laz","2018_MLBS_3_537000_4142000_image.tif","Tree",1,537000,537999.999,4142000,4142999.999
"880",880,537342.022,537349.937,4142261.051,4142268.426,"Silva","NEON_D07_MLBS_DP1_537000_4142000_classified_point_cloud.laz","2018_MLBS_3_537000_4142000_image.tif","Tree",1,537000,537999.999,4142000,4142999.999
"881",881,537293.013,537301.988,4142257.049,4142267.469,"Silva","NEON_D07_MLBS_DP1_537000_4142000_classified_point_cloud.laz","2018_MLBS_3_537000_4142000_image.tif","Tree",1,537000,537999.999,4142000,4142999.999
"882",882,537320.018,537327.454,4142256.513,4142266.489,"Silva","NEON_D07_MLBS_DP1_537000_4142000_classified_point_cloud.laz","2018_MLBS_3_537000_4142000_image.tif","Tree",1,537000,537999.999,4142000,4142999.999
"883",883,537304.5,537312.456,4142260.521,4142268.493,"Silva","NEON_D07_MLBS_DP1_537000_4142000_classified_point_cloud.laz","2018_MLBS_3_537000_4142000_image.tif","Tree",1,537000,537999.999,4142000,4142999.999
"884",884,537343.006,537352.983,4142259.544,4142265.968,"Silva","NEON_D07_MLBS_DP1_537000_4142000_classified_point_cloud.laz","2018_MLBS_3_537000_4142000_image.tif","Tree",1,537000,537999.999,4142000,4142999.999
"885",885,537332.015,537342.985,4142258.011,4142265.483,"Silva","NEON_D07_MLBS_DP1_537000_4142000_classified_point_cloud.laz","2018_MLBS_3_537000_4142000_image.tif","Tree",1,537000,537999.999,4142000,4142999.999
"886",886,537353.08,537365.483,4142258.512,4142267.846,"Silva","NEON_D07_MLBS_DP1_537000_4142000_classified_point_cloud.laz","2018_MLBS_3_537000_4142000_image.tif","Tree",1,537000,537999.999,4142000,4142999.999
"887",887,537302.02,537310.977,4142255.529,4142260.994,"Silva","NEON_D07_MLBS_DP1_537000_4142000_classified_point_cloud.laz","2018_MLBS_3_537000_4142000_image.tif","Tree",1,537000,537999.999,4142000,4142999.999
"888",888,537331.005,537336.918,4142254.004,4142264.475,"Silva","NEON_D07_MLBS_DP1_537000_4142000_classified_point_cloud.laz","2018_MLBS_3_537000_4142000_image.tif","Tree",1,537000,537999.999,4142000,4142999.999
"889",889,537322.551,537331.943,4142253.095,4142263.983,"Silva","NEON_D07_MLBS_DP1_537000_4142000_classified_point_cloud.laz","2018_MLBS_3_537000_4142000_image.tif","Tree",1,537000,537999.999,4142000,4142999.999
"890",890,537344.095,537353.986,4142256.506,4142262.49,"Silva","NEON_D07_MLBS_DP1_537000_4142000_classified_point_cloud.laz","2018_MLBS_3_537000_4142000_image.tif","Tree",1,537000,537999.999,4142000,4142999.999
"891",891,537310.002,537320.434,4142252.513,4142261.98,"Silva","NEON_D07_MLBS_DP1_537000_4142000_classified_point_cloud.laz","2018_MLBS_3_537000_4142000_image.tif","Tree",1,537000,537999.999,4142000,4142999.999
"892",892,537299.523,537306.998,4142249.504,4142258.487,"Silva","NEON_D07_MLBS_DP1_537000_4142000_classified_point_cloud.laz","2018_MLBS_3_537000_4142000_image.tif","Tree",1,537000,537999.999,4142000,4142999.999
"893",893,537307.022,537313.862,4142248.072,4142256.763,"Silva","NEON_D07_MLBS_DP1_537000_4142000_classified_point_cloud.laz","2018_MLBS_3_537000_4142000_image.tif","Tree",1,537000,537999.999,4142000,4142999.999
"894",894,537292.569,537299.494,4142251.001,4142256.886,"Silva","NEON_D07_MLBS_DP1_537000_4142000_classified_point_cloud.laz","2018_MLBS_3_537000_4142000_image.tif","Tree",1,537000,537999.999,4142000,4142999.999
"895",895,537347.124,537355.491,4142251.03,4142258.991,"Silva","NEON_D07_MLBS_DP1_537000_4142000_classified_point_cloud.laz","2018_MLBS_3_537000_4142000_image.tif","Tree",1,537000,537999.999,4142000,4142999.999
"896",896,537297.542,537303.963,4142247.548,4142254.939,"Silva","NEON_D07_MLBS_DP1_537000_4142000_classified_point_cloud.laz","2018_MLBS_3_537000_4142000_image.tif","Tree",1,537000,537999.999,4142000,4142999.999
"897",897,537293.043,537297.999,4142246.039,4142251.494,"Silva","NEON_D07_MLBS_DP1_537000_4142000_classified_point_cloud.laz","2018_MLBS_3_537000_4142000_image.tif","Tree",1,537000,537999.999,4142000,4142999.999
"898",898,537336.588,537342.227,4142249.043,4142252.98,"Silva","NEON_D07_MLBS_DP1_537000_4142000_classified_point_cloud.laz","2018_MLBS_3_537000_4142000_image.tif","Tree",1,537000,537999.999,4142000,4142999.999
"899",899,537311.536,537319.49,4142245.021,4142255.473,"Silva","NEON_D07_MLBS_DP1_537000_4142000_classified_point_cloud.laz","2018_MLBS_3_537000_4142000_image.tif","Tree",1,537000,537999.999,4142000,4142999.999
"900",900,537319.002,537324.496,4142245.029,4142255.407,"Silva","NEON_D07_MLBS_DP1_537000_4142000_classified_point_cloud.laz","2018_MLBS_3_537000_4142000_image.tif","Tree",1,537000,537999.999,4142000,4142999.999
"901",901,537297.562,537304.463,4142244.514,4142249.462,"Silva","NEON_D07_MLBS_DP1_537000_4142000_classified_point_cloud.laz","2018_MLBS_3_537000_4142000_image.tif","Tree",1,537000,537999.999,4142000,4142999.999
"902",902,537346.5,537354.817,4142245.023,4142252.484,"Silva","NEON_D07_MLBS_DP1_537000_4142000_classified_point_cloud.laz","2018_MLBS_3_537000_4142000_image.tif","Tree",1,537000,537999.999,4142000,4142999.999
"903",903,537337.519,537344.433,4142244.044,4142249.973,"Silva","NEON_D07_MLBS_DP1_537000_4142000_classified_point_cloud.laz","2018_MLBS_3_537000_4142000_image.tif","Tree",1,537000,537999.999,4142000,4142999.999
"904",904,537324.58,537332.93,4142243.547,4142252,"Silva","NEON_D07_MLBS_DP1_537000_4142000_classified_point_cloud.laz","2018_MLBS_3_537000_4142000_image.tif","Tree",1,537000,537999.999,4142000,4142999.999
"905",905,537307.538,537314.474,4142239.584,4142248.373,"Silva","NEON_D07_MLBS_DP1_537000_4142000_classified_point_cloud.laz","2018_MLBS_3_537000_4142000_image.tif","Tree",1,537000,537999.999,4142000,4142999.999
"906",906,537345.527,537354.974,4142241.582,4142247.777,"Silva","NEON_D07_MLBS_DP1_537000_4142000_classified_point_cloud.laz","2018_MLBS_3_537000_4142000_image.tif","Tree",1,537000,537999.999,4142000,4142999.999
"907",907,537328.092,537335.499,4142237.653,4142245.974,"Silva","NEON_D07_MLBS_DP1_537000_4142000_classified_point_cloud.laz","2018_MLBS_3_537000_4142000_image.tif","Tree",1,537000,537999.999,4142000,4142999.999
"908",908,537318.515,537324.474,4142239.128,4142244.994,"Silva","NEON_D07_MLBS_DP1_537000_4142000_classified_point_cloud.laz","2018_MLBS_3_537000_4142000_image.tif","Tree",1,537000,537999.999,4142000,4142999.999
"909",909,537335.036,537343.966,4142238.561,4142246.473,"Silva","NEON_D07_MLBS_DP1_537000_4142000_classified_point_cloud.laz","2018_MLBS_3_537000_4142000_image.tif","Tree",1,537000,537999.999,4142000,4142999.999
"910",910,537305.681,537314.988,4142235.041,4142240.952,"Silva","NEON_D07_MLBS_DP1_537000_4142000_classified_point_cloud.laz","2018_MLBS_3_537000_4142000_image.tif","Tree",1,537000,537999.999,4142000,4142999.999
"911",911,537347.015,537355.479,4142234.68,4142243.135,"Silva","NEON_D07_MLBS_DP1_537000_4142000_classified_point_cloud.laz","2018_MLBS_3_537000_4142000_image.tif","Tree",1,537000,537999.999,4142000,4142999.999
"912",912,537315.014,537323.398,4142235.03,4142239.999,"Silva","NEON_D07_MLBS_DP1_537000_4142000_classified_point_cloud.laz","2018_MLBS_3_537000_4142000_image.tif","Tree",1,537000,537999.999,4142000,4142999.999
"913",913,537337.526,537347.45,4142235.012,4142244,"Silva","NEON_D07_MLBS_DP1_537000_4142000_classified_point_cloud.laz","2018_MLBS_3_537000_4142000_image.tif","Tree",1,537000,537999.999,4142000,4142999.999
"914",914,537296.558,537302.925,4142230.516,4142239.463,"Silva","NEON_D07_MLBS_DP1_537000_4142000_classified_point_cloud.laz","2018_MLBS_3_537000_4142000_image.tif","Tree",1,537000,537999.999,4142000,4142999.999
"915",915,537301,537307.465,4142230.033,4142239.99,"Silva","NEON_D07_MLBS_DP1_537000_4142000_classified_point_cloud.laz","2018_MLBS_3_537000_4142000_image.tif","Tree",1,537000,537999.999,4142000,4142999.999
"916",916,537293.042,537300.444,4142229.513,4142237.938,"Silva","NEON_D07_MLBS_DP1_537000_4142000_classified_point_cloud.laz","2018_MLBS_3_537000_4142000_image.tif","Tree",1,537000,537999.999,4142000,4142999.999
"917",917,537323.505,537332.437,4142231.018,4142238.439,"Silva","NEON_D07_MLBS_DP1_537000_4142000_classified_point_cloud.laz","2018_MLBS_3_537000_4142000_image.tif","Tree",1,537000,537999.999,4142000,4142999.999
"918",918,537315.142,537324.407,4142228.012,4142236.848,"Silva","NEON_D07_MLBS_DP1_537000_4142000_classified_point_cloud.laz","2018_MLBS_3_537000_4142000_image.tif","Tree",1,537000,537999.999,4142000,4142999.999
"919",919,537306.542,537315.499,4142229.208,4142235.498,"Silva","NEON_D07_MLBS_DP1_537000_4142000_classified_point_cloud.laz","2018_MLBS_3_537000_4142000_image.tif","Tree",1,537000,537999.999,4142000,4142999.999
"920",920,537301.53,537310.469,4142225.014,4142231.995,"Silva","NEON_D07_MLBS_DP1_537000_4142000_classified_point_cloud.laz","2018_MLBS_3_537000_4142000_image.tif","Tree",1,537000,537999.999,4142000,4142999.999
"921",921,537310.509,537320.496,4142225.013,4142232.966,"Silva","NEON_D07_MLBS_DP1_537000_4142000_classified_point_cloud.laz","2018_MLBS_3_537000_4142000_image.tif","Tree",1,537000,537999.999,4142000,4142999.999
"922",922,537333.069,537341.999,4142221.555,4142230.994,"Silva","NEON_D07_MLBS_DP1_537000_4142000_classified_point_cloud.laz","2018_MLBS_3_537000_4142000_image.tif","Tree",1,537000,537999.999,4142000,4142999.999
"923",923,537301.023,537309.499,4142220.054,4142227.995,"Silva","NEON_D07_MLBS_DP1_537000_4142000_classified_point_cloud.laz","2018_MLBS_3_537000_4142000_image.tif","Tree",1,537000,537999.999,4142000,4142999.999
"924",924,537321.527,537333.486,4142219.508,4142230.956,"Silva","NEON_D07_MLBS_DP1_537000_4142000_classified_point_cloud.laz","2018_MLBS_3_537000_4142000_image.tif","Tree",1,537000,537999.999,4142000,4142999.999
"925",925,537339.034,537350.498,4142221.667,4142228.93,"Silva","NEON_D07_MLBS_DP1_537000_4142000_classified_point_cloud.laz","2018_MLBS_3_537000_4142000_image.tif","Tree",1,537000,537999.999,4142000,4142999.999
"926",926,537309.507,537316.449,4142219.19,4142225.474,"Silva","NEON_D07_MLBS_DP1_537000_4142000_classified_point_cloud.laz","2018_MLBS_3_537000_4142000_image.tif","Tree",1,537000,537999.999,4142000,4142999.999
"927",927,537316,537322.902,4142218.65,4142227.991,"Silva","NEON_D07_MLBS_DP1_537000_4142000_classified_point_cloud.laz","2018_MLBS_3_537000_4142000_image.tif","Tree",1,537000,537999.999,4142000,4142999.999
"928",928,537316.093,537326.968,4142217.506,4142223.498,"Silva","NEON_D07_MLBS_DP1_537000_4142000_classified_point_cloud.laz","2018_MLBS_3_537000_4142000_image.tif","Tree",1,537000,537999.999,4142000,4142999.999
"929",929,537308.067,537315.972,4142216.284,4142222.931,"Silva","NEON_D07_MLBS_DP1_537000_4142000_classified_point_cloud.laz","2018_MLBS_3_537000_4142000_image.tif","Tree",1,537000,537999.999,4142000,4142999.999
"930",930,537303.514,537309.963,4142215.507,4142221.931,"Silva","NEON_D07_MLBS_DP1_537000_4142000_classified_point_cloud.laz","2018_MLBS_3_537000_4142000_image.tif","Tree",1,537000,537999.999,4142000,4142999.999
"931",931,537352.021,537358.995,4142215.004,4142224.487,"Silva","NEON_D07_MLBS_DP1_537000_4142000_classified_point_cloud.laz","2018_MLBS_3_537000_4142000_image.tif","Tree",1,537000,537999.999,4142000,4142999.999
"932",932,537332.547,537342.987,4142212.043,4142222.999,"Silva","NEON_D07_MLBS_DP1_537000_4142000_classified_point_cloud.laz","2018_MLBS_3_537000_4142000_image.tif","Tree",1,537000,537999.999,4142000,4142999.999
"933",933,537349.088,537358.98,4142308.502,4142314.996,"Silva","NEON_D07_MLBS_DP1_537000_4142000_classified_point_cloud.laz","2018_MLBS_3_537000_4142000_image.tif","Tree",1,537000,537999.999,4142000,4142999.999
"934",934,537340.089,537347.416,4142304.531,4142311.997,"Silva","NEON_D07_MLBS_DP1_537000_4142000_classified_point_cloud.laz","2018_MLBS_3_537000_4142000_image.tif","Tree",1,537000,537999.999,4142000,4142999.999
"935",935,537314.546,537324.962,4142300.031,4142312.98,"Silva","NEON_D07_MLBS_DP1_537000_4142000_classified_point_cloud.laz","2018_MLBS_3_537000_4142000_image.tif","Tree",1,537000,537999.999,4142000,4142999.999
"936",936,537353.232,537361.969,4142303.012,4142310.478,"Silva","NEON_D07_MLBS_DP1_537000_4142000_classified_point_cloud.laz","2018_MLBS_3_537000_4142000_image.tif","Tree",1,537000,537999.999,4142000,4142999.999
"937",937,537331.558,537340.97,4142301.685,4142309.935,"Silva","NEON_D07_MLBS_DP1_537000_4142000_classified_point_cloud.laz","2018_MLBS_3_537000_4142000_image.tif","Tree",1,537000,537999.999,4142000,4142999.999
"938",938,537352.509,537359.994,4142297.115,4142305.758,"Silva","NEON_D07_MLBS_DP1_537000_4142000_classified_point_cloud.laz","2018_MLBS_3_537000_4142000_image.tif","Tree",1,537000,537999.999,4142000,4142999.999
"939",939,537300.004,537307.432,4142294.571,4142301.47,"Silva","NEON_D07_MLBS_DP1_537000_4142000_classified_point_cloud.laz","2018_MLBS_3_537000_4142000_image.tif","Tree",1,537000,537999.999,4142000,4142999.999
"940",940,537309.508,537321.963,4142293.521,4142300.492,"Silva","NEON_D07_MLBS_DP1_537000_4142000_classified_point_cloud.laz","2018_MLBS_3_537000_4142000_image.tif","Tree",1,537000,537999.999,4142000,4142999.999
"941",941,537329.523,537340.469,4142293.186,4142302,"Silva","NEON_D07_MLBS_DP1_537000_4142000_classified_point_cloud.laz","2018_MLBS_3_537000_4142000_image.tif","Tree",1,537000,537999.999,4142000,4142999.999
"942",942,537348.088,537358.455,4142293.503,4142301.486,"Silva","NEON_D07_MLBS_DP1_537000_4142000_classified_point_cloud.laz","2018_MLBS_3_537000_4142000_image.tif","Tree",1,537000,537999.999,4142000,4142999.999
"943",943,537312.61,537321.487,4142289.113,4142297.489,"Silva","NEON_D07_MLBS_DP1_537000_4142000_classified_point_cloud.laz","2018_MLBS_3_537000_4142000_image.tif","Tree",1,537000,537999.999,4142000,4142999.999
"944",944,537345.587,537355.989,4142290.009,4142297.493,"Silva","NEON_D07_MLBS_DP1_537000_4142000_classified_point_cloud.laz","2018_MLBS_3_537000_4142000_image.tif","Tree",1,537000,537999.999,4142000,4142999.999
"945",945,537337.059,537344.454,4142282.587,4142293.843,"Silva","NEON_D07_MLBS_DP1_537000_4142000_classified_point_cloud.laz","2018_MLBS_3_537000_4142000_image.tif","Tree",1,537000,537999.999,4142000,4142999.999
"946",946,537344.02,537351.444,4142283.512,4142292.481,"Silva","NEON_D07_MLBS_DP1_537000_4142000_classified_point_cloud.laz","2018_MLBS_3_537000_4142000_image.tif","Tree",1,537000,537999.999,4142000,4142999.999
"947",947,537310.064,537316.888,4142283.537,4142290.548,"Silva","NEON_D07_MLBS_DP1_537000_4142000_classified_point_cloud.laz","2018_MLBS_3_537000_4142000_image.tif","Tree",1,537000,537999.999,4142000,4142999.999
"948",948,537332.503,537341.885,4142282.568,4142290.976,"Silva","NEON_D07_MLBS_DP1_537000_4142000_classified_point_cloud.laz","2018_MLBS_3_537000_4142000_image.tif","Tree",1,537000,537999.999,4142000,4142999.999
"949",949,537322.52,537332.484,4142280.512,4142289.96,"Silva","NEON_D07_MLBS_DP1_537000_4142000_classified_point_cloud.laz","2018_MLBS_3_537000_4142000_image.tif","Tree",1,537000,537999.999,4142000,4142999.999
"950",950,537347.538,537354.996,4142281.019,4142289.884,"Silva","NEON_D07_MLBS_DP1_537000_4142000_classified_point_cloud.laz","2018_MLBS_3_537000_4142000_image.tif","Tree",1,537000,537999.999,4142000,4142999.999
"951",951,537354,537363.452,4142282.086,4142287.7,"Silva","NEON_D07_MLBS_DP1_537000_4142000_classified_point_cloud.laz","2018_MLBS_3_537000_4142000_image.tif","Tree",1,537000,537999.999,4142000,4142999.999
"952",952,537039.514,537045.099,4142009.007,4142018.837,"Silva","NEON_D07_MLBS_DP1_537000_4142000_classified_point_cloud.laz","2018_MLBS_3_537000_4142000_image.tif","Tree",1,537000,537999.999,4142000,4142999.999
"953",953,537011.5,537017.978,4142008.506,4142014.955,"Silva","NEON_D07_MLBS_DP1_537000_4142000_classified_point_cloud.laz","2018_MLBS_3_537000_4142000_image.tif","Tree",1,537000,537999.999,4142000,4142999.999
"954",954,537081.511,537091.998,4142013.055,4142025.488,"Silva","NEON_D07_MLBS_DP1_537000_4142000_classified_point_cloud.laz","2018_MLBS_3_537000_4142000_image.tif","Tree",1,537000,537999.999,4142000,4142999.999
"955",955,537016.513,537024.495,4142005.559,4142011.5,"Silva","NEON_D07_MLBS_DP1_537000_4142000_classified_point_cloud.laz","2018_MLBS_3_537000_4142000_image.tif","Tree",1,537000,537999.999,4142000,4142999.999
"956",956,537044.521,537051.98,4142010.001,4142015.96,"Silva","NEON_D07_MLBS_DP1_537000_4142000_classified_point_cloud.laz","2018_MLBS_3_537000_4142000_image.tif","Tree",1,537000,537999.999,4142000,4142999.999
"957",957,537039.069,537046.997,4142004.005,4142010.983,"Silva","NEON_D07_MLBS_DP1_537000_4142000_classified_point_cloud.laz","2018_MLBS_3_537000_4142000_image.tif","Tree",1,537000,537999.999,4142000,4142999.999
"958",958,537063.016,537074.938,4142005.101,4142015.949,"Silva","NEON_D07_MLBS_DP1_537000_4142000_classified_point_cloud.laz","2018_MLBS_3_537000_4142000_image.tif","Tree",1,537000,537999.999,4142000,4142999.999
"959",959,537017.021,537027.453,4142000.003,4142006.45,"Silva","NEON_D07_MLBS_DP1_537000_4142000_classified_point_cloud.laz","2018_MLBS_3_537000_4142000_image.tif","Tree",1,537000,537999.999,4142000,4142999.999
"960",960,537063.061,537074.965,4142001.567,4142009.962,"Silva","NEON_D07_MLBS_DP1_537000_4142000_classified_point_cloud.laz","2018_MLBS_3_537000_4142000_image.tif","Tree",1,537000,537999.999,4142000,4142999.999
"961",961,537003.076,537014.488,4142000.005,4142002.499,"Silva","NEON_D07_MLBS_DP1_537000_4142000_classified_point_cloud.laz","2018_MLBS_3_537000_4142000_image.tif","Tree",1,537000,537999.999,4142000,4142999.999
"962",962,537036.901,537045.498,4142000.007,4142004.838,"Silva","NEON_D07_MLBS_DP1_537000_4142000_classified_point_cloud.laz","2018_MLBS_3_537000_4142000_image.tif","Tree",1,537000,537999.999,4142000,4142999.999
"963",963,537000.005,537006.492,4142029.148,4142043.492,"Silva","NEON_D07_MLBS_DP1_537000_4142000_classified_point_cloud.laz","2018_MLBS_3_537000_4142000_image.tif","Tree",1,537000,537999.999,4142000,4142999.999
"964",964,537004.049,537013.727,4142044.501,4142054.974,"Silva","NEON_D07_MLBS_DP1_537000_4142000_classified_point_cloud.laz","2018_MLBS_3_537000_4142000_image.tif","Tree",1,537000,537999.999,4142000,4142999.999
"965",965,537000.035,537009.399,4142055.057,4142064.266,"Silva","NEON_D07_MLBS_DP1_537000_4142000_classified_point_cloud.laz","2018_MLBS_3_537000_4142000_image.tif","Tree",1,537000,537999.999,4142000,4142999.999
"966",966,537000.002,537006.996,4142057.735,4142066.987,"Silva","NEON_D07_MLBS_DP1_537000_4142000_classified_point_cloud.laz","2018_MLBS_3_537000_4142000_image.tif","Tree",1,537000,537999.999,4142000,4142999.999
"967",967,537006.005,537014.453,4142062.004,4142069.925,"Silva","NEON_D07_MLBS_DP1_537000_4142000_classified_point_cloud.laz","2018_MLBS_3_537000_4142000_image.tif","Tree",1,537000,537999.999,4142000,4142999.999
"968",968,537000.001,537003.698,4142065.308,4142071.455,"Silva","NEON_D07_MLBS_DP1_537000_4142000_classified_point_cloud.laz","2018_MLBS_3_537000_4142000_image.tif","Tree",1,537000,537999.999,4142000,4142999.999
"969",969,537018.003,537026.961,4142069.004,4142075.787,"Silva","NEON_D07_MLBS_DP1_537000_4142000_classified_point_cloud.laz","2018_MLBS_3_537000_4142000_image.tif","Tree",1,537000,537999.999,4142000,4142999.999
"970",970,537002.541,537008.984,4142067.007,4142073.475,"Silva","NEON_D07_MLBS_DP1_537000_4142000_classified_point_cloud.laz","2018_MLBS_3_537000_4142000_image.tif","Tree",1,537000,537999.999,4142000,4142999.999
"971",971,537010.012,537018.466,4142070.542,4142080.46,"Silva","NEON_D07_MLBS_DP1_537000_4142000_classified_point_cloud.laz","2018_MLBS_3_537000_4142000_image.tif","Tree",1,537000,537999.999,4142000,4142999.999
"972",972,537003.534,537009.99,4142071.595,4142077.483,"Silva","NEON_D07_MLBS_DP1_537000_4142000_classified_point_cloud.laz","2018_MLBS_3_537000_4142000_image.tif","Tree",1,537000,537999.999,4142000,4142999.999
"973",973,537000.502,537009.494,4142080.59,4142086.976,"Silva","NEON_D07_MLBS_DP1_537000_4142000_classified_point_cloud.laz","2018_MLBS_3_537000_4142000_image.tif","Tree",1,537000,537999.999,4142000,4142999.999
"974",974,537042.026,537050.954,4142015.518,4142024.443,"Silva","NEON_D07_MLBS_DP1_537000_4142000_classified_point_cloud.laz","2018_MLBS_3_537000_4142000_image.tif","Tree",1,537000,537999.999,4142000,4142999.999
"975",975,537061.51,537073.982,4142015.506,4142025.494,"Silva","NEON_D07_MLBS_DP1_537000_4142000_classified_point_cloud.laz","2018_MLBS_3_537000_4142000_image.tif","Tree",1,537000,537999.999,4142000,4142999.999
"976",976,537035.016,537044.985,4142019.502,4142028.86,"Silva","NEON_D07_MLBS_DP1_537000_4142000_classified_point_cloud.laz","2018_MLBS_3_537000_4142000_image.tif","Tree",1,537000,537999.999,4142000,4142999.999
"977",977,537069.008,537079.989,4142046.51,4142052.486,"Silva","NEON_D07_MLBS_DP1_537000_4142000_classified_point_cloud.laz","2018_MLBS_3_537000_4142000_image.tif","Tree",1,537000,537999.999,4142000,4142999.999
"978",978,537086.055,537094.945,4142048.016,4142057.961,"Silva","NEON_D07_MLBS_DP1_537000_4142000_classified_point_cloud.laz","2018_MLBS_3_537000_4142000_image.tif","Tree",1,537000,537999.999,4142000,4142999.999
"979",979,537060.893,537070.945,4142046.56,4142056.395,"Silva","NEON_D07_MLBS_DP1_537000_4142000_classified_point_cloud.laz","2018_MLBS_3_537000_4142000_image.tif","Tree",1,537000,537999.999,4142000,4142999.999
"980",980,537040.593,537050.282,4142046.658,4142056.762,"Silva","NEON_D07_MLBS_DP1_537000_4142000_classified_point_cloud.laz","2018_MLBS_3_537000_4142000_image.tif","Tree",1,537000,537999.999,4142000,4142999.999
"981",981,537044.096,537054.998,4142049.504,4142060.473,"Silva","NEON_D07_MLBS_DP1_537000_4142000_classified_point_cloud.laz","2018_MLBS_3_537000_4142000_image.tif","Tree",1,537000,537999.999,4142000,4142999.999
"982",982,537073.73,537084.55,4142054.066,4142063.95,"Silva","NEON_D07_MLBS_DP1_537000_4142000_classified_point_cloud.laz","2018_MLBS_3_537000_4142000_image.tif","Tree",1,537000,537999.999,4142000,4142999.999
"983",983,537087.791,537094.483,4142057.582,4142066.997,"Silva","NEON_D07_MLBS_DP1_537000_4142000_classified_point_cloud.laz","2018_MLBS_3_537000_4142000_image.tif","Tree",1,537000,537999.999,4142000,4142999.999
"984",984,537094.016,537100.977,4142060.52,4142068.918,"Silva","NEON_D07_MLBS_DP1_537000_4142000_classified_point_cloud.laz","2018_MLBS_3_537000_4142000_image.tif","Tree",1,537000,537999.999,4142000,4142999.999
"985",985,537031.045,537043.475,4142056.029,4142064.389,"Silva","NEON_D07_MLBS_DP1_537000_4142000_classified_point_cloud.laz","2018_MLBS_3_537000_4142000_image.tif","Tree",1,537000,537999.999,4142000,4142999.999
"986",986,537084.014,537090.494,4142061.031,4142070.457,"Silva","NEON_D07_MLBS_DP1_537000_4142000_classified_point_cloud.laz","2018_MLBS_3_537000_4142000_image.tif","Tree",1,537000,537999.999,4142000,4142999.999
"987",987,537051.53,537057.997,4142057.628,4142069.996,"Silva","NEON_D07_MLBS_DP1_537000_4142000_classified_point_cloud.laz","2018_MLBS_3_537000_4142000_image.tif","Tree",1,537000,537999.999,4142000,4142999.999
"988",988,537025.505,537035.44,4142057.519,4142066.459,"Silva","NEON_D07_MLBS_DP1_537000_4142000_classified_point_cloud.laz","2018_MLBS_3_537000_4142000_image.tif","Tree",1,537000,537999.999,4142000,4142999.999
"989",989,537080.008,537085.82,4142062.904,4142068.997,"Silva","NEON_D07_MLBS_DP1_537000_4142000_classified_point_cloud.laz","2018_MLBS_3_537000_4142000_image.tif","Tree",1,537000,537999.999,4142000,4142999.999
"990",990,537071.248,537080.494,4142061.391,4142072.378,"Silva","NEON_D07_MLBS_DP1_537000_4142000_classified_point_cloud.laz","2018_MLBS_3_537000_4142000_image.tif","Tree",1,537000,537999.999,4142000,4142999.999
"991",991,537053.51,537064.201,4142065.526,4142073.41,"Silva","NEON_D07_MLBS_DP1_537000_4142000_classified_point_cloud.laz","2018_MLBS_3_537000_4142000_image.tif","Tree",1,537000,537999.999,4142000,4142999.999
"992",992,537029.017,537041.261,4142063.521,4142070.221,"Silva","NEON_D07_MLBS_DP1_537000_4142000_classified_point_cloud.laz","2018_MLBS_3_537000_4142000_image.tif","Tree",1,537000,537999.999,4142000,4142999.999
"993",993,537068.513,537077.399,4142066.204,4142075.986,"Silva","NEON_D07_MLBS_DP1_537000_4142000_classified_point_cloud.laz","2018_MLBS_3_537000_4142000_image.tif","Tree",1,537000,537999.999,4142000,4142999.999
"994",994,537075.006,537085.696,4142072.024,4142079.925,"Silva","NEON_D07_MLBS_DP1_537000_4142000_classified_point_cloud.laz","2018_MLBS_3_537000_4142000_image.tif","Tree",1,537000,537999.999,4142000,4142999.999
"995",995,537034.008,537043.075,4142068.038,4142080.999,"Silva","NEON_D07_MLBS_DP1_537000_4142000_classified_point_cloud.laz","2018_MLBS_3_537000_4142000_image.tif","Tree",1,537000,537999.999,4142000,4142999.999
"996",996,537064.03,537072.985,4142074.026,4142081.988,"Silva","NEON_D07_MLBS_DP1_537000_4142000_classified_point_cloud.laz","2018_MLBS_3_537000_4142000_image.tif","Tree",1,537000,537999.999,4142000,4142999.999
"997",997,537041.541,537050.929,4142070.005,4142082.489,"Silva","NEON_D07_MLBS_DP1_537000_4142000_classified_point_cloud.laz","2018_MLBS_3_537000_4142000_image.tif","Tree",1,537000,537999.999,4142000,4142999.999
"998",998,537056.501,537064.455,4142073.054,4142083.447,"Silva","NEON_D07_MLBS_DP1_537000_4142000_classified_point_cloud.laz","2018_MLBS_3_537000_4142000_image.tif","Tree",1,537000,537999.999,4142000,4142999.999
"999",999,537048.697,537057.496,4142071.752,4142084.499,"Silva","NEON_D07_MLBS_DP1_537000_4142000_classified_point_cloud.laz","2018_MLBS_3_537000_4142000_image.tif","Tree",1,537000,537999.999,4142000,4142999.999
"1000",1000,537083.522,537095.484,4142077.074,4142086.485,"Silva","NEON_D07_MLBS_DP1_537000_4142000_classified_point_cloud.laz","2018_MLBS_3_537000_4142000_image.tif","Tree",1,537000,537999.999,4142000,4142999.999
"1001",1001,537015.501,537022.989,4142144.592,4142154.991,"Silva","NEON_D07_MLBS_DP1_537000_4142000_classified_point_cloud.laz","2018_MLBS_3_537000_4142000_image.tif","Tree",1,537000,537999.999,4142000,4142999.999
"1002",1002,537000.007,537004.953,4142145.066,4142152.795,"Silva","NEON_D07_MLBS_DP1_537000_4142000_classified_point_cloud.laz","2018_MLBS_3_537000_4142000_image.tif","Tree",1,537000,537999.999,4142000,4142999.999
"1003",1003,537021.079,537030.979,4142143.048,4142149.478,"Silva","NEON_D07_MLBS_DP1_537000_4142000_classified_point_cloud.laz","2018_MLBS_3_537000_4142000_image.tif","Tree",1,537000,537999.999,4142000,4142999.999
"1004",1004,537023.504,537031.497,4142139.058,4142145.948,"Silva","NEON_D07_MLBS_DP1_537000_4142000_classified_point_cloud.laz","2018_MLBS_3_537000_4142000_image.tif","Tree",1,537000,537999.999,4142000,4142999.999
"1005",1005,537004.005,537008.976,4142136.575,4142141.928,"Silva","NEON_D07_MLBS_DP1_537000_4142000_classified_point_cloud.laz","2018_MLBS_3_537000_4142000_image.tif","Tree",1,537000,537999.999,4142000,4142999.999
"1006",1006,537022.026,537029.998,4142131.017,4142139.874,"Silva","NEON_D07_MLBS_DP1_537000_4142000_classified_point_cloud.laz","2018_MLBS_3_537000_4142000_image.tif","Tree",1,537000,537999.999,4142000,4142999.999
"1007",1007,537003.541,537009.919,4142132.508,4142137.481,"Silva","NEON_D07_MLBS_DP1_537000_4142000_classified_point_cloud.laz","2018_MLBS_3_537000_4142000_image.tif","Tree",1,537000,537999.999,4142000,4142999.999
"1008",1008,537008.516,537015.997,4142129.506,4142135.99,"Silva","NEON_D07_MLBS_DP1_537000_4142000_classified_point_cloud.laz","2018_MLBS_3_537000_4142000_image.tif","Tree",1,537000,537999.999,4142000,4142999.999
"1009",1009,537000.009,537002.999,4142123.522,4142128.486,"Silva","NEON_D07_MLBS_DP1_537000_4142000_classified_point_cloud.laz","2018_MLBS_3_537000_4142000_image.tif","Tree",1,537000,537999.999,4142000,4142999.999
"1010",1010,537008.558,537016.993,4142080.507,4142090.465,"Silva","NEON_D07_MLBS_DP1_537000_4142000_classified_point_cloud.laz","2018_MLBS_3_537000_4142000_image.tif","Tree",1,537000,537999.999,4142000,4142999.999
"1011",1011,537003.531,537010.967,4142089.073,4142095.958,"Silva","NEON_D07_MLBS_DP1_537000_4142000_classified_point_cloud.laz","2018_MLBS_3_537000_4142000_image.tif","Tree",1,537000,537999.999,4142000,4142999.999
"1012",1012,537000.007,537003.487,4142091.513,4142097.468,"Silva","NEON_D07_MLBS_DP1_537000_4142000_classified_point_cloud.laz","2018_MLBS_3_537000_4142000_image.tif","Tree",1,537000,537999.999,4142000,4142999.999
"1013",1013,537020.26,537027.975,4142092.504,4142099.496,"Silva","NEON_D07_MLBS_DP1_537000_4142000_classified_point_cloud.laz","2018_MLBS_3_537000_4142000_image.tif","Tree",1,537000,537999.999,4142000,4142999.999
"1014",1014,537014.002,537020.461,4142093.032,4142101.933,"Silva","NEON_D07_MLBS_DP1_537000_4142000_classified_point_cloud.laz","2018_MLBS_3_537000_4142000_image.tif","Tree",1,537000,537999.999,4142000,4142999.999
"1015",1015,537027.062,537038.983,4142093.022,4142105.466,"Silva","NEON_D07_MLBS_DP1_537000_4142000_classified_point_cloud.laz","2018_MLBS_3_537000_4142000_image.tif","Tree",1,537000,537999.999,4142000,4142999.999
"1016",1016,537007.522,537013.988,4142095.12,4142101.978,"Silva","NEON_D07_MLBS_DP1_537000_4142000_classified_point_cloud.laz","2018_MLBS_3_537000_4142000_image.tif","Tree",1,537000,537999.999,4142000,4142999.999
"1017",1017,537024.65,537031.495,4142099.092,4142108.459,"Silva","NEON_D07_MLBS_DP1_537000_4142000_classified_point_cloud.laz","2018_MLBS_3_537000_4142000_image.tif","Tree",1,537000,537999.999,4142000,4142999.999
"1018",1018,537015.515,537022.28,4142100.509,4142107.997,"Silva","NEON_D07_MLBS_DP1_537000_4142000_classified_point_cloud.laz","2018_MLBS_3_537000_4142000_image.tif","Tree",1,537000,537999.999,4142000,4142999.999
"1019",1019,537007.522,537015.49,4142101.244,4142107.985,"Silva","NEON_D07_MLBS_DP1_537000_4142000_classified_point_cloud.laz","2018_MLBS_3_537000_4142000_image.tif","Tree",1,537000,537999.999,4142000,4142999.999
"1020",1020,537000.005,537005.989,4142105.793,4142112.378,"Silva","NEON_D07_MLBS_DP1_537000_4142000_classified_point_cloud.laz","2018_MLBS_3_537000_4142000_image.tif","Tree",1,537000,537999.999,4142000,4142999.999
"1021",1021,537019.16,537029.47,4142106.058,4142113.488,"Silva","NEON_D07_MLBS_DP1_537000_4142000_classified_point_cloud.laz","2018_MLBS_3_537000_4142000_image.tif","Tree",1,537000,537999.999,4142000,4142999.999
"1022",1022,537022,537030.875,4142109.519,4142117.359,"Silva","NEON_D07_MLBS_DP1_537000_4142000_classified_point_cloud.laz","2018_MLBS_3_537000_4142000_image.tif","Tree",1,537000,537999.999,4142000,4142999.999
"1023",1023,537015.045,537021.996,4142111.574,4142117.801,"Silva","NEON_D07_MLBS_DP1_537000_4142000_classified_point_cloud.laz","2018_MLBS_3_537000_4142000_image.tif","Tree",1,537000,537999.999,4142000,4142999.999
"1024",1024,537000.006,537005.463,4142111.003,4142118.996,"Silva","NEON_D07_MLBS_DP1_537000_4142000_classified_point_cloud.laz","2018_MLBS_3_537000_4142000_image.tif","Tree",1,537000,537999.999,4142000,4142999.999
"1025",1025,537008.511,537016.969,4142116.046,4142124.947,"Silva","NEON_D07_MLBS_DP1_537000_4142000_classified_point_cloud.laz","2018_MLBS_3_537000_4142000_image.tif","Tree",1,537000,537999.999,4142000,4142999.999
"1026",1026,537020.179,537026.439,4142118.56,4142123.886,"Silva","NEON_D07_MLBS_DP1_537000_4142000_classified_point_cloud.laz","2018_MLBS_3_537000_4142000_image.tif","Tree",1,537000,537999.999,4142000,4142999.999
"1027",1027,537000.003,537003.827,4142118.509,4142123.455,"Silva","NEON_D07_MLBS_DP1_537000_4142000_classified_point_cloud.laz","2018_MLBS_3_537000_4142000_image.tif","Tree",1,537000,537999.999,4142000,4142999.999
"1028",1028,537063.002,537069.488,4142143.034,4142151.8,"Silva","NEON_D07_MLBS_DP1_537000_4142000_classified_point_cloud.laz","2018_MLBS_3_537000_4142000_image.tif","Tree",1,537000,537999.999,4142000,4142999.999
"1029",1029,537048.106,537057.964,4142142.665,4142151.966,"Silva","NEON_D07_MLBS_DP1_537000_4142000_classified_point_cloud.laz","2018_MLBS_3_537000_4142000_image.tif","Tree",1,537000,537999.999,4142000,4142999.999
"1030",1030,537071.01,537079.917,4142142.014,4142149.959,"Silva","NEON_D07_MLBS_DP1_537000_4142000_classified_point_cloud.laz","2018_MLBS_3_537000_4142000_image.tif","Tree",1,537000,537999.999,4142000,4142999.999
"1031",1031,537064.032,537072.444,4142137.502,4142147.48,"Silva","NEON_D07_MLBS_DP1_537000_4142000_classified_point_cloud.laz","2018_MLBS_3_537000_4142000_image.tif","Tree",1,537000,537999.999,4142000,4142999.999
"1032",1032,537091.079,537096.99,4142141.614,4142150.943,"Silva","NEON_D07_MLBS_DP1_537000_4142000_classified_point_cloud.laz","2018_MLBS_3_537000_4142000_image.tif","Tree",1,537000,537999.999,4142000,4142999.999
"1033",1033,537084.658,537091.49,4142142.1,4142148.493,"Silva","NEON_D07_MLBS_DP1_537000_4142000_classified_point_cloud.laz","2018_MLBS_3_537000_4142000_image.tif","Tree",1,537000,537999.999,4142000,4142999.999
"1034",1034,537088.5,537095.97,4142137.51,4142144.391,"Silva","NEON_D07_MLBS_DP1_537000_4142000_classified_point_cloud.laz","2018_MLBS_3_537000_4142000_image.tif","Tree",1,537000,537999.999,4142000,4142999.999
"1035",1035,537036.008,537046.996,4142134.014,4142142.706,"Silva","NEON_D07_MLBS_DP1_537000_4142000_classified_point_cloud.laz","2018_MLBS_3_537000_4142000_image.tif","Tree",1,537000,537999.999,4142000,4142999.999
"1036",1036,537070.537,537080.474,4142135.84,4142142.496,"Silva","NEON_D07_MLBS_DP1_537000_4142000_classified_point_cloud.laz","2018_MLBS_3_537000_4142000_image.tif","Tree",1,537000,537999.999,4142000,4142999.999
"1037",1037,537033.119,537039.464,4142131.091,4142138.485,"Silva","NEON_D07_MLBS_DP1_537000_4142000_classified_point_cloud.laz","2018_MLBS_3_537000_4142000_image.tif","Tree",1,537000,537999.999,4142000,4142999.999
"1038",1038,537051.615,537063.996,4142126.025,4142138.491,"Silva","NEON_D07_MLBS_DP1_537000_4142000_classified_point_cloud.laz","2018_MLBS_3_537000_4142000_image.tif","Tree",1,537000,537999.999,4142000,4142999.999
"1039",1039,537036.513,537043.982,4142124.901,4142133.986,"Silva","NEON_D07_MLBS_DP1_537000_4142000_classified_point_cloud.laz","2018_MLBS_3_537000_4142000_image.tif","Tree",1,537000,537999.999,4142000,4142999.999
"1040",1040,537056.517,537066.484,4142082.508,4142094.386,"Silva","NEON_D07_MLBS_DP1_537000_4142000_classified_point_cloud.laz","2018_MLBS_3_537000_4142000_image.tif","Tree",1,537000,537999.999,4142000,4142999.999
"1041",1041,537032.012,537039.495,4142080.15,4142090.419,"Silva","NEON_D07_MLBS_DP1_537000_4142000_classified_point_cloud.laz","2018_MLBS_3_537000_4142000_image.tif","Tree",1,537000,537999.999,4142000,4142999.999
"1042",1042,537087.043,537094.498,4142088.006,4142097.495,"Silva","NEON_D07_MLBS_DP1_537000_4142000_classified_point_cloud.laz","2018_MLBS_3_537000_4142000_image.tif","Tree",1,537000,537999.999,4142000,4142999.999
"1043",1043,537049.385,537056.988,4142083.665,4142093.471,"Silva","NEON_D07_MLBS_DP1_537000_4142000_classified_point_cloud.laz","2018_MLBS_3_537000_4142000_image.tif","Tree",1,537000,537999.999,4142000,4142999.999
"1044",1044,537042.532,537049.608,4142082.513,4142095.739,"Silva","NEON_D07_MLBS_DP1_537000_4142000_classified_point_cloud.laz","2018_MLBS_3_537000_4142000_image.tif","Tree",1,537000,537999.999,4142000,4142999.999
"1045",1045,537079.046,537088.44,4142088.041,4142096.5,"Silva","NEON_D07_MLBS_DP1_537000_4142000_classified_point_cloud.laz","2018_MLBS_3_537000_4142000_image.tif","Tree",1,537000,537999.999,4142000,4142999.999
"1046",1046,537031.507,537043.479,4142088.025,4142099.969,"Silva","NEON_D07_MLBS_DP1_537000_4142000_classified_point_cloud.laz","2018_MLBS_3_537000_4142000_image.tif","Tree",1,537000,537999.999,4142000,4142999.999
"1047",1047,537049.003,537057.529,4142088.537,4142094.985,"Silva","NEON_D07_MLBS_DP1_537000_4142000_classified_point_cloud.laz","2018_MLBS_3_537000_4142000_image.tif","Tree",1,537000,537999.999,4142000,4142999.999
"1048",1048,537054.523,537063.259,4142090.006,4142096.812,"Silva","NEON_D07_MLBS_DP1_537000_4142000_classified_point_cloud.laz","2018_MLBS_3_537000_4142000_image.tif","Tree",1,537000,537999.999,4142000,4142999.999
"1049",1049,537067.087,537080.327,4142092.065,4142100.495,"Silva","NEON_D07_MLBS_DP1_537000_4142000_classified_point_cloud.laz","2018_MLBS_3_537000_4142000_image.tif","Tree",1,537000,537999.999,4142000,4142999.999
"1050",1050,537089.573,537103.382,4142093.244,4142106.245,"Silva","NEON_D07_MLBS_DP1_537000_4142000_classified_point_cloud.laz","2018_MLBS_3_537000_4142000_image.tif","Tree",1,537000,537999.999,4142000,4142999.999
"1051",1051,537057.033,537066.41,4142094.013,4142103.368,"Silva","NEON_D07_MLBS_DP1_537000_4142000_classified_point_cloud.laz","2018_MLBS_3_537000_4142000_image.tif","Tree",1,537000,537999.999,4142000,4142999.999
"1052",1052,537051.53,537060.359,4142099.014,4142105.913,"Silva","NEON_D07_MLBS_DP1_537000_4142000_classified_point_cloud.laz","2018_MLBS_3_537000_4142000_image.tif","Tree",1,537000,537999.999,4142000,4142999.999
"1053",1053,537062.038,537071.951,4142102.507,4142110.46,"Silva","NEON_D07_MLBS_DP1_537000_4142000_classified_point_cloud.laz","2018_MLBS_3_537000_4142000_image.tif","Tree",1,537000,537999.999,4142000,4142999.999
"1054",1054,537054.047,537062.498,4142103.043,4142112.85,"Silva","NEON_D07_MLBS_DP1_537000_4142000_classified_point_cloud.laz","2018_MLBS_3_537000_4142000_image.tif","Tree",1,537000,537999.999,4142000,4142999.999
"1055",1055,537056.028,537067.081,4142106.504,4142112.996,"Silva","NEON_D07_MLBS_DP1_537000_4142000_classified_point_cloud.laz","2018_MLBS_3_537000_4142000_image.tif","Tree",1,537000,537999.999,4142000,4142999.999
"1056",1056,537029.513,537039.918,4142107.538,4142119.487,"Silva","NEON_D07_MLBS_DP1_537000_4142000_classified_point_cloud.laz","2018_MLBS_3_537000_4142000_image.tif","Tree",1,537000,537999.999,4142000,4142999.999
"1057",1057,537055.071,537066.482,4142113.001,4142122.945,"Silva","NEON_D07_MLBS_DP1_537000_4142000_classified_point_cloud.laz","2018_MLBS_3_537000_4142000_image.tif","Tree",1,537000,537999.999,4142000,4142999.999
"1058",1058,537035.577,537046.938,4142110.582,4142122.496,"Silva","NEON_D07_MLBS_DP1_537000_4142000_classified_point_cloud.laz","2018_MLBS_3_537000_4142000_image.tif","Tree",1,537000,537999.999,4142000,4142999.999
"1059",1059,537043.025,537052.497,4142113.1,4142123.843,"Silva","NEON_D07_MLBS_DP1_537000_4142000_classified_point_cloud.laz","2018_MLBS_3_537000_4142000_image.tif","Tree",1,537000,537999.999,4142000,4142999.999
"1060",1060,537047.518,537056.892,4142113.555,4142123.988,"Silva","NEON_D07_MLBS_DP1_537000_4142000_classified_point_cloud.laz","2018_MLBS_3_537000_4142000_image.tif","Tree",1,537000,537999.999,4142000,4142999.999
"1061",1061,537088.021,537097.425,4142122.037,4142131.5,"Silva","NEON_D07_MLBS_DP1_537000_4142000_classified_point_cloud.laz","2018_MLBS_3_537000_4142000_image.tif","Tree",1,537000,537999.999,4142000,4142999.999
"1062",1062,537047.019,537058.992,4142123.512,4142133.485,"Silva","NEON_D07_MLBS_DP1_537000_4142000_classified_point_cloud.laz","2018_MLBS_3_537000_4142000_image.tif","Tree",1,537000,537999.999,4142000,4142999.999
"1063",1063,537069.508,537076.374,4142124.556,4142131.446,"Silva","NEON_D07_MLBS_DP1_537000_4142000_classified_point_cloud.laz","2018_MLBS_3_537000_4142000_image.tif","Tree",1,537000,537999.999,4142000,4142999.999
"1064",1064,537129.516,537137.993,4142144.031,4142156.465,"Silva","NEON_D07_MLBS_DP1_537000_4142000_classified_point_cloud.laz","2018_MLBS_3_537000_4142000_image.tif","Tree",1,537000,537999.999,4142000,4142999.999
"1065",1065,537105.062,537114.498,4142143.023,4142155.996,"Silva","NEON_D07_MLBS_DP1_537000_4142000_classified_point_cloud.laz","2018_MLBS_3_537000_4142000_image.tif","Tree",1,537000,537999.999,4142000,4142999.999
"1066",1066,537095.505,537105.496,4142139.045,4142149.98,"Silva","NEON_D07_MLBS_DP1_537000_4142000_classified_point_cloud.laz","2018_MLBS_3_537000_4142000_image.tif","Tree",1,537000,537999.999,4142000,4142999.999
"1067",1067,537149.271,537160.499,4142144.008,4142154.493,"Silva","NEON_D07_MLBS_DP1_537000_4142000_classified_point_cloud.laz","2018_MLBS_3_537000_4142000_image.tif","Tree",1,537000,537999.999,4142000,4142999.999
"1068",1068,537119.071,537127.459,4142142.521,4142150.921,"Silva","NEON_D07_MLBS_DP1_537000_4142000_classified_point_cloud.laz","2018_MLBS_3_537000_4142000_image.tif","Tree",1,537000,537999.999,4142000,4142999.999
"1069",1069,537136.742,537148.793,4142142.031,4142152.444,"Silva","NEON_D07_MLBS_DP1_537000_4142000_classified_point_cloud.laz","2018_MLBS_3_537000_4142000_image.tif","Tree",1,537000,537999.999,4142000,4142999.999
"1070",1070,537104.519,537113.494,4142136.002,4142145.254,"Silva","NEON_D07_MLBS_DP1_537000_4142000_classified_point_cloud.laz","2018_MLBS_3_537000_4142000_image.tif","Tree",1,537000,537999.999,4142000,4142999.999
"1071",1071,537122.513,537130.969,4142137.032,4142144.473,"Silva","NEON_D07_MLBS_DP1_537000_4142000_classified_point_cloud.laz","2018_MLBS_3_537000_4142000_image.tif","Tree",1,537000,537999.999,4142000,4142999.999
"1072",1072,537113.507,537118.993,4142138.017,4142143.475,"Silva","NEON_D07_MLBS_DP1_537000_4142000_classified_point_cloud.laz","2018_MLBS_3_537000_4142000_image.tif","Tree",1,537000,537999.999,4142000,4142999.999
"1073",1073,537119.029,537124.304,4142136.011,4142143.41,"Silva","NEON_D07_MLBS_DP1_537000_4142000_classified_point_cloud.laz","2018_MLBS_3_537000_4142000_image.tif","Tree",1,537000,537999.999,4142000,4142999.999
"1074",1074,537132.599,537141.499,4142136.514,4142145.221,"Silva","NEON_D07_MLBS_DP1_537000_4142000_classified_point_cloud.laz","2018_MLBS_3_537000_4142000_image.tif","Tree",1,537000,537999.999,4142000,4142999.999
"1075",1075,537112.032,537120.944,4142131.505,4142137.999,"Silva","NEON_D07_MLBS_DP1_537000_4142000_classified_point_cloud.laz","2018_MLBS_3_537000_4142000_image.tif","Tree",1,537000,537999.999,4142000,4142999.999
"1076",1076,537138.506,537146.907,4142130.646,4142141.994,"Silva","NEON_D07_MLBS_DP1_537000_4142000_classified_point_cloud.laz","2018_MLBS_3_537000_4142000_image.tif","Tree",1,537000,537999.999,4142000,4142999.999
"1077",1077,537119.154,537126.457,4142127.522,4142136.85,"Silva","NEON_D07_MLBS_DP1_537000_4142000_classified_point_cloud.laz","2018_MLBS_3_537000_4142000_image.tif","Tree",1,537000,537999.999,4142000,4142999.999
"1078",1078,537130.001,537139.997,4142127.505,4142136.5,"Silva","NEON_D07_MLBS_DP1_537000_4142000_classified_point_cloud.laz","2018_MLBS_3_537000_4142000_image.tif","Tree",1,537000,537999.999,4142000,4142999.999
"1079",1079,537125.037,537130.491,4142126.519,4142137.851,"Silva","NEON_D07_MLBS_DP1_537000_4142000_classified_point_cloud.laz","2018_MLBS_3_537000_4142000_image.tif","Tree",1,537000,537999.999,4142000,4142999.999
"1080",1080,537145.093,537151.993,4142127.028,4142136,"Silva","NEON_D07_MLBS_DP1_537000_4142000_classified_point_cloud.laz","2018_MLBS_3_537000_4142000_image.tif","Tree",1,537000,537999.999,4142000,4142999.999
"1081",1081,537110.004,537120.454,4142123.548,4142131.496,"Silva","NEON_D07_MLBS_DP1_537000_4142000_classified_point_cloud.laz","2018_MLBS_3_537000_4142000_image.tif","Tree",1,537000,537999.999,4142000,4142999.999
"1082",1082,537140.037,537150.92,4142121.162,4142133.418,"Silva","NEON_D07_MLBS_DP1_537000_4142000_classified_point_cloud.laz","2018_MLBS_3_537000_4142000_image.tif","Tree",1,537000,537999.999,4142000,4142999.999
"1083",1083,537118.523,537126.435,4142120.635,4142128.468,"Silva","NEON_D07_MLBS_DP1_537000_4142000_classified_point_cloud.laz","2018_MLBS_3_537000_4142000_image.tif","Tree",1,537000,537999.999,4142000,4142999.999
"1084",1084,537128.502,537139.985,4142116.512,4142128.461,"Silva","NEON_D07_MLBS_DP1_537000_4142000_classified_point_cloud.laz","2018_MLBS_3_537000_4142000_image.tif","Tree",1,537000,537999.999,4142000,4142999.999
"1085",1085,537118.018,537128.998,4142108.517,4142120.979,"Silva","NEON_D07_MLBS_DP1_537000_4142000_classified_point_cloud.laz","2018_MLBS_3_537000_4142000_image.tif","Tree",1,537000,537999.999,4142000,4142999.999
"1086",1086,537090.048,537100.254,4142106.509,4142115.491,"Silva","NEON_D07_MLBS_DP1_537000_4142000_classified_point_cloud.laz","2018_MLBS_3_537000_4142000_image.tif","Tree",1,537000,537999.999,4142000,4142999.999
"1087",1087,537107.002,537119.382,4142104.431,4142116.897,"Silva","NEON_D07_MLBS_DP1_537000_4142000_classified_point_cloud.laz","2018_MLBS_3_537000_4142000_image.tif","Tree",1,537000,537999.999,4142000,4142999.999
"1088",1088,537125.073,537138.717,4142110.505,4142117.984,"Silva","NEON_D07_MLBS_DP1_537000_4142000_classified_point_cloud.laz","2018_MLBS_3_537000_4142000_image.tif","Tree",1,537000,537999.999,4142000,4142999.999
"1089",1089,537124.007,537137.656,4142104.01,4142110.952,"Silva","NEON_D07_MLBS_DP1_537000_4142000_classified_point_cloud.laz","2018_MLBS_3_537000_4142000_image.tif","Tree",1,537000,537999.999,4142000,4142999.999
"1090",1090,537151.353,537160.372,4142103.523,4142111.798,"Silva","NEON_D07_MLBS_DP1_537000_4142000_classified_point_cloud.laz","2018_MLBS_3_537000_4142000_image.tif","Tree",1,537000,537999.999,4142000,4142999.999
"1091",1091,537120.038,537132.47,4142095.54,4142109.48,"Silva","NEON_D07_MLBS_DP1_537000_4142000_classified_point_cloud.laz","2018_MLBS_3_537000_4142000_image.tif","Tree",1,537000,537999.999,4142000,4142999.999
"1092",1092,537131.016,537139.595,4142094.103,4142104.428,"Silva","NEON_D07_MLBS_DP1_537000_4142000_classified_point_cloud.laz","2018_MLBS_3_537000_4142000_image.tif","Tree",1,537000,537999.999,4142000,4142999.999
"1093",1093,537114.539,537120.989,4142092.578,4142101.902,"Silva","NEON_D07_MLBS_DP1_537000_4142000_classified_point_cloud.laz","2018_MLBS_3_537000_4142000_image.tif","Tree",1,537000,537999.999,4142000,4142999.999
"1094",1094,537135.51,537142.994,4142092.122,4142102.921,"Silva","NEON_D07_MLBS_DP1_537000_4142000_classified_point_cloud.laz","2018_MLBS_3_537000_4142000_image.tif","Tree",1,537000,537999.999,4142000,4142999.999
"1095",1095,537097.587,537107.477,4142087.51,4142101.931,"Silva","NEON_D07_MLBS_DP1_537000_4142000_classified_point_cloud.laz","2018_MLBS_3_537000_4142000_image.tif","Tree",1,537000,537999.999,4142000,4142999.999
"1096",1096,537112.526,537122.363,4142085.506,4142094.493,"Silva","NEON_D07_MLBS_DP1_537000_4142000_classified_point_cloud.laz","2018_MLBS_3_537000_4142000_image.tif","Tree",1,537000,537999.999,4142000,4142999.999
"1097",1097,537115.653,537126.494,4142081.009,4142090.495,"Silva","NEON_D07_MLBS_DP1_537000_4142000_classified_point_cloud.laz","2018_MLBS_3_537000_4142000_image.tif","Tree",1,537000,537999.999,4142000,4142999.999
"1098",1098,537126.7,537134.47,4142064.08,4142073.455,"Silva","NEON_D07_MLBS_DP1_537000_4142000_classified_point_cloud.laz","2018_MLBS_3_537000_4142000_image.tif","Tree",1,537000,537999.999,4142000,4142999.999
"1099",1099,537102.868,537109.943,4142060.018,4142068.918,"Silva","NEON_D07_MLBS_DP1_537000_4142000_classified_point_cloud.laz","2018_MLBS_3_537000_4142000_image.tif","Tree",1,537000,537999.999,4142000,4142999.999
"1100",1100,537118.095,537125.978,4142054.513,4142061.975,"Silva","NEON_D07_MLBS_DP1_537000_4142000_classified_point_cloud.laz","2018_MLBS_3_537000_4142000_image.tif","Tree",1,537000,537999.999,4142000,4142999.999
"1101",1101,537096.564,537107.973,4142052.192,4142063.253,"Silva","NEON_D07_MLBS_DP1_537000_4142000_classified_point_cloud.laz","2018_MLBS_3_537000_4142000_image.tif","Tree",1,537000,537999.999,4142000,4142999.999
"1102",1102,537115.5,537125.962,4142059.51,4142067.494,"Silva","NEON_D07_MLBS_DP1_537000_4142000_classified_point_cloud.laz","2018_MLBS_3_537000_4142000_image.tif","Tree",1,537000,537999.999,4142000,4142999.999
"1103",1103,537016.568,537023.391,4142210.578,4142217.323,"Silva","NEON_D07_MLBS_DP1_537000_4142000_classified_point_cloud.laz","2018_MLBS_3_537000_4142000_image.tif","Tree",1,537000,537999.999,4142000,4142999.999
"1104",1104,537025.501,537030.961,4142179.543,4142185.496,"Silva","NEON_D07_MLBS_DP1_537000_4142000_classified_point_cloud.laz","2018_MLBS_3_537000_4142000_image.tif","Tree",1,537000,537999.999,4142000,4142999.999
"1105",1105,537028.189,537035.972,4142177.528,4142184.494,"Silva","NEON_D07_MLBS_DP1_537000_4142000_classified_point_cloud.laz","2018_MLBS_3_537000_4142000_image.tif","Tree",1,537000,537999.999,4142000,4142999.999
"1106",1106,537000.007,537007.46,4142172.009,4142181.982,"Silva","NEON_D07_MLBS_DP1_537000_4142000_classified_point_cloud.laz","2018_MLBS_3_537000_4142000_image.tif","Tree",1,537000,537999.999,4142000,4142999.999
"1107",1107,537018.538,537025.992,4142173.005,4142179.491,"Silva","NEON_D07_MLBS_DP1_537000_4142000_classified_point_cloud.laz","2018_MLBS_3_537000_4142000_image.tif","Tree",1,537000,537999.999,4142000,4142999.999
"1108",1108,537024.549,537033.47,4142171.01,4142175.479,"Silva","NEON_D07_MLBS_DP1_537000_4142000_classified_point_cloud.laz","2018_MLBS_3_537000_4142000_image.tif","Tree",1,537000,537999.999,4142000,4142999.999
"1109",1109,537010.028,537018.996,4142168.001,4142174.957,"Silva","NEON_D07_MLBS_DP1_537000_4142000_classified_point_cloud.laz","2018_MLBS_3_537000_4142000_image.tif","Tree",1,537000,537999.999,4142000,4142999.999
"1110",1110,537018.503,537025.485,4142166.536,4142172.991,"Silva","NEON_D07_MLBS_DP1_537000_4142000_classified_point_cloud.laz","2018_MLBS_3_537000_4142000_image.tif","Tree",1,537000,537999.999,4142000,4142999.999
"1111",1111,537025.017,537033.443,4142163.601,4142171.5,"Silva","NEON_D07_MLBS_DP1_537000_4142000_classified_point_cloud.laz","2018_MLBS_3_537000_4142000_image.tif","Tree",1,537000,537999.999,4142000,4142999.999
"1112",1112,537009.507,537018.986,4142159.01,4142167.998,"Silva","NEON_D07_MLBS_DP1_537000_4142000_classified_point_cloud.laz","2018_MLBS_3_537000_4142000_image.tif","Tree",1,537000,537999.999,4142000,4142999.999
"1113",1113,537000,537003.467,4142161.002,4142168.991,"Silva","NEON_D07_MLBS_DP1_537000_4142000_classified_point_cloud.laz","2018_MLBS_3_537000_4142000_image.tif","Tree",1,537000,537999.999,4142000,4142999.999
"1114",1114,537000.005,537007.998,4142153.523,4142161.391,"Silva","NEON_D07_MLBS_DP1_537000_4142000_classified_point_cloud.laz","2018_MLBS_3_537000_4142000_image.tif","Tree",1,537000,537999.999,4142000,4142999.999
"1115",1115,537017.098,537027.992,4142155.502,4142162.486,"Silva","NEON_D07_MLBS_DP1_537000_4142000_classified_point_cloud.laz","2018_MLBS_3_537000_4142000_image.tif","Tree",1,537000,537999.999,4142000,4142999.999
"1116",1116,537000.168,537008.487,4142149.401,4142158.905,"Silva","NEON_D07_MLBS_DP1_537000_4142000_classified_point_cloud.laz","2018_MLBS_3_537000_4142000_image.tif","Tree",1,537000,537999.999,4142000,4142999.999
"1117",1117,537018.514,537030.936,4142148.512,4142155.499,"Silva","NEON_D07_MLBS_DP1_537000_4142000_classified_point_cloud.laz","2018_MLBS_3_537000_4142000_image.tif","Tree",1,537000,537999.999,4142000,4142999.999
"1118",1118,537024.628,537036.229,4142184.007,4142190.815,"Silva","NEON_D07_MLBS_DP1_537000_4142000_classified_point_cloud.laz","2018_MLBS_3_537000_4142000_image.tif","Tree",1,537000,537999.999,4142000,4142999.999
"1119",1119,537006.534,537018.984,4142187.816,4142192.845,"Silva","NEON_D07_MLBS_DP1_537000_4142000_classified_point_cloud.laz","2018_MLBS_3_537000_4142000_image.tif","Tree",1,537000,537999.999,4142000,4142999.999
"1120",1120,537000.001,537006.458,4142188.05,4142196.985,"Silva","NEON_D07_MLBS_DP1_537000_4142000_classified_point_cloud.laz","2018_MLBS_3_537000_4142000_image.tif","Tree",1,537000,537999.999,4142000,4142999.999
"1121",1121,537020.676,537028.956,4142188.501,4142197.891,"Silva","NEON_D07_MLBS_DP1_537000_4142000_classified_point_cloud.laz","2018_MLBS_3_537000_4142000_image.tif","Tree",1,537000,537999.999,4142000,4142999.999
"1122",1122,537016.005,537023.893,4142189.037,4142202.979,"Silva","NEON_D07_MLBS_DP1_537000_4142000_classified_point_cloud.laz","2018_MLBS_3_537000_4142000_image.tif","Tree",1,537000,537999.999,4142000,4142999.999
"1123",1123,537022.023,537032.722,4142195.128,4142206.909,"Silva","NEON_D07_MLBS_DP1_537000_4142000_classified_point_cloud.laz","2018_MLBS_3_537000_4142000_image.tif","Tree",1,537000,537999.999,4142000,4142999.999
"1124",1124,537001.568,537010.999,4142193.749,4142203.492,"Silva","NEON_D07_MLBS_DP1_537000_4142000_classified_point_cloud.laz","2018_MLBS_3_537000_4142000_image.tif","Tree",1,537000,537999.999,4142000,4142999.999
"1125",1125,537000.005,537004.986,4142197.037,4142205.998,"Silva","NEON_D07_MLBS_DP1_537000_4142000_classified_point_cloud.laz","2018_MLBS_3_537000_4142000_image.tif","Tree",1,537000,537999.999,4142000,4142999.999
"1126",1126,537008.537,537019.965,4142199.019,4142207.984,"Silva","NEON_D07_MLBS_DP1_537000_4142000_classified_point_cloud.laz","2018_MLBS_3_537000_4142000_image.tif","Tree",1,537000,537999.999,4142000,4142999.999
"1127",1127,537006.531,537012.333,4142207.007,4142212.977,"Silva","NEON_D07_MLBS_DP1_537000_4142000_classified_point_cloud.laz","2018_MLBS_3_537000_4142000_image.tif","Tree",1,537000,537999.999,4142000,4142999.999
"1128",1128,537010.033,537016.472,4142207.528,4142213.492,"Silva","NEON_D07_MLBS_DP1_537000_4142000_classified_point_cloud.laz","2018_MLBS_3_537000_4142000_image.tif","Tree",1,537000,537999.999,4142000,4142999.999
"1129",1129,537045.071,537056.479,4142179.024,4142188.477,"Silva","NEON_D07_MLBS_DP1_537000_4142000_classified_point_cloud.laz","2018_MLBS_3_537000_4142000_image.tif","Tree",1,537000,537999.999,4142000,4142999.999
"1130",1130,537039.575,537047.971,4142174.599,4142183.345,"Silva","NEON_D07_MLBS_DP1_537000_4142000_classified_point_cloud.laz","2018_MLBS_3_537000_4142000_image.tif","Tree",1,537000,537999.999,4142000,4142999.999
"1131",1131,537061.601,537074.692,4142172.058,4142181.114,"Silva","NEON_D07_MLBS_DP1_537000_4142000_classified_point_cloud.laz","2018_MLBS_3_537000_4142000_image.tif","Tree",1,537000,537999.999,4142000,4142999.999
"1132",1132,537035.711,537048.357,4142167.505,4142176.466,"Silva","NEON_D07_MLBS_DP1_537000_4142000_classified_point_cloud.laz","2018_MLBS_3_537000_4142000_image.tif","Tree",1,537000,537999.999,4142000,4142999.999
"1133",1133,537052.671,537062.878,4142165.503,4142176.379,"Silva","NEON_D07_MLBS_DP1_537000_4142000_classified_point_cloud.laz","2018_MLBS_3_537000_4142000_image.tif","Tree",1,537000,537999.999,4142000,4142999.999
"1134",1134,537029.516,537037.495,4142160.007,4142170.859,"Silva","NEON_D07_MLBS_DP1_537000_4142000_classified_point_cloud.laz","2018_MLBS_3_537000_4142000_image.tif","Tree",1,537000,537999.999,4142000,4142999.999
"1135",1135,537037.022,537045.493,4142158.507,4142169.476,"Silva","NEON_D07_MLBS_DP1_537000_4142000_classified_point_cloud.laz","2018_MLBS_3_537000_4142000_image.tif","Tree",1,537000,537999.999,4142000,4142999.999
"1136",1136,537045.523,537056.402,4142158.663,4142170.968,"Silva","NEON_D07_MLBS_DP1_537000_4142000_classified_point_cloud.laz","2018_MLBS_3_537000_4142000_image.tif","Tree",1,537000,537999.999,4142000,4142999.999
"1137",1137,537027.5,537038.427,4142152.004,4142163.464,"Silva","NEON_D07_MLBS_DP1_537000_4142000_classified_point_cloud.laz","2018_MLBS_3_537000_4142000_image.tif","Tree",1,537000,537999.999,4142000,4142999.999
"1138",1138,537086.033,537094.642,4142158.548,4142167.818,"Silva","NEON_D07_MLBS_DP1_537000_4142000_classified_point_cloud.laz","2018_MLBS_3_537000_4142000_image.tif","Tree",1,537000,537999.999,4142000,4142999.999
"1139",1139,537040.513,537050.965,4142154.501,4142158.97,"Silva","NEON_D07_MLBS_DP1_537000_4142000_classified_point_cloud.laz","2018_MLBS_3_537000_4142000_image.tif","Tree",1,537000,537999.999,4142000,4142999.999
"1140",1140,537063.515,537072.94,4142154.512,4142164.871,"Silva","NEON_D07_MLBS_DP1_537000_4142000_classified_point_cloud.laz","2018_MLBS_3_537000_4142000_image.tif","Tree",1,537000,537999.999,4142000,4142999.999
"1141",1141,537053.688,537063.943,4142153.003,4142162.542,"Silva","NEON_D07_MLBS_DP1_537000_4142000_classified_point_cloud.laz","2018_MLBS_3_537000_4142000_image.tif","Tree",1,537000,537999.999,4142000,4142999.999
"1142",1142,537047.049,537054.461,4142148.667,4142157.484,"Silva","NEON_D07_MLBS_DP1_537000_4142000_classified_point_cloud.laz","2018_MLBS_3_537000_4142000_image.tif","Tree",1,537000,537999.999,4142000,4142999.999
"1143",1143,537041.503,537048.978,4142146.043,4142156.418,"Silva","NEON_D07_MLBS_DP1_537000_4142000_classified_point_cloud.laz","2018_MLBS_3_537000_4142000_image.tif","Tree",1,537000,537999.999,4142000,4142999.999
"1144",1144,537064.012,537074.886,4142147.544,4142155.452,"Silva","NEON_D07_MLBS_DP1_537000_4142000_classified_point_cloud.laz","2018_MLBS_3_537000_4142000_image.tif","Tree",1,537000,537999.999,4142000,4142999.999
"1145",1145,537087.637,537094.952,4142148.532,4142155.489,"Silva","NEON_D07_MLBS_DP1_537000_4142000_classified_point_cloud.laz","2018_MLBS_3_537000_4142000_image.tif","Tree",1,537000,537999.999,4142000,4142999.999
"1146",1146,537039.069,537048.963,4142185.021,4142194.968,"Silva","NEON_D07_MLBS_DP1_537000_4142000_classified_point_cloud.laz","2018_MLBS_3_537000_4142000_image.tif","Tree",1,537000,537999.999,4142000,4142999.999
"1147",1147,537054.503,537065.49,4142186.557,4142196.993,"Silva","NEON_D07_MLBS_DP1_537000_4142000_classified_point_cloud.laz","2018_MLBS_3_537000_4142000_image.tif","Tree",1,537000,537999.999,4142000,4142999.999
"1148",1148,537073.52,537081.488,4142185.669,4142199.985,"Silva","NEON_D07_MLBS_DP1_537000_4142000_classified_point_cloud.laz","2018_MLBS_3_537000_4142000_image.tif","Tree",1,537000,537999.999,4142000,4142999.999
"1149",1149,537063.651,537071.487,4142188.576,4142197.552,"Silva","NEON_D07_MLBS_DP1_537000_4142000_classified_point_cloud.laz","2018_MLBS_3_537000_4142000_image.tif","Tree",1,537000,537999.999,4142000,4142999.999
"1150",1150,537028.138,537035.977,4142188.535,4142198,"Silva","NEON_D07_MLBS_DP1_537000_4142000_classified_point_cloud.laz","2018_MLBS_3_537000_4142000_image.tif","Tree",1,537000,537999.999,4142000,4142999.999
"1151",1151,537088.028,537096.487,4142197.582,4142205.95,"Silva","NEON_D07_MLBS_DP1_537000_4142000_classified_point_cloud.laz","2018_MLBS_3_537000_4142000_image.tif","Tree",1,537000,537999.999,4142000,4142999.999
"1152",1152,537092.112,537102.873,4142198.543,4142207.992,"Silva","NEON_D07_MLBS_DP1_537000_4142000_classified_point_cloud.laz","2018_MLBS_3_537000_4142000_image.tif","Tree",1,537000,537999.999,4142000,4142999.999
"1153",1153,537038.54,537048.492,4142195.005,4142203.489,"Silva","NEON_D07_MLBS_DP1_537000_4142000_classified_point_cloud.laz","2018_MLBS_3_537000_4142000_image.tif","Tree",1,537000,537999.999,4142000,4142999.999
"1154",1154,537028.784,537040.46,4142203.517,4142211.486,"Silva","NEON_D07_MLBS_DP1_537000_4142000_classified_point_cloud.laz","2018_MLBS_3_537000_4142000_image.tif","Tree",1,537000,537999.999,4142000,4142999.999
"1155",1155,537074.001,537083.837,4142208.017,4142216.974,"Silva","NEON_D07_MLBS_DP1_537000_4142000_classified_point_cloud.laz","2018_MLBS_3_537000_4142000_image.tif","Tree",1,537000,537999.999,4142000,4142999.999
"1156",1156,537043.509,537052.848,4142207.51,4142215.948,"Silva","NEON_D07_MLBS_DP1_537000_4142000_classified_point_cloud.laz","2018_MLBS_3_537000_4142000_image.tif","Tree",1,537000,537999.999,4142000,4142999.999
"1157",1157,537000.01,537007.497,4142276.025,4142282.493,"Silva","NEON_D07_MLBS_DP1_537000_4142000_classified_point_cloud.laz","2018_MLBS_3_537000_4142000_image.tif","Tree",1,537000,537999.999,4142000,4142999.999
"1158",1158,537007.525,537017.435,4142273.514,4142280.458,"Silva","NEON_D07_MLBS_DP1_537000_4142000_classified_point_cloud.laz","2018_MLBS_3_537000_4142000_image.tif","Tree",1,537000,537999.999,4142000,4142999.999
"1159",1159,537005.507,537017.998,4142242.505,4142250.974,"Silva","NEON_D07_MLBS_DP1_537000_4142000_classified_point_cloud.laz","2018_MLBS_3_537000_4142000_image.tif","Tree",1,537000,537999.999,4142000,4142999.999
"1160",1160,537027.03,537034.496,4142241.556,4142251.96,"Silva","NEON_D07_MLBS_DP1_537000_4142000_classified_point_cloud.laz","2018_MLBS_3_537000_4142000_image.tif","Tree",1,537000,537999.999,4142000,4142999.999
"1161",1161,537017.546,537027.487,4142242.007,4142251.496,"Silva","NEON_D07_MLBS_DP1_537000_4142000_classified_point_cloud.laz","2018_MLBS_3_537000_4142000_image.tif","Tree",1,537000,537999.999,4142000,4142999.999
"1162",1162,537016.515,537022.994,4142232.011,4142244.482,"Silva","NEON_D07_MLBS_DP1_537000_4142000_classified_point_cloud.laz","2018_MLBS_3_537000_4142000_image.tif","Tree",1,537000,537999.999,4142000,4142999.999
"1163",1163,537002.014,537017.496,4142223.526,4142231.959,"Silva","NEON_D07_MLBS_DP1_537000_4142000_classified_point_cloud.laz","2018_MLBS_3_537000_4142000_image.tif","Tree",1,537000,537999.999,4142000,4142999.999
"1164",1164,537023.004,537027.497,4142222.063,4142231.975,"Silva","NEON_D07_MLBS_DP1_537000_4142000_classified_point_cloud.laz","2018_MLBS_3_537000_4142000_image.tif","Tree",1,537000,537999.999,4142000,4142999.999
"1165",1165,537000,537013.967,4142217.029,4142226.456,"Silva","NEON_D07_MLBS_DP1_537000_4142000_classified_point_cloud.laz","2018_MLBS_3_537000_4142000_image.tif","Tree",1,537000,537999.999,4142000,4142999.999
"1166",1166,537060.512,537067.954,4142276.035,4142287.498,"Silva","NEON_D07_MLBS_DP1_537000_4142000_classified_point_cloud.laz","2018_MLBS_3_537000_4142000_image.tif","Tree",1,537000,537999.999,4142000,4142999.999
"1167",1167,537029.56,537033.999,4142275.061,4142288.974,"Silva","NEON_D07_MLBS_DP1_537000_4142000_classified_point_cloud.laz","2018_MLBS_3_537000_4142000_image.tif","Tree",1,537000,537999.999,4142000,4142999.999
"1168",1168,537039,537047.905,4142275.768,4142284.879,"Silva","NEON_D07_MLBS_DP1_537000_4142000_classified_point_cloud.laz","2018_MLBS_3_537000_4142000_image.tif","Tree",1,537000,537999.999,4142000,4142999.999
"1169",1169,537068.049,537079.997,4142274.505,4142282.955,"Silva","NEON_D07_MLBS_DP1_537000_4142000_classified_point_cloud.laz","2018_MLBS_3_537000_4142000_image.tif","Tree",1,537000,537999.999,4142000,4142999.999
"1170",1170,537035.034,537045.998,4142269.561,4142279.498,"Silva","NEON_D07_MLBS_DP1_537000_4142000_classified_point_cloud.laz","2018_MLBS_3_537000_4142000_image.tif","Tree",1,537000,537999.999,4142000,4142999.999
"1171",1171,537052.108,537062.481,4142272.005,4142280.47,"Silva","NEON_D07_MLBS_DP1_537000_4142000_classified_point_cloud.laz","2018_MLBS_3_537000_4142000_image.tif","Tree",1,537000,537999.999,4142000,4142999.999
"1172",1172,537045.516,537054.485,4142271.039,4142279.466,"Silva","NEON_D07_MLBS_DP1_537000_4142000_classified_point_cloud.laz","2018_MLBS_3_537000_4142000_image.tif","Tree",1,537000,537999.999,4142000,4142999.999
"1173",1173,537069.507,537074.992,4142266.55,4142275.499,"Silva","NEON_D07_MLBS_DP1_537000_4142000_classified_point_cloud.laz","2018_MLBS_3_537000_4142000_image.tif","Tree",1,537000,537999.999,4142000,4142999.999
"1174",1174,537074.502,537082.361,4142269.025,4142275.997,"Silva","NEON_D07_MLBS_DP1_537000_4142000_classified_point_cloud.laz","2018_MLBS_3_537000_4142000_image.tif","Tree",1,537000,537999.999,4142000,4142999.999
"1175",1175,537029.037,537039.992,4142261.53,4142275.428,"Silva","NEON_D07_MLBS_DP1_537000_4142000_classified_point_cloud.laz","2018_MLBS_3_537000_4142000_image.tif","Tree",1,537000,537999.999,4142000,4142999.999
"1176",1176,537048.513,537057.434,4142262.504,4142270.97,"Silva","NEON_D07_MLBS_DP1_537000_4142000_classified_point_cloud.laz","2018_MLBS_3_537000_4142000_image.tif","Tree",1,537000,537999.999,4142000,4142999.999
"1177",1177,537069.049,537077.999,4142262.556,4142269.981,"Silva","NEON_D07_MLBS_DP1_537000_4142000_classified_point_cloud.laz","2018_MLBS_3_537000_4142000_image.tif","Tree",1,537000,537999.999,4142000,4142999.999
"1178",1178,537076.501,537083.496,4142249.279,4142256.494,"Silva","NEON_D07_MLBS_DP1_537000_4142000_classified_point_cloud.laz","2018_MLBS_3_537000_4142000_image.tif","Tree",1,537000,537999.999,4142000,4142999.999
"1179",1179,537029.543,537032.896,4142256.098,4142256.987,"Silva","NEON_D07_MLBS_DP1_537000_4142000_classified_point_cloud.laz","2018_MLBS_3_537000_4142000_image.tif","Tree",1,537000,537999.999,4142000,4142999.999
"1180",1180,537034.585,537043.974,4142247.505,4142254.479,"Silva","NEON_D07_MLBS_DP1_537000_4142000_classified_point_cloud.laz","2018_MLBS_3_537000_4142000_image.tif","Tree",1,537000,537999.999,4142000,4142999.999
"1181",1181,537048.015,537061.993,4142244.536,4142253.494,"Silva","NEON_D07_MLBS_DP1_537000_4142000_classified_point_cloud.laz","2018_MLBS_3_537000_4142000_image.tif","Tree",1,537000,537999.999,4142000,4142999.999
"1182",1182,537062.637,537075.997,4142241.512,4142249,"Silva","NEON_D07_MLBS_DP1_537000_4142000_classified_point_cloud.laz","2018_MLBS_3_537000_4142000_image.tif","Tree",1,537000,537999.999,4142000,4142999.999
"1183",1183,537042.521,537051.427,4142240.507,4142250.911,"Silva","NEON_D07_MLBS_DP1_537000_4142000_classified_point_cloud.laz","2018_MLBS_3_537000_4142000_image.tif","Tree",1,537000,537999.999,4142000,4142999.999
"1184",1184,537049.555,537056.907,4142238.591,4142246.447,"Silva","NEON_D07_MLBS_DP1_537000_4142000_classified_point_cloud.laz","2018_MLBS_3_537000_4142000_image.tif","Tree",1,537000,537999.999,4142000,4142999.999
"1185",1185,537056.032,537064.883,4142238.514,4142248.988,"Silva","NEON_D07_MLBS_DP1_537000_4142000_classified_point_cloud.laz","2018_MLBS_3_537000_4142000_image.tif","Tree",1,537000,537999.999,4142000,4142999.999
"1186",1186,537064.523,537070.384,4142233.006,4142243.472,"Silva","NEON_D07_MLBS_DP1_537000_4142000_classified_point_cloud.laz","2018_MLBS_3_537000_4142000_image.tif","Tree",1,537000,537999.999,4142000,4142999.999
"1187",1187,537032.001,537040.349,4142233.519,4142241.94,"Silva","NEON_D07_MLBS_DP1_537000_4142000_classified_point_cloud.laz","2018_MLBS_3_537000_4142000_image.tif","Tree",1,537000,537999.999,4142000,4142999.999
"1188",1188,537044.503,537049.494,4142232.1,4142240.993,"Silva","NEON_D07_MLBS_DP1_537000_4142000_classified_point_cloud.laz","2018_MLBS_3_537000_4142000_image.tif","Tree",1,537000,537999.999,4142000,4142999.999
"1189",1189,537086.562,537095.444,4142233.035,4142242.482,"Silva","NEON_D07_MLBS_DP1_537000_4142000_classified_point_cloud.laz","2018_MLBS_3_537000_4142000_image.tif","Tree",1,537000,537999.999,4142000,4142999.999
"1190",1190,537038.575,537046.4,4142231.627,4142241.982,"Silva","NEON_D07_MLBS_DP1_537000_4142000_classified_point_cloud.laz","2018_MLBS_3_537000_4142000_image.tif","Tree",1,537000,537999.999,4142000,4142999.999
"1191",1191,537029.003,537036.989,4142227.556,4142234.353,"Silva","NEON_D07_MLBS_DP1_537000_4142000_classified_point_cloud.laz","2018_MLBS_3_537000_4142000_image.tif","Tree",1,537000,537999.999,4142000,4142999.999
"1192",1192,537049.557,537056.898,4142225.537,4142231.194,"Silva","NEON_D07_MLBS_DP1_537000_4142000_classified_point_cloud.laz","2018_MLBS_3_537000_4142000_image.tif","Tree",1,537000,537999.999,4142000,4142999.999
"1193",1193,537031.6,537037.466,4142221.016,4142228.478,"Silva","NEON_D07_MLBS_DP1_537000_4142000_classified_point_cloud.laz","2018_MLBS_3_537000_4142000_image.tif","Tree",1,537000,537999.999,4142000,4142999.999
"1194",1194,537069.598,537080.993,4142212.004,4142219.492,"Silva","NEON_D07_MLBS_DP1_537000_4142000_classified_point_cloud.laz","2018_MLBS_3_537000_4142000_image.tif","Tree",1,537000,537999.999,4142000,4142999.999
"1195",1195,537000.002,537005.478,4142341.045,4142351.927,"Silva","NEON_D07_MLBS_DP1_537000_4142000_classified_point_cloud.laz","2018_MLBS_3_537000_4142000_image.tif","Tree",1,537000,537999.999,4142000,4142999.999
"1196",1196,537003.557,537011.496,4142340.003,4142350.924,"Silva","NEON_D07_MLBS_DP1_537000_4142000_classified_point_cloud.laz","2018_MLBS_3_537000_4142000_image.tif","Tree",1,537000,537999.999,4142000,4142999.999
"1197",1197,537000.006,537005.992,4142333.544,4142341.452,"Silva","NEON_D07_MLBS_DP1_537000_4142000_classified_point_cloud.laz","2018_MLBS_3_537000_4142000_image.tif","Tree",1,537000,537999.999,4142000,4142999.999
"1198",1198,537002.051,537007.449,4142329.519,4142335.788,"Silva","NEON_D07_MLBS_DP1_537000_4142000_classified_point_cloud.laz","2018_MLBS_3_537000_4142000_image.tif","Tree",1,537000,537999.999,4142000,4142999.999
"1199",1199,537008.513,537013.994,4142328.581,4142336.369,"Silva","NEON_D07_MLBS_DP1_537000_4142000_classified_point_cloud.laz","2018_MLBS_3_537000_4142000_image.tif","Tree",1,537000,537999.999,4142000,4142999.999
"1200",1200,537000.001,537004.469,4142327.013,4142333.95,"Silva","NEON_D07_MLBS_DP1_537000_4142000_classified_point_cloud.laz","2018_MLBS_3_537000_4142000_image.tif","Tree",1,537000,537999.999,4142000,4142999.999
"1201",1201,537012.515,537020.491,4142326.037,4142338.994,"Silva","NEON_D07_MLBS_DP1_537000_4142000_classified_point_cloud.laz","2018_MLBS_3_537000_4142000_image.tif","Tree",1,537000,537999.999,4142000,4142999.999
"1202",1202,537004.519,537012.926,4142324.567,4142332.887,"Silva","NEON_D07_MLBS_DP1_537000_4142000_classified_point_cloud.laz","2018_MLBS_3_537000_4142000_image.tif","Tree",1,537000,537999.999,4142000,4142999.999
"1203",1203,537020.038,537029.982,4142324.749,4142333.98,"Silva","NEON_D07_MLBS_DP1_537000_4142000_classified_point_cloud.laz","2018_MLBS_3_537000_4142000_image.tif","Tree",1,537000,537999.999,4142000,4142999.999
"1204",1204,537013.542,537024.362,4142322.526,4142331.999,"Silva","NEON_D07_MLBS_DP1_537000_4142000_classified_point_cloud.laz","2018_MLBS_3_537000_4142000_image.tif","Tree",1,537000,537999.999,4142000,4142999.999
"1205",1205,537017.046,537028.944,4142278.502,4142286.984,"Silva","NEON_D07_MLBS_DP1_537000_4142000_classified_point_cloud.laz","2018_MLBS_3_537000_4142000_image.tif","Tree",1,537000,537999.999,4142000,4142999.999
"1206",1206,537000.004,537002.97,4142280.752,4142294.83,"Silva","NEON_D07_MLBS_DP1_537000_4142000_classified_point_cloud.laz","2018_MLBS_3_537000_4142000_image.tif","Tree",1,537000,537999.999,4142000,4142999.999
"1207",1207,537000.077,537008.468,4142282.515,4142295.357,"Silva","NEON_D07_MLBS_DP1_537000_4142000_classified_point_cloud.laz","2018_MLBS_3_537000_4142000_image.tif","Tree",1,537000,537999.999,4142000,4142999.999
"1208",1208,537004.075,537015.982,4142286.504,4142292.997,"Silva","NEON_D07_MLBS_DP1_537000_4142000_classified_point_cloud.laz","2018_MLBS_3_537000_4142000_image.tif","Tree",1,537000,537999.999,4142000,4142999.999
"1209",1209,537017.515,537021.472,4142289.039,4142297.994,"Silva","NEON_D07_MLBS_DP1_537000_4142000_classified_point_cloud.laz","2018_MLBS_3_537000_4142000_image.tif","Tree",1,537000,537999.999,4142000,4142999.999
"1210",1210,537000.503,537012.991,4142293.005,4142302.974,"Silva","NEON_D07_MLBS_DP1_537000_4142000_classified_point_cloud.laz","2018_MLBS_3_537000_4142000_image.tif","Tree",1,537000,537999.999,4142000,4142999.999
"1211",1211,537010.605,537019.437,4142295.626,4142301.999,"Silva","NEON_D07_MLBS_DP1_537000_4142000_classified_point_cloud.laz","2018_MLBS_3_537000_4142000_image.tif","Tree",1,537000,537999.999,4142000,4142999.999
"1212",1212,537019.502,537029.97,4142301.512,4142310.443,"Silva","NEON_D07_MLBS_DP1_537000_4142000_classified_point_cloud.laz","2018_MLBS_3_537000_4142000_image.tif","Tree",1,537000,537999.999,4142000,4142999.999
"1213",1213,537009.567,537019.491,4142300.519,4142306.945,"Silva","NEON_D07_MLBS_DP1_537000_4142000_classified_point_cloud.laz","2018_MLBS_3_537000_4142000_image.tif","Tree",1,537000,537999.999,4142000,4142999.999
"1214",1214,537000,537008.402,4142295.572,4142311.933,"Silva","NEON_D07_MLBS_DP1_537000_4142000_classified_point_cloud.laz","2018_MLBS_3_537000_4142000_image.tif","Tree",1,537000,537999.999,4142000,4142999.999
"1215",1215,537006.07,537013.971,4142303.01,4142315.922,"Silva","NEON_D07_MLBS_DP1_537000_4142000_classified_point_cloud.laz","2018_MLBS_3_537000_4142000_image.tif","Tree",1,537000,537999.999,4142000,4142999.999
"1216",1216,537000.039,537009.483,4142307.525,4142316.997,"Silva","NEON_D07_MLBS_DP1_537000_4142000_classified_point_cloud.laz","2018_MLBS_3_537000_4142000_image.tif","Tree",1,537000,537999.999,4142000,4142999.999
"1217",1217,537025,537034.994,4142306.028,4142317.918,"Silva","NEON_D07_MLBS_DP1_537000_4142000_classified_point_cloud.laz","2018_MLBS_3_537000_4142000_image.tif","Tree",1,537000,537999.999,4142000,4142999.999
"1218",1218,537019.227,537026.929,4142310.028,4142318.988,"Silva","NEON_D07_MLBS_DP1_537000_4142000_classified_point_cloud.laz","2018_MLBS_3_537000_4142000_image.tif","Tree",1,537000,537999.999,4142000,4142999.999
"1219",1219,537011.571,537019.495,4142313.506,4142322.987,"Silva","NEON_D07_MLBS_DP1_537000_4142000_classified_point_cloud.laz","2018_MLBS_3_537000_4142000_image.tif","Tree",1,537000,537999.999,4142000,4142999.999
"1220",1220,537018.574,537026.956,4142317.177,4142324.493,"Silva","NEON_D07_MLBS_DP1_537000_4142000_classified_point_cloud.laz","2018_MLBS_3_537000_4142000_image.tif","Tree",1,537000,537999.999,4142000,4142999.999
"1221",1221,537000.005,537006.367,4142319.582,4142327.209,"Silva","NEON_D07_MLBS_DP1_537000_4142000_classified_point_cloud.laz","2018_MLBS_3_537000_4142000_image.tif","Tree",1,537000,537999.999,4142000,4142999.999
"1222",1222,537060.511,537065.495,4142341.524,4142354.209,"Silva","NEON_D07_MLBS_DP1_537000_4142000_classified_point_cloud.laz","2018_MLBS_3_537000_4142000_image.tif","Tree",1,537000,537999.999,4142000,4142999.999
"1223",1223,537065.51,537071.418,4142342.503,4142349.994,"Silva","NEON_D07_MLBS_DP1_537000_4142000_classified_point_cloud.laz","2018_MLBS_3_537000_4142000_image.tif","Tree",1,537000,537999.999,4142000,4142999.999
"1224",1224,537038.01,537045.99,4142338.011,4142346.936,"Silva","NEON_D07_MLBS_DP1_537000_4142000_classified_point_cloud.laz","2018_MLBS_3_537000_4142000_image.tif","Tree",1,537000,537999.999,4142000,4142999.999
"1225",1225,537027.501,537037.844,4142338.006,4142341.999,"Silva","NEON_D07_MLBS_DP1_537000_4142000_classified_point_cloud.laz","2018_MLBS_3_537000_4142000_image.tif","Tree",1,537000,537999.999,4142000,4142999.999
"1226",1226,537069.247,537079.485,4142332.541,4142345.985,"Silva","NEON_D07_MLBS_DP1_537000_4142000_classified_point_cloud.laz","2018_MLBS_3_537000_4142000_image.tif","Tree",1,537000,537999.999,4142000,4142999.999
"1227",1227,537053.011,537061.657,4142333.566,4142341.97,"Silva","NEON_D07_MLBS_DP1_537000_4142000_classified_point_cloud.laz","2018_MLBS_3_537000_4142000_image.tif","Tree",1,537000,537999.999,4142000,4142999.999
"1228",1228,537029.004,537035.646,4142330.548,4142337.975,"Silva","NEON_D07_MLBS_DP1_537000_4142000_classified_point_cloud.laz","2018_MLBS_3_537000_4142000_image.tif","Tree",1,537000,537999.999,4142000,4142999.999
"1229",1229,537042.502,537052.899,4142331.611,4142339.995,"Silva","NEON_D07_MLBS_DP1_537000_4142000_classified_point_cloud.laz","2018_MLBS_3_537000_4142000_image.tif","Tree",1,537000,537999.999,4142000,4142999.999
"1230",1230,537034.541,537043.826,4142328.097,4142340.366,"Silva","NEON_D07_MLBS_DP1_537000_4142000_classified_point_cloud.laz","2018_MLBS_3_537000_4142000_image.tif","Tree",1,537000,537999.999,4142000,4142999.999
"1231",1231,537057,537067.453,4142330.503,4142341.407,"Silva","NEON_D07_MLBS_DP1_537000_4142000_classified_point_cloud.laz","2018_MLBS_3_537000_4142000_image.tif","Tree",1,537000,537999.999,4142000,4142999.999
"1232",1232,537065,537074.938,4142278.024,4142288.414,"Silva","NEON_D07_MLBS_DP1_537000_4142000_classified_point_cloud.laz","2018_MLBS_3_537000_4142000_image.tif","Tree",1,537000,537999.999,4142000,4142999.999
"1233",1233,537057.545,537064.999,4142278.522,4142289.495,"Silva","NEON_D07_MLBS_DP1_537000_4142000_classified_point_cloud.laz","2018_MLBS_3_537000_4142000_image.tif","Tree",1,537000,537999.999,4142000,4142999.999
"1234",1234,537051.057,537058.499,4142279.502,4142288.47,"Silva","NEON_D07_MLBS_DP1_537000_4142000_classified_point_cloud.laz","2018_MLBS_3_537000_4142000_image.tif","Tree",1,537000,537999.999,4142000,4142999.999
"1235",1235,537090.003,537098.973,4142282.009,4142291.487,"Silva","NEON_D07_MLBS_DP1_537000_4142000_classified_point_cloud.laz","2018_MLBS_3_537000_4142000_image.tif","Tree",1,537000,537999.999,4142000,4142999.999
"1236",1236,537079.527,537087.966,4142282.102,4142288.905,"Silva","NEON_D07_MLBS_DP1_537000_4142000_classified_point_cloud.laz","2018_MLBS_3_537000_4142000_image.tif","Tree",1,537000,537999.999,4142000,4142999.999
"1237",1237,537073.504,537079.288,4142282.523,4142292.946,"Silva","NEON_D07_MLBS_DP1_537000_4142000_classified_point_cloud.laz","2018_MLBS_3_537000_4142000_image.tif","Tree",1,537000,537999.999,4142000,4142999.999
"1238",1238,537040.004,537049.456,4142284.073,4142292.483,"Silva","NEON_D07_MLBS_DP1_537000_4142000_classified_point_cloud.laz","2018_MLBS_3_537000_4142000_image.tif","Tree",1,537000,537999.999,4142000,4142999.999
"1239",1239,537086.502,537093.961,4142284.036,4142294.497,"Silva","NEON_D07_MLBS_DP1_537000_4142000_classified_point_cloud.laz","2018_MLBS_3_537000_4142000_image.tif","Tree",1,537000,537999.999,4142000,4142999.999
"1240",1240,537048.024,537056.369,4142285.174,4142294.421,"Silva","NEON_D07_MLBS_DP1_537000_4142000_classified_point_cloud.laz","2018_MLBS_3_537000_4142000_image.tif","Tree",1,537000,537999.999,4142000,4142999.999
"1241",1241,537033.002,537043.47,4142286.215,4142297.451,"Silva","NEON_D07_MLBS_DP1_537000_4142000_classified_point_cloud.laz","2018_MLBS_3_537000_4142000_image.tif","Tree",1,537000,537999.999,4142000,4142999.999
"1242",1242,537090.06,537097.466,4142292.015,4142301.392,"Silva","NEON_D07_MLBS_DP1_537000_4142000_classified_point_cloud.laz","2018_MLBS_3_537000_4142000_image.tif","Tree",1,537000,537999.999,4142000,4142999.999
"1243",1243,537049.652,537058.458,4142293.035,4142300.966,"Silva","NEON_D07_MLBS_DP1_537000_4142000_classified_point_cloud.laz","2018_MLBS_3_537000_4142000_image.tif","Tree",1,537000,537999.999,4142000,4142999.999
"1244",1244,537027.028,537039.995,4142291.044,4142306.996,"Silva","NEON_D07_MLBS_DP1_537000_4142000_classified_point_cloud.laz","2018_MLBS_3_537000_4142000_image.tif","Tree",1,537000,537999.999,4142000,4142999.999
"1245",1245,537072.512,537079.446,4142297.612,4142309.455,"Silva","NEON_D07_MLBS_DP1_537000_4142000_classified_point_cloud.laz","2018_MLBS_3_537000_4142000_image.tif","Tree",1,537000,537999.999,4142000,4142999.999
"1246",1246,537051.508,537062.374,4142300.049,4142305.881,"Silva","NEON_D07_MLBS_DP1_537000_4142000_classified_point_cloud.laz","2018_MLBS_3_537000_4142000_image.tif","Tree",1,537000,537999.999,4142000,4142999.999
"1247",1247,537084.5,537093.499,4142302.005,4142312.995,"Silva","NEON_D07_MLBS_DP1_537000_4142000_classified_point_cloud.laz","2018_MLBS_3_537000_4142000_image.tif","Tree",1,537000,537999.999,4142000,4142999.999
"1248",1248,537036.688,537049.921,4142301.518,4142310.499,"Silva","NEON_D07_MLBS_DP1_537000_4142000_classified_point_cloud.laz","2018_MLBS_3_537000_4142000_image.tif","Tree",1,537000,537999.999,4142000,4142999.999
"1249",1249,537044.505,537052.992,4142305.088,4142313.47,"Silva","NEON_D07_MLBS_DP1_537000_4142000_classified_point_cloud.laz","2018_MLBS_3_537000_4142000_image.tif","Tree",1,537000,537999.999,4142000,4142999.999
"1250",1250,537051.018,537056.994,4142308.553,4142320.472,"Silva","NEON_D07_MLBS_DP1_537000_4142000_classified_point_cloud.laz","2018_MLBS_3_537000_4142000_image.tif","Tree",1,537000,537999.999,4142000,4142999.999
"1251",1251,537043.511,537051.893,4142311.121,4142321.371,"Silva","NEON_D07_MLBS_DP1_537000_4142000_classified_point_cloud.laz","2018_MLBS_3_537000_4142000_image.tif","Tree",1,537000,537999.999,4142000,4142999.999
"1252",1252,537077.516,537088.992,4142308.517,4142318.899,"Silva","NEON_D07_MLBS_DP1_537000_4142000_classified_point_cloud.laz","2018_MLBS_3_537000_4142000_image.tif","Tree",1,537000,537999.999,4142000,4142999.999
"1253",1253,537036.022,537044.462,4142314.057,4142320.857,"Silva","NEON_D07_MLBS_DP1_537000_4142000_classified_point_cloud.laz","2018_MLBS_3_537000_4142000_image.tif","Tree",1,537000,537999.999,4142000,4142999.999
"1254",1254,537032.675,537038.492,4142313.503,4142324.732,"Silva","NEON_D07_MLBS_DP1_537000_4142000_classified_point_cloud.laz","2018_MLBS_3_537000_4142000_image.tif","Tree",1,537000,537999.999,4142000,4142999.999
"1255",1255,537085.027,537090.493,4142321.021,4142331.462,"Silva","NEON_D07_MLBS_DP1_537000_4142000_classified_point_cloud.laz","2018_MLBS_3_537000_4142000_image.tif","Tree",1,537000,537999.999,4142000,4142999.999
"1256",1256,537057.114,537068.872,4142318.518,4142330.469,"Silva","NEON_D07_MLBS_DP1_537000_4142000_classified_point_cloud.laz","2018_MLBS_3_537000_4142000_image.tif","Tree",1,537000,537999.999,4142000,4142999.999
"1257",1257,537037.57,537051.227,4142321.144,4142331.996,"Silva","NEON_D07_MLBS_DP1_537000_4142000_classified_point_cloud.laz","2018_MLBS_3_537000_4142000_image.tif","Tree",1,537000,537999.999,4142000,4142999.999
"1258",1258,537025.029,537037.456,4142323.007,4142330.965,"Silva","NEON_D07_MLBS_DP1_537000_4142000_classified_point_cloud.laz","2018_MLBS_3_537000_4142000_image.tif","Tree",1,537000,537999.999,4142000,4142999.999
"1259",1259,537062.106,537074.968,4142321.528,4142333.494,"Silva","NEON_D07_MLBS_DP1_537000_4142000_classified_point_cloud.laz","2018_MLBS_3_537000_4142000_image.tif","Tree",1,537000,537999.999,4142000,4142999.999
"1260",1260,537016.501,537029.364,4142402.505,4142411.385,"Silva","NEON_D07_MLBS_DP1_537000_4142000_classified_point_cloud.laz","2018_MLBS_3_537000_4142000_image.tif","Tree",1,537000,537999.999,4142000,4142999.999
"1261",1261,537004.5,537016.484,4142391.023,4142402.983,"Silva","NEON_D07_MLBS_DP1_537000_4142000_classified_point_cloud.laz","2018_MLBS_3_537000_4142000_image.tif","Tree",1,537000,537999.999,4142000,4142999.999
"1262",1262,537026.015,537032.934,4142389.544,4142401.826,"Silva","NEON_D07_MLBS_DP1_537000_4142000_classified_point_cloud.laz","2018_MLBS_3_537000_4142000_image.tif","Tree",1,537000,537999.999,4142000,4142999.999
"1263",1263,537000.007,537009.455,4142389.505,4142398.469,"Silva","NEON_D07_MLBS_DP1_537000_4142000_classified_point_cloud.laz","2018_MLBS_3_537000_4142000_image.tif","Tree",1,537000,537999.999,4142000,4142999.999
"1264",1264,537000.018,537009.877,4142378.003,4142389.492,"Silva","NEON_D07_MLBS_DP1_537000_4142000_classified_point_cloud.laz","2018_MLBS_3_537000_4142000_image.tif","Tree",1,537000,537999.999,4142000,4142999.999
"1265",1265,537005.011,537015.488,4142376.509,4142388.319,"Silva","NEON_D07_MLBS_DP1_537000_4142000_classified_point_cloud.laz","2018_MLBS_3_537000_4142000_image.tif","Tree",1,537000,537999.999,4142000,4142999.999
"1266",1266,537013.525,537021.497,4142361.503,4142371.472,"Silva","NEON_D07_MLBS_DP1_537000_4142000_classified_point_cloud.laz","2018_MLBS_3_537000_4142000_image.tif","Tree",1,537000,537999.999,4142000,4142999.999
"1267",1267,537021.071,537029.434,4142359.512,4142366.499,"Silva","NEON_D07_MLBS_DP1_537000_4142000_classified_point_cloud.laz","2018_MLBS_3_537000_4142000_image.tif","Tree",1,537000,537999.999,4142000,4142999.999
"1268",1268,537013.142,537021.963,4142358.016,4142363.933,"Silva","NEON_D07_MLBS_DP1_537000_4142000_classified_point_cloud.laz","2018_MLBS_3_537000_4142000_image.tif","Tree",1,537000,537999.999,4142000,4142999.999
"1269",1269,537007.002,537013.488,4142355.51,4142363.991,"Silva","NEON_D07_MLBS_DP1_537000_4142000_classified_point_cloud.laz","2018_MLBS_3_537000_4142000_image.tif","Tree",1,537000,537999.999,4142000,4142999.999
"1270",1270,537000.007,537009.425,4142350.029,4142357.895,"Silva","NEON_D07_MLBS_DP1_537000_4142000_classified_point_cloud.laz","2018_MLBS_3_537000_4142000_image.tif","Tree",1,537000,537999.999,4142000,4142999.999
"1271",1271,537038.004,537045.99,4142403.039,4142411.484,"Silva","NEON_D07_MLBS_DP1_537000_4142000_classified_point_cloud.laz","2018_MLBS_3_537000_4142000_image.tif","Tree",1,537000,537999.999,4142000,4142999.999
"1272",1272,537043.558,537052.972,4142400.022,4142406.49,"Silva","NEON_D07_MLBS_DP1_537000_4142000_classified_point_cloud.laz","2018_MLBS_3_537000_4142000_image.tif","Tree",1,537000,537999.999,4142000,4142999.999
"1273",1273,537061.521,537070.433,4142397.086,4142404.946,"Silva","NEON_D07_MLBS_DP1_537000_4142000_classified_point_cloud.laz","2018_MLBS_3_537000_4142000_image.tif","Tree",1,537000,537999.999,4142000,4142999.999
"1274",1274,537065.569,537071.999,4142394.15,4142405.492,"Silva","NEON_D07_MLBS_DP1_537000_4142000_classified_point_cloud.laz","2018_MLBS_3_537000_4142000_image.tif","Tree",1,537000,537999.999,4142000,4142999.999
"1275",1275,537040.567,537049.95,4142390.55,4142397,"Silva","NEON_D07_MLBS_DP1_537000_4142000_classified_point_cloud.laz","2018_MLBS_3_537000_4142000_image.tif","Tree",1,537000,537999.999,4142000,4142999.999
"1276",1276,537048.539,537057.985,4142387.544,4142396.826,"Silva","NEON_D07_MLBS_DP1_537000_4142000_classified_point_cloud.laz","2018_MLBS_3_537000_4142000_image.tif","Tree",1,537000,537999.999,4142000,4142999.999
"1277",1277,537057.512,537067.866,4142389.57,4142397.804,"Silva","NEON_D07_MLBS_DP1_537000_4142000_classified_point_cloud.laz","2018_MLBS_3_537000_4142000_image.tif","Tree",1,537000,537999.999,4142000,4142999.999
"1278",1278,537028.54,537039.952,4142383.03,4142391.474,"Silva","NEON_D07_MLBS_DP1_537000_4142000_classified_point_cloud.laz","2018_MLBS_3_537000_4142000_image.tif","Tree",1,537000,537999.999,4142000,4142999.999
"1279",1279,537065.003,537072.976,4142384.015,4142394.443,"Silva","NEON_D07_MLBS_DP1_537000_4142000_classified_point_cloud.laz","2018_MLBS_3_537000_4142000_image.tif","Tree",1,537000,537999.999,4142000,4142999.999
"1280",1280,537042.502,537052.446,4142372.502,4142380.363,"Silva","NEON_D07_MLBS_DP1_537000_4142000_classified_point_cloud.laz","2018_MLBS_3_537000_4142000_image.tif","Tree",1,537000,537999.999,4142000,4142999.999
"1281",1281,537026,537034.999,4142352.063,4142363.987,"Silva","NEON_D07_MLBS_DP1_537000_4142000_classified_point_cloud.laz","2018_MLBS_3_537000_4142000_image.tif","Tree",1,537000,537999.999,4142000,4142999.999
"1282",1282,537062.524,537072.929,4142350.015,4142358.436,"Silva","NEON_D07_MLBS_DP1_537000_4142000_classified_point_cloud.laz","2018_MLBS_3_537000_4142000_image.tif","Tree",1,537000,537999.999,4142000,4142999.999
"1283",1283,537032.048,537042.952,4142343.508,4142355.988,"Silva","NEON_D07_MLBS_DP1_537000_4142000_classified_point_cloud.laz","2018_MLBS_3_537000_4142000_image.tif","Tree",1,537000,537999.999,4142000,4142999.999
"1284",1284,537066.648,537075.809,4142345.158,4142350.432,"Silva","NEON_D07_MLBS_DP1_537000_4142000_classified_point_cloud.laz","2018_MLBS_3_537000_4142000_image.tif","Tree",1,537000,537999.999,4142000,4142999.999
"1285",1285,537128.507,537136.498,4142210.158,4142218.5,"Silva","NEON_D07_MLBS_DP1_537000_4142000_classified_point_cloud.laz","2018_MLBS_3_537000_4142000_image.tif","Tree",1,537000,537999.999,4142000,4142999.999
"1286",1286,537104.052,537111.999,4142208.008,4142216.364,"Silva","NEON_D07_MLBS_DP1_537000_4142000_classified_point_cloud.laz","2018_MLBS_3_537000_4142000_image.tif","Tree",1,537000,537999.999,4142000,4142999.999
"1287",1287,537152.002,537159.904,4142210.565,4142217,"Silva","NEON_D07_MLBS_DP1_537000_4142000_classified_point_cloud.laz","2018_MLBS_3_537000_4142000_image.tif","Tree",1,537000,537999.999,4142000,4142999.999
"1288",1288,537092.539,537102.998,4142207.047,4142212.497,"Silva","NEON_D07_MLBS_DP1_537000_4142000_classified_point_cloud.laz","2018_MLBS_3_537000_4142000_image.tif","Tree",1,537000,537999.999,4142000,4142999.999
"1289",1289,537111.113,537123.273,4142202.025,4142213.401,"Silva","NEON_D07_MLBS_DP1_537000_4142000_classified_point_cloud.laz","2018_MLBS_3_537000_4142000_image.tif","Tree",1,537000,537999.999,4142000,4142999.999
"1290",1290,537095.502,537103.934,4142200.25,4142208.265,"Silva","NEON_D07_MLBS_DP1_537000_4142000_classified_point_cloud.laz","2018_MLBS_3_537000_4142000_image.tif","Tree",1,537000,537999.999,4142000,4142999.999
"1291",1291,537142.008,537151.961,4142207.528,4142216.995,"Silva","NEON_D07_MLBS_DP1_537000_4142000_classified_point_cloud.laz","2018_MLBS_3_537000_4142000_image.tif","Tree",1,537000,537999.999,4142000,4142999.999
"1292",1292,537132.024,537142.429,4142200.508,4142212.467,"Silva","NEON_D07_MLBS_DP1_537000_4142000_classified_point_cloud.laz","2018_MLBS_3_537000_4142000_image.tif","Tree",1,537000,537999.999,4142000,4142999.999
"1293",1293,537142.504,537151.971,4142204.09,4142212.951,"Silva","NEON_D07_MLBS_DP1_537000_4142000_classified_point_cloud.laz","2018_MLBS_3_537000_4142000_image.tif","Tree",1,537000,537999.999,4142000,4142999.999
"1294",1294,537118.603,537129.901,4142199.012,4142206.476,"Silva","NEON_D07_MLBS_DP1_537000_4142000_classified_point_cloud.laz","2018_MLBS_3_537000_4142000_image.tif","Tree",1,537000,537999.999,4142000,4142999.999
"1295",1295,537104.017,537117.482,4142193.158,4142205.985,"Silva","NEON_D07_MLBS_DP1_537000_4142000_classified_point_cloud.laz","2018_MLBS_3_537000_4142000_image.tif","Tree",1,537000,537999.999,4142000,4142999.999
"1296",1296,537154.023,537161.365,4142200.714,4142210.489,"Silva","NEON_D07_MLBS_DP1_537000_4142000_classified_point_cloud.laz","2018_MLBS_3_537000_4142000_image.tif","Tree",1,537000,537999.999,4142000,4142999.999
"1297",1297,537156.666,537163.489,4142196.536,4142206.477,"Silva","NEON_D07_MLBS_DP1_537000_4142000_classified_point_cloud.laz","2018_MLBS_3_537000_4142000_image.tif","Tree",1,537000,537999.999,4142000,4142999.999
"1298",1298,537146.642,537156.331,4142195.517,4142201.97,"Silva","NEON_D07_MLBS_DP1_537000_4142000_classified_point_cloud.laz","2018_MLBS_3_537000_4142000_image.tif","Tree",1,537000,537999.999,4142000,4142999.999
"1299",1299,537099.509,537103.953,4142188.519,4142200.207,"Silva","NEON_D07_MLBS_DP1_537000_4142000_classified_point_cloud.laz","2018_MLBS_3_537000_4142000_image.tif","Tree",1,537000,537999.999,4142000,4142999.999
"1300",1300,537155.002,537162.903,4142193.244,4142199.951,"Silva","NEON_D07_MLBS_DP1_537000_4142000_classified_point_cloud.laz","2018_MLBS_3_537000_4142000_image.tif","Tree",1,537000,537999.999,4142000,4142999.999
"1301",1301,537112.547,537124.366,4142188.596,4142197.654,"Silva","NEON_D07_MLBS_DP1_537000_4142000_classified_point_cloud.laz","2018_MLBS_3_537000_4142000_image.tif","Tree",1,537000,537999.999,4142000,4142999.999
"1302",1302,537150.025,537156.465,4142186.536,4142197.406,"Silva","NEON_D07_MLBS_DP1_537000_4142000_classified_point_cloud.laz","2018_MLBS_3_537000_4142000_image.tif","Tree",1,537000,537999.999,4142000,4142999.999
"1303",1303,537137.678,537150.562,4142187.535,4142200.536,"Silva","NEON_D07_MLBS_DP1_537000_4142000_classified_point_cloud.laz","2018_MLBS_3_537000_4142000_image.tif","Tree",1,537000,537999.999,4142000,4142999.999
"1304",1304,537111.13,537121.432,4142183.523,4142192.48,"Silva","NEON_D07_MLBS_DP1_537000_4142000_classified_point_cloud.laz","2018_MLBS_3_537000_4142000_image.tif","Tree",1,537000,537999.999,4142000,4142999.999
"1305",1305,537153.152,537163.48,4142182.65,4142196.488,"Silva","NEON_D07_MLBS_DP1_537000_4142000_classified_point_cloud.laz","2018_MLBS_3_537000_4142000_image.tif","Tree",1,537000,537999.999,4142000,4142999.999
"1306",1306,537097.03,537108.494,4142179.502,4142189,"Silva","NEON_D07_MLBS_DP1_537000_4142000_classified_point_cloud.laz","2018_MLBS_3_537000_4142000_image.tif","Tree",1,537000,537999.999,4142000,4142999.999
"1307",1307,537115.148,537126.466,4142180.057,4142188.488,"Silva","NEON_D07_MLBS_DP1_537000_4142000_classified_point_cloud.laz","2018_MLBS_3_537000_4142000_image.tif","Tree",1,537000,537999.999,4142000,4142999.999
"1308",1308,537109.519,537116.985,4142169.001,4142180.972,"Silva","NEON_D07_MLBS_DP1_537000_4142000_classified_point_cloud.laz","2018_MLBS_3_537000_4142000_image.tif","Tree",1,537000,537999.999,4142000,4142999.999
"1309",1309,537116.006,537123.21,4142170.013,4142177.998,"Silva","NEON_D07_MLBS_DP1_537000_4142000_classified_point_cloud.laz","2018_MLBS_3_537000_4142000_image.tif","Tree",1,537000,537999.999,4142000,4142999.999
"1310",1310,537123.007,537139.499,4142166.616,4142176.351,"Silva","NEON_D07_MLBS_DP1_537000_4142000_classified_point_cloud.laz","2018_MLBS_3_537000_4142000_image.tif","Tree",1,537000,537999.999,4142000,4142999.999
"1311",1311,537155.182,537164.499,4142167.012,4142177.495,"Silva","NEON_D07_MLBS_DP1_537000_4142000_classified_point_cloud.laz","2018_MLBS_3_537000_4142000_image.tif","Tree",1,537000,537999.999,4142000,4142999.999
"1312",1312,537099.532,537108.994,4142161.097,4142168.999,"Silva","NEON_D07_MLBS_DP1_537000_4142000_classified_point_cloud.laz","2018_MLBS_3_537000_4142000_image.tif","Tree",1,537000,537999.999,4142000,4142999.999
"1313",1313,537151.009,537158.805,4142165.011,4142174.5,"Silva","NEON_D07_MLBS_DP1_537000_4142000_classified_point_cloud.laz","2018_MLBS_3_537000_4142000_image.tif","Tree",1,537000,537999.999,4142000,4142999.999
"1314",1314,537108.084,537116.465,4142156.004,4142169.998,"Silva","NEON_D07_MLBS_DP1_537000_4142000_classified_point_cloud.laz","2018_MLBS_3_537000_4142000_image.tif","Tree",1,537000,537999.999,4142000,4142999.999
"1315",1315,537118.517,537124.983,4142164.094,4142170.808,"Silva","NEON_D07_MLBS_DP1_537000_4142000_classified_point_cloud.laz","2018_MLBS_3_537000_4142000_image.tif","Tree",1,537000,537999.999,4142000,4142999.999
"1316",1316,537093.585,537101.49,4142157.505,4142165.999,"Silva","NEON_D07_MLBS_DP1_537000_4142000_classified_point_cloud.laz","2018_MLBS_3_537000_4142000_image.tif","Tree",1,537000,537999.999,4142000,4142999.999
"1317",1317,537101.047,537111.983,4142151.674,4142162.485,"Silva","NEON_D07_MLBS_DP1_537000_4142000_classified_point_cloud.laz","2018_MLBS_3_537000_4142000_image.tif","Tree",1,537000,537999.999,4142000,4142999.999
"1318",1318,537150.579,537159.96,4142160.008,4142165.983,"Silva","NEON_D07_MLBS_DP1_537000_4142000_classified_point_cloud.laz","2018_MLBS_3_537000_4142000_image.tif","Tree",1,537000,537999.999,4142000,4142999.999
"1319",1319,537130.437,537142.955,4142155.662,4142174.225,"Silva","NEON_D07_MLBS_DP1_537000_4142000_classified_point_cloud.laz","2018_MLBS_3_537000_4142000_image.tif","Tree",1,537000,537999.999,4142000,4142999.999
"1320",1320,537094.771,537106.462,4142149.536,4142157.499,"Silva","NEON_D07_MLBS_DP1_537000_4142000_classified_point_cloud.laz","2018_MLBS_3_537000_4142000_image.tif","Tree",1,537000,537999.999,4142000,4142999.999
"1321",1321,537151.031,537162.491,4142154.541,4142161.971,"Silva","NEON_D07_MLBS_DP1_537000_4142000_classified_point_cloud.laz","2018_MLBS_3_537000_4142000_image.tif","Tree",1,537000,537999.999,4142000,4142999.999
"1322",1322,537140.517,537151.345,4142152.739,4142163.389,"Silva","NEON_D07_MLBS_DP1_537000_4142000_classified_point_cloud.laz","2018_MLBS_3_537000_4142000_image.tif","Tree",1,537000,537999.999,4142000,4142999.999
"1323",1323,537118.585,537132.953,4142150.531,4142162.462,"Silva","NEON_D07_MLBS_DP1_537000_4142000_classified_point_cloud.laz","2018_MLBS_3_537000_4142000_image.tif","Tree",1,537000,537999.999,4142000,4142999.999
"1324",1324,537176.505,537188.329,4142202.23,4142215.834,"Silva","NEON_D07_MLBS_DP1_537000_4142000_classified_point_cloud.laz","2018_MLBS_3_537000_4142000_image.tif","Tree",1,537000,537999.999,4142000,4142999.999
"1325",1325,537180.554,537188.33,4142195.091,4142202.996,"Silva","NEON_D07_MLBS_DP1_537000_4142000_classified_point_cloud.laz","2018_MLBS_3_537000_4142000_image.tif","Tree",1,537000,537999.999,4142000,4142999.999
"1326",1326,537176.522,537183.998,4142189.155,4142197.495,"Silva","NEON_D07_MLBS_DP1_537000_4142000_classified_point_cloud.laz","2018_MLBS_3_537000_4142000_image.tif","Tree",1,537000,537999.999,4142000,4142999.999
"1327",1327,537184.039,537192.977,4142192.009,4142199.398,"Silva","NEON_D07_MLBS_DP1_537000_4142000_classified_point_cloud.laz","2018_MLBS_3_537000_4142000_image.tif","Tree",1,537000,537999.999,4142000,4142999.999
"1328",1328,537182.006,537188.695,4142184.68,4142194.331,"Silva","NEON_D07_MLBS_DP1_537000_4142000_classified_point_cloud.laz","2018_MLBS_3_537000_4142000_image.tif","Tree",1,537000,537999.999,4142000,4142999.999
"1329",1329,537160.625,537169.972,4142183.561,4142196.995,"Silva","NEON_D07_MLBS_DP1_537000_4142000_classified_point_cloud.laz","2018_MLBS_3_537000_4142000_image.tif","Tree",1,537000,537999.999,4142000,4142999.999
"1330",1330,537163.548,537172.999,4142182.006,4142195.596,"Silva","NEON_D07_MLBS_DP1_537000_4142000_classified_point_cloud.laz","2018_MLBS_3_537000_4142000_image.tif","Tree",1,537000,537999.999,4142000,4142999.999
"1331",1331,537121.182,537129.999,4142273.734,4142285.493,"Silva","NEON_D07_MLBS_DP1_537000_4142000_classified_point_cloud.laz","2018_MLBS_3_537000_4142000_image.tif","Tree",1,537000,537999.999,4142000,4142999.999
"1332",1332,537149.565,537159.481,4142274.508,4142284.962,"Silva","NEON_D07_MLBS_DP1_537000_4142000_classified_point_cloud.laz","2018_MLBS_3_537000_4142000_image.tif","Tree",1,537000,537999.999,4142000,4142999.999
"1333",1333,537099.003,537107.986,4142271.523,4142279.496,"Silva","NEON_D07_MLBS_DP1_537000_4142000_classified_point_cloud.laz","2018_MLBS_3_537000_4142000_image.tif","Tree",1,537000,537999.999,4142000,4142999.999
"1334",1334,537112.014,537122.948,4142267.007,4142276.498,"Silva","NEON_D07_MLBS_DP1_537000_4142000_classified_point_cloud.laz","2018_MLBS_3_537000_4142000_image.tif","Tree",1,537000,537999.999,4142000,4142999.999
"1335",1335,537134.648,537144.407,4142268.502,4142278.247,"Silva","NEON_D07_MLBS_DP1_537000_4142000_classified_point_cloud.laz","2018_MLBS_3_537000_4142000_image.tif","Tree",1,537000,537999.999,4142000,4142999.999
"1336",1336,537099.503,537112.438,4142265.006,4142274.41,"Silva","NEON_D07_MLBS_DP1_537000_4142000_classified_point_cloud.laz","2018_MLBS_3_537000_4142000_image.tif","Tree",1,537000,537999.999,4142000,4142999.999
"1337",1337,537152.025,537159.997,4142249.539,4142260.495,"Silva","NEON_D07_MLBS_DP1_537000_4142000_classified_point_cloud.laz","2018_MLBS_3_537000_4142000_image.tif","Tree",1,537000,537999.999,4142000,4142999.999
"1338",1338,537127.015,537133.858,4142245.032,4142256.297,"Silva","NEON_D07_MLBS_DP1_537000_4142000_classified_point_cloud.laz","2018_MLBS_3_537000_4142000_image.tif","Tree",1,537000,537999.999,4142000,4142999.999
"1339",1339,537102.538,537109.973,4142242.07,4142247.994,"Silva","NEON_D07_MLBS_DP1_537000_4142000_classified_point_cloud.laz","2018_MLBS_3_537000_4142000_image.tif","Tree",1,537000,537999.999,4142000,4142999.999
"1340",1340,537132.52,537142.495,4142237.121,4142246.913,"Silva","NEON_D07_MLBS_DP1_537000_4142000_classified_point_cloud.laz","2018_MLBS_3_537000_4142000_image.tif","Tree",1,537000,537999.999,4142000,4142999.999
"1341",1341,537142.505,537151.87,4142239.045,4142245.953,"Silva","NEON_D07_MLBS_DP1_537000_4142000_classified_point_cloud.laz","2018_MLBS_3_537000_4142000_image.tif","Tree",1,537000,537999.999,4142000,4142999.999
"1342",1342,537153.142,537165.493,4142238.506,4142250.925,"Silva","NEON_D07_MLBS_DP1_537000_4142000_classified_point_cloud.laz","2018_MLBS_3_537000_4142000_image.tif","Tree",1,537000,537999.999,4142000,4142999.999
"1343",1343,537127.737,537138.776,4142233.507,4142244.998,"Silva","NEON_D07_MLBS_DP1_537000_4142000_classified_point_cloud.laz","2018_MLBS_3_537000_4142000_image.tif","Tree",1,537000,537999.999,4142000,4142999.999
"1344",1344,537139.122,537149.784,4142231.512,4142239.989,"Silva","NEON_D07_MLBS_DP1_537000_4142000_classified_point_cloud.laz","2018_MLBS_3_537000_4142000_image.tif","Tree",1,537000,537999.999,4142000,4142999.999
"1345",1345,537157.03,537168.427,4142230.16,4142239.997,"Silva","NEON_D07_MLBS_DP1_537000_4142000_classified_point_cloud.laz","2018_MLBS_3_537000_4142000_image.tif","Tree",1,537000,537999.999,4142000,4142999.999
"1346",1346,537103.056,537115.894,4142224.005,4142236.935,"Silva","NEON_D07_MLBS_DP1_537000_4142000_classified_point_cloud.laz","2018_MLBS_3_537000_4142000_image.tif","Tree",1,537000,537999.999,4142000,4142999.999
"1347",1347,537123.508,537130.982,4142224.639,4142235.477,"Silva","NEON_D07_MLBS_DP1_537000_4142000_classified_point_cloud.laz","2018_MLBS_3_537000_4142000_image.tif","Tree",1,537000,537999.999,4142000,4142999.999
"1348",1348,537116.018,537125.939,4142221.163,4142235.264,"Silva","NEON_D07_MLBS_DP1_537000_4142000_classified_point_cloud.laz","2018_MLBS_3_537000_4142000_image.tif","Tree",1,537000,537999.999,4142000,4142999.999
"1349",1349,537106.576,537117.471,4142220.519,4142228.918,"Silva","NEON_D07_MLBS_DP1_537000_4142000_classified_point_cloud.laz","2018_MLBS_3_537000_4142000_image.tif","Tree",1,537000,537999.999,4142000,4142999.999
"1350",1350,537132.509,537138.383,4142216.678,4142225.075,"Silva","NEON_D07_MLBS_DP1_537000_4142000_classified_point_cloud.laz","2018_MLBS_3_537000_4142000_image.tif","Tree",1,537000,537999.999,4142000,4142999.999
"1351",1351,537126.072,537132.988,4142218.528,4142222.974,"Silva","NEON_D07_MLBS_DP1_537000_4142000_classified_point_cloud.laz","2018_MLBS_3_537000_4142000_image.tif","Tree",1,537000,537999.999,4142000,4142999.999
"1352",1352,537137.528,537148.474,4142216.001,4142221.482,"Silva","NEON_D07_MLBS_DP1_537000_4142000_classified_point_cloud.laz","2018_MLBS_3_537000_4142000_image.tif","Tree",1,537000,537999.999,4142000,4142999.999
"1353",1353,537155.061,537164.483,4142217.516,4142227.337,"Silva","NEON_D07_MLBS_DP1_537000_4142000_classified_point_cloud.laz","2018_MLBS_3_537000_4142000_image.tif","Tree",1,537000,537999.999,4142000,4142999.999
"1354",1354,537155.52,537161.473,4142217.058,4142221.855,"Silva","NEON_D07_MLBS_DP1_537000_4142000_classified_point_cloud.laz","2018_MLBS_3_537000_4142000_image.tif","Tree",1,537000,537999.999,4142000,4142999.999
"1355",1355,537167.503,537171.493,4142277.549,4142284.937,"Silva","NEON_D07_MLBS_DP1_537000_4142000_classified_point_cloud.laz","2018_MLBS_3_537000_4142000_image.tif","Tree",1,537000,537999.999,4142000,4142999.999
"1356",1356,537203.207,537211.922,4142279.507,4142286.344,"Silva","NEON_D07_MLBS_DP1_537000_4142000_classified_point_cloud.laz","2018_MLBS_3_537000_4142000_image.tif","Tree",1,537000,537999.999,4142000,4142999.999
"1357",1357,537192.721,537203.478,4142275.525,4142283.999,"Silva","NEON_D07_MLBS_DP1_537000_4142000_classified_point_cloud.laz","2018_MLBS_3_537000_4142000_image.tif","Tree",1,537000,537999.999,4142000,4142999.999
"1358",1358,537218.583,537229.404,4142271.502,4142283.464,"Silva","NEON_D07_MLBS_DP1_537000_4142000_classified_point_cloud.laz","2018_MLBS_3_537000_4142000_image.tif","Tree",1,537000,537999.999,4142000,4142999.999
"1359",1359,537203.516,537215.458,4142271.531,4142279.495,"Silva","NEON_D07_MLBS_DP1_537000_4142000_classified_point_cloud.laz","2018_MLBS_3_537000_4142000_image.tif","Tree",1,537000,537999.999,4142000,4142999.999
"1360",1360,537166.516,537181.987,4142269.005,4142278.996,"Silva","NEON_D07_MLBS_DP1_537000_4142000_classified_point_cloud.laz","2018_MLBS_3_537000_4142000_image.tif","Tree",1,537000,537999.999,4142000,4142999.999
"1361",1361,537214.064,537219.94,4142267.532,4142271.486,"Silva","NEON_D07_MLBS_DP1_537000_4142000_classified_point_cloud.laz","2018_MLBS_3_537000_4142000_image.tif","Tree",1,537000,537999.999,4142000,4142999.999
"1362",1362,537187.5,537194.071,4142259.514,4142264.403,"Silva","NEON_D07_MLBS_DP1_537000_4142000_classified_point_cloud.laz","2018_MLBS_3_537000_4142000_image.tif","Tree",1,537000,537999.999,4142000,4142999.999
"1363",1363,537180.019,537188.464,4142254.002,4142262.5,"Silva","NEON_D07_MLBS_DP1_537000_4142000_classified_point_cloud.laz","2018_MLBS_3_537000_4142000_image.tif","Tree",1,537000,537999.999,4142000,4142999.999
"1364",1364,537192.012,537198.972,4142253.527,4142261.994,"Silva","NEON_D07_MLBS_DP1_537000_4142000_classified_point_cloud.laz","2018_MLBS_3_537000_4142000_image.tif","Tree",1,537000,537999.999,4142000,4142999.999
"1365",1365,537206.008,537215.896,4142253.606,4142262.496,"Silva","NEON_D07_MLBS_DP1_537000_4142000_classified_point_cloud.laz","2018_MLBS_3_537000_4142000_image.tif","Tree",1,537000,537999.999,4142000,4142999.999
"1366",1366,537160.004,537170.999,4142247.511,4142257.441,"Silva","NEON_D07_MLBS_DP1_537000_4142000_classified_point_cloud.laz","2018_MLBS_3_537000_4142000_image.tif","Tree",1,537000,537999.999,4142000,4142999.999
"1367",1367,537199.001,537207.98,4142248.526,4142257.986,"Silva","NEON_D07_MLBS_DP1_537000_4142000_classified_point_cloud.laz","2018_MLBS_3_537000_4142000_image.tif","Tree",1,537000,537999.999,4142000,4142999.999
"1368",1368,537207.512,537217.46,4142247.509,4142258.467,"Silva","NEON_D07_MLBS_DP1_537000_4142000_classified_point_cloud.laz","2018_MLBS_3_537000_4142000_image.tif","Tree",1,537000,537999.999,4142000,4142999.999
"1369",1369,537193.019,537202.996,4142245.033,4142255.429,"Silva","NEON_D07_MLBS_DP1_537000_4142000_classified_point_cloud.laz","2018_MLBS_3_537000_4142000_image.tif","Tree",1,537000,537999.999,4142000,4142999.999
"1370",1370,537176.567,537183.482,4142242.514,4142254.868,"Silva","NEON_D07_MLBS_DP1_537000_4142000_classified_point_cloud.laz","2018_MLBS_3_537000_4142000_image.tif","Tree",1,537000,537999.999,4142000,4142999.999
"1371",1371,537173.079,537181.978,4142239.005,4142248.479,"Silva","NEON_D07_MLBS_DP1_537000_4142000_classified_point_cloud.laz","2018_MLBS_3_537000_4142000_image.tif","Tree",1,537000,537999.999,4142000,4142999.999
"1372",1372,537165.501,537173.494,4142237.015,4142248.486,"Silva","NEON_D07_MLBS_DP1_537000_4142000_classified_point_cloud.laz","2018_MLBS_3_537000_4142000_image.tif","Tree",1,537000,537999.999,4142000,4142999.999
"1373",1373,537217.013,537225.957,4142243.002,4142249.487,"Silva","NEON_D07_MLBS_DP1_537000_4142000_classified_point_cloud.laz","2018_MLBS_3_537000_4142000_image.tif","Tree",1,537000,537999.999,4142000,4142999.999
"1374",1374,537210.524,537218.932,4142240.525,4142248.965,"Silva","NEON_D07_MLBS_DP1_537000_4142000_classified_point_cloud.laz","2018_MLBS_3_537000_4142000_image.tif","Tree",1,537000,537999.999,4142000,4142999.999
"1375",1375,537219.512,537226.47,4142236.058,4142246.454,"Silva","NEON_D07_MLBS_DP1_537000_4142000_classified_point_cloud.laz","2018_MLBS_3_537000_4142000_image.tif","Tree",1,537000,537999.999,4142000,4142999.999
"1376",1376,537191.079,537200.405,4142234.526,4142245.499,"Silva","NEON_D07_MLBS_DP1_537000_4142000_classified_point_cloud.laz","2018_MLBS_3_537000_4142000_image.tif","Tree",1,537000,537999.999,4142000,4142999.999
"1377",1377,537215.002,537223.941,4142235.015,4142242.976,"Silva","NEON_D07_MLBS_DP1_537000_4142000_classified_point_cloud.laz","2018_MLBS_3_537000_4142000_image.tif","Tree",1,537000,537999.999,4142000,4142999.999
"1378",1378,537168.507,537180.983,4142228.692,4142239.42,"Silva","NEON_D07_MLBS_DP1_537000_4142000_classified_point_cloud.laz","2018_MLBS_3_537000_4142000_image.tif","Tree",1,537000,537999.999,4142000,4142999.999
"1379",1379,537196.069,537204.464,4142233.51,4142242.446,"Silva","NEON_D07_MLBS_DP1_537000_4142000_classified_point_cloud.laz","2018_MLBS_3_537000_4142000_image.tif","Tree",1,537000,537999.999,4142000,4142999.999
"1380",1380,537185.506,537195.487,4142225.584,4142236.471,"Silva","NEON_D07_MLBS_DP1_537000_4142000_classified_point_cloud.laz","2018_MLBS_3_537000_4142000_image.tif","Tree",1,537000,537999.999,4142000,4142999.999
"1381",1381,537203.007,537211.498,4142229.006,4142237.35,"Silva","NEON_D07_MLBS_DP1_537000_4142000_classified_point_cloud.laz","2018_MLBS_3_537000_4142000_image.tif","Tree",1,537000,537999.999,4142000,4142999.999
"1382",1382,537172.534,537185.328,4142219.077,4142233.973,"Silva","NEON_D07_MLBS_DP1_537000_4142000_classified_point_cloud.laz","2018_MLBS_3_537000_4142000_image.tif","Tree",1,537000,537999.999,4142000,4142999.999
"1383",1383,537194.028,537203.472,4142226.019,4142234.5,"Silva","NEON_D07_MLBS_DP1_537000_4142000_classified_point_cloud.laz","2018_MLBS_3_537000_4142000_image.tif","Tree",1,537000,537999.999,4142000,4142999.999
"1384",1384,537161.108,537173.418,4142220.653,4142232.362,"Silva","NEON_D07_MLBS_DP1_537000_4142000_classified_point_cloud.laz","2018_MLBS_3_537000_4142000_image.tif","Tree",1,537000,537999.999,4142000,4142999.999
"1385",1385,537214.577,537223.979,4142224.513,4142235.455,"Silva","NEON_D07_MLBS_DP1_537000_4142000_classified_point_cloud.laz","2018_MLBS_3_537000_4142000_image.tif","Tree",1,537000,537999.999,4142000,4142999.999
"1386",1386,537181.509,537193.433,4142221.508,4142228.98,"Silva","NEON_D07_MLBS_DP1_537000_4142000_classified_point_cloud.laz","2018_MLBS_3_537000_4142000_image.tif","Tree",1,537000,537999.999,4142000,4142999.999
"1387",1387,537204.516,537213.99,4142220.658,4142228.99,"Silva","NEON_D07_MLBS_DP1_537000_4142000_classified_point_cloud.laz","2018_MLBS_3_537000_4142000_image.tif","Tree",1,537000,537999.999,4142000,4142999.999
"1388",1388,537199.662,537205.482,4142218.51,4142228.993,"Silva","NEON_D07_MLBS_DP1_537000_4142000_classified_point_cloud.laz","2018_MLBS_3_537000_4142000_image.tif","Tree",1,537000,537999.999,4142000,4142999.999
"1389",1389,537193.57,537201.958,4142218.565,4142226,"Silva","NEON_D07_MLBS_DP1_537000_4142000_classified_point_cloud.laz","2018_MLBS_3_537000_4142000_image.tif","Tree",1,537000,537999.999,4142000,4142999.999
"1390",1390,537179.005,537191.493,4142214.053,4142221.997,"Silva","NEON_D07_MLBS_DP1_537000_4142000_classified_point_cloud.laz","2018_MLBS_3_537000_4142000_image.tif","Tree",1,537000,537999.999,4142000,4142999.999
"1391",1391,537163.523,537177.888,4142212.603,4142223.972,"Silva","NEON_D07_MLBS_DP1_537000_4142000_classified_point_cloud.laz","2018_MLBS_3_537000_4142000_image.tif","Tree",1,537000,537999.999,4142000,4142999.999
"1392",1392,537225.582,537232.812,4142278.531,4142286.495,"Silva","NEON_D07_MLBS_DP1_537000_4142000_classified_point_cloud.laz","2018_MLBS_3_537000_4142000_image.tif","Tree",1,537000,537999.999,4142000,4142999.999
"1393",1393,537274.038,537284.986,4142278.528,4142284.983,"Silva","NEON_D07_MLBS_DP1_537000_4142000_classified_point_cloud.laz","2018_MLBS_3_537000_4142000_image.tif","Tree",1,537000,537999.999,4142000,4142999.999
"1394",1394,537242.628,537248.99,4142273.597,4142282.893,"Silva","NEON_D07_MLBS_DP1_537000_4142000_classified_point_cloud.laz","2018_MLBS_3_537000_4142000_image.tif","Tree",1,537000,537999.999,4142000,4142999.999
"1395",1395,537238.535,537243.95,4142274.01,4142279.97,"Silva","NEON_D07_MLBS_DP1_537000_4142000_classified_point_cloud.laz","2018_MLBS_3_537000_4142000_image.tif","Tree",1,537000,537999.999,4142000,4142999.999
"1396",1396,537265.086,537272.994,4142273.528,4142280.489,"Silva","NEON_D07_MLBS_DP1_537000_4142000_classified_point_cloud.laz","2018_MLBS_3_537000_4142000_image.tif","Tree",1,537000,537999.999,4142000,4142999.999
"1397",1397,537248.004,537257.96,4142271.549,4142281.435,"Silva","NEON_D07_MLBS_DP1_537000_4142000_classified_point_cloud.laz","2018_MLBS_3_537000_4142000_image.tif","Tree",1,537000,537999.999,4142000,4142999.999
"1398",1398,537225.017,537225.299,4142272.066,4142272.375,"Silva","NEON_D07_MLBS_DP1_537000_4142000_classified_point_cloud.laz","2018_MLBS_3_537000_4142000_image.tif","Tree",1,537000,537999.999,4142000,4142999.999
"1399",1399,537225.512,537234.306,4142236.505,4142244.498,"Silva","NEON_D07_MLBS_DP1_537000_4142000_classified_point_cloud.laz","2018_MLBS_3_537000_4142000_image.tif","Tree",1,537000,537999.999,4142000,4142999.999
"1400",1400,537225.54,537235.688,4142228.522,4142237.496,"Silva","NEON_D07_MLBS_DP1_537000_4142000_classified_point_cloud.laz","2018_MLBS_3_537000_4142000_image.tif","Tree",1,537000,537999.999,4142000,4142999.999
"1401",1401,537226.001,537232.414,4142243.509,4142248.468,"Silva","NEON_D07_MLBS_DP1_537000_4142000_classified_point_cloud.laz","2018_MLBS_3_537000_4142000_image.tif","Tree",1,537000,537999.999,4142000,4142999.999
"1402",1402,537234.093,537239.31,4142240.667,4142249.453,"Silva","NEON_D07_MLBS_DP1_537000_4142000_classified_point_cloud.laz","2018_MLBS_3_537000_4142000_image.tif","Tree",1,537000,537999.999,4142000,4142999.999
"1403",1403,537225.612,537235.489,4142246.543,4142251.486,"Silva","NEON_D07_MLBS_DP1_537000_4142000_classified_point_cloud.laz","2018_MLBS_3_537000_4142000_image.tif","Tree",1,537000,537999.999,4142000,4142999.999
"1404",1404,537224.519,537232.286,4142251.574,4142257.831,"Silva","NEON_D07_MLBS_DP1_537000_4142000_classified_point_cloud.laz","2018_MLBS_3_537000_4142000_image.tif","Tree",1,537000,537999.999,4142000,4142999.999
"1405",1405,537231.007,537238.978,4142254.814,4142262.375,"Silva","NEON_D07_MLBS_DP1_537000_4142000_classified_point_cloud.laz","2018_MLBS_3_537000_4142000_image.tif","Tree",1,537000,537999.999,4142000,4142999.999
"1406",1406,537245.086,537252.474,4142257.009,4142262.992,"Silva","NEON_D07_MLBS_DP1_537000_4142000_classified_point_cloud.laz","2018_MLBS_3_537000_4142000_image.tif","Tree",1,537000,537999.999,4142000,4142999.999
"1407",1407,537222.023,537231.954,4142257.014,4142262.465,"Silva","NEON_D07_MLBS_DP1_537000_4142000_classified_point_cloud.laz","2018_MLBS_3_537000_4142000_image.tif","Tree",1,537000,537999.999,4142000,4142999.999
"1408",1408,537250.513,537258.488,4142260.083,4142265.998,"Silva","NEON_D07_MLBS_DP1_537000_4142000_classified_point_cloud.laz","2018_MLBS_3_537000_4142000_image.tif","Tree",1,537000,537999.999,4142000,4142999.999
"1409",1409,537226.531,537236.395,4142260.537,4142266.969,"Silva","NEON_D07_MLBS_DP1_537000_4142000_classified_point_cloud.laz","2018_MLBS_3_537000_4142000_image.tif","Tree",1,537000,537999.999,4142000,4142999.999
"1410",1410,537258.518,537269.497,4142260.602,4142269.929,"Silva","NEON_D07_MLBS_DP1_537000_4142000_classified_point_cloud.laz","2018_MLBS_3_537000_4142000_image.tif","Tree",1,537000,537999.999,4142000,4142999.999
"1411",1411,537236.01,537244.992,4142259.595,4142267.962,"Silva","NEON_D07_MLBS_DP1_537000_4142000_classified_point_cloud.laz","2018_MLBS_3_537000_4142000_image.tif","Tree",1,537000,537999.999,4142000,4142999.999
"1412",1412,537245.016,537250.951,4142262.017,4142270.459,"Silva","NEON_D07_MLBS_DP1_537000_4142000_classified_point_cloud.laz","2018_MLBS_3_537000_4142000_image.tif","Tree",1,537000,537999.999,4142000,4142999.999
"1413",1413,537239.552,537246.959,4142264.066,4142270,"Silva","NEON_D07_MLBS_DP1_537000_4142000_classified_point_cloud.laz","2018_MLBS_3_537000_4142000_image.tif","Tree",1,537000,537999.999,4142000,4142999.999
"1414",1414,537265.019,537271.492,4142265.229,4142273.992,"Silva","NEON_D07_MLBS_DP1_537000_4142000_classified_point_cloud.laz","2018_MLBS_3_537000_4142000_image.tif","Tree",1,537000,537999.999,4142000,4142999.999
"1415",1415,537231.509,537239.995,4142264.119,4142271.943,"Silva","NEON_D07_MLBS_DP1_537000_4142000_classified_point_cloud.laz","2018_MLBS_3_537000_4142000_image.tif","Tree",1,537000,537999.999,4142000,4142999.999
"1416",1416,537257.011,537267.911,4142269.534,4142279.32,"Silva","NEON_D07_MLBS_DP1_537000_4142000_classified_point_cloud.laz","2018_MLBS_3_537000_4142000_image.tif","Tree",1,537000,537999.999,4142000,4142999.999
"1417",1417,537276.615,537286.481,4142272.513,4142281.476,"Silva","NEON_D07_MLBS_DP1_537000_4142000_classified_point_cloud.laz","2018_MLBS_3_537000_4142000_image.tif","Tree",1,537000,537999.999,4142000,4142999.999
"1418",1418,537151.731,537159.992,4142344.004,4142354.461,"Silva","NEON_D07_MLBS_DP1_537000_4142000_classified_point_cloud.laz","2018_MLBS_3_537000_4142000_image.tif","Tree",1,537000,537999.999,4142000,4142999.999
"1419",1419,537115.07,537120.982,4142340.564,4142347.385,"Silva","NEON_D07_MLBS_DP1_537000_4142000_classified_point_cloud.laz","2018_MLBS_3_537000_4142000_image.tif","Tree",1,537000,537999.999,4142000,4142999.999
"1420",1420,537098.047,537105.456,4142337.202,4142345.406,"Silva","NEON_D07_MLBS_DP1_537000_4142000_classified_point_cloud.laz","2018_MLBS_3_537000_4142000_image.tif","Tree",1,537000,537999.999,4142000,4142999.999
"1421",1421,537130.241,537136.959,4142336.569,4142346.496,"Silva","NEON_D07_MLBS_DP1_537000_4142000_classified_point_cloud.laz","2018_MLBS_3_537000_4142000_image.tif","Tree",1,537000,537999.999,4142000,4142999.999
"1422",1422,537149.544,537159.986,4142337.652,4142346.993,"Silva","NEON_D07_MLBS_DP1_537000_4142000_classified_point_cloud.laz","2018_MLBS_3_537000_4142000_image.tif","Tree",1,537000,537999.999,4142000,4142999.999
"1423",1423,537109.528,537116.916,4142338.504,4142344.5,"Silva","NEON_D07_MLBS_DP1_537000_4142000_classified_point_cloud.laz","2018_MLBS_3_537000_4142000_image.tif","Tree",1,537000,537999.999,4142000,4142999.999
"1424",1424,537116.502,537126.437,4142332.002,4142341.495,"Silva","NEON_D07_MLBS_DP1_537000_4142000_classified_point_cloud.laz","2018_MLBS_3_537000_4142000_image.tif","Tree",1,537000,537999.999,4142000,4142999.999
"1425",1425,537143.02,537151.993,4142333.532,4142343.489,"Silva","NEON_D07_MLBS_DP1_537000_4142000_classified_point_cloud.laz","2018_MLBS_3_537000_4142000_image.tif","Tree",1,537000,537999.999,4142000,4142999.999
"1426",1426,537101,537109.879,4142325.603,4142336.977,"Silva","NEON_D07_MLBS_DP1_537000_4142000_classified_point_cloud.laz","2018_MLBS_3_537000_4142000_image.tif","Tree",1,537000,537999.999,4142000,4142999.999
"1427",1427,537095.017,537103.381,4142323.524,4142334.987,"Silva","NEON_D07_MLBS_DP1_537000_4142000_classified_point_cloud.laz","2018_MLBS_3_537000_4142000_image.tif","Tree",1,537000,537999.999,4142000,4142999.999
"1428",1428,537100.506,537104.989,4142279.516,4142287.486,"Silva","NEON_D07_MLBS_DP1_537000_4142000_classified_point_cloud.laz","2018_MLBS_3_537000_4142000_image.tif","Tree",1,537000,537999.999,4142000,4142999.999
"1429",1429,537151.527,537164.467,4142287.511,4142296.988,"Silva","NEON_D07_MLBS_DP1_537000_4142000_classified_point_cloud.laz","2018_MLBS_3_537000_4142000_image.tif","Tree",1,537000,537999.999,4142000,4142999.999
"1430",1430,537117.511,537124.982,4142292.511,4142297.44,"Silva","NEON_D07_MLBS_DP1_537000_4142000_classified_point_cloud.laz","2018_MLBS_3_537000_4142000_image.tif","Tree",1,537000,537999.999,4142000,4142999.999
"1431",1431,537146.076,537158.481,4142291.524,4142306.488,"Silva","NEON_D07_MLBS_DP1_537000_4142000_classified_point_cloud.laz","2018_MLBS_3_537000_4142000_image.tif","Tree",1,537000,537999.999,4142000,4142999.999
"1432",1432,537118.536,537128.924,4142296.006,4142301.862,"Silva","NEON_D07_MLBS_DP1_537000_4142000_classified_point_cloud.laz","2018_MLBS_3_537000_4142000_image.tif","Tree",1,537000,537999.999,4142000,4142999.999
"1433",1433,537123.52,537128.985,4142297.501,4142305.479,"Silva","NEON_D07_MLBS_DP1_537000_4142000_classified_point_cloud.laz","2018_MLBS_3_537000_4142000_image.tif","Tree",1,537000,537999.999,4142000,4142999.999
"1434",1434,537150.024,537162.892,4142300.043,4142310.955,"Silva","NEON_D07_MLBS_DP1_537000_4142000_classified_point_cloud.laz","2018_MLBS_3_537000_4142000_image.tif","Tree",1,537000,537999.999,4142000,4142999.999
"1435",1435,537137.513,537147.96,4142301.016,4142311.979,"Silva","NEON_D07_MLBS_DP1_537000_4142000_classified_point_cloud.laz","2018_MLBS_3_537000_4142000_image.tif","Tree",1,537000,537999.999,4142000,4142999.999
"1436",1436,537117.524,537123.894,4142301.103,4142308.49,"Silva","NEON_D07_MLBS_DP1_537000_4142000_classified_point_cloud.laz","2018_MLBS_3_537000_4142000_image.tif","Tree",1,537000,537999.999,4142000,4142999.999
"1437",1437,537131.01,537137.914,4142302.514,4142312.497,"Silva","NEON_D07_MLBS_DP1_537000_4142000_classified_point_cloud.laz","2018_MLBS_3_537000_4142000_image.tif","Tree",1,537000,537999.999,4142000,4142999.999
"1438",1438,537106.501,537112.954,4142297.523,4142307.434,"Silva","NEON_D07_MLBS_DP1_537000_4142000_classified_point_cloud.laz","2018_MLBS_3_537000_4142000_image.tif","Tree",1,537000,537999.999,4142000,4142999.999
"1439",1439,537118.523,537125.499,4142304.045,4142310.461,"Silva","NEON_D07_MLBS_DP1_537000_4142000_classified_point_cloud.laz","2018_MLBS_3_537000_4142000_image.tif","Tree",1,537000,537999.999,4142000,4142999.999
"1440",1440,537100.51,537108.997,4142306.028,4142312.997,"Silva","NEON_D07_MLBS_DP1_537000_4142000_classified_point_cloud.laz","2018_MLBS_3_537000_4142000_image.tif","Tree",1,537000,537999.999,4142000,4142999.999
"1441",1441,537121.025,537131.904,4142310.024,4142315.498,"Silva","NEON_D07_MLBS_DP1_537000_4142000_classified_point_cloud.laz","2018_MLBS_3_537000_4142000_image.tif","Tree",1,537000,537999.999,4142000,4142999.999
"1442",1442,537102.019,537110.482,4142312.025,4142318.441,"Silva","NEON_D07_MLBS_DP1_537000_4142000_classified_point_cloud.laz","2018_MLBS_3_537000_4142000_image.tif","Tree",1,537000,537999.999,4142000,4142999.999
"1443",1443,537151.017,537157.448,4142316.51,4142321.988,"Silva","NEON_D07_MLBS_DP1_537000_4142000_classified_point_cloud.laz","2018_MLBS_3_537000_4142000_image.tif","Tree",1,537000,537999.999,4142000,4142999.999
"1444",1444,537156.506,537165.981,4142315.512,4142322.775,"Silva","NEON_D07_MLBS_DP1_537000_4142000_classified_point_cloud.laz","2018_MLBS_3_537000_4142000_image.tif","Tree",1,537000,537999.999,4142000,4142999.999
"1445",1445,537089.515,537102.488,4142310.508,4142317.497,"Silva","NEON_D07_MLBS_DP1_537000_4142000_classified_point_cloud.laz","2018_MLBS_3_537000_4142000_image.tif","Tree",1,537000,537999.999,4142000,4142999.999
"1446",1446,537142.776,537151.981,4142316.058,4142323.445,"Silva","NEON_D07_MLBS_DP1_537000_4142000_classified_point_cloud.laz","2018_MLBS_3_537000_4142000_image.tif","Tree",1,537000,537999.999,4142000,4142999.999
"1447",1447,537120.544,537128.95,4142315.522,4142324.951,"Silva","NEON_D07_MLBS_DP1_537000_4142000_classified_point_cloud.laz","2018_MLBS_3_537000_4142000_image.tif","Tree",1,537000,537999.999,4142000,4142999.999
"1448",1448,537111.519,537120.487,4142313.007,4142322.991,"Silva","NEON_D07_MLBS_DP1_537000_4142000_classified_point_cloud.laz","2018_MLBS_3_537000_4142000_image.tif","Tree",1,537000,537999.999,4142000,4142999.999
"1449",1449,537134.111,537143.954,4142317.232,4142331.418,"Silva","NEON_D07_MLBS_DP1_537000_4142000_classified_point_cloud.laz","2018_MLBS_3_537000_4142000_image.tif","Tree",1,537000,537999.999,4142000,4142999.999
"1450",1450,537102.007,537112.327,4142319.508,4142326.997,"Silva","NEON_D07_MLBS_DP1_537000_4142000_classified_point_cloud.laz","2018_MLBS_3_537000_4142000_image.tif","Tree",1,537000,537999.999,4142000,4142999.999
"1451",1451,537150.505,537158.498,4142322.029,4142331.941,"Silva","NEON_D07_MLBS_DP1_537000_4142000_classified_point_cloud.laz","2018_MLBS_3_537000_4142000_image.tif","Tree",1,537000,537999.999,4142000,4142999.999
"1452",1452,537141.501,537149.987,4142322.517,4142331.454,"Silva","NEON_D07_MLBS_DP1_537000_4142000_classified_point_cloud.laz","2018_MLBS_3_537000_4142000_image.tif","Tree",1,537000,537999.999,4142000,4142999.999
"1453",1453,537119.159,537129.461,4142324.507,4142336.921,"Silva","NEON_D07_MLBS_DP1_537000_4142000_classified_point_cloud.laz","2018_MLBS_3_537000_4142000_image.tif","Tree",1,537000,537999.999,4142000,4142999.999
"1454",1454,537217.539,537226.484,4142342.015,4142349.985,"Silva","NEON_D07_MLBS_DP1_537000_4142000_classified_point_cloud.laz","2018_MLBS_3_537000_4142000_image.tif","Tree",1,537000,537999.999,4142000,4142999.999
"1455",1455,537215.032,537219.997,4142337.06,4142347,"Silva","NEON_D07_MLBS_DP1_537000_4142000_classified_point_cloud.laz","2018_MLBS_3_537000_4142000_image.tif","Tree",1,537000,537999.999,4142000,4142999.999
"1456",1456,537160.513,537167.995,4142332.016,4142341.499,"Silva","NEON_D07_MLBS_DP1_537000_4142000_classified_point_cloud.laz","2018_MLBS_3_537000_4142000_image.tif","Tree",1,537000,537999.999,4142000,4142999.999
"1457",1457,537199.511,537206.479,4142334.201,4142343.84,"Silva","NEON_D07_MLBS_DP1_537000_4142000_classified_point_cloud.laz","2018_MLBS_3_537000_4142000_image.tif","Tree",1,537000,537999.999,4142000,4142999.999
"1458",1458,537206.011,537211.49,4142334.047,4142342.466,"Silva","NEON_D07_MLBS_DP1_537000_4142000_classified_point_cloud.laz","2018_MLBS_3_537000_4142000_image.tif","Tree",1,537000,537999.999,4142000,4142999.999
"1459",1459,537171.015,537178.957,4142279.015,4142285.943,"Silva","NEON_D07_MLBS_DP1_537000_4142000_classified_point_cloud.laz","2018_MLBS_3_537000_4142000_image.tif","Tree",1,537000,537999.999,4142000,4142999.999
"1460",1460,537183.507,537193.467,4142281.008,4142287.494,"Silva","NEON_D07_MLBS_DP1_537000_4142000_classified_point_cloud.laz","2018_MLBS_3_537000_4142000_image.tif","Tree",1,537000,537999.999,4142000,4142999.999
"1461",1461,537176.768,537183.997,4142278.054,4142288.352,"Silva","NEON_D07_MLBS_DP1_537000_4142000_classified_point_cloud.laz","2018_MLBS_3_537000_4142000_image.tif","Tree",1,537000,537999.999,4142000,4142999.999
"1462",1462,537219.004,537226.977,4142281.595,4142289.911,"Silva","NEON_D07_MLBS_DP1_537000_4142000_classified_point_cloud.laz","2018_MLBS_3_537000_4142000_image.tif","Tree",1,537000,537999.999,4142000,4142999.999
"1463",1463,537206.501,537213.98,4142284.007,4142290.73,"Silva","NEON_D07_MLBS_DP1_537000_4142000_classified_point_cloud.laz","2018_MLBS_3_537000_4142000_image.tif","Tree",1,537000,537999.999,4142000,4142999.999
"1464",1464,537162.512,537170.368,4142283.511,4142290.427,"Silva","NEON_D07_MLBS_DP1_537000_4142000_classified_point_cloud.laz","2018_MLBS_3_537000_4142000_image.tif","Tree",1,537000,537999.999,4142000,4142999.999
"1465",1465,537197.039,537206.872,4142284.628,4142296.415,"Silva","NEON_D07_MLBS_DP1_537000_4142000_classified_point_cloud.laz","2018_MLBS_3_537000_4142000_image.tif","Tree",1,537000,537999.999,4142000,4142999.999
"1466",1466,537179.013,537185.479,4142285.514,4142292.5,"Silva","NEON_D07_MLBS_DP1_537000_4142000_classified_point_cloud.laz","2018_MLBS_3_537000_4142000_image.tif","Tree",1,537000,537999.999,4142000,4142999.999
"1467",1467,537219.513,537226.987,4142289.006,4142296.447,"Silva","NEON_D07_MLBS_DP1_537000_4142000_classified_point_cloud.laz","2018_MLBS_3_537000_4142000_image.tif","Tree",1,537000,537999.999,4142000,4142999.999
"1468",1468,537214.022,537219.988,4142288.534,4142298.475,"Silva","NEON_D07_MLBS_DP1_537000_4142000_classified_point_cloud.laz","2018_MLBS_3_537000_4142000_image.tif","Tree",1,537000,537999.999,4142000,4142999.999
"1469",1469,537186.531,537196.976,4142287.007,4142296.987,"Silva","NEON_D07_MLBS_DP1_537000_4142000_classified_point_cloud.laz","2018_MLBS_3_537000_4142000_image.tif","Tree",1,537000,537999.999,4142000,4142999.999
"1470",1470,537201.527,537209.495,4142289.212,4142298.458,"Silva","NEON_D07_MLBS_DP1_537000_4142000_classified_point_cloud.laz","2018_MLBS_3_537000_4142000_image.tif","Tree",1,537000,537999.999,4142000,4142999.999
"1471",1471,537178.529,537187.96,4142292.507,4142298.414,"Silva","NEON_D07_MLBS_DP1_537000_4142000_classified_point_cloud.laz","2018_MLBS_3_537000_4142000_image.tif","Tree",1,537000,537999.999,4142000,4142999.999
"1472",1472,537158.51,537167.987,4142294.128,4142303.45,"Silva","NEON_D07_MLBS_DP1_537000_4142000_classified_point_cloud.laz","2018_MLBS_3_537000_4142000_image.tif","Tree",1,537000,537999.999,4142000,4142999.999
"1473",1473,537186.526,537196.97,4142296.031,4142307.999,"Silva","NEON_D07_MLBS_DP1_537000_4142000_classified_point_cloud.laz","2018_MLBS_3_537000_4142000_image.tif","Tree",1,537000,537999.999,4142000,4142999.999
"1474",1474,537162.238,537171.961,4142297.095,4142306.463,"Silva","NEON_D07_MLBS_DP1_537000_4142000_classified_point_cloud.laz","2018_MLBS_3_537000_4142000_image.tif","Tree",1,537000,537999.999,4142000,4142999.999
"1475",1475,537215.565,537224.898,4142300.509,4142308.993,"Silva","NEON_D07_MLBS_DP1_537000_4142000_classified_point_cloud.laz","2018_MLBS_3_537000_4142000_image.tif","Tree",1,537000,537999.999,4142000,4142999.999
"1476",1476,537218.133,537226.9,4142309.004,4142315.497,"Silva","NEON_D07_MLBS_DP1_537000_4142000_classified_point_cloud.laz","2018_MLBS_3_537000_4142000_image.tif","Tree",1,537000,537999.999,4142000,4142999.999
"1477",1477,537163.039,537172.488,4142305.073,4142317.971,"Silva","NEON_D07_MLBS_DP1_537000_4142000_classified_point_cloud.laz","2018_MLBS_3_537000_4142000_image.tif","Tree",1,537000,537999.999,4142000,4142999.999
"1478",1478,537186.12,537196.983,4142308.003,4142319.376,"Silva","NEON_D07_MLBS_DP1_537000_4142000_classified_point_cloud.laz","2018_MLBS_3_537000_4142000_image.tif","Tree",1,537000,537999.999,4142000,4142999.999
"1479",1479,537171.008,537179.458,4142309.095,4142315.987,"Silva","NEON_D07_MLBS_DP1_537000_4142000_classified_point_cloud.laz","2018_MLBS_3_537000_4142000_image.tif","Tree",1,537000,537999.999,4142000,4142999.999
"1480",1480,537216.526,537225.434,4142314.003,4142320.988,"Silva","NEON_D07_MLBS_DP1_537000_4142000_classified_point_cloud.laz","2018_MLBS_3_537000_4142000_image.tif","Tree",1,537000,537999.999,4142000,4142999.999
"1481",1481,537157.732,537167.431,4142307.625,4142317.971,"Silva","NEON_D07_MLBS_DP1_537000_4142000_classified_point_cloud.laz","2018_MLBS_3_537000_4142000_image.tif","Tree",1,537000,537999.999,4142000,4142999.999
"1482",1482,537200.049,537210.288,4142313.515,4142321.495,"Silva","NEON_D07_MLBS_DP1_537000_4142000_classified_point_cloud.laz","2018_MLBS_3_537000_4142000_image.tif","Tree",1,537000,537999.999,4142000,4142999.999
"1483",1483,537179.002,537187.457,4142312.176,4142318.96,"Silva","NEON_D07_MLBS_DP1_537000_4142000_classified_point_cloud.laz","2018_MLBS_3_537000_4142000_image.tif","Tree",1,537000,537999.999,4142000,4142999.999
"1484",1484,537206.619,537214.499,4142317.142,4142324.995,"Silva","NEON_D07_MLBS_DP1_537000_4142000_classified_point_cloud.laz","2018_MLBS_3_537000_4142000_image.tif","Tree",1,537000,537999.999,4142000,4142999.999
"1485",1485,537189.503,537199.497,4142315.01,4142324.959,"Silva","NEON_D07_MLBS_DP1_537000_4142000_classified_point_cloud.laz","2018_MLBS_3_537000_4142000_image.tif","Tree",1,537000,537999.999,4142000,4142999.999
"1486",1486,537220.004,537227.911,4142320.006,4142331.962,"Silva","NEON_D07_MLBS_DP1_537000_4142000_classified_point_cloud.laz","2018_MLBS_3_537000_4142000_image.tif","Tree",1,537000,537999.999,4142000,4142999.999
"1487",1487,537203.5,537211.482,4142321.503,4142330.452,"Silva","NEON_D07_MLBS_DP1_537000_4142000_classified_point_cloud.laz","2018_MLBS_3_537000_4142000_image.tif","Tree",1,537000,537999.999,4142000,4142999.999
"1488",1488,537157.78,537168.933,4142318.005,4142325.948,"Silva","NEON_D07_MLBS_DP1_537000_4142000_classified_point_cloud.laz","2018_MLBS_3_537000_4142000_image.tif","Tree",1,537000,537999.999,4142000,4142999.999
"1489",1489,537181.505,537191.489,4142320.586,4142327.973,"Silva","NEON_D07_MLBS_DP1_537000_4142000_classified_point_cloud.laz","2018_MLBS_3_537000_4142000_image.tif","Tree",1,537000,537999.999,4142000,4142999.999
"1490",1490,537195.637,537203.996,4142324.523,4142332.405,"Silva","NEON_D07_MLBS_DP1_537000_4142000_classified_point_cloud.laz","2018_MLBS_3_537000_4142000_image.tif","Tree",1,537000,537999.999,4142000,4142999.999
"1491",1491,537158.507,537170.974,4142322.124,4142330.991,"Silva","NEON_D07_MLBS_DP1_537000_4142000_classified_point_cloud.laz","2018_MLBS_3_537000_4142000_image.tif","Tree",1,537000,537999.999,4142000,4142999.999
"1492",1492,537189.067,537196.878,4142324.041,4142332.469,"Silva","NEON_D07_MLBS_DP1_537000_4142000_classified_point_cloud.laz","2018_MLBS_3_537000_4142000_image.tif","Tree",1,537000,537999.999,4142000,4142999.999
"1493",1493,537183.003,537189.976,4142327.502,4142333.5,"Silva","NEON_D07_MLBS_DP1_537000_4142000_classified_point_cloud.laz","2018_MLBS_3_537000_4142000_image.tif","Tree",1,537000,537999.999,4142000,4142999.999
"1494",1494,537176.501,537182.985,4142324.004,4142333.486,"Silva","NEON_D07_MLBS_DP1_537000_4142000_classified_point_cloud.laz","2018_MLBS_3_537000_4142000_image.tif","Tree",1,537000,537999.999,4142000,4142999.999
"1495",1495,537171,537177.498,4142324.602,4142334.945,"Silva","NEON_D07_MLBS_DP1_537000_4142000_classified_point_cloud.laz","2018_MLBS_3_537000_4142000_image.tif","Tree",1,537000,537999.999,4142000,4142999.999
"1496",1496,537160.535,537170.972,4142325.529,4142333.96,"Silva","NEON_D07_MLBS_DP1_537000_4142000_classified_point_cloud.laz","2018_MLBS_3_537000_4142000_image.tif","Tree",1,537000,537999.999,4142000,4142999.999
"1497",1497,537200.526,537210.487,4142330.002,4142337.863,"Silva","NEON_D07_MLBS_DP1_537000_4142000_classified_point_cloud.laz","2018_MLBS_3_537000_4142000_image.tif","Tree",1,537000,537999.999,4142000,4142999.999
"1498",1498,537221.001,537229.444,4142331.534,4142343.488,"Silva","NEON_D07_MLBS_DP1_537000_4142000_classified_point_cloud.laz","2018_MLBS_3_537000_4142000_image.tif","Tree",1,537000,537999.999,4142000,4142999.999
"1499",1499,537191.003,537200.467,4142331.003,4142339.977,"Silva","NEON_D07_MLBS_DP1_537000_4142000_classified_point_cloud.laz","2018_MLBS_3_537000_4142000_image.tif","Tree",1,537000,537999.999,4142000,4142999.999
"1500",1500,537152.012,537161.476,4142402.507,4142410.495,"Silva","NEON_D07_MLBS_DP1_537000_4142000_classified_point_cloud.laz","2018_MLBS_3_537000_4142000_image.tif","Tree",1,537000,537999.999,4142000,4142999.999
"1501",1501,537144.506,537154.905,4142396.503,4142406.497,"Silva","NEON_D07_MLBS_DP1_537000_4142000_classified_point_cloud.laz","2018_MLBS_3_537000_4142000_image.tif","Tree",1,537000,537999.999,4142000,4142999.999
"1502",1502,537144.527,537153.473,4142381.52,4142389.364,"Silva","NEON_D07_MLBS_DP1_537000_4142000_classified_point_cloud.laz","2018_MLBS_3_537000_4142000_image.tif","Tree",1,537000,537999.999,4142000,4142999.999
"1503",1503,537099.508,537109.935,4142377.012,4142387.949,"Silva","NEON_D07_MLBS_DP1_537000_4142000_classified_point_cloud.laz","2018_MLBS_3_537000_4142000_image.tif","Tree",1,537000,537999.999,4142000,4142999.999
"1504",1504,537130.525,537141.994,4142377.524,4142386.479,"Silva","NEON_D07_MLBS_DP1_537000_4142000_classified_point_cloud.laz","2018_MLBS_3_537000_4142000_image.tif","Tree",1,537000,537999.999,4142000,4142999.999
"1505",1505,537126.05,537134.979,4142374.002,4142383.482,"Silva","NEON_D07_MLBS_DP1_537000_4142000_classified_point_cloud.laz","2018_MLBS_3_537000_4142000_image.tif","Tree",1,537000,537999.999,4142000,4142999.999
"1506",1506,537107.101,537116.989,4142372.067,4142379.476,"Silva","NEON_D07_MLBS_DP1_537000_4142000_classified_point_cloud.laz","2018_MLBS_3_537000_4142000_image.tif","Tree",1,537000,537999.999,4142000,4142999.999
"1507",1507,537134.004,537144.457,4142369.106,4142378.488,"Silva","NEON_D07_MLBS_DP1_537000_4142000_classified_point_cloud.laz","2018_MLBS_3_537000_4142000_image.tif","Tree",1,537000,537999.999,4142000,4142999.999
"1508",1508,537157.016,537165.426,4142367.131,4142375.998,"Silva","NEON_D07_MLBS_DP1_537000_4142000_classified_point_cloud.laz","2018_MLBS_3_537000_4142000_image.tif","Tree",1,537000,537999.999,4142000,4142999.999
"1509",1509,537151.076,537159.481,4142362.527,4142371.494,"Silva","NEON_D07_MLBS_DP1_537000_4142000_classified_point_cloud.laz","2018_MLBS_3_537000_4142000_image.tif","Tree",1,537000,537999.999,4142000,4142999.999
"1510",1510,537108.532,537121.995,4142360.002,4142367.994,"Silva","NEON_D07_MLBS_DP1_537000_4142000_classified_point_cloud.laz","2018_MLBS_3_537000_4142000_image.tif","Tree",1,537000,537999.999,4142000,4142999.999
"1511",1511,537130.506,537138.498,4142363.653,4142368.469,"Silva","NEON_D07_MLBS_DP1_537000_4142000_classified_point_cloud.laz","2018_MLBS_3_537000_4142000_image.tif","Tree",1,537000,537999.999,4142000,4142999.999
"1512",1512,537155.044,537165.436,4142355.228,4142367.425,"Silva","NEON_D07_MLBS_DP1_537000_4142000_classified_point_cloud.laz","2018_MLBS_3_537000_4142000_image.tif","Tree",1,537000,537999.999,4142000,4142999.999
"1513",1513,537138.002,537147.498,4142352.502,4142359.445,"Silva","NEON_D07_MLBS_DP1_537000_4142000_classified_point_cloud.laz","2018_MLBS_3_537000_4142000_image.tif","Tree",1,537000,537999.999,4142000,4142999.999
"1514",1514,537125.074,537135.955,4142349.543,4142358.984,"Silva","NEON_D07_MLBS_DP1_537000_4142000_classified_point_cloud.laz","2018_MLBS_3_537000_4142000_image.tif","Tree",1,537000,537999.999,4142000,4142999.999
"1515",1515,537139.542,537146.456,4142348.559,4142354.448,"Silva","NEON_D07_MLBS_DP1_537000_4142000_classified_point_cloud.laz","2018_MLBS_3_537000_4142000_image.tif","Tree",1,537000,537999.999,4142000,4142999.999
"1516",1516,537095.042,537102.495,4142343.088,4142350.82,"Silva","NEON_D07_MLBS_DP1_537000_4142000_classified_point_cloud.laz","2018_MLBS_3_537000_4142000_image.tif","Tree",1,537000,537999.999,4142000,4142999.999
"1517",1517,537118.008,537127.471,4142346.549,4142354.998,"Silva","NEON_D07_MLBS_DP1_537000_4142000_classified_point_cloud.laz","2018_MLBS_3_537000_4142000_image.tif","Tree",1,537000,537999.999,4142000,4142999.999
"1518",1518,537127.514,537136.481,4142346.067,4142352.431,"Silva","NEON_D07_MLBS_DP1_537000_4142000_classified_point_cloud.laz","2018_MLBS_3_537000_4142000_image.tif","Tree",1,537000,537999.999,4142000,4142999.999
"1519",1519,537182.503,537193.421,4142408.502,4142414.996,"Silva","NEON_D07_MLBS_DP1_537000_4142000_classified_point_cloud.laz","2018_MLBS_3_537000_4142000_image.tif","Tree",1,537000,537999.999,4142000,4142999.999
"1520",1520,537207.053,537212.492,4142409.599,4142416.472,"Silva","NEON_D07_MLBS_DP1_537000_4142000_classified_point_cloud.laz","2018_MLBS_3_537000_4142000_image.tif","Tree",1,537000,537999.999,4142000,4142999.999
"1521",1521,537212.001,537218.431,4142409.045,4142415.488,"Silva","NEON_D07_MLBS_DP1_537000_4142000_classified_point_cloud.laz","2018_MLBS_3_537000_4142000_image.tif","Tree",1,537000,537999.999,4142000,4142999.999
"1522",1522,537218.019,537227.993,4142406.514,4142417.467,"Silva","NEON_D07_MLBS_DP1_537000_4142000_classified_point_cloud.laz","2018_MLBS_3_537000_4142000_image.tif","Tree",1,537000,537999.999,4142000,4142999.999
"1523",1523,537205.526,537212.311,4142405.059,4142411.979,"Silva","NEON_D07_MLBS_DP1_537000_4142000_classified_point_cloud.laz","2018_MLBS_3_537000_4142000_image.tif","Tree",1,537000,537999.999,4142000,4142999.999
"1524",1524,537174.535,537185.498,4142401.504,4142410.953,"Silva","NEON_D07_MLBS_DP1_537000_4142000_classified_point_cloud.laz","2018_MLBS_3_537000_4142000_image.tif","Tree",1,537000,537999.999,4142000,4142999.999
"1525",1525,537211.512,537220.998,4142403.509,4142410.497,"Silva","NEON_D07_MLBS_DP1_537000_4142000_classified_point_cloud.laz","2018_MLBS_3_537000_4142000_image.tif","Tree",1,537000,537999.999,4142000,4142999.999
"1526",1526,537213.395,537222.997,4142398.322,4142407.446,"Silva","NEON_D07_MLBS_DP1_537000_4142000_classified_point_cloud.laz","2018_MLBS_3_537000_4142000_image.tif","Tree",1,537000,537999.999,4142000,4142999.999
"1527",1527,537203.608,537211.95,4142398.502,4142405.492,"Silva","NEON_D07_MLBS_DP1_537000_4142000_classified_point_cloud.laz","2018_MLBS_3_537000_4142000_image.tif","Tree",1,537000,537999.999,4142000,4142999.999
"1528",1528,537197.145,537206.993,4142394.515,4142404.484,"Silva","NEON_D07_MLBS_DP1_537000_4142000_classified_point_cloud.laz","2018_MLBS_3_537000_4142000_image.tif","Tree",1,537000,537999.999,4142000,4142999.999
"1529",1529,537206.517,537216.483,4142393.017,4142403.98,"Silva","NEON_D07_MLBS_DP1_537000_4142000_classified_point_cloud.laz","2018_MLBS_3_537000_4142000_image.tif","Tree",1,537000,537999.999,4142000,4142999.999
"1530",1530,537159.006,537166.993,4142389.512,4142397,"Silva","NEON_D07_MLBS_DP1_537000_4142000_classified_point_cloud.laz","2018_MLBS_3_537000_4142000_image.tif","Tree",1,537000,537999.999,4142000,4142999.999
"1531",1531,537188.142,537195.94,4142387.508,4142400.467,"Silva","NEON_D07_MLBS_DP1_537000_4142000_classified_point_cloud.laz","2018_MLBS_3_537000_4142000_image.tif","Tree",1,537000,537999.999,4142000,4142999.999
"1532",1532,537181.026,537189.989,4142389.022,4142396.496,"Silva","NEON_D07_MLBS_DP1_537000_4142000_classified_point_cloud.laz","2018_MLBS_3_537000_4142000_image.tif","Tree",1,537000,537999.999,4142000,4142999.999
"1533",1533,537214.028,537221.998,4142391.357,4142398.981,"Silva","NEON_D07_MLBS_DP1_537000_4142000_classified_point_cloud.laz","2018_MLBS_3_537000_4142000_image.tif","Tree",1,537000,537999.999,4142000,4142999.999
"1534",1534,537171.066,537180.985,4142381.503,4142391.96,"Silva","NEON_D07_MLBS_DP1_537000_4142000_classified_point_cloud.laz","2018_MLBS_3_537000_4142000_image.tif","Tree",1,537000,537999.999,4142000,4142999.999
"1535",1535,537202.504,537211.424,4142386.553,4142395.465,"Silva","NEON_D07_MLBS_DP1_537000_4142000_classified_point_cloud.laz","2018_MLBS_3_537000_4142000_image.tif","Tree",1,537000,537999.999,4142000,4142999.999
"1536",1536,537213.544,537222.844,4142386.053,4142393.455,"Silva","NEON_D07_MLBS_DP1_537000_4142000_classified_point_cloud.laz","2018_MLBS_3_537000_4142000_image.tif","Tree",1,537000,537999.999,4142000,4142999.999
"1537",1537,537179.545,537191.868,4142382.041,4142390,"Silva","NEON_D07_MLBS_DP1_537000_4142000_classified_point_cloud.laz","2018_MLBS_3_537000_4142000_image.tif","Tree",1,537000,537999.999,4142000,4142999.999
"1538",1538,537193.508,537204.464,4142382.01,4142390.902,"Silva","NEON_D07_MLBS_DP1_537000_4142000_classified_point_cloud.laz","2018_MLBS_3_537000_4142000_image.tif","Tree",1,537000,537999.999,4142000,4142999.999
"1539",1539,537160.524,537166.969,4142375.505,4142383.991,"Silva","NEON_D07_MLBS_DP1_537000_4142000_classified_point_cloud.laz","2018_MLBS_3_537000_4142000_image.tif","Tree",1,537000,537999.999,4142000,4142999.999
"1540",1540,537202.054,537210.384,4142380.014,4142386.879,"Silva","NEON_D07_MLBS_DP1_537000_4142000_classified_point_cloud.laz","2018_MLBS_3_537000_4142000_image.tif","Tree",1,537000,537999.999,4142000,4142999.999
"1541",1541,537166.031,537175.133,4142375.513,4142385.5,"Silva","NEON_D07_MLBS_DP1_537000_4142000_classified_point_cloud.laz","2018_MLBS_3_537000_4142000_image.tif","Tree",1,537000,537999.999,4142000,4142999.999
"1542",1542,537184.169,537193.946,4142377.009,4142387.49,"Silva","NEON_D07_MLBS_DP1_537000_4142000_classified_point_cloud.laz","2018_MLBS_3_537000_4142000_image.tif","Tree",1,537000,537999.999,4142000,4142999.999
"1543",1543,537208.511,537215.995,4142378.505,4142383.983,"Silva","NEON_D07_MLBS_DP1_537000_4142000_classified_point_cloud.laz","2018_MLBS_3_537000_4142000_image.tif","Tree",1,537000,537999.999,4142000,4142999.999
"1544",1544,537166.687,537177.307,4142373.012,4142381.469,"Silva","NEON_D07_MLBS_DP1_537000_4142000_classified_point_cloud.laz","2018_MLBS_3_537000_4142000_image.tif","Tree",1,537000,537999.999,4142000,4142999.999
"1545",1545,537222.513,537228.497,4142379.116,4142383.473,"Silva","NEON_D07_MLBS_DP1_537000_4142000_classified_point_cloud.laz","2018_MLBS_3_537000_4142000_image.tif","Tree",1,537000,537999.999,4142000,4142999.999
"1546",1546,537191.161,537198.996,4142373.54,4142385.15,"Silva","NEON_D07_MLBS_DP1_537000_4142000_classified_point_cloud.laz","2018_MLBS_3_537000_4142000_image.tif","Tree",1,537000,537999.999,4142000,4142999.999
"1547",1547,537174.558,537182.431,4142372.508,4142381.405,"Silva","NEON_D07_MLBS_DP1_537000_4142000_classified_point_cloud.laz","2018_MLBS_3_537000_4142000_image.tif","Tree",1,537000,537999.999,4142000,4142999.999
"1548",1548,537216.001,537223.493,4142371.012,4142379.976,"Silva","NEON_D07_MLBS_DP1_537000_4142000_classified_point_cloud.laz","2018_MLBS_3_537000_4142000_image.tif","Tree",1,537000,537999.999,4142000,4142999.999
"1549",1549,537209.51,537217.487,4142370.034,4142378.485,"Silva","NEON_D07_MLBS_DP1_537000_4142000_classified_point_cloud.laz","2018_MLBS_3_537000_4142000_image.tif","Tree",1,537000,537999.999,4142000,4142999.999
"1550",1550,537185.517,537197.408,4142367.005,4142377.487,"Silva","NEON_D07_MLBS_DP1_537000_4142000_classified_point_cloud.laz","2018_MLBS_3_537000_4142000_image.tif","Tree",1,537000,537999.999,4142000,4142999.999
"1551",1551,537175.682,537185.497,4142366.506,4142373.78,"Silva","NEON_D07_MLBS_DP1_537000_4142000_classified_point_cloud.laz","2018_MLBS_3_537000_4142000_image.tif","Tree",1,537000,537999.999,4142000,4142999.999
"1552",1552,537164.216,537172.989,4142366.67,4142375.487,"Silva","NEON_D07_MLBS_DP1_537000_4142000_classified_point_cloud.laz","2018_MLBS_3_537000_4142000_image.tif","Tree",1,537000,537999.999,4142000,4142999.999
"1553",1553,537201.608,537212.86,4142365.027,4142374.442,"Silva","NEON_D07_MLBS_DP1_537000_4142000_classified_point_cloud.laz","2018_MLBS_3_537000_4142000_image.tif","Tree",1,537000,537999.999,4142000,4142999.999
"1554",1554,537170.51,537178.49,4142364.201,4142372.991,"Silva","NEON_D07_MLBS_DP1_537000_4142000_classified_point_cloud.laz","2018_MLBS_3_537000_4142000_image.tif","Tree",1,537000,537999.999,4142000,4142999.999
"1555",1555,537190.046,537203.488,4142364.005,4142372.461,"Silva","NEON_D07_MLBS_DP1_537000_4142000_classified_point_cloud.laz","2018_MLBS_3_537000_4142000_image.tif","Tree",1,537000,537999.999,4142000,4142999.999
"1556",1556,537180.534,537190.992,4142357.091,4142370.318,"Silva","NEON_D07_MLBS_DP1_537000_4142000_classified_point_cloud.laz","2018_MLBS_3_537000_4142000_image.tif","Tree",1,537000,537999.999,4142000,4142999.999
"1557",1557,537204.007,537216.993,4142359.034,4142370.498,"Silva","NEON_D07_MLBS_DP1_537000_4142000_classified_point_cloud.laz","2018_MLBS_3_537000_4142000_image.tif","Tree",1,537000,537999.999,4142000,4142999.999
"1558",1558,537167.515,537176.479,4142356.011,4142365.98,"Silva","NEON_D07_MLBS_DP1_537000_4142000_classified_point_cloud.laz","2018_MLBS_3_537000_4142000_image.tif","Tree",1,537000,537999.999,4142000,4142999.999
"1559",1559,537190.688,537204.348,4142357.545,4142364.944,"Silva","NEON_D07_MLBS_DP1_537000_4142000_classified_point_cloud.laz","2018_MLBS_3_537000_4142000_image.tif","Tree",1,537000,537999.999,4142000,4142999.999
"1560",1560,537188.025,537199.996,4142353.569,4142361.496,"Silva","NEON_D07_MLBS_DP1_537000_4142000_classified_point_cloud.laz","2018_MLBS_3_537000_4142000_image.tif","Tree",1,537000,537999.999,4142000,4142999.999
"1561",1561,537222.025,537228.894,4142353.531,4142362.983,"Silva","NEON_D07_MLBS_DP1_537000_4142000_classified_point_cloud.laz","2018_MLBS_3_537000_4142000_image.tif","Tree",1,537000,537999.999,4142000,4142999.999
"1562",1562,537215.089,537222.497,4142355.674,4142363.463,"Silva","NEON_D07_MLBS_DP1_537000_4142000_classified_point_cloud.laz","2018_MLBS_3_537000_4142000_image.tif","Tree",1,537000,537999.999,4142000,4142999.999
"1563",1563,537187.005,537195.962,4142349.015,4142356.974,"Silva","NEON_D07_MLBS_DP1_537000_4142000_classified_point_cloud.laz","2018_MLBS_3_537000_4142000_image.tif","Tree",1,537000,537999.999,4142000,4142999.999
"1564",1564,537178.008,537187.492,4142347.025,4142355.975,"Silva","NEON_D07_MLBS_DP1_537000_4142000_classified_point_cloud.laz","2018_MLBS_3_537000_4142000_image.tif","Tree",1,537000,537999.999,4142000,4142999.999
"1565",1565,537208.51,537213.995,4142347.083,4142358.457,"Silva","NEON_D07_MLBS_DP1_537000_4142000_classified_point_cloud.laz","2018_MLBS_3_537000_4142000_image.tif","Tree",1,537000,537999.999,4142000,4142999.999
"1566",1566,537265.001,537273.826,4142280.003,4142284.999,"Silva","NEON_D07_MLBS_DP1_537000_4142000_classified_point_cloud.laz","2018_MLBS_3_537000_4142000_image.tif","Tree",1,537000,537999.999,4142000,4142999.999
"1567",1567,537256.034,537264.992,4142276.519,4142289,"Silva","NEON_D07_MLBS_DP1_537000_4142000_classified_point_cloud.laz","2018_MLBS_3_537000_4142000_image.tif","Tree",1,537000,537999.999,4142000,4142999.999
"1568",1568,537235.071,537242.957,4142280.142,4142284.997,"Silva","NEON_D07_MLBS_DP1_537000_4142000_classified_point_cloud.laz","2018_MLBS_3_537000_4142000_image.tif","Tree",1,537000,537999.999,4142000,4142999.999
"1569",1569,537249.524,537257.964,4142279.545,4142287.489,"Silva","NEON_D07_MLBS_DP1_537000_4142000_classified_point_cloud.laz","2018_MLBS_3_537000_4142000_image.tif","Tree",1,537000,537999.999,4142000,4142999.999
"1570",1570,537274.039,537282.762,4142283.506,4142291.476,"Silva","NEON_D07_MLBS_DP1_537000_4142000_classified_point_cloud.laz","2018_MLBS_3_537000_4142000_image.tif","Tree",1,537000,537999.999,4142000,4142999.999
"1571",1571,537271.053,537277.989,4142284.029,4142294.999,"Silva","NEON_D07_MLBS_DP1_537000_4142000_classified_point_cloud.laz","2018_MLBS_3_537000_4142000_image.tif","Tree",1,537000,537999.999,4142000,4142999.999
"1572",1572,537282.527,537291.435,4142281.506,4142290.979,"Silva","NEON_D07_MLBS_DP1_537000_4142000_classified_point_cloud.laz","2018_MLBS_3_537000_4142000_image.tif","Tree",1,537000,537999.999,4142000,4142999.999
"1573",1573,537243.039,537251.956,4142281.539,4142290.977,"Silva","NEON_D07_MLBS_DP1_537000_4142000_classified_point_cloud.laz","2018_MLBS_3_537000_4142000_image.tif","Tree",1,537000,537999.999,4142000,4142999.999
"1574",1574,537278.055,537286.472,4142287.014,4142293.968,"Silva","NEON_D07_MLBS_DP1_537000_4142000_classified_point_cloud.laz","2018_MLBS_3_537000_4142000_image.tif","Tree",1,537000,537999.999,4142000,4142999.999
"1575",1575,537260.506,537272.165,4142287.512,4142296.992,"Silva","NEON_D07_MLBS_DP1_537000_4142000_classified_point_cloud.laz","2018_MLBS_3_537000_4142000_image.tif","Tree",1,537000,537999.999,4142000,4142999.999
"1576",1576,537276.003,537286.489,4142292.536,4142297.479,"Silva","NEON_D07_MLBS_DP1_537000_4142000_classified_point_cloud.laz","2018_MLBS_3_537000_4142000_image.tif","Tree",1,537000,537999.999,4142000,4142999.999
"1577",1577,537239.201,537245.994,4142287.502,4142295.484,"Silva","NEON_D07_MLBS_DP1_537000_4142000_classified_point_cloud.laz","2018_MLBS_3_537000_4142000_image.tif","Tree",1,537000,537999.999,4142000,4142999.999
"1578",1578,537226.517,537234.468,4142291.56,4142298.475,"Silva","NEON_D07_MLBS_DP1_537000_4142000_classified_point_cloud.laz","2018_MLBS_3_537000_4142000_image.tif","Tree",1,537000,537999.999,4142000,4142999.999
"1579",1579,537285.04,537292.497,4142295.534,4142302.992,"Silva","NEON_D07_MLBS_DP1_537000_4142000_classified_point_cloud.laz","2018_MLBS_3_537000_4142000_image.tif","Tree",1,537000,537999.999,4142000,4142999.999
"1580",1580,537240.515,537248.22,4142294.651,4142301.98,"Silva","NEON_D07_MLBS_DP1_537000_4142000_classified_point_cloud.laz","2018_MLBS_3_537000_4142000_image.tif","Tree",1,537000,537999.999,4142000,4142999.999
"1581",1581,537269.007,537276.994,4142294.515,4142305.485,"Silva","NEON_D07_MLBS_DP1_537000_4142000_classified_point_cloud.laz","2018_MLBS_3_537000_4142000_image.tif","Tree",1,537000,537999.999,4142000,4142999.999
"1582",1582,537248.575,537259.931,4142297.542,4142304.495,"Silva","NEON_D07_MLBS_DP1_537000_4142000_classified_point_cloud.laz","2018_MLBS_3_537000_4142000_image.tif","Tree",1,537000,537999.999,4142000,4142999.999
"1583",1583,537274.504,537284.488,4142299.008,4142307.984,"Silva","NEON_D07_MLBS_DP1_537000_4142000_classified_point_cloud.laz","2018_MLBS_3_537000_4142000_image.tif","Tree",1,537000,537999.999,4142000,4142999.999
"1584",1584,537227.035,537235.306,4142298.008,4142305.494,"Silva","NEON_D07_MLBS_DP1_537000_4142000_classified_point_cloud.laz","2018_MLBS_3_537000_4142000_image.tif","Tree",1,537000,537999.999,4142000,4142999.999
"1585",1585,537260.039,537268.344,4142300.036,4142310.47,"Silva","NEON_D07_MLBS_DP1_537000_4142000_classified_point_cloud.laz","2018_MLBS_3_537000_4142000_image.tif","Tree",1,537000,537999.999,4142000,4142999.999
"1586",1586,537251.549,537260.499,4142302.016,4142309.488,"Silva","NEON_D07_MLBS_DP1_537000_4142000_classified_point_cloud.laz","2018_MLBS_3_537000_4142000_image.tif","Tree",1,537000,537999.999,4142000,4142999.999
"1587",1587,537238.013,537245.495,4142301.507,4142309.939,"Silva","NEON_D07_MLBS_DP1_537000_4142000_classified_point_cloud.laz","2018_MLBS_3_537000_4142000_image.tif","Tree",1,537000,537999.999,4142000,4142999.999
"1588",1588,537230.503,537237.986,4142302.048,4142310.973,"Silva","NEON_D07_MLBS_DP1_537000_4142000_classified_point_cloud.laz","2018_MLBS_3_537000_4142000_image.tif","Tree",1,537000,537999.999,4142000,4142999.999
"1589",1589,537244.018,537251.441,4142301.009,4142311.306,"Silva","NEON_D07_MLBS_DP1_537000_4142000_classified_point_cloud.laz","2018_MLBS_3_537000_4142000_image.tif","Tree",1,537000,537999.999,4142000,4142999.999
"1590",1590,537273.501,537282.89,4142305.515,4142314.99,"Silva","NEON_D07_MLBS_DP1_537000_4142000_classified_point_cloud.laz","2018_MLBS_3_537000_4142000_image.tif","Tree",1,537000,537999.999,4142000,4142999.999
"1591",1591,537264.55,537273.99,4142304.567,4142312.986,"Silva","NEON_D07_MLBS_DP1_537000_4142000_classified_point_cloud.laz","2018_MLBS_3_537000_4142000_image.tif","Tree",1,537000,537999.999,4142000,4142999.999
"1592",1592,537224.504,537230.989,4142302.064,4142311.492,"Silva","NEON_D07_MLBS_DP1_537000_4142000_classified_point_cloud.laz","2018_MLBS_3_537000_4142000_image.tif","Tree",1,537000,537999.999,4142000,4142999.999
"1593",1593,537247.303,537254.476,4142305.565,4142312.985,"Silva","NEON_D07_MLBS_DP1_537000_4142000_classified_point_cloud.laz","2018_MLBS_3_537000_4142000_image.tif","Tree",1,537000,537999.999,4142000,4142999.999
"1594",1594,537252.571,537261.491,4142309.004,4142316.353,"Silva","NEON_D07_MLBS_DP1_537000_4142000_classified_point_cloud.laz","2018_MLBS_3_537000_4142000_image.tif","Tree",1,537000,537999.999,4142000,4142999.999
"1595",1595,537234.592,537244.994,4142308.026,4142319.969,"Silva","NEON_D07_MLBS_DP1_537000_4142000_classified_point_cloud.laz","2018_MLBS_3_537000_4142000_image.tif","Tree",1,537000,537999.999,4142000,4142999.999
"1596",1596,537260.5,537266.996,4142310.035,4142318.978,"Silva","NEON_D07_MLBS_DP1_537000_4142000_classified_point_cloud.laz","2018_MLBS_3_537000_4142000_image.tif","Tree",1,537000,537999.999,4142000,4142999.999
"1597",1597,537243.521,537252.964,4142311.001,4142320.449,"Silva","NEON_D07_MLBS_DP1_537000_4142000_classified_point_cloud.laz","2018_MLBS_3_537000_4142000_image.tif","Tree",1,537000,537999.999,4142000,4142999.999
"1598",1598,537284.065,537294.744,4142312.042,4142322.487,"Silva","NEON_D07_MLBS_DP1_537000_4142000_classified_point_cloud.laz","2018_MLBS_3_537000_4142000_image.tif","Tree",1,537000,537999.999,4142000,4142999.999
"1599",1599,537225,537235.495,4142310.131,4142317.997,"Silva","NEON_D07_MLBS_DP1_537000_4142000_classified_point_cloud.laz","2018_MLBS_3_537000_4142000_image.tif","Tree",1,537000,537999.999,4142000,4142999.999
"1600",1600,537271.52,537283.998,4142314.511,4142324.886,"Silva","NEON_D07_MLBS_DP1_537000_4142000_classified_point_cloud.laz","2018_MLBS_3_537000_4142000_image.tif","Tree",1,537000,537999.999,4142000,4142999.999
"1601",1601,537230.517,537238.873,4142315.061,4142323.452,"Silva","NEON_D07_MLBS_DP1_537000_4142000_classified_point_cloud.laz","2018_MLBS_3_537000_4142000_image.tif","Tree",1,537000,537999.999,4142000,4142999.999
"1602",1602,537224.563,537232.448,4142318.004,4142322.975,"Silva","NEON_D07_MLBS_DP1_537000_4142000_classified_point_cloud.laz","2018_MLBS_3_537000_4142000_image.tif","Tree",1,537000,537999.999,4142000,4142999.999
"1603",1603,537260.041,537263.973,4142321.502,4142325.463,"Silva","NEON_D07_MLBS_DP1_537000_4142000_classified_point_cloud.laz","2018_MLBS_3_537000_4142000_image.tif","Tree",1,537000,537999.999,4142000,4142999.999
"1604",1604,537286.111,537294.999,4142321.132,4142329.357,"Silva","NEON_D07_MLBS_DP1_537000_4142000_classified_point_cloud.laz","2018_MLBS_3_537000_4142000_image.tif","Tree",1,537000,537999.999,4142000,4142999.999
"1605",1605,537270.725,537280.402,4142322.538,4142328.654,"Silva","NEON_D07_MLBS_DP1_537000_4142000_classified_point_cloud.laz","2018_MLBS_3_537000_4142000_image.tif","Tree",1,537000,537999.999,4142000,4142999.999
"1606",1606,537243.501,537252.889,4142320.002,4142328.768,"Silva","NEON_D07_MLBS_DP1_537000_4142000_classified_point_cloud.laz","2018_MLBS_3_537000_4142000_image.tif","Tree",1,537000,537999.999,4142000,4142999.999
"1607",1607,537233.117,537242.989,4142319.022,4142328.961,"Silva","NEON_D07_MLBS_DP1_537000_4142000_classified_point_cloud.laz","2018_MLBS_3_537000_4142000_image.tif","Tree",1,537000,537999.999,4142000,4142999.999
"1608",1608,537282.766,537291.984,4142322.148,4142336.409,"Silva","NEON_D07_MLBS_DP1_537000_4142000_classified_point_cloud.laz","2018_MLBS_3_537000_4142000_image.tif","Tree",1,537000,537999.999,4142000,4142999.999
"1609",1609,537247.04,537254.473,4142324.027,4142332.422,"Silva","NEON_D07_MLBS_DP1_537000_4142000_classified_point_cloud.laz","2018_MLBS_3_537000_4142000_image.tif","Tree",1,537000,537999.999,4142000,4142999.999
"1610",1610,537267.018,537277.463,4142327.003,4142332.584,"Silva","NEON_D07_MLBS_DP1_537000_4142000_classified_point_cloud.laz","2018_MLBS_3_537000_4142000_image.tif","Tree",1,537000,537999.999,4142000,4142999.999
"1611",1611,537277.071,537286.973,4142324.024,4142336.498,"Silva","NEON_D07_MLBS_DP1_537000_4142000_classified_point_cloud.laz","2018_MLBS_3_537000_4142000_image.tif","Tree",1,537000,537999.999,4142000,4142999.999
"1612",1612,537254.52,537261.453,4142327.01,4142335.482,"Silva","NEON_D07_MLBS_DP1_537000_4142000_classified_point_cloud.laz","2018_MLBS_3_537000_4142000_image.tif","Tree",1,537000,537999.999,4142000,4142999.999
"1613",1613,537227.514,537237.44,4142327.049,4142336.353,"Silva","NEON_D07_MLBS_DP1_537000_4142000_classified_point_cloud.laz","2018_MLBS_3_537000_4142000_image.tif","Tree",1,537000,537999.999,4142000,4142999.999
"1614",1614,537249.01,537256.468,4142332.572,4142338.933,"Silva","NEON_D07_MLBS_DP1_537000_4142000_classified_point_cloud.laz","2018_MLBS_3_537000_4142000_image.tif","Tree",1,537000,537999.999,4142000,4142999.999
"1615",1615,537241.055,537248.996,4142331.004,4142339.962,"Silva","NEON_D07_MLBS_DP1_537000_4142000_classified_point_cloud.laz","2018_MLBS_3_537000_4142000_image.tif","Tree",1,537000,537999.999,4142000,4142999.999
"1616",1616,537275.604,537287.46,4142335.054,4142342.476,"Silva","NEON_D07_MLBS_DP1_537000_4142000_classified_point_cloud.laz","2018_MLBS_3_537000_4142000_image.tif","Tree",1,537000,537999.999,4142000,4142999.999
"1617",1617,537264.026,537274.891,4142336.55,4142344.202,"Silva","NEON_D07_MLBS_DP1_537000_4142000_classified_point_cloud.laz","2018_MLBS_3_537000_4142000_image.tif","Tree",1,537000,537999.999,4142000,4142999.999
"1618",1618,537246.142,537256.878,4142337.029,4142346.397,"Silva","NEON_D07_MLBS_DP1_537000_4142000_classified_point_cloud.laz","2018_MLBS_3_537000_4142000_image.tif","Tree",1,537000,537999.999,4142000,4142999.999
"1619",1619,537237.513,537247.452,4142337.57,4142346,"Silva","NEON_D07_MLBS_DP1_537000_4142000_classified_point_cloud.laz","2018_MLBS_3_537000_4142000_image.tif","Tree",1,537000,537999.999,4142000,4142999.999
"1620",1620,537270.005,537276.995,4142341.006,4142349.313,"Silva","NEON_D07_MLBS_DP1_537000_4142000_classified_point_cloud.laz","2018_MLBS_3_537000_4142000_image.tif","Tree",1,537000,537999.999,4142000,4142999.999
"1621",1621,537250.539,537261.988,4142341.563,4142350.451,"Silva","NEON_D07_MLBS_DP1_537000_4142000_classified_point_cloud.laz","2018_MLBS_3_537000_4142000_image.tif","Tree",1,537000,537999.999,4142000,4142999.999
"1622",1622,537297.053,537304.971,4142289.014,4142295.991,"Silva","NEON_D07_MLBS_DP1_537000_4142000_classified_point_cloud.laz","2018_MLBS_3_537000_4142000_image.tif","Tree",1,537000,537999.999,4142000,4142999.999
"1623",1623,537290.823,537297.497,4142286.501,4142295.273,"Silva","NEON_D07_MLBS_DP1_537000_4142000_classified_point_cloud.laz","2018_MLBS_3_537000_4142000_image.tif","Tree",1,537000,537999.999,4142000,4142999.999
"1624",1624,537304.504,537312.956,4142291.512,4142298.5,"Silva","NEON_D07_MLBS_DP1_537000_4142000_classified_point_cloud.laz","2018_MLBS_3_537000_4142000_image.tif","Tree",1,537000,537999.999,4142000,4142999.999
"1625",1625,537346.544,537353.989,4142300.055,4142309.946,"Silva","NEON_D07_MLBS_DP1_537000_4142000_classified_point_cloud.laz","2018_MLBS_3_537000_4142000_image.tif","Tree",1,537000,537999.999,4142000,4142999.999
"1626",1626,537298.502,537304.422,4142300.03,4142307.482,"Silva","NEON_D07_MLBS_DP1_537000_4142000_classified_point_cloud.laz","2018_MLBS_3_537000_4142000_image.tif","Tree",1,537000,537999.999,4142000,4142999.999
"1627",1627,537292.51,537301.998,4142301.541,4142308.998,"Silva","NEON_D07_MLBS_DP1_537000_4142000_classified_point_cloud.laz","2018_MLBS_3_537000_4142000_image.tif","Tree",1,537000,537999.999,4142000,4142999.999
"1628",1628,537325.005,537334.475,4142306.061,4142315.494,"Silva","NEON_D07_MLBS_DP1_537000_4142000_classified_point_cloud.laz","2018_MLBS_3_537000_4142000_image.tif","Tree",1,537000,537999.999,4142000,4142999.999
"1629",1629,537333.52,537340.485,4142310.011,4142316.259,"Silva","NEON_D07_MLBS_DP1_537000_4142000_classified_point_cloud.laz","2018_MLBS_3_537000_4142000_image.tif","Tree",1,537000,537999.999,4142000,4142999.999
"1630",1630,537316.525,537328.8,4142308.094,4142317.941,"Silva","NEON_D07_MLBS_DP1_537000_4142000_classified_point_cloud.laz","2018_MLBS_3_537000_4142000_image.tif","Tree",1,537000,537999.999,4142000,4142999.999
"1631",1631,537303.507,537309.845,4142310.504,4142315.993,"Silva","NEON_D07_MLBS_DP1_537000_4142000_classified_point_cloud.laz","2018_MLBS_3_537000_4142000_image.tif","Tree",1,537000,537999.999,4142000,4142999.999
"1632",1632,537292.53,537301.976,4142309.012,4142314.491,"Silva","NEON_D07_MLBS_DP1_537000_4142000_classified_point_cloud.laz","2018_MLBS_3_537000_4142000_image.tif","Tree",1,537000,537999.999,4142000,4142999.999
"1633",1633,537340.02,537347.995,4142312.003,4142319.459,"Silva","NEON_D07_MLBS_DP1_537000_4142000_classified_point_cloud.laz","2018_MLBS_3_537000_4142000_image.tif","Tree",1,537000,537999.999,4142000,4142999.999
"1634",1634,537352.046,537360.493,4142314.537,4142320.418,"Silva","NEON_D07_MLBS_DP1_537000_4142000_classified_point_cloud.laz","2018_MLBS_3_537000_4142000_image.tif","Tree",1,537000,537999.999,4142000,4142999.999
"1635",1635,537335.522,537344.318,4142315.516,4142322.419,"Silva","NEON_D07_MLBS_DP1_537000_4142000_classified_point_cloud.laz","2018_MLBS_3_537000_4142000_image.tif","Tree",1,537000,537999.999,4142000,4142999.999
"1636",1636,537316.074,537326.496,4142315.001,4142323.422,"Silva","NEON_D07_MLBS_DP1_537000_4142000_classified_point_cloud.laz","2018_MLBS_3_537000_4142000_image.tif","Tree",1,537000,537999.999,4142000,4142999.999
"1637",1637,537297.163,537303.992,4142315.505,4142320.963,"Silva","NEON_D07_MLBS_DP1_537000_4142000_classified_point_cloud.laz","2018_MLBS_3_537000_4142000_image.tif","Tree",1,537000,537999.999,4142000,4142999.999
"1638",1638,537354.511,537358.917,4142319.558,4142325.72,"Silva","NEON_D07_MLBS_DP1_537000_4142000_classified_point_cloud.laz","2018_MLBS_3_537000_4142000_image.tif","Tree",1,537000,537999.999,4142000,4142999.999
"1639",1639,537346.503,537354.474,4142319.643,4142326.901,"Silva","NEON_D07_MLBS_DP1_537000_4142000_classified_point_cloud.laz","2018_MLBS_3_537000_4142000_image.tif","Tree",1,537000,537999.999,4142000,4142999.999
"1640",1640,537334.522,537346.852,4142320.015,4142328.483,"Silva","NEON_D07_MLBS_DP1_537000_4142000_classified_point_cloud.laz","2018_MLBS_3_537000_4142000_image.tif","Tree",1,537000,537999.999,4142000,4142999.999
"1641",1641,537324.011,537334.455,4142317.536,4142327.873,"Silva","NEON_D07_MLBS_DP1_537000_4142000_classified_point_cloud.laz","2018_MLBS_3_537000_4142000_image.tif","Tree",1,537000,537999.999,4142000,4142999.999
"1642",1642,537308.558,537317.992,4142316.019,4142324.988,"Silva","NEON_D07_MLBS_DP1_537000_4142000_classified_point_cloud.laz","2018_MLBS_3_537000_4142000_image.tif","Tree",1,537000,537999.999,4142000,4142999.999
"1643",1643,537320.502,537327.464,4142323.053,4142329.996,"Silva","NEON_D07_MLBS_DP1_537000_4142000_classified_point_cloud.laz","2018_MLBS_3_537000_4142000_image.tif","Tree",1,537000,537999.999,4142000,4142999.999
"1644",1644,537307.684,537316.494,4142325.004,4142331.474,"Silva","NEON_D07_MLBS_DP1_537000_4142000_classified_point_cloud.laz","2018_MLBS_3_537000_4142000_image.tif","Tree",1,537000,537999.999,4142000,4142999.999
"1645",1645,537294.043,537300.429,4142323.109,4142329.292,"Silva","NEON_D07_MLBS_DP1_537000_4142000_classified_point_cloud.laz","2018_MLBS_3_537000_4142000_image.tif","Tree",1,537000,537999.999,4142000,4142999.999
"1646",1646,537328,537334.992,4142325.547,4142334.994,"Silva","NEON_D07_MLBS_DP1_537000_4142000_classified_point_cloud.laz","2018_MLBS_3_537000_4142000_image.tif","Tree",1,537000,537999.999,4142000,4142999.999
"1647",1647,537340.533,537347.979,4142327.287,4142336.957,"Silva","NEON_D07_MLBS_DP1_537000_4142000_classified_point_cloud.laz","2018_MLBS_3_537000_4142000_image.tif","Tree",1,537000,537999.999,4142000,4142999.999
"1648",1648,537334.51,537340.496,4142327.003,4142334.457,"Silva","NEON_D07_MLBS_DP1_537000_4142000_classified_point_cloud.laz","2018_MLBS_3_537000_4142000_image.tif","Tree",1,537000,537999.999,4142000,4142999.999
"1649",1649,537350.575,537356.499,4142330.511,4142336.999,"Silva","NEON_D07_MLBS_DP1_537000_4142000_classified_point_cloud.laz","2018_MLBS_3_537000_4142000_image.tif","Tree",1,537000,537999.999,4142000,4142999.999
"1650",1650,537323.011,537328.933,4142328.03,4142336.492,"Silva","NEON_D07_MLBS_DP1_537000_4142000_classified_point_cloud.laz","2018_MLBS_3_537000_4142000_image.tif","Tree",1,537000,537999.999,4142000,4142999.999
"1651",1651,537291.512,537299.415,4142328.509,4142333.865,"Silva","NEON_D07_MLBS_DP1_537000_4142000_classified_point_cloud.laz","2018_MLBS_3_537000_4142000_image.tif","Tree",1,537000,537999.999,4142000,4142999.999
"1652",1652,537317.044,537322.991,4142328.522,4142335.313,"Silva","NEON_D07_MLBS_DP1_537000_4142000_classified_point_cloud.laz","2018_MLBS_3_537000_4142000_image.tif","Tree",1,537000,537999.999,4142000,4142999.999
"1653",1653,537343.082,537350.983,4142329.608,4142338.494,"Silva","NEON_D07_MLBS_DP1_537000_4142000_classified_point_cloud.laz","2018_MLBS_3_537000_4142000_image.tif","Tree",1,537000,537999.999,4142000,4142999.999
"1654",1654,537311.067,537318.922,4142330.172,4142336.857,"Silva","NEON_D07_MLBS_DP1_537000_4142000_classified_point_cloud.laz","2018_MLBS_3_537000_4142000_image.tif","Tree",1,537000,537999.999,4142000,4142999.999
"1655",1655,537297.023,537305.995,4142329.003,4142336.489,"Silva","NEON_D07_MLBS_DP1_537000_4142000_classified_point_cloud.laz","2018_MLBS_3_537000_4142000_image.tif","Tree",1,537000,537999.999,4142000,4142999.999
"1656",1656,537316.04,537323.48,4142335.012,4142342.496,"Silva","NEON_D07_MLBS_DP1_537000_4142000_classified_point_cloud.laz","2018_MLBS_3_537000_4142000_image.tif","Tree",1,537000,537999.999,4142000,4142999.999
"1657",1657,537305.007,537312.938,4142330.005,4142340.453,"Silva","NEON_D07_MLBS_DP1_537000_4142000_classified_point_cloud.laz","2018_MLBS_3_537000_4142000_image.tif","Tree",1,537000,537999.999,4142000,4142999.999
"1658",1658,537287.005,537297.966,4142333.047,4142339.973,"Silva","NEON_D07_MLBS_DP1_537000_4142000_classified_point_cloud.laz","2018_MLBS_3_537000_4142000_image.tif","Tree",1,537000,537999.999,4142000,4142999.999
"1659",1659,537325.51,537333.994,4142335.02,4142344.37,"Silva","NEON_D07_MLBS_DP1_537000_4142000_classified_point_cloud.laz","2018_MLBS_3_537000_4142000_image.tif","Tree",1,537000,537999.999,4142000,4142999.999
"1660",1660,537301.519,537307.468,4142334.22,4142344.325,"Silva","NEON_D07_MLBS_DP1_537000_4142000_classified_point_cloud.laz","2018_MLBS_3_537000_4142000_image.tif","Tree",1,537000,537999.999,4142000,4142999.999
"1661",1661,537343.501,537350.982,4142338.511,4142349.457,"Silva","NEON_D07_MLBS_DP1_537000_4142000_classified_point_cloud.laz","2018_MLBS_3_537000_4142000_image.tif","Tree",1,537000,537999.999,4142000,4142999.999
"1662",1662,537311.249,537319.348,4142336.517,4142342.999,"Silva","NEON_D07_MLBS_DP1_537000_4142000_classified_point_cloud.laz","2018_MLBS_3_537000_4142000_image.tif","Tree",1,537000,537999.999,4142000,4142999.999
"1663",1663,537334.049,537343.495,4142338.022,4142349.484,"Silva","NEON_D07_MLBS_DP1_537000_4142000_classified_point_cloud.laz","2018_MLBS_3_537000_4142000_image.tif","Tree",1,537000,537999.999,4142000,4142999.999
"1664",1664,537320.627,537329.98,4142336.596,4142346.977,"Silva","NEON_D07_MLBS_DP1_537000_4142000_classified_point_cloud.laz","2018_MLBS_3_537000_4142000_image.tif","Tree",1,537000,537999.999,4142000,4142999.999
"1665",1665,537295.527,537302.885,4142336.506,4142345.5,"Silva","NEON_D07_MLBS_DP1_537000_4142000_classified_point_cloud.laz","2018_MLBS_3_537000_4142000_image.tif","Tree",1,537000,537999.999,4142000,4142999.999
"1666",1666,537349.55,537358.49,4142340.05,4142346.989,"Silva","NEON_D07_MLBS_DP1_537000_4142000_classified_point_cloud.laz","2018_MLBS_3_537000_4142000_image.tif","Tree",1,537000,537999.999,4142000,4142999.999
"1667",1667,537303.226,537312.971,4142340.003,4142349.26,"Silva","NEON_D07_MLBS_DP1_537000_4142000_classified_point_cloud.laz","2018_MLBS_3_537000_4142000_image.tif","Tree",1,537000,537999.999,4142000,4142999.999
"1668",1668,537287.546,537297.497,4142338.012,4142344.997,"Silva","NEON_D07_MLBS_DP1_537000_4142000_classified_point_cloud.laz","2018_MLBS_3_537000_4142000_image.tif","Tree",1,537000,537999.999,4142000,4142999.999
"1669",1669,537312,537321.975,4142342.515,4142349.467,"Silva","NEON_D07_MLBS_DP1_537000_4142000_classified_point_cloud.laz","2018_MLBS_3_537000_4142000_image.tif","Tree",1,537000,537999.999,4142000,4142999.999
"1670",1670,537257.53,537266.986,4142407.532,4142417.982,"Silva","NEON_D07_MLBS_DP1_537000_4142000_classified_point_cloud.laz","2018_MLBS_3_537000_4142000_image.tif","Tree",1,537000,537999.999,4142000,4142999.999
"1671",1671,537285.025,537293.496,4142407.028,4142414.432,"Silva","NEON_D07_MLBS_DP1_537000_4142000_classified_point_cloud.laz","2018_MLBS_3_537000_4142000_image.tif","Tree",1,537000,537999.999,4142000,4142999.999
"1672",1672,537262.034,537269.992,4142400.502,4142409.947,"Silva","NEON_D07_MLBS_DP1_537000_4142000_classified_point_cloud.laz","2018_MLBS_3_537000_4142000_image.tif","Tree",1,537000,537999.999,4142000,4142999.999
"1673",1673,537232.533,537237.999,4142398.537,4142402.951,"Silva","NEON_D07_MLBS_DP1_537000_4142000_classified_point_cloud.laz","2018_MLBS_3_537000_4142000_image.tif","Tree",1,537000,537999.999,4142000,4142999.999
"1674",1674,537255.017,537264.367,4142398.189,4142405.89,"Silva","NEON_D07_MLBS_DP1_537000_4142000_classified_point_cloud.laz","2018_MLBS_3_537000_4142000_image.tif","Tree",1,537000,537999.999,4142000,4142999.999
"1675",1675,537228.045,537235.49,4142390.559,4142400.396,"Silva","NEON_D07_MLBS_DP1_537000_4142000_classified_point_cloud.laz","2018_MLBS_3_537000_4142000_image.tif","Tree",1,537000,537999.999,4142000,4142999.999
"1676",1676,537235.004,537243.461,4142389.018,4142400.497,"Silva","NEON_D07_MLBS_DP1_537000_4142000_classified_point_cloud.laz","2018_MLBS_3_537000_4142000_image.tif","Tree",1,537000,537999.999,4142000,4142999.999
"1677",1677,537281.011,537287.996,4142396.001,4142404.837,"Silva","NEON_D07_MLBS_DP1_537000_4142000_classified_point_cloud.laz","2018_MLBS_3_537000_4142000_image.tif","Tree",1,537000,537999.999,4142000,4142999.999
"1678",1678,537250.501,537257.48,4142394.597,4142404,"Silva","NEON_D07_MLBS_DP1_537000_4142000_classified_point_cloud.laz","2018_MLBS_3_537000_4142000_image.tif","Tree",1,537000,537999.999,4142000,4142999.999
"1679",1679,537244.101,537252.986,4142393.035,4142401.466,"Silva","NEON_D07_MLBS_DP1_537000_4142000_classified_point_cloud.laz","2018_MLBS_3_537000_4142000_image.tif","Tree",1,537000,537999.999,4142000,4142999.999
"1680",1680,537257.018,537261.998,4142392.557,4142398.485,"Silva","NEON_D07_MLBS_DP1_537000_4142000_classified_point_cloud.laz","2018_MLBS_3_537000_4142000_image.tif","Tree",1,537000,537999.999,4142000,4142999.999
"1681",1681,537262,537268.476,4142392.593,4142401.88,"Silva","NEON_D07_MLBS_DP1_537000_4142000_classified_point_cloud.laz","2018_MLBS_3_537000_4142000_image.tif","Tree",1,537000,537999.999,4142000,4142999.999
"1682",1682,537268.515,537277.482,4142393.007,4142401.488,"Silva","NEON_D07_MLBS_DP1_537000_4142000_classified_point_cloud.laz","2018_MLBS_3_537000_4142000_image.tif","Tree",1,537000,537999.999,4142000,4142999.999
"1683",1683,537278.505,537287.474,4142391.505,4142397.486,"Silva","NEON_D07_MLBS_DP1_537000_4142000_classified_point_cloud.laz","2018_MLBS_3_537000_4142000_image.tif","Tree",1,537000,537999.999,4142000,4142999.999
"1684",1684,537272.557,537278.996,4142387.006,4142396.464,"Silva","NEON_D07_MLBS_DP1_537000_4142000_classified_point_cloud.laz","2018_MLBS_3_537000_4142000_image.tif","Tree",1,537000,537999.999,4142000,4142999.999
"1685",1685,537257.511,537265.494,4142385.509,4142393.455,"Silva","NEON_D07_MLBS_DP1_537000_4142000_classified_point_cloud.laz","2018_MLBS_3_537000_4142000_image.tif","Tree",1,537000,537999.999,4142000,4142999.999
"1686",1686,537278.017,537285.498,4142385.503,4142392.49,"Silva","NEON_D07_MLBS_DP1_537000_4142000_classified_point_cloud.laz","2018_MLBS_3_537000_4142000_image.tif","Tree",1,537000,537999.999,4142000,4142999.999
"1687",1687,537247.504,537255.966,4142383.003,4142390.974,"Silva","NEON_D07_MLBS_DP1_537000_4142000_classified_point_cloud.laz","2018_MLBS_3_537000_4142000_image.tif","Tree",1,537000,537999.999,4142000,4142999.999
"1688",1688,537264.519,537272.405,4142382.598,4142388.489,"Silva","NEON_D07_MLBS_DP1_537000_4142000_classified_point_cloud.laz","2018_MLBS_3_537000_4142000_image.tif","Tree",1,537000,537999.999,4142000,4142999.999
"1689",1689,537246.517,537253.961,4142378.54,4142384.98,"Silva","NEON_D07_MLBS_DP1_537000_4142000_classified_point_cloud.laz","2018_MLBS_3_537000_4142000_image.tif","Tree",1,537000,537999.999,4142000,4142999.999
"1690",1690,537227.501,537233.473,4142374.025,4142381.861,"Silva","NEON_D07_MLBS_DP1_537000_4142000_classified_point_cloud.laz","2018_MLBS_3_537000_4142000_image.tif","Tree",1,537000,537999.999,4142000,4142999.999
"1691",1691,537285.127,537295.484,4142377.505,4142385.997,"Silva","NEON_D07_MLBS_DP1_537000_4142000_classified_point_cloud.laz","2018_MLBS_3_537000_4142000_image.tif","Tree",1,537000,537999.999,4142000,4142999.999
"1692",1692,537275.506,537286.379,4142377.541,4142385.5,"Silva","NEON_D07_MLBS_DP1_537000_4142000_classified_point_cloud.laz","2018_MLBS_3_537000_4142000_image.tif","Tree",1,537000,537999.999,4142000,4142999.999
"1693",1693,537241.061,537250.494,4142373.003,4142380.424,"Silva","NEON_D07_MLBS_DP1_537000_4142000_classified_point_cloud.laz","2018_MLBS_3_537000_4142000_image.tif","Tree",1,537000,537999.999,4142000,4142999.999
"1694",1694,537230.058,537240.93,4142370.025,4142377.933,"Silva","NEON_D07_MLBS_DP1_537000_4142000_classified_point_cloud.laz","2018_MLBS_3_537000_4142000_image.tif","Tree",1,537000,537999.999,4142000,4142999.999
"1695",1695,537279.541,537287.481,4142369.159,4142378.975,"Silva","NEON_D07_MLBS_DP1_537000_4142000_classified_point_cloud.laz","2018_MLBS_3_537000_4142000_image.tif","Tree",1,537000,537999.999,4142000,4142999.999
"1696",1696,537223.014,537232.974,4142364.051,4142374.416,"Silva","NEON_D07_MLBS_DP1_537000_4142000_classified_point_cloud.laz","2018_MLBS_3_537000_4142000_image.tif","Tree",1,537000,537999.999,4142000,4142999.999
"1697",1697,537233.003,537240.998,4142362.039,4142374.478,"Silva","NEON_D07_MLBS_DP1_537000_4142000_classified_point_cloud.laz","2018_MLBS_3_537000_4142000_image.tif","Tree",1,537000,537999.999,4142000,4142999.999
"1698",1698,537241.001,537251.423,4142361.07,4142374.467,"Silva","NEON_D07_MLBS_DP1_537000_4142000_classified_point_cloud.laz","2018_MLBS_3_537000_4142000_image.tif","Tree",1,537000,537999.999,4142000,4142999.999
"1699",1699,537285.001,537294.936,4142369.502,4142377.937,"Silva","NEON_D07_MLBS_DP1_537000_4142000_classified_point_cloud.laz","2018_MLBS_3_537000_4142000_image.tif","Tree",1,537000,537999.999,4142000,4142999.999
"1700",1700,537265.008,537278.406,4142362.067,4142373.454,"Silva","NEON_D07_MLBS_DP1_537000_4142000_classified_point_cloud.laz","2018_MLBS_3_537000_4142000_image.tif","Tree",1,537000,537999.999,4142000,4142999.999
"1701",1701,537227.512,537241.973,4142355.533,4142365.993,"Silva","NEON_D07_MLBS_DP1_537000_4142000_classified_point_cloud.laz","2018_MLBS_3_537000_4142000_image.tif","Tree",1,537000,537999.999,4142000,4142999.999
"1702",1702,537274.052,537279.823,4142347.102,4142352.979,"Silva","NEON_D07_MLBS_DP1_537000_4142000_classified_point_cloud.laz","2018_MLBS_3_537000_4142000_image.tif","Tree",1,537000,537999.999,4142000,4142999.999
"1703",1703,537248.521,537259.496,4142346.06,4142355.499,"Silva","NEON_D07_MLBS_DP1_537000_4142000_classified_point_cloud.laz","2018_MLBS_3_537000_4142000_image.tif","Tree",1,537000,537999.999,4142000,4142999.999
"1704",1704,537285.666,537291.494,4142347.025,4142355.39,"Silva","NEON_D07_MLBS_DP1_537000_4142000_classified_point_cloud.laz","2018_MLBS_3_537000_4142000_image.tif","Tree",1,537000,537999.999,4142000,4142999.999
"1705",1705,537259.506,537268.937,4142345.04,4142354.723,"Silva","NEON_D07_MLBS_DP1_537000_4142000_classified_point_cloud.laz","2018_MLBS_3_537000_4142000_image.tif","Tree",1,537000,537999.999,4142000,4142999.999
"1706",1706,537236.032,537247.486,4142346.001,4142355.907,"Silva","NEON_D07_MLBS_DP1_537000_4142000_classified_point_cloud.laz","2018_MLBS_3_537000_4142000_image.tif","Tree",1,537000,537999.999,4142000,4142999.999
"1707",1707,537280.503,537287.883,4142353.02,4142362.977,"Silva","NEON_D07_MLBS_DP1_537000_4142000_classified_point_cloud.laz","2018_MLBS_3_537000_4142000_image.tif","Tree",1,537000,537999.999,4142000,4142999.999
"1708",1708,537270.105,537275.98,4142355.504,4142362.976,"Silva","NEON_D07_MLBS_DP1_537000_4142000_classified_point_cloud.laz","2018_MLBS_3_537000_4142000_image.tif","Tree",1,537000,537999.999,4142000,4142999.999
"1709",1709,537275.019,537284.494,4142354.553,4142366.493,"Silva","NEON_D07_MLBS_DP1_537000_4142000_classified_point_cloud.laz","2018_MLBS_3_537000_4142000_image.tif","Tree",1,537000,537999.999,4142000,4142999.999
"1710",1710,537293.505,537302.977,4142408.507,4142417.694,"Silva","NEON_D07_MLBS_DP1_537000_4142000_classified_point_cloud.laz","2018_MLBS_3_537000_4142000_image.tif","Tree",1,537000,537999.999,4142000,4142999.999
"1711",1711,537305.02,537314.968,4142405.513,4142416.996,"Silva","NEON_D07_MLBS_DP1_537000_4142000_classified_point_cloud.laz","2018_MLBS_3_537000_4142000_image.tif","Tree",1,537000,537999.999,4142000,4142999.999
"1712",1712,537333.508,537343.488,4142408.047,4142417.459,"Silva","NEON_D07_MLBS_DP1_537000_4142000_classified_point_cloud.laz","2018_MLBS_3_537000_4142000_image.tif","Tree",1,537000,537999.999,4142000,4142999.999
"1713",1713,537325.504,537337.497,4142399.502,4142411.498,"Silva","NEON_D07_MLBS_DP1_537000_4142000_classified_point_cloud.laz","2018_MLBS_3_537000_4142000_image.tif","Tree",1,537000,537999.999,4142000,4142999.999
"1714",1714,537345.549,537355.468,4142402.51,4142412.985,"Silva","NEON_D07_MLBS_DP1_537000_4142000_classified_point_cloud.laz","2018_MLBS_3_537000_4142000_image.tif","Tree",1,537000,537999.999,4142000,4142999.999
"1715",1715,537335.64,537342.999,4142400.028,4142408.974,"Silva","NEON_D07_MLBS_DP1_537000_4142000_classified_point_cloud.laz","2018_MLBS_3_537000_4142000_image.tif","Tree",1,537000,537999.999,4142000,4142999.999
"1716",1716,537307.016,537318.494,4142395.509,4142405.997,"Silva","NEON_D07_MLBS_DP1_537000_4142000_classified_point_cloud.laz","2018_MLBS_3_537000_4142000_image.tif","Tree",1,537000,537999.999,4142000,4142999.999
"1717",1717,537318.502,537330.387,4142397.011,4142408.986,"Silva","NEON_D07_MLBS_DP1_537000_4142000_classified_point_cloud.laz","2018_MLBS_3_537000_4142000_image.tif","Tree",1,537000,537999.999,4142000,4142999.999
"1718",1718,537343.153,537354.44,4142395.512,4142404.164,"Silva","NEON_D07_MLBS_DP1_537000_4142000_classified_point_cloud.laz","2018_MLBS_3_537000_4142000_image.tif","Tree",1,537000,537999.999,4142000,4142999.999
"1719",1719,537301.003,537310.227,4142389.505,4142402.811,"Silva","NEON_D07_MLBS_DP1_537000_4142000_classified_point_cloud.laz","2018_MLBS_3_537000_4142000_image.tif","Tree",1,537000,537999.999,4142000,4142999.999
"1720",1720,537295.556,537301.49,4142390.516,4142400.984,"Silva","NEON_D07_MLBS_DP1_537000_4142000_classified_point_cloud.laz","2018_MLBS_3_537000_4142000_image.tif","Tree",1,537000,537999.999,4142000,4142999.999
"1721",1721,537331.042,537344.429,4142394.001,4142401.978,"Silva","NEON_D07_MLBS_DP1_537000_4142000_classified_point_cloud.laz","2018_MLBS_3_537000_4142000_image.tif","Tree",1,537000,537999.999,4142000,4142999.999
"1722",1722,537291.562,537301.484,4142389.019,4142395.491,"Silva","NEON_D07_MLBS_DP1_537000_4142000_classified_point_cloud.laz","2018_MLBS_3_537000_4142000_image.tif","Tree",1,537000,537999.999,4142000,4142999.999
"1723",1723,537318.008,537330.983,4142392.073,4142398.988,"Silva","NEON_D07_MLBS_DP1_537000_4142000_classified_point_cloud.laz","2018_MLBS_3_537000_4142000_image.tif","Tree",1,537000,537999.999,4142000,4142999.999
"1724",1724,537318.509,537326.956,4142385.506,4142394.486,"Silva","NEON_D07_MLBS_DP1_537000_4142000_classified_point_cloud.laz","2018_MLBS_3_537000_4142000_image.tif","Tree",1,537000,537999.999,4142000,4142999.999
"1725",1725,537334.56,537341.497,4142388.008,4142395.393,"Silva","NEON_D07_MLBS_DP1_537000_4142000_classified_point_cloud.laz","2018_MLBS_3_537000_4142000_image.tif","Tree",1,537000,537999.999,4142000,4142999.999
"1726",1726,537307.027,537318.994,4142386.522,4142395.493,"Silva","NEON_D07_MLBS_DP1_537000_4142000_classified_point_cloud.laz","2018_MLBS_3_537000_4142000_image.tif","Tree",1,537000,537999.999,4142000,4142999.999
"1727",1727,537330.514,537336.437,4142388.004,4142397.476,"Silva","NEON_D07_MLBS_DP1_537000_4142000_classified_point_cloud.laz","2018_MLBS_3_537000_4142000_image.tif","Tree",1,537000,537999.999,4142000,4142999.999
"1728",1728,537291.501,537301.448,4142383.005,4142390.5,"Silva","NEON_D07_MLBS_DP1_537000_4142000_classified_point_cloud.laz","2018_MLBS_3_537000_4142000_image.tif","Tree",1,537000,537999.999,4142000,4142999.999
"1729",1729,537326.002,537332.498,4142383.516,4142396.37,"Silva","NEON_D07_MLBS_DP1_537000_4142000_classified_point_cloud.laz","2018_MLBS_3_537000_4142000_image.tif","Tree",1,537000,537999.999,4142000,4142999.999
"1730",1730,537340.08,537348.483,4142386.013,4142395.974,"Silva","NEON_D07_MLBS_DP1_537000_4142000_classified_point_cloud.laz","2018_MLBS_3_537000_4142000_image.tif","Tree",1,537000,537999.999,4142000,4142999.999
"1731",1731,537346.592,537354.499,4142384.54,4142395.466,"Silva","NEON_D07_MLBS_DP1_537000_4142000_classified_point_cloud.laz","2018_MLBS_3_537000_4142000_image.tif","Tree",1,537000,537999.999,4142000,4142999.999
"1732",1732,537328.599,537339.994,4142381.501,4142388.498,"Silva","NEON_D07_MLBS_DP1_537000_4142000_classified_point_cloud.laz","2018_MLBS_3_537000_4142000_image.tif","Tree",1,537000,537999.999,4142000,4142999.999
"1733",1733,537300.586,537307.492,4142380.024,4142389.973,"Silva","NEON_D07_MLBS_DP1_537000_4142000_classified_point_cloud.laz","2018_MLBS_3_537000_4142000_image.tif","Tree",1,537000,537999.999,4142000,4142999.999
"1734",1734,537312.037,537317.486,4142380.054,4142386.971,"Silva","NEON_D07_MLBS_DP1_537000_4142000_classified_point_cloud.laz","2018_MLBS_3_537000_4142000_image.tif","Tree",1,537000,537999.999,4142000,4142999.999
"1735",1735,537351.033,537360.865,4142382.502,4142391.49,"Silva","NEON_D07_MLBS_DP1_537000_4142000_classified_point_cloud.laz","2018_MLBS_3_537000_4142000_image.tif","Tree",1,537000,537999.999,4142000,4142999.999
"1736",1736,537295.043,537302.471,4142377.051,4142386.996,"Silva","NEON_D07_MLBS_DP1_537000_4142000_classified_point_cloud.laz","2018_MLBS_3_537000_4142000_image.tif","Tree",1,537000,537999.999,4142000,4142999.999
"1737",1737,537310.509,537315.993,4142378.563,4142384.969,"Silva","NEON_D07_MLBS_DP1_537000_4142000_classified_point_cloud.laz","2018_MLBS_3_537000_4142000_image.tif","Tree",1,537000,537999.999,4142000,4142999.999
"1738",1738,537338.024,537344.498,4142380.505,4142387.442,"Silva","NEON_D07_MLBS_DP1_537000_4142000_classified_point_cloud.laz","2018_MLBS_3_537000_4142000_image.tif","Tree",1,537000,537999.999,4142000,4142999.999
"1739",1739,537344.009,537350.424,4142377.63,4142386.41,"Silva","NEON_D07_MLBS_DP1_537000_4142000_classified_point_cloud.laz","2018_MLBS_3_537000_4142000_image.tif","Tree",1,537000,537999.999,4142000,4142999.999
"1740",1740,537300.562,537306.977,4142373.522,4142381.419,"Silva","NEON_D07_MLBS_DP1_537000_4142000_classified_point_cloud.laz","2018_MLBS_3_537000_4142000_image.tif","Tree",1,537000,537999.999,4142000,4142999.999
"1741",1741,537349.508,537356.853,4142378.244,4142384.499,"Silva","NEON_D07_MLBS_DP1_537000_4142000_classified_point_cloud.laz","2018_MLBS_3_537000_4142000_image.tif","Tree",1,537000,537999.999,4142000,4142999.999
"1742",1742,537337.548,537345.888,4142376.507,4142382.399,"Silva","NEON_D07_MLBS_DP1_537000_4142000_classified_point_cloud.laz","2018_MLBS_3_537000_4142000_image.tif","Tree",1,537000,537999.999,4142000,4142999.999
"1743",1743,537304.021,537311.977,4142372.004,4142379.813,"Silva","NEON_D07_MLBS_DP1_537000_4142000_classified_point_cloud.laz","2018_MLBS_3_537000_4142000_image.tif","Tree",1,537000,537999.999,4142000,4142999.999
"1744",1744,537311.512,537320.471,4142372.058,4142379.999,"Silva","NEON_D07_MLBS_DP1_537000_4142000_classified_point_cloud.laz","2018_MLBS_3_537000_4142000_image.tif","Tree",1,537000,537999.999,4142000,4142999.999
"1745",1745,537330.501,537339.482,4142372.51,4142381.498,"Silva","NEON_D07_MLBS_DP1_537000_4142000_classified_point_cloud.laz","2018_MLBS_3_537000_4142000_image.tif","Tree",1,537000,537999.999,4142000,4142999.999
"1746",1746,537320.502,537330.993,4142372.534,4142383.85,"Silva","NEON_D07_MLBS_DP1_537000_4142000_classified_point_cloud.laz","2018_MLBS_3_537000_4142000_image.tif","Tree",1,537000,537999.999,4142000,4142999.999
"1747",1747,537338.532,537347.488,4142370.519,4142377.45,"Silva","NEON_D07_MLBS_DP1_537000_4142000_classified_point_cloud.laz","2018_MLBS_3_537000_4142000_image.tif","Tree",1,537000,537999.999,4142000,4142999.999
"1748",1748,537352.025,537362.494,4142365.051,4142374.985,"Silva","NEON_D07_MLBS_DP1_537000_4142000_classified_point_cloud.laz","2018_MLBS_3_537000_4142000_image.tif","Tree",1,537000,537999.999,4142000,4142999.999
"1749",1749,537327.533,537340.386,4142343.018,4142352.316,"Silva","NEON_D07_MLBS_DP1_537000_4142000_classified_point_cloud.laz","2018_MLBS_3_537000_4142000_image.tif","Tree",1,537000,537999.999,4142000,4142999.999
"1750",1750,537308.02,537318.45,4142347.029,4142358.441,"Silva","NEON_D07_MLBS_DP1_537000_4142000_classified_point_cloud.laz","2018_MLBS_3_537000_4142000_image.tif","Tree",1,537000,537999.999,4142000,4142999.999
"1751",1751,537332.503,537341.743,4142349.17,4142356.794,"Silva","NEON_D07_MLBS_DP1_537000_4142000_classified_point_cloud.laz","2018_MLBS_3_537000_4142000_image.tif","Tree",1,537000,537999.999,4142000,4142999.999
"1752",1752,537324.044,537332.471,4142350.008,4142356.998,"Silva","NEON_D07_MLBS_DP1_537000_4142000_classified_point_cloud.laz","2018_MLBS_3_537000_4142000_image.tif","Tree",1,537000,537999.999,4142000,4142999.999
"1753",1753,537297.504,537304.469,4142349.013,4142356.969,"Silva","NEON_D07_MLBS_DP1_537000_4142000_classified_point_cloud.laz","2018_MLBS_3_537000_4142000_image.tif","Tree",1,537000,537999.999,4142000,4142999.999
"1754",1754,537353.51,537359.361,4142354.585,4142363.289,"Silva","NEON_D07_MLBS_DP1_537000_4142000_classified_point_cloud.laz","2018_MLBS_3_537000_4142000_image.tif","Tree",1,537000,537999.999,4142000,4142999.999
"1755",1755,537290.554,537297.484,4142349.501,4142355.487,"Silva","NEON_D07_MLBS_DP1_537000_4142000_classified_point_cloud.laz","2018_MLBS_3_537000_4142000_image.tif","Tree",1,537000,537999.999,4142000,4142999.999
"1756",1756,537345.557,537353.997,4142352.519,4142364.455,"Silva","NEON_D07_MLBS_DP1_537000_4142000_classified_point_cloud.laz","2018_MLBS_3_537000_4142000_image.tif","Tree",1,537000,537999.999,4142000,4142999.999
"1757",1757,537320.555,537332.475,4142357.004,4142365.481,"Silva","NEON_D07_MLBS_DP1_537000_4142000_classified_point_cloud.laz","2018_MLBS_3_537000_4142000_image.tif","Tree",1,537000,537999.999,4142000,4142999.999
"1758",1758,537293.003,537299.218,4142354.03,4142362.479,"Silva","NEON_D07_MLBS_DP1_537000_4142000_classified_point_cloud.laz","2018_MLBS_3_537000_4142000_image.tif","Tree",1,537000,537999.999,4142000,4142999.999
"1759",1759,537329.006,537339.826,4142359.507,4142365.941,"Silva","NEON_D07_MLBS_DP1_537000_4142000_classified_point_cloud.laz","2018_MLBS_3_537000_4142000_image.tif","Tree",1,537000,537999.999,4142000,4142999.999
"1760",1760,537330.535,537342.492,4142362.509,4142371.289,"Silva","NEON_D07_MLBS_DP1_537000_4142000_classified_point_cloud.laz","2018_MLBS_3_537000_4142000_image.tif","Tree",1,537000,537999.999,4142000,4142999.999
"1761",1761,537295.003,537305.409,4142362.508,4142369.487,"Silva","NEON_D07_MLBS_DP1_537000_4142000_classified_point_cloud.laz","2018_MLBS_3_537000_4142000_image.tif","Tree",1,537000,537999.999,4142000,4142999.999
"1762",1762,537342.525,537353.956,4142363.03,4142373.775,"Silva","NEON_D07_MLBS_DP1_537000_4142000_classified_point_cloud.laz","2018_MLBS_3_537000_4142000_image.tif","Tree",1,537000,537999.999,4142000,4142999.999
"1763",1763,537000.013,537004.424,4142474.502,4142480.463,"Silva","NEON_D07_MLBS_DP1_537000_4142000_classified_point_cloud.laz","2018_MLBS_3_537000_4142000_image.tif","Tree",1,537000,537999.999,4142000,4142999.999
"1764",1764,537011.525,537018.906,4142472.04,4142481.963,"Silva","NEON_D07_MLBS_DP1_537000_4142000_classified_point_cloud.laz","2018_MLBS_3_537000_4142000_image.tif","Tree",1,537000,537999.999,4142000,4142999.999
"1765",1765,537006.004,537013.477,4142469.703,4142478.49,"Silva","NEON_D07_MLBS_DP1_537000_4142000_classified_point_cloud.laz","2018_MLBS_3_537000_4142000_image.tif","Tree",1,537000,537999.999,4142000,4142999.999
"1766",1766,537018.565,537027.494,4142470.557,4142477.966,"Silva","NEON_D07_MLBS_DP1_537000_4142000_classified_point_cloud.laz","2018_MLBS_3_537000_4142000_image.tif","Tree",1,537000,537999.999,4142000,4142999.999
"1767",1767,537013.057,537023.464,4142468.58,4142475.353,"Silva","NEON_D07_MLBS_DP1_537000_4142000_classified_point_cloud.laz","2018_MLBS_3_537000_4142000_image.tif","Tree",1,537000,537999.999,4142000,4142999.999
"1768",1768,537016.063,537024.984,4142441.55,4142449.981,"Silva","NEON_D07_MLBS_DP1_537000_4142000_classified_point_cloud.laz","2018_MLBS_3_537000_4142000_image.tif","Tree",1,537000,537999.999,4142000,4142999.999
"1769",1769,537005.57,537012.499,4142436.694,4142446.899,"Silva","NEON_D07_MLBS_DP1_537000_4142000_classified_point_cloud.laz","2018_MLBS_3_537000_4142000_image.tif","Tree",1,537000,537999.999,4142000,4142999.999
"1770",1770,537022.544,537028.466,4142433.518,4142445.97,"Silva","NEON_D07_MLBS_DP1_537000_4142000_classified_point_cloud.laz","2018_MLBS_3_537000_4142000_image.tif","Tree",1,537000,537999.999,4142000,4142999.999
"1771",1771,537010.097,537021.994,4142431.14,4142439.922,"Silva","NEON_D07_MLBS_DP1_537000_4142000_classified_point_cloud.laz","2018_MLBS_3_537000_4142000_image.tif","Tree",1,537000,537999.999,4142000,4142999.999
"1772",1772,537017.043,537032.965,4142417.579,4142425.963,"Silva","NEON_D07_MLBS_DP1_537000_4142000_classified_point_cloud.laz","2018_MLBS_3_537000_4142000_image.tif","Tree",1,537000,537999.999,4142000,4142999.999
"1773",1773,537000.025,537006.495,4142408.008,4142416.445,"Silva","NEON_D07_MLBS_DP1_537000_4142000_classified_point_cloud.laz","2018_MLBS_3_537000_4142000_image.tif","Tree",1,537000,537999.999,4142000,4142999.999
"1774",1774,537000,537006.487,4142440.569,4142452.904,"Silva","NEON_D07_MLBS_DP1_537000_4142000_classified_point_cloud.laz","2018_MLBS_3_537000_4142000_image.tif","Tree",1,537000,537999.999,4142000,4142999.999
"1775",1775,537004.501,537013.876,4142446.508,4142456.441,"Silva","NEON_D07_MLBS_DP1_537000_4142000_classified_point_cloud.laz","2018_MLBS_3_537000_4142000_image.tif","Tree",1,537000,537999.999,4142000,4142999.999
"1776",1776,537018.531,537027.683,4142450.015,4142462.824,"Silva","NEON_D07_MLBS_DP1_537000_4142000_classified_point_cloud.laz","2018_MLBS_3_537000_4142000_image.tif","Tree",1,537000,537999.999,4142000,4142999.999
"1777",1777,537000,537007.458,4142451.562,4142461.689,"Silva","NEON_D07_MLBS_DP1_537000_4142000_classified_point_cloud.laz","2018_MLBS_3_537000_4142000_image.tif","Tree",1,537000,537999.999,4142000,4142999.999
"1778",1778,537000.005,537007.428,4142459.038,4142469.489,"Silva","NEON_D07_MLBS_DP1_537000_4142000_classified_point_cloud.laz","2018_MLBS_3_537000_4142000_image.tif","Tree",1,537000,537999.999,4142000,4142999.999
"1779",1779,537082.023,537091.495,4142473.037,4142482.494,"Silva","NEON_D07_MLBS_DP1_537000_4142000_classified_point_cloud.laz","2018_MLBS_3_537000_4142000_image.tif","Tree",1,537000,537999.999,4142000,4142999.999
"1780",1780,537035.516,537041.432,4142473.52,4142481.443,"Silva","NEON_D07_MLBS_DP1_537000_4142000_classified_point_cloud.laz","2018_MLBS_3_537000_4142000_image.tif","Tree",1,537000,537999.999,4142000,4142999.999
"1781",1781,537027.506,537035.997,4142469.004,4142478.498,"Silva","NEON_D07_MLBS_DP1_537000_4142000_classified_point_cloud.laz","2018_MLBS_3_537000_4142000_image.tif","Tree",1,537000,537999.999,4142000,4142999.999
"1782",1782,537070.56,537079.431,4142469.005,4142479.932,"Silva","NEON_D07_MLBS_DP1_537000_4142000_classified_point_cloud.laz","2018_MLBS_3_537000_4142000_image.tif","Tree",1,537000,537999.999,4142000,4142999.999
"1783",1783,537044.522,537054.443,4142466.696,4142477.998,"Silva","NEON_D07_MLBS_DP1_537000_4142000_classified_point_cloud.laz","2018_MLBS_3_537000_4142000_image.tif","Tree",1,537000,537999.999,4142000,4142999.999
"1784",1784,537063.003,537072.911,4142466.033,4142475.161,"Silva","NEON_D07_MLBS_DP1_537000_4142000_classified_point_cloud.laz","2018_MLBS_3_537000_4142000_image.tif","Tree",1,537000,537999.999,4142000,4142999.999
"1785",1785,537039.24,537047.334,4142466.004,4142473.498,"Silva","NEON_D07_MLBS_DP1_537000_4142000_classified_point_cloud.laz","2018_MLBS_3_537000_4142000_image.tif","Tree",1,537000,537999.999,4142000,4142999.999
"1786",1786,537032.012,537040.422,4142440.005,4142446.486,"Silva","NEON_D07_MLBS_DP1_537000_4142000_classified_point_cloud.laz","2018_MLBS_3_537000_4142000_image.tif","Tree",1,537000,537999.999,4142000,4142999.999
"1787",1787,537054.538,537062.97,4142439.03,4142446.977,"Silva","NEON_D07_MLBS_DP1_537000_4142000_classified_point_cloud.laz","2018_MLBS_3_537000_4142000_image.tif","Tree",1,537000,537999.999,4142000,4142999.999
"1788",1788,537039.047,537046.999,4142435.505,4142444.782,"Silva","NEON_D07_MLBS_DP1_537000_4142000_classified_point_cloud.laz","2018_MLBS_3_537000_4142000_image.tif","Tree",1,537000,537999.999,4142000,4142999.999
"1789",1789,537035.51,537040.486,4142435.001,4142441.298,"Silva","NEON_D07_MLBS_DP1_537000_4142000_classified_point_cloud.laz","2018_MLBS_3_537000_4142000_image.tif","Tree",1,537000,537999.999,4142000,4142999.999
"1790",1790,537066.003,537074.691,4142432.602,4142441.486,"Silva","NEON_D07_MLBS_DP1_537000_4142000_classified_point_cloud.laz","2018_MLBS_3_537000_4142000_image.tif","Tree",1,537000,537999.999,4142000,4142999.999
"1791",1791,537061.007,537066.485,4142432.028,4142442.965,"Silva","NEON_D07_MLBS_DP1_537000_4142000_classified_point_cloud.laz","2018_MLBS_3_537000_4142000_image.tif","Tree",1,537000,537999.999,4142000,4142999.999
"1792",1792,537053.561,537061.99,4142430.027,4142439.499,"Silva","NEON_D07_MLBS_DP1_537000_4142000_classified_point_cloud.laz","2018_MLBS_3_537000_4142000_image.tif","Tree",1,537000,537999.999,4142000,4142999.999
"1793",1793,537044.089,537052.497,4142431.184,4142440.355,"Silva","NEON_D07_MLBS_DP1_537000_4142000_classified_point_cloud.laz","2018_MLBS_3_537000_4142000_image.tif","Tree",1,537000,537999.999,4142000,4142999.999
"1794",1794,537029.127,537036.931,4142425.11,4142433.965,"Silva","NEON_D07_MLBS_DP1_537000_4142000_classified_point_cloud.laz","2018_MLBS_3_537000_4142000_image.tif","Tree",1,537000,537999.999,4142000,4142999.999
"1795",1795,537075.5,537083.453,4142430.012,4142436.47,"Silva","NEON_D07_MLBS_DP1_537000_4142000_classified_point_cloud.laz","2018_MLBS_3_537000_4142000_image.tif","Tree",1,537000,537999.999,4142000,4142999.999
"1796",1796,537076.545,537082.941,4142421.046,4142427.47,"Silva","NEON_D07_MLBS_DP1_537000_4142000_classified_point_cloud.laz","2018_MLBS_3_537000_4142000_image.tif","Tree",1,537000,537999.999,4142000,4142999.999
"1797",1797,537032.728,537043.499,4142410.018,4142421.964,"Silva","NEON_D07_MLBS_DP1_537000_4142000_classified_point_cloud.laz","2018_MLBS_3_537000_4142000_image.tif","Tree",1,537000,537999.999,4142000,4142999.999
"1798",1798,537043.5,537049.925,4142410.531,4142420.477,"Silva","NEON_D07_MLBS_DP1_537000_4142000_classified_point_cloud.laz","2018_MLBS_3_537000_4142000_image.tif","Tree",1,537000,537999.999,4142000,4142999.999
"1799",1799,537057.103,537064.271,4142408.64,4142416.484,"Silva","NEON_D07_MLBS_DP1_537000_4142000_classified_point_cloud.laz","2018_MLBS_3_537000_4142000_image.tif","Tree",1,537000,537999.999,4142000,4142999.999
"1800",1800,537080.505,537091.998,4142409.051,4142416.492,"Silva","NEON_D07_MLBS_DP1_537000_4142000_classified_point_cloud.laz","2018_MLBS_3_537000_4142000_image.tif","Tree",1,537000,537999.999,4142000,4142999.999
"1801",1801,537041.008,537047.999,4142443.088,4142453.995,"Silva","NEON_D07_MLBS_DP1_537000_4142000_classified_point_cloud.laz","2018_MLBS_3_537000_4142000_image.tif","Tree",1,537000,537999.999,4142000,4142999.999
"1802",1802,537054.5,537066.456,4142445.528,4142456.963,"Silva","NEON_D07_MLBS_DP1_537000_4142000_classified_point_cloud.laz","2018_MLBS_3_537000_4142000_image.tif","Tree",1,537000,537999.999,4142000,4142999.999
"1803",1803,537071.548,537082.463,4142450.644,4142457.995,"Silva","NEON_D07_MLBS_DP1_537000_4142000_classified_point_cloud.laz","2018_MLBS_3_537000_4142000_image.tif","Tree",1,537000,537999.999,4142000,4142999.999
"1804",1804,537083.574,537095.481,4142449.003,4142459.974,"Silva","NEON_D07_MLBS_DP1_537000_4142000_classified_point_cloud.laz","2018_MLBS_3_537000_4142000_image.tif","Tree",1,537000,537999.999,4142000,4142999.999
"1805",1805,537069.015,537077.483,4142457.005,4142468.495,"Silva","NEON_D07_MLBS_DP1_537000_4142000_classified_point_cloud.laz","2018_MLBS_3_537000_4142000_image.tif","Tree",1,537000,537999.999,4142000,4142999.999
"1806",1806,537061.007,537068.999,4142457.136,4142467.951,"Silva","NEON_D07_MLBS_DP1_537000_4142000_classified_point_cloud.laz","2018_MLBS_3_537000_4142000_image.tif","Tree",1,537000,537999.999,4142000,4142999.999
"1807",1807,537023.507,537031.956,4142491.548,4142499.999,"Silva","NEON_D07_MLBS_DP1_537000_4142000_classified_point_cloud.laz","2018_MLBS_3_537000_4142000_image.tif","Tree",1,537000,537999.999,4142000,4142999.999
"1808",1808,537017.151,537023.497,4142492.531,4142499.478,"Silva","NEON_D07_MLBS_DP1_537000_4142000_classified_point_cloud.laz","2018_MLBS_3_537000_4142000_image.tif","Tree",1,537000,537999.999,4142000,4142999.999
"1809",1809,537000.014,537006.924,4142490.034,4142496.463,"Silva","NEON_D07_MLBS_DP1_537000_4142000_classified_point_cloud.laz","2018_MLBS_3_537000_4142000_image.tif","Tree",1,537000,537999.999,4142000,4142999.999
"1810",1810,537022.056,537031.491,4142485.116,4142493.938,"Silva","NEON_D07_MLBS_DP1_537000_4142000_classified_point_cloud.laz","2018_MLBS_3_537000_4142000_image.tif","Tree",1,537000,537999.999,4142000,4142999.999
"1811",1811,537000.005,537006.496,4142484.018,4142490.407,"Silva","NEON_D07_MLBS_DP1_537000_4142000_classified_point_cloud.laz","2018_MLBS_3_537000_4142000_image.tif","Tree",1,537000,537999.999,4142000,4142999.999
"1812",1812,537006.508,537016.499,4142483.041,4142489.996,"Silva","NEON_D07_MLBS_DP1_537000_4142000_classified_point_cloud.laz","2018_MLBS_3_537000_4142000_image.tif","Tree",1,537000,537999.999,4142000,4142999.999
"1813",1813,537000.01,537006.496,4142477.516,4142484.854,"Silva","NEON_D07_MLBS_DP1_537000_4142000_classified_point_cloud.laz","2018_MLBS_3_537000_4142000_image.tif","Tree",1,537000,537999.999,4142000,4142999.999
"1814",1814,537006.515,537014.476,4142478.014,4142484.93,"Silva","NEON_D07_MLBS_DP1_537000_4142000_classified_point_cloud.laz","2018_MLBS_3_537000_4142000_image.tif","Tree",1,537000,537999.999,4142000,4142999.999
"1815",1815,537014.501,537021.48,4142477.004,4142485.982,"Silva","NEON_D07_MLBS_DP1_537000_4142000_classified_point_cloud.laz","2018_MLBS_3_537000_4142000_image.tif","Tree",1,537000,537999.999,4142000,4142999.999
"1816",1816,537020.008,537027.491,4142477.506,4142485.995,"Silva","NEON_D07_MLBS_DP1_537000_4142000_classified_point_cloud.laz","2018_MLBS_3_537000_4142000_image.tif","Tree",1,537000,537999.999,4142000,4142999.999
"1817",1817,537080.592,537088.495,4142495.522,4142502.479,"Silva","NEON_D07_MLBS_DP1_537000_4142000_classified_point_cloud.laz","2018_MLBS_3_537000_4142000_image.tif","Tree",1,537000,537999.999,4142000,4142999.999
"1818",1818,537050.008,537056.984,4142497.083,4142502.996,"Silva","NEON_D07_MLBS_DP1_537000_4142000_classified_point_cloud.laz","2018_MLBS_3_537000_4142000_image.tif","Tree",1,537000,537999.999,4142000,4142999.999
"1819",1819,537065.008,537075.494,4142495.001,4142504.395,"Silva","NEON_D07_MLBS_DP1_537000_4142000_classified_point_cloud.laz","2018_MLBS_3_537000_4142000_image.tif","Tree",1,537000,537999.999,4142000,4142999.999
"1820",1820,537041.5,537050.498,4142495.004,4142501.933,"Silva","NEON_D07_MLBS_DP1_537000_4142000_classified_point_cloud.laz","2018_MLBS_3_537000_4142000_image.tif","Tree",1,537000,537999.999,4142000,4142999.999
"1821",1821,537083.555,537091.995,4142494.006,4142498.887,"Silva","NEON_D07_MLBS_DP1_537000_4142000_classified_point_cloud.laz","2018_MLBS_3_537000_4142000_image.tif","Tree",1,537000,537999.999,4142000,4142999.999
"1822",1822,537055.524,537061.472,4142492.02,4142500.931,"Silva","NEON_D07_MLBS_DP1_537000_4142000_classified_point_cloud.laz","2018_MLBS_3_537000_4142000_image.tif","Tree",1,537000,537999.999,4142000,4142999.999
"1823",1823,537059.016,537063.495,4142492.506,4142500.97,"Silva","NEON_D07_MLBS_DP1_537000_4142000_classified_point_cloud.laz","2018_MLBS_3_537000_4142000_image.tif","Tree",1,537000,537999.999,4142000,4142999.999
"1824",1824,537062.501,537067.989,4142492.04,4142500.923,"Silva","NEON_D07_MLBS_DP1_537000_4142000_classified_point_cloud.laz","2018_MLBS_3_537000_4142000_image.tif","Tree",1,537000,537999.999,4142000,4142999.999
"1825",1825,537052.015,537057.443,4142490.516,4142497.498,"Silva","NEON_D07_MLBS_DP1_537000_4142000_classified_point_cloud.laz","2018_MLBS_3_537000_4142000_image.tif","Tree",1,537000,537999.999,4142000,4142999.999
"1826",1826,537091.022,537095.462,4142489.059,4142495.317,"Silva","NEON_D07_MLBS_DP1_537000_4142000_classified_point_cloud.laz","2018_MLBS_3_537000_4142000_image.tif","Tree",1,537000,537999.999,4142000,4142999.999
"1827",1827,537031.505,537042.478,4142486.01,4142497.481,"Silva","NEON_D07_MLBS_DP1_537000_4142000_classified_point_cloud.laz","2018_MLBS_3_537000_4142000_image.tif","Tree",1,537000,537999.999,4142000,4142999.999
"1828",1828,537070.525,537079.481,4142487.181,4142497.993,"Silva","NEON_D07_MLBS_DP1_537000_4142000_classified_point_cloud.laz","2018_MLBS_3_537000_4142000_image.tif","Tree",1,537000,537999.999,4142000,4142999.999
"1829",1829,537065.554,537073.471,4142485.058,4142494.972,"Silva","NEON_D07_MLBS_DP1_537000_4142000_classified_point_cloud.laz","2018_MLBS_3_537000_4142000_image.tif","Tree",1,537000,537999.999,4142000,4142999.999
"1830",1830,537057.02,537066.496,4142487.548,4142492.998,"Silva","NEON_D07_MLBS_DP1_537000_4142000_classified_point_cloud.laz","2018_MLBS_3_537000_4142000_image.tif","Tree",1,537000,537999.999,4142000,4142999.999
"1831",1831,537038.01,537048.995,4142482.52,4142492.425,"Silva","NEON_D07_MLBS_DP1_537000_4142000_classified_point_cloud.laz","2018_MLBS_3_537000_4142000_image.tif","Tree",1,537000,537999.999,4142000,4142999.999
"1832",1832,537048.504,537057.497,4142479.621,4142490.997,"Silva","NEON_D07_MLBS_DP1_537000_4142000_classified_point_cloud.laz","2018_MLBS_3_537000_4142000_image.tif","Tree",1,537000,537999.999,4142000,4142999.999
"1833",1833,537057.011,537066.413,4142480.002,4142488.882,"Silva","NEON_D07_MLBS_DP1_537000_4142000_classified_point_cloud.laz","2018_MLBS_3_537000_4142000_image.tif","Tree",1,537000,537999.999,4142000,4142999.999
"1834",1834,537059.503,537071.998,4142478.514,4142487.458,"Silva","NEON_D07_MLBS_DP1_537000_4142000_classified_point_cloud.laz","2018_MLBS_3_537000_4142000_image.tif","Tree",1,537000,537999.999,4142000,4142999.999
"1835",1835,537027.519,537039.49,4142477.598,4142487.994,"Silva","NEON_D07_MLBS_DP1_537000_4142000_classified_point_cloud.laz","2018_MLBS_3_537000_4142000_image.tif","Tree",1,537000,537999.999,4142000,4142999.999
"1836",1836,537124.004,537137.993,4142470.089,4142481.437,"Silva","NEON_D07_MLBS_DP1_537000_4142000_classified_point_cloud.laz","2018_MLBS_3_537000_4142000_image.tif","Tree",1,537000,537999.999,4142000,4142999.999
"1837",1837,537098.027,537107.487,4142467.001,4142475.999,"Silva","NEON_D07_MLBS_DP1_537000_4142000_classified_point_cloud.laz","2018_MLBS_3_537000_4142000_image.tif","Tree",1,537000,537999.999,4142000,4142999.999
"1838",1838,537132.517,537142.996,4142466.035,4142477.483,"Silva","NEON_D07_MLBS_DP1_537000_4142000_classified_point_cloud.laz","2018_MLBS_3_537000_4142000_image.tif","Tree",1,537000,537999.999,4142000,4142999.999
"1839",1839,537142.013,537147.487,4142426.009,4142434.226,"Silva","NEON_D07_MLBS_DP1_537000_4142000_classified_point_cloud.laz","2018_MLBS_3_537000_4142000_image.tif","Tree",1,537000,537999.999,4142000,4142999.999
"1840",1840,537126.013,537133.971,4142418.017,4142426.47,"Silva","NEON_D07_MLBS_DP1_537000_4142000_classified_point_cloud.laz","2018_MLBS_3_537000_4142000_image.tif","Tree",1,537000,537999.999,4142000,4142999.999
"1841",1841,537150.127,537160.447,4142419.593,4142428.496,"Silva","NEON_D07_MLBS_DP1_537000_4142000_classified_point_cloud.laz","2018_MLBS_3_537000_4142000_image.tif","Tree",1,537000,537999.999,4142000,4142999.999
"1842",1842,537092.511,537103.473,4142414.539,4142424.988,"Silva","NEON_D07_MLBS_DP1_537000_4142000_classified_point_cloud.laz","2018_MLBS_3_537000_4142000_image.tif","Tree",1,537000,537999.999,4142000,4142999.999
"1843",1843,537148.505,537159.973,4142410.557,4142419.998,"Silva","NEON_D07_MLBS_DP1_537000_4142000_classified_point_cloud.laz","2018_MLBS_3_537000_4142000_image.tif","Tree",1,537000,537999.999,4142000,4142999.999
"1844",1844,537144.004,537150.953,4142432.008,4142441.988,"Silva","NEON_D07_MLBS_DP1_537000_4142000_classified_point_cloud.laz","2018_MLBS_3_537000_4142000_image.tif","Tree",1,537000,537999.999,4142000,4142999.999
"1845",1845,537100.504,537108.497,4142433.04,4142441.5,"Silva","NEON_D07_MLBS_DP1_537000_4142000_classified_point_cloud.laz","2018_MLBS_3_537000_4142000_image.tif","Tree",1,537000,537999.999,4142000,4142999.999
"1846",1846,537091.51,537101.382,4142438.087,4142446.997,"Silva","NEON_D07_MLBS_DP1_537000_4142000_classified_point_cloud.laz","2018_MLBS_3_537000_4142000_image.tif","Tree",1,537000,537999.999,4142000,4142999.999
"1847",1847,537135.017,537141.492,4142441.75,4142447.967,"Silva","NEON_D07_MLBS_DP1_537000_4142000_classified_point_cloud.laz","2018_MLBS_3_537000_4142000_image.tif","Tree",1,537000,537999.999,4142000,4142999.999
"1848",1848,537140.505,537145.994,4142445.007,4142450.494,"Silva","NEON_D07_MLBS_DP1_537000_4142000_classified_point_cloud.laz","2018_MLBS_3_537000_4142000_image.tif","Tree",1,537000,537999.999,4142000,4142999.999
"1849",1849,537150.732,537160.883,4142444.521,4142451.462,"Silva","NEON_D07_MLBS_DP1_537000_4142000_classified_point_cloud.laz","2018_MLBS_3_537000_4142000_image.tif","Tree",1,537000,537999.999,4142000,4142999.999
"1850",1850,537141.014,537149.888,4142458.608,4142467.347,"Silva","NEON_D07_MLBS_DP1_537000_4142000_classified_point_cloud.laz","2018_MLBS_3_537000_4142000_image.tif","Tree",1,537000,537999.999,4142000,4142999.999
"1851",1851,537106.004,537116.23,4142457.517,4142468,"Silva","NEON_D07_MLBS_DP1_537000_4142000_classified_point_cloud.laz","2018_MLBS_3_537000_4142000_image.tif","Tree",1,537000,537999.999,4142000,4142999.999
"1852",1852,537175,537181.984,4142473.518,4142483.496,"Silva","NEON_D07_MLBS_DP1_537000_4142000_classified_point_cloud.laz","2018_MLBS_3_537000_4142000_image.tif","Tree",1,537000,537999.999,4142000,4142999.999
"1853",1853,537217.048,537224.461,4142472.081,4142480.499,"Silva","NEON_D07_MLBS_DP1_537000_4142000_classified_point_cloud.laz","2018_MLBS_3_537000_4142000_image.tif","Tree",1,537000,537999.999,4142000,4142999.999
"1854",1854,537166.197,537175.488,4142469.596,4142479.487,"Silva","NEON_D07_MLBS_DP1_537000_4142000_classified_point_cloud.laz","2018_MLBS_3_537000_4142000_image.tif","Tree",1,537000,537999.999,4142000,4142999.999
"1855",1855,537201.511,537212.479,4142471.04,4142477.498,"Silva","NEON_D07_MLBS_DP1_537000_4142000_classified_point_cloud.laz","2018_MLBS_3_537000_4142000_image.tif","Tree",1,537000,537999.999,4142000,4142999.999
"1856",1856,537178.094,537186.49,4142467.931,4142477.454,"Silva","NEON_D07_MLBS_DP1_537000_4142000_classified_point_cloud.laz","2018_MLBS_3_537000_4142000_image.tif","Tree",1,537000,537999.999,4142000,4142999.999
"1857",1857,537192.03,537200.478,4142466.578,4142479.45,"Silva","NEON_D07_MLBS_DP1_537000_4142000_classified_point_cloud.laz","2018_MLBS_3_537000_4142000_image.tif","Tree",1,537000,537999.999,4142000,4142999.999
"1858",1858,537185.03,537193.497,4142465.646,4142475.994,"Silva","NEON_D07_MLBS_DP1_537000_4142000_classified_point_cloud.laz","2018_MLBS_3_537000_4142000_image.tif","Tree",1,537000,537999.999,4142000,4142999.999
"1859",1859,537211.575,537223.47,4142466.516,4142475.463,"Silva","NEON_D07_MLBS_DP1_537000_4142000_classified_point_cloud.laz","2018_MLBS_3_537000_4142000_image.tif","Tree",1,537000,537999.999,4142000,4142999.999
"1860",1860,537197.311,537204.497,4142466.524,4142474.949,"Silva","NEON_D07_MLBS_DP1_537000_4142000_classified_point_cloud.laz","2018_MLBS_3_537000_4142000_image.tif","Tree",1,537000,537999.999,4142000,4142999.999
"1861",1861,537204.519,537211.458,4142463.166,4142472.487,"Silva","NEON_D07_MLBS_DP1_537000_4142000_classified_point_cloud.laz","2018_MLBS_3_537000_4142000_image.tif","Tree",1,537000,537999.999,4142000,4142999.999
"1862",1862,537209.805,537218.485,4142462.593,4142471.978,"Silva","NEON_D07_MLBS_DP1_537000_4142000_classified_point_cloud.laz","2018_MLBS_3_537000_4142000_image.tif","Tree",1,537000,537999.999,4142000,4142999.999
"1863",1863,537197.053,537207.813,4142460.027,4142469,"Silva","NEON_D07_MLBS_DP1_537000_4142000_classified_point_cloud.laz","2018_MLBS_3_537000_4142000_image.tif","Tree",1,537000,537999.999,4142000,4142999.999
"1864",1864,537178.069,537187.969,4142457.52,4142467.917,"Silva","NEON_D07_MLBS_DP1_537000_4142000_classified_point_cloud.laz","2018_MLBS_3_537000_4142000_image.tif","Tree",1,537000,537999.999,4142000,4142999.999
"1865",1865,537157.59,537164.944,4142429.576,4142441.428,"Silva","NEON_D07_MLBS_DP1_537000_4142000_classified_point_cloud.laz","2018_MLBS_3_537000_4142000_image.tif","Tree",1,537000,537999.999,4142000,4142999.999
"1866",1866,537183,537190.888,4142432.036,4142440.972,"Silva","NEON_D07_MLBS_DP1_537000_4142000_classified_point_cloud.laz","2018_MLBS_3_537000_4142000_image.tif","Tree",1,537000,537999.999,4142000,4142999.999
"1867",1867,537215.024,537224.951,4142433.087,4142444.461,"Silva","NEON_D07_MLBS_DP1_537000_4142000_classified_point_cloud.laz","2018_MLBS_3_537000_4142000_image.tif","Tree",1,537000,537999.999,4142000,4142999.999
"1868",1868,537167.779,537175.961,4142426.506,4142437.804,"Silva","NEON_D07_MLBS_DP1_537000_4142000_classified_point_cloud.laz","2018_MLBS_3_537000_4142000_image.tif","Tree",1,537000,537999.999,4142000,4142999.999
"1869",1869,537185.565,537193.998,4142428.053,4142434.99,"Silva","NEON_D07_MLBS_DP1_537000_4142000_classified_point_cloud.laz","2018_MLBS_3_537000_4142000_image.tif","Tree",1,537000,537999.999,4142000,4142999.999
"1870",1870,537176.24,537185.396,4142420.135,4142428.437,"Silva","NEON_D07_MLBS_DP1_537000_4142000_classified_point_cloud.laz","2018_MLBS_3_537000_4142000_image.tif","Tree",1,537000,537999.999,4142000,4142999.999
"1871",1871,537172.003,537180.414,4142420.533,4142428.422,"Silva","NEON_D07_MLBS_DP1_537000_4142000_classified_point_cloud.laz","2018_MLBS_3_537000_4142000_image.tif","Tree",1,537000,537999.999,4142000,4142999.999
"1872",1872,537159.548,537166.482,4142416.503,4142426.482,"Silva","NEON_D07_MLBS_DP1_537000_4142000_classified_point_cloud.laz","2018_MLBS_3_537000_4142000_image.tif","Tree",1,537000,537999.999,4142000,4142999.999
"1873",1873,537165.523,537171.874,4142415.016,4142425.4,"Silva","NEON_D07_MLBS_DP1_537000_4142000_classified_point_cloud.laz","2018_MLBS_3_537000_4142000_image.tif","Tree",1,537000,537999.999,4142000,4142999.999
"1874",1874,537173.063,537180.971,4142418.586,4142423.801,"Silva","NEON_D07_MLBS_DP1_537000_4142000_classified_point_cloud.laz","2018_MLBS_3_537000_4142000_image.tif","Tree",1,537000,537999.999,4142000,4142999.999
"1875",1875,537181.017,537192.49,4142416.008,4142425.965,"Silva","NEON_D07_MLBS_DP1_537000_4142000_classified_point_cloud.laz","2018_MLBS_3_537000_4142000_image.tif","Tree",1,537000,537999.999,4142000,4142999.999
"1876",1876,537204.042,537213.409,4142417.638,4142423.959,"Silva","NEON_D07_MLBS_DP1_537000_4142000_classified_point_cloud.laz","2018_MLBS_3_537000_4142000_image.tif","Tree",1,537000,537999.999,4142000,4142999.999
"1877",1877,537214.032,537220.993,4142415.014,4142421.993,"Silva","NEON_D07_MLBS_DP1_537000_4142000_classified_point_cloud.laz","2018_MLBS_3_537000_4142000_image.tif","Tree",1,537000,537999.999,4142000,4142999.999
"1878",1878,537210.559,537216.468,4142415.513,4142422,"Silva","NEON_D07_MLBS_DP1_537000_4142000_classified_point_cloud.laz","2018_MLBS_3_537000_4142000_image.tif","Tree",1,537000,537999.999,4142000,4142999.999
"1879",1879,537161.664,537172.974,4142433.515,4142444.969,"Silva","NEON_D07_MLBS_DP1_537000_4142000_classified_point_cloud.laz","2018_MLBS_3_537000_4142000_image.tif","Tree",1,537000,537999.999,4142000,4142999.999
"1880",1880,537180.781,537190.494,4142439.004,4142445.483,"Silva","NEON_D07_MLBS_DP1_537000_4142000_classified_point_cloud.laz","2018_MLBS_3_537000_4142000_image.tif","Tree",1,537000,537999.999,4142000,4142999.999
"1881",1881,537211.5,537219.886,4142443.011,4142453.49,"Silva","NEON_D07_MLBS_DP1_537000_4142000_classified_point_cloud.laz","2018_MLBS_3_537000_4142000_image.tif","Tree",1,537000,537999.999,4142000,4142999.999
"1882",1882,537163.001,537173.442,4142439.506,4142449.488,"Silva","NEON_D07_MLBS_DP1_537000_4142000_classified_point_cloud.laz","2018_MLBS_3_537000_4142000_image.tif","Tree",1,537000,537999.999,4142000,4142999.999
"1883",1883,537200.516,537205.951,4142445.004,4142452.979,"Silva","NEON_D07_MLBS_DP1_537000_4142000_classified_point_cloud.laz","2018_MLBS_3_537000_4142000_image.tif","Tree",1,537000,537999.999,4142000,4142999.999
"1884",1884,537190.021,537196.992,4142444.014,4142453.48,"Silva","NEON_D07_MLBS_DP1_537000_4142000_classified_point_cloud.laz","2018_MLBS_3_537000_4142000_image.tif","Tree",1,537000,537999.999,4142000,4142999.999
"1885",1885,537173.795,537178.941,4142445.505,4142452.971,"Silva","NEON_D07_MLBS_DP1_537000_4142000_classified_point_cloud.laz","2018_MLBS_3_537000_4142000_image.tif","Tree",1,537000,537999.999,4142000,4142999.999
"1886",1886,537196.011,537202.394,4142449.505,4142455.349,"Silva","NEON_D07_MLBS_DP1_537000_4142000_classified_point_cloud.laz","2018_MLBS_3_537000_4142000_image.tif","Tree",1,537000,537999.999,4142000,4142999.999
"1887",1887,537201.621,537210.936,4142450.562,4142460.906,"Silva","NEON_D07_MLBS_DP1_537000_4142000_classified_point_cloud.laz","2018_MLBS_3_537000_4142000_image.tif","Tree",1,537000,537999.999,4142000,4142999.999
"1888",1888,537166.688,537174.983,4142449.007,4142457.912,"Silva","NEON_D07_MLBS_DP1_537000_4142000_classified_point_cloud.laz","2018_MLBS_3_537000_4142000_image.tif","Tree",1,537000,537999.999,4142000,4142999.999
"1889",1889,537175.006,537184.497,4142450.515,4142458.268,"Silva","NEON_D07_MLBS_DP1_537000_4142000_classified_point_cloud.laz","2018_MLBS_3_537000_4142000_image.tif","Tree",1,537000,537999.999,4142000,4142999.999
"1890",1890,537192.529,537202.352,4142452.523,4142461.463,"Silva","NEON_D07_MLBS_DP1_537000_4142000_classified_point_cloud.laz","2018_MLBS_3_537000_4142000_image.tif","Tree",1,537000,537999.999,4142000,4142999.999
"1891",1891,537206.535,537217.489,4142452.51,4142463.479,"Silva","NEON_D07_MLBS_DP1_537000_4142000_classified_point_cloud.laz","2018_MLBS_3_537000_4142000_image.tif","Tree",1,537000,537999.999,4142000,4142999.999
"1892",1892,537183.615,537191.913,4142455.675,4142463.426,"Silva","NEON_D07_MLBS_DP1_537000_4142000_classified_point_cloud.laz","2018_MLBS_3_537000_4142000_image.tif","Tree",1,537000,537999.999,4142000,4142999.999
"1893",1893,537168.671,537180.923,4142454.523,4142465.437,"Silva","NEON_D07_MLBS_DP1_537000_4142000_classified_point_cloud.laz","2018_MLBS_3_537000_4142000_image.tif","Tree",1,537000,537999.999,4142000,4142999.999
"1894",1894,537213.587,537220.844,4142455.011,4142464.997,"Silva","NEON_D07_MLBS_DP1_537000_4142000_classified_point_cloud.laz","2018_MLBS_3_537000_4142000_image.tif","Tree",1,537000,537999.999,4142000,4142999.999
"1895",1895,537188.052,537195.327,4142455.638,4142463.934,"Silva","NEON_D07_MLBS_DP1_537000_4142000_classified_point_cloud.laz","2018_MLBS_3_537000_4142000_image.tif","Tree",1,537000,537999.999,4142000,4142999.999
"1896",1896,537188.116,537198.978,4142460.061,4142467.492,"Silva","NEON_D07_MLBS_DP1_537000_4142000_classified_point_cloud.laz","2018_MLBS_3_537000_4142000_image.tif","Tree",1,537000,537999.999,4142000,4142999.999
"1897",1897,537117.079,537128.931,4142491.501,4142498.979,"Silva","NEON_D07_MLBS_DP1_537000_4142000_classified_point_cloud.laz","2018_MLBS_3_537000_4142000_image.tif","Tree",1,537000,537999.999,4142000,4142999.999
"1898",1898,537111.01,537118.496,4142488.016,4142499.469,"Silva","NEON_D07_MLBS_DP1_537000_4142000_classified_point_cloud.laz","2018_MLBS_3_537000_4142000_image.tif","Tree",1,537000,537999.999,4142000,4142999.999
"1899",1899,537116.549,537124.941,4142486.55,4142492.913,"Silva","NEON_D07_MLBS_DP1_537000_4142000_classified_point_cloud.laz","2018_MLBS_3_537000_4142000_image.tif","Tree",1,537000,537999.999,4142000,4142999.999
"1900",1900,537151.506,537158.997,4142485.002,4142493.484,"Silva","NEON_D07_MLBS_DP1_537000_4142000_classified_point_cloud.laz","2018_MLBS_3_537000_4142000_image.tif","Tree",1,537000,537999.999,4142000,4142999.999
"1901",1901,537144.016,537151.492,4142486.001,4142493.382,"Silva","NEON_D07_MLBS_DP1_537000_4142000_classified_point_cloud.laz","2018_MLBS_3_537000_4142000_image.tif","Tree",1,537000,537999.999,4142000,4142999.999
"1902",1902,537134.002,537143.996,4142480.593,4142489.998,"Silva","NEON_D07_MLBS_DP1_537000_4142000_classified_point_cloud.laz","2018_MLBS_3_537000_4142000_image.tif","Tree",1,537000,537999.999,4142000,4142999.999
"1903",1903,537120.521,537130.483,4142478.017,4142492.471,"Silva","NEON_D07_MLBS_DP1_537000_4142000_classified_point_cloud.laz","2018_MLBS_3_537000_4142000_image.tif","Tree",1,537000,537999.999,4142000,4142999.999
"1904",1904,537104.01,537112.492,4142482.001,4142489.474,"Silva","NEON_D07_MLBS_DP1_537000_4142000_classified_point_cloud.laz","2018_MLBS_3_537000_4142000_image.tif","Tree",1,537000,537999.999,4142000,4142999.999
"1905",1905,537153.56,537160.493,4142476.043,4142482.482,"Silva","NEON_D07_MLBS_DP1_537000_4142000_classified_point_cloud.laz","2018_MLBS_3_537000_4142000_image.tif","Tree",1,537000,537999.999,4142000,4142999.999
"1906",1906,537097.509,537105.486,4142475.524,4142482.461,"Silva","NEON_D07_MLBS_DP1_537000_4142000_classified_point_cloud.laz","2018_MLBS_3_537000_4142000_image.tif","Tree",1,537000,537999.999,4142000,4142999.999
"1907",1907,537159.03,537163.986,4142497.551,4142502.964,"Silva","NEON_D07_MLBS_DP1_537000_4142000_classified_point_cloud.laz","2018_MLBS_3_537000_4142000_image.tif","Tree",1,537000,537999.999,4142000,4142999.999
"1908",1908,537201.012,537215.448,4142494.005,4142501.966,"Silva","NEON_D07_MLBS_DP1_537000_4142000_classified_point_cloud.laz","2018_MLBS_3_537000_4142000_image.tif","Tree",1,537000,537999.999,4142000,4142999.999
"1909",1909,537158.044,537165.457,4142491.509,4142497.462,"Silva","NEON_D07_MLBS_DP1_537000_4142000_classified_point_cloud.laz","2018_MLBS_3_537000_4142000_image.tif","Tree",1,537000,537999.999,4142000,4142999.999
"1910",1910,537188.055,537201.439,4142490.528,4142498.999,"Silva","NEON_D07_MLBS_DP1_537000_4142000_classified_point_cloud.laz","2018_MLBS_3_537000_4142000_image.tif","Tree",1,537000,537999.999,4142000,4142999.999
"1911",1911,537166.006,537173.939,4142489.156,4142498.969,"Silva","NEON_D07_MLBS_DP1_537000_4142000_classified_point_cloud.laz","2018_MLBS_3_537000_4142000_image.tif","Tree",1,537000,537999.999,4142000,4142999.999
"1912",1912,537168.572,537177.44,4142487.006,4142496.495,"Silva","NEON_D07_MLBS_DP1_537000_4142000_classified_point_cloud.laz","2018_MLBS_3_537000_4142000_image.tif","Tree",1,537000,537999.999,4142000,4142999.999
"1913",1913,537195.539,537199.994,4142482.009,4142490.994,"Silva","NEON_D07_MLBS_DP1_537000_4142000_classified_point_cloud.laz","2018_MLBS_3_537000_4142000_image.tif","Tree",1,537000,537999.999,4142000,4142999.999
"1914",1914,537186.008,537192.916,4142483.504,4142493.457,"Silva","NEON_D07_MLBS_DP1_537000_4142000_classified_point_cloud.laz","2018_MLBS_3_537000_4142000_image.tif","Tree",1,537000,537999.999,4142000,4142999.999
"1915",1915,537199.594,537205.969,4142485.543,4142494.499,"Silva","NEON_D07_MLBS_DP1_537000_4142000_classified_point_cloud.laz","2018_MLBS_3_537000_4142000_image.tif","Tree",1,537000,537999.999,4142000,4142999.999
"1916",1916,537177.524,537186.478,4142483.509,4142490.392,"Silva","NEON_D07_MLBS_DP1_537000_4142000_classified_point_cloud.laz","2018_MLBS_3_537000_4142000_image.tif","Tree",1,537000,537999.999,4142000,4142999.999
"1917",1917,537189.033,537196.498,4142479.514,4142489.99,"Silva","NEON_D07_MLBS_DP1_537000_4142000_classified_point_cloud.laz","2018_MLBS_3_537000_4142000_image.tif","Tree",1,537000,537999.999,4142000,4142999.999
"1918",1918,537161.068,537168.961,4142481.532,4142489.487,"Silva","NEON_D07_MLBS_DP1_537000_4142000_classified_point_cloud.laz","2018_MLBS_3_537000_4142000_image.tif","Tree",1,537000,537999.999,4142000,4142999.999
"1919",1919,537212.034,537219.999,4142481.034,4142488.49,"Silva","NEON_D07_MLBS_DP1_537000_4142000_classified_point_cloud.laz","2018_MLBS_3_537000_4142000_image.tif","Tree",1,537000,537999.999,4142000,4142999.999
"1920",1920,537178.621,537188.49,4142478.557,4142485.988,"Silva","NEON_D07_MLBS_DP1_537000_4142000_classified_point_cloud.laz","2018_MLBS_3_537000_4142000_image.tif","Tree",1,537000,537999.999,4142000,4142999.999
"1921",1921,537165.514,537172.962,4142477.012,4142487.993,"Silva","NEON_D07_MLBS_DP1_537000_4142000_classified_point_cloud.laz","2018_MLBS_3_537000_4142000_image.tif","Tree",1,537000,537999.999,4142000,4142999.999
"1922",1922,537204.576,537212.494,4142477.02,4142485.489,"Silva","NEON_D07_MLBS_DP1_537000_4142000_classified_point_cloud.laz","2018_MLBS_3_537000_4142000_image.tif","Tree",1,537000,537999.999,4142000,4142999.999
"1923",1923,537168.5,537176.969,4142478.005,4142485.915,"Silva","NEON_D07_MLBS_DP1_537000_4142000_classified_point_cloud.laz","2018_MLBS_3_537000_4142000_image.tif","Tree",1,537000,537999.999,4142000,4142999.999
"1924",1924,537160.5,537166.992,4142473.047,4142483.459,"Silva","NEON_D07_MLBS_DP1_537000_4142000_classified_point_cloud.laz","2018_MLBS_3_537000_4142000_image.tif","Tree",1,537000,537999.999,4142000,4142999.999
"1925",1925,537222.655,537231.997,4142471.007,4142485,"Silva","NEON_D07_MLBS_DP1_537000_4142000_classified_point_cloud.laz","2018_MLBS_3_537000_4142000_image.tif","Tree",1,537000,537999.999,4142000,4142999.999
"1926",1926,537212.033,537219.93,4142475.102,4142481.999,"Silva","NEON_D07_MLBS_DP1_537000_4142000_classified_point_cloud.laz","2018_MLBS_3_537000_4142000_image.tif","Tree",1,537000,537999.999,4142000,4142999.999
"1927",1927,537195.543,537206.499,4142475.042,4142482.489,"Silva","NEON_D07_MLBS_DP1_537000_4142000_classified_point_cloud.laz","2018_MLBS_3_537000_4142000_image.tif","Tree",1,537000,537999.999,4142000,4142999.999
"1928",1928,537182.017,537194.421,4142474.544,4142483.406,"Silva","NEON_D07_MLBS_DP1_537000_4142000_classified_point_cloud.laz","2018_MLBS_3_537000_4142000_image.tif","Tree",1,537000,537999.999,4142000,4142999.999
"1929",1929,537213.025,537222.989,4142487.524,4142498.323,"Silva","NEON_D07_MLBS_DP1_537000_4142000_classified_point_cloud.laz","2018_MLBS_3_537000_4142000_image.tif","Tree",1,537000,537999.999,4142000,4142999.999
"1930",1930,537201.037,537213.446,4142489.54,4142496.897,"Silva","NEON_D07_MLBS_DP1_537000_4142000_classified_point_cloud.laz","2018_MLBS_3_537000_4142000_image.tif","Tree",1,537000,537999.999,4142000,4142999.999
"1931",1931,537219.516,537228.477,4142485.011,4142494.497,"Silva","NEON_D07_MLBS_DP1_537000_4142000_classified_point_cloud.laz","2018_MLBS_3_537000_4142000_image.tif","Tree",1,537000,537999.999,4142000,4142999.999
"1932",1932,537219.019,537226.986,4142480.013,4142486.958,"Silva","NEON_D07_MLBS_DP1_537000_4142000_classified_point_cloud.laz","2018_MLBS_3_537000_4142000_image.tif","Tree",1,537000,537999.999,4142000,4142999.999
"1933",1933,537206.015,537214.95,4142483.554,4142491.974,"Silva","NEON_D07_MLBS_DP1_537000_4142000_classified_point_cloud.laz","2018_MLBS_3_537000_4142000_image.tif","Tree",1,537000,537999.999,4142000,4142999.999
"1934",1934,537242.542,537254.351,4142474.049,4142485.899,"Silva","NEON_D07_MLBS_DP1_537000_4142000_classified_point_cloud.laz","2018_MLBS_3_537000_4142000_image.tif","Tree",1,537000,537999.999,4142000,4142999.999
"1935",1935,537230.01,537240.471,4142471.544,4142480.996,"Silva","NEON_D07_MLBS_DP1_537000_4142000_classified_point_cloud.laz","2018_MLBS_3_537000_4142000_image.tif","Tree",1,537000,537999.999,4142000,4142999.999
"1936",1936,537263.507,537272.483,4142472.265,4142479.996,"Silva","NEON_D07_MLBS_DP1_537000_4142000_classified_point_cloud.laz","2018_MLBS_3_537000_4142000_image.tif","Tree",1,537000,537999.999,4142000,4142999.999
"1937",1937,537280.002,537293.482,4142471.511,4142482.49,"Silva","NEON_D07_MLBS_DP1_537000_4142000_classified_point_cloud.laz","2018_MLBS_3_537000_4142000_image.tif","Tree",1,537000,537999.999,4142000,4142999.999
"1938",1938,537236.125,537245.453,4142469.056,4142478.481,"Silva","NEON_D07_MLBS_DP1_537000_4142000_classified_point_cloud.laz","2018_MLBS_3_537000_4142000_image.tif","Tree",1,537000,537999.999,4142000,4142999.999
"1939",1939,537258.479,537268.928,4142472.012,4142479.499,"Silva","NEON_D07_MLBS_DP1_537000_4142000_classified_point_cloud.laz","2018_MLBS_3_537000_4142000_image.tif","Tree",1,537000,537999.999,4142000,4142999.999
"1940",1940,537252.521,537259.944,4142465.56,4142478.455,"Silva","NEON_D07_MLBS_DP1_537000_4142000_classified_point_cloud.laz","2018_MLBS_3_537000_4142000_image.tif","Tree",1,537000,537999.999,4142000,4142999.999
"1941",1941,537260.04,537268.285,4142465.6,4142473.451,"Silva","NEON_D07_MLBS_DP1_537000_4142000_classified_point_cloud.laz","2018_MLBS_3_537000_4142000_image.tif","Tree",1,537000,537999.999,4142000,4142999.999
"1942",1942,537270.512,537280.39,4142465.545,4142475.498,"Silva","NEON_D07_MLBS_DP1_537000_4142000_classified_point_cloud.laz","2018_MLBS_3_537000_4142000_image.tif","Tree",1,537000,537999.999,4142000,4142999.999
"1943",1943,537255.221,537263.377,4142461.086,4142472.982,"Silva","NEON_D07_MLBS_DP1_537000_4142000_classified_point_cloud.laz","2018_MLBS_3_537000_4142000_image.tif","Tree",1,537000,537999.999,4142000,4142999.999
"1944",1944,537244.506,537255.473,4142461.515,4142469.982,"Silva","NEON_D07_MLBS_DP1_537000_4142000_classified_point_cloud.laz","2018_MLBS_3_537000_4142000_image.tif","Tree",1,537000,537999.999,4142000,4142999.999
"1945",1945,537229.652,537243.479,4142463.015,4142471.989,"Silva","NEON_D07_MLBS_DP1_537000_4142000_classified_point_cloud.laz","2018_MLBS_3_537000_4142000_image.tif","Tree",1,537000,537999.999,4142000,4142999.999
"1946",1946,537277.101,537283.809,4142464.511,4142468.296,"Silva","NEON_D07_MLBS_DP1_537000_4142000_classified_point_cloud.laz","2018_MLBS_3_537000_4142000_image.tif","Tree",1,537000,537999.999,4142000,4142999.999
"1947",1947,537241.025,537250.955,4142458.004,4142468.771,"Silva","NEON_D07_MLBS_DP1_537000_4142000_classified_point_cloud.laz","2018_MLBS_3_537000_4142000_image.tif","Tree",1,537000,537999.999,4142000,4142999.999
"1948",1948,537225.006,537233.943,4142456.574,4142470.993,"Silva","NEON_D07_MLBS_DP1_537000_4142000_classified_point_cloud.laz","2018_MLBS_3_537000_4142000_image.tif","Tree",1,537000,537999.999,4142000,4142999.999
"1949",1949,537272.625,537280.922,4142455.024,4142466.454,"Silva","NEON_D07_MLBS_DP1_537000_4142000_classified_point_cloud.laz","2018_MLBS_3_537000_4142000_image.tif","Tree",1,537000,537999.999,4142000,4142999.999
"1950",1950,537233.507,537242.986,4142456.024,4142463.994,"Silva","NEON_D07_MLBS_DP1_537000_4142000_classified_point_cloud.laz","2018_MLBS_3_537000_4142000_image.tif","Tree",1,537000,537999.999,4142000,4142999.999
"1951",1951,537257.013,537265.491,4142438.501,4142446.997,"Silva","NEON_D07_MLBS_DP1_537000_4142000_classified_point_cloud.laz","2018_MLBS_3_537000_4142000_image.tif","Tree",1,537000,537999.999,4142000,4142999.999
"1952",1952,537248.59,537256.97,4142436.105,4142444.955,"Silva","NEON_D07_MLBS_DP1_537000_4142000_classified_point_cloud.laz","2018_MLBS_3_537000_4142000_image.tif","Tree",1,537000,537999.999,4142000,4142999.999
"1953",1953,537270.5,537276.903,4142430.621,4142437.992,"Silva","NEON_D07_MLBS_DP1_537000_4142000_classified_point_cloud.laz","2018_MLBS_3_537000_4142000_image.tif","Tree",1,537000,537999.999,4142000,4142999.999
"1954",1954,537285.038,537293.472,4142429.001,4142436.937,"Silva","NEON_D07_MLBS_DP1_537000_4142000_classified_point_cloud.laz","2018_MLBS_3_537000_4142000_image.tif","Tree",1,537000,537999.999,4142000,4142999.999
"1955",1955,537247.509,537257.962,4142426.002,4142434.96,"Silva","NEON_D07_MLBS_DP1_537000_4142000_classified_point_cloud.laz","2018_MLBS_3_537000_4142000_image.tif","Tree",1,537000,537999.999,4142000,4142999.999
"1956",1956,537257.064,537265.496,4142424.947,4142432.996,"Silva","NEON_D07_MLBS_DP1_537000_4142000_classified_point_cloud.laz","2018_MLBS_3_537000_4142000_image.tif","Tree",1,537000,537999.999,4142000,4142999.999
"1957",1957,537236.505,537248.903,4142419.653,4142428.995,"Silva","NEON_D07_MLBS_DP1_537000_4142000_classified_point_cloud.laz","2018_MLBS_3_537000_4142000_image.tif","Tree",1,537000,537999.999,4142000,4142999.999
"1958",1958,537280.08,537288.471,4142424.503,4142429.948,"Silva","NEON_D07_MLBS_DP1_537000_4142000_classified_point_cloud.laz","2018_MLBS_3_537000_4142000_image.tif","Tree",1,537000,537999.999,4142000,4142999.999
"1959",1959,537269.028,537275.847,4142422.506,4142430.862,"Silva","NEON_D07_MLBS_DP1_537000_4142000_classified_point_cloud.laz","2018_MLBS_3_537000_4142000_image.tif","Tree",1,537000,537999.999,4142000,4142999.999
"1960",1960,537263.512,537269.436,4142422.618,4142429.999,"Silva","NEON_D07_MLBS_DP1_537000_4142000_classified_point_cloud.laz","2018_MLBS_3_537000_4142000_image.tif","Tree",1,537000,537999.999,4142000,4142999.999
"1961",1961,537254.513,537263.936,4142421.005,4142427.695,"Silva","NEON_D07_MLBS_DP1_537000_4142000_classified_point_cloud.laz","2018_MLBS_3_537000_4142000_image.tif","Tree",1,537000,537999.999,4142000,4142999.999
"1962",1962,537274.5,537281.989,4142420.005,4142427.499,"Silva","NEON_D07_MLBS_DP1_537000_4142000_classified_point_cloud.laz","2018_MLBS_3_537000_4142000_image.tif","Tree",1,537000,537999.999,4142000,4142999.999
"1963",1963,537263.578,537272.992,4142417.001,4142424.997,"Silva","NEON_D07_MLBS_DP1_537000_4142000_classified_point_cloud.laz","2018_MLBS_3_537000_4142000_image.tif","Tree",1,537000,537999.999,4142000,4142999.999
"1964",1964,537285.053,537290.917,4142421.033,4142429.44,"Silva","NEON_D07_MLBS_DP1_537000_4142000_classified_point_cloud.laz","2018_MLBS_3_537000_4142000_image.tif","Tree",1,537000,537999.999,4142000,4142999.999
"1965",1965,537244.011,537251.957,4142414.028,4142425.498,"Silva","NEON_D07_MLBS_DP1_537000_4142000_classified_point_cloud.laz","2018_MLBS_3_537000_4142000_image.tif","Tree",1,537000,537999.999,4142000,4142999.999
"1966",1966,537237.506,537247.976,4142411.153,4142421.494,"Silva","NEON_D07_MLBS_DP1_537000_4142000_classified_point_cloud.laz","2018_MLBS_3_537000_4142000_image.tif","Tree",1,537000,537999.999,4142000,4142999.999
"1967",1967,537254.541,537264.978,4142413.552,4142420.991,"Silva","NEON_D07_MLBS_DP1_537000_4142000_classified_point_cloud.laz","2018_MLBS_3_537000_4142000_image.tif","Tree",1,537000,537999.999,4142000,4142999.999
"1968",1968,537274.07,537280.491,4142410.507,4142417.985,"Silva","NEON_D07_MLBS_DP1_537000_4142000_classified_point_cloud.laz","2018_MLBS_3_537000_4142000_image.tif","Tree",1,537000,537999.999,4142000,4142999.999
"1969",1969,537221.02,537231.443,4142436.211,4142447.452,"Silva","NEON_D07_MLBS_DP1_537000_4142000_classified_point_cloud.laz","2018_MLBS_3_537000_4142000_image.tif","Tree",1,537000,537999.999,4142000,4142999.999
"1970",1970,537277.024,537281.405,4142443.004,4142454.991,"Silva","NEON_D07_MLBS_DP1_537000_4142000_classified_point_cloud.laz","2018_MLBS_3_537000_4142000_image.tif","Tree",1,537000,537999.999,4142000,4142999.999
"1971",1971,537266.602,537275.469,4142443.138,4142453.907,"Silva","NEON_D07_MLBS_DP1_537000_4142000_classified_point_cloud.laz","2018_MLBS_3_537000_4142000_image.tif","Tree",1,537000,537999.999,4142000,4142999.999
"1972",1972,537279.516,537290.954,4142447.836,4142455.487,"Silva","NEON_D07_MLBS_DP1_537000_4142000_classified_point_cloud.laz","2018_MLBS_3_537000_4142000_image.tif","Tree",1,537000,537999.999,4142000,4142999.999
"1973",1973,537258.774,537268.916,4142446.02,4142457.496,"Silva","NEON_D07_MLBS_DP1_537000_4142000_classified_point_cloud.laz","2018_MLBS_3_537000_4142000_image.tif","Tree",1,537000,537999.999,4142000,4142999.999
"1974",1974,537287.51,537294.417,4142451.076,4142458.496,"Silva","NEON_D07_MLBS_DP1_537000_4142000_classified_point_cloud.laz","2018_MLBS_3_537000_4142000_image.tif","Tree",1,537000,537999.999,4142000,4142999.999
"1975",1975,537238.079,537246.98,4142447.536,4142458.5,"Silva","NEON_D07_MLBS_DP1_537000_4142000_classified_point_cloud.laz","2018_MLBS_3_537000_4142000_image.tif","Tree",1,537000,537999.999,4142000,4142999.999
"1976",1976,537253.501,537262.473,4142448.504,4142461.996,"Silva","NEON_D07_MLBS_DP1_537000_4142000_classified_point_cloud.laz","2018_MLBS_3_537000_4142000_image.tif","Tree",1,537000,537999.999,4142000,4142999.999
"1977",1977,537262.543,537276.474,4142451.005,4142460.998,"Silva","NEON_D07_MLBS_DP1_537000_4142000_classified_point_cloud.laz","2018_MLBS_3_537000_4142000_image.tif","Tree",1,537000,537999.999,4142000,4142999.999
"1978",1978,537223.61,537231.77,4142449.047,4142458.443,"Silva","NEON_D07_MLBS_DP1_537000_4142000_classified_point_cloud.laz","2018_MLBS_3_537000_4142000_image.tif","Tree",1,537000,537999.999,4142000,4142999.999
"1979",1979,537280.117,537291.473,4142455.501,4142461.942,"Silva","NEON_D07_MLBS_DP1_537000_4142000_classified_point_cloud.laz","2018_MLBS_3_537000_4142000_image.tif","Tree",1,537000,537999.999,4142000,4142999.999
"1980",1980,537284.01,537291.892,4142460.111,4142468.488,"Silva","NEON_D07_MLBS_DP1_537000_4142000_classified_point_cloud.laz","2018_MLBS_3_537000_4142000_image.tif","Tree",1,537000,537999.999,4142000,4142999.999
"1981",1981,537280.01,537284.498,4142456.089,4142465.843,"Silva","NEON_D07_MLBS_DP1_537000_4142000_classified_point_cloud.laz","2018_MLBS_3_537000_4142000_image.tif","Tree",1,537000,537999.999,4142000,4142999.999
"1982",1982,537309.562,537319.441,4142469.201,4142480.997,"Silva","NEON_D07_MLBS_DP1_537000_4142000_classified_point_cloud.laz","2018_MLBS_3_537000_4142000_image.tif","Tree",1,537000,537999.999,4142000,4142999.999
"1983",1983,537336.619,537347.436,4142471.547,4142482.487,"Silva","NEON_D07_MLBS_DP1_537000_4142000_classified_point_cloud.laz","2018_MLBS_3_537000_4142000_image.tif","Tree",1,537000,537999.999,4142000,4142999.999
"1984",1984,537301.093,537313.475,4142467.535,4142478.944,"Silva","NEON_D07_MLBS_DP1_537000_4142000_classified_point_cloud.laz","2018_MLBS_3_537000_4142000_image.tif","Tree",1,537000,537999.999,4142000,4142999.999
"1985",1985,537329.037,537338.987,4142470.521,4142480.98,"Silva","NEON_D07_MLBS_DP1_537000_4142000_classified_point_cloud.laz","2018_MLBS_3_537000_4142000_image.tif","Tree",1,537000,537999.999,4142000,4142999.999
"1986",1986,537319.203,537329.484,4142469.191,4142477.998,"Silva","NEON_D07_MLBS_DP1_537000_4142000_classified_point_cloud.laz","2018_MLBS_3_537000_4142000_image.tif","Tree",1,537000,537999.999,4142000,4142999.999
"1987",1987,537345.31,537355.946,4142467.562,4142477.991,"Silva","NEON_D07_MLBS_DP1_537000_4142000_classified_point_cloud.laz","2018_MLBS_3_537000_4142000_image.tif","Tree",1,537000,537999.999,4142000,4142999.999
"1988",1988,537313.574,537325.417,4142465.062,4142476.805,"Silva","NEON_D07_MLBS_DP1_537000_4142000_classified_point_cloud.laz","2018_MLBS_3_537000_4142000_image.tif","Tree",1,537000,537999.999,4142000,4142999.999
"1989",1989,537288.026,537298.909,4142462.529,4142476.933,"Silva","NEON_D07_MLBS_DP1_537000_4142000_classified_point_cloud.laz","2018_MLBS_3_537000_4142000_image.tif","Tree",1,537000,537999.999,4142000,4142999.999
"1990",1990,537294.53,537303.326,4142461.155,4142474.365,"Silva","NEON_D07_MLBS_DP1_537000_4142000_classified_point_cloud.laz","2018_MLBS_3_537000_4142000_image.tif","Tree",1,537000,537999.999,4142000,4142999.999
"1991",1991,537332.522,537339.484,4142460.578,4142472,"Silva","NEON_D07_MLBS_DP1_537000_4142000_classified_point_cloud.laz","2018_MLBS_3_537000_4142000_image.tif","Tree",1,537000,537999.999,4142000,4142999.999
"1992",1992,537336.573,537343.292,4142461.007,4142471.994,"Silva","NEON_D07_MLBS_DP1_537000_4142000_classified_point_cloud.laz","2018_MLBS_3_537000_4142000_image.tif","Tree",1,537000,537999.999,4142000,4142999.999
"1993",1993,537291.172,537299.429,4142439.667,4142445.257,"Silva","NEON_D07_MLBS_DP1_537000_4142000_classified_point_cloud.laz","2018_MLBS_3_537000_4142000_image.tif","Tree",1,537000,537999.999,4142000,4142999.999
"1994",1994,537300.519,537309.944,4142437.109,4142449.824,"Silva","NEON_D07_MLBS_DP1_537000_4142000_classified_point_cloud.laz","2018_MLBS_3_537000_4142000_image.tif","Tree",1,537000,537999.999,4142000,4142999.999
"1995",1995,537334.02,537342.961,4142437.624,4142447.386,"Silva","NEON_D07_MLBS_DP1_537000_4142000_classified_point_cloud.laz","2018_MLBS_3_537000_4142000_image.tif","Tree",1,537000,537999.999,4142000,4142999.999
"1996",1996,537303.587,537312.916,4142436.525,4142444.478,"Silva","NEON_D07_MLBS_DP1_537000_4142000_classified_point_cloud.laz","2018_MLBS_3_537000_4142000_image.tif","Tree",1,537000,537999.999,4142000,4142999.999
"1997",1997,537294.521,537302.983,4142432.52,4142441.499,"Silva","NEON_D07_MLBS_DP1_537000_4142000_classified_point_cloud.laz","2018_MLBS_3_537000_4142000_image.tif","Tree",1,537000,537999.999,4142000,4142999.999
"1998",1998,537322.034,537329.961,4142435.579,4142444.903,"Silva","NEON_D07_MLBS_DP1_537000_4142000_classified_point_cloud.laz","2018_MLBS_3_537000_4142000_image.tif","Tree",1,537000,537999.999,4142000,4142999.999
"1999",1999,537330.006,537339.359,4142435.035,4142441.973,"Silva","NEON_D07_MLBS_DP1_537000_4142000_classified_point_cloud.laz","2018_MLBS_3_537000_4142000_image.tif","Tree",1,537000,537999.999,4142000,4142999.999
"2000",2000,537315.008,537321.964,4142432.021,4142439.413,"Silva","NEON_D07_MLBS_DP1_537000_4142000_classified_point_cloud.laz","2018_MLBS_3_537000_4142000_image.tif","Tree",1,537000,537999.999,4142000,4142999.999
"2001",2001,537320.023,537327.477,4142431.037,4142438.74,"Silva","NEON_D07_MLBS_DP1_537000_4142000_classified_point_cloud.laz","2018_MLBS_3_537000_4142000_image.tif","Tree",1,537000,537999.999,4142000,4142999.999
"2002",2002,537327.529,537337.991,4142430.073,4142437.427,"Silva","NEON_D07_MLBS_DP1_537000_4142000_classified_point_cloud.laz","2018_MLBS_3_537000_4142000_image.tif","Tree",1,537000,537999.999,4142000,4142999.999
"2003",2003,537309.771,537316.443,4142428.02,4142436.437,"Silva","NEON_D07_MLBS_DP1_537000_4142000_classified_point_cloud.laz","2018_MLBS_3_537000_4142000_image.tif","Tree",1,537000,537999.999,4142000,4142999.999
"2004",2004,537313.746,537320.974,4142426.015,4142432.41,"Silva","NEON_D07_MLBS_DP1_537000_4142000_classified_point_cloud.laz","2018_MLBS_3_537000_4142000_image.tif","Tree",1,537000,537999.999,4142000,4142999.999
"2005",2005,537320.576,537328.958,4142425.027,4142432.434,"Silva","NEON_D07_MLBS_DP1_537000_4142000_classified_point_cloud.laz","2018_MLBS_3_537000_4142000_image.tif","Tree",1,537000,537999.999,4142000,4142999.999
"2006",2006,537308.502,537313.796,4142423.659,4142429.81,"Silva","NEON_D07_MLBS_DP1_537000_4142000_classified_point_cloud.laz","2018_MLBS_3_537000_4142000_image.tif","Tree",1,537000,537999.999,4142000,4142999.999
"2007",2007,537328,537338.434,4142421.526,4142430.921,"Silva","NEON_D07_MLBS_DP1_537000_4142000_classified_point_cloud.laz","2018_MLBS_3_537000_4142000_image.tif","Tree",1,537000,537999.999,4142000,4142999.999
"2008",2008,537342.567,537351.495,4142423.01,4142430.485,"Silva","NEON_D07_MLBS_DP1_537000_4142000_classified_point_cloud.laz","2018_MLBS_3_537000_4142000_image.tif","Tree",1,537000,537999.999,4142000,4142999.999
"2009",2009,537299.503,537307.978,4142419.535,4142426.966,"Silva","NEON_D07_MLBS_DP1_537000_4142000_classified_point_cloud.laz","2018_MLBS_3_537000_4142000_image.tif","Tree",1,537000,537999.999,4142000,4142999.999
"2010",2010,537351.073,537360.471,4142422.031,4142429.419,"Silva","NEON_D07_MLBS_DP1_537000_4142000_classified_point_cloud.laz","2018_MLBS_3_537000_4142000_image.tif","Tree",1,537000,537999.999,4142000,4142999.999
"2011",2011,537314.543,537320.495,4142418.089,4142426.497,"Silva","NEON_D07_MLBS_DP1_537000_4142000_classified_point_cloud.laz","2018_MLBS_3_537000_4142000_image.tif","Tree",1,537000,537999.999,4142000,4142999.999
"2012",2012,537319.585,537327.884,4142419.523,4142426.498,"Silva","NEON_D07_MLBS_DP1_537000_4142000_classified_point_cloud.laz","2018_MLBS_3_537000_4142000_image.tif","Tree",1,537000,537999.999,4142000,4142999.999
"2013",2013,537338.08,537343.999,4142418.513,4142429.993,"Silva","NEON_D07_MLBS_DP1_537000_4142000_classified_point_cloud.laz","2018_MLBS_3_537000_4142000_image.tif","Tree",1,537000,537999.999,4142000,4142999.999
"2014",2014,537332.559,537338.987,4142419.645,4142427.817,"Silva","NEON_D07_MLBS_DP1_537000_4142000_classified_point_cloud.laz","2018_MLBS_3_537000_4142000_image.tif","Tree",1,537000,537999.999,4142000,4142999.999
"2015",2015,537305.004,537314.449,4142415.524,4142423.432,"Silva","NEON_D07_MLBS_DP1_537000_4142000_classified_point_cloud.laz","2018_MLBS_3_537000_4142000_image.tif","Tree",1,537000,537999.999,4142000,4142999.999
"2016",2016,537290.013,537298.471,4142413.612,4142420.498,"Silva","NEON_D07_MLBS_DP1_537000_4142000_classified_point_cloud.laz","2018_MLBS_3_537000_4142000_image.tif","Tree",1,537000,537999.999,4142000,4142999.999
"2017",2017,537322.063,537330.418,4142415.616,4142424.493,"Silva","NEON_D07_MLBS_DP1_537000_4142000_classified_point_cloud.laz","2018_MLBS_3_537000_4142000_image.tif","Tree",1,537000,537999.999,4142000,4142999.999
"2018",2018,537330.513,537339.891,4142413.761,4142421.958,"Silva","NEON_D07_MLBS_DP1_537000_4142000_classified_point_cloud.laz","2018_MLBS_3_537000_4142000_image.tif","Tree",1,537000,537999.999,4142000,4142999.999
"2019",2019,537349.099,537357.983,4142411.747,4142422.948,"Silva","NEON_D07_MLBS_DP1_537000_4142000_classified_point_cloud.laz","2018_MLBS_3_537000_4142000_image.tif","Tree",1,537000,537999.999,4142000,4142999.999
"2020",2020,537325.5,537333.988,4142409.02,4142420.97,"Silva","NEON_D07_MLBS_DP1_537000_4142000_classified_point_cloud.laz","2018_MLBS_3_537000_4142000_image.tif","Tree",1,537000,537999.999,4142000,4142999.999
"2021",2021,537340.009,537349.991,4142410.015,4142418.498,"Silva","NEON_D07_MLBS_DP1_537000_4142000_classified_point_cloud.laz","2018_MLBS_3_537000_4142000_image.tif","Tree",1,537000,537999.999,4142000,4142999.999
"2022",2022,537317.019,537324.993,4142444.616,4142450.705,"Silva","NEON_D07_MLBS_DP1_537000_4142000_classified_point_cloud.laz","2018_MLBS_3_537000_4142000_image.tif","Tree",1,537000,537999.999,4142000,4142999.999
"2023",2023,537350.625,537358.953,4142449.013,4142455.453,"Silva","NEON_D07_MLBS_DP1_537000_4142000_classified_point_cloud.laz","2018_MLBS_3_537000_4142000_image.tif","Tree",1,537000,537999.999,4142000,4142999.999
"2024",2024,537314.03,537323.855,4142449.613,4142457.997,"Silva","NEON_D07_MLBS_DP1_537000_4142000_classified_point_cloud.laz","2018_MLBS_3_537000_4142000_image.tif","Tree",1,537000,537999.999,4142000,4142999.999
"2025",2025,537330.502,537337.974,4142452.009,4142460.957,"Silva","NEON_D07_MLBS_DP1_537000_4142000_classified_point_cloud.laz","2018_MLBS_3_537000_4142000_image.tif","Tree",1,537000,537999.999,4142000,4142999.999
"2026",2026,537323.009,537330.499,4142449.711,4142459.94,"Silva","NEON_D07_MLBS_DP1_537000_4142000_classified_point_cloud.laz","2018_MLBS_3_537000_4142000_image.tif","Tree",1,537000,537999.999,4142000,4142999.999
"2027",2027,537304.509,537314.46,4142448.03,4142457.456,"Silva","NEON_D07_MLBS_DP1_537000_4142000_classified_point_cloud.laz","2018_MLBS_3_537000_4142000_image.tif","Tree",1,537000,537999.999,4142000,4142999.999
"2028",2028,537345.567,537353.321,4142450.654,4142460.293,"Silva","NEON_D07_MLBS_DP1_537000_4142000_classified_point_cloud.laz","2018_MLBS_3_537000_4142000_image.tif","Tree",1,537000,537999.999,4142000,4142999.999
"2029",2029,537351.661,537362.901,4142455.006,4142462.491,"Silva","NEON_D07_MLBS_DP1_537000_4142000_classified_point_cloud.laz","2018_MLBS_3_537000_4142000_image.tif","Tree",1,537000,537999.999,4142000,4142999.999
"2030",2030,537336.513,537345.983,4142455.002,4142462.5,"Silva","NEON_D07_MLBS_DP1_537000_4142000_classified_point_cloud.laz","2018_MLBS_3_537000_4142000_image.tif","Tree",1,537000,537999.999,4142000,4142999.999
"2031",2031,537297.528,537304.491,4142450.034,4142460.955,"Silva","NEON_D07_MLBS_DP1_537000_4142000_classified_point_cloud.laz","2018_MLBS_3_537000_4142000_image.tif","Tree",1,537000,537999.999,4142000,4142999.999
"2032",2032,537344.506,537351.488,4142457.01,4142464.472,"Silva","NEON_D07_MLBS_DP1_537000_4142000_classified_point_cloud.laz","2018_MLBS_3_537000_4142000_image.tif","Tree",1,537000,537999.999,4142000,4142999.999
"2033",2033,537291.139,537298.439,4142453.514,4142463,"Silva","NEON_D07_MLBS_DP1_537000_4142000_classified_point_cloud.laz","2018_MLBS_3_537000_4142000_image.tif","Tree",1,537000,537999.999,4142000,4142999.999
"2034",2034,537320.005,537330.486,4142455.544,4142466.422,"Silva","NEON_D07_MLBS_DP1_537000_4142000_classified_point_cloud.laz","2018_MLBS_3_537000_4142000_image.tif","Tree",1,537000,537999.999,4142000,4142999.999
"2035",2035,537309,537319.992,4142456.021,4142468.483,"Silva","NEON_D07_MLBS_DP1_537000_4142000_classified_point_cloud.laz","2018_MLBS_3_537000_4142000_image.tif","Tree",1,537000,537999.999,4142000,4142999.999
"2036",2036,537350.054,537361.467,4142462.504,4142470.896,"Silva","NEON_D07_MLBS_DP1_537000_4142000_classified_point_cloud.laz","2018_MLBS_3_537000_4142000_image.tif","Tree",1,537000,537999.999,4142000,4142999.999
"2037",2037,537341.04,537349.992,4142462.002,4142471.444,"Silva","NEON_D07_MLBS_DP1_537000_4142000_classified_point_cloud.laz","2018_MLBS_3_537000_4142000_image.tif","Tree",1,537000,537999.999,4142000,4142999.999
"2038",2038,537324.036,537334.793,4142460.035,4142471.452,"Silva","NEON_D07_MLBS_DP1_537000_4142000_classified_point_cloud.laz","2018_MLBS_3_537000_4142000_image.tif","Tree",1,537000,537999.999,4142000,4142999.999
"2039",2039,537299.206,537310.383,4142460.049,4142470.478,"Silva","NEON_D07_MLBS_DP1_537000_4142000_classified_point_cloud.laz","2018_MLBS_3_537000_4142000_image.tif","Tree",1,537000,537999.999,4142000,4142999.999
"2040",2040,537270.013,537275.885,4142496.055,4142506.268,"Silva","NEON_D07_MLBS_DP1_537000_4142000_classified_point_cloud.laz","2018_MLBS_3_537000_4142000_image.tif","Tree",1,537000,537999.999,4142000,4142999.999
"2041",2041,537250.102,537255.946,4142497.001,4142502.491,"Silva","NEON_D07_MLBS_DP1_537000_4142000_classified_point_cloud.laz","2018_MLBS_3_537000_4142000_image.tif","Tree",1,537000,537999.999,4142000,4142999.999
"2042",2042,537245.581,537250.952,4142496.01,4142500.408,"Silva","NEON_D07_MLBS_DP1_537000_4142000_classified_point_cloud.laz","2018_MLBS_3_537000_4142000_image.tif","Tree",1,537000,537999.999,4142000,4142999.999
"2043",2043,537240.003,537245.497,4142493.068,4142500.48,"Silva","NEON_D07_MLBS_DP1_537000_4142000_classified_point_cloud.laz","2018_MLBS_3_537000_4142000_image.tif","Tree",1,537000,537999.999,4142000,4142999.999
"2044",2044,537275.53,537281.422,4142492.539,4142501.5,"Silva","NEON_D07_MLBS_DP1_537000_4142000_classified_point_cloud.laz","2018_MLBS_3_537000_4142000_image.tif","Tree",1,537000,537999.999,4142000,4142999.999
"2045",2045,537250.106,537256.487,4142490.698,4142498.422,"Silva","NEON_D07_MLBS_DP1_537000_4142000_classified_point_cloud.laz","2018_MLBS_3_537000_4142000_image.tif","Tree",1,537000,537999.999,4142000,4142999.999
"2046",2046,537278.232,537286.988,4142490.523,4142499.263,"Silva","NEON_D07_MLBS_DP1_537000_4142000_classified_point_cloud.laz","2018_MLBS_3_537000_4142000_image.tif","Tree",1,537000,537999.999,4142000,4142999.999
"2047",2047,537233.529,537241.981,4142488.1,4142499.453,"Silva","NEON_D07_MLBS_DP1_537000_4142000_classified_point_cloud.laz","2018_MLBS_3_537000_4142000_image.tif","Tree",1,537000,537999.999,4142000,4142999.999
"2048",2048,537255.516,537264.453,4142491.012,4142499.984,"Silva","NEON_D07_MLBS_DP1_537000_4142000_classified_point_cloud.laz","2018_MLBS_3_537000_4142000_image.tif","Tree",1,537000,537999.999,4142000,4142999.999
"2049",2049,537264.018,537273.999,4142488.52,4142496.921,"Silva","NEON_D07_MLBS_DP1_537000_4142000_classified_point_cloud.laz","2018_MLBS_3_537000_4142000_image.tif","Tree",1,537000,537999.999,4142000,4142999.999
"2050",2050,537261.562,537268.977,4142485.006,4142492.991,"Silva","NEON_D07_MLBS_DP1_537000_4142000_classified_point_cloud.laz","2018_MLBS_3_537000_4142000_image.tif","Tree",1,537000,537999.999,4142000,4142999.999
"2051",2051,537255.006,537262.446,4142484.061,4142490.999,"Silva","NEON_D07_MLBS_DP1_537000_4142000_classified_point_cloud.laz","2018_MLBS_3_537000_4142000_image.tif","Tree",1,537000,537999.999,4142000,4142999.999
"2052",2052,537244.531,537255.999,4142478.604,4142490.973,"Silva","NEON_D07_MLBS_DP1_537000_4142000_classified_point_cloud.laz","2018_MLBS_3_537000_4142000_image.tif","Tree",1,537000,537999.999,4142000,4142999.999
"2053",2053,537279.506,537290.484,4142481.013,4142491.471,"Silva","NEON_D07_MLBS_DP1_537000_4142000_classified_point_cloud.laz","2018_MLBS_3_537000_4142000_image.tif","Tree",1,537000,537999.999,4142000,4142999.999
"2054",2054,537265.513,537273.986,4142480.005,4142488.497,"Silva","NEON_D07_MLBS_DP1_537000_4142000_classified_point_cloud.laz","2018_MLBS_3_537000_4142000_image.tif","Tree",1,537000,537999.999,4142000,4142999.999
"2055",2055,537255.008,537263.98,4142477.646,4142486.425,"Silva","NEON_D07_MLBS_DP1_537000_4142000_classified_point_cloud.laz","2018_MLBS_3_537000_4142000_image.tif","Tree",1,537000,537999.999,4142000,4142999.999
"2056",2056,537262.062,537270.495,4142479.023,4142484.99,"Silva","NEON_D07_MLBS_DP1_537000_4142000_classified_point_cloud.laz","2018_MLBS_3_537000_4142000_image.tif","Tree",1,537000,537999.999,4142000,4142999.999
"2057",2057,537232.004,537244.471,4142478.004,4142488.5,"Silva","NEON_D07_MLBS_DP1_537000_4142000_classified_point_cloud.laz","2018_MLBS_3_537000_4142000_image.tif","Tree",1,537000,537999.999,4142000,4142999.999
"2058",2058,537271.508,537281.495,4142475.015,4142483.991,"Silva","NEON_D07_MLBS_DP1_537000_4142000_classified_point_cloud.laz","2018_MLBS_3_537000_4142000_image.tif","Tree",1,537000,537999.999,4142000,4142999.999
"2059",2059,537347.508,537357.89,4142493.015,4142504.842,"Silva","NEON_D07_MLBS_DP1_537000_4142000_classified_point_cloud.laz","2018_MLBS_3_537000_4142000_image.tif","Tree",1,537000,537999.999,4142000,4142999.999
"2060",2060,537327.024,537335.968,4142491.528,4142500.959,"Silva","NEON_D07_MLBS_DP1_537000_4142000_classified_point_cloud.laz","2018_MLBS_3_537000_4142000_image.tif","Tree",1,537000,537999.999,4142000,4142999.999
"2061",2061,537306.026,537316.995,4142489.528,4142502.971,"Silva","NEON_D07_MLBS_DP1_537000_4142000_classified_point_cloud.laz","2018_MLBS_3_537000_4142000_image.tif","Tree",1,537000,537999.999,4142000,4142999.999
"2062",2062,537335.515,537344.378,4142488.509,4142498.892,"Silva","NEON_D07_MLBS_DP1_537000_4142000_classified_point_cloud.laz","2018_MLBS_3_537000_4142000_image.tif","Tree",1,537000,537999.999,4142000,4142999.999
"2063",2063,537316.011,537324.969,4142491.011,4142501.989,"Silva","NEON_D07_MLBS_DP1_537000_4142000_classified_point_cloud.laz","2018_MLBS_3_537000_4142000_image.tif","Tree",1,537000,537999.999,4142000,4142999.999
"2064",2064,537322.563,537331.498,4142487.134,4142498.496,"Silva","NEON_D07_MLBS_DP1_537000_4142000_classified_point_cloud.laz","2018_MLBS_3_537000_4142000_image.tif","Tree",1,537000,537999.999,4142000,4142999.999
"2065",2065,537317.037,537325.97,4142481.046,4142491.454,"Silva","NEON_D07_MLBS_DP1_537000_4142000_classified_point_cloud.laz","2018_MLBS_3_537000_4142000_image.tif","Tree",1,537000,537999.999,4142000,4142999.999
"2066",2066,537307.51,537317.998,4142481.034,4142491.999,"Silva","NEON_D07_MLBS_DP1_537000_4142000_classified_point_cloud.laz","2018_MLBS_3_537000_4142000_image.tif","Tree",1,537000,537999.999,4142000,4142999.999
"2067",2067,537296.001,537307.49,4142483.003,4142492.498,"Silva","NEON_D07_MLBS_DP1_537000_4142000_classified_point_cloud.laz","2018_MLBS_3_537000_4142000_image.tif","Tree",1,537000,537999.999,4142000,4142999.999
"2068",2068,537326.502,537338.994,4142480.012,4142491.493,"Silva","NEON_D07_MLBS_DP1_537000_4142000_classified_point_cloud.laz","2018_MLBS_3_537000_4142000_image.tif","Tree",1,537000,537999.999,4142000,4142999.999
"2069",2069,537290.026,537300.486,4142476.535,4142489.492,"Silva","NEON_D07_MLBS_DP1_537000_4142000_classified_point_cloud.laz","2018_MLBS_3_537000_4142000_image.tif","Tree",1,537000,537999.999,4142000,4142999.999
"2070",2070,537338.5,537348.839,4142479.509,4142489.442,"Silva","NEON_D07_MLBS_DP1_537000_4142000_classified_point_cloud.laz","2018_MLBS_3_537000_4142000_image.tif","Tree",1,537000,537999.999,4142000,4142999.999
"2071",2071,537306.548,537316.98,4142478.501,4142488.477,"Silva","NEON_D07_MLBS_DP1_537000_4142000_classified_point_cloud.laz","2018_MLBS_3_537000_4142000_image.tif","Tree",1,537000,537999.999,4142000,4142999.999
"2072",2072,537346.016,537351.989,4142477.509,4142489,"Silva","NEON_D07_MLBS_DP1_537000_4142000_classified_point_cloud.laz","2018_MLBS_3_537000_4142000_image.tif","Tree",1,537000,537999.999,4142000,4142999.999
"2073",2073,537351.5,537357.499,4142477.59,4142490.466,"Silva","NEON_D07_MLBS_DP1_537000_4142000_classified_point_cloud.laz","2018_MLBS_3_537000_4142000_image.tif","Tree",1,537000,537999.999,4142000,4142999.999
"2074",2074,537297.002,537307.971,4142474.029,4142486.443,"Silva","NEON_D07_MLBS_DP1_537000_4142000_classified_point_cloud.laz","2018_MLBS_3_537000_4142000_image.tif","Tree",1,537000,537999.999,4142000,4142999.999
"2075",2075,537318.548,537330.95,4142477.015,4142486.986,"Silva","NEON_D07_MLBS_DP1_537000_4142000_classified_point_cloud.laz","2018_MLBS_3_537000_4142000_image.tif","Tree",1,537000,537999.999,4142000,4142999.999
"2076",2076,537235.504,537240.989,4142496.081,4142503.967,"Silva","NEON_D07_MLBS_DP1_537000_4142000_classified_point_cloud.laz","2018_MLBS_3_537000_4142000_image.tif","Tree",1,537000,537999.999,4142000,4142999.999
"2077",2077,537223.112,537231.444,4142492.011,4142500.82,"Silva","NEON_D07_MLBS_DP1_537000_4142000_classified_point_cloud.laz","2018_MLBS_3_537000_4142000_image.tif","Tree",1,537000,537999.999,4142000,4142999.999
"2078",2078,537227.515,537238.387,4142483.048,4142492.498,"Silva","NEON_D07_MLBS_DP1_537000_4142000_classified_point_cloud.laz","2018_MLBS_3_537000_4142000_image.tif","Tree",1,537000,537999.999,4142000,4142999.999
"2079",2079,537363.026,537374.491,4142011.508,4142024.42,"Silva","NEON_D07_MLBS_DP1_537000_4142000_classified_point_cloud.laz","2018_MLBS_3_537000_4142000_image.tif","Tree",1,537000,537999.999,4142000,4142999.999
"2080",2080,537374.038,537385.788,4142012.669,4142024.498,"Silva","NEON_D07_MLBS_DP1_537000_4142000_classified_point_cloud.laz","2018_MLBS_3_537000_4142000_image.tif","Tree",1,537000,537999.999,4142000,4142999.999
"2081",2081,537406.505,537417.998,4142013.525,4142022.495,"Silva","NEON_D07_MLBS_DP1_537000_4142000_classified_point_cloud.laz","2018_MLBS_3_537000_4142000_image.tif","Tree",1,537000,537999.999,4142000,4142999.999
"2082",2082,537385.502,537396.968,4142013.018,4142022.494,"Silva","NEON_D07_MLBS_DP1_537000_4142000_classified_point_cloud.laz","2018_MLBS_3_537000_4142000_image.tif","Tree",1,537000,537999.999,4142000,4142999.999
"2083",2083,537418.003,537429.917,4142012.004,4142026.499,"Silva","NEON_D07_MLBS_DP1_537000_4142000_classified_point_cloud.laz","2018_MLBS_3_537000_4142000_image.tif","Tree",1,537000,537999.999,4142000,4142999.999
"2084",2084,537384.05,537395.489,4142005.027,4142014.985,"Silva","NEON_D07_MLBS_DP1_537000_4142000_classified_point_cloud.laz","2018_MLBS_3_537000_4142000_image.tif","Tree",1,537000,537999.999,4142000,4142999.999
"2085",2085,537403.114,537411.826,4142007.016,4142015.79,"Silva","NEON_D07_MLBS_DP1_537000_4142000_classified_point_cloud.laz","2018_MLBS_3_537000_4142000_image.tif","Tree",1,537000,537999.999,4142000,4142999.999
"2086",2086,537371.516,537384.972,4142003.011,4142013,"Silva","NEON_D07_MLBS_DP1_537000_4142000_classified_point_cloud.laz","2018_MLBS_3_537000_4142000_image.tif","Tree",1,537000,537999.999,4142000,4142999.999
"2087",2087,537357.01,537371.477,4142000.033,4142014.426,"Silva","NEON_D07_MLBS_DP1_537000_4142000_classified_point_cloud.laz","2018_MLBS_3_537000_4142000_image.tif","Tree",1,537000,537999.999,4142000,4142999.999
"2088",2088,537393.51,537400.859,4142003.524,4142013.792,"Silva","NEON_D07_MLBS_DP1_537000_4142000_classified_point_cloud.laz","2018_MLBS_3_537000_4142000_image.tif","Tree",1,537000,537999.999,4142000,4142999.999
"2089",2089,537399.573,537404.908,4142004.502,4142011.974,"Silva","NEON_D07_MLBS_DP1_537000_4142000_classified_point_cloud.laz","2018_MLBS_3_537000_4142000_image.tif","Tree",1,537000,537999.999,4142000,4142999.999
"2090",2090,537409.007,537417.695,4142002.37,4142013.48,"Silva","NEON_D07_MLBS_DP1_537000_4142000_classified_point_cloud.laz","2018_MLBS_3_537000_4142000_image.tif","Tree",1,537000,537999.999,4142000,4142999.999
"2091",2091,537362.003,537372.851,4142000.015,4142009.171,"Silva","NEON_D07_MLBS_DP1_537000_4142000_classified_point_cloud.laz","2018_MLBS_3_537000_4142000_image.tif","Tree",1,537000,537999.999,4142000,4142999.999
"2092",2092,537384.003,537394.488,4142000.001,4142006.961,"Silva","NEON_D07_MLBS_DP1_537000_4142000_classified_point_cloud.laz","2018_MLBS_3_537000_4142000_image.tif","Tree",1,537000,537999.999,4142000,4142999.999
"2093",2093,537406.069,537415.321,4142000.252,4142007.479,"Silva","NEON_D07_MLBS_DP1_537000_4142000_classified_point_cloud.laz","2018_MLBS_3_537000_4142000_image.tif","Tree",1,537000,537999.999,4142000,4142999.999
"2094",2094,537376.586,537384.436,4142000.019,4142004.791,"Silva","NEON_D07_MLBS_DP1_537000_4142000_classified_point_cloud.laz","2018_MLBS_3_537000_4142000_image.tif","Tree",1,537000,537999.999,4142000,4142999.999
"2095",2095,537404.051,537412.946,4142000.002,4142002.478,"Silva","NEON_D07_MLBS_DP1_537000_4142000_classified_point_cloud.laz","2018_MLBS_3_537000_4142000_image.tif","Tree",1,537000,537999.999,4142000,4142999.999
"2096",2096,537422.021,537436.958,4142015.847,4142029.468,"Silva","NEON_D07_MLBS_DP1_537000_4142000_classified_point_cloud.laz","2018_MLBS_3_537000_4142000_image.tif","Tree",1,537000,537999.999,4142000,4142999.999
"2097",2097,537455.021,537463.449,4142015.522,4142024.945,"Silva","NEON_D07_MLBS_DP1_537000_4142000_classified_point_cloud.laz","2018_MLBS_3_537000_4142000_image.tif","Tree",1,537000,537999.999,4142000,4142999.999
"2098",2098,537440.576,537452.425,4142015.538,4142023.484,"Silva","NEON_D07_MLBS_DP1_537000_4142000_classified_point_cloud.laz","2018_MLBS_3_537000_4142000_image.tif","Tree",1,537000,537999.999,4142000,4142999.999
"2099",2099,537474.028,537484.99,4142012.553,4142023.968,"Silva","NEON_D07_MLBS_DP1_537000_4142000_classified_point_cloud.laz","2018_MLBS_3_537000_4142000_image.tif","Tree",1,537000,537999.999,4142000,4142999.999
"2100",2100,537451.55,537458.988,4142010.545,4142019.994,"Silva","NEON_D07_MLBS_DP1_537000_4142000_classified_point_cloud.laz","2018_MLBS_3_537000_4142000_image.tif","Tree",1,537000,537999.999,4142000,4142999.999
"2101",2101,537426.5,537440.498,4142007.006,4142017.995,"Silva","NEON_D07_MLBS_DP1_537000_4142000_classified_point_cloud.laz","2018_MLBS_3_537000_4142000_image.tif","Tree",1,537000,537999.999,4142000,4142999.999
"2102",2102,537454.006,537463.472,4142000.201,4142016.438,"Silva","NEON_D07_MLBS_DP1_537000_4142000_classified_point_cloud.laz","2018_MLBS_3_537000_4142000_image.tif","Tree",1,537000,537999.999,4142000,4142999.999
"2103",2103,537457.614,537473.189,4142000.001,4142005.967,"Silva","NEON_D07_MLBS_DP1_537000_4142000_classified_point_cloud.laz","2018_MLBS_3_537000_4142000_image.tif","Tree",1,537000,537999.999,4142000,4142999.999
"2104",2104,537427.521,537436.985,4142000.003,4142002.974,"Silva","NEON_D07_MLBS_DP1_537000_4142000_classified_point_cloud.laz","2018_MLBS_3_537000_4142000_image.tif","Tree",1,537000,537999.999,4142000,4142999.999
"2105",2105,537437.01,537451.936,4142000.003,4142007.487,"Silva","NEON_D07_MLBS_DP1_537000_4142000_classified_point_cloud.laz","2018_MLBS_3_537000_4142000_image.tif","Tree",1,537000,537999.999,4142000,4142999.999
"2106",2106,537472.351,537479.495,4142000.012,4142006.495,"Silva","NEON_D07_MLBS_DP1_537000_4142000_classified_point_cloud.laz","2018_MLBS_3_537000_4142000_image.tif","Tree",1,537000,537999.999,4142000,4142999.999
"2107",2107,537398.505,537404.992,4142020.005,4142027.939,"Silva","NEON_D07_MLBS_DP1_537000_4142000_classified_point_cloud.laz","2018_MLBS_3_537000_4142000_image.tif","Tree",1,537000,537999.999,4142000,4142999.999
"2108",2108,537404.031,537410.396,4142019.811,4142028.492,"Silva","NEON_D07_MLBS_DP1_537000_4142000_classified_point_cloud.laz","2018_MLBS_3_537000_4142000_image.tif","Tree",1,537000,537999.999,4142000,4142999.999
"2109",2109,537410.033,537421.948,4142020.751,4142028.491,"Silva","NEON_D07_MLBS_DP1_537000_4142000_classified_point_cloud.laz","2018_MLBS_3_537000_4142000_image.tif","Tree",1,537000,537999.999,4142000,4142999.999
"2110",2110,537371.517,537382.925,4142019.565,4142029.486,"Silva","NEON_D07_MLBS_DP1_537000_4142000_classified_point_cloud.laz","2018_MLBS_3_537000_4142000_image.tif","Tree",1,537000,537999.999,4142000,4142999.999
"2111",2111,537382.024,537396.947,4142021.523,4142034.859,"Silva","NEON_D07_MLBS_DP1_537000_4142000_classified_point_cloud.laz","2018_MLBS_3_537000_4142000_image.tif","Tree",1,537000,537999.999,4142000,4142999.999
"2112",2112,537368.042,537375.469,4142024.041,4142032.439,"Silva","NEON_D07_MLBS_DP1_537000_4142000_classified_point_cloud.laz","2018_MLBS_3_537000_4142000_image.tif","Tree",1,537000,537999.999,4142000,4142999.999
"2113",2113,537368.219,537382.446,4142028.012,4142035.906,"Silva","NEON_D07_MLBS_DP1_537000_4142000_classified_point_cloud.laz","2018_MLBS_3_537000_4142000_image.tif","Tree",1,537000,537999.999,4142000,4142999.999
"2114",2114,537413.55,537429.923,4142027.506,4142042.974,"Silva","NEON_D07_MLBS_DP1_537000_4142000_classified_point_cloud.laz","2018_MLBS_3_537000_4142000_image.tif","Tree",1,537000,537999.999,4142000,4142999.999
"2115",2115,537367.533,537381.485,4142034.012,4142043.495,"Silva","NEON_D07_MLBS_DP1_537000_4142000_classified_point_cloud.laz","2018_MLBS_3_537000_4142000_image.tif","Tree",1,537000,537999.999,4142000,4142999.999
"2116",2116,537397.559,537413.461,4142037.795,4142046.999,"Silva","NEON_D07_MLBS_DP1_537000_4142000_classified_point_cloud.laz","2018_MLBS_3_537000_4142000_image.tif","Tree",1,537000,537999.999,4142000,4142999.999
"2117",2117,537380.036,537390.237,4142041.11,4142048.833,"Silva","NEON_D07_MLBS_DP1_537000_4142000_classified_point_cloud.laz","2018_MLBS_3_537000_4142000_image.tif","Tree",1,537000,537999.999,4142000,4142999.999
"2118",2118,537365.004,537376.468,4142038.136,4142049.968,"Silva","NEON_D07_MLBS_DP1_537000_4142000_classified_point_cloud.laz","2018_MLBS_3_537000_4142000_image.tif","Tree",1,537000,537999.999,4142000,4142999.999
"2119",2119,537389.054,537399.497,4142040.544,4142055.357,"Silva","NEON_D07_MLBS_DP1_537000_4142000_classified_point_cloud.laz","2018_MLBS_3_537000_4142000_image.tif","Tree",1,537000,537999.999,4142000,4142999.999
"2120",2120,537399.579,537412.729,4142042.628,4142057.498,"Silva","NEON_D07_MLBS_DP1_537000_4142000_classified_point_cloud.laz","2018_MLBS_3_537000_4142000_image.tif","Tree",1,537000,537999.999,4142000,4142999.999
"2121",2121,537371.585,537382.945,4142043.032,4142052.99,"Silva","NEON_D07_MLBS_DP1_537000_4142000_classified_point_cloud.laz","2018_MLBS_3_537000_4142000_image.tif","Tree",1,537000,537999.999,4142000,4142999.999
"2122",2122,537416.006,537422.445,4142042.545,4142054.497,"Silva","NEON_D07_MLBS_DP1_537000_4142000_classified_point_cloud.laz","2018_MLBS_3_537000_4142000_image.tif","Tree",1,537000,537999.999,4142000,4142999.999
"2123",2123,537383.031,537394.366,4142046.697,4142052.5,"Silva","NEON_D07_MLBS_DP1_537000_4142000_classified_point_cloud.laz","2018_MLBS_3_537000_4142000_image.tif","Tree",1,537000,537999.999,4142000,4142999.999
"2124",2124,537412.007,537416.947,4142041.08,4142055.251,"Silva","NEON_D07_MLBS_DP1_537000_4142000_classified_point_cloud.laz","2018_MLBS_3_537000_4142000_image.tif","Tree",1,537000,537999.999,4142000,4142999.999
"2125",2125,537411.129,537421.389,4142053.568,4142061.492,"Silva","NEON_D07_MLBS_DP1_537000_4142000_classified_point_cloud.laz","2018_MLBS_3_537000_4142000_image.tif","Tree",1,537000,537999.999,4142000,4142999.999
"2126",2126,537374.514,537384.998,4142049.9,4142058.25,"Silva","NEON_D07_MLBS_DP1_537000_4142000_classified_point_cloud.laz","2018_MLBS_3_537000_4142000_image.tif","Tree",1,537000,537999.999,4142000,4142999.999
"2127",2127,537358.5,537366.977,4142053.504,4142063.381,"Silva","NEON_D07_MLBS_DP1_537000_4142000_classified_point_cloud.laz","2018_MLBS_3_537000_4142000_image.tif","Tree",1,537000,537999.999,4142000,4142999.999
"2128",2128,537374.511,537384.939,4142055.138,4142064.992,"Silva","NEON_D07_MLBS_DP1_537000_4142000_classified_point_cloud.laz","2018_MLBS_3_537000_4142000_image.tif","Tree",1,537000,537999.999,4142000,4142999.999
"2129",2129,537366.003,537374.493,4142054.519,4142063.43,"Silva","NEON_D07_MLBS_DP1_537000_4142000_classified_point_cloud.laz","2018_MLBS_3_537000_4142000_image.tif","Tree",1,537000,537999.999,4142000,4142999.999
"2130",2130,537396.561,537410.479,4142055.121,4142065.951,"Silva","NEON_D07_MLBS_DP1_537000_4142000_classified_point_cloud.laz","2018_MLBS_3_537000_4142000_image.tif","Tree",1,537000,537999.999,4142000,4142999.999
"2131",2131,537410.025,537420.477,4142058.88,4142070.476,"Silva","NEON_D07_MLBS_DP1_537000_4142000_classified_point_cloud.laz","2018_MLBS_3_537000_4142000_image.tif","Tree",1,537000,537999.999,4142000,4142999.999
"2132",2132,537380.001,537396.989,4142058.542,4142070.981,"Silva","NEON_D07_MLBS_DP1_537000_4142000_classified_point_cloud.laz","2018_MLBS_3_537000_4142000_image.tif","Tree",1,537000,537999.999,4142000,4142999.999
"2133",2133,537398.653,537413.499,4142065.502,4142070.5,"Silva","NEON_D07_MLBS_DP1_537000_4142000_classified_point_cloud.laz","2018_MLBS_3_537000_4142000_image.tif","Tree",1,537000,537999.999,4142000,4142999.999
"2134",2134,537399.006,537413.957,4142070.538,4142078.453,"Silva","NEON_D07_MLBS_DP1_537000_4142000_classified_point_cloud.laz","2018_MLBS_3_537000_4142000_image.tif","Tree",1,537000,537999.999,4142000,4142999.999
"2135",2135,537362.566,537371.416,4142062.533,4142074.847,"Silva","NEON_D07_MLBS_DP1_537000_4142000_classified_point_cloud.laz","2018_MLBS_3_537000_4142000_image.tif","Tree",1,537000,537999.999,4142000,4142999.999
"2136",2136,537385.108,537398.998,4142063.036,4142076.908,"Silva","NEON_D07_MLBS_DP1_537000_4142000_classified_point_cloud.laz","2018_MLBS_3_537000_4142000_image.tif","Tree",1,537000,537999.999,4142000,4142999.999
"2137",2137,537411.01,537423.943,4142069.503,4142083.44,"Silva","NEON_D07_MLBS_DP1_537000_4142000_classified_point_cloud.laz","2018_MLBS_3_537000_4142000_image.tif","Tree",1,537000,537999.999,4142000,4142999.999
"2138",2138,537382.022,537393.474,4142071.011,4142081.98,"Silva","NEON_D07_MLBS_DP1_537000_4142000_classified_point_cloud.laz","2018_MLBS_3_537000_4142000_image.tif","Tree",1,537000,537999.999,4142000,4142999.999
"2139",2139,537371.177,537382.952,4142070.224,4142085.967,"Silva","NEON_D07_MLBS_DP1_537000_4142000_classified_point_cloud.laz","2018_MLBS_3_537000_4142000_image.tif","Tree",1,537000,537999.999,4142000,4142999.999
"2140",2140,537394.501,537404.487,4142074.025,4142085.842,"Silva","NEON_D07_MLBS_DP1_537000_4142000_classified_point_cloud.laz","2018_MLBS_3_537000_4142000_image.tif","Tree",1,537000,537999.999,4142000,4142999.999
"2141",2141,537360.049,537369.952,4142076.015,4142084.945,"Silva","NEON_D07_MLBS_DP1_537000_4142000_classified_point_cloud.laz","2018_MLBS_3_537000_4142000_image.tif","Tree",1,537000,537999.999,4142000,4142999.999
"2142",2142,537408.002,537418.937,4142078.009,4142088.962,"Silva","NEON_D07_MLBS_DP1_537000_4142000_classified_point_cloud.laz","2018_MLBS_3_537000_4142000_image.tif","Tree",1,537000,537999.999,4142000,4142999.999
"2143",2143,537389.538,537397.999,4142077.002,4142086.496,"Silva","NEON_D07_MLBS_DP1_537000_4142000_classified_point_cloud.laz","2018_MLBS_3_537000_4142000_image.tif","Tree",1,537000,537999.999,4142000,4142999.999
"2144",2144,537367.124,537375.999,4142081.629,4142088.863,"Silva","NEON_D07_MLBS_DP1_537000_4142000_classified_point_cloud.laz","2018_MLBS_3_537000_4142000_image.tif","Tree",1,537000,537999.999,4142000,4142999.999
"2145",2145,537400.035,537407.93,4142078.648,4142087.472,"Silva","NEON_D07_MLBS_DP1_537000_4142000_classified_point_cloud.laz","2018_MLBS_3_537000_4142000_image.tif","Tree",1,537000,537999.999,4142000,4142999.999
"2146",2146,537375.512,537389.996,4142080.503,4142092.996,"Silva","NEON_D07_MLBS_DP1_537000_4142000_classified_point_cloud.laz","2018_MLBS_3_537000_4142000_image.tif","Tree",1,537000,537999.999,4142000,4142999.999
"2147",2147,537452.012,537458.333,4142019.529,4142024.486,"Silva","NEON_D07_MLBS_DP1_537000_4142000_classified_point_cloud.laz","2018_MLBS_3_537000_4142000_image.tif","Tree",1,537000,537999.999,4142000,4142999.999
"2148",2148,537446.502,537453.435,4142021.667,4142030.492,"Silva","NEON_D07_MLBS_DP1_537000_4142000_classified_point_cloud.laz","2018_MLBS_3_537000_4142000_image.tif","Tree",1,537000,537999.999,4142000,4142999.999
"2149",2149,537459.008,537468.882,4142022.113,4142032.449,"Silva","NEON_D07_MLBS_DP1_537000_4142000_classified_point_cloud.laz","2018_MLBS_3_537000_4142000_image.tif","Tree",1,537000,537999.999,4142000,4142999.999
"2150",2150,537471.547,537483.469,4142033.561,4142045.494,"Silva","NEON_D07_MLBS_DP1_537000_4142000_classified_point_cloud.laz","2018_MLBS_3_537000_4142000_image.tif","Tree",1,537000,537999.999,4142000,4142999.999
"2151",2151,537460.108,537466.485,4142037.518,4142043.954,"Silva","NEON_D07_MLBS_DP1_537000_4142000_classified_point_cloud.laz","2018_MLBS_3_537000_4142000_image.tif","Tree",1,537000,537999.999,4142000,4142999.999
"2152",2152,537436.517,537444.995,4142036.043,4142042.463,"Silva","NEON_D07_MLBS_DP1_537000_4142000_classified_point_cloud.laz","2018_MLBS_3_537000_4142000_image.tif","Tree",1,537000,537999.999,4142000,4142999.999
"2153",2153,537418.533,537431.493,4142035.509,4142047.987,"Silva","NEON_D07_MLBS_DP1_537000_4142000_classified_point_cloud.laz","2018_MLBS_3_537000_4142000_image.tif","Tree",1,537000,537999.999,4142000,4142999.999
"2154",2154,537430.503,537438.99,4142037.51,4142047.966,"Silva","NEON_D07_MLBS_DP1_537000_4142000_classified_point_cloud.laz","2018_MLBS_3_537000_4142000_image.tif","Tree",1,537000,537999.999,4142000,4142999.999
"2155",2155,537441.683,537448.942,4142041.043,4142050.944,"Silva","NEON_D07_MLBS_DP1_537000_4142000_classified_point_cloud.laz","2018_MLBS_3_537000_4142000_image.tif","Tree",1,537000,537999.999,4142000,4142999.999
"2156",2156,537457.009,537465.974,4142043.514,4142049.993,"Silva","NEON_D07_MLBS_DP1_537000_4142000_classified_point_cloud.laz","2018_MLBS_3_537000_4142000_image.tif","Tree",1,537000,537999.999,4142000,4142999.999
"2157",2157,537474.507,537484.817,4142048.503,4142057.94,"Silva","NEON_D07_MLBS_DP1_537000_4142000_classified_point_cloud.laz","2018_MLBS_3_537000_4142000_image.tif","Tree",1,537000,537999.999,4142000,4142999.999
"2158",2158,537445.591,537456.473,4142047.042,4142055.424,"Silva","NEON_D07_MLBS_DP1_537000_4142000_classified_point_cloud.laz","2018_MLBS_3_537000_4142000_image.tif","Tree",1,537000,537999.999,4142000,4142999.999
"2159",2159,537460.003,537468.47,4142050.01,4142058.439,"Silva","NEON_D07_MLBS_DP1_537000_4142000_classified_point_cloud.laz","2018_MLBS_3_537000_4142000_image.tif","Tree",1,537000,537999.999,4142000,4142999.999
"2160",2160,537454.008,537461.946,4142047.51,4142058.498,"Silva","NEON_D07_MLBS_DP1_537000_4142000_classified_point_cloud.laz","2018_MLBS_3_537000_4142000_image.tif","Tree",1,537000,537999.999,4142000,4142999.999
"2161",2161,537438.045,537445.479,4142049.036,4142059.942,"Silva","NEON_D07_MLBS_DP1_537000_4142000_classified_point_cloud.laz","2018_MLBS_3_537000_4142000_image.tif","Tree",1,537000,537999.999,4142000,4142999.999
"2162",2162,537441.023,537449.496,4142051.512,4142065.493,"Silva","NEON_D07_MLBS_DP1_537000_4142000_classified_point_cloud.laz","2018_MLBS_3_537000_4142000_image.tif","Tree",1,537000,537999.999,4142000,4142999.999
"2163",2163,537435.53,537445.269,4142059.187,4142067.973,"Silva","NEON_D07_MLBS_DP1_537000_4142000_classified_point_cloud.laz","2018_MLBS_3_537000_4142000_image.tif","Tree",1,537000,537999.999,4142000,4142999.999
"2164",2164,537453.005,537461.98,4142064.537,4142073.49,"Silva","NEON_D07_MLBS_DP1_537000_4142000_classified_point_cloud.laz","2018_MLBS_3_537000_4142000_image.tif","Tree",1,537000,537999.999,4142000,4142999.999
"2165",2165,537469.016,537479.985,4142065.514,4142074.97,"Silva","NEON_D07_MLBS_DP1_537000_4142000_classified_point_cloud.laz","2018_MLBS_3_537000_4142000_image.tif","Tree",1,537000,537999.999,4142000,4142999.999
"2166",2166,537432.011,537447.455,4142065.028,4142073.996,"Silva","NEON_D07_MLBS_DP1_537000_4142000_classified_point_cloud.laz","2018_MLBS_3_537000_4142000_image.tif","Tree",1,537000,537999.999,4142000,4142999.999
"2167",2167,537458.503,537469.985,4142070.002,4142080.499,"Silva","NEON_D07_MLBS_DP1_537000_4142000_classified_point_cloud.laz","2018_MLBS_3_537000_4142000_image.tif","Tree",1,537000,537999.999,4142000,4142999.999
"2168",2168,537445.55,537453.417,4142077.052,4142082.374,"Silva","NEON_D07_MLBS_DP1_537000_4142000_classified_point_cloud.laz","2018_MLBS_3_537000_4142000_image.tif","Tree",1,537000,537999.999,4142000,4142999.999
"2169",2169,537480.092,537485.495,4142079.557,4142089.496,"Silva","NEON_D07_MLBS_DP1_537000_4142000_classified_point_cloud.laz","2018_MLBS_3_537000_4142000_image.tif","Tree",1,537000,537999.999,4142000,4142999.999
"2170",2170,537464.107,537475.489,4142078.533,4142088.985,"Silva","NEON_D07_MLBS_DP1_537000_4142000_classified_point_cloud.laz","2018_MLBS_3_537000_4142000_image.tif","Tree",1,537000,537999.999,4142000,4142999.999
"2171",2171,537431.51,537440.85,4142073.515,4142083.931,"Silva","NEON_D07_MLBS_DP1_537000_4142000_classified_point_cloud.laz","2018_MLBS_3_537000_4142000_image.tif","Tree",1,537000,537999.999,4142000,4142999.999
"2172",2172,537367.513,537370.863,4142150.292,4142153.998,"Silva","NEON_D07_MLBS_DP1_537000_4142000_classified_point_cloud.laz","2018_MLBS_3_537000_4142000_image.tif","Tree",1,537000,537999.999,4142000,4142999.999
"2173",2173,537356.697,537364.483,4142144.551,4142151.487,"Silva","NEON_D07_MLBS_DP1_537000_4142000_classified_point_cloud.laz","2018_MLBS_3_537000_4142000_image.tif","Tree",1,537000,537999.999,4142000,4142999.999
"2174",2174,537378.074,537386.443,4142144.566,4142152.911,"Silva","NEON_D07_MLBS_DP1_537000_4142000_classified_point_cloud.laz","2018_MLBS_3_537000_4142000_image.tif","Tree",1,537000,537999.999,4142000,4142999.999
"2175",2175,537412.027,537423.932,4142144.064,4142157.994,"Silva","NEON_D07_MLBS_DP1_537000_4142000_classified_point_cloud.laz","2018_MLBS_3_537000_4142000_image.tif","Tree",1,537000,537999.999,4142000,4142999.999
"2176",2176,537401.063,537412.417,4142144.626,4142154.019,"Silva","NEON_D07_MLBS_DP1_537000_4142000_classified_point_cloud.laz","2018_MLBS_3_537000_4142000_image.tif","Tree",1,537000,537999.999,4142000,4142999.999
"2177",2177,537362.616,537369.332,4142141.003,4142148.475,"Silva","NEON_D07_MLBS_DP1_537000_4142000_classified_point_cloud.laz","2018_MLBS_3_537000_4142000_image.tif","Tree",1,537000,537999.999,4142000,4142999.999
"2178",2178,537367.579,537376.469,4142140.006,4142147.469,"Silva","NEON_D07_MLBS_DP1_537000_4142000_classified_point_cloud.laz","2018_MLBS_3_537000_4142000_image.tif","Tree",1,537000,537999.999,4142000,4142999.999
"2179",2179,537399.516,537406.227,4142138.58,4142146.798,"Silva","NEON_D07_MLBS_DP1_537000_4142000_classified_point_cloud.laz","2018_MLBS_3_537000_4142000_image.tif","Tree",1,537000,537999.999,4142000,4142999.999
"2180",2180,537390.52,537395.97,4142140.023,4142145.846,"Silva","NEON_D07_MLBS_DP1_537000_4142000_classified_point_cloud.laz","2018_MLBS_3_537000_4142000_image.tif","Tree",1,537000,537999.999,4142000,4142999.999
"2181",2181,537411.055,537421.819,4142138.041,4142146.476,"Silva","NEON_D07_MLBS_DP1_537000_4142000_classified_point_cloud.laz","2018_MLBS_3_537000_4142000_image.tif","Tree",1,537000,537999.999,4142000,4142999.999
"2182",2182,537382.068,537390.363,4142136.062,4142143.989,"Silva","NEON_D07_MLBS_DP1_537000_4142000_classified_point_cloud.laz","2018_MLBS_3_537000_4142000_image.tif","Tree",1,537000,537999.999,4142000,4142999.999
"2183",2183,537372.563,537376.997,4142132.919,4142142.444,"Silva","NEON_D07_MLBS_DP1_537000_4142000_classified_point_cloud.laz","2018_MLBS_3_537000_4142000_image.tif","Tree",1,537000,537999.999,4142000,4142999.999
"2184",2184,537390.554,537400.468,4142134.164,4142140.993,"Silva","NEON_D07_MLBS_DP1_537000_4142000_classified_point_cloud.laz","2018_MLBS_3_537000_4142000_image.tif","Tree",1,537000,537999.999,4142000,4142999.999
"2185",2185,537405.518,537416.279,4142134.532,4142143.981,"Silva","NEON_D07_MLBS_DP1_537000_4142000_classified_point_cloud.laz","2018_MLBS_3_537000_4142000_image.tif","Tree",1,537000,537999.999,4142000,4142999.999
"2186",2186,537357.53,537366.481,4142129.462,4142139.478,"Silva","NEON_D07_MLBS_DP1_537000_4142000_classified_point_cloud.laz","2018_MLBS_3_537000_4142000_image.tif","Tree",1,537000,537999.999,4142000,4142999.999
"2187",2187,537415.027,537422.499,4142131.514,4142138.5,"Silva","NEON_D07_MLBS_DP1_537000_4142000_classified_point_cloud.laz","2018_MLBS_3_537000_4142000_image.tif","Tree",1,537000,537999.999,4142000,4142999.999
"2188",2188,537382.108,537390.462,4142130.534,4142135.908,"Silva","NEON_D07_MLBS_DP1_537000_4142000_classified_point_cloud.laz","2018_MLBS_3_537000_4142000_image.tif","Tree",1,537000,537999.999,4142000,4142999.999
"2189",2189,537398.014,537406.999,4142125.511,4142138.456,"Silva","NEON_D07_MLBS_DP1_537000_4142000_classified_point_cloud.laz","2018_MLBS_3_537000_4142000_image.tif","Tree",1,537000,537999.999,4142000,4142999.999
"2190",2190,537410.553,537416.961,4142129.01,4142134.99,"Silva","NEON_D07_MLBS_DP1_537000_4142000_classified_point_cloud.laz","2018_MLBS_3_537000_4142000_image.tif","Tree",1,537000,537999.999,4142000,4142999.999
"2191",2191,537361.557,537371.43,4142124.007,4142134.291,"Silva","NEON_D07_MLBS_DP1_537000_4142000_classified_point_cloud.laz","2018_MLBS_3_537000_4142000_image.tif","Tree",1,537000,537999.999,4142000,4142999.999
"2192",2192,537414.511,537419.489,4142123.035,4142131.442,"Silva","NEON_D07_MLBS_DP1_537000_4142000_classified_point_cloud.laz","2018_MLBS_3_537000_4142000_image.tif","Tree",1,537000,537999.999,4142000,4142999.999
"2193",2193,537385.695,537388.996,4142120.018,4142124.486,"Silva","NEON_D07_MLBS_DP1_537000_4142000_classified_point_cloud.laz","2018_MLBS_3_537000_4142000_image.tif","Tree",1,537000,537999.999,4142000,4142999.999
"2194",2194,537374.035,537381.497,4142124.087,4142131.462,"Silva","NEON_D07_MLBS_DP1_537000_4142000_classified_point_cloud.laz","2018_MLBS_3_537000_4142000_image.tif","Tree",1,537000,537999.999,4142000,4142999.999
"2195",2195,537408.551,537415.489,4142121.508,4142129.979,"Silva","NEON_D07_MLBS_DP1_537000_4142000_classified_point_cloud.laz","2018_MLBS_3_537000_4142000_image.tif","Tree",1,537000,537999.999,4142000,4142999.999
"2196",2196,537367.005,537374.466,4142121.522,4142130.986,"Silva","NEON_D07_MLBS_DP1_537000_4142000_classified_point_cloud.laz","2018_MLBS_3_537000_4142000_image.tif","Tree",1,537000,537999.999,4142000,4142999.999
"2197",2197,537419.017,537425.495,4142126.505,4142132.485,"Silva","NEON_D07_MLBS_DP1_537000_4142000_classified_point_cloud.laz","2018_MLBS_3_537000_4142000_image.tif","Tree",1,537000,537999.999,4142000,4142999.999
"2198",2198,537391.718,537401.488,4142122.518,4142132.175,"Silva","NEON_D07_MLBS_DP1_537000_4142000_classified_point_cloud.laz","2018_MLBS_3_537000_4142000_image.tif","Tree",1,537000,537999.999,4142000,4142999.999
"2199",2199,537415.559,537424.465,4142117.521,4142126.984,"Silva","NEON_D07_MLBS_DP1_537000_4142000_classified_point_cloud.laz","2018_MLBS_3_537000_4142000_image.tif","Tree",1,537000,537999.999,4142000,4142999.999
"2200",2200,537401.512,537412.457,4142118.543,4142127.496,"Silva","NEON_D07_MLBS_DP1_537000_4142000_classified_point_cloud.laz","2018_MLBS_3_537000_4142000_image.tif","Tree",1,537000,537999.999,4142000,4142999.999
"2201",2201,537386.529,537396.983,4142117.524,4142125.926,"Silva","NEON_D07_MLBS_DP1_537000_4142000_classified_point_cloud.laz","2018_MLBS_3_537000_4142000_image.tif","Tree",1,537000,537999.999,4142000,4142999.999
"2202",2202,537371.62,537381.382,4142121.158,4142124.99,"Silva","NEON_D07_MLBS_DP1_537000_4142000_classified_point_cloud.laz","2018_MLBS_3_537000_4142000_image.tif","Tree",1,537000,537999.999,4142000,4142999.999
"2203",2203,537361.552,537369.423,4142115.595,4142123.993,"Silva","NEON_D07_MLBS_DP1_537000_4142000_classified_point_cloud.laz","2018_MLBS_3_537000_4142000_image.tif","Tree",1,537000,537999.999,4142000,4142999.999
"2204",2204,537393.133,537403.918,4142117.011,4142123.483,"Silva","NEON_D07_MLBS_DP1_537000_4142000_classified_point_cloud.laz","2018_MLBS_3_537000_4142000_image.tif","Tree",1,537000,537999.999,4142000,4142999.999
"2205",2205,537393.207,537400.453,4142113.565,4142117.968,"Silva","NEON_D07_MLBS_DP1_537000_4142000_classified_point_cloud.laz","2018_MLBS_3_537000_4142000_image.tif","Tree",1,537000,537999.999,4142000,4142999.999
"2206",2206,537404.004,537418.32,4142113.523,4142121.495,"Silva","NEON_D07_MLBS_DP1_537000_4142000_classified_point_cloud.laz","2018_MLBS_3_537000_4142000_image.tif","Tree",1,537000,537999.999,4142000,4142999.999
"2207",2207,537390.528,537396.98,4142109.569,4142117.966,"Silva","NEON_D07_MLBS_DP1_537000_4142000_classified_point_cloud.laz","2018_MLBS_3_537000_4142000_image.tif","Tree",1,537000,537999.999,4142000,4142999.999
"2208",2208,537383.037,537390.98,4142106.206,4142119.984,"Silva","NEON_D07_MLBS_DP1_537000_4142000_classified_point_cloud.laz","2018_MLBS_3_537000_4142000_image.tif","Tree",1,537000,537999.999,4142000,4142999.999
"2209",2209,537375.184,537383.874,4142106.501,4142116.069,"Silva","NEON_D07_MLBS_DP1_537000_4142000_classified_point_cloud.laz","2018_MLBS_3_537000_4142000_image.tif","Tree",1,537000,537999.999,4142000,4142999.999
"2210",2210,537373.066,537374.467,4142108.57,4142110.808,"Silva","NEON_D07_MLBS_DP1_537000_4142000_classified_point_cloud.laz","2018_MLBS_3_537000_4142000_image.tif","Tree",1,537000,537999.999,4142000,4142999.999
"2211",2211,537396.515,537404.966,4142108.072,4142117.786,"Silva","NEON_D07_MLBS_DP1_537000_4142000_classified_point_cloud.laz","2018_MLBS_3_537000_4142000_image.tif","Tree",1,537000,537999.999,4142000,4142999.999
"2212",2212,537404.515,537416.476,4142105.815,4142114.431,"Silva","NEON_D07_MLBS_DP1_537000_4142000_classified_point_cloud.laz","2018_MLBS_3_537000_4142000_image.tif","Tree",1,537000,537999.999,4142000,4142999.999
"2213",2213,537386.504,537396.934,4142105.742,4142112.891,"Silva","NEON_D07_MLBS_DP1_537000_4142000_classified_point_cloud.laz","2018_MLBS_3_537000_4142000_image.tif","Tree",1,537000,537999.999,4142000,4142999.999
"2214",2214,537363.523,537368.938,4142101.509,4142107.467,"Silva","NEON_D07_MLBS_DP1_537000_4142000_classified_point_cloud.laz","2018_MLBS_3_537000_4142000_image.tif","Tree",1,537000,537999.999,4142000,4142999.999
"2215",2215,537416.512,537425.472,4142106.576,4142117.991,"Silva","NEON_D07_MLBS_DP1_537000_4142000_classified_point_cloud.laz","2018_MLBS_3_537000_4142000_image.tif","Tree",1,537000,537999.999,4142000,4142999.999
"2216",2216,537399.525,537407.946,4142101.501,4142110.336,"Silva","NEON_D07_MLBS_DP1_537000_4142000_classified_point_cloud.laz","2018_MLBS_3_537000_4142000_image.tif","Tree",1,537000,537999.999,4142000,4142999.999
"2217",2217,537387.05,537397.492,4142099.501,4142108.493,"Silva","NEON_D07_MLBS_DP1_537000_4142000_classified_point_cloud.laz","2018_MLBS_3_537000_4142000_image.tif","Tree",1,537000,537999.999,4142000,4142999.999
"2218",2218,537355.691,537365.257,4142099.008,4142106.991,"Silva","NEON_D07_MLBS_DP1_537000_4142000_classified_point_cloud.laz","2018_MLBS_3_537000_4142000_image.tif","Tree",1,537000,537999.999,4142000,4142999.999
"2219",2219,537367.908,537376.986,4142095.05,4142108.443,"Silva","NEON_D07_MLBS_DP1_537000_4142000_classified_point_cloud.laz","2018_MLBS_3_537000_4142000_image.tif","Tree",1,537000,537999.999,4142000,4142999.999
"2220",2220,537396.531,537402.994,4142101.213,4142107.97,"Silva","NEON_D07_MLBS_DP1_537000_4142000_classified_point_cloud.laz","2018_MLBS_3_537000_4142000_image.tif","Tree",1,537000,537999.999,4142000,4142999.999
"2221",2221,537374.504,537387.458,4142092.044,4142107.496,"Silva","NEON_D07_MLBS_DP1_537000_4142000_classified_point_cloud.laz","2018_MLBS_3_537000_4142000_image.tif","Tree",1,537000,537999.999,4142000,4142999.999
"2222",2222,537404.073,537412.444,4142096.016,4142106.5,"Silva","NEON_D07_MLBS_DP1_537000_4142000_classified_point_cloud.laz","2018_MLBS_3_537000_4142000_image.tif","Tree",1,537000,537999.999,4142000,4142999.999
"2223",2223,537393.505,537401.669,4142094.542,4142102.462,"Silva","NEON_D07_MLBS_DP1_537000_4142000_classified_point_cloud.laz","2018_MLBS_3_537000_4142000_image.tif","Tree",1,537000,537999.999,4142000,4142999.999
"2224",2224,537362.581,537374.985,4142092.672,4142098.158,"Silva","NEON_D07_MLBS_DP1_537000_4142000_classified_point_cloud.laz","2018_MLBS_3_537000_4142000_image.tif","Tree",1,537000,537999.999,4142000,4142999.999
"2225",2225,537355.689,537362.955,4142091.601,4142099.409,"Silva","NEON_D07_MLBS_DP1_537000_4142000_classified_point_cloud.laz","2018_MLBS_3_537000_4142000_image.tif","Tree",1,537000,537999.999,4142000,4142999.999
"2226",2226,537360.533,537367.814,4142087.519,4142093.984,"Silva","NEON_D07_MLBS_DP1_537000_4142000_classified_point_cloud.laz","2018_MLBS_3_537000_4142000_image.tif","Tree",1,537000,537999.999,4142000,4142999.999
"2227",2227,537410.525,537421.481,4142091.069,4142097.448,"Silva","NEON_D07_MLBS_DP1_537000_4142000_classified_point_cloud.laz","2018_MLBS_3_537000_4142000_image.tif","Tree",1,537000,537999.999,4142000,4142999.999
"2228",2228,537405.503,537413.809,4142086.533,4142095.916,"Silva","NEON_D07_MLBS_DP1_537000_4142000_classified_point_cloud.laz","2018_MLBS_3_537000_4142000_image.tif","Tree",1,537000,537999.999,4142000,4142999.999
"2229",2229,537398.013,537404.906,4142085.556,4142093.995,"Silva","NEON_D07_MLBS_DP1_537000_4142000_classified_point_cloud.laz","2018_MLBS_3_537000_4142000_image.tif","Tree",1,537000,537999.999,4142000,4142999.999
"2230",2230,537391.02,537398.498,4142086.517,4142094.984,"Silva","NEON_D07_MLBS_DP1_537000_4142000_classified_point_cloud.laz","2018_MLBS_3_537000_4142000_image.tif","Tree",1,537000,537999.999,4142000,4142999.999
"2231",2231,537423.012,537431.985,4142147.001,4142156.29,"Silva","NEON_D07_MLBS_DP1_537000_4142000_classified_point_cloud.laz","2018_MLBS_3_537000_4142000_image.tif","Tree",1,537000,537999.999,4142000,4142999.999
"2232",2232,537431.067,537439.436,4142146.018,4142153,"Silva","NEON_D07_MLBS_DP1_537000_4142000_classified_point_cloud.laz","2018_MLBS_3_537000_4142000_image.tif","Tree",1,537000,537999.999,4142000,4142999.999
"2233",2233,537453.535,537459.43,4142149.043,4142156.311,"Silva","NEON_D07_MLBS_DP1_537000_4142000_classified_point_cloud.laz","2018_MLBS_3_537000_4142000_image.tif","Tree",1,537000,537999.999,4142000,4142999.999
"2234",2234,537466.153,537475.923,4142149.005,4142155.88,"Silva","NEON_D07_MLBS_DP1_537000_4142000_classified_point_cloud.laz","2018_MLBS_3_537000_4142000_image.tif","Tree",1,537000,537999.999,4142000,4142999.999
"2235",2235,537457.592,537465.934,4142147.506,4142155.976,"Silva","NEON_D07_MLBS_DP1_537000_4142000_classified_point_cloud.laz","2018_MLBS_3_537000_4142000_image.tif","Tree",1,537000,537999.999,4142000,4142999.999
"2236",2236,537441.509,537450.997,4142143.513,4142154.952,"Silva","NEON_D07_MLBS_DP1_537000_4142000_classified_point_cloud.laz","2018_MLBS_3_537000_4142000_image.tif","Tree",1,537000,537999.999,4142000,4142999.999
"2237",2237,537420.567,537429.404,4142140.517,4142149.98,"Silva","NEON_D07_MLBS_DP1_537000_4142000_classified_point_cloud.laz","2018_MLBS_3_537000_4142000_image.tif","Tree",1,537000,537999.999,4142000,4142999.999
"2238",2238,537472.501,537481.428,4142144.52,4142152.997,"Silva","NEON_D07_MLBS_DP1_537000_4142000_classified_point_cloud.laz","2018_MLBS_3_537000_4142000_image.tif","Tree",1,537000,537999.999,4142000,4142999.999
"2239",2239,537457.569,537463.531,4142142.023,4142148.455,"Silva","NEON_D07_MLBS_DP1_537000_4142000_classified_point_cloud.laz","2018_MLBS_3_537000_4142000_image.tif","Tree",1,537000,537999.999,4142000,4142999.999
"2240",2240,537425.522,537432.472,4142139.546,4142146.97,"Silva","NEON_D07_MLBS_DP1_537000_4142000_classified_point_cloud.laz","2018_MLBS_3_537000_4142000_image.tif","Tree",1,537000,537999.999,4142000,4142999.999
"2241",2241,537432.522,537439.496,4142138.025,4142146.977,"Silva","NEON_D07_MLBS_DP1_537000_4142000_classified_point_cloud.laz","2018_MLBS_3_537000_4142000_image.tif","Tree",1,537000,537999.999,4142000,4142999.999
"2242",2242,537459.03,537465.99,4142139.042,4142147.487,"Silva","NEON_D07_MLBS_DP1_537000_4142000_classified_point_cloud.laz","2018_MLBS_3_537000_4142000_image.tif","Tree",1,537000,537999.999,4142000,4142999.999
"2243",2243,537438.008,537444.833,4142138.004,4142147.262,"Silva","NEON_D07_MLBS_DP1_537000_4142000_classified_point_cloud.laz","2018_MLBS_3_537000_4142000_image.tif","Tree",1,537000,537999.999,4142000,4142999.999
"2244",2244,537431.503,537436.477,4142136.873,4142142.373,"Silva","NEON_D07_MLBS_DP1_537000_4142000_classified_point_cloud.laz","2018_MLBS_3_537000_4142000_image.tif","Tree",1,537000,537999.999,4142000,4142999.999
"2245",2245,537427.036,537431.965,4142137.063,4142140.494,"Silva","NEON_D07_MLBS_DP1_537000_4142000_classified_point_cloud.laz","2018_MLBS_3_537000_4142000_image.tif","Tree",1,537000,537999.999,4142000,4142999.999
"2246",2246,537443.54,537451.45,4142135.506,4142144.454,"Silva","NEON_D07_MLBS_DP1_537000_4142000_classified_point_cloud.laz","2018_MLBS_3_537000_4142000_image.tif","Tree",1,537000,537999.999,4142000,4142999.999
"2247",2247,537421.003,537427.97,4142132.501,4142140.988,"Silva","NEON_D07_MLBS_DP1_537000_4142000_classified_point_cloud.laz","2018_MLBS_3_537000_4142000_image.tif","Tree",1,537000,537999.999,4142000,4142999.999
"2248",2248,537428.076,537433.436,4142132.51,4142138.497,"Silva","NEON_D07_MLBS_DP1_537000_4142000_classified_point_cloud.laz","2018_MLBS_3_537000_4142000_image.tif","Tree",1,537000,537999.999,4142000,4142999.999
"2249",2249,537455.52,537464.956,4142129.559,4142140.436,"Silva","NEON_D07_MLBS_DP1_537000_4142000_classified_point_cloud.laz","2018_MLBS_3_537000_4142000_image.tif","Tree",1,537000,537999.999,4142000,4142999.999
"2250",2250,537432.015,537439.478,4142129.51,4142137.982,"Silva","NEON_D07_MLBS_DP1_537000_4142000_classified_point_cloud.laz","2018_MLBS_3_537000_4142000_image.tif","Tree",1,537000,537999.999,4142000,4142999.999
"2251",2251,537423.027,537431.992,4142129.001,4142135.984,"Silva","NEON_D07_MLBS_DP1_537000_4142000_classified_point_cloud.laz","2018_MLBS_3_537000_4142000_image.tif","Tree",1,537000,537999.999,4142000,4142999.999
"2252",2252,537471.005,537478.966,4142131.032,4142139.612,"Silva","NEON_D07_MLBS_DP1_537000_4142000_classified_point_cloud.laz","2018_MLBS_3_537000_4142000_image.tif","Tree",1,537000,537999.999,4142000,4142999.999
"2253",2253,537447.004,537456.492,4142131.001,4142137.422,"Silva","NEON_D07_MLBS_DP1_537000_4142000_classified_point_cloud.laz","2018_MLBS_3_537000_4142000_image.tif","Tree",1,537000,537999.999,4142000,4142999.999
"2254",2254,537441.522,537447.499,4142129.112,4142135.463,"Silva","NEON_D07_MLBS_DP1_537000_4142000_classified_point_cloud.laz","2018_MLBS_3_537000_4142000_image.tif","Tree",1,537000,537999.999,4142000,4142999.999
"2255",2255,537462.697,537474.465,4142125.001,4142133.998,"Silva","NEON_D07_MLBS_DP1_537000_4142000_classified_point_cloud.laz","2018_MLBS_3_537000_4142000_image.tif","Tree",1,537000,537999.999,4142000,4142999.999
"2256",2256,537423.049,537430.999,4142117.516,4142128.964,"Silva","NEON_D07_MLBS_DP1_537000_4142000_classified_point_cloud.laz","2018_MLBS_3_537000_4142000_image.tif","Tree",1,537000,537999.999,4142000,4142999.999
"2257",2257,537436.003,537440.481,4142119.068,4142125.495,"Silva","NEON_D07_MLBS_DP1_537000_4142000_classified_point_cloud.laz","2018_MLBS_3_537000_4142000_image.tif","Tree",1,537000,537999.999,4142000,4142999.999
"2258",2258,537446.016,537452.989,4142118.569,4142126.499,"Silva","NEON_D07_MLBS_DP1_537000_4142000_classified_point_cloud.laz","2018_MLBS_3_537000_4142000_image.tif","Tree",1,537000,537999.999,4142000,4142999.999
"2259",2259,537453.015,537460.983,4142117.518,4142129.981,"Silva","NEON_D07_MLBS_DP1_537000_4142000_classified_point_cloud.laz","2018_MLBS_3_537000_4142000_image.tif","Tree",1,537000,537999.999,4142000,4142999.999
"2260",2260,537460.503,537468.463,4142119.513,4142129.851,"Silva","NEON_D07_MLBS_DP1_537000_4142000_classified_point_cloud.laz","2018_MLBS_3_537000_4142000_image.tif","Tree",1,537000,537999.999,4142000,4142999.999
"2261",2261,537442.061,537449.945,4142115.143,4142120.468,"Silva","NEON_D07_MLBS_DP1_537000_4142000_classified_point_cloud.laz","2018_MLBS_3_537000_4142000_image.tif","Tree",1,537000,537999.999,4142000,4142999.999
"2262",2262,537472.021,537476.99,4142113.637,4142121.989,"Silva","NEON_D07_MLBS_DP1_537000_4142000_classified_point_cloud.laz","2018_MLBS_3_537000_4142000_image.tif","Tree",1,537000,537999.999,4142000,4142999.999
"2263",2263,537458.503,537466.494,4142114.008,4142119.984,"Silva","NEON_D07_MLBS_DP1_537000_4142000_classified_point_cloud.laz","2018_MLBS_3_537000_4142000_image.tif","Tree",1,537000,537999.999,4142000,4142999.999
"2264",2264,537452.004,537458.996,4142112.006,4142119.986,"Silva","NEON_D07_MLBS_DP1_537000_4142000_classified_point_cloud.laz","2018_MLBS_3_537000_4142000_image.tif","Tree",1,537000,537999.999,4142000,4142999.999
"2265",2265,537448.072,537452.382,4142111.008,4142118.843,"Silva","NEON_D07_MLBS_DP1_537000_4142000_classified_point_cloud.laz","2018_MLBS_3_537000_4142000_image.tif","Tree",1,537000,537999.999,4142000,4142999.999
"2266",2266,537434.021,537444.884,4142102.517,4142115.996,"Silva","NEON_D07_MLBS_DP1_537000_4142000_classified_point_cloud.laz","2018_MLBS_3_537000_4142000_image.tif","Tree",1,537000,537999.999,4142000,4142999.999
"2267",2267,537459.067,537469.48,4142108.514,4142114.498,"Silva","NEON_D07_MLBS_DP1_537000_4142000_classified_point_cloud.laz","2018_MLBS_3_537000_4142000_image.tif","Tree",1,537000,537999.999,4142000,4142999.999
"2268",2268,537453.528,537459.499,4142106.093,4142114.396,"Silva","NEON_D07_MLBS_DP1_537000_4142000_classified_point_cloud.laz","2018_MLBS_3_537000_4142000_image.tif","Tree",1,537000,537999.999,4142000,4142999.999
"2269",2269,537472.519,537479.996,4142102.262,4142111.997,"Silva","NEON_D07_MLBS_DP1_537000_4142000_classified_point_cloud.laz","2018_MLBS_3_537000_4142000_image.tif","Tree",1,537000,537999.999,4142000,4142999.999
"2270",2270,537466.747,537477.485,4142099.012,4142110.811,"Silva","NEON_D07_MLBS_DP1_537000_4142000_classified_point_cloud.laz","2018_MLBS_3_537000_4142000_image.tif","Tree",1,537000,537999.999,4142000,4142999.999
"2271",2271,537420.566,537432.834,4142100.642,4142106.973,"Silva","NEON_D07_MLBS_DP1_537000_4142000_classified_point_cloud.laz","2018_MLBS_3_537000_4142000_image.tif","Tree",1,537000,537999.999,4142000,4142999.999
"2272",2272,537420.556,537428.877,4142093.016,4142100.996,"Silva","NEON_D07_MLBS_DP1_537000_4142000_classified_point_cloud.laz","2018_MLBS_3_537000_4142000_image.tif","Tree",1,537000,537999.999,4142000,4142999.999
"2273",2273,537434.012,537447.492,4142093.057,4142103.988,"Silva","NEON_D07_MLBS_DP1_537000_4142000_classified_point_cloud.laz","2018_MLBS_3_537000_4142000_image.tif","Tree",1,537000,537999.999,4142000,4142999.999
"2274",2274,537434.013,537445.899,4142086.504,4142093.476,"Silva","NEON_D07_MLBS_DP1_537000_4142000_classified_point_cloud.laz","2018_MLBS_3_537000_4142000_image.tif","Tree",1,537000,537999.999,4142000,4142999.999
"2275",2275,537463.543,537476.99,4142088.144,4142101.499,"Silva","NEON_D07_MLBS_DP1_537000_4142000_classified_point_cloud.laz","2018_MLBS_3_537000_4142000_image.tif","Tree",1,537000,537999.999,4142000,4142999.999
"2276",2276,537371.545,537378.982,4142211.042,4142217.474,"Silva","NEON_D07_MLBS_DP1_537000_4142000_classified_point_cloud.laz","2018_MLBS_3_537000_4142000_image.tif","Tree",1,537000,537999.999,4142000,4142999.999
"2277",2277,537415.538,537423.475,4142211.53,4142218.432,"Silva","NEON_D07_MLBS_DP1_537000_4142000_classified_point_cloud.laz","2018_MLBS_3_537000_4142000_image.tif","Tree",1,537000,537999.999,4142000,4142999.999
"2278",2278,537408.533,537415.938,4142209.005,4142217.965,"Silva","NEON_D07_MLBS_DP1_537000_4142000_classified_point_cloud.laz","2018_MLBS_3_537000_4142000_image.tif","Tree",1,537000,537999.999,4142000,4142999.999
"2279",2279,537373.36,537381.49,4142178.035,4142184.793,"Silva","NEON_D07_MLBS_DP1_537000_4142000_classified_point_cloud.laz","2018_MLBS_3_537000_4142000_image.tif","Tree",1,537000,537999.999,4142000,4142999.999
"2280",2280,537384.589,537394.682,4142175.503,4142185.933,"Silva","NEON_D07_MLBS_DP1_537000_4142000_classified_point_cloud.laz","2018_MLBS_3_537000_4142000_image.tif","Tree",1,537000,537999.999,4142000,4142999.999
"2281",2281,537357.167,537364.971,4142175.509,4142181.714,"Silva","NEON_D07_MLBS_DP1_537000_4142000_classified_point_cloud.laz","2018_MLBS_3_537000_4142000_image.tif","Tree",1,537000,537999.999,4142000,4142999.999
"2282",2282,537380.002,537387.458,4142173.511,4142185.312,"Silva","NEON_D07_MLBS_DP1_537000_4142000_classified_point_cloud.laz","2018_MLBS_3_537000_4142000_image.tif","Tree",1,537000,537999.999,4142000,4142999.999
"2283",2283,537368.012,537374.491,4142174.527,4142184.308,"Silva","NEON_D07_MLBS_DP1_537000_4142000_classified_point_cloud.laz","2018_MLBS_3_537000_4142000_image.tif","Tree",1,537000,537999.999,4142000,4142999.999
"2284",2284,537364.529,537368.992,4142174.535,4142183.466,"Silva","NEON_D07_MLBS_DP1_537000_4142000_classified_point_cloud.laz","2018_MLBS_3_537000_4142000_image.tif","Tree",1,537000,537999.999,4142000,4142999.999
"2285",2285,537370.087,537378.919,4142171.546,4142176.398,"Silva","NEON_D07_MLBS_DP1_537000_4142000_classified_point_cloud.laz","2018_MLBS_3_537000_4142000_image.tif","Tree",1,537000,537999.999,4142000,4142999.999
"2286",2286,537362.022,537370.495,4142165.571,4142174.962,"Silva","NEON_D07_MLBS_DP1_537000_4142000_classified_point_cloud.laz","2018_MLBS_3_537000_4142000_image.tif","Tree",1,537000,537999.999,4142000,4142999.999
"2287",2287,537390.037,537396.835,4142169.502,4142176.949,"Silva","NEON_D07_MLBS_DP1_537000_4142000_classified_point_cloud.laz","2018_MLBS_3_537000_4142000_image.tif","Tree",1,537000,537999.999,4142000,4142999.999
"2288",2288,537408.075,537418.996,4142171.087,4142179.484,"Silva","NEON_D07_MLBS_DP1_537000_4142000_classified_point_cloud.laz","2018_MLBS_3_537000_4142000_image.tif","Tree",1,537000,537999.999,4142000,4142999.999
"2289",2289,537382.513,537388.963,4142167.52,4142175.917,"Silva","NEON_D07_MLBS_DP1_537000_4142000_classified_point_cloud.laz","2018_MLBS_3_537000_4142000_image.tif","Tree",1,537000,537999.999,4142000,4142999.999
"2290",2290,537388.511,537394.439,4142169.004,4142175.487,"Silva","NEON_D07_MLBS_DP1_537000_4142000_classified_point_cloud.laz","2018_MLBS_3_537000_4142000_image.tif","Tree",1,537000,537999.999,4142000,4142999.999
"2291",2291,537369.035,537378.483,4142162.521,4142171.999,"Silva","NEON_D07_MLBS_DP1_537000_4142000_classified_point_cloud.laz","2018_MLBS_3_537000_4142000_image.tif","Tree",1,537000,537999.999,4142000,4142999.999
"2292",2292,537418.514,537425.422,4142167.628,4142178.924,"Silva","NEON_D07_MLBS_DP1_537000_4142000_classified_point_cloud.laz","2018_MLBS_3_537000_4142000_image.tif","Tree",1,537000,537999.999,4142000,4142999.999
"2293",2293,537378.011,537386.494,4142159.513,4142173.481,"Silva","NEON_D07_MLBS_DP1_537000_4142000_classified_point_cloud.laz","2018_MLBS_3_537000_4142000_image.tif","Tree",1,537000,537999.999,4142000,4142999.999
"2294",2294,537413.613,537419.998,4142167.242,4142176.485,"Silva","NEON_D07_MLBS_DP1_537000_4142000_classified_point_cloud.laz","2018_MLBS_3_537000_4142000_image.tif","Tree",1,537000,537999.999,4142000,4142999.999
"2295",2295,537386.522,537392.359,4142163.58,4142170.477,"Silva","NEON_D07_MLBS_DP1_537000_4142000_classified_point_cloud.laz","2018_MLBS_3_537000_4142000_image.tif","Tree",1,537000,537999.999,4142000,4142999.999
"2296",2296,537407.188,537412.814,4142166.014,4142171.971,"Silva","NEON_D07_MLBS_DP1_537000_4142000_classified_point_cloud.laz","2018_MLBS_3_537000_4142000_image.tif","Tree",1,537000,537999.999,4142000,4142999.999
"2297",2297,537401.028,537406.735,4142163.045,4142172.49,"Silva","NEON_D07_MLBS_DP1_537000_4142000_classified_point_cloud.laz","2018_MLBS_3_537000_4142000_image.tif","Tree",1,537000,537999.999,4142000,4142999.999
"2298",2298,537412.004,537419.496,4142158.005,4142170.988,"Silva","NEON_D07_MLBS_DP1_537000_4142000_classified_point_cloud.laz","2018_MLBS_3_537000_4142000_image.tif","Tree",1,537000,537999.999,4142000,4142999.999
"2299",2299,537395.068,537402.448,4142160.005,4142169.446,"Silva","NEON_D07_MLBS_DP1_537000_4142000_classified_point_cloud.laz","2018_MLBS_3_537000_4142000_image.tif","Tree",1,537000,537999.999,4142000,4142999.999
"2300",2300,537402.552,537412.841,4142160.525,4142168.474,"Silva","NEON_D07_MLBS_DP1_537000_4142000_classified_point_cloud.laz","2018_MLBS_3_537000_4142000_image.tif","Tree",1,537000,537999.999,4142000,4142999.999
"2301",2301,537389.557,537397.491,4142158.514,4142168.356,"Silva","NEON_D07_MLBS_DP1_537000_4142000_classified_point_cloud.laz","2018_MLBS_3_537000_4142000_image.tif","Tree",1,537000,537999.999,4142000,4142999.999
"2302",2302,537363.109,537374.908,4142159.587,4142165.989,"Silva","NEON_D07_MLBS_DP1_537000_4142000_classified_point_cloud.laz","2018_MLBS_3_537000_4142000_image.tif","Tree",1,537000,537999.999,4142000,4142999.999
"2303",2303,537355.045,537362.938,4142151.888,4142159.332,"Silva","NEON_D07_MLBS_DP1_537000_4142000_classified_point_cloud.laz","2018_MLBS_3_537000_4142000_image.tif","Tree",1,537000,537999.999,4142000,4142999.999
"2304",2304,537362.054,537366.934,4142149.024,4142154.412,"Silva","NEON_D07_MLBS_DP1_537000_4142000_classified_point_cloud.laz","2018_MLBS_3_537000_4142000_image.tif","Tree",1,537000,537999.999,4142000,4142999.999
"2305",2305,537394.521,537402.88,4142148.53,4142160.213,"Silva","NEON_D07_MLBS_DP1_537000_4142000_classified_point_cloud.laz","2018_MLBS_3_537000_4142000_image.tif","Tree",1,537000,537999.999,4142000,4142999.999
"2306",2306,537412.615,537420.471,4142191.028,4142197.268,"Silva","NEON_D07_MLBS_DP1_537000_4142000_classified_point_cloud.laz","2018_MLBS_3_537000_4142000_image.tif","Tree",1,537000,537999.999,4142000,4142999.999
"2307",2307,537420.005,537430.485,4142190.061,4142198.494,"Silva","NEON_D07_MLBS_DP1_537000_4142000_classified_point_cloud.laz","2018_MLBS_3_537000_4142000_image.tif","Tree",1,537000,537999.999,4142000,4142999.999
"2308",2308,537408.508,537413.444,4142193.035,4142200.339,"Silva","NEON_D07_MLBS_DP1_537000_4142000_classified_point_cloud.laz","2018_MLBS_3_537000_4142000_image.tif","Tree",1,537000,537999.999,4142000,4142999.999
"2309",2309,537391.501,537401.452,4142190.053,4142198.998,"Silva","NEON_D07_MLBS_DP1_537000_4142000_classified_point_cloud.laz","2018_MLBS_3_537000_4142000_image.tif","Tree",1,537000,537999.999,4142000,4142999.999
"2310",2310,537417.637,537423.985,4142196.549,4142203.497,"Silva","NEON_D07_MLBS_DP1_537000_4142000_classified_point_cloud.laz","2018_MLBS_3_537000_4142000_image.tif","Tree",1,537000,537999.999,4142000,4142999.999
"2311",2311,537404.505,537411.926,4142198.643,4142204.316,"Silva","NEON_D07_MLBS_DP1_537000_4142000_classified_point_cloud.laz","2018_MLBS_3_537000_4142000_image.tif","Tree",1,537000,537999.999,4142000,4142999.999
"2312",2312,537413.02,537419.458,4142200.114,4142205.919,"Silva","NEON_D07_MLBS_DP1_537000_4142000_classified_point_cloud.laz","2018_MLBS_3_537000_4142000_image.tif","Tree",1,537000,537999.999,4142000,4142999.999
"2313",2313,537379.016,537386.478,4142195.006,4142202.751,"Silva","NEON_D07_MLBS_DP1_537000_4142000_classified_point_cloud.laz","2018_MLBS_3_537000_4142000_image.tif","Tree",1,537000,537999.999,4142000,4142999.999
"2314",2314,537393.556,537401.962,4142198.514,4142204.944,"Silva","NEON_D07_MLBS_DP1_537000_4142000_classified_point_cloud.laz","2018_MLBS_3_537000_4142000_image.tif","Tree",1,537000,537999.999,4142000,4142999.999
"2315",2315,537386.546,537393.959,4142196.046,4142203.495,"Silva","NEON_D07_MLBS_DP1_537000_4142000_classified_point_cloud.laz","2018_MLBS_3_537000_4142000_image.tif","Tree",1,537000,537999.999,4142000,4142999.999
"2316",2316,537408.513,537416.361,4142200.759,4142208.943,"Silva","NEON_D07_MLBS_DP1_537000_4142000_classified_point_cloud.laz","2018_MLBS_3_537000_4142000_image.tif","Tree",1,537000,537999.999,4142000,4142999.999
"2317",2317,537377.505,537384.369,4142201.013,4142206.499,"Silva","NEON_D07_MLBS_DP1_537000_4142000_classified_point_cloud.laz","2018_MLBS_3_537000_4142000_image.tif","Tree",1,537000,537999.999,4142000,4142999.999
"2318",2318,537385.107,537391.486,4142201.005,4142208.979,"Silva","NEON_D07_MLBS_DP1_537000_4142000_classified_point_cloud.laz","2018_MLBS_3_537000_4142000_image.tif","Tree",1,537000,537999.999,4142000,4142999.999
"2319",2319,537416.519,537422.997,4142203.527,4142211.45,"Silva","NEON_D07_MLBS_DP1_537000_4142000_classified_point_cloud.laz","2018_MLBS_3_537000_4142000_image.tif","Tree",1,537000,537999.999,4142000,4142999.999
"2320",2320,537358.013,537366.383,4142198.037,4142208.991,"Silva","NEON_D07_MLBS_DP1_537000_4142000_classified_point_cloud.laz","2018_MLBS_3_537000_4142000_image.tif","Tree",1,537000,537999.999,4142000,4142999.999
"2321",2321,537371.505,537378.477,4142201.035,4142208.97,"Silva","NEON_D07_MLBS_DP1_537000_4142000_classified_point_cloud.laz","2018_MLBS_3_537000_4142000_image.tif","Tree",1,537000,537999.999,4142000,4142999.999
"2322",2322,537364.535,537371.499,4142199.08,4142208.984,"Silva","NEON_D07_MLBS_DP1_537000_4142000_classified_point_cloud.laz","2018_MLBS_3_537000_4142000_image.tif","Tree",1,537000,537999.999,4142000,4142999.999
"2323",2323,537389.018,537397.455,4142206.021,4142210.89,"Silva","NEON_D07_MLBS_DP1_537000_4142000_classified_point_cloud.laz","2018_MLBS_3_537000_4142000_image.tif","Tree",1,537000,537999.999,4142000,4142999.999
"2324",2324,537413.526,537421.476,4142206.809,4142213.487,"Silva","NEON_D07_MLBS_DP1_537000_4142000_classified_point_cloud.laz","2018_MLBS_3_537000_4142000_image.tif","Tree",1,537000,537999.999,4142000,4142999.999
"2325",2325,537373.555,537380.985,4142206.015,4142212.444,"Silva","NEON_D07_MLBS_DP1_537000_4142000_classified_point_cloud.laz","2018_MLBS_3_537000_4142000_image.tif","Tree",1,537000,537999.999,4142000,4142999.999
"2326",2326,537389.503,537398.457,4142209.607,4142216.47,"Silva","NEON_D07_MLBS_DP1_537000_4142000_classified_point_cloud.laz","2018_MLBS_3_537000_4142000_image.tif","Tree",1,537000,537999.999,4142000,4142999.999
"2327",2327,537443.51,537450.439,4142214.001,4142221.867,"Silva","NEON_D07_MLBS_DP1_537000_4142000_classified_point_cloud.laz","2018_MLBS_3_537000_4142000_image.tif","Tree",1,537000,537999.999,4142000,4142999.999
"2328",2328,537421.079,537428.485,4142212.005,4142220.961,"Silva","NEON_D07_MLBS_DP1_537000_4142000_classified_point_cloud.laz","2018_MLBS_3_537000_4142000_image.tif","Tree",1,537000,537999.999,4142000,4142999.999
"2329",2329,537426.033,537433.997,4142211.503,4142219.492,"Silva","NEON_D07_MLBS_DP1_537000_4142000_classified_point_cloud.laz","2018_MLBS_3_537000_4142000_image.tif","Tree",1,537000,537999.999,4142000,4142999.999
"2330",2330,537455.183,537466.334,4142176.236,4142188.79,"Silva","NEON_D07_MLBS_DP1_537000_4142000_classified_point_cloud.laz","2018_MLBS_3_537000_4142000_image.tif","Tree",1,537000,537999.999,4142000,4142999.999
"2331",2331,537450.05,537457.839,4142173.502,4142183.888,"Silva","NEON_D07_MLBS_DP1_537000_4142000_classified_point_cloud.laz","2018_MLBS_3_537000_4142000_image.tif","Tree",1,537000,537999.999,4142000,4142999.999
"2332",2332,537420.208,537429.978,4142169.084,4142181.403,"Silva","NEON_D07_MLBS_DP1_537000_4142000_classified_point_cloud.laz","2018_MLBS_3_537000_4142000_image.tif","Tree",1,537000,537999.999,4142000,4142999.999
"2333",2333,537464.025,537472.447,4142167.036,4142177.475,"Silva","NEON_D07_MLBS_DP1_537000_4142000_classified_point_cloud.laz","2018_MLBS_3_537000_4142000_image.tif","Tree",1,537000,537999.999,4142000,4142999.999
"2334",2334,537428.516,537434.983,4142162.562,4142172.477,"Silva","NEON_D07_MLBS_DP1_537000_4142000_classified_point_cloud.laz","2018_MLBS_3_537000_4142000_image.tif","Tree",1,537000,537999.999,4142000,4142999.999
"2335",2335,537450.005,537455.827,4142160.003,4142171.956,"Silva","NEON_D07_MLBS_DP1_537000_4142000_classified_point_cloud.laz","2018_MLBS_3_537000_4142000_image.tif","Tree",1,537000,537999.999,4142000,4142999.999
"2336",2336,537443.019,537450.499,4142160.023,4142171.496,"Silva","NEON_D07_MLBS_DP1_537000_4142000_classified_point_cloud.laz","2018_MLBS_3_537000_4142000_image.tif","Tree",1,537000,537999.999,4142000,4142999.999
"2337",2337,537440.508,537449.478,4142155.64,4142167.879,"Silva","NEON_D07_MLBS_DP1_537000_4142000_classified_point_cloud.laz","2018_MLBS_3_537000_4142000_image.tif","Tree",1,537000,537999.999,4142000,4142999.999
"2338",2338,537432.01,537440.993,4142157.009,4142164.322,"Silva","NEON_D07_MLBS_DP1_537000_4142000_classified_point_cloud.laz","2018_MLBS_3_537000_4142000_image.tif","Tree",1,537000,537999.999,4142000,4142999.999
"2339",2339,537417.571,537431.983,4142154.047,4142163.981,"Silva","NEON_D07_MLBS_DP1_537000_4142000_classified_point_cloud.laz","2018_MLBS_3_537000_4142000_image.tif","Tree",1,537000,537999.999,4142000,4142999.999
"2340",2340,537464.505,537473.991,4142154.514,4142165.454,"Silva","NEON_D07_MLBS_DP1_537000_4142000_classified_point_cloud.laz","2018_MLBS_3_537000_4142000_image.tif","Tree",1,537000,537999.999,4142000,4142999.999
"2341",2341,537430.557,537436.468,4142152.514,4142158.998,"Silva","NEON_D07_MLBS_DP1_537000_4142000_classified_point_cloud.laz","2018_MLBS_3_537000_4142000_image.tif","Tree",1,537000,537999.999,4142000,4142999.999
"2342",2342,537436.513,537445.441,4142147.078,4142158.466,"Silva","NEON_D07_MLBS_DP1_537000_4142000_classified_point_cloud.laz","2018_MLBS_3_537000_4142000_image.tif","Tree",1,537000,537999.999,4142000,4142999.999
"2343",2343,537438.523,537443.483,4142190.037,4142194.97,"Silva","NEON_D07_MLBS_DP1_537000_4142000_classified_point_cloud.laz","2018_MLBS_3_537000_4142000_image.tif","Tree",1,537000,537999.999,4142000,4142999.999
"2344",2344,537462.004,537474.303,4142184.511,4142197.989,"Silva","NEON_D07_MLBS_DP1_537000_4142000_classified_point_cloud.laz","2018_MLBS_3_537000_4142000_image.tif","Tree",1,537000,537999.999,4142000,4142999.999
"2345",2345,537437.011,537445.496,4142195.003,4142205.488,"Silva","NEON_D07_MLBS_DP1_537000_4142000_classified_point_cloud.laz","2018_MLBS_3_537000_4142000_image.tif","Tree",1,537000,537999.999,4142000,4142999.999
"2346",2346,537467.103,537474.925,4142196.512,4142205,"Silva","NEON_D07_MLBS_DP1_537000_4142000_classified_point_cloud.laz","2018_MLBS_3_537000_4142000_image.tif","Tree",1,537000,537999.999,4142000,4142999.999
"2347",2347,537471.001,537476.955,4142202.509,4142209.456,"Silva","NEON_D07_MLBS_DP1_537000_4142000_classified_point_cloud.laz","2018_MLBS_3_537000_4142000_image.tif","Tree",1,537000,537999.999,4142000,4142999.999
"2348",2348,537442.512,537452.932,4142206.505,4142214.98,"Silva","NEON_D07_MLBS_DP1_537000_4142000_classified_point_cloud.laz","2018_MLBS_3_537000_4142000_image.tif","Tree",1,537000,537999.999,4142000,4142999.999
"2349",2349,537459.516,537470.997,4142209.002,4142220.482,"Silva","NEON_D07_MLBS_DP1_537000_4142000_classified_point_cloud.laz","2018_MLBS_3_537000_4142000_image.tif","Tree",1,537000,537999.999,4142000,4142999.999
"2350",2350,537430.619,537437.496,4142206.112,4142216.36,"Silva","NEON_D07_MLBS_DP1_537000_4142000_classified_point_cloud.laz","2018_MLBS_3_537000_4142000_image.tif","Tree",1,537000,537999.999,4142000,4142999.999
"2351",2351,537471.047,537479.301,4142210.616,4142217.313,"Silva","NEON_D07_MLBS_DP1_537000_4142000_classified_point_cloud.laz","2018_MLBS_3_537000_4142000_image.tif","Tree",1,537000,537999.999,4142000,4142999.999
"2352",2352,537370,537380.471,4142275.005,4142284.478,"Silva","NEON_D07_MLBS_DP1_537000_4142000_classified_point_cloud.laz","2018_MLBS_3_537000_4142000_image.tif","Tree",1,537000,537999.999,4142000,4142999.999
"2353",2353,537361,537369.995,4142276.045,4142287.982,"Silva","NEON_D07_MLBS_DP1_537000_4142000_classified_point_cloud.laz","2018_MLBS_3_537000_4142000_image.tif","Tree",1,537000,537999.999,4142000,4142999.999
"2354",2354,537393.509,537404.478,4142277.541,4142289.985,"Silva","NEON_D07_MLBS_DP1_537000_4142000_classified_point_cloud.laz","2018_MLBS_3_537000_4142000_image.tif","Tree",1,537000,537999.999,4142000,4142999.999
"2355",2355,537415.667,537426.464,4142278.552,4142286.995,"Silva","NEON_D07_MLBS_DP1_537000_4142000_classified_point_cloud.laz","2018_MLBS_3_537000_4142000_image.tif","Tree",1,537000,537999.999,4142000,4142999.999
"2356",2356,537383.021,537390.986,4142276.116,4142287,"Silva","NEON_D07_MLBS_DP1_537000_4142000_classified_point_cloud.laz","2018_MLBS_3_537000_4142000_image.tif","Tree",1,537000,537999.999,4142000,4142999.999
"2357",2357,537387.005,537396.48,4142272.503,4142279.94,"Silva","NEON_D07_MLBS_DP1_537000_4142000_classified_point_cloud.laz","2018_MLBS_3_537000_4142000_image.tif","Tree",1,537000,537999.999,4142000,4142999.999
"2358",2358,537403.014,537410.477,4142272.548,4142283.484,"Silva","NEON_D07_MLBS_DP1_537000_4142000_classified_point_cloud.laz","2018_MLBS_3_537000_4142000_image.tif","Tree",1,537000,537999.999,4142000,4142999.999
"2359",2359,537410.01,537420.472,4142272.013,4142281.478,"Silva","NEON_D07_MLBS_DP1_537000_4142000_classified_point_cloud.laz","2018_MLBS_3_537000_4142000_image.tif","Tree",1,537000,537999.999,4142000,4142999.999
"2360",2360,537356.616,537367.471,4142263.517,4142276.5,"Silva","NEON_D07_MLBS_DP1_537000_4142000_classified_point_cloud.laz","2018_MLBS_3_537000_4142000_image.tif","Tree",1,537000,537999.999,4142000,4142999.999
"2361",2361,537411.509,537423.495,4142263.51,4142273.497,"Silva","NEON_D07_MLBS_DP1_537000_4142000_classified_point_cloud.laz","2018_MLBS_3_537000_4142000_image.tif","Tree",1,537000,537999.999,4142000,4142999.999
"2362",2362,537386,537397.491,4142262.55,4142272.498,"Silva","NEON_D07_MLBS_DP1_537000_4142000_classified_point_cloud.laz","2018_MLBS_3_537000_4142000_image.tif","Tree",1,537000,537999.999,4142000,4142999.999
"2363",2363,537375.514,537385.967,4142258.514,4142271.473,"Silva","NEON_D07_MLBS_DP1_537000_4142000_classified_point_cloud.laz","2018_MLBS_3_537000_4142000_image.tif","Tree",1,537000,537999.999,4142000,4142999.999
"2364",2364,537365.507,537378.396,4142260.023,4142268.983,"Silva","NEON_D07_MLBS_DP1_537000_4142000_classified_point_cloud.laz","2018_MLBS_3_537000_4142000_image.tif","Tree",1,537000,537999.999,4142000,4142999.999
"2365",2365,537403.015,537410.485,4142259.016,4142266.497,"Silva","NEON_D07_MLBS_DP1_537000_4142000_classified_point_cloud.laz","2018_MLBS_3_537000_4142000_image.tif","Tree",1,537000,537999.999,4142000,4142999.999
"2366",2366,537410.002,537418.312,4142260.51,4142266.995,"Silva","NEON_D07_MLBS_DP1_537000_4142000_classified_point_cloud.laz","2018_MLBS_3_537000_4142000_image.tif","Tree",1,537000,537999.999,4142000,4142999.999
"2367",2367,537385.024,537398.453,4142258.502,4142265.454,"Silva","NEON_D07_MLBS_DP1_537000_4142000_classified_point_cloud.laz","2018_MLBS_3_537000_4142000_image.tif","Tree",1,537000,537999.999,4142000,4142999.999
"2368",2368,537409,537420.768,4142257.007,4142263.883,"Silva","NEON_D07_MLBS_DP1_537000_4142000_classified_point_cloud.laz","2018_MLBS_3_537000_4142000_image.tif","Tree",1,537000,537999.999,4142000,4142999.999
"2369",2369,537397.001,537405.851,4142253.521,4142264.79,"Silva","NEON_D07_MLBS_DP1_537000_4142000_classified_point_cloud.laz","2018_MLBS_3_537000_4142000_image.tif","Tree",1,537000,537999.999,4142000,4142999.999
"2370",2370,537355.014,537366.33,4142251.543,4142261.967,"Silva","NEON_D07_MLBS_DP1_537000_4142000_classified_point_cloud.laz","2018_MLBS_3_537000_4142000_image.tif","Tree",1,537000,537999.999,4142000,4142999.999
"2371",2371,537384.072,537397.483,4142252.528,4142259,"Silva","NEON_D07_MLBS_DP1_537000_4142000_classified_point_cloud.laz","2018_MLBS_3_537000_4142000_image.tif","Tree",1,537000,537999.999,4142000,4142999.999
"2372",2372,537366.014,537376.991,4142250.034,4142260.494,"Silva","NEON_D07_MLBS_DP1_537000_4142000_classified_point_cloud.laz","2018_MLBS_3_537000_4142000_image.tif","Tree",1,537000,537999.999,4142000,4142999.999
"2373",2373,537401.012,537409.997,4142250.614,4142259.486,"Silva","NEON_D07_MLBS_DP1_537000_4142000_classified_point_cloud.laz","2018_MLBS_3_537000_4142000_image.tif","Tree",1,537000,537999.999,4142000,4142999.999
"2374",2374,537418.02,537426.924,4142252.055,4142263.442,"Silva","NEON_D07_MLBS_DP1_537000_4142000_classified_point_cloud.laz","2018_MLBS_3_537000_4142000_image.tif","Tree",1,537000,537999.999,4142000,4142999.999
"2375",2375,537361.116,537369.387,4142248.21,4142258.956,"Silva","NEON_D07_MLBS_DP1_537000_4142000_classified_point_cloud.laz","2018_MLBS_3_537000_4142000_image.tif","Tree",1,537000,537999.999,4142000,4142999.999
"2376",2376,537369.527,537380.473,4142246.004,4142253.49,"Silva","NEON_D07_MLBS_DP1_537000_4142000_classified_point_cloud.laz","2018_MLBS_3_537000_4142000_image.tif","Tree",1,537000,537999.999,4142000,4142999.999
"2377",2377,537389.729,537396.973,4142246.502,4142250.98,"Silva","NEON_D07_MLBS_DP1_537000_4142000_classified_point_cloud.laz","2018_MLBS_3_537000_4142000_image.tif","Tree",1,537000,537999.999,4142000,4142999.999
"2378",2378,537411.724,537418.485,4142245.029,4142253,"Silva","NEON_D07_MLBS_DP1_537000_4142000_classified_point_cloud.laz","2018_MLBS_3_537000_4142000_image.tif","Tree",1,537000,537999.999,4142000,4142999.999
"2379",2379,537407.503,537415.85,4142242.521,4142252.497,"Silva","NEON_D07_MLBS_DP1_537000_4142000_classified_point_cloud.laz","2018_MLBS_3_537000_4142000_image.tif","Tree",1,537000,537999.999,4142000,4142999.999
"2380",2380,537364.506,537369.886,4142242.15,4142249.489,"Silva","NEON_D07_MLBS_DP1_537000_4142000_classified_point_cloud.laz","2018_MLBS_3_537000_4142000_image.tif","Tree",1,537000,537999.999,4142000,4142999.999
"2381",2381,537402.024,537407.988,4142245.502,4142251.491,"Silva","NEON_D07_MLBS_DP1_537000_4142000_classified_point_cloud.laz","2018_MLBS_3_537000_4142000_image.tif","Tree",1,537000,537999.999,4142000,4142999.999
"2382",2382,537397.537,537402.433,4142244.034,4142248.282,"Silva","NEON_D07_MLBS_DP1_537000_4142000_classified_point_cloud.laz","2018_MLBS_3_537000_4142000_image.tif","Tree",1,537000,537999.999,4142000,4142999.999
"2383",2383,537368.058,537371.989,4142240.126,4142247.981,"Silva","NEON_D07_MLBS_DP1_537000_4142000_classified_point_cloud.laz","2018_MLBS_3_537000_4142000_image.tif","Tree",1,537000,537999.999,4142000,4142999.999
"2384",2384,537392,537397.497,4142239.035,4142246.497,"Silva","NEON_D07_MLBS_DP1_537000_4142000_classified_point_cloud.laz","2018_MLBS_3_537000_4142000_image.tif","Tree",1,537000,537999.999,4142000,4142999.999
"2385",2385,537415.722,537422.999,4142242.564,4142248.479,"Silva","NEON_D07_MLBS_DP1_537000_4142000_classified_point_cloud.laz","2018_MLBS_3_537000_4142000_image.tif","Tree",1,537000,537999.999,4142000,4142999.999
"2386",2386,537402.032,537408.922,4142239.649,4142245.496,"Silva","NEON_D07_MLBS_DP1_537000_4142000_classified_point_cloud.laz","2018_MLBS_3_537000_4142000_image.tif","Tree",1,537000,537999.999,4142000,4142999.999
"2387",2387,537396.509,537402.882,4142240.012,4142244.868,"Silva","NEON_D07_MLBS_DP1_537000_4142000_classified_point_cloud.laz","2018_MLBS_3_537000_4142000_image.tif","Tree",1,537000,537999.999,4142000,4142999.999
"2388",2388,537363.12,537370.961,4142238.009,4142242.93,"Silva","NEON_D07_MLBS_DP1_537000_4142000_classified_point_cloud.laz","2018_MLBS_3_537000_4142000_image.tif","Tree",1,537000,537999.999,4142000,4142999.999
"2389",2389,537415.078,537423.988,4142238.004,4142243.923,"Silva","NEON_D07_MLBS_DP1_537000_4142000_classified_point_cloud.laz","2018_MLBS_3_537000_4142000_image.tif","Tree",1,537000,537999.999,4142000,4142999.999
"2390",2390,537404.056,537411.992,4142237.026,4142243.494,"Silva","NEON_D07_MLBS_DP1_537000_4142000_classified_point_cloud.laz","2018_MLBS_3_537000_4142000_image.tif","Tree",1,537000,537999.999,4142000,4142999.999
"2391",2391,537362.059,537368.486,4142233.025,4142239.49,"Silva","NEON_D07_MLBS_DP1_537000_4142000_classified_point_cloud.laz","2018_MLBS_3_537000_4142000_image.tif","Tree",1,537000,537999.999,4142000,4142999.999
"2392",2392,537395.5,537403.445,4142234.598,4142240.498,"Silva","NEON_D07_MLBS_DP1_537000_4142000_classified_point_cloud.laz","2018_MLBS_3_537000_4142000_image.tif","Tree",1,537000,537999.999,4142000,4142999.999
"2393",2393,537380.575,537387.475,4142234.031,4142239.449,"Silva","NEON_D07_MLBS_DP1_537000_4142000_classified_point_cloud.laz","2018_MLBS_3_537000_4142000_image.tif","Tree",1,537000,537999.999,4142000,4142999.999
"2394",2394,537410.518,537417.481,4142231.531,4142242.948,"Silva","NEON_D07_MLBS_DP1_537000_4142000_classified_point_cloud.laz","2018_MLBS_3_537000_4142000_image.tif","Tree",1,537000,537999.999,4142000,4142999.999
"2395",2395,537393.53,537400.422,4142231.042,4142238.996,"Silva","NEON_D07_MLBS_DP1_537000_4142000_classified_point_cloud.laz","2018_MLBS_3_537000_4142000_image.tif","Tree",1,537000,537999.999,4142000,4142999.999
"2396",2396,537371.508,537375.997,4142229.016,4142236.996,"Silva","NEON_D07_MLBS_DP1_537000_4142000_classified_point_cloud.laz","2018_MLBS_3_537000_4142000_image.tif","Tree",1,537000,537999.999,4142000,4142999.999
"2397",2397,537416.523,537426.489,4142231.023,4142238.802,"Silva","NEON_D07_MLBS_DP1_537000_4142000_classified_point_cloud.laz","2018_MLBS_3_537000_4142000_image.tif","Tree",1,537000,537999.999,4142000,4142999.999
"2398",2398,537406.069,537412.417,4142232.511,4142237.482,"Silva","NEON_D07_MLBS_DP1_537000_4142000_classified_point_cloud.laz","2018_MLBS_3_537000_4142000_image.tif","Tree",1,537000,537999.999,4142000,4142999.999
"2399",2399,537365.503,537371.822,4142231.011,4142234.92,"Silva","NEON_D07_MLBS_DP1_537000_4142000_classified_point_cloud.laz","2018_MLBS_3_537000_4142000_image.tif","Tree",1,537000,537999.999,4142000,4142999.999
"2400",2400,537379.073,537383.438,4142229.008,4142237.297,"Silva","NEON_D07_MLBS_DP1_537000_4142000_classified_point_cloud.laz","2018_MLBS_3_537000_4142000_image.tif","Tree",1,537000,537999.999,4142000,4142999.999
"2401",2401,537390.722,537396.443,4142229.004,4142235.5,"Silva","NEON_D07_MLBS_DP1_537000_4142000_classified_point_cloud.laz","2018_MLBS_3_537000_4142000_image.tif","Tree",1,537000,537999.999,4142000,4142999.999
"2402",2402,537405.042,537414.928,4142227.036,4142233,"Silva","NEON_D07_MLBS_DP1_537000_4142000_classified_point_cloud.laz","2018_MLBS_3_537000_4142000_image.tif","Tree",1,537000,537999.999,4142000,4142999.999
"2403",2403,537386.504,537392.97,4142223.501,4142229.5,"Silva","NEON_D07_MLBS_DP1_537000_4142000_classified_point_cloud.laz","2018_MLBS_3_537000_4142000_image.tif","Tree",1,537000,537999.999,4142000,4142999.999
"2404",2404,537392.533,537400.381,4142222.601,4142230.803,"Silva","NEON_D07_MLBS_DP1_537000_4142000_classified_point_cloud.laz","2018_MLBS_3_537000_4142000_image.tif","Tree",1,537000,537999.999,4142000,4142999.999
"2405",2405,537382.113,537387.999,4142222.029,4142228.983,"Silva","NEON_D07_MLBS_DP1_537000_4142000_classified_point_cloud.laz","2018_MLBS_3_537000_4142000_image.tif","Tree",1,537000,537999.999,4142000,4142999.999
"2406",2406,537377.671,537382.999,4142223.501,4142228.989,"Silva","NEON_D07_MLBS_DP1_537000_4142000_classified_point_cloud.laz","2018_MLBS_3_537000_4142000_image.tif","Tree",1,537000,537999.999,4142000,4142999.999
"2407",2407,537354.149,537363.495,4142221.049,4142228.406,"Silva","NEON_D07_MLBS_DP1_537000_4142000_classified_point_cloud.laz","2018_MLBS_3_537000_4142000_image.tif","Tree",1,537000,537999.999,4142000,4142999.999
"2408",2408,537415.008,537422.495,4142223.013,4142231.867,"Silva","NEON_D07_MLBS_DP1_537000_4142000_classified_point_cloud.laz","2018_MLBS_3_537000_4142000_image.tif","Tree",1,537000,537999.999,4142000,4142999.999
"2409",2409,537374.057,537378.911,4142221.007,4142227.436,"Silva","NEON_D07_MLBS_DP1_537000_4142000_classified_point_cloud.laz","2018_MLBS_3_537000_4142000_image.tif","Tree",1,537000,537999.999,4142000,4142999.999
"2410",2410,537369.657,537374.497,4142218.681,4142227.426,"Silva","NEON_D07_MLBS_DP1_537000_4142000_classified_point_cloud.laz","2018_MLBS_3_537000_4142000_image.tif","Tree",1,537000,537999.999,4142000,4142999.999
"2411",2411,537404.098,537410.483,4142219.51,4142227.437,"Silva","NEON_D07_MLBS_DP1_537000_4142000_classified_point_cloud.laz","2018_MLBS_3_537000_4142000_image.tif","Tree",1,537000,537999.999,4142000,4142999.999
"2412",2412,537366.5,537371.498,4142216.51,4142223.479,"Silva","NEON_D07_MLBS_DP1_537000_4142000_classified_point_cloud.laz","2018_MLBS_3_537000_4142000_image.tif","Tree",1,537000,537999.999,4142000,4142999.999
"2413",2413,537361.514,537366.486,4142216.538,4142224.979,"Silva","NEON_D07_MLBS_DP1_537000_4142000_classified_point_cloud.laz","2018_MLBS_3_537000_4142000_image.tif","Tree",1,537000,537999.999,4142000,4142999.999
"2414",2414,537398.527,537407.474,4142215.54,4142224.403,"Silva","NEON_D07_MLBS_DP1_537000_4142000_classified_point_cloud.laz","2018_MLBS_3_537000_4142000_image.tif","Tree",1,537000,537999.999,4142000,4142999.999
"2415",2415,537418.151,537425.971,4142218.166,4142224.78,"Silva","NEON_D07_MLBS_DP1_537000_4142000_classified_point_cloud.laz","2018_MLBS_3_537000_4142000_image.tif","Tree",1,537000,537999.999,4142000,4142999.999
"2416",2416,537377.501,537382.487,4142215.02,4142219.977,"Silva","NEON_D07_MLBS_DP1_537000_4142000_classified_point_cloud.laz","2018_MLBS_3_537000_4142000_image.tif","Tree",1,537000,537999.999,4142000,4142999.999
"2417",2417,537386.521,537392.481,4142215.509,4142223.484,"Silva","NEON_D07_MLBS_DP1_537000_4142000_classified_point_cloud.laz","2018_MLBS_3_537000_4142000_image.tif","Tree",1,537000,537999.999,4142000,4142999.999
"2418",2418,537392.512,537400.456,4142213.547,4142222.429,"Silva","NEON_D07_MLBS_DP1_537000_4142000_classified_point_cloud.laz","2018_MLBS_3_537000_4142000_image.tif","Tree",1,537000,537999.999,4142000,4142999.999
"2419",2419,537410.016,537418.972,4142216.574,4142224.267,"Silva","NEON_D07_MLBS_DP1_537000_4142000_classified_point_cloud.laz","2018_MLBS_3_537000_4142000_image.tif","Tree",1,537000,537999.999,4142000,4142999.999
"2420",2420,537382.057,537387.471,4142214.003,4142221.995,"Silva","NEON_D07_MLBS_DP1_537000_4142000_classified_point_cloud.laz","2018_MLBS_3_537000_4142000_image.tif","Tree",1,537000,537999.999,4142000,4142999.999
"2421",2421,537428.861,537439.497,4142277.027,4142284.999,"Silva","NEON_D07_MLBS_DP1_537000_4142000_classified_point_cloud.laz","2018_MLBS_3_537000_4142000_image.tif","Tree",1,537000,537999.999,4142000,4142999.999
"2422",2422,537463.708,537473.991,4142275.04,4142283.994,"Silva","NEON_D07_MLBS_DP1_537000_4142000_classified_point_cloud.laz","2018_MLBS_3_537000_4142000_image.tif","Tree",1,537000,537999.999,4142000,4142999.999
"2423",2423,537419.011,537428.353,4142270.53,4142282.858,"Silva","NEON_D07_MLBS_DP1_537000_4142000_classified_point_cloud.laz","2018_MLBS_3_537000_4142000_image.tif","Tree",1,537000,537999.999,4142000,4142999.999
"2424",2424,537425.558,537436.146,4142271.027,4142280.48,"Silva","NEON_D07_MLBS_DP1_537000_4142000_classified_point_cloud.laz","2018_MLBS_3_537000_4142000_image.tif","Tree",1,537000,537999.999,4142000,4142999.999
"2425",2425,537438.069,537449.484,4142270.036,4142280.484,"Silva","NEON_D07_MLBS_DP1_537000_4142000_classified_point_cloud.laz","2018_MLBS_3_537000_4142000_image.tif","Tree",1,537000,537999.999,4142000,4142999.999
"2426",2426,537449.51,537462.928,4142268.53,4142278.495,"Silva","NEON_D07_MLBS_DP1_537000_4142000_classified_point_cloud.laz","2018_MLBS_3_537000_4142000_image.tif","Tree",1,537000,537999.999,4142000,4142999.999
"2427",2427,537452.503,537459.955,4142265.017,4142271.5,"Silva","NEON_D07_MLBS_DP1_537000_4142000_classified_point_cloud.laz","2018_MLBS_3_537000_4142000_image.tif","Tree",1,537000,537999.999,4142000,4142999.999
"2428",2428,537462.023,537470.478,4142264.016,4142276.497,"Silva","NEON_D07_MLBS_DP1_537000_4142000_classified_point_cloud.laz","2018_MLBS_3_537000_4142000_image.tif","Tree",1,537000,537999.999,4142000,4142999.999
"2429",2429,537459.035,537463.928,4142263.05,4142273.973,"Silva","NEON_D07_MLBS_DP1_537000_4142000_classified_point_cloud.laz","2018_MLBS_3_537000_4142000_image.tif","Tree",1,537000,537999.999,4142000,4142999.999
"2430",2430,537421.531,537432.992,4142260.502,4142270.988,"Silva","NEON_D07_MLBS_DP1_537000_4142000_classified_point_cloud.laz","2018_MLBS_3_537000_4142000_image.tif","Tree",1,537000,537999.999,4142000,4142999.999
"2431",2431,537452.512,537461.497,4142261.045,4142266.954,"Silva","NEON_D07_MLBS_DP1_537000_4142000_classified_point_cloud.laz","2018_MLBS_3_537000_4142000_image.tif","Tree",1,537000,537999.999,4142000,4142999.999
"2432",2432,537461.013,537470.967,4142256.515,4142264,"Silva","NEON_D07_MLBS_DP1_537000_4142000_classified_point_cloud.laz","2018_MLBS_3_537000_4142000_image.tif","Tree",1,537000,537999.999,4142000,4142999.999
"2433",2433,537454.001,537461.916,4142254.515,4142261.499,"Silva","NEON_D07_MLBS_DP1_537000_4142000_classified_point_cloud.laz","2018_MLBS_3_537000_4142000_image.tif","Tree",1,537000,537999.999,4142000,4142999.999
"2434",2434,537426.028,537434.871,4142251.502,4142260.498,"Silva","NEON_D07_MLBS_DP1_537000_4142000_classified_point_cloud.laz","2018_MLBS_3_537000_4142000_image.tif","Tree",1,537000,537999.999,4142000,4142999.999
"2435",2435,537444.025,537455.49,4142248.02,4142256.485,"Silva","NEON_D07_MLBS_DP1_537000_4142000_classified_point_cloud.laz","2018_MLBS_3_537000_4142000_image.tif","Tree",1,537000,537999.999,4142000,4142999.999
"2436",2436,537455.002,537464.399,4142245.539,4142255.997,"Silva","NEON_D07_MLBS_DP1_537000_4142000_classified_point_cloud.laz","2018_MLBS_3_537000_4142000_image.tif","Tree",1,537000,537999.999,4142000,4142999.999
"2437",2437,537465.507,537474.351,4142246.636,4142256.488,"Silva","NEON_D07_MLBS_DP1_537000_4142000_classified_point_cloud.laz","2018_MLBS_3_537000_4142000_image.tif","Tree",1,537000,537999.999,4142000,4142999.999
"2438",2438,537439.505,537451.764,4142243.512,4142252.993,"Silva","NEON_D07_MLBS_DP1_537000_4142000_classified_point_cloud.laz","2018_MLBS_3_537000_4142000_image.tif","Tree",1,537000,537999.999,4142000,4142999.999
"2439",2439,537462.125,537471.403,4142243.506,4142250.492,"Silva","NEON_D07_MLBS_DP1_537000_4142000_classified_point_cloud.laz","2018_MLBS_3_537000_4142000_image.tif","Tree",1,537000,537999.999,4142000,4142999.999
"2440",2440,537433.532,537442.996,4142239.003,4142248.939,"Silva","NEON_D07_MLBS_DP1_537000_4142000_classified_point_cloud.laz","2018_MLBS_3_537000_4142000_image.tif","Tree",1,537000,537999.999,4142000,4142999.999
"2441",2441,537463.066,537469.488,4142237.507,4142245.447,"Silva","NEON_D07_MLBS_DP1_537000_4142000_classified_point_cloud.laz","2018_MLBS_3_537000_4142000_image.tif","Tree",1,537000,537999.999,4142000,4142999.999
"2442",2442,537458.024,537466.934,4142238.003,4142246.488,"Silva","NEON_D07_MLBS_DP1_537000_4142000_classified_point_cloud.laz","2018_MLBS_3_537000_4142000_image.tif","Tree",1,537000,537999.999,4142000,4142999.999
"2443",2443,537450.567,537456.951,4142234.523,4142241.288,"Silva","NEON_D07_MLBS_DP1_537000_4142000_classified_point_cloud.laz","2018_MLBS_3_537000_4142000_image.tif","Tree",1,537000,537999.999,4142000,4142999.999
"2444",2444,537455.116,537461.407,4142231.501,4142242.476,"Silva","NEON_D07_MLBS_DP1_537000_4142000_classified_point_cloud.laz","2018_MLBS_3_537000_4142000_image.tif","Tree",1,537000,537999.999,4142000,4142999.999
"2445",2445,537435.501,537444.397,4142226.055,4142232.307,"Silva","NEON_D07_MLBS_DP1_537000_4142000_classified_point_cloud.laz","2018_MLBS_3_537000_4142000_image.tif","Tree",1,537000,537999.999,4142000,4142999.999
"2446",2446,537452.502,537461.439,4142222.518,4142232,"Silva","NEON_D07_MLBS_DP1_537000_4142000_classified_point_cloud.laz","2018_MLBS_3_537000_4142000_image.tif","Tree",1,537000,537999.999,4142000,4142999.999
"2447",2447,537446.517,537454.984,4142224.009,4142230.476,"Silva","NEON_D07_MLBS_DP1_537000_4142000_classified_point_cloud.laz","2018_MLBS_3_537000_4142000_image.tif","Tree",1,537000,537999.999,4142000,4142999.999
"2448",2448,537427.123,537435.457,4142219.506,4142226.455,"Silva","NEON_D07_MLBS_DP1_537000_4142000_classified_point_cloud.laz","2018_MLBS_3_537000_4142000_image.tif","Tree",1,537000,537999.999,4142000,4142999.999
"2449",2449,537442.508,537448.419,4142220.06,4142229.382,"Silva","NEON_D07_MLBS_DP1_537000_4142000_classified_point_cloud.laz","2018_MLBS_3_537000_4142000_image.tif","Tree",1,537000,537999.999,4142000,4142999.999
"2450",2450,537448.008,537460.488,4142219.045,4142224.982,"Silva","NEON_D07_MLBS_DP1_537000_4142000_classified_point_cloud.laz","2018_MLBS_3_537000_4142000_image.tif","Tree",1,537000,537999.999,4142000,4142999.999
"2451",2451,537463.534,537473.939,4142217.097,4142225.482,"Silva","NEON_D07_MLBS_DP1_537000_4142000_classified_point_cloud.laz","2018_MLBS_3_537000_4142000_image.tif","Tree",1,537000,537999.999,4142000,4142999.999
"2452",2452,537389.003,537396.984,4142327.501,4142336.476,"Silva","NEON_D07_MLBS_DP1_537000_4142000_classified_point_cloud.laz","2018_MLBS_3_537000_4142000_image.tif","Tree",1,537000,537999.999,4142000,4142999.999
"2453",2453,537382.513,537390.8,4142321.167,4142331.498,"Silva","NEON_D07_MLBS_DP1_537000_4142000_classified_point_cloud.laz","2018_MLBS_3_537000_4142000_image.tif","Tree",1,537000,537999.999,4142000,4142999.999
"2454",2454,537417.005,537428.448,4142325.019,4142337.495,"Silva","NEON_D07_MLBS_DP1_537000_4142000_classified_point_cloud.laz","2018_MLBS_3_537000_4142000_image.tif","Tree",1,537000,537999.999,4142000,4142999.999
"2455",2455,537376.611,537384.487,4142278.01,4142286.811,"Silva","NEON_D07_MLBS_DP1_537000_4142000_classified_point_cloud.laz","2018_MLBS_3_537000_4142000_image.tif","Tree",1,537000,537999.999,4142000,4142999.999
"2456",2456,537405.534,537415.958,4142280.511,4142289.474,"Silva","NEON_D07_MLBS_DP1_537000_4142000_classified_point_cloud.laz","2018_MLBS_3_537000_4142000_image.tif","Tree",1,537000,537999.999,4142000,4142999.999
"2457",2457,537416.026,537424.985,4142283.006,4142291.982,"Silva","NEON_D07_MLBS_DP1_537000_4142000_classified_point_cloud.laz","2018_MLBS_3_537000_4142000_image.tif","Tree",1,537000,537999.999,4142000,4142999.999
"2458",2458,537411.556,537417.998,4142283.556,4142291.487,"Silva","NEON_D07_MLBS_DP1_537000_4142000_classified_point_cloud.laz","2018_MLBS_3_537000_4142000_image.tif","Tree",1,537000,537999.999,4142000,4142999.999
"2459",2459,537364.929,537374.981,4142282.011,4142290.993,"Silva","NEON_D07_MLBS_DP1_537000_4142000_classified_point_cloud.laz","2018_MLBS_3_537000_4142000_image.tif","Tree",1,537000,537999.999,4142000,4142999.999
"2460",2460,537380.502,537388.987,4142284.615,4142293.5,"Silva","NEON_D07_MLBS_DP1_537000_4142000_classified_point_cloud.laz","2018_MLBS_3_537000_4142000_image.tif","Tree",1,537000,537999.999,4142000,4142999.999
"2461",2461,537375.577,537382.497,4142288.524,4142295.377,"Silva","NEON_D07_MLBS_DP1_537000_4142000_classified_point_cloud.laz","2018_MLBS_3_537000_4142000_image.tif","Tree",1,537000,537999.999,4142000,4142999.999
"2462",2462,537384.842,537395.406,4142287.005,4142297.931,"Silva","NEON_D07_MLBS_DP1_537000_4142000_classified_point_cloud.laz","2018_MLBS_3_537000_4142000_image.tif","Tree",1,537000,537999.999,4142000,4142999.999
"2463",2463,537370.023,537376.486,4142290.505,4142296.497,"Silva","NEON_D07_MLBS_DP1_537000_4142000_classified_point_cloud.laz","2018_MLBS_3_537000_4142000_image.tif","Tree",1,537000,537999.999,4142000,4142999.999
"2464",2464,537407.187,537415.46,4142293.071,4142300.979,"Silva","NEON_D07_MLBS_DP1_537000_4142000_classified_point_cloud.laz","2018_MLBS_3_537000_4142000_image.tif","Tree",1,537000,537999.999,4142000,4142999.999
"2465",2465,537376.547,537382.985,4142293.559,4142299.96,"Silva","NEON_D07_MLBS_DP1_537000_4142000_classified_point_cloud.laz","2018_MLBS_3_537000_4142000_image.tif","Tree",1,537000,537999.999,4142000,4142999.999
"2466",2466,537392.585,537403.987,4142290.503,4142301.495,"Silva","NEON_D07_MLBS_DP1_537000_4142000_classified_point_cloud.laz","2018_MLBS_3_537000_4142000_image.tif","Tree",1,537000,537999.999,4142000,4142999.999
"2467",2467,537402.204,537410.45,4142299.798,4142306.956,"Silva","NEON_D07_MLBS_DP1_537000_4142000_classified_point_cloud.laz","2018_MLBS_3_537000_4142000_image.tif","Tree",1,537000,537999.999,4142000,4142999.999
"2468",2468,537361.13,537371.492,4142300.531,4142311.465,"Silva","NEON_D07_MLBS_DP1_537000_4142000_classified_point_cloud.laz","2018_MLBS_3_537000_4142000_image.tif","Tree",1,537000,537999.999,4142000,4142999.999
"2469",2469,537382.018,537387.499,4142305.514,4142312.454,"Silva","NEON_D07_MLBS_DP1_537000_4142000_classified_point_cloud.laz","2018_MLBS_3_537000_4142000_image.tif","Tree",1,537000,537999.999,4142000,4142999.999
"2470",2470,537376.017,537381.983,4142305.514,4142310.831,"Silva","NEON_D07_MLBS_DP1_537000_4142000_classified_point_cloud.laz","2018_MLBS_3_537000_4142000_image.tif","Tree",1,537000,537999.999,4142000,4142999.999
"2471",2471,537403.037,537412.29,4142305.508,4142313.833,"Silva","NEON_D07_MLBS_DP1_537000_4142000_classified_point_cloud.laz","2018_MLBS_3_537000_4142000_image.tif","Tree",1,537000,537999.999,4142000,4142999.999
"2472",2472,537388.018,537394.947,4142307.003,4142311.993,"Silva","NEON_D07_MLBS_DP1_537000_4142000_classified_point_cloud.laz","2018_MLBS_3_537000_4142000_image.tif","Tree",1,537000,537999.999,4142000,4142999.999
"2473",2473,537409.512,537421.488,4142309.503,4142320.443,"Silva","NEON_D07_MLBS_DP1_537000_4142000_classified_point_cloud.laz","2018_MLBS_3_537000_4142000_image.tif","Tree",1,537000,537999.999,4142000,4142999.999
"2474",2474,537394.532,537403.851,4142313.505,4142320.991,"Silva","NEON_D07_MLBS_DP1_537000_4142000_classified_point_cloud.laz","2018_MLBS_3_537000_4142000_image.tif","Tree",1,537000,537999.999,4142000,4142999.999
"2475",2475,537385.545,537394.493,4142315.501,4142321.495,"Silva","NEON_D07_MLBS_DP1_537000_4142000_classified_point_cloud.laz","2018_MLBS_3_537000_4142000_image.tif","Tree",1,537000,537999.999,4142000,4142999.999
"2476",2476,537463.514,537473.47,4142344.042,4142353.447,"Silva","NEON_D07_MLBS_DP1_537000_4142000_classified_point_cloud.laz","2018_MLBS_3_537000_4142000_image.tif","Tree",1,537000,537999.999,4142000,4142999.999
"2477",2477,537450.004,537458.493,4142340.525,4142345.971,"Silva","NEON_D07_MLBS_DP1_537000_4142000_classified_point_cloud.laz","2018_MLBS_3_537000_4142000_image.tif","Tree",1,537000,537999.999,4142000,4142999.999
"2478",2478,537471.027,537480.865,4142337.05,4142347.896,"Silva","NEON_D07_MLBS_DP1_537000_4142000_classified_point_cloud.laz","2018_MLBS_3_537000_4142000_image.tif","Tree",1,537000,537999.999,4142000,4142999.999
"2479",2479,537457.052,537464.962,4142338.016,4142346.498,"Silva","NEON_D07_MLBS_DP1_537000_4142000_classified_point_cloud.laz","2018_MLBS_3_537000_4142000_image.tif","Tree",1,537000,537999.999,4142000,4142999.999
"2480",2480,537463,537473.476,4142333.52,4142340.498,"Silva","NEON_D07_MLBS_DP1_537000_4142000_classified_point_cloud.laz","2018_MLBS_3_537000_4142000_image.tif","Tree",1,537000,537999.999,4142000,4142999.999
"2481",2481,537456.009,537463.473,4142332.509,4142339.999,"Silva","NEON_D07_MLBS_DP1_537000_4142000_classified_point_cloud.laz","2018_MLBS_3_537000_4142000_image.tif","Tree",1,537000,537999.999,4142000,4142999.999
"2482",2482,537452.505,537458.962,4142329.055,4142337.428,"Silva","NEON_D07_MLBS_DP1_537000_4142000_classified_point_cloud.laz","2018_MLBS_3_537000_4142000_image.tif","Tree",1,537000,537999.999,4142000,4142999.999
"2483",2483,537447.08,537452.496,4142329.013,4142336.463,"Silva","NEON_D07_MLBS_DP1_537000_4142000_classified_point_cloud.laz","2018_MLBS_3_537000_4142000_image.tif","Tree",1,537000,537999.999,4142000,4142999.999
"2484",2484,537440.514,537447.94,4142327.502,4142334.969,"Silva","NEON_D07_MLBS_DP1_537000_4142000_classified_point_cloud.laz","2018_MLBS_3_537000_4142000_image.tif","Tree",1,537000,537999.999,4142000,4142999.999
"2485",2485,537456.056,537464.878,4142324.026,4142332.491,"Silva","NEON_D07_MLBS_DP1_537000_4142000_classified_point_cloud.laz","2018_MLBS_3_537000_4142000_image.tif","Tree",1,537000,537999.999,4142000,4142999.999
"2486",2486,537443.523,537450.991,4142322.027,4142329.491,"Silva","NEON_D07_MLBS_DP1_537000_4142000_classified_point_cloud.laz","2018_MLBS_3_537000_4142000_image.tif","Tree",1,537000,537999.999,4142000,4142999.999
"2487",2487,537451.004,537457.406,4142321.048,4142329.495,"Silva","NEON_D07_MLBS_DP1_537000_4142000_classified_point_cloud.laz","2018_MLBS_3_537000_4142000_image.tif","Tree",1,537000,537999.999,4142000,4142999.999
"2488",2488,537471.002,537477.94,4142281.011,4142290.987,"Silva","NEON_D07_MLBS_DP1_537000_4142000_classified_point_cloud.laz","2018_MLBS_3_537000_4142000_image.tif","Tree",1,537000,537999.999,4142000,4142999.999
"2489",2489,537452.002,537462.999,4142277.018,4142290.989,"Silva","NEON_D07_MLBS_DP1_537000_4142000_classified_point_cloud.laz","2018_MLBS_3_537000_4142000_image.tif","Tree",1,537000,537999.999,4142000,4142999.999
"2490",2490,537463.001,537471.495,4142276.535,4142293.486,"Silva","NEON_D07_MLBS_DP1_537000_4142000_classified_point_cloud.laz","2018_MLBS_3_537000_4142000_image.tif","Tree",1,537000,537999.999,4142000,4142999.999
"2491",2491,537443.514,537452.473,4142284.113,4142290.999,"Silva","NEON_D07_MLBS_DP1_537000_4142000_classified_point_cloud.laz","2018_MLBS_3_537000_4142000_image.tif","Tree",1,537000,537999.999,4142000,4142999.999
"2492",2492,537435.078,537443.986,4142283.625,4142292.475,"Silva","NEON_D07_MLBS_DP1_537000_4142000_classified_point_cloud.laz","2018_MLBS_3_537000_4142000_image.tif","Tree",1,537000,537999.999,4142000,4142999.999
"2493",2493,537423.536,537430.487,4142286.515,4142296.434,"Silva","NEON_D07_MLBS_DP1_537000_4142000_classified_point_cloud.laz","2018_MLBS_3_537000_4142000_image.tif","Tree",1,537000,537999.999,4142000,4142999.999
"2494",2494,537429.018,537433.993,4142288.054,4142299.496,"Silva","NEON_D07_MLBS_DP1_537000_4142000_classified_point_cloud.laz","2018_MLBS_3_537000_4142000_image.tif","Tree",1,537000,537999.999,4142000,4142999.999
"2495",2495,537460.174,537472.986,4142294.073,4142305.997,"Silva","NEON_D07_MLBS_DP1_537000_4142000_classified_point_cloud.laz","2018_MLBS_3_537000_4142000_image.tif","Tree",1,537000,537999.999,4142000,4142999.999
"2496",2496,537443.508,537449.971,4142297.502,4142307.387,"Silva","NEON_D07_MLBS_DP1_537000_4142000_classified_point_cloud.laz","2018_MLBS_3_537000_4142000_image.tif","Tree",1,537000,537999.999,4142000,4142999.999
"2497",2497,537436.005,537444.991,4142301.021,4142307.5,"Silva","NEON_D07_MLBS_DP1_537000_4142000_classified_point_cloud.laz","2018_MLBS_3_537000_4142000_image.tif","Tree",1,537000,537999.999,4142000,4142999.999
"2498",2498,537425.503,537436.95,4142299.037,4142313.486,"Silva","NEON_D07_MLBS_DP1_537000_4142000_classified_point_cloud.laz","2018_MLBS_3_537000_4142000_image.tif","Tree",1,537000,537999.999,4142000,4142999.999
"2499",2499,537470.006,537479.415,4142311.018,4142320.419,"Silva","NEON_D07_MLBS_DP1_537000_4142000_classified_point_cloud.laz","2018_MLBS_3_537000_4142000_image.tif","Tree",1,537000,537999.999,4142000,4142999.999
"2500",2500,537454.015,537463.497,4142314.707,4142325.484,"Silva","NEON_D07_MLBS_DP1_537000_4142000_classified_point_cloud.laz","2018_MLBS_3_537000_4142000_image.tif","Tree",1,537000,537999.999,4142000,4142999.999
"2501",2501,537457.085,537464.998,4142370.573,4142379.496,"Silva","NEON_D07_MLBS_DP1_537000_4142000_classified_point_cloud.laz","2018_MLBS_3_537000_4142000_image.tif","Tree",1,537000,537999.999,4142000,4142999.999
"2502",2502,537450.521,537457.974,4142370.087,4142377.499,"Silva","NEON_D07_MLBS_DP1_537000_4142000_classified_point_cloud.laz","2018_MLBS_3_537000_4142000_image.tif","Tree",1,537000,537999.999,4142000,4142999.999
"2503",2503,537454.509,537462.997,4142345.529,4142353.492,"Silva","NEON_D07_MLBS_DP1_537000_4142000_classified_point_cloud.laz","2018_MLBS_3_537000_4142000_image.tif","Tree",1,537000,537999.999,4142000,4142999.999
"2504",2504,537369.565,537377.363,4142407.018,4142415.404,"Silva","NEON_D07_MLBS_DP1_537000_4142000_classified_point_cloud.laz","2018_MLBS_3_537000_4142000_image.tif","Tree",1,537000,537999.999,4142000,4142999.999
"2505",2505,537416.515,537426.464,4142407.023,4142414.793,"Silva","NEON_D07_MLBS_DP1_537000_4142000_classified_point_cloud.laz","2018_MLBS_3_537000_4142000_image.tif","Tree",1,537000,537999.999,4142000,4142999.999
"2506",2506,537444.5,537455.997,4142408.042,4142414.971,"Silva","NEON_D07_MLBS_DP1_537000_4142000_classified_point_cloud.laz","2018_MLBS_3_537000_4142000_image.tif","Tree",1,537000,537999.999,4142000,4142999.999
"2507",2507,537372.516,537381.957,4142401.05,4142410.992,"Silva","NEON_D07_MLBS_DP1_537000_4142000_classified_point_cloud.laz","2018_MLBS_3_537000_4142000_image.tif","Tree",1,537000,537999.999,4142000,4142999.999
"2508",2508,537362.014,537370.487,4142401.028,4142407.955,"Silva","NEON_D07_MLBS_DP1_537000_4142000_classified_point_cloud.laz","2018_MLBS_3_537000_4142000_image.tif","Tree",1,537000,537999.999,4142000,4142999.999
"2509",2509,537425.535,537430.962,4142403.505,4142411.87,"Silva","NEON_D07_MLBS_DP1_537000_4142000_classified_point_cloud.laz","2018_MLBS_3_537000_4142000_image.tif","Tree",1,537000,537999.999,4142000,4142999.999
"2510",2510,537419.551,537425.997,4142404.693,4142410.493,"Silva","NEON_D07_MLBS_DP1_537000_4142000_classified_point_cloud.laz","2018_MLBS_3_537000_4142000_image.tif","Tree",1,537000,537999.999,4142000,4142999.999
"2511",2511,537407.031,537417.984,4142401.502,4142411.486,"Silva","NEON_D07_MLBS_DP1_537000_4142000_classified_point_cloud.laz","2018_MLBS_3_537000_4142000_image.tif","Tree",1,537000,537999.999,4142000,4142999.999
"2512",2512,537389.006,537396.448,4142401.545,4142409.988,"Silva","NEON_D07_MLBS_DP1_537000_4142000_classified_point_cloud.laz","2018_MLBS_3_537000_4142000_image.tif","Tree",1,537000,537999.999,4142000,4142999.999
"2513",2513,537429.501,537436.957,4142402.546,4142411.969,"Silva","NEON_D07_MLBS_DP1_537000_4142000_classified_point_cloud.laz","2018_MLBS_3_537000_4142000_image.tif","Tree",1,537000,537999.999,4142000,4142999.999
"2514",2514,537368.572,537377.491,4142396.506,4142406.997,"Silva","NEON_D07_MLBS_DP1_537000_4142000_classified_point_cloud.laz","2018_MLBS_3_537000_4142000_image.tif","Tree",1,537000,537999.999,4142000,4142999.999
"2515",2515,537359.045,537368.989,4142396.502,4142404.983,"Silva","NEON_D07_MLBS_DP1_537000_4142000_classified_point_cloud.laz","2018_MLBS_3_537000_4142000_image.tif","Tree",1,537000,537999.999,4142000,4142999.999
"2516",2516,537395.524,537403.419,4142398.013,4142406.837,"Silva","NEON_D07_MLBS_DP1_537000_4142000_classified_point_cloud.laz","2018_MLBS_3_537000_4142000_image.tif","Tree",1,537000,537999.999,4142000,4142999.999
"2517",2517,537379.506,537388.976,4142398.003,4142406.457,"Silva","NEON_D07_MLBS_DP1_537000_4142000_classified_point_cloud.laz","2018_MLBS_3_537000_4142000_image.tif","Tree",1,537000,537999.999,4142000,4142999.999
"2518",2518,537417.505,537426.986,4142398.554,4142406.992,"Silva","NEON_D07_MLBS_DP1_537000_4142000_classified_point_cloud.laz","2018_MLBS_3_537000_4142000_image.tif","Tree",1,537000,537999.999,4142000,4142999.999
"2519",2519,537385.517,537394.487,4142310.004,4142315.497,"Silva","NEON_D07_MLBS_DP1_537000_4142000_classified_point_cloud.laz","2018_MLBS_3_537000_4142000_image.tif","Tree",1,537000,537999.999,4142000,4142999.999
"2520",2520,537358.006,537368.435,4142306.622,4142316,"Silva","NEON_D07_MLBS_DP1_537000_4142000_classified_point_cloud.laz","2018_MLBS_3_537000_4142000_image.tif","Tree",1,537000,537999.999,4142000,4142999.999
"2521",2521,537378.159,537382.83,4142301.041,4142305.994,"Silva","NEON_D07_MLBS_DP1_537000_4142000_classified_point_cloud.laz","2018_MLBS_3_537000_4142000_image.tif","Tree",1,537000,537999.999,4142000,4142999.999
"2522",2522,537370.003,537376.966,4142296.004,4142303.48,"Silva","NEON_D07_MLBS_DP1_537000_4142000_classified_point_cloud.laz","2018_MLBS_3_537000_4142000_image.tif","Tree",1,537000,537999.999,4142000,4142999.999
"2523",2523,537361,537369.995,4142288.001,4142297.468,"Silva","NEON_D07_MLBS_DP1_537000_4142000_classified_point_cloud.laz","2018_MLBS_3_537000_4142000_image.tif","Tree",1,537000,537999.999,4142000,4142999.999
"2524",2524,537364.668,537373.493,4142311.121,4142322.446,"Silva","NEON_D07_MLBS_DP1_537000_4142000_classified_point_cloud.laz","2018_MLBS_3_537000_4142000_image.tif","Tree",1,537000,537999.999,4142000,4142999.999
"2525",2525,537373.01,537379.473,4142313.555,4142321.999,"Silva","NEON_D07_MLBS_DP1_537000_4142000_classified_point_cloud.laz","2018_MLBS_3_537000_4142000_image.tif","Tree",1,537000,537999.999,4142000,4142999.999
"2526",2526,537394.029,537398.992,4142320.087,4142328.996,"Silva","NEON_D07_MLBS_DP1_537000_4142000_classified_point_cloud.laz","2018_MLBS_3_537000_4142000_image.tif","Tree",1,537000,537999.999,4142000,4142999.999
"2527",2527,537386.546,537394.974,4142319.514,4142327.999,"Silva","NEON_D07_MLBS_DP1_537000_4142000_classified_point_cloud.laz","2018_MLBS_3_537000_4142000_image.tif","Tree",1,537000,537999.999,4142000,4142999.999
"2528",2528,537358.002,537365.969,4142316.006,4142323.972,"Silva","NEON_D07_MLBS_DP1_537000_4142000_classified_point_cloud.laz","2018_MLBS_3_537000_4142000_image.tif","Tree",1,537000,537999.999,4142000,4142999.999
"2529",2529,537375.063,537384.363,4142319.51,4142325.938,"Silva","NEON_D07_MLBS_DP1_537000_4142000_classified_point_cloud.laz","2018_MLBS_3_537000_4142000_image.tif","Tree",1,537000,537999.999,4142000,4142999.999
"2530",2530,537360.018,537364.492,4142323.741,4142330.48,"Silva","NEON_D07_MLBS_DP1_537000_4142000_classified_point_cloud.laz","2018_MLBS_3_537000_4142000_image.tif","Tree",1,537000,537999.999,4142000,4142999.999
"2531",2531,537403.536,537411.92,4142324.622,4142333.947,"Silva","NEON_D07_MLBS_DP1_537000_4142000_classified_point_cloud.laz","2018_MLBS_3_537000_4142000_image.tif","Tree",1,537000,537999.999,4142000,4142999.999
"2532",2532,537374.022,537379.991,4142323.046,4142329.499,"Silva","NEON_D07_MLBS_DP1_537000_4142000_classified_point_cloud.laz","2018_MLBS_3_537000_4142000_image.tif","Tree",1,537000,537999.999,4142000,4142999.999
"2533",2533,537406.505,537418.362,4142327.513,4142335.994,"Silva","NEON_D07_MLBS_DP1_537000_4142000_classified_point_cloud.laz","2018_MLBS_3_537000_4142000_image.tif","Tree",1,537000,537999.999,4142000,4142999.999
"2534",2534,537425.501,537435.99,4142325.504,4142337.996,"Silva","NEON_D07_MLBS_DP1_537000_4142000_classified_point_cloud.laz","2018_MLBS_3_537000_4142000_image.tif","Tree",1,537000,537999.999,4142000,4142999.999
"2535",2535,537376.521,537383.995,4142325.64,4142332.494,"Silva","NEON_D07_MLBS_DP1_537000_4142000_classified_point_cloud.laz","2018_MLBS_3_537000_4142000_image.tif","Tree",1,537000,537999.999,4142000,4142999.999
"2536",2536,537396.039,537406.479,4142328.538,4142338.982,"Silva","NEON_D07_MLBS_DP1_537000_4142000_classified_point_cloud.laz","2018_MLBS_3_537000_4142000_image.tif","Tree",1,537000,537999.999,4142000,4142999.999
"2537",2537,537366.014,537373.486,4142328.594,4142338.919,"Silva","NEON_D07_MLBS_DP1_537000_4142000_classified_point_cloud.laz","2018_MLBS_3_537000_4142000_image.tif","Tree",1,537000,537999.999,4142000,4142999.999
"2538",2538,537372.025,537378.818,4142329.1,4142340.483,"Silva","NEON_D07_MLBS_DP1_537000_4142000_classified_point_cloud.laz","2018_MLBS_3_537000_4142000_image.tif","Tree",1,537000,537999.999,4142000,4142999.999
"2539",2539,537383.518,537390.977,4142331.516,4142340.488,"Silva","NEON_D07_MLBS_DP1_537000_4142000_classified_point_cloud.laz","2018_MLBS_3_537000_4142000_image.tif","Tree",1,537000,537999.999,4142000,4142999.999
"2540",2540,537360.04,537366.958,4142330.501,4142337.989,"Silva","NEON_D07_MLBS_DP1_537000_4142000_classified_point_cloud.laz","2018_MLBS_3_537000_4142000_image.tif","Tree",1,537000,537999.999,4142000,4142999.999
"2541",2541,537448.002,537456.943,4142336.018,4142342.966,"Silva","NEON_D07_MLBS_DP1_537000_4142000_classified_point_cloud.laz","2018_MLBS_3_537000_4142000_image.tif","Tree",1,537000,537999.999,4142000,4142999.999
"2542",2542,537390.619,537400.974,4142335.126,4142342.473,"Silva","NEON_D07_MLBS_DP1_537000_4142000_classified_point_cloud.laz","2018_MLBS_3_537000_4142000_image.tif","Tree",1,537000,537999.999,4142000,4142999.999
"2543",2543,537435.01,537442.98,4142338.642,4142349.62,"Silva","NEON_D07_MLBS_DP1_537000_4142000_classified_point_cloud.laz","2018_MLBS_3_537000_4142000_image.tif","Tree",1,537000,537999.999,4142000,4142999.999
"2544",2544,537360.026,537368.455,4142336.521,4142341.499,"Silva","NEON_D07_MLBS_DP1_537000_4142000_classified_point_cloud.laz","2018_MLBS_3_537000_4142000_image.tif","Tree",1,537000,537999.999,4142000,4142999.999
"2545",2545,537376.135,537386.494,4142338.516,4142345.464,"Silva","NEON_D07_MLBS_DP1_537000_4142000_classified_point_cloud.laz","2018_MLBS_3_537000_4142000_image.tif","Tree",1,537000,537999.999,4142000,4142999.999
"2546",2546,537426.007,537434.992,4142338.001,4142347.499,"Silva","NEON_D07_MLBS_DP1_537000_4142000_classified_point_cloud.laz","2018_MLBS_3_537000_4142000_image.tif","Tree",1,537000,537999.999,4142000,4142999.999
"2547",2547,537449.001,537457.744,4142345.506,4142351.993,"Silva","NEON_D07_MLBS_DP1_537000_4142000_classified_point_cloud.laz","2018_MLBS_3_537000_4142000_image.tif","Tree",1,537000,537999.999,4142000,4142999.999
"2548",2548,537364.025,537371.481,4142341.694,4142348.75,"Silva","NEON_D07_MLBS_DP1_537000_4142000_classified_point_cloud.laz","2018_MLBS_3_537000_4142000_image.tif","Tree",1,537000,537999.999,4142000,4142999.999
"2549",2549,537422.5,537428.987,4142343.007,4142353.987,"Silva","NEON_D07_MLBS_DP1_537000_4142000_classified_point_cloud.laz","2018_MLBS_3_537000_4142000_image.tif","Tree",1,537000,537999.999,4142000,4142999.999
"2550",2550,537380.252,537386.998,4142344.556,4142349.991,"Silva","NEON_D07_MLBS_DP1_537000_4142000_classified_point_cloud.laz","2018_MLBS_3_537000_4142000_image.tif","Tree",1,537000,537999.999,4142000,4142999.999
"2551",2551,537412.008,537418.492,4142344.005,4142351.705,"Silva","NEON_D07_MLBS_DP1_537000_4142000_classified_point_cloud.laz","2018_MLBS_3_537000_4142000_image.tif","Tree",1,537000,537999.999,4142000,4142999.999
"2552",2552,537369.037,537377.975,4142340.023,4142350.99,"Silva","NEON_D07_MLBS_DP1_537000_4142000_classified_point_cloud.laz","2018_MLBS_3_537000_4142000_image.tif","Tree",1,537000,537999.999,4142000,4142999.999
"2553",2553,537388.509,537396.499,4142345.508,4142351.838,"Silva","NEON_D07_MLBS_DP1_537000_4142000_classified_point_cloud.laz","2018_MLBS_3_537000_4142000_image.tif","Tree",1,537000,537999.999,4142000,4142999.999
"2554",2554,537405.061,537413.495,4142347.077,4142353.429,"Silva","NEON_D07_MLBS_DP1_537000_4142000_classified_point_cloud.laz","2018_MLBS_3_537000_4142000_image.tif","Tree",1,537000,537999.999,4142000,4142999.999
"2555",2555,537393.539,537398.952,4142347.002,4142354.82,"Silva","NEON_D07_MLBS_DP1_537000_4142000_classified_point_cloud.laz","2018_MLBS_3_537000_4142000_image.tif","Tree",1,537000,537999.999,4142000,4142999.999
"2556",2556,537376.522,537383.427,4142345.057,4142353.909,"Silva","NEON_D07_MLBS_DP1_537000_4142000_classified_point_cloud.laz","2018_MLBS_3_537000_4142000_image.tif","Tree",1,537000,537999.999,4142000,4142999.999
"2557",2557,537396.54,537404.996,4142348.503,4142354.981,"Silva","NEON_D07_MLBS_DP1_537000_4142000_classified_point_cloud.laz","2018_MLBS_3_537000_4142000_image.tif","Tree",1,537000,537999.999,4142000,4142999.999
"2558",2558,537448.503,537455.992,4142351.51,4142359.936,"Silva","NEON_D07_MLBS_DP1_537000_4142000_classified_point_cloud.laz","2018_MLBS_3_537000_4142000_image.tif","Tree",1,537000,537999.999,4142000,4142999.999
"2559",2559,537381.036,537389.451,4142349.023,4142358.476,"Silva","NEON_D07_MLBS_DP1_537000_4142000_classified_point_cloud.laz","2018_MLBS_3_537000_4142000_image.tif","Tree",1,537000,537999.999,4142000,4142999.999
"2560",2560,537404.58,537412.494,4142352.018,4142360.461,"Silva","NEON_D07_MLBS_DP1_537000_4142000_classified_point_cloud.laz","2018_MLBS_3_537000_4142000_image.tif","Tree",1,537000,537999.999,4142000,4142999.999
"2561",2561,537361.017,537370.444,4142347.567,4142359.975,"Silva","NEON_D07_MLBS_DP1_537000_4142000_classified_point_cloud.laz","2018_MLBS_3_537000_4142000_image.tif","Tree",1,537000,537999.999,4142000,4142999.999
"2562",2562,537387.506,537395.661,4142351.017,4142357.945,"Silva","NEON_D07_MLBS_DP1_537000_4142000_classified_point_cloud.laz","2018_MLBS_3_537000_4142000_image.tif","Tree",1,537000,537999.999,4142000,4142999.999
"2563",2563,537369.102,537378.498,4142349.522,4142359.985,"Silva","NEON_D07_MLBS_DP1_537000_4142000_classified_point_cloud.laz","2018_MLBS_3_537000_4142000_image.tif","Tree",1,537000,537999.999,4142000,4142999.999
"2564",2564,537430.508,537438.999,4142355.022,4142363.405,"Silva","NEON_D07_MLBS_DP1_537000_4142000_classified_point_cloud.laz","2018_MLBS_3_537000_4142000_image.tif","Tree",1,537000,537999.999,4142000,4142999.999
"2565",2565,537371.557,537381.965,4142352.549,4142360.398,"Silva","NEON_D07_MLBS_DP1_537000_4142000_classified_point_cloud.laz","2018_MLBS_3_537000_4142000_image.tif","Tree",1,537000,537999.999,4142000,4142999.999
"2566",2566,537423.531,537430.999,4142355.214,4142363.451,"Silva","NEON_D07_MLBS_DP1_537000_4142000_classified_point_cloud.laz","2018_MLBS_3_537000_4142000_image.tif","Tree",1,537000,537999.999,4142000,4142999.999
"2567",2567,537446.527,537455.497,4142358.518,4142367.481,"Silva","NEON_D07_MLBS_DP1_537000_4142000_classified_point_cloud.laz","2018_MLBS_3_537000_4142000_image.tif","Tree",1,537000,537999.999,4142000,4142999.999
"2568",2568,537435.041,537443.408,4142357.028,4142364.964,"Silva","NEON_D07_MLBS_DP1_537000_4142000_classified_point_cloud.laz","2018_MLBS_3_537000_4142000_image.tif","Tree",1,537000,537999.999,4142000,4142999.999
"2569",2569,537392.507,537398.997,4142355.119,4142363.428,"Silva","NEON_D07_MLBS_DP1_537000_4142000_classified_point_cloud.laz","2018_MLBS_3_537000_4142000_image.tif","Tree",1,537000,537999.999,4142000,4142999.999
"2570",2570,537410.548,537419.961,4142357.058,4142363.994,"Silva","NEON_D07_MLBS_DP1_537000_4142000_classified_point_cloud.laz","2018_MLBS_3_537000_4142000_image.tif","Tree",1,537000,537999.999,4142000,4142999.999
"2571",2571,537386,537394.485,4142357.508,4142366.992,"Silva","NEON_D07_MLBS_DP1_537000_4142000_classified_point_cloud.laz","2018_MLBS_3_537000_4142000_image.tif","Tree",1,537000,537999.999,4142000,4142999.999
"2572",2572,537377.002,537385.981,4142356.597,4142365.273,"Silva","NEON_D07_MLBS_DP1_537000_4142000_classified_point_cloud.laz","2018_MLBS_3_537000_4142000_image.tif","Tree",1,537000,537999.999,4142000,4142999.999
"2573",2573,537424,537430.926,4142361.545,4142366.495,"Silva","NEON_D07_MLBS_DP1_537000_4142000_classified_point_cloud.laz","2018_MLBS_3_537000_4142000_image.tif","Tree",1,537000,537999.999,4142000,4142999.999
"2574",2574,537419.026,537424.483,4142360.501,4142368.691,"Silva","NEON_D07_MLBS_DP1_537000_4142000_classified_point_cloud.laz","2018_MLBS_3_537000_4142000_image.tif","Tree",1,537000,537999.999,4142000,4142999.999
"2575",2575,537411.518,537419.966,4142362.022,4142369.495,"Silva","NEON_D07_MLBS_DP1_537000_4142000_classified_point_cloud.laz","2018_MLBS_3_537000_4142000_image.tif","Tree",1,537000,537999.999,4142000,4142999.999
"2576",2576,537451.69,537461.47,4142364.501,4142371.957,"Silva","NEON_D07_MLBS_DP1_537000_4142000_classified_point_cloud.laz","2018_MLBS_3_537000_4142000_image.tif","Tree",1,537000,537999.999,4142000,4142999.999
"2577",2577,537402.01,537410.457,4142361.169,4142368.494,"Silva","NEON_D07_MLBS_DP1_537000_4142000_classified_point_cloud.laz","2018_MLBS_3_537000_4142000_image.tif","Tree",1,537000,537999.999,4142000,4142999.999
"2578",2578,537420.013,537430.99,4142365.515,4142374.444,"Silva","NEON_D07_MLBS_DP1_537000_4142000_classified_point_cloud.laz","2018_MLBS_3_537000_4142000_image.tif","Tree",1,537000,537999.999,4142000,4142999.999
"2579",2579,537409.565,537416.971,4142361.581,4142371,"Silva","NEON_D07_MLBS_DP1_537000_4142000_classified_point_cloud.laz","2018_MLBS_3_537000_4142000_image.tif","Tree",1,537000,537999.999,4142000,4142999.999
"2580",2580,537393.55,537401.985,4142362.088,4142371.46,"Silva","NEON_D07_MLBS_DP1_537000_4142000_classified_point_cloud.laz","2018_MLBS_3_537000_4142000_image.tif","Tree",1,537000,537999.999,4142000,4142999.999
"2581",2581,537369.007,537379.963,4142360.003,4142367.301,"Silva","NEON_D07_MLBS_DP1_537000_4142000_classified_point_cloud.laz","2018_MLBS_3_537000_4142000_image.tif","Tree",1,537000,537999.999,4142000,4142999.999
"2582",2582,537442.502,537451.496,4142369.007,4142374,"Silva","NEON_D07_MLBS_DP1_537000_4142000_classified_point_cloud.laz","2018_MLBS_3_537000_4142000_image.tif","Tree",1,537000,537999.999,4142000,4142999.999
"2583",2583,537372.662,537380.494,4142365.078,4142372.497,"Silva","NEON_D07_MLBS_DP1_537000_4142000_classified_point_cloud.laz","2018_MLBS_3_537000_4142000_image.tif","Tree",1,537000,537999.999,4142000,4142999.999
"2584",2584,537400.026,537409.446,4142368.009,4142374.484,"Silva","NEON_D07_MLBS_DP1_537000_4142000_classified_point_cloud.laz","2018_MLBS_3_537000_4142000_image.tif","Tree",1,537000,537999.999,4142000,4142999.999
"2585",2585,537389.014,537399.992,4142365.507,4142375.496,"Silva","NEON_D07_MLBS_DP1_537000_4142000_classified_point_cloud.laz","2018_MLBS_3_537000_4142000_image.tif","Tree",1,537000,537999.999,4142000,4142999.999
"2586",2586,537428.502,537438.478,4142369.081,4142379.994,"Silva","NEON_D07_MLBS_DP1_537000_4142000_classified_point_cloud.laz","2018_MLBS_3_537000_4142000_image.tif","Tree",1,537000,537999.999,4142000,4142999.999
"2587",2587,537362.197,537372.899,4142360.673,4142371.463,"Silva","NEON_D07_MLBS_DP1_537000_4142000_classified_point_cloud.laz","2018_MLBS_3_537000_4142000_image.tif","Tree",1,537000,537999.999,4142000,4142999.999
"2588",2588,537406.539,537412.964,4142369.045,4142379.972,"Silva","NEON_D07_MLBS_DP1_537000_4142000_classified_point_cloud.laz","2018_MLBS_3_537000_4142000_image.tif","Tree",1,537000,537999.999,4142000,4142999.999
"2589",2589,537411.5,537422.481,4142369.512,4142381.483,"Silva","NEON_D07_MLBS_DP1_537000_4142000_classified_point_cloud.laz","2018_MLBS_3_537000_4142000_image.tif","Tree",1,537000,537999.999,4142000,4142999.999
"2590",2590,537362.016,537372.246,4142369.054,4142376.48,"Silva","NEON_D07_MLBS_DP1_537000_4142000_classified_point_cloud.laz","2018_MLBS_3_537000_4142000_image.tif","Tree",1,537000,537999.999,4142000,4142999.999
"2591",2591,537447.528,537453.477,4142374.044,4142380.492,"Silva","NEON_D07_MLBS_DP1_537000_4142000_classified_point_cloud.laz","2018_MLBS_3_537000_4142000_image.tif","Tree",1,537000,537999.999,4142000,4142999.999
"2592",2592,537460.03,537468.996,4142375.501,4142384.967,"Silva","NEON_D07_MLBS_DP1_537000_4142000_classified_point_cloud.laz","2018_MLBS_3_537000_4142000_image.tif","Tree",1,537000,537999.999,4142000,4142999.999
"2593",2593,537422.036,537434.933,4142372.532,4142381.434,"Silva","NEON_D07_MLBS_DP1_537000_4142000_classified_point_cloud.laz","2018_MLBS_3_537000_4142000_image.tif","Tree",1,537000,537999.999,4142000,4142999.999
"2594",2594,537385.002,537395.246,4142373.502,4142384.5,"Silva","NEON_D07_MLBS_DP1_537000_4142000_classified_point_cloud.laz","2018_MLBS_3_537000_4142000_image.tif","Tree",1,537000,537999.999,4142000,4142999.999
"2595",2595,537440.005,537448.447,4142378.002,4142384.921,"Silva","NEON_D07_MLBS_DP1_537000_4142000_classified_point_cloud.laz","2018_MLBS_3_537000_4142000_image.tif","Tree",1,537000,537999.999,4142000,4142999.999
"2596",2596,537377.008,537384.992,4142372.635,4142383.48,"Silva","NEON_D07_MLBS_DP1_537000_4142000_classified_point_cloud.laz","2018_MLBS_3_537000_4142000_image.tif","Tree",1,537000,537999.999,4142000,4142999.999
"2597",2597,537371.208,537377.493,4142371.51,4142380.493,"Silva","NEON_D07_MLBS_DP1_537000_4142000_classified_point_cloud.laz","2018_MLBS_3_537000_4142000_image.tif","Tree",1,537000,537999.999,4142000,4142999.999
"2598",2598,537453.504,537461.493,4142381.009,4142387.971,"Silva","NEON_D07_MLBS_DP1_537000_4142000_classified_point_cloud.laz","2018_MLBS_3_537000_4142000_image.tif","Tree",1,537000,537999.999,4142000,4142999.999
"2599",2599,537437.014,537447.474,4142378.501,4142387.471,"Silva","NEON_D07_MLBS_DP1_537000_4142000_classified_point_cloud.laz","2018_MLBS_3_537000_4142000_image.tif","Tree",1,537000,537999.999,4142000,4142999.999
"2600",2600,537366.554,537373.958,4142374.505,4142382.246,"Silva","NEON_D07_MLBS_DP1_537000_4142000_classified_point_cloud.laz","2018_MLBS_3_537000_4142000_image.tif","Tree",1,537000,537999.999,4142000,4142999.999
"2601",2601,537425.525,537436.946,4142379.517,4142387.91,"Silva","NEON_D07_MLBS_DP1_537000_4142000_classified_point_cloud.laz","2018_MLBS_3_537000_4142000_image.tif","Tree",1,537000,537999.999,4142000,4142999.999
"2602",2602,537397.018,537405.49,4142376.527,4142387.463,"Silva","NEON_D07_MLBS_DP1_537000_4142000_classified_point_cloud.laz","2018_MLBS_3_537000_4142000_image.tif","Tree",1,537000,537999.999,4142000,4142999.999
"2603",2603,537387.089,537397.981,4142375.512,4142386.98,"Silva","NEON_D07_MLBS_DP1_537000_4142000_classified_point_cloud.laz","2018_MLBS_3_537000_4142000_image.tif","Tree",1,537000,537999.999,4142000,4142999.999
"2604",2604,537355.004,537362.425,4142374.513,4142382.996,"Silva","NEON_D07_MLBS_DP1_537000_4142000_classified_point_cloud.laz","2018_MLBS_3_537000_4142000_image.tif","Tree",1,537000,537999.999,4142000,4142999.999
"2605",2605,537414.021,537425.496,4142377.555,4142387.984,"Silva","NEON_D07_MLBS_DP1_537000_4142000_classified_point_cloud.laz","2018_MLBS_3_537000_4142000_image.tif","Tree",1,537000,537999.999,4142000,4142999.999
"2606",2606,537359.624,537367.98,4142375.197,4142385.991,"Silva","NEON_D07_MLBS_DP1_537000_4142000_classified_point_cloud.laz","2018_MLBS_3_537000_4142000_image.tif","Tree",1,537000,537999.999,4142000,4142999.999
"2607",2607,537448.508,537455.952,4142385.043,4142392.499,"Silva","NEON_D07_MLBS_DP1_537000_4142000_classified_point_cloud.laz","2018_MLBS_3_537000_4142000_image.tif","Tree",1,537000,537999.999,4142000,4142999.999
"2608",2608,537368.003,537377.991,4142380.007,4142386.993,"Silva","NEON_D07_MLBS_DP1_537000_4142000_classified_point_cloud.laz","2018_MLBS_3_537000_4142000_image.tif","Tree",1,537000,537999.999,4142000,4142999.999
"2609",2609,537453.026,537459.998,4142387.56,4142394.458,"Silva","NEON_D07_MLBS_DP1_537000_4142000_classified_point_cloud.laz","2018_MLBS_3_537000_4142000_image.tif","Tree",1,537000,537999.999,4142000,4142999.999
"2610",2610,537423.533,537431.441,4142384.517,4142393.813,"Silva","NEON_D07_MLBS_DP1_537000_4142000_classified_point_cloud.laz","2018_MLBS_3_537000_4142000_image.tif","Tree",1,537000,537999.999,4142000,4142999.999
"2611",2611,537441.094,537448.992,4142386.544,4142394.987,"Silva","NEON_D07_MLBS_DP1_537000_4142000_classified_point_cloud.laz","2018_MLBS_3_537000_4142000_image.tif","Tree",1,537000,537999.999,4142000,4142999.999
"2612",2612,537407.032,537415.9,4142381.071,4142392.996,"Silva","NEON_D07_MLBS_DP1_537000_4142000_classified_point_cloud.laz","2018_MLBS_3_537000_4142000_image.tif","Tree",1,537000,537999.999,4142000,4142999.999
"2613",2613,537373.528,537385.493,4142382.061,4142391.985,"Silva","NEON_D07_MLBS_DP1_537000_4142000_classified_point_cloud.laz","2018_MLBS_3_537000_4142000_image.tif","Tree",1,537000,537999.999,4142000,4142999.999
"2614",2614,537415.008,537424.449,4142387.501,4142394.213,"Silva","NEON_D07_MLBS_DP1_537000_4142000_classified_point_cloud.laz","2018_MLBS_3_537000_4142000_image.tif","Tree",1,537000,537999.999,4142000,4142999.999
"2615",2615,537390.526,537402.322,4142385.508,4142393.913,"Silva","NEON_D07_MLBS_DP1_537000_4142000_classified_point_cloud.laz","2018_MLBS_3_537000_4142000_image.tif","Tree",1,537000,537999.999,4142000,4142999.999
"2616",2616,537453.589,537463.483,4142392.036,4142400.993,"Silva","NEON_D07_MLBS_DP1_537000_4142000_classified_point_cloud.laz","2018_MLBS_3_537000_4142000_image.tif","Tree",1,537000,537999.999,4142000,4142999.999
"2617",2617,537435.052,537444.493,4142390.556,4142398.994,"Silva","NEON_D07_MLBS_DP1_537000_4142000_classified_point_cloud.laz","2018_MLBS_3_537000_4142000_image.tif","Tree",1,537000,537999.999,4142000,4142999.999
"2618",2618,537361.083,537368.985,4142384.063,4142390.487,"Silva","NEON_D07_MLBS_DP1_537000_4142000_classified_point_cloud.laz","2018_MLBS_3_537000_4142000_image.tif","Tree",1,537000,537999.999,4142000,4142999.999
"2619",2619,537444.537,537453.992,4142391.053,4142398.5,"Silva","NEON_D07_MLBS_DP1_537000_4142000_classified_point_cloud.laz","2018_MLBS_3_537000_4142000_image.tif","Tree",1,537000,537999.999,4142000,4142999.999
"2620",2620,537367.506,537372.485,4142385.568,4142396.491,"Silva","NEON_D07_MLBS_DP1_537000_4142000_classified_point_cloud.laz","2018_MLBS_3_537000_4142000_image.tif","Tree",1,537000,537999.999,4142000,4142999.999
"2621",2621,537400.511,537409.966,4142389.026,4142398.478,"Silva","NEON_D07_MLBS_DP1_537000_4142000_classified_point_cloud.laz","2018_MLBS_3_537000_4142000_image.tif","Tree",1,537000,537999.999,4142000,4142999.999
"2622",2622,537419.041,537428.961,4142391.507,4142398.496,"Silva","NEON_D07_MLBS_DP1_537000_4142000_classified_point_cloud.laz","2018_MLBS_3_537000_4142000_image.tif","Tree",1,537000,537999.999,4142000,4142999.999
"2623",2623,537370.051,537377.988,4142387.086,4142396.498,"Silva","NEON_D07_MLBS_DP1_537000_4142000_classified_point_cloud.laz","2018_MLBS_3_537000_4142000_image.tif","Tree",1,537000,537999.999,4142000,4142999.999
"2624",2624,537363.521,537369.366,4142390.001,4142396.499,"Silva","NEON_D07_MLBS_DP1_537000_4142000_classified_point_cloud.laz","2018_MLBS_3_537000_4142000_image.tif","Tree",1,537000,537999.999,4142000,4142999.999
"2625",2625,537358.543,537364.415,4142386.575,4142396.497,"Silva","NEON_D07_MLBS_DP1_537000_4142000_classified_point_cloud.laz","2018_MLBS_3_537000_4142000_image.tif","Tree",1,537000,537999.999,4142000,4142999.999
"2626",2626,537390.54,537400.985,4142391.508,4142399.992,"Silva","NEON_D07_MLBS_DP1_537000_4142000_classified_point_cloud.laz","2018_MLBS_3_537000_4142000_image.tif","Tree",1,537000,537999.999,4142000,4142999.999
"2627",2627,537430.51,537437.484,4142393.023,4142402.495,"Silva","NEON_D07_MLBS_DP1_537000_4142000_classified_point_cloud.laz","2018_MLBS_3_537000_4142000_image.tif","Tree",1,537000,537999.999,4142000,4142999.999
"2628",2628,537354.054,537363.889,4142389.574,4142397.397,"Silva","NEON_D07_MLBS_DP1_537000_4142000_classified_point_cloud.laz","2018_MLBS_3_537000_4142000_image.tif","Tree",1,537000,537999.999,4142000,4142999.999
"2629",2629,537424.007,537431.459,4142393.521,4142403.433,"Silva","NEON_D07_MLBS_DP1_537000_4142000_classified_point_cloud.laz","2018_MLBS_3_537000_4142000_image.tif","Tree",1,537000,537999.999,4142000,4142999.999
"2630",2630,537414.243,537422.916,4142393.524,4142404.498,"Silva","NEON_D07_MLBS_DP1_537000_4142000_classified_point_cloud.laz","2018_MLBS_3_537000_4142000_image.tif","Tree",1,537000,537999.999,4142000,4142999.999
"2631",2631,537434.056,537442.499,4142397.513,4142405.257,"Silva","NEON_D07_MLBS_DP1_537000_4142000_classified_point_cloud.laz","2018_MLBS_3_537000_4142000_image.tif","Tree",1,537000,537999.999,4142000,4142999.999
"2632",2632,537351.526,537362.418,4142392.508,4142403.491,"Silva","NEON_D07_MLBS_DP1_537000_4142000_classified_point_cloud.laz","2018_MLBS_3_537000_4142000_image.tif","Tree",1,537000,537999.999,4142000,4142999.999
"2633",2633,537387,537395.95,4142395.559,4142403.486,"Silva","NEON_D07_MLBS_DP1_537000_4142000_classified_point_cloud.laz","2018_MLBS_3_537000_4142000_image.tif","Tree",1,537000,537999.999,4142000,4142999.999
"2634",2634,537369.026,537377.47,4142473.058,4142484.968,"Silva","NEON_D07_MLBS_DP1_537000_4142000_classified_point_cloud.laz","2018_MLBS_3_537000_4142000_image.tif","Tree",1,537000,537999.999,4142000,4142999.999
"2635",2635,537414.501,537422.922,4142474.103,4142484.499,"Silva","NEON_D07_MLBS_DP1_537000_4142000_classified_point_cloud.laz","2018_MLBS_3_537000_4142000_image.tif","Tree",1,537000,537999.999,4142000,4142999.999
"2636",2636,537394.011,537404.495,4142470.527,4142481.5,"Silva","NEON_D07_MLBS_DP1_537000_4142000_classified_point_cloud.laz","2018_MLBS_3_537000_4142000_image.tif","Tree",1,537000,537999.999,4142000,4142999.999
"2637",2637,537362.015,537370.277,4142471.179,4142479.999,"Silva","NEON_D07_MLBS_DP1_537000_4142000_classified_point_cloud.laz","2018_MLBS_3_537000_4142000_image.tif","Tree",1,537000,537999.999,4142000,4142999.999
"2638",2638,537373.554,537383.426,4142472.063,4142480.297,"Silva","NEON_D07_MLBS_DP1_537000_4142000_classified_point_cloud.laz","2018_MLBS_3_537000_4142000_image.tif","Tree",1,537000,537999.999,4142000,4142999.999
"2639",2639,537355.513,537362.989,4142473.532,4142479.999,"Silva","NEON_D07_MLBS_DP1_537000_4142000_classified_point_cloud.laz","2018_MLBS_3_537000_4142000_image.tif","Tree",1,537000,537999.999,4142000,4142999.999
"2640",2640,537404.507,537415.899,4142472.004,4142480.499,"Silva","NEON_D07_MLBS_DP1_537000_4142000_classified_point_cloud.laz","2018_MLBS_3_537000_4142000_image.tif","Tree",1,537000,537999.999,4142000,4142999.999
"2641",2641,537384.021,537395.391,4142470.035,4142479.404,"Silva","NEON_D07_MLBS_DP1_537000_4142000_classified_point_cloud.laz","2018_MLBS_3_537000_4142000_image.tif","Tree",1,537000,537999.999,4142000,4142999.999
"2642",2642,537356.034,537366.377,4142466.004,4142473.993,"Silva","NEON_D07_MLBS_DP1_537000_4142000_classified_point_cloud.laz","2018_MLBS_3_537000_4142000_image.tif","Tree",1,537000,537999.999,4142000,4142999.999
"2643",2643,537416.018,537426.478,4142470.011,4142476.864,"Silva","NEON_D07_MLBS_DP1_537000_4142000_classified_point_cloud.laz","2018_MLBS_3_537000_4142000_image.tif","Tree",1,537000,537999.999,4142000,4142999.999
"2644",2644,537374.525,537385.964,4142464.014,4142473.888,"Silva","NEON_D07_MLBS_DP1_537000_4142000_classified_point_cloud.laz","2018_MLBS_3_537000_4142000_image.tif","Tree",1,537000,537999.999,4142000,4142999.999
"2645",2645,537366.554,537375.986,4142465.03,4142473.46,"Silva","NEON_D07_MLBS_DP1_537000_4142000_classified_point_cloud.laz","2018_MLBS_3_537000_4142000_image.tif","Tree",1,537000,537999.999,4142000,4142999.999
"2646",2646,537414.609,537423.96,4142462.441,4142472.496,"Silva","NEON_D07_MLBS_DP1_537000_4142000_classified_point_cloud.laz","2018_MLBS_3_537000_4142000_image.tif","Tree",1,537000,537999.999,4142000,4142999.999
"2647",2647,537407.028,537414.995,4142460.543,4142471.985,"Silva","NEON_D07_MLBS_DP1_537000_4142000_classified_point_cloud.laz","2018_MLBS_3_537000_4142000_image.tif","Tree",1,537000,537999.999,4142000,4142999.999
"2648",2648,537361.522,537370.435,4142458.521,4142469.871,"Silva","NEON_D07_MLBS_DP1_537000_4142000_classified_point_cloud.laz","2018_MLBS_3_537000_4142000_image.tif","Tree",1,537000,537999.999,4142000,4142999.999
"2649",2649,537386.009,537397.493,4142462.51,4142471.39,"Silva","NEON_D07_MLBS_DP1_537000_4142000_classified_point_cloud.laz","2018_MLBS_3_537000_4142000_image.tif","Tree",1,537000,537999.999,4142000,4142999.999
"2650",2650,537397.027,537407.457,4142462.7,4142471.876,"Silva","NEON_D07_MLBS_DP1_537000_4142000_classified_point_cloud.laz","2018_MLBS_3_537000_4142000_image.tif","Tree",1,537000,537999.999,4142000,4142999.999
"2651",2651,537365.581,537375.486,4142435.012,4142444.391,"Silva","NEON_D07_MLBS_DP1_537000_4142000_classified_point_cloud.laz","2018_MLBS_3_537000_4142000_image.tif","Tree",1,537000,537999.999,4142000,4142999.999
"2652",2652,537357.564,537365.483,4142434.566,4142442.981,"Silva","NEON_D07_MLBS_DP1_537000_4142000_classified_point_cloud.laz","2018_MLBS_3_537000_4142000_image.tif","Tree",1,537000,537999.999,4142000,4142999.999
"2653",2653,537383.568,537392.37,4142433.037,4142439.962,"Silva","NEON_D07_MLBS_DP1_537000_4142000_classified_point_cloud.laz","2018_MLBS_3_537000_4142000_image.tif","Tree",1,537000,537999.999,4142000,4142999.999
"2654",2654,537393.626,537403.462,4142435.007,4142443.98,"Silva","NEON_D07_MLBS_DP1_537000_4142000_classified_point_cloud.laz","2018_MLBS_3_537000_4142000_image.tif","Tree",1,537000,537999.999,4142000,4142999.999
"2655",2655,537414.544,537425.299,4142431.161,4142441.457,"Silva","NEON_D07_MLBS_DP1_537000_4142000_classified_point_cloud.laz","2018_MLBS_3_537000_4142000_image.tif","Tree",1,537000,537999.999,4142000,4142999.999
"2656",2656,537405.028,537414.49,4142433.101,4142440.469,"Silva","NEON_D07_MLBS_DP1_537000_4142000_classified_point_cloud.laz","2018_MLBS_3_537000_4142000_image.tif","Tree",1,537000,537999.999,4142000,4142999.999
"2657",2657,537374.079,537383.49,4142432.003,4142438.981,"Silva","NEON_D07_MLBS_DP1_537000_4142000_classified_point_cloud.laz","2018_MLBS_3_537000_4142000_image.tif","Tree",1,537000,537999.999,4142000,4142999.999
"2658",2658,537360.017,537367.925,4142428.569,4142437.937,"Silva","NEON_D07_MLBS_DP1_537000_4142000_classified_point_cloud.laz","2018_MLBS_3_537000_4142000_image.tif","Tree",1,537000,537999.999,4142000,4142999.999
"2659",2659,537355,537361.948,4142427.02,4142434.488,"Silva","NEON_D07_MLBS_DP1_537000_4142000_classified_point_cloud.laz","2018_MLBS_3_537000_4142000_image.tif","Tree",1,537000,537999.999,4142000,4142999.999
"2660",2660,537387.515,537393.497,4142429.171,4142438.493,"Silva","NEON_D07_MLBS_DP1_537000_4142000_classified_point_cloud.laz","2018_MLBS_3_537000_4142000_image.tif","Tree",1,537000,537999.999,4142000,4142999.999
"2661",2661,537397.509,537403.972,4142429.508,4142435.967,"Silva","NEON_D07_MLBS_DP1_537000_4142000_classified_point_cloud.laz","2018_MLBS_3_537000_4142000_image.tif","Tree",1,537000,537999.999,4142000,4142999.999
"2662",2662,537369.01,537375.492,4142424.559,4142435.477,"Silva","NEON_D07_MLBS_DP1_537000_4142000_classified_point_cloud.laz","2018_MLBS_3_537000_4142000_image.tif","Tree",1,537000,537999.999,4142000,4142999.999
"2663",2663,537381.015,537387.488,4142428.054,4142434.478,"Silva","NEON_D07_MLBS_DP1_537000_4142000_classified_point_cloud.laz","2018_MLBS_3_537000_4142000_image.tif","Tree",1,537000,537999.999,4142000,4142999.999
"2664",2664,537407.026,537418.437,4142423.004,4142434.441,"Silva","NEON_D07_MLBS_DP1_537000_4142000_classified_point_cloud.laz","2018_MLBS_3_537000_4142000_image.tif","Tree",1,537000,537999.999,4142000,4142999.999
"2665",2665,537396.549,537407.474,4142422.544,4142429.498,"Silva","NEON_D07_MLBS_DP1_537000_4142000_classified_point_cloud.laz","2018_MLBS_3_537000_4142000_image.tif","Tree",1,537000,537999.999,4142000,4142999.999
"2666",2666,537387.517,537396.995,4142420.543,4142428.99,"Silva","NEON_D07_MLBS_DP1_537000_4142000_classified_point_cloud.laz","2018_MLBS_3_537000_4142000_image.tif","Tree",1,537000,537999.999,4142000,4142999.999
"2667",2667,537356.03,537364.357,4142419.541,4142427.49,"Silva","NEON_D07_MLBS_DP1_537000_4142000_classified_point_cloud.laz","2018_MLBS_3_537000_4142000_image.tif","Tree",1,537000,537999.999,4142000,4142999.999
"2668",2668,537364.02,537373.997,4142419.505,4142427.486,"Silva","NEON_D07_MLBS_DP1_537000_4142000_classified_point_cloud.laz","2018_MLBS_3_537000_4142000_image.tif","Tree",1,537000,537999.999,4142000,4142999.999
"2669",2669,537374.01,537386.645,4142418.511,4142425.998,"Silva","NEON_D07_MLBS_DP1_537000_4142000_classified_point_cloud.laz","2018_MLBS_3_537000_4142000_image.tif","Tree",1,537000,537999.999,4142000,4142999.999
"2670",2670,537396.023,537403.481,4142419.517,4142425.915,"Silva","NEON_D07_MLBS_DP1_537000_4142000_classified_point_cloud.laz","2018_MLBS_3_537000_4142000_image.tif","Tree",1,537000,537999.999,4142000,4142999.999
"2671",2671,537358.111,537366.477,4142416.005,4142422.43,"Silva","NEON_D07_MLBS_DP1_537000_4142000_classified_point_cloud.laz","2018_MLBS_3_537000_4142000_image.tif","Tree",1,537000,537999.999,4142000,4142999.999
"2672",2672,537366.028,537374.911,4142414.081,4142421.929,"Silva","NEON_D07_MLBS_DP1_537000_4142000_classified_point_cloud.laz","2018_MLBS_3_537000_4142000_image.tif","Tree",1,537000,537999.999,4142000,4142999.999
"2673",2673,537356.042,537365.362,4142412.016,4142418.934,"Silva","NEON_D07_MLBS_DP1_537000_4142000_classified_point_cloud.laz","2018_MLBS_3_537000_4142000_image.tif","Tree",1,537000,537999.999,4142000,4142999.999
"2674",2674,537417.048,537426.496,4142415.815,4142423.953,"Silva","NEON_D07_MLBS_DP1_537000_4142000_classified_point_cloud.laz","2018_MLBS_3_537000_4142000_image.tif","Tree",1,537000,537999.999,4142000,4142999.999
"2675",2675,537374,537381.98,4142411.035,4142420.496,"Silva","NEON_D07_MLBS_DP1_537000_4142000_classified_point_cloud.laz","2018_MLBS_3_537000_4142000_image.tif","Tree",1,537000,537999.999,4142000,4142999.999
"2676",2676,537409.003,537417.994,4142411.51,4142423.472,"Silva","NEON_D07_MLBS_DP1_537000_4142000_classified_point_cloud.laz","2018_MLBS_3_537000_4142000_image.tif","Tree",1,537000,537999.999,4142000,4142999.999
"2677",2677,537406.093,537413.998,4142410.003,4142419.488,"Silva","NEON_D07_MLBS_DP1_537000_4142000_classified_point_cloud.laz","2018_MLBS_3_537000_4142000_image.tif","Tree",1,537000,537999.999,4142000,4142999.999
"2678",2678,537419,537427.912,4142440.044,4142449.45,"Silva","NEON_D07_MLBS_DP1_537000_4142000_classified_point_cloud.laz","2018_MLBS_3_537000_4142000_image.tif","Tree",1,537000,537999.999,4142000,4142999.999
"2679",2679,537386.525,537397.482,4142438.583,4142448.383,"Silva","NEON_D07_MLBS_DP1_537000_4142000_classified_point_cloud.laz","2018_MLBS_3_537000_4142000_image.tif","Tree",1,537000,537999.999,4142000,4142999.999
"2680",2680,537374.726,537383.462,4142438.533,4142448.803,"Silva","NEON_D07_MLBS_DP1_537000_4142000_classified_point_cloud.laz","2018_MLBS_3_537000_4142000_image.tif","Tree",1,537000,537999.999,4142000,4142999.999
"2681",2681,537406.504,537412.937,4142445.017,4142451.495,"Silva","NEON_D07_MLBS_DP1_537000_4142000_classified_point_cloud.laz","2018_MLBS_3_537000_4142000_image.tif","Tree",1,537000,537999.999,4142000,4142999.999
"2682",2682,537361.523,537368.963,4142445.044,4142453.489,"Silva","NEON_D07_MLBS_DP1_537000_4142000_classified_point_cloud.laz","2018_MLBS_3_537000_4142000_image.tif","Tree",1,537000,537999.999,4142000,4142999.999
"2683",2683,537411.999,537420.947,4142447.672,4142457.495,"Silva","NEON_D07_MLBS_DP1_537000_4142000_classified_point_cloud.laz","2018_MLBS_3_537000_4142000_image.tif","Tree",1,537000,537999.999,4142000,4142999.999
"2684",2684,537384.501,537388.996,4142446.576,4142456.495,"Silva","NEON_D07_MLBS_DP1_537000_4142000_classified_point_cloud.laz","2018_MLBS_3_537000_4142000_image.tif","Tree",1,537000,537999.999,4142000,4142999.999
"2685",2685,537415.552,537424.494,4142449.38,4142460.455,"Silva","NEON_D07_MLBS_DP1_537000_4142000_classified_point_cloud.laz","2018_MLBS_3_537000_4142000_image.tif","Tree",1,537000,537999.999,4142000,4142999.999
"2686",2686,537375.06,537383.483,4142449.595,4142458.48,"Silva","NEON_D07_MLBS_DP1_537000_4142000_classified_point_cloud.laz","2018_MLBS_3_537000_4142000_image.tif","Tree",1,537000,537999.999,4142000,4142999.999
"2687",2687,537364.034,537375.495,4142451.546,4142459.986,"Silva","NEON_D07_MLBS_DP1_537000_4142000_classified_point_cloud.laz","2018_MLBS_3_537000_4142000_image.tif","Tree",1,537000,537999.999,4142000,4142999.999
"2688",2688,537392.513,537399.458,4142455.085,4142463.994,"Silva","NEON_D07_MLBS_DP1_537000_4142000_classified_point_cloud.laz","2018_MLBS_3_537000_4142000_image.tif","Tree",1,537000,537999.999,4142000,4142999.999
"2689",2689,537397.105,537408.422,4142458.57,4142464.859,"Silva","NEON_D07_MLBS_DP1_537000_4142000_classified_point_cloud.laz","2018_MLBS_3_537000_4142000_image.tif","Tree",1,537000,537999.999,4142000,4142999.999
"2690",2690,537387.003,537394.423,4142456.526,4142463.499,"Silva","NEON_D07_MLBS_DP1_537000_4142000_classified_point_cloud.laz","2018_MLBS_3_537000_4142000_image.tif","Tree",1,537000,537999.999,4142000,4142999.999
"2691",2691,537411.016,537421.484,4142457.507,4142466.756,"Silva","NEON_D07_MLBS_DP1_537000_4142000_classified_point_cloud.laz","2018_MLBS_3_537000_4142000_image.tif","Tree",1,537000,537999.999,4142000,4142999.999
"2692",2692,537373.555,537380.475,4142457.104,4142466.494,"Silva","NEON_D07_MLBS_DP1_537000_4142000_classified_point_cloud.laz","2018_MLBS_3_537000_4142000_image.tif","Tree",1,537000,537999.999,4142000,4142999.999
"2693",2693,537381.1,537388.387,4142458.51,4142468.964,"Silva","NEON_D07_MLBS_DP1_537000_4142000_classified_point_cloud.laz","2018_MLBS_3_537000_4142000_image.tif","Tree",1,537000,537999.999,4142000,4142999.999
"2694",2694,537421.063,537427.497,4142473.512,4142481.495,"Silva","NEON_D07_MLBS_DP1_537000_4142000_classified_point_cloud.laz","2018_MLBS_3_537000_4142000_image.tif","Tree",1,537000,537999.999,4142000,4142999.999
"2695",2695,537446.559,537454.394,4142473.001,4142481.486,"Silva","NEON_D07_MLBS_DP1_537000_4142000_classified_point_cloud.laz","2018_MLBS_3_537000_4142000_image.tif","Tree",1,537000,537999.999,4142000,4142999.999
"2696",2696,537427.019,537436.949,4142472.552,4142482.399,"Silva","NEON_D07_MLBS_DP1_537000_4142000_classified_point_cloud.laz","2018_MLBS_3_537000_4142000_image.tif","Tree",1,537000,537999.999,4142000,4142999.999
"2697",2697,537437.239,537448.454,4142470.585,4142482.331,"Silva","NEON_D07_MLBS_DP1_537000_4142000_classified_point_cloud.laz","2018_MLBS_3_537000_4142000_image.tif","Tree",1,537000,537999.999,4142000,4142999.999
"2698",2698,537452.561,537458.989,4142471.607,4142478.993,"Silva","NEON_D07_MLBS_DP1_537000_4142000_classified_point_cloud.laz","2018_MLBS_3_537000_4142000_image.tif","Tree",1,537000,537999.999,4142000,4142999.999
"2699",2699,537434.504,537445.996,4142464.522,4142477.484,"Silva","NEON_D07_MLBS_DP1_537000_4142000_classified_point_cloud.laz","2018_MLBS_3_537000_4142000_image.tif","Tree",1,537000,537999.999,4142000,4142999.999
"2700",2700,537423.5,537430.998,4142465.514,4142473.5,"Silva","NEON_D07_MLBS_DP1_537000_4142000_classified_point_cloud.laz","2018_MLBS_3_537000_4142000_image.tif","Tree",1,537000,537999.999,4142000,4142999.999
"2701",2701,537428.532,537437.487,4142464.064,4142472.416,"Silva","NEON_D07_MLBS_DP1_537000_4142000_classified_point_cloud.laz","2018_MLBS_3_537000_4142000_image.tif","Tree",1,537000,537999.999,4142000,4142999.999
"2702",2702,537445.068,537454.999,4142464.014,4142473,"Silva","NEON_D07_MLBS_DP1_537000_4142000_classified_point_cloud.laz","2018_MLBS_3_537000_4142000_image.tif","Tree",1,537000,537999.999,4142000,4142999.999
"2703",2703,537454.542,537462.499,4142464.013,4142472.132,"Silva","NEON_D07_MLBS_DP1_537000_4142000_classified_point_cloud.laz","2018_MLBS_3_537000_4142000_image.tif","Tree",1,537000,537999.999,4142000,4142999.999
"2704",2704,537423.285,537434.472,4142434.025,4142447.452,"Silva","NEON_D07_MLBS_DP1_537000_4142000_classified_point_cloud.laz","2018_MLBS_3_537000_4142000_image.tif","Tree",1,537000,537999.999,4142000,4142999.999
"2705",2705,537452.03,537460.47,4142436.172,4142444.99,"Silva","NEON_D07_MLBS_DP1_537000_4142000_classified_point_cloud.laz","2018_MLBS_3_537000_4142000_image.tif","Tree",1,537000,537999.999,4142000,4142999.999
"2706",2706,537433.009,537443.97,4142432.524,4142444.476,"Silva","NEON_D07_MLBS_DP1_537000_4142000_classified_point_cloud.laz","2018_MLBS_3_537000_4142000_image.tif","Tree",1,537000,537999.999,4142000,4142999.999
"2707",2707,537437.61,537445.49,4142430.014,4142439.421,"Silva","NEON_D07_MLBS_DP1_537000_4142000_classified_point_cloud.laz","2018_MLBS_3_537000_4142000_image.tif","Tree",1,537000,537999.999,4142000,4142999.999
"2708",2708,537442.582,537451.959,4142432.014,4142436.996,"Silva","NEON_D07_MLBS_DP1_537000_4142000_classified_point_cloud.laz","2018_MLBS_3_537000_4142000_image.tif","Tree",1,537000,537999.999,4142000,4142999.999
"2709",2709,537454.02,537463.984,4142429.512,4142435.463,"Silva","NEON_D07_MLBS_DP1_537000_4142000_classified_point_cloud.laz","2018_MLBS_3_537000_4142000_image.tif","Tree",1,537000,537999.999,4142000,4142999.999
"2710",2710,537424.569,537433.982,4142425.041,4142435.454,"Silva","NEON_D07_MLBS_DP1_537000_4142000_classified_point_cloud.laz","2018_MLBS_3_537000_4142000_image.tif","Tree",1,537000,537999.999,4142000,4142999.999
"2711",2711,537440.514,537453.998,4142427.04,4142433.827,"Silva","NEON_D07_MLBS_DP1_537000_4142000_classified_point_cloud.laz","2018_MLBS_3_537000_4142000_image.tif","Tree",1,537000,537999.999,4142000,4142999.999
"2712",2712,537417.637,537427.401,4142422.536,4142432.93,"Silva","NEON_D07_MLBS_DP1_537000_4142000_classified_point_cloud.laz","2018_MLBS_3_537000_4142000_image.tif","Tree",1,537000,537999.999,4142000,4142999.999
"2713",2713,537431.025,537439.405,4142423.016,4142433.973,"Silva","NEON_D07_MLBS_DP1_537000_4142000_classified_point_cloud.laz","2018_MLBS_3_537000_4142000_image.tif","Tree",1,537000,537999.999,4142000,4142999.999
"2714",2714,537442.509,537454.487,4142421.035,4142430.937,"Silva","NEON_D07_MLBS_DP1_537000_4142000_classified_point_cloud.laz","2018_MLBS_3_537000_4142000_image.tif","Tree",1,537000,537999.999,4142000,4142999.999
"2715",2715,537454.505,537463.984,4142422.01,4142430.497,"Silva","NEON_D07_MLBS_DP1_537000_4142000_classified_point_cloud.laz","2018_MLBS_3_537000_4142000_image.tif","Tree",1,537000,537999.999,4142000,4142999.999
"2716",2716,537426.022,537434.494,4142418.266,4142425.5,"Silva","NEON_D07_MLBS_DP1_537000_4142000_classified_point_cloud.laz","2018_MLBS_3_537000_4142000_image.tif","Tree",1,537000,537999.999,4142000,4142999.999
"2717",2717,537438.055,537446.498,4142418.029,4142425.497,"Silva","NEON_D07_MLBS_DP1_537000_4142000_classified_point_cloud.laz","2018_MLBS_3_537000_4142000_image.tif","Tree",1,537000,537999.999,4142000,4142999.999
"2718",2718,537452.083,537461.492,4142413.589,4142426.978,"Silva","NEON_D07_MLBS_DP1_537000_4142000_classified_point_cloud.laz","2018_MLBS_3_537000_4142000_image.tif","Tree",1,537000,537999.999,4142000,4142999.999
"2719",2719,537432.511,537439.861,4142412.542,4142421.495,"Silva","NEON_D07_MLBS_DP1_537000_4142000_classified_point_cloud.laz","2018_MLBS_3_537000_4142000_image.tif","Tree",1,537000,537999.999,4142000,4142999.999
"2720",2720,537447.015,537457.492,4142413.032,4142423.485,"Silva","NEON_D07_MLBS_DP1_537000_4142000_classified_point_cloud.laz","2018_MLBS_3_537000_4142000_image.tif","Tree",1,537000,537999.999,4142000,4142999.999
"2721",2721,537425.02,537433.968,4142411.008,4142419.492,"Silva","NEON_D07_MLBS_DP1_537000_4142000_classified_point_cloud.laz","2018_MLBS_3_537000_4142000_image.tif","Tree",1,537000,537999.999,4142000,4142999.999
"2722",2722,537438.509,537445.479,4142411.024,4142419.435,"Silva","NEON_D07_MLBS_DP1_537000_4142000_classified_point_cloud.laz","2018_MLBS_3_537000_4142000_image.tif","Tree",1,537000,537999.999,4142000,4142999.999
"2723",2723,537444.015,537450.497,4142410.534,4142420.92,"Silva","NEON_D07_MLBS_DP1_537000_4142000_classified_point_cloud.laz","2018_MLBS_3_537000_4142000_image.tif","Tree",1,537000,537999.999,4142000,4142999.999
"2724",2724,537455.502,537462.373,4142445.004,4142452.477,"Silva","NEON_D07_MLBS_DP1_537000_4142000_classified_point_cloud.laz","2018_MLBS_3_537000_4142000_image.tif","Tree",1,537000,537999.999,4142000,4142999.999
"2725",2725,537450.011,537455.498,4142443.522,4142451.427,"Silva","NEON_D07_MLBS_DP1_537000_4142000_classified_point_cloud.laz","2018_MLBS_3_537000_4142000_image.tif","Tree",1,537000,537999.999,4142000,4142999.999
"2726",2726,537437.504,537447.485,4142454.004,4142464.958,"Silva","NEON_D07_MLBS_DP1_537000_4142000_classified_point_cloud.laz","2018_MLBS_3_537000_4142000_image.tif","Tree",1,537000,537999.999,4142000,4142999.999
"2727",2727,537448.506,537456.985,4142455.517,4142464.443,"Silva","NEON_D07_MLBS_DP1_537000_4142000_classified_point_cloud.laz","2018_MLBS_3_537000_4142000_image.tif","Tree",1,537000,537999.999,4142000,4142999.999
"2728",2728,537428.071,537432.998,4142454.722,4142460.785,"Silva","NEON_D07_MLBS_DP1_537000_4142000_classified_point_cloud.laz","2018_MLBS_3_537000_4142000_image.tif","Tree",1,537000,537999.999,4142000,4142999.999
"2729",2729,537430.555,537439.482,4142458.662,4142465.991,"Silva","NEON_D07_MLBS_DP1_537000_4142000_classified_point_cloud.laz","2018_MLBS_3_537000_4142000_image.tif","Tree",1,537000,537999.999,4142000,4142999.999
"2730",2730,537442.019,537452.956,4142456.578,4142467.446,"Silva","NEON_D07_MLBS_DP1_537000_4142000_classified_point_cloud.laz","2018_MLBS_3_537000_4142000_image.tif","Tree",1,537000,537999.999,4142000,4142999.999
"2731",2731,537421.504,537430.926,4142457.654,4142465.489,"Silva","NEON_D07_MLBS_DP1_537000_4142000_classified_point_cloud.laz","2018_MLBS_3_537000_4142000_image.tif","Tree",1,537000,537999.999,4142000,4142999.999
"2732",2732,537385.19,537394.332,4142495.596,4142502.494,"Silva","NEON_D07_MLBS_DP1_537000_4142000_classified_point_cloud.laz","2018_MLBS_3_537000_4142000_image.tif","Tree",1,537000,537999.999,4142000,4142999.999
"2733",2733,537406.108,537413.746,4142495.054,4142503.465,"Silva","NEON_D07_MLBS_DP1_537000_4142000_classified_point_cloud.laz","2018_MLBS_3_537000_4142000_image.tif","Tree",1,537000,537999.999,4142000,4142999.999
"2734",2734,537392.05,537398.996,4142493.537,4142500.983,"Silva","NEON_D07_MLBS_DP1_537000_4142000_classified_point_cloud.laz","2018_MLBS_3_537000_4142000_image.tif","Tree",1,537000,537999.999,4142000,4142999.999
"2735",2735,537357.031,537369.911,4142492.03,4142501.948,"Silva","NEON_D07_MLBS_DP1_537000_4142000_classified_point_cloud.laz","2018_MLBS_3_537000_4142000_image.tif","Tree",1,537000,537999.999,4142000,4142999.999
"2736",2736,537384.002,537395.996,4142489.143,4142496.928,"Silva","NEON_D07_MLBS_DP1_537000_4142000_classified_point_cloud.laz","2018_MLBS_3_537000_4142000_image.tif","Tree",1,537000,537999.999,4142000,4142999.999
"2737",2737,537412.004,537422.87,4142492.027,4142501.471,"Silva","NEON_D07_MLBS_DP1_537000_4142000_classified_point_cloud.laz","2018_MLBS_3_537000_4142000_image.tif","Tree",1,537000,537999.999,4142000,4142999.999
"2738",2738,537397.016,537404.955,4142491.019,4142499.46,"Silva","NEON_D07_MLBS_DP1_537000_4142000_classified_point_cloud.laz","2018_MLBS_3_537000_4142000_image.tif","Tree",1,537000,537999.999,4142000,4142999.999
"2739",2739,537369.015,537383.957,4142487.543,4142498.517,"Silva","NEON_D07_MLBS_DP1_537000_4142000_classified_point_cloud.laz","2018_MLBS_3_537000_4142000_image.tif","Tree",1,537000,537999.999,4142000,4142999.999
"2740",2740,537406.56,537413.451,4142489.793,4142496.918,"Silva","NEON_D07_MLBS_DP1_537000_4142000_classified_point_cloud.laz","2018_MLBS_3_537000_4142000_image.tif","Tree",1,537000,537999.999,4142000,4142999.999
"2741",2741,537394.068,537403.866,4142488.008,4142493.973,"Silva","NEON_D07_MLBS_DP1_537000_4142000_classified_point_cloud.laz","2018_MLBS_3_537000_4142000_image.tif","Tree",1,537000,537999.999,4142000,4142999.999
"2742",2742,537408.07,537415.988,4142484.05,4142492.484,"Silva","NEON_D07_MLBS_DP1_537000_4142000_classified_point_cloud.laz","2018_MLBS_3_537000_4142000_image.tif","Tree",1,537000,537999.999,4142000,4142999.999
"2743",2743,537415.508,537424.402,4142484.505,4142496.488,"Silva","NEON_D07_MLBS_DP1_537000_4142000_classified_point_cloud.laz","2018_MLBS_3_537000_4142000_image.tif","Tree",1,537000,537999.999,4142000,4142999.999
"2744",2744,537401.004,537408.99,4142481.038,4142491.473,"Silva","NEON_D07_MLBS_DP1_537000_4142000_classified_point_cloud.laz","2018_MLBS_3_537000_4142000_image.tif","Tree",1,537000,537999.999,4142000,4142999.999
"2745",2745,537371.043,537383.493,4142482.026,4142491.993,"Silva","NEON_D07_MLBS_DP1_537000_4142000_classified_point_cloud.laz","2018_MLBS_3_537000_4142000_image.tif","Tree",1,537000,537999.999,4142000,4142999.999
"2746",2746,537383.514,537393.999,4142483.016,4142492.448,"Silva","NEON_D07_MLBS_DP1_537000_4142000_classified_point_cloud.laz","2018_MLBS_3_537000_4142000_image.tif","Tree",1,537000,537999.999,4142000,4142999.999
"2747",2747,537394.014,537402.444,4142481.506,4142488.954,"Silva","NEON_D07_MLBS_DP1_537000_4142000_classified_point_cloud.laz","2018_MLBS_3_537000_4142000_image.tif","Tree",1,537000,537999.999,4142000,4142999.999
"2748",2748,537361.002,537371.491,4142479.53,4142489.466,"Silva","NEON_D07_MLBS_DP1_537000_4142000_classified_point_cloud.laz","2018_MLBS_3_537000_4142000_image.tif","Tree",1,537000,537999.999,4142000,4142999.999
"2749",2749,537377.187,537384.495,4142481.031,4142487.486,"Silva","NEON_D07_MLBS_DP1_537000_4142000_classified_point_cloud.laz","2018_MLBS_3_537000_4142000_image.tif","Tree",1,537000,537999.999,4142000,4142999.999
"2750",2750,537384.5,537390.978,4142478.597,4142485.44,"Silva","NEON_D07_MLBS_DP1_537000_4142000_classified_point_cloud.laz","2018_MLBS_3_537000_4142000_image.tif","Tree",1,537000,537999.999,4142000,4142999.999
"2751",2751,537354.259,537361.498,4142476.551,4142487.913,"Silva","NEON_D07_MLBS_DP1_537000_4142000_classified_point_cloud.laz","2018_MLBS_3_537000_4142000_image.tif","Tree",1,537000,537999.999,4142000,4142999.999
"2752",2752,537390.51,537397.922,4142477.181,4142486.417,"Silva","NEON_D07_MLBS_DP1_537000_4142000_classified_point_cloud.laz","2018_MLBS_3_537000_4142000_image.tif","Tree",1,537000,537999.999,4142000,4142999.999
"2753",2753,537403.598,537414.984,4142477.666,4142486.981,"Silva","NEON_D07_MLBS_DP1_537000_4142000_classified_point_cloud.laz","2018_MLBS_3_537000_4142000_image.tif","Tree",1,537000,537999.999,4142000,4142999.999
"2754",2754,537377.635,537385.637,4142474.012,4142481.479,"Silva","NEON_D07_MLBS_DP1_537000_4142000_classified_point_cloud.laz","2018_MLBS_3_537000_4142000_image.tif","Tree",1,537000,537999.999,4142000,4142999.999
"2755",2755,537450.017,537458.474,4142498.004,4142503.456,"Silva","NEON_D07_MLBS_DP1_537000_4142000_classified_point_cloud.laz","2018_MLBS_3_537000_4142000_image.tif","Tree",1,537000,537999.999,4142000,4142999.999
"2756",2756,537427.531,537441.488,4142489.601,4142498.939,"Silva","NEON_D07_MLBS_DP1_537000_4142000_classified_point_cloud.laz","2018_MLBS_3_537000_4142000_image.tif","Tree",1,537000,537999.999,4142000,4142999.999
"2757",2757,537450.021,537457.495,4142492.006,4142497.999,"Silva","NEON_D07_MLBS_DP1_537000_4142000_classified_point_cloud.laz","2018_MLBS_3_537000_4142000_image.tif","Tree",1,537000,537999.999,4142000,4142999.999
"2758",2758,537446.002,537454.461,4142485.033,4142493.955,"Silva","NEON_D07_MLBS_DP1_537000_4142000_classified_point_cloud.laz","2018_MLBS_3_537000_4142000_image.tif","Tree",1,537000,537999.999,4142000,4142999.999
"2759",2759,537422.504,537428.963,4142484.625,4142496.486,"Silva","NEON_D07_MLBS_DP1_537000_4142000_classified_point_cloud.laz","2018_MLBS_3_537000_4142000_image.tif","Tree",1,537000,537999.999,4142000,4142999.999
"2760",2760,537426.029,537434.455,4142481.508,4142494.474,"Silva","NEON_D07_MLBS_DP1_537000_4142000_classified_point_cloud.laz","2018_MLBS_3_537000_4142000_image.tif","Tree",1,537000,537999.999,4142000,4142999.999
"2761",2761,537418.028,537426.441,4142481.503,4142489.495,"Silva","NEON_D07_MLBS_DP1_537000_4142000_classified_point_cloud.laz","2018_MLBS_3_537000_4142000_image.tif","Tree",1,537000,537999.999,4142000,4142999.999
"2762",2762,537433.003,537445.499,4142478.051,4142489.471,"Silva","NEON_D07_MLBS_DP1_537000_4142000_classified_point_cloud.laz","2018_MLBS_3_537000_4142000_image.tif","Tree",1,537000,537999.999,4142000,4142999.999
"2763",2763,537445.508,537455.499,4142480.543,4142487.488,"Silva","NEON_D07_MLBS_DP1_537000_4142000_classified_point_cloud.laz","2018_MLBS_3_537000_4142000_image.tif","Tree",1,537000,537999.999,4142000,4142999.999
"2764",2764,537453.506,537461.476,4142479.006,4142485.995,"Silva","NEON_D07_MLBS_DP1_537000_4142000_classified_point_cloud.laz","2018_MLBS_3_537000_4142000_image.tif","Tree",1,537000,537999.999,4142000,4142999.999
"2765",2765,537072.521,537082.874,4142005.305,4142016.912,"Silva","NEON_D07_MLBS_DP1_537000_4142000_classified_point_cloud.laz","2018_MLBS_3_537000_4142000_image.tif","Tree",1,537000,537999.999,4142000,4142999.999
"2766",2766,537094.507,537099.492,4142004.02,4142009.447,"Silva","NEON_D07_MLBS_DP1_537000_4142000_classified_point_cloud.laz","2018_MLBS_3_537000_4142000_image.tif","Tree",1,537000,537999.999,4142000,4142999.999
"2767",2767,537127,537132.997,4142013.009,4142022.481,"Silva","NEON_D07_MLBS_DP1_537000_4142000_classified_point_cloud.laz","2018_MLBS_3_537000_4142000_image.tif","Tree",1,537000,537999.999,4142000,4142999.999
"2768",2768,537132.016,537139.358,4142014.303,4142023.289,"Silva","NEON_D07_MLBS_DP1_537000_4142000_classified_point_cloud.laz","2018_MLBS_3_537000_4142000_image.tif","Tree",1,537000,537999.999,4142000,4142999.999
"2769",2769,537131.751,537144.987,4142010.538,4142019.403,"Silva","NEON_D07_MLBS_DP1_537000_4142000_classified_point_cloud.laz","2018_MLBS_3_537000_4142000_image.tif","Tree",1,537000,537999.999,4142000,4142999.999
"2770",2770,537193.791,537200.394,4142010.625,4142019.255,"Silva","NEON_D07_MLBS_DP1_537000_4142000_classified_point_cloud.laz","2018_MLBS_3_537000_4142000_image.tif","Tree",1,537000,537999.999,4142000,4142999.999
"2771",2771,537221.503,537226.442,4142000.128,4142004.947,"Silva","NEON_D07_MLBS_DP1_537000_4142000_classified_point_cloud.laz","2018_MLBS_3_537000_4142000_image.tif","Tree",1,537000,537999.999,4142000,4142999.999
"2772",2772,537182.623,537185.871,4142000.005,4142002.987,"Silva","NEON_D07_MLBS_DP1_537000_4142000_classified_point_cloud.laz","2018_MLBS_3_537000_4142000_image.tif","Tree",1,537000,537999.999,4142000,4142999.999
"2773",2773,537264.546,537273.368,4142008.002,4142015.378,"Silva","NEON_D07_MLBS_DP1_537000_4142000_classified_point_cloud.laz","2018_MLBS_3_537000_4142000_image.tif","Tree",1,537000,537999.999,4142000,4142999.999
"2774",2774,537226.509,537231.109,4142012.035,4142016.645,"Silva","NEON_D07_MLBS_DP1_537000_4142000_classified_point_cloud.laz","2018_MLBS_3_537000_4142000_image.tif","Tree",1,537000,537999.999,4142000,4142999.999
"2775",2775,537258.521,537264.917,4142007.955,4142013.494,"Silva","NEON_D07_MLBS_DP1_537000_4142000_classified_point_cloud.laz","2018_MLBS_3_537000_4142000_image.tif","Tree",1,537000,537999.999,4142000,4142999.999
"2776",2776,537288.03,537292.981,4142003.144,4142007.981,"Silva","NEON_D07_MLBS_DP1_537000_4142000_classified_point_cloud.laz","2018_MLBS_3_537000_4142000_image.tif","Tree",1,537000,537999.999,4142000,4142999.999
"2777",2777,537272.543,537282.934,4142002.553,4142012.994,"Silva","NEON_D07_MLBS_DP1_537000_4142000_classified_point_cloud.laz","2018_MLBS_3_537000_4142000_image.tif","Tree",1,537000,537999.999,4142000,4142999.999
"2778",2778,537250.577,537255.993,4142003.608,4142009.786,"Silva","NEON_D07_MLBS_DP1_537000_4142000_classified_point_cloud.laz","2018_MLBS_3_537000_4142000_image.tif","Tree",1,537000,537999.999,4142000,4142999.999
"2779",2779,537283.619,537291.772,4142000.052,4142004.89,"Silva","NEON_D07_MLBS_DP1_537000_4142000_classified_point_cloud.laz","2018_MLBS_3_537000_4142000_image.tif","Tree",1,537000,537999.999,4142000,4142999.999
"2780",2780,537267.235,537274.423,4142000.02,4142008.037,"Silva","NEON_D07_MLBS_DP1_537000_4142000_classified_point_cloud.laz","2018_MLBS_3_537000_4142000_image.tif","Tree",1,537000,537999.999,4142000,4142999.999
"2781",2781,537276.554,537283.733,4142000.003,4142003.975,"Silva","NEON_D07_MLBS_DP1_537000_4142000_classified_point_cloud.laz","2018_MLBS_3_537000_4142000_image.tif","Tree",1,537000,537999.999,4142000,4142999.999
"2782",2782,537271.199,537276.497,4142000.007,4142003.365,"Silva","NEON_D07_MLBS_DP1_537000_4142000_classified_point_cloud.laz","2018_MLBS_3_537000_4142000_image.tif","Tree",1,537000,537999.999,4142000,4142999.999
"2783",2783,537316.575,537321.96,4142017.044,4142023.979,"Silva","NEON_D07_MLBS_DP1_537000_4142000_classified_point_cloud.laz","2018_MLBS_3_537000_4142000_image.tif","Tree",1,537000,537999.999,4142000,4142999.999
"2784",2784,537321.646,537326.416,4142017.013,4142020.988,"Silva","NEON_D07_MLBS_DP1_537000_4142000_classified_point_cloud.laz","2018_MLBS_3_537000_4142000_image.tif","Tree",1,537000,537999.999,4142000,4142999.999
"2785",2785,537335.595,537347.49,4142011.692,4142018.465,"Silva","NEON_D07_MLBS_DP1_537000_4142000_classified_point_cloud.laz","2018_MLBS_3_537000_4142000_image.tif","Tree",1,537000,537999.999,4142000,4142999.999
"2786",2786,537292.51,537298.987,4142013.518,4142021.847,"Silva","NEON_D07_MLBS_DP1_537000_4142000_classified_point_cloud.laz","2018_MLBS_3_537000_4142000_image.tif","Tree",1,537000,537999.999,4142000,4142999.999
"2787",2787,537297.527,537302.956,4142013.608,4142021.381,"Silva","NEON_D07_MLBS_DP1_537000_4142000_classified_point_cloud.laz","2018_MLBS_3_537000_4142000_image.tif","Tree",1,537000,537999.999,4142000,4142999.999
"2788",2788,537311.074,537315.931,4142007.519,4142010.97,"Silva","NEON_D07_MLBS_DP1_537000_4142000_classified_point_cloud.laz","2018_MLBS_3_537000_4142000_image.tif","Tree",1,537000,537999.999,4142000,4142999.999
"2789",2789,537347.054,537361.454,4142004.55,4142015.499,"Silva","NEON_D07_MLBS_DP1_537000_4142000_classified_point_cloud.laz","2018_MLBS_3_537000_4142000_image.tif","Tree",1,537000,537999.999,4142000,4142999.999
"2790",2790,537330.014,537343.445,4142000.737,4142012.997,"Silva","NEON_D07_MLBS_DP1_537000_4142000_classified_point_cloud.laz","2018_MLBS_3_537000_4142000_image.tif","Tree",1,537000,537999.999,4142000,4142999.999
"2791",2791,537294.052,537300.927,4142006.659,4142013.999,"Silva","NEON_D07_MLBS_DP1_537000_4142000_classified_point_cloud.laz","2018_MLBS_3_537000_4142000_image.tif","Tree",1,537000,537999.999,4142000,4142999.999
"2792",2792,537342.517,537353.473,4142000.112,4142013.952,"Silva","NEON_D07_MLBS_DP1_537000_4142000_classified_point_cloud.laz","2018_MLBS_3_537000_4142000_image.tif","Tree",1,537000,537999.999,4142000,4142999.999
"2793",2793,537303.035,537313.373,4142002.135,4142009.997,"Silva","NEON_D07_MLBS_DP1_537000_4142000_classified_point_cloud.laz","2018_MLBS_3_537000_4142000_image.tif","Tree",1,537000,537999.999,4142000,4142999.999
"2794",2794,537319.156,537332.994,4142000.005,4142009.494,"Silva","NEON_D07_MLBS_DP1_537000_4142000_classified_point_cloud.laz","2018_MLBS_3_537000_4142000_image.tif","Tree",1,537000,537999.999,4142000,4142999.999
"2795",2795,537346.615,537358.984,4142000.002,4142005.998,"Silva","NEON_D07_MLBS_DP1_537000_4142000_classified_point_cloud.laz","2018_MLBS_3_537000_4142000_image.tif","Tree",1,537000,537999.999,4142000,4142999.999
"2796",2796,537293.539,537297.945,4142000.285,4142007.419,"Silva","NEON_D07_MLBS_DP1_537000_4142000_classified_point_cloud.laz","2018_MLBS_3_537000_4142000_image.tif","Tree",1,537000,537999.999,4142000,4142999.999
"2797",2797,537298.287,537306.287,4142000.005,4142002.498,"Silva","NEON_D07_MLBS_DP1_537000_4142000_classified_point_cloud.laz","2018_MLBS_3_537000_4142000_image.tif","Tree",1,537000,537999.999,4142000,4142999.999
"2798",2798,537138.047,537147.835,4142015.787,4142027.213,"Silva","NEON_D07_MLBS_DP1_537000_4142000_classified_point_cloud.laz","2018_MLBS_3_537000_4142000_image.tif","Tree",1,537000,537999.999,4142000,4142999.999
"2799",2799,537119.502,537126.952,4142019.507,4142028.957,"Silva","NEON_D07_MLBS_DP1_537000_4142000_classified_point_cloud.laz","2018_MLBS_3_537000_4142000_image.tif","Tree",1,537000,537999.999,4142000,4142999.999
"2800",2800,537153.53,537167.452,4142016.549,4142026.487,"Silva","NEON_D07_MLBS_DP1_537000_4142000_classified_point_cloud.laz","2018_MLBS_3_537000_4142000_image.tif","Tree",1,537000,537999.999,4142000,4142999.999
"2801",2801,537145.008,537154.499,4142018.525,4142027.955,"Silva","NEON_D07_MLBS_DP1_537000_4142000_classified_point_cloud.laz","2018_MLBS_3_537000_4142000_image.tif","Tree",1,537000,537999.999,4142000,4142999.999
"2802",2802,537123.504,537133.916,4142028.013,4142034.314,"Silva","NEON_D07_MLBS_DP1_537000_4142000_classified_point_cloud.laz","2018_MLBS_3_537000_4142000_image.tif","Tree",1,537000,537999.999,4142000,4142999.999
"2803",2803,537149.019,537158.488,4142023.57,4142034.5,"Silva","NEON_D07_MLBS_DP1_537000_4142000_classified_point_cloud.laz","2018_MLBS_3_537000_4142000_image.tif","Tree",1,537000,537999.999,4142000,4142999.999
"2804",2804,537096.557,537107.886,4142035.512,4142043.406,"Silva","NEON_D07_MLBS_DP1_537000_4142000_classified_point_cloud.laz","2018_MLBS_3_537000_4142000_image.tif","Tree",1,537000,537999.999,4142000,4142999.999
"2805",2805,537133.509,537144.977,4142027.069,4142040.461,"Silva","NEON_D07_MLBS_DP1_537000_4142000_classified_point_cloud.laz","2018_MLBS_3_537000_4142000_image.tif","Tree",1,537000,537999.999,4142000,4142999.999
"2806",2806,537124.004,537133.898,4142033.502,4142041.5,"Silva","NEON_D07_MLBS_DP1_537000_4142000_classified_point_cloud.laz","2018_MLBS_3_537000_4142000_image.tif","Tree",1,537000,537999.999,4142000,4142999.999
"2807",2807,537156.546,537165.962,4142029.751,4142038.977,"Silva","NEON_D07_MLBS_DP1_537000_4142000_classified_point_cloud.laz","2018_MLBS_3_537000_4142000_image.tif","Tree",1,537000,537999.999,4142000,4142999.999
"2808",2808,537130.528,537138.974,4142040.556,4142047.995,"Silva","NEON_D07_MLBS_DP1_537000_4142000_classified_point_cloud.laz","2018_MLBS_3_537000_4142000_image.tif","Tree",1,537000,537999.999,4142000,4142999.999
"2809",2809,537135.52,537143.483,4142040.832,4142052.424,"Silva","NEON_D07_MLBS_DP1_537000_4142000_classified_point_cloud.laz","2018_MLBS_3_537000_4142000_image.tif","Tree",1,537000,537999.999,4142000,4142999.999
"2810",2810,537141.51,537153.328,4142044.585,4142055.494,"Silva","NEON_D07_MLBS_DP1_537000_4142000_classified_point_cloud.laz","2018_MLBS_3_537000_4142000_image.tif","Tree",1,537000,537999.999,4142000,4142999.999
"2811",2811,537126.016,537133.916,4142053.591,4142063.97,"Silva","NEON_D07_MLBS_DP1_537000_4142000_classified_point_cloud.laz","2018_MLBS_3_537000_4142000_image.tif","Tree",1,537000,537999.999,4142000,4142999.999
"2812",2812,537133.518,537142.475,4142054.047,4142060.498,"Silva","NEON_D07_MLBS_DP1_537000_4142000_classified_point_cloud.laz","2018_MLBS_3_537000_4142000_image.tif","Tree",1,537000,537999.999,4142000,4142999.999
"2813",2813,537141.515,537152.372,4142055.501,4142065.215,"Silva","NEON_D07_MLBS_DP1_537000_4142000_classified_point_cloud.laz","2018_MLBS_3_537000_4142000_image.tif","Tree",1,537000,537999.999,4142000,4142999.999
"2814",2814,537152.501,537161.493,4142052.561,4142063.488,"Silva","NEON_D07_MLBS_DP1_537000_4142000_classified_point_cloud.laz","2018_MLBS_3_537000_4142000_image.tif","Tree",1,537000,537999.999,4142000,4142999.999
"2815",2815,537139.024,537146.912,4142061.545,4142070.475,"Silva","NEON_D07_MLBS_DP1_537000_4142000_classified_point_cloud.laz","2018_MLBS_3_537000_4142000_image.tif","Tree",1,537000,537999.999,4142000,4142999.999
"2816",2816,537154.074,537161.432,4142063.008,4142068.944,"Silva","NEON_D07_MLBS_DP1_537000_4142000_classified_point_cloud.laz","2018_MLBS_3_537000_4142000_image.tif","Tree",1,537000,537999.999,4142000,4142999.999
"2817",2817,537142.027,537148.487,4142079.59,4142087.723,"Silva","NEON_D07_MLBS_DP1_537000_4142000_classified_point_cloud.laz","2018_MLBS_3_537000_4142000_image.tif","Tree",1,537000,537999.999,4142000,4142999.999
"2818",2818,537135.546,537142.496,4142080.005,4142088.481,"Silva","NEON_D07_MLBS_DP1_537000_4142000_classified_point_cloud.laz","2018_MLBS_3_537000_4142000_image.tif","Tree",1,537000,537999.999,4142000,4142999.999
"2819",2819,537153.5,537159.416,4142076.659,4142082.966,"Silva","NEON_D07_MLBS_DP1_537000_4142000_classified_point_cloud.laz","2018_MLBS_3_537000_4142000_image.tif","Tree",1,537000,537999.999,4142000,4142999.999
"2820",2820,537146.538,537153.496,4142077.509,4142083.486,"Silva","NEON_D07_MLBS_DP1_537000_4142000_classified_point_cloud.laz","2018_MLBS_3_537000_4142000_image.tif","Tree",1,537000,537999.999,4142000,4142999.999
"2821",2821,537126.02,537131.993,4142078.566,4142086.964,"Silva","NEON_D07_MLBS_DP1_537000_4142000_classified_point_cloud.laz","2018_MLBS_3_537000_4142000_image.tif","Tree",1,537000,537999.999,4142000,4142999.999
"2822",2822,537127.252,537135.797,4142074.511,4142081.448,"Silva","NEON_D07_MLBS_DP1_537000_4142000_classified_point_cloud.laz","2018_MLBS_3_537000_4142000_image.tif","Tree",1,537000,537999.999,4142000,4142999.999
"2823",2823,537141.336,537148.439,4142072.011,4142079.993,"Silva","NEON_D07_MLBS_DP1_537000_4142000_classified_point_cloud.laz","2018_MLBS_3_537000_4142000_image.tif","Tree",1,537000,537999.999,4142000,4142999.999
"2824",2824,537149.009,537155.496,4142069.244,4142075.99,"Silva","NEON_D07_MLBS_DP1_537000_4142000_classified_point_cloud.laz","2018_MLBS_3_537000_4142000_image.tif","Tree",1,537000,537999.999,4142000,4142999.999
"2825",2825,537154.537,537161.968,4142068.546,4142074.446,"Silva","NEON_D07_MLBS_DP1_537000_4142000_classified_point_cloud.laz","2018_MLBS_3_537000_4142000_image.tif","Tree",1,537000,537999.999,4142000,4142999.999
"2826",2826,537140.03,537147.966,4142067.23,4142073.474,"Silva","NEON_D07_MLBS_DP1_537000_4142000_classified_point_cloud.laz","2018_MLBS_3_537000_4142000_image.tif","Tree",1,537000,537999.999,4142000,4142999.999
"2827",2827,537147.008,537154.431,4142063.507,4142071.994,"Silva","NEON_D07_MLBS_DP1_537000_4142000_classified_point_cloud.laz","2018_MLBS_3_537000_4142000_image.tif","Tree",1,537000,537999.999,4142000,4142999.999
"2828",2828,537133.52,537140.481,4142066.014,4142075.252,"Silva","NEON_D07_MLBS_DP1_537000_4142000_classified_point_cloud.laz","2018_MLBS_3_537000_4142000_image.tif","Tree",1,537000,537999.999,4142000,4142999.999
"2829",2829,537158.523,537172.615,4142021.02,4142031.468,"Silva","NEON_D07_MLBS_DP1_537000_4142000_classified_point_cloud.laz","2018_MLBS_3_537000_4142000_image.tif","Tree",1,537000,537999.999,4142000,4142999.999
"2830",2830,537201.529,537205.495,4142024.005,4142029.884,"Silva","NEON_D07_MLBS_DP1_537000_4142000_classified_point_cloud.laz","2018_MLBS_3_537000_4142000_image.tif","Tree",1,537000,537999.999,4142000,4142999.999
"2831",2831,537173.049,537185.952,4142029.577,4142040.887,"Silva","NEON_D07_MLBS_DP1_537000_4142000_classified_point_cloud.laz","2018_MLBS_3_537000_4142000_image.tif","Tree",1,537000,537999.999,4142000,4142999.999
"2832",2832,537219.048,537222.372,4142032.68,4142035.948,"Silva","NEON_D07_MLBS_DP1_537000_4142000_classified_point_cloud.laz","2018_MLBS_3_537000_4142000_image.tif","Tree",1,537000,537999.999,4142000,4142999.999
"2833",2833,537155.56,537166.926,4142038.573,4142049.911,"Silva","NEON_D07_MLBS_DP1_537000_4142000_classified_point_cloud.laz","2018_MLBS_3_537000_4142000_image.tif","Tree",1,537000,537999.999,4142000,4142999.999
"2834",2834,537171.697,537180.896,4142038.528,4142045.857,"Silva","NEON_D07_MLBS_DP1_537000_4142000_classified_point_cloud.laz","2018_MLBS_3_537000_4142000_image.tif","Tree",1,537000,537999.999,4142000,4142999.999
"2835",2835,537180.509,537189.997,4142037.032,4142050.237,"Silva","NEON_D07_MLBS_DP1_537000_4142000_classified_point_cloud.laz","2018_MLBS_3_537000_4142000_image.tif","Tree",1,537000,537999.999,4142000,4142999.999
"2836",2836,537190.016,537197.365,4142043.071,4142052.488,"Silva","NEON_D07_MLBS_DP1_537000_4142000_classified_point_cloud.laz","2018_MLBS_3_537000_4142000_image.tif","Tree",1,537000,537999.999,4142000,4142999.999
"2837",2837,537176.539,537183.979,4142043.002,4142052.433,"Silva","NEON_D07_MLBS_DP1_537000_4142000_classified_point_cloud.laz","2018_MLBS_3_537000_4142000_image.tif","Tree",1,537000,537999.999,4142000,4142999.999
"2838",2838,537169.032,537179.922,4142050.552,4142058.495,"Silva","NEON_D07_MLBS_DP1_537000_4142000_classified_point_cloud.laz","2018_MLBS_3_537000_4142000_image.tif","Tree",1,537000,537999.999,4142000,4142999.999
"2839",2839,537183.515,537196.465,4142047.015,4142055.923,"Silva","NEON_D07_MLBS_DP1_537000_4142000_classified_point_cloud.laz","2018_MLBS_3_537000_4142000_image.tif","Tree",1,537000,537999.999,4142000,4142999.999
"2840",2840,537178.001,537186.498,4142051.504,4142061.947,"Silva","NEON_D07_MLBS_DP1_537000_4142000_classified_point_cloud.laz","2018_MLBS_3_537000_4142000_image.tif","Tree",1,537000,537999.999,4142000,4142999.999
"2841",2841,537191.748,537201.772,4142052.607,4142062.988,"Silva","NEON_D07_MLBS_DP1_537000_4142000_classified_point_cloud.laz","2018_MLBS_3_537000_4142000_image.tif","Tree",1,537000,537999.999,4142000,4142999.999
"2842",2842,537161.007,537167.954,4142062.647,4142068.449,"Silva","NEON_D07_MLBS_DP1_537000_4142000_classified_point_cloud.laz","2018_MLBS_3_537000_4142000_image.tif","Tree",1,537000,537999.999,4142000,4142999.999
"2843",2843,537189.524,537202.923,4142076.006,4142082.492,"Silva","NEON_D07_MLBS_DP1_537000_4142000_classified_point_cloud.laz","2018_MLBS_3_537000_4142000_image.tif","Tree",1,537000,537999.999,4142000,4142999.999
"2844",2844,537164.609,537170.402,4142080.063,4142086.308,"Silva","NEON_D07_MLBS_DP1_537000_4142000_classified_point_cloud.laz","2018_MLBS_3_537000_4142000_image.tif","Tree",1,537000,537999.999,4142000,4142999.999
"2845",2845,537168.03,537173.991,4142076.09,4142083.982,"Silva","NEON_D07_MLBS_DP1_537000_4142000_classified_point_cloud.laz","2018_MLBS_3_537000_4142000_image.tif","Tree",1,537000,537999.999,4142000,4142999.999
"2846",2846,537179.052,537188.429,4142076.049,4142083.463,"Silva","NEON_D07_MLBS_DP1_537000_4142000_classified_point_cloud.laz","2018_MLBS_3_537000_4142000_image.tif","Tree",1,537000,537999.999,4142000,4142999.999
"2847",2847,537159.504,537165.841,4142078.524,4142083.958,"Silva","NEON_D07_MLBS_DP1_537000_4142000_classified_point_cloud.laz","2018_MLBS_3_537000_4142000_image.tif","Tree",1,537000,537999.999,4142000,4142999.999
"2848",2848,537173.009,537178.985,4142076.001,4142081.91,"Silva","NEON_D07_MLBS_DP1_537000_4142000_classified_point_cloud.laz","2018_MLBS_3_537000_4142000_image.tif","Tree",1,537000,537999.999,4142000,4142999.999
"2849",2849,537187.582,537193.496,4142068.092,4142076.888,"Silva","NEON_D07_MLBS_DP1_537000_4142000_classified_point_cloud.laz","2018_MLBS_3_537000_4142000_image.tif","Tree",1,537000,537999.999,4142000,4142999.999
"2850",2850,537174.507,537179.995,4142068.525,4142076.365,"Silva","NEON_D07_MLBS_DP1_537000_4142000_classified_point_cloud.laz","2018_MLBS_3_537000_4142000_image.tif","Tree",1,537000,537999.999,4142000,4142999.999
"2851",2851,537169.503,537174.965,4142070.009,4142076.902,"Silva","NEON_D07_MLBS_DP1_537000_4142000_classified_point_cloud.laz","2018_MLBS_3_537000_4142000_image.tif","Tree",1,537000,537999.999,4142000,4142999.999
"2852",2852,537166.145,537170.937,4142069.074,4142075.45,"Silva","NEON_D07_MLBS_DP1_537000_4142000_classified_point_cloud.laz","2018_MLBS_3_537000_4142000_image.tif","Tree",1,537000,537999.999,4142000,4142999.999
"2853",2853,537183.017,537190.995,4142065.008,4142070.983,"Silva","NEON_D07_MLBS_DP1_537000_4142000_classified_point_cloud.laz","2018_MLBS_3_537000_4142000_image.tif","Tree",1,537000,537999.999,4142000,4142999.999
"2854",2854,537161.524,537167.998,4142067.011,4142072.496,"Silva","NEON_D07_MLBS_DP1_537000_4142000_classified_point_cloud.laz","2018_MLBS_3_537000_4142000_image.tif","Tree",1,537000,537999.999,4142000,4142999.999
"2855",2855,537167.822,537175.473,4142066.503,4142070.986,"Silva","NEON_D07_MLBS_DP1_537000_4142000_classified_point_cloud.laz","2018_MLBS_3_537000_4142000_image.tif","Tree",1,537000,537999.999,4142000,4142999.999
"2856",2856,537175.55,537183.476,4142062.013,4142070.475,"Silva","NEON_D07_MLBS_DP1_537000_4142000_classified_point_cloud.laz","2018_MLBS_3_537000_4142000_image.tif","Tree",1,537000,537999.999,4142000,4142999.999
"2857",2857,537140.156,537147.497,4142103.073,4142113.881,"Silva","NEON_D07_MLBS_DP1_537000_4142000_classified_point_cloud.laz","2018_MLBS_3_537000_4142000_image.tif","Tree",1,537000,537999.999,4142000,4142999.999
"2858",2858,537148.547,537161.729,4142110.527,4142116.999,"Silva","NEON_D07_MLBS_DP1_537000_4142000_classified_point_cloud.laz","2018_MLBS_3_537000_4142000_image.tif","Tree",1,537000,537999.999,4142000,4142999.999
"2859",2859,537154.697,537162.821,4142112.012,4142120.28,"Silva","NEON_D07_MLBS_DP1_537000_4142000_classified_point_cloud.laz","2018_MLBS_3_537000_4142000_image.tif","Tree",1,537000,537999.999,4142000,4142999.999
"2860",2860,537152.008,537160.447,4142128.519,4142135.987,"Silva","NEON_D07_MLBS_DP1_537000_4142000_classified_point_cloud.laz","2018_MLBS_3_537000_4142000_image.tif","Tree",1,537000,537999.999,4142000,4142999.999
"2861",2861,537145.022,537154.998,4142135.54,4142147.674,"Silva","NEON_D07_MLBS_DP1_537000_4142000_classified_point_cloud.laz","2018_MLBS_3_537000_4142000_image.tif","Tree",1,537000,537999.999,4142000,4142999.999
"2862",2862,537147.05,537154.478,4142095.033,4142102.408,"Silva","NEON_D07_MLBS_DP1_537000_4142000_classified_point_cloud.laz","2018_MLBS_3_537000_4142000_image.tif","Tree",1,537000,537999.999,4142000,4142999.999
"2863",2863,537143.029,537149.786,4142094.06,4142103.114,"Silva","NEON_D07_MLBS_DP1_537000_4142000_classified_point_cloud.laz","2018_MLBS_3_537000_4142000_image.tif","Tree",1,537000,537999.999,4142000,4142999.999
"2864",2864,537137.038,537146.445,4142089.796,4142095.498,"Silva","NEON_D07_MLBS_DP1_537000_4142000_classified_point_cloud.laz","2018_MLBS_3_537000_4142000_image.tif","Tree",1,537000,537999.999,4142000,4142999.999
"2865",2865,537146.001,537153.491,4142087.538,4142095,"Silva","NEON_D07_MLBS_DP1_537000_4142000_classified_point_cloud.laz","2018_MLBS_3_537000_4142000_image.tif","Tree",1,537000,537999.999,4142000,4142999.999
"2866",2866,537147.803,537153.963,4142083.511,4142090.499,"Silva","NEON_D07_MLBS_DP1_537000_4142000_classified_point_cloud.laz","2018_MLBS_3_537000_4142000_image.tif","Tree",1,537000,537999.999,4142000,4142999.999
"2867",2867,537152.505,537157.998,4142083.001,4142089.469,"Silva","NEON_D07_MLBS_DP1_537000_4142000_classified_point_cloud.laz","2018_MLBS_3_537000_4142000_image.tif","Tree",1,537000,537999.999,4142000,4142999.999
"2868",2868,537220.128,537228.975,4142092.01,4142100.4,"Silva","NEON_D07_MLBS_DP1_537000_4142000_classified_point_cloud.laz","2018_MLBS_3_537000_4142000_image.tif","Tree",1,537000,537999.999,4142000,4142999.999
"2869",2869,537187.003,537196.486,4142099.586,4142109.476,"Silva","NEON_D07_MLBS_DP1_537000_4142000_classified_point_cloud.laz","2018_MLBS_3_537000_4142000_image.tif","Tree",1,537000,537999.999,4142000,4142999.999
"2870",2870,537170.583,537180.478,4142104.029,4142114.953,"Silva","NEON_D07_MLBS_DP1_537000_4142000_classified_point_cloud.laz","2018_MLBS_3_537000_4142000_image.tif","Tree",1,537000,537999.999,4142000,4142999.999
"2871",2871,537162.53,537172.47,4142109.511,4142117,"Silva","NEON_D07_MLBS_DP1_537000_4142000_classified_point_cloud.laz","2018_MLBS_3_537000_4142000_image.tif","Tree",1,537000,537999.999,4142000,4142999.999
"2872",2872,537186.515,537194.489,4142109.004,4142116.494,"Silva","NEON_D07_MLBS_DP1_537000_4142000_classified_point_cloud.laz","2018_MLBS_3_537000_4142000_image.tif","Tree",1,537000,537999.999,4142000,4142999.999
"2873",2873,537170.516,537177.472,4142113.505,4142120.984,"Silva","NEON_D07_MLBS_DP1_537000_4142000_classified_point_cloud.laz","2018_MLBS_3_537000_4142000_image.tif","Tree",1,537000,537999.999,4142000,4142999.999
"2874",2874,537159.001,537166.99,4142116.016,4142126.43,"Silva","NEON_D07_MLBS_DP1_537000_4142000_classified_point_cloud.laz","2018_MLBS_3_537000_4142000_image.tif","Tree",1,537000,537999.999,4142000,4142999.999
"2875",2875,537198.131,537208.999,4142111.52,4142121.469,"Silva","NEON_D07_MLBS_DP1_537000_4142000_classified_point_cloud.laz","2018_MLBS_3_537000_4142000_image.tif","Tree",1,537000,537999.999,4142000,4142999.999
"2876",2876,537160.001,537167.991,4142125.012,4142133.481,"Silva","NEON_D07_MLBS_DP1_537000_4142000_classified_point_cloud.laz","2018_MLBS_3_537000_4142000_image.tif","Tree",1,537000,537999.999,4142000,4142999.999
"2877",2877,537198.695,537210.973,4142123.245,4142132.499,"Silva","NEON_D07_MLBS_DP1_537000_4142000_classified_point_cloud.laz","2018_MLBS_3_537000_4142000_image.tif","Tree",1,537000,537999.999,4142000,4142999.999
"2878",2878,537166.012,537172.968,4142134.007,4142139.99,"Silva","NEON_D07_MLBS_DP1_537000_4142000_classified_point_cloud.laz","2018_MLBS_3_537000_4142000_image.tif","Tree",1,537000,537999.999,4142000,4142999.999
"2879",2879,537193.009,537201.371,4142131.549,4142140.938,"Silva","NEON_D07_MLBS_DP1_537000_4142000_classified_point_cloud.laz","2018_MLBS_3_537000_4142000_image.tif","Tree",1,537000,537999.999,4142000,4142999.999
"2880",2880,537212.015,537217.983,4142129.906,4142141.483,"Silva","NEON_D07_MLBS_DP1_537000_4142000_classified_point_cloud.laz","2018_MLBS_3_537000_4142000_image.tif","Tree",1,537000,537999.999,4142000,4142999.999
"2881",2881,537189.624,537198.459,4142140.533,4142149.83,"Silva","NEON_D07_MLBS_DP1_537000_4142000_classified_point_cloud.laz","2018_MLBS_3_537000_4142000_image.tif","Tree",1,537000,537999.999,4142000,4142999.999
"2882",2882,537183.108,537191.474,4142144.28,4142151.39,"Silva","NEON_D07_MLBS_DP1_537000_4142000_classified_point_cloud.laz","2018_MLBS_3_537000_4142000_image.tif","Tree",1,537000,537999.999,4142000,4142999.999
"2883",2883,537172.519,537180.919,4142145.008,4142154.384,"Silva","NEON_D07_MLBS_DP1_537000_4142000_classified_point_cloud.laz","2018_MLBS_3_537000_4142000_image.tif","Tree",1,537000,537999.999,4142000,4142999.999
"2884",2884,537174.027,537183.88,4142096.117,4142104.499,"Silva","NEON_D07_MLBS_DP1_537000_4142000_classified_point_cloud.laz","2018_MLBS_3_537000_4142000_image.tif","Tree",1,537000,537999.999,4142000,4142999.999
"2885",2885,537163.511,537173.997,4142097.71,4142105.438,"Silva","NEON_D07_MLBS_DP1_537000_4142000_classified_point_cloud.laz","2018_MLBS_3_537000_4142000_image.tif","Tree",1,537000,537999.999,4142000,4142999.999
"2886",2886,537160.004,537167.472,4142093.261,4142099.296,"Silva","NEON_D07_MLBS_DP1_537000_4142000_classified_point_cloud.laz","2018_MLBS_3_537000_4142000_image.tif","Tree",1,537000,537999.999,4142000,4142999.999
"2887",2887,537167.101,537173.453,4142091.019,4142100.467,"Silva","NEON_D07_MLBS_DP1_537000_4142000_classified_point_cloud.laz","2018_MLBS_3_537000_4142000_image.tif","Tree",1,537000,537999.999,4142000,4142999.999
"2888",2888,537172.52,537178.273,4142089.281,4142100.953,"Silva","NEON_D07_MLBS_DP1_537000_4142000_classified_point_cloud.laz","2018_MLBS_3_537000_4142000_image.tif","Tree",1,537000,537999.999,4142000,4142999.999
"2889",2889,537162.042,537167.448,4142085.555,4142092.48,"Silva","NEON_D07_MLBS_DP1_537000_4142000_classified_point_cloud.laz","2018_MLBS_3_537000_4142000_image.tif","Tree",1,537000,537999.999,4142000,4142999.999
"2890",2890,537167.081,537175.443,4142084.005,4142090.968,"Silva","NEON_D07_MLBS_DP1_537000_4142000_classified_point_cloud.laz","2018_MLBS_3_537000_4142000_image.tif","Tree",1,537000,537999.999,4142000,4142999.999
"2891",2891,537265.751,537270.937,4142021.043,4142026.372,"Silva","NEON_D07_MLBS_DP1_537000_4142000_classified_point_cloud.laz","2018_MLBS_3_537000_4142000_image.tif","Tree",1,537000,537999.999,4142000,4142999.999
"2892",2892,537246.52,537253.27,4142020.804,4142029.984,"Silva","NEON_D07_MLBS_DP1_537000_4142000_classified_point_cloud.laz","2018_MLBS_3_537000_4142000_image.tif","Tree",1,537000,537999.999,4142000,4142999.999
"2893",2893,537231.668,537233.362,4142035.601,4142036.745,"Silva","NEON_D07_MLBS_DP1_537000_4142000_classified_point_cloud.laz","2018_MLBS_3_537000_4142000_image.tif","Tree",1,537000,537999.999,4142000,4142999.999
"2894",2894,537281.629,537287.498,4142080.83,4142086.172,"Silva","NEON_D07_MLBS_DP1_537000_4142000_classified_point_cloud.laz","2018_MLBS_3_537000_4142000_image.tif","Tree",1,537000,537999.999,4142000,4142999.999
"2895",2895,537239.877,537245.476,4142074.502,4142078.944,"Silva","NEON_D07_MLBS_DP1_537000_4142000_classified_point_cloud.laz","2018_MLBS_3_537000_4142000_image.tif","Tree",1,537000,537999.999,4142000,4142999.999
"2896",2896,537232.129,537233.88,4142073.108,4142074.496,"Silva","NEON_D07_MLBS_DP1_537000_4142000_classified_point_cloud.laz","2018_MLBS_3_537000_4142000_image.tif","Tree",1,537000,537999.999,4142000,4142999.999
"2897",2897,537260.533,537269.498,4142060.005,4142070.477,"Silva","NEON_D07_MLBS_DP1_537000_4142000_classified_point_cloud.laz","2018_MLBS_3_537000_4142000_image.tif","Tree",1,537000,537999.999,4142000,4142999.999
"2898",2898,537231.511,537236.336,4142061.549,4142068.775,"Silva","NEON_D07_MLBS_DP1_537000_4142000_classified_point_cloud.laz","2018_MLBS_3_537000_4142000_image.tif","Tree",1,537000,537999.999,4142000,4142999.999
"2899",2899,537265.526,537270.41,4142050.061,4142054.883,"Silva","NEON_D07_MLBS_DP1_537000_4142000_classified_point_cloud.laz","2018_MLBS_3_537000_4142000_image.tif","Tree",1,537000,537999.999,4142000,4142999.999
"2900",2900,537243.521,537247.92,4142050.704,4142054.285,"Silva","NEON_D07_MLBS_DP1_537000_4142000_classified_point_cloud.laz","2018_MLBS_3_537000_4142000_image.tif","Tree",1,537000,537999.999,4142000,4142999.999
"2901",2901,537271.009,537274.929,4142048.284,4142051.454,"Silva","NEON_D07_MLBS_DP1_537000_4142000_classified_point_cloud.laz","2018_MLBS_3_537000_4142000_image.tif","Tree",1,537000,537999.999,4142000,4142999.999
"2902",2902,537232.262,537241.464,4142049.075,4142058.374,"Silva","NEON_D07_MLBS_DP1_537000_4142000_classified_point_cloud.laz","2018_MLBS_3_537000_4142000_image.tif","Tree",1,537000,537999.999,4142000,4142999.999
"2903",2903,537267.838,537271.778,4142046.035,4142050.4,"Silva","NEON_D07_MLBS_DP1_537000_4142000_classified_point_cloud.laz","2018_MLBS_3_537000_4142000_image.tif","Tree",1,537000,537999.999,4142000,4142999.999
"2904",2904,537237.073,537241.402,4142040.776,4142044.644,"Silva","NEON_D07_MLBS_DP1_537000_4142000_classified_point_cloud.laz","2018_MLBS_3_537000_4142000_image.tif","Tree",1,537000,537999.999,4142000,4142999.999
"2905",2905,537327.056,537332.432,4142023.346,4142028.487,"Silva","NEON_D07_MLBS_DP1_537000_4142000_classified_point_cloud.laz","2018_MLBS_3_537000_4142000_image.tif","Tree",1,537000,537999.999,4142000,4142999.999
"2906",2906,537348.503,537354.496,4142077.551,4142083.996,"Silva","NEON_D07_MLBS_DP1_537000_4142000_classified_point_cloud.laz","2018_MLBS_3_537000_4142000_image.tif","Tree",1,537000,537999.999,4142000,4142999.999
"2907",2907,537322.101,537325.489,4142083.081,4142086.447,"Silva","NEON_D07_MLBS_DP1_537000_4142000_classified_point_cloud.laz","2018_MLBS_3_537000_4142000_image.tif","Tree",1,537000,537999.999,4142000,4142999.999
"2908",2908,537341.514,537348.416,4142081.557,4142089.47,"Silva","NEON_D07_MLBS_DP1_537000_4142000_classified_point_cloud.laz","2018_MLBS_3_537000_4142000_image.tif","Tree",1,537000,537999.999,4142000,4142999.999
"2909",2909,537351.552,537360.455,4142079.002,4142087.998,"Silva","NEON_D07_MLBS_DP1_537000_4142000_classified_point_cloud.laz","2018_MLBS_3_537000_4142000_image.tif","Tree",1,537000,537999.999,4142000,4142999.999
"2910",2910,537334.739,537342.413,4142086.123,4142092.388,"Silva","NEON_D07_MLBS_DP1_537000_4142000_classified_point_cloud.laz","2018_MLBS_3_537000_4142000_image.tif","Tree",1,537000,537999.999,4142000,4142999.999
"2911",2911,537316.505,537320.753,4142074.345,4142079.489,"Silva","NEON_D07_MLBS_DP1_537000_4142000_classified_point_cloud.laz","2018_MLBS_3_537000_4142000_image.tif","Tree",1,537000,537999.999,4142000,4142999.999
"2912",2912,537342.016,537346.736,4142068.613,4142074.49,"Silva","NEON_D07_MLBS_DP1_537000_4142000_classified_point_cloud.laz","2018_MLBS_3_537000_4142000_image.tif","Tree",1,537000,537999.999,4142000,4142999.999
"2913",2913,537353.05,537358.985,4142063.599,4142069.871,"Silva","NEON_D07_MLBS_DP1_537000_4142000_classified_point_cloud.laz","2018_MLBS_3_537000_4142000_image.tif","Tree",1,537000,537999.999,4142000,4142999.999
"2914",2914,537294.577,537298.901,4142071.657,4142077.216,"Silva","NEON_D07_MLBS_DP1_537000_4142000_classified_point_cloud.laz","2018_MLBS_3_537000_4142000_image.tif","Tree",1,537000,537999.999,4142000,4142999.999
"2915",2915,537330.048,537334.454,4142066.309,4142070.722,"Silva","NEON_D07_MLBS_DP1_537000_4142000_classified_point_cloud.laz","2018_MLBS_3_537000_4142000_image.tif","Tree",1,537000,537999.999,4142000,4142999.999
"2916",2916,537338.555,537344.46,4142061.012,4142066.656,"Silva","NEON_D07_MLBS_DP1_537000_4142000_classified_point_cloud.laz","2018_MLBS_3_537000_4142000_image.tif","Tree",1,537000,537999.999,4142000,4142999.999
"2917",2917,537313.082,537323.688,4142058.547,4142069.493,"Silva","NEON_D07_MLBS_DP1_537000_4142000_classified_point_cloud.laz","2018_MLBS_3_537000_4142000_image.tif","Tree",1,537000,537999.999,4142000,4142999.999
"2918",2918,537353.059,537358.499,4142052.574,4142058.999,"Silva","NEON_D07_MLBS_DP1_537000_4142000_classified_point_cloud.laz","2018_MLBS_3_537000_4142000_image.tif","Tree",1,537000,537999.999,4142000,4142999.999
"2919",2919,537342.003,537347.992,4142040.049,4142045.633,"Silva","NEON_D07_MLBS_DP1_537000_4142000_classified_point_cloud.laz","2018_MLBS_3_537000_4142000_image.tif","Tree",1,537000,537999.999,4142000,4142999.999
"2920",2920,537305,537308.491,4142033.662,4142036.909,"Silva","NEON_D07_MLBS_DP1_537000_4142000_classified_point_cloud.laz","2018_MLBS_3_537000_4142000_image.tif","Tree",1,537000,537999.999,4142000,4142999.999
"2921",2921,537349.557,537350.999,4142028.204,4142034.286,"Silva","NEON_D07_MLBS_DP1_537000_4142000_classified_point_cloud.laz","2018_MLBS_3_537000_4142000_image.tif","Tree",1,537000,537999.999,4142000,4142999.999
"2922",2922,537236.037,537239.476,4142092.533,4142095.464,"Silva","NEON_D07_MLBS_DP1_537000_4142000_classified_point_cloud.laz","2018_MLBS_3_537000_4142000_image.tif","Tree",1,537000,537999.999,4142000,4142999.999
"2923",2923,537229.042,537234.866,4142094.52,4142099.494,"Silva","NEON_D07_MLBS_DP1_537000_4142000_classified_point_cloud.laz","2018_MLBS_3_537000_4142000_image.tif","Tree",1,537000,537999.999,4142000,4142999.999
"2924",2924,537282.006,537286.99,4142101.514,4142106.427,"Silva","NEON_D07_MLBS_DP1_537000_4142000_classified_point_cloud.laz","2018_MLBS_3_537000_4142000_image.tif","Tree",1,537000,537999.999,4142000,4142999.999
"2925",2925,537290.222,537292.824,4142137.539,4142140.143,"Silva","NEON_D07_MLBS_DP1_537000_4142000_classified_point_cloud.laz","2018_MLBS_3_537000_4142000_image.tif","Tree",1,537000,537999.999,4142000,4142999.999
"2926",2926,537228.514,537229.462,4142087.54,4142089.483,"Silva","NEON_D07_MLBS_DP1_537000_4142000_classified_point_cloud.laz","2018_MLBS_3_537000_4142000_image.tif","Tree",1,537000,537999.999,4142000,4142999.999
"2927",2927,537313.677,537317.951,4142084.701,4142089.436,"Silva","NEON_D07_MLBS_DP1_537000_4142000_classified_point_cloud.laz","2018_MLBS_3_537000_4142000_image.tif","Tree",1,537000,537999.999,4142000,4142999.999
"2928",2928,537345.046,537353.954,4142083.514,4142090.5,"Silva","NEON_D07_MLBS_DP1_537000_4142000_classified_point_cloud.laz","2018_MLBS_3_537000_4142000_image.tif","Tree",1,537000,537999.999,4142000,4142999.999
"2929",2929,537318.023,537321.471,4142095.484,4142098.959,"Silva","NEON_D07_MLBS_DP1_537000_4142000_classified_point_cloud.laz","2018_MLBS_3_537000_4142000_image.tif","Tree",1,537000,537999.999,4142000,4142999.999
"2930",2930,537328.018,537333.976,4142094.209,4142098.485,"Silva","NEON_D07_MLBS_DP1_537000_4142000_classified_point_cloud.laz","2018_MLBS_3_537000_4142000_image.tif","Tree",1,537000,537999.999,4142000,4142999.999
"2931",2931,537322.623,537326.479,4142095.059,4142099.469,"Silva","NEON_D07_MLBS_DP1_537000_4142000_classified_point_cloud.laz","2018_MLBS_3_537000_4142000_image.tif","Tree",1,537000,537999.999,4142000,4142999.999
"2932",2932,537343.542,537350.835,4142095.034,4142103.478,"Silva","NEON_D07_MLBS_DP1_537000_4142000_classified_point_cloud.laz","2018_MLBS_3_537000_4142000_image.tif","Tree",1,537000,537999.999,4142000,4142999.999
"2933",2933,537332.035,537336.979,4142094.621,4142098.932,"Silva","NEON_D07_MLBS_DP1_537000_4142000_classified_point_cloud.laz","2018_MLBS_3_537000_4142000_image.tif","Tree",1,537000,537999.999,4142000,4142999.999
"2934",2934,537295.033,537298.979,4142104.174,4142107.899,"Silva","NEON_D07_MLBS_DP1_537000_4142000_classified_point_cloud.laz","2018_MLBS_3_537000_4142000_image.tif","Tree",1,537000,537999.999,4142000,4142999.999
"2935",2935,537314.017,537316.344,4142107.063,4142108.921,"Silva","NEON_D07_MLBS_DP1_537000_4142000_classified_point_cloud.laz","2018_MLBS_3_537000_4142000_image.tif","Tree",1,537000,537999.999,4142000,4142999.999
"2936",2936,537319.551,537325.451,4142108.511,4142113.451,"Silva","NEON_D07_MLBS_DP1_537000_4142000_classified_point_cloud.laz","2018_MLBS_3_537000_4142000_image.tif","Tree",1,537000,537999.999,4142000,4142999.999
"2937",2937,537314.514,537316.352,4142113.55,4142117.948,"Silva","NEON_D07_MLBS_DP1_537000_4142000_classified_point_cloud.laz","2018_MLBS_3_537000_4142000_image.tif","Tree",1,537000,537999.999,4142000,4142999.999
"2938",2938,537326.472,537335.991,4142113.015,4142121.336,"Silva","NEON_D07_MLBS_DP1_537000_4142000_classified_point_cloud.laz","2018_MLBS_3_537000_4142000_image.tif","Tree",1,537000,537999.999,4142000,4142999.999
"2939",2939,537351.541,537362.944,4142113.738,4142120.494,"Silva","NEON_D07_MLBS_DP1_537000_4142000_classified_point_cloud.laz","2018_MLBS_3_537000_4142000_image.tif","Tree",1,537000,537999.999,4142000,4142999.999
"2940",2940,537295.002,537299.486,4142124.556,4142127.4,"Silva","NEON_D07_MLBS_DP1_537000_4142000_classified_point_cloud.laz","2018_MLBS_3_537000_4142000_image.tif","Tree",1,537000,537999.999,4142000,4142999.999
"2941",2941,537331.829,537339.541,4142117.768,4142124.959,"Silva","NEON_D07_MLBS_DP1_537000_4142000_classified_point_cloud.laz","2018_MLBS_3_537000_4142000_image.tif","Tree",1,537000,537999.999,4142000,4142999.999
"2942",2942,537314.581,537322.945,4142124.154,4142129.909,"Silva","NEON_D07_MLBS_DP1_537000_4142000_classified_point_cloud.laz","2018_MLBS_3_537000_4142000_image.tif","Tree",1,537000,537999.999,4142000,4142999.999
"2943",2943,537322.654,537329.63,4142124.04,4142131.945,"Silva","NEON_D07_MLBS_DP1_537000_4142000_classified_point_cloud.laz","2018_MLBS_3_537000_4142000_image.tif","Tree",1,537000,537999.999,4142000,4142999.999
"2944",2944,537339.581,537347.946,4142125.501,4142131.477,"Silva","NEON_D07_MLBS_DP1_537000_4142000_classified_point_cloud.laz","2018_MLBS_3_537000_4142000_image.tif","Tree",1,537000,537999.999,4142000,4142999.999
"2945",2945,537323.617,537326.878,4142135.26,4142137.837,"Silva","NEON_D07_MLBS_DP1_537000_4142000_classified_point_cloud.laz","2018_MLBS_3_537000_4142000_image.tif","Tree",1,537000,537999.999,4142000,4142999.999
"2946",2946,537347.075,537355.397,4142134.55,4142143.997,"Silva","NEON_D07_MLBS_DP1_537000_4142000_classified_point_cloud.laz","2018_MLBS_3_537000_4142000_image.tif","Tree",1,537000,537999.999,4142000,4142999.999
"2947",2947,537201.09,537207.142,4142209.047,4142216.999,"Silva","NEON_D07_MLBS_DP1_537000_4142000_classified_point_cloud.laz","2018_MLBS_3_537000_4142000_image.tif","Tree",1,537000,537999.999,4142000,4142999.999
"2948",2948,537221.592,537229.882,4142204.034,4142210.496,"Silva","NEON_D07_MLBS_DP1_537000_4142000_classified_point_cloud.laz","2018_MLBS_3_537000_4142000_image.tif","Tree",1,537000,537999.999,4142000,4142999.999
"2949",2949,537210.549,537221.06,4142201.504,4142209.977,"Silva","NEON_D07_MLBS_DP1_537000_4142000_classified_point_cloud.laz","2018_MLBS_3_537000_4142000_image.tif","Tree",1,537000,537999.999,4142000,4142999.999
"2950",2950,537222.006,537228.865,4142197.004,4142205.87,"Silva","NEON_D07_MLBS_DP1_537000_4142000_classified_point_cloud.laz","2018_MLBS_3_537000_4142000_image.tif","Tree",1,537000,537999.999,4142000,4142999.999
"2951",2951,537197.336,537208.986,4142198.036,4142206.988,"Silva","NEON_D07_MLBS_DP1_537000_4142000_classified_point_cloud.laz","2018_MLBS_3_537000_4142000_image.tif","Tree",1,537000,537999.999,4142000,4142999.999
"2952",2952,537208.501,537217.913,4142193.234,4142203.934,"Silva","NEON_D07_MLBS_DP1_537000_4142000_classified_point_cloud.laz","2018_MLBS_3_537000_4142000_image.tif","Tree",1,537000,537999.999,4142000,4142999.999
"2953",2953,537214.579,537224.275,4142192.11,4142198.953,"Silva","NEON_D07_MLBS_DP1_537000_4142000_classified_point_cloud.laz","2018_MLBS_3_537000_4142000_image.tif","Tree",1,537000,537999.999,4142000,4142999.999
"2954",2954,537214.101,537223.708,4142181.592,4142192.993,"Silva","NEON_D07_MLBS_DP1_537000_4142000_classified_point_cloud.laz","2018_MLBS_3_537000_4142000_image.tif","Tree",1,537000,537999.999,4142000,4142999.999
"2955",2955,537201.517,537208.402,4142184.012,4142193.243,"Silva","NEON_D07_MLBS_DP1_537000_4142000_classified_point_cloud.laz","2018_MLBS_3_537000_4142000_image.tif","Tree",1,537000,537999.999,4142000,4142999.999
"2956",2956,537206.064,537215.989,4142182.015,4142192.965,"Silva","NEON_D07_MLBS_DP1_537000_4142000_classified_point_cloud.laz","2018_MLBS_3_537000_4142000_image.tif","Tree",1,537000,537999.999,4142000,4142999.999
"2957",2957,537218.545,537233.795,4142174.593,4142186.4,"Silva","NEON_D07_MLBS_DP1_537000_4142000_classified_point_cloud.laz","2018_MLBS_3_537000_4142000_image.tif","Tree",1,537000,537999.999,4142000,4142999.999
"2958",2958,537168.522,537180.935,4142178.548,4142187.424,"Silva","NEON_D07_MLBS_DP1_537000_4142000_classified_point_cloud.laz","2018_MLBS_3_537000_4142000_image.tif","Tree",1,537000,537999.999,4142000,4142999.999
"2959",2959,537197.573,537205.383,4142172.586,4142184.437,"Silva","NEON_D07_MLBS_DP1_537000_4142000_classified_point_cloud.laz","2018_MLBS_3_537000_4142000_image.tif","Tree",1,537000,537999.999,4142000,4142999.999
"2960",2960,537184.911,537195.937,4142178.096,4142184.98,"Silva","NEON_D07_MLBS_DP1_537000_4142000_classified_point_cloud.laz","2018_MLBS_3_537000_4142000_image.tif","Tree",1,537000,537999.999,4142000,4142999.999
"2961",2961,537194.014,537203.968,4142169.049,4142180.464,"Silva","NEON_D07_MLBS_DP1_537000_4142000_classified_point_cloud.laz","2018_MLBS_3_537000_4142000_image.tif","Tree",1,537000,537999.999,4142000,4142999.999
"2962",2962,537184.231,537194.88,4142168.506,4142173.999,"Silva","NEON_D07_MLBS_DP1_537000_4142000_classified_point_cloud.laz","2018_MLBS_3_537000_4142000_image.tif","Tree",1,537000,537999.999,4142000,4142999.999
"2963",2963,537214.502,537224.948,4142161.516,4142169.471,"Silva","NEON_D07_MLBS_DP1_537000_4142000_classified_point_cloud.laz","2018_MLBS_3_537000_4142000_image.tif","Tree",1,537000,537999.999,4142000,4142999.999
"2964",2964,537219.028,537229.465,4142158.971,4142166.966,"Silva","NEON_D07_MLBS_DP1_537000_4142000_classified_point_cloud.laz","2018_MLBS_3_537000_4142000_image.tif","Tree",1,537000,537999.999,4142000,4142999.999
"2965",2965,537200.141,537214.998,4142159.031,4142171.444,"Silva","NEON_D07_MLBS_DP1_537000_4142000_classified_point_cloud.laz","2018_MLBS_3_537000_4142000_image.tif","Tree",1,537000,537999.999,4142000,4142999.999
"2966",2966,537214.084,537228.933,4142148.067,4142161.48,"Silva","NEON_D07_MLBS_DP1_537000_4142000_classified_point_cloud.laz","2018_MLBS_3_537000_4142000_image.tif","Tree",1,537000,537999.999,4142000,4142999.999
"2967",2967,537190.705,537199.984,4142156.012,4142164.878,"Silva","NEON_D07_MLBS_DP1_537000_4142000_classified_point_cloud.laz","2018_MLBS_3_537000_4142000_image.tif","Tree",1,537000,537999.999,4142000,4142999.999
"2968",2968,537203.004,537215.468,4142150.006,4142159.473,"Silva","NEON_D07_MLBS_DP1_537000_4142000_classified_point_cloud.laz","2018_MLBS_3_537000_4142000_image.tif","Tree",1,537000,537999.999,4142000,4142999.999
"2969",2969,537217.001,537226.98,4142215.552,4142224.996,"Silva","NEON_D07_MLBS_DP1_537000_4142000_classified_point_cloud.laz","2018_MLBS_3_537000_4142000_image.tif","Tree",1,537000,537999.999,4142000,4142999.999
"2970",2970,537203.053,537212.947,4142213.011,4142221.446,"Silva","NEON_D07_MLBS_DP1_537000_4142000_classified_point_cloud.laz","2018_MLBS_3_537000_4142000_image.tif","Tree",1,537000,537999.999,4142000,4142999.999
"2971",2971,537228.049,537238.967,4142159.022,4142169.998,"Silva","NEON_D07_MLBS_DP1_537000_4142000_classified_point_cloud.laz","2018_MLBS_3_537000_4142000_image.tif","Tree",1,537000,537999.999,4142000,4142999.999
"2972",2972,537239.103,537249.489,4142160.555,4142170.983,"Silva","NEON_D07_MLBS_DP1_537000_4142000_classified_point_cloud.laz","2018_MLBS_3_537000_4142000_image.tif","Tree",1,537000,537999.999,4142000,4142999.999
"2973",2973,537232.582,537238.496,4142168.02,4142177.981,"Silva","NEON_D07_MLBS_DP1_537000_4142000_classified_point_cloud.laz","2018_MLBS_3_537000_4142000_image.tif","Tree",1,537000,537999.999,4142000,4142999.999
"2974",2974,537225.647,537234.975,4142170.038,4142181.499,"Silva","NEON_D07_MLBS_DP1_537000_4142000_classified_point_cloud.laz","2018_MLBS_3_537000_4142000_image.tif","Tree",1,537000,537999.999,4142000,4142999.999
"2975",2975,537234.07,537244.827,4142172.51,4142182.478,"Silva","NEON_D07_MLBS_DP1_537000_4142000_classified_point_cloud.laz","2018_MLBS_3_537000_4142000_image.tif","Tree",1,537000,537999.999,4142000,4142999.999
"2976",2976,537260.581,537271.893,4142172.01,4142182.983,"Silva","NEON_D07_MLBS_DP1_537000_4142000_classified_point_cloud.laz","2018_MLBS_3_537000_4142000_image.tif","Tree",1,537000,537999.999,4142000,4142999.999
"2977",2977,537239.01,537250.489,4142179.005,4142188.83,"Silva","NEON_D07_MLBS_DP1_537000_4142000_classified_point_cloud.laz","2018_MLBS_3_537000_4142000_image.tif","Tree",1,537000,537999.999,4142000,4142999.999
"2978",2978,537229.004,537238.733,4142182.022,4142193.742,"Silva","NEON_D07_MLBS_DP1_537000_4142000_classified_point_cloud.laz","2018_MLBS_3_537000_4142000_image.tif","Tree",1,537000,537999.999,4142000,4142999.999
"2979",2979,537224.024,537230.44,4142189.049,4142197.969,"Silva","NEON_D07_MLBS_DP1_537000_4142000_classified_point_cloud.laz","2018_MLBS_3_537000_4142000_image.tif","Tree",1,537000,537999.999,4142000,4142999.999
"2980",2980,537273.019,537282.684,4142182.014,4142194.403,"Silva","NEON_D07_MLBS_DP1_537000_4142000_classified_point_cloud.laz","2018_MLBS_3_537000_4142000_image.tif","Tree",1,537000,537999.999,4142000,4142999.999
"2981",2981,537254.003,537263.95,4142186.838,4142194.5,"Silva","NEON_D07_MLBS_DP1_537000_4142000_classified_point_cloud.laz","2018_MLBS_3_537000_4142000_image.tif","Tree",1,537000,537999.999,4142000,4142999.999
"2982",2982,537234.021,537244.477,4142192.53,4142204.971,"Silva","NEON_D07_MLBS_DP1_537000_4142000_classified_point_cloud.laz","2018_MLBS_3_537000_4142000_image.tif","Tree",1,537000,537999.999,4142000,4142999.999
"2983",2983,537264.011,537274.991,4142193.516,4142203.956,"Silva","NEON_D07_MLBS_DP1_537000_4142000_classified_point_cloud.laz","2018_MLBS_3_537000_4142000_image.tif","Tree",1,537000,537999.999,4142000,4142999.999
"2984",2984,537287.004,537292.996,4142191.543,4142200.366,"Silva","NEON_D07_MLBS_DP1_537000_4142000_classified_point_cloud.laz","2018_MLBS_3_537000_4142000_image.tif","Tree",1,537000,537999.999,4142000,4142999.999
"2985",2985,537273.081,537280.488,4142194.023,4142205.444,"Silva","NEON_D07_MLBS_DP1_537000_4142000_classified_point_cloud.laz","2018_MLBS_3_537000_4142000_image.tif","Tree",1,537000,537999.999,4142000,4142999.999
"2986",2986,537280.541,537286.928,4142196.557,4142201.797,"Silva","NEON_D07_MLBS_DP1_537000_4142000_classified_point_cloud.laz","2018_MLBS_3_537000_4142000_image.tif","Tree",1,537000,537999.999,4142000,4142999.999
"2987",2987,537285.504,537291.929,4142197.053,4142204.485,"Silva","NEON_D07_MLBS_DP1_537000_4142000_classified_point_cloud.laz","2018_MLBS_3_537000_4142000_image.tif","Tree",1,537000,537999.999,4142000,4142999.999
"2988",2988,537266.5,537278.443,4142200.012,4142207.414,"Silva","NEON_D07_MLBS_DP1_537000_4142000_classified_point_cloud.laz","2018_MLBS_3_537000_4142000_image.tif","Tree",1,537000,537999.999,4142000,4142999.999
"2989",2989,537278.683,537286.491,4142200.649,4142207.27,"Silva","NEON_D07_MLBS_DP1_537000_4142000_classified_point_cloud.laz","2018_MLBS_3_537000_4142000_image.tif","Tree",1,537000,537999.999,4142000,4142999.999
"2990",2990,537238.007,537246.427,4142205.306,4142214.946,"Silva","NEON_D07_MLBS_DP1_537000_4142000_classified_point_cloud.laz","2018_MLBS_3_537000_4142000_image.tif","Tree",1,537000,537999.999,4142000,4142999.999
"2991",2991,537255.515,537264.798,4142208.517,4142214.485,"Silva","NEON_D07_MLBS_DP1_537000_4142000_classified_point_cloud.laz","2018_MLBS_3_537000_4142000_image.tif","Tree",1,537000,537999.999,4142000,4142999.999
"2992",2992,537233.103,537240.941,4142210.314,4142220.444,"Silva","NEON_D07_MLBS_DP1_537000_4142000_classified_point_cloud.laz","2018_MLBS_3_537000_4142000_image.tif","Tree",1,537000,537999.999,4142000,4142999.999
"2993",2993,537278.004,537283.902,4142206.246,4142213.424,"Silva","NEON_D07_MLBS_DP1_537000_4142000_classified_point_cloud.laz","2018_MLBS_3_537000_4142000_image.tif","Tree",1,537000,537999.999,4142000,4142999.999
"2994",2994,537266.5,537275.433,4142211.006,4142220.987,"Silva","NEON_D07_MLBS_DP1_537000_4142000_classified_point_cloud.laz","2018_MLBS_3_537000_4142000_image.tif","Tree",1,537000,537999.999,4142000,4142999.999
"2995",2995,537278.01,537286.456,4142213.54,4142219.96,"Silva","NEON_D07_MLBS_DP1_537000_4142000_classified_point_cloud.laz","2018_MLBS_3_537000_4142000_image.tif","Tree",1,537000,537999.999,4142000,4142999.999
"2996",2996,537326.612,537334.993,4142152.003,4142156.999,"Silva","NEON_D07_MLBS_DP1_537000_4142000_classified_point_cloud.laz","2018_MLBS_3_537000_4142000_image.tif","Tree",1,537000,537999.999,4142000,4142999.999
"2997",2997,537329.537,537338.813,4142154.568,4142163.467,"Silva","NEON_D07_MLBS_DP1_537000_4142000_classified_point_cloud.laz","2018_MLBS_3_537000_4142000_image.tif","Tree",1,537000,537999.999,4142000,4142999.999
"2998",2998,537299.51,537310.977,4142170.019,4142179.497,"Silva","NEON_D07_MLBS_DP1_537000_4142000_classified_point_cloud.laz","2018_MLBS_3_537000_4142000_image.tif","Tree",1,537000,537999.999,4142000,4142999.999
"2999",2999,537299.827,537306.987,4142179.012,4142188.476,"Silva","NEON_D07_MLBS_DP1_537000_4142000_classified_point_cloud.laz","2018_MLBS_3_537000_4142000_image.tif","Tree",1,537000,537999.999,4142000,4142999.999
"3000",3000,537312.044,537322.495,4142181.572,4142189.701,"Silva","NEON_D07_MLBS_DP1_537000_4142000_classified_point_cloud.laz","2018_MLBS_3_537000_4142000_image.tif","Tree",1,537000,537999.999,4142000,4142999.999
"3001",3001,537322.501,537336.063,4142179.34,4142188.469,"Silva","NEON_D07_MLBS_DP1_537000_4142000_classified_point_cloud.laz","2018_MLBS_3_537000_4142000_image.tif","Tree",1,537000,537999.999,4142000,4142999.999
"3002",3002,537301.522,537311.461,4142189.53,4142197.969,"Silva","NEON_D07_MLBS_DP1_537000_4142000_classified_point_cloud.laz","2018_MLBS_3_537000_4142000_image.tif","Tree",1,537000,537999.999,4142000,4142999.999
"3003",3003,537335.008,537342.429,4142192.565,4142199.458,"Silva","NEON_D07_MLBS_DP1_537000_4142000_classified_point_cloud.laz","2018_MLBS_3_537000_4142000_image.tif","Tree",1,537000,537999.999,4142000,4142999.999
"3004",3004,537301,537309.959,4142196.008,4142204.497,"Silva","NEON_D07_MLBS_DP1_537000_4142000_classified_point_cloud.laz","2018_MLBS_3_537000_4142000_image.tif","Tree",1,537000,537999.999,4142000,4142999.999
"3005",3005,537309.522,537318.348,4142196.502,4142205.957,"Silva","NEON_D07_MLBS_DP1_537000_4142000_classified_point_cloud.laz","2018_MLBS_3_537000_4142000_image.tif","Tree",1,537000,537999.999,4142000,4142999.999
"3006",3006,537317.039,537324.957,4142196.506,4142203.493,"Silva","NEON_D07_MLBS_DP1_537000_4142000_classified_point_cloud.laz","2018_MLBS_3_537000_4142000_image.tif","Tree",1,537000,537999.999,4142000,4142999.999
"3007",3007,537336.004,537342.407,4142199.014,4142204.348,"Silva","NEON_D07_MLBS_DP1_537000_4142000_classified_point_cloud.laz","2018_MLBS_3_537000_4142000_image.tif","Tree",1,537000,537999.999,4142000,4142999.999
"3008",3008,537324.003,537329.978,4142198.524,4142207.952,"Silva","NEON_D07_MLBS_DP1_537000_4142000_classified_point_cloud.laz","2018_MLBS_3_537000_4142000_image.tif","Tree",1,537000,537999.999,4142000,4142999.999
"3009",3009,537342.541,537351.496,4142200.523,4142208.995,"Silva","NEON_D07_MLBS_DP1_537000_4142000_classified_point_cloud.laz","2018_MLBS_3_537000_4142000_image.tif","Tree",1,537000,537999.999,4142000,4142999.999
"3010",3010,537351.016,537360.982,4142199.569,4142211.455,"Silva","NEON_D07_MLBS_DP1_537000_4142000_classified_point_cloud.laz","2018_MLBS_3_537000_4142000_image.tif","Tree",1,537000,537999.999,4142000,4142999.999
"3011",3011,537305.009,537309.375,4142210.554,4142215.927,"Silva","NEON_D07_MLBS_DP1_537000_4142000_classified_point_cloud.laz","2018_MLBS_3_537000_4142000_image.tif","Tree",1,537000,537999.999,4142000,4142999.999
"3012",3012,537315.024,537323.914,4142210.014,4142215.982,"Silva","NEON_D07_MLBS_DP1_537000_4142000_classified_point_cloud.laz","2018_MLBS_3_537000_4142000_image.tif","Tree",1,537000,537999.999,4142000,4142999.999
"3013",3013,537348.521,537358.873,4142208.107,4142215.988,"Silva","NEON_D07_MLBS_DP1_537000_4142000_classified_point_cloud.laz","2018_MLBS_3_537000_4142000_image.tif","Tree",1,537000,537999.999,4142000,4142999.999
"3014",3014,537226.537,537236.917,4142214.05,4142222.982,"Silva","NEON_D07_MLBS_DP1_537000_4142000_classified_point_cloud.laz","2018_MLBS_3_537000_4142000_image.tif","Tree",1,537000,537999.999,4142000,4142999.999
"3015",3015,537241.515,537247.985,4142218.006,4142224.918,"Silva","NEON_D07_MLBS_DP1_537000_4142000_classified_point_cloud.laz","2018_MLBS_3_537000_4142000_image.tif","Tree",1,537000,537999.999,4142000,4142999.999
"3016",3016,537286.557,537296.469,4142215.51,4142221.472,"Silva","NEON_D07_MLBS_DP1_537000_4142000_classified_point_cloud.laz","2018_MLBS_3_537000_4142000_image.tif","Tree",1,537000,537999.999,4142000,4142999.999
"3017",3017,537272.508,537280.447,4142218.016,4142224.485,"Silva","NEON_D07_MLBS_DP1_537000_4142000_classified_point_cloud.laz","2018_MLBS_3_537000_4142000_image.tif","Tree",1,537000,537999.999,4142000,4142999.999
"3018",3018,537282.026,537287.476,4142218.005,4142226.446,"Silva","NEON_D07_MLBS_DP1_537000_4142000_classified_point_cloud.laz","2018_MLBS_3_537000_4142000_image.tif","Tree",1,537000,537999.999,4142000,4142999.999
"3019",3019,537278.049,537282.998,4142220.025,4142226.964,"Silva","NEON_D07_MLBS_DP1_537000_4142000_classified_point_cloud.laz","2018_MLBS_3_537000_4142000_image.tif","Tree",1,537000,537999.999,4142000,4142999.999
"3020",3020,537267.092,537274.484,4142221.006,4142229.49,"Silva","NEON_D07_MLBS_DP1_537000_4142000_classified_point_cloud.laz","2018_MLBS_3_537000_4142000_image.tif","Tree",1,537000,537999.999,4142000,4142999.999
"3021",3021,537259.025,537268.472,4142221.024,4142232.496,"Silva","NEON_D07_MLBS_DP1_537000_4142000_classified_point_cloud.laz","2018_MLBS_3_537000_4142000_image.tif","Tree",1,537000,537999.999,4142000,4142999.999
"3022",3022,537288.535,537296.492,4142221.019,4142227.903,"Silva","NEON_D07_MLBS_DP1_537000_4142000_classified_point_cloud.laz","2018_MLBS_3_537000_4142000_image.tif","Tree",1,537000,537999.999,4142000,4142999.999
"3023",3023,537279.637,537287.473,4142225.512,4142232.498,"Silva","NEON_D07_MLBS_DP1_537000_4142000_classified_point_cloud.laz","2018_MLBS_3_537000_4142000_image.tif","Tree",1,537000,537999.999,4142000,4142999.999
"3024",3024,537286.516,537294.894,4142226.537,4142233.975,"Silva","NEON_D07_MLBS_DP1_537000_4142000_classified_point_cloud.laz","2018_MLBS_3_537000_4142000_image.tif","Tree",1,537000,537999.999,4142000,4142999.999
"3025",3025,537281.057,537293.422,4142255.505,4142266,"Silva","NEON_D07_MLBS_DP1_537000_4142000_classified_point_cloud.laz","2018_MLBS_3_537000_4142000_image.tif","Tree",1,537000,537999.999,4142000,4142999.999
"3026",3026,537269.637,537280.974,4142255.581,4142263.5,"Silva","NEON_D07_MLBS_DP1_537000_4142000_classified_point_cloud.laz","2018_MLBS_3_537000_4142000_image.tif","Tree",1,537000,537999.999,4142000,4142999.999
"3027",3027,537249.008,537255.999,4142250.54,4142260.442,"Silva","NEON_D07_MLBS_DP1_537000_4142000_classified_point_cloud.laz","2018_MLBS_3_537000_4142000_image.tif","Tree",1,537000,537999.999,4142000,4142999.999
"3028",3028,537253.553,537263.493,4142249.659,4142257.497,"Silva","NEON_D07_MLBS_DP1_537000_4142000_classified_point_cloud.laz","2018_MLBS_3_537000_4142000_image.tif","Tree",1,537000,537999.999,4142000,4142999.999
"3029",3029,537277.598,537283.491,4142247.028,4142257.5,"Silva","NEON_D07_MLBS_DP1_537000_4142000_classified_point_cloud.laz","2018_MLBS_3_537000_4142000_image.tif","Tree",1,537000,537999.999,4142000,4142999.999
"3030",3030,537278,537285.421,4142244.014,4142249.891,"Silva","NEON_D07_MLBS_DP1_537000_4142000_classified_point_cloud.laz","2018_MLBS_3_537000_4142000_image.tif","Tree",1,537000,537999.999,4142000,4142999.999
"3031",3031,537242.604,537251.998,4142244.647,4142251.994,"Silva","NEON_D07_MLBS_DP1_537000_4142000_classified_point_cloud.laz","2018_MLBS_3_537000_4142000_image.tif","Tree",1,537000,537999.999,4142000,4142999.999
"3032",3032,537272.008,537277.971,4142240.024,4142245.985,"Silva","NEON_D07_MLBS_DP1_537000_4142000_classified_point_cloud.laz","2018_MLBS_3_537000_4142000_image.tif","Tree",1,537000,537999.999,4142000,4142999.999
"3033",3033,537237.006,537244.421,4142238.003,4142247.979,"Silva","NEON_D07_MLBS_DP1_537000_4142000_classified_point_cloud.laz","2018_MLBS_3_537000_4142000_image.tif","Tree",1,537000,537999.999,4142000,4142999.999
"3034",3034,537280.507,537287.994,4142232.526,4142239.967,"Silva","NEON_D07_MLBS_DP1_537000_4142000_classified_point_cloud.laz","2018_MLBS_3_537000_4142000_image.tif","Tree",1,537000,537999.999,4142000,4142999.999
"3035",3035,537255.008,537264.246,4142231.087,4142242.976,"Silva","NEON_D07_MLBS_DP1_537000_4142000_classified_point_cloud.laz","2018_MLBS_3_537000_4142000_image.tif","Tree",1,537000,537999.999,4142000,4142999.999
"3036",3036,537342.02,537348.99,4142216.008,4142222.478,"Silva","NEON_D07_MLBS_DP1_537000_4142000_classified_point_cloud.laz","2018_MLBS_3_537000_4142000_image.tif","Tree",1,537000,537999.999,4142000,4142999.999
"3037",3037,537348.533,537355.436,4142215.801,4142224.487,"Silva","NEON_D07_MLBS_DP1_537000_4142000_classified_point_cloud.laz","2018_MLBS_3_537000_4142000_image.tif","Tree",1,537000,537999.999,4142000,4142999.999
"3038",3038,537294.6,537301.987,4142221.012,4142230.491,"Silva","NEON_D07_MLBS_DP1_537000_4142000_classified_point_cloud.laz","2018_MLBS_3_537000_4142000_image.tif","Tree",1,537000,537999.999,4142000,4142999.999
"3039",3039,537332.503,537342.495,4142263.102,4142272.465,"Silva","NEON_D07_MLBS_DP1_537000_4142000_classified_point_cloud.laz","2018_MLBS_3_537000_4142000_image.tif","Tree",1,537000,537999.999,4142000,4142999.999
"3040",3040,537308.526,537317.484,4142265.534,4142271.934,"Silva","NEON_D07_MLBS_DP1_537000_4142000_classified_point_cloud.laz","2018_MLBS_3_537000_4142000_image.tif","Tree",1,537000,537999.999,4142000,4142999.999
"3041",3041,537341.135,537347.888,4142266.006,4142271.472,"Silva","NEON_D07_MLBS_DP1_537000_4142000_classified_point_cloud.laz","2018_MLBS_3_537000_4142000_image.tif","Tree",1,537000,537999.999,4142000,4142999.999
"3042",3042,537316.526,537322.969,4142270.013,4142276.458,"Silva","NEON_D07_MLBS_DP1_537000_4142000_classified_point_cloud.laz","2018_MLBS_3_537000_4142000_image.tif","Tree",1,537000,537999.999,4142000,4142999.999
"3043",3043,537326.582,537335.994,4142268.033,4142279.94,"Silva","NEON_D07_MLBS_DP1_537000_4142000_classified_point_cloud.laz","2018_MLBS_3_537000_4142000_image.tif","Tree",1,537000,537999.999,4142000,4142999.999
"3044",3044,537309.006,537315.985,4142274.51,4142279.982,"Silva","NEON_D07_MLBS_DP1_537000_4142000_classified_point_cloud.laz","2018_MLBS_3_537000_4142000_image.tif","Tree",1,537000,537999.999,4142000,4142999.999
"3045",3045,537330.09,537342.487,4142272.528,4142282.995,"Silva","NEON_D07_MLBS_DP1_537000_4142000_classified_point_cloud.laz","2018_MLBS_3_537000_4142000_image.tif","Tree",1,537000,537999.999,4142000,4142999.999
"3046",3046,537313.503,537319.996,4142279.099,4142284.937,"Silva","NEON_D07_MLBS_DP1_537000_4142000_classified_point_cloud.laz","2018_MLBS_3_537000_4142000_image.tif","Tree",1,537000,537999.999,4142000,4142999.999
"3047",3047,537312.515,537320.498,4142257.505,4142267.487,"Silva","NEON_D07_MLBS_DP1_537000_4142000_classified_point_cloud.laz","2018_MLBS_3_537000_4142000_image.tif","Tree",1,537000,537999.999,4142000,4142999.999
"3048",3048,537299.059,537306.483,4142259.527,4142268.977,"Silva","NEON_D07_MLBS_DP1_537000_4142000_classified_point_cloud.laz","2018_MLBS_3_537000_4142000_image.tif","Tree",1,537000,537999.999,4142000,4142999.999
"3049",3049,537335.003,537343.478,4142253.029,4142259.933,"Silva","NEON_D07_MLBS_DP1_537000_4142000_classified_point_cloud.laz","2018_MLBS_3_537000_4142000_image.tif","Tree",1,537000,537999.999,4142000,4142999.999
"3050",3050,537341.524,537347.993,4142251.506,4142259.433,"Silva","NEON_D07_MLBS_DP1_537000_4142000_classified_point_cloud.laz","2018_MLBS_3_537000_4142000_image.tif","Tree",1,537000,537999.999,4142000,4142999.999
"3051",3051,537342.003,537346.978,4142244.067,4142251.498,"Silva","NEON_D07_MLBS_DP1_537000_4142000_classified_point_cloud.laz","2018_MLBS_3_537000_4142000_image.tif","Tree",1,537000,537999.999,4142000,4142999.999
"3052",3052,537320.006,537330.482,4142246.118,4142256.992,"Silva","NEON_D07_MLBS_DP1_537000_4142000_classified_point_cloud.laz","2018_MLBS_3_537000_4142000_image.tif","Tree",1,537000,537999.999,4142000,4142999.999
"3053",3053,537330.519,537337.938,4142245.003,4142254.455,"Silva","NEON_D07_MLBS_DP1_537000_4142000_classified_point_cloud.laz","2018_MLBS_3_537000_4142000_image.tif","Tree",1,537000,537999.999,4142000,4142999.999
"3054",3054,537354.011,537360.488,4142243.507,4142251.299,"Silva","NEON_D07_MLBS_DP1_537000_4142000_classified_point_cloud.laz","2018_MLBS_3_537000_4142000_image.tif","Tree",1,537000,537999.999,4142000,4142999.999
"3055",3055,537303.001,537309.995,4142240.047,4142249.493,"Silva","NEON_D07_MLBS_DP1_537000_4142000_classified_point_cloud.laz","2018_MLBS_3_537000_4142000_image.tif","Tree",1,537000,537999.999,4142000,4142999.999
"3056",3056,537353.511,537362.402,4142233.522,4142239.984,"Silva","NEON_D07_MLBS_DP1_537000_4142000_classified_point_cloud.laz","2018_MLBS_3_537000_4142000_image.tif","Tree",1,537000,537999.999,4142000,4142999.999
"3057",3057,537299.514,537304.957,4142239.069,4142244.989,"Silva","NEON_D07_MLBS_DP1_537000_4142000_classified_point_cloud.laz","2018_MLBS_3_537000_4142000_image.tif","Tree",1,537000,537999.999,4142000,4142999.999
"3058",3058,537314.001,537318.994,4142237.601,4142245,"Silva","NEON_D07_MLBS_DP1_537000_4142000_classified_point_cloud.laz","2018_MLBS_3_537000_4142000_image.tif","Tree",1,537000,537999.999,4142000,4142999.999
"3059",3059,537323.034,537330.458,4142237.518,4142244.449,"Silva","NEON_D07_MLBS_DP1_537000_4142000_classified_point_cloud.laz","2018_MLBS_3_537000_4142000_image.tif","Tree",1,537000,537999.999,4142000,4142999.999
"3060",3060,537294.729,537299.971,4142238.542,4142246.212,"Silva","NEON_D07_MLBS_DP1_537000_4142000_classified_point_cloud.laz","2018_MLBS_3_537000_4142000_image.tif","Tree",1,537000,537999.999,4142000,4142999.999
"3061",3061,537332.5,537340.973,4142231.001,4142238.995,"Silva","NEON_D07_MLBS_DP1_537000_4142000_classified_point_cloud.laz","2018_MLBS_3_537000_4142000_image.tif","Tree",1,537000,537999.999,4142000,4142999.999
"3062",3062,537340.501,537349.974,4142228.507,4142236.983,"Silva","NEON_D07_MLBS_DP1_537000_4142000_classified_point_cloud.laz","2018_MLBS_3_537000_4142000_image.tif","Tree",1,537000,537999.999,4142000,4142999.999
"3063",3063,537348.516,537358.482,4142224.509,4142235.422,"Silva","NEON_D07_MLBS_DP1_537000_4142000_classified_point_cloud.laz","2018_MLBS_3_537000_4142000_image.tif","Tree",1,537000,537999.999,4142000,4142999.999
"3064",3064,537335.528,537341.496,4142306.027,4142312.976,"Silva","NEON_D07_MLBS_DP1_537000_4142000_classified_point_cloud.laz","2018_MLBS_3_537000_4142000_image.tif","Tree",1,537000,537999.999,4142000,4142999.999
"3065",3065,537340.501,537349.787,4142301.519,4142311.988,"Silva","NEON_D07_MLBS_DP1_537000_4142000_classified_point_cloud.laz","2018_MLBS_3_537000_4142000_image.tif","Tree",1,537000,537999.999,4142000,4142999.999
"3066",3066,537321.515,537332.958,4142297.05,4142307.265,"Silva","NEON_D07_MLBS_DP1_537000_4142000_classified_point_cloud.laz","2018_MLBS_3_537000_4142000_image.tif","Tree",1,537000,537999.999,4142000,4142999.999
"3067",3067,537339.505,537348.488,4142292.067,4142302,"Silva","NEON_D07_MLBS_DP1_537000_4142000_classified_point_cloud.laz","2018_MLBS_3_537000_4142000_image.tif","Tree",1,537000,537999.999,4142000,4142999.999
"3068",3068,537321.508,537329.487,4142288.542,4142298.497,"Silva","NEON_D07_MLBS_DP1_537000_4142000_classified_point_cloud.laz","2018_MLBS_3_537000_4142000_image.tif","Tree",1,537000,537999.999,4142000,4142999.999
"3069",3069,537329.509,537337.458,4142286.602,4142296.482,"Silva","NEON_D07_MLBS_DP1_537000_4142000_classified_point_cloud.laz","2018_MLBS_3_537000_4142000_image.tif","Tree",1,537000,537999.999,4142000,4142999.999
"3070",3070,537353.02,537363.346,4142285.53,4142294.487,"Silva","NEON_D07_MLBS_DP1_537000_4142000_classified_point_cloud.laz","2018_MLBS_3_537000_4142000_image.tif","Tree",1,537000,537999.999,4142000,4142999.999
"3071",3071,537316.004,537322.968,4142283.595,4142290.982,"Silva","NEON_D07_MLBS_DP1_537000_4142000_classified_point_cloud.laz","2018_MLBS_3_537000_4142000_image.tif","Tree",1,537000,537999.999,4142000,4142999.999
"3072",3072,537286.088,537296.955,4142280.011,4142286.997,"Silva","NEON_D07_MLBS_DP1_537000_4142000_classified_point_cloud.laz","2018_MLBS_3_537000_4142000_image.tif","Tree",1,537000,537999.999,4142000,4142999.999
"3073",3073,537066.099,537076.327,4142038.072,4142047.485,"Silva","NEON_D07_MLBS_DP1_537000_4142000_classified_point_cloud.laz","2018_MLBS_3_537000_4142000_image.tif","Tree",1,537000,537999.999,4142000,4142999.999
"3074",3074,537077.501,537085.954,4142077.681,4142087.457,"Silva","NEON_D07_MLBS_DP1_537000_4142000_classified_point_cloud.laz","2018_MLBS_3_537000_4142000_image.tif","Tree",1,537000,537999.999,4142000,4142999.999
"3075",3075,537087.563,537095.774,4142070.002,4142080.973,"Silva","NEON_D07_MLBS_DP1_537000_4142000_classified_point_cloud.laz","2018_MLBS_3_537000_4142000_image.tif","Tree",1,537000,537999.999,4142000,4142999.999
"3076",3076,537078.54,537088.962,4142068.578,4142076.947,"Silva","NEON_D07_MLBS_DP1_537000_4142000_classified_point_cloud.laz","2018_MLBS_3_537000_4142000_image.tif","Tree",1,537000,537999.999,4142000,4142999.999
"3077",3077,537090.085,537097.96,4142064.04,4142070.449,"Silva","NEON_D07_MLBS_DP1_537000_4142000_classified_point_cloud.laz","2018_MLBS_3_537000_4142000_image.tif","Tree",1,537000,537999.999,4142000,4142999.999
"3078",3078,537079.014,537089.464,4142096.01,4142104.913,"Silva","NEON_D07_MLBS_DP1_537000_4142000_classified_point_cloud.laz","2018_MLBS_3_537000_4142000_image.tif","Tree",1,537000,537999.999,4142000,4142999.999
"3079",3079,537076.009,537086.985,4142102.502,4142113.018,"Silva","NEON_D07_MLBS_DP1_537000_4142000_classified_point_cloud.laz","2018_MLBS_3_537000_4142000_image.tif","Tree",1,537000,537999.999,4142000,4142999.999
"3080",3080,537072.003,537083.695,4142105.533,4142115.959,"Silva","NEON_D07_MLBS_DP1_537000_4142000_classified_point_cloud.laz","2018_MLBS_3_537000_4142000_image.tif","Tree",1,537000,537999.999,4142000,4142999.999
"3081",3081,537074.503,537083.238,4142146.012,4142156.859,"Silva","NEON_D07_MLBS_DP1_537000_4142000_classified_point_cloud.laz","2018_MLBS_3_537000_4142000_image.tif","Tree",1,537000,537999.999,4142000,4142999.999
"3082",3082,537108.513,537119.389,4142064.002,4142071.784,"Silva","NEON_D07_MLBS_DP1_537000_4142000_classified_point_cloud.laz","2018_MLBS_3_537000_4142000_image.tif","Tree",1,537000,537999.999,4142000,4142999.999
"3083",3083,537125.554,537134.476,4142069.375,4142076.425,"Silva","NEON_D07_MLBS_DP1_537000_4142000_classified_point_cloud.laz","2018_MLBS_3_537000_4142000_image.tif","Tree",1,537000,537999.999,4142000,4142999.999
"3084",3084,537106.545,537116.426,4142077.537,4142087,"Silva","NEON_D07_MLBS_DP1_537000_4142000_classified_point_cloud.laz","2018_MLBS_3_537000_4142000_image.tif","Tree",1,537000,537999.999,4142000,4142999.999
"3085",3085,537095.536,537107.495,4142077.269,4142086.395,"Silva","NEON_D07_MLBS_DP1_537000_4142000_classified_point_cloud.laz","2018_MLBS_3_537000_4142000_image.tif","Tree",1,537000,537999.999,4142000,4142999.999
"3086",3086,537125.667,537136.861,4142086.052,4142096.488,"Silva","NEON_D07_MLBS_DP1_537000_4142000_classified_point_cloud.laz","2018_MLBS_3_537000_4142000_image.tif","Tree",1,537000,537999.999,4142000,4142999.999
"3087",3087,537105.505,537118.97,4142094.017,4142105.95,"Silva","NEON_D07_MLBS_DP1_537000_4142000_classified_point_cloud.laz","2018_MLBS_3_537000_4142000_image.tif","Tree",1,537000,537999.999,4142000,4142999.999
"3088",3088,537144.567,537154.954,4142116.51,4142126.801,"Silva","NEON_D07_MLBS_DP1_537000_4142000_classified_point_cloud.laz","2018_MLBS_3_537000_4142000_image.tif","Tree",1,537000,537999.999,4142000,4142999.999
"3089",3089,537105.017,537114.934,4142125.572,4142135.989,"Silva","NEON_D07_MLBS_DP1_537000_4142000_classified_point_cloud.laz","2018_MLBS_3_537000_4142000_image.tif","Tree",1,537000,537999.999,4142000,4142999.999
"3090",3090,537129.052,537138.975,4142132.543,4142142.085,"Silva","NEON_D07_MLBS_DP1_537000_4142000_classified_point_cloud.laz","2018_MLBS_3_537000_4142000_image.tif","Tree",1,537000,537999.999,4142000,4142999.999
"3091",3091,537114.501,537120.998,4142143.524,4142155.296,"Silva","NEON_D07_MLBS_DP1_537000_4142000_classified_point_cloud.laz","2018_MLBS_3_537000_4142000_image.tif","Tree",1,537000,537999.999,4142000,4142999.999
"3092",3092,537124.503,537133.482,4142142.033,4142152.449,"Silva","NEON_D07_MLBS_DP1_537000_4142000_classified_point_cloud.laz","2018_MLBS_3_537000_4142000_image.tif","Tree",1,537000,537999.999,4142000,4142999.999
"3093",3093,537081.601,537088.952,4142147.566,4142155.985,"Silva","NEON_D07_MLBS_DP1_537000_4142000_classified_point_cloud.laz","2018_MLBS_3_537000_4142000_image.tif","Tree",1,537000,537999.999,4142000,4142999.999
"3094",3094,537080.731,537092.443,4142159.013,4142169.751,"Silva","NEON_D07_MLBS_DP1_537000_4142000_classified_point_cloud.laz","2018_MLBS_3_537000_4142000_image.tif","Tree",1,537000,537999.999,4142000,4142999.999
"3095",3095,537083.008,537089.497,4142251.52,4142257.488,"Silva","NEON_D07_MLBS_DP1_537000_4142000_classified_point_cloud.laz","2018_MLBS_3_537000_4142000_image.tif","Tree",1,537000,537999.999,4142000,4142999.999
"3096",3096,537077.505,537082.495,4142281.511,4142291.491,"Silva","NEON_D07_MLBS_DP1_537000_4142000_classified_point_cloud.laz","2018_MLBS_3_537000_4142000_image.tif","Tree",1,537000,537999.999,4142000,4142999.999
"3097",3097,537080.558,537087.491,4142287.569,4142295.96,"Silva","NEON_D07_MLBS_DP1_537000_4142000_classified_point_cloud.laz","2018_MLBS_3_537000_4142000_image.tif","Tree",1,537000,537999.999,4142000,4142999.999
"3098",3098,537074.011,537084.056,4142291.504,4142300.281,"Silva","NEON_D07_MLBS_DP1_537000_4142000_classified_point_cloud.laz","2018_MLBS_3_537000_4142000_image.tif","Tree",1,537000,537999.999,4142000,4142999.999
"3099",3099,537084.352,537092.954,4142294.503,4142302.987,"Silva","NEON_D07_MLBS_DP1_537000_4142000_classified_point_cloud.laz","2018_MLBS_3_537000_4142000_image.tif","Tree",1,537000,537999.999,4142000,4142999.999
"3100",3100,537079.5,537087.436,4142297.06,4142308.998,"Silva","NEON_D07_MLBS_DP1_537000_4142000_classified_point_cloud.laz","2018_MLBS_3_537000_4142000_image.tif","Tree",1,537000,537999.999,4142000,4142999.999
"3101",3101,537075.508,537082.396,4142313.013,4142320.999,"Silva","NEON_D07_MLBS_DP1_537000_4142000_classified_point_cloud.laz","2018_MLBS_3_537000_4142000_image.tif","Tree",1,537000,537999.999,4142000,4142999.999
"3102",3102,537082.008,537091.468,4142313.058,4142323.991,"Silva","NEON_D07_MLBS_DP1_537000_4142000_classified_point_cloud.laz","2018_MLBS_3_537000_4142000_image.tif","Tree",1,537000,537999.999,4142000,4142999.999
"3103",3103,537072.013,537083.451,4142320.507,4142332.829,"Silva","NEON_D07_MLBS_DP1_537000_4142000_classified_point_cloud.laz","2018_MLBS_3_537000_4142000_image.tif","Tree",1,537000,537999.999,4142000,4142999.999
"3104",3104,537090.01,537097.999,4142320.505,4142331.49,"Silva","NEON_D07_MLBS_DP1_537000_4142000_classified_point_cloud.laz","2018_MLBS_3_537000_4142000_image.tif","Tree",1,537000,537999.999,4142000,4142999.999
"3105",3105,537077.124,537089.469,4142324.012,4142334,"Silva","NEON_D07_MLBS_DP1_537000_4142000_classified_point_cloud.laz","2018_MLBS_3_537000_4142000_image.tif","Tree",1,537000,537999.999,4142000,4142999.999
"3106",3106,537078.002,537090.496,4142331.533,4142340.995,"Silva","NEON_D07_MLBS_DP1_537000_4142000_classified_point_cloud.laz","2018_MLBS_3_537000_4142000_image.tif","Tree",1,537000,537999.999,4142000,4142999.999
"3107",3107,537090.503,537097.881,4142330.517,4142340.484,"Silva","NEON_D07_MLBS_DP1_537000_4142000_classified_point_cloud.laz","2018_MLBS_3_537000_4142000_image.tif","Tree",1,537000,537999.999,4142000,4142999.999
"3108",3108,537085.501,537095.467,4142339.05,4142347.931,"Silva","NEON_D07_MLBS_DP1_537000_4142000_classified_point_cloud.laz","2018_MLBS_3_537000_4142000_image.tif","Tree",1,537000,537999.999,4142000,4142999.999
"3109",3109,537075.589,537085.995,4142338.003,4142349.484,"Silva","NEON_D07_MLBS_DP1_537000_4142000_classified_point_cloud.laz","2018_MLBS_3_537000_4142000_image.tif","Tree",1,537000,537999.999,4142000,4142999.999
"3110",3110,537084.502,537093.987,4142346.503,4142354.486,"Silva","NEON_D07_MLBS_DP1_537000_4142000_classified_point_cloud.laz","2018_MLBS_3_537000_4142000_image.tif","Tree",1,537000,537999.999,4142000,4142999.999
"3111",3111,537080.002,537086.41,4142349.008,4142357.972,"Silva","NEON_D07_MLBS_DP1_537000_4142000_classified_point_cloud.laz","2018_MLBS_3_537000_4142000_image.tif","Tree",1,537000,537999.999,4142000,4142999.999
"3112",3112,537078.008,537084.964,4142358.002,4142364.993,"Silva","NEON_D07_MLBS_DP1_537000_4142000_classified_point_cloud.laz","2018_MLBS_3_537000_4142000_image.tif","Tree",1,537000,537999.999,4142000,4142999.999
"3113",3113,537084.004,537089.983,4142360.506,4142365.499,"Silva","NEON_D07_MLBS_DP1_537000_4142000_classified_point_cloud.laz","2018_MLBS_3_537000_4142000_image.tif","Tree",1,537000,537999.999,4142000,4142999.999
"3114",3114,537076.501,537083.965,4142363.003,4142371.447,"Silva","NEON_D07_MLBS_DP1_537000_4142000_classified_point_cloud.laz","2018_MLBS_3_537000_4142000_image.tif","Tree",1,537000,537999.999,4142000,4142999.999
"3115",3115,537083.535,537089.995,4142365.501,4142369.484,"Silva","NEON_D07_MLBS_DP1_537000_4142000_classified_point_cloud.laz","2018_MLBS_3_537000_4142000_image.tif","Tree",1,537000,537999.999,4142000,4142999.999
"3116",3116,537080.088,537089.987,4142368.502,4142375.382,"Silva","NEON_D07_MLBS_DP1_537000_4142000_classified_point_cloud.laz","2018_MLBS_3_537000_4142000_image.tif","Tree",1,537000,537999.999,4142000,4142999.999
"3117",3117,537089.507,537098.443,4142368.065,4142377.495,"Silva","NEON_D07_MLBS_DP1_537000_4142000_classified_point_cloud.laz","2018_MLBS_3_537000_4142000_image.tif","Tree",1,537000,537999.999,4142000,4142999.999
"3118",3118,537079.506,537089.999,4142371.6,4142383.494,"Silva","NEON_D07_MLBS_DP1_537000_4142000_classified_point_cloud.laz","2018_MLBS_3_537000_4142000_image.tif","Tree",1,537000,537999.999,4142000,4142999.999
"3119",3119,537069.531,537080.463,4142391.129,4142397.496,"Silva","NEON_D07_MLBS_DP1_537000_4142000_classified_point_cloud.laz","2018_MLBS_3_537000_4142000_image.tif","Tree",1,537000,537999.999,4142000,4142999.999
"3120",3120,537088.551,537094.994,4142394.517,4142403.397,"Silva","NEON_D07_MLBS_DP1_537000_4142000_classified_point_cloud.laz","2018_MLBS_3_537000_4142000_image.tif","Tree",1,537000,537999.999,4142000,4142999.999
"3121",3121,537072.002,537076.999,4142397.502,4142405.495,"Silva","NEON_D07_MLBS_DP1_537000_4142000_classified_point_cloud.laz","2018_MLBS_3_537000_4142000_image.tif","Tree",1,537000,537999.999,4142000,4142999.999
"3122",3122,537076.505,537083.993,4142394.002,4142404.954,"Silva","NEON_D07_MLBS_DP1_537000_4142000_classified_point_cloud.laz","2018_MLBS_3_537000_4142000_image.tif","Tree",1,537000,537999.999,4142000,4142999.999
"3123",3123,537082.519,537090.49,4142392.526,4142404.484,"Silva","NEON_D07_MLBS_DP1_537000_4142000_classified_point_cloud.laz","2018_MLBS_3_537000_4142000_image.tif","Tree",1,537000,537999.999,4142000,4142999.999
"3124",3124,537076.511,537085.991,4142403.002,4142412.494,"Silva","NEON_D07_MLBS_DP1_537000_4142000_classified_point_cloud.laz","2018_MLBS_3_537000_4142000_image.tif","Tree",1,537000,537999.999,4142000,4142999.999
"3125",3125,537071.038,537080.484,4142405.514,4142415.465,"Silva","NEON_D07_MLBS_DP1_537000_4142000_classified_point_cloud.laz","2018_MLBS_3_537000_4142000_image.tif","Tree",1,537000,537999.999,4142000,4142999.999
"3126",3126,537086.005,537096.87,4142387.068,4142395.482,"Silva","NEON_D07_MLBS_DP1_537000_4142000_classified_point_cloud.laz","2018_MLBS_3_537000_4142000_image.tif","Tree",1,537000,537999.999,4142000,4142999.999
"3127",3127,537072.509,537083.983,4142387.058,4142394.485,"Silva","NEON_D07_MLBS_DP1_537000_4142000_classified_point_cloud.laz","2018_MLBS_3_537000_4142000_image.tif","Tree",1,537000,537999.999,4142000,4142999.999
"3128",3128,537075.013,537086.478,4142383.003,4142393.492,"Silva","NEON_D07_MLBS_DP1_537000_4142000_classified_point_cloud.laz","2018_MLBS_3_537000_4142000_image.tif","Tree",1,537000,537999.999,4142000,4142999.999
"3129",3129,537084.513,537097.825,4142376.549,4142389.995,"Silva","NEON_D07_MLBS_DP1_537000_4142000_classified_point_cloud.laz","2018_MLBS_3_537000_4142000_image.tif","Tree",1,537000,537999.999,4142000,4142999.999
"3130",3130,537113.645,537119.447,4142162.17,4142169.999,"Silva","NEON_D07_MLBS_DP1_537000_4142000_classified_point_cloud.laz","2018_MLBS_3_537000_4142000_image.tif","Tree",1,537000,537999.999,4142000,4142999.999
"3131",3131,537141.923,537153.396,4142162.281,4142175.412,"Silva","NEON_D07_MLBS_DP1_537000_4142000_classified_point_cloud.laz","2018_MLBS_3_537000_4142000_image.tif","Tree",1,537000,537999.999,4142000,4142999.999
"3132",3132,537101.04,537109.488,4142169.015,4142179.845,"Silva","NEON_D07_MLBS_DP1_537000_4142000_classified_point_cloud.laz","2018_MLBS_3_537000_4142000_image.tif","Tree",1,537000,537999.999,4142000,4142999.999
"3133",3133,537155.299,537169.474,4142172.661,4142183.956,"Silva","NEON_D07_MLBS_DP1_537000_4142000_classified_point_cloud.laz","2018_MLBS_3_537000_4142000_image.tif","Tree",1,537000,537999.999,4142000,4142999.999
"3134",3134,537122.613,537135.476,4142182.547,4142193.498,"Silva","NEON_D07_MLBS_DP1_537000_4142000_classified_point_cloud.laz","2018_MLBS_3_537000_4142000_image.tif","Tree",1,537000,537999.999,4142000,4142999.999
"3135",3135,537135.003,537147.703,4142174.143,4142192.891,"Silva","NEON_D07_MLBS_DP1_537000_4142000_classified_point_cloud.laz","2018_MLBS_3_537000_4142000_image.tif","Tree",1,537000,537999.999,4142000,4142999.999
"3136",3136,537173.002,537183.957,4142184.005,4142193.974,"Silva","NEON_D07_MLBS_DP1_537000_4142000_classified_point_cloud.laz","2018_MLBS_3_537000_4142000_image.tif","Tree",1,537000,537999.999,4142000,4142999.999
"3137",3137,537117.505,537126.997,4142193.005,4142202.493,"Silva","NEON_D07_MLBS_DP1_537000_4142000_classified_point_cloud.laz","2018_MLBS_3_537000_4142000_image.tif","Tree",1,537000,537999.999,4142000,4142999.999
"3138",3138,537122.005,537133.969,4142199.111,4142209.447,"Silva","NEON_D07_MLBS_DP1_537000_4142000_classified_point_cloud.laz","2018_MLBS_3_537000_4142000_image.tif","Tree",1,537000,537999.999,4142000,4142999.999
"3139",3139,537169.56,537181.469,4142194.107,4142205.401,"Silva","NEON_D07_MLBS_DP1_537000_4142000_classified_point_cloud.laz","2018_MLBS_3_537000_4142000_image.tif","Tree",1,537000,537999.999,4142000,4142999.999
"3140",3140,537144.251,537154.479,4142200.009,4142206.491,"Silva","NEON_D07_MLBS_DP1_537000_4142000_classified_point_cloud.laz","2018_MLBS_3_537000_4142000_image.tif","Tree",1,537000,537999.999,4142000,4142999.999
"3141",3141,537161.502,537170.354,4142196.603,4142208.486,"Silva","NEON_D07_MLBS_DP1_537000_4142000_classified_point_cloud.laz","2018_MLBS_3_537000_4142000_image.tif","Tree",1,537000,537999.999,4142000,4142999.999
"3142",3142,537146.589,537154.931,4142204.161,4142212.45,"Silva","NEON_D07_MLBS_DP1_537000_4142000_classified_point_cloud.laz","2018_MLBS_3_537000_4142000_image.tif","Tree",1,537000,537999.999,4142000,4142999.999
"3143",3143,537112.008,537120.991,4142211.004,4142218.463,"Silva","NEON_D07_MLBS_DP1_537000_4142000_classified_point_cloud.laz","2018_MLBS_3_537000_4142000_image.tif","Tree",1,537000,537999.999,4142000,4142999.999
"3144",3144,537120.514,537128.988,4142209.031,4142220.475,"Silva","NEON_D07_MLBS_DP1_537000_4142000_classified_point_cloud.laz","2018_MLBS_3_537000_4142000_image.tif","Tree",1,537000,537999.999,4142000,4142999.999
"3145",3145,537165.526,537178.212,4142202.178,4142215.915,"Silva","NEON_D07_MLBS_DP1_537000_4142000_classified_point_cloud.laz","2018_MLBS_3_537000_4142000_image.tif","Tree",1,537000,537999.999,4142000,4142999.999
"3146",3146,537136.028,537144.805,4142208.51,4142216.92,"Silva","NEON_D07_MLBS_DP1_537000_4142000_classified_point_cloud.laz","2018_MLBS_3_537000_4142000_image.tif","Tree",1,537000,537999.999,4142000,4142999.999
"3147",3147,537155.586,537166.443,4142207.565,4142217.38,"Silva","NEON_D07_MLBS_DP1_537000_4142000_classified_point_cloud.laz","2018_MLBS_3_537000_4142000_image.tif","Tree",1,537000,537999.999,4142000,4142999.999
"3148",3148,537148.003,537156.454,4142214.014,4142226.411,"Silva","NEON_D07_MLBS_DP1_537000_4142000_classified_point_cloud.laz","2018_MLBS_3_537000_4142000_image.tif","Tree",1,537000,537999.999,4142000,4142999.999
"3149",3149,537137.68,537148.236,4142221.516,4142227.446,"Silva","NEON_D07_MLBS_DP1_537000_4142000_classified_point_cloud.laz","2018_MLBS_3_537000_4142000_image.tif","Tree",1,537000,537999.999,4142000,4142999.999
"3150",3150,537139.726,537147.92,4142223.209,4142231.487,"Silva","NEON_D07_MLBS_DP1_537000_4142000_classified_point_cloud.laz","2018_MLBS_3_537000_4142000_image.tif","Tree",1,537000,537999.999,4142000,4142999.999
"3151",3151,537124.026,537134.356,4142228.014,4142235.349,"Silva","NEON_D07_MLBS_DP1_537000_4142000_classified_point_cloud.laz","2018_MLBS_3_537000_4142000_image.tif","Tree",1,537000,537999.999,4142000,4142999.999
"3152",3152,537151.531,537160.392,4142226.511,4142239.999,"Silva","NEON_D07_MLBS_DP1_537000_4142000_classified_point_cloud.laz","2018_MLBS_3_537000_4142000_image.tif","Tree",1,537000,537999.999,4142000,4142999.999
"3153",3153,537108.524,537123.485,4142235.529,4142246.145,"Silva","NEON_D07_MLBS_DP1_537000_4142000_classified_point_cloud.laz","2018_MLBS_3_537000_4142000_image.tif","Tree",1,537000,537999.999,4142000,4142999.999
"3154",3154,537223.561,537229.951,4142223.566,4142236.481,"Silva","NEON_D07_MLBS_DP1_537000_4142000_classified_point_cloud.laz","2018_MLBS_3_537000_4142000_image.tif","Tree",1,537000,537999.999,4142000,4142999.999
"3155",3155,537180.011,537191.482,4142232.103,4142242.993,"Silva","NEON_D07_MLBS_DP1_537000_4142000_classified_point_cloud.laz","2018_MLBS_3_537000_4142000_image.tif","Tree",1,537000,537999.999,4142000,4142999.999
"3156",3156,537200.063,537207.388,4142231.039,4142238.871,"Silva","NEON_D07_MLBS_DP1_537000_4142000_classified_point_cloud.laz","2018_MLBS_3_537000_4142000_image.tif","Tree",1,537000,537999.999,4142000,4142999.999
"3157",3157,537107.079,537112.931,4142245.65,4142252.995,"Silva","NEON_D07_MLBS_DP1_537000_4142000_classified_point_cloud.laz","2018_MLBS_3_537000_4142000_image.tif","Tree",1,537000,537999.999,4142000,4142999.999
"3158",3158,537142.063,537154.458,4142242.529,4142249.698,"Silva","NEON_D07_MLBS_DP1_537000_4142000_classified_point_cloud.laz","2018_MLBS_3_537000_4142000_image.tif","Tree",1,537000,537999.999,4142000,4142999.999
"3159",3159,537119.005,537131.381,4142241.514,4142254,"Silva","NEON_D07_MLBS_DP1_537000_4142000_classified_point_cloud.laz","2018_MLBS_3_537000_4142000_image.tif","Tree",1,537000,537999.999,4142000,4142999.999
"3160",3160,537207.119,537214.98,4142234.533,4142243.998,"Silva","NEON_D07_MLBS_DP1_537000_4142000_classified_point_cloud.laz","2018_MLBS_3_537000_4142000_image.tif","Tree",1,537000,537999.999,4142000,4142999.999
"3161",3161,537186.96,537196.955,4142239.627,4142248.466,"Silva","NEON_D07_MLBS_DP1_537000_4142000_classified_point_cloud.laz","2018_MLBS_3_537000_4142000_image.tif","Tree",1,537000,537999.999,4142000,4142999.999
"3162",3162,537200.031,537210.498,4142238.514,4142249.475,"Silva","NEON_D07_MLBS_DP1_537000_4142000_classified_point_cloud.laz","2018_MLBS_3_537000_4142000_image.tif","Tree",1,537000,537999.999,4142000,4142999.999
"3163",3163,537182.5,537188.454,4142243.041,4142253.945,"Silva","NEON_D07_MLBS_DP1_537000_4142000_classified_point_cloud.laz","2018_MLBS_3_537000_4142000_image.tif","Tree",1,537000,537999.999,4142000,4142999.999
"3164",3164,537185.018,537192.991,4142246.53,4142254.452,"Silva","NEON_D07_MLBS_DP1_537000_4142000_classified_point_cloud.laz","2018_MLBS_3_537000_4142000_image.tif","Tree",1,537000,537999.999,4142000,4142999.999
"3165",3165,537171.016,537180.42,4142248.038,4142256.479,"Silva","NEON_D07_MLBS_DP1_537000_4142000_classified_point_cloud.laz","2018_MLBS_3_537000_4142000_image.tif","Tree",1,537000,537999.999,4142000,4142999.999
"3166",3166,537126.54,537126.658,4142262.146,4142262.379,"Silva","NEON_D07_MLBS_DP1_537000_4142000_classified_point_cloud.laz","2018_MLBS_3_537000_4142000_image.tif","Tree",1,537000,537999.999,4142000,4142999.999
"3167",3167,537142.572,537152.471,4142252.55,4142259.994,"Silva","NEON_D07_MLBS_DP1_537000_4142000_classified_point_cloud.laz","2018_MLBS_3_537000_4142000_image.tif","Tree",1,537000,537999.999,4142000,4142999.999
"3168",3168,537159.5,537168.292,4142251.006,4142260.5,"Silva","NEON_D07_MLBS_DP1_537000_4142000_classified_point_cloud.laz","2018_MLBS_3_537000_4142000_image.tif","Tree",1,537000,537999.999,4142000,4142999.999
"3169",3169,537216.5,537225.993,4142249.012,4142259.968,"Silva","NEON_D07_MLBS_DP1_537000_4142000_classified_point_cloud.laz","2018_MLBS_3_537000_4142000_image.tif","Tree",1,537000,537999.999,4142000,4142999.999
"3170",3170,537185.503,537193.432,4142253.03,4142259.495,"Silva","NEON_D07_MLBS_DP1_537000_4142000_classified_point_cloud.laz","2018_MLBS_3_537000_4142000_image.tif","Tree",1,537000,537999.999,4142000,4142999.999
"3171",3171,537168.523,537177.958,4142255.507,4142262.329,"Silva","NEON_D07_MLBS_DP1_537000_4142000_classified_point_cloud.laz","2018_MLBS_3_537000_4142000_image.tif","Tree",1,537000,537999.999,4142000,4142999.999
"3172",3172,537178.513,537178.976,4142263.564,4142263.904,"Silva","NEON_D07_MLBS_DP1_537000_4142000_classified_point_cloud.laz","2018_MLBS_3_537000_4142000_image.tif","Tree",1,537000,537999.999,4142000,4142999.999
"3173",3173,537198.029,537206.45,4142256.522,4142261.496,"Silva","NEON_D07_MLBS_DP1_537000_4142000_classified_point_cloud.laz","2018_MLBS_3_537000_4142000_image.tif","Tree",1,537000,537999.999,4142000,4142999.999
"3174",3174,537115.572,537126.97,4142265.506,4142272.984,"Silva","NEON_D07_MLBS_DP1_537000_4142000_classified_point_cloud.laz","2018_MLBS_3_537000_4142000_image.tif","Tree",1,537000,537999.999,4142000,4142999.999
"3175",3175,537198.661,537207.497,4142261.501,4142264.983,"Silva","NEON_D07_MLBS_DP1_537000_4142000_classified_point_cloud.laz","2018_MLBS_3_537000_4142000_image.tif","Tree",1,537000,537999.999,4142000,4142999.999
"3176",3176,537148.058,537153.487,4142266.528,4142267.462,"Silva","NEON_D07_MLBS_DP1_537000_4142000_classified_point_cloud.laz","2018_MLBS_3_537000_4142000_image.tif","Tree",1,537000,537999.999,4142000,4142999.999
"3177",3177,537115.538,537122.464,4142275.002,4142281.89,"Silva","NEON_D07_MLBS_DP1_537000_4142000_classified_point_cloud.laz","2018_MLBS_3_537000_4142000_image.tif","Tree",1,537000,537999.999,4142000,4142999.999
"3178",3178,537109.536,537117.795,4142275.526,4142286.47,"Silva","NEON_D07_MLBS_DP1_537000_4142000_classified_point_cloud.laz","2018_MLBS_3_537000_4142000_image.tif","Tree",1,537000,537999.999,4142000,4142999.999
"3179",3179,537202.508,537203.414,4142270.001,4142270.493,"Silva","NEON_D07_MLBS_DP1_537000_4142000_classified_point_cloud.laz","2018_MLBS_3_537000_4142000_image.tif","Tree",1,537000,537999.999,4142000,4142999.999
"3180",3180,537131.761,537141.447,4142277.004,4142282.491,"Silva","NEON_D07_MLBS_DP1_537000_4142000_classified_point_cloud.laz","2018_MLBS_3_537000_4142000_image.tif","Tree",1,537000,537999.999,4142000,4142999.999
"3181",3181,537181.003,537193.998,4142271.502,4142281,"Silva","NEON_D07_MLBS_DP1_537000_4142000_classified_point_cloud.laz","2018_MLBS_3_537000_4142000_image.tif","Tree",1,537000,537999.999,4142000,4142999.999
"3182",3182,537168.526,537175.45,4142275.1,4142282.498,"Silva","NEON_D07_MLBS_DP1_537000_4142000_classified_point_cloud.laz","2018_MLBS_3_537000_4142000_image.tif","Tree",1,537000,537999.999,4142000,4142999.999
"3183",3183,537159.516,537168.474,4142272.524,4142284.441,"Silva","NEON_D07_MLBS_DP1_537000_4142000_classified_point_cloud.laz","2018_MLBS_3_537000_4142000_image.tif","Tree",1,537000,537999.999,4142000,4142999.999
"3184",3184,537231.559,537236.995,4142237.502,4142246.938,"Silva","NEON_D07_MLBS_DP1_537000_4142000_classified_point_cloud.laz","2018_MLBS_3_537000_4142000_image.tif","Tree",1,537000,537999.999,4142000,4142999.999
"3185",3185,537228.26,537235.922,4142250.044,4142254.998,"Silva","NEON_D07_MLBS_DP1_537000_4142000_classified_point_cloud.laz","2018_MLBS_3_537000_4142000_image.tif","Tree",1,537000,537999.999,4142000,4142999.999
"3186",3186,537243.036,537249.982,4142252.009,4142257.904,"Silva","NEON_D07_MLBS_DP1_537000_4142000_classified_point_cloud.laz","2018_MLBS_3_537000_4142000_image.tif","Tree",1,537000,537999.999,4142000,4142999.999
"3187",3187,537238.533,537246.941,4142254.513,4142261.436,"Silva","NEON_D07_MLBS_DP1_537000_4142000_classified_point_cloud.laz","2018_MLBS_3_537000_4142000_image.tif","Tree",1,537000,537999.999,4142000,4142999.999
"3188",3188,537221.009,537225.361,4142271.007,4142272,"Silva","NEON_D07_MLBS_DP1_537000_4142000_classified_point_cloud.laz","2018_MLBS_3_537000_4142000_image.tif","Tree",1,537000,537999.999,4142000,4142999.999
"3189",3189,537248.513,537258.881,4142266.002,4142272.985,"Silva","NEON_D07_MLBS_DP1_537000_4142000_classified_point_cloud.laz","2018_MLBS_3_537000_4142000_image.tif","Tree",1,537000,537999.999,4142000,4142999.999
"3190",3190,537233.031,537239.991,4142270.052,4142276.953,"Silva","NEON_D07_MLBS_DP1_537000_4142000_classified_point_cloud.laz","2018_MLBS_3_537000_4142000_image.tif","Tree",1,537000,537999.999,4142000,4142999.999
"3191",3191,537240,537248.475,4142270.002,4142274.995,"Silva","NEON_D07_MLBS_DP1_537000_4142000_classified_point_cloud.laz","2018_MLBS_3_537000_4142000_image.tif","Tree",1,537000,537999.999,4142000,4142999.999
"3192",3192,537270.832,537277.989,4142268.003,4142274.476,"Silva","NEON_D07_MLBS_DP1_537000_4142000_classified_point_cloud.laz","2018_MLBS_3_537000_4142000_image.tif","Tree",1,537000,537999.999,4142000,4142999.999
"3193",3193,537235.034,537243.471,4142275.526,4142283.344,"Silva","NEON_D07_MLBS_DP1_537000_4142000_classified_point_cloud.laz","2018_MLBS_3_537000_4142000_image.tif","Tree",1,537000,537999.999,4142000,4142999.999
"3194",3194,537272.032,537277.446,4142274.513,4142281.881,"Silva","NEON_D07_MLBS_DP1_537000_4142000_classified_point_cloud.laz","2018_MLBS_3_537000_4142000_image.tif","Tree",1,537000,537999.999,4142000,4142999.999
"3195",3195,537232.036,537236.461,4142277.033,4142284.981,"Silva","NEON_D07_MLBS_DP1_537000_4142000_classified_point_cloud.laz","2018_MLBS_3_537000_4142000_image.tif","Tree",1,537000,537999.999,4142000,4142999.999
"3196",3196,537092.048,537100.492,4142278.502,4142287.433,"Silva","NEON_D07_MLBS_DP1_537000_4142000_classified_point_cloud.laz","2018_MLBS_3_537000_4142000_image.tif","Tree",1,537000,537999.999,4142000,4142999.999
"3197",3197,537104.505,537111.489,4142279.035,4142287.986,"Silva","NEON_D07_MLBS_DP1_537000_4142000_classified_point_cloud.laz","2018_MLBS_3_537000_4142000_image.tif","Tree",1,537000,537999.999,4142000,4142999.999
"3198",3198,537132.536,537142.493,4142282.509,4142289.908,"Silva","NEON_D07_MLBS_DP1_537000_4142000_classified_point_cloud.laz","2018_MLBS_3_537000_4142000_image.tif","Tree",1,537000,537999.999,4142000,4142999.999
"3199",3199,537142.507,537153.485,4142279.662,4142292.976,"Silva","NEON_D07_MLBS_DP1_537000_4142000_classified_point_cloud.laz","2018_MLBS_3_537000_4142000_image.tif","Tree",1,537000,537999.999,4142000,4142999.999
"3200",3200,537153.034,537162.98,4142276.529,4142288.498,"Silva","NEON_D07_MLBS_DP1_537000_4142000_classified_point_cloud.laz","2018_MLBS_3_537000_4142000_image.tif","Tree",1,537000,537999.999,4142000,4142999.999
"3201",3201,537098.505,537105.993,4142286.511,4142292.939,"Silva","NEON_D07_MLBS_DP1_537000_4142000_classified_point_cloud.laz","2018_MLBS_3_537000_4142000_image.tif","Tree",1,537000,537999.999,4142000,4142999.999
"3202",3202,537106.002,537114.499,4142285.011,4142295.937,"Silva","NEON_D07_MLBS_DP1_537000_4142000_classified_point_cloud.laz","2018_MLBS_3_537000_4142000_image.tif","Tree",1,537000,537999.999,4142000,4142999.999
"3203",3203,537126.006,537137.986,4142282.085,4142289.937,"Silva","NEON_D07_MLBS_DP1_537000_4142000_classified_point_cloud.laz","2018_MLBS_3_537000_4142000_image.tif","Tree",1,537000,537999.999,4142000,4142999.999
"3204",3204,537119.014,537126.481,4142284.624,4142292.907,"Silva","NEON_D07_MLBS_DP1_537000_4142000_classified_point_cloud.laz","2018_MLBS_3_537000_4142000_image.tif","Tree",1,537000,537999.999,4142000,4142999.999
"3205",3205,537113.6,537119.985,4142286.093,4142295.902,"Silva","NEON_D07_MLBS_DP1_537000_4142000_classified_point_cloud.laz","2018_MLBS_3_537000_4142000_image.tif","Tree",1,537000,537999.999,4142000,4142999.999
"3206",3206,537109.64,537118.953,4142295.512,4142303.445,"Silva","NEON_D07_MLBS_DP1_537000_4142000_classified_point_cloud.laz","2018_MLBS_3_537000_4142000_image.tif","Tree",1,537000,537999.999,4142000,4142999.999
"3207",3207,537134.054,537146.498,4142291.544,4142301.497,"Silva","NEON_D07_MLBS_DP1_537000_4142000_classified_point_cloud.laz","2018_MLBS_3_537000_4142000_image.tif","Tree",1,537000,537999.999,4142000,4142999.999
"3208",3208,537099.042,537106.981,4142298.031,4142308.445,"Silva","NEON_D07_MLBS_DP1_537000_4142000_classified_point_cloud.laz","2018_MLBS_3_537000_4142000_image.tif","Tree",1,537000,537999.999,4142000,4142999.999
"3209",3209,537130.517,537138.479,4142295.513,4142302.92,"Silva","NEON_D07_MLBS_DP1_537000_4142000_classified_point_cloud.laz","2018_MLBS_3_537000_4142000_image.tif","Tree",1,537000,537999.999,4142000,4142999.999
"3210",3210,537128.535,537133.988,4142296.75,4142306.795,"Silva","NEON_D07_MLBS_DP1_537000_4142000_classified_point_cloud.laz","2018_MLBS_3_537000_4142000_image.tif","Tree",1,537000,537999.999,4142000,4142999.999
"3211",3211,537111.019,537118.495,4142302.531,4142311.487,"Silva","NEON_D07_MLBS_DP1_537000_4142000_classified_point_cloud.laz","2018_MLBS_3_537000_4142000_image.tif","Tree",1,537000,537999.999,4142000,4142999.999
"3212",3212,537124.641,537132.494,4142305.02,4142311.936,"Silva","NEON_D07_MLBS_DP1_537000_4142000_classified_point_cloud.laz","2018_MLBS_3_537000_4142000_image.tif","Tree",1,537000,537999.999,4142000,4142999.999
"3213",3213,537108.048,537116.452,4142307.008,4142314.493,"Silva","NEON_D07_MLBS_DP1_537000_4142000_classified_point_cloud.laz","2018_MLBS_3_537000_4142000_image.tif","Tree",1,537000,537999.999,4142000,4142999.999
"3214",3214,537116.009,537124.284,4142310.048,4142320.492,"Silva","NEON_D07_MLBS_DP1_537000_4142000_classified_point_cloud.laz","2018_MLBS_3_537000_4142000_image.tif","Tree",1,537000,537999.999,4142000,4142999.999
"3215",3215,537103.033,537112.753,4142314.048,4142319.999,"Silva","NEON_D07_MLBS_DP1_537000_4142000_classified_point_cloud.laz","2018_MLBS_3_537000_4142000_image.tif","Tree",1,537000,537999.999,4142000,4142999.999
"3216",3216,537147.5,537152.342,4142306.006,4142316.975,"Silva","NEON_D07_MLBS_DP1_537000_4142000_classified_point_cloud.laz","2018_MLBS_3_537000_4142000_image.tif","Tree",1,537000,537999.999,4142000,4142999.999
"3217",3217,537091,537102.926,4142316.503,4142324.483,"Silva","NEON_D07_MLBS_DP1_537000_4142000_classified_point_cloud.laz","2018_MLBS_3_537000_4142000_image.tif","Tree",1,537000,537999.999,4142000,4142999.999
"3218",3218,537151.534,537158.494,4142309.628,4142316.498,"Silva","NEON_D07_MLBS_DP1_537000_4142000_classified_point_cloud.laz","2018_MLBS_3_537000_4142000_image.tif","Tree",1,537000,537999.999,4142000,4142999.999
"3219",3219,537106.529,537114.993,4142322.011,4142331.491,"Silva","NEON_D07_MLBS_DP1_537000_4142000_classified_point_cloud.laz","2018_MLBS_3_537000_4142000_image.tif","Tree",1,537000,537999.999,4142000,4142999.999
"3220",3220,537112.635,537122.924,4142322.012,4142332.478,"Silva","NEON_D07_MLBS_DP1_537000_4142000_classified_point_cloud.laz","2018_MLBS_3_537000_4142000_image.tif","Tree",1,537000,537999.999,4142000,4142999.999
"3221",3221,537126.51,537138.498,4142324.023,4142336.45,"Silva","NEON_D07_MLBS_DP1_537000_4142000_classified_point_cloud.laz","2018_MLBS_3_537000_4142000_image.tif","Tree",1,537000,537999.999,4142000,4142999.999
"3222",3222,537146.04,537153.973,4142323.697,4142333.979,"Silva","NEON_D07_MLBS_DP1_537000_4142000_classified_point_cloud.laz","2018_MLBS_3_537000_4142000_image.tif","Tree",1,537000,537999.999,4142000,4142999.999
"3223",3223,537093.044,537102.106,4142334.105,4142343.939,"Silva","NEON_D07_MLBS_DP1_537000_4142000_classified_point_cloud.laz","2018_MLBS_3_537000_4142000_image.tif","Tree",1,537000,537999.999,4142000,4142999.999
"3224",3224,537107.511,537116.998,4142331.509,4142338.5,"Silva","NEON_D07_MLBS_DP1_537000_4142000_classified_point_cloud.laz","2018_MLBS_3_537000_4142000_image.tif","Tree",1,537000,537999.999,4142000,4142999.999
"3225",3225,537137.509,537149.306,4142330.544,4142339.49,"Silva","NEON_D07_MLBS_DP1_537000_4142000_classified_point_cloud.laz","2018_MLBS_3_537000_4142000_image.tif","Tree",1,537000,537999.999,4142000,4142999.999
"3226",3226,537151.551,537160.983,4142330.524,4142340.997,"Silva","NEON_D07_MLBS_DP1_537000_4142000_classified_point_cloud.laz","2018_MLBS_3_537000_4142000_image.tif","Tree",1,537000,537999.999,4142000,4142999.999
"3227",3227,537133.501,537143.478,4142334.092,4142344.962,"Silva","NEON_D07_MLBS_DP1_537000_4142000_classified_point_cloud.laz","2018_MLBS_3_537000_4142000_image.tif","Tree",1,537000,537999.999,4142000,4142999.999
"3228",3228,537125.033,537132.498,4142336.007,4142347.939,"Silva","NEON_D07_MLBS_DP1_537000_4142000_classified_point_cloud.laz","2018_MLBS_3_537000_4142000_image.tif","Tree",1,537000,537999.999,4142000,4142999.999
"3229",3229,537120.522,537126.577,4142340.039,4142347.421,"Silva","NEON_D07_MLBS_DP1_537000_4142000_classified_point_cloud.laz","2018_MLBS_3_537000_4142000_image.tif","Tree",1,537000,537999.999,4142000,4142999.999
"3230",3230,537137.147,537146.969,4142341.506,4142348.496,"Silva","NEON_D07_MLBS_DP1_537000_4142000_classified_point_cloud.laz","2018_MLBS_3_537000_4142000_image.tif","Tree",1,537000,537999.999,4142000,4142999.999
"3231",3231,537102.022,537108.936,4142344.536,4142350.942,"Silva","NEON_D07_MLBS_DP1_537000_4142000_classified_point_cloud.laz","2018_MLBS_3_537000_4142000_image.tif","Tree",1,537000,537999.999,4142000,4142999.999
"3232",3232,537110.524,537118.973,4142343.569,4142351.478,"Silva","NEON_D07_MLBS_DP1_537000_4142000_classified_point_cloud.laz","2018_MLBS_3_537000_4142000_image.tif","Tree",1,537000,537999.999,4142000,4142999.999
"3233",3233,537169.067,537174.444,4142285.026,4142291.381,"Silva","NEON_D07_MLBS_DP1_537000_4142000_classified_point_cloud.laz","2018_MLBS_3_537000_4142000_image.tif","Tree",1,537000,537999.999,4142000,4142999.999
"3234",3234,537192.507,537202.925,4142284.004,4142293.99,"Silva","NEON_D07_MLBS_DP1_537000_4142000_classified_point_cloud.laz","2018_MLBS_3_537000_4142000_image.tif","Tree",1,537000,537999.999,4142000,4142999.999
"3235",3235,537172.504,537179.492,4142286.022,4142294.476,"Silva","NEON_D07_MLBS_DP1_537000_4142000_classified_point_cloud.laz","2018_MLBS_3_537000_4142000_image.tif","Tree",1,537000,537999.999,4142000,4142999.999
"3236",3236,537212.664,537219.983,4142282.506,4142289.477,"Silva","NEON_D07_MLBS_DP1_537000_4142000_classified_point_cloud.laz","2018_MLBS_3_537000_4142000_image.tif","Tree",1,537000,537999.999,4142000,4142999.999
"3237",3237,537184.08,537189.996,4142287.002,4142293.891,"Silva","NEON_D07_MLBS_DP1_537000_4142000_classified_point_cloud.laz","2018_MLBS_3_537000_4142000_image.tif","Tree",1,537000,537999.999,4142000,4142999.999
"3238",3238,537164.004,537173.754,4142289.638,4142297.974,"Silva","NEON_D07_MLBS_DP1_537000_4142000_classified_point_cloud.laz","2018_MLBS_3_537000_4142000_image.tif","Tree",1,537000,537999.999,4142000,4142999.999
"3239",3239,537171.523,537180.476,4142293.505,4142303.997,"Silva","NEON_D07_MLBS_DP1_537000_4142000_classified_point_cloud.laz","2018_MLBS_3_537000_4142000_image.tif","Tree",1,537000,537999.999,4142000,4142999.999
"3240",3240,537178.065,537187.842,4142297.523,4142305.927,"Silva","NEON_D07_MLBS_DP1_537000_4142000_classified_point_cloud.laz","2018_MLBS_3_537000_4142000_image.tif","Tree",1,537000,537999.999,4142000,4142999.999
"3241",3241,537218.529,537229.996,4142293.516,4142302.498,"Silva","NEON_D07_MLBS_DP1_537000_4142000_classified_point_cloud.laz","2018_MLBS_3_537000_4142000_image.tif","Tree",1,537000,537999.999,4142000,4142999.999
"3242",3242,537206.519,537218.887,4142296.025,4142304.995,"Silva","NEON_D07_MLBS_DP1_537000_4142000_classified_point_cloud.laz","2018_MLBS_3_537000_4142000_image.tif","Tree",1,537000,537999.999,4142000,4142999.999
"3243",3243,537196.101,537202.999,4142295.575,4142305.993,"Silva","NEON_D07_MLBS_DP1_537000_4142000_classified_point_cloud.laz","2018_MLBS_3_537000_4142000_image.tif","Tree",1,537000,537999.999,4142000,4142999.999
"3244",3244,537202.014,537209.898,4142297.841,4142307.978,"Silva","NEON_D07_MLBS_DP1_537000_4142000_classified_point_cloud.laz","2018_MLBS_3_537000_4142000_image.tif","Tree",1,537000,537999.999,4142000,4142999.999
"3245",3245,537189.59,537198.492,4142301.029,4142310.616,"Silva","NEON_D07_MLBS_DP1_537000_4142000_classified_point_cloud.laz","2018_MLBS_3_537000_4142000_image.tif","Tree",1,537000,537999.999,4142000,4142999.999
"3246",3246,537172.508,537180.445,4142304.011,4142312.993,"Silva","NEON_D07_MLBS_DP1_537000_4142000_classified_point_cloud.laz","2018_MLBS_3_537000_4142000_image.tif","Tree",1,537000,537999.999,4142000,4142999.999
"3247",3247,537179.028,537187.482,4142305.502,4142314.992,"Silva","NEON_D07_MLBS_DP1_537000_4142000_classified_point_cloud.laz","2018_MLBS_3_537000_4142000_image.tif","Tree",1,537000,537999.999,4142000,4142999.999
"3248",3248,537195.003,537204.382,4142306.022,4142315.876,"Silva","NEON_D07_MLBS_DP1_537000_4142000_classified_point_cloud.laz","2018_MLBS_3_537000_4142000_image.tif","Tree",1,537000,537999.999,4142000,4142999.999
"3249",3249,537208.005,537215.983,4142305.021,4142313.313,"Silva","NEON_D07_MLBS_DP1_537000_4142000_classified_point_cloud.laz","2018_MLBS_3_537000_4142000_image.tif","Tree",1,537000,537999.999,4142000,4142999.999
"3250",3250,537202.533,537209.957,4142307.007,4142314.496,"Silva","NEON_D07_MLBS_DP1_537000_4142000_classified_point_cloud.laz","2018_MLBS_3_537000_4142000_image.tif","Tree",1,537000,537999.999,4142000,4142999.999
"3251",3251,537214.066,537219.496,4142307.548,4142316.453,"Silva","NEON_D07_MLBS_DP1_537000_4142000_classified_point_cloud.laz","2018_MLBS_3_537000_4142000_image.tif","Tree",1,537000,537999.999,4142000,4142999.999
"3252",3252,537209.501,537216.474,4142312.001,4142318.339,"Silva","NEON_D07_MLBS_DP1_537000_4142000_classified_point_cloud.laz","2018_MLBS_3_537000_4142000_image.tif","Tree",1,537000,537999.999,4142000,4142999.999
"3253",3253,537167.701,537179.486,4142315.032,4142325,"Silva","NEON_D07_MLBS_DP1_537000_4142000_classified_point_cloud.laz","2018_MLBS_3_537000_4142000_image.tif","Tree",1,537000,537999.999,4142000,4142999.999
"3254",3254,537178.63,537189.489,4142317.554,4142324.961,"Silva","NEON_D07_MLBS_DP1_537000_4142000_classified_point_cloud.laz","2018_MLBS_3_537000_4142000_image.tif","Tree",1,537000,537999.999,4142000,4142999.999
"3255",3255,537214.519,537221.814,4142317.512,4142323.973,"Silva","NEON_D07_MLBS_DP1_537000_4142000_classified_point_cloud.laz","2018_MLBS_3_537000_4142000_image.tif","Tree",1,537000,537999.999,4142000,4142999.999
"3256",3256,537196.583,537204.487,4142316.169,4142324.996,"Silva","NEON_D07_MLBS_DP1_537000_4142000_classified_point_cloud.laz","2018_MLBS_3_537000_4142000_image.tif","Tree",1,537000,537999.999,4142000,4142999.999
"3257",3257,537211.52,537220.491,4142322.645,4142329.918,"Silva","NEON_D07_MLBS_DP1_537000_4142000_classified_point_cloud.laz","2018_MLBS_3_537000_4142000_image.tif","Tree",1,537000,537999.999,4142000,4142999.999
"3258",3258,537165.527,537171.989,4142328.283,4142336.166,"Silva","NEON_D07_MLBS_DP1_537000_4142000_classified_point_cloud.laz","2018_MLBS_3_537000_4142000_image.tif","Tree",1,537000,537999.999,4142000,4142999.999
"3259",3259,537175.005,537181.481,4142332.036,4142337.851,"Silva","NEON_D07_MLBS_DP1_537000_4142000_classified_point_cloud.laz","2018_MLBS_3_537000_4142000_image.tif","Tree",1,537000,537999.999,4142000,4142999.999
"3260",3260,537209.616,537221.491,4142328.089,4142335.494,"Silva","NEON_D07_MLBS_DP1_537000_4142000_classified_point_cloud.laz","2018_MLBS_3_537000_4142000_image.tif","Tree",1,537000,537999.999,4142000,4142999.999
"3261",3261,537167.525,537175.439,4142332.503,4142340.43,"Silva","NEON_D07_MLBS_DP1_537000_4142000_classified_point_cloud.laz","2018_MLBS_3_537000_4142000_image.tif","Tree",1,537000,537999.999,4142000,4142999.999
"3262",3262,537185.041,537192.499,4142331.084,4142339.478,"Silva","NEON_D07_MLBS_DP1_537000_4142000_classified_point_cloud.laz","2018_MLBS_3_537000_4142000_image.tif","Tree",1,537000,537999.999,4142000,4142999.999
"3263",3263,537179.083,537186.968,4142332.512,4142340.497,"Silva","NEON_D07_MLBS_DP1_537000_4142000_classified_point_cloud.laz","2018_MLBS_3_537000_4142000_image.tif","Tree",1,537000,537999.999,4142000,4142999.999
"3264",3264,537192.01,537200.477,4142334.073,4142340.99,"Silva","NEON_D07_MLBS_DP1_537000_4142000_classified_point_cloud.laz","2018_MLBS_3_537000_4142000_image.tif","Tree",1,537000,537999.999,4142000,4142999.999
"3265",3265,537211.003,537218.498,4142334.021,4142340.342,"Silva","NEON_D07_MLBS_DP1_537000_4142000_classified_point_cloud.laz","2018_MLBS_3_537000_4142000_image.tif","Tree",1,537000,537999.999,4142000,4142999.999
"3266",3266,537168.008,537179.472,4142337.08,4142344.998,"Silva","NEON_D07_MLBS_DP1_537000_4142000_classified_point_cloud.laz","2018_MLBS_3_537000_4142000_image.tif","Tree",1,537000,537999.999,4142000,4142999.999
"3267",3267,537218.528,537225.895,4142334.001,4142342.973,"Silva","NEON_D07_MLBS_DP1_537000_4142000_classified_point_cloud.laz","2018_MLBS_3_537000_4142000_image.tif","Tree",1,537000,537999.999,4142000,4142999.999
"3268",3268,537159.019,537168.94,4142341.02,4142346.497,"Silva","NEON_D07_MLBS_DP1_537000_4142000_classified_point_cloud.laz","2018_MLBS_3_537000_4142000_image.tif","Tree",1,537000,537999.999,4142000,4142999.999
"3269",3269,537208.511,537215.996,4142340.025,4142347.493,"Silva","NEON_D07_MLBS_DP1_537000_4142000_classified_point_cloud.laz","2018_MLBS_3_537000_4142000_image.tif","Tree",1,537000,537999.999,4142000,4142999.999
"3270",3270,537192.681,537201.856,4142341.006,4142346.979,"Silva","NEON_D07_MLBS_DP1_537000_4142000_classified_point_cloud.laz","2018_MLBS_3_537000_4142000_image.tif","Tree",1,537000,537999.999,4142000,4142999.999
"3271",3271,537179.016,537186.497,4142340.505,4142347.443,"Silva","NEON_D07_MLBS_DP1_537000_4142000_classified_point_cloud.laz","2018_MLBS_3_537000_4142000_image.tif","Tree",1,537000,537999.999,4142000,4142999.999
"3272",3272,537186.013,537192.987,4142339.505,4142347.904,"Silva","NEON_D07_MLBS_DP1_537000_4142000_classified_point_cloud.laz","2018_MLBS_3_537000_4142000_image.tif","Tree",1,537000,537999.999,4142000,4142999.999
"3273",3273,537170.537,537179.454,4142343.082,4142351.994,"Silva","NEON_D07_MLBS_DP1_537000_4142000_classified_point_cloud.laz","2018_MLBS_3_537000_4142000_image.tif","Tree",1,537000,537999.999,4142000,4142999.999
"3274",3274,537201.01,537210.943,4142342.252,4142350.98,"Silva","NEON_D07_MLBS_DP1_537000_4142000_classified_point_cloud.laz","2018_MLBS_3_537000_4142000_image.tif","Tree",1,537000,537999.999,4142000,4142999.999
"3275",3275,537093.524,537102.492,4142346.559,4142354.465,"Silva","NEON_D07_MLBS_DP1_537000_4142000_classified_point_cloud.laz","2018_MLBS_3_537000_4142000_image.tif","Tree",1,537000,537999.999,4142000,4142999.999
"3276",3276,537142.535,537151.779,4142343.546,4142352.462,"Silva","NEON_D07_MLBS_DP1_537000_4142000_classified_point_cloud.laz","2018_MLBS_3_537000_4142000_image.tif","Tree",1,537000,537999.999,4142000,4142999.999
"3277",3277,537135.033,537141.957,4142345.522,4142355.99,"Silva","NEON_D07_MLBS_DP1_537000_4142000_classified_point_cloud.laz","2018_MLBS_3_537000_4142000_image.tif","Tree",1,537000,537999.999,4142000,4142999.999
"3278",3278,537106.007,537112.492,4142350.012,4142359.98,"Silva","NEON_D07_MLBS_DP1_537000_4142000_classified_point_cloud.laz","2018_MLBS_3_537000_4142000_image.tif","Tree",1,537000,537999.999,4142000,4142999.999
"3279",3279,537091.5,537099.999,4142352.008,4142361,"Silva","NEON_D07_MLBS_DP1_537000_4142000_classified_point_cloud.laz","2018_MLBS_3_537000_4142000_image.tif","Tree",1,537000,537999.999,4142000,4142999.999
"3280",3280,537110.524,537120.867,4142351.002,4142360.754,"Silva","NEON_D07_MLBS_DP1_537000_4142000_classified_point_cloud.laz","2018_MLBS_3_537000_4142000_image.tif","Tree",1,537000,537999.999,4142000,4142999.999
"3281",3281,537147.523,537158.898,4142349.016,4142359.41,"Silva","NEON_D07_MLBS_DP1_537000_4142000_classified_point_cloud.laz","2018_MLBS_3_537000_4142000_image.tif","Tree",1,537000,537999.999,4142000,4142999.999
"3282",3282,537119.231,537130.498,4142354.05,4142366.988,"Silva","NEON_D07_MLBS_DP1_537000_4142000_classified_point_cloud.laz","2018_MLBS_3_537000_4142000_image.tif","Tree",1,537000,537999.999,4142000,4142999.999
"3283",3283,537144.515,537155.441,4142356.012,4142363.498,"Silva","NEON_D07_MLBS_DP1_537000_4142000_classified_point_cloud.laz","2018_MLBS_3_537000_4142000_image.tif","Tree",1,537000,537999.999,4142000,4142999.999
"3284",3284,537093.516,537101.991,4142358.026,4142366.969,"Silva","NEON_D07_MLBS_DP1_537000_4142000_classified_point_cloud.laz","2018_MLBS_3_537000_4142000_image.tif","Tree",1,537000,537999.999,4142000,4142999.999
"3285",3285,537133.534,537140.942,4142355.545,4142364.946,"Silva","NEON_D07_MLBS_DP1_537000_4142000_classified_point_cloud.laz","2018_MLBS_3_537000_4142000_image.tif","Tree",1,537000,537999.999,4142000,4142999.999
"3286",3286,537101.005,537109.49,4142359.501,4142367.999,"Silva","NEON_D07_MLBS_DP1_537000_4142000_classified_point_cloud.laz","2018_MLBS_3_537000_4142000_image.tif","Tree",1,537000,537999.999,4142000,4142999.999
"3287",3287,537128.044,537135.988,4142358.005,4142365.982,"Silva","NEON_D07_MLBS_DP1_537000_4142000_classified_point_cloud.laz","2018_MLBS_3_537000_4142000_image.tif","Tree",1,537000,537999.999,4142000,4142999.999
"3288",3288,537138.027,537145.956,4142359.032,4142369.478,"Silva","NEON_D07_MLBS_DP1_537000_4142000_classified_point_cloud.laz","2018_MLBS_3_537000_4142000_image.tif","Tree",1,537000,537999.999,4142000,4142999.999
"3289",3289,537144.069,537154.178,4142362.671,4142372.986,"Silva","NEON_D07_MLBS_DP1_537000_4142000_classified_point_cloud.laz","2018_MLBS_3_537000_4142000_image.tif","Tree",1,537000,537999.999,4142000,4142999.999
"3290",3290,537121.514,537132.484,4142365.001,4142373.994,"Silva","NEON_D07_MLBS_DP1_537000_4142000_classified_point_cloud.laz","2018_MLBS_3_537000_4142000_image.tif","Tree",1,537000,537999.999,4142000,4142999.999
"3291",3291,537132.519,537140.462,4142367.506,4142374.46,"Silva","NEON_D07_MLBS_DP1_537000_4142000_classified_point_cloud.laz","2018_MLBS_3_537000_4142000_image.tif","Tree",1,537000,537999.999,4142000,4142999.999
"3292",3292,537109.545,537121.498,4142367.575,4142374.204,"Silva","NEON_D07_MLBS_DP1_537000_4142000_classified_point_cloud.laz","2018_MLBS_3_537000_4142000_image.tif","Tree",1,537000,537999.999,4142000,4142999.999
"3293",3293,537101.03,537109.997,4142366.508,4142376.936,"Silva","NEON_D07_MLBS_DP1_537000_4142000_classified_point_cloud.laz","2018_MLBS_3_537000_4142000_image.tif","Tree",1,537000,537999.999,4142000,4142999.999
"3294",3294,537149.035,537157.994,4142369.006,4142378,"Silva","NEON_D07_MLBS_DP1_537000_4142000_classified_point_cloud.laz","2018_MLBS_3_537000_4142000_image.tif","Tree",1,537000,537999.999,4142000,4142999.999
"3295",3295,537121,537130.428,4142369.586,4142380.492,"Silva","NEON_D07_MLBS_DP1_537000_4142000_classified_point_cloud.laz","2018_MLBS_3_537000_4142000_image.tif","Tree",1,537000,537999.999,4142000,4142999.999
"3296",3296,537095.029,537105.989,4142371.192,4142382.98,"Silva","NEON_D07_MLBS_DP1_537000_4142000_classified_point_cloud.laz","2018_MLBS_3_537000_4142000_image.tif","Tree",1,537000,537999.999,4142000,4142999.999
"3297",3297,537139.506,537149.953,4142371.008,4142382.991,"Silva","NEON_D07_MLBS_DP1_537000_4142000_classified_point_cloud.laz","2018_MLBS_3_537000_4142000_image.tif","Tree",1,537000,537999.999,4142000,4142999.999
"3298",3298,537115.043,537124.898,4142372.117,4142384.856,"Silva","NEON_D07_MLBS_DP1_537000_4142000_classified_point_cloud.laz","2018_MLBS_3_537000_4142000_image.tif","Tree",1,537000,537999.999,4142000,4142999.999
"3299",3299,537152.609,537159.465,4142395.53,4142401.999,"Silva","NEON_D07_MLBS_DP1_537000_4142000_classified_point_cloud.laz","2018_MLBS_3_537000_4142000_image.tif","Tree",1,537000,537999.999,4142000,4142999.999
"3300",3300,537132.002,537144.489,4142394.567,4142406.935,"Silva","NEON_D07_MLBS_DP1_537000_4142000_classified_point_cloud.laz","2018_MLBS_3_537000_4142000_image.tif","Tree",1,537000,537999.999,4142000,4142999.999
"3301",3301,537107.058,537118.446,4142395.223,4142406.447,"Silva","NEON_D07_MLBS_DP1_537000_4142000_classified_point_cloud.laz","2018_MLBS_3_537000_4142000_image.tif","Tree",1,537000,537999.999,4142000,4142999.999
"3302",3302,537155.271,537164.991,4142400.032,4142405.977,"Silva","NEON_D07_MLBS_DP1_537000_4142000_classified_point_cloud.laz","2018_MLBS_3_537000_4142000_image.tif","Tree",1,537000,537999.999,4142000,4142999.999
"3303",3303,537093.016,537101.997,4142399.528,4142406.492,"Silva","NEON_D07_MLBS_DP1_537000_4142000_classified_point_cloud.laz","2018_MLBS_3_537000_4142000_image.tif","Tree",1,537000,537999.999,4142000,4142999.999
"3304",3304,537117.053,537125.496,4142399.55,4142406.455,"Silva","NEON_D07_MLBS_DP1_537000_4142000_classified_point_cloud.laz","2018_MLBS_3_537000_4142000_image.tif","Tree",1,537000,537999.999,4142000,4142999.999
"3305",3305,537125.003,537135.911,4142400.008,4142408.497,"Silva","NEON_D07_MLBS_DP1_537000_4142000_classified_point_cloud.laz","2018_MLBS_3_537000_4142000_image.tif","Tree",1,537000,537999.999,4142000,4142999.999
"3306",3306,537101.501,537111.909,4142396.009,4142409.958,"Silva","NEON_D07_MLBS_DP1_537000_4142000_classified_point_cloud.laz","2018_MLBS_3_537000_4142000_image.tif","Tree",1,537000,537999.999,4142000,4142999.999
"3307",3307,537143.096,537151.996,4142401.042,4142414.275,"Silva","NEON_D07_MLBS_DP1_537000_4142000_classified_point_cloud.laz","2018_MLBS_3_537000_4142000_image.tif","Tree",1,537000,537999.999,4142000,4142999.999
"3308",3308,537100.006,537108.396,4142404.004,4142409.994,"Silva","NEON_D07_MLBS_DP1_537000_4142000_classified_point_cloud.laz","2018_MLBS_3_537000_4142000_image.tif","Tree",1,537000,537999.999,4142000,4142999.999
"3309",3309,537137.005,537147.886,4142402.568,4142414.493,"Silva","NEON_D07_MLBS_DP1_537000_4142000_classified_point_cloud.laz","2018_MLBS_3_537000_4142000_image.tif","Tree",1,537000,537999.999,4142000,4142999.999
"3310",3310,537119.085,537125.471,4142406.024,4142411.992,"Silva","NEON_D07_MLBS_DP1_537000_4142000_classified_point_cloud.laz","2018_MLBS_3_537000_4142000_image.tif","Tree",1,537000,537999.999,4142000,4142999.999
"3311",3311,537091.512,537100.485,4142406.002,4142411.497,"Silva","NEON_D07_MLBS_DP1_537000_4142000_classified_point_cloud.laz","2018_MLBS_3_537000_4142000_image.tif","Tree",1,537000,537999.999,4142000,4142999.999
"3312",3312,537112.606,537120.491,4142405.055,4142413.492,"Silva","NEON_D07_MLBS_DP1_537000_4142000_classified_point_cloud.laz","2018_MLBS_3_537000_4142000_image.tif","Tree",1,537000,537999.999,4142000,4142999.999
"3313",3313,537153.682,537165.985,4142406.005,4142412.493,"Silva","NEON_D07_MLBS_DP1_537000_4142000_classified_point_cloud.laz","2018_MLBS_3_537000_4142000_image.tif","Tree",1,537000,537999.999,4142000,4142999.999
"3314",3314,537124.509,537133.469,4142408.003,4142415.92,"Silva","NEON_D07_MLBS_DP1_537000_4142000_classified_point_cloud.laz","2018_MLBS_3_537000_4142000_image.tif","Tree",1,537000,537999.999,4142000,4142999.999
"3315",3315,537100.502,537108.983,4142410.001,4142416.5,"Silva","NEON_D07_MLBS_DP1_537000_4142000_classified_point_cloud.laz","2018_MLBS_3_537000_4142000_image.tif","Tree",1,537000,537999.999,4142000,4142999.999
"3316",3316,537092.018,537100.499,4142410.51,4142415.493,"Silva","NEON_D07_MLBS_DP1_537000_4142000_classified_point_cloud.laz","2018_MLBS_3_537000_4142000_image.tif","Tree",1,537000,537999.999,4142000,4142999.999
"3317",3317,537094.503,537102.986,4142395.058,4142401.484,"Silva","NEON_D07_MLBS_DP1_537000_4142000_classified_point_cloud.laz","2018_MLBS_3_537000_4142000_image.tif","Tree",1,537000,537999.999,4142000,4142999.999
"3318",3318,537123.002,537132.467,4142392.004,4142401.869,"Silva","NEON_D07_MLBS_DP1_537000_4142000_classified_point_cloud.laz","2018_MLBS_3_537000_4142000_image.tif","Tree",1,537000,537999.999,4142000,4142999.999
"3319",3319,537115.559,537123.784,4142391.501,4142400.955,"Silva","NEON_D07_MLBS_DP1_537000_4142000_classified_point_cloud.laz","2018_MLBS_3_537000_4142000_image.tif","Tree",1,537000,537999.999,4142000,4142999.999
"3320",3320,537154.16,537160.489,4142389.503,4142396.977,"Silva","NEON_D07_MLBS_DP1_537000_4142000_classified_point_cloud.laz","2018_MLBS_3_537000_4142000_image.tif","Tree",1,537000,537999.999,4142000,4142999.999
"3321",3321,537141.048,537150.916,4142390.008,4142399.5,"Silva","NEON_D07_MLBS_DP1_537000_4142000_classified_point_cloud.laz","2018_MLBS_3_537000_4142000_image.tif","Tree",1,537000,537999.999,4142000,4142999.999
"3322",3322,537125.741,537136.425,4142390.552,4142398.438,"Silva","NEON_D07_MLBS_DP1_537000_4142000_classified_point_cloud.laz","2018_MLBS_3_537000_4142000_image.tif","Tree",1,537000,537999.999,4142000,4142999.999
"3323",3323,537148.564,537156.991,4142387.02,4142396.472,"Silva","NEON_D07_MLBS_DP1_537000_4142000_classified_point_cloud.laz","2018_MLBS_3_537000_4142000_image.tif","Tree",1,537000,537999.999,4142000,4142999.999
"3324",3324,537096.057,537106.393,4142389.609,4142397.973,"Silva","NEON_D07_MLBS_DP1_537000_4142000_classified_point_cloud.laz","2018_MLBS_3_537000_4142000_image.tif","Tree",1,537000,537999.999,4142000,4142999.999
"3325",3325,537110.024,537121.444,4142386.214,4142395.969,"Silva","NEON_D07_MLBS_DP1_537000_4142000_classified_point_cloud.laz","2018_MLBS_3_537000_4142000_image.tif","Tree",1,537000,537999.999,4142000,4142999.999
"3326",3326,537134.057,537141.457,4142385.512,4142394.984,"Silva","NEON_D07_MLBS_DP1_537000_4142000_classified_point_cloud.laz","2018_MLBS_3_537000_4142000_image.tif","Tree",1,537000,537999.999,4142000,4142999.999
"3327",3327,537140.508,537148.237,4142384.007,4142392.954,"Silva","NEON_D07_MLBS_DP1_537000_4142000_classified_point_cloud.laz","2018_MLBS_3_537000_4142000_image.tif","Tree",1,537000,537999.999,4142000,4142999.999
"3328",3328,537126.249,537134.497,4142383.553,4142391.455,"Silva","NEON_D07_MLBS_DP1_537000_4142000_classified_point_cloud.laz","2018_MLBS_3_537000_4142000_image.tif","Tree",1,537000,537999.999,4142000,4142999.999
"3329",3329,537094.004,537103.956,4142383.012,4142391,"Silva","NEON_D07_MLBS_DP1_537000_4142000_classified_point_cloud.laz","2018_MLBS_3_537000_4142000_image.tif","Tree",1,537000,537999.999,4142000,4142999.999
"3330",3330,537104.004,537113.458,4142385.238,4142395.986,"Silva","NEON_D07_MLBS_DP1_537000_4142000_classified_point_cloud.laz","2018_MLBS_3_537000_4142000_image.tif","Tree",1,537000,537999.999,4142000,4142999.999
"3331",3331,537119.013,537129.964,4142380.525,4142391.993,"Silva","NEON_D07_MLBS_DP1_537000_4142000_classified_point_cloud.laz","2018_MLBS_3_537000_4142000_image.tif","Tree",1,537000,537999.999,4142000,4142999.999
"3332",3332,537108.527,537115.354,4142381.533,4142387.895,"Silva","NEON_D07_MLBS_DP1_537000_4142000_classified_point_cloud.laz","2018_MLBS_3_537000_4142000_image.tif","Tree",1,537000,537999.999,4142000,4142999.999
"3333",3333,537152.534,537160.996,4142379.002,4142389.492,"Silva","NEON_D07_MLBS_DP1_537000_4142000_classified_point_cloud.laz","2018_MLBS_3_537000_4142000_image.tif","Tree",1,537000,537999.999,4142000,4142999.999
"3334",3334,537110.142,537118.971,4142378.571,4142386.892,"Silva","NEON_D07_MLBS_DP1_537000_4142000_classified_point_cloud.laz","2018_MLBS_3_537000_4142000_image.tif","Tree",1,537000,537999.999,4142000,4142999.999
"3335",3335,537141.635,537153.488,4142375.073,4142384.493,"Silva","NEON_D07_MLBS_DP1_537000_4142000_classified_point_cloud.laz","2018_MLBS_3_537000_4142000_image.tif","Tree",1,537000,537999.999,4142000,4142999.999
"3336",3336,537153.505,537164.452,4142375.526,4142382.396,"Silva","NEON_D07_MLBS_DP1_537000_4142000_classified_point_cloud.laz","2018_MLBS_3_537000_4142000_image.tif","Tree",1,537000,537999.999,4142000,4142999.999
"3337",3337,537159.515,537167.469,4142346.504,4142353.496,"Silva","NEON_D07_MLBS_DP1_537000_4142000_classified_point_cloud.laz","2018_MLBS_3_537000_4142000_image.tif","Tree",1,537000,537999.999,4142000,4142999.999
"3338",3338,537186.592,537194.494,4142345.107,4142352.326,"Silva","NEON_D07_MLBS_DP1_537000_4142000_classified_point_cloud.laz","2018_MLBS_3_537000_4142000_image.tif","Tree",1,537000,537999.999,4142000,4142999.999
"3339",3339,537166.565,537175.944,4142344.51,4142355.984,"Silva","NEON_D07_MLBS_DP1_537000_4142000_classified_point_cloud.laz","2018_MLBS_3_537000_4142000_image.tif","Tree",1,537000,537999.999,4142000,4142999.999
"3340",3340,537194.068,537202.468,4142347.004,4142354.696,"Silva","NEON_D07_MLBS_DP1_537000_4142000_classified_point_cloud.laz","2018_MLBS_3_537000_4142000_image.tif","Tree",1,537000,537999.999,4142000,4142999.999
"3341",3341,537159.035,537170.97,4142349.565,4142358.994,"Silva","NEON_D07_MLBS_DP1_537000_4142000_classified_point_cloud.laz","2018_MLBS_3_537000_4142000_image.tif","Tree",1,537000,537999.999,4142000,4142999.999
"3342",3342,537214.012,537221.983,4142347.007,4142355.968,"Silva","NEON_D07_MLBS_DP1_537000_4142000_classified_point_cloud.laz","2018_MLBS_3_537000_4142000_image.tif","Tree",1,537000,537999.999,4142000,4142999.999
"3343",3343,537204.045,537212.867,4142350.529,4142359.857,"Silva","NEON_D07_MLBS_DP1_537000_4142000_classified_point_cloud.laz","2018_MLBS_3_537000_4142000_image.tif","Tree",1,537000,537999.999,4142000,4142999.999
"3344",3344,537173.537,537186.852,4142351.003,4142359.932,"Silva","NEON_D07_MLBS_DP1_537000_4142000_classified_point_cloud.laz","2018_MLBS_3_537000_4142000_image.tif","Tree",1,537000,537999.999,4142000,4142999.999
"3345",3345,537200.027,537208.994,4142351.008,4142362.958,"Silva","NEON_D07_MLBS_DP1_537000_4142000_classified_point_cloud.laz","2018_MLBS_3_537000_4142000_image.tif","Tree",1,537000,537999.999,4142000,4142999.999
"3346",3346,537213.023,537223.987,4142351.507,4142360.417,"Silva","NEON_D07_MLBS_DP1_537000_4142000_classified_point_cloud.laz","2018_MLBS_3_537000_4142000_image.tif","Tree",1,537000,537999.999,4142000,4142999.999
"3347",3347,537162.722,537170.482,4142359.061,4142368.478,"Silva","NEON_D07_MLBS_DP1_537000_4142000_classified_point_cloud.laz","2018_MLBS_3_537000_4142000_image.tif","Tree",1,537000,537999.999,4142000,4142999.999
"3348",3348,537217.005,537227.869,4142362.057,4142371.992,"Silva","NEON_D07_MLBS_DP1_537000_4142000_classified_point_cloud.laz","2018_MLBS_3_537000_4142000_image.tif","Tree",1,537000,537999.999,4142000,4142999.999
"3349",3349,537202.548,537209.472,4142372.502,4142379.94,"Silva","NEON_D07_MLBS_DP1_537000_4142000_classified_point_cloud.laz","2018_MLBS_3_537000_4142000_image.tif","Tree",1,537000,537999.999,4142000,4142999.999
"3350",3350,537165.507,537175.496,4142394.521,4142405.456,"Silva","NEON_D07_MLBS_DP1_537000_4142000_classified_point_cloud.laz","2018_MLBS_3_537000_4142000_image.tif","Tree",1,537000,537999.999,4142000,4142999.999
"3351",3351,537183.193,537192.952,4142396.029,4142402.478,"Silva","NEON_D07_MLBS_DP1_537000_4142000_classified_point_cloud.laz","2018_MLBS_3_537000_4142000_image.tif","Tree",1,537000,537999.999,4142000,4142999.999
"3352",3352,537159.026,537166.497,4142396.513,4142405.967,"Silva","NEON_D07_MLBS_DP1_537000_4142000_classified_point_cloud.laz","2018_MLBS_3_537000_4142000_image.tif","Tree",1,537000,537999.999,4142000,4142999.999
"3353",3353,537185.01,537192.985,4142400.567,4142408.882,"Silva","NEON_D07_MLBS_DP1_537000_4142000_classified_point_cloud.laz","2018_MLBS_3_537000_4142000_image.tif","Tree",1,537000,537999.999,4142000,4142999.999
"3354",3354,537193.014,537201.943,4142398.591,4142411.44,"Silva","NEON_D07_MLBS_DP1_537000_4142000_classified_point_cloud.laz","2018_MLBS_3_537000_4142000_image.tif","Tree",1,537000,537999.999,4142000,4142999.999
"3355",3355,537189.555,537197.96,4142402.012,4142412.992,"Silva","NEON_D07_MLBS_DP1_537000_4142000_classified_point_cloud.laz","2018_MLBS_3_537000_4142000_image.tif","Tree",1,537000,537999.999,4142000,4142999.999
"3356",3356,537199.501,537207.487,4142404.016,4142412.974,"Silva","NEON_D07_MLBS_DP1_537000_4142000_classified_point_cloud.laz","2018_MLBS_3_537000_4142000_image.tif","Tree",1,537000,537999.999,4142000,4142999.999
"3357",3357,537165.523,537176.476,4142404.037,4142415.495,"Silva","NEON_D07_MLBS_DP1_537000_4142000_classified_point_cloud.laz","2018_MLBS_3_537000_4142000_image.tif","Tree",1,537000,537999.999,4142000,4142999.999
"3358",3358,537177.507,537184.986,4142390.793,4142401.49,"Silva","NEON_D07_MLBS_DP1_537000_4142000_classified_point_cloud.laz","2018_MLBS_3_537000_4142000_image.tif","Tree",1,537000,537999.999,4142000,4142999.999
"3359",3359,537171.5,537178.976,4142392.001,4142402.455,"Silva","NEON_D07_MLBS_DP1_537000_4142000_classified_point_cloud.laz","2018_MLBS_3_537000_4142000_image.tif","Tree",1,537000,537999.999,4142000,4142999.999
"3360",3360,537221.001,537226.471,4142389.036,4142398.947,"Silva","NEON_D07_MLBS_DP1_537000_4142000_classified_point_cloud.laz","2018_MLBS_3_537000_4142000_image.tif","Tree",1,537000,537999.999,4142000,4142999.999
"3361",3361,537193.085,537203.496,4142387.091,4142398.946,"Silva","NEON_D07_MLBS_DP1_537000_4142000_classified_point_cloud.laz","2018_MLBS_3_537000_4142000_image.tif","Tree",1,537000,537999.999,4142000,4142999.999
"3362",3362,537166.022,537174.983,4142385.507,4142394.483,"Silva","NEON_D07_MLBS_DP1_537000_4142000_classified_point_cloud.laz","2018_MLBS_3_537000_4142000_image.tif","Tree",1,537000,537999.999,4142000,4142999.999
"3363",3363,537209.088,537216.835,4142384.003,4142392.877,"Silva","NEON_D07_MLBS_DP1_537000_4142000_classified_point_cloud.laz","2018_MLBS_3_537000_4142000_image.tif","Tree",1,537000,537999.999,4142000,4142999.999
"3364",3364,537221.536,537229.982,4142383.023,4142388.993,"Silva","NEON_D07_MLBS_DP1_537000_4142000_classified_point_cloud.laz","2018_MLBS_3_537000_4142000_image.tif","Tree",1,537000,537999.999,4142000,4142999.999
"3365",3365,537159.005,537168.36,4142383.514,4142390.468,"Silva","NEON_D07_MLBS_DP1_537000_4142000_classified_point_cloud.laz","2018_MLBS_3_537000_4142000_image.tif","Tree",1,537000,537999.999,4142000,4142999.999
"3366",3366,537214.545,537219.984,4142379.516,4142386.476,"Silva","NEON_D07_MLBS_DP1_537000_4142000_classified_point_cloud.laz","2018_MLBS_3_537000_4142000_image.tif","Tree",1,537000,537999.999,4142000,4142999.999
"3367",3367,537219.014,537223.315,4142379.502,4142386.467,"Silva","NEON_D07_MLBS_DP1_537000_4142000_classified_point_cloud.laz","2018_MLBS_3_537000_4142000_image.tif","Tree",1,537000,537999.999,4142000,4142999.999
"3368",3368,537223.025,537227.995,4142373.018,4142380.444,"Silva","NEON_D07_MLBS_DP1_537000_4142000_classified_point_cloud.laz","2018_MLBS_3_537000_4142000_image.tif","Tree",1,537000,537999.999,4142000,4142999.999
"3369",3369,537197.003,537203.997,4142371.141,4142381.999,"Silva","NEON_D07_MLBS_DP1_537000_4142000_classified_point_cloud.laz","2018_MLBS_3_537000_4142000_image.tif","Tree",1,537000,537999.999,4142000,4142999.999
"3370",3370,537236.02,537242.999,4142284.001,4142290.472,"Silva","NEON_D07_MLBS_DP1_537000_4142000_classified_point_cloud.laz","2018_MLBS_3_537000_4142000_image.tif","Tree",1,537000,537999.999,4142000,4142999.999
"3371",3371,537231.551,537237.445,4142285.006,4142291.987,"Silva","NEON_D07_MLBS_DP1_537000_4142000_classified_point_cloud.laz","2018_MLBS_3_537000_4142000_image.tif","Tree",1,537000,537999.999,4142000,4142999.999
"3372",3372,537226.521,537234.481,4142286.004,4142292.471,"Silva","NEON_D07_MLBS_DP1_537000_4142000_classified_point_cloud.laz","2018_MLBS_3_537000_4142000_image.tif","Tree",1,537000,537999.999,4142000,4142999.999
"3373",3373,537264.518,537272.495,4142285.009,4142291.951,"Silva","NEON_D07_MLBS_DP1_537000_4142000_classified_point_cloud.laz","2018_MLBS_3_537000_4142000_image.tif","Tree",1,537000,537999.999,4142000,4142999.999
"3374",3374,537234.51,537240.959,4142290.569,4142296.795,"Silva","NEON_D07_MLBS_DP1_537000_4142000_classified_point_cloud.laz","2018_MLBS_3_537000_4142000_image.tif","Tree",1,537000,537999.999,4142000,4142999.999
"3375",3375,537248.514,537255.483,4142289.024,4142297.456,"Silva","NEON_D07_MLBS_DP1_537000_4142000_classified_point_cloud.laz","2018_MLBS_3_537000_4142000_image.tif","Tree",1,537000,537999.999,4142000,4142999.999
"3376",3376,537244.503,537251.443,4142290.563,4142300.5,"Silva","NEON_D07_MLBS_DP1_537000_4142000_classified_point_cloud.laz","2018_MLBS_3_537000_4142000_image.tif","Tree",1,537000,537999.999,4142000,4142999.999
"3377",3377,537286.005,537292.48,4142290.078,4142295.994,"Silva","NEON_D07_MLBS_DP1_537000_4142000_classified_point_cloud.laz","2018_MLBS_3_537000_4142000_image.tif","Tree",1,537000,537999.999,4142000,4142999.999
"3378",3378,537252.008,537262.48,4142292.035,4142300.927,"Silva","NEON_D07_MLBS_DP1_537000_4142000_classified_point_cloud.laz","2018_MLBS_3_537000_4142000_image.tif","Tree",1,537000,537999.999,4142000,4142999.999
"3379",3379,537233.536,537241.994,4142296.502,4142303.968,"Silva","NEON_D07_MLBS_DP1_537000_4142000_classified_point_cloud.laz","2018_MLBS_3_537000_4142000_image.tif","Tree",1,537000,537999.999,4142000,4142999.999
"3380",3380,537261.537,537269.495,4142297.001,4142304.48,"Silva","NEON_D07_MLBS_DP1_537000_4142000_classified_point_cloud.laz","2018_MLBS_3_537000_4142000_image.tif","Tree",1,537000,537999.999,4142000,4142999.999
"3381",3381,537276.535,537285.495,4142296.009,4142303.998,"Silva","NEON_D07_MLBS_DP1_537000_4142000_classified_point_cloud.laz","2018_MLBS_3_537000_4142000_image.tif","Tree",1,537000,537999.999,4142000,4142999.999
"3382",3382,537280.067,537290.38,4142308.56,4142320.464,"Silva","NEON_D07_MLBS_DP1_537000_4142000_classified_point_cloud.laz","2018_MLBS_3_537000_4142000_image.tif","Tree",1,537000,537999.999,4142000,4142999.999
"3383",3383,537267,537273.958,4142312.032,4142319.474,"Silva","NEON_D07_MLBS_DP1_537000_4142000_classified_point_cloud.laz","2018_MLBS_3_537000_4142000_image.tif","Tree",1,537000,537999.999,4142000,4142999.999
"3384",3384,537250.031,537258.96,4142316.026,4142323.998,"Silva","NEON_D07_MLBS_DP1_537000_4142000_classified_point_cloud.laz","2018_MLBS_3_537000_4142000_image.tif","Tree",1,537000,537999.999,4142000,4142999.999
"3385",3385,537258.516,537264.457,4142315.526,4142321.495,"Silva","NEON_D07_MLBS_DP1_537000_4142000_classified_point_cloud.laz","2018_MLBS_3_537000_4142000_image.tif","Tree",1,537000,537999.999,4142000,4142999.999
"3386",3386,537226.029,537233.456,4142321.507,4142329.675,"Silva","NEON_D07_MLBS_DP1_537000_4142000_classified_point_cloud.laz","2018_MLBS_3_537000_4142000_image.tif","Tree",1,537000,537999.999,4142000,4142999.999
"3387",3387,537253.671,537259.984,4142320.048,4142327.456,"Silva","NEON_D07_MLBS_DP1_537000_4142000_classified_point_cloud.laz","2018_MLBS_3_537000_4142000_image.tif","Tree",1,537000,537999.999,4142000,4142999.999
"3388",3388,537259.009,537267.967,4142324.141,4142332.445,"Silva","NEON_D07_MLBS_DP1_537000_4142000_classified_point_cloud.laz","2018_MLBS_3_537000_4142000_image.tif","Tree",1,537000,537999.999,4142000,4142999.999
"3389",3389,537239.584,537246.928,4142320.04,4142331.458,"Silva","NEON_D07_MLBS_DP1_537000_4142000_classified_point_cloud.laz","2018_MLBS_3_537000_4142000_image.tif","Tree",1,537000,537999.999,4142000,4142999.999
"3390",3390,537249.589,537255.933,4142326.072,4142332.984,"Silva","NEON_D07_MLBS_DP1_537000_4142000_classified_point_cloud.laz","2018_MLBS_3_537000_4142000_image.tif","Tree",1,537000,537999.999,4142000,4142999.999
"3391",3391,537236.52,537243.436,4142328.532,4142337.982,"Silva","NEON_D07_MLBS_DP1_537000_4142000_classified_point_cloud.laz","2018_MLBS_3_537000_4142000_image.tif","Tree",1,537000,537999.999,4142000,4142999.999
"3392",3392,537265.002,537273.49,4142330.515,4142337,"Silva","NEON_D07_MLBS_DP1_537000_4142000_classified_point_cloud.laz","2018_MLBS_3_537000_4142000_image.tif","Tree",1,537000,537999.999,4142000,4142999.999
"3393",3393,537272.096,537278.47,4142332.102,4142340.97,"Silva","NEON_D07_MLBS_DP1_537000_4142000_classified_point_cloud.laz","2018_MLBS_3_537000_4142000_image.tif","Tree",1,537000,537999.999,4142000,4142999.999
"3394",3394,537256,537265.826,4142331.68,4142343.953,"Silva","NEON_D07_MLBS_DP1_537000_4142000_classified_point_cloud.laz","2018_MLBS_3_537000_4142000_image.tif","Tree",1,537000,537999.999,4142000,4142999.999
"3395",3395,537230.688,537238.85,4142336.636,4142347.444,"Silva","NEON_D07_MLBS_DP1_537000_4142000_classified_point_cloud.laz","2018_MLBS_3_537000_4142000_image.tif","Tree",1,537000,537999.999,4142000,4142999.999
"3396",3396,537281.093,537288.499,4142338.507,4142348.5,"Silva","NEON_D07_MLBS_DP1_537000_4142000_classified_point_cloud.laz","2018_MLBS_3_537000_4142000_image.tif","Tree",1,537000,537999.999,4142000,4142999.999
"3397",3397,537276.548,537282.474,4142342.03,4142348.463,"Silva","NEON_D07_MLBS_DP1_537000_4142000_classified_point_cloud.laz","2018_MLBS_3_537000_4142000_image.tif","Tree",1,537000,537999.999,4142000,4142999.999
"3398",3398,537304.026,537312.446,4142285.009,4142291.991,"Silva","NEON_D07_MLBS_DP1_537000_4142000_classified_point_cloud.laz","2018_MLBS_3_537000_4142000_image.tif","Tree",1,537000,537999.999,4142000,4142999.999
"3399",3399,537296.005,537304.934,4142284.002,4142290.487,"Silva","NEON_D07_MLBS_DP1_537000_4142000_classified_point_cloud.laz","2018_MLBS_3_537000_4142000_image.tif","Tree",1,537000,537999.999,4142000,4142999.999
"3400",3400,537292.513,537299.993,4142294.137,4142302.99,"Silva","NEON_D07_MLBS_DP1_537000_4142000_classified_point_cloud.laz","2018_MLBS_3_537000_4142000_image.tif","Tree",1,537000,537999.999,4142000,4142999.999
"3401",3401,537310.506,537319.773,4142300.502,4142307.971,"Silva","NEON_D07_MLBS_DP1_537000_4142000_classified_point_cloud.laz","2018_MLBS_3_537000_4142000_image.tif","Tree",1,537000,537999.999,4142000,4142999.999
"3402",3402,537304.003,537310.489,4142298.528,4142305.499,"Silva","NEON_D07_MLBS_DP1_537000_4142000_classified_point_cloud.laz","2018_MLBS_3_537000_4142000_image.tif","Tree",1,537000,537999.999,4142000,4142999.999
"3403",3403,537301.712,537310.968,4142305.501,4142310.48,"Silva","NEON_D07_MLBS_DP1_537000_4142000_classified_point_cloud.laz","2018_MLBS_3_537000_4142000_image.tif","Tree",1,537000,537999.999,4142000,4142999.999
"3404",3404,537308.005,537316.469,4142307.169,4142316.491,"Silva","NEON_D07_MLBS_DP1_537000_4142000_classified_point_cloud.laz","2018_MLBS_3_537000_4142000_image.tif","Tree",1,537000,537999.999,4142000,4142999.999
"3405",3405,537300.576,537306.417,4142310.022,4142318.45,"Silva","NEON_D07_MLBS_DP1_537000_4142000_classified_point_cloud.laz","2018_MLBS_3_537000_4142000_image.tif","Tree",1,537000,537999.999,4142000,4142999.999
"3406",3406,537294.54,537300.973,4142314.045,4142319.32,"Silva","NEON_D07_MLBS_DP1_537000_4142000_classified_point_cloud.laz","2018_MLBS_3_537000_4142000_image.tif","Tree",1,537000,537999.999,4142000,4142999.999
"3407",3407,537328.571,537337.457,4142312.773,4142322.932,"Silva","NEON_D07_MLBS_DP1_537000_4142000_classified_point_cloud.laz","2018_MLBS_3_537000_4142000_image.tif","Tree",1,537000,537999.999,4142000,4142999.999
"3408",3408,537304.056,537313.304,4142315.509,4142324.494,"Silva","NEON_D07_MLBS_DP1_537000_4142000_classified_point_cloud.laz","2018_MLBS_3_537000_4142000_image.tif","Tree",1,537000,537999.999,4142000,4142999.999
"3409",3409,537344.529,537352.496,4142312.035,4142322.47,"Silva","NEON_D07_MLBS_DP1_537000_4142000_classified_point_cloud.laz","2018_MLBS_3_537000_4142000_image.tif","Tree",1,537000,537999.999,4142000,4142999.999
"3410",3410,537294.645,537301.914,4142319.126,4142325.497,"Silva","NEON_D07_MLBS_DP1_537000_4142000_classified_point_cloud.laz","2018_MLBS_3_537000_4142000_image.tif","Tree",1,537000,537999.999,4142000,4142999.999
"3411",3411,537299.57,537308.492,4142320.52,4142330.468,"Silva","NEON_D07_MLBS_DP1_537000_4142000_classified_point_cloud.laz","2018_MLBS_3_537000_4142000_image.tif","Tree",1,537000,537999.999,4142000,4142999.999
"3412",3412,537315.52,537320.467,4142322.35,4142329.835,"Silva","NEON_D07_MLBS_DP1_537000_4142000_classified_point_cloud.laz","2018_MLBS_3_537000_4142000_image.tif","Tree",1,537000,537999.999,4142000,4142999.999
"3413",3413,537347.173,537356.974,4142325.03,4142331.485,"Silva","NEON_D07_MLBS_DP1_537000_4142000_classified_point_cloud.laz","2018_MLBS_3_537000_4142000_image.tif","Tree",1,537000,537999.999,4142000,4142999.999
"3414",3414,537331.028,537336.912,4142332.59,4142341.486,"Silva","NEON_D07_MLBS_DP1_537000_4142000_classified_point_cloud.laz","2018_MLBS_3_537000_4142000_image.tif","Tree",1,537000,537999.999,4142000,4142999.999
"3415",3415,537336.01,537342.951,4142334.501,4142339.925,"Silva","NEON_D07_MLBS_DP1_537000_4142000_classified_point_cloud.laz","2018_MLBS_3_537000_4142000_image.tif","Tree",1,537000,537999.999,4142000,4142999.999
"3416",3416,537350.5,537359.965,4142336.525,4142343.464,"Silva","NEON_D07_MLBS_DP1_537000_4142000_classified_point_cloud.laz","2018_MLBS_3_537000_4142000_image.tif","Tree",1,537000,537999.999,4142000,4142999.999
"3417",3417,537288.5,537298.983,4142344.503,4142349.999,"Silva","NEON_D07_MLBS_DP1_537000_4142000_classified_point_cloud.laz","2018_MLBS_3_537000_4142000_image.tif","Tree",1,537000,537999.999,4142000,4142999.999
"3418",3418,537344.52,537356.196,4142345.034,4142353.482,"Silva","NEON_D07_MLBS_DP1_537000_4142000_classified_point_cloud.laz","2018_MLBS_3_537000_4142000_image.tif","Tree",1,537000,537999.999,4142000,4142999.999
"3419",3419,537222.107,537233.46,4142343.045,4142354.796,"Silva","NEON_D07_MLBS_DP1_537000_4142000_classified_point_cloud.laz","2018_MLBS_3_537000_4142000_image.tif","Tree",1,537000,537999.999,4142000,4142999.999
"3420",3420,537262.062,537271.419,4142343.014,4142352.401,"Silva","NEON_D07_MLBS_DP1_537000_4142000_classified_point_cloud.laz","2018_MLBS_3_537000_4142000_image.tif","Tree",1,537000,537999.999,4142000,4142999.999
"3421",3421,537281.512,537285.934,4142348.052,4142353.927,"Silva","NEON_D07_MLBS_DP1_537000_4142000_classified_point_cloud.laz","2018_MLBS_3_537000_4142000_image.tif","Tree",1,537000,537999.999,4142000,4142999.999
"3422",3422,537229.129,537241.455,4142347.546,4142359.954,"Silva","NEON_D07_MLBS_DP1_537000_4142000_classified_point_cloud.laz","2018_MLBS_3_537000_4142000_image.tif","Tree",1,537000,537999.999,4142000,4142999.999
"3423",3423,537277.023,537281.493,4142348.52,4142355.31,"Silva","NEON_D07_MLBS_DP1_537000_4142000_classified_point_cloud.laz","2018_MLBS_3_537000_4142000_image.tif","Tree",1,537000,537999.999,4142000,4142999.999
"3424",3424,537241.515,537252.986,4142346.534,4142361.485,"Silva","NEON_D07_MLBS_DP1_537000_4142000_classified_point_cloud.laz","2018_MLBS_3_537000_4142000_image.tif","Tree",1,537000,537999.999,4142000,4142999.999
"3425",3425,537269.177,537276.965,4142349.036,4142355.451,"Silva","NEON_D07_MLBS_DP1_537000_4142000_classified_point_cloud.laz","2018_MLBS_3_537000_4142000_image.tif","Tree",1,537000,537999.999,4142000,4142999.999
"3426",3426,537256.636,537266.992,4142352.51,4142363.476,"Silva","NEON_D07_MLBS_DP1_537000_4142000_classified_point_cloud.laz","2018_MLBS_3_537000_4142000_image.tif","Tree",1,537000,537999.999,4142000,4142999.999
"3427",3427,537267.008,537272.833,4142353.119,4142361.946,"Silva","NEON_D07_MLBS_DP1_537000_4142000_classified_point_cloud.laz","2018_MLBS_3_537000_4142000_image.tif","Tree",1,537000,537999.999,4142000,4142999.999
"3428",3428,537286.079,537293.969,4142354.505,4142362.495,"Silva","NEON_D07_MLBS_DP1_537000_4142000_classified_point_cloud.laz","2018_MLBS_3_537000_4142000_image.tif","Tree",1,537000,537999.999,4142000,4142999.999
"3429",3429,537282.654,537296.411,4142362.501,4142369.992,"Silva","NEON_D07_MLBS_DP1_537000_4142000_classified_point_cloud.laz","2018_MLBS_3_537000_4142000_image.tif","Tree",1,537000,537999.999,4142000,4142999.999
"3430",3430,537256.509,537267.429,4142363.552,4142374.42,"Silva","NEON_D07_MLBS_DP1_537000_4142000_classified_point_cloud.laz","2018_MLBS_3_537000_4142000_image.tif","Tree",1,537000,537999.999,4142000,4142999.999
"3431",3431,537260.025,537271.945,4142369.009,4142376.992,"Silva","NEON_D07_MLBS_DP1_537000_4142000_classified_point_cloud.laz","2018_MLBS_3_537000_4142000_image.tif","Tree",1,537000,537999.999,4142000,4142999.999
"3432",3432,537272.502,537283.882,4142366.011,4142378.999,"Silva","NEON_D07_MLBS_DP1_537000_4142000_classified_point_cloud.laz","2018_MLBS_3_537000_4142000_image.tif","Tree",1,537000,537999.999,4142000,4142999.999
"3433",3433,537226.518,537232.481,4142396.548,4142404.372,"Silva","NEON_D07_MLBS_DP1_537000_4142000_classified_point_cloud.laz","2018_MLBS_3_537000_4142000_image.tif","Tree",1,537000,537999.999,4142000,4142999.999
"3434",3434,537241.109,537250.831,4142394.558,4142405.485,"Silva","NEON_D07_MLBS_DP1_537000_4142000_classified_point_cloud.laz","2018_MLBS_3_537000_4142000_image.tif","Tree",1,537000,537999.999,4142000,4142999.999
"3435",3435,537222,537229.922,4142397.091,4142408.96,"Silva","NEON_D07_MLBS_DP1_537000_4142000_classified_point_cloud.laz","2018_MLBS_3_537000_4142000_image.tif","Tree",1,537000,537999.999,4142000,4142999.999
"3436",3436,537274.588,537281.444,4142396.51,4142404.486,"Silva","NEON_D07_MLBS_DP1_537000_4142000_classified_point_cloud.laz","2018_MLBS_3_537000_4142000_image.tif","Tree",1,537000,537999.999,4142000,4142999.999
"3437",3437,537236.01,537242.989,4142400.515,4142410.493,"Silva","NEON_D07_MLBS_DP1_537000_4142000_classified_point_cloud.laz","2018_MLBS_3_537000_4142000_image.tif","Tree",1,537000,537999.999,4142000,4142999.999
"3438",3438,537228.571,537236.494,4142401.036,4142408.5,"Silva","NEON_D07_MLBS_DP1_537000_4142000_classified_point_cloud.laz","2018_MLBS_3_537000_4142000_image.tif","Tree",1,537000,537999.999,4142000,4142999.999
"3439",3439,537282.51,537290.491,4142398.052,4142408.465,"Silva","NEON_D07_MLBS_DP1_537000_4142000_classified_point_cloud.laz","2018_MLBS_3_537000_4142000_image.tif","Tree",1,537000,537999.999,4142000,4142999.999
"3440",3440,537270.003,537275.496,4142401.032,4142409.955,"Silva","NEON_D07_MLBS_DP1_537000_4142000_classified_point_cloud.laz","2018_MLBS_3_537000_4142000_image.tif","Tree",1,537000,537999.999,4142000,4142999.999
"3441",3441,537274.5,537283.428,4142403.508,4142410.493,"Silva","NEON_D07_MLBS_DP1_537000_4142000_classified_point_cloud.laz","2018_MLBS_3_537000_4142000_image.tif","Tree",1,537000,537999.999,4142000,4142999.999
"3442",3442,537249.001,537253.498,4142403.011,4142414.965,"Silva","NEON_D07_MLBS_DP1_537000_4142000_classified_point_cloud.laz","2018_MLBS_3_537000_4142000_image.tif","Tree",1,537000,537999.999,4142000,4142999.999
"3443",3443,537240.547,537248.998,4142404.039,4142413.918,"Silva","NEON_D07_MLBS_DP1_537000_4142000_classified_point_cloud.laz","2018_MLBS_3_537000_4142000_image.tif","Tree",1,537000,537999.999,4142000,4142999.999
"3444",3444,537253.501,537261.989,4142403.548,4142414.495,"Silva","NEON_D07_MLBS_DP1_537000_4142000_classified_point_cloud.laz","2018_MLBS_3_537000_4142000_image.tif","Tree",1,537000,537999.999,4142000,4142999.999
"3445",3445,537266.003,537274.945,4142408.54,4142417.354,"Silva","NEON_D07_MLBS_DP1_537000_4142000_classified_point_cloud.laz","2018_MLBS_3_537000_4142000_image.tif","Tree",1,537000,537999.999,4142000,4142999.999
"3446",3446,537228.035,537240.496,4142408.507,4142419.989,"Silva","NEON_D07_MLBS_DP1_537000_4142000_classified_point_cloud.laz","2018_MLBS_3_537000_4142000_image.tif","Tree",1,537000,537999.999,4142000,4142999.999
"3447",3447,537280.006,537285.499,4142408.12,4142417.382,"Silva","NEON_D07_MLBS_DP1_537000_4142000_classified_point_cloud.laz","2018_MLBS_3_537000_4142000_image.tif","Tree",1,537000,537999.999,4142000,4142999.999
"3448",3448,537252.539,537259.962,4142389.002,4142396.88,"Silva","NEON_D07_MLBS_DP1_537000_4142000_classified_point_cloud.laz","2018_MLBS_3_537000_4142000_image.tif","Tree",1,537000,537999.999,4142000,4142999.999
"3449",3449,537264.628,537272.498,4142391.509,4142398.478,"Silva","NEON_D07_MLBS_DP1_537000_4142000_classified_point_cloud.laz","2018_MLBS_3_537000_4142000_image.tif","Tree",1,537000,537999.999,4142000,4142999.999
"3450",3450,537224.09,537235.418,4142387.037,4142396.724,"Silva","NEON_D07_MLBS_DP1_537000_4142000_classified_point_cloud.laz","2018_MLBS_3_537000_4142000_image.tif","Tree",1,537000,537999.999,4142000,4142999.999
"3451",3451,537240.515,537253.489,4142387.034,4142394.493,"Silva","NEON_D07_MLBS_DP1_537000_4142000_classified_point_cloud.laz","2018_MLBS_3_537000_4142000_image.tif","Tree",1,537000,537999.999,4142000,4142999.999
"3452",3452,537265.502,537272.985,4142387.527,4142391.991,"Silva","NEON_D07_MLBS_DP1_537000_4142000_classified_point_cloud.laz","2018_MLBS_3_537000_4142000_image.tif","Tree",1,537000,537999.999,4142000,4142999.999
"3453",3453,537284.046,537292.473,4142385.058,4142394.499,"Silva","NEON_D07_MLBS_DP1_537000_4142000_classified_point_cloud.laz","2018_MLBS_3_537000_4142000_image.tif","Tree",1,537000,537999.999,4142000,4142999.999
"3454",3454,537269.524,537278.466,4142378.562,4142388.942,"Silva","NEON_D07_MLBS_DP1_537000_4142000_classified_point_cloud.laz","2018_MLBS_3_537000_4142000_image.tif","Tree",1,537000,537999.999,4142000,4142999.999
"3455",3455,537255.506,537264.934,4142381.107,4142389.443,"Silva","NEON_D07_MLBS_DP1_537000_4142000_classified_point_cloud.laz","2018_MLBS_3_537000_4142000_image.tif","Tree",1,537000,537999.999,4142000,4142999.999
"3456",3456,537239.525,537248.435,4142380.041,4142389.999,"Silva","NEON_D07_MLBS_DP1_537000_4142000_classified_point_cloud.laz","2018_MLBS_3_537000_4142000_image.tif","Tree",1,537000,537999.999,4142000,4142999.999
"3457",3457,537228.522,537235.981,4142378.003,4142389.445,"Silva","NEON_D07_MLBS_DP1_537000_4142000_classified_point_cloud.laz","2018_MLBS_3_537000_4142000_image.tif","Tree",1,537000,537999.999,4142000,4142999.999
"3458",3458,537234.52,537242.481,4142375.513,4142388.994,"Silva","NEON_D07_MLBS_DP1_537000_4142000_classified_point_cloud.laz","2018_MLBS_3_537000_4142000_image.tif","Tree",1,537000,537999.999,4142000,4142999.999
"3459",3459,537253.011,537262.493,4142374.083,4142383.962,"Silva","NEON_D07_MLBS_DP1_537000_4142000_classified_point_cloud.laz","2018_MLBS_3_537000_4142000_image.tif","Tree",1,537000,537999.999,4142000,4142999.999
"3460",3460,537262.522,537273.999,4142373.512,4142383.485,"Silva","NEON_D07_MLBS_DP1_537000_4142000_classified_point_cloud.laz","2018_MLBS_3_537000_4142000_image.tif","Tree",1,537000,537999.999,4142000,4142999.999
"3461",3461,537298.015,537308.239,4142345.085,4142353.48,"Silva","NEON_D07_MLBS_DP1_537000_4142000_classified_point_cloud.laz","2018_MLBS_3_537000_4142000_image.tif","Tree",1,537000,537999.999,4142000,4142999.999
"3462",3462,537318.038,537327.98,4142345.581,4142359.491,"Silva","NEON_D07_MLBS_DP1_537000_4142000_classified_point_cloud.laz","2018_MLBS_3_537000_4142000_image.tif","Tree",1,537000,537999.999,4142000,4142999.999
"3463",3463,537352.027,537361.35,4142346.034,4142354.887,"Silva","NEON_D07_MLBS_DP1_537000_4142000_classified_point_cloud.laz","2018_MLBS_3_537000_4142000_image.tif","Tree",1,537000,537999.999,4142000,4142999.999
"3464",3464,537302.01,537310.499,4142352.016,4142361.381,"Silva","NEON_D07_MLBS_DP1_537000_4142000_classified_point_cloud.laz","2018_MLBS_3_537000_4142000_image.tif","Tree",1,537000,537999.999,4142000,4142999.999
"3465",3465,537332.032,537338.956,4142355.536,4142359.987,"Silva","NEON_D07_MLBS_DP1_537000_4142000_classified_point_cloud.laz","2018_MLBS_3_537000_4142000_image.tif","Tree",1,537000,537999.999,4142000,4142999.999
"3466",3466,537338.511,537346.969,4142349.514,4142363.966,"Silva","NEON_D07_MLBS_DP1_537000_4142000_classified_point_cloud.laz","2018_MLBS_3_537000_4142000_image.tif","Tree",1,537000,537999.999,4142000,4142999.999
"3467",3467,537305.01,537317.942,4142355.015,4142364.412,"Silva","NEON_D07_MLBS_DP1_537000_4142000_classified_point_cloud.laz","2018_MLBS_3_537000_4142000_image.tif","Tree",1,537000,537999.999,4142000,4142999.999
"3468",3468,537295.558,537304.995,4142356.531,4142362.498,"Silva","NEON_D07_MLBS_DP1_537000_4142000_classified_point_cloud.laz","2018_MLBS_3_537000_4142000_image.tif","Tree",1,537000,537999.999,4142000,4142999.999
"3469",3469,537313.535,537320.473,4142359.017,4142372.829,"Silva","NEON_D07_MLBS_DP1_537000_4142000_classified_point_cloud.laz","2018_MLBS_3_537000_4142000_image.tif","Tree",1,537000,537999.999,4142000,4142999.999
"3470",3470,537300.54,537308.462,4142363.503,4142373.492,"Silva","NEON_D07_MLBS_DP1_537000_4142000_classified_point_cloud.laz","2018_MLBS_3_537000_4142000_image.tif","Tree",1,537000,537999.999,4142000,4142999.999
"3471",3471,537318.543,537327.319,4142360.022,4142374.395,"Silva","NEON_D07_MLBS_DP1_537000_4142000_classified_point_cloud.laz","2018_MLBS_3_537000_4142000_image.tif","Tree",1,537000,537999.999,4142000,4142999.999
"3472",3472,537335,537343.986,4142365.501,4142374.454,"Silva","NEON_D07_MLBS_DP1_537000_4142000_classified_point_cloud.laz","2018_MLBS_3_537000_4142000_image.tif","Tree",1,537000,537999.999,4142000,4142999.999
"3473",3473,537324.795,537334.949,4142365.518,4142376.421,"Silva","NEON_D07_MLBS_DP1_537000_4142000_classified_point_cloud.laz","2018_MLBS_3_537000_4142000_image.tif","Tree",1,537000,537999.999,4142000,4142999.999
"3474",3474,537293.522,537302.962,4142368.509,4142378.949,"Silva","NEON_D07_MLBS_DP1_537000_4142000_classified_point_cloud.laz","2018_MLBS_3_537000_4142000_image.tif","Tree",1,537000,537999.999,4142000,4142999.999
"3475",3475,537287.514,537295.937,4142392.531,4142399.495,"Silva","NEON_D07_MLBS_DP1_537000_4142000_classified_point_cloud.laz","2018_MLBS_3_537000_4142000_image.tif","Tree",1,537000,537999.999,4142000,4142999.999
"3476",3476,537290.004,537298.85,4142399.01,4142408.493,"Silva","NEON_D07_MLBS_DP1_537000_4142000_classified_point_cloud.laz","2018_MLBS_3_537000_4142000_image.tif","Tree",1,537000,537999.999,4142000,4142999.999
"3477",3477,537342.005,537347.473,4142400.113,4142409.955,"Silva","NEON_D07_MLBS_DP1_537000_4142000_classified_point_cloud.laz","2018_MLBS_3_537000_4142000_image.tif","Tree",1,537000,537999.999,4142000,4142999.999
"3478",3478,537294.53,537307.47,4142401.017,4142410.334,"Silva","NEON_D07_MLBS_DP1_537000_4142000_classified_point_cloud.laz","2018_MLBS_3_537000_4142000_image.tif","Tree",1,537000,537999.999,4142000,4142999.999
"3479",3479,537310.078,537322.414,4142405.005,4142415.491,"Silva","NEON_D07_MLBS_DP1_537000_4142000_classified_point_cloud.laz","2018_MLBS_3_537000_4142000_image.tif","Tree",1,537000,537999.999,4142000,4142999.999
"3480",3480,537317.037,537326.435,4142378.57,4142388.997,"Silva","NEON_D07_MLBS_DP1_537000_4142000_classified_point_cloud.laz","2018_MLBS_3_537000_4142000_image.tif","Tree",1,537000,537999.999,4142000,4142999.999
"3481",3481,537307.501,537311.987,4142379.502,4142388.951,"Silva","NEON_D07_MLBS_DP1_537000_4142000_classified_point_cloud.laz","2018_MLBS_3_537000_4142000_image.tif","Tree",1,537000,537999.999,4142000,4142999.999
"3482",3482,537346.566,537355.902,4142371.532,4142379.999,"Silva","NEON_D07_MLBS_DP1_537000_4142000_classified_point_cloud.laz","2018_MLBS_3_537000_4142000_image.tif","Tree",1,537000,537999.999,4142000,4142999.999
"3483",3483,537073.522,537082.499,4142413.544,4142421.997,"Silva","NEON_D07_MLBS_DP1_537000_4142000_classified_point_cloud.laz","2018_MLBS_3_537000_4142000_image.tif","Tree",1,537000,537999.999,4142000,4142999.999
"3484",3484,537082.508,537092.996,4142415.516,4142422.954,"Silva","NEON_D07_MLBS_DP1_537000_4142000_classified_point_cloud.laz","2018_MLBS_3_537000_4142000_image.tif","Tree",1,537000,537999.999,4142000,4142999.999
"3485",3485,537069.009,537076.998,4142421.076,4142429.498,"Silva","NEON_D07_MLBS_DP1_537000_4142000_classified_point_cloud.laz","2018_MLBS_3_537000_4142000_image.tif","Tree",1,537000,537999.999,4142000,4142999.999
"3486",3486,537085.06,537094.401,4142421.099,4142432.972,"Silva","NEON_D07_MLBS_DP1_537000_4142000_classified_point_cloud.laz","2018_MLBS_3_537000_4142000_image.tif","Tree",1,537000,537999.999,4142000,4142999.999
"3487",3487,537080.001,537085.998,4142422.02,4142431.996,"Silva","NEON_D07_MLBS_DP1_537000_4142000_classified_point_cloud.laz","2018_MLBS_3_537000_4142000_image.tif","Tree",1,537000,537999.999,4142000,4142999.999
"3488",3488,537074.009,537080.946,4142426.543,4142430.931,"Silva","NEON_D07_MLBS_DP1_537000_4142000_classified_point_cloud.laz","2018_MLBS_3_537000_4142000_image.tif","Tree",1,537000,537999.999,4142000,4142999.999
"3489",3489,537087.699,537099.997,4142423.56,4142434.991,"Silva","NEON_D07_MLBS_DP1_537000_4142000_classified_point_cloud.laz","2018_MLBS_3_537000_4142000_image.tif","Tree",1,537000,537999.999,4142000,4142999.999
"3490",3490,537066.015,537075.993,4142428.509,4142438.477,"Silva","NEON_D07_MLBS_DP1_537000_4142000_classified_point_cloud.laz","2018_MLBS_3_537000_4142000_image.tif","Tree",1,537000,537999.999,4142000,4142999.999
"3491",3491,537075.879,537087.439,4142432.009,4142441.45,"Silva","NEON_D07_MLBS_DP1_537000_4142000_classified_point_cloud.laz","2018_MLBS_3_537000_4142000_image.tif","Tree",1,537000,537999.999,4142000,4142999.999
"3492",3492,537088.525,537096.929,4142438.098,4142449.94,"Silva","NEON_D07_MLBS_DP1_537000_4142000_classified_point_cloud.laz","2018_MLBS_3_537000_4142000_image.tif","Tree",1,537000,537999.999,4142000,4142999.999
"3493",3493,537072.535,537081.995,4142439.058,4142447.431,"Silva","NEON_D07_MLBS_DP1_537000_4142000_classified_point_cloud.laz","2018_MLBS_3_537000_4142000_image.tif","Tree",1,537000,537999.999,4142000,4142999.999
"3494",3494,537081.522,537090.45,4142442.583,4142448.991,"Silva","NEON_D07_MLBS_DP1_537000_4142000_classified_point_cloud.laz","2018_MLBS_3_537000_4142000_image.tif","Tree",1,537000,537999.999,4142000,4142999.999
"3495",3495,537069.013,537077.253,4142443.513,4142451.972,"Silva","NEON_D07_MLBS_DP1_537000_4142000_classified_point_cloud.laz","2018_MLBS_3_537000_4142000_image.tif","Tree",1,537000,537999.999,4142000,4142999.999
"3496",3496,537076.068,537082.97,4142446.502,4142454.484,"Silva","NEON_D07_MLBS_DP1_537000_4142000_classified_point_cloud.laz","2018_MLBS_3_537000_4142000_image.tif","Tree",1,537000,537999.999,4142000,4142999.999
"3497",3497,537079.013,537088.48,4142468.649,4142479.972,"Silva","NEON_D07_MLBS_DP1_537000_4142000_classified_point_cloud.laz","2018_MLBS_3_537000_4142000_image.tif","Tree",1,537000,537999.999,4142000,4142999.999
"3498",3498,537073.019,537087.486,4142462.683,4142471.945,"Silva","NEON_D07_MLBS_DP1_537000_4142000_classified_point_cloud.laz","2018_MLBS_3_537000_4142000_image.tif","Tree",1,537000,537999.999,4142000,4142999.999
"3499",3499,537077.038,537088.479,4142455.033,4142466.426,"Silva","NEON_D07_MLBS_DP1_537000_4142000_classified_point_cloud.laz","2018_MLBS_3_537000_4142000_image.tif","Tree",1,537000,537999.999,4142000,4142999.999
"3500",3500,537088.014,537097.994,4142452.045,4142464.997,"Silva","NEON_D07_MLBS_DP1_537000_4142000_classified_point_cloud.laz","2018_MLBS_3_537000_4142000_image.tif","Tree",1,537000,537999.999,4142000,4142999.999
"3501",3501,537088.534,537093.33,4142497.518,4142502.463,"Silva","NEON_D07_MLBS_DP1_537000_4142000_classified_point_cloud.laz","2018_MLBS_3_537000_4142000_image.tif","Tree",1,537000,537999.999,4142000,4142999.999
"3502",3502,537083.609,537091.973,4142489.507,4142495.999,"Silva","NEON_D07_MLBS_DP1_537000_4142000_classified_point_cloud.laz","2018_MLBS_3_537000_4142000_image.tif","Tree",1,537000,537999.999,4142000,4142999.999
"3503",3503,537073.59,537083.916,4142484.507,4142495.978,"Silva","NEON_D07_MLBS_DP1_537000_4142000_classified_point_cloud.laz","2018_MLBS_3_537000_4142000_image.tif","Tree",1,537000,537999.999,4142000,4142999.999
"3504",3504,537081.59,537088.984,4142482.526,4142492.363,"Silva","NEON_D07_MLBS_DP1_537000_4142000_classified_point_cloud.laz","2018_MLBS_3_537000_4142000_image.tif","Tree",1,537000,537999.999,4142000,4142999.999
"3505",3505,537088.524,537096.999,4142484.502,4142489.923,"Silva","NEON_D07_MLBS_DP1_537000_4142000_classified_point_cloud.laz","2018_MLBS_3_537000_4142000_image.tif","Tree",1,537000,537999.999,4142000,4142999.999
"3506",3506,537090.034,537096.45,4142478.059,4142485.483,"Silva","NEON_D07_MLBS_DP1_537000_4142000_classified_point_cloud.laz","2018_MLBS_3_537000_4142000_image.tif","Tree",1,537000,537999.999,4142000,4142999.999
"3507",3507,537071.538,537082.8,4142477.059,4142485.982,"Silva","NEON_D07_MLBS_DP1_537000_4142000_classified_point_cloud.laz","2018_MLBS_3_537000_4142000_image.tif","Tree",1,537000,537999.999,4142000,4142999.999
"3508",3508,537108.5,537118.452,4142406.569,4142418.812,"Silva","NEON_D07_MLBS_DP1_537000_4142000_classified_point_cloud.laz","2018_MLBS_3_537000_4142000_image.tif","Tree",1,537000,537999.999,4142000,4142999.999
"3509",3509,537157.035,537166.492,4142410.541,4142418.822,"Silva","NEON_D07_MLBS_DP1_537000_4142000_classified_point_cloud.laz","2018_MLBS_3_537000_4142000_image.tif","Tree",1,537000,537999.999,4142000,4142999.999
"3510",3510,537130.503,537140.458,4142407.006,4142417.999,"Silva","NEON_D07_MLBS_DP1_537000_4142000_classified_point_cloud.laz","2018_MLBS_3_537000_4142000_image.tif","Tree",1,537000,537999.999,4142000,4142999.999
"3511",3511,537118.031,537124.916,4142411.552,4142417.977,"Silva","NEON_D07_MLBS_DP1_537000_4142000_classified_point_cloud.laz","2018_MLBS_3_537000_4142000_image.tif","Tree",1,537000,537999.999,4142000,4142999.999
"3512",3512,537123.002,537130.457,4142412.608,4142419.491,"Silva","NEON_D07_MLBS_DP1_537000_4142000_classified_point_cloud.laz","2018_MLBS_3_537000_4142000_image.tif","Tree",1,537000,537999.999,4142000,4142999.999
"3513",3513,537131.511,537141.93,4142413.016,4142421.332,"Silva","NEON_D07_MLBS_DP1_537000_4142000_classified_point_cloud.laz","2018_MLBS_3_537000_4142000_image.tif","Tree",1,537000,537999.999,4142000,4142999.999
"3514",3514,537103.069,537113.429,4142412.553,4142420.998,"Silva","NEON_D07_MLBS_DP1_537000_4142000_classified_point_cloud.laz","2018_MLBS_3_537000_4142000_image.tif","Tree",1,537000,537999.999,4142000,4142999.999
"3515",3515,537139.501,537148.981,4142414.021,4142422.939,"Silva","NEON_D07_MLBS_DP1_537000_4142000_classified_point_cloud.laz","2018_MLBS_3_537000_4142000_image.tif","Tree",1,537000,537999.999,4142000,4142999.999
"3516",3516,537113.601,537121.987,4142416.549,4142425.949,"Silva","NEON_D07_MLBS_DP1_537000_4142000_classified_point_cloud.laz","2018_MLBS_3_537000_4142000_image.tif","Tree",1,537000,537999.999,4142000,4142999.999
"3517",3517,537120.508,537127.444,4142418.001,4142426.424,"Silva","NEON_D07_MLBS_DP1_537000_4142000_classified_point_cloud.laz","2018_MLBS_3_537000_4142000_image.tif","Tree",1,537000,537999.999,4142000,4142999.999
"3518",3518,537141.509,537150.498,4142418.031,4142426.489,"Silva","NEON_D07_MLBS_DP1_537000_4142000_classified_point_cloud.laz","2018_MLBS_3_537000_4142000_image.tif","Tree",1,537000,537999.999,4142000,4142999.999
"3519",3519,537100.026,537111.429,4142420.51,4142426.97,"Silva","NEON_D07_MLBS_DP1_537000_4142000_classified_point_cloud.laz","2018_MLBS_3_537000_4142000_image.tif","Tree",1,537000,537999.999,4142000,4142999.999
"3520",3520,537134.004,537141.974,4142420.532,4142425.997,"Silva","NEON_D07_MLBS_DP1_537000_4142000_classified_point_cloud.laz","2018_MLBS_3_537000_4142000_image.tif","Tree",1,537000,537999.999,4142000,4142999.999
"3521",3521,537111.086,537119.872,4142419.512,4142428.93,"Silva","NEON_D07_MLBS_DP1_537000_4142000_classified_point_cloud.laz","2018_MLBS_3_537000_4142000_image.tif","Tree",1,537000,537999.999,4142000,4142999.999
"3522",3522,537135.005,537141.854,4142425.504,4142429.926,"Silva","NEON_D07_MLBS_DP1_537000_4142000_classified_point_cloud.laz","2018_MLBS_3_537000_4142000_image.tif","Tree",1,537000,537999.999,4142000,4142999.999
"3523",3523,537146.008,537153.999,4142423.009,4142431.994,"Silva","NEON_D07_MLBS_DP1_537000_4142000_classified_point_cloud.laz","2018_MLBS_3_537000_4142000_image.tif","Tree",1,537000,537999.999,4142000,4142999.999
"3524",3524,537129.013,537134.892,4142424.616,4142431.48,"Silva","NEON_D07_MLBS_DP1_537000_4142000_classified_point_cloud.laz","2018_MLBS_3_537000_4142000_image.tif","Tree",1,537000,537999.999,4142000,4142999.999
"3525",3525,537121.523,537129.434,4142424.514,4142433.886,"Silva","NEON_D07_MLBS_DP1_537000_4142000_classified_point_cloud.laz","2018_MLBS_3_537000_4142000_image.tif","Tree",1,537000,537999.999,4142000,4142999.999
"3526",3526,537106.194,537113.444,4142425.149,4142432.958,"Silva","NEON_D07_MLBS_DP1_537000_4142000_classified_point_cloud.laz","2018_MLBS_3_537000_4142000_image.tif","Tree",1,537000,537999.999,4142000,4142999.999
"3527",3527,537137.017,537141.994,4142426.555,4142433.997,"Silva","NEON_D07_MLBS_DP1_537000_4142000_classified_point_cloud.laz","2018_MLBS_3_537000_4142000_image.tif","Tree",1,537000,537999.999,4142000,4142999.999
"3528",3528,537130.189,537136.991,4142427.08,4142433.973,"Silva","NEON_D07_MLBS_DP1_537000_4142000_classified_point_cloud.laz","2018_MLBS_3_537000_4142000_image.tif","Tree",1,537000,537999.999,4142000,4142999.999
"3529",3529,537112.509,537120.471,4142426.036,4142435.486,"Silva","NEON_D07_MLBS_DP1_537000_4142000_classified_point_cloud.laz","2018_MLBS_3_537000_4142000_image.tif","Tree",1,537000,537999.999,4142000,4142999.999
"3530",3530,537099.501,537109.993,4142426.024,4142433.997,"Silva","NEON_D07_MLBS_DP1_537000_4142000_classified_point_cloud.laz","2018_MLBS_3_537000_4142000_image.tif","Tree",1,537000,537999.999,4142000,4142999.999
"3531",3531,537117.079,537124.988,4142426.033,4142436.846,"Silva","NEON_D07_MLBS_DP1_537000_4142000_classified_point_cloud.laz","2018_MLBS_3_537000_4142000_image.tif","Tree",1,537000,537999.999,4142000,4142999.999
"3532",3532,537152.549,537161.497,4142428.002,4142436.438,"Silva","NEON_D07_MLBS_DP1_537000_4142000_classified_point_cloud.laz","2018_MLBS_3_537000_4142000_image.tif","Tree",1,537000,537999.999,4142000,4142999.999
"3533",3533,537148.1,537153.988,4142430.786,4142438.491,"Silva","NEON_D07_MLBS_DP1_537000_4142000_classified_point_cloud.laz","2018_MLBS_3_537000_4142000_image.tif","Tree",1,537000,537999.999,4142000,4142999.999
"3534",3534,537125.573,537134.896,4142431.513,4142440.464,"Silva","NEON_D07_MLBS_DP1_537000_4142000_classified_point_cloud.laz","2018_MLBS_3_537000_4142000_image.tif","Tree",1,537000,537999.999,4142000,4142999.999
"3535",3535,537107.608,537116.464,4142432.531,4142440.979,"Silva","NEON_D07_MLBS_DP1_537000_4142000_classified_point_cloud.laz","2018_MLBS_3_537000_4142000_image.tif","Tree",1,537000,537999.999,4142000,4142999.999
"3536",3536,537133.02,537140.434,4142433.527,4142441.983,"Silva","NEON_D07_MLBS_DP1_537000_4142000_classified_point_cloud.laz","2018_MLBS_3_537000_4142000_image.tif","Tree",1,537000,537999.999,4142000,4142999.999
"3537",3537,537139.505,537145.403,4142434.019,4142441.939,"Silva","NEON_D07_MLBS_DP1_537000_4142000_classified_point_cloud.laz","2018_MLBS_3_537000_4142000_image.tif","Tree",1,537000,537999.999,4142000,4142999.999
"3538",3538,537150.007,537158.927,4142436.008,4142442.959,"Silva","NEON_D07_MLBS_DP1_537000_4142000_classified_point_cloud.laz","2018_MLBS_3_537000_4142000_image.tif","Tree",1,537000,537999.999,4142000,4142999.999
"3539",3539,537122.002,537131.492,4142434.021,4142443.492,"Silva","NEON_D07_MLBS_DP1_537000_4142000_classified_point_cloud.laz","2018_MLBS_3_537000_4142000_image.tif","Tree",1,537000,537999.999,4142000,4142999.999
"3540",3540,537114.139,537122.976,4142435.949,4142445.484,"Silva","NEON_D07_MLBS_DP1_537000_4142000_classified_point_cloud.laz","2018_MLBS_3_537000_4142000_image.tif","Tree",1,537000,537999.999,4142000,4142999.999
"3541",3541,537140.016,537148.975,4142439.506,4142444.988,"Silva","NEON_D07_MLBS_DP1_537000_4142000_classified_point_cloud.laz","2018_MLBS_3_537000_4142000_image.tif","Tree",1,537000,537999.999,4142000,4142999.999
"3542",3542,537151.038,537162.998,4142440.55,4142448.991,"Silva","NEON_D07_MLBS_DP1_537000_4142000_classified_point_cloud.laz","2018_MLBS_3_537000_4142000_image.tif","Tree",1,537000,537999.999,4142000,4142999.999
"3543",3543,537107.084,537116.468,4142441.043,4142448.495,"Silva","NEON_D07_MLBS_DP1_537000_4142000_classified_point_cloud.laz","2018_MLBS_3_537000_4142000_image.tif","Tree",1,537000,537999.999,4142000,4142999.999
"3544",3544,537127.06,537135.395,4142440.516,4142447.97,"Silva","NEON_D07_MLBS_DP1_537000_4142000_classified_point_cloud.laz","2018_MLBS_3_537000_4142000_image.tif","Tree",1,537000,537999.999,4142000,4142999.999
"3545",3545,537146.014,537151.467,4142442.112,4142452.488,"Silva","NEON_D07_MLBS_DP1_537000_4142000_classified_point_cloud.laz","2018_MLBS_3_537000_4142000_image.tif","Tree",1,537000,537999.999,4142000,4142999.999
"3546",3546,537115.551,537125.499,4142443.529,4142454.397,"Silva","NEON_D07_MLBS_DP1_537000_4142000_classified_point_cloud.laz","2018_MLBS_3_537000_4142000_image.tif","Tree",1,537000,537999.999,4142000,4142999.999
"3547",3547,537125.011,537133.985,4142446.013,4142453.996,"Silva","NEON_D07_MLBS_DP1_537000_4142000_classified_point_cloud.laz","2018_MLBS_3_537000_4142000_image.tif","Tree",1,537000,537999.999,4142000,4142999.999
"3548",3548,537134.042,537140.975,4142447.009,4142452.772,"Silva","NEON_D07_MLBS_DP1_537000_4142000_classified_point_cloud.laz","2018_MLBS_3_537000_4142000_image.tif","Tree",1,537000,537999.999,4142000,4142999.999
"3549",3549,537095.066,537107.991,4142446.509,4142454.989,"Silva","NEON_D07_MLBS_DP1_537000_4142000_classified_point_cloud.laz","2018_MLBS_3_537000_4142000_image.tif","Tree",1,537000,537999.999,4142000,4142999.999
"3550",3550,537136.556,537142.423,4142449.504,4142456.409,"Silva","NEON_D07_MLBS_DP1_537000_4142000_classified_point_cloud.laz","2018_MLBS_3_537000_4142000_image.tif","Tree",1,537000,537999.999,4142000,4142999.999
"3551",3551,537108.007,537115.958,4142448.003,4142457.984,"Silva","NEON_D07_MLBS_DP1_537000_4142000_classified_point_cloud.laz","2018_MLBS_3_537000_4142000_image.tif","Tree",1,537000,537999.999,4142000,4142999.999
"3552",3552,537141.043,537147.952,4142450.504,4142457.5,"Silva","NEON_D07_MLBS_DP1_537000_4142000_classified_point_cloud.laz","2018_MLBS_3_537000_4142000_image.tif","Tree",1,537000,537999.999,4142000,4142999.999
"3553",3553,537150.067,537160.461,4142450.607,4142458.978,"Silva","NEON_D07_MLBS_DP1_537000_4142000_classified_point_cloud.laz","2018_MLBS_3_537000_4142000_image.tif","Tree",1,537000,537999.999,4142000,4142999.999
"3554",3554,537113.505,537123.98,4142449.561,4142460.985,"Silva","NEON_D07_MLBS_DP1_537000_4142000_classified_point_cloud.laz","2018_MLBS_3_537000_4142000_image.tif","Tree",1,537000,537999.999,4142000,4142999.999
"3555",3555,537129.082,537137.972,4142451.547,4142460.41,"Silva","NEON_D07_MLBS_DP1_537000_4142000_classified_point_cloud.laz","2018_MLBS_3_537000_4142000_image.tif","Tree",1,537000,537999.999,4142000,4142999.999
"3556",3556,537102.519,537111.759,4142450.58,4142458.999,"Silva","NEON_D07_MLBS_DP1_537000_4142000_classified_point_cloud.laz","2018_MLBS_3_537000_4142000_image.tif","Tree",1,537000,537999.999,4142000,4142999.999
"3557",3557,537144.163,537152.923,4142452.159,4142460.969,"Silva","NEON_D07_MLBS_DP1_537000_4142000_classified_point_cloud.laz","2018_MLBS_3_537000_4142000_image.tif","Tree",1,537000,537999.999,4142000,4142999.999
"3558",3558,537146.51,537154.467,4142472.504,4142481.337,"Silva","NEON_D07_MLBS_DP1_537000_4142000_classified_point_cloud.laz","2018_MLBS_3_537000_4142000_image.tif","Tree",1,537000,537999.999,4142000,4142999.999
"3559",3559,537138.01,537146.994,4142470.045,4142481.469,"Silva","NEON_D07_MLBS_DP1_537000_4142000_classified_point_cloud.laz","2018_MLBS_3_537000_4142000_image.tif","Tree",1,537000,537999.999,4142000,4142999.999
"3560",3560,537107.001,537114.911,4142467.722,4142477.49,"Silva","NEON_D07_MLBS_DP1_537000_4142000_classified_point_cloud.laz","2018_MLBS_3_537000_4142000_image.tif","Tree",1,537000,537999.999,4142000,4142999.999
"3561",3561,537152.514,537163.932,4142468.155,4142477.478,"Silva","NEON_D07_MLBS_DP1_537000_4142000_classified_point_cloud.laz","2018_MLBS_3_537000_4142000_image.tif","Tree",1,537000,537999.999,4142000,4142999.999
"3562",3562,537112.382,537124.464,4142467.569,4142478.473,"Silva","NEON_D07_MLBS_DP1_537000_4142000_classified_point_cloud.laz","2018_MLBS_3_537000_4142000_image.tif","Tree",1,537000,537999.999,4142000,4142999.999
"3563",3563,537142.78,537153.495,4142464.586,4142472.979,"Silva","NEON_D07_MLBS_DP1_537000_4142000_classified_point_cloud.laz","2018_MLBS_3_537000_4142000_image.tif","Tree",1,537000,537999.999,4142000,4142999.999
"3564",3564,537113.075,537124.979,4142460.561,4142473.419,"Silva","NEON_D07_MLBS_DP1_537000_4142000_classified_point_cloud.laz","2018_MLBS_3_537000_4142000_image.tif","Tree",1,537000,537999.999,4142000,4142999.999
"3565",3565,537093.094,537104.969,4142462.523,4142471.42,"Silva","NEON_D07_MLBS_DP1_537000_4142000_classified_point_cloud.laz","2018_MLBS_3_537000_4142000_image.tif","Tree",1,537000,537999.999,4142000,4142999.999
"3566",3566,537123.013,537130.979,4142462.068,4142472.486,"Silva","NEON_D07_MLBS_DP1_537000_4142000_classified_point_cloud.laz","2018_MLBS_3_537000_4142000_image.tif","Tree",1,537000,537999.999,4142000,4142999.999
"3567",3567,537130.522,537139.996,4142460.504,4142470.464,"Silva","NEON_D07_MLBS_DP1_537000_4142000_classified_point_cloud.laz","2018_MLBS_3_537000_4142000_image.tif","Tree",1,537000,537999.999,4142000,4142999.999
"3568",3568,537149.043,537157.984,4142459.096,4142469.442,"Silva","NEON_D07_MLBS_DP1_537000_4142000_classified_point_cloud.laz","2018_MLBS_3_537000_4142000_image.tif","Tree",1,537000,537999.999,4142000,4142999.999
"3569",3569,537119.427,537128.969,4142456.048,4142465.923,"Silva","NEON_D07_MLBS_DP1_537000_4142000_classified_point_cloud.laz","2018_MLBS_3_537000_4142000_image.tif","Tree",1,537000,537999.999,4142000,4142999.999
"3570",3570,537102.29,537107.965,4142457.065,4142466.992,"Silva","NEON_D07_MLBS_DP1_537000_4142000_classified_point_cloud.laz","2018_MLBS_3_537000_4142000_image.tif","Tree",1,537000,537999.999,4142000,4142999.999
"3571",3571,537097.035,537103.475,4142454.154,4142463.98,"Silva","NEON_D07_MLBS_DP1_537000_4142000_classified_point_cloud.laz","2018_MLBS_3_537000_4142000_image.tif","Tree",1,537000,537999.999,4142000,4142999.999
"3572",3572,537136.009,537144.475,4142456.022,4142465.943,"Silva","NEON_D07_MLBS_DP1_537000_4142000_classified_point_cloud.laz","2018_MLBS_3_537000_4142000_image.tif","Tree",1,537000,537999.999,4142000,4142999.999
"3573",3573,537123.533,537134.459,4142453.523,4142462.468,"Silva","NEON_D07_MLBS_DP1_537000_4142000_classified_point_cloud.laz","2018_MLBS_3_537000_4142000_image.tif","Tree",1,537000,537999.999,4142000,4142999.999
"3574",3574,537154.69,537165.412,4142452.717,4142462.899,"Silva","NEON_D07_MLBS_DP1_537000_4142000_classified_point_cloud.laz","2018_MLBS_3_537000_4142000_image.tif","Tree",1,537000,537999.999,4142000,4142999.999
"3575",3575,537173.501,537182.931,4142408.009,4142417.901,"Silva","NEON_D07_MLBS_DP1_537000_4142000_classified_point_cloud.laz","2018_MLBS_3_537000_4142000_image.tif","Tree",1,537000,537999.999,4142000,4142999.999
"3576",3576,537182.59,537193.919,4142413.023,4142419.497,"Silva","NEON_D07_MLBS_DP1_537000_4142000_classified_point_cloud.laz","2018_MLBS_3_537000_4142000_image.tif","Tree",1,537000,537999.999,4142000,4142999.999
"3577",3577,537201.513,537210.451,4142412.074,4142420.177,"Silva","NEON_D07_MLBS_DP1_537000_4142000_classified_point_cloud.laz","2018_MLBS_3_537000_4142000_image.tif","Tree",1,537000,537999.999,4142000,4142999.999
"3578",3578,537171.517,537180.858,4142414.526,4142419.489,"Silva","NEON_D07_MLBS_DP1_537000_4142000_classified_point_cloud.laz","2018_MLBS_3_537000_4142000_image.tif","Tree",1,537000,537999.999,4142000,4142999.999
"3579",3579,537192.505,537202.995,4142411.564,4142422.96,"Silva","NEON_D07_MLBS_DP1_537000_4142000_classified_point_cloud.laz","2018_MLBS_3_537000_4142000_image.tif","Tree",1,537000,537999.999,4142000,4142999.999
"3580",3580,537168.522,537174.497,4142415.529,4142424.434,"Silva","NEON_D07_MLBS_DP1_537000_4142000_classified_point_cloud.laz","2018_MLBS_3_537000_4142000_image.tif","Tree",1,537000,537999.999,4142000,4142999.999
"3581",3581,537219.512,537227.475,4142417.001,4142427.489,"Silva","NEON_D07_MLBS_DP1_537000_4142000_classified_point_cloud.laz","2018_MLBS_3_537000_4142000_image.tif","Tree",1,537000,537999.999,4142000,4142999.999
"3582",3582,537160.539,537171.486,4142423.003,4142429.494,"Silva","NEON_D07_MLBS_DP1_537000_4142000_classified_point_cloud.laz","2018_MLBS_3_537000_4142000_image.tif","Tree",1,537000,537999.999,4142000,4142999.999
"3583",3583,537213.045,537221.487,4142421.507,4142430,"Silva","NEON_D07_MLBS_DP1_537000_4142000_classified_point_cloud.laz","2018_MLBS_3_537000_4142000_image.tif","Tree",1,537000,537999.999,4142000,4142999.999
"3584",3584,537200.509,537207.457,4142420.072,4142429.996,"Silva","NEON_D07_MLBS_DP1_537000_4142000_classified_point_cloud.laz","2018_MLBS_3_537000_4142000_image.tif","Tree",1,537000,537999.999,4142000,4142999.999
"3585",3585,537185.522,537194.982,4142421.001,4142429.5,"Silva","NEON_D07_MLBS_DP1_537000_4142000_classified_point_cloud.laz","2018_MLBS_3_537000_4142000_image.tif","Tree",1,537000,537999.999,4142000,4142999.999
"3586",3586,537207.002,537214.464,4142423.504,4142430.989,"Silva","NEON_D07_MLBS_DP1_537000_4142000_classified_point_cloud.laz","2018_MLBS_3_537000_4142000_image.tif","Tree",1,537000,537999.999,4142000,4142999.999
"3587",3587,537194.504,537200.495,4142422.509,4142428.997,"Silva","NEON_D07_MLBS_DP1_537000_4142000_classified_point_cloud.laz","2018_MLBS_3_537000_4142000_image.tif","Tree",1,537000,537999.999,4142000,4142999.999
"3588",3588,537198.096,537203.457,4142424.601,4142430.999,"Silva","NEON_D07_MLBS_DP1_537000_4142000_classified_point_cloud.laz","2018_MLBS_3_537000_4142000_image.tif","Tree",1,537000,537999.999,4142000,4142999.999
"3589",3589,537162.038,537172.456,4142425.512,4142434.419,"Silva","NEON_D07_MLBS_DP1_537000_4142000_classified_point_cloud.laz","2018_MLBS_3_537000_4142000_image.tif","Tree",1,537000,537999.999,4142000,4142999.999
"3590",3590,537175.543,537185.946,4142427.156,4142434.992,"Silva","NEON_D07_MLBS_DP1_537000_4142000_classified_point_cloud.laz","2018_MLBS_3_537000_4142000_image.tif","Tree",1,537000,537999.999,4142000,4142999.999
"3591",3591,537194.055,537199.497,4142428.561,4142433.429,"Silva","NEON_D07_MLBS_DP1_537000_4142000_classified_point_cloud.laz","2018_MLBS_3_537000_4142000_image.tif","Tree",1,537000,537999.999,4142000,4142999.999
"3592",3592,537199.022,537204.498,4142429.567,4142434.954,"Silva","NEON_D07_MLBS_DP1_537000_4142000_classified_point_cloud.laz","2018_MLBS_3_537000_4142000_image.tif","Tree",1,537000,537999.999,4142000,4142999.999
"3593",3593,537209.054,537218.493,4142428.032,4142436.499,"Silva","NEON_D07_MLBS_DP1_537000_4142000_classified_point_cloud.laz","2018_MLBS_3_537000_4142000_image.tif","Tree",1,537000,537999.999,4142000,4142999.999
"3594",3594,537218.508,537228.985,4142427.033,4142437.463,"Silva","NEON_D07_MLBS_DP1_537000_4142000_classified_point_cloud.laz","2018_MLBS_3_537000_4142000_image.tif","Tree",1,537000,537999.999,4142000,4142999.999
"3595",3595,537203.012,537208.901,4142429.525,4142438.442,"Silva","NEON_D07_MLBS_DP1_537000_4142000_classified_point_cloud.laz","2018_MLBS_3_537000_4142000_image.tif","Tree",1,537000,537999.999,4142000,4142999.999
"3596",3596,537191.555,537197.494,4142432.028,4142438.408,"Silva","NEON_D07_MLBS_DP1_537000_4142000_classified_point_cloud.laz","2018_MLBS_3_537000_4142000_image.tif","Tree",1,537000,537999.999,4142000,4142999.999
"3597",3597,537207.508,537215.475,4142432.013,4142438.497,"Silva","NEON_D07_MLBS_DP1_537000_4142000_classified_point_cloud.laz","2018_MLBS_3_537000_4142000_image.tif","Tree",1,537000,537999.999,4142000,4142999.999
"3598",3598,537197.512,537203.981,4142433.028,4142438.988,"Silva","NEON_D07_MLBS_DP1_537000_4142000_classified_point_cloud.laz","2018_MLBS_3_537000_4142000_image.tif","Tree",1,537000,537999.999,4142000,4142999.999
"3599",3599,537189.008,537195.883,4142435.232,4142444.495,"Silva","NEON_D07_MLBS_DP1_537000_4142000_classified_point_cloud.laz","2018_MLBS_3_537000_4142000_image.tif","Tree",1,537000,537999.999,4142000,4142999.999
"3600",3600,537173.063,537183.992,4142434.603,4142443.5,"Silva","NEON_D07_MLBS_DP1_537000_4142000_classified_point_cloud.laz","2018_MLBS_3_537000_4142000_image.tif","Tree",1,537000,537999.999,4142000,4142999.999
"3601",3601,537194.027,537203.467,4142437.508,4142444.919,"Silva","NEON_D07_MLBS_DP1_537000_4142000_classified_point_cloud.laz","2018_MLBS_3_537000_4142000_image.tif","Tree",1,537000,537999.999,4142000,4142999.999
"3602",3602,537208.626,537216.958,4142438.503,4142445.475,"Silva","NEON_D07_MLBS_DP1_537000_4142000_classified_point_cloud.laz","2018_MLBS_3_537000_4142000_image.tif","Tree",1,537000,537999.999,4142000,4142999.999
"3603",3603,537202.508,537209.481,4142438.026,4142445.947,"Silva","NEON_D07_MLBS_DP1_537000_4142000_classified_point_cloud.laz","2018_MLBS_3_537000_4142000_image.tif","Tree",1,537000,537999.999,4142000,4142999.999
"3604",3604,537171.507,537177.492,4142440.538,4142449.834,"Silva","NEON_D07_MLBS_DP1_537000_4142000_classified_point_cloud.laz","2018_MLBS_3_537000_4142000_image.tif","Tree",1,537000,537999.999,4142000,4142999.999
"3605",3605,537177.511,537182.973,4142443.52,4142450.986,"Silva","NEON_D07_MLBS_DP1_537000_4142000_classified_point_cloud.laz","2018_MLBS_3_537000_4142000_image.tif","Tree",1,537000,537999.999,4142000,4142999.999
"3606",3606,537182.501,537190.49,4142445.009,4142452.5,"Silva","NEON_D07_MLBS_DP1_537000_4142000_classified_point_cloud.laz","2018_MLBS_3_537000_4142000_image.tif","Tree",1,537000,537999.999,4142000,4142999.999
"3607",3607,537196.001,537202.972,4142444.003,4142449.99,"Silva","NEON_D07_MLBS_DP1_537000_4142000_classified_point_cloud.laz","2018_MLBS_3_537000_4142000_image.tif","Tree",1,537000,537999.999,4142000,4142999.999
"3608",3608,537205.513,537211.483,4142445.064,4142452.492,"Silva","NEON_D07_MLBS_DP1_537000_4142000_classified_point_cloud.laz","2018_MLBS_3_537000_4142000_image.tif","Tree",1,537000,537999.999,4142000,4142999.999
"3609",3609,537219.039,537229.978,4142444.501,4142451.995,"Silva","NEON_D07_MLBS_DP1_537000_4142000_classified_point_cloud.laz","2018_MLBS_3_537000_4142000_image.tif","Tree",1,537000,537999.999,4142000,4142999.999
"3610",3610,537184.029,537192.948,4142448.552,4142455.994,"Silva","NEON_D07_MLBS_DP1_537000_4142000_classified_point_cloud.laz","2018_MLBS_3_537000_4142000_image.tif","Tree",1,537000,537999.999,4142000,4142999.999
"3611",3611,537217.002,537224.987,4142449.657,4142457.473,"Silva","NEON_D07_MLBS_DP1_537000_4142000_classified_point_cloud.laz","2018_MLBS_3_537000_4142000_image.tif","Tree",1,537000,537999.999,4142000,4142999.999
"3612",3612,537160.518,537170.465,4142448.004,4142462.322,"Silva","NEON_D07_MLBS_DP1_537000_4142000_classified_point_cloud.laz","2018_MLBS_3_537000_4142000_image.tif","Tree",1,537000,537999.999,4142000,4142999.999
"3613",3613,537170.002,537182.46,4142464.063,4142473.493,"Silva","NEON_D07_MLBS_DP1_537000_4142000_classified_point_cloud.laz","2018_MLBS_3_537000_4142000_image.tif","Tree",1,537000,537999.999,4142000,4142999.999
"3614",3614,537157.012,537170.408,4142461.589,4142472.957,"Silva","NEON_D07_MLBS_DP1_537000_4142000_classified_point_cloud.laz","2018_MLBS_3_537000_4142000_image.tif","Tree",1,537000,537999.999,4142000,4142999.999
"3615",3615,537218.201,537224.998,4142457.209,4142468.406,"Silva","NEON_D07_MLBS_DP1_537000_4142000_classified_point_cloud.laz","2018_MLBS_3_537000_4142000_image.tif","Tree",1,537000,537999.999,4142000,4142999.999
"3616",3616,537154.031,537160.977,4142493.014,4142499.992,"Silva","NEON_D07_MLBS_DP1_537000_4142000_classified_point_cloud.laz","2018_MLBS_3_537000_4142000_image.tif","Tree",1,537000,537999.999,4142000,4142999.999
"3617",3617,537129.02,537137.496,4142490.009,4142500.955,"Silva","NEON_D07_MLBS_DP1_537000_4142000_classified_point_cloud.laz","2018_MLBS_3_537000_4142000_image.tif","Tree",1,537000,537999.999,4142000,4142999.999
"3618",3618,537137.506,537145.912,4142493.048,4142500.491,"Silva","NEON_D07_MLBS_DP1_537000_4142000_classified_point_cloud.laz","2018_MLBS_3_537000_4142000_image.tif","Tree",1,537000,537999.999,4142000,4142999.999
"3619",3619,537099.502,537110.478,4142492.505,4142500.956,"Silva","NEON_D07_MLBS_DP1_537000_4142000_classified_point_cloud.laz","2018_MLBS_3_537000_4142000_image.tif","Tree",1,537000,537999.999,4142000,4142999.999
"3620",3620,537145.629,537155.945,4142490.124,4142498.936,"Silva","NEON_D07_MLBS_DP1_537000_4142000_classified_point_cloud.laz","2018_MLBS_3_537000_4142000_image.tif","Tree",1,537000,537999.999,4142000,4142999.999
"3621",3621,537104.535,537111.976,4142489.504,4142500.361,"Silva","NEON_D07_MLBS_DP1_537000_4142000_classified_point_cloud.laz","2018_MLBS_3_537000_4142000_image.tif","Tree",1,537000,537999.999,4142000,4142999.999
"3622",3622,537094.512,537101.447,4142486.521,4142495.893,"Silva","NEON_D07_MLBS_DP1_537000_4142000_classified_point_cloud.laz","2018_MLBS_3_537000_4142000_image.tif","Tree",1,537000,537999.999,4142000,4142999.999
"3623",3623,537134.55,537146.439,4142488.515,4142494.956,"Silva","NEON_D07_MLBS_DP1_537000_4142000_classified_point_cloud.laz","2018_MLBS_3_537000_4142000_image.tif","Tree",1,537000,537999.999,4142000,4142999.999
"3624",3624,537098.509,537106.995,4142484.515,4142492.987,"Silva","NEON_D07_MLBS_DP1_537000_4142000_classified_point_cloud.laz","2018_MLBS_3_537000_4142000_image.tif","Tree",1,537000,537999.999,4142000,4142999.999
"3625",3625,537112.504,537121.963,4142478.52,4142488.896,"Silva","NEON_D07_MLBS_DP1_537000_4142000_classified_point_cloud.laz","2018_MLBS_3_537000_4142000_image.tif","Tree",1,537000,537999.999,4142000,4142999.999
"3626",3626,537152.5,537161.268,4142480.501,4142487.446,"Silva","NEON_D07_MLBS_DP1_537000_4142000_classified_point_cloud.laz","2018_MLBS_3_537000_4142000_image.tif","Tree",1,537000,537999.999,4142000,4142999.999
"3627",3627,537142.669,537152.488,4142480.012,4142486.493,"Silva","NEON_D07_MLBS_DP1_537000_4142000_classified_point_cloud.laz","2018_MLBS_3_537000_4142000_image.tif","Tree",1,537000,537999.999,4142000,4142999.999
"3628",3628,537123.055,537136.371,4142477.037,4142490.996,"Silva","NEON_D07_MLBS_DP1_537000_4142000_classified_point_cloud.laz","2018_MLBS_3_537000_4142000_image.tif","Tree",1,537000,537999.999,4142000,4142999.999
"3629",3629,537095.013,537104.408,4142476.53,4142486.93,"Silva","NEON_D07_MLBS_DP1_537000_4142000_classified_point_cloud.laz","2018_MLBS_3_537000_4142000_image.tif","Tree",1,537000,537999.999,4142000,4142999.999
"3630",3630,537110.071,537119.968,4142477.024,4142484.993,"Silva","NEON_D07_MLBS_DP1_537000_4142000_classified_point_cloud.laz","2018_MLBS_3_537000_4142000_image.tif","Tree",1,537000,537999.999,4142000,4142999.999
"3631",3631,537105.51,537112.428,4142474.501,4142481.997,"Silva","NEON_D07_MLBS_DP1_537000_4142000_classified_point_cloud.laz","2018_MLBS_3_537000_4142000_image.tif","Tree",1,537000,537999.999,4142000,4142999.999
"3632",3632,537164.025,537170.994,4142491.546,4142498.981,"Silva","NEON_D07_MLBS_DP1_537000_4142000_classified_point_cloud.laz","2018_MLBS_3_537000_4142000_image.tif","Tree",1,537000,537999.999,4142000,4142999.999
"3633",3633,537177.505,537188.483,4142490.014,4142498.897,"Silva","NEON_D07_MLBS_DP1_537000_4142000_classified_point_cloud.laz","2018_MLBS_3_537000_4142000_image.tif","Tree",1,537000,537999.999,4142000,4142999.999
"3634",3634,537193.018,537201.49,4142487.019,4142495.468,"Silva","NEON_D07_MLBS_DP1_537000_4142000_classified_point_cloud.laz","2018_MLBS_3_537000_4142000_image.tif","Tree",1,537000,537999.999,4142000,4142999.999
"3635",3635,537172.507,537180.946,4142483.506,4142494.392,"Silva","NEON_D07_MLBS_DP1_537000_4142000_classified_point_cloud.laz","2018_MLBS_3_537000_4142000_image.tif","Tree",1,537000,537999.999,4142000,4142999.999
"3636",3636,537158.503,537166.895,4142484.517,4142491.98,"Silva","NEON_D07_MLBS_DP1_537000_4142000_classified_point_cloud.laz","2018_MLBS_3_537000_4142000_image.tif","Tree",1,537000,537999.999,4142000,4142999.999
"3637",3637,537196.542,537206.485,4142481.519,4142487.96,"Silva","NEON_D07_MLBS_DP1_537000_4142000_classified_point_cloud.laz","2018_MLBS_3_537000_4142000_image.tif","Tree",1,537000,537999.999,4142000,4142999.999
"3638",3638,537285.505,537292.886,4142413.59,4142418.455,"Silva","NEON_D07_MLBS_DP1_537000_4142000_classified_point_cloud.laz","2018_MLBS_3_537000_4142000_image.tif","Tree",1,537000,537999.999,4142000,4142999.999
"3639",3639,537224.507,537236.246,4142412.022,4142421.495,"Silva","NEON_D07_MLBS_DP1_537000_4142000_classified_point_cloud.laz","2018_MLBS_3_537000_4142000_image.tif","Tree",1,537000,537999.999,4142000,4142999.999
"3640",3640,537270.01,537279.47,4142414.514,4142422.984,"Silva","NEON_D07_MLBS_DP1_537000_4142000_classified_point_cloud.laz","2018_MLBS_3_537000_4142000_image.tif","Tree",1,537000,537999.999,4142000,4142999.999
"3641",3641,537284.135,537290.481,4142416.121,4142422.436,"Silva","NEON_D07_MLBS_DP1_537000_4142000_classified_point_cloud.laz","2018_MLBS_3_537000_4142000_image.tif","Tree",1,537000,537999.999,4142000,4142999.999
"3642",3642,537249.001,537257.43,4142414.518,4142426.442,"Silva","NEON_D07_MLBS_DP1_537000_4142000_classified_point_cloud.laz","2018_MLBS_3_537000_4142000_image.tif","Tree",1,537000,537999.999,4142000,4142999.999
"3643",3643,537279.314,537285.493,4142417.077,4142424.487,"Silva","NEON_D07_MLBS_DP1_537000_4142000_classified_point_cloud.laz","2018_MLBS_3_537000_4142000_image.tif","Tree",1,537000,537999.999,4142000,4142999.999
"3644",3644,537290.023,537293.917,4142420.502,4142428.992,"Silva","NEON_D07_MLBS_DP1_537000_4142000_classified_point_cloud.laz","2018_MLBS_3_537000_4142000_image.tif","Tree",1,537000,537999.999,4142000,4142999.999
"3645",3645,537225.51,537236.466,4142420.527,4142428.395,"Silva","NEON_D07_MLBS_DP1_537000_4142000_classified_point_cloud.laz","2018_MLBS_3_537000_4142000_image.tif","Tree",1,537000,537999.999,4142000,4142999.999
"3646",3646,537227.115,537237.429,4142423.56,4142430.336,"Silva","NEON_D07_MLBS_DP1_537000_4142000_classified_point_cloud.laz","2018_MLBS_3_537000_4142000_image.tif","Tree",1,537000,537999.999,4142000,4142999.999
"3647",3647,537228.038,537237.959,4142428.087,4142436.427,"Silva","NEON_D07_MLBS_DP1_537000_4142000_classified_point_cloud.laz","2018_MLBS_3_537000_4142000_image.tif","Tree",1,537000,537999.999,4142000,4142999.999
"3648",3648,537274.001,537280.994,4142427.167,4142435.415,"Silva","NEON_D07_MLBS_DP1_537000_4142000_classified_point_cloud.laz","2018_MLBS_3_537000_4142000_image.tif","Tree",1,537000,537999.999,4142000,4142999.999
"3649",3649,537281.002,537287.46,4142429.009,4142435.469,"Silva","NEON_D07_MLBS_DP1_537000_4142000_classified_point_cloud.laz","2018_MLBS_3_537000_4142000_image.tif","Tree",1,537000,537999.999,4142000,4142999.999
"3650",3650,537237.101,537247.462,4142428.501,4142434.998,"Silva","NEON_D07_MLBS_DP1_537000_4142000_classified_point_cloud.laz","2018_MLBS_3_537000_4142000_image.tif","Tree",1,537000,537999.999,4142000,4142999.999
"3651",3651,537251.591,537259.881,4142430.507,4142436.997,"Silva","NEON_D07_MLBS_DP1_537000_4142000_classified_point_cloud.laz","2018_MLBS_3_537000_4142000_image.tif","Tree",1,537000,537999.999,4142000,4142999.999
"3652",3652,537261.507,537268.464,4142430.005,4142437.779,"Silva","NEON_D07_MLBS_DP1_537000_4142000_classified_point_cloud.laz","2018_MLBS_3_537000_4142000_image.tif","Tree",1,537000,537999.999,4142000,4142999.999
"3653",3653,537267.506,537271.489,4142430.063,4142437.486,"Silva","NEON_D07_MLBS_DP1_537000_4142000_classified_point_cloud.laz","2018_MLBS_3_537000_4142000_image.tif","Tree",1,537000,537999.999,4142000,4142999.999
"3654",3654,537244.511,537251.495,4142431.057,4142441.988,"Silva","NEON_D07_MLBS_DP1_537000_4142000_classified_point_cloud.laz","2018_MLBS_3_537000_4142000_image.tif","Tree",1,537000,537999.999,4142000,4142999.999
"3655",3655,537237.168,537245.974,4142435.002,4142444.913,"Silva","NEON_D07_MLBS_DP1_537000_4142000_classified_point_cloud.laz","2018_MLBS_3_537000_4142000_image.tif","Tree",1,537000,537999.999,4142000,4142999.999
"3656",3656,537259.034,537264.993,4142433.001,4142439.987,"Silva","NEON_D07_MLBS_DP1_537000_4142000_classified_point_cloud.laz","2018_MLBS_3_537000_4142000_image.tif","Tree",1,537000,537999.999,4142000,4142999.999
"3657",3657,537255.037,537259.481,4142435.012,4142444.488,"Silva","NEON_D07_MLBS_DP1_537000_4142000_classified_point_cloud.laz","2018_MLBS_3_537000_4142000_image.tif","Tree",1,537000,537999.999,4142000,4142999.999
"3658",3658,537283.55,537291.484,4142435.037,4142443.944,"Silva","NEON_D07_MLBS_DP1_537000_4142000_classified_point_cloud.laz","2018_MLBS_3_537000_4142000_image.tif","Tree",1,537000,537999.999,4142000,4142999.999
"3659",3659,537272.545,537277.99,4142435.16,4142443.128,"Silva","NEON_D07_MLBS_DP1_537000_4142000_classified_point_cloud.laz","2018_MLBS_3_537000_4142000_image.tif","Tree",1,537000,537999.999,4142000,4142999.999
"3660",3660,537277.501,537284.085,4142435.012,4142442.913,"Silva","NEON_D07_MLBS_DP1_537000_4142000_classified_point_cloud.laz","2018_MLBS_3_537000_4142000_image.tif","Tree",1,537000,537999.999,4142000,4142999.999
"3661",3661,537268.522,537272.995,4142437.029,4142443.956,"Silva","NEON_D07_MLBS_DP1_537000_4142000_classified_point_cloud.laz","2018_MLBS_3_537000_4142000_image.tif","Tree",1,537000,537999.999,4142000,4142999.999
"3662",3662,537230.051,537240.387,4142435.05,4142445.996,"Silva","NEON_D07_MLBS_DP1_537000_4142000_classified_point_cloud.laz","2018_MLBS_3_537000_4142000_image.tif","Tree",1,537000,537999.999,4142000,4142999.999
"3663",3663,537265,537269.971,4142437.055,4142445.981,"Silva","NEON_D07_MLBS_DP1_537000_4142000_classified_point_cloud.laz","2018_MLBS_3_537000_4142000_image.tif","Tree",1,537000,537999.999,4142000,4142999.999
"3664",3664,537279.038,537287.429,4142440.695,4142446.661,"Silva","NEON_D07_MLBS_DP1_537000_4142000_classified_point_cloud.laz","2018_MLBS_3_537000_4142000_image.tif","Tree",1,537000,537999.999,4142000,4142999.999
"3665",3665,537240.136,537250.942,4142442.006,4142451.463,"Silva","NEON_D07_MLBS_DP1_537000_4142000_classified_point_cloud.laz","2018_MLBS_3_537000_4142000_image.tif","Tree",1,537000,537999.999,4142000,4142999.999
"3666",3666,537273.523,537278.401,4142443.03,4142455.431,"Silva","NEON_D07_MLBS_DP1_537000_4142000_classified_point_cloud.laz","2018_MLBS_3_537000_4142000_image.tif","Tree",1,537000,537999.999,4142000,4142999.999
"3667",3667,537280.524,537288.935,4142443.508,4142452.489,"Silva","NEON_D07_MLBS_DP1_537000_4142000_classified_point_cloud.laz","2018_MLBS_3_537000_4142000_image.tif","Tree",1,537000,537999.999,4142000,4142999.999
"3668",3668,537249.018,537258.839,4142444.123,4142452.495,"Silva","NEON_D07_MLBS_DP1_537000_4142000_classified_point_cloud.laz","2018_MLBS_3_537000_4142000_image.tif","Tree",1,537000,537999.999,4142000,4142999.999
"3669",3669,537229.717,537240.474,4142446.004,4142457.498,"Silva","NEON_D07_MLBS_DP1_537000_4142000_classified_point_cloud.laz","2018_MLBS_3_537000_4142000_image.tif","Tree",1,537000,537999.999,4142000,4142999.999
"3670",3670,537262.5,537273.997,4142461.002,4142472.477,"Silva","NEON_D07_MLBS_DP1_537000_4142000_classified_point_cloud.laz","2018_MLBS_3_537000_4142000_image.tif","Tree",1,537000,537999.999,4142000,4142999.999
"3671",3671,537298.564,537307.387,4142410.078,4142420.49,"Silva","NEON_D07_MLBS_DP1_537000_4142000_classified_point_cloud.laz","2018_MLBS_3_537000_4142000_image.tif","Tree",1,537000,537999.999,4142000,4142999.999
"3672",3672,537314.867,537325.496,4142408.722,4142419.982,"Silva","NEON_D07_MLBS_DP1_537000_4142000_classified_point_cloud.laz","2018_MLBS_3_537000_4142000_image.tif","Tree",1,537000,537999.999,4142000,4142999.999
"3673",3673,537341.003,537350.494,4142418.033,4142424.989,"Silva","NEON_D07_MLBS_DP1_537000_4142000_classified_point_cloud.laz","2018_MLBS_3_537000_4142000_image.tif","Tree",1,537000,537999.999,4142000,4142999.999
"3674",3674,537292.541,537299.485,4142419.035,4142426.41,"Silva","NEON_D07_MLBS_DP1_537000_4142000_classified_point_cloud.laz","2018_MLBS_3_537000_4142000_image.tif","Tree",1,537000,537999.999,4142000,4142999.999
"3675",3675,537308.512,537314.993,4142417.537,4142426.396,"Silva","NEON_D07_MLBS_DP1_537000_4142000_classified_point_cloud.laz","2018_MLBS_3_537000_4142000_image.tif","Tree",1,537000,537999.999,4142000,4142999.999
"3676",3676,537303.54,537308.471,4142423.625,4142429.983,"Silva","NEON_D07_MLBS_DP1_537000_4142000_classified_point_cloud.laz","2018_MLBS_3_537000_4142000_image.tif","Tree",1,537000,537999.999,4142000,4142999.999
"3677",3677,537292.011,537301.4,4142422.545,4142432.129,"Silva","NEON_D07_MLBS_DP1_537000_4142000_classified_point_cloud.laz","2018_MLBS_3_537000_4142000_image.tif","Tree",1,537000,537999.999,4142000,4142999.999
"3678",3678,537297.059,537305.958,4142426.567,4142436.151,"Silva","NEON_D07_MLBS_DP1_537000_4142000_classified_point_cloud.laz","2018_MLBS_3_537000_4142000_image.tif","Tree",1,537000,537999.999,4142000,4142999.999
"3679",3679,537350.508,537355.392,4142426.044,4142434.954,"Silva","NEON_D07_MLBS_DP1_537000_4142000_classified_point_cloud.laz","2018_MLBS_3_537000_4142000_image.tif","Tree",1,537000,537999.999,4142000,4142999.999
"3680",3680,537345.532,537350.98,4142428.551,4142436.746,"Silva","NEON_D07_MLBS_DP1_537000_4142000_classified_point_cloud.laz","2018_MLBS_3_537000_4142000_image.tif","Tree",1,537000,537999.999,4142000,4142999.999
"3681",3681,537303.04,537311.763,4142430.018,4142436.965,"Silva","NEON_D07_MLBS_DP1_537000_4142000_classified_point_cloud.laz","2018_MLBS_3_537000_4142000_image.tif","Tree",1,537000,537999.999,4142000,4142999.999
"3682",3682,537338.005,537348.977,4142428.541,4142439.997,"Silva","NEON_D07_MLBS_DP1_537000_4142000_classified_point_cloud.laz","2018_MLBS_3_537000_4142000_image.tif","Tree",1,537000,537999.999,4142000,4142999.999
"3683",3683,537290.514,537296.388,4142431.008,4142440.477,"Silva","NEON_D07_MLBS_DP1_537000_4142000_classified_point_cloud.laz","2018_MLBS_3_537000_4142000_image.tif","Tree",1,537000,537999.999,4142000,4142999.999
"3684",3684,537349.689,537358.776,4142433.518,4142439.406,"Silva","NEON_D07_MLBS_DP1_537000_4142000_classified_point_cloud.laz","2018_MLBS_3_537000_4142000_image.tif","Tree",1,537000,537999.999,4142000,4142999.999
"3685",3685,537312.528,537320.487,4142436.025,4142441.999,"Silva","NEON_D07_MLBS_DP1_537000_4142000_classified_point_cloud.laz","2018_MLBS_3_537000_4142000_image.tif","Tree",1,537000,537999.999,4142000,4142999.999
"3686",3686,537349.596,537358.408,4142437.593,4142444.792,"Silva","NEON_D07_MLBS_DP1_537000_4142000_classified_point_cloud.laz","2018_MLBS_3_537000_4142000_image.tif","Tree",1,537000,537999.999,4142000,4142999.999
"3687",3687,537312.02,537318.921,4142442.037,4142445.886,"Silva","NEON_D07_MLBS_DP1_537000_4142000_classified_point_cloud.laz","2018_MLBS_3_537000_4142000_image.tif","Tree",1,537000,537999.999,4142000,4142999.999
"3688",3688,537326.001,537334.494,4142440.339,4142446.991,"Silva","NEON_D07_MLBS_DP1_537000_4142000_classified_point_cloud.laz","2018_MLBS_3_537000_4142000_image.tif","Tree",1,537000,537999.999,4142000,4142999.999
"3689",3689,537318.504,537326.399,4142439.567,4142448.422,"Silva","NEON_D07_MLBS_DP1_537000_4142000_classified_point_cloud.laz","2018_MLBS_3_537000_4142000_image.tif","Tree",1,537000,537999.999,4142000,4142999.999
"3690",3690,537342.531,537352.724,4142437.073,4142449.867,"Silva","NEON_D07_MLBS_DP1_537000_4142000_classified_point_cloud.laz","2018_MLBS_3_537000_4142000_image.tif","Tree",1,537000,537999.999,4142000,4142999.999
"3691",3691,537296.02,537303.988,4142441.564,4142450.783,"Silva","NEON_D07_MLBS_DP1_537000_4142000_classified_point_cloud.laz","2018_MLBS_3_537000_4142000_image.tif","Tree",1,537000,537999.999,4142000,4142999.999
"3692",3692,537288.5,537295.999,4142442.362,4142449.445,"Silva","NEON_D07_MLBS_DP1_537000_4142000_classified_point_cloud.laz","2018_MLBS_3_537000_4142000_image.tif","Tree",1,537000,537999.999,4142000,4142999.999
"3693",3693,537309.006,537316.97,4142443.506,4142450.96,"Silva","NEON_D07_MLBS_DP1_537000_4142000_classified_point_cloud.laz","2018_MLBS_3_537000_4142000_image.tif","Tree",1,537000,537999.999,4142000,4142999.999
"3694",3694,537351.662,537361.494,4142443.028,4142449.475,"Silva","NEON_D07_MLBS_DP1_537000_4142000_classified_point_cloud.laz","2018_MLBS_3_537000_4142000_image.tif","Tree",1,537000,537999.999,4142000,4142999.999
"3695",3695,537290.593,537299.998,4142447.13,4142453.491,"Silva","NEON_D07_MLBS_DP1_537000_4142000_classified_point_cloud.laz","2018_MLBS_3_537000_4142000_image.tif","Tree",1,537000,537999.999,4142000,4142999.999
"3696",3696,537335.03,537342.947,4142445.087,4142455.392,"Silva","NEON_D07_MLBS_DP1_537000_4142000_classified_point_cloud.laz","2018_MLBS_3_537000_4142000_image.tif","Tree",1,537000,537999.999,4142000,4142999.999
"3697",3697,537325.145,537335.496,4142447.009,4142452.989,"Silva","NEON_D07_MLBS_DP1_537000_4142000_classified_point_cloud.laz","2018_MLBS_3_537000_4142000_image.tif","Tree",1,537000,537999.999,4142000,4142999.999
"3698",3698,537340.565,537350.442,4142446.028,4142455.336,"Silva","NEON_D07_MLBS_DP1_537000_4142000_classified_point_cloud.laz","2018_MLBS_3_537000_4142000_image.tif","Tree",1,537000,537999.999,4142000,4142999.999
"3699",3699,537304.505,537311.815,4142451.058,4142461.974,"Silva","NEON_D07_MLBS_DP1_537000_4142000_classified_point_cloud.laz","2018_MLBS_3_537000_4142000_image.tif","Tree",1,537000,537999.999,4142000,4142999.999
"3700",3700,537271.127,537277.477,4142492.539,4142501.996,"Silva","NEON_D07_MLBS_DP1_537000_4142000_classified_point_cloud.laz","2018_MLBS_3_537000_4142000_image.tif","Tree",1,537000,537999.999,4142000,4142999.999
"3701",3701,537241.519,537251.499,4142486.526,4142496.929,"Silva","NEON_D07_MLBS_DP1_537000_4142000_classified_point_cloud.laz","2018_MLBS_3_537000_4142000_image.tif","Tree",1,537000,537999.999,4142000,4142999.999
"3702",3702,537285.051,537296.488,4142483.505,4142495.993,"Silva","NEON_D07_MLBS_DP1_537000_4142000_classified_point_cloud.laz","2018_MLBS_3_537000_4142000_image.tif","Tree",1,537000,537999.999,4142000,4142999.999
"3703",3703,537272.074,537281.483,4142484.004,4142492.854,"Silva","NEON_D07_MLBS_DP1_537000_4142000_classified_point_cloud.laz","2018_MLBS_3_537000_4142000_image.tif","Tree",1,537000,537999.999,4142000,4142999.999
"3704",3704,537300.103,537308.969,4142492.015,4142501.978,"Silva","NEON_D07_MLBS_DP1_537000_4142000_classified_point_cloud.laz","2018_MLBS_3_537000_4142000_image.tif","Tree",1,537000,537999.999,4142000,4142999.999
"3705",3705,537291.733,537302.251,4142491.16,4142499.481,"Silva","NEON_D07_MLBS_DP1_537000_4142000_classified_point_cloud.laz","2018_MLBS_3_537000_4142000_image.tif","Tree",1,537000,537999.999,4142000,4142999.999
"3706",3706,537342.02,537354.463,4142488.017,4142497.449,"Silva","NEON_D07_MLBS_DP1_537000_4142000_classified_point_cloud.laz","2018_MLBS_3_537000_4142000_image.tif","Tree",1,537000,537999.999,4142000,4142999.999
"3707",3707,537228.562,537233.989,4142492.505,4142498.451,"Silva","NEON_D07_MLBS_DP1_537000_4142000_classified_point_cloud.laz","2018_MLBS_3_537000_4142000_image.tif","Tree",1,537000,537999.999,4142000,4142999.999
"3708",3708,537396.832,537406.979,4142012.065,4142019.954,"Silva","NEON_D07_MLBS_DP1_537000_4142000_classified_point_cloud.laz","2018_MLBS_3_537000_4142000_image.tif","Tree",1,537000,537999.999,4142000,4142999.999
"3709",3709,537400.007,537406.844,4142001.003,4142007.739,"Silva","NEON_D07_MLBS_DP1_537000_4142000_classified_point_cloud.laz","2018_MLBS_3_537000_4142000_image.tif","Tree",1,537000,537999.999,4142000,4142999.999
"3710",3710,537394.01,537403.971,4142000,4142004.433,"Silva","NEON_D07_MLBS_DP1_537000_4142000_classified_point_cloud.laz","2018_MLBS_3_537000_4142000_image.tif","Tree",1,537000,537999.999,4142000,4142999.999
"3711",3711,537369.519,537376.445,4142000,4142005.441,"Silva","NEON_D07_MLBS_DP1_537000_4142000_classified_point_cloud.laz","2018_MLBS_3_537000_4142000_image.tif","Tree",1,537000,537999.999,4142000,4142999.999
"3712",3712,537440.009,537454.493,4142000.008,4142016,"Silva","NEON_D07_MLBS_DP1_537000_4142000_classified_point_cloud.laz","2018_MLBS_3_537000_4142000_image.tif","Tree",1,537000,537999.999,4142000,4142999.999
"3713",3713,537488.022,537496.974,4142006.559,4142018.341,"Silva","NEON_D07_MLBS_DP1_537000_4142000_classified_point_cloud.laz","2018_MLBS_3_537000_4142000_image.tif","Tree",1,537000,537999.999,4142000,4142999.999
"3714",3714,537392.74,537400.47,4142017.503,4142028.873,"Silva","NEON_D07_MLBS_DP1_537000_4142000_classified_point_cloud.laz","2018_MLBS_3_537000_4142000_image.tif","Tree",1,537000,537999.999,4142000,4142999.999
"3715",3715,537360.066,537368.494,4142021.033,4142031.872,"Silva","NEON_D07_MLBS_DP1_537000_4142000_classified_point_cloud.laz","2018_MLBS_3_537000_4142000_image.tif","Tree",1,537000,537999.999,4142000,4142999.999
"3716",3716,537359.125,537368.492,4142027.522,4142039.98,"Silva","NEON_D07_MLBS_DP1_537000_4142000_classified_point_cloud.laz","2018_MLBS_3_537000_4142000_image.tif","Tree",1,537000,537999.999,4142000,4142999.999
"3717",3717,537397.062,537408.492,4142026.505,4142037.414,"Silva","NEON_D07_MLBS_DP1_537000_4142000_classified_point_cloud.laz","2018_MLBS_3_537000_4142000_image.tif","Tree",1,537000,537999.999,4142000,4142999.999
"3718",3718,537408.046,537420.897,4142027.232,4142040.486,"Silva","NEON_D07_MLBS_DP1_537000_4142000_classified_point_cloud.laz","2018_MLBS_3_537000_4142000_image.tif","Tree",1,537000,537999.999,4142000,4142999.999
"3719",3719,537392.04,537407.994,4142030.618,4142042.984,"Silva","NEON_D07_MLBS_DP1_537000_4142000_classified_point_cloud.laz","2018_MLBS_3_537000_4142000_image.tif","Tree",1,537000,537999.999,4142000,4142999.999
"3720",3720,537380.531,537393.496,4142032.571,4142042.987,"Silva","NEON_D07_MLBS_DP1_537000_4142000_classified_point_cloud.laz","2018_MLBS_3_537000_4142000_image.tif","Tree",1,537000,537999.999,4142000,4142999.999
"3721",3721,537355.071,537365.867,4142039.516,4142052.97,"Silva","NEON_D07_MLBS_DP1_537000_4142000_classified_point_cloud.laz","2018_MLBS_3_537000_4142000_image.tif","Tree",1,537000,537999.999,4142000,4142999.999
"3722",3722,537358.565,537369.806,4142044.532,4142053.495,"Silva","NEON_D07_MLBS_DP1_537000_4142000_classified_point_cloud.laz","2018_MLBS_3_537000_4142000_image.tif","Tree",1,537000,537999.999,4142000,4142999.999
"3723",3723,537383.593,537398.686,4142051.028,4142059.996,"Silva","NEON_D07_MLBS_DP1_537000_4142000_classified_point_cloud.laz","2018_MLBS_3_537000_4142000_image.tif","Tree",1,537000,537999.999,4142000,4142999.999
"3724",3724,537366.018,537374.495,4142049.533,4142058.499,"Silva","NEON_D07_MLBS_DP1_537000_4142000_classified_point_cloud.laz","2018_MLBS_3_537000_4142000_image.tif","Tree",1,537000,537999.999,4142000,4142999.999
"3725",3725,537419.007,537427.464,4142046.085,4142057.899,"Silva","NEON_D07_MLBS_DP1_537000_4142000_classified_point_cloud.laz","2018_MLBS_3_537000_4142000_image.tif","Tree",1,537000,537999.999,4142000,4142999.999
"3726",3726,537369.666,537380.823,4142062.047,4142074.477,"Silva","NEON_D07_MLBS_DP1_537000_4142000_classified_point_cloud.laz","2018_MLBS_3_537000_4142000_image.tif","Tree",1,537000,537999.999,4142000,4142999.999
"3727",3727,537357.014,537368.488,4142071.502,4142078.911,"Silva","NEON_D07_MLBS_DP1_537000_4142000_classified_point_cloud.laz","2018_MLBS_3_537000_4142000_image.tif","Tree",1,537000,537999.999,4142000,4142999.999
"3728",3728,537362.071,537375.93,4142084.56,4142092.977,"Silva","NEON_D07_MLBS_DP1_537000_4142000_classified_point_cloud.laz","2018_MLBS_3_537000_4142000_image.tif","Tree",1,537000,537999.999,4142000,4142999.999
"3729",3729,537451.579,537459.486,4142024.009,4142030.992,"Silva","NEON_D07_MLBS_DP1_537000_4142000_classified_point_cloud.laz","2018_MLBS_3_537000_4142000_image.tif","Tree",1,537000,537999.999,4142000,4142999.999
"3730",3730,537444.003,537451.462,4142029.719,4142041.41,"Silva","NEON_D07_MLBS_DP1_537000_4142000_classified_point_cloud.laz","2018_MLBS_3_537000_4142000_image.tif","Tree",1,537000,537999.999,4142000,4142999.999
"3731",3731,537438.018,537445.968,4142040.028,4142049.495,"Silva","NEON_D07_MLBS_DP1_537000_4142000_classified_point_cloud.laz","2018_MLBS_3_537000_4142000_image.tif","Tree",1,537000,537999.999,4142000,4142999.999
"3732",3732,537462.005,537472.485,4142039.512,4142046.459,"Silva","NEON_D07_MLBS_DP1_537000_4142000_classified_point_cloud.laz","2018_MLBS_3_537000_4142000_image.tif","Tree",1,537000,537999.999,4142000,4142999.999
"3733",3733,537448.505,537457.115,4142040.509,4142047.967,"Silva","NEON_D07_MLBS_DP1_537000_4142000_classified_point_cloud.laz","2018_MLBS_3_537000_4142000_image.tif","Tree",1,537000,537999.999,4142000,4142999.999
"3734",3734,537474.512,537483.451,4142040.679,4142048.5,"Silva","NEON_D07_MLBS_DP1_537000_4142000_classified_point_cloud.laz","2018_MLBS_3_537000_4142000_image.tif","Tree",1,537000,537999.999,4142000,4142999.999
"3735",3735,537479.505,537487.986,4142050.034,4142060.496,"Silva","NEON_D07_MLBS_DP1_537000_4142000_classified_point_cloud.laz","2018_MLBS_3_537000_4142000_image.tif","Tree",1,537000,537999.999,4142000,4142999.999
"3736",3736,537481,537494.496,4142055.052,4142063.986,"Silva","NEON_D07_MLBS_DP1_537000_4142000_classified_point_cloud.laz","2018_MLBS_3_537000_4142000_image.tif","Tree",1,537000,537999.999,4142000,4142999.999
"3737",3737,537468.003,537478.99,4142074.012,4142081.478,"Silva","NEON_D07_MLBS_DP1_537000_4142000_classified_point_cloud.laz","2018_MLBS_3_537000_4142000_image.tif","Tree",1,537000,537999.999,4142000,4142999.999
"3738",3738,537435.106,537445.369,4142073.028,4142080.989,"Silva","NEON_D07_MLBS_DP1_537000_4142000_classified_point_cloud.laz","2018_MLBS_3_537000_4142000_image.tif","Tree",1,537000,537999.999,4142000,4142999.999
"3739",3739,537406.033,537411.42,4142127.058,4142135.97,"Silva","NEON_D07_MLBS_DP1_537000_4142000_classified_point_cloud.laz","2018_MLBS_3_537000_4142000_image.tif","Tree",1,537000,537999.999,4142000,4142999.999
"3740",3740,537366.557,537373.992,4142131.504,4142139.995,"Silva","NEON_D07_MLBS_DP1_537000_4142000_classified_point_cloud.laz","2018_MLBS_3_537000_4142000_image.tif","Tree",1,537000,537999.999,4142000,4142999.999
"3741",3741,537377.007,537382.965,4142131.525,4142142.881,"Silva","NEON_D07_MLBS_DP1_537000_4142000_classified_point_cloud.laz","2018_MLBS_3_537000_4142000_image.tif","Tree",1,537000,537999.999,4142000,4142999.999
"3742",3742,537395.508,537400.326,4142139.531,4142147.481,"Silva","NEON_D07_MLBS_DP1_537000_4142000_classified_point_cloud.laz","2018_MLBS_3_537000_4142000_image.tif","Tree",1,537000,537999.999,4142000,4142999.999
"3743",3743,537390.03,537396.972,4142144.058,4142150.831,"Silva","NEON_D07_MLBS_DP1_537000_4142000_classified_point_cloud.laz","2018_MLBS_3_537000_4142000_image.tif","Tree",1,537000,537999.999,4142000,4142999.999
"3744",3744,537411.023,537417.966,4142097.001,4142105.947,"Silva","NEON_D07_MLBS_DP1_537000_4142000_classified_point_cloud.laz","2018_MLBS_3_537000_4142000_image.tif","Tree",1,537000,537999.999,4142000,4142999.999
"3745",3745,537398.567,537408.192,4142093.012,4142101.461,"Silva","NEON_D07_MLBS_DP1_537000_4142000_classified_point_cloud.laz","2018_MLBS_3_537000_4142000_image.tif","Tree",1,537000,537999.999,4142000,4142999.999
"3746",3746,537381.504,537393.998,4142092.01,4142102.956,"Silva","NEON_D07_MLBS_DP1_537000_4142000_classified_point_cloud.laz","2018_MLBS_3_537000_4142000_image.tif","Tree",1,537000,537999.999,4142000,4142999.999
"3747",3747,537384.568,537395.448,4142086.503,4142096.42,"Silva","NEON_D07_MLBS_DP1_537000_4142000_classified_point_cloud.laz","2018_MLBS_3_537000_4142000_image.tif","Tree",1,537000,537999.999,4142000,4142999.999
"3748",3748,537403.555,537409.298,4142083.093,4142092.927,"Silva","NEON_D07_MLBS_DP1_537000_4142000_classified_point_cloud.laz","2018_MLBS_3_537000_4142000_image.tif","Tree",1,537000,537999.999,4142000,4142999.999
"3749",3749,537486.023,537493.975,4142108.734,4142117.724,"Silva","NEON_D07_MLBS_DP1_537000_4142000_classified_point_cloud.laz","2018_MLBS_3_537000_4142000_image.tif","Tree",1,537000,537999.999,4142000,4142999.999
"3750",3750,537482.083,537489.496,4142112.062,4142120.377,"Silva","NEON_D07_MLBS_DP1_537000_4142000_classified_point_cloud.laz","2018_MLBS_3_537000_4142000_image.tif","Tree",1,537000,537999.999,4142000,4142999.999
"3751",3751,537439.533,537446.971,4142126.018,4142131.923,"Silva","NEON_D07_MLBS_DP1_537000_4142000_classified_point_cloud.laz","2018_MLBS_3_537000_4142000_image.tif","Tree",1,537000,537999.999,4142000,4142999.999
"3752",3752,537452.567,537458.493,4142143.558,4142148.967,"Silva","NEON_D07_MLBS_DP1_537000_4142000_classified_point_cloud.laz","2018_MLBS_3_537000_4142000_image.tif","Tree",1,537000,537999.999,4142000,4142999.999
"3753",3753,537477.003,537485.488,4142096.526,4142104.494,"Silva","NEON_D07_MLBS_DP1_537000_4142000_classified_point_cloud.laz","2018_MLBS_3_537000_4142000_image.tif","Tree",1,537000,537999.999,4142000,4142999.999
"3754",3754,537449.516,537463.448,4142088.502,4142102.999,"Silva","NEON_D07_MLBS_DP1_537000_4142000_classified_point_cloud.laz","2018_MLBS_3_537000_4142000_image.tif","Tree",1,537000,537999.999,4142000,4142999.999
"3755",3755,537490.502,537498.98,4142029.009,4142039.475,"Silva","NEON_D07_MLBS_DP1_537000_4142000_classified_point_cloud.laz","2018_MLBS_3_537000_4142000_image.tif","Tree",1,537000,537999.999,4142000,4142999.999
"3756",3756,537486.5,537495.472,4142083.531,4142091.32,"Silva","NEON_D07_MLBS_DP1_537000_4142000_classified_point_cloud.laz","2018_MLBS_3_537000_4142000_image.tif","Tree",1,537000,537999.999,4142000,4142999.999
"3757",3757,537488.11,537497.479,4142115.529,4142124.996,"Silva","NEON_D07_MLBS_DP1_537000_4142000_classified_point_cloud.laz","2018_MLBS_3_537000_4142000_image.tif","Tree",1,537000,537999.999,4142000,4142999.999
"3758",3758,537382.569,537395.479,4142150.033,4142160.333,"Silva","NEON_D07_MLBS_DP1_537000_4142000_classified_point_cloud.laz","2018_MLBS_3_537000_4142000_image.tif","Tree",1,537000,537999.999,4142000,4142999.999
"3759",3759,537386.556,537394.976,4142160.006,4142169.464,"Silva","NEON_D07_MLBS_DP1_537000_4142000_classified_point_cloud.laz","2018_MLBS_3_537000_4142000_image.tif","Tree",1,537000,537999.999,4142000,4142999.999
"3760",3760,537359.08,537365.478,4142166.557,4142175.495,"Silva","NEON_D07_MLBS_DP1_537000_4142000_classified_point_cloud.laz","2018_MLBS_3_537000_4142000_image.tif","Tree",1,537000,537999.999,4142000,4142999.999
"3761",3761,537395.781,537403.279,4142167.32,4142175.491,"Silva","NEON_D07_MLBS_DP1_537000_4142000_classified_point_cloud.laz","2018_MLBS_3_537000_4142000_image.tif","Tree",1,537000,537999.999,4142000,4142999.999
"3762",3762,537402.527,537410.496,4142169.519,4142178.625,"Silva","NEON_D07_MLBS_DP1_537000_4142000_classified_point_cloud.laz","2018_MLBS_3_537000_4142000_image.tif","Tree",1,537000,537999.999,4142000,4142999.999
"3763",3763,537374.007,537380.498,4142172.551,4142178.974,"Silva","NEON_D07_MLBS_DP1_537000_4142000_classified_point_cloud.laz","2018_MLBS_3_537000_4142000_image.tif","Tree",1,537000,537999.999,4142000,4142999.999
"3764",3764,537392.691,537403.492,4142173.118,4142181.828,"Silva","NEON_D07_MLBS_DP1_537000_4142000_classified_point_cloud.laz","2018_MLBS_3_537000_4142000_image.tif","Tree",1,537000,537999.999,4142000,4142999.999
"3765",3765,537380.005,537391.987,4142191.295,4142199.365,"Silva","NEON_D07_MLBS_DP1_537000_4142000_classified_point_cloud.laz","2018_MLBS_3_537000_4142000_image.tif","Tree",1,537000,537999.999,4142000,4142999.999
"3766",3766,537400.545,537411.186,4142189.627,4142196.993,"Silva","NEON_D07_MLBS_DP1_537000_4142000_classified_point_cloud.laz","2018_MLBS_3_537000_4142000_image.tif","Tree",1,537000,537999.999,4142000,4142999.999
"3767",3767,537370.051,537380.499,4142192.579,4142201.998,"Silva","NEON_D07_MLBS_DP1_537000_4142000_classified_point_cloud.laz","2018_MLBS_3_537000_4142000_image.tif","Tree",1,537000,537999.999,4142000,4142999.999
"3768",3768,537401.08,537408.341,4142196.027,4142202.969,"Silva","NEON_D07_MLBS_DP1_537000_4142000_classified_point_cloud.laz","2018_MLBS_3_537000_4142000_image.tif","Tree",1,537000,537999.999,4142000,4142999.999
"3769",3769,537412.505,537417.996,4142196.002,4142200.948,"Silva","NEON_D07_MLBS_DP1_537000_4142000_classified_point_cloud.laz","2018_MLBS_3_537000_4142000_image.tif","Tree",1,537000,537999.999,4142000,4142999.999
"3770",3770,537391.502,537398.492,4142202.178,4142207.949,"Silva","NEON_D07_MLBS_DP1_537000_4142000_classified_point_cloud.laz","2018_MLBS_3_537000_4142000_image.tif","Tree",1,537000,537999.999,4142000,4142999.999
"3771",3771,537380.299,537387.448,4142203.065,4142210.477,"Silva","NEON_D07_MLBS_DP1_537000_4142000_classified_point_cloud.laz","2018_MLBS_3_537000_4142000_image.tif","Tree",1,537000,537999.999,4142000,4142999.999
"3772",3772,537402.5,537410.406,4142202.502,4142211.485,"Silva","NEON_D07_MLBS_DP1_537000_4142000_classified_point_cloud.laz","2018_MLBS_3_537000_4142000_image.tif","Tree",1,537000,537999.999,4142000,4142999.999
"3773",3773,537397.504,537404.482,4142202.592,4142214.4,"Silva","NEON_D07_MLBS_DP1_537000_4142000_classified_point_cloud.laz","2018_MLBS_3_537000_4142000_image.tif","Tree",1,537000,537999.999,4142000,4142999.999
"3774",3774,537359.046,537367.998,4142208.08,4142216.961,"Silva","NEON_D07_MLBS_DP1_537000_4142000_classified_point_cloud.laz","2018_MLBS_3_537000_4142000_image.tif","Tree",1,537000,537999.999,4142000,4142999.999
"3775",3775,537368.009,537373.783,4142208.026,4142216.959,"Silva","NEON_D07_MLBS_DP1_537000_4142000_classified_point_cloud.laz","2018_MLBS_3_537000_4142000_image.tif","Tree",1,537000,537999.999,4142000,4142999.999
"3776",3776,537378.043,537384.417,4142208.529,4142214.961,"Silva","NEON_D07_MLBS_DP1_537000_4142000_classified_point_cloud.laz","2018_MLBS_3_537000_4142000_image.tif","Tree",1,537000,537999.999,4142000,4142999.999
"3777",3777,537384.01,537390.496,4142209.01,4142216.43,"Silva","NEON_D07_MLBS_DP1_537000_4142000_classified_point_cloud.laz","2018_MLBS_3_537000_4142000_image.tif","Tree",1,537000,537999.999,4142000,4142999.999
"3778",3778,537400.059,537410.478,4142211.062,4142219.472,"Silva","NEON_D07_MLBS_DP1_537000_4142000_classified_point_cloud.laz","2018_MLBS_3_537000_4142000_image.tif","Tree",1,537000,537999.999,4142000,4142999.999
"3779",3779,537472.523,537483.425,4142159.567,4142172.134,"Silva","NEON_D07_MLBS_DP1_537000_4142000_classified_point_cloud.laz","2018_MLBS_3_537000_4142000_image.tif","Tree",1,537000,537999.999,4142000,4142999.999
"3780",3780,537459.512,537470.386,4142170.045,4142179.181,"Silva","NEON_D07_MLBS_DP1_537000_4142000_classified_point_cloud.laz","2018_MLBS_3_537000_4142000_image.tif","Tree",1,537000,537999.999,4142000,4142999.999
"3781",3781,537427.029,537437.992,4142197.657,4142206.996,"Silva","NEON_D07_MLBS_DP1_537000_4142000_classified_point_cloud.laz","2018_MLBS_3_537000_4142000_image.tif","Tree",1,537000,537999.999,4142000,4142999.999
"3782",3782,537465.582,537472.469,4142204.545,4142209.995,"Silva","NEON_D07_MLBS_DP1_537000_4142000_classified_point_cloud.laz","2018_MLBS_3_537000_4142000_image.tif","Tree",1,537000,537999.999,4142000,4142999.999
"3783",3783,537437.5,537443.99,4142205.511,4142214.948,"Silva","NEON_D07_MLBS_DP1_537000_4142000_classified_point_cloud.laz","2018_MLBS_3_537000_4142000_image.tif","Tree",1,537000,537999.999,4142000,4142999.999
"3784",3784,537472.016,537479.902,4142216.011,4142221.491,"Silva","NEON_D07_MLBS_DP1_537000_4142000_classified_point_cloud.laz","2018_MLBS_3_537000_4142000_image.tif","Tree",1,537000,537999.999,4142000,4142999.999
"3785",3785,537357.594,537364.434,4142212.06,4142221.488,"Silva","NEON_D07_MLBS_DP1_537000_4142000_classified_point_cloud.laz","2018_MLBS_3_537000_4142000_image.tif","Tree",1,537000,537999.999,4142000,4142999.999
"3786",3786,537371.502,537378.218,4142217.002,4142222.469,"Silva","NEON_D07_MLBS_DP1_537000_4142000_classified_point_cloud.laz","2018_MLBS_3_537000_4142000_image.tif","Tree",1,537000,537999.999,4142000,4142999.999
"3787",3787,537378.068,537384.337,4142220.012,4142223.499,"Silva","NEON_D07_MLBS_DP1_537000_4142000_classified_point_cloud.laz","2018_MLBS_3_537000_4142000_image.tif","Tree",1,537000,537999.999,4142000,4142999.999
"3788",3788,537390.015,537397.925,4142219.808,4142225.998,"Silva","NEON_D07_MLBS_DP1_537000_4142000_classified_point_cloud.laz","2018_MLBS_3_537000_4142000_image.tif","Tree",1,537000,537999.999,4142000,4142999.999
"3789",3789,537363.004,537371.463,4142223.009,4142228.973,"Silva","NEON_D07_MLBS_DP1_537000_4142000_classified_point_cloud.laz","2018_MLBS_3_537000_4142000_image.tif","Tree",1,537000,537999.999,4142000,4142999.999
"3790",3790,537364.621,537373.489,4142226.534,4142231,"Silva","NEON_D07_MLBS_DP1_537000_4142000_classified_point_cloud.laz","2018_MLBS_3_537000_4142000_image.tif","Tree",1,537000,537999.999,4142000,4142999.999
"3791",3791,537409.01,537415.486,4142221.027,4142230.453,"Silva","NEON_D07_MLBS_DP1_537000_4142000_classified_point_cloud.laz","2018_MLBS_3_537000_4142000_image.tif","Tree",1,537000,537999.999,4142000,4142999.999
"3792",3792,537401.004,537407.403,4142224.013,4142231.349,"Silva","NEON_D07_MLBS_DP1_537000_4142000_classified_point_cloud.laz","2018_MLBS_3_537000_4142000_image.tif","Tree",1,537000,537999.999,4142000,4142999.999
"3793",3793,537373.553,537380.455,4142227.001,4142232.405,"Silva","NEON_D07_MLBS_DP1_537000_4142000_classified_point_cloud.laz","2018_MLBS_3_537000_4142000_image.tif","Tree",1,537000,537999.999,4142000,4142999.999
"3794",3794,537357.035,537365.481,4142227.609,4142236.321,"Silva","NEON_D07_MLBS_DP1_537000_4142000_classified_point_cloud.laz","2018_MLBS_3_537000_4142000_image.tif","Tree",1,537000,537999.999,4142000,4142999.999
"3795",3795,537397.529,537404.464,4142224.539,4142232.892,"Silva","NEON_D07_MLBS_DP1_537000_4142000_classified_point_cloud.laz","2018_MLBS_3_537000_4142000_image.tif","Tree",1,537000,537999.999,4142000,4142999.999
"3796",3796,537382.012,537386.988,4142229.008,4142234.472,"Silva","NEON_D07_MLBS_DP1_537000_4142000_classified_point_cloud.laz","2018_MLBS_3_537000_4142000_image.tif","Tree",1,537000,537999.999,4142000,4142999.999
"3797",3797,537386.541,537391.845,4142229.519,4142234.46,"Silva","NEON_D07_MLBS_DP1_537000_4142000_classified_point_cloud.laz","2018_MLBS_3_537000_4142000_image.tif","Tree",1,537000,537999.999,4142000,4142999.999
"3798",3798,537374.563,537380.49,4142232.543,4142239.451,"Silva","NEON_D07_MLBS_DP1_537000_4142000_classified_point_cloud.laz","2018_MLBS_3_537000_4142000_image.tif","Tree",1,537000,537999.999,4142000,4142999.999
"3799",3799,537368.531,537374.975,4142234.004,4142239.93,"Silva","NEON_D07_MLBS_DP1_537000_4142000_classified_point_cloud.laz","2018_MLBS_3_537000_4142000_image.tif","Tree",1,537000,537999.999,4142000,4142999.999
"3800",3800,537391.005,537396.495,4142277.03,4142287.957,"Silva","NEON_D07_MLBS_DP1_537000_4142000_classified_point_cloud.laz","2018_MLBS_3_537000_4142000_image.tif","Tree",1,537000,537999.999,4142000,4142999.999
"3801",3801,537396.036,537403.994,4142272.527,4142280.933,"Silva","NEON_D07_MLBS_DP1_537000_4142000_classified_point_cloud.laz","2018_MLBS_3_537000_4142000_image.tif","Tree",1,537000,537999.999,4142000,4142999.999
"3802",3802,537376.511,537388.986,4142267.067,4142278.5,"Silva","NEON_D07_MLBS_DP1_537000_4142000_classified_point_cloud.laz","2018_MLBS_3_537000_4142000_image.tif","Tree",1,537000,537999.999,4142000,4142999.999
"3803",3803,537393.506,537401.941,4142264.504,4142275.475,"Silva","NEON_D07_MLBS_DP1_537000_4142000_classified_point_cloud.laz","2018_MLBS_3_537000_4142000_image.tif","Tree",1,537000,537999.999,4142000,4142999.999
"3804",3804,537399.514,537406.49,4142264.014,4142272.93,"Silva","NEON_D07_MLBS_DP1_537000_4142000_classified_point_cloud.laz","2018_MLBS_3_537000_4142000_image.tif","Tree",1,537000,537999.999,4142000,4142999.999
"3805",3805,537406.009,537411.997,4142266.501,4142273.5,"Silva","NEON_D07_MLBS_DP1_537000_4142000_classified_point_cloud.laz","2018_MLBS_3_537000_4142000_image.tif","Tree",1,537000,537999.999,4142000,4142999.999
"3806",3806,537366.509,537376.472,4142265.021,4142277.977,"Silva","NEON_D07_MLBS_DP1_537000_4142000_classified_point_cloud.laz","2018_MLBS_3_537000_4142000_image.tif","Tree",1,537000,537999.999,4142000,4142999.999
"3807",3807,537369.505,537384.291,4142253.523,4142261.999,"Silva","NEON_D07_MLBS_DP1_537000_4142000_classified_point_cloud.laz","2018_MLBS_3_537000_4142000_image.tif","Tree",1,537000,537999.999,4142000,4142999.999
"3808",3808,537418.04,537426.862,4142248.506,4142253.934,"Silva","NEON_D07_MLBS_DP1_537000_4142000_classified_point_cloud.laz","2018_MLBS_3_537000_4142000_image.tif","Tree",1,537000,537999.999,4142000,4142999.999
"3809",3809,537389.008,537398.964,4142251.003,4142255.465,"Silva","NEON_D07_MLBS_DP1_537000_4142000_classified_point_cloud.laz","2018_MLBS_3_537000_4142000_image.tif","Tree",1,537000,537999.999,4142000,4142999.999
"3810",3810,537396.503,537402.996,4142246.316,4142253.984,"Silva","NEON_D07_MLBS_DP1_537000_4142000_classified_point_cloud.laz","2018_MLBS_3_537000_4142000_image.tif","Tree",1,537000,537999.999,4142000,4142999.999
"3811",3811,537380.014,537389.993,4142244.509,4142256.98,"Silva","NEON_D07_MLBS_DP1_537000_4142000_classified_point_cloud.laz","2018_MLBS_3_537000_4142000_image.tif","Tree",1,537000,537999.999,4142000,4142999.999
"3812",3812,537357.005,537364.978,4142247.328,4142253.5,"Silva","NEON_D07_MLBS_DP1_537000_4142000_classified_point_cloud.laz","2018_MLBS_3_537000_4142000_image.tif","Tree",1,537000,537999.999,4142000,4142999.999
"3813",3813,537386.015,537392.945,4142242.014,4142248.881,"Silva","NEON_D07_MLBS_DP1_537000_4142000_classified_point_cloud.laz","2018_MLBS_3_537000_4142000_image.tif","Tree",1,537000,537999.999,4142000,4142999.999
"3814",3814,537360.003,537364.496,4142241.07,4142247.482,"Silva","NEON_D07_MLBS_DP1_537000_4142000_classified_point_cloud.laz","2018_MLBS_3_537000_4142000_image.tif","Tree",1,537000,537999.999,4142000,4142999.999
"3815",3815,537372,537377.994,4142238.794,4142246.95,"Silva","NEON_D07_MLBS_DP1_537000_4142000_classified_point_cloud.laz","2018_MLBS_3_537000_4142000_image.tif","Tree",1,537000,537999.999,4142000,4142999.999
"3816",3816,537377.116,537384.486,4142238.06,4142247.491,"Silva","NEON_D07_MLBS_DP1_537000_4142000_classified_point_cloud.laz","2018_MLBS_3_537000_4142000_image.tif","Tree",1,537000,537999.999,4142000,4142999.999
"3817",3817,537383.502,537388.488,4142238.106,4142244.411,"Silva","NEON_D07_MLBS_DP1_537000_4142000_classified_point_cloud.laz","2018_MLBS_3_537000_4142000_image.tif","Tree",1,537000,537999.999,4142000,4142999.999
"3818",3818,537388.022,537394.497,4142238.012,4142242.483,"Silva","NEON_D07_MLBS_DP1_537000_4142000_classified_point_cloud.laz","2018_MLBS_3_537000_4142000_image.tif","Tree",1,537000,537999.999,4142000,4142999.999
"3819",3819,537355.014,537362.981,4142239.017,4142244,"Silva","NEON_D07_MLBS_DP1_537000_4142000_classified_point_cloud.laz","2018_MLBS_3_537000_4142000_image.tif","Tree",1,537000,537999.999,4142000,4142999.999
"3820",3820,537400.5,537406.89,4142231.555,4142239.367,"Silva","NEON_D07_MLBS_DP1_537000_4142000_classified_point_cloud.laz","2018_MLBS_3_537000_4142000_image.tif","Tree",1,537000,537999.999,4142000,4142999.999
"3821",3821,537387.512,537393.934,4142234.045,4142238.495,"Silva","NEON_D07_MLBS_DP1_537000_4142000_classified_point_cloud.laz","2018_MLBS_3_537000_4142000_image.tif","Tree",1,537000,537999.999,4142000,4142999.999
"3822",3822,537437.509,537443.93,4142217.542,4142221.999,"Silva","NEON_D07_MLBS_DP1_537000_4142000_classified_point_cloud.laz","2018_MLBS_3_537000_4142000_image.tif","Tree",1,537000,537999.999,4142000,4142999.999
"3823",3823,537467.063,537477.59,4142272.032,4142278.946,"Silva","NEON_D07_MLBS_DP1_537000_4142000_classified_point_cloud.laz","2018_MLBS_3_537000_4142000_image.tif","Tree",1,537000,537999.999,4142000,4142999.999
"3824",3824,537480.049,537487.983,4142267.528,4142277.494,"Silva","NEON_D07_MLBS_DP1_537000_4142000_classified_point_cloud.laz","2018_MLBS_3_537000_4142000_image.tif","Tree",1,537000,537999.999,4142000,4142999.999
"3825",3825,537470.081,537481.446,4142263.558,4142273.985,"Silva","NEON_D07_MLBS_DP1_537000_4142000_classified_point_cloud.laz","2018_MLBS_3_537000_4142000_image.tif","Tree",1,537000,537999.999,4142000,4142999.999
"3826",3826,537428.018,537439.469,4142268.504,4142276.998,"Silva","NEON_D07_MLBS_DP1_537000_4142000_classified_point_cloud.laz","2018_MLBS_3_537000_4142000_image.tif","Tree",1,537000,537999.999,4142000,4142999.999
"3827",3827,537444.004,537452.997,4142262.507,4142272.484,"Silva","NEON_D07_MLBS_DP1_537000_4142000_classified_point_cloud.laz","2018_MLBS_3_537000_4142000_image.tif","Tree",1,537000,537999.999,4142000,4142999.999
"3828",3828,537478.551,537491.993,4142260.003,4142268.899,"Silva","NEON_D07_MLBS_DP1_537000_4142000_classified_point_cloud.laz","2018_MLBS_3_537000_4142000_image.tif","Tree",1,537000,537999.999,4142000,4142999.999
"3829",3829,537445.503,537453.994,4142255.503,4142263.415,"Silva","NEON_D07_MLBS_DP1_537000_4142000_classified_point_cloud.laz","2018_MLBS_3_537000_4142000_image.tif","Tree",1,537000,537999.999,4142000,4142999.999
"3830",3830,537460.535,537469.897,4142250.509,4142258.5,"Silva","NEON_D07_MLBS_DP1_537000_4142000_classified_point_cloud.laz","2018_MLBS_3_537000_4142000_image.tif","Tree",1,537000,537999.999,4142000,4142999.999
"3831",3831,537427.061,537440.468,4142248.501,4142256.339,"Silva","NEON_D07_MLBS_DP1_537000_4142000_classified_point_cloud.laz","2018_MLBS_3_537000_4142000_image.tif","Tree",1,537000,537999.999,4142000,4142999.999
"3832",3832,537471.571,537476.977,4142242.513,4142249.498,"Silva","NEON_D07_MLBS_DP1_537000_4142000_classified_point_cloud.laz","2018_MLBS_3_537000_4142000_image.tif","Tree",1,537000,537999.999,4142000,4142999.999
"3833",3833,537469.507,537477.435,4142237.028,4142244.992,"Silva","NEON_D07_MLBS_DP1_537000_4142000_classified_point_cloud.laz","2018_MLBS_3_537000_4142000_image.tif","Tree",1,537000,537999.999,4142000,4142999.999
"3834",3834,537428.556,537438.462,4142239.047,4142248.492,"Silva","NEON_D07_MLBS_DP1_537000_4142000_classified_point_cloud.laz","2018_MLBS_3_537000_4142000_image.tif","Tree",1,537000,537999.999,4142000,4142999.999
"3835",3835,537422.504,537428.999,4142242.013,4142250.441,"Silva","NEON_D07_MLBS_DP1_537000_4142000_classified_point_cloud.laz","2018_MLBS_3_537000_4142000_image.tif","Tree",1,537000,537999.999,4142000,4142999.999
"3836",3836,537460.5,537468.891,4142230.134,4142237.998,"Silva","NEON_D07_MLBS_DP1_537000_4142000_classified_point_cloud.laz","2018_MLBS_3_537000_4142000_image.tif","Tree",1,537000,537999.999,4142000,4142999.999
"3837",3837,537434.065,537443.874,4142234.319,4142238.998,"Silva","NEON_D07_MLBS_DP1_537000_4142000_classified_point_cloud.laz","2018_MLBS_3_537000_4142000_image.tif","Tree",1,537000,537999.999,4142000,4142999.999
"3838",3838,537467.521,537477.853,4142228.057,4142237.488,"Silva","NEON_D07_MLBS_DP1_537000_4142000_classified_point_cloud.laz","2018_MLBS_3_537000_4142000_image.tif","Tree",1,537000,537999.999,4142000,4142999.999
"3839",3839,537443.001,537451.433,4142229.003,4142237.437,"Silva","NEON_D07_MLBS_DP1_537000_4142000_classified_point_cloud.laz","2018_MLBS_3_537000_4142000_image.tif","Tree",1,537000,537999.999,4142000,4142999.999
"3840",3840,537435.007,537442.982,4142230.503,4142234.992,"Silva","NEON_D07_MLBS_DP1_537000_4142000_classified_point_cloud.laz","2018_MLBS_3_537000_4142000_image.tif","Tree",1,537000,537999.999,4142000,4142999.999
"3841",3841,537490.022,537500.304,4142195.098,4142202.471,"Silva","NEON_D07_MLBS_DP1_537000_4142000_classified_point_cloud.laz","2018_MLBS_3_537000_4142000_image.tif","Tree",1,537000,537999.999,4142000,4142999.999
"3842",3842,537487.511,537494.938,4142278.066,4142285.492,"Silva","NEON_D07_MLBS_DP1_537000_4142000_classified_point_cloud.laz","2018_MLBS_3_537000_4142000_image.tif","Tree",1,537000,537999.999,4142000,4142999.999
"3843",3843,537487.828,537495.983,4142273.789,4142281.98,"Silva","NEON_D07_MLBS_DP1_537000_4142000_classified_point_cloud.laz","2018_MLBS_3_537000_4142000_image.tif","Tree",1,537000,537999.999,4142000,4142999.999
"3844",3844,537494.104,537503.492,4142241.01,4142246.234,"Silva","NEON_D07_MLBS_DP1_537000_4142000_classified_point_cloud.laz","2018_MLBS_3_537000_4142000_image.tif","Tree",1,537000,537999.999,4142000,4142999.999
"3845",3845,537493.004,537499.341,4142238.77,4142241.4,"Silva","NEON_D07_MLBS_DP1_537000_4142000_classified_point_cloud.laz","2018_MLBS_3_537000_4142000_image.tif","Tree",1,537000,537999.999,4142000,4142999.999
"3846",3846,537491.578,537498.205,4142223.056,4142230.941,"Silva","NEON_D07_MLBS_DP1_537000_4142000_classified_point_cloud.laz","2018_MLBS_3_537000_4142000_image.tif","Tree",1,537000,537999.999,4142000,4142999.999
"3847",3847,537373.526,537380.99,4142284.026,4142290.488,"Silva","NEON_D07_MLBS_DP1_537000_4142000_classified_point_cloud.laz","2018_MLBS_3_537000_4142000_image.tif","Tree",1,537000,537999.999,4142000,4142999.999
"3848",3848,537402.503,537411.318,4142283.505,4142293.923,"Silva","NEON_D07_MLBS_DP1_537000_4142000_classified_point_cloud.laz","2018_MLBS_3_537000_4142000_image.tif","Tree",1,537000,537999.999,4142000,4142999.999
"3849",3849,537410.001,537418.469,4142290.002,4142295.47,"Silva","NEON_D07_MLBS_DP1_537000_4142000_classified_point_cloud.laz","2018_MLBS_3_537000_4142000_image.tif","Tree",1,537000,537999.999,4142000,4142999.999
"3850",3850,537395.641,537407.499,4142287.023,4142297.258,"Silva","NEON_D07_MLBS_DP1_537000_4142000_classified_point_cloud.laz","2018_MLBS_3_537000_4142000_image.tif","Tree",1,537000,537999.999,4142000,4142999.999
"3851",3851,537367.02,537373.988,4142294.566,4142301.418,"Silva","NEON_D07_MLBS_DP1_537000_4142000_classified_point_cloud.laz","2018_MLBS_3_537000_4142000_image.tif","Tree",1,537000,537999.999,4142000,4142999.999
"3852",3852,537383.005,537391.381,4142293.013,4142300.07,"Silva","NEON_D07_MLBS_DP1_537000_4142000_classified_point_cloud.laz","2018_MLBS_3_537000_4142000_image.tif","Tree",1,537000,537999.999,4142000,4142999.999
"3853",3853,537358.511,537367.959,4142293.046,4142303.5,"Silva","NEON_D07_MLBS_DP1_537000_4142000_classified_point_cloud.laz","2018_MLBS_3_537000_4142000_image.tif","Tree",1,537000,537999.999,4142000,4142999.999
"3854",3854,537415,537421.497,4142292.059,4142301.478,"Silva","NEON_D07_MLBS_DP1_537000_4142000_classified_point_cloud.laz","2018_MLBS_3_537000_4142000_image.tif","Tree",1,537000,537999.999,4142000,4142999.999
"3855",3855,537376.51,537382.478,4142297.001,4142302.494,"Silva","NEON_D07_MLBS_DP1_537000_4142000_classified_point_cloud.laz","2018_MLBS_3_537000_4142000_image.tif","Tree",1,537000,537999.999,4142000,4142999.999
"3856",3856,537420.644,537429.492,4142295.018,4142302.468,"Silva","NEON_D07_MLBS_DP1_537000_4142000_classified_point_cloud.laz","2018_MLBS_3_537000_4142000_image.tif","Tree",1,537000,537999.999,4142000,4142999.999
"3857",3857,537403.626,537412.488,4142295.544,4142303.942,"Silva","NEON_D07_MLBS_DP1_537000_4142000_classified_point_cloud.laz","2018_MLBS_3_537000_4142000_image.tif","Tree",1,537000,537999.999,4142000,4142999.999
"3858",3858,537371.017,537378.492,4142301.145,4142308.475,"Silva","NEON_D07_MLBS_DP1_537000_4142000_classified_point_cloud.laz","2018_MLBS_3_537000_4142000_image.tif","Tree",1,537000,537999.999,4142000,4142999.999
"3859",3859,537382.514,537388.881,4142300.001,4142305.967,"Silva","NEON_D07_MLBS_DP1_537000_4142000_classified_point_cloud.laz","2018_MLBS_3_537000_4142000_image.tif","Tree",1,537000,537999.999,4142000,4142999.999
"3860",3860,537390.01,537396.992,4142298.007,4142307.871,"Silva","NEON_D07_MLBS_DP1_537000_4142000_classified_point_cloud.laz","2018_MLBS_3_537000_4142000_image.tif","Tree",1,537000,537999.999,4142000,4142999.999
"3861",3861,537386.099,537391.478,4142300.015,4142309.991,"Silva","NEON_D07_MLBS_DP1_537000_4142000_classified_point_cloud.laz","2018_MLBS_3_537000_4142000_image.tif","Tree",1,537000,537999.999,4142000,4142999.999
"3862",3862,537397.004,537403.99,4142301.007,4142309.982,"Silva","NEON_D07_MLBS_DP1_537000_4142000_classified_point_cloud.laz","2018_MLBS_3_537000_4142000_image.tif","Tree",1,537000,537999.999,4142000,4142999.999
"3863",3863,537410.506,537418.49,4142300.092,4142309.493,"Silva","NEON_D07_MLBS_DP1_537000_4142000_classified_point_cloud.laz","2018_MLBS_3_537000_4142000_image.tif","Tree",1,537000,537999.999,4142000,4142999.999
"3864",3864,537418.012,537425.997,4142301.012,4142311.967,"Silva","NEON_D07_MLBS_DP1_537000_4142000_classified_point_cloud.laz","2018_MLBS_3_537000_4142000_image.tif","Tree",1,537000,537999.999,4142000,4142999.999
"3865",3865,537393.122,537400.481,4142307.533,4142315.473,"Silva","NEON_D07_MLBS_DP1_537000_4142000_classified_point_cloud.laz","2018_MLBS_3_537000_4142000_image.tif","Tree",1,537000,537999.999,4142000,4142999.999
"3866",3866,537400.003,537409.985,4142309.147,4142319.499,"Silva","NEON_D07_MLBS_DP1_537000_4142000_classified_point_cloud.laz","2018_MLBS_3_537000_4142000_image.tif","Tree",1,537000,537999.999,4142000,4142999.999
"3867",3867,537415.004,537427.963,4142311.512,4142321.997,"Silva","NEON_D07_MLBS_DP1_537000_4142000_classified_point_cloud.laz","2018_MLBS_3_537000_4142000_image.tif","Tree",1,537000,537999.999,4142000,4142999.999
"3868",3868,537399.006,537406.497,4142319.044,4142329.454,"Silva","NEON_D07_MLBS_DP1_537000_4142000_classified_point_cloud.laz","2018_MLBS_3_537000_4142000_image.tif","Tree",1,537000,537999.999,4142000,4142999.999
"3869",3869,537406.017,537415.489,4142318.509,4142328.296,"Silva","NEON_D07_MLBS_DP1_537000_4142000_classified_point_cloud.laz","2018_MLBS_3_537000_4142000_image.tif","Tree",1,537000,537999.999,4142000,4142999.999
"3870",3870,537415.52,537427.981,4142322.005,4142328.956,"Silva","NEON_D07_MLBS_DP1_537000_4142000_classified_point_cloud.laz","2018_MLBS_3_537000_4142000_image.tif","Tree",1,537000,537999.999,4142000,4142999.999
"3871",3871,537476.5,537485.428,4142282.008,4142291.464,"Silva","NEON_D07_MLBS_DP1_537000_4142000_classified_point_cloud.laz","2018_MLBS_3_537000_4142000_image.tif","Tree",1,537000,537999.999,4142000,4142999.999
"3872",3872,537450.012,537459.424,4142286.092,4142293.999,"Silva","NEON_D07_MLBS_DP1_537000_4142000_classified_point_cloud.laz","2018_MLBS_3_537000_4142000_image.tif","Tree",1,537000,537999.999,4142000,4142999.999
"3873",3873,537420.547,537429.487,4142290.071,4142298.964,"Silva","NEON_D07_MLBS_DP1_537000_4142000_classified_point_cloud.laz","2018_MLBS_3_537000_4142000_image.tif","Tree",1,537000,537999.999,4142000,4142999.999
"3874",3874,537480.51,537486.494,4142291.632,4142299.46,"Silva","NEON_D07_MLBS_DP1_537000_4142000_classified_point_cloud.laz","2018_MLBS_3_537000_4142000_image.tif","Tree",1,537000,537999.999,4142000,4142999.999
"3875",3875,537474.062,537484.435,4142297.005,4142303.914,"Silva","NEON_D07_MLBS_DP1_537000_4142000_classified_point_cloud.laz","2018_MLBS_3_537000_4142000_image.tif","Tree",1,537000,537999.999,4142000,4142999.999
"3876",3876,537466.001,537473.977,4142300.505,4142313.982,"Silva","NEON_D07_MLBS_DP1_537000_4142000_classified_point_cloud.laz","2018_MLBS_3_537000_4142000_image.tif","Tree",1,537000,537999.999,4142000,4142999.999
"3877",3877,537473,537479.997,4142306.058,4142311.5,"Silva","NEON_D07_MLBS_DP1_537000_4142000_classified_point_cloud.laz","2018_MLBS_3_537000_4142000_image.tif","Tree",1,537000,537999.999,4142000,4142999.999
"3878",3878,537475.507,537484.984,4142311.089,4142321.995,"Silva","NEON_D07_MLBS_DP1_537000_4142000_classified_point_cloud.laz","2018_MLBS_3_537000_4142000_image.tif","Tree",1,537000,537999.999,4142000,4142999.999
"3879",3879,537471.032,537480.494,4142320.518,4142334.473,"Silva","NEON_D07_MLBS_DP1_537000_4142000_classified_point_cloud.laz","2018_MLBS_3_537000_4142000_image.tif","Tree",1,537000,537999.999,4142000,4142999.999
"3880",3880,537480.049,537490.485,4142324.048,4142335.498,"Silva","NEON_D07_MLBS_DP1_537000_4142000_classified_point_cloud.laz","2018_MLBS_3_537000_4142000_image.tif","Tree",1,537000,537999.999,4142000,4142999.999
"3881",3881,537482.018,537491.939,4142344.528,4142351.976,"Silva","NEON_D07_MLBS_DP1_537000_4142000_classified_point_cloud.laz","2018_MLBS_3_537000_4142000_image.tif","Tree",1,537000,537999.999,4142000,4142999.999
"3882",3882,537483.001,537492.489,4142328.008,4142337.495,"Silva","NEON_D07_MLBS_DP1_537000_4142000_classified_point_cloud.laz","2018_MLBS_3_537000_4142000_image.tif","Tree",1,537000,537999.999,4142000,4142999.999
"3883",3883,537430.066,537440.975,4142331.532,4142339.494,"Silva","NEON_D07_MLBS_DP1_537000_4142000_classified_point_cloud.laz","2018_MLBS_3_537000_4142000_image.tif","Tree",1,537000,537999.999,4142000,4142999.999
"3884",3884,537472.602,537482.989,4142326.509,4142338,"Silva","NEON_D07_MLBS_DP1_537000_4142000_classified_point_cloud.laz","2018_MLBS_3_537000_4142000_image.tif","Tree",1,537000,537999.999,4142000,4142999.999
"3885",3885,537483.5,537493.995,4142358.559,4142364.995,"Silva","NEON_D07_MLBS_DP1_537000_4142000_classified_point_cloud.laz","2018_MLBS_3_537000_4142000_image.tif","Tree",1,537000,537999.999,4142000,4142999.999
"3886",3886,537477.014,537482.825,4142347.567,4142354.97,"Silva","NEON_D07_MLBS_DP1_537000_4142000_classified_point_cloud.laz","2018_MLBS_3_537000_4142000_image.tif","Tree",1,537000,537999.999,4142000,4142999.999
"3887",3887,537489.011,537498.941,4142282.064,4142290.995,"Silva","NEON_D07_MLBS_DP1_537000_4142000_classified_point_cloud.laz","2018_MLBS_3_537000_4142000_image.tif","Tree",1,537000,537999.999,4142000,4142999.999
"3888",3888,537488.515,537495.464,4142297.504,4142300.991,"Silva","NEON_D07_MLBS_DP1_537000_4142000_classified_point_cloud.laz","2018_MLBS_3_537000_4142000_image.tif","Tree",1,537000,537999.999,4142000,4142999.999
"3889",3889,537495.119,537503.469,4142309.02,4142318.996,"Silva","NEON_D07_MLBS_DP1_537000_4142000_classified_point_cloud.laz","2018_MLBS_3_537000_4142000_image.tif","Tree",1,537000,537999.999,4142000,4142999.999
"3890",3890,537490.374,537497.994,4142336.082,4142342.499,"Silva","NEON_D07_MLBS_DP1_537000_4142000_classified_point_cloud.laz","2018_MLBS_3_537000_4142000_image.tif","Tree",1,537000,537999.999,4142000,4142999.999
"3891",3891,537494.021,537504.936,4142340.568,4142354.483,"Silva","NEON_D07_MLBS_DP1_537000_4142000_classified_point_cloud.laz","2018_MLBS_3_537000_4142000_image.tif","Tree",1,537000,537999.999,4142000,4142999.999
"3892",3892,537486.502,537499.44,4142371.557,4142383.99,"Silva","NEON_D07_MLBS_DP1_537000_4142000_classified_point_cloud.laz","2018_MLBS_3_537000_4142000_image.tif","Tree",1,537000,537999.999,4142000,4142999.999
"3893",3893,537485.068,537496.992,4142351.516,4142361.64,"Silva","NEON_D07_MLBS_DP1_537000_4142000_classified_point_cloud.laz","2018_MLBS_3_537000_4142000_image.tif","Tree",1,537000,537999.999,4142000,4142999.999
"3894",3894,537378.015,537385.989,4142311.595,4142321.346,"Silva","NEON_D07_MLBS_DP1_537000_4142000_classified_point_cloud.laz","2018_MLBS_3_537000_4142000_image.tif","Tree",1,537000,537999.999,4142000,4142999.999
"3895",3895,537370.529,537381.96,4142307.579,4142314.918,"Silva","NEON_D07_MLBS_DP1_537000_4142000_classified_point_cloud.laz","2018_MLBS_3_537000_4142000_image.tif","Tree",1,537000,537999.999,4142000,4142999.999
"3896",3896,537356.515,537361.958,4142323.517,4142328.984,"Silva","NEON_D07_MLBS_DP1_537000_4142000_classified_point_cloud.laz","2018_MLBS_3_537000_4142000_image.tif","Tree",1,537000,537999.999,4142000,4142999.999
"3897",3897,537368.505,537375.493,4142321.009,4142328.987,"Silva","NEON_D07_MLBS_DP1_537000_4142000_classified_point_cloud.laz","2018_MLBS_3_537000_4142000_image.tif","Tree",1,537000,537999.999,4142000,4142999.999
"3898",3898,537364.004,537370.436,4142321.511,4142330.999,"Silva","NEON_D07_MLBS_DP1_537000_4142000_classified_point_cloud.laz","2018_MLBS_3_537000_4142000_image.tif","Tree",1,537000,537999.999,4142000,4142999.999
"3899",3899,537356.58,537363.446,4142329.002,4142333.964,"Silva","NEON_D07_MLBS_DP1_537000_4142000_classified_point_cloud.laz","2018_MLBS_3_537000_4142000_image.tif","Tree",1,537000,537999.999,4142000,4142999.999
"3900",3900,537356.509,537360.475,4142331.035,4142338.47,"Silva","NEON_D07_MLBS_DP1_537000_4142000_classified_point_cloud.laz","2018_MLBS_3_537000_4142000_image.tif","Tree",1,537000,537999.999,4142000,4142999.999
"3901",3901,537376.05,537383.964,4142332.501,4142340.495,"Silva","NEON_D07_MLBS_DP1_537000_4142000_classified_point_cloud.laz","2018_MLBS_3_537000_4142000_image.tif","Tree",1,537000,537999.999,4142000,4142999.999
"3902",3902,537364.567,537372.492,4142337.654,4142343.858,"Silva","NEON_D07_MLBS_DP1_537000_4142000_classified_point_cloud.laz","2018_MLBS_3_537000_4142000_image.tif","Tree",1,537000,537999.999,4142000,4142999.999
"3903",3903,537406.051,537420.42,4142335.057,4142344,"Silva","NEON_D07_MLBS_DP1_537000_4142000_classified_point_cloud.laz","2018_MLBS_3_537000_4142000_image.tif","Tree",1,537000,537999.999,4142000,4142999.999
"3904",3904,537358.013,537364.982,4142340.048,4142347.925,"Silva","NEON_D07_MLBS_DP1_537000_4142000_classified_point_cloud.laz","2018_MLBS_3_537000_4142000_image.tif","Tree",1,537000,537999.999,4142000,4142999.999
"3905",3905,537388.532,537396.466,4142338.53,4142346,"Silva","NEON_D07_MLBS_DP1_537000_4142000_classified_point_cloud.laz","2018_MLBS_3_537000_4142000_image.tif","Tree",1,537000,537999.999,4142000,4142999.999
"3906",3906,537404.05,537414.462,4142337.022,4142347.496,"Silva","NEON_D07_MLBS_DP1_537000_4142000_classified_point_cloud.laz","2018_MLBS_3_537000_4142000_image.tif","Tree",1,537000,537999.999,4142000,4142999.999
"3907",3907,537384.507,537390.453,4142340.005,4142349.325,"Silva","NEON_D07_MLBS_DP1_537000_4142000_classified_point_cloud.laz","2018_MLBS_3_537000_4142000_image.tif","Tree",1,537000,537999.999,4142000,4142999.999
"3908",3908,537396.007,537405.496,4142339.016,4142348.499,"Silva","NEON_D07_MLBS_DP1_537000_4142000_classified_point_cloud.laz","2018_MLBS_3_537000_4142000_image.tif","Tree",1,537000,537999.999,4142000,4142999.999
"3909",3909,537416.075,537425.996,4142337.016,4142348.351,"Silva","NEON_D07_MLBS_DP1_537000_4142000_classified_point_cloud.laz","2018_MLBS_3_537000_4142000_image.tif","Tree",1,537000,537999.999,4142000,4142999.999
"3910",3910,537461.507,537470.981,4142340.002,4142347.966,"Silva","NEON_D07_MLBS_DP1_537000_4142000_classified_point_cloud.laz","2018_MLBS_3_537000_4142000_image.tif","Tree",1,537000,537999.999,4142000,4142999.999
"3911",3911,537416.625,537422.986,4142347.017,4142353.901,"Silva","NEON_D07_MLBS_DP1_537000_4142000_classified_point_cloud.laz","2018_MLBS_3_537000_4142000_image.tif","Tree",1,537000,537999.999,4142000,4142999.999
"3912",3912,537412.006,537418.461,4142351.036,4142358.49,"Silva","NEON_D07_MLBS_DP1_537000_4142000_classified_point_cloud.laz","2018_MLBS_3_537000_4142000_image.tif","Tree",1,537000,537999.999,4142000,4142999.999
"3913",3913,537357.522,537366.295,4142352.556,4142358.992,"Silva","NEON_D07_MLBS_DP1_537000_4142000_classified_point_cloud.laz","2018_MLBS_3_537000_4142000_image.tif","Tree",1,537000,537999.999,4142000,4142999.999
"3914",3914,537402.027,537412.392,4142380.076,4142389.996,"Silva","NEON_D07_MLBS_DP1_537000_4142000_classified_point_cloud.laz","2018_MLBS_3_537000_4142000_image.tif","Tree",1,537000,537999.999,4142000,4142999.999
"3915",3915,537381.024,537391.485,4142384.52,4142397.992,"Silva","NEON_D07_MLBS_DP1_537000_4142000_classified_point_cloud.laz","2018_MLBS_3_537000_4142000_image.tif","Tree",1,537000,537999.999,4142000,4142999.999
"3916",3916,537375.073,537385.427,4142391.008,4142401.448,"Silva","NEON_D07_MLBS_DP1_537000_4142000_classified_point_cloud.laz","2018_MLBS_3_537000_4142000_image.tif","Tree",1,537000,537999.999,4142000,4142999.999
"3917",3917,537406.511,537415.478,4142392.532,4142401.486,"Silva","NEON_D07_MLBS_DP1_537000_4142000_classified_point_cloud.laz","2018_MLBS_3_537000_4142000_image.tif","Tree",1,537000,537999.999,4142000,4142999.999
"3918",3918,537402.038,537411.498,4142397.532,4142406.498,"Silva","NEON_D07_MLBS_DP1_537000_4142000_classified_point_cloud.laz","2018_MLBS_3_537000_4142000_image.tif","Tree",1,537000,537999.999,4142000,4142999.999
"3919",3919,537381.189,537391.392,4142405.004,4142413.494,"Silva","NEON_D07_MLBS_DP1_537000_4142000_classified_point_cloud.laz","2018_MLBS_3_537000_4142000_image.tif","Tree",1,537000,537999.999,4142000,4142999.999
"3920",3920,537391.583,537399.955,4142406.073,4142411.922,"Silva","NEON_D07_MLBS_DP1_537000_4142000_classified_point_cloud.laz","2018_MLBS_3_537000_4142000_image.tif","Tree",1,537000,537999.999,4142000,4142999.999
"3921",3921,537353.501,537363.957,4142403.019,4142413.405,"Silva","NEON_D07_MLBS_DP1_537000_4142000_classified_point_cloud.laz","2018_MLBS_3_537000_4142000_image.tif","Tree",1,537000,537999.999,4142000,4142999.999
"3922",3922,537399.508,537407.497,4142404.709,4142412.489,"Silva","NEON_D07_MLBS_DP1_537000_4142000_classified_point_cloud.laz","2018_MLBS_3_537000_4142000_image.tif","Tree",1,537000,537999.999,4142000,4142999.999
"3923",3923,537415.073,537424.435,4142410.055,4142417.486,"Silva","NEON_D07_MLBS_DP1_537000_4142000_classified_point_cloud.laz","2018_MLBS_3_537000_4142000_image.tif","Tree",1,537000,537999.999,4142000,4142999.999
"3924",3924,537379.61,537389.403,4142409.562,4142420.453,"Silva","NEON_D07_MLBS_DP1_537000_4142000_classified_point_cloud.laz","2018_MLBS_3_537000_4142000_image.tif","Tree",1,537000,537999.999,4142000,4142999.999
"3925",3925,537400.576,537408.499,4142408.56,4142415.472,"Silva","NEON_D07_MLBS_DP1_537000_4142000_classified_point_cloud.laz","2018_MLBS_3_537000_4142000_image.tif","Tree",1,537000,537999.999,4142000,4142999.999
"3926",3926,537363.032,537370.484,4142407.026,4142415.932,"Silva","NEON_D07_MLBS_DP1_537000_4142000_classified_point_cloud.laz","2018_MLBS_3_537000_4142000_image.tif","Tree",1,537000,537999.999,4142000,4142999.999
"3927",3927,537397.587,537410.495,4142372.513,4142381.995,"Silva","NEON_D07_MLBS_DP1_537000_4142000_classified_point_cloud.laz","2018_MLBS_3_537000_4142000_image.tif","Tree",1,537000,537999.999,4142000,4142999.999
"3928",3928,537385.034,537391.944,4142369.05,4142378.412,"Silva","NEON_D07_MLBS_DP1_537000_4142000_classified_point_cloud.laz","2018_MLBS_3_537000_4142000_image.tif","Tree",1,537000,537999.999,4142000,4142999.999
"3929",3929,537378.656,537385.495,4142371.007,4142378.937,"Silva","NEON_D07_MLBS_DP1_537000_4142000_classified_point_cloud.laz","2018_MLBS_3_537000_4142000_image.tif","Tree",1,537000,537999.999,4142000,4142999.999
"3930",3930,537380.032,537389.355,4142363.704,4142371.456,"Silva","NEON_D07_MLBS_DP1_537000_4142000_classified_point_cloud.laz","2018_MLBS_3_537000_4142000_image.tif","Tree",1,537000,537999.999,4142000,4142999.999
"3931",3931,537353.665,537368.813,4142359.016,4142367.484,"Silva","NEON_D07_MLBS_DP1_537000_4142000_classified_point_cloud.laz","2018_MLBS_3_537000_4142000_image.tif","Tree",1,537000,537999.999,4142000,4142999.999
"3932",3932,537401.102,537410.313,4142354.58,4142363.735,"Silva","NEON_D07_MLBS_DP1_537000_4142000_classified_point_cloud.laz","2018_MLBS_3_537000_4142000_image.tif","Tree",1,537000,537999.999,4142000,4142999.999
"3933",3933,537396.579,537403.229,4142355.012,4142362.327,"Silva","NEON_D07_MLBS_DP1_537000_4142000_classified_point_cloud.laz","2018_MLBS_3_537000_4142000_image.tif","Tree",1,537000,537999.999,4142000,4142999.999
"3934",3934,537417.504,537426.972,4142352.502,4142360.475,"Silva","NEON_D07_MLBS_DP1_537000_4142000_classified_point_cloud.laz","2018_MLBS_3_537000_4142000_image.tif","Tree",1,537000,537999.999,4142000,4142999.999
"3935",3935,537472.076,537481.452,4142380.506,4142390,"Silva","NEON_D07_MLBS_DP1_537000_4142000_classified_point_cloud.laz","2018_MLBS_3_537000_4142000_image.tif","Tree",1,537000,537999.999,4142000,4142999.999
"3936",3936,537464.588,537472.464,4142382.054,4142388.998,"Silva","NEON_D07_MLBS_DP1_537000_4142000_classified_point_cloud.laz","2018_MLBS_3_537000_4142000_image.tif","Tree",1,537000,537999.999,4142000,4142999.999
"3937",3937,537431.006,537438.491,4142381.02,4142392.984,"Silva","NEON_D07_MLBS_DP1_537000_4142000_classified_point_cloud.laz","2018_MLBS_3_537000_4142000_image.tif","Tree",1,537000,537999.999,4142000,4142999.999
"3938",3938,537480.525,537489.879,4142381.131,4142391.479,"Silva","NEON_D07_MLBS_DP1_537000_4142000_classified_point_cloud.laz","2018_MLBS_3_537000_4142000_image.tif","Tree",1,537000,537999.999,4142000,4142999.999
"3939",3939,537433.507,537441.438,4142384.635,4142393.496,"Silva","NEON_D07_MLBS_DP1_537000_4142000_classified_point_cloud.laz","2018_MLBS_3_537000_4142000_image.tif","Tree",1,537000,537999.999,4142000,4142999.999
"3940",3940,537462.569,537469.401,4142388.016,4142396.499,"Silva","NEON_D07_MLBS_DP1_537000_4142000_classified_point_cloud.laz","2018_MLBS_3_537000_4142000_image.tif","Tree",1,537000,537999.999,4142000,4142999.999
"3941",3941,537484.012,537493.563,4142390.008,4142398.49,"Silva","NEON_D07_MLBS_DP1_537000_4142000_classified_point_cloud.laz","2018_MLBS_3_537000_4142000_image.tif","Tree",1,537000,537999.999,4142000,4142999.999
"3942",3942,537474.175,537483.982,4142388.005,4142397.907,"Silva","NEON_D07_MLBS_DP1_537000_4142000_classified_point_cloud.laz","2018_MLBS_3_537000_4142000_image.tif","Tree",1,537000,537999.999,4142000,4142999.999
"3943",3943,537443.01,537453.996,4142396.512,4142402.973,"Silva","NEON_D07_MLBS_DP1_537000_4142000_classified_point_cloud.laz","2018_MLBS_3_537000_4142000_image.tif","Tree",1,537000,537999.999,4142000,4142999.999
"3944",3944,537459.01,537467.494,4142395.769,4142404.98,"Silva","NEON_D07_MLBS_DP1_537000_4142000_classified_point_cloud.laz","2018_MLBS_3_537000_4142000_image.tif","Tree",1,537000,537999.999,4142000,4142999.999
"3945",3945,537437.021,537443.456,4142399.045,4142406.977,"Silva","NEON_D07_MLBS_DP1_537000_4142000_classified_point_cloud.laz","2018_MLBS_3_537000_4142000_image.tif","Tree",1,537000,537999.999,4142000,4142999.999
"3946",3946,537447.502,537453.463,4142401.157,4142408.493,"Silva","NEON_D07_MLBS_DP1_537000_4142000_classified_point_cloud.laz","2018_MLBS_3_537000_4142000_image.tif","Tree",1,537000,537999.999,4142000,4142999.999
"3947",3947,537442.006,537447.495,4142400.529,4142410.407,"Silva","NEON_D07_MLBS_DP1_537000_4142000_classified_point_cloud.laz","2018_MLBS_3_537000_4142000_image.tif","Tree",1,537000,537999.999,4142000,4142999.999
"3948",3948,537470.566,537483.498,4142400.703,4142411.47,"Silva","NEON_D07_MLBS_DP1_537000_4142000_classified_point_cloud.laz","2018_MLBS_3_537000_4142000_image.tif","Tree",1,537000,537999.999,4142000,4142999.999
"3949",3949,537434.001,537443.991,4142406.015,4142413.487,"Silva","NEON_D07_MLBS_DP1_537000_4142000_classified_point_cloud.laz","2018_MLBS_3_537000_4142000_image.tif","Tree",1,537000,537999.999,4142000,4142999.999
"3950",3950,537465.011,537471.994,4142404.52,4142413.941,"Silva","NEON_D07_MLBS_DP1_537000_4142000_classified_point_cloud.laz","2018_MLBS_3_537000_4142000_image.tif","Tree",1,537000,537999.999,4142000,4142999.999
"3951",3951,537447.507,537453.499,4142380.506,4142386.864,"Silva","NEON_D07_MLBS_DP1_537000_4142000_classified_point_cloud.laz","2018_MLBS_3_537000_4142000_image.tif","Tree",1,537000,537999.999,4142000,4142999.999
"3952",3952,537468.505,537476.951,4142374.508,4142384.464,"Silva","NEON_D07_MLBS_DP1_537000_4142000_classified_point_cloud.laz","2018_MLBS_3_537000_4142000_image.tif","Tree",1,537000,537999.999,4142000,4142999.999
"3953",3953,537440.503,537449.989,4142374.001,4142378.956,"Silva","NEON_D07_MLBS_DP1_537000_4142000_classified_point_cloud.laz","2018_MLBS_3_537000_4142000_image.tif","Tree",1,537000,537999.999,4142000,4142999.999
"3954",3954,537442.524,537451.944,4142361.029,4142369.499,"Silva","NEON_D07_MLBS_DP1_537000_4142000_classified_point_cloud.laz","2018_MLBS_3_537000_4142000_image.tif","Tree",1,537000,537999.999,4142000,4142999.999
"3955",3955,537473.176,537484.688,4142360.501,4142368.47,"Silva","NEON_D07_MLBS_DP1_537000_4142000_classified_point_cloud.laz","2018_MLBS_3_537000_4142000_image.tif","Tree",1,537000,537999.999,4142000,4142999.999
"3956",3956,537483.093,537496.383,4142406.662,4142416.853,"Silva","NEON_D07_MLBS_DP1_537000_4142000_classified_point_cloud.laz","2018_MLBS_3_537000_4142000_image.tif","Tree",1,537000,537999.999,4142000,4142999.999
"3957",3957,537485.756,537497.495,4142395.136,4142404.5,"Silva","NEON_D07_MLBS_DP1_537000_4142000_classified_point_cloud.laz","2018_MLBS_3_537000_4142000_image.tif","Tree",1,537000,537999.999,4142000,4142999.999
"3958",3958,537389.655,537399.465,4142410.553,4142417.46,"Silva","NEON_D07_MLBS_DP1_537000_4142000_classified_point_cloud.laz","2018_MLBS_3_537000_4142000_image.tif","Tree",1,537000,537999.999,4142000,4142999.999
"3959",3959,537396.069,537401.988,4142412.546,4142419.489,"Silva","NEON_D07_MLBS_DP1_537000_4142000_classified_point_cloud.laz","2018_MLBS_3_537000_4142000_image.tif","Tree",1,537000,537999.999,4142000,4142999.999
"3960",3960,537401.002,537408.991,4142415.041,4142423.977,"Silva","NEON_D07_MLBS_DP1_537000_4142000_classified_point_cloud.laz","2018_MLBS_3_537000_4142000_image.tif","Tree",1,537000,537999.999,4142000,4142999.999
"3961",3961,537387.52,537397.911,4142416.658,4142423.483,"Silva","NEON_D07_MLBS_DP1_537000_4142000_classified_point_cloud.laz","2018_MLBS_3_537000_4142000_image.tif","Tree",1,537000,537999.999,4142000,4142999.999
"3962",3962,537379.5,537387.48,4142420.567,4142428.487,"Silva","NEON_D07_MLBS_DP1_537000_4142000_classified_point_cloud.laz","2018_MLBS_3_537000_4142000_image.tif","Tree",1,537000,537999.999,4142000,4142999.999
"3963",3963,537385.697,537391.988,4142421.515,4142431.989,"Silva","NEON_D07_MLBS_DP1_537000_4142000_classified_point_cloud.laz","2018_MLBS_3_537000_4142000_image.tif","Tree",1,537000,537999.999,4142000,4142999.999
"3964",3964,537375.501,537380.967,4142425.523,4142432.481,"Silva","NEON_D07_MLBS_DP1_537000_4142000_classified_point_cloud.laz","2018_MLBS_3_537000_4142000_image.tif","Tree",1,537000,537999.999,4142000,4142999.999
"3965",3965,537362.008,537369.893,4142426.076,4142435.471,"Silva","NEON_D07_MLBS_DP1_537000_4142000_classified_point_cloud.laz","2018_MLBS_3_537000_4142000_image.tif","Tree",1,537000,537999.999,4142000,4142999.999
"3966",3966,537400.56,537405.482,4142427.531,4142435.34,"Silva","NEON_D07_MLBS_DP1_537000_4142000_classified_point_cloud.laz","2018_MLBS_3_537000_4142000_image.tif","Tree",1,537000,537999.999,4142000,4142999.999
"3967",3967,537404.004,537410.498,4142426.034,4142435.948,"Silva","NEON_D07_MLBS_DP1_537000_4142000_classified_point_cloud.laz","2018_MLBS_3_537000_4142000_image.tif","Tree",1,537000,537999.999,4142000,4142999.999
"3968",3968,537393.007,537397.466,4142428.508,4142437.935,"Silva","NEON_D07_MLBS_DP1_537000_4142000_classified_point_cloud.laz","2018_MLBS_3_537000_4142000_image.tif","Tree",1,537000,537999.999,4142000,4142999.999
"3969",3969,537379.544,537385.923,4142435.096,4142444.494,"Silva","NEON_D07_MLBS_DP1_537000_4142000_classified_point_cloud.laz","2018_MLBS_3_537000_4142000_image.tif","Tree",1,537000,537999.999,4142000,4142999.999
"3970",3970,537403,537409.477,4142436.211,4142443.498,"Silva","NEON_D07_MLBS_DP1_537000_4142000_classified_point_cloud.laz","2018_MLBS_3_537000_4142000_image.tif","Tree",1,537000,537999.999,4142000,4142999.999
"3971",3971,537383.5,537391.887,4142439.053,4142446.494,"Silva","NEON_D07_MLBS_DP1_537000_4142000_classified_point_cloud.laz","2018_MLBS_3_537000_4142000_image.tif","Tree",1,537000,537999.999,4142000,4142999.999
"3972",3972,537397.621,537406.397,4142438.637,4142445.967,"Silva","NEON_D07_MLBS_DP1_537000_4142000_classified_point_cloud.laz","2018_MLBS_3_537000_4142000_image.tif","Tree",1,537000,537999.999,4142000,4142999.999
"3973",3973,537406.076,537412.975,4142440.15,4142446.951,"Silva","NEON_D07_MLBS_DP1_537000_4142000_classified_point_cloud.laz","2018_MLBS_3_537000_4142000_image.tif","Tree",1,537000,537999.999,4142000,4142999.999
"3974",3974,537360.513,537368.996,4142439.53,4142447.356,"Silva","NEON_D07_MLBS_DP1_537000_4142000_classified_point_cloud.laz","2018_MLBS_3_537000_4142000_image.tif","Tree",1,537000,537999.999,4142000,4142999.999
"3975",3975,537412.501,537418.934,4142439.066,4142447.99,"Silva","NEON_D07_MLBS_DP1_537000_4142000_classified_point_cloud.laz","2018_MLBS_3_537000_4142000_image.tif","Tree",1,537000,537999.999,4142000,4142999.999
"3976",3976,537370.056,537377.848,4142441.567,4142449.688,"Silva","NEON_D07_MLBS_DP1_537000_4142000_classified_point_cloud.laz","2018_MLBS_3_537000_4142000_image.tif","Tree",1,537000,537999.999,4142000,4142999.999
"3977",3977,537369.001,537376.46,4142444.548,4142452.499,"Silva","NEON_D07_MLBS_DP1_537000_4142000_classified_point_cloud.laz","2018_MLBS_3_537000_4142000_image.tif","Tree",1,537000,537999.999,4142000,4142999.999
"3978",3978,537401.554,537406.966,4142444.572,4142452.337,"Silva","NEON_D07_MLBS_DP1_537000_4142000_classified_point_cloud.laz","2018_MLBS_3_537000_4142000_image.tif","Tree",1,537000,537999.999,4142000,4142999.999
"3979",3979,537394.574,537403.898,4142444.561,4142453.438,"Silva","NEON_D07_MLBS_DP1_537000_4142000_classified_point_cloud.laz","2018_MLBS_3_537000_4142000_image.tif","Tree",1,537000,537999.999,4142000,4142999.999
"3980",3980,537378.045,537384.499,4142446.008,4142455.433,"Silva","NEON_D07_MLBS_DP1_537000_4142000_classified_point_cloud.laz","2018_MLBS_3_537000_4142000_image.tif","Tree",1,537000,537999.999,4142000,4142999.999
"3981",3981,537357.581,537364.993,4142448.615,4142458.883,"Silva","NEON_D07_MLBS_DP1_537000_4142000_classified_point_cloud.laz","2018_MLBS_3_537000_4142000_image.tif","Tree",1,537000,537999.999,4142000,4142999.999
"3982",3982,537387.53,537394.98,4142448.504,4142456.999,"Silva","NEON_D07_MLBS_DP1_537000_4142000_classified_point_cloud.laz","2018_MLBS_3_537000_4142000_image.tif","Tree",1,537000,537999.999,4142000,4142999.999
"3983",3983,537394.505,537401.98,4142450.573,4142456.479,"Silva","NEON_D07_MLBS_DP1_537000_4142000_classified_point_cloud.laz","2018_MLBS_3_537000_4142000_image.tif","Tree",1,537000,537999.999,4142000,4142999.999
"3984",3984,537404.06,537413.483,4142451.52,4142460.973,"Silva","NEON_D07_MLBS_DP1_537000_4142000_classified_point_cloud.laz","2018_MLBS_3_537000_4142000_image.tif","Tree",1,537000,537999.999,4142000,4142999.999
"3985",3985,537399.031,537405.404,4142453.037,4142459.5,"Silva","NEON_D07_MLBS_DP1_537000_4142000_classified_point_cloud.laz","2018_MLBS_3_537000_4142000_image.tif","Tree",1,537000,537999.999,4142000,4142999.999
"3986",3986,537378.611,537386.993,4142455.506,4142463.912,"Silva","NEON_D07_MLBS_DP1_537000_4142000_classified_point_cloud.laz","2018_MLBS_3_537000_4142000_image.tif","Tree",1,537000,537999.999,4142000,4142999.999
"3987",3987,537368.528,537374.446,4142459.02,4142465.496,"Silva","NEON_D07_MLBS_DP1_537000_4142000_classified_point_cloud.laz","2018_MLBS_3_537000_4142000_image.tif","Tree",1,537000,537999.999,4142000,4142999.999
"3988",3988,537402.033,537412.907,4142466.069,4142475.5,"Silva","NEON_D07_MLBS_DP1_537000_4142000_classified_point_cloud.laz","2018_MLBS_3_537000_4142000_image.tif","Tree",1,537000,537999.999,4142000,4142999.999
"3989",3989,537481.505,537489.922,4142410.515,4142419.448,"Silva","NEON_D07_MLBS_DP1_537000_4142000_classified_point_cloud.laz","2018_MLBS_3_537000_4142000_image.tif","Tree",1,537000,537999.999,4142000,4142999.999
"3990",3990,537434.504,537442.86,4142421.005,4142430,"Silva","NEON_D07_MLBS_DP1_537000_4142000_classified_point_cloud.laz","2018_MLBS_3_537000_4142000_image.tif","Tree",1,537000,537999.999,4142000,4142999.999
"3991",3991,537463.645,537472.323,4142425.036,4142432.424,"Silva","NEON_D07_MLBS_DP1_537000_4142000_classified_point_cloud.laz","2018_MLBS_3_537000_4142000_image.tif","Tree",1,537000,537999.999,4142000,4142999.999
"3992",3992,537469.038,537479.928,4142425.579,4142437.45,"Silva","NEON_D07_MLBS_DP1_537000_4142000_classified_point_cloud.laz","2018_MLBS_3_537000_4142000_image.tif","Tree",1,537000,537999.999,4142000,4142999.999
"3993",3993,537463.015,537472.494,4142438.011,4142446.487,"Silva","NEON_D07_MLBS_DP1_537000_4142000_classified_point_cloud.laz","2018_MLBS_3_537000_4142000_image.tif","Tree",1,537000,537999.999,4142000,4142999.999
"3994",3994,537476.516,537485.372,4142447.542,4142455.825,"Silva","NEON_D07_MLBS_DP1_537000_4142000_classified_point_cloud.laz","2018_MLBS_3_537000_4142000_image.tif","Tree",1,537000,537999.999,4142000,4142999.999
"3995",3995,537446.51,537455.963,4142449.017,4142456.486,"Silva","NEON_D07_MLBS_DP1_537000_4142000_classified_point_cloud.laz","2018_MLBS_3_537000_4142000_image.tif","Tree",1,537000,537999.999,4142000,4142999.999
"3996",3996,537424.067,537432.459,4142447.556,4142457.989,"Silva","NEON_D07_MLBS_DP1_537000_4142000_classified_point_cloud.laz","2018_MLBS_3_537000_4142000_image.tif","Tree",1,537000,537999.999,4142000,4142999.999
"3997",3997,537432.002,537437.997,4142453.138,4142459.494,"Silva","NEON_D07_MLBS_DP1_537000_4142000_classified_point_cloud.laz","2018_MLBS_3_537000_4142000_image.tif","Tree",1,537000,537999.999,4142000,4142999.999
"3998",3998,537482.011,537489.461,4142451.512,4142461.368,"Silva","NEON_D07_MLBS_DP1_537000_4142000_classified_point_cloud.laz","2018_MLBS_3_537000_4142000_image.tif","Tree",1,537000,537999.999,4142000,4142999.999
"3999",3999,537456.522,537463.969,4142457.544,4142464.998,"Silva","NEON_D07_MLBS_DP1_537000_4142000_classified_point_cloud.laz","2018_MLBS_3_537000_4142000_image.tif","Tree",1,537000,537999.999,4142000,4142999.999
"4000",4000,537475.53,537484.473,4142472.576,4142481.466,"Silva","NEON_D07_MLBS_DP1_537000_4142000_classified_point_cloud.laz","2018_MLBS_3_537000_4142000_image.tif","Tree",1,537000,537999.999,4142000,4142999.999
"4001",4001,537458.58,537467.497,4142467.507,4142474.979,"Silva","NEON_D07_MLBS_DP1_537000_4142000_classified_point_cloud.laz","2018_MLBS_3_537000_4142000_image.tif","Tree",1,537000,537999.999,4142000,4142999.999
"4002",4002,537462.007,537470.978,4142463.007,4142471.905,"Silva","NEON_D07_MLBS_DP1_537000_4142000_classified_point_cloud.laz","2018_MLBS_3_537000_4142000_image.tif","Tree",1,537000,537999.999,4142000,4142999.999
"4003",4003,537401.168,537407.99,4142491.002,4142498.498,"Silva","NEON_D07_MLBS_DP1_537000_4142000_classified_point_cloud.laz","2018_MLBS_3_537000_4142000_image.tif","Tree",1,537000,537999.999,4142000,4142999.999
"4004",4004,537354.54,537368.974,4142487.002,4142496.43,"Silva","NEON_D07_MLBS_DP1_537000_4142000_classified_point_cloud.laz","2018_MLBS_3_537000_4142000_image.tif","Tree",1,537000,537999.999,4142000,4142999.999
"4005",4005,537457.001,537465.917,4142492.58,4142502.442,"Silva","NEON_D07_MLBS_DP1_537000_4142000_classified_point_cloud.laz","2018_MLBS_3_537000_4142000_image.tif","Tree",1,537000,537999.999,4142000,4142999.999
"4006",4006,537461.003,537468.441,4142486.501,4142495.5,"Silva","NEON_D07_MLBS_DP1_537000_4142000_classified_point_cloud.laz","2018_MLBS_3_537000_4142000_image.tif","Tree",1,537000,537999.999,4142000,4142999.999
"4007",4007,537489.733,537498.997,4142412.518,4142425.381,"Silva","NEON_D07_MLBS_DP1_537000_4142000_classified_point_cloud.laz","2018_MLBS_3_537000_4142000_image.tif","Tree",1,537000,537999.999,4142000,4142999.999
"4008",4008,537493.004,537503.47,4142415.564,4142424.989,"Silva","NEON_D07_MLBS_DP1_537000_4142000_classified_point_cloud.laz","2018_MLBS_3_537000_4142000_image.tif","Tree",1,537000,537999.999,4142000,4142999.999
"4009",4009,537485.006,537494.999,4142427.344,4142438.492,"Silva","NEON_D07_MLBS_DP1_537000_4142000_classified_point_cloud.laz","2018_MLBS_3_537000_4142000_image.tif","Tree",1,537000,537999.999,4142000,4142999.999
"4010",4010,537492.545,537497.99,4142453.119,4142462.887,"Silva","NEON_D07_MLBS_DP1_537000_4142000_classified_point_cloud.laz","2018_MLBS_3_537000_4142000_image.tif","Tree",1,537000,537999.999,4142000,4142999.999
"4011",4011,537487.097,537496.961,4142467.028,4142474.491,"Silva","NEON_D07_MLBS_DP1_537000_4142000_classified_point_cloud.laz","2018_MLBS_3_537000_4142000_image.tif","Tree",1,537000,537999.999,4142000,4142999.999
"4012",4012,537414.574,537426.495,4142006.011,4142017.496,"Silva","NEON_D07_MLBS_DP1_537000_4142000_classified_point_cloud.laz","2018_MLBS_3_537000_4142000_image.tif","Tree",1,537000,537999.999,4142000,4142999.999
"4013",4013,537415.031,537427.497,4142000.001,4142006.991,"Silva","NEON_D07_MLBS_DP1_537000_4142000_classified_point_cloud.laz","2018_MLBS_3_537000_4142000_image.tif","Tree",1,537000,537999.999,4142000,4142999.999
"4014",4014,537485.04,537495.958,4142014.547,4142022.425,"Silva","NEON_D07_MLBS_DP1_537000_4142000_classified_point_cloud.laz","2018_MLBS_3_537000_4142000_image.tif","Tree",1,537000,537999.999,4142000,4142999.999
"4015",4015,537444.025,537454.485,4142009.018,4142017.483,"Silva","NEON_D07_MLBS_DP1_537000_4142000_classified_point_cloud.laz","2018_MLBS_3_537000_4142000_image.tif","Tree",1,537000,537999.999,4142000,4142999.999
"4016",4016,537462.522,537475.456,4142010.509,4142016.972,"Silva","NEON_D07_MLBS_DP1_537000_4142000_classified_point_cloud.laz","2018_MLBS_3_537000_4142000_image.tif","Tree",1,537000,537999.999,4142000,4142999.999
"4017",4017,537460.148,537466.998,4142002.641,4142013.952,"Silva","NEON_D07_MLBS_DP1_537000_4142000_classified_point_cloud.laz","2018_MLBS_3_537000_4142000_image.tif","Tree",1,537000,537999.999,4142000,4142999.999
"4018",4018,537465.01,537476.489,4142004.51,4142011.609,"Silva","NEON_D07_MLBS_DP1_537000_4142000_classified_point_cloud.laz","2018_MLBS_3_537000_4142000_image.tif","Tree",1,537000,537999.999,4142000,4142999.999
"4019",4019,537426.059,537438.909,4142002.034,4142008,"Silva","NEON_D07_MLBS_DP1_537000_4142000_classified_point_cloud.laz","2018_MLBS_3_537000_4142000_image.tif","Tree",1,537000,537999.999,4142000,4142999.999
"4020",4020,537476.03,537485.487,4142000.023,4142008.342,"Silva","NEON_D07_MLBS_DP1_537000_4142000_classified_point_cloud.laz","2018_MLBS_3_537000_4142000_image.tif","Tree",1,537000,537999.999,4142000,4142999.999
"4021",4021,537483.51,537491.995,4142000.003,4142007.446,"Silva","NEON_D07_MLBS_DP1_537000_4142000_classified_point_cloud.laz","2018_MLBS_3_537000_4142000_image.tif","Tree",1,537000,537999.999,4142000,4142999.999
"4022",4022,537493.096,537505.484,4142005.533,4142012.948,"Silva","NEON_D07_MLBS_DP1_537000_4142000_classified_point_cloud.laz","2018_MLBS_3_537000_4142000_image.tif","Tree",1,537000,537999.999,4142000,4142999.999
"4023",4023,537491.029,537499.491,4142000.017,4142007.345,"Silva","NEON_D07_MLBS_DP1_537000_4142000_classified_point_cloud.laz","2018_MLBS_3_537000_4142000_image.tif","Tree",1,537000,537999.999,4142000,4142999.999
"4024",4024,537434.555,537445.468,4142080.502,4142089.884,"Silva","NEON_D07_MLBS_DP1_537000_4142000_classified_point_cloud.laz","2018_MLBS_3_537000_4142000_image.tif","Tree",1,537000,537999.999,4142000,4142999.999
"4025",4025,537450.149,537463.443,4142079.023,4142091.47,"Silva","NEON_D07_MLBS_DP1_537000_4142000_classified_point_cloud.laz","2018_MLBS_3_537000_4142000_image.tif","Tree",1,537000,537999.999,4142000,4142999.999
"4026",4026,537484.511,537493.444,4142078.686,4142088.462,"Silva","NEON_D07_MLBS_DP1_537000_4142000_classified_point_cloud.laz","2018_MLBS_3_537000_4142000_image.tif","Tree",1,537000,537999.999,4142000,4142999.999
"4027",4027,537443.512,537452.391,4142078.014,4142091.84,"Silva","NEON_D07_MLBS_DP1_537000_4142000_classified_point_cloud.laz","2018_MLBS_3_537000_4142000_image.tif","Tree",1,537000,537999.999,4142000,4142999.999
"4028",4028,537420.029,537431.493,4142074.006,4142087.378,"Silva","NEON_D07_MLBS_DP1_537000_4142000_classified_point_cloud.laz","2018_MLBS_3_537000_4142000_image.tif","Tree",1,537000,537999.999,4142000,4142999.999
"4029",4029,537451.5,537459.491,4142072.193,4142080.951,"Silva","NEON_D07_MLBS_DP1_537000_4142000_classified_point_cloud.laz","2018_MLBS_3_537000_4142000_image.tif","Tree",1,537000,537999.999,4142000,4142999.999
"4030",4030,537481.011,537490.487,4142018.09,4142028.997,"Silva","NEON_D07_MLBS_DP1_537000_4142000_classified_point_cloud.laz","2018_MLBS_3_537000_4142000_image.tif","Tree",1,537000,537999.999,4142000,4142999.999
"4031",4031,537467.515,537477.914,4142018.504,4142029.977,"Silva","NEON_D07_MLBS_DP1_537000_4142000_classified_point_cloud.laz","2018_MLBS_3_537000_4142000_image.tif","Tree",1,537000,537999.999,4142000,4142999.999
"4032",4032,537434.549,537446.912,4142016.51,4142029.942,"Silva","NEON_D07_MLBS_DP1_537000_4142000_classified_point_cloud.laz","2018_MLBS_3_537000_4142000_image.tif","Tree",1,537000,537999.999,4142000,4142999.999
"4033",4033,537473.023,537485.408,4142023.52,4142034.49,"Silva","NEON_D07_MLBS_DP1_537000_4142000_classified_point_cloud.laz","2018_MLBS_3_537000_4142000_image.tif","Tree",1,537000,537999.999,4142000,4142999.999
"4034",4034,537461.087,537473.973,4142027.555,4142036.951,"Silva","NEON_D07_MLBS_DP1_537000_4142000_classified_point_cloud.laz","2018_MLBS_3_537000_4142000_image.tif","Tree",1,537000,537999.999,4142000,4142999.999
"4035",4035,537481.507,537490.491,4142029.013,4142039.356,"Silva","NEON_D07_MLBS_DP1_537000_4142000_classified_point_cloud.laz","2018_MLBS_3_537000_4142000_image.tif","Tree",1,537000,537999.999,4142000,4142999.999
"4036",4036,537428.548,537438.496,4142026.526,4142037.47,"Silva","NEON_D07_MLBS_DP1_537000_4142000_classified_point_cloud.laz","2018_MLBS_3_537000_4142000_image.tif","Tree",1,537000,537999.999,4142000,4142999.999
"4037",4037,537437.542,537445.921,4142029.039,4142036.493,"Silva","NEON_D07_MLBS_DP1_537000_4142000_classified_point_cloud.laz","2018_MLBS_3_537000_4142000_image.tif","Tree",1,537000,537999.999,4142000,4142999.999
"4038",4038,537449.128,537458.99,4142030.017,4142038.496,"Silva","NEON_D07_MLBS_DP1_537000_4142000_classified_point_cloud.laz","2018_MLBS_3_537000_4142000_image.tif","Tree",1,537000,537999.999,4142000,4142999.999
"4039",4039,537461.516,537471.987,4142033.044,4142039.98,"Silva","NEON_D07_MLBS_DP1_537000_4142000_classified_point_cloud.laz","2018_MLBS_3_537000_4142000_image.tif","Tree",1,537000,537999.999,4142000,4142999.999
"4040",4040,537456.005,537461.997,4142031.514,4142043.997,"Silva","NEON_D07_MLBS_DP1_537000_4142000_classified_point_cloud.laz","2018_MLBS_3_537000_4142000_image.tif","Tree",1,537000,537999.999,4142000,4142999.999
"4041",4041,537482.523,537489.48,4142038.556,4142046.977,"Silva","NEON_D07_MLBS_DP1_537000_4142000_classified_point_cloud.laz","2018_MLBS_3_537000_4142000_image.tif","Tree",1,537000,537999.999,4142000,4142999.999
"4042",4042,537482.003,537488.994,4142044.006,4142049.997,"Silva","NEON_D07_MLBS_DP1_537000_4142000_classified_point_cloud.laz","2018_MLBS_3_537000_4142000_image.tif","Tree",1,537000,537999.999,4142000,4142999.999
"4043",4043,537465.514,537475.489,4142044.007,4142055.985,"Silva","NEON_D07_MLBS_DP1_537000_4142000_classified_point_cloud.laz","2018_MLBS_3_537000_4142000_image.tif","Tree",1,537000,537999.999,4142000,4142999.999
"4044",4044,537427.512,537438.17,4142046.554,4142057.944,"Silva","NEON_D07_MLBS_DP1_537000_4142000_classified_point_cloud.laz","2018_MLBS_3_537000_4142000_image.tif","Tree",1,537000,537999.999,4142000,4142999.999
"4045",4045,537421.505,537432.377,4142054.244,4142062.984,"Silva","NEON_D07_MLBS_DP1_537000_4142000_classified_point_cloud.laz","2018_MLBS_3_537000_4142000_image.tif","Tree",1,537000,537999.999,4142000,4142999.999
"4046",4046,537467.514,537480.993,4142053.501,4142066.441,"Silva","NEON_D07_MLBS_DP1_537000_4142000_classified_point_cloud.laz","2018_MLBS_3_537000_4142000_image.tif","Tree",1,537000,537999.999,4142000,4142999.999
"4047",4047,537425.002,537430.487,4142061.008,4142065.85,"Silva","NEON_D07_MLBS_DP1_537000_4142000_classified_point_cloud.laz","2018_MLBS_3_537000_4142000_image.tif","Tree",1,537000,537999.999,4142000,4142999.999
"4048",4048,537457.056,537464.922,4142058.018,4142068.452,"Silva","NEON_D07_MLBS_DP1_537000_4142000_classified_point_cloud.laz","2018_MLBS_3_537000_4142000_image.tif","Tree",1,537000,537999.999,4142000,4142999.999
"4049",4049,537462.028,537471.485,4142059.538,4142070.993,"Silva","NEON_D07_MLBS_DP1_537000_4142000_classified_point_cloud.laz","2018_MLBS_3_537000_4142000_image.tif","Tree",1,537000,537999.999,4142000,4142999.999
"4050",4050,537478.513,537487.997,4142062.024,4142075.966,"Silva","NEON_D07_MLBS_DP1_537000_4142000_classified_point_cloud.laz","2018_MLBS_3_537000_4142000_image.tif","Tree",1,537000,537999.999,4142000,4142999.999
"4051",4051,537418.029,537432.4,4142062.008,4142073.999,"Silva","NEON_D07_MLBS_DP1_537000_4142000_classified_point_cloud.laz","2018_MLBS_3_537000_4142000_image.tif","Tree",1,537000,537999.999,4142000,4142999.999
"4052",4052,537482.537,537494.38,4142069.565,4142079.097,"Silva","NEON_D07_MLBS_DP1_537000_4142000_classified_point_cloud.laz","2018_MLBS_3_537000_4142000_image.tif","Tree",1,537000,537999.999,4142000,4142999.999
"4053",4053,537444.515,537453.377,4142070.079,4142077.998,"Silva","NEON_D07_MLBS_DP1_537000_4142000_classified_point_cloud.laz","2018_MLBS_3_537000_4142000_image.tif","Tree",1,537000,537999.999,4142000,4142999.999
"4054",4054,537413.531,537423.966,4142102.559,4142112.984,"Silva","NEON_D07_MLBS_DP1_537000_4142000_classified_point_cloud.laz","2018_MLBS_3_537000_4142000_image.tif","Tree",1,537000,537999.999,4142000,4142999.999
"4055",4055,537414.535,537425.494,4142083.528,4142094.965,"Silva","NEON_D07_MLBS_DP1_537000_4142000_classified_point_cloud.laz","2018_MLBS_3_537000_4142000_image.tif","Tree",1,537000,537999.999,4142000,4142999.999
"4056",4056,537451.004,537456.948,4142144.519,4142151.935,"Silva","NEON_D07_MLBS_DP1_537000_4142000_classified_point_cloud.laz","2018_MLBS_3_537000_4142000_image.tif","Tree",1,537000,537999.999,4142000,4142999.999
"4057",4057,537464.526,537472.474,4142145.502,4142153.452,"Silva","NEON_D07_MLBS_DP1_537000_4142000_classified_point_cloud.laz","2018_MLBS_3_537000_4142000_image.tif","Tree",1,537000,537999.999,4142000,4142999.999
"4058",4058,537486.51,537492.996,4142141.508,4142151.488,"Silva","NEON_D07_MLBS_DP1_537000_4142000_classified_point_cloud.laz","2018_MLBS_3_537000_4142000_image.tif","Tree",1,537000,537999.999,4142000,4142999.999
"4059",4059,537480,537487.362,4142143.524,4142150.99,"Silva","NEON_D07_MLBS_DP1_537000_4142000_classified_point_cloud.laz","2018_MLBS_3_537000_4142000_image.tif","Tree",1,537000,537999.999,4142000,4142999.999
"4060",4060,537450.001,537458.972,4142135.501,4142144.862,"Silva","NEON_D07_MLBS_DP1_537000_4142000_classified_point_cloud.laz","2018_MLBS_3_537000_4142000_image.tif","Tree",1,537000,537999.999,4142000,4142999.999
"4061",4061,537479.005,537482.965,4142137.274,4142146.433,"Silva","NEON_D07_MLBS_DP1_537000_4142000_classified_point_cloud.laz","2018_MLBS_3_537000_4142000_image.tif","Tree",1,537000,537999.999,4142000,4142999.999
"4062",4062,537473.502,537478.998,4142138.235,4142145.967,"Silva","NEON_D07_MLBS_DP1_537000_4142000_classified_point_cloud.laz","2018_MLBS_3_537000_4142000_image.tif","Tree",1,537000,537999.999,4142000,4142999.999
"4063",4063,537465.535,537473.476,4142139.02,4142145.497,"Silva","NEON_D07_MLBS_DP1_537000_4142000_classified_point_cloud.laz","2018_MLBS_3_537000_4142000_image.tif","Tree",1,537000,537999.999,4142000,4142999.999
"4064",4064,537482.088,537489.496,4142135.511,4142143.968,"Silva","NEON_D07_MLBS_DP1_537000_4142000_classified_point_cloud.laz","2018_MLBS_3_537000_4142000_image.tif","Tree",1,537000,537999.999,4142000,4142999.999
"4065",4065,537464.521,537472.495,4142133.501,4142140.48,"Silva","NEON_D07_MLBS_DP1_537000_4142000_classified_point_cloud.laz","2018_MLBS_3_537000_4142000_image.tif","Tree",1,537000,537999.999,4142000,4142999.999
"4066",4066,537438.02,537445.413,4142131.559,4142138.484,"Silva","NEON_D07_MLBS_DP1_537000_4142000_classified_point_cloud.laz","2018_MLBS_3_537000_4142000_image.tif","Tree",1,537000,537999.999,4142000,4142999.999
"4067",4067,537474.016,537483.843,4142128.549,4142137.434,"Silva","NEON_D07_MLBS_DP1_537000_4142000_classified_point_cloud.laz","2018_MLBS_3_537000_4142000_image.tif","Tree",1,537000,537999.999,4142000,4142999.999
"4068",4068,537447.003,537457.49,4142125.006,4142131.494,"Silva","NEON_D07_MLBS_DP1_537000_4142000_classified_point_cloud.laz","2018_MLBS_3_537000_4142000_image.tif","Tree",1,537000,537999.999,4142000,4142999.999
"4069",4069,537484.043,537491.902,4142128.084,4142136.378,"Silva","NEON_D07_MLBS_DP1_537000_4142000_classified_point_cloud.laz","2018_MLBS_3_537000_4142000_image.tif","Tree",1,537000,537999.999,4142000,4142999.999
"4070",4070,537478.506,537484.471,4142125.536,4142134.938,"Silva","NEON_D07_MLBS_DP1_537000_4142000_classified_point_cloud.laz","2018_MLBS_3_537000_4142000_image.tif","Tree",1,537000,537999.999,4142000,4142999.999
"4071",4071,537483.581,537488.478,4142125.611,4142132.983,"Silva","NEON_D07_MLBS_DP1_537000_4142000_classified_point_cloud.laz","2018_MLBS_3_537000_4142000_image.tif","Tree",1,537000,537999.999,4142000,4142999.999
"4072",4072,537433.137,537440.924,4142124.547,4142130.992,"Silva","NEON_D07_MLBS_DP1_537000_4142000_classified_point_cloud.laz","2018_MLBS_3_537000_4142000_image.tif","Tree",1,537000,537999.999,4142000,4142999.999
"4073",4073,537440.005,537444.491,4142123.016,4142127.445,"Silva","NEON_D07_MLBS_DP1_537000_4142000_classified_point_cloud.laz","2018_MLBS_3_537000_4142000_image.tif","Tree",1,537000,537999.999,4142000,4142999.999
"4074",4074,537430.014,537435.996,4142116.033,4142129.393,"Silva","NEON_D07_MLBS_DP1_537000_4142000_classified_point_cloud.laz","2018_MLBS_3_537000_4142000_image.tif","Tree",1,537000,537999.999,4142000,4142999.999
"4075",4075,537470.515,537479.984,4142121.563,4142129.971,"Silva","NEON_D07_MLBS_DP1_537000_4142000_classified_point_cloud.laz","2018_MLBS_3_537000_4142000_image.tif","Tree",1,537000,537999.999,4142000,4142999.999
"4076",4076,537442.504,537446.917,4142120.08,4142125.992,"Silva","NEON_D07_MLBS_DP1_537000_4142000_classified_point_cloud.laz","2018_MLBS_3_537000_4142000_image.tif","Tree",1,537000,537999.999,4142000,4142999.999
"4077",4077,537480.012,537489.347,4142119.505,4142126.452,"Silva","NEON_D07_MLBS_DP1_537000_4142000_classified_point_cloud.laz","2018_MLBS_3_537000_4142000_image.tif","Tree",1,537000,537999.999,4142000,4142999.999
"4078",4078,537435.857,537443.983,4142115.504,4142122.954,"Silva","NEON_D07_MLBS_DP1_537000_4142000_classified_point_cloud.laz","2018_MLBS_3_537000_4142000_image.tif","Tree",1,537000,537999.999,4142000,4142999.999
"4079",4079,537467.5,537474.492,4142117.51,4142124.995,"Silva","NEON_D07_MLBS_DP1_537000_4142000_classified_point_cloud.laz","2018_MLBS_3_537000_4142000_image.tif","Tree",1,537000,537999.999,4142000,4142999.999
"4080",4080,537477.005,537483.492,4142116.121,4142123.869,"Silva","NEON_D07_MLBS_DP1_537000_4142000_classified_point_cloud.laz","2018_MLBS_3_537000_4142000_image.tif","Tree",1,537000,537999.999,4142000,4142999.999
"4081",4081,537466.018,537473.477,4142110.026,4142120.406,"Silva","NEON_D07_MLBS_DP1_537000_4142000_classified_point_cloud.laz","2018_MLBS_3_537000_4142000_image.tif","Tree",1,537000,537999.999,4142000,4142999.999
"4082",4082,537473.063,537481.912,4142111.526,4142118.464,"Silva","NEON_D07_MLBS_DP1_537000_4142000_classified_point_cloud.laz","2018_MLBS_3_537000_4142000_image.tif","Tree",1,537000,537999.999,4142000,4142999.999
"4083",4083,537444.06,537449.996,4142108.615,4142116.467,"Silva","NEON_D07_MLBS_DP1_537000_4142000_classified_point_cloud.laz","2018_MLBS_3_537000_4142000_image.tif","Tree",1,537000,537999.999,4142000,4142999.999
"4084",4084,537424.007,537434.987,4142107.57,4142117.979,"Silva","NEON_D07_MLBS_DP1_537000_4142000_classified_point_cloud.laz","2018_MLBS_3_537000_4142000_image.tif","Tree",1,537000,537999.999,4142000,4142999.999
"4085",4085,537439.565,537447.907,4142102.037,4142115.811,"Silva","NEON_D07_MLBS_DP1_537000_4142000_classified_point_cloud.laz","2018_MLBS_3_537000_4142000_image.tif","Tree",1,537000,537999.999,4142000,4142999.999
"4086",4086,537477.517,537486.471,4142108.023,4142114.984,"Silva","NEON_D07_MLBS_DP1_537000_4142000_classified_point_cloud.laz","2018_MLBS_3_537000_4142000_image.tif","Tree",1,537000,537999.999,4142000,4142999.999
"4087",4087,537447.007,537457.484,4142100.065,4142112.491,"Silva","NEON_D07_MLBS_DP1_537000_4142000_classified_point_cloud.laz","2018_MLBS_3_537000_4142000_image.tif","Tree",1,537000,537999.999,4142000,4142999.999
"4088",4088,537457.537,537468.362,4142102.502,4142110.767,"Silva","NEON_D07_MLBS_DP1_537000_4142000_classified_point_cloud.laz","2018_MLBS_3_537000_4142000_image.tif","Tree",1,537000,537999.999,4142000,4142999.999
"4089",4089,537480.038,537485.399,4142104.024,4142109.499,"Silva","NEON_D07_MLBS_DP1_537000_4142000_classified_point_cloud.laz","2018_MLBS_3_537000_4142000_image.tif","Tree",1,537000,537999.999,4142000,4142999.999
"4090",4090,537484.559,537492.467,4142104.007,4142110.484,"Silva","NEON_D07_MLBS_DP1_537000_4142000_classified_point_cloud.laz","2018_MLBS_3_537000_4142000_image.tif","Tree",1,537000,537999.999,4142000,4142999.999
"4091",4091,537485.006,537491.498,4142100.012,4142105.46,"Silva","NEON_D07_MLBS_DP1_537000_4142000_classified_point_cloud.laz","2018_MLBS_3_537000_4142000_image.tif","Tree",1,537000,537999.999,4142000,4142999.999
"4092",4092,537483.046,537491.982,4142094.022,4142099.993,"Silva","NEON_D07_MLBS_DP1_537000_4142000_classified_point_cloud.laz","2018_MLBS_3_537000_4142000_image.tif","Tree",1,537000,537999.999,4142000,4142999.999
"4093",4093,537479.09,537490.499,4142087.81,4142097.481,"Silva","NEON_D07_MLBS_DP1_537000_4142000_classified_point_cloud.laz","2018_MLBS_3_537000_4142000_image.tif","Tree",1,537000,537999.999,4142000,4142999.999
"4094",4094,537426.036,537435.906,4142082.604,4142093.956,"Silva","NEON_D07_MLBS_DP1_537000_4142000_classified_point_cloud.laz","2018_MLBS_3_537000_4142000_image.tif","Tree",1,537000,537999.999,4142000,4142999.999
"4095",4095,537496.152,537506.977,4142080.525,4142088.492,"Silva","NEON_D07_MLBS_DP1_537000_4142000_classified_point_cloud.laz","2018_MLBS_3_537000_4142000_image.tif","Tree",1,537000,537999.999,4142000,4142999.999
"4096",4096,537491.128,537498.466,4142075.676,4142084.923,"Silva","NEON_D07_MLBS_DP1_537000_4142000_classified_point_cloud.laz","2018_MLBS_3_537000_4142000_image.tif","Tree",1,537000,537999.999,4142000,4142999.999
"4097",4097,537493.021,537501.944,4142062.517,4142075.423,"Silva","NEON_D07_MLBS_DP1_537000_4142000_classified_point_cloud.laz","2018_MLBS_3_537000_4142000_image.tif","Tree",1,537000,537999.999,4142000,4142999.999
"4098",4098,537490.014,537500.457,4142018.525,4142029.499,"Silva","NEON_D07_MLBS_DP1_537000_4142000_classified_point_cloud.laz","2018_MLBS_3_537000_4142000_image.tif","Tree",1,537000,537999.999,4142000,4142999.999
"4099",4099,537488.526,537496.474,4142038.592,4142046.733,"Silva","NEON_D07_MLBS_DP1_537000_4142000_classified_point_cloud.laz","2018_MLBS_3_537000_4142000_image.tif","Tree",1,537000,537999.999,4142000,4142999.999
"4100",4100,537488.504,537497.837,4142045.576,4142053.958,"Silva","NEON_D07_MLBS_DP1_537000_4142000_classified_point_cloud.laz","2018_MLBS_3_537000_4142000_image.tif","Tree",1,537000,537999.999,4142000,4142999.999
"4101",4101,537487.5,537496.48,4142049.551,4142059.983,"Silva","NEON_D07_MLBS_DP1_537000_4142000_classified_point_cloud.laz","2018_MLBS_3_537000_4142000_image.tif","Tree",1,537000,537999.999,4142000,4142999.999
"4102",4102,537486.076,537498.432,4142060.047,4142070.488,"Silva","NEON_D07_MLBS_DP1_537000_4142000_classified_point_cloud.laz","2018_MLBS_3_537000_4142000_image.tif","Tree",1,537000,537999.999,4142000,4142999.999
"4103",4103,537492.52,537498.97,4142144.096,4142151.797,"Silva","NEON_D07_MLBS_DP1_537000_4142000_classified_point_cloud.laz","2018_MLBS_3_537000_4142000_image.tif","Tree",1,537000,537999.999,4142000,4142999.999
"4104",4104,537489.62,537499.883,4142138.526,4142145.446,"Silva","NEON_D07_MLBS_DP1_537000_4142000_classified_point_cloud.laz","2018_MLBS_3_537000_4142000_image.tif","Tree",1,537000,537999.999,4142000,4142999.999
"4105",4105,537487.629,537498.364,4142132.055,4142140.481,"Silva","NEON_D07_MLBS_DP1_537000_4142000_classified_point_cloud.laz","2018_MLBS_3_537000_4142000_image.tif","Tree",1,537000,537999.999,4142000,4142999.999
"4106",4106,537495.504,537504.322,4142123.526,4142133.461,"Silva","NEON_D07_MLBS_DP1_537000_4142000_classified_point_cloud.laz","2018_MLBS_3_537000_4142000_image.tif","Tree",1,537000,537999.999,4142000,4142999.999
"4107",4107,537488.506,537495.492,4142124.095,4142132.397,"Silva","NEON_D07_MLBS_DP1_537000_4142000_classified_point_cloud.laz","2018_MLBS_3_537000_4142000_image.tif","Tree",1,537000,537999.999,4142000,4142999.999
"4108",4108,537491.505,537499.477,4142106.041,4142116.448,"Silva","NEON_D07_MLBS_DP1_537000_4142000_classified_point_cloud.laz","2018_MLBS_3_537000_4142000_image.tif","Tree",1,537000,537999.999,4142000,4142999.999
"4109",4109,537491.019,537498.953,4142097.008,4142106.467,"Silva","NEON_D07_MLBS_DP1_537000_4142000_classified_point_cloud.laz","2018_MLBS_3_537000_4142000_image.tif","Tree",1,537000,537999.999,4142000,4142999.999
"4110",4110,537490.003,537499.979,4142090.085,4142096.999,"Silva","NEON_D07_MLBS_DP1_537000_4142000_classified_point_cloud.laz","2018_MLBS_3_537000_4142000_image.tif","Tree",1,537000,537999.999,4142000,4142999.999
"4111",4111,537493.652,537503.893,4142085.019,4142092.418,"Silva","NEON_D07_MLBS_DP1_537000_4142000_classified_point_cloud.laz","2018_MLBS_3_537000_4142000_image.tif","Tree",1,537000,537999.999,4142000,4142999.999
"4112",4112,537442.582,537452.498,4142171.507,4142183.43,"Silva","NEON_D07_MLBS_DP1_537000_4142000_classified_point_cloud.laz","2018_MLBS_3_537000_4142000_image.tif","Tree",1,537000,537999.999,4142000,4142999.999
"4113",4113,537426.135,537436.497,4142172.003,4142179.977,"Silva","NEON_D07_MLBS_DP1_537000_4142000_classified_point_cloud.laz","2018_MLBS_3_537000_4142000_image.tif","Tree",1,537000,537999.999,4142000,4142999.999
"4114",4114,537435.002,537445.452,4142169.504,4142181.985,"Silva","NEON_D07_MLBS_DP1_537000_4142000_classified_point_cloud.laz","2018_MLBS_3_537000_4142000_image.tif","Tree",1,537000,537999.999,4142000,4142999.999
"4115",4115,537470.501,537482.869,4142165.501,4142178.491,"Silva","NEON_D07_MLBS_DP1_537000_4142000_classified_point_cloud.laz","2018_MLBS_3_537000_4142000_image.tif","Tree",1,537000,537999.999,4142000,4142999.999
"4116",4116,537434.52,537442.913,4142164.042,4142172.462,"Silva","NEON_D07_MLBS_DP1_537000_4142000_classified_point_cloud.laz","2018_MLBS_3_537000_4142000_image.tif","Tree",1,537000,537999.999,4142000,4142999.999
"4117",4117,537451.532,537462.266,4142163.093,4142173.463,"Silva","NEON_D07_MLBS_DP1_537000_4142000_classified_point_cloud.laz","2018_MLBS_3_537000_4142000_image.tif","Tree",1,537000,537999.999,4142000,4142999.999
"4118",4118,537416.615,537429.463,4142158.007,4142169.449,"Silva","NEON_D07_MLBS_DP1_537000_4142000_classified_point_cloud.laz","2018_MLBS_3_537000_4142000_image.tif","Tree",1,537000,537999.999,4142000,4142999.999
"4119",4119,537481.509,537494.997,4142158.02,4142171.993,"Silva","NEON_D07_MLBS_DP1_537000_4142000_classified_point_cloud.laz","2018_MLBS_3_537000_4142000_image.tif","Tree",1,537000,537999.999,4142000,4142999.999
"4120",4120,537461.33,537471.41,4142158.002,4142167.969,"Silva","NEON_D07_MLBS_DP1_537000_4142000_classified_point_cloud.laz","2018_MLBS_3_537000_4142000_image.tif","Tree",1,537000,537999.999,4142000,4142999.999
"4121",4121,537453.522,537464.466,4142155.005,4142164.463,"Silva","NEON_D07_MLBS_DP1_537000_4142000_classified_point_cloud.laz","2018_MLBS_3_537000_4142000_image.tif","Tree",1,537000,537999.999,4142000,4142999.999
"4122",4122,537471.507,537481.979,4142153.009,4142162.448,"Silva","NEON_D07_MLBS_DP1_537000_4142000_classified_point_cloud.laz","2018_MLBS_3_537000_4142000_image.tif","Tree",1,537000,537999.999,4142000,4142999.999
"4123",4123,537445.556,537455.96,4142151.518,4142159.997,"Silva","NEON_D07_MLBS_DP1_537000_4142000_classified_point_cloud.laz","2018_MLBS_3_537000_4142000_image.tif","Tree",1,537000,537999.999,4142000,4142999.999
"4124",4124,537480.534,537492.485,4142149.531,4142158.986,"Silva","NEON_D07_MLBS_DP1_537000_4142000_classified_point_cloud.laz","2018_MLBS_3_537000_4142000_image.tif","Tree",1,537000,537999.999,4142000,4142999.999
"4125",4125,537441.573,537453.7,4142192.524,4142198.498,"Silva","NEON_D07_MLBS_DP1_537000_4142000_classified_point_cloud.laz","2018_MLBS_3_537000_4142000_image.tif","Tree",1,537000,537999.999,4142000,4142999.999
"4126",4126,537456.041,537467.489,4142188.034,4142200.997,"Silva","NEON_D07_MLBS_DP1_537000_4142000_classified_point_cloud.laz","2018_MLBS_3_537000_4142000_image.tif","Tree",1,537000,537999.999,4142000,4142999.999
"4127",4127,537472,537484.461,4142191.575,4142203.445,"Silva","NEON_D07_MLBS_DP1_537000_4142000_classified_point_cloud.laz","2018_MLBS_3_537000_4142000_image.tif","Tree",1,537000,537999.999,4142000,4142999.999
"4128",4128,537431.009,537439.992,4142189.501,4142202.489,"Silva","NEON_D07_MLBS_DP1_537000_4142000_classified_point_cloud.laz","2018_MLBS_3_537000_4142000_image.tif","Tree",1,537000,537999.999,4142000,4142999.999
"4129",4129,537423.184,537431.492,4142190.714,4142202.98,"Silva","NEON_D07_MLBS_DP1_537000_4142000_classified_point_cloud.laz","2018_MLBS_3_537000_4142000_image.tif","Tree",1,537000,537999.999,4142000,4142999.999
"4130",4130,537482.027,537491.935,4142197.025,4142205.485,"Silva","NEON_D07_MLBS_DP1_537000_4142000_classified_point_cloud.laz","2018_MLBS_3_537000_4142000_image.tif","Tree",1,537000,537999.999,4142000,4142999.999
"4131",4131,537441.024,537455.995,4142197.51,4142208.497,"Silva","NEON_D07_MLBS_DP1_537000_4142000_classified_point_cloud.laz","2018_MLBS_3_537000_4142000_image.tif","Tree",1,537000,537999.999,4142000,4142999.999
"4132",4132,537456.119,537467.988,4142198.506,4142210.5,"Silva","NEON_D07_MLBS_DP1_537000_4142000_classified_point_cloud.laz","2018_MLBS_3_537000_4142000_image.tif","Tree",1,537000,537999.999,4142000,4142999.999
"4133",4133,537483.042,537490.713,4142205.504,4142210.943,"Silva","NEON_D07_MLBS_DP1_537000_4142000_classified_point_cloud.laz","2018_MLBS_3_537000_4142000_image.tif","Tree",1,537000,537999.999,4142000,4142999.999
"4134",4134,537475.037,537482.98,4142203.008,4142212.053,"Silva","NEON_D07_MLBS_DP1_537000_4142000_classified_point_cloud.laz","2018_MLBS_3_537000_4142000_image.tif","Tree",1,537000,537999.999,4142000,4142999.999
"4135",4135,537427.005,537433.455,4142203.599,4142211.487,"Silva","NEON_D07_MLBS_DP1_537000_4142000_classified_point_cloud.laz","2018_MLBS_3_537000_4142000_image.tif","Tree",1,537000,537999.999,4142000,4142999.999
"4136",4136,537423.001,537426.997,4142203.015,4142212.492,"Silva","NEON_D07_MLBS_DP1_537000_4142000_classified_point_cloud.laz","2018_MLBS_3_537000_4142000_image.tif","Tree",1,537000,537999.999,4142000,4142999.999
"4137",4137,537468.018,537475.477,4142209.029,4142215.364,"Silva","NEON_D07_MLBS_DP1_537000_4142000_classified_point_cloud.laz","2018_MLBS_3_537000_4142000_image.tif","Tree",1,537000,537999.999,4142000,4142999.999
"4138",4138,537449.005,537460.944,4142207.517,4142220.444,"Silva","NEON_D07_MLBS_DP1_537000_4142000_classified_point_cloud.laz","2018_MLBS_3_537000_4142000_image.tif","Tree",1,537000,537999.999,4142000,4142999.999
"4139",4139,537435.02,537443.995,4142213.018,4142218.469,"Silva","NEON_D07_MLBS_DP1_537000_4142000_classified_point_cloud.laz","2018_MLBS_3_537000_4142000_image.tif","Tree",1,537000,537999.999,4142000,4142999.999
"4140",4140,537482.509,537488.999,4142277.52,4142286.491,"Silva","NEON_D07_MLBS_DP1_537000_4142000_classified_point_cloud.laz","2018_MLBS_3_537000_4142000_image.tif","Tree",1,537000,537999.999,4142000,4142999.999
"4141",4141,537442.507,537454.439,4142273.519,4142283.982,"Silva","NEON_D07_MLBS_DP1_537000_4142000_classified_point_cloud.laz","2018_MLBS_3_537000_4142000_image.tif","Tree",1,537000,537999.999,4142000,4142999.999
"4142",4142,537473.505,537479.915,4142275.582,4142282.956,"Silva","NEON_D07_MLBS_DP1_537000_4142000_classified_point_cloud.laz","2018_MLBS_3_537000_4142000_image.tif","Tree",1,537000,537999.999,4142000,4142999.999
"4143",4143,537478.513,537486.414,4142274.611,4142281.98,"Silva","NEON_D07_MLBS_DP1_537000_4142000_classified_point_cloud.laz","2018_MLBS_3_537000_4142000_image.tif","Tree",1,537000,537999.999,4142000,4142999.999
"4144",4144,537436.549,537443.992,4142263.027,4142271.998,"Silva","NEON_D07_MLBS_DP1_537000_4142000_classified_point_cloud.laz","2018_MLBS_3_537000_4142000_image.tif","Tree",1,537000,537999.999,4142000,4142999.999
"4145",4145,537431.506,537437.462,4142262.016,4142268.994,"Silva","NEON_D07_MLBS_DP1_537000_4142000_classified_point_cloud.laz","2018_MLBS_3_537000_4142000_image.tif","Tree",1,537000,537999.999,4142000,4142999.999
"4146",4146,537467.022,537478.455,4142257.512,4142269.439,"Silva","NEON_D07_MLBS_DP1_537000_4142000_classified_point_cloud.laz","2018_MLBS_3_537000_4142000_image.tif","Tree",1,537000,537999.999,4142000,4142999.999
"4147",4147,537432.527,537439.999,4142255.062,4142263.978,"Silva","NEON_D07_MLBS_DP1_537000_4142000_classified_point_cloud.laz","2018_MLBS_3_537000_4142000_image.tif","Tree",1,537000,537999.999,4142000,4142999.999
"4148",4148,537438.518,537446.481,4142252.006,4142264.314,"Silva","NEON_D07_MLBS_DP1_537000_4142000_classified_point_cloud.laz","2018_MLBS_3_537000_4142000_image.tif","Tree",1,537000,537999.999,4142000,4142999.999
"4149",4149,537478.082,537491.973,4142254.003,4142262.452,"Silva","NEON_D07_MLBS_DP1_537000_4142000_classified_point_cloud.laz","2018_MLBS_3_537000_4142000_image.tif","Tree",1,537000,537999.999,4142000,4142999.999
"4150",4150,537470.504,537481.99,4142249.158,4142260.479,"Silva","NEON_D07_MLBS_DP1_537000_4142000_classified_point_cloud.laz","2018_MLBS_3_537000_4142000_image.tif","Tree",1,537000,537999.999,4142000,4142999.999
"4151",4151,537485.113,537494.823,4142248.257,4142259.468,"Silva","NEON_D07_MLBS_DP1_537000_4142000_classified_point_cloud.laz","2018_MLBS_3_537000_4142000_image.tif","Tree",1,537000,537999.999,4142000,4142999.999
"4152",4152,537480.528,537490.997,4142244.143,4142253.98,"Silva","NEON_D07_MLBS_DP1_537000_4142000_classified_point_cloud.laz","2018_MLBS_3_537000_4142000_image.tif","Tree",1,537000,537999.999,4142000,4142999.999
"4153",4153,537476.534,537483.987,4142241.175,4142249.967,"Silva","NEON_D07_MLBS_DP1_537000_4142000_classified_point_cloud.laz","2018_MLBS_3_537000_4142000_image.tif","Tree",1,537000,537999.999,4142000,4142999.999
"4154",4154,537448.534,537458.424,4142240.02,4142248.471,"Silva","NEON_D07_MLBS_DP1_537000_4142000_classified_point_cloud.laz","2018_MLBS_3_537000_4142000_image.tif","Tree",1,537000,537999.999,4142000,4142999.999
"4155",4155,537424.005,537432.478,4142235.238,4142244.381,"Silva","NEON_D07_MLBS_DP1_537000_4142000_classified_point_cloud.laz","2018_MLBS_3_537000_4142000_image.tif","Tree",1,537000,537999.999,4142000,4142999.999
"4156",4156,537443.004,537449.925,4142237.513,4142243.998,"Silva","NEON_D07_MLBS_DP1_537000_4142000_classified_point_cloud.laz","2018_MLBS_3_537000_4142000_image.tif","Tree",1,537000,537999.999,4142000,4142999.999
"4157",4157,537445.022,537451.462,4142235.504,4142240.986,"Silva","NEON_D07_MLBS_DP1_537000_4142000_classified_point_cloud.laz","2018_MLBS_3_537000_4142000_image.tif","Tree",1,537000,537999.999,4142000,4142999.999
"4158",4158,537426.078,537435.498,4142230.511,4142238.995,"Silva","NEON_D07_MLBS_DP1_537000_4142000_classified_point_cloud.laz","2018_MLBS_3_537000_4142000_image.tif","Tree",1,537000,537999.999,4142000,4142999.999
"4159",4159,537483.523,537492.417,4142232.526,4142241.081,"Silva","NEON_D07_MLBS_DP1_537000_4142000_classified_point_cloud.laz","2018_MLBS_3_537000_4142000_image.tif","Tree",1,537000,537999.999,4142000,4142999.999
"4160",4160,537476.007,537484.999,4142230.546,4142240.227,"Silva","NEON_D07_MLBS_DP1_537000_4142000_classified_point_cloud.laz","2018_MLBS_3_537000_4142000_image.tif","Tree",1,537000,537999.999,4142000,4142999.999
"4161",4161,537450.505,537457.925,4142229.607,4142234.987,"Silva","NEON_D07_MLBS_DP1_537000_4142000_classified_point_cloud.laz","2018_MLBS_3_537000_4142000_image.tif","Tree",1,537000,537999.999,4142000,4142999.999
"4162",4162,537427.667,537436.485,4142225.005,4142230.988,"Silva","NEON_D07_MLBS_DP1_537000_4142000_classified_point_cloud.laz","2018_MLBS_3_537000_4142000_image.tif","Tree",1,537000,537999.999,4142000,4142999.999
"4163",4163,537484.046,537495.429,4142215.607,4142226.71,"Silva","NEON_D07_MLBS_DP1_537000_4142000_classified_point_cloud.laz","2018_MLBS_3_537000_4142000_image.tif","Tree",1,537000,537999.999,4142000,4142999.999
"4164",4164,537476.564,537484.406,4142215.29,4142225.967,"Silva","NEON_D07_MLBS_DP1_537000_4142000_classified_point_cloud.laz","2018_MLBS_3_537000_4142000_image.tif","Tree",1,537000,537999.999,4142000,4142999.999
"4165",4165,537431.071,537437.982,4142216.507,4142224.986,"Silva","NEON_D07_MLBS_DP1_537000_4142000_classified_point_cloud.laz","2018_MLBS_3_537000_4142000_image.tif","Tree",1,537000,537999.999,4142000,4142999.999
"4166",4166,537470.52,537479.415,4142221.071,4142229.494,"Silva","NEON_D07_MLBS_DP1_537000_4142000_classified_point_cloud.laz","2018_MLBS_3_537000_4142000_image.tif","Tree",1,537000,537999.999,4142000,4142999.999
"4167",4167,537436.198,537442.48,4142222.007,4142227.469,"Silva","NEON_D07_MLBS_DP1_537000_4142000_classified_point_cloud.laz","2018_MLBS_3_537000_4142000_image.tif","Tree",1,537000,537999.999,4142000,4142999.999
"4168",4168,537460.501,537471.427,4142220.547,4142232.43,"Silva","NEON_D07_MLBS_DP1_537000_4142000_classified_point_cloud.laz","2018_MLBS_3_537000_4142000_image.tif","Tree",1,537000,537999.999,4142000,4142999.999
"4169",4169,537422.063,537428.922,4142221.06,4142231.994,"Silva","NEON_D07_MLBS_DP1_537000_4142000_classified_point_cloud.laz","2018_MLBS_3_537000_4142000_image.tif","Tree",1,537000,537999.999,4142000,4142999.999
"4170",4170,537477.522,537489.496,4142224.024,4142233.372,"Silva","NEON_D07_MLBS_DP1_537000_4142000_classified_point_cloud.laz","2018_MLBS_3_537000_4142000_image.tif","Tree",1,537000,537999.999,4142000,4142999.999
"4171",4171,537488.502,537497.768,4142152.665,4142168.485,"Silva","NEON_D07_MLBS_DP1_537000_4142000_classified_point_cloud.laz","2018_MLBS_3_537000_4142000_image.tif","Tree",1,537000,537999.999,4142000,4142999.999
"4172",4172,537492.855,537502.492,4142150.294,4142157.493,"Silva","NEON_D07_MLBS_DP1_537000_4142000_classified_point_cloud.laz","2018_MLBS_3_537000_4142000_image.tif","Tree",1,537000,537999.999,4142000,4142999.999
"4173",4173,537486.525,537497.824,4142184.475,4142192.467,"Silva","NEON_D07_MLBS_DP1_537000_4142000_classified_point_cloud.laz","2018_MLBS_3_537000_4142000_image.tif","Tree",1,537000,537999.999,4142000,4142999.999
"4174",4174,537495.092,537503.466,4142187.694,4142197.219,"Silva","NEON_D07_MLBS_DP1_537000_4142000_classified_point_cloud.laz","2018_MLBS_3_537000_4142000_image.tif","Tree",1,537000,537999.999,4142000,4142999.999
"4175",4175,537482.519,537495.48,4142188.085,4142198.901,"Silva","NEON_D07_MLBS_DP1_537000_4142000_classified_point_cloud.laz","2018_MLBS_3_537000_4142000_image.tif","Tree",1,537000,537999.999,4142000,4142999.999
"4176",4176,537486.551,537494.233,4142207.311,4142215.231,"Silva","NEON_D07_MLBS_DP1_537000_4142000_classified_point_cloud.laz","2018_MLBS_3_537000_4142000_image.tif","Tree",1,537000,537999.999,4142000,4142999.999
"4177",4177,537488.567,537496.438,4142211.526,4142222.404,"Silva","NEON_D07_MLBS_DP1_537000_4142000_classified_point_cloud.laz","2018_MLBS_3_537000_4142000_image.tif","Tree",1,537000,537999.999,4142000,4142999.999
"4178",4178,537495.501,537503.481,4142274.624,4142284.457,"Silva","NEON_D07_MLBS_DP1_537000_4142000_classified_point_cloud.laz","2018_MLBS_3_537000_4142000_image.tif","Tree",1,537000,537999.999,4142000,4142999.999
"4179",4179,537492.008,537495.497,4142257.099,4142263.497,"Silva","NEON_D07_MLBS_DP1_537000_4142000_classified_point_cloud.laz","2018_MLBS_3_537000_4142000_image.tif","Tree",1,537000,537999.999,4142000,4142999.999
"4180",4180,537491.536,537500.819,4142245.842,4142251.493,"Silva","NEON_D07_MLBS_DP1_537000_4142000_classified_point_cloud.laz","2018_MLBS_3_537000_4142000_image.tif","Tree",1,537000,537999.999,4142000,4142999.999
"4181",4181,537484.13,537494.492,4142237.638,4142247.235,"Silva","NEON_D07_MLBS_DP1_537000_4142000_classified_point_cloud.laz","2018_MLBS_3_537000_4142000_image.tif","Tree",1,537000,537999.999,4142000,4142999.999
"4182",4182,537478.132,537485.919,4142338.042,4142348.491,"Silva","NEON_D07_MLBS_DP1_537000_4142000_classified_point_cloud.laz","2018_MLBS_3_537000_4142000_image.tif","Tree",1,537000,537999.999,4142000,4142999.999
"4183",4183,537482.043,537490.489,4142336.555,4142344.993,"Silva","NEON_D07_MLBS_DP1_537000_4142000_classified_point_cloud.laz","2018_MLBS_3_537000_4142000_image.tif","Tree",1,537000,537999.999,4142000,4142999.999
"4184",4184,537439.011,537451.354,4142280.008,4142287.988,"Silva","NEON_D07_MLBS_DP1_537000_4142000_classified_point_cloud.laz","2018_MLBS_3_537000_4142000_image.tif","Tree",1,537000,537999.999,4142000,4142999.999
"4185",4185,537426.118,537436.438,4142281.054,4142288.487,"Silva","NEON_D07_MLBS_DP1_537000_4142000_classified_point_cloud.laz","2018_MLBS_3_537000_4142000_image.tif","Tree",1,537000,537999.999,4142000,4142999.999
"4186",4186,537483.519,537492.473,4142286.104,4142293.811,"Silva","NEON_D07_MLBS_DP1_537000_4142000_classified_point_cloud.laz","2018_MLBS_3_537000_4142000_image.tif","Tree",1,537000,537999.999,4142000,4142999.999
"4187",4187,537469.502,537482.377,4142289.516,4142300.383,"Silva","NEON_D07_MLBS_DP1_537000_4142000_classified_point_cloud.laz","2018_MLBS_3_537000_4142000_image.tif","Tree",1,537000,537999.999,4142000,4142999.999
"4188",4188,537443.557,537450.494,4142290.501,4142297.496,"Silva","NEON_D07_MLBS_DP1_537000_4142000_classified_point_cloud.laz","2018_MLBS_3_537000_4142000_image.tif","Tree",1,537000,537999.999,4142000,4142999.999
"4189",4189,537433.013,537437.996,4142288.086,4142299.947,"Silva","NEON_D07_MLBS_DP1_537000_4142000_classified_point_cloud.laz","2018_MLBS_3_537000_4142000_image.tif","Tree",1,537000,537999.999,4142000,4142999.999
"4190",4190,537448.505,537457.483,4142293.117,4142299,"Silva","NEON_D07_MLBS_DP1_537000_4142000_classified_point_cloud.laz","2018_MLBS_3_537000_4142000_image.tif","Tree",1,537000,537999.999,4142000,4142999.999
"4191",4191,537435.542,537443.965,4142292.036,4142298.888,"Silva","NEON_D07_MLBS_DP1_537000_4142000_classified_point_cloud.laz","2018_MLBS_3_537000_4142000_image.tif","Tree",1,537000,537999.999,4142000,4142999.999
"4192",4192,537456.001,537469.451,4142290.501,4142301.973,"Silva","NEON_D07_MLBS_DP1_537000_4142000_classified_point_cloud.laz","2018_MLBS_3_537000_4142000_image.tif","Tree",1,537000,537999.999,4142000,4142999.999
"4193",4193,537483.711,537489.436,4142297.542,4142305.366,"Silva","NEON_D07_MLBS_DP1_537000_4142000_classified_point_cloud.laz","2018_MLBS_3_537000_4142000_image.tif","Tree",1,537000,537999.999,4142000,4142999.999
"4194",4194,537435.035,537445.955,4142295.003,4142301.5,"Silva","NEON_D07_MLBS_DP1_537000_4142000_classified_point_cloud.laz","2018_MLBS_3_537000_4142000_image.tif","Tree",1,537000,537999.999,4142000,4142999.999
"4195",4195,537448.527,537457.481,4142299.001,4142309.485,"Silva","NEON_D07_MLBS_DP1_537000_4142000_classified_point_cloud.laz","2018_MLBS_3_537000_4142000_image.tif","Tree",1,537000,537999.999,4142000,4142999.999
"4196",4196,537473.052,537483.406,4142300.515,4142308.982,"Silva","NEON_D07_MLBS_DP1_537000_4142000_classified_point_cloud.laz","2018_MLBS_3_537000_4142000_image.tif","Tree",1,537000,537999.999,4142000,4142999.999
"4197",4197,537452.001,537462.458,4142301.058,4142312.914,"Silva","NEON_D07_MLBS_DP1_537000_4142000_classified_point_cloud.laz","2018_MLBS_3_537000_4142000_image.tif","Tree",1,537000,537999.999,4142000,4142999.999
"4198",4198,537480.019,537488.978,4142304.515,4142313.997,"Silva","NEON_D07_MLBS_DP1_537000_4142000_classified_point_cloud.laz","2018_MLBS_3_537000_4142000_image.tif","Tree",1,537000,537999.999,4142000,4142999.999
"4199",4199,537458.07,537469.498,4142306.001,4142314.798,"Silva","NEON_D07_MLBS_DP1_537000_4142000_classified_point_cloud.laz","2018_MLBS_3_537000_4142000_image.tif","Tree",1,537000,537999.999,4142000,4142999.999
"4200",4200,537440.54,537448.983,4142306.575,4142313.998,"Silva","NEON_D07_MLBS_DP1_537000_4142000_classified_point_cloud.laz","2018_MLBS_3_537000_4142000_image.tif","Tree",1,537000,537999.999,4142000,4142999.999
"4201",4201,537433.023,537442.474,4142307.035,4142315.389,"Silva","NEON_D07_MLBS_DP1_537000_4142000_classified_point_cloud.laz","2018_MLBS_3_537000_4142000_image.tif","Tree",1,537000,537999.999,4142000,4142999.999
"4202",4202,537444.011,537451.914,4142308.507,4142316.445,"Silva","NEON_D07_MLBS_DP1_537000_4142000_classified_point_cloud.laz","2018_MLBS_3_537000_4142000_image.tif","Tree",1,537000,537999.999,4142000,4142999.999
"4203",4203,537479.038,537490.393,4142313.531,4142323.465,"Silva","NEON_D07_MLBS_DP1_537000_4142000_classified_point_cloud.laz","2018_MLBS_3_537000_4142000_image.tif","Tree",1,537000,537999.999,4142000,4142999.999
"4204",4204,537449.514,537458.438,4142310.561,4142321.475,"Silva","NEON_D07_MLBS_DP1_537000_4142000_classified_point_cloud.laz","2018_MLBS_3_537000_4142000_image.tif","Tree",1,537000,537999.999,4142000,4142999.999
"4205",4205,537459.508,537472.458,4142314.006,4142324.432,"Silva","NEON_D07_MLBS_DP1_537000_4142000_classified_point_cloud.laz","2018_MLBS_3_537000_4142000_image.tif","Tree",1,537000,537999.999,4142000,4142999.999
"4206",4206,537441.001,537445.983,4142314.024,4142321.947,"Silva","NEON_D07_MLBS_DP1_537000_4142000_classified_point_cloud.laz","2018_MLBS_3_537000_4142000_image.tif","Tree",1,537000,537999.999,4142000,4142999.999
"4207",4207,537444.516,537451.412,4142316.013,4142322.495,"Silva","NEON_D07_MLBS_DP1_537000_4142000_classified_point_cloud.laz","2018_MLBS_3_537000_4142000_image.tif","Tree",1,537000,537999.999,4142000,4142999.999
"4208",4208,537436.038,537442.481,4142315.007,4142320.371,"Silva","NEON_D07_MLBS_DP1_537000_4142000_classified_point_cloud.laz","2018_MLBS_3_537000_4142000_image.tif","Tree",1,537000,537999.999,4142000,4142999.999
"4209",4209,537480.53,537491.471,4142319.565,4142327.97,"Silva","NEON_D07_MLBS_DP1_537000_4142000_classified_point_cloud.laz","2018_MLBS_3_537000_4142000_image.tif","Tree",1,537000,537999.999,4142000,4142999.999
"4210",4210,537435.58,537444.362,4142318.567,4142325,"Silva","NEON_D07_MLBS_DP1_537000_4142000_classified_point_cloud.laz","2018_MLBS_3_537000_4142000_image.tif","Tree",1,537000,537999.999,4142000,4142999.999
"4211",4211,537464.531,537474.497,4142319.506,4142331.946,"Silva","NEON_D07_MLBS_DP1_537000_4142000_classified_point_cloud.laz","2018_MLBS_3_537000_4142000_image.tif","Tree",1,537000,537999.999,4142000,4142999.999
"4212",4212,537434.13,537443.952,4142324.523,4142333.337,"Silva","NEON_D07_MLBS_DP1_537000_4142000_classified_point_cloud.laz","2018_MLBS_3_537000_4142000_image.tif","Tree",1,537000,537999.999,4142000,4142999.999
"4213",4213,537461.727,537470.981,4142327.005,4142334.486,"Silva","NEON_D07_MLBS_DP1_537000_4142000_classified_point_cloud.laz","2018_MLBS_3_537000_4142000_image.tif","Tree",1,537000,537999.999,4142000,4142999.999
"4214",4214,537441.001,537450.491,4142333.519,4142339.994,"Silva","NEON_D07_MLBS_DP1_537000_4142000_classified_point_cloud.laz","2018_MLBS_3_537000_4142000_image.tif","Tree",1,537000,537999.999,4142000,4142999.999
"4215",4215,537484.028,537493.977,4142363.619,4142372.41,"Silva","NEON_D07_MLBS_DP1_537000_4142000_classified_point_cloud.laz","2018_MLBS_3_537000_4142000_image.tif","Tree",1,537000,537999.999,4142000,4142999.999
"4216",4216,537455.509,537463.976,4142358.01,4142366.488,"Silva","NEON_D07_MLBS_DP1_537000_4142000_classified_point_cloud.laz","2018_MLBS_3_537000_4142000_image.tif","Tree",1,537000,537999.999,4142000,4142999.999
"4217",4217,537475.504,537484.24,4142354.559,4142361.937,"Silva","NEON_D07_MLBS_DP1_537000_4142000_classified_point_cloud.laz","2018_MLBS_3_537000_4142000_image.tif","Tree",1,537000,537999.999,4142000,4142999.999
"4218",4218,537466.644,537475.989,4142352.506,4142364.997,"Silva","NEON_D07_MLBS_DP1_537000_4142000_classified_point_cloud.laz","2018_MLBS_3_537000_4142000_image.tif","Tree",1,537000,537999.999,4142000,4142999.999
"4219",4219,537455.532,537462.471,4142352.51,4142358.97,"Silva","NEON_D07_MLBS_DP1_537000_4142000_classified_point_cloud.laz","2018_MLBS_3_537000_4142000_image.tif","Tree",1,537000,537999.999,4142000,4142999.999
"4220",4220,537481.627,537489.729,4142351.51,4142358.443,"Silva","NEON_D07_MLBS_DP1_537000_4142000_classified_point_cloud.laz","2018_MLBS_3_537000_4142000_image.tif","Tree",1,537000,537999.999,4142000,4142999.999
"4221",4221,537471.006,537477.496,4142347.046,4142355.761,"Silva","NEON_D07_MLBS_DP1_537000_4142000_classified_point_cloud.laz","2018_MLBS_3_537000_4142000_image.tif","Tree",1,537000,537999.999,4142000,4142999.999
"4222",4222,537491.203,537499.483,4142290.114,4142298.998,"Silva","NEON_D07_MLBS_DP1_537000_4142000_classified_point_cloud.laz","2018_MLBS_3_537000_4142000_image.tif","Tree",1,537000,537999.999,4142000,4142999.999
"4223",4223,537486.544,537492.455,4142293.011,4142298.467,"Silva","NEON_D07_MLBS_DP1_537000_4142000_classified_point_cloud.laz","2018_MLBS_3_537000_4142000_image.tif","Tree",1,537000,537999.999,4142000,4142999.999
"4224",4224,537495.515,537504.499,4142291.644,4142301.498,"Silva","NEON_D07_MLBS_DP1_537000_4142000_classified_point_cloud.laz","2018_MLBS_3_537000_4142000_image.tif","Tree",1,537000,537999.999,4142000,4142999.999
"4225",4225,537487.1,537495.48,4142301.002,4142307.494,"Silva","NEON_D07_MLBS_DP1_537000_4142000_classified_point_cloud.laz","2018_MLBS_3_537000_4142000_image.tif","Tree",1,537000,537999.999,4142000,4142999.999
"4226",4226,537495.005,537503.913,4142301.506,4142308.998,"Silva","NEON_D07_MLBS_DP1_537000_4142000_classified_point_cloud.laz","2018_MLBS_3_537000_4142000_image.tif","Tree",1,537000,537999.999,4142000,4142999.999
"4227",4227,537488.02,537497.931,4142306.071,4142315.99,"Silva","NEON_D07_MLBS_DP1_537000_4142000_classified_point_cloud.laz","2018_MLBS_3_537000_4142000_image.tif","Tree",1,537000,537999.999,4142000,4142999.999
"4228",4228,537489.506,537497.997,4142316.03,4142327.993,"Silva","NEON_D07_MLBS_DP1_537000_4142000_classified_point_cloud.laz","2018_MLBS_3_537000_4142000_image.tif","Tree",1,537000,537999.999,4142000,4142999.999
"4229",4229,537492.503,537501.856,4142327.03,4142338.921,"Silva","NEON_D07_MLBS_DP1_537000_4142000_classified_point_cloud.laz","2018_MLBS_3_537000_4142000_image.tif","Tree",1,537000,537999.999,4142000,4142999.999
"4230",4230,537488.561,537495.989,4142342.501,4142351.795,"Silva","NEON_D07_MLBS_DP1_537000_4142000_classified_point_cloud.laz","2018_MLBS_3_537000_4142000_image.tif","Tree",1,537000,537999.999,4142000,4142999.999
"4231",4231,537427.002,537436.498,4142313.004,4142325.964,"Silva","NEON_D07_MLBS_DP1_537000_4142000_classified_point_cloud.laz","2018_MLBS_3_537000_4142000_image.tif","Tree",1,537000,537999.999,4142000,4142999.999
"4232",4232,537427.735,537438.468,4142337.525,4142345.452,"Silva","NEON_D07_MLBS_DP1_537000_4142000_classified_point_cloud.laz","2018_MLBS_3_537000_4142000_image.tif","Tree",1,537000,537999.999,4142000,4142999.999
"4233",4233,537442.516,537449.997,4142340.002,4142346.79,"Silva","NEON_D07_MLBS_DP1_537000_4142000_classified_point_cloud.laz","2018_MLBS_3_537000_4142000_image.tif","Tree",1,537000,537999.999,4142000,4142999.999
"4234",4234,537439.558,537448.981,4142344.515,4142350.782,"Silva","NEON_D07_MLBS_DP1_537000_4142000_classified_point_cloud.laz","2018_MLBS_3_537000_4142000_image.tif","Tree",1,537000,537999.999,4142000,4142999.999
"4235",4235,537427.069,537432.892,4142347.502,4142353.495,"Silva","NEON_D07_MLBS_DP1_537000_4142000_classified_point_cloud.laz","2018_MLBS_3_537000_4142000_image.tif","Tree",1,537000,537999.999,4142000,4142999.999
"4236",4236,537431.086,537439.493,4142346.554,4142354.493,"Silva","NEON_D07_MLBS_DP1_537000_4142000_classified_point_cloud.laz","2018_MLBS_3_537000_4142000_image.tif","Tree",1,537000,537999.999,4142000,4142999.999
"4237",4237,537461.017,537468.392,4142348.042,4142358.495,"Silva","NEON_D07_MLBS_DP1_537000_4142000_classified_point_cloud.laz","2018_MLBS_3_537000_4142000_image.tif","Tree",1,537000,537999.999,4142000,4142999.999
"4238",4238,537439.53,537450.496,4142349.274,4142355.495,"Silva","NEON_D07_MLBS_DP1_537000_4142000_classified_point_cloud.laz","2018_MLBS_3_537000_4142000_image.tif","Tree",1,537000,537999.999,4142000,4142999.999
"4239",4239,537426.537,537438.458,4142352.528,4142358.363,"Silva","NEON_D07_MLBS_DP1_537000_4142000_classified_point_cloud.laz","2018_MLBS_3_537000_4142000_image.tif","Tree",1,537000,537999.999,4142000,4142999.999
"4240",4240,537438.516,537448.493,4142352.53,4142361.497,"Silva","NEON_D07_MLBS_DP1_537000_4142000_classified_point_cloud.laz","2018_MLBS_3_537000_4142000_image.tif","Tree",1,537000,537999.999,4142000,4142999.999
"4241",4241,537461.599,537472.986,4142358.103,4142366.999,"Silva","NEON_D07_MLBS_DP1_537000_4142000_classified_point_cloud.laz","2018_MLBS_3_537000_4142000_image.tif","Tree",1,537000,537999.999,4142000,4142999.999
"4242",4242,537430.515,537438.4,4142362.512,4142368,"Silva","NEON_D07_MLBS_DP1_537000_4142000_classified_point_cloud.laz","2018_MLBS_3_537000_4142000_image.tif","Tree",1,537000,537999.999,4142000,4142999.999
"4243",4243,537437.053,537443.41,4142364.015,4142369.995,"Silva","NEON_D07_MLBS_DP1_537000_4142000_classified_point_cloud.laz","2018_MLBS_3_537000_4142000_image.tif","Tree",1,537000,537999.999,4142000,4142999.999
"4244",4244,537481.048,537489.986,4142367.529,4142373.493,"Silva","NEON_D07_MLBS_DP1_537000_4142000_classified_point_cloud.laz","2018_MLBS_3_537000_4142000_image.tif","Tree",1,537000,537999.999,4142000,4142999.999
"4245",4245,537461.011,537472.427,4142367.001,4142375.5,"Silva","NEON_D07_MLBS_DP1_537000_4142000_classified_point_cloud.laz","2018_MLBS_3_537000_4142000_image.tif","Tree",1,537000,537999.999,4142000,4142999.999
"4246",4246,537471.08,537481.495,4142366.026,4142376.952,"Silva","NEON_D07_MLBS_DP1_537000_4142000_classified_point_cloud.laz","2018_MLBS_3_537000_4142000_image.tif","Tree",1,537000,537999.999,4142000,4142999.999
"4247",4247,537431.017,537437.923,4142368.012,4142372.495,"Silva","NEON_D07_MLBS_DP1_537000_4142000_classified_point_cloud.laz","2018_MLBS_3_537000_4142000_image.tif","Tree",1,537000,537999.999,4142000,4142999.999
"4248",4248,537481.034,537488.914,4142372.515,4142380.412,"Silva","NEON_D07_MLBS_DP1_537000_4142000_classified_point_cloud.laz","2018_MLBS_3_537000_4142000_image.tif","Tree",1,537000,537999.999,4142000,4142999.999
"4249",4249,537436.537,537442.494,4142369.508,4142378.968,"Silva","NEON_D07_MLBS_DP1_537000_4142000_classified_point_cloud.laz","2018_MLBS_3_537000_4142000_image.tif","Tree",1,537000,537999.999,4142000,4142999.999
"4250",4250,537475.515,537486.352,4142374.505,4142383.777,"Silva","NEON_D07_MLBS_DP1_537000_4142000_classified_point_cloud.laz","2018_MLBS_3_537000_4142000_image.tif","Tree",1,537000,537999.999,4142000,4142999.999
"4251",4251,537452.529,537459.984,4142377.507,4142383.998,"Silva","NEON_D07_MLBS_DP1_537000_4142000_classified_point_cloud.laz","2018_MLBS_3_537000_4142000_image.tif","Tree",1,537000,537999.999,4142000,4142999.999
"4252",4252,537458.627,537465.468,4142384.061,4142392.99,"Silva","NEON_D07_MLBS_DP1_537000_4142000_classified_point_cloud.laz","2018_MLBS_3_537000_4142000_image.tif","Tree",1,537000,537999.999,4142000,4142999.999
"4253",4253,537467.526,537475.315,4142388.518,4142397.356,"Silva","NEON_D07_MLBS_DP1_537000_4142000_classified_point_cloud.laz","2018_MLBS_3_537000_4142000_image.tif","Tree",1,537000,537999.999,4142000,4142999.999
"4254",4254,537475.076,537486.971,4142394.108,4142405.457,"Silva","NEON_D07_MLBS_DP1_537000_4142000_classified_point_cloud.laz","2018_MLBS_3_537000_4142000_image.tif","Tree",1,537000,537999.999,4142000,4142999.999
"4255",4255,537467.005,537475.458,4142396.511,4142405.467,"Silva","NEON_D07_MLBS_DP1_537000_4142000_classified_point_cloud.laz","2018_MLBS_3_537000_4142000_image.tif","Tree",1,537000,537999.999,4142000,4142999.999
"4256",4256,537452.028,537460.476,4142400.006,4142412.992,"Silva","NEON_D07_MLBS_DP1_537000_4142000_classified_point_cloud.laz","2018_MLBS_3_537000_4142000_image.tif","Tree",1,537000,537999.999,4142000,4142999.999
"4257",4257,537457.502,537465.49,4142404.124,4142414,"Silva","NEON_D07_MLBS_DP1_537000_4142000_classified_point_cloud.laz","2018_MLBS_3_537000_4142000_image.tif","Tree",1,537000,537999.999,4142000,4142999.999
"4258",4258,537492.533,537503.996,4142364.102,4142375.828,"Silva","NEON_D07_MLBS_DP1_537000_4142000_classified_point_cloud.laz","2018_MLBS_3_537000_4142000_image.tif","Tree",1,537000,537999.999,4142000,4142999.999
"4259",4259,537488.006,537495.931,4142383.191,4142392.385,"Silva","NEON_D07_MLBS_DP1_537000_4142000_classified_point_cloud.laz","2018_MLBS_3_537000_4142000_image.tif","Tree",1,537000,537999.999,4142000,4142999.999
"4260",4260,537493.504,537505.783,4142383.01,4142396.496,"Silva","NEON_D07_MLBS_DP1_537000_4142000_classified_point_cloud.laz","2018_MLBS_3_537000_4142000_image.tif","Tree",1,537000,537999.999,4142000,4142999.999
"4261",4261,537483.566,537497.397,4142403.526,4142412.415,"Silva","NEON_D07_MLBS_DP1_537000_4142000_classified_point_cloud.laz","2018_MLBS_3_537000_4142000_image.tif","Tree",1,537000,537999.999,4142000,4142999.999
"4262",4262,537483.677,537490.953,4142476.544,4142482.459,"Silva","NEON_D07_MLBS_DP1_537000_4142000_classified_point_cloud.laz","2018_MLBS_3_537000_4142000_image.tif","Tree",1,537000,537999.999,4142000,4142999.999
"4263",4263,537441.508,537450.477,4142443.003,4142453.949,"Silva","NEON_D07_MLBS_DP1_537000_4142000_classified_point_cloud.laz","2018_MLBS_3_537000_4142000_image.tif","Tree",1,537000,537999.999,4142000,4142999.999
"4264",4264,537462.577,537473.471,4142446.003,4142453.93,"Silva","NEON_D07_MLBS_DP1_537000_4142000_classified_point_cloud.laz","2018_MLBS_3_537000_4142000_image.tif","Tree",1,537000,537999.999,4142000,4142999.999
"4265",4265,537480.625,537490.947,4142444.072,4142452.37,"Silva","NEON_D07_MLBS_DP1_537000_4142000_classified_point_cloud.laz","2018_MLBS_3_537000_4142000_image.tif","Tree",1,537000,537999.999,4142000,4142999.999
"4266",4266,537472.005,537481.467,4142442.503,4142451.465,"Silva","NEON_D07_MLBS_DP1_537000_4142000_classified_point_cloud.laz","2018_MLBS_3_537000_4142000_image.tif","Tree",1,537000,537999.999,4142000,4142999.999
"4267",4267,537481.505,537490.996,4142437.501,4142447.922,"Silva","NEON_D07_MLBS_DP1_537000_4142000_classified_point_cloud.laz","2018_MLBS_3_537000_4142000_image.tif","Tree",1,537000,537999.999,4142000,4142999.999
"4268",4268,537460.009,537467.481,4142437.617,4142446.423,"Silva","NEON_D07_MLBS_DP1_537000_4142000_classified_point_cloud.laz","2018_MLBS_3_537000_4142000_image.tif","Tree",1,537000,537999.999,4142000,4142999.999
"4269",4269,537444.004,537453.999,4142433.589,4142443.994,"Silva","NEON_D07_MLBS_DP1_537000_4142000_classified_point_cloud.laz","2018_MLBS_3_537000_4142000_image.tif","Tree",1,537000,537999.999,4142000,4142999.999
"4270",4270,537470,537479.224,4142434.639,4142442.496,"Silva","NEON_D07_MLBS_DP1_537000_4142000_classified_point_cloud.laz","2018_MLBS_3_537000_4142000_image.tif","Tree",1,537000,537999.999,4142000,4142999.999
"4271",4271,537453.509,537464.28,4142432.617,4142439.496,"Silva","NEON_D07_MLBS_DP1_537000_4142000_classified_point_cloud.laz","2018_MLBS_3_537000_4142000_image.tif","Tree",1,537000,537999.999,4142000,4142999.999
"4272",4272,537476.629,537485.449,4142431.047,4142442.97,"Silva","NEON_D07_MLBS_DP1_537000_4142000_classified_point_cloud.laz","2018_MLBS_3_537000_4142000_image.tif","Tree",1,537000,537999.999,4142000,4142999.999
"4273",4273,537463,537469.978,4142430.519,4142438.497,"Silva","NEON_D07_MLBS_DP1_537000_4142000_classified_point_cloud.laz","2018_MLBS_3_537000_4142000_image.tif","Tree",1,537000,537999.999,4142000,4142999.999
"4274",4274,537479.504,537491.497,4142425.034,4142435.886,"Silva","NEON_D07_MLBS_DP1_537000_4142000_classified_point_cloud.laz","2018_MLBS_3_537000_4142000_image.tif","Tree",1,537000,537999.999,4142000,4142999.999
"4275",4275,537461.612,537470.993,4142421.505,4142427.941,"Silva","NEON_D07_MLBS_DP1_537000_4142000_classified_point_cloud.laz","2018_MLBS_3_537000_4142000_image.tif","Tree",1,537000,537999.999,4142000,4142999.999
"4276",4276,537471.1,537477.994,4142410.669,4142417.992,"Silva","NEON_D07_MLBS_DP1_537000_4142000_classified_point_cloud.laz","2018_MLBS_3_537000_4142000_image.tif","Tree",1,537000,537999.999,4142000,4142999.999
"4277",4277,537477.505,537483.44,4142408.256,4142420.489,"Silva","NEON_D07_MLBS_DP1_537000_4142000_classified_point_cloud.laz","2018_MLBS_3_537000_4142000_image.tif","Tree",1,537000,537999.999,4142000,4142999.999
"4278",4278,537458.522,537468.343,4142413.129,4142421.981,"Silva","NEON_D07_MLBS_DP1_537000_4142000_classified_point_cloud.laz","2018_MLBS_3_537000_4142000_image.tif","Tree",1,537000,537999.999,4142000,4142999.999
"4279",4279,537467.517,537472.997,4142413.51,4142424.969,"Silva","NEON_D07_MLBS_DP1_537000_4142000_classified_point_cloud.laz","2018_MLBS_3_537000_4142000_image.tif","Tree",1,537000,537999.999,4142000,4142999.999
"4280",4280,537471.5,537479.998,4142417.014,4142426.489,"Silva","NEON_D07_MLBS_DP1_537000_4142000_classified_point_cloud.laz","2018_MLBS_3_537000_4142000_image.tif","Tree",1,537000,537999.999,4142000,4142999.999
"4281",4281,537479.509,537490.908,4142418.525,4142426.968,"Silva","NEON_D07_MLBS_DP1_537000_4142000_classified_point_cloud.laz","2018_MLBS_3_537000_4142000_image.tif","Tree",1,537000,537999.999,4142000,4142999.999
"4282",4282,537461.022,537470.983,4142447.104,4142455.452,"Silva","NEON_D07_MLBS_DP1_537000_4142000_classified_point_cloud.laz","2018_MLBS_3_537000_4142000_image.tif","Tree",1,537000,537999.999,4142000,4142999.999
"4283",4283,537439,537446.458,4142444.528,4142454.492,"Silva","NEON_D07_MLBS_DP1_537000_4142000_classified_point_cloud.laz","2018_MLBS_3_537000_4142000_image.tif","Tree",1,537000,537999.999,4142000,4142999.999
"4284",4284,537430.503,537438.998,4142443.516,4142454.477,"Silva","NEON_D07_MLBS_DP1_537000_4142000_classified_point_cloud.laz","2018_MLBS_3_537000_4142000_image.tif","Tree",1,537000,537999.999,4142000,4142999.999
"4285",4285,537470.614,537481.937,4142451.507,4142460.494,"Silva","NEON_D07_MLBS_DP1_537000_4142000_classified_point_cloud.laz","2018_MLBS_3_537000_4142000_image.tif","Tree",1,537000,537999.999,4142000,4142999.999
"4286",4286,537454.544,537462.999,4142452.005,4142458.992,"Silva","NEON_D07_MLBS_DP1_537000_4142000_classified_point_cloud.laz","2018_MLBS_3_537000_4142000_image.tif","Tree",1,537000,537999.999,4142000,4142999.999
"4287",4287,537462.116,537470.944,4142455.014,4142463.362,"Silva","NEON_D07_MLBS_DP1_537000_4142000_classified_point_cloud.laz","2018_MLBS_3_537000_4142000_image.tif","Tree",1,537000,537999.999,4142000,4142999.999
"4288",4288,537474.016,537482.47,4142458.678,4142465.962,"Silva","NEON_D07_MLBS_DP1_537000_4142000_classified_point_cloud.laz","2018_MLBS_3_537000_4142000_image.tif","Tree",1,537000,537999.999,4142000,4142999.999
"4289",4289,537480.01,537488.488,4142460.074,4142467.992,"Silva","NEON_D07_MLBS_DP1_537000_4142000_classified_point_cloud.laz","2018_MLBS_3_537000_4142000_image.tif","Tree",1,537000,537999.999,4142000,4142999.999
"4290",4290,537467.079,537474.427,4142458.356,4142468.395,"Silva","NEON_D07_MLBS_DP1_537000_4142000_classified_point_cloud.laz","2018_MLBS_3_537000_4142000_image.tif","Tree",1,537000,537999.999,4142000,4142999.999
"4291",4291,537471.001,537479.979,4142464.661,4142473.893,"Silva","NEON_D07_MLBS_DP1_537000_4142000_classified_point_cloud.laz","2018_MLBS_3_537000_4142000_image.tif","Tree",1,537000,537999.999,4142000,4142999.999
"4292",4292,537478.5,537487.431,4142466.567,4142472.937,"Silva","NEON_D07_MLBS_DP1_537000_4142000_classified_point_cloud.laz","2018_MLBS_3_537000_4142000_image.tif","Tree",1,537000,537999.999,4142000,4142999.999
"4293",4293,537480.583,537487.34,4142471.757,4142478.429,"Silva","NEON_D07_MLBS_DP1_537000_4142000_classified_point_cloud.laz","2018_MLBS_3_537000_4142000_image.tif","Tree",1,537000,537999.999,4142000,4142999.999
"4294",4294,537465.507,537475.92,4142471.011,4142480.966,"Silva","NEON_D07_MLBS_DP1_537000_4142000_classified_point_cloud.laz","2018_MLBS_3_537000_4142000_image.tif","Tree",1,537000,537999.999,4142000,4142999.999
"4295",4295,537458.505,537465.491,4142473.504,4142481.985,"Silva","NEON_D07_MLBS_DP1_537000_4142000_classified_point_cloud.laz","2018_MLBS_3_537000_4142000_image.tif","Tree",1,537000,537999.999,4142000,4142999.999
"4296",4296,537473.077,537478.461,4142493.611,4142502.967,"Silva","NEON_D07_MLBS_DP1_537000_4142000_classified_point_cloud.laz","2018_MLBS_3_537000_4142000_image.tif","Tree",1,537000,537999.999,4142000,4142999.999
"4297",4297,537466.569,537473.478,4142495.002,4142502.468,"Silva","NEON_D07_MLBS_DP1_537000_4142000_classified_point_cloud.laz","2018_MLBS_3_537000_4142000_image.tif","Tree",1,537000,537999.999,4142000,4142999.999
"4298",4298,537441.007,537450.489,4142492.038,4142500.995,"Silva","NEON_D07_MLBS_DP1_537000_4142000_classified_point_cloud.laz","2018_MLBS_3_537000_4142000_image.tif","Tree",1,537000,537999.999,4142000,4142999.999
"4299",4299,537477.563,537487.94,4142492.501,4142499.486,"Silva","NEON_D07_MLBS_DP1_537000_4142000_classified_point_cloud.laz","2018_MLBS_3_537000_4142000_image.tif","Tree",1,537000,537999.999,4142000,4142999.999
"4300",4300,537467.062,537476.817,4142488.504,4142494.995,"Silva","NEON_D07_MLBS_DP1_537000_4142000_classified_point_cloud.laz","2018_MLBS_3_537000_4142000_image.tif","Tree",1,537000,537999.999,4142000,4142999.999
"4301",4301,537435.064,537445.994,4142485.003,4142494.489,"Silva","NEON_D07_MLBS_DP1_537000_4142000_classified_point_cloud.laz","2018_MLBS_3_537000_4142000_image.tif","Tree",1,537000,537999.999,4142000,4142999.999
"4302",4302,537484.524,537493.992,4142488.001,4142496.991,"Silva","NEON_D07_MLBS_DP1_537000_4142000_classified_point_cloud.laz","2018_MLBS_3_537000_4142000_image.tif","Tree",1,537000,537999.999,4142000,4142999.999
"4303",4303,537454.015,537460.997,4142485.511,4142493.894,"Silva","NEON_D07_MLBS_DP1_537000_4142000_classified_point_cloud.laz","2018_MLBS_3_537000_4142000_image.tif","Tree",1,537000,537999.999,4142000,4142999.999
"4304",4304,537477.181,537484.998,4142485.542,4142493.491,"Silva","NEON_D07_MLBS_DP1_537000_4142000_classified_point_cloud.laz","2018_MLBS_3_537000_4142000_image.tif","Tree",1,537000,537999.999,4142000,4142999.999
"4305",4305,537472.531,537479.49,4142484.514,4142492.89,"Silva","NEON_D07_MLBS_DP1_537000_4142000_classified_point_cloud.laz","2018_MLBS_3_537000_4142000_image.tif","Tree",1,537000,537999.999,4142000,4142999.999
"4306",4306,537468.025,537474.475,4142481.004,4142488.988,"Silva","NEON_D07_MLBS_DP1_537000_4142000_classified_point_cloud.laz","2018_MLBS_3_537000_4142000_image.tif","Tree",1,537000,537999.999,4142000,4142999.999
"4307",4307,537460.501,537468.971,4142479.548,4142487.988,"Silva","NEON_D07_MLBS_DP1_537000_4142000_classified_point_cloud.laz","2018_MLBS_3_537000_4142000_image.tif","Tree",1,537000,537999.999,4142000,4142999.999
"4308",4308,537481.291,537488.334,4142481.534,4142489.475,"Silva","NEON_D07_MLBS_DP1_537000_4142000_classified_point_cloud.laz","2018_MLBS_3_537000_4142000_image.tif","Tree",1,537000,537999.999,4142000,4142999.999
"4309",4309,537473.011,537482.497,4142477.52,4142486.489,"Silva","NEON_D07_MLBS_DP1_537000_4142000_classified_point_cloud.laz","2018_MLBS_3_537000_4142000_image.tif","Tree",1,537000,537999.999,4142000,4142999.999
"4310",4310,537491.032,537502.944,4142443.65,4142453.484,"Silva","NEON_D07_MLBS_DP1_537000_4142000_classified_point_cloud.laz","2018_MLBS_3_537000_4142000_image.tif","Tree",1,537000,537999.999,4142000,4142999.999
"4311",4311,537490.523,537498.972,4142437.057,4142449.034,"Silva","NEON_D07_MLBS_DP1_537000_4142000_classified_point_cloud.laz","2018_MLBS_3_537000_4142000_image.tif","Tree",1,537000,537999.999,4142000,4142999.999
"4312",4312,537491.517,537502.441,4142424.706,4142433.955,"Silva","NEON_D07_MLBS_DP1_537000_4142000_classified_point_cloud.laz","2018_MLBS_3_537000_4142000_image.tif","Tree",1,537000,537999.999,4142000,4142999.999
"4313",4313,537497.036,537503.975,4142453.003,4142462.948,"Silva","NEON_D07_MLBS_DP1_537000_4142000_classified_point_cloud.laz","2018_MLBS_3_537000_4142000_image.tif","Tree",1,537000,537999.999,4142000,4142999.999
"4314",4314,537488.514,537497.447,4142460.663,4142468.924,"Silva","NEON_D07_MLBS_DP1_537000_4142000_classified_point_cloud.laz","2018_MLBS_3_537000_4142000_image.tif","Tree",1,537000,537999.999,4142000,4142999.999
"4315",4315,537486.6,537495.448,4142471.723,4142476.979,"Silva","NEON_D07_MLBS_DP1_537000_4142000_classified_point_cloud.laz","2018_MLBS_3_537000_4142000_image.tif","Tree",1,537000,537999.999,4142000,4142999.999
"4316",4316,537489.501,537495.459,4142475.061,4142482.472,"Silva","NEON_D07_MLBS_DP1_537000_4142000_classified_point_cloud.laz","2018_MLBS_3_537000_4142000_image.tif","Tree",1,537000,537999.999,4142000,4142999.999
"4317",4317,537495.041,537503.488,4142473.611,4142482.468,"Silva","NEON_D07_MLBS_DP1_537000_4142000_classified_point_cloud.laz","2018_MLBS_3_537000_4142000_image.tif","Tree",1,537000,537999.999,4142000,4142999.999
"4318",4318,537489.539,537498.863,4142491.002,4142501.901,"Silva","NEON_D07_MLBS_DP1_537000_4142000_classified_point_cloud.laz","2018_MLBS_3_537000_4142000_image.tif","Tree",1,537000,537999.999,4142000,4142999.999
"4319",4319,537486.063,537492.498,4142482.004,4142487.997,"Silva","NEON_D07_MLBS_DP1_537000_4142000_classified_point_cloud.laz","2018_MLBS_3_537000_4142000_image.tif","Tree",1,537000,537999.999,4142000,4142999.999
"4320",4320,537492.006,537499.743,4142480.482,4142488.903,"Silva","NEON_D07_MLBS_DP1_537000_4142000_classified_point_cloud.laz","2018_MLBS_3_537000_4142000_image.tif","Tree",1,537000,537999.999,4142000,4142999.999
"4321",4321,537006.107,537012.941,4142002.503,4142008.989,"Silva","NEON_D07_MLBS_DP1_537000_4142000_classified_point_cloud.laz","2018_MLBS_3_537000_4142000_image.tif","Tree",1,537000,537999.999,4142000,4142999.999
"4322",4322,537030.515,537038.996,4142007.525,4142015.95,"Silva","NEON_D07_MLBS_DP1_537000_4142000_classified_point_cloud.laz","2018_MLBS_3_537000_4142000_image.tif","Tree",1,537000,537999.999,4142000,4142999.999
"4323",4323,537045.001,537054.967,4142021.571,4142029.922,"Silva","NEON_D07_MLBS_DP1_537000_4142000_classified_point_cloud.laz","2018_MLBS_3_537000_4142000_image.tif","Tree",1,537000,537999.999,4142000,4142999.999
"4324",4324,537082.554,537094.85,4142022.512,4142028.991,"Silva","NEON_D07_MLBS_DP1_537000_4142000_classified_point_cloud.laz","2018_MLBS_3_537000_4142000_image.tif","Tree",1,537000,537999.999,4142000,4142999.999
"4325",4325,537058.008,537062.751,4142060.477,4142066.412,"Silva","NEON_D07_MLBS_DP1_537000_4142000_classified_point_cloud.laz","2018_MLBS_3_537000_4142000_image.tif","Tree",1,537000,537999.999,4142000,4142999.999
"4326",4326,537002.056,537002.977,4142138.525,4142138.996,"Silva","NEON_D07_MLBS_DP1_537000_4142000_classified_point_cloud.laz","2018_MLBS_3_537000_4142000_image.tif","Tree",1,537000,537999.999,4142000,4142999.999
"4327",4327,537020.037,537025.483,4142099.032,4142105.438,"Silva","NEON_D07_MLBS_DP1_537000_4142000_classified_point_cloud.laz","2018_MLBS_3_537000_4142000_image.tif","Tree",1,537000,537999.999,4142000,4142999.999
"4328",4328,537037.577,537043.99,4142229.511,4142233.333,"Silva","NEON_D07_MLBS_DP1_537000_4142000_classified_point_cloud.laz","2018_MLBS_3_537000_4142000_image.tif","Tree",1,537000,537999.999,4142000,4142999.999
"4329",4329,537049.06,537049.996,4142270.022,4142270.467,"Silva","NEON_D07_MLBS_DP1_537000_4142000_classified_point_cloud.laz","2018_MLBS_3_537000_4142000_image.tif","Tree",1,537000,537999.999,4142000,4142999.999
"4330",4330,537001.514,537006.69,4142384.531,4142389.971,"Silva","NEON_D07_MLBS_DP1_537000_4142000_classified_point_cloud.laz","2018_MLBS_3_537000_4142000_image.tif","Tree",1,537000,537999.999,4142000,4142999.999
"4331",4331,537016.514,537017.453,4142384.531,4142385.451,"Silva","NEON_D07_MLBS_DP1_537000_4142000_classified_point_cloud.laz","2018_MLBS_3_537000_4142000_image.tif","Tree",1,537000,537999.999,4142000,4142999.999
"4332",4332,537068.536,537078.942,4142096.638,4142107,"Silva","NEON_D07_MLBS_DP1_537000_4142000_classified_point_cloud.laz","2018_MLBS_3_537000_4142000_image.tif","Tree",1,537000,537999.999,4142000,4142999.999
"4333",4333,537114.507,537120.962,4142115.53,4142123.344,"Silva","NEON_D07_MLBS_DP1_537000_4142000_classified_point_cloud.laz","2018_MLBS_3_537000_4142000_image.tif","Tree",1,537000,537999.999,4142000,4142999.999
"4334",4334,537341.081,537341.472,4142036.201,4142036.399,"Silva","NEON_D07_MLBS_DP1_537000_4142000_classified_point_cloud.laz","2018_MLBS_3_537000_4142000_image.tif","Tree",1,537000,537999.999,4142000,4142999.999
"4335",4335,537033.018,537033.992,4142401.577,4142402.433,"Silva","NEON_D07_MLBS_DP1_537000_4142000_classified_point_cloud.laz","2018_MLBS_3_537000_4142000_image.tif","Tree",1,537000,537999.999,4142000,4142999.999
"4336",4336,537289.779,537298.904,4142253.013,4142260.419,"Silva","NEON_D07_MLBS_DP1_537000_4142000_classified_point_cloud.laz","2018_MLBS_3_537000_4142000_image.tif","Tree",1,537000,537999.999,4142000,4142999.999
"4337",4337,537137.198,537146.905,4142309.146,4142318.964,"Silva","NEON_D07_MLBS_DP1_537000_4142000_classified_point_cloud.laz","2018_MLBS_3_537000_4142000_image.tif","Tree",1,537000,537999.999,4142000,4142999.999
"4338",4338,537267.223,537273.489,4142319.073,4142327.489,"Silva","NEON_D07_MLBS_DP1_537000_4142000_classified_point_cloud.laz","2018_MLBS_3_537000_4142000_image.tif","Tree",1,537000,537999.999,4142000,4142999.999
"4339",4339,537263.513,537267.373,4142319.011,4142324.336,"Silva","NEON_D07_MLBS_DP1_537000_4142000_classified_point_cloud.laz","2018_MLBS_3_537000_4142000_image.tif","Tree",1,537000,537999.999,4142000,4142999.999
"4340",4340,537283.532,537293.974,4142303.004,4142311.989,"Silva","NEON_D07_MLBS_DP1_537000_4142000_classified_point_cloud.laz","2018_MLBS_3_537000_4142000_image.tif","Tree",1,537000,537999.999,4142000,4142999.999
"4341",4341,537214.564,537214.944,4142281.019,4142281.481,"Silva","NEON_D07_MLBS_DP1_537000_4142000_classified_point_cloud.laz","2018_MLBS_3_537000_4142000_image.tif","Tree",1,537000,537999.999,4142000,4142999.999
"4342",4342,537273.21,537274.456,4142250.072,4142251.943,"Silva","NEON_D07_MLBS_DP1_537000_4142000_classified_point_cloud.laz","2018_MLBS_3_537000_4142000_image.tif","Tree",1,537000,537999.999,4142000,4142999.999
"4343",4343,537131.074,537131.962,4142319.004,4142319.486,"Silva","NEON_D07_MLBS_DP1_537000_4142000_classified_point_cloud.laz","2018_MLBS_3_537000_4142000_image.tif","Tree",1,537000,537999.999,4142000,4142999.999
"4344",4344,537183.553,537184.472,4142377.025,4142378.43,"Silva","NEON_D07_MLBS_DP1_537000_4142000_classified_point_cloud.laz","2018_MLBS_3_537000_4142000_image.tif","Tree",1,537000,537999.999,4142000,4142999.999
"4345",4345,537254.548,537255.934,4142288.502,4142289.808,"Silva","NEON_D07_MLBS_DP1_537000_4142000_classified_point_cloud.laz","2018_MLBS_3_537000_4142000_image.tif","Tree",1,537000,537999.999,4142000,4142999.999
"4346",4346,537254.564,537254.979,4142361.061,4142362.453,"Silva","NEON_D07_MLBS_DP1_537000_4142000_classified_point_cloud.laz","2018_MLBS_3_537000_4142000_image.tif","Tree",1,537000,537999.999,4142000,4142999.999
"4347",4347,537246.018,537253.998,4142451.046,4142461.46,"Silva","NEON_D07_MLBS_DP1_537000_4142000_classified_point_cloud.laz","2018_MLBS_3_537000_4142000_image.tif","Tree",1,537000,537999.999,4142000,4142999.999
"4348",4348,537279.042,537287.98,4142466.019,4142473.871,"Silva","NEON_D07_MLBS_DP1_537000_4142000_classified_point_cloud.laz","2018_MLBS_3_537000_4142000_image.tif","Tree",1,537000,537999.999,4142000,4142999.999
"4349",4349,537249.552,537250.463,4142471.523,4142472.987,"Silva","NEON_D07_MLBS_DP1_537000_4142000_classified_point_cloud.laz","2018_MLBS_3_537000_4142000_image.tif","Tree",1,537000,537999.999,4142000,4142999.999
"4350",4350,537000.015,537005.452,4142253.59,4142258.965,"Silva","NEON_D07_MLBS_DP1_537000_4142000_classified_point_cloud.laz","2018_MLBS_3_537000_4142000_image.tif","Tree",1,537000,537999.999,4142000,4142999.999
"4351",4351,537011.547,537016.975,4142254.53,4142258.474,"Silva","NEON_D07_MLBS_DP1_537000_4142000_classified_point_cloud.laz","2018_MLBS_3_537000_4142000_image.tif","Tree",1,537000,537999.999,4142000,4142999.999
"4352",4352,537006.008,537011.454,4142254.019,4142258.499,"Silva","NEON_D07_MLBS_DP1_537000_4142000_classified_point_cloud.laz","2018_MLBS_3_537000_4142000_image.tif","Tree",1,537000,537999.999,4142000,4142999.999
"4353",4353,537021.515,537030.466,4142255.045,4142259.483,"Silva","NEON_D07_MLBS_DP1_537000_4142000_classified_point_cloud.laz","2018_MLBS_3_537000_4142000_image.tif","Tree",1,537000,537999.999,4142000,4142999.999
"4354",4354,537017.029,537021.499,4142255.018,4142258.998,"Silva","NEON_D07_MLBS_DP1_537000_4142000_classified_point_cloud.laz","2018_MLBS_3_537000_4142000_image.tif","Tree",1,537000,537999.999,4142000,4142999.999
"4355",4355,537031.002,537041.99,4142256.004,4142260.494,"Silva","NEON_D07_MLBS_DP1_537000_4142000_classified_point_cloud.laz","2018_MLBS_3_537000_4142000_image.tif","Tree",1,537000,537999.999,4142000,4142999.999
"4356",4356,537054.524,537059.486,4142257.017,4142260.992,"Silva","NEON_D07_MLBS_DP1_537000_4142000_classified_point_cloud.laz","2018_MLBS_3_537000_4142000_image.tif","Tree",1,537000,537999.999,4142000,4142999.999
"4357",4357,537051.018,537054.498,4142257.522,4142261.99,"Silva","NEON_D07_MLBS_DP1_537000_4142000_classified_point_cloud.laz","2018_MLBS_3_537000_4142000_image.tif","Tree",1,537000,537999.999,4142000,4142999.999
"4358",4358,537047.5,537050.482,4142257.001,4142260.98,"Silva","NEON_D07_MLBS_DP1_537000_4142000_classified_point_cloud.laz","2018_MLBS_3_537000_4142000_image.tif","Tree",1,537000,537999.999,4142000,4142999.999
"4359",4359,537042.512,537047.476,4142257.003,4142260.493,"Silva","NEON_D07_MLBS_DP1_537000_4142000_classified_point_cloud.laz","2018_MLBS_3_537000_4142000_image.tif","Tree",1,537000,537999.999,4142000,4142999.999
"4360",4360,537066.017,537073.485,4142257.509,4142263,"Silva","NEON_D07_MLBS_DP1_537000_4142000_classified_point_cloud.laz","2018_MLBS_3_537000_4142000_image.tif","Tree",1,537000,537999.999,4142000,4142999.999
"4361",4361,537059.503,537066.469,4142257.007,4142261.5,"Silva","NEON_D07_MLBS_DP1_537000_4142000_classified_point_cloud.laz","2018_MLBS_3_537000_4142000_image.tif","Tree",1,537000,537999.999,4142000,4142999.999
"4362",4362,537081.551,537085.499,4142258.508,4142261.492,"Silva","NEON_D07_MLBS_DP1_537000_4142000_classified_point_cloud.laz","2018_MLBS_3_537000_4142000_image.tif","Tree",1,537000,537999.999,4142000,4142999.999
"4363",4363,537078.077,537081.499,4142258.008,4142262.468,"Silva","NEON_D07_MLBS_DP1_537000_4142000_classified_point_cloud.laz","2018_MLBS_3_537000_4142000_image.tif","Tree",1,537000,537999.999,4142000,4142999.999
"4364",4364,537074.023,537077.999,4142258.002,4142261.955,"Silva","NEON_D07_MLBS_DP1_537000_4142000_classified_point_cloud.laz","2018_MLBS_3_537000_4142000_image.tif","Tree",1,537000,537999.999,4142000,4142999.999
"4365",4365,537090.025,537094.977,4142258.517,4142261.903,"Silva","NEON_D07_MLBS_DP1_537000_4142000_classified_point_cloud.laz","2018_MLBS_3_537000_4142000_image.tif","Tree",1,537000,537999.999,4142000,4142999.999
"4366",4366,537085.524,537089.952,4142258.001,4142261.994,"Silva","NEON_D07_MLBS_DP1_537000_4142000_classified_point_cloud.laz","2018_MLBS_3_537000_4142000_image.tif","Tree",1,537000,537999.999,4142000,4142999.999
"4367",4367,537102.004,537108.493,4142259.005,4142263.999,"Silva","NEON_D07_MLBS_DP1_537000_4142000_classified_point_cloud.laz","2018_MLBS_3_537000_4142000_image.tif","Tree",1,537000,537999.999,4142000,4142999.999
"4368",4368,537095,537101.998,4142258.522,4142262.996,"Silva","NEON_D07_MLBS_DP1_537000_4142000_classified_point_cloud.laz","2018_MLBS_3_537000_4142000_image.tif","Tree",1,537000,537999.999,4142000,4142999.999
"4369",4369,537124.173,537128.873,4142262.605,4142266.996,"Silva","NEON_D07_MLBS_DP1_537000_4142000_classified_point_cloud.laz","2018_MLBS_3_537000_4142000_image.tif","Tree",1,537000,537999.999,4142000,4142999.999
"4370",4370,537120.61,537124.971,4142262.12,4142263.972,"Silva","NEON_D07_MLBS_DP1_537000_4142000_classified_point_cloud.laz","2018_MLBS_3_537000_4142000_image.tif","Tree",1,537000,537999.999,4142000,4142999.999
"4371",4371,537118.112,537121.986,4142260.009,4142263.49,"Silva","NEON_D07_MLBS_DP1_537000_4142000_classified_point_cloud.laz","2018_MLBS_3_537000_4142000_image.tif","Tree",1,537000,537999.999,4142000,4142999.999
"4372",4372,537114.017,537117.977,4142260.025,4142264.964,"Silva","NEON_D07_MLBS_DP1_537000_4142000_classified_point_cloud.laz","2018_MLBS_3_537000_4142000_image.tif","Tree",1,537000,537999.999,4142000,4142999.999
"4373",4373,537108.032,537113.818,4142259.52,4142264.5,"Silva","NEON_D07_MLBS_DP1_537000_4142000_classified_point_cloud.laz","2018_MLBS_3_537000_4142000_image.tif","Tree",1,537000,537999.999,4142000,4142999.999
"4374",4374,537127.01,537133.912,4142260.726,4142265.404,"Silva","NEON_D07_MLBS_DP1_537000_4142000_classified_point_cloud.laz","2018_MLBS_3_537000_4142000_image.tif","Tree",1,537000,537999.999,4142000,4142999.999
"4375",4375,537149.065,537153.439,4142261.707,4142265.933,"Silva","NEON_D07_MLBS_DP1_537000_4142000_classified_point_cloud.laz","2018_MLBS_3_537000_4142000_image.tif","Tree",1,537000,537999.999,4142000,4142999.999
"4376",4376,537143.004,537148.409,4142262.019,4142266.912,"Silva","NEON_D07_MLBS_DP1_537000_4142000_classified_point_cloud.laz","2018_MLBS_3_537000_4142000_image.tif","Tree",1,537000,537999.999,4142000,4142999.999
"4377",4377,537138.5,537142.995,4142261.511,4142265.457,"Silva","NEON_D07_MLBS_DP1_537000_4142000_classified_point_cloud.laz","2018_MLBS_3_537000_4142000_image.tif","Tree",1,537000,537999.999,4142000,4142999.999
"4378",4378,537133.614,537138.933,4142261.051,4142264.983,"Silva","NEON_D07_MLBS_DP1_537000_4142000_classified_point_cloud.laz","2018_MLBS_3_537000_4142000_image.tif","Tree",1,537000,537999.999,4142000,4142999.999
"4379",4379,537160.008,537164.406,4142262.907,4142266.999,"Silva","NEON_D07_MLBS_DP1_537000_4142000_classified_point_cloud.laz","2018_MLBS_3_537000_4142000_image.tif","Tree",1,537000,537999.999,4142000,4142999.999
"4380",4380,537153.651,537159.455,4142262.06,4142266.712,"Silva","NEON_D07_MLBS_DP1_537000_4142000_classified_point_cloud.laz","2018_MLBS_3_537000_4142000_image.tif","Tree",1,537000,537999.999,4142000,4142999.999
"4381",4381,537167.65,537172.947,4142263.013,4142267.436,"Silva","NEON_D07_MLBS_DP1_537000_4142000_classified_point_cloud.laz","2018_MLBS_3_537000_4142000_image.tif","Tree",1,537000,537999.999,4142000,4142999.999
"4382",4382,537164.532,537167.495,4142263.052,4142266.998,"Silva","NEON_D07_MLBS_DP1_537000_4142000_classified_point_cloud.laz","2018_MLBS_3_537000_4142000_image.tif","Tree",1,537000,537999.999,4142000,4142999.999
"4383",4383,537184.007,537187.491,4142264.509,4142267.987,"Silva","NEON_D07_MLBS_DP1_537000_4142000_classified_point_cloud.laz","2018_MLBS_3_537000_4142000_image.tif","Tree",1,537000,537999.999,4142000,4142999.999
"4384",4384,537179.021,537183.928,4142263.523,4142268.429,"Silva","NEON_D07_MLBS_DP1_537000_4142000_classified_point_cloud.laz","2018_MLBS_3_537000_4142000_image.tif","Tree",1,537000,537999.999,4142000,4142999.999
"4385",4385,537172.713,537178.994,4142263.512,4142268.362,"Silva","NEON_D07_MLBS_DP1_537000_4142000_classified_point_cloud.laz","2018_MLBS_3_537000_4142000_image.tif","Tree",1,537000,537999.999,4142000,4142999.999
"4386",4386,537197.002,537201.493,4142265.519,4142268.987,"Silva","NEON_D07_MLBS_DP1_537000_4142000_classified_point_cloud.laz","2018_MLBS_3_537000_4142000_image.tif","Tree",1,537000,537999.999,4142000,4142999.999
"4387",4387,537192.514,537196.952,4142265.501,4142268.983,"Silva","NEON_D07_MLBS_DP1_537000_4142000_classified_point_cloud.laz","2018_MLBS_3_537000_4142000_image.tif","Tree",1,537000,537999.999,4142000,4142999.999
"4388",4388,537188.017,537191.95,4142265.006,4142268.384,"Silva","NEON_D07_MLBS_DP1_537000_4142000_classified_point_cloud.laz","2018_MLBS_3_537000_4142000_image.tif","Tree",1,537000,537999.999,4142000,4142999.999
"4389",4389,537206.501,537213.997,4142266.508,4142270,"Silva","NEON_D07_MLBS_DP1_537000_4142000_classified_point_cloud.laz","2018_MLBS_3_537000_4142000_image.tif","Tree",1,537000,537999.999,4142000,4142999.999
"4390",4390,537201.534,537206.974,4142265.506,4142269.993,"Silva","NEON_D07_MLBS_DP1_537000_4142000_classified_point_cloud.laz","2018_MLBS_3_537000_4142000_image.tif","Tree",1,537000,537999.999,4142000,4142999.999
"4391",4391,537414.152,537414.47,4142254.516,4142254.895,"Silva","NEON_D07_MLBS_DP1_537000_4142000_classified_point_cloud.laz","2018_MLBS_3_537000_4142000_image.tif","Tree",1,537000,537999.999,4142000,4142999.999
"4392",4392,537318.534,537319.492,4142044.022,4142044.95,"Silva","NEON_D07_MLBS_DP1_537000_4142000_classified_point_cloud.laz","2018_MLBS_3_537000_4142000_image.tif","Tree",1,537000,537999.999,4142000,4142999.999
"4393",4393,537256.516,537257.389,4142092.003,4142093.225,"Silva","NEON_D07_MLBS_DP1_537000_4142000_classified_point_cloud.laz","2018_MLBS_3_537000_4142000_image.tif","Tree",1,537000,537999.999,4142000,4142999.999
"4394",4394,537356.522,537356.865,4142091.063,4142092.493,"Silva","NEON_D07_MLBS_DP1_537000_4142000_classified_point_cloud.laz","2018_MLBS_3_537000_4142000_image.tif","Tree",1,537000,537999.999,4142000,4142999.999
"4395",4395,537325.016,537334.497,4142187.536,4142194.428,"Silva","NEON_D07_MLBS_DP1_537000_4142000_classified_point_cloud.laz","2018_MLBS_3_537000_4142000_image.tif","Tree",1,537000,537999.999,4142000,4142999.999
"4396",4396,537323.521,537323.902,4142163.2,4142163.991,"Silva","NEON_D07_MLBS_DP1_537000_4142000_classified_point_cloud.laz","2018_MLBS_3_537000_4142000_image.tif","Tree",1,537000,537999.999,4142000,4142999.999
"4397",4397,537327.569,537333.484,4142227.038,4142232.463,"Silva","NEON_D07_MLBS_DP1_537000_4142000_classified_point_cloud.laz","2018_MLBS_3_537000_4142000_image.tif","Tree",1,537000,537999.999,4142000,4142999.999
"4398",4398,537209.501,537215.498,4142289.557,4142296.497,"Silva","NEON_D07_MLBS_DP1_537000_4142000_classified_point_cloud.laz","2018_MLBS_3_537000_4142000_image.tif","Tree",1,537000,537999.999,4142000,4142999.999
"4399",4399,537176.502,537185.392,4142357.593,4142366.48,"Silva","NEON_D07_MLBS_DP1_537000_4142000_classified_point_cloud.laz","2018_MLBS_3_537000_4142000_image.tif","Tree",1,537000,537999.999,4142000,4142999.999
"4400",4400,537308.003,537313.99,4142363.505,4142372.991,"Silva","NEON_D07_MLBS_DP1_537000_4142000_classified_point_cloud.laz","2018_MLBS_3_537000_4142000_image.tif","Tree",1,537000,537999.999,4142000,4142999.999
"4401",4401,537313.034,537313.956,4142272.51,4142272.999,"Silva","NEON_D07_MLBS_DP1_537000_4142000_classified_point_cloud.laz","2018_MLBS_3_537000_4142000_image.tif","Tree",1,537000,537999.999,4142000,4142999.999
"4402",4402,537249.715,537249.964,4142222.117,4142222.309,"Silva","NEON_D07_MLBS_DP1_537000_4142000_classified_point_cloud.laz","2018_MLBS_3_537000_4142000_image.tif","Tree",1,537000,537999.999,4142000,4142999.999
"4403",4403,537348.012,537360.498,4142189.521,4142195.992,"Silva","NEON_D07_MLBS_DP1_537000_4142000_classified_point_cloud.laz","2018_MLBS_3_537000_4142000_image.tif","Tree",1,537000,537999.999,4142000,4142999.999
"4404",4404,537252.529,537253.429,4142374.771,4142375.483,"Silva","NEON_D07_MLBS_DP1_537000_4142000_classified_point_cloud.laz","2018_MLBS_3_537000_4142000_image.tif","Tree",1,537000,537999.999,4142000,4142999.999
"4405",4405,537231.522,537231.99,4142338.533,4142339.443,"Silva","NEON_D07_MLBS_DP1_537000_4142000_classified_point_cloud.laz","2018_MLBS_3_537000_4142000_image.tif","Tree",1,537000,537999.999,4142000,4142999.999
"4406",4406,537454.05,537454.498,4142058.551,4142059.479,"Silva","NEON_D07_MLBS_DP1_537000_4142000_classified_point_cloud.laz","2018_MLBS_3_537000_4142000_image.tif","Tree",1,537000,537999.999,4142000,4142999.999
"4407",4407,537454.62,537455.458,4142040.513,4142041.484,"Silva","NEON_D07_MLBS_DP1_537000_4142000_classified_point_cloud.laz","2018_MLBS_3_537000_4142000_image.tif","Tree",1,537000,537999.999,4142000,4142999.999
"4408",4408,537468.169,537468.438,4142018.576,4142019.428,"Silva","NEON_D07_MLBS_DP1_537000_4142000_classified_point_cloud.laz","2018_MLBS_3_537000_4142000_image.tif","Tree",1,537000,537999.999,4142000,4142999.999
"4409",4409,537488.514,537494.77,4142451.632,4142458.756,"Silva","NEON_D07_MLBS_DP1_537000_4142000_classified_point_cloud.laz","2018_MLBS_3_537000_4142000_image.tif","Tree",1,537000,537999.999,4142000,4142999.999
"4410",4410,537482.569,537483.466,4142012.62,4142013.351,"Silva","NEON_D07_MLBS_DP1_537000_4142000_classified_point_cloud.laz","2018_MLBS_3_537000_4142000_image.tif","Tree",1,537000,537999.999,4142000,4142999.999
"4411",4411,537495.521,537499.497,4142215.324,4142222.85,"Silva","NEON_D07_MLBS_DP1_537000_4142000_classified_point_cloud.laz","2018_MLBS_3_537000_4142000_image.tif","Tree",1,537000,537999.999,4142000,4142999.999
"4412",4412,537013.539,537018.993,4142537.009,4142546.462,"Silva","NEON_D07_MLBS_DP1_537000_4142000_classified_point_cloud.laz","2018_MLBS_3_537000_4142000_image.tif","Tree",1,537000,537999.999,4142000,4142999.999
"4413",4413,537004.508,537012.277,4142536.006,4142543.971,"Silva","NEON_D07_MLBS_DP1_537000_4142000_classified_point_cloud.laz","2018_MLBS_3_537000_4142000_image.tif","Tree",1,537000,537999.999,4142000,4142999.999
"4414",4414,537024.208,537033.902,4142530.103,4142539.995,"Silva","NEON_D07_MLBS_DP1_537000_4142000_classified_point_cloud.laz","2018_MLBS_3_537000_4142000_image.tif","Tree",1,537000,537999.999,4142000,4142999.999
"4415",4415,537020.034,537029.918,4142520.532,4142531.499,"Silva","NEON_D07_MLBS_DP1_537000_4142000_classified_point_cloud.laz","2018_MLBS_3_537000_4142000_image.tif","Tree",1,537000,537999.999,4142000,4142999.999
"4416",4416,537002.505,537014.452,4142517.055,4142526.976,"Silva","NEON_D07_MLBS_DP1_537000_4142000_classified_point_cloud.laz","2018_MLBS_3_537000_4142000_image.tif","Tree",1,537000,537999.999,4142000,4142999.999
"4417",4417,537004.004,537012.994,4142495.572,4142507.8,"Silva","NEON_D07_MLBS_DP1_537000_4142000_classified_point_cloud.laz","2018_MLBS_3_537000_4142000_image.tif","Tree",1,537000,537999.999,4142000,4142999.999
"4418",4418,537072,537082.999,4142537.012,4142547.991,"Silva","NEON_D07_MLBS_DP1_537000_4142000_classified_point_cloud.laz","2018_MLBS_3_537000_4142000_image.tif","Tree",1,537000,537999.999,4142000,4142999.999
"4419",4419,537073.573,537084.449,4142533.049,4142540.977,"Silva","NEON_D07_MLBS_DP1_537000_4142000_classified_point_cloud.laz","2018_MLBS_3_537000_4142000_image.tif","Tree",1,537000,537999.999,4142000,4142999.999
"4420",4420,537073.527,537078.911,4142530.513,4142536.465,"Silva","NEON_D07_MLBS_DP1_537000_4142000_classified_point_cloud.laz","2018_MLBS_3_537000_4142000_image.tif","Tree",1,537000,537999.999,4142000,4142999.999
"4421",4421,537072.503,537077.99,4142511.562,4142518.466,"Silva","NEON_D07_MLBS_DP1_537000_4142000_classified_point_cloud.laz","2018_MLBS_3_537000_4142000_image.tif","Tree",1,537000,537999.999,4142000,4142999.999
"4422",4422,537045.529,537053.498,4142512.071,4142520.495,"Silva","NEON_D07_MLBS_DP1_537000_4142000_classified_point_cloud.laz","2018_MLBS_3_537000_4142000_image.tif","Tree",1,537000,537999.999,4142000,4142999.999
"4423",4423,537043.2,537051.488,4142509.559,4142515.928,"Silva","NEON_D07_MLBS_DP1_537000_4142000_classified_point_cloud.laz","2018_MLBS_3_537000_4142000_image.tif","Tree",1,537000,537999.999,4142000,4142999.999
"4424",4424,537081.035,537086.49,4142500.052,4142506.403,"Silva","NEON_D07_MLBS_DP1_537000_4142000_classified_point_cloud.laz","2018_MLBS_3_537000_4142000_image.tif","Tree",1,537000,537999.999,4142000,4142999.999
"4425",4425,537061.511,537070.468,4142500.683,4142509.988,"Silva","NEON_D07_MLBS_DP1_537000_4142000_classified_point_cloud.laz","2018_MLBS_3_537000_4142000_image.tif","Tree",1,537000,537999.999,4142000,4142999.999
"4426",4426,537056.506,537062.999,4142500.504,4142510.445,"Silva","NEON_D07_MLBS_DP1_537000_4142000_classified_point_cloud.laz","2018_MLBS_3_537000_4142000_image.tif","Tree",1,537000,537999.999,4142000,4142999.999
"4427",4427,537008.521,537014.927,4142548.005,4142558.904,"Silva","NEON_D07_MLBS_DP1_537000_4142000_classified_point_cloud.laz","2018_MLBS_3_537000_4142000_image.tif","Tree",1,537000,537999.999,4142000,4142999.999
"4428",4428,537002.61,537008.99,4142553.508,4142558.38,"Silva","NEON_D07_MLBS_DP1_537000_4142000_classified_point_cloud.laz","2018_MLBS_3_537000_4142000_image.tif","Tree",1,537000,537999.999,4142000,4142999.999
"4429",4429,537011.141,537019.988,4142550.544,4142559.489,"Silva","NEON_D07_MLBS_DP1_537000_4142000_classified_point_cloud.laz","2018_MLBS_3_537000_4142000_image.tif","Tree",1,537000,537999.999,4142000,4142999.999
"4430",4430,537016.007,537022.841,4142556.016,4142565.933,"Silva","NEON_D07_MLBS_DP1_537000_4142000_classified_point_cloud.laz","2018_MLBS_3_537000_4142000_image.tif","Tree",1,537000,537999.999,4142000,4142999.999
"4431",4431,537000.012,537013.415,4142558.619,4142569.483,"Silva","NEON_D07_MLBS_DP1_537000_4142000_classified_point_cloud.laz","2018_MLBS_3_537000_4142000_image.tif","Tree",1,537000,537999.999,4142000,4142999.999
"4432",4432,537000.027,537008.485,4142572.533,4142583.476,"Silva","NEON_D07_MLBS_DP1_537000_4142000_classified_point_cloud.laz","2018_MLBS_3_537000_4142000_image.tif","Tree",1,537000,537999.999,4142000,4142999.999
"4433",4433,537017.562,537025.494,4142574.6,4142583.995,"Silva","NEON_D07_MLBS_DP1_537000_4142000_classified_point_cloud.laz","2018_MLBS_3_537000_4142000_image.tif","Tree",1,537000,537999.999,4142000,4142999.999
"4434",4434,537010.021,537018.964,4142578.748,4142584.968,"Silva","NEON_D07_MLBS_DP1_537000_4142000_classified_point_cloud.laz","2018_MLBS_3_537000_4142000_image.tif","Tree",1,537000,537999.999,4142000,4142999.999
"4435",4435,537012.003,537015.977,4142584.106,4142590.427,"Silva","NEON_D07_MLBS_DP1_537000_4142000_classified_point_cloud.laz","2018_MLBS_3_537000_4142000_image.tif","Tree",1,537000,537999.999,4142000,4142999.999
"4436",4436,537015.51,537019.989,4142584.041,4142590.449,"Silva","NEON_D07_MLBS_DP1_537000_4142000_classified_point_cloud.laz","2018_MLBS_3_537000_4142000_image.tif","Tree",1,537000,537999.999,4142000,4142999.999
"4437",4437,537000.636,537007.484,4142583.021,4142592.239,"Silva","NEON_D07_MLBS_DP1_537000_4142000_classified_point_cloud.laz","2018_MLBS_3_537000_4142000_image.tif","Tree",1,537000,537999.999,4142000,4142999.999
"4438",4438,537015.533,537023.446,4142588.507,4142594.993,"Silva","NEON_D07_MLBS_DP1_537000_4142000_classified_point_cloud.laz","2018_MLBS_3_537000_4142000_image.tif","Tree",1,537000,537999.999,4142000,4142999.999
"4439",4439,537000.012,537003.358,4142590.872,4142598.379,"Silva","NEON_D07_MLBS_DP1_537000_4142000_classified_point_cloud.laz","2018_MLBS_3_537000_4142000_image.tif","Tree",1,537000,537999.999,4142000,4142999.999
"4440",4440,537021.077,537033.442,4142604.034,4142613.852,"Silva","NEON_D07_MLBS_DP1_537000_4142000_classified_point_cloud.laz","2018_MLBS_3_537000_4142000_image.tif","Tree",1,537000,537999.999,4142000,4142999.999
"4441",4441,537000.005,537004.971,4142603.59,4142611.905,"Silva","NEON_D07_MLBS_DP1_537000_4142000_classified_point_cloud.laz","2018_MLBS_3_537000_4142000_image.tif","Tree",1,537000,537999.999,4142000,4142999.999
"4442",4442,537017.507,537025.452,4142597.312,4142606.964,"Silva","NEON_D07_MLBS_DP1_537000_4142000_classified_point_cloud.laz","2018_MLBS_3_537000_4142000_image.tif","Tree",1,537000,537999.999,4142000,4142999.999
"4443",4443,537000.004,537004.927,4142598.005,4142604.368,"Silva","NEON_D07_MLBS_DP1_537000_4142000_classified_point_cloud.laz","2018_MLBS_3_537000_4142000_image.tif","Tree",1,537000,537999.999,4142000,4142999.999
"4444",4444,537018.605,537024.992,4142592.564,4142599.488,"Silva","NEON_D07_MLBS_DP1_537000_4142000_classified_point_cloud.laz","2018_MLBS_3_537000_4142000_image.tif","Tree",1,537000,537999.999,4142000,4142999.999
"4445",4445,537023.033,537030.487,4142590.529,4142599.966,"Silva","NEON_D07_MLBS_DP1_537000_4142000_classified_point_cloud.laz","2018_MLBS_3_537000_4142000_image.tif","Tree",1,537000,537999.999,4142000,4142999.999
"4446",4446,537003.029,537010.49,4142593.031,4142599.851,"Silva","NEON_D07_MLBS_DP1_537000_4142000_classified_point_cloud.laz","2018_MLBS_3_537000_4142000_image.tif","Tree",1,537000,537999.999,4142000,4142999.999
"4447",4447,537062.299,537073.47,4142541.137,4142547.5,"Silva","NEON_D07_MLBS_DP1_537000_4142000_classified_point_cloud.laz","2018_MLBS_3_537000_4142000_image.tif","Tree",1,537000,537999.999,4142000,4142999.999
"4448",4448,537051.069,537055.493,4142542.077,4142554.93,"Silva","NEON_D07_MLBS_DP1_537000_4142000_classified_point_cloud.laz","2018_MLBS_3_537000_4142000_image.tif","Tree",1,537000,537999.999,4142000,4142999.999
"4449",4449,537080.517,537092.954,4142544.003,4142552.92,"Silva","NEON_D07_MLBS_DP1_537000_4142000_classified_point_cloud.laz","2018_MLBS_3_537000_4142000_image.tif","Tree",1,537000,537999.999,4142000,4142999.999
"4450",4450,537084.017,537092.997,4142551.381,4142560.371,"Silva","NEON_D07_MLBS_DP1_537000_4142000_classified_point_cloud.laz","2018_MLBS_3_537000_4142000_image.tif","Tree",1,537000,537999.999,4142000,4142999.999
"4451",4451,537078.005,537087.486,4142557.509,4142565.956,"Silva","NEON_D07_MLBS_DP1_537000_4142000_classified_point_cloud.laz","2018_MLBS_3_537000_4142000_image.tif","Tree",1,537000,537999.999,4142000,4142999.999
"4452",4452,537061.577,537072.495,4142557.175,4142565.495,"Silva","NEON_D07_MLBS_DP1_537000_4142000_classified_point_cloud.laz","2018_MLBS_3_537000_4142000_image.tif","Tree",1,537000,537999.999,4142000,4142999.999
"4453",4453,537087.566,537096.988,4142558.523,4142566.344,"Silva","NEON_D07_MLBS_DP1_537000_4142000_classified_point_cloud.laz","2018_MLBS_3_537000_4142000_image.tif","Tree",1,537000,537999.999,4142000,4142999.999
"4454",4454,537041.072,537049.955,4142559.522,4142569.487,"Silva","NEON_D07_MLBS_DP1_537000_4142000_classified_point_cloud.laz","2018_MLBS_3_537000_4142000_image.tif","Tree",1,537000,537999.999,4142000,4142999.999
"4455",4455,537049.602,537058.406,4142562.505,4142569.229,"Silva","NEON_D07_MLBS_DP1_537000_4142000_classified_point_cloud.laz","2018_MLBS_3_537000_4142000_image.tif","Tree",1,537000,537999.999,4142000,4142999.999
"4456",4456,537074.002,537085.395,4142562.037,4142568.985,"Silva","NEON_D07_MLBS_DP1_537000_4142000_classified_point_cloud.laz","2018_MLBS_3_537000_4142000_image.tif","Tree",1,537000,537999.999,4142000,4142999.999
"4457",4457,537051.508,537061.677,4142563.038,4142570.976,"Silva","NEON_D07_MLBS_DP1_537000_4142000_classified_point_cloud.laz","2018_MLBS_3_537000_4142000_image.tif","Tree",1,537000,537999.999,4142000,4142999.999
"4458",4458,537066.083,537073.957,4142564.515,4142572.935,"Silva","NEON_D07_MLBS_DP1_537000_4142000_classified_point_cloud.laz","2018_MLBS_3_537000_4142000_image.tif","Tree",1,537000,537999.999,4142000,4142999.999
"4459",4459,537072.577,537083.384,4142566.125,4142574.422,"Silva","NEON_D07_MLBS_DP1_537000_4142000_classified_point_cloud.laz","2018_MLBS_3_537000_4142000_image.tif","Tree",1,537000,537999.999,4142000,4142999.999
"4460",4460,537026.548,537035.446,4142570.774,4142578.994,"Silva","NEON_D07_MLBS_DP1_537000_4142000_classified_point_cloud.laz","2018_MLBS_3_537000_4142000_image.tif","Tree",1,537000,537999.999,4142000,4142999.999
"4461",4461,537042.504,537048.461,4142571.243,4142579.229,"Silva","NEON_D07_MLBS_DP1_537000_4142000_classified_point_cloud.laz","2018_MLBS_3_537000_4142000_image.tif","Tree",1,537000,537999.999,4142000,4142999.999
"4462",4462,537077.533,537084.172,4142571.694,4142581.486,"Silva","NEON_D07_MLBS_DP1_537000_4142000_classified_point_cloud.laz","2018_MLBS_3_537000_4142000_image.tif","Tree",1,537000,537999.999,4142000,4142999.999
"4463",4463,537059.95,537069.496,4142573.01,4142581.987,"Silva","NEON_D07_MLBS_DP1_537000_4142000_classified_point_cloud.laz","2018_MLBS_3_537000_4142000_image.tif","Tree",1,537000,537999.999,4142000,4142999.999
"4464",4464,537079.522,537091.844,4142578.512,4142587.933,"Silva","NEON_D07_MLBS_DP1_537000_4142000_classified_point_cloud.laz","2018_MLBS_3_537000_4142000_image.tif","Tree",1,537000,537999.999,4142000,4142999.999
"4465",4465,537054.512,537062.993,4142579.518,4142588.49,"Silva","NEON_D07_MLBS_DP1_537000_4142000_classified_point_cloud.laz","2018_MLBS_3_537000_4142000_image.tif","Tree",1,537000,537999.999,4142000,4142999.999
"4466",4466,537062.507,537071.494,4142581.52,4142593.857,"Silva","NEON_D07_MLBS_DP1_537000_4142000_classified_point_cloud.laz","2018_MLBS_3_537000_4142000_image.tif","Tree",1,537000,537999.999,4142000,4142999.999
"4467",4467,537043.043,537049.323,4142582.003,4142589.323,"Silva","NEON_D07_MLBS_DP1_537000_4142000_classified_point_cloud.laz","2018_MLBS_3_537000_4142000_image.tif","Tree",1,537000,537999.999,4142000,4142999.999
"4468",4468,537039.005,537043.979,4142584.568,4142593.559,"Silva","NEON_D07_MLBS_DP1_537000_4142000_classified_point_cloud.laz","2018_MLBS_3_537000_4142000_image.tif","Tree",1,537000,537999.999,4142000,4142999.999
"4469",4469,537025.41,537034.404,4142585.515,4142593.939,"Silva","NEON_D07_MLBS_DP1_537000_4142000_classified_point_cloud.laz","2018_MLBS_3_537000_4142000_image.tif","Tree",1,537000,537999.999,4142000,4142999.999
"4470",4470,537049.016,537052.402,4142588.018,4142594.56,"Silva","NEON_D07_MLBS_DP1_537000_4142000_classified_point_cloud.laz","2018_MLBS_3_537000_4142000_image.tif","Tree",1,537000,537999.999,4142000,4142999.999
"4471",4471,537052.049,537056.954,4142587.574,4142595.496,"Silva","NEON_D07_MLBS_DP1_537000_4142000_classified_point_cloud.laz","2018_MLBS_3_537000_4142000_image.tif","Tree",1,537000,537999.999,4142000,4142999.999
"4472",4472,537084.579,537093.961,4142605.505,4142611.542,"Silva","NEON_D07_MLBS_DP1_537000_4142000_classified_point_cloud.laz","2018_MLBS_3_537000_4142000_image.tif","Tree",1,537000,537999.999,4142000,4142999.999
"4473",4473,537037.504,537047.983,4142603.53,4142612.201,"Silva","NEON_D07_MLBS_DP1_537000_4142000_classified_point_cloud.laz","2018_MLBS_3_537000_4142000_image.tif","Tree",1,537000,537999.999,4142000,4142999.999
"4474",4474,537055.094,537064.972,4142602.038,4142611.485,"Silva","NEON_D07_MLBS_DP1_537000_4142000_classified_point_cloud.laz","2018_MLBS_3_537000_4142000_image.tif","Tree",1,537000,537999.999,4142000,4142999.999
"4475",4475,537086.012,537094.484,4142598.557,4142605.496,"Silva","NEON_D07_MLBS_DP1_537000_4142000_classified_point_cloud.laz","2018_MLBS_3_537000_4142000_image.tif","Tree",1,537000,537999.999,4142000,4142999.999
"4476",4476,537079.535,537086.494,4142595.516,4142606,"Silva","NEON_D07_MLBS_DP1_537000_4142000_classified_point_cloud.laz","2018_MLBS_3_537000_4142000_image.tif","Tree",1,537000,537999.999,4142000,4142999.999
"4477",4477,537032.561,537039.411,4142600.019,4142609.498,"Silva","NEON_D07_MLBS_DP1_537000_4142000_classified_point_cloud.laz","2018_MLBS_3_537000_4142000_image.tif","Tree",1,537000,537999.999,4142000,4142999.999
"4478",4478,537024.567,537033.484,4142598.017,4142606.43,"Silva","NEON_D07_MLBS_DP1_537000_4142000_classified_point_cloud.laz","2018_MLBS_3_537000_4142000_image.tif","Tree",1,537000,537999.999,4142000,4142999.999
"4479",4479,537058.277,537066.474,4142594.071,4142603.917,"Silva","NEON_D07_MLBS_DP1_537000_4142000_classified_point_cloud.laz","2018_MLBS_3_537000_4142000_image.tif","Tree",1,537000,537999.999,4142000,4142999.999
"4480",4480,537021.707,537028.989,4142623.014,4142633.47,"Silva","NEON_D07_MLBS_DP1_537000_4142000_classified_point_cloud.laz","2018_MLBS_3_537000_4142000_image.tif","Tree",1,537000,537999.999,4142000,4142999.999
"4481",4481,537009.559,537015.96,4142639.515,4142646.461,"Silva","NEON_D07_MLBS_DP1_537000_4142000_classified_point_cloud.laz","2018_MLBS_3_537000_4142000_image.tif","Tree",1,537000,537999.999,4142000,4142999.999
"4482",4482,537001.586,537008.308,4142653.145,4142658.406,"Silva","NEON_D07_MLBS_DP1_537000_4142000_classified_point_cloud.laz","2018_MLBS_3_537000_4142000_image.tif","Tree",1,537000,537999.999,4142000,4142999.999
"4483",4483,537008.055,537017.965,4142616.518,4142625.972,"Silva","NEON_D07_MLBS_DP1_537000_4142000_classified_point_cloud.laz","2018_MLBS_3_537000_4142000_image.tif","Tree",1,537000,537999.999,4142000,4142999.999
"4484",4484,537000.004,537008.479,4142608.533,4142619.964,"Silva","NEON_D07_MLBS_DP1_537000_4142000_classified_point_cloud.laz","2018_MLBS_3_537000_4142000_image.tif","Tree",1,537000,537999.999,4142000,4142999.999
"4485",4485,537010.602,537022.466,4142607.021,4142617.492,"Silva","NEON_D07_MLBS_DP1_537000_4142000_classified_point_cloud.laz","2018_MLBS_3_537000_4142000_image.tif","Tree",1,537000,537999.999,4142000,4142999.999
"4486",4486,537044.599,537054.295,4142620.014,4142629.304,"Silva","NEON_D07_MLBS_DP1_537000_4142000_classified_point_cloud.laz","2018_MLBS_3_537000_4142000_image.tif","Tree",1,537000,537999.999,4142000,4142999.999
"4487",4487,537042.188,537053.478,4142624.65,4142631.947,"Silva","NEON_D07_MLBS_DP1_537000_4142000_classified_point_cloud.laz","2018_MLBS_3_537000_4142000_image.tif","Tree",1,537000,537999.999,4142000,4142999.999
"4488",4488,537039.006,537044.469,4142628.027,4142638.92,"Silva","NEON_D07_MLBS_DP1_537000_4142000_classified_point_cloud.laz","2018_MLBS_3_537000_4142000_image.tif","Tree",1,537000,537999.999,4142000,4142999.999
"4489",4489,537085.528,537090.461,4142633.086,4142638.448,"Silva","NEON_D07_MLBS_DP1_537000_4142000_classified_point_cloud.laz","2018_MLBS_3_537000_4142000_image.tif","Tree",1,537000,537999.999,4142000,4142999.999
"4490",4490,537070.21,537079.472,4142633.121,4142641.952,"Silva","NEON_D07_MLBS_DP1_537000_4142000_classified_point_cloud.laz","2018_MLBS_3_537000_4142000_image.tif","Tree",1,537000,537999.999,4142000,4142999.999
"4491",4491,537081.586,537085.991,4142634.534,4142640.487,"Silva","NEON_D07_MLBS_DP1_537000_4142000_classified_point_cloud.laz","2018_MLBS_3_537000_4142000_image.tif","Tree",1,537000,537999.999,4142000,4142999.999
"4492",4492,537044.621,537052.284,4142639.067,4142646.353,"Silva","NEON_D07_MLBS_DP1_537000_4142000_classified_point_cloud.laz","2018_MLBS_3_537000_4142000_image.tif","Tree",1,537000,537999.999,4142000,4142999.999
"4493",4493,537075.567,537084.23,4142646.508,4142651.995,"Silva","NEON_D07_MLBS_DP1_537000_4142000_classified_point_cloud.laz","2018_MLBS_3_537000_4142000_image.tif","Tree",1,537000,537999.999,4142000,4142999.999
"4494",4494,537048,537055.836,4142669.059,4142678.979,"Silva","NEON_D07_MLBS_DP1_537000_4142000_classified_point_cloud.laz","2018_MLBS_3_537000_4142000_image.tif","Tree",1,537000,537999.999,4142000,4142999.999
"4495",4495,537072.01,537081.441,4142610.506,4142619.349,"Silva","NEON_D07_MLBS_DP1_537000_4142000_classified_point_cloud.laz","2018_MLBS_3_537000_4142000_image.tif","Tree",1,537000,537999.999,4142000,4142999.999
"4496",4496,537024.532,537033.48,4142612.6,4142621.495,"Silva","NEON_D07_MLBS_DP1_537000_4142000_classified_point_cloud.laz","2018_MLBS_3_537000_4142000_image.tif","Tree",1,537000,537999.999,4142000,4142999.999
"4497",4497,537039.567,537047.836,4142612.011,4142621.475,"Silva","NEON_D07_MLBS_DP1_537000_4142000_classified_point_cloud.laz","2018_MLBS_3_537000_4142000_image.tif","Tree",1,537000,537999.999,4142000,4142999.999
"4498",4498,537048.531,537057.885,4142608.505,4142617.978,"Silva","NEON_D07_MLBS_DP1_537000_4142000_classified_point_cloud.laz","2018_MLBS_3_537000_4142000_image.tif","Tree",1,537000,537999.999,4142000,4142999.999
"4499",4499,537057.585,537065.498,4142607.526,4142617.992,"Silva","NEON_D07_MLBS_DP1_537000_4142000_classified_point_cloud.laz","2018_MLBS_3_537000_4142000_image.tif","Tree",1,537000,537999.999,4142000,4142999.999
"4500",4500,537049.168,537055.495,4142662.515,4142669.499,"Silva","NEON_D07_MLBS_DP1_537000_4142000_classified_point_cloud.laz","2018_MLBS_3_537000_4142000_image.tif","Tree",1,537000,537999.999,4142000,4142999.999
"4501",4501,537048.529,537055.985,4142656.522,4142662.469,"Silva","NEON_D07_MLBS_DP1_537000_4142000_classified_point_cloud.laz","2018_MLBS_3_537000_4142000_image.tif","Tree",1,537000,537999.999,4142000,4142999.999
"4502",4502,537102.05,537114.494,4142523.009,4142533.403,"Silva","NEON_D07_MLBS_DP1_537000_4142000_classified_point_cloud.laz","2018_MLBS_3_537000_4142000_image.tif","Tree",1,537000,537999.999,4142000,4142999.999
"4503",4503,537097.002,537102.973,4142550.166,4142559.497,"Silva","NEON_D07_MLBS_DP1_537000_4142000_classified_point_cloud.laz","2018_MLBS_3_537000_4142000_image.tif","Tree",1,537000,537999.999,4142000,4142999.999
"4504",4504,537101.025,537109.997,4142557.041,4142563.999,"Silva","NEON_D07_MLBS_DP1_537000_4142000_classified_point_cloud.laz","2018_MLBS_3_537000_4142000_image.tif","Tree",1,537000,537999.999,4142000,4142999.999
"4505",4505,537096.539,537101.994,4142559.131,4142565.985,"Silva","NEON_D07_MLBS_DP1_537000_4142000_classified_point_cloud.laz","2018_MLBS_3_537000_4142000_image.tif","Tree",1,537000,537999.999,4142000,4142999.999
"4506",4506,537095.514,537106.448,4142566.009,4142575.984,"Silva","NEON_D07_MLBS_DP1_537000_4142000_classified_point_cloud.laz","2018_MLBS_3_537000_4142000_image.tif","Tree",1,537000,537999.999,4142000,4142999.999
"4507",4507,537107.063,537114.992,4142606.044,4142613.45,"Silva","NEON_D07_MLBS_DP1_537000_4142000_classified_point_cloud.laz","2018_MLBS_3_537000_4142000_image.tif","Tree",1,537000,537999.999,4142000,4142999.999
"4508",4508,537096.008,537104.458,4142599.036,4142608.923,"Silva","NEON_D07_MLBS_DP1_537000_4142000_classified_point_cloud.laz","2018_MLBS_3_537000_4142000_image.tif","Tree",1,537000,537999.999,4142000,4142999.999
"4509",4509,537109.059,537113.942,4142601.53,4142606.936,"Silva","NEON_D07_MLBS_DP1_537000_4142000_classified_point_cloud.laz","2018_MLBS_3_537000_4142000_image.tif","Tree",1,537000,537999.999,4142000,4142999.999
"4510",4510,537093.5,537100.498,4142629.028,4142638.328,"Silva","NEON_D07_MLBS_DP1_537000_4142000_classified_point_cloud.laz","2018_MLBS_3_537000_4142000_image.tif","Tree",1,537000,537999.999,4142000,4142999.999
"4511",4511,537099.026,537107.49,4142633.027,4142639.49,"Silva","NEON_D07_MLBS_DP1_537000_4142000_classified_point_cloud.laz","2018_MLBS_3_537000_4142000_image.tif","Tree",1,537000,537999.999,4142000,4142999.999
"4512",4512,537098.256,537107.901,4142639.509,4142644.95,"Silva","NEON_D07_MLBS_DP1_537000_4142000_classified_point_cloud.laz","2018_MLBS_3_537000_4142000_image.tif","Tree",1,537000,537999.999,4142000,4142999.999
"4513",4513,537102.517,537110.927,4142640.229,4142648.999,"Silva","NEON_D07_MLBS_DP1_537000_4142000_classified_point_cloud.laz","2018_MLBS_3_537000_4142000_image.tif","Tree",1,537000,537999.999,4142000,4142999.999
"4514",4514,537095.602,537105.453,4142656.635,4142667.918,"Silva","NEON_D07_MLBS_DP1_537000_4142000_classified_point_cloud.laz","2018_MLBS_3_537000_4142000_image.tif","Tree",1,537000,537999.999,4142000,4142999.999
"4515",4515,537092.5,537099.449,4142606.098,4142614.988,"Silva","NEON_D07_MLBS_DP1_537000_4142000_classified_point_cloud.laz","2018_MLBS_3_537000_4142000_image.tif","Tree",1,537000,537999.999,4142000,4142999.999
"4516",4516,537020.616,537028.719,4142669.096,4142678.54,"Silva","NEON_D07_MLBS_DP1_537000_4142000_classified_point_cloud.laz","2018_MLBS_3_537000_4142000_image.tif","Tree",1,537000,537999.999,4142000,4142999.999
"4517",4517,537055.503,537063.986,4142673.051,4142684.417,"Silva","NEON_D07_MLBS_DP1_537000_4142000_classified_point_cloud.laz","2018_MLBS_3_537000_4142000_image.tif","Tree",1,537000,537999.999,4142000,4142999.999
"4518",4518,537003.047,537015.899,4142685.547,4142696.407,"Silva","NEON_D07_MLBS_DP1_537000_4142000_classified_point_cloud.laz","2018_MLBS_3_537000_4142000_image.tif","Tree",1,537000,537999.999,4142000,4142999.999
"4519",4519,537002.532,537012.952,4142697.024,4142708.402,"Silva","NEON_D07_MLBS_DP1_537000_4142000_classified_point_cloud.laz","2018_MLBS_3_537000_4142000_image.tif","Tree",1,537000,537999.999,4142000,4142999.999
"4520",4520,537025.052,537036.45,4142711.006,4142719.325,"Silva","NEON_D07_MLBS_DP1_537000_4142000_classified_point_cloud.laz","2018_MLBS_3_537000_4142000_image.tif","Tree",1,537000,537999.999,4142000,4142999.999
"4521",4521,537000.018,537011.471,4142731.517,4142741.5,"Silva","NEON_D07_MLBS_DP1_537000_4142000_classified_point_cloud.laz","2018_MLBS_3_537000_4142000_image.tif","Tree",1,537000,537999.999,4142000,4142999.999
"4522",4522,537000.005,537007.91,4142723.632,4142734.473,"Silva","NEON_D07_MLBS_DP1_537000_4142000_classified_point_cloud.laz","2018_MLBS_3_537000_4142000_image.tif","Tree",1,537000,537999.999,4142000,4142999.999
"4523",4523,537012.637,537024.999,4142723.525,4142734.933,"Silva","NEON_D07_MLBS_DP1_537000_4142000_classified_point_cloud.laz","2018_MLBS_3_537000_4142000_image.tif","Tree",1,537000,537999.999,4142000,4142999.999
"4524",4524,537064.003,537074.451,4142678.594,4142686.994,"Silva","NEON_D07_MLBS_DP1_537000_4142000_classified_point_cloud.laz","2018_MLBS_3_537000_4142000_image.tif","Tree",1,537000,537999.999,4142000,4142999.999
"4525",4525,537036.021,537046.998,4142685.002,4142694.982,"Silva","NEON_D07_MLBS_DP1_537000_4142000_classified_point_cloud.laz","2018_MLBS_3_537000_4142000_image.tif","Tree",1,537000,537999.999,4142000,4142999.999
"4526",4526,537055.02,537062.771,4142684.502,4142693.447,"Silva","NEON_D07_MLBS_DP1_537000_4142000_classified_point_cloud.laz","2018_MLBS_3_537000_4142000_image.tif","Tree",1,537000,537999.999,4142000,4142999.999
"4527",4527,537072.029,537084.986,4142685.013,4142694.841,"Silva","NEON_D07_MLBS_DP1_537000_4142000_classified_point_cloud.laz","2018_MLBS_3_537000_4142000_image.tif","Tree",1,537000,537999.999,4142000,4142999.999
"4528",4528,537057.195,537065.36,4142691.839,4142697.271,"Silva","NEON_D07_MLBS_DP1_537000_4142000_classified_point_cloud.laz","2018_MLBS_3_537000_4142000_image.tif","Tree",1,537000,537999.999,4142000,4142999.999
"4529",4529,537044.657,537055.449,4142693.001,4142697.981,"Silva","NEON_D07_MLBS_DP1_537000_4142000_classified_point_cloud.laz","2018_MLBS_3_537000_4142000_image.tif","Tree",1,537000,537999.999,4142000,4142999.999
"4530",4530,537024.022,537036.493,4142701.643,4142712.31,"Silva","NEON_D07_MLBS_DP1_537000_4142000_classified_point_cloud.laz","2018_MLBS_3_537000_4142000_image.tif","Tree",1,537000,537999.999,4142000,4142999.999
"4531",4531,537056.025,537067.899,4142707.647,4142715.488,"Silva","NEON_D07_MLBS_DP1_537000_4142000_classified_point_cloud.laz","2018_MLBS_3_537000_4142000_image.tif","Tree",1,537000,537999.999,4142000,4142999.999
"4532",4532,537074.501,537083.453,4142707.571,4142716.959,"Silva","NEON_D07_MLBS_DP1_537000_4142000_classified_point_cloud.laz","2018_MLBS_3_537000_4142000_image.tif","Tree",1,537000,537999.999,4142000,4142999.999
"4533",4533,537064.519,537070.359,4142735.04,4142740.463,"Silva","NEON_D07_MLBS_DP1_537000_4142000_classified_point_cloud.laz","2018_MLBS_3_537000_4142000_image.tif","Tree",1,537000,537999.999,4142000,4142999.999
"4534",4534,537081.52,537089.426,4142729.52,4142737.491,"Silva","NEON_D07_MLBS_DP1_537000_4142000_classified_point_cloud.laz","2018_MLBS_3_537000_4142000_image.tif","Tree",1,537000,537999.999,4142000,4142999.999
"4535",4535,537064.646,537072.408,4142729.506,4142734.995,"Silva","NEON_D07_MLBS_DP1_537000_4142000_classified_point_cloud.laz","2018_MLBS_3_537000_4142000_image.tif","Tree",1,537000,537999.999,4142000,4142999.999
"4536",4536,537062.004,537067.487,4142721.564,4142729.459,"Silva","NEON_D07_MLBS_DP1_537000_4142000_classified_point_cloud.laz","2018_MLBS_3_537000_4142000_image.tif","Tree",1,537000,537999.999,4142000,4142999.999
"4537",4537,537043.042,537053.367,4142722.524,4142730.977,"Silva","NEON_D07_MLBS_DP1_537000_4142000_classified_point_cloud.laz","2018_MLBS_3_537000_4142000_image.tif","Tree",1,537000,537999.999,4142000,4142999.999
"4538",4538,537025,537034.816,4142721.521,4142728.957,"Silva","NEON_D07_MLBS_DP1_537000_4142000_classified_point_cloud.laz","2018_MLBS_3_537000_4142000_image.tif","Tree",1,537000,537999.999,4142000,4142999.999
"4539",4539,537059.59,537068.474,4142718.502,4142726.973,"Silva","NEON_D07_MLBS_DP1_537000_4142000_classified_point_cloud.laz","2018_MLBS_3_537000_4142000_image.tif","Tree",1,537000,537999.999,4142000,4142999.999
"4540",4540,537048.629,537055.963,4142717.507,4142726.495,"Silva","NEON_D07_MLBS_DP1_537000_4142000_classified_point_cloud.laz","2018_MLBS_3_537000_4142000_image.tif","Tree",1,537000,537999.999,4142000,4142999.999
"4541",4541,537055.52,537068.498,4142715.046,4142721.482,"Silva","NEON_D07_MLBS_DP1_537000_4142000_classified_point_cloud.laz","2018_MLBS_3_537000_4142000_image.tif","Tree",1,537000,537999.999,4142000,4142999.999
"4542",4542,537000,537006.439,4142793.524,4142804.486,"Silva","NEON_D07_MLBS_DP1_537000_4142000_classified_point_cloud.laz","2018_MLBS_3_537000_4142000_image.tif","Tree",1,537000,537999.999,4142000,4142999.999
"4543",4543,537004.575,537015.98,4142790.571,4142802.271,"Silva","NEON_D07_MLBS_DP1_537000_4142000_classified_point_cloud.laz","2018_MLBS_3_537000_4142000_image.tif","Tree",1,537000,537999.999,4142000,4142999.999
"4544",4544,537008.005,537015.451,4142785.52,4142792.917,"Silva","NEON_D07_MLBS_DP1_537000_4142000_classified_point_cloud.laz","2018_MLBS_3_537000_4142000_image.tif","Tree",1,537000,537999.999,4142000,4142999.999
"4545",4545,537000.011,537008.856,4142783.048,4142790.971,"Silva","NEON_D07_MLBS_DP1_537000_4142000_classified_point_cloud.laz","2018_MLBS_3_537000_4142000_image.tif","Tree",1,537000,537999.999,4142000,4142999.999
"4546",4546,537006.529,537012.986,4142775.579,4142786.995,"Silva","NEON_D07_MLBS_DP1_537000_4142000_classified_point_cloud.laz","2018_MLBS_3_537000_4142000_image.tif","Tree",1,537000,537999.999,4142000,4142999.999
"4547",4547,537021.227,537031.391,4142762.641,4142770.945,"Silva","NEON_D07_MLBS_DP1_537000_4142000_classified_point_cloud.laz","2018_MLBS_3_537000_4142000_image.tif","Tree",1,537000,537999.999,4142000,4142999.999
"4548",4548,537000.02,537009.488,4142759.505,4142767.492,"Silva","NEON_D07_MLBS_DP1_537000_4142000_classified_point_cloud.laz","2018_MLBS_3_537000_4142000_image.tif","Tree",1,537000,537999.999,4142000,4142999.999
"4549",4549,537007.503,537015.483,4142732.509,4142748.476,"Silva","NEON_D07_MLBS_DP1_537000_4142000_classified_point_cloud.laz","2018_MLBS_3_537000_4142000_image.tif","Tree",1,537000,537999.999,4142000,4142999.999
"4550",4550,537028.573,537038.46,4142796.028,4142805.937,"Silva","NEON_D07_MLBS_DP1_537000_4142000_classified_point_cloud.laz","2018_MLBS_3_537000_4142000_image.tif","Tree",1,537000,537999.999,4142000,4142999.999
"4551",4551,537026.012,537033.978,4142770.016,4142780.978,"Silva","NEON_D07_MLBS_DP1_537000_4142000_classified_point_cloud.laz","2018_MLBS_3_537000_4142000_image.tif","Tree",1,537000,537999.999,4142000,4142999.999
"4552",4552,537085.016,537095.337,4142765.03,4142773.999,"Silva","NEON_D07_MLBS_DP1_537000_4142000_classified_point_cloud.laz","2018_MLBS_3_537000_4142000_image.tif","Tree",1,537000,537999.999,4142000,4142999.999
"4553",4553,537039.507,537050.448,4142768.126,4142774.374,"Silva","NEON_D07_MLBS_DP1_537000_4142000_classified_point_cloud.laz","2018_MLBS_3_537000_4142000_image.tif","Tree",1,537000,537999.999,4142000,4142999.999
"4554",4554,537030.517,537038.997,4142759.287,4142769.973,"Silva","NEON_D07_MLBS_DP1_537000_4142000_classified_point_cloud.laz","2018_MLBS_3_537000_4142000_image.tif","Tree",1,537000,537999.999,4142000,4142999.999
"4555",4555,537068.175,537079.996,4142749.501,4142756.845,"Silva","NEON_D07_MLBS_DP1_537000_4142000_classified_point_cloud.laz","2018_MLBS_3_537000_4142000_image.tif","Tree",1,537000,537999.999,4142000,4142999.999
"4556",4556,537084.025,537090.977,4142743.004,4142749.973,"Silva","NEON_D07_MLBS_DP1_537000_4142000_classified_point_cloud.laz","2018_MLBS_3_537000_4142000_image.tif","Tree",1,537000,537999.999,4142000,4142999.999
"4557",4557,537064.121,537071.957,4142739.556,4142747.998,"Silva","NEON_D07_MLBS_DP1_537000_4142000_classified_point_cloud.laz","2018_MLBS_3_537000_4142000_image.tif","Tree",1,537000,537999.999,4142000,4142999.999
"4558",4558,537017.511,537028.957,4142826.619,4142838.484,"Silva","NEON_D07_MLBS_DP1_537000_4142000_classified_point_cloud.laz","2018_MLBS_3_537000_4142000_image.tif","Tree",1,537000,537999.999,4142000,4142999.999
"4559",4559,537025.013,537031.497,4142837.502,4142844.441,"Silva","NEON_D07_MLBS_DP1_537000_4142000_classified_point_cloud.laz","2018_MLBS_3_537000_4142000_image.tif","Tree",1,537000,537999.999,4142000,4142999.999
"4560",4560,537019.515,537025.464,4142843.122,4142850.265,"Silva","NEON_D07_MLBS_DP1_537000_4142000_classified_point_cloud.laz","2018_MLBS_3_537000_4142000_image.tif","Tree",1,537000,537999.999,4142000,4142999.999
"4561",4561,537021.567,537027.927,4142846.505,4142852.445,"Silva","NEON_D07_MLBS_DP1_537000_4142000_classified_point_cloud.laz","2018_MLBS_3_537000_4142000_image.tif","Tree",1,537000,537999.999,4142000,4142999.999
"4562",4562,537000.001,537005.121,4142846.023,4142857.457,"Silva","NEON_D07_MLBS_DP1_537000_4142000_classified_point_cloud.laz","2018_MLBS_3_537000_4142000_image.tif","Tree",1,537000,537999.999,4142000,4142999.999
"4563",4563,537013.559,537022.478,4142850.524,4142858.917,"Silva","NEON_D07_MLBS_DP1_537000_4142000_classified_point_cloud.laz","2018_MLBS_3_537000_4142000_image.tif","Tree",1,537000,537999.999,4142000,4142999.999
"4564",4564,537057,537063.494,4142807.001,4142811.999,"Silva","NEON_D07_MLBS_DP1_537000_4142000_classified_point_cloud.laz","2018_MLBS_3_537000_4142000_image.tif","Tree",1,537000,537999.999,4142000,4142999.999
"4565",4565,537081.005,537089.906,4142804.553,4142813.479,"Silva","NEON_D07_MLBS_DP1_537000_4142000_classified_point_cloud.laz","2018_MLBS_3_537000_4142000_image.tif","Tree",1,537000,537999.999,4142000,4142999.999
"4566",4566,537051.002,537057.909,4142810.322,4142815.425,"Silva","NEON_D07_MLBS_DP1_537000_4142000_classified_point_cloud.laz","2018_MLBS_3_537000_4142000_image.tif","Tree",1,537000,537999.999,4142000,4142999.999
"4567",4567,537049.505,537059.435,4142815.003,4142821.395,"Silva","NEON_D07_MLBS_DP1_537000_4142000_classified_point_cloud.laz","2018_MLBS_3_537000_4142000_image.tif","Tree",1,537000,537999.999,4142000,4142999.999
"4568",4568,537048.076,537056.992,4142825.559,4142832.863,"Silva","NEON_D07_MLBS_DP1_537000_4142000_classified_point_cloud.laz","2018_MLBS_3_537000_4142000_image.tif","Tree",1,537000,537999.999,4142000,4142999.999
"4569",4569,537024.517,537036.987,4142828.048,4142837.92,"Silva","NEON_D07_MLBS_DP1_537000_4142000_classified_point_cloud.laz","2018_MLBS_3_537000_4142000_image.tif","Tree",1,537000,537999.999,4142000,4142999.999
"4570",4570,537037.012,537049.955,4142831.041,4142837.475,"Silva","NEON_D07_MLBS_DP1_537000_4142000_classified_point_cloud.laz","2018_MLBS_3_537000_4142000_image.tif","Tree",1,537000,537999.999,4142000,4142999.999
"4571",4571,537070.562,537076.465,4142827.007,4142836.938,"Silva","NEON_D07_MLBS_DP1_537000_4142000_classified_point_cloud.laz","2018_MLBS_3_537000_4142000_image.tif","Tree",1,537000,537999.999,4142000,4142999.999
"4572",4572,537066.123,537073.372,4142828.03,4142836.475,"Silva","NEON_D07_MLBS_DP1_537000_4142000_classified_point_cloud.laz","2018_MLBS_3_537000_4142000_image.tif","Tree",1,537000,537999.999,4142000,4142999.999
"4573",4573,537048.572,537055.494,4142840.577,4142849.985,"Silva","NEON_D07_MLBS_DP1_537000_4142000_classified_point_cloud.laz","2018_MLBS_3_537000_4142000_image.tif","Tree",1,537000,537999.999,4142000,4142999.999
"4574",4574,537057.588,537066.469,4142842.007,4142850.489,"Silva","NEON_D07_MLBS_DP1_537000_4142000_classified_point_cloud.laz","2018_MLBS_3_537000_4142000_image.tif","Tree",1,537000,537999.999,4142000,4142999.999
"4575",4575,537039.009,537048.376,4142844.025,4142851.428,"Silva","NEON_D07_MLBS_DP1_537000_4142000_classified_point_cloud.laz","2018_MLBS_3_537000_4142000_image.tif","Tree",1,537000,537999.999,4142000,4142999.999
"4576",4576,537078.017,537087.481,4142840.519,4142849.451,"Silva","NEON_D07_MLBS_DP1_537000_4142000_classified_point_cloud.laz","2018_MLBS_3_537000_4142000_image.tif","Tree",1,537000,537999.999,4142000,4142999.999
"4577",4577,537063.5,537070.878,4142863.766,4142872.488,"Silva","NEON_D07_MLBS_DP1_537000_4142000_classified_point_cloud.laz","2018_MLBS_3_537000_4142000_image.tif","Tree",1,537000,537999.999,4142000,4142999.999
"4578",4578,537085.016,537093.881,4142856.17,4142864.97,"Silva","NEON_D07_MLBS_DP1_537000_4142000_classified_point_cloud.laz","2018_MLBS_3_537000_4142000_image.tif","Tree",1,537000,537999.999,4142000,4142999.999
"4579",4579,537080.012,537087.912,4142855.122,4142863.403,"Silva","NEON_D07_MLBS_DP1_537000_4142000_classified_point_cloud.laz","2018_MLBS_3_537000_4142000_image.tif","Tree",1,537000,537999.999,4142000,4142999.999
"4580",4580,537084.501,537091.225,4142849.308,4142856.722,"Silva","NEON_D07_MLBS_DP1_537000_4142000_classified_point_cloud.laz","2018_MLBS_3_537000_4142000_image.tif","Tree",1,537000,537999.999,4142000,4142999.999
"4581",4581,537058.517,537069.324,4142850.001,4142857.496,"Silva","NEON_D07_MLBS_DP1_537000_4142000_classified_point_cloud.laz","2018_MLBS_3_537000_4142000_image.tif","Tree",1,537000,537999.999,4142000,4142999.999
"4582",4582,537079.537,537085.927,4142849.003,4142855.488,"Silva","NEON_D07_MLBS_DP1_537000_4142000_classified_point_cloud.laz","2018_MLBS_3_537000_4142000_image.tif","Tree",1,537000,537999.999,4142000,4142999.999
"4583",4583,537027.5,537034.952,4142851.53,4142858.228,"Silva","NEON_D07_MLBS_DP1_537000_4142000_classified_point_cloud.laz","2018_MLBS_3_537000_4142000_image.tif","Tree",1,537000,537999.999,4142000,4142999.999
"4584",4584,537035.005,537042.989,4142848.502,4142857.753,"Silva","NEON_D07_MLBS_DP1_537000_4142000_classified_point_cloud.laz","2018_MLBS_3_537000_4142000_image.tif","Tree",1,537000,537999.999,4142000,4142999.999
"4585",4585,537043.012,537050.988,4142849.505,4142856.922,"Silva","NEON_D07_MLBS_DP1_537000_4142000_classified_point_cloud.laz","2018_MLBS_3_537000_4142000_image.tif","Tree",1,537000,537999.999,4142000,4142999.999
"4586",4586,537054.505,537060.966,4142848.03,4142854.99,"Silva","NEON_D07_MLBS_DP1_537000_4142000_classified_point_cloud.laz","2018_MLBS_3_537000_4142000_image.tif","Tree",1,537000,537999.999,4142000,4142999.999
"4587",4587,537015.083,537025.429,4142891.025,4142899.988,"Silva","NEON_D07_MLBS_DP1_537000_4142000_classified_point_cloud.laz","2018_MLBS_3_537000_4142000_image.tif","Tree",1,537000,537999.999,4142000,4142999.999
"4588",4588,537023.522,537031.983,4142899.513,4142908,"Silva","NEON_D07_MLBS_DP1_537000_4142000_classified_point_cloud.laz","2018_MLBS_3_537000_4142000_image.tif","Tree",1,537000,537999.999,4142000,4142999.999
"4589",4589,537000.04,537008.428,4142873.664,4142880,"Silva","NEON_D07_MLBS_DP1_537000_4142000_classified_point_cloud.laz","2018_MLBS_3_537000_4142000_image.tif","Tree",1,537000,537999.999,4142000,4142999.999
"4590",4590,537078.566,537088.227,4142892.281,4142899.495,"Silva","NEON_D07_MLBS_DP1_537000_4142000_classified_point_cloud.laz","2018_MLBS_3_537000_4142000_image.tif","Tree",1,537000,537999.999,4142000,4142999.999
"4591",4591,537051.032,537060.153,4142899.001,4142904.859,"Silva","NEON_D07_MLBS_DP1_537000_4142000_classified_point_cloud.laz","2018_MLBS_3_537000_4142000_image.tif","Tree",1,537000,537999.999,4142000,4142999.999
"4592",4592,537068.015,537076.461,4142903.017,4142910.459,"Silva","NEON_D07_MLBS_DP1_537000_4142000_classified_point_cloud.laz","2018_MLBS_3_537000_4142000_image.tif","Tree",1,537000,537999.999,4142000,4142999.999
"4593",4593,537056.06,537062.987,4142907.104,4142915.496,"Silva","NEON_D07_MLBS_DP1_537000_4142000_classified_point_cloud.laz","2018_MLBS_3_537000_4142000_image.tif","Tree",1,537000,537999.999,4142000,4142999.999
"4594",4594,537076.528,537083.891,4142906.055,4142911.973,"Silva","NEON_D07_MLBS_DP1_537000_4142000_classified_point_cloud.laz","2018_MLBS_3_537000_4142000_image.tif","Tree",1,537000,537999.999,4142000,4142999.999
"4595",4595,537040.547,537047.977,4142928.005,4142934.482,"Silva","NEON_D07_MLBS_DP1_537000_4142000_classified_point_cloud.laz","2018_MLBS_3_537000_4142000_image.tif","Tree",1,537000,537999.999,4142000,4142999.999
"4596",4596,537025.301,537032.467,4142929.198,4142935.471,"Silva","NEON_D07_MLBS_DP1_537000_4142000_classified_point_cloud.laz","2018_MLBS_3_537000_4142000_image.tif","Tree",1,537000,537999.999,4142000,4142999.999
"4597",4597,537046.518,537054.495,4142923.514,4142932.72,"Silva","NEON_D07_MLBS_DP1_537000_4142000_classified_point_cloud.laz","2018_MLBS_3_537000_4142000_image.tif","Tree",1,537000,537999.999,4142000,4142999.999
"4598",4598,537048.509,537058.499,4142915.054,4142923.972,"Silva","NEON_D07_MLBS_DP1_537000_4142000_classified_point_cloud.laz","2018_MLBS_3_537000_4142000_image.tif","Tree",1,537000,537999.999,4142000,4142999.999
"4599",4599,537071.022,537081.36,4142913.682,4142923.894,"Silva","NEON_D07_MLBS_DP1_537000_4142000_classified_point_cloud.laz","2018_MLBS_3_537000_4142000_image.tif","Tree",1,537000,537999.999,4142000,4142999.999
"4600",4600,537087.517,537095.89,4142908.11,4142916.496,"Silva","NEON_D07_MLBS_DP1_537000_4142000_classified_point_cloud.laz","2018_MLBS_3_537000_4142000_image.tif","Tree",1,537000,537999.999,4142000,4142999.999
"4601",4601,537029.077,537036.442,4142886.516,4142892.49,"Silva","NEON_D07_MLBS_DP1_537000_4142000_classified_point_cloud.laz","2018_MLBS_3_537000_4142000_image.tif","Tree",1,537000,537999.999,4142000,4142999.999
"4602",4602,537032.004,537038.468,4142877.509,4142886.998,"Silva","NEON_D07_MLBS_DP1_537000_4142000_classified_point_cloud.laz","2018_MLBS_3_537000_4142000_image.tif","Tree",1,537000,537999.999,4142000,4142999.999
"4603",4603,537035.51,537044.824,4142877.522,4142882.924,"Silva","NEON_D07_MLBS_DP1_537000_4142000_classified_point_cloud.laz","2018_MLBS_3_537000_4142000_image.tif","Tree",1,537000,537999.999,4142000,4142999.999
"4604",4604,537075.521,537085.915,4142874.615,4142879.998,"Silva","NEON_D07_MLBS_DP1_537000_4142000_classified_point_cloud.laz","2018_MLBS_3_537000_4142000_image.tif","Tree",1,537000,537999.999,4142000,4142999.999
"4605",4605,537077.533,537085.946,4142868.11,4142876.425,"Silva","NEON_D07_MLBS_DP1_537000_4142000_classified_point_cloud.laz","2018_MLBS_3_537000_4142000_image.tif","Tree",1,537000,537999.999,4142000,4142999.999
"4606",4606,537049.63,537058.484,4142870.678,4142877.479,"Silva","NEON_D07_MLBS_DP1_537000_4142000_classified_point_cloud.laz","2018_MLBS_3_537000_4142000_image.tif","Tree",1,537000,537999.999,4142000,4142999.999
"4607",4607,537097.555,537107.929,4142676.088,4142686.727,"Silva","NEON_D07_MLBS_DP1_537000_4142000_classified_point_cloud.laz","2018_MLBS_3_537000_4142000_image.tif","Tree",1,537000,537999.999,4142000,4142999.999
"4608",4608,537102.528,537111.475,4142688.039,4142694.485,"Silva","NEON_D07_MLBS_DP1_537000_4142000_classified_point_cloud.laz","2018_MLBS_3_537000_4142000_image.tif","Tree",1,537000,537999.999,4142000,4142999.999
"4609",4609,537099.775,537105.925,4142696.041,4142702.497,"Silva","NEON_D07_MLBS_DP1_537000_4142000_classified_point_cloud.laz","2018_MLBS_3_537000_4142000_image.tif","Tree",1,537000,537999.999,4142000,4142999.999
"4610",4610,537100.072,537106.493,4142706.516,4142713.685,"Silva","NEON_D07_MLBS_DP1_537000_4142000_classified_point_cloud.laz","2018_MLBS_3_537000_4142000_image.tif","Tree",1,537000,537999.999,4142000,4142999.999
"4611",4611,537105.006,537112.48,4142714.01,4142724.491,"Silva","NEON_D07_MLBS_DP1_537000_4142000_classified_point_cloud.laz","2018_MLBS_3_537000_4142000_image.tif","Tree",1,537000,537999.999,4142000,4142999.999
"4612",4612,537100.524,537109.835,4142733.512,4142739.47,"Silva","NEON_D07_MLBS_DP1_537000_4142000_classified_point_cloud.laz","2018_MLBS_3_537000_4142000_image.tif","Tree",1,537000,537999.999,4142000,4142999.999
"4613",4613,537093.139,537102.769,4142748.625,4142759.465,"Silva","NEON_D07_MLBS_DP1_537000_4142000_classified_point_cloud.laz","2018_MLBS_3_537000_4142000_image.tif","Tree",1,537000,537999.999,4142000,4142999.999
"4614",4614,537091,537100.495,4142743.013,4142751.442,"Silva","NEON_D07_MLBS_DP1_537000_4142000_classified_point_cloud.laz","2018_MLBS_3_537000_4142000_image.tif","Tree",1,537000,537999.999,4142000,4142999.999
"4615",4615,537098.171,537107.472,4142815.512,4142824.482,"Silva","NEON_D07_MLBS_DP1_537000_4142000_classified_point_cloud.laz","2018_MLBS_3_537000_4142000_image.tif","Tree",1,537000,537999.999,4142000,4142999.999
"4616",4616,537092.006,537103.444,4142866.118,4142874.492,"Silva","NEON_D07_MLBS_DP1_537000_4142000_classified_point_cloud.laz","2018_MLBS_3_537000_4142000_image.tif","Tree",1,537000,537999.999,4142000,4142999.999
"4617",4617,537001.506,537009.939,4142992.554,4142999.989,"Silva","NEON_D07_MLBS_DP1_537000_4142000_classified_point_cloud.laz","2018_MLBS_3_537000_4142000_image.tif","Tree",1,537000,537999.999,4142000,4142999.999
"4618",4618,537000.013,537008.977,4142983.013,4142993.458,"Silva","NEON_D07_MLBS_DP1_537000_4142000_classified_point_cloud.laz","2018_MLBS_3_537000_4142000_image.tif","Tree",1,537000,537999.999,4142000,4142999.999
"4619",4619,537014.102,537021.484,4142971.515,4142981.387,"Silva","NEON_D07_MLBS_DP1_537000_4142000_classified_point_cloud.laz","2018_MLBS_3_537000_4142000_image.tif","Tree",1,537000,537999.999,4142000,4142999.999
"4620",4620,537016.55,537021.988,4142965.004,4142972.497,"Silva","NEON_D07_MLBS_DP1_537000_4142000_classified_point_cloud.laz","2018_MLBS_3_537000_4142000_image.tif","Tree",1,537000,537999.999,4142000,4142999.999
"4621",4621,537021.012,537029.943,4142964.609,4142972,"Silva","NEON_D07_MLBS_DP1_537000_4142000_classified_point_cloud.laz","2018_MLBS_3_537000_4142000_image.tif","Tree",1,537000,537999.999,4142000,4142999.999
"4622",4622,537000.002,537004.481,4142963.213,4142976.333,"Silva","NEON_D07_MLBS_DP1_537000_4142000_classified_point_cloud.laz","2018_MLBS_3_537000_4142000_image.tif","Tree",1,537000,537999.999,4142000,4142999.999
"4623",4623,537020.016,537027.979,4142962.001,4142965.991,"Silva","NEON_D07_MLBS_DP1_537000_4142000_classified_point_cloud.laz","2018_MLBS_3_537000_4142000_image.tif","Tree",1,537000,537999.999,4142000,4142999.999
"4624",4624,537008.001,537015.97,4142957.064,4142964.986,"Silva","NEON_D07_MLBS_DP1_537000_4142000_classified_point_cloud.laz","2018_MLBS_3_537000_4142000_image.tif","Tree",1,537000,537999.999,4142000,4142999.999
"4625",4625,537000.004,537007.967,4142955.339,4142963.951,"Silva","NEON_D07_MLBS_DP1_537000_4142000_classified_point_cloud.laz","2018_MLBS_3_537000_4142000_image.tif","Tree",1,537000,537999.999,4142000,4142999.999
"4626",4626,537070.553,537078.846,4142932.504,4142939.988,"Silva","NEON_D07_MLBS_DP1_537000_4142000_classified_point_cloud.laz","2018_MLBS_3_537000_4142000_image.tif","Tree",1,537000,537999.999,4142000,4142999.999
"4627",4627,537055.007,537061.997,4142936.511,4142944.996,"Silva","NEON_D07_MLBS_DP1_537000_4142000_classified_point_cloud.laz","2018_MLBS_3_537000_4142000_image.tif","Tree",1,537000,537999.999,4142000,4142999.999
"4628",4628,537084.034,537091.487,4142938.11,4142943.972,"Silva","NEON_D07_MLBS_DP1_537000_4142000_classified_point_cloud.laz","2018_MLBS_3_537000_4142000_image.tif","Tree",1,537000,537999.999,4142000,4142999.999
"4629",4629,537042.782,537051.471,4142939.515,4142947.368,"Silva","NEON_D07_MLBS_DP1_537000_4142000_classified_point_cloud.laz","2018_MLBS_3_537000_4142000_image.tif","Tree",1,537000,537999.999,4142000,4142999.999
"4630",4630,537075.031,537080.888,4142942.6,4142946.992,"Silva","NEON_D07_MLBS_DP1_537000_4142000_classified_point_cloud.laz","2018_MLBS_3_537000_4142000_image.tif","Tree",1,537000,537999.999,4142000,4142999.999
"4631",4631,537087.335,537093.97,4142939.059,4142948.375,"Silva","NEON_D07_MLBS_DP1_537000_4142000_classified_point_cloud.laz","2018_MLBS_3_537000_4142000_image.tif","Tree",1,537000,537999.999,4142000,4142999.999
"4632",4632,537047.043,537054.418,4142943.987,4142952.994,"Silva","NEON_D07_MLBS_DP1_537000_4142000_classified_point_cloud.laz","2018_MLBS_3_537000_4142000_image.tif","Tree",1,537000,537999.999,4142000,4142999.999
"4633",4633,537084.077,537090.152,4142944.012,4142948.495,"Silva","NEON_D07_MLBS_DP1_537000_4142000_classified_point_cloud.laz","2018_MLBS_3_537000_4142000_image.tif","Tree",1,537000,537999.999,4142000,4142999.999
"4634",4634,537063.023,537069.957,4142945.542,4142952.474,"Silva","NEON_D07_MLBS_DP1_537000_4142000_classified_point_cloud.laz","2018_MLBS_3_537000_4142000_image.tif","Tree",1,537000,537999.999,4142000,4142999.999
"4635",4635,537032.006,537040.956,4142966.501,4142976.897,"Silva","NEON_D07_MLBS_DP1_537000_4142000_classified_point_cloud.laz","2018_MLBS_3_537000_4142000_image.tif","Tree",1,537000,537999.999,4142000,4142999.999
"4636",4636,537070.576,537076.998,4142953.773,4142960.878,"Silva","NEON_D07_MLBS_DP1_537000_4142000_classified_point_cloud.laz","2018_MLBS_3_537000_4142000_image.tif","Tree",1,537000,537999.999,4142000,4142999.999
"4637",4637,537073.507,537084.661,4142961.037,4142967.925,"Silva","NEON_D07_MLBS_DP1_537000_4142000_classified_point_cloud.laz","2018_MLBS_3_537000_4142000_image.tif","Tree",1,537000,537999.999,4142000,4142999.999
"4638",4638,537064.563,537073.494,4142962.591,4142973.382,"Silva","NEON_D07_MLBS_DP1_537000_4142000_classified_point_cloud.laz","2018_MLBS_3_537000_4142000_image.tif","Tree",1,537000,537999.999,4142000,4142999.999
"4639",4639,537024.003,537031.971,4142976.512,4142984.461,"Silva","NEON_D07_MLBS_DP1_537000_4142000_classified_point_cloud.laz","2018_MLBS_3_537000_4142000_image.tif","Tree",1,537000,537999.999,4142000,4142999.999
"4640",4640,537084.125,537094.825,4142970.005,4142980.81,"Silva","NEON_D07_MLBS_DP1_537000_4142000_classified_point_cloud.laz","2018_MLBS_3_537000_4142000_image.tif","Tree",1,537000,537999.999,4142000,4142999.999
"4641",4641,537072.018,537080.976,4142973.001,4142985.962,"Silva","NEON_D07_MLBS_DP1_537000_4142000_classified_point_cloud.laz","2018_MLBS_3_537000_4142000_image.tif","Tree",1,537000,537999.999,4142000,4142999.999
"4642",4642,537033.004,537039.975,4142980.557,4142989.364,"Silva","NEON_D07_MLBS_DP1_537000_4142000_classified_point_cloud.laz","2018_MLBS_3_537000_4142000_image.tif","Tree",1,537000,537999.999,4142000,4142999.999
"4643",4643,537040.003,537048.446,4142977.52,4142985.498,"Silva","NEON_D07_MLBS_DP1_537000_4142000_classified_point_cloud.laz","2018_MLBS_3_537000_4142000_image.tif","Tree",1,537000,537999.999,4142000,4142999.999
"4644",4644,537063.082,537071.976,4142978.669,4142987.992,"Silva","NEON_D07_MLBS_DP1_537000_4142000_classified_point_cloud.laz","2018_MLBS_3_537000_4142000_image.tif","Tree",1,537000,537999.999,4142000,4142999.999
"4645",4645,537089.027,537093.984,4142979.038,4142986.459,"Silva","NEON_D07_MLBS_DP1_537000_4142000_classified_point_cloud.laz","2018_MLBS_3_537000_4142000_image.tif","Tree",1,537000,537999.999,4142000,4142999.999
"4646",4646,537042.506,537049.997,4142985.518,4142992.494,"Silva","NEON_D07_MLBS_DP1_537000_4142000_classified_point_cloud.laz","2018_MLBS_3_537000_4142000_image.tif","Tree",1,537000,537999.999,4142000,4142999.999
"4647",4647,537079.054,537087.985,4142983.531,4142992.985,"Silva","NEON_D07_MLBS_DP1_537000_4142000_classified_point_cloud.laz","2018_MLBS_3_537000_4142000_image.tif","Tree",1,537000,537999.999,4142000,4142999.999
"4648",4648,537024.567,537032.887,4142988.127,4142996.457,"Silva","NEON_D07_MLBS_DP1_537000_4142000_classified_point_cloud.laz","2018_MLBS_3_537000_4142000_image.tif","Tree",1,537000,537999.999,4142000,4142999.999
"4649",4649,537019.108,537025.499,4142992.672,4142999.832,"Silva","NEON_D07_MLBS_DP1_537000_4142000_classified_point_cloud.laz","2018_MLBS_3_537000_4142000_image.tif","Tree",1,537000,537999.999,4142000,4142999.999
"4650",4650,537070.803,537077.271,4142990.581,4142999.481,"Silva","NEON_D07_MLBS_DP1_537000_4142000_classified_point_cloud.laz","2018_MLBS_3_537000_4142000_image.tif","Tree",1,537000,537999.999,4142000,4142999.999
"4651",4651,537048.5,537054.428,4142992.004,4142999.991,"Silva","NEON_D07_MLBS_DP1_537000_4142000_classified_point_cloud.laz","2018_MLBS_3_537000_4142000_image.tif","Tree",1,537000,537999.999,4142000,4142999.999
"4652",4652,537024.054,537032.463,4142993.766,4142999.99,"Silva","NEON_D07_MLBS_DP1_537000_4142000_classified_point_cloud.laz","2018_MLBS_3_537000_4142000_image.tif","Tree",1,537000,537999.999,4142000,4142999.999
"4653",4653,537009.02,537015.987,4142995.045,4142999.995,"Silva","NEON_D07_MLBS_DP1_537000_4142000_classified_point_cloud.laz","2018_MLBS_3_537000_4142000_image.tif","Tree",1,537000,537999.999,4142000,4142999.999
"4654",4654,537031.53,537038.489,4142995.521,4142999.989,"Silva","NEON_D07_MLBS_DP1_537000_4142000_classified_point_cloud.laz","2018_MLBS_3_537000_4142000_image.tif","Tree",1,537000,537999.999,4142000,4142999.999
"4655",4655,537021.013,537028.997,4142540.225,4142548.499,"Silva","NEON_D07_MLBS_DP1_537000_4142000_classified_point_cloud.laz","2018_MLBS_3_537000_4142000_image.tif","Tree",1,537000,537999.999,4142000,4142999.999
"4656",4656,537000.029,537006.495,4142540.037,4142547.977,"Silva","NEON_D07_MLBS_DP1_537000_4142000_classified_point_cloud.laz","2018_MLBS_3_537000_4142000_image.tif","Tree",1,537000,537999.999,4142000,4142999.999
"4657",4657,537006.579,537014.478,4142537.503,4142547.977,"Silva","NEON_D07_MLBS_DP1_537000_4142000_classified_point_cloud.laz","2018_MLBS_3_537000_4142000_image.tif","Tree",1,537000,537999.999,4142000,4142999.999
"4658",4658,537017.1,537022.976,4142535.51,4142543.991,"Silva","NEON_D07_MLBS_DP1_537000_4142000_classified_point_cloud.laz","2018_MLBS_3_537000_4142000_image.tif","Tree",1,537000,537999.999,4142000,4142999.999
"4659",4659,537000.042,537004.333,4142537.067,4142541.489,"Silva","NEON_D07_MLBS_DP1_537000_4142000_classified_point_cloud.laz","2018_MLBS_3_537000_4142000_image.tif","Tree",1,537000,537999.999,4142000,4142999.999
"4660",4660,537018.505,537029.494,4142531.505,4142540.496,"Silva","NEON_D07_MLBS_DP1_537000_4142000_classified_point_cloud.laz","2018_MLBS_3_537000_4142000_image.tif","Tree",1,537000,537999.999,4142000,4142999.999
"4661",4661,537000.016,537004.911,4142532.029,4142538.961,"Silva","NEON_D07_MLBS_DP1_537000_4142000_classified_point_cloud.laz","2018_MLBS_3_537000_4142000_image.tif","Tree",1,537000,537999.999,4142000,4142999.999
"4662",4662,537004.019,537009.99,4142529.087,4142537.485,"Silva","NEON_D07_MLBS_DP1_537000_4142000_classified_point_cloud.laz","2018_MLBS_3_537000_4142000_image.tif","Tree",1,537000,537999.999,4142000,4142999.999
"4663",4663,537012.007,537019.943,4142527.55,4142537.486,"Silva","NEON_D07_MLBS_DP1_537000_4142000_classified_point_cloud.laz","2018_MLBS_3_537000_4142000_image.tif","Tree",1,537000,537999.999,4142000,4142999.999
"4664",4664,537006,537011.985,4142526.569,4142536.494,"Silva","NEON_D07_MLBS_DP1_537000_4142000_classified_point_cloud.laz","2018_MLBS_3_537000_4142000_image.tif","Tree",1,537000,537999.999,4142000,4142999.999
"4665",4665,537000.009,537005.921,4142524.022,4142533.474,"Silva","NEON_D07_MLBS_DP1_537000_4142000_classified_point_cloud.laz","2018_MLBS_3_537000_4142000_image.tif","Tree",1,537000,537999.999,4142000,4142999.999
"4666",4666,537011.505,537020.995,4142519.531,4142530.975,"Silva","NEON_D07_MLBS_DP1_537000_4142000_classified_point_cloud.laz","2018_MLBS_3_537000_4142000_image.tif","Tree",1,537000,537999.999,4142000,4142999.999
"4667",4667,537000.005,537003.329,4142515.402,4142523.991,"Silva","NEON_D07_MLBS_DP1_537000_4142000_classified_point_cloud.laz","2018_MLBS_3_537000_4142000_image.tif","Tree",1,537000,537999.999,4142000,4142999.999
"4668",4668,537003.03,537010.484,4142511.564,4142521.888,"Silva","NEON_D07_MLBS_DP1_537000_4142000_classified_point_cloud.laz","2018_MLBS_3_537000_4142000_image.tif","Tree",1,537000,537999.999,4142000,4142999.999
"4669",4669,537016.557,537024.976,4142513.02,4142521.41,"Silva","NEON_D07_MLBS_DP1_537000_4142000_classified_point_cloud.laz","2018_MLBS_3_537000_4142000_image.tif","Tree",1,537000,537999.999,4142000,4142999.999
"4670",4670,537022.052,537028.495,4142509.537,4142520.738,"Silva","NEON_D07_MLBS_DP1_537000_4142000_classified_point_cloud.laz","2018_MLBS_3_537000_4142000_image.tif","Tree",1,537000,537999.999,4142000,4142999.999
"4671",4671,537000.004,537006.963,4142509.753,4142516.989,"Silva","NEON_D07_MLBS_DP1_537000_4142000_classified_point_cloud.laz","2018_MLBS_3_537000_4142000_image.tif","Tree",1,537000,537999.999,4142000,4142999.999
"4672",4672,537008.669,537017.992,4142507.013,4142519.555,"Silva","NEON_D07_MLBS_DP1_537000_4142000_classified_point_cloud.laz","2018_MLBS_3_537000_4142000_image.tif","Tree",1,537000,537999.999,4142000,4142999.999
"4673",4673,537013.558,537023.995,4142507.008,4142514.496,"Silva","NEON_D07_MLBS_DP1_537000_4142000_classified_point_cloud.laz","2018_MLBS_3_537000_4142000_image.tif","Tree",1,537000,537999.999,4142000,4142999.999
"4674",4674,537000.014,537010.676,4142502.509,4142511.488,"Silva","NEON_D07_MLBS_DP1_537000_4142000_classified_point_cloud.laz","2018_MLBS_3_537000_4142000_image.tif","Tree",1,537000,537999.999,4142000,4142999.999
"4675",4675,537017.043,537024.497,4142499.506,4142509.42,"Silva","NEON_D07_MLBS_DP1_537000_4142000_classified_point_cloud.laz","2018_MLBS_3_537000_4142000_image.tif","Tree",1,537000,537999.999,4142000,4142999.999
"4676",4676,537024.003,537031.468,4142499.525,4142509.46,"Silva","NEON_D07_MLBS_DP1_537000_4142000_classified_point_cloud.laz","2018_MLBS_3_537000_4142000_image.tif","Tree",1,537000,537999.999,4142000,4142999.999
"4677",4677,537000.001,537005.468,4142496.018,4142504.303,"Silva","NEON_D07_MLBS_DP1_537000_4142000_classified_point_cloud.laz","2018_MLBS_3_537000_4142000_image.tif","Tree",1,537000,537999.999,4142000,4142999.999
"4678",4678,537037.048,537049.87,4142539.007,4142547.992,"Silva","NEON_D07_MLBS_DP1_537000_4142000_classified_point_cloud.laz","2018_MLBS_3_537000_4142000_image.tif","Tree",1,537000,537999.999,4142000,4142999.999
"4679",4679,537057.515,537072.424,4142533.007,4142543.424,"Silva","NEON_D07_MLBS_DP1_537000_4142000_classified_point_cloud.laz","2018_MLBS_3_537000_4142000_image.tif","Tree",1,537000,537999.999,4142000,4142999.999
"4680",4680,537034.004,537042.984,4142536.037,4142541.358,"Silva","NEON_D07_MLBS_DP1_537000_4142000_classified_point_cloud.laz","2018_MLBS_3_537000_4142000_image.tif","Tree",1,537000,537999.999,4142000,4142999.999
"4681",4681,537086.601,537095.993,4142532.015,4142538.492,"Silva","NEON_D07_MLBS_DP1_537000_4142000_classified_point_cloud.laz","2018_MLBS_3_537000_4142000_image.tif","Tree",1,537000,537999.999,4142000,4142999.999
"4682",4682,537041.005,537047.479,4142532.028,4142539.467,"Silva","NEON_D07_MLBS_DP1_537000_4142000_classified_point_cloud.laz","2018_MLBS_3_537000_4142000_image.tif","Tree",1,537000,537999.999,4142000,4142999.999
"4683",4683,537035.057,537041.986,4142531.011,4142536.949,"Silva","NEON_D07_MLBS_DP1_537000_4142000_classified_point_cloud.laz","2018_MLBS_3_537000_4142000_image.tif","Tree",1,537000,537999.999,4142000,4142999.999
"4684",4684,537045.58,537058.975,4142527.538,4142542.49,"Silva","NEON_D07_MLBS_DP1_537000_4142000_classified_point_cloud.laz","2018_MLBS_3_537000_4142000_image.tif","Tree",1,537000,537999.999,4142000,4142999.999
"4685",4685,537031.509,537037.353,4142530.01,4142537.471,"Silva","NEON_D07_MLBS_DP1_537000_4142000_classified_point_cloud.laz","2018_MLBS_3_537000_4142000_image.tif","Tree",1,537000,537999.999,4142000,4142999.999
"4686",4686,537078.51,537086.982,4142526.502,4142535.365,"Silva","NEON_D07_MLBS_DP1_537000_4142000_classified_point_cloud.laz","2018_MLBS_3_537000_4142000_image.tif","Tree",1,537000,537999.999,4142000,4142999.999
"4687",4687,537026.532,537033.489,4142522.041,4142531.998,"Silva","NEON_D07_MLBS_DP1_537000_4142000_classified_point_cloud.laz","2018_MLBS_3_537000_4142000_image.tif","Tree",1,537000,537999.999,4142000,4142999.999
"4688",4688,537032.721,537039.491,4142521.065,4142531.755,"Silva","NEON_D07_MLBS_DP1_537000_4142000_classified_point_cloud.laz","2018_MLBS_3_537000_4142000_image.tif","Tree",1,537000,537999.999,4142000,4142999.999
"4689",4689,537039.003,537048.975,4142523.013,4142531.993,"Silva","NEON_D07_MLBS_DP1_537000_4142000_classified_point_cloud.laz","2018_MLBS_3_537000_4142000_image.tif","Tree",1,537000,537999.999,4142000,4142999.999
"4690",4690,537054.066,537066.996,4142519.572,4142535.903,"Silva","NEON_D07_MLBS_DP1_537000_4142000_classified_point_cloud.laz","2018_MLBS_3_537000_4142000_image.tif","Tree",1,537000,537999.999,4142000,4142999.999
"4691",4691,537067.107,537078.982,4142521.511,4142528.995,"Silva","NEON_D07_MLBS_DP1_537000_4142000_classified_point_cloud.laz","2018_MLBS_3_537000_4142000_image.tif","Tree",1,537000,537999.999,4142000,4142999.999
"4692",4692,537048.523,537058.965,4142518.553,4142529.485,"Silva","NEON_D07_MLBS_DP1_537000_4142000_classified_point_cloud.laz","2018_MLBS_3_537000_4142000_image.tif","Tree",1,537000,537999.999,4142000,4142999.999
"4693",4693,537038.013,537049.99,4142516.037,4142525.994,"Silva","NEON_D07_MLBS_DP1_537000_4142000_classified_point_cloud.laz","2018_MLBS_3_537000_4142000_image.tif","Tree",1,537000,537999.999,4142000,4142999.999
"4694",4694,537069.635,537081.499,4142517.511,4142523.971,"Silva","NEON_D07_MLBS_DP1_537000_4142000_classified_point_cloud.laz","2018_MLBS_3_537000_4142000_image.tif","Tree",1,537000,537999.999,4142000,4142999.999
"4695",4695,537028.504,537036.457,4142512.019,4142522,"Silva","NEON_D07_MLBS_DP1_537000_4142000_classified_point_cloud.laz","2018_MLBS_3_537000_4142000_image.tif","Tree",1,537000,537999.999,4142000,4142999.999
"4696",4696,537052.505,537061.976,4142510.049,4142519.988,"Silva","NEON_D07_MLBS_DP1_537000_4142000_classified_point_cloud.laz","2018_MLBS_3_537000_4142000_image.tif","Tree",1,537000,537999.999,4142000,4142999.999
"4697",4697,537035.122,537043.96,4142508.03,4142521.494,"Silva","NEON_D07_MLBS_DP1_537000_4142000_classified_point_cloud.laz","2018_MLBS_3_537000_4142000_image.tif","Tree",1,537000,537999.999,4142000,4142999.999
"4698",4698,537060.515,537068.99,4142509.569,4142521.9,"Silva","NEON_D07_MLBS_DP1_537000_4142000_classified_point_cloud.laz","2018_MLBS_3_537000_4142000_image.tif","Tree",1,537000,537999.999,4142000,4142999.999
"4699",4699,537026.76,537037.407,4142505.009,4142512.466,"Silva","NEON_D07_MLBS_DP1_537000_4142000_classified_point_cloud.laz","2018_MLBS_3_537000_4142000_image.tif","Tree",1,537000,537999.999,4142000,4142999.999
"4700",4700,537040.524,537048.496,4142505.008,4142511.965,"Silva","NEON_D07_MLBS_DP1_537000_4142000_classified_point_cloud.laz","2018_MLBS_3_537000_4142000_image.tif","Tree",1,537000,537999.999,4142000,4142999.999
"4701",4701,537048.61,537054.968,4142505.01,4142511.937,"Silva","NEON_D07_MLBS_DP1_537000_4142000_classified_point_cloud.laz","2018_MLBS_3_537000_4142000_image.tif","Tree",1,537000,537999.999,4142000,4142999.999
"4702",4702,537043.007,537049.941,4142502.51,4142508.983,"Silva","NEON_D07_MLBS_DP1_537000_4142000_classified_point_cloud.laz","2018_MLBS_3_537000_4142000_image.tif","Tree",1,537000,537999.999,4142000,4142999.999
"4703",4703,537051.504,537057.498,4142502.017,4142510.431,"Silva","NEON_D07_MLBS_DP1_537000_4142000_classified_point_cloud.laz","2018_MLBS_3_537000_4142000_image.tif","Tree",1,537000,537999.999,4142000,4142999.999
"4704",4704,537086.506,537091.991,4142502.023,4142509.92,"Silva","NEON_D07_MLBS_DP1_537000_4142000_classified_point_cloud.laz","2018_MLBS_3_537000_4142000_image.tif","Tree",1,537000,537999.999,4142000,4142999.999
"4705",4705,537090.538,537099.327,4142499.57,4142506.497,"Silva","NEON_D07_MLBS_DP1_537000_4142000_classified_point_cloud.laz","2018_MLBS_3_537000_4142000_image.tif","Tree",1,537000,537999.999,4142000,4142999.999
"4706",4706,537072.043,537081.496,4142496.504,4142506.864,"Silva","NEON_D07_MLBS_DP1_537000_4142000_classified_point_cloud.laz","2018_MLBS_3_537000_4142000_image.tif","Tree",1,537000,537999.999,4142000,4142999.999
"4707",4707,537035.093,537044.327,4142497.163,4142507.966,"Silva","NEON_D07_MLBS_DP1_537000_4142000_classified_point_cloud.laz","2018_MLBS_3_537000_4142000_image.tif","Tree",1,537000,537999.999,4142000,4142999.999
"4708",4708,537044.553,537052.477,4142499.087,4142504.999,"Silva","NEON_D07_MLBS_DP1_537000_4142000_classified_point_cloud.laz","2018_MLBS_3_537000_4142000_image.tif","Tree",1,537000,537999.999,4142000,4142999.999
"4709",4709,537028.576,537036.988,4142495.502,4142505.498,"Silva","NEON_D07_MLBS_DP1_537000_4142000_classified_point_cloud.laz","2018_MLBS_3_537000_4142000_image.tif","Tree",1,537000,537999.999,4142000,4142999.999
"4710",4710,537013.029,537024.282,4142543.596,4142552.955,"Silva","NEON_D07_MLBS_DP1_537000_4142000_classified_point_cloud.laz","2018_MLBS_3_537000_4142000_image.tif","Tree",1,537000,537999.999,4142000,4142999.999
"4711",4711,537001.513,537011.326,4142545.524,4142553.954,"Silva","NEON_D07_MLBS_DP1_537000_4142000_classified_point_cloud.laz","2018_MLBS_3_537000_4142000_image.tif","Tree",1,537000,537999.999,4142000,4142999.999
"4712",4712,537000.003,537003.366,4142548.004,4142557.862,"Silva","NEON_D07_MLBS_DP1_537000_4142000_classified_point_cloud.laz","2018_MLBS_3_537000_4142000_image.tif","Tree",1,537000,537999.999,4142000,4142999.999
"4713",4713,537020.008,537031.448,4142548.537,4142559.964,"Silva","NEON_D07_MLBS_DP1_537000_4142000_classified_point_cloud.laz","2018_MLBS_3_537000_4142000_image.tif","Tree",1,537000,537999.999,4142000,4142999.999
"4714",4714,537000.006,537008.769,4142556.518,4142566.455,"Silva","NEON_D07_MLBS_DP1_537000_4142000_classified_point_cloud.laz","2018_MLBS_3_537000_4142000_image.tif","Tree",1,537000,537999.999,4142000,4142999.999
"4715",4715,537011.675,537020.471,4142555.549,4142563.5,"Silva","NEON_D07_MLBS_DP1_537000_4142000_classified_point_cloud.laz","2018_MLBS_3_537000_4142000_image.tif","Tree",1,537000,537999.999,4142000,4142999.999
"4716",4716,537019.701,537028.463,4142558.513,4142569.853,"Silva","NEON_D07_MLBS_DP1_537000_4142000_classified_point_cloud.laz","2018_MLBS_3_537000_4142000_image.tif","Tree",1,537000,537999.999,4142000,4142999.999
"4717",4717,537022.015,537031.941,4142560.701,4142571.868,"Silva","NEON_D07_MLBS_DP1_537000_4142000_classified_point_cloud.laz","2018_MLBS_3_537000_4142000_image.tif","Tree",1,537000,537999.999,4142000,4142999.999
"4718",4718,537010.165,537021.81,4142563.537,4142570.988,"Silva","NEON_D07_MLBS_DP1_537000_4142000_classified_point_cloud.laz","2018_MLBS_3_537000_4142000_image.tif","Tree",1,537000,537999.999,4142000,4142999.999
"4719",4719,537008.563,537021.871,4142569.081,4142575.987,"Silva","NEON_D07_MLBS_DP1_537000_4142000_classified_point_cloud.laz","2018_MLBS_3_537000_4142000_image.tif","Tree",1,537000,537999.999,4142000,4142999.999
"4720",4720,537000.006,537010.485,4142568.011,4142581.219,"Silva","NEON_D07_MLBS_DP1_537000_4142000_classified_point_cloud.laz","2018_MLBS_3_537000_4142000_image.tif","Tree",1,537000,537999.999,4142000,4142999.999
"4721",4721,537020.583,537028.998,4142571.048,4142581.989,"Silva","NEON_D07_MLBS_DP1_537000_4142000_classified_point_cloud.laz","2018_MLBS_3_537000_4142000_image.tif","Tree",1,537000,537999.999,4142000,4142999.999
"4722",4722,537008.513,537017.916,4142574.512,4142582.469,"Silva","NEON_D07_MLBS_DP1_537000_4142000_classified_point_cloud.laz","2018_MLBS_3_537000_4142000_image.tif","Tree",1,537000,537999.999,4142000,4142999.999
"4723",4723,537019.055,537026.985,4142582.883,4142590.919,"Silva","NEON_D07_MLBS_DP1_537000_4142000_classified_point_cloud.laz","2018_MLBS_3_537000_4142000_image.tif","Tree",1,537000,537999.999,4142000,4142999.999
"4724",4724,537000.012,537003.905,4142582.109,4142590.356,"Silva","NEON_D07_MLBS_DP1_537000_4142000_classified_point_cloud.laz","2018_MLBS_3_537000_4142000_image.tif","Tree",1,537000,537999.999,4142000,4142999.999
"4725",4725,537007.504,537012.988,4142582.517,4142590.973,"Silva","NEON_D07_MLBS_DP1_537000_4142000_classified_point_cloud.laz","2018_MLBS_3_537000_4142000_image.tif","Tree",1,537000,537999.999,4142000,4142999.999
"4726",4726,537003.607,537010.463,4142589.561,4142595.998,"Silva","NEON_D07_MLBS_DP1_537000_4142000_classified_point_cloud.laz","2018_MLBS_3_537000_4142000_image.tif","Tree",1,537000,537999.999,4142000,4142999.999
"4727",4727,537010.516,537015.978,4142589.763,4142596.496,"Silva","NEON_D07_MLBS_DP1_537000_4142000_classified_point_cloud.laz","2018_MLBS_3_537000_4142000_image.tif","Tree",1,537000,537999.999,4142000,4142999.999
"4728",4728,537010.528,537018.926,4142593.175,4142598.982,"Silva","NEON_D07_MLBS_DP1_537000_4142000_classified_point_cloud.laz","2018_MLBS_3_537000_4142000_image.tif","Tree",1,537000,537999.999,4142000,4142999.999
"4729",4729,537010.518,537018.825,4142598.519,4142604.966,"Silva","NEON_D07_MLBS_DP1_537000_4142000_classified_point_cloud.laz","2018_MLBS_3_537000_4142000_image.tif","Tree",1,537000,537999.999,4142000,4142999.999
"4730",4730,537003.538,537010.98,4142599.016,4142608.998,"Silva","NEON_D07_MLBS_DP1_537000_4142000_classified_point_cloud.laz","2018_MLBS_3_537000_4142000_image.tif","Tree",1,537000,537999.999,4142000,4142999.999
"4731",4731,537008.5,537019.776,4142603.525,4142610,"Silva","NEON_D07_MLBS_DP1_537000_4142000_classified_point_cloud.laz","2018_MLBS_3_537000_4142000_image.tif","Tree",1,537000,537999.999,4142000,4142999.999
"4732",4732,537029.004,537038.449,4142539.001,4142547.985,"Silva","NEON_D07_MLBS_DP1_537000_4142000_classified_point_cloud.laz","2018_MLBS_3_537000_4142000_image.tif","Tree",1,537000,537999.999,4142000,4142999.999
"4733",4733,537025.569,537033.477,4142541.555,4142551.41,"Silva","NEON_D07_MLBS_DP1_537000_4142000_classified_point_cloud.laz","2018_MLBS_3_537000_4142000_image.tif","Tree",1,537000,537999.999,4142000,4142999.999
"4734",4734,537062.116,537072.967,4142544.035,4142552.889,"Silva","NEON_D07_MLBS_DP1_537000_4142000_classified_point_cloud.laz","2018_MLBS_3_537000_4142000_image.tif","Tree",1,537000,537999.999,4142000,4142999.999
"4735",4735,537043.579,537052.893,4142542.058,4142552.991,"Silva","NEON_D07_MLBS_DP1_537000_4142000_classified_point_cloud.laz","2018_MLBS_3_537000_4142000_image.tif","Tree",1,537000,537999.999,4142000,4142999.999
"4736",4736,537058.501,537065.487,4142541.573,4142555.471,"Silva","NEON_D07_MLBS_DP1_537000_4142000_classified_point_cloud.laz","2018_MLBS_3_537000_4142000_image.tif","Tree",1,537000,537999.999,4142000,4142999.999
"4737",4737,537054.055,537058.496,4142540.675,4142552.497,"Silva","NEON_D07_MLBS_DP1_537000_4142000_classified_point_cloud.laz","2018_MLBS_3_537000_4142000_image.tif","Tree",1,537000,537999.999,4142000,4142999.999
"4738",4738,537030.039,537039.96,4142547.072,4142556.481,"Silva","NEON_D07_MLBS_DP1_537000_4142000_classified_point_cloud.laz","2018_MLBS_3_537000_4142000_image.tif","Tree",1,537000,537999.999,4142000,4142999.999
"4739",4739,537038.045,537046.492,4142548.069,4142559.933,"Silva","NEON_D07_MLBS_DP1_537000_4142000_classified_point_cloud.laz","2018_MLBS_3_537000_4142000_image.tif","Tree",1,537000,537999.999,4142000,4142999.999
"4740",4740,537053.5,537060.45,4142552.155,4142556.911,"Silva","NEON_D07_MLBS_DP1_537000_4142000_classified_point_cloud.laz","2018_MLBS_3_537000_4142000_image.tif","Tree",1,537000,537999.999,4142000,4142999.999
"4741",4741,537064.517,537073.399,4142550.765,4142558.924,"Silva","NEON_D07_MLBS_DP1_537000_4142000_classified_point_cloud.laz","2018_MLBS_3_537000_4142000_image.tif","Tree",1,537000,537999.999,4142000,4142999.999
"4742",4742,537046.006,537053.495,4142552.053,4142559.858,"Silva","NEON_D07_MLBS_DP1_537000_4142000_classified_point_cloud.laz","2018_MLBS_3_537000_4142000_image.tif","Tree",1,537000,537999.999,4142000,4142999.999
"4743",4743,537054.079,537064.489,4142554.501,4142563.203,"Silva","NEON_D07_MLBS_DP1_537000_4142000_classified_point_cloud.laz","2018_MLBS_3_537000_4142000_image.tif","Tree",1,537000,537999.999,4142000,4142999.999
"4744",4744,537047.631,537057.964,4142557.128,4142563.948,"Silva","NEON_D07_MLBS_DP1_537000_4142000_classified_point_cloud.laz","2018_MLBS_3_537000_4142000_image.tif","Tree",1,537000,537999.999,4142000,4142999.999
"4745",4745,537028.537,537038.451,4142556.142,4142565.497,"Silva","NEON_D07_MLBS_DP1_537000_4142000_classified_point_cloud.laz","2018_MLBS_3_537000_4142000_image.tif","Tree",1,537000,537999.999,4142000,4142999.999
"4746",4746,537035.108,537043.495,4142557.541,4142568.741,"Silva","NEON_D07_MLBS_DP1_537000_4142000_classified_point_cloud.laz","2018_MLBS_3_537000_4142000_image.tif","Tree",1,537000,537999.999,4142000,4142999.999
"4747",4747,537084.635,537096.469,4142563.51,4142576.47,"Silva","NEON_D07_MLBS_DP1_537000_4142000_classified_point_cloud.laz","2018_MLBS_3_537000_4142000_image.tif","Tree",1,537000,537999.999,4142000,4142999.999
"4748",4748,537061.022,537068.976,4142564.019,4142573.466,"Silva","NEON_D07_MLBS_DP1_537000_4142000_classified_point_cloud.laz","2018_MLBS_3_537000_4142000_image.tif","Tree",1,537000,537999.999,4142000,4142999.999
"4749",4749,537030.013,537039.916,4142565.504,4142573.963,"Silva","NEON_D07_MLBS_DP1_537000_4142000_classified_point_cloud.laz","2018_MLBS_3_537000_4142000_image.tif","Tree",1,537000,537999.999,4142000,4142999.999
"4750",4750,537055.516,537062.463,4142568.003,4142577.98,"Silva","NEON_D07_MLBS_DP1_537000_4142000_classified_point_cloud.laz","2018_MLBS_3_537000_4142000_image.tif","Tree",1,537000,537999.999,4142000,4142999.999
"4751",4751,537042.08,537051.487,4142568.071,4142575.305,"Silva","NEON_D07_MLBS_DP1_537000_4142000_classified_point_cloud.laz","2018_MLBS_3_537000_4142000_image.tif","Tree",1,537000,537999.999,4142000,4142999.999
"4752",4752,537050.503,537058.42,4142570.008,4142577.446,"Silva","NEON_D07_MLBS_DP1_537000_4142000_classified_point_cloud.laz","2018_MLBS_3_537000_4142000_image.tif","Tree",1,537000,537999.999,4142000,4142999.999
"4753",4753,537035.501,537042.487,4142569.023,4142577.493,"Silva","NEON_D07_MLBS_DP1_537000_4142000_classified_point_cloud.laz","2018_MLBS_3_537000_4142000_image.tif","Tree",1,537000,537999.999,4142000,4142999.999
"4754",4754,537069.508,537077.724,4142572.154,4142582.447,"Silva","NEON_D07_MLBS_DP1_537000_4142000_classified_point_cloud.laz","2018_MLBS_3_537000_4142000_image.tif","Tree",1,537000,537999.999,4142000,4142999.999
"4755",4755,537045.104,537052.498,4142575.037,4142582.471,"Silva","NEON_D07_MLBS_DP1_537000_4142000_classified_point_cloud.laz","2018_MLBS_3_537000_4142000_image.tif","Tree",1,537000,537999.999,4142000,4142999.999
"4756",4756,537035.033,537044.955,4142577.003,4142582.494,"Silva","NEON_D07_MLBS_DP1_537000_4142000_classified_point_cloud.laz","2018_MLBS_3_537000_4142000_image.tif","Tree",1,537000,537999.999,4142000,4142999.999
"4757",4757,537051.182,537059.858,4142577.065,4142583.979,"Silva","NEON_D07_MLBS_DP1_537000_4142000_classified_point_cloud.laz","2018_MLBS_3_537000_4142000_image.tif","Tree",1,537000,537999.999,4142000,4142999.999
"4758",4758,537025.557,537034.975,4142578.553,4142585.396,"Silva","NEON_D07_MLBS_DP1_537000_4142000_classified_point_cloud.laz","2018_MLBS_3_537000_4142000_image.tif","Tree",1,537000,537999.999,4142000,4142999.999
"4759",4759,537035.557,537043.982,4142580.63,4142585.564,"Silva","NEON_D07_MLBS_DP1_537000_4142000_classified_point_cloud.laz","2018_MLBS_3_537000_4142000_image.tif","Tree",1,537000,537999.999,4142000,4142999.999
"4760",4760,537029.002,537035.986,4142580.655,4142587.737,"Silva","NEON_D07_MLBS_DP1_537000_4142000_classified_point_cloud.laz","2018_MLBS_3_537000_4142000_image.tif","Tree",1,537000,537999.999,4142000,4142999.999
"4761",4761,537047.125,537054.494,4142581.742,4142587.946,"Silva","NEON_D07_MLBS_DP1_537000_4142000_classified_point_cloud.laz","2018_MLBS_3_537000_4142000_image.tif","Tree",1,537000,537999.999,4142000,4142999.999
"4762",4762,537034.094,537039.874,4142584.563,4142591.998,"Silva","NEON_D07_MLBS_DP1_537000_4142000_classified_point_cloud.laz","2018_MLBS_3_537000_4142000_image.tif","Tree",1,537000,537999.999,4142000,4142999.999
"4763",4763,537042.898,537049.998,4142588.005,4142593.451,"Silva","NEON_D07_MLBS_DP1_537000_4142000_classified_point_cloud.laz","2018_MLBS_3_537000_4142000_image.tif","Tree",1,537000,537999.999,4142000,4142999.999
"4764",4764,537056.5,537066.395,4142587.121,4142594.939,"Silva","NEON_D07_MLBS_DP1_537000_4142000_classified_point_cloud.laz","2018_MLBS_3_537000_4142000_image.tif","Tree",1,537000,537999.999,4142000,4142999.999
"4765",4765,537081.506,537092.986,4142585.502,4142596.47,"Silva","NEON_D07_MLBS_DP1_537000_4142000_classified_point_cloud.laz","2018_MLBS_3_537000_4142000_image.tif","Tree",1,537000,537999.999,4142000,4142999.999
"4766",4766,537045.709,537052.42,4142591.674,4142597.359,"Silva","NEON_D07_MLBS_DP1_537000_4142000_classified_point_cloud.laz","2018_MLBS_3_537000_4142000_image.tif","Tree",1,537000,537999.999,4142000,4142999.999
"4767",4767,537030.544,537040.996,4142591.053,4142599.926,"Silva","NEON_D07_MLBS_DP1_537000_4142000_classified_point_cloud.laz","2018_MLBS_3_537000_4142000_image.tif","Tree",1,537000,537999.999,4142000,4142999.999
"4768",4768,537085.17,537092.956,4142592.531,4142599.469,"Silva","NEON_D07_MLBS_DP1_537000_4142000_classified_point_cloud.laz","2018_MLBS_3_537000_4142000_image.tif","Tree",1,537000,537999.999,4142000,4142999.999
"4769",4769,537054.511,537061.711,4142593.622,4142601.431,"Silva","NEON_D07_MLBS_DP1_537000_4142000_classified_point_cloud.laz","2018_MLBS_3_537000_4142000_image.tif","Tree",1,537000,537999.999,4142000,4142999.999
"4770",4770,537040.592,537049.895,4142593.241,4142602.871,"Silva","NEON_D07_MLBS_DP1_537000_4142000_classified_point_cloud.laz","2018_MLBS_3_537000_4142000_image.tif","Tree",1,537000,537999.999,4142000,4142999.999
"4771",4771,537070.608,537081.378,4142595.008,4142601.988,"Silva","NEON_D07_MLBS_DP1_537000_4142000_classified_point_cloud.laz","2018_MLBS_3_537000_4142000_image.tif","Tree",1,537000,537999.999,4142000,4142999.999
"4772",4772,537049.509,537057.81,4142595.563,4142602.978,"Silva","NEON_D07_MLBS_DP1_537000_4142000_classified_point_cloud.laz","2018_MLBS_3_537000_4142000_image.tif","Tree",1,537000,537999.999,4142000,4142999.999
"4773",4773,537064.063,537071.492,4142594.015,4142605.961,"Silva","NEON_D07_MLBS_DP1_537000_4142000_classified_point_cloud.laz","2018_MLBS_3_537000_4142000_image.tif","Tree",1,537000,537999.999,4142000,4142999.999
"4774",4774,537036.506,537045.971,4142596.518,4142605.486,"Silva","NEON_D07_MLBS_DP1_537000_4142000_classified_point_cloud.laz","2018_MLBS_3_537000_4142000_image.tif","Tree",1,537000,537999.999,4142000,4142999.999
"4775",4775,537071.524,537079.482,4142599.038,4142606.425,"Silva","NEON_D07_MLBS_DP1_537000_4142000_classified_point_cloud.laz","2018_MLBS_3_537000_4142000_image.tif","Tree",1,537000,537999.999,4142000,4142999.999
"4776",4776,537046.002,537055.995,4142600.614,4142608.498,"Silva","NEON_D07_MLBS_DP1_537000_4142000_classified_point_cloud.laz","2018_MLBS_3_537000_4142000_image.tif","Tree",1,537000,537999.999,4142000,4142999.999
"4777",4777,537076.036,537084.948,4142603.047,4142612.321,"Silva","NEON_D07_MLBS_DP1_537000_4142000_classified_point_cloud.laz","2018_MLBS_3_537000_4142000_image.tif","Tree",1,537000,537999.999,4142000,4142999.999
"4778",4778,537065.85,537075.983,4142603.506,4142612.9,"Silva","NEON_D07_MLBS_DP1_537000_4142000_classified_point_cloud.laz","2018_MLBS_3_537000_4142000_image.tif","Tree",1,537000,537999.999,4142000,4142999.999
"4779",4779,537013.058,537022.478,4142665.537,4142676.912,"Silva","NEON_D07_MLBS_DP1_537000_4142000_classified_point_cloud.laz","2018_MLBS_3_537000_4142000_image.tif","Tree",1,537000,537999.999,4142000,4142999.999
"4780",4780,537002.014,537013.48,4142665.385,4142673.886,"Silva","NEON_D07_MLBS_DP1_537000_4142000_classified_point_cloud.laz","2018_MLBS_3_537000_4142000_image.tif","Tree",1,537000,537999.999,4142000,4142999.999
"4781",4781,537018.533,537029.834,4142659.041,4142669.483,"Silva","NEON_D07_MLBS_DP1_537000_4142000_classified_point_cloud.laz","2018_MLBS_3_537000_4142000_image.tif","Tree",1,537000,537999.999,4142000,4142999.999
"4782",4782,537004.005,537011.471,4142658.738,4142666.951,"Silva","NEON_D07_MLBS_DP1_537000_4142000_classified_point_cloud.laz","2018_MLBS_3_537000_4142000_image.tif","Tree",1,537000,537999.999,4142000,4142999.999
"4783",4783,537000.006,537003.976,4142657.501,4142667.921,"Silva","NEON_D07_MLBS_DP1_537000_4142000_classified_point_cloud.laz","2018_MLBS_3_537000_4142000_image.tif","Tree",1,537000,537999.999,4142000,4142999.999
"4784",4784,537024.004,537031.929,4142656.558,4142665.615,"Silva","NEON_D07_MLBS_DP1_537000_4142000_classified_point_cloud.laz","2018_MLBS_3_537000_4142000_image.tif","Tree",1,537000,537999.999,4142000,4142999.999
"4785",4785,537011.099,537020.471,4142653.701,4142665.995,"Silva","NEON_D07_MLBS_DP1_537000_4142000_classified_point_cloud.laz","2018_MLBS_3_537000_4142000_image.tif","Tree",1,537000,537999.999,4142000,4142999.999
"4786",4786,537007.542,537014.814,4142652.57,4142662.186,"Silva","NEON_D07_MLBS_DP1_537000_4142000_classified_point_cloud.laz","2018_MLBS_3_537000_4142000_image.tif","Tree",1,537000,537999.999,4142000,4142999.999
"4787",4787,537015.5,537026.467,4142652.511,4142660.969,"Silva","NEON_D07_MLBS_DP1_537000_4142000_classified_point_cloud.laz","2018_MLBS_3_537000_4142000_image.tif","Tree",1,537000,537999.999,4142000,4142999.999
"4788",4788,537000.017,537004.965,4142650.531,4142657.39,"Silva","NEON_D07_MLBS_DP1_537000_4142000_classified_point_cloud.laz","2018_MLBS_3_537000_4142000_image.tif","Tree",1,537000,537999.999,4142000,4142999.999
"4789",4789,537017.229,537025.939,4142647.013,4142653.962,"Silva","NEON_D07_MLBS_DP1_537000_4142000_classified_point_cloud.laz","2018_MLBS_3_537000_4142000_image.tif","Tree",1,537000,537999.999,4142000,4142999.999
"4790",4790,537003.057,537011.469,4142647.01,4142653.866,"Silva","NEON_D07_MLBS_DP1_537000_4142000_classified_point_cloud.laz","2018_MLBS_3_537000_4142000_image.tif","Tree",1,537000,537999.999,4142000,4142999.999
"4791",4791,537020.074,537029.488,4142643.085,4142654.082,"Silva","NEON_D07_MLBS_DP1_537000_4142000_classified_point_cloud.laz","2018_MLBS_3_537000_4142000_image.tif","Tree",1,537000,537999.999,4142000,4142999.999
"4792",4792,537000.005,537003.838,4142645.821,4142650.846,"Silva","NEON_D07_MLBS_DP1_537000_4142000_classified_point_cloud.laz","2018_MLBS_3_537000_4142000_image.tif","Tree",1,537000,537999.999,4142000,4142999.999
"4793",4793,537011.103,537019.987,4142644.177,4142653.435,"Silva","NEON_D07_MLBS_DP1_537000_4142000_classified_point_cloud.laz","2018_MLBS_3_537000_4142000_image.tif","Tree",1,537000,537999.999,4142000,4142999.999
"4794",4794,537004.036,537011.984,4142641.583,4142649.464,"Silva","NEON_D07_MLBS_DP1_537000_4142000_classified_point_cloud.laz","2018_MLBS_3_537000_4142000_image.tif","Tree",1,537000,537999.999,4142000,4142999.999
"4795",4795,537000.005,537004.932,4142639.059,4142645.931,"Silva","NEON_D07_MLBS_DP1_537000_4142000_classified_point_cloud.laz","2018_MLBS_3_537000_4142000_image.tif","Tree",1,537000,537999.999,4142000,4142999.999
"4796",4796,537014.62,537021.964,4142636.502,4142645.348,"Silva","NEON_D07_MLBS_DP1_537000_4142000_classified_point_cloud.laz","2018_MLBS_3_537000_4142000_image.tif","Tree",1,537000,537999.999,4142000,4142999.999
"4797",4797,537018.009,537025.916,4142632.263,4142643.985,"Silva","NEON_D07_MLBS_DP1_537000_4142000_classified_point_cloud.laz","2018_MLBS_3_537000_4142000_image.tif","Tree",1,537000,537999.999,4142000,4142999.999
"4798",4798,537004.544,537014.39,4142633.145,4142642.296,"Silva","NEON_D07_MLBS_DP1_537000_4142000_classified_point_cloud.laz","2018_MLBS_3_537000_4142000_image.tif","Tree",1,537000,537999.999,4142000,4142999.999
"4799",4799,537000.004,537007.899,4142629.566,4142638.996,"Silva","NEON_D07_MLBS_DP1_537000_4142000_classified_point_cloud.laz","2018_MLBS_3_537000_4142000_image.tif","Tree",1,537000,537999.999,4142000,4142999.999
"4800",4800,537008.033,537021.935,4142626.028,4142637.49,"Silva","NEON_D07_MLBS_DP1_537000_4142000_classified_point_cloud.laz","2018_MLBS_3_537000_4142000_image.tif","Tree",1,537000,537999.999,4142000,4142999.999
"4801",4801,537000.019,537007.328,4142619.543,4142631.917,"Silva","NEON_D07_MLBS_DP1_537000_4142000_classified_point_cloud.laz","2018_MLBS_3_537000_4142000_image.tif","Tree",1,537000,537999.999,4142000,4142999.999
"4802",4802,537004.637,537013.21,4142623.03,4142631.929,"Silva","NEON_D07_MLBS_DP1_537000_4142000_classified_point_cloud.laz","2018_MLBS_3_537000_4142000_image.tif","Tree",1,537000,537999.999,4142000,4142999.999
"4803",4803,537014.589,537024.499,4142617.171,4142630.433,"Silva","NEON_D07_MLBS_DP1_537000_4142000_classified_point_cloud.laz","2018_MLBS_3_537000_4142000_image.tif","Tree",1,537000,537999.999,4142000,4142999.999
"4804",4804,537001.118,537011.456,4142618.029,4142624.464,"Silva","NEON_D07_MLBS_DP1_537000_4142000_classified_point_cloud.laz","2018_MLBS_3_537000_4142000_image.tif","Tree",1,537000,537999.999,4142000,4142999.999
"4805",4805,537019.891,537029.495,4142613.665,4142623.982,"Silva","NEON_D07_MLBS_DP1_537000_4142000_classified_point_cloud.laz","2018_MLBS_3_537000_4142000_image.tif","Tree",1,537000,537999.999,4142000,4142999.999
"4806",4806,537007.009,537014.804,4142609.51,4142617.987,"Silva","NEON_D07_MLBS_DP1_537000_4142000_classified_point_cloud.laz","2018_MLBS_3_537000_4142000_image.tif","Tree",1,537000,537999.999,4142000,4142999.999
"4807",4807,537038.352,537048.458,4142667.185,4142678.441,"Silva","NEON_D07_MLBS_DP1_537000_4142000_classified_point_cloud.laz","2018_MLBS_3_537000_4142000_image.tif","Tree",1,537000,537999.999,4142000,4142999.999
"4808",4808,537051.144,537059.795,4142667.84,4142675.499,"Silva","NEON_D07_MLBS_DP1_537000_4142000_classified_point_cloud.laz","2018_MLBS_3_537000_4142000_image.tif","Tree",1,537000,537999.999,4142000,4142999.999
"4809",4809,537070.589,537080.467,4142663.011,4142672.48,"Silva","NEON_D07_MLBS_DP1_537000_4142000_classified_point_cloud.laz","2018_MLBS_3_537000_4142000_image.tif","Tree",1,537000,537999.999,4142000,4142999.999
"4810",4810,537031.095,537041.722,4142663.017,4142672.261,"Silva","NEON_D07_MLBS_DP1_537000_4142000_classified_point_cloud.laz","2018_MLBS_3_537000_4142000_image.tif","Tree",1,537000,537999.999,4142000,4142999.999
"4811",4811,537055.004,537062.492,4142662.952,4142670.572,"Silva","NEON_D07_MLBS_DP1_537000_4142000_classified_point_cloud.laz","2018_MLBS_3_537000_4142000_image.tif","Tree",1,537000,537999.999,4142000,4142999.999
"4812",4812,537062.525,537071.877,4142661.513,4142668.669,"Silva","NEON_D07_MLBS_DP1_537000_4142000_classified_point_cloud.laz","2018_MLBS_3_537000_4142000_image.tif","Tree",1,537000,537999.999,4142000,4142999.999
"4813",4813,537043.057,537051.895,4142659.571,4142668.997,"Silva","NEON_D07_MLBS_DP1_537000_4142000_classified_point_cloud.laz","2018_MLBS_3_537000_4142000_image.tif","Tree",1,537000,537999.999,4142000,4142999.999
"4814",4814,537074.06,537084.467,4142660.041,4142668.991,"Silva","NEON_D07_MLBS_DP1_537000_4142000_classified_point_cloud.laz","2018_MLBS_3_537000_4142000_image.tif","Tree",1,537000,537999.999,4142000,4142999.999
"4815",4815,537055.187,537063.475,4142658.634,4142664.666,"Silva","NEON_D07_MLBS_DP1_537000_4142000_classified_point_cloud.laz","2018_MLBS_3_537000_4142000_image.tif","Tree",1,537000,537999.999,4142000,4142999.999
"4816",4816,537084.02,537093.902,4142658.005,4142664.952,"Silva","NEON_D07_MLBS_DP1_537000_4142000_classified_point_cloud.laz","2018_MLBS_3_537000_4142000_image.tif","Tree",1,537000,537999.999,4142000,4142999.999
"4817",4817,537038.035,537045.896,4142653.619,4142666.883,"Silva","NEON_D07_MLBS_DP1_537000_4142000_classified_point_cloud.laz","2018_MLBS_3_537000_4142000_image.tif","Tree",1,537000,537999.999,4142000,4142999.999
"4818",4818,537032.088,537037.999,4142655.027,4142663.884,"Silva","NEON_D07_MLBS_DP1_537000_4142000_classified_point_cloud.laz","2018_MLBS_3_537000_4142000_image.tif","Tree",1,537000,537999.999,4142000,4142999.999
"4819",4819,537026.221,537033.953,4142653.011,4142662.852,"Silva","NEON_D07_MLBS_DP1_537000_4142000_classified_point_cloud.laz","2018_MLBS_3_537000_4142000_image.tif","Tree",1,537000,537999.999,4142000,4142999.999
"4820",4820,537060.516,537066.832,4142653.042,4142662.894,"Silva","NEON_D07_MLBS_DP1_537000_4142000_classified_point_cloud.laz","2018_MLBS_3_537000_4142000_image.tif","Tree",1,537000,537999.999,4142000,4142999.999
"4821",4821,537076.528,537084.463,4142655.131,4142660.976,"Silva","NEON_D07_MLBS_DP1_537000_4142000_classified_point_cloud.laz","2018_MLBS_3_537000_4142000_image.tif","Tree",1,537000,537999.999,4142000,4142999.999
"4822",4822,537071.003,537075.998,4142655.012,4142662.997,"Silva","NEON_D07_MLBS_DP1_537000_4142000_classified_point_cloud.laz","2018_MLBS_3_537000_4142000_image.tif","Tree",1,537000,537999.999,4142000,4142999.999
"4823",4823,537065.558,537070.931,4142652.062,4142662.117,"Silva","NEON_D07_MLBS_DP1_537000_4142000_classified_point_cloud.laz","2018_MLBS_3_537000_4142000_image.tif","Tree",1,537000,537999.999,4142000,4142999.999
"4824",4824,537044.241,537053.973,4142652.032,4142659.929,"Silva","NEON_D07_MLBS_DP1_537000_4142000_classified_point_cloud.laz","2018_MLBS_3_537000_4142000_image.tif","Tree",1,537000,537999.999,4142000,4142999.999
"4825",4825,537054.176,537060.949,4142653.182,4142659.466,"Silva","NEON_D07_MLBS_DP1_537000_4142000_classified_point_cloud.laz","2018_MLBS_3_537000_4142000_image.tif","Tree",1,537000,537999.999,4142000,4142999.999
"4826",4826,537073.553,537077.977,4142653.02,4142659.893,"Silva","NEON_D07_MLBS_DP1_537000_4142000_classified_point_cloud.laz","2018_MLBS_3_537000_4142000_image.tif","Tree",1,537000,537999.999,4142000,4142999.999
"4827",4827,537075.507,537081.997,4142650.577,4142655.701,"Silva","NEON_D07_MLBS_DP1_537000_4142000_classified_point_cloud.laz","2018_MLBS_3_537000_4142000_image.tif","Tree",1,537000,537999.999,4142000,4142999.999
"4828",4828,537056.54,537065.947,4142650.013,4142655.966,"Silva","NEON_D07_MLBS_DP1_537000_4142000_classified_point_cloud.laz","2018_MLBS_3_537000_4142000_image.tif","Tree",1,537000,537999.999,4142000,4142999.999
"4829",4829,537048.01,537056.47,4142649.223,4142654.913,"Silva","NEON_D07_MLBS_DP1_537000_4142000_classified_point_cloud.laz","2018_MLBS_3_537000_4142000_image.tif","Tree",1,537000,537999.999,4142000,4142999.999
"4830",4830,537066.022,537075.982,4142646.055,4142654.965,"Silva","NEON_D07_MLBS_DP1_537000_4142000_classified_point_cloud.laz","2018_MLBS_3_537000_4142000_image.tif","Tree",1,537000,537999.999,4142000,4142999.999
"4831",4831,537029.504,537041.483,4142646.653,4142654.909,"Silva","NEON_D07_MLBS_DP1_537000_4142000_classified_point_cloud.laz","2018_MLBS_3_537000_4142000_image.tif","Tree",1,537000,537999.999,4142000,4142999.999
"4832",4832,537055.556,537064.107,4142643.535,4142650.988,"Silva","NEON_D07_MLBS_DP1_537000_4142000_classified_point_cloud.laz","2018_MLBS_3_537000_4142000_image.tif","Tree",1,537000,537999.999,4142000,4142999.999
"4833",4833,537048.22,537055.999,4142644.519,4142650.925,"Silva","NEON_D07_MLBS_DP1_537000_4142000_classified_point_cloud.laz","2018_MLBS_3_537000_4142000_image.tif","Tree",1,537000,537999.999,4142000,4142999.999
"4834",4834,537040.505,537048.479,4142641.049,4142653.992,"Silva","NEON_D07_MLBS_DP1_537000_4142000_classified_point_cloud.laz","2018_MLBS_3_537000_4142000_image.tif","Tree",1,537000,537999.999,4142000,4142999.999
"4835",4835,537028.504,537037.498,4142641.02,4142649.492,"Silva","NEON_D07_MLBS_DP1_537000_4142000_classified_point_cloud.laz","2018_MLBS_3_537000_4142000_image.tif","Tree",1,537000,537999.999,4142000,4142999.999
"4836",4836,537071.543,537080.422,4142641.026,4142648.483,"Silva","NEON_D07_MLBS_DP1_537000_4142000_classified_point_cloud.laz","2018_MLBS_3_537000_4142000_image.tif","Tree",1,537000,537999.999,4142000,4142999.999
"4837",4837,537061.033,537071.848,4142639.034,4142650.923,"Silva","NEON_D07_MLBS_DP1_537000_4142000_classified_point_cloud.laz","2018_MLBS_3_537000_4142000_image.tif","Tree",1,537000,537999.999,4142000,4142999.999
"4838",4838,537034.036,537042.938,4142640.501,4142647.968,"Silva","NEON_D07_MLBS_DP1_537000_4142000_classified_point_cloud.laz","2018_MLBS_3_537000_4142000_image.tif","Tree",1,537000,537999.999,4142000,4142999.999
"4839",4839,537078.607,537084.996,4142640.01,4142646.982,"Silva","NEON_D07_MLBS_DP1_537000_4142000_classified_point_cloud.laz","2018_MLBS_3_537000_4142000_image.tif","Tree",1,537000,537999.999,4142000,4142999.999
"4840",4840,537083.01,537092.487,4142639.516,4142647.491,"Silva","NEON_D07_MLBS_DP1_537000_4142000_classified_point_cloud.laz","2018_MLBS_3_537000_4142000_image.tif","Tree",1,537000,537999.999,4142000,4142999.999
"4841",4841,537048.604,537056.881,4142636.217,4142644.472,"Silva","NEON_D07_MLBS_DP1_537000_4142000_classified_point_cloud.laz","2018_MLBS_3_537000_4142000_image.tif","Tree",1,537000,537999.999,4142000,4142999.999
"4842",4842,537060.056,537069.319,4142635.586,4142643.317,"Silva","NEON_D07_MLBS_DP1_537000_4142000_classified_point_cloud.laz","2018_MLBS_3_537000_4142000_image.tif","Tree",1,537000,537999.999,4142000,4142999.999
"4843",4843,537085.028,537090.911,4142637.013,4142641.439,"Silva","NEON_D07_MLBS_DP1_537000_4142000_classified_point_cloud.laz","2018_MLBS_3_537000_4142000_image.tif","Tree",1,537000,537999.999,4142000,4142999.999
"4844",4844,537034.5,537044.478,4142636.075,4142641.498,"Silva","NEON_D07_MLBS_DP1_537000_4142000_classified_point_cloud.laz","2018_MLBS_3_537000_4142000_image.tif","Tree",1,537000,537999.999,4142000,4142999.999
"4845",4845,537025.003,537034.493,4142632.502,4142643.933,"Silva","NEON_D07_MLBS_DP1_537000_4142000_classified_point_cloud.laz","2018_MLBS_3_537000_4142000_image.tif","Tree",1,537000,537999.999,4142000,4142999.999
"4846",4846,537053.518,537060.473,4142633.513,4142643.371,"Silva","NEON_D07_MLBS_DP1_537000_4142000_classified_point_cloud.laz","2018_MLBS_3_537000_4142000_image.tif","Tree",1,537000,537999.999,4142000,4142999.999
"4847",4847,537090.504,537098.983,4142635.002,4142643.477,"Silva","NEON_D07_MLBS_DP1_537000_4142000_classified_point_cloud.laz","2018_MLBS_3_537000_4142000_image.tif","Tree",1,537000,537999.999,4142000,4142999.999
"4848",4848,537077.521,537082.496,4142631.052,4142639.983,"Silva","NEON_D07_MLBS_DP1_537000_4142000_classified_point_cloud.laz","2018_MLBS_3_537000_4142000_image.tif","Tree",1,537000,537999.999,4142000,4142999.999
"4849",4849,537054.526,537063.979,4142631.604,4142637.893,"Silva","NEON_D07_MLBS_DP1_537000_4142000_classified_point_cloud.laz","2018_MLBS_3_537000_4142000_image.tif","Tree",1,537000,537999.999,4142000,4142999.999
"4850",4850,537031.53,537038.994,4142629.501,4142638.473,"Silva","NEON_D07_MLBS_DP1_537000_4142000_classified_point_cloud.laz","2018_MLBS_3_537000_4142000_image.tif","Tree",1,537000,537999.999,4142000,4142999.999
"4851",4851,537044.502,537053.951,4142631.06,4142639.498,"Silva","NEON_D07_MLBS_DP1_537000_4142000_classified_point_cloud.laz","2018_MLBS_3_537000_4142000_image.tif","Tree",1,537000,537999.999,4142000,4142999.999
"4852",4852,537088.003,537093.493,4142628.024,4142636.99,"Silva","NEON_D07_MLBS_DP1_537000_4142000_classified_point_cloud.laz","2018_MLBS_3_537000_4142000_image.tif","Tree",1,537000,537999.999,4142000,4142999.999
"4853",4853,537068.541,537077.985,4142630.352,4142638.692,"Silva","NEON_D07_MLBS_DP1_537000_4142000_classified_point_cloud.laz","2018_MLBS_3_537000_4142000_image.tif","Tree",1,537000,537999.999,4142000,4142999.999
"4854",4854,537061.049,537069.492,4142628.008,4142637.228,"Silva","NEON_D07_MLBS_DP1_537000_4142000_classified_point_cloud.laz","2018_MLBS_3_537000_4142000_image.tif","Tree",1,537000,537999.999,4142000,4142999.999
"4855",4855,537078.858,537088.996,4142628.503,4142634.982,"Silva","NEON_D07_MLBS_DP1_537000_4142000_classified_point_cloud.laz","2018_MLBS_3_537000_4142000_image.tif","Tree",1,537000,537999.999,4142000,4142999.999
"4856",4856,537068.528,537078.963,4142624.066,4142631.461,"Silva","NEON_D07_MLBS_DP1_537000_4142000_classified_point_cloud.laz","2018_MLBS_3_537000_4142000_image.tif","Tree",1,537000,537999.999,4142000,4142999.999
"4857",4857,537053.513,537062.852,4142624.552,4142633.458,"Silva","NEON_D07_MLBS_DP1_537000_4142000_classified_point_cloud.laz","2018_MLBS_3_537000_4142000_image.tif","Tree",1,537000,537999.999,4142000,4142999.999
"4858",4858,537029.001,537034.936,4142622.571,4142632.42,"Silva","NEON_D07_MLBS_DP1_537000_4142000_classified_point_cloud.laz","2018_MLBS_3_537000_4142000_image.tif","Tree",1,537000,537999.999,4142000,4142999.999
"4859",4859,537079.003,537089.99,4142619.732,4142628.993,"Silva","NEON_D07_MLBS_DP1_537000_4142000_classified_point_cloud.laz","2018_MLBS_3_537000_4142000_image.tif","Tree",1,537000,537999.999,4142000,4142999.999
"4860",4860,537033.134,537041.963,4142621.037,4142629.498,"Silva","NEON_D07_MLBS_DP1_537000_4142000_classified_point_cloud.laz","2018_MLBS_3_537000_4142000_image.tif","Tree",1,537000,537999.999,4142000,4142999.999
"4861",4861,537055.782,537062.498,4142618.021,4142627.499,"Silva","NEON_D07_MLBS_DP1_537000_4142000_classified_point_cloud.laz","2018_MLBS_3_537000_4142000_image.tif","Tree",1,537000,537999.999,4142000,4142999.999
"4862",4862,537062.502,537070.299,4142618.031,4142627.995,"Silva","NEON_D07_MLBS_DP1_537000_4142000_classified_point_cloud.laz","2018_MLBS_3_537000_4142000_image.tif","Tree",1,537000,537999.999,4142000,4142999.999
"4863",4863,537070.528,537079.906,4142619.534,4142627.961,"Silva","NEON_D07_MLBS_DP1_537000_4142000_classified_point_cloud.laz","2018_MLBS_3_537000_4142000_image.tif","Tree",1,537000,537999.999,4142000,4142999.999
"4864",4864,537036.502,537045.895,4142617.508,4142626.862,"Silva","NEON_D07_MLBS_DP1_537000_4142000_classified_point_cloud.laz","2018_MLBS_3_537000_4142000_image.tif","Tree",1,537000,537999.999,4142000,4142999.999
"4865",4865,537029.554,537036.424,4142617.033,4142623.491,"Silva","NEON_D07_MLBS_DP1_537000_4142000_classified_point_cloud.laz","2018_MLBS_3_537000_4142000_image.tif","Tree",1,537000,537999.999,4142000,4142999.999
"4866",4866,537049.714,537061.425,4142614.586,4142624.174,"Silva","NEON_D07_MLBS_DP1_537000_4142000_classified_point_cloud.laz","2018_MLBS_3_537000_4142000_image.tif","Tree",1,537000,537999.999,4142000,4142999.999
"4867",4867,537076.502,537085.913,4142614.648,4142623.5,"Silva","NEON_D07_MLBS_DP1_537000_4142000_classified_point_cloud.laz","2018_MLBS_3_537000_4142000_image.tif","Tree",1,537000,537999.999,4142000,4142999.999
"4868",4868,537065.564,537074.953,4142613.081,4142623.492,"Silva","NEON_D07_MLBS_DP1_537000_4142000_classified_point_cloud.laz","2018_MLBS_3_537000_4142000_image.tif","Tree",1,537000,537999.999,4142000,4142999.999
"4869",4869,537086.041,537094.44,4142615.003,4142622.389,"Silva","NEON_D07_MLBS_DP1_537000_4142000_classified_point_cloud.laz","2018_MLBS_3_537000_4142000_image.tif","Tree",1,537000,537999.999,4142000,4142999.999
"4870",4870,537064.112,537071.428,4142606.143,4142617.486,"Silva","NEON_D07_MLBS_DP1_537000_4142000_classified_point_cloud.laz","2018_MLBS_3_537000_4142000_image.tif","Tree",1,537000,537999.999,4142000,4142999.999
"4871",4871,537081.015,537088.984,4142609.065,4142618.795,"Silva","NEON_D07_MLBS_DP1_537000_4142000_classified_point_cloud.laz","2018_MLBS_3_537000_4142000_image.tif","Tree",1,537000,537999.999,4142000,4142999.999
"4872",4872,537043.694,537050.499,4142608.578,4142619.947,"Silva","NEON_D07_MLBS_DP1_537000_4142000_classified_point_cloud.laz","2018_MLBS_3_537000_4142000_image.tif","Tree",1,537000,537999.999,4142000,4142999.999
"4873",4873,537031.561,537040.393,4142609.63,4142618.991,"Silva","NEON_D07_MLBS_DP1_537000_4142000_classified_point_cloud.laz","2018_MLBS_3_537000_4142000_image.tif","Tree",1,537000,537999.999,4142000,4142999.999
"4874",4874,537026.088,537037.479,4142666.11,4142676.814,"Silva","NEON_D07_MLBS_DP1_537000_4142000_classified_point_cloud.laz","2018_MLBS_3_537000_4142000_image.tif","Tree",1,537000,537999.999,4142000,4142999.999
"4875",4875,537060.625,537071.93,4142668.52,4142674.983,"Silva","NEON_D07_MLBS_DP1_537000_4142000_classified_point_cloud.laz","2018_MLBS_3_537000_4142000_image.tif","Tree",1,537000,537999.999,4142000,4142999.999
"4876",4876,537127.016,537131.969,4142540.606,4142548.495,"Silva","NEON_D07_MLBS_DP1_537000_4142000_classified_point_cloud.laz","2018_MLBS_3_537000_4142000_image.tif","Tree",1,537000,537999.999,4142000,4142999.999
"4877",4877,537120.565,537126.997,4142539.636,4142550.933,"Silva","NEON_D07_MLBS_DP1_537000_4142000_classified_point_cloud.laz","2018_MLBS_3_537000_4142000_image.tif","Tree",1,537000,537999.999,4142000,4142999.999
"4878",4878,537132.015,537138.38,4142541.203,4142549.048,"Silva","NEON_D07_MLBS_DP1_537000_4142000_classified_point_cloud.laz","2018_MLBS_3_537000_4142000_image.tif","Tree",1,537000,537999.999,4142000,4142999.999
"4879",4879,537130.019,537137.726,4142535.506,4142543.451,"Silva","NEON_D07_MLBS_DP1_537000_4142000_classified_point_cloud.laz","2018_MLBS_3_537000_4142000_image.tif","Tree",1,537000,537999.999,4142000,4142999.999
"4880",4880,537138.504,537148.459,4142535.077,4142542.938,"Silva","NEON_D07_MLBS_DP1_537000_4142000_classified_point_cloud.laz","2018_MLBS_3_537000_4142000_image.tif","Tree",1,537000,537999.999,4142000,4142999.999
"4881",4881,537106.015,537114.461,4142532.006,4142540.484,"Silva","NEON_D07_MLBS_DP1_537000_4142000_classified_point_cloud.laz","2018_MLBS_3_537000_4142000_image.tif","Tree",1,537000,537999.999,4142000,4142999.999
"4882",4882,537097.509,537105.991,4142533.063,4142543.954,"Silva","NEON_D07_MLBS_DP1_537000_4142000_classified_point_cloud.laz","2018_MLBS_3_537000_4142000_image.tif","Tree",1,537000,537999.999,4142000,4142999.999
"4883",4883,537148.504,537156.934,4142530.506,4142538.9,"Silva","NEON_D07_MLBS_DP1_537000_4142000_classified_point_cloud.laz","2018_MLBS_3_537000_4142000_image.tif","Tree",1,537000,537999.999,4142000,4142999.999
"4884",4884,537114.003,537124.016,4142531.001,4142538.351,"Silva","NEON_D07_MLBS_DP1_537000_4142000_classified_point_cloud.laz","2018_MLBS_3_537000_4142000_image.tif","Tree",1,537000,537999.999,4142000,4142999.999
"4885",4885,537156.076,537162.985,4142528.571,4142535.488,"Silva","NEON_D07_MLBS_DP1_537000_4142000_classified_point_cloud.laz","2018_MLBS_3_537000_4142000_image.tif","Tree",1,537000,537999.999,4142000,4142999.999
"4886",4886,537126.665,537137.864,4142524.558,4142535.989,"Silva","NEON_D07_MLBS_DP1_537000_4142000_classified_point_cloud.laz","2018_MLBS_3_537000_4142000_image.tif","Tree",1,537000,537999.999,4142000,4142999.999
"4887",4887,537114.505,537124.636,4142522.247,4142532.464,"Silva","NEON_D07_MLBS_DP1_537000_4142000_classified_point_cloud.laz","2018_MLBS_3_537000_4142000_image.tif","Tree",1,537000,537999.999,4142000,4142999.999
"4888",4888,537145.006,537154.489,4142522.014,4142531.233,"Silva","NEON_D07_MLBS_DP1_537000_4142000_classified_point_cloud.laz","2018_MLBS_3_537000_4142000_image.tif","Tree",1,537000,537999.999,4142000,4142999.999
"4889",4889,537117.659,537128.946,4142518.606,4142531.952,"Silva","NEON_D07_MLBS_DP1_537000_4142000_classified_point_cloud.laz","2018_MLBS_3_537000_4142000_image.tif","Tree",1,537000,537999.999,4142000,4142999.999
"4890",4890,537153.504,537163.911,4142521.047,4142526.993,"Silva","NEON_D07_MLBS_DP1_537000_4142000_classified_point_cloud.laz","2018_MLBS_3_537000_4142000_image.tif","Tree",1,537000,537999.999,4142000,4142999.999
"4891",4891,537143.053,537152.219,4142513.503,4142523.816,"Silva","NEON_D07_MLBS_DP1_537000_4142000_classified_point_cloud.laz","2018_MLBS_3_537000_4142000_image.tif","Tree",1,537000,537999.999,4142000,4142999.999
"4892",4892,537149.611,537156.969,4142513.007,4142521.822,"Silva","NEON_D07_MLBS_DP1_537000_4142000_classified_point_cloud.laz","2018_MLBS_3_537000_4142000_image.tif","Tree",1,537000,537999.999,4142000,4142999.999
"4893",4893,537120.111,537130.964,4142507.014,4142518.219,"Silva","NEON_D07_MLBS_DP1_537000_4142000_classified_point_cloud.laz","2018_MLBS_3_537000_4142000_image.tif","Tree",1,537000,537999.999,4142000,4142999.999
"4894",4894,537138.014,537147.443,4142511.008,4142514.977,"Silva","NEON_D07_MLBS_DP1_537000_4142000_classified_point_cloud.laz","2018_MLBS_3_537000_4142000_image.tif","Tree",1,537000,537999.999,4142000,4142999.999
"4895",4895,537151.542,537159.433,4142506.506,4142514.462,"Silva","NEON_D07_MLBS_DP1_537000_4142000_classified_point_cloud.laz","2018_MLBS_3_537000_4142000_image.tif","Tree",1,537000,537999.999,4142000,4142999.999
"4896",4896,537112.039,537125.432,4142505.727,4142518.211,"Silva","NEON_D07_MLBS_DP1_537000_4142000_classified_point_cloud.laz","2018_MLBS_3_537000_4142000_image.tif","Tree",1,537000,537999.999,4142000,4142999.999
"4897",4897,537146.533,537155.488,4142504.001,4142513.499,"Silva","NEON_D07_MLBS_DP1_537000_4142000_classified_point_cloud.laz","2018_MLBS_3_537000_4142000_image.tif","Tree",1,537000,537999.999,4142000,4142999.999
"4898",4898,537090.035,537100.986,4142503.635,4142514.488,"Silva","NEON_D07_MLBS_DP1_537000_4142000_classified_point_cloud.laz","2018_MLBS_3_537000_4142000_image.tif","Tree",1,537000,537999.999,4142000,4142999.999
"4899",4899,537132.574,537140.456,4142504.516,4142510.975,"Silva","NEON_D07_MLBS_DP1_537000_4142000_classified_point_cloud.laz","2018_MLBS_3_537000_4142000_image.tif","Tree",1,537000,537999.999,4142000,4142999.999
"4900",4900,537143.034,537150.943,4142500.012,4142508.222,"Silva","NEON_D07_MLBS_DP1_537000_4142000_classified_point_cloud.laz","2018_MLBS_3_537000_4142000_image.tif","Tree",1,537000,537999.999,4142000,4142999.999
"4901",4901,537099.041,537112.483,4142500.507,4142509.488,"Silva","NEON_D07_MLBS_DP1_537000_4142000_classified_point_cloud.laz","2018_MLBS_3_537000_4142000_image.tif","Tree",1,537000,537999.999,4142000,4142999.999
"4902",4902,537136.094,537143.437,4142500.022,4142505.918,"Silva","NEON_D07_MLBS_DP1_537000_4142000_classified_point_cloud.laz","2018_MLBS_3_537000_4142000_image.tif","Tree",1,537000,537999.999,4142000,4142999.999
"4903",4903,537154.028,537162.47,4142500.012,4142507.989,"Silva","NEON_D07_MLBS_DP1_537000_4142000_classified_point_cloud.laz","2018_MLBS_3_537000_4142000_image.tif","Tree",1,537000,537999.999,4142000,4142999.999
"4904",4904,537121.018,537126.612,4142497.523,4142507.485,"Silva","NEON_D07_MLBS_DP1_537000_4142000_classified_point_cloud.laz","2018_MLBS_3_537000_4142000_image.tif","Tree",1,537000,537999.999,4142000,4142999.999
"4905",4905,537144.527,537154.482,4142496.052,4142504.382,"Silva","NEON_D07_MLBS_DP1_537000_4142000_classified_point_cloud.laz","2018_MLBS_3_537000_4142000_image.tif","Tree",1,537000,537999.999,4142000,4142999.999
"4906",4906,537167.079,537174.965,4142531.505,4142541.489,"Silva","NEON_D07_MLBS_DP1_537000_4142000_classified_point_cloud.laz","2018_MLBS_3_537000_4142000_image.tif","Tree",1,537000,537999.999,4142000,4142999.999
"4907",4907,537162.078,537169.986,4142524.66,4142534.928,"Silva","NEON_D07_MLBS_DP1_537000_4142000_classified_point_cloud.laz","2018_MLBS_3_537000_4142000_image.tif","Tree",1,537000,537999.999,4142000,4142999.999
"4908",4908,537172.081,537179.975,4142518.574,4142527.989,"Silva","NEON_D07_MLBS_DP1_537000_4142000_classified_point_cloud.laz","2018_MLBS_3_537000_4142000_image.tif","Tree",1,537000,537999.999,4142000,4142999.999
"4909",4909,537163.563,537172.943,4142516.189,4142525.947,"Silva","NEON_D07_MLBS_DP1_537000_4142000_classified_point_cloud.laz","2018_MLBS_3_537000_4142000_image.tif","Tree",1,537000,537999.999,4142000,4142999.999
"4910",4910,537179.007,537186.854,4142515.017,4142525.946,"Silva","NEON_D07_MLBS_DP1_537000_4142000_classified_point_cloud.laz","2018_MLBS_3_537000_4142000_image.tif","Tree",1,537000,537999.999,4142000,4142999.999
"4911",4911,537189.536,537196.45,4142503.157,4142511.499,"Silva","NEON_D07_MLBS_DP1_537000_4142000_classified_point_cloud.laz","2018_MLBS_3_537000_4142000_image.tif","Tree",1,537000,537999.999,4142000,4142999.999
"4912",4912,537169.004,537177.368,4142500.031,4142509.998,"Silva","NEON_D07_MLBS_DP1_537000_4142000_classified_point_cloud.laz","2018_MLBS_3_537000_4142000_image.tif","Tree",1,537000,537999.999,4142000,4142999.999
"4913",4913,537171.121,537180.964,4142495.535,4142504.971,"Silva","NEON_D07_MLBS_DP1_537000_4142000_classified_point_cloud.laz","2018_MLBS_3_537000_4142000_image.tif","Tree",1,537000,537999.999,4142000,4142999.999
"4914",4914,537186.563,537198.46,4142496.021,4142504.436,"Silva","NEON_D07_MLBS_DP1_537000_4142000_classified_point_cloud.laz","2018_MLBS_3_537000_4142000_image.tif","Tree",1,537000,537999.999,4142000,4142999.999
"4915",4915,537181.756,537192.496,4142540.096,4142547.457,"Silva","NEON_D07_MLBS_DP1_537000_4142000_classified_point_cloud.laz","2018_MLBS_3_537000_4142000_image.tif","Tree",1,537000,537999.999,4142000,4142999.999
"4916",4916,537202.074,537214.487,4142539.872,4142548.49,"Silva","NEON_D07_MLBS_DP1_537000_4142000_classified_point_cloud.laz","2018_MLBS_3_537000_4142000_image.tif","Tree",1,537000,537999.999,4142000,4142999.999
"4917",4917,537219.558,537229.99,4142534.511,4142547.437,"Silva","NEON_D07_MLBS_DP1_537000_4142000_classified_point_cloud.laz","2018_MLBS_3_537000_4142000_image.tif","Tree",1,537000,537999.999,4142000,4142999.999
"4918",4918,537213.046,537223.989,4142534.505,4142543.897,"Silva","NEON_D07_MLBS_DP1_537000_4142000_classified_point_cloud.laz","2018_MLBS_3_537000_4142000_image.tif","Tree",1,537000,537999.999,4142000,4142999.999
"4919",4919,537184.012,537194.997,4142532.035,4142541.458,"Silva","NEON_D07_MLBS_DP1_537000_4142000_classified_point_cloud.laz","2018_MLBS_3_537000_4142000_image.tif","Tree",1,537000,537999.999,4142000,4142999.999
"4920",4920,537201.232,537211.465,4142530.521,4142537.494,"Silva","NEON_D07_MLBS_DP1_537000_4142000_classified_point_cloud.laz","2018_MLBS_3_537000_4142000_image.tif","Tree",1,537000,537999.999,4142000,4142999.999
"4921",4921,537206.068,537215.231,4142526.502,4142537.872,"Silva","NEON_D07_MLBS_DP1_537000_4142000_classified_point_cloud.laz","2018_MLBS_3_537000_4142000_image.tif","Tree",1,537000,537999.999,4142000,4142999.999
"4922",4922,537215.506,537226.43,4142528.006,4142535.443,"Silva","NEON_D07_MLBS_DP1_537000_4142000_classified_point_cloud.laz","2018_MLBS_3_537000_4142000_image.tif","Tree",1,537000,537999.999,4142000,4142999.999
"4923",4923,537191.592,537201.44,4142524.52,4142534.401,"Silva","NEON_D07_MLBS_DP1_537000_4142000_classified_point_cloud.laz","2018_MLBS_3_537000_4142000_image.tif","Tree",1,537000,537999.999,4142000,4142999.999
"4924",4924,537188.626,537195.903,4142523.002,4142530.965,"Silva","NEON_D07_MLBS_DP1_537000_4142000_classified_point_cloud.laz","2018_MLBS_3_537000_4142000_image.tif","Tree",1,537000,537999.999,4142000,4142999.999
"4925",4925,537199.63,537209.876,4142523.507,4142530.99,"Silva","NEON_D07_MLBS_DP1_537000_4142000_classified_point_cloud.laz","2018_MLBS_3_537000_4142000_image.tif","Tree",1,537000,537999.999,4142000,4142999.999
"4926",4926,537218.038,537225.926,4142517.605,4142529.449,"Silva","NEON_D07_MLBS_DP1_537000_4142000_classified_point_cloud.laz","2018_MLBS_3_537000_4142000_image.tif","Tree",1,537000,537999.999,4142000,4142999.999
"4927",4927,537193.026,537200.48,4142516.517,4142524.494,"Silva","NEON_D07_MLBS_DP1_537000_4142000_classified_point_cloud.laz","2018_MLBS_3_537000_4142000_image.tif","Tree",1,537000,537999.999,4142000,4142999.999
"4928",4928,537212.004,537219.987,4142514.524,4142525.494,"Silva","NEON_D07_MLBS_DP1_537000_4142000_classified_point_cloud.laz","2018_MLBS_3_537000_4142000_image.tif","Tree",1,537000,537999.999,4142000,4142999.999
"4929",4929,537206.53,537211.987,4142517.016,4142526.495,"Silva","NEON_D07_MLBS_DP1_537000_4142000_classified_point_cloud.laz","2018_MLBS_3_537000_4142000_image.tif","Tree",1,537000,537999.999,4142000,4142999.999
"4930",4930,537200.238,537207.404,4142517.024,4142523.972,"Silva","NEON_D07_MLBS_DP1_537000_4142000_classified_point_cloud.laz","2018_MLBS_3_537000_4142000_image.tif","Tree",1,537000,537999.999,4142000,4142999.999
"4931",4931,537218.607,537230.972,4142508.53,4142518.453,"Silva","NEON_D07_MLBS_DP1_537000_4142000_classified_point_cloud.laz","2018_MLBS_3_537000_4142000_image.tif","Tree",1,537000,537999.999,4142000,4142999.999
"4932",4932,537208.51,537217.92,4142508.02,4142517.49,"Silva","NEON_D07_MLBS_DP1_537000_4142000_classified_point_cloud.laz","2018_MLBS_3_537000_4142000_image.tif","Tree",1,537000,537999.999,4142000,4142999.999
"4933",4933,537203.034,537208.942,4142511.125,4142517.468,"Silva","NEON_D07_MLBS_DP1_537000_4142000_classified_point_cloud.laz","2018_MLBS_3_537000_4142000_image.tif","Tree",1,537000,537999.999,4142000,4142999.999
"4934",4934,537202.517,537209.93,4142507.183,4142512.989,"Silva","NEON_D07_MLBS_DP1_537000_4142000_classified_point_cloud.laz","2018_MLBS_3_537000_4142000_image.tif","Tree",1,537000,537999.999,4142000,4142999.999
"4935",4935,537210.01,537220.496,4142500.669,4142514.479,"Silva","NEON_D07_MLBS_DP1_537000_4142000_classified_point_cloud.laz","2018_MLBS_3_537000_4142000_image.tif","Tree",1,537000,537999.999,4142000,4142999.999
"4936",4936,537200.534,537211.983,4142498.046,4142507.392,"Silva","NEON_D07_MLBS_DP1_537000_4142000_classified_point_cloud.laz","2018_MLBS_3_537000_4142000_image.tif","Tree",1,537000,537999.999,4142000,4142999.999
"4937",4937,537215.01,537226.499,4142495.527,4142504.482,"Silva","NEON_D07_MLBS_DP1_537000_4142000_classified_point_cloud.laz","2018_MLBS_3_537000_4142000_image.tif","Tree",1,537000,537999.999,4142000,4142999.999
"4938",4938,537279.598,537286.461,4142529.567,4142537.979,"Silva","NEON_D07_MLBS_DP1_537000_4142000_classified_point_cloud.laz","2018_MLBS_3_537000_4142000_image.tif","Tree",1,537000,537999.999,4142000,4142999.999
"4939",4939,537283.372,537289.985,4142526.091,4142534.25,"Silva","NEON_D07_MLBS_DP1_537000_4142000_classified_point_cloud.laz","2018_MLBS_3_537000_4142000_image.tif","Tree",1,537000,537999.999,4142000,4142999.999
"4940",4940,537284.553,537292.976,4142521.005,4142527.168,"Silva","NEON_D07_MLBS_DP1_537000_4142000_classified_point_cloud.laz","2018_MLBS_3_537000_4142000_image.tif","Tree",1,537000,537999.999,4142000,4142999.999
"4941",4941,537267.01,537277.783,4142519.506,4142526.993,"Silva","NEON_D07_MLBS_DP1_537000_4142000_classified_point_cloud.laz","2018_MLBS_3_537000_4142000_image.tif","Tree",1,537000,537999.999,4142000,4142999.999
"4942",4942,537276.515,537283.474,4142514.522,4142523.807,"Silva","NEON_D07_MLBS_DP1_537000_4142000_classified_point_cloud.laz","2018_MLBS_3_537000_4142000_image.tif","Tree",1,537000,537999.999,4142000,4142999.999
"4943",4943,537287.555,537293.49,4142515.521,4142520.982,"Silva","NEON_D07_MLBS_DP1_537000_4142000_classified_point_cloud.laz","2018_MLBS_3_537000_4142000_image.tif","Tree",1,537000,537999.999,4142000,4142999.999
"4944",4944,537282.003,537288.866,4142514.514,4142522.434,"Silva","NEON_D07_MLBS_DP1_537000_4142000_classified_point_cloud.laz","2018_MLBS_3_537000_4142000_image.tif","Tree",1,537000,537999.999,4142000,4142999.999
"4945",4945,537270.001,537278.935,4142507.009,4142516.483,"Silva","NEON_D07_MLBS_DP1_537000_4142000_classified_point_cloud.laz","2018_MLBS_3_537000_4142000_image.tif","Tree",1,537000,537999.999,4142000,4142999.999
"4946",4946,537259.505,537269.994,4142507.016,4142521.464,"Silva","NEON_D07_MLBS_DP1_537000_4142000_classified_point_cloud.laz","2018_MLBS_3_537000_4142000_image.tif","Tree",1,537000,537999.999,4142000,4142999.999
"4947",4947,537288.128,537292.984,4142509.237,4142515.46,"Silva","NEON_D07_MLBS_DP1_537000_4142000_classified_point_cloud.laz","2018_MLBS_3_537000_4142000_image.tif","Tree",1,537000,537999.999,4142000,4142999.999
"4948",4948,537278.511,537286.05,4142508.687,4142515.926,"Silva","NEON_D07_MLBS_DP1_537000_4142000_classified_point_cloud.laz","2018_MLBS_3_537000_4142000_image.tif","Tree",1,537000,537999.999,4142000,4142999.999
"4949",4949,537286.005,537289.188,4142509.323,4142514.738,"Silva","NEON_D07_MLBS_DP1_537000_4142000_classified_point_cloud.laz","2018_MLBS_3_537000_4142000_image.tif","Tree",1,537000,537999.999,4142000,4142999.999
"4950",4950,537282.589,537288.802,4142506.029,4142510.926,"Silva","NEON_D07_MLBS_DP1_537000_4142000_classified_point_cloud.laz","2018_MLBS_3_537000_4142000_image.tif","Tree",1,537000,537999.999,4142000,4142999.999
"4951",4951,537289.006,537294.376,4142503.011,4142509.455,"Silva","NEON_D07_MLBS_DP1_537000_4142000_classified_point_cloud.laz","2018_MLBS_3_537000_4142000_image.tif","Tree",1,537000,537999.999,4142000,4142999.999
"4952",4952,537272.752,537282.956,4142501.551,4142511.499,"Silva","NEON_D07_MLBS_DP1_537000_4142000_classified_point_cloud.laz","2018_MLBS_3_537000_4142000_image.tif","Tree",1,537000,537999.999,4142000,4142999.999
"4953",4953,537279.531,537286.461,4142499.098,4142506.872,"Silva","NEON_D07_MLBS_DP1_537000_4142000_classified_point_cloud.laz","2018_MLBS_3_537000_4142000_image.tif","Tree",1,537000,537999.999,4142000,4142999.999
"4954",4954,537251.506,537260.499,4142498.506,4142509,"Silva","NEON_D07_MLBS_DP1_537000_4142000_classified_point_cloud.laz","2018_MLBS_3_537000_4142000_image.tif","Tree",1,537000,537999.999,4142000,4142999.999
"4955",4955,537260.035,537268.996,4142496.016,4142508.461,"Silva","NEON_D07_MLBS_DP1_537000_4142000_classified_point_cloud.laz","2018_MLBS_3_537000_4142000_image.tif","Tree",1,537000,537999.999,4142000,4142999.999
"4956",4956,537284.505,537291.995,4142495.031,4142503.476,"Silva","NEON_D07_MLBS_DP1_537000_4142000_classified_point_cloud.laz","2018_MLBS_3_537000_4142000_image.tif","Tree",1,537000,537999.999,4142000,4142999.999
"4957",4957,537320.135,537331.467,4142535.514,4142543.965,"Silva","NEON_D07_MLBS_DP1_537000_4142000_classified_point_cloud.laz","2018_MLBS_3_537000_4142000_image.tif","Tree",1,537000,537999.999,4142000,4142999.999
"4958",4958,537326.052,537334.93,4142530.522,4142537.484,"Silva","NEON_D07_MLBS_DP1_537000_4142000_classified_point_cloud.laz","2018_MLBS_3_537000_4142000_image.tif","Tree",1,537000,537999.999,4142000,4142999.999
"4959",4959,537333.29,537342.49,4142526.015,4142538.496,"Silva","NEON_D07_MLBS_DP1_537000_4142000_classified_point_cloud.laz","2018_MLBS_3_537000_4142000_image.tif","Tree",1,537000,537999.999,4142000,4142999.999
"4960",4960,537317.067,537327.424,4142529.078,4142538.497,"Silva","NEON_D07_MLBS_DP1_537000_4142000_classified_point_cloud.laz","2018_MLBS_3_537000_4142000_image.tif","Tree",1,537000,537999.999,4142000,4142999.999
"4961",4961,537340.68,537350.95,4142525.632,4142538.483,"Silva","NEON_D07_MLBS_DP1_537000_4142000_classified_point_cloud.laz","2018_MLBS_3_537000_4142000_image.tif","Tree",1,537000,537999.999,4142000,4142999.999
"4962",4962,537325.502,537333.366,4142525.598,4142532,"Silva","NEON_D07_MLBS_DP1_537000_4142000_classified_point_cloud.laz","2018_MLBS_3_537000_4142000_image.tif","Tree",1,537000,537999.999,4142000,4142999.999
"4963",4963,537311.004,537317.493,4142523.664,4142533.483,"Silva","NEON_D07_MLBS_DP1_537000_4142000_classified_point_cloud.laz","2018_MLBS_3_537000_4142000_image.tif","Tree",1,537000,537999.999,4142000,4142999.999
"4964",4964,537345.53,537354.914,4142522.647,4142533.868,"Silva","NEON_D07_MLBS_DP1_537000_4142000_classified_point_cloud.laz","2018_MLBS_3_537000_4142000_image.tif","Tree",1,537000,537999.999,4142000,4142999.999
"4965",4965,537313.662,537321.961,4142518.073,4142532.269,"Silva","NEON_D07_MLBS_DP1_537000_4142000_classified_point_cloud.laz","2018_MLBS_3_537000_4142000_image.tif","Tree",1,537000,537999.999,4142000,4142999.999
"4966",4966,537307.563,537313.958,4142522.51,4142528.706,"Silva","NEON_D07_MLBS_DP1_537000_4142000_classified_point_cloud.laz","2018_MLBS_3_537000_4142000_image.tif","Tree",1,537000,537999.999,4142000,4142999.999
"4967",4967,537289.081,537295.496,4142522.002,4142530.897,"Silva","NEON_D07_MLBS_DP1_537000_4142000_classified_point_cloud.laz","2018_MLBS_3_537000_4142000_image.tif","Tree",1,537000,537999.999,4142000,4142999.999
"4968",4968,537325.198,537335.947,4142520.648,4142528.869,"Silva","NEON_D07_MLBS_DP1_537000_4142000_classified_point_cloud.laz","2018_MLBS_3_537000_4142000_image.tif","Tree",1,537000,537999.999,4142000,4142999.999
"4969",4969,537335.037,537345.958,4142517.055,4142527.916,"Silva","NEON_D07_MLBS_DP1_537000_4142000_classified_point_cloud.laz","2018_MLBS_3_537000_4142000_image.tif","Tree",1,537000,537999.999,4142000,4142999.999
"4970",4970,537303.507,537317.956,4142514.019,4142522.947,"Silva","NEON_D07_MLBS_DP1_537000_4142000_classified_point_cloud.laz","2018_MLBS_3_537000_4142000_image.tif","Tree",1,537000,537999.999,4142000,4142999.999
"4971",4971,537343.537,537355.397,4142516.501,4142523.998,"Silva","NEON_D07_MLBS_DP1_537000_4142000_classified_point_cloud.laz","2018_MLBS_3_537000_4142000_image.tif","Tree",1,537000,537999.999,4142000,4142999.999
"4972",4972,537321.568,537334.995,4142516.021,4142523.45,"Silva","NEON_D07_MLBS_DP1_537000_4142000_classified_point_cloud.laz","2018_MLBS_3_537000_4142000_image.tif","Tree",1,537000,537999.999,4142000,4142999.999
"4973",4973,537318.017,537329.718,4142513.138,4142520.908,"Silva","NEON_D07_MLBS_DP1_537000_4142000_classified_point_cloud.laz","2018_MLBS_3_537000_4142000_image.tif","Tree",1,537000,537999.999,4142000,4142999.999
"4974",4974,537296.524,537305.939,4142510.524,4142519.909,"Silva","NEON_D07_MLBS_DP1_537000_4142000_classified_point_cloud.laz","2018_MLBS_3_537000_4142000_image.tif","Tree",1,537000,537999.999,4142000,4142999.999
"4975",4975,537333.513,537343.456,4142508.527,4142519.778,"Silva","NEON_D07_MLBS_DP1_537000_4142000_classified_point_cloud.laz","2018_MLBS_3_537000_4142000_image.tif","Tree",1,537000,537999.999,4142000,4142999.999
"4976",4976,537343.679,537354.495,4142508.537,4142516.987,"Silva","NEON_D07_MLBS_DP1_537000_4142000_classified_point_cloud.laz","2018_MLBS_3_537000_4142000_image.tif","Tree",1,537000,537999.999,4142000,4142999.999
"4977",4977,537292.503,537298.848,4142510.027,4142516.275,"Silva","NEON_D07_MLBS_DP1_537000_4142000_classified_point_cloud.laz","2018_MLBS_3_537000_4142000_image.tif","Tree",1,537000,537999.999,4142000,4142999.999
"4978",4978,537327.04,537333.996,4142510.579,4142516.986,"Silva","NEON_D07_MLBS_DP1_537000_4142000_classified_point_cloud.laz","2018_MLBS_3_537000_4142000_image.tif","Tree",1,537000,537999.999,4142000,4142999.999
"4979",4979,537305.507,537317.476,4142505.545,4142517.36,"Silva","NEON_D07_MLBS_DP1_537000_4142000_classified_point_cloud.laz","2018_MLBS_3_537000_4142000_image.tif","Tree",1,537000,537999.999,4142000,4142999.999
"4980",4980,537320.62,537327.485,4142506.561,4142514.944,"Silva","NEON_D07_MLBS_DP1_537000_4142000_classified_point_cloud.laz","2018_MLBS_3_537000_4142000_image.tif","Tree",1,537000,537999.999,4142000,4142999.999
"4981",4981,537327.508,537335.355,4142507.091,4142511.973,"Silva","NEON_D07_MLBS_DP1_537000_4142000_classified_point_cloud.laz","2018_MLBS_3_537000_4142000_image.tif","Tree",1,537000,537999.999,4142000,4142999.999
"4982",4982,537337.001,537345.995,4142505.504,4142515.474,"Silva","NEON_D07_MLBS_DP1_537000_4142000_classified_point_cloud.laz","2018_MLBS_3_537000_4142000_image.tif","Tree",1,537000,537999.999,4142000,4142999.999
"4983",4983,537350.503,537359.932,4142505.21,4142515.98,"Silva","NEON_D07_MLBS_DP1_537000_4142000_classified_point_cloud.laz","2018_MLBS_3_537000_4142000_image.tif","Tree",1,537000,537999.999,4142000,4142999.999
"4984",4984,537316.531,537322.97,4142502.015,4142517.288,"Silva","NEON_D07_MLBS_DP1_537000_4142000_classified_point_cloud.laz","2018_MLBS_3_537000_4142000_image.tif","Tree",1,537000,537999.999,4142000,4142999.999
"4985",4985,537292.006,537296.872,4142505.008,4142510.983,"Silva","NEON_D07_MLBS_DP1_537000_4142000_classified_point_cloud.laz","2018_MLBS_3_537000_4142000_image.tif","Tree",1,537000,537999.999,4142000,4142999.999
"4986",4986,537308.527,537318.46,4142501.558,4142511.374,"Silva","NEON_D07_MLBS_DP1_537000_4142000_classified_point_cloud.laz","2018_MLBS_3_537000_4142000_image.tif","Tree",1,537000,537999.999,4142000,4142999.999
"4987",4987,537296.009,537303.912,4142504.544,4142510.999,"Silva","NEON_D07_MLBS_DP1_537000_4142000_classified_point_cloud.laz","2018_MLBS_3_537000_4142000_image.tif","Tree",1,537000,537999.999,4142000,4142999.999
"4988",4988,537340.586,537350.471,4142504.088,4142510.383,"Silva","NEON_D07_MLBS_DP1_537000_4142000_classified_point_cloud.laz","2018_MLBS_3_537000_4142000_image.tif","Tree",1,537000,537999.999,4142000,4142999.999
"4989",4989,537329.025,537337.492,4142501.044,4142508.987,"Silva","NEON_D07_MLBS_DP1_537000_4142000_classified_point_cloud.laz","2018_MLBS_3_537000_4142000_image.tif","Tree",1,537000,537999.999,4142000,4142999.999
"4990",4990,537320.537,537330.358,4142498.519,4142507.497,"Silva","NEON_D07_MLBS_DP1_537000_4142000_classified_point_cloud.laz","2018_MLBS_3_537000_4142000_image.tif","Tree",1,537000,537999.999,4142000,4142999.999
"4991",4991,537299.15,537309.497,4142500.161,4142506.471,"Silva","NEON_D07_MLBS_DP1_537000_4142000_classified_point_cloud.laz","2018_MLBS_3_537000_4142000_image.tif","Tree",1,537000,537999.999,4142000,4142999.999
"4992",4992,537346.027,537352.912,4142499.529,4142507.383,"Silva","NEON_D07_MLBS_DP1_537000_4142000_classified_point_cloud.laz","2018_MLBS_3_537000_4142000_image.tif","Tree",1,537000,537999.999,4142000,4142999.999
"4993",4993,537331.032,537339.496,4142497.542,4142506.998,"Silva","NEON_D07_MLBS_DP1_537000_4142000_classified_point_cloud.laz","2018_MLBS_3_537000_4142000_image.tif","Tree",1,537000,537999.999,4142000,4142999.999
"4994",4994,537292.05,537299.408,4142497.569,4142504.999,"Silva","NEON_D07_MLBS_DP1_537000_4142000_classified_point_cloud.laz","2018_MLBS_3_537000_4142000_image.tif","Tree",1,537000,537999.999,4142000,4142999.999
"4995",4995,537342.573,537347.994,4142497.01,4142504.43,"Silva","NEON_D07_MLBS_DP1_537000_4142000_classified_point_cloud.laz","2018_MLBS_3_537000_4142000_image.tif","Tree",1,537000,537999.999,4142000,4142999.999
"4996",4996,537338.522,537344.497,4142497.043,4142505.405,"Silva","NEON_D07_MLBS_DP1_537000_4142000_classified_point_cloud.laz","2018_MLBS_3_537000_4142000_image.tif","Tree",1,537000,537999.999,4142000,4142999.999
"4997",4997,537260.521,537271.867,4142537.122,4142549.983,"Silva","NEON_D07_MLBS_DP1_537000_4142000_classified_point_cloud.laz","2018_MLBS_3_537000_4142000_image.tif","Tree",1,537000,537999.999,4142000,4142999.999
"4998",4998,537277.506,537287.862,4142538.161,4142545.941,"Silva","NEON_D07_MLBS_DP1_537000_4142000_classified_point_cloud.laz","2018_MLBS_3_537000_4142000_image.tif","Tree",1,537000,537999.999,4142000,4142999.999
"4999",4999,537271.511,537279.801,4142538.016,4142545.897,"Silva","NEON_D07_MLBS_DP1_537000_4142000_classified_point_cloud.laz","2018_MLBS_3_537000_4142000_image.tif","Tree",1,537000,537999.999,4142000,4142999.999
"5000",5000,537248.558,537259.47,4142536.51,4142545.388,"Silva","NEON_D07_MLBS_DP1_537000_4142000_classified_point_cloud.laz","2018_MLBS_3_537000_4142000_image.tif","Tree",1,537000,537999.999,4142000,4142999.999
"5001",5001,537229.509,537237.392,4142535.053,4142545.451,"Silva","NEON_D07_MLBS_DP1_537000_4142000_classified_point_cloud.laz","2018_MLBS_3_537000_4142000_image.tif","Tree",1,537000,537999.999,4142000,4142999.999
"5002",5002,537235.091,537242.932,4142534.005,4142542.417,"Silva","NEON_D07_MLBS_DP1_537000_4142000_classified_point_cloud.laz","2018_MLBS_3_537000_4142000_image.tif","Tree",1,537000,537999.999,4142000,4142999.999
"5003",5003,537269.254,537278.468,4142533.072,4142538.954,"Silva","NEON_D07_MLBS_DP1_537000_4142000_classified_point_cloud.laz","2018_MLBS_3_537000_4142000_image.tif","Tree",1,537000,537999.999,4142000,4142999.999
"5004",5004,537242.605,537250.481,4142529.004,4142541.456,"Silva","NEON_D07_MLBS_DP1_537000_4142000_classified_point_cloud.laz","2018_MLBS_3_537000_4142000_image.tif","Tree",1,537000,537999.999,4142000,4142999.999
"5005",5005,537277.513,537284.96,4142530.63,4142538.987,"Silva","NEON_D07_MLBS_DP1_537000_4142000_classified_point_cloud.laz","2018_MLBS_3_537000_4142000_image.tif","Tree",1,537000,537999.999,4142000,4142999.999
"5006",5006,537249.066,537257.988,4142530.151,4142536.967,"Silva","NEON_D07_MLBS_DP1_537000_4142000_classified_point_cloud.laz","2018_MLBS_3_537000_4142000_image.tif","Tree",1,537000,537999.999,4142000,4142999.999
"5007",5007,537237.013,537246.489,4142530.006,4142537.97,"Silva","NEON_D07_MLBS_DP1_537000_4142000_classified_point_cloud.laz","2018_MLBS_3_537000_4142000_image.tif","Tree",1,537000,537999.999,4142000,4142999.999
"5008",5008,537285.618,537297.349,4142529.834,4142540.429,"Silva","NEON_D07_MLBS_DP1_537000_4142000_classified_point_cloud.laz","2018_MLBS_3_537000_4142000_image.tif","Tree",1,537000,537999.999,4142000,4142999.999
"5009",5009,537258.001,537268.455,4142530.018,4142536.823,"Silva","NEON_D07_MLBS_DP1_537000_4142000_classified_point_cloud.laz","2018_MLBS_3_537000_4142000_image.tif","Tree",1,537000,537999.999,4142000,4142999.999
"5010",5010,537268.503,537278.233,4142527.079,4142536.798,"Silva","NEON_D07_MLBS_DP1_537000_4142000_classified_point_cloud.laz","2018_MLBS_3_537000_4142000_image.tif","Tree",1,537000,537999.999,4142000,4142999.999
"5011",5011,537226.026,537236.498,4142524.512,4142536.469,"Silva","NEON_D07_MLBS_DP1_537000_4142000_classified_point_cloud.laz","2018_MLBS_3_537000_4142000_image.tif","Tree",1,537000,537999.999,4142000,4142999.999
"5012",5012,537232.503,537239.483,4142524.52,4142533.888,"Silva","NEON_D07_MLBS_DP1_537000_4142000_classified_point_cloud.laz","2018_MLBS_3_537000_4142000_image.tif","Tree",1,537000,537999.999,4142000,4142999.999
"5013",5013,537239.003,537247.938,4142523.548,4142530.982,"Silva","NEON_D07_MLBS_DP1_537000_4142000_classified_point_cloud.laz","2018_MLBS_3_537000_4142000_image.tif","Tree",1,537000,537999.999,4142000,4142999.999
"5014",5014,537266.508,537273.833,4142521.52,4142534.622,"Silva","NEON_D07_MLBS_DP1_537000_4142000_classified_point_cloud.laz","2018_MLBS_3_537000_4142000_image.tif","Tree",1,537000,537999.999,4142000,4142999.999
"5015",5015,537259.018,537266.489,4142519.794,4142531.87,"Silva","NEON_D07_MLBS_DP1_537000_4142000_classified_point_cloud.laz","2018_MLBS_3_537000_4142000_image.tif","Tree",1,537000,537999.999,4142000,4142999.999
"5016",5016,537248.009,537259.49,4142519.537,4142531.428,"Silva","NEON_D07_MLBS_DP1_537000_4142000_classified_point_cloud.laz","2018_MLBS_3_537000_4142000_image.tif","Tree",1,537000,537999.999,4142000,4142999.999
"5017",5017,537276.061,537285.913,4142522.505,4142530.916,"Silva","NEON_D07_MLBS_DP1_537000_4142000_classified_point_cloud.laz","2018_MLBS_3_537000_4142000_image.tif","Tree",1,537000,537999.999,4142000,4142999.999
"5018",5018,537244.042,537258.459,4142516.043,4142526.495,"Silva","NEON_D07_MLBS_DP1_537000_4142000_classified_point_cloud.laz","2018_MLBS_3_537000_4142000_image.tif","Tree",1,537000,537999.999,4142000,4142999.999
"5019",5019,537226.673,537238.4,4142513.022,4142524.432,"Silva","NEON_D07_MLBS_DP1_537000_4142000_classified_point_cloud.laz","2018_MLBS_3_537000_4142000_image.tif","Tree",1,537000,537999.999,4142000,4142999.999
"5020",5020,537268.527,537278.878,4142514.055,4142519.972,"Silva","NEON_D07_MLBS_DP1_537000_4142000_classified_point_cloud.laz","2018_MLBS_3_537000_4142000_image.tif","Tree",1,537000,537999.999,4142000,4142999.999
"5021",5021,537238.595,537249.468,4142511.2,4142520.988,"Silva","NEON_D07_MLBS_DP1_537000_4142000_classified_point_cloud.laz","2018_MLBS_3_537000_4142000_image.tif","Tree",1,537000,537999.999,4142000,4142999.999
"5022",5022,537247.537,537259.496,4142510.545,4142519.413,"Silva","NEON_D07_MLBS_DP1_537000_4142000_classified_point_cloud.laz","2018_MLBS_3_537000_4142000_image.tif","Tree",1,537000,537999.999,4142000,4142999.999
"5023",5023,537247.012,537259.99,4142505.518,4142511.953,"Silva","NEON_D07_MLBS_DP1_537000_4142000_classified_point_cloud.laz","2018_MLBS_3_537000_4142000_image.tif","Tree",1,537000,537999.999,4142000,4142999.999
"5024",5024,537236.561,537244.98,4142505.508,4142516.271,"Silva","NEON_D07_MLBS_DP1_537000_4142000_classified_point_cloud.laz","2018_MLBS_3_537000_4142000_image.tif","Tree",1,537000,537999.999,4142000,4142999.999
"5025",5025,537240.519,537249.485,4142503.014,4142511.484,"Silva","NEON_D07_MLBS_DP1_537000_4142000_classified_point_cloud.laz","2018_MLBS_3_537000_4142000_image.tif","Tree",1,537000,537999.999,4142000,4142999.999
"5026",5026,537227.009,537236.479,4142498.066,4142506.438,"Silva","NEON_D07_MLBS_DP1_537000_4142000_classified_point_cloud.laz","2018_MLBS_3_537000_4142000_image.tif","Tree",1,537000,537999.999,4142000,4142999.999
"5027",5027,537237.062,537244.982,4142500.072,4142505.5,"Silva","NEON_D07_MLBS_DP1_537000_4142000_classified_point_cloud.laz","2018_MLBS_3_537000_4142000_image.tif","Tree",1,537000,537999.999,4142000,4142999.999
"5028",5028,537245.008,537251.497,4142499.578,4142505.99,"Silva","NEON_D07_MLBS_DP1_537000_4142000_classified_point_cloud.laz","2018_MLBS_3_537000_4142000_image.tif","Tree",1,537000,537999.999,4142000,4142999.999
"5029",5029,537301.104,537308.49,4142542.003,4142549.801,"Silva","NEON_D07_MLBS_DP1_537000_4142000_classified_point_cloud.laz","2018_MLBS_3_537000_4142000_image.tif","Tree",1,537000,537999.999,4142000,4142999.999
"5030",5030,537305.015,537317.945,4142532.542,4142539.971,"Silva","NEON_D07_MLBS_DP1_537000_4142000_classified_point_cloud.laz","2018_MLBS_3_537000_4142000_image.tif","Tree",1,537000,537999.999,4142000,4142999.999
"5031",5031,537300.083,537309.961,4142532.147,4142541.995,"Silva","NEON_D07_MLBS_DP1_537000_4142000_classified_point_cloud.laz","2018_MLBS_3_537000_4142000_image.tif","Tree",1,537000,537999.999,4142000,4142999.999
"5032",5032,537328.544,537337.998,4142537.051,4142548.865,"Silva","NEON_D07_MLBS_DP1_537000_4142000_classified_point_cloud.laz","2018_MLBS_3_537000_4142000_image.tif","Tree",1,537000,537999.999,4142000,4142999.999
"5033",5033,537300.01,537307.995,4142519.589,4142531.497,"Silva","NEON_D07_MLBS_DP1_537000_4142000_classified_point_cloud.laz","2018_MLBS_3_537000_4142000_image.tif","Tree",1,537000,537999.999,4142000,4142999.999
"5034",5034,537300.109,537310.34,4142526.029,4142532.984,"Silva","NEON_D07_MLBS_DP1_537000_4142000_classified_point_cloud.laz","2018_MLBS_3_537000_4142000_image.tif","Tree",1,537000,537999.999,4142000,4142999.999
"5035",5035,537317.524,537325.468,4142522.085,4142533.45,"Silva","NEON_D07_MLBS_DP1_537000_4142000_classified_point_cloud.laz","2018_MLBS_3_537000_4142000_image.tif","Tree",1,537000,537999.999,4142000,4142999.999
"5036",5036,537304.575,537314.397,4142529.089,4142533.5,"Silva","NEON_D07_MLBS_DP1_537000_4142000_classified_point_cloud.laz","2018_MLBS_3_537000_4142000_image.tif","Tree",1,537000,537999.999,4142000,4142999.999
"5037",5037,537115.007,537122.41,4142541.519,4142553.334,"Silva","NEON_D07_MLBS_DP1_537000_4142000_classified_point_cloud.laz","2018_MLBS_3_537000_4142000_image.tif","Tree",1,537000,537999.999,4142000,4142999.999
"5038",5038,537144.386,537154.341,4142542.507,4142550.442,"Silva","NEON_D07_MLBS_DP1_537000_4142000_classified_point_cloud.laz","2018_MLBS_3_537000_4142000_image.tif","Tree",1,537000,537999.999,4142000,4142999.999
"5039",5039,537105.615,537116.154,4142544.528,4142553.427,"Silva","NEON_D07_MLBS_DP1_537000_4142000_classified_point_cloud.laz","2018_MLBS_3_537000_4142000_image.tif","Tree",1,537000,537999.999,4142000,4142999.999
"5040",5040,537102.013,537114.928,4142546.504,4142557.462,"Silva","NEON_D07_MLBS_DP1_537000_4142000_classified_point_cloud.laz","2018_MLBS_3_537000_4142000_image.tif","Tree",1,537000,537999.999,4142000,4142999.999
"5041",5041,537100.029,537110.418,4142548.012,4142558.596,"Silva","NEON_D07_MLBS_DP1_537000_4142000_classified_point_cloud.laz","2018_MLBS_3_537000_4142000_image.tif","Tree",1,537000,537999.999,4142000,4142999.999
"5042",5042,537099.062,537109.894,4142563.037,4142570.29,"Silva","NEON_D07_MLBS_DP1_537000_4142000_classified_point_cloud.laz","2018_MLBS_3_537000_4142000_image.tif","Tree",1,537000,537999.999,4142000,4142999.999
"5043",5043,537118.563,537124.37,4142561.737,4142569.963,"Silva","NEON_D07_MLBS_DP1_537000_4142000_classified_point_cloud.laz","2018_MLBS_3_537000_4142000_image.tif","Tree",1,537000,537999.999,4142000,4142999.999
"5044",5044,537107.026,537118.283,4142564.566,4142577.868,"Silva","NEON_D07_MLBS_DP1_537000_4142000_classified_point_cloud.laz","2018_MLBS_3_537000_4142000_image.tif","Tree",1,537000,537999.999,4142000,4142999.999
"5045",5045,537137.059,537146.276,4142568.51,4142578.417,"Silva","NEON_D07_MLBS_DP1_537000_4142000_classified_point_cloud.laz","2018_MLBS_3_537000_4142000_image.tif","Tree",1,537000,537999.999,4142000,4142999.999
"5046",5046,537115.516,537124.472,4142569.51,4142580.587,"Silva","NEON_D07_MLBS_DP1_537000_4142000_classified_point_cloud.laz","2018_MLBS_3_537000_4142000_image.tif","Tree",1,537000,537999.999,4142000,4142999.999
"5047",5047,537128.567,537134.474,4142571.046,4142581.5,"Silva","NEON_D07_MLBS_DP1_537000_4142000_classified_point_cloud.laz","2018_MLBS_3_537000_4142000_image.tif","Tree",1,537000,537999.999,4142000,4142999.999
"5048",5048,537121.608,537132.474,4142575.095,4142581.486,"Silva","NEON_D07_MLBS_DP1_537000_4142000_classified_point_cloud.laz","2018_MLBS_3_537000_4142000_image.tif","Tree",1,537000,537999.999,4142000,4142999.999
"5049",5049,537135.006,537146.983,4142580.157,4142589.263,"Silva","NEON_D07_MLBS_DP1_537000_4142000_classified_point_cloud.laz","2018_MLBS_3_537000_4142000_image.tif","Tree",1,537000,537999.999,4142000,4142999.999
"5050",5050,537118.503,537126.972,4142587.791,4142595.303,"Silva","NEON_D07_MLBS_DP1_537000_4142000_classified_point_cloud.laz","2018_MLBS_3_537000_4142000_image.tif","Tree",1,537000,537999.999,4142000,4142999.999
"5051",5051,537101.025,537113.763,4142591.527,4142599.894,"Silva","NEON_D07_MLBS_DP1_537000_4142000_classified_point_cloud.laz","2018_MLBS_3_537000_4142000_image.tif","Tree",1,537000,537999.999,4142000,4142999.999
"5052",5052,537115.14,537126.398,4142591.009,4142601.058,"Silva","NEON_D07_MLBS_DP1_537000_4142000_classified_point_cloud.laz","2018_MLBS_3_537000_4142000_image.tif","Tree",1,537000,537999.999,4142000,4142999.999
"5053",5053,537104.005,537115.957,4142595.524,4142602.964,"Silva","NEON_D07_MLBS_DP1_537000_4142000_classified_point_cloud.laz","2018_MLBS_3_537000_4142000_image.tif","Tree",1,537000,537999.999,4142000,4142999.999
"5054",5054,537113.072,537119.963,4142598.697,4142610.496,"Silva","NEON_D07_MLBS_DP1_537000_4142000_classified_point_cloud.laz","2018_MLBS_3_537000_4142000_image.tif","Tree",1,537000,537999.999,4142000,4142999.999
"5055",5055,537101.035,537106.908,4142605.572,4142612.782,"Silva","NEON_D07_MLBS_DP1_537000_4142000_classified_point_cloud.laz","2018_MLBS_3_537000_4142000_image.tif","Tree",1,537000,537999.999,4142000,4142999.999
"5056",5056,537156.667,537167.409,4142541.506,4142547.931,"Silva","NEON_D07_MLBS_DP1_537000_4142000_classified_point_cloud.laz","2018_MLBS_3_537000_4142000_image.tif","Tree",1,537000,537999.999,4142000,4142999.999
"5057",5057,537091.723,537102.992,4142664.001,4142673.998,"Silva","NEON_D07_MLBS_DP1_537000_4142000_classified_point_cloud.laz","2018_MLBS_3_537000_4142000_image.tif","Tree",1,537000,537999.999,4142000,4142999.999
"5058",5058,537092.061,537099.902,4142655.06,4142663.896,"Silva","NEON_D07_MLBS_DP1_537000_4142000_classified_point_cloud.laz","2018_MLBS_3_537000_4142000_image.tif","Tree",1,537000,537999.999,4142000,4142999.999
"5059",5059,537091.002,537101.468,4142648.317,4142655.911,"Silva","NEON_D07_MLBS_DP1_537000_4142000_classified_point_cloud.laz","2018_MLBS_3_537000_4142000_image.tif","Tree",1,537000,537999.999,4142000,4142999.999
"5060",5060,537090.552,537103.611,4142641.512,4142650.998,"Silva","NEON_D07_MLBS_DP1_537000_4142000_classified_point_cloud.laz","2018_MLBS_3_537000_4142000_image.tif","Tree",1,537000,537999.999,4142000,4142999.999
"5061",5061,537097.158,537108.374,4142624.011,4142634.498,"Silva","NEON_D07_MLBS_DP1_537000_4142000_classified_point_cloud.laz","2018_MLBS_3_537000_4142000_image.tif","Tree",1,537000,537999.999,4142000,4142999.999
"5062",5062,537102.002,537113.362,4142620.078,4142630.474,"Silva","NEON_D07_MLBS_DP1_537000_4142000_classified_point_cloud.laz","2018_MLBS_3_537000_4142000_image.tif","Tree",1,537000,537999.999,4142000,4142999.999
"5063",5063,537089.507,537102.492,4142621.001,4142629.454,"Silva","NEON_D07_MLBS_DP1_537000_4142000_classified_point_cloud.laz","2018_MLBS_3_537000_4142000_image.tif","Tree",1,537000,537999.999,4142000,4142999.999
"5064",5064,537092.501,537102.48,4142615.009,4142620.995,"Silva","NEON_D07_MLBS_DP1_537000_4142000_classified_point_cloud.laz","2018_MLBS_3_537000_4142000_image.tif","Tree",1,537000,537999.999,4142000,4142999.999
"5065",5065,537102.011,537109.89,4142607.51,4142614.978,"Silva","NEON_D07_MLBS_DP1_537000_4142000_classified_point_cloud.laz","2018_MLBS_3_537000_4142000_image.tif","Tree",1,537000,537999.999,4142000,4142999.999
"5066",5066,537101.541,537113.94,4142612.513,4142620.5,"Silva","NEON_D07_MLBS_DP1_537000_4142000_classified_point_cloud.laz","2018_MLBS_3_537000_4142000_image.tif","Tree",1,537000,537999.999,4142000,4142999.999
"5067",5067,537134.028,537141.883,4142549.542,4142557,"Silva","NEON_D07_MLBS_DP1_537000_4142000_classified_point_cloud.laz","2018_MLBS_3_537000_4142000_image.tif","Tree",1,537000,537999.999,4142000,4142999.999
"5068",5068,537141.52,537147.254,4142549.075,4142553.903,"Silva","NEON_D07_MLBS_DP1_537000_4142000_classified_point_cloud.laz","2018_MLBS_3_537000_4142000_image.tif","Tree",1,537000,537999.999,4142000,4142999.999
"5069",5069,537151.065,537158.937,4142544.842,4142555.383,"Silva","NEON_D07_MLBS_DP1_537000_4142000_classified_point_cloud.laz","2018_MLBS_3_537000_4142000_image.tif","Tree",1,537000,537999.999,4142000,4142999.999
"5070",5070,537128.885,537136.998,4142556.012,4142564.498,"Silva","NEON_D07_MLBS_DP1_537000_4142000_classified_point_cloud.laz","2018_MLBS_3_537000_4142000_image.tif","Tree",1,537000,537999.999,4142000,4142999.999
"5071",5071,537137.51,537148.452,4142561.514,4142569.914,"Silva","NEON_D07_MLBS_DP1_537000_4142000_classified_point_cloud.laz","2018_MLBS_3_537000_4142000_image.tif","Tree",1,537000,537999.999,4142000,4142999.999
"5072",5072,537128.011,537137.992,4142563.56,4142570.996,"Silva","NEON_D07_MLBS_DP1_537000_4142000_classified_point_cloud.laz","2018_MLBS_3_537000_4142000_image.tif","Tree",1,537000,537999.999,4142000,4142999.999
"5073",5073,537152.536,537160.979,4142563.357,4142571.986,"Silva","NEON_D07_MLBS_DP1_537000_4142000_classified_point_cloud.laz","2018_MLBS_3_537000_4142000_image.tif","Tree",1,537000,537999.999,4142000,4142999.999
"5074",5074,537140.712,537148.998,4142570.573,4142580.904,"Silva","NEON_D07_MLBS_DP1_537000_4142000_classified_point_cloud.laz","2018_MLBS_3_537000_4142000_image.tif","Tree",1,537000,537999.999,4142000,4142999.999
"5075",5075,537133.022,537140.381,4142570.163,4142582.899,"Silva","NEON_D07_MLBS_DP1_537000_4142000_classified_point_cloud.laz","2018_MLBS_3_537000_4142000_image.tif","Tree",1,537000,537999.999,4142000,4142999.999
"5076",5076,537122.733,537134.996,4142581.526,4142589.484,"Silva","NEON_D07_MLBS_DP1_537000_4142000_classified_point_cloud.laz","2018_MLBS_3_537000_4142000_image.tif","Tree",1,537000,537999.999,4142000,4142999.999
"5077",5077,537147.088,537155.949,4142583.618,4142589.914,"Silva","NEON_D07_MLBS_DP1_537000_4142000_classified_point_cloud.laz","2018_MLBS_3_537000_4142000_image.tif","Tree",1,537000,537999.999,4142000,4142999.999
"5078",5078,537134.5,537144.99,4142585.585,4142597.41,"Silva","NEON_D07_MLBS_DP1_537000_4142000_classified_point_cloud.laz","2018_MLBS_3_537000_4142000_image.tif","Tree",1,537000,537999.999,4142000,4142999.999
"5079",5079,537155.887,537162.88,4142588.113,4142593.964,"Silva","NEON_D07_MLBS_DP1_537000_4142000_classified_point_cloud.laz","2018_MLBS_3_537000_4142000_image.tif","Tree",1,537000,537999.999,4142000,4142999.999
"5080",5080,537145.052,537152.488,4142588.015,4142597.965,"Silva","NEON_D07_MLBS_DP1_537000_4142000_classified_point_cloud.laz","2018_MLBS_3_537000_4142000_image.tif","Tree",1,537000,537999.999,4142000,4142999.999
"5081",5081,537125.515,537134.402,4142592.376,4142600.489,"Silva","NEON_D07_MLBS_DP1_537000_4142000_classified_point_cloud.laz","2018_MLBS_3_537000_4142000_image.tif","Tree",1,537000,537999.999,4142000,4142999.999
"5082",5082,537139.507,537148.985,4142590.184,4142598.495,"Silva","NEON_D07_MLBS_DP1_537000_4142000_classified_point_cloud.laz","2018_MLBS_3_537000_4142000_image.tif","Tree",1,537000,537999.999,4142000,4142999.999
"5083",5083,537142.79,537152.403,4142597.094,4142603.696,"Silva","NEON_D07_MLBS_DP1_537000_4142000_classified_point_cloud.laz","2018_MLBS_3_537000_4142000_image.tif","Tree",1,537000,537999.999,4142000,4142999.999
"5084",5084,537139.51,537145.497,4142598.056,4142606.495,"Silva","NEON_D07_MLBS_DP1_537000_4142000_classified_point_cloud.laz","2018_MLBS_3_537000_4142000_image.tif","Tree",1,537000,537999.999,4142000,4142999.999
"5085",5085,537130.523,537139.99,4142596.54,4142608.978,"Silva","NEON_D07_MLBS_DP1_537000_4142000_classified_point_cloud.laz","2018_MLBS_3_537000_4142000_image.tif","Tree",1,537000,537999.999,4142000,4142999.999
"5086",5086,537151.026,537160.492,4142598.081,4142612.461,"Silva","NEON_D07_MLBS_DP1_537000_4142000_classified_point_cloud.laz","2018_MLBS_3_537000_4142000_image.tif","Tree",1,537000,537999.999,4142000,4142999.999
"5087",5087,537142.702,537152.492,4142603.036,4142612.482,"Silva","NEON_D07_MLBS_DP1_537000_4142000_classified_point_cloud.laz","2018_MLBS_3_537000_4142000_image.tif","Tree",1,537000,537999.999,4142000,4142999.999
"5088",5088,537122.56,537131.405,4142602.788,4142609.731,"Silva","NEON_D07_MLBS_DP1_537000_4142000_classified_point_cloud.laz","2018_MLBS_3_537000_4142000_image.tif","Tree",1,537000,537999.999,4142000,4142999.999
"5089",5089,537167.577,537178.984,4142541.51,4142550.995,"Silva","NEON_D07_MLBS_DP1_537000_4142000_classified_point_cloud.laz","2018_MLBS_3_537000_4142000_image.tif","Tree",1,537000,537999.999,4142000,4142999.999
"5090",5090,537165.522,537172.959,4142543.526,4142550.979,"Silva","NEON_D07_MLBS_DP1_537000_4142000_classified_point_cloud.laz","2018_MLBS_3_537000_4142000_image.tif","Tree",1,537000,537999.999,4142000,4142999.999
"5091",5091,537193.63,537202.452,4142546.031,4142558.496,"Silva","NEON_D07_MLBS_DP1_537000_4142000_classified_point_cloud.laz","2018_MLBS_3_537000_4142000_image.tif","Tree",1,537000,537999.999,4142000,4142999.999
"5092",5092,537184.311,537193.893,4142547.639,4142554.459,"Silva","NEON_D07_MLBS_DP1_537000_4142000_classified_point_cloud.laz","2018_MLBS_3_537000_4142000_image.tif","Tree",1,537000,537999.999,4142000,4142999.999
"5093",5093,537207.005,537217.442,4142548.202,4142558.237,"Silva","NEON_D07_MLBS_DP1_537000_4142000_classified_point_cloud.laz","2018_MLBS_3_537000_4142000_image.tif","Tree",1,537000,537999.999,4142000,4142999.999
"5094",5094,537166.009,537175.425,4142550.873,4142558.471,"Silva","NEON_D07_MLBS_DP1_537000_4142000_classified_point_cloud.laz","2018_MLBS_3_537000_4142000_image.tif","Tree",1,537000,537999.999,4142000,4142999.999
"5095",5095,537184.025,537192.834,4142554.003,4142560.376,"Silva","NEON_D07_MLBS_DP1_537000_4142000_classified_point_cloud.laz","2018_MLBS_3_537000_4142000_image.tif","Tree",1,537000,537999.999,4142000,4142999.999
"5096",5096,537173.656,537183.992,4142549.739,4142559.927,"Silva","NEON_D07_MLBS_DP1_537000_4142000_classified_point_cloud.laz","2018_MLBS_3_537000_4142000_image.tif","Tree",1,537000,537999.999,4142000,4142999.999
"5097",5097,537164.235,537172.493,4142557.523,4142566.429,"Silva","NEON_D07_MLBS_DP1_537000_4142000_classified_point_cloud.laz","2018_MLBS_3_537000_4142000_image.tif","Tree",1,537000,537999.999,4142000,4142999.999
"5098",5098,537160.021,537165.976,4142558.513,4142567.913,"Silva","NEON_D07_MLBS_DP1_537000_4142000_classified_point_cloud.laz","2018_MLBS_3_537000_4142000_image.tif","Tree",1,537000,537999.999,4142000,4142999.999
"5099",5099,537198.567,537208.939,4142558.021,4142568.451,"Silva","NEON_D07_MLBS_DP1_537000_4142000_classified_point_cloud.laz","2018_MLBS_3_537000_4142000_image.tif","Tree",1,537000,537999.999,4142000,4142999.999
"5100",5100,537208.519,537217.496,4142563.048,4142568.997,"Silva","NEON_D07_MLBS_DP1_537000_4142000_classified_point_cloud.laz","2018_MLBS_3_537000_4142000_image.tif","Tree",1,537000,537999.999,4142000,4142999.999
"5101",5101,537187.023,537195.887,4142561.255,4142570.718,"Silva","NEON_D07_MLBS_DP1_537000_4142000_classified_point_cloud.laz","2018_MLBS_3_537000_4142000_image.tif","Tree",1,537000,537999.999,4142000,4142999.999
"5102",5102,537212.019,537220.916,4142565.596,4142574.366,"Silva","NEON_D07_MLBS_DP1_537000_4142000_classified_point_cloud.laz","2018_MLBS_3_537000_4142000_image.tif","Tree",1,537000,537999.999,4142000,4142999.999
"5103",5103,537182.576,537192.927,4142568.005,4142573.401,"Silva","NEON_D07_MLBS_DP1_537000_4142000_classified_point_cloud.laz","2018_MLBS_3_537000_4142000_image.tif","Tree",1,537000,537999.999,4142000,4142999.999
"5104",5104,537203.55,537212.477,4142567.019,4142575.977,"Silva","NEON_D07_MLBS_DP1_537000_4142000_classified_point_cloud.laz","2018_MLBS_3_537000_4142000_image.tif","Tree",1,537000,537999.999,4142000,4142999.999
"5105",5105,537154.511,537165.362,4142569.609,4142579.847,"Silva","NEON_D07_MLBS_DP1_537000_4142000_classified_point_cloud.laz","2018_MLBS_3_537000_4142000_image.tif","Tree",1,537000,537999.999,4142000,4142999.999
"5106",5106,537196.074,537203.481,4142572.08,4142579.784,"Silva","NEON_D07_MLBS_DP1_537000_4142000_classified_point_cloud.laz","2018_MLBS_3_537000_4142000_image.tif","Tree",1,537000,537999.999,4142000,4142999.999
"5107",5107,537217.091,537226.42,4142570.551,4142578.987,"Silva","NEON_D07_MLBS_DP1_537000_4142000_classified_point_cloud.laz","2018_MLBS_3_537000_4142000_image.tif","Tree",1,537000,537999.999,4142000,4142999.999
"5108",5108,537202.008,537209.431,4142573.05,4142581.491,"Silva","NEON_D07_MLBS_DP1_537000_4142000_classified_point_cloud.laz","2018_MLBS_3_537000_4142000_image.tif","Tree",1,537000,537999.999,4142000,4142999.999
"5109",5109,537188.009,537196.977,4142571.136,4142584.45,"Silva","NEON_D07_MLBS_DP1_537000_4142000_classified_point_cloud.laz","2018_MLBS_3_537000_4142000_image.tif","Tree",1,537000,537999.999,4142000,4142999.999
"5110",5110,537194.009,537201.476,4142576.594,4142585.897,"Silva","NEON_D07_MLBS_DP1_537000_4142000_classified_point_cloud.laz","2018_MLBS_3_537000_4142000_image.tif","Tree",1,537000,537999.999,4142000,4142999.999
"5111",5111,537157.574,537166.921,4142576.013,4142583.557,"Silva","NEON_D07_MLBS_DP1_537000_4142000_classified_point_cloud.laz","2018_MLBS_3_537000_4142000_image.tif","Tree",1,537000,537999.999,4142000,4142999.999
"5112",5112,537166.511,537174.493,4142577.508,4142586.485,"Silva","NEON_D07_MLBS_DP1_537000_4142000_classified_point_cloud.laz","2018_MLBS_3_537000_4142000_image.tif","Tree",1,537000,537999.999,4142000,4142999.999
"5113",5113,537206.509,537216.995,4142578.501,4142586.212,"Silva","NEON_D07_MLBS_DP1_537000_4142000_classified_point_cloud.laz","2018_MLBS_3_537000_4142000_image.tif","Tree",1,537000,537999.999,4142000,4142999.999
"5114",5114,537196.019,537206.964,4142580.162,4142587.484,"Silva","NEON_D07_MLBS_DP1_537000_4142000_classified_point_cloud.laz","2018_MLBS_3_537000_4142000_image.tif","Tree",1,537000,537999.999,4142000,4142999.999
"5115",5115,537220.558,537231.481,4142580.359,4142589.963,"Silva","NEON_D07_MLBS_DP1_537000_4142000_classified_point_cloud.laz","2018_MLBS_3_537000_4142000_image.tif","Tree",1,537000,537999.999,4142000,4142999.999
"5116",5116,537159.506,537167.995,4142582.327,4142586.968,"Silva","NEON_D07_MLBS_DP1_537000_4142000_classified_point_cloud.laz","2018_MLBS_3_537000_4142000_image.tif","Tree",1,537000,537999.999,4142000,4142999.999
"5117",5117,537182.038,537190.954,4142579.04,4142587.727,"Silva","NEON_D07_MLBS_DP1_537000_4142000_classified_point_cloud.laz","2018_MLBS_3_537000_4142000_image.tif","Tree",1,537000,537999.999,4142000,4142999.999
"5118",5118,537176.15,537182.921,4142585.545,4142592.855,"Silva","NEON_D07_MLBS_DP1_537000_4142000_classified_point_cloud.laz","2018_MLBS_3_537000_4142000_image.tif","Tree",1,537000,537999.999,4142000,4142999.999
"5119",5119,537207.023,537215.984,4142586.002,4142592.95,"Silva","NEON_D07_MLBS_DP1_537000_4142000_classified_point_cloud.laz","2018_MLBS_3_537000_4142000_image.tif","Tree",1,537000,537999.999,4142000,4142999.999
"5120",5120,537200.25,537207.381,4142586.053,4142592.397,"Silva","NEON_D07_MLBS_DP1_537000_4142000_classified_point_cloud.laz","2018_MLBS_3_537000_4142000_image.tif","Tree",1,537000,537999.999,4142000,4142999.999
"5121",5121,537180.503,537187.994,4142587.503,4142594.453,"Silva","NEON_D07_MLBS_DP1_537000_4142000_classified_point_cloud.laz","2018_MLBS_3_537000_4142000_image.tif","Tree",1,537000,537999.999,4142000,4142999.999
"5122",5122,537167.534,537175.341,4142586.32,4142594,"Silva","NEON_D07_MLBS_DP1_537000_4142000_classified_point_cloud.laz","2018_MLBS_3_537000_4142000_image.tif","Tree",1,537000,537999.999,4142000,4142999.999
"5123",5123,537196,537203.962,4142587.003,4142593.989,"Silva","NEON_D07_MLBS_DP1_537000_4142000_classified_point_cloud.laz","2018_MLBS_3_537000_4142000_image.tif","Tree",1,537000,537999.999,4142000,4142999.999
"5124",5124,537209.514,537216.98,4142589.529,4142598.438,"Silva","NEON_D07_MLBS_DP1_537000_4142000_classified_point_cloud.laz","2018_MLBS_3_537000_4142000_image.tif","Tree",1,537000,537999.999,4142000,4142999.999
"5125",5125,537190.014,537196.985,4142589.503,4142600.934,"Silva","NEON_D07_MLBS_DP1_537000_4142000_classified_point_cloud.laz","2018_MLBS_3_537000_4142000_image.tif","Tree",1,537000,537999.999,4142000,4142999.999
"5126",5126,537194.048,537200.467,4142592.05,4142601.927,"Silva","NEON_D07_MLBS_DP1_537000_4142000_classified_point_cloud.laz","2018_MLBS_3_537000_4142000_image.tif","Tree",1,537000,537999.999,4142000,4142999.999
"5127",5127,537199.505,537204.941,4142593.527,4142601.948,"Silva","NEON_D07_MLBS_DP1_537000_4142000_classified_point_cloud.laz","2018_MLBS_3_537000_4142000_image.tif","Tree",1,537000,537999.999,4142000,4142999.999
"5128",5128,537167.507,537175.43,4142593.597,4142601.872,"Silva","NEON_D07_MLBS_DP1_537000_4142000_classified_point_cloud.laz","2018_MLBS_3_537000_4142000_image.tif","Tree",1,537000,537999.999,4142000,4142999.999
"5129",5129,537174.523,537181.989,4142592.56,4142601.486,"Silva","NEON_D07_MLBS_DP1_537000_4142000_classified_point_cloud.laz","2018_MLBS_3_537000_4142000_image.tif","Tree",1,537000,537999.999,4142000,4142999.999
"5130",5130,537159.266,537167.983,4142597.627,4142602.765,"Silva","NEON_D07_MLBS_DP1_537000_4142000_classified_point_cloud.laz","2018_MLBS_3_537000_4142000_image.tif","Tree",1,537000,537999.999,4142000,4142999.999
"5131",5131,537215.148,537222.978,4142596.535,4142604.882,"Silva","NEON_D07_MLBS_DP1_537000_4142000_classified_point_cloud.laz","2018_MLBS_3_537000_4142000_image.tif","Tree",1,537000,537999.999,4142000,4142999.999
"5132",5132,537212.529,537219.477,4142598.054,4142606.385,"Silva","NEON_D07_MLBS_DP1_537000_4142000_classified_point_cloud.laz","2018_MLBS_3_537000_4142000_image.tif","Tree",1,537000,537999.999,4142000,4142999.999
"5133",5133,537203.5,537213.388,4142597.582,4142606.987,"Silva","NEON_D07_MLBS_DP1_537000_4142000_classified_point_cloud.laz","2018_MLBS_3_537000_4142000_image.tif","Tree",1,537000,537999.999,4142000,4142999.999
"5134",5134,537160.54,537166.993,4142601.516,4142607.091,"Silva","NEON_D07_MLBS_DP1_537000_4142000_classified_point_cloud.laz","2018_MLBS_3_537000_4142000_image.tif","Tree",1,537000,537999.999,4142000,4142999.999
"5135",5135,537173.016,537181.249,4142601.007,4142609.419,"Silva","NEON_D07_MLBS_DP1_537000_4142000_classified_point_cloud.laz","2018_MLBS_3_537000_4142000_image.tif","Tree",1,537000,537999.999,4142000,4142999.999
"5136",5136,537166.12,537172.995,4142600.003,4142609.215,"Silva","NEON_D07_MLBS_DP1_537000_4142000_classified_point_cloud.laz","2018_MLBS_3_537000_4142000_image.tif","Tree",1,537000,537999.999,4142000,4142999.999
"5137",5137,537184.01,537194.476,4142600.604,4142611.989,"Silva","NEON_D07_MLBS_DP1_537000_4142000_classified_point_cloud.laz","2018_MLBS_3_537000_4142000_image.tif","Tree",1,537000,537999.999,4142000,4142999.999
"5138",5138,537196.502,537204.722,4142601.621,4142612.447,"Silva","NEON_D07_MLBS_DP1_537000_4142000_classified_point_cloud.laz","2018_MLBS_3_537000_4142000_image.tif","Tree",1,537000,537999.999,4142000,4142999.999
"5139",5139,537221.516,537228.998,4142604.514,4142611.493,"Silva","NEON_D07_MLBS_DP1_537000_4142000_classified_point_cloud.laz","2018_MLBS_3_537000_4142000_image.tif","Tree",1,537000,537999.999,4142000,4142999.999
"5140",5140,537213.007,537221.984,4142604.591,4142612.758,"Silva","NEON_D07_MLBS_DP1_537000_4142000_classified_point_cloud.laz","2018_MLBS_3_537000_4142000_image.tif","Tree",1,537000,537999.999,4142000,4142999.999
"5141",5141,537129.052,537137.954,4142665.014,4142678.426,"Silva","NEON_D07_MLBS_DP1_537000_4142000_classified_point_cloud.laz","2018_MLBS_3_537000_4142000_image.tif","Tree",1,537000,537999.999,4142000,4142999.999
"5142",5142,537102.008,537113.414,4142667.702,4142677.668,"Silva","NEON_D07_MLBS_DP1_537000_4142000_classified_point_cloud.laz","2018_MLBS_3_537000_4142000_image.tif","Tree",1,537000,537999.999,4142000,4142999.999
"5143",5143,537125.609,537133.606,4142665.02,4142677.419,"Silva","NEON_D07_MLBS_DP1_537000_4142000_classified_point_cloud.laz","2018_MLBS_3_537000_4142000_image.tif","Tree",1,537000,537999.999,4142000,4142999.999
"5144",5144,537155.957,537163.412,4142663.054,4142671.487,"Silva","NEON_D07_MLBS_DP1_537000_4142000_classified_point_cloud.laz","2018_MLBS_3_537000_4142000_image.tif","Tree",1,537000,537999.999,4142000,4142999.999
"5145",5145,537103.706,537115.433,4142664.516,4142671.473,"Silva","NEON_D07_MLBS_DP1_537000_4142000_classified_point_cloud.laz","2018_MLBS_3_537000_4142000_image.tif","Tree",1,537000,537999.999,4142000,4142999.999
"5146",5146,537150.056,537157.488,4142662.038,4142668.959,"Silva","NEON_D07_MLBS_DP1_537000_4142000_classified_point_cloud.laz","2018_MLBS_3_537000_4142000_image.tif","Tree",1,537000,537999.999,4142000,4142999.999
"5147",5147,537124.634,537133.463,4142660.11,4142667.851,"Silva","NEON_D07_MLBS_DP1_537000_4142000_classified_point_cloud.laz","2018_MLBS_3_537000_4142000_image.tif","Tree",1,537000,537999.999,4142000,4142999.999
"5148",5148,537153.016,537161.633,4142659.956,4142665.261,"Silva","NEON_D07_MLBS_DP1_537000_4142000_classified_point_cloud.laz","2018_MLBS_3_537000_4142000_image.tif","Tree",1,537000,537999.999,4142000,4142999.999
"5149",5149,537119.008,537127.409,4142657.268,4142664.862,"Silva","NEON_D07_MLBS_DP1_537000_4142000_classified_point_cloud.laz","2018_MLBS_3_537000_4142000_image.tif","Tree",1,537000,537999.999,4142000,4142999.999
"5150",5150,537105.021,537115.965,4142656.05,4142664.996,"Silva","NEON_D07_MLBS_DP1_537000_4142000_classified_point_cloud.laz","2018_MLBS_3_537000_4142000_image.tif","Tree",1,537000,537999.999,4142000,4142999.999
"5151",5151,537129.61,537137.416,4142652.654,4142665.479,"Silva","NEON_D07_MLBS_DP1_537000_4142000_classified_point_cloud.laz","2018_MLBS_3_537000_4142000_image.tif","Tree",1,537000,537999.999,4142000,4142999.999
"5152",5152,537151.709,537160.495,4142651.196,4142657.952,"Silva","NEON_D07_MLBS_DP1_537000_4142000_classified_point_cloud.laz","2018_MLBS_3_537000_4142000_image.tif","Tree",1,537000,537999.999,4142000,4142999.999
"5153",5153,537138.102,537148.481,4142651.508,4142658.971,"Silva","NEON_D07_MLBS_DP1_537000_4142000_classified_point_cloud.laz","2018_MLBS_3_537000_4142000_image.tif","Tree",1,537000,537999.999,4142000,4142999.999
"5154",5154,537123.587,537133.381,4142649.124,4142659.984,"Silva","NEON_D07_MLBS_DP1_537000_4142000_classified_point_cloud.laz","2018_MLBS_3_537000_4142000_image.tif","Tree",1,537000,537999.999,4142000,4142999.999
"5155",5155,537110.545,537119.979,4142653.223,4142661.244,"Silva","NEON_D07_MLBS_DP1_537000_4142000_classified_point_cloud.laz","2018_MLBS_3_537000_4142000_image.tif","Tree",1,537000,537999.999,4142000,4142999.999
"5156",5156,537154.663,537163.496,4142645.936,4142652.999,"Silva","NEON_D07_MLBS_DP1_537000_4142000_classified_point_cloud.laz","2018_MLBS_3_537000_4142000_image.tif","Tree",1,537000,537999.999,4142000,4142999.999
"5157",5157,537136.572,537145.496,4142642.088,4142651.488,"Silva","NEON_D07_MLBS_DP1_537000_4142000_classified_point_cloud.laz","2018_MLBS_3_537000_4142000_image.tif","Tree",1,537000,537999.999,4142000,4142999.999
"5158",5158,537143.018,537147.966,4142642.043,4142651.995,"Silva","NEON_D07_MLBS_DP1_537000_4142000_classified_point_cloud.laz","2018_MLBS_3_537000_4142000_image.tif","Tree",1,537000,537999.999,4142000,4142999.999
"5159",5159,537111.046,537117.494,4142643.615,4142649.938,"Silva","NEON_D07_MLBS_DP1_537000_4142000_classified_point_cloud.laz","2018_MLBS_3_537000_4142000_image.tif","Tree",1,537000,537999.999,4142000,4142999.999
"5160",5160,537128.562,537137.465,4142640.123,4142651.409,"Silva","NEON_D07_MLBS_DP1_537000_4142000_classified_point_cloud.laz","2018_MLBS_3_537000_4142000_image.tif","Tree",1,537000,537999.999,4142000,4142999.999
"5161",5161,537151.617,537158.348,4142642.51,4142648.639,"Silva","NEON_D07_MLBS_DP1_537000_4142000_classified_point_cloud.laz","2018_MLBS_3_537000_4142000_image.tif","Tree",1,537000,537999.999,4142000,4142999.999
"5162",5162,537144.743,537151.983,4142639.03,4142645.415,"Silva","NEON_D07_MLBS_DP1_537000_4142000_classified_point_cloud.laz","2018_MLBS_3_537000_4142000_image.tif","Tree",1,537000,537999.999,4142000,4142999.999
"5163",5163,537132.043,537141.383,4142638.557,4142647.989,"Silva","NEON_D07_MLBS_DP1_537000_4142000_classified_point_cloud.laz","2018_MLBS_3_537000_4142000_image.tif","Tree",1,537000,537999.999,4142000,4142999.999
"5164",5164,537122.643,537131.998,4142637.067,4142648.978,"Silva","NEON_D07_MLBS_DP1_537000_4142000_classified_point_cloud.laz","2018_MLBS_3_537000_4142000_image.tif","Tree",1,537000,537999.999,4142000,4142999.999
"5165",5165,537110.509,537117.844,4142638.061,4142644.954,"Silva","NEON_D07_MLBS_DP1_537000_4142000_classified_point_cloud.laz","2018_MLBS_3_537000_4142000_image.tif","Tree",1,537000,537999.999,4142000,4142999.999
"5166",5166,537154.501,537159.195,4142637.077,4142643.334,"Silva","NEON_D07_MLBS_DP1_537000_4142000_classified_point_cloud.laz","2018_MLBS_3_537000_4142000_image.tif","Tree",1,537000,537999.999,4142000,4142999.999
"5167",5167,537149.058,537154.495,4142636.019,4142643.388,"Silva","NEON_D07_MLBS_DP1_537000_4142000_classified_point_cloud.laz","2018_MLBS_3_537000_4142000_image.tif","Tree",1,537000,537999.999,4142000,4142999.999
"5168",5168,537115.56,537123.19,4142636.057,4142642.964,"Silva","NEON_D07_MLBS_DP1_537000_4142000_classified_point_cloud.laz","2018_MLBS_3_537000_4142000_image.tif","Tree",1,537000,537999.999,4142000,4142999.999
"5169",5169,537120.057,537131.496,4142630.108,4142640.498,"Silva","NEON_D07_MLBS_DP1_537000_4142000_classified_point_cloud.laz","2018_MLBS_3_537000_4142000_image.tif","Tree",1,537000,537999.999,4142000,4142999.999
"5170",5170,537106.503,537113.469,4142630.512,4142640.961,"Silva","NEON_D07_MLBS_DP1_537000_4142000_classified_point_cloud.laz","2018_MLBS_3_537000_4142000_image.tif","Tree",1,537000,537999.999,4142000,4142999.999
"5171",5171,537141.041,537149.43,4142634.001,4142641.958,"Silva","NEON_D07_MLBS_DP1_537000_4142000_classified_point_cloud.laz","2018_MLBS_3_537000_4142000_image.tif","Tree",1,537000,537999.999,4142000,4142999.999
"5172",5172,537111.035,537120.46,4142630.013,4142638.211,"Silva","NEON_D07_MLBS_DP1_537000_4142000_classified_point_cloud.laz","2018_MLBS_3_537000_4142000_image.tif","Tree",1,537000,537999.999,4142000,4142999.999
"5173",5173,537153.009,537162.481,4142628.329,4142637.929,"Silva","NEON_D07_MLBS_DP1_537000_4142000_classified_point_cloud.laz","2018_MLBS_3_537000_4142000_image.tif","Tree",1,537000,537999.999,4142000,4142999.999
"5174",5174,537146.502,537154.495,4142629.598,4142636.977,"Silva","NEON_D07_MLBS_DP1_537000_4142000_classified_point_cloud.laz","2018_MLBS_3_537000_4142000_image.tif","Tree",1,537000,537999.999,4142000,4142999.999
"5175",5175,537139.01,537146.974,4142627.788,4142633.882,"Silva","NEON_D07_MLBS_DP1_537000_4142000_classified_point_cloud.laz","2018_MLBS_3_537000_4142000_image.tif","Tree",1,537000,537999.999,4142000,4142999.999
"5176",5176,537111.548,537123.774,4142624.006,4142632.9,"Silva","NEON_D07_MLBS_DP1_537000_4142000_classified_point_cloud.laz","2018_MLBS_3_537000_4142000_image.tif","Tree",1,537000,537999.999,4142000,4142999.999
"5177",5177,537145.014,537153.449,4142623.521,4142630.209,"Silva","NEON_D07_MLBS_DP1_537000_4142000_classified_point_cloud.laz","2018_MLBS_3_537000_4142000_image.tif","Tree",1,537000,537999.999,4142000,4142999.999
"5178",5178,537133.709,537144.986,4142623.08,4142631.956,"Silva","NEON_D07_MLBS_DP1_537000_4142000_classified_point_cloud.laz","2018_MLBS_3_537000_4142000_image.tif","Tree",1,537000,537999.999,4142000,4142999.999
"5179",5179,537121.035,537133.931,4142617.519,4142631.935,"Silva","NEON_D07_MLBS_DP1_537000_4142000_classified_point_cloud.laz","2018_MLBS_3_537000_4142000_image.tif","Tree",1,537000,537999.999,4142000,4142999.999
"5180",5180,537150.255,537159.975,4142616.017,4142629.495,"Silva","NEON_D07_MLBS_DP1_537000_4142000_classified_point_cloud.laz","2018_MLBS_3_537000_4142000_image.tif","Tree",1,537000,537999.999,4142000,4142999.999
"5181",5181,537140.529,537148.972,4142617.05,4142626.858,"Silva","NEON_D07_MLBS_DP1_537000_4142000_classified_point_cloud.laz","2018_MLBS_3_537000_4142000_image.tif","Tree",1,537000,537999.999,4142000,4142999.999
"5182",5182,537130.712,537140.986,4142615.257,4142628.98,"Silva","NEON_D07_MLBS_DP1_537000_4142000_classified_point_cloud.laz","2018_MLBS_3_537000_4142000_image.tif","Tree",1,537000,537999.999,4142000,4142999.999
"5183",5183,537110.034,537121.497,4142614.631,4142625.805,"Silva","NEON_D07_MLBS_DP1_537000_4142000_classified_point_cloud.laz","2018_MLBS_3_537000_4142000_image.tif","Tree",1,537000,537999.999,4142000,4142999.999
"5184",5184,537142.541,537156.558,4142611.562,4142623.494,"Silva","NEON_D07_MLBS_DP1_537000_4142000_classified_point_cloud.laz","2018_MLBS_3_537000_4142000_image.tif","Tree",1,537000,537999.999,4142000,4142999.999
"5185",5185,537129.034,537135.982,4142604.748,4142617.492,"Silva","NEON_D07_MLBS_DP1_537000_4142000_classified_point_cloud.laz","2018_MLBS_3_537000_4142000_image.tif","Tree",1,537000,537999.999,4142000,4142999.999
"5186",5186,537123.779,537129.472,4142608.198,4142617.44,"Silva","NEON_D07_MLBS_DP1_537000_4142000_classified_point_cloud.laz","2018_MLBS_3_537000_4142000_image.tif","Tree",1,537000,537999.999,4142000,4142999.999
"5187",5187,537114.01,537123.966,4142607.742,4142615.431,"Silva","NEON_D07_MLBS_DP1_537000_4142000_classified_point_cloud.laz","2018_MLBS_3_537000_4142000_image.tif","Tree",1,537000,537999.999,4142000,4142999.999
"5188",5188,537116.042,537127.937,4142612.512,4142621.944,"Silva","NEON_D07_MLBS_DP1_537000_4142000_classified_point_cloud.laz","2018_MLBS_3_537000_4142000_image.tif","Tree",1,537000,537999.999,4142000,4142999.999
"5189",5189,537180.067,537188.466,4142668.35,4142677.89,"Silva","NEON_D07_MLBS_DP1_537000_4142000_classified_point_cloud.laz","2018_MLBS_3_537000_4142000_image.tif","Tree",1,537000,537999.999,4142000,4142999.999
"5190",5190,537195.337,537202.391,4142669.776,4142676.086,"Silva","NEON_D07_MLBS_DP1_537000_4142000_classified_point_cloud.laz","2018_MLBS_3_537000_4142000_image.tif","Tree",1,537000,537999.999,4142000,4142999.999
"5191",5191,537175.041,537182.944,4142667.516,4142675.957,"Silva","NEON_D07_MLBS_DP1_537000_4142000_classified_point_cloud.laz","2018_MLBS_3_537000_4142000_image.tif","Tree",1,537000,537999.999,4142000,4142999.999
"5192",5192,537199.015,537205.486,4142666.068,4142674.437,"Silva","NEON_D07_MLBS_DP1_537000_4142000_classified_point_cloud.laz","2018_MLBS_3_537000_4142000_image.tif","Tree",1,537000,537999.999,4142000,4142999.999
"5193",5193,537205.044,537214.935,4142666.159,4142672.987,"Silva","NEON_D07_MLBS_DP1_537000_4142000_classified_point_cloud.laz","2018_MLBS_3_537000_4142000_image.tif","Tree",1,537000,537999.999,4142000,4142999.999
"5194",5194,537160.023,537168.498,4142667.172,4142672.982,"Silva","NEON_D07_MLBS_DP1_537000_4142000_classified_point_cloud.laz","2018_MLBS_3_537000_4142000_image.tif","Tree",1,537000,537999.999,4142000,4142999.999
"5195",5195,537213.022,537225.454,4142662.001,4142670.473,"Silva","NEON_D07_MLBS_DP1_537000_4142000_classified_point_cloud.laz","2018_MLBS_3_537000_4142000_image.tif","Tree",1,537000,537999.999,4142000,4142999.999
"5196",5196,537205.131,537213.479,4142657.603,4142666.486,"Silva","NEON_D07_MLBS_DP1_537000_4142000_classified_point_cloud.laz","2018_MLBS_3_537000_4142000_image.tif","Tree",1,537000,537999.999,4142000,4142999.999
"5197",5197,537198.546,537205.971,4142658.567,4142665.492,"Silva","NEON_D07_MLBS_DP1_537000_4142000_classified_point_cloud.laz","2018_MLBS_3_537000_4142000_image.tif","Tree",1,537000,537999.999,4142000,4142999.999
"5198",5198,537212.054,537224.495,4142656.565,4142662.46,"Silva","NEON_D07_MLBS_DP1_537000_4142000_classified_point_cloud.laz","2018_MLBS_3_537000_4142000_image.tif","Tree",1,537000,537999.999,4142000,4142999.999
"5199",5199,537213.111,537226.436,4142654.008,4142659.739,"Silva","NEON_D07_MLBS_DP1_537000_4142000_classified_point_cloud.laz","2018_MLBS_3_537000_4142000_image.tif","Tree",1,537000,537999.999,4142000,4142999.999
"5200",5200,537169.014,537181.437,4142651.593,4142661.492,"Silva","NEON_D07_MLBS_DP1_537000_4142000_classified_point_cloud.laz","2018_MLBS_3_537000_4142000_image.tif","Tree",1,537000,537999.999,4142000,4142999.999
"5201",5201,537160.024,537168.434,4142652.202,4142661.48,"Silva","NEON_D07_MLBS_DP1_537000_4142000_classified_point_cloud.laz","2018_MLBS_3_537000_4142000_image.tif","Tree",1,537000,537999.999,4142000,4142999.999
"5202",5202,537182.559,537191.495,4142653.019,4142658.988,"Silva","NEON_D07_MLBS_DP1_537000_4142000_classified_point_cloud.laz","2018_MLBS_3_537000_4142000_image.tif","Tree",1,537000,537999.999,4142000,4142999.999
"5203",5203,537191.547,537195.999,4142649.517,4142657.468,"Silva","NEON_D07_MLBS_DP1_537000_4142000_classified_point_cloud.laz","2018_MLBS_3_537000_4142000_image.tif","Tree",1,537000,537999.999,4142000,4142999.999
"5204",5204,537212.002,537218.399,4142644.524,4142656.47,"Silva","NEON_D07_MLBS_DP1_537000_4142000_classified_point_cloud.laz","2018_MLBS_3_537000_4142000_image.tif","Tree",1,537000,537999.999,4142000,4142999.999
"5205",5205,537204.061,537212.468,4142643.362,4142655.73,"Silva","NEON_D07_MLBS_DP1_537000_4142000_classified_point_cloud.laz","2018_MLBS_3_537000_4142000_image.tif","Tree",1,537000,537999.999,4142000,4142999.999
"5206",5206,537182.014,537188.998,4142644.544,4142653.733,"Silva","NEON_D07_MLBS_DP1_537000_4142000_classified_point_cloud.laz","2018_MLBS_3_537000_4142000_image.tif","Tree",1,537000,537999.999,4142000,4142999.999
"5207",5207,537165.525,537173.464,4142644.036,4142652.49,"Silva","NEON_D07_MLBS_DP1_537000_4142000_classified_point_cloud.laz","2018_MLBS_3_537000_4142000_image.tif","Tree",1,537000,537999.999,4142000,4142999.999
"5208",5208,537173.528,537181.445,4142642.034,4142652.372,"Silva","NEON_D07_MLBS_DP1_537000_4142000_classified_point_cloud.laz","2018_MLBS_3_537000_4142000_image.tif","Tree",1,537000,537999.999,4142000,4142999.999
"5209",5209,537161.1,537168.452,4142641.589,4142649.405,"Silva","NEON_D07_MLBS_DP1_537000_4142000_classified_point_cloud.laz","2018_MLBS_3_537000_4142000_image.tif","Tree",1,537000,537999.999,4142000,4142999.999
"5210",5210,537188.544,537197.972,4142641.672,4142649.286,"Silva","NEON_D07_MLBS_DP1_537000_4142000_classified_point_cloud.laz","2018_MLBS_3_537000_4142000_image.tif","Tree",1,537000,537999.999,4142000,4142999.999
"5211",5211,537169.547,537178.997,4142639.157,4142648.851,"Silva","NEON_D07_MLBS_DP1_537000_4142000_classified_point_cloud.laz","2018_MLBS_3_537000_4142000_image.tif","Tree",1,537000,537999.999,4142000,4142999.999
"5212",5212,537158.044,537164.975,4142637.026,4142645.959,"Silva","NEON_D07_MLBS_DP1_537000_4142000_classified_point_cloud.laz","2018_MLBS_3_537000_4142000_image.tif","Tree",1,537000,537999.999,4142000,4142999.999
"5213",5213,537179.505,537188.985,4142637.036,4142644.981,"Silva","NEON_D07_MLBS_DP1_537000_4142000_classified_point_cloud.laz","2018_MLBS_3_537000_4142000_image.tif","Tree",1,537000,537999.999,4142000,4142999.999
"5214",5214,537164.01,537174.457,4142636.169,4142643.833,"Silva","NEON_D07_MLBS_DP1_537000_4142000_classified_point_cloud.laz","2018_MLBS_3_537000_4142000_image.tif","Tree",1,537000,537999.999,4142000,4142999.999
"5215",5215,537195,537203.433,4142633.141,4142642.261,"Silva","NEON_D07_MLBS_DP1_537000_4142000_classified_point_cloud.laz","2018_MLBS_3_537000_4142000_image.tif","Tree",1,537000,537999.999,4142000,4142999.999
"5216",5216,537188.079,537194.948,4142634.543,4142643.302,"Silva","NEON_D07_MLBS_DP1_537000_4142000_classified_point_cloud.laz","2018_MLBS_3_537000_4142000_image.tif","Tree",1,537000,537999.999,4142000,4142999.999
"5217",5217,537210.035,537217.485,4142633.888,4142644.497,"Silva","NEON_D07_MLBS_DP1_537000_4142000_classified_point_cloud.laz","2018_MLBS_3_537000_4142000_image.tif","Tree",1,537000,537999.999,4142000,4142999.999
"5218",5218,537190.017,537199.876,4142632.529,4142638.469,"Silva","NEON_D07_MLBS_DP1_537000_4142000_classified_point_cloud.laz","2018_MLBS_3_537000_4142000_image.tif","Tree",1,537000,537999.999,4142000,4142999.999
"5219",5219,537215.034,537222.457,4142629.026,4142636.49,"Silva","NEON_D07_MLBS_DP1_537000_4142000_classified_point_cloud.laz","2018_MLBS_3_537000_4142000_image.tif","Tree",1,537000,537999.999,4142000,4142999.999
"5220",5220,537202.062,537212.911,4142630.523,4142642.941,"Silva","NEON_D07_MLBS_DP1_537000_4142000_classified_point_cloud.laz","2018_MLBS_3_537000_4142000_image.tif","Tree",1,537000,537999.999,4142000,4142999.999
"5221",5221,537162.011,537172.443,4142632.52,4142638.425,"Silva","NEON_D07_MLBS_DP1_537000_4142000_classified_point_cloud.laz","2018_MLBS_3_537000_4142000_image.tif","Tree",1,537000,537999.999,4142000,4142999.999
"5222",5222,537172.503,537180.999,4142629.536,4142639.977,"Silva","NEON_D07_MLBS_DP1_537000_4142000_classified_point_cloud.laz","2018_MLBS_3_537000_4142000_image.tif","Tree",1,537000,537999.999,4142000,4142999.999
"5223",5223,537181.004,537189.963,4142629.517,4142636.981,"Silva","NEON_D07_MLBS_DP1_537000_4142000_classified_point_cloud.laz","2018_MLBS_3_537000_4142000_image.tif","Tree",1,537000,537999.999,4142000,4142999.999
"5224",5224,537159.523,537167.489,4142627.17,4142634.764,"Silva","NEON_D07_MLBS_DP1_537000_4142000_classified_point_cloud.laz","2018_MLBS_3_537000_4142000_image.tif","Tree",1,537000,537999.999,4142000,4142999.999
"5225",5225,537167.504,537174.488,4142628.008,4142634.965,"Silva","NEON_D07_MLBS_DP1_537000_4142000_classified_point_cloud.laz","2018_MLBS_3_537000_4142000_image.tif","Tree",1,537000,537999.999,4142000,4142999.999
"5226",5226,537189.047,537198.918,4142626.074,4142633.389,"Silva","NEON_D07_MLBS_DP1_537000_4142000_classified_point_cloud.laz","2018_MLBS_3_537000_4142000_image.tif","Tree",1,537000,537999.999,4142000,4142999.999
"5227",5227,537217.656,537226.997,4142624.024,4142631.752,"Silva","NEON_D07_MLBS_DP1_537000_4142000_classified_point_cloud.laz","2018_MLBS_3_537000_4142000_image.tif","Tree",1,537000,537999.999,4142000,4142999.999
"5228",5228,537206.001,537217.384,4142625.034,4142633.422,"Silva","NEON_D07_MLBS_DP1_537000_4142000_classified_point_cloud.laz","2018_MLBS_3_537000_4142000_image.tif","Tree",1,537000,537999.999,4142000,4142999.999
"5229",5229,537199.019,537206.991,4142622.588,4142633.48,"Silva","NEON_D07_MLBS_DP1_537000_4142000_classified_point_cloud.laz","2018_MLBS_3_537000_4142000_image.tif","Tree",1,537000,537999.999,4142000,4142999.999
"5230",5230,537191.017,537198.996,4142623.09,4142630.771,"Silva","NEON_D07_MLBS_DP1_537000_4142000_classified_point_cloud.laz","2018_MLBS_3_537000_4142000_image.tif","Tree",1,537000,537999.999,4142000,4142999.999
"5231",5231,537169.52,537176.446,4142625.009,4142630.976,"Silva","NEON_D07_MLBS_DP1_537000_4142000_classified_point_cloud.laz","2018_MLBS_3_537000_4142000_image.tif","Tree",1,537000,537999.999,4142000,4142999.999
"5232",5232,537181.55,537190.987,4142624.503,4142630.91,"Silva","NEON_D07_MLBS_DP1_537000_4142000_classified_point_cloud.laz","2018_MLBS_3_537000_4142000_image.tif","Tree",1,537000,537999.999,4142000,4142999.999
"5233",5233,537162.072,537169.491,4142622.562,4142628.959,"Silva","NEON_D07_MLBS_DP1_537000_4142000_classified_point_cloud.laz","2018_MLBS_3_537000_4142000_image.tif","Tree",1,537000,537999.999,4142000,4142999.999
"5234",5234,537175.006,537182.488,4142619.029,4142629.356,"Silva","NEON_D07_MLBS_DP1_537000_4142000_classified_point_cloud.laz","2018_MLBS_3_537000_4142000_image.tif","Tree",1,537000,537999.999,4142000,4142999.999
"5235",5235,537168.004,537175.983,4142618.521,4142625.494,"Silva","NEON_D07_MLBS_DP1_537000_4142000_classified_point_cloud.laz","2018_MLBS_3_537000_4142000_image.tif","Tree",1,537000,537999.999,4142000,4142999.999
"5236",5236,537205.512,537217.978,4142618.026,4142626,"Silva","NEON_D07_MLBS_DP1_537000_4142000_classified_point_cloud.laz","2018_MLBS_3_537000_4142000_image.tif","Tree",1,537000,537999.999,4142000,4142999.999
"5237",5237,537158.002,537167.929,4142616.502,4142627.477,"Silva","NEON_D07_MLBS_DP1_537000_4142000_classified_point_cloud.laz","2018_MLBS_3_537000_4142000_image.tif","Tree",1,537000,537999.999,4142000,4142999.999
"5238",5238,537181.509,537190.964,4142619.53,4142624.987,"Silva","NEON_D07_MLBS_DP1_537000_4142000_classified_point_cloud.laz","2018_MLBS_3_537000_4142000_image.tif","Tree",1,537000,537999.999,4142000,4142999.999
"5239",5239,537194.079,537201.885,4142617.081,4142624.466,"Silva","NEON_D07_MLBS_DP1_537000_4142000_classified_point_cloud.laz","2018_MLBS_3_537000_4142000_image.tif","Tree",1,537000,537999.999,4142000,4142999.999
"5240",5240,537186.081,537191.476,4142613.108,4142621.986,"Silva","NEON_D07_MLBS_DP1_537000_4142000_classified_point_cloud.laz","2018_MLBS_3_537000_4142000_image.tif","Tree",1,537000,537999.999,4142000,4142999.999
"5241",5241,537202.507,537208.994,4142612.505,4142622.985,"Silva","NEON_D07_MLBS_DP1_537000_4142000_classified_point_cloud.laz","2018_MLBS_3_537000_4142000_image.tif","Tree",1,537000,537999.999,4142000,4142999.999
"5242",5242,537196.515,537202.98,4142612.568,4142622.473,"Silva","NEON_D07_MLBS_DP1_537000_4142000_classified_point_cloud.laz","2018_MLBS_3_537000_4142000_image.tif","Tree",1,537000,537999.999,4142000,4142999.999
"5243",5243,537215.507,537223.931,4142612.62,4142623.697,"Silva","NEON_D07_MLBS_DP1_537000_4142000_classified_point_cloud.laz","2018_MLBS_3_537000_4142000_image.tif","Tree",1,537000,537999.999,4142000,4142999.999
"5244",5244,537180.118,537189.387,4142610.515,4142619.978,"Silva","NEON_D07_MLBS_DP1_537000_4142000_classified_point_cloud.laz","2018_MLBS_3_537000_4142000_image.tif","Tree",1,537000,537999.999,4142000,4142999.999
"5245",5245,537189.504,537197.934,4142605.594,4142614.746,"Silva","NEON_D07_MLBS_DP1_537000_4142000_classified_point_cloud.laz","2018_MLBS_3_537000_4142000_image.tif","Tree",1,537000,537999.999,4142000,4142999.999
"5246",5246,537155.027,537168.808,4142606.523,4142616.467,"Silva","NEON_D07_MLBS_DP1_537000_4142000_classified_point_cloud.laz","2018_MLBS_3_537000_4142000_image.tif","Tree",1,537000,537999.999,4142000,4142999.999
"5247",5247,537176.512,537183.943,4142608.562,4142618.836,"Silva","NEON_D07_MLBS_DP1_537000_4142000_classified_point_cloud.laz","2018_MLBS_3_537000_4142000_image.tif","Tree",1,537000,537999.999,4142000,4142999.999
"5248",5248,537207.387,537213.996,4142609.044,4142618.395,"Silva","NEON_D07_MLBS_DP1_537000_4142000_classified_point_cloud.laz","2018_MLBS_3_537000_4142000_image.tif","Tree",1,537000,537999.999,4142000,4142999.999
"5249",5249,537163.109,537172.463,4142609.643,4142619.634,"Silva","NEON_D07_MLBS_DP1_537000_4142000_classified_point_cloud.laz","2018_MLBS_3_537000_4142000_image.tif","Tree",1,537000,537999.999,4142000,4142999.999
"5250",5250,537349.501,537354.911,4142537.074,4142550.429,"Silva","NEON_D07_MLBS_DP1_537000_4142000_classified_point_cloud.laz","2018_MLBS_3_537000_4142000_image.tif","Tree",1,537000,537999.999,4142000,4142999.999
"5251",5251,537342.511,537349.498,4142537.525,4142551.494,"Silva","NEON_D07_MLBS_DP1_537000_4142000_classified_point_cloud.laz","2018_MLBS_3_537000_4142000_image.tif","Tree",1,537000,537999.999,4142000,4142999.999
"5252",5252,537318.122,537330.435,4142538.551,4142548.973,"Silva","NEON_D07_MLBS_DP1_537000_4142000_classified_point_cloud.laz","2018_MLBS_3_537000_4142000_image.tif","Tree",1,537000,537999.999,4142000,4142999.999
"5253",5253,537317.559,537330.344,4142546.001,4142554.922,"Silva","NEON_D07_MLBS_DP1_537000_4142000_classified_point_cloud.laz","2018_MLBS_3_537000_4142000_image.tif","Tree",1,537000,537999.999,4142000,4142999.999
"5254",5254,537351.002,537359.437,4142545.518,4142553.988,"Silva","NEON_D07_MLBS_DP1_537000_4142000_classified_point_cloud.laz","2018_MLBS_3_537000_4142000_image.tif","Tree",1,537000,537999.999,4142000,4142999.999
"5255",5255,537270.057,537276.958,4142540.796,4142548.447,"Silva","NEON_D07_MLBS_DP1_537000_4142000_classified_point_cloud.laz","2018_MLBS_3_537000_4142000_image.tif","Tree",1,537000,537999.999,4142000,4142999.999
"5256",5256,537276.032,537282.935,4142546.327,4142558.249,"Silva","NEON_D07_MLBS_DP1_537000_4142000_classified_point_cloud.laz","2018_MLBS_3_537000_4142000_image.tif","Tree",1,537000,537999.999,4142000,4142999.999
"5257",5257,537220.506,537230.43,4142547.249,4142556,"Silva","NEON_D07_MLBS_DP1_537000_4142000_classified_point_cloud.laz","2018_MLBS_3_537000_4142000_image.tif","Tree",1,537000,537999.999,4142000,4142999.999
"5258",5258,537288.506,537295.458,4142550.667,4142558.976,"Silva","NEON_D07_MLBS_DP1_537000_4142000_classified_point_cloud.laz","2018_MLBS_3_537000_4142000_image.tif","Tree",1,537000,537999.999,4142000,4142999.999
"5259",5259,537259.006,537268.998,4142546.561,4142558.495,"Silva","NEON_D07_MLBS_DP1_537000_4142000_classified_point_cloud.laz","2018_MLBS_3_537000_4142000_image.tif","Tree",1,537000,537999.999,4142000,4142999.999
"5260",5260,537248.653,537258.998,4142548.025,4142560.379,"Silva","NEON_D07_MLBS_DP1_537000_4142000_classified_point_cloud.laz","2018_MLBS_3_537000_4142000_image.tif","Tree",1,537000,537999.999,4142000,4142999.999
"5261",5261,537268.501,537279.955,4142553.168,4142559.948,"Silva","NEON_D07_MLBS_DP1_537000_4142000_classified_point_cloud.laz","2018_MLBS_3_537000_4142000_image.tif","Tree",1,537000,537999.999,4142000,4142999.999
"5262",5262,537243.134,537252.495,4142550.697,4142561.795,"Silva","NEON_D07_MLBS_DP1_537000_4142000_classified_point_cloud.laz","2018_MLBS_3_537000_4142000_image.tif","Tree",1,537000,537999.999,4142000,4142999.999
"5263",5263,537253.505,537261.981,4142552.539,4142561.916,"Silva","NEON_D07_MLBS_DP1_537000_4142000_classified_point_cloud.laz","2018_MLBS_3_537000_4142000_image.tif","Tree",1,537000,537999.999,4142000,4142999.999
"5264",5264,537222.023,537233.921,4142555.344,4142559.495,"Silva","NEON_D07_MLBS_DP1_537000_4142000_classified_point_cloud.laz","2018_MLBS_3_537000_4142000_image.tif","Tree",1,537000,537999.999,4142000,4142999.999
"5265",5265,537223.033,537229.91,4142559.066,4142563.913,"Silva","NEON_D07_MLBS_DP1_537000_4142000_classified_point_cloud.laz","2018_MLBS_3_537000_4142000_image.tif","Tree",1,537000,537999.999,4142000,4142999.999
"5266",5266,537261.156,537267.998,4142558.022,4142565.479,"Silva","NEON_D07_MLBS_DP1_537000_4142000_classified_point_cloud.laz","2018_MLBS_3_537000_4142000_image.tif","Tree",1,537000,537999.999,4142000,4142999.999
"5267",5267,537243.51,537253.943,4142560.009,4142568.989,"Silva","NEON_D07_MLBS_DP1_537000_4142000_classified_point_cloud.laz","2018_MLBS_3_537000_4142000_image.tif","Tree",1,537000,537999.999,4142000,4142999.999
"5268",5268,537271.538,537279.919,4142559.51,4142566.999,"Silva","NEON_D07_MLBS_DP1_537000_4142000_classified_point_cloud.laz","2018_MLBS_3_537000_4142000_image.tif","Tree",1,537000,537999.999,4142000,4142999.999
"5269",5269,537254.048,537262.88,4142561.098,4142568.468,"Silva","NEON_D07_MLBS_DP1_537000_4142000_classified_point_cloud.laz","2018_MLBS_3_537000_4142000_image.tif","Tree",1,537000,537999.999,4142000,4142999.999
"5270",5270,537235.516,537243.965,4142559.503,4142569.962,"Silva","NEON_D07_MLBS_DP1_537000_4142000_classified_point_cloud.laz","2018_MLBS_3_537000_4142000_image.tif","Tree",1,537000,537999.999,4142000,4142999.999
"5271",5271,537231.526,537238.391,4142562.522,4142570.99,"Silva","NEON_D07_MLBS_DP1_537000_4142000_classified_point_cloud.laz","2018_MLBS_3_537000_4142000_image.tif","Tree",1,537000,537999.999,4142000,4142999.999
"5272",5272,537283.185,537293.998,4142565.079,4142570.862,"Silva","NEON_D07_MLBS_DP1_537000_4142000_classified_point_cloud.laz","2018_MLBS_3_537000_4142000_image.tif","Tree",1,537000,537999.999,4142000,4142999.999
"5273",5273,537257.02,537263.946,4142566.551,4142574.461,"Silva","NEON_D07_MLBS_DP1_537000_4142000_classified_point_cloud.laz","2018_MLBS_3_537000_4142000_image.tif","Tree",1,537000,537999.999,4142000,4142999.999
"5274",5274,537284.066,537295.334,4142570.01,4142579.316,"Silva","NEON_D07_MLBS_DP1_537000_4142000_classified_point_cloud.laz","2018_MLBS_3_537000_4142000_image.tif","Tree",1,537000,537999.999,4142000,4142999.999
"5275",5275,537223.581,537230.998,4142570.727,4142578.427,"Silva","NEON_D07_MLBS_DP1_537000_4142000_classified_point_cloud.laz","2018_MLBS_3_537000_4142000_image.tif","Tree",1,537000,537999.999,4142000,4142999.999
"5276",5276,537243.003,537248.491,4142567.61,4142575.227,"Silva","NEON_D07_MLBS_DP1_537000_4142000_classified_point_cloud.laz","2018_MLBS_3_537000_4142000_image.tif","Tree",1,537000,537999.999,4142000,4142999.999
"5277",5277,537237.02,537242.996,4142568.611,4142579.288,"Silva","NEON_D07_MLBS_DP1_537000_4142000_classified_point_cloud.laz","2018_MLBS_3_537000_4142000_image.tif","Tree",1,537000,537999.999,4142000,4142999.999
"5278",5278,537230.565,537236.985,4142569.639,4142575.858,"Silva","NEON_D07_MLBS_DP1_537000_4142000_classified_point_cloud.laz","2018_MLBS_3_537000_4142000_image.tif","Tree",1,537000,537999.999,4142000,4142999.999
"5279",5279,537248.018,537254.466,4142570.122,4142576.452,"Silva","NEON_D07_MLBS_DP1_537000_4142000_classified_point_cloud.laz","2018_MLBS_3_537000_4142000_image.tif","Tree",1,537000,537999.999,4142000,4142999.999
"5280",5280,537254.528,537264.481,4142571.241,4142577.478,"Silva","NEON_D07_MLBS_DP1_537000_4142000_classified_point_cloud.laz","2018_MLBS_3_537000_4142000_image.tif","Tree",1,537000,537999.999,4142000,4142999.999
"5281",5281,537276.507,537287.992,4142569.59,4142580.476,"Silva","NEON_D07_MLBS_DP1_537000_4142000_classified_point_cloud.laz","2018_MLBS_3_537000_4142000_image.tif","Tree",1,537000,537999.999,4142000,4142999.999
"5282",5282,537241.023,537249.168,4142574.572,4142582.995,"Silva","NEON_D07_MLBS_DP1_537000_4142000_classified_point_cloud.laz","2018_MLBS_3_537000_4142000_image.tif","Tree",1,537000,537999.999,4142000,4142999.999
"5283",5283,537228.506,537240.477,4142575.102,4142583.391,"Silva","NEON_D07_MLBS_DP1_537000_4142000_classified_point_cloud.laz","2018_MLBS_3_537000_4142000_image.tif","Tree",1,537000,537999.999,4142000,4142999.999
"5284",5284,537256.122,537262.968,4142577.001,4142583.836,"Silva","NEON_D07_MLBS_DP1_537000_4142000_classified_point_cloud.laz","2018_MLBS_3_537000_4142000_image.tif","Tree",1,537000,537999.999,4142000,4142999.999
"5285",5285,537263.011,537271.496,4142575.513,4142584.981,"Silva","NEON_D07_MLBS_DP1_537000_4142000_classified_point_cloud.laz","2018_MLBS_3_537000_4142000_image.tif","Tree",1,537000,537999.999,4142000,4142999.999
"5286",5286,537258.053,537263.493,4142578.008,4142584.481,"Silva","NEON_D07_MLBS_DP1_537000_4142000_classified_point_cloud.laz","2018_MLBS_3_537000_4142000_image.tif","Tree",1,537000,537999.999,4142000,4142999.999
"5287",5287,537285.546,537293.441,4142579.521,4142588.477,"Silva","NEON_D07_MLBS_DP1_537000_4142000_classified_point_cloud.laz","2018_MLBS_3_537000_4142000_image.tif","Tree",1,537000,537999.999,4142000,4142999.999
"5288",5288,537264.507,537273.976,4142579.044,4142588.973,"Silva","NEON_D07_MLBS_DP1_537000_4142000_classified_point_cloud.laz","2018_MLBS_3_537000_4142000_image.tif","Tree",1,537000,537999.999,4142000,4142999.999
"5289",5289,537231.006,537242.945,4142579.609,4142587.482,"Silva","NEON_D07_MLBS_DP1_537000_4142000_classified_point_cloud.laz","2018_MLBS_3_537000_4142000_image.tif","Tree",1,537000,537999.999,4142000,4142999.999
"5290",5290,537258.516,537265.284,4142584.505,4142590.945,"Silva","NEON_D07_MLBS_DP1_537000_4142000_classified_point_cloud.laz","2018_MLBS_3_537000_4142000_image.tif","Tree",1,537000,537999.999,4142000,4142999.999
"5291",5291,537247.01,537253.951,4142583.104,4142592.962,"Silva","NEON_D07_MLBS_DP1_537000_4142000_classified_point_cloud.laz","2018_MLBS_3_537000_4142000_image.tif","Tree",1,537000,537999.999,4142000,4142999.999
"5292",5292,537280.509,537287.411,4142585.329,4142592.985,"Silva","NEON_D07_MLBS_DP1_537000_4142000_classified_point_cloud.laz","2018_MLBS_3_537000_4142000_image.tif","Tree",1,537000,537999.999,4142000,4142999.999
"5293",5293,537231.007,537239.982,4142585.533,4142594.343,"Silva","NEON_D07_MLBS_DP1_537000_4142000_classified_point_cloud.laz","2018_MLBS_3_537000_4142000_image.tif","Tree",1,537000,537999.999,4142000,4142999.999
"5294",5294,537286.111,537292.916,4142588.006,4142593.395,"Silva","NEON_D07_MLBS_DP1_537000_4142000_classified_point_cloud.laz","2018_MLBS_3_537000_4142000_image.tif","Tree",1,537000,537999.999,4142000,4142999.999
"5295",5295,537265.506,537271.98,4142588.513,4142595.5,"Silva","NEON_D07_MLBS_DP1_537000_4142000_classified_point_cloud.laz","2018_MLBS_3_537000_4142000_image.tif","Tree",1,537000,537999.999,4142000,4142999.999
"5296",5296,537259.853,537265.49,4142589.019,4142594.845,"Silva","NEON_D07_MLBS_DP1_537000_4142000_classified_point_cloud.laz","2018_MLBS_3_537000_4142000_image.tif","Tree",1,537000,537999.999,4142000,4142999.999
"5297",5297,537225.024,537235.996,4142586.564,4142598.918,"Silva","NEON_D07_MLBS_DP1_537000_4142000_classified_point_cloud.laz","2018_MLBS_3_537000_4142000_image.tif","Tree",1,537000,537999.999,4142000,4142999.999
"5298",5298,537266.614,537274.498,4142590.135,4142599.435,"Silva","NEON_D07_MLBS_DP1_537000_4142000_classified_point_cloud.laz","2018_MLBS_3_537000_4142000_image.tif","Tree",1,537000,537999.999,4142000,4142999.999
"5299",5299,537274.509,537281.476,4142591.025,4142597.982,"Silva","NEON_D07_MLBS_DP1_537000_4142000_classified_point_cloud.laz","2018_MLBS_3_537000_4142000_image.tif","Tree",1,537000,537999.999,4142000,4142999.999
"5300",5300,537255.659,537265.271,4142591.169,4142598.963,"Silva","NEON_D07_MLBS_DP1_537000_4142000_classified_point_cloud.laz","2018_MLBS_3_537000_4142000_image.tif","Tree",1,537000,537999.999,4142000,4142999.999
"5301",5301,537286.042,537293.448,4142593.064,4142598.49,"Silva","NEON_D07_MLBS_DP1_537000_4142000_classified_point_cloud.laz","2018_MLBS_3_537000_4142000_image.tif","Tree",1,537000,537999.999,4142000,4142999.999
"5302",5302,537279.508,537285.953,4142592.056,4142599.962,"Silva","NEON_D07_MLBS_DP1_537000_4142000_classified_point_cloud.laz","2018_MLBS_3_537000_4142000_image.tif","Tree",1,537000,537999.999,4142000,4142999.999
"5303",5303,537248.017,537255.9,4142592.565,4142601.983,"Silva","NEON_D07_MLBS_DP1_537000_4142000_classified_point_cloud.laz","2018_MLBS_3_537000_4142000_image.tif","Tree",1,537000,537999.999,4142000,4142999.999
"5304",5304,537240.644,537248.471,4142592.52,4142602.466,"Silva","NEON_D07_MLBS_DP1_537000_4142000_classified_point_cloud.laz","2018_MLBS_3_537000_4142000_image.tif","Tree",1,537000,537999.999,4142000,4142999.999
"5305",5305,537284.628,537291.785,4142596.507,4142602.384,"Silva","NEON_D07_MLBS_DP1_537000_4142000_classified_point_cloud.laz","2018_MLBS_3_537000_4142000_image.tif","Tree",1,537000,537999.999,4142000,4142999.999
"5306",5306,537261.056,537269.989,4142595.584,4142603.914,"Silva","NEON_D07_MLBS_DP1_537000_4142000_classified_point_cloud.laz","2018_MLBS_3_537000_4142000_image.tif","Tree",1,537000,537999.999,4142000,4142999.999
"5307",5307,537232.027,537240.904,4142594.003,4142606.38,"Silva","NEON_D07_MLBS_DP1_537000_4142000_classified_point_cloud.laz","2018_MLBS_3_537000_4142000_image.tif","Tree",1,537000,537999.999,4142000,4142999.999
"5308",5308,537253.671,537261.973,4142595.889,4142604.934,"Silva","NEON_D07_MLBS_DP1_537000_4142000_classified_point_cloud.laz","2018_MLBS_3_537000_4142000_image.tif","Tree",1,537000,537999.999,4142000,4142999.999
"5309",5309,537238.541,537244.988,4142595.546,4142609.448,"Silva","NEON_D07_MLBS_DP1_537000_4142000_classified_point_cloud.laz","2018_MLBS_3_537000_4142000_image.tif","Tree",1,537000,537999.999,4142000,4142999.999
"5310",5310,537273.588,537280.845,4142599.102,4142604.938,"Silva","NEON_D07_MLBS_DP1_537000_4142000_classified_point_cloud.laz","2018_MLBS_3_537000_4142000_image.tif","Tree",1,537000,537999.999,4142000,4142999.999
"5311",5311,537287.5,537293.982,4142600.055,4142606.153,"Silva","NEON_D07_MLBS_DP1_537000_4142000_classified_point_cloud.laz","2018_MLBS_3_537000_4142000_image.tif","Tree",1,537000,537999.999,4142000,4142999.999
"5312",5312,537267.552,537275.975,4142599.517,4142607.499,"Silva","NEON_D07_MLBS_DP1_537000_4142000_classified_point_cloud.laz","2018_MLBS_3_537000_4142000_image.tif","Tree",1,537000,537999.999,4142000,4142999.999
"5313",5313,537242.062,537251.484,4142600.722,4142611.375,"Silva","NEON_D07_MLBS_DP1_537000_4142000_classified_point_cloud.laz","2018_MLBS_3_537000_4142000_image.tif","Tree",1,537000,537999.999,4142000,4142999.999
"5314",5314,537226.511,537234.266,4142599.055,4142607.415,"Silva","NEON_D07_MLBS_DP1_537000_4142000_classified_point_cloud.laz","2018_MLBS_3_537000_4142000_image.tif","Tree",1,537000,537999.999,4142000,4142999.999
"5315",5315,537249.53,537256.405,4142601.547,4142608.488,"Silva","NEON_D07_MLBS_DP1_537000_4142000_classified_point_cloud.laz","2018_MLBS_3_537000_4142000_image.tif","Tree",1,537000,537999.999,4142000,4142999.999
"5316",5316,537279.524,537286.354,4142603.524,4142610.485,"Silva","NEON_D07_MLBS_DP1_537000_4142000_classified_point_cloud.laz","2018_MLBS_3_537000_4142000_image.tif","Tree",1,537000,537999.999,4142000,4142999.999
"5317",5317,537286.026,537293.471,4142605.035,4142610,"Silva","NEON_D07_MLBS_DP1_537000_4142000_classified_point_cloud.laz","2018_MLBS_3_537000_4142000_image.tif","Tree",1,537000,537999.999,4142000,4142999.999
"5318",5318,537260.027,537268.98,4142603.079,4142612.987,"Silva","NEON_D07_MLBS_DP1_537000_4142000_classified_point_cloud.laz","2018_MLBS_3_537000_4142000_image.tif","Tree",1,537000,537999.999,4142000,4142999.999
"5319",5319,537228.544,537239.469,4142604.087,4142611.943,"Silva","NEON_D07_MLBS_DP1_537000_4142000_classified_point_cloud.laz","2018_MLBS_3_537000_4142000_image.tif","Tree",1,537000,537999.999,4142000,4142999.999
"5320",5320,537308.528,537318.491,4142538.512,4142547.972,"Silva","NEON_D07_MLBS_DP1_537000_4142000_classified_point_cloud.laz","2018_MLBS_3_537000_4142000_image.tif","Tree",1,537000,537999.999,4142000,4142999.999
"5321",5321,537332.008,537342.983,4142538.512,4142549,"Silva","NEON_D07_MLBS_DP1_537000_4142000_classified_point_cloud.laz","2018_MLBS_3_537000_4142000_image.tif","Tree",1,537000,537999.999,4142000,4142999.999
"5322",5322,537294.556,537301.463,4142542.039,4142549.853,"Silva","NEON_D07_MLBS_DP1_537000_4142000_classified_point_cloud.laz","2018_MLBS_3_537000_4142000_image.tif","Tree",1,537000,537999.999,4142000,4142999.999
"5323",5323,537287.015,537295.497,4142540.009,4142550.984,"Silva","NEON_D07_MLBS_DP1_537000_4142000_classified_point_cloud.laz","2018_MLBS_3_537000_4142000_image.tif","Tree",1,537000,537999.999,4142000,4142999.999
"5324",5324,537312.009,537318.998,4142540.093,4142553.587,"Silva","NEON_D07_MLBS_DP1_537000_4142000_classified_point_cloud.laz","2018_MLBS_3_537000_4142000_image.tif","Tree",1,537000,537999.999,4142000,4142999.999
"5325",5325,537304.589,537312.959,4142546.073,4142552.25,"Silva","NEON_D07_MLBS_DP1_537000_4142000_classified_point_cloud.laz","2018_MLBS_3_537000_4142000_image.tif","Tree",1,537000,537999.999,4142000,4142999.999
"5326",5326,537294.577,537303.468,4142548.797,4142557.877,"Silva","NEON_D07_MLBS_DP1_537000_4142000_classified_point_cloud.laz","2018_MLBS_3_537000_4142000_image.tif","Tree",1,537000,537999.999,4142000,4142999.999
"5327",5327,537306.503,537317.437,4142551.019,4142558.49,"Silva","NEON_D07_MLBS_DP1_537000_4142000_classified_point_cloud.laz","2018_MLBS_3_537000_4142000_image.tif","Tree",1,537000,537999.999,4142000,4142999.999
"5328",5328,537342.737,537352.365,4142550.514,4142559.444,"Silva","NEON_D07_MLBS_DP1_537000_4142000_classified_point_cloud.laz","2018_MLBS_3_537000_4142000_image.tif","Tree",1,537000,537999.999,4142000,4142999.999
"5329",5329,537298.549,537305.365,4142550.017,4142560.325,"Silva","NEON_D07_MLBS_DP1_537000_4142000_classified_point_cloud.laz","2018_MLBS_3_537000_4142000_image.tif","Tree",1,537000,537999.999,4142000,4142999.999
"5330",5330,537299.68,537308.478,4142552.049,4142560.998,"Silva","NEON_D07_MLBS_DP1_537000_4142000_classified_point_cloud.laz","2018_MLBS_3_537000_4142000_image.tif","Tree",1,537000,537999.999,4142000,4142999.999
"5331",5331,537350.201,537362.406,4142552.519,4142561.5,"Silva","NEON_D07_MLBS_DP1_537000_4142000_classified_point_cloud.laz","2018_MLBS_3_537000_4142000_image.tif","Tree",1,537000,537999.999,4142000,4142999.999
"5332",5332,537289.516,537299.947,4142555.503,4142563.258,"Silva","NEON_D07_MLBS_DP1_537000_4142000_classified_point_cloud.laz","2018_MLBS_3_537000_4142000_image.tif","Tree",1,537000,537999.999,4142000,4142999.999
"5333",5333,537317.013,537323.972,4142554.011,4142565.908,"Silva","NEON_D07_MLBS_DP1_537000_4142000_classified_point_cloud.laz","2018_MLBS_3_537000_4142000_image.tif","Tree",1,537000,537999.999,4142000,4142999.999
"5334",5334,537309.255,537317.487,4142555.097,4142564.494,"Silva","NEON_D07_MLBS_DP1_537000_4142000_classified_point_cloud.laz","2018_MLBS_3_537000_4142000_image.tif","Tree",1,537000,537999.999,4142000,4142999.999
"5335",5335,537299.61,537310.472,4142558.502,4142568.988,"Silva","NEON_D07_MLBS_DP1_537000_4142000_classified_point_cloud.laz","2018_MLBS_3_537000_4142000_image.tif","Tree",1,537000,537999.999,4142000,4142999.999
"5336",5336,537325.309,537333.467,4142558.018,4142568.457,"Silva","NEON_D07_MLBS_DP1_537000_4142000_classified_point_cloud.laz","2018_MLBS_3_537000_4142000_image.tif","Tree",1,537000,537999.999,4142000,4142999.999
"5337",5337,537329.539,537339.486,4142558.122,4142569.885,"Silva","NEON_D07_MLBS_DP1_537000_4142000_classified_point_cloud.laz","2018_MLBS_3_537000_4142000_image.tif","Tree",1,537000,537999.999,4142000,4142999.999
"5338",5338,537319.509,537328.981,4142563.703,4142571.977,"Silva","NEON_D07_MLBS_DP1_537000_4142000_classified_point_cloud.laz","2018_MLBS_3_537000_4142000_image.tif","Tree",1,537000,537999.999,4142000,4142999.999
"5339",5339,537308.082,537319.497,4142563.51,4142570.986,"Silva","NEON_D07_MLBS_DP1_537000_4142000_classified_point_cloud.laz","2018_MLBS_3_537000_4142000_image.tif","Tree",1,537000,537999.999,4142000,4142999.999
"5340",5340,537338.155,537349.641,4142564.407,4142573.867,"Silva","NEON_D07_MLBS_DP1_537000_4142000_classified_point_cloud.laz","2018_MLBS_3_537000_4142000_image.tif","Tree",1,537000,537999.999,4142000,4142999.999
"5341",5341,537325.551,537333.492,4142568.504,4142579.461,"Silva","NEON_D07_MLBS_DP1_537000_4142000_classified_point_cloud.laz","2018_MLBS_3_537000_4142000_image.tif","Tree",1,537000,537999.999,4142000,4142999.999
"5342",5342,537350.032,537359.491,4142568.502,4142580.493,"Silva","NEON_D07_MLBS_DP1_537000_4142000_classified_point_cloud.laz","2018_MLBS_3_537000_4142000_image.tif","Tree",1,537000,537999.999,4142000,4142999.999
"5343",5343,537297.552,537308.496,4142567.506,4142577.5,"Silva","NEON_D07_MLBS_DP1_537000_4142000_classified_point_cloud.laz","2018_MLBS_3_537000_4142000_image.tif","Tree",1,537000,537999.999,4142000,4142999.999
"5344",5344,537312.089,537319.994,4142569.525,4142577.991,"Silva","NEON_D07_MLBS_DP1_537000_4142000_classified_point_cloud.laz","2018_MLBS_3_537000_4142000_image.tif","Tree",1,537000,537999.999,4142000,4142999.999
"5345",5345,537332.113,537339.932,4142568.001,4142579.992,"Silva","NEON_D07_MLBS_DP1_537000_4142000_classified_point_cloud.laz","2018_MLBS_3_537000_4142000_image.tif","Tree",1,537000,537999.999,4142000,4142999.999
"5346",5346,537321.749,537329.733,4142572.148,4142579.972,"Silva","NEON_D07_MLBS_DP1_537000_4142000_classified_point_cloud.laz","2018_MLBS_3_537000_4142000_image.tif","Tree",1,537000,537999.999,4142000,4142999.999
"5347",5347,537289.507,537298.484,4142574.006,4142583.846,"Silva","NEON_D07_MLBS_DP1_537000_4142000_classified_point_cloud.laz","2018_MLBS_3_537000_4142000_image.tif","Tree",1,537000,537999.999,4142000,4142999.999
"5348",5348,537313.55,537320.497,4142578.177,4142584.647,"Silva","NEON_D07_MLBS_DP1_537000_4142000_classified_point_cloud.laz","2018_MLBS_3_537000_4142000_image.tif","Tree",1,537000,537999.999,4142000,4142999.999
"5349",5349,537320.122,537329.97,4142579.501,4142584.499,"Silva","NEON_D07_MLBS_DP1_537000_4142000_classified_point_cloud.laz","2018_MLBS_3_537000_4142000_image.tif","Tree",1,537000,537999.999,4142000,4142999.999
"5350",5350,537308.011,537314.455,4142579.543,4142589.774,"Silva","NEON_D07_MLBS_DP1_537000_4142000_classified_point_cloud.laz","2018_MLBS_3_537000_4142000_image.tif","Tree",1,537000,537999.999,4142000,4142999.999
"5351",5351,537301.514,537308.968,4142578.718,4142592.496,"Silva","NEON_D07_MLBS_DP1_537000_4142000_classified_point_cloud.laz","2018_MLBS_3_537000_4142000_image.tif","Tree",1,537000,537999.999,4142000,4142999.999
"5352",5352,537294.163,537301.472,4142580.674,4142586.977,"Silva","NEON_D07_MLBS_DP1_537000_4142000_classified_point_cloud.laz","2018_MLBS_3_537000_4142000_image.tif","Tree",1,537000,537999.999,4142000,4142999.999
"5353",5353,537320.08,537327.495,4142584.517,4142588.923,"Silva","NEON_D07_MLBS_DP1_537000_4142000_classified_point_cloud.laz","2018_MLBS_3_537000_4142000_image.tif","Tree",1,537000,537999.999,4142000,4142999.999
"5354",5354,537327.534,537333.374,4142579.504,4142589.996,"Silva","NEON_D07_MLBS_DP1_537000_4142000_classified_point_cloud.laz","2018_MLBS_3_537000_4142000_image.tif","Tree",1,537000,537999.999,4142000,4142999.999
"5355",5355,537333.008,537339.937,4142580.023,4142589.496,"Silva","NEON_D07_MLBS_DP1_537000_4142000_classified_point_cloud.laz","2018_MLBS_3_537000_4142000_image.tif","Tree",1,537000,537999.999,4142000,4142999.999
"5356",5356,537342.039,537352.462,4142582.003,4142592.818,"Silva","NEON_D07_MLBS_DP1_537000_4142000_classified_point_cloud.laz","2018_MLBS_3_537000_4142000_image.tif","Tree",1,537000,537999.999,4142000,4142999.999
"5357",5357,537336.508,537342.452,4142582.582,4142593.951,"Silva","NEON_D07_MLBS_DP1_537000_4142000_classified_point_cloud.laz","2018_MLBS_3_537000_4142000_image.tif","Tree",1,537000,537999.999,4142000,4142999.999
"5358",5358,537329.519,537336.489,4142586.386,4142591.499,"Silva","NEON_D07_MLBS_DP1_537000_4142000_classified_point_cloud.laz","2018_MLBS_3_537000_4142000_image.tif","Tree",1,537000,537999.999,4142000,4142999.999
"5359",5359,537291.219,537295.771,4142584.003,4142591.974,"Silva","NEON_D07_MLBS_DP1_537000_4142000_classified_point_cloud.laz","2018_MLBS_3_537000_4142000_image.tif","Tree",1,537000,537999.999,4142000,4142999.999
"5360",5360,537338.597,537346.88,4142587.042,4142594.881,"Silva","NEON_D07_MLBS_DP1_537000_4142000_classified_point_cloud.laz","2018_MLBS_3_537000_4142000_image.tif","Tree",1,537000,537999.999,4142000,4142999.999
"5361",5361,537314.115,537321.987,4142589.516,4142594.364,"Silva","NEON_D07_MLBS_DP1_537000_4142000_classified_point_cloud.laz","2018_MLBS_3_537000_4142000_image.tif","Tree",1,537000,537999.999,4142000,4142999.999
"5362",5362,537293.001,537304.909,4142590.005,4142595.967,"Silva","NEON_D07_MLBS_DP1_537000_4142000_classified_point_cloud.laz","2018_MLBS_3_537000_4142000_image.tif","Tree",1,537000,537999.999,4142000,4142999.999
"5363",5363,537329.525,537338.481,4142591.001,4142597.976,"Silva","NEON_D07_MLBS_DP1_537000_4142000_classified_point_cloud.laz","2018_MLBS_3_537000_4142000_image.tif","Tree",1,537000,537999.999,4142000,4142999.999
"5364",5364,537319.565,537324.378,4142592.069,4142599.398,"Silva","NEON_D07_MLBS_DP1_537000_4142000_classified_point_cloud.laz","2018_MLBS_3_537000_4142000_image.tif","Tree",1,537000,537999.999,4142000,4142999.999
"5365",5365,537345.587,537356.343,4142593.032,4142599.991,"Silva","NEON_D07_MLBS_DP1_537000_4142000_classified_point_cloud.laz","2018_MLBS_3_537000_4142000_image.tif","Tree",1,537000,537999.999,4142000,4142999.999
"5366",5366,537322.724,537330.925,4142594.002,4142600.99,"Silva","NEON_D07_MLBS_DP1_537000_4142000_classified_point_cloud.laz","2018_MLBS_3_537000_4142000_image.tif","Tree",1,537000,537999.999,4142000,4142999.999
"5367",5367,537314.678,537322.272,4142593.254,4142601.826,"Silva","NEON_D07_MLBS_DP1_537000_4142000_classified_point_cloud.laz","2018_MLBS_3_537000_4142000_image.tif","Tree",1,537000,537999.999,4142000,4142999.999
"5368",5368,537291.633,537298.198,4142594.549,4142601.462,"Silva","NEON_D07_MLBS_DP1_537000_4142000_classified_point_cloud.laz","2018_MLBS_3_537000_4142000_image.tif","Tree",1,537000,537999.999,4142000,4142999.999
"5369",5369,537307.514,537318.945,4142592.047,4142603.485,"Silva","NEON_D07_MLBS_DP1_537000_4142000_classified_point_cloud.laz","2018_MLBS_3_537000_4142000_image.tif","Tree",1,537000,537999.999,4142000,4142999.999
"5370",5370,537337.532,537345.934,4142594.524,4142604.217,"Silva","NEON_D07_MLBS_DP1_537000_4142000_classified_point_cloud.laz","2018_MLBS_3_537000_4142000_image.tif","Tree",1,537000,537999.999,4142000,4142999.999
"5371",5371,537297.537,537307.959,4142592.624,4142603.237,"Silva","NEON_D07_MLBS_DP1_537000_4142000_classified_point_cloud.laz","2018_MLBS_3_537000_4142000_image.tif","Tree",1,537000,537999.999,4142000,4142999.999
"5372",5372,537344.13,537351.463,4142596.003,4142604.173,"Silva","NEON_D07_MLBS_DP1_537000_4142000_classified_point_cloud.laz","2018_MLBS_3_537000_4142000_image.tif","Tree",1,537000,537999.999,4142000,4142999.999
"5373",5373,537350.559,537358.402,4142598.047,4142607.969,"Silva","NEON_D07_MLBS_DP1_537000_4142000_classified_point_cloud.laz","2018_MLBS_3_537000_4142000_image.tif","Tree",1,537000,537999.999,4142000,4142999.999
"5374",5374,537293.516,537299.498,4142600.018,4142605.264,"Silva","NEON_D07_MLBS_DP1_537000_4142000_classified_point_cloud.laz","2018_MLBS_3_537000_4142000_image.tif","Tree",1,537000,537999.999,4142000,4142999.999
"5375",5375,537320.101,537327.975,4142599.668,4142607.46,"Silva","NEON_D07_MLBS_DP1_537000_4142000_classified_point_cloud.laz","2018_MLBS_3_537000_4142000_image.tif","Tree",1,537000,537999.999,4142000,4142999.999
"5376",5376,537294.181,537302.497,4142602.593,4142608.996,"Silva","NEON_D07_MLBS_DP1_537000_4142000_classified_point_cloud.laz","2018_MLBS_3_537000_4142000_image.tif","Tree",1,537000,537999.999,4142000,4142999.999
"5377",5377,537340.526,537351.371,4142602.811,4142610.452,"Silva","NEON_D07_MLBS_DP1_537000_4142000_classified_point_cloud.laz","2018_MLBS_3_537000_4142000_image.tif","Tree",1,537000,537999.999,4142000,4142999.999
"5378",5378,537302.023,537310.901,4142598.012,4142611.673,"Silva","NEON_D07_MLBS_DP1_537000_4142000_classified_point_cloud.laz","2018_MLBS_3_537000_4142000_image.tif","Tree",1,537000,537999.999,4142000,4142999.999
"5379",5379,537327.621,537334.382,4142604.013,4142611.43,"Silva","NEON_D07_MLBS_DP1_537000_4142000_classified_point_cloud.laz","2018_MLBS_3_537000_4142000_image.tif","Tree",1,537000,537999.999,4142000,4142999.999
"5380",5380,537331.501,537340.963,4142605.04,4142611.959,"Silva","NEON_D07_MLBS_DP1_537000_4142000_classified_point_cloud.laz","2018_MLBS_3_537000_4142000_image.tif","Tree",1,537000,537999.999,4142000,4142999.999
"5381",5381,537276.04,537281.98,4142669.166,4142679.871,"Silva","NEON_D07_MLBS_DP1_537000_4142000_classified_point_cloud.laz","2018_MLBS_3_537000_4142000_image.tif","Tree",1,537000,537999.999,4142000,4142999.999
"5382",5382,537244.958,537253.373,4142668.657,4142679.992,"Silva","NEON_D07_MLBS_DP1_537000_4142000_classified_point_cloud.laz","2018_MLBS_3_537000_4142000_image.tif","Tree",1,537000,537999.999,4142000,4142999.999
"5383",5383,537268.536,537276.496,4142667.006,4142673.207,"Silva","NEON_D07_MLBS_DP1_537000_4142000_classified_point_cloud.laz","2018_MLBS_3_537000_4142000_image.tif","Tree",1,537000,537999.999,4142000,4142999.999
"5384",5384,537284.03,537291.498,4142665.027,4142672.982,"Silva","NEON_D07_MLBS_DP1_537000_4142000_classified_point_cloud.laz","2018_MLBS_3_537000_4142000_image.tif","Tree",1,537000,537999.999,4142000,4142999.999
"5385",5385,537264.157,537270.02,4142666.18,4142672.948,"Silva","NEON_D07_MLBS_DP1_537000_4142000_classified_point_cloud.laz","2018_MLBS_3_537000_4142000_image.tif","Tree",1,537000,537999.999,4142000,4142999.999
"5386",5386,537237.012,537246.445,4142663.517,4142670.984,"Silva","NEON_D07_MLBS_DP1_537000_4142000_classified_point_cloud.laz","2018_MLBS_3_537000_4142000_image.tif","Tree",1,537000,537999.999,4142000,4142999.999
"5387",5387,537247.166,537257.456,4142662.729,4142671.99,"Silva","NEON_D07_MLBS_DP1_537000_4142000_classified_point_cloud.laz","2018_MLBS_3_537000_4142000_image.tif","Tree",1,537000,537999.999,4142000,4142999.999
"5388",5388,537258.028,537266.451,4142663.605,4142669.412,"Silva","NEON_D07_MLBS_DP1_537000_4142000_classified_point_cloud.laz","2018_MLBS_3_537000_4142000_image.tif","Tree",1,537000,537999.999,4142000,4142999.999
"5389",5389,537278.522,537286.997,4142662.005,4142669.854,"Silva","NEON_D07_MLBS_DP1_537000_4142000_classified_point_cloud.laz","2018_MLBS_3_537000_4142000_image.tif","Tree",1,537000,537999.999,4142000,4142999.999
"5390",5390,537271.668,537278.459,4142661.741,4142669.939,"Silva","NEON_D07_MLBS_DP1_537000_4142000_classified_point_cloud.laz","2018_MLBS_3_537000_4142000_image.tif","Tree",1,537000,537999.999,4142000,4142999.999
"5391",5391,537242.638,537250.873,4142661.504,4142668.08,"Silva","NEON_D07_MLBS_DP1_537000_4142000_classified_point_cloud.laz","2018_MLBS_3_537000_4142000_image.tif","Tree",1,537000,537999.999,4142000,4142999.999
"5392",5392,537263.092,537268.957,4142661.505,4142665.966,"Silva","NEON_D07_MLBS_DP1_537000_4142000_classified_point_cloud.laz","2018_MLBS_3_537000_4142000_image.tif","Tree",1,537000,537999.999,4142000,4142999.999
"5393",5393,537285.835,537293.983,4142657.031,4142664.145,"Silva","NEON_D07_MLBS_DP1_537000_4142000_classified_point_cloud.laz","2018_MLBS_3_537000_4142000_image.tif","Tree",1,537000,537999.999,4142000,4142999.999
"5394",5394,537232.666,537238.981,4142658.221,4142665.95,"Silva","NEON_D07_MLBS_DP1_537000_4142000_classified_point_cloud.laz","2018_MLBS_3_537000_4142000_image.tif","Tree",1,537000,537999.999,4142000,4142999.999
"5395",5395,537278.011,537285.722,4142653.542,4142661.988,"Silva","NEON_D07_MLBS_DP1_537000_4142000_classified_point_cloud.laz","2018_MLBS_3_537000_4142000_image.tif","Tree",1,537000,537999.999,4142000,4142999.999
"5396",5396,537237.519,537243.996,4142657.009,4142663.958,"Silva","NEON_D07_MLBS_DP1_537000_4142000_classified_point_cloud.laz","2018_MLBS_3_537000_4142000_image.tif","Tree",1,537000,537999.999,4142000,4142999.999
"5397",5397,537248.008,537253.478,4142653.526,4142662.427,"Silva","NEON_D07_MLBS_DP1_537000_4142000_classified_point_cloud.laz","2018_MLBS_3_537000_4142000_image.tif","Tree",1,537000,537999.999,4142000,4142999.999
"5398",5398,537244.019,537247.992,4142654.019,4142661.499,"Silva","NEON_D07_MLBS_DP1_537000_4142000_classified_point_cloud.laz","2018_MLBS_3_537000_4142000_image.tif","Tree",1,537000,537999.999,4142000,4142999.999
"5399",5399,537266.052,537275.981,4142653.53,4142660.471,"Silva","NEON_D07_MLBS_DP1_537000_4142000_classified_point_cloud.laz","2018_MLBS_3_537000_4142000_image.tif","Tree",1,537000,537999.999,4142000,4142999.999
"5400",5400,537283.057,537290.479,4142652.502,4142660.52,"Silva","NEON_D07_MLBS_DP1_537000_4142000_classified_point_cloud.laz","2018_MLBS_3_537000_4142000_image.tif","Tree",1,537000,537999.999,4142000,4142999.999
"5401",5401,537226.512,537237.995,4142652.52,4142658.901,"Silva","NEON_D07_MLBS_DP1_537000_4142000_classified_point_cloud.laz","2018_MLBS_3_537000_4142000_image.tif","Tree",1,537000,537999.999,4142000,4142999.999
"5402",5402,537269.962,537278.946,4142648.014,4142655.482,"Silva","NEON_D07_MLBS_DP1_537000_4142000_classified_point_cloud.laz","2018_MLBS_3_537000_4142000_image.tif","Tree",1,537000,537999.999,4142000,4142999.999
"5403",5403,537239.553,537248.455,4142646.01,4142654.472,"Silva","NEON_D07_MLBS_DP1_537000_4142000_classified_point_cloud.laz","2018_MLBS_3_537000_4142000_image.tif","Tree",1,537000,537999.999,4142000,4142999.999
"5404",5404,537230.056,537239.913,4142643.036,4142652.999,"Silva","NEON_D07_MLBS_DP1_537000_4142000_classified_point_cloud.laz","2018_MLBS_3_537000_4142000_image.tif","Tree",1,537000,537999.999,4142000,4142999.999
"5405",5405,537262.526,537271.996,4142645.003,4142653.49,"Silva","NEON_D07_MLBS_DP1_537000_4142000_classified_point_cloud.laz","2018_MLBS_3_537000_4142000_image.tif","Tree",1,537000,537999.999,4142000,4142999.999
"5406",5406,537279.032,537288.499,4142643.505,4142653.49,"Silva","NEON_D07_MLBS_DP1_537000_4142000_classified_point_cloud.laz","2018_MLBS_3_537000_4142000_image.tif","Tree",1,537000,537999.999,4142000,4142999.999
"5407",5407,537276.554,537284.965,4142640.065,4142646.664,"Silva","NEON_D07_MLBS_DP1_537000_4142000_classified_point_cloud.laz","2018_MLBS_3_537000_4142000_image.tif","Tree",1,537000,537999.999,4142000,4142999.999
"5408",5408,537259.601,537269.233,4142641.539,4142652.414,"Silva","NEON_D07_MLBS_DP1_537000_4142000_classified_point_cloud.laz","2018_MLBS_3_537000_4142000_image.tif","Tree",1,537000,537999.999,4142000,4142999.999
"5409",5409,537251.514,537259.476,4142638.647,4142648.484,"Silva","NEON_D07_MLBS_DP1_537000_4142000_classified_point_cloud.laz","2018_MLBS_3_537000_4142000_image.tif","Tree",1,537000,537999.999,4142000,4142999.999
"5410",5410,537237.831,537248.993,4142637.009,4142645.99,"Silva","NEON_D07_MLBS_DP1_537000_4142000_classified_point_cloud.laz","2018_MLBS_3_537000_4142000_image.tif","Tree",1,537000,537999.999,4142000,4142999.999
"5411",5411,537246.882,537254.954,4142637.032,4142643.913,"Silva","NEON_D07_MLBS_DP1_537000_4142000_classified_point_cloud.laz","2018_MLBS_3_537000_4142000_image.tif","Tree",1,537000,537999.999,4142000,4142999.999
"5412",5412,537226.016,537239.396,4142634.035,4142642.965,"Silva","NEON_D07_MLBS_DP1_537000_4142000_classified_point_cloud.laz","2018_MLBS_3_537000_4142000_image.tif","Tree",1,537000,537999.999,4142000,4142999.999
"5413",5413,537257.053,537263.809,4142635.01,4142640.477,"Silva","NEON_D07_MLBS_DP1_537000_4142000_classified_point_cloud.laz","2018_MLBS_3_537000_4142000_image.tif","Tree",1,537000,537999.999,4142000,4142999.999
"5414",5414,537282.584,537290.966,4142632.076,4142638.993,"Silva","NEON_D07_MLBS_DP1_537000_4142000_classified_point_cloud.laz","2018_MLBS_3_537000_4142000_image.tif","Tree",1,537000,537999.999,4142000,4142999.999
"5415",5415,537225.021,537232.909,4142632.015,4142639.74,"Silva","NEON_D07_MLBS_DP1_537000_4142000_classified_point_cloud.laz","2018_MLBS_3_537000_4142000_image.tif","Tree",1,537000,537999.999,4142000,4142999.999
"5416",5416,537257.105,537264.425,4142630.51,4142635.449,"Silva","NEON_D07_MLBS_DP1_537000_4142000_classified_point_cloud.laz","2018_MLBS_3_537000_4142000_image.tif","Tree",1,537000,537999.999,4142000,4142999.999
"5417",5417,537245.579,537252.981,4142628.021,4142637.496,"Silva","NEON_D07_MLBS_DP1_537000_4142000_classified_point_cloud.laz","2018_MLBS_3_537000_4142000_image.tif","Tree",1,537000,537999.999,4142000,4142999.999
"5418",5418,537280.051,537289.9,4142627.572,4142635.499,"Silva","NEON_D07_MLBS_DP1_537000_4142000_classified_point_cloud.laz","2018_MLBS_3_537000_4142000_image.tif","Tree",1,537000,537999.999,4142000,4142999.999
"5419",5419,537259.005,537268.774,4142628.502,4142634.456,"Silva","NEON_D07_MLBS_DP1_537000_4142000_classified_point_cloud.laz","2018_MLBS_3_537000_4142000_image.tif","Tree",1,537000,537999.999,4142000,4142999.999
"5420",5420,537227.503,537237.483,4142629.39,4142634.48,"Silva","NEON_D07_MLBS_DP1_537000_4142000_classified_point_cloud.laz","2018_MLBS_3_537000_4142000_image.tif","Tree",1,537000,537999.999,4142000,4142999.999
"5421",5421,537237.501,537249.937,4142624.049,4142636.999,"Silva","NEON_D07_MLBS_DP1_537000_4142000_classified_point_cloud.laz","2018_MLBS_3_537000_4142000_image.tif","Tree",1,537000,537999.999,4142000,4142999.999
"5422",5422,537250.025,537258.973,4142626.015,4142634.37,"Silva","NEON_D07_MLBS_DP1_537000_4142000_classified_point_cloud.laz","2018_MLBS_3_537000_4142000_image.tif","Tree",1,537000,537999.999,4142000,4142999.999
"5423",5423,537277.062,537285.469,4142625.153,4142635.997,"Silva","NEON_D07_MLBS_DP1_537000_4142000_classified_point_cloud.laz","2018_MLBS_3_537000_4142000_image.tif","Tree",1,537000,537999.999,4142000,4142999.999
"5424",5424,537224.608,537230.41,4142623.396,4142630.417,"Silva","NEON_D07_MLBS_DP1_537000_4142000_classified_point_cloud.laz","2018_MLBS_3_537000_4142000_image.tif","Tree",1,537000,537999.999,4142000,4142999.999
"5425",5425,537257.53,537268.455,4142621.063,4142628.967,"Silva","NEON_D07_MLBS_DP1_537000_4142000_classified_point_cloud.laz","2018_MLBS_3_537000_4142000_image.tif","Tree",1,537000,537999.999,4142000,4142999.999
"5426",5426,537268.584,537275.265,4142619.652,4142627.972,"Silva","NEON_D07_MLBS_DP1_537000_4142000_classified_point_cloud.laz","2018_MLBS_3_537000_4142000_image.tif","Tree",1,537000,537999.999,4142000,4142999.999
"5427",5427,537218.588,537230.498,4142618.568,4142625.952,"Silva","NEON_D07_MLBS_DP1_537000_4142000_classified_point_cloud.laz","2018_MLBS_3_537000_4142000_image.tif","Tree",1,537000,537999.999,4142000,4142999.999
"5428",5428,537287.525,537291.963,4142618.616,4142625.485,"Silva","NEON_D07_MLBS_DP1_537000_4142000_classified_point_cloud.laz","2018_MLBS_3_537000_4142000_image.tif","Tree",1,537000,537999.999,4142000,4142999.999
"5429",5429,537280.656,537287.498,4142619.609,4142627.302,"Silva","NEON_D07_MLBS_DP1_537000_4142000_classified_point_cloud.laz","2018_MLBS_3_537000_4142000_image.tif","Tree",1,537000,537999.999,4142000,4142999.999
"5430",5430,537242,537252.469,4142611.592,4142625.984,"Silva","NEON_D07_MLBS_DP1_537000_4142000_classified_point_cloud.laz","2018_MLBS_3_537000_4142000_image.tif","Tree",1,537000,537999.999,4142000,4142999.999
"5431",5431,537285.504,537291.996,4142615.481,4142620.907,"Silva","NEON_D07_MLBS_DP1_537000_4142000_classified_point_cloud.laz","2018_MLBS_3_537000_4142000_image.tif","Tree",1,537000,537999.999,4142000,4142999.999
"5432",5432,537267.01,537275.961,4142607.523,4142616.71,"Silva","NEON_D07_MLBS_DP1_537000_4142000_classified_point_cloud.laz","2018_MLBS_3_537000_4142000_image.tif","Tree",1,537000,537999.999,4142000,4142999.999
"5433",5433,537245.023,537257.495,4142608.516,4142616.491,"Silva","NEON_D07_MLBS_DP1_537000_4142000_classified_point_cloud.laz","2018_MLBS_3_537000_4142000_image.tif","Tree",1,537000,537999.999,4142000,4142999.999
"5434",5434,537222.026,537230.495,4142610.512,4142618.471,"Silva","NEON_D07_MLBS_DP1_537000_4142000_classified_point_cloud.laz","2018_MLBS_3_537000_4142000_image.tif","Tree",1,537000,537999.999,4142000,4142999.999
"5435",5435,537276.345,537282.485,4142610.17,4142616.963,"Silva","NEON_D07_MLBS_DP1_537000_4142000_classified_point_cloud.laz","2018_MLBS_3_537000_4142000_image.tif","Tree",1,537000,537999.999,4142000,4142999.999
"5436",5436,537229.504,537240.437,4142608.553,4142619.02,"Silva","NEON_D07_MLBS_DP1_537000_4142000_classified_point_cloud.laz","2018_MLBS_3_537000_4142000_image.tif","Tree",1,537000,537999.999,4142000,4142999.999
"5437",5437,537272.056,537280.494,4142613.086,4142620.995,"Silva","NEON_D07_MLBS_DP1_537000_4142000_classified_point_cloud.laz","2018_MLBS_3_537000_4142000_image.tif","Tree",1,537000,537999.999,4142000,4142999.999
"5438",5438,537233.511,537244.47,4142609.206,4142622.374,"Silva","NEON_D07_MLBS_DP1_537000_4142000_classified_point_cloud.laz","2018_MLBS_3_537000_4142000_image.tif","Tree",1,537000,537999.999,4142000,4142999.999
"5439",5439,537259.085,537270.42,4142612.502,4142621.988,"Silva","NEON_D07_MLBS_DP1_537000_4142000_classified_point_cloud.laz","2018_MLBS_3_537000_4142000_image.tif","Tree",1,537000,537999.999,4142000,4142999.999
"5440",5440,537312.54,537323.982,4142669.041,4142680.959,"Silva","NEON_D07_MLBS_DP1_537000_4142000_classified_point_cloud.laz","2018_MLBS_3_537000_4142000_image.tif","Tree",1,537000,537999.999,4142000,4142999.999
"5441",5441,537301.02,537312.995,4142667.113,4142678.931,"Silva","NEON_D07_MLBS_DP1_537000_4142000_classified_point_cloud.laz","2018_MLBS_3_537000_4142000_image.tif","Tree",1,537000,537999.999,4142000,4142999.999
"5442",5442,537342.059,537351.991,4142668.525,4142676.995,"Silva","NEON_D07_MLBS_DP1_537000_4142000_classified_point_cloud.laz","2018_MLBS_3_537000_4142000_image.tif","Tree",1,537000,537999.999,4142000,4142999.999
"5443",5443,537291.853,537301.485,4142667.501,4142676.436,"Silva","NEON_D07_MLBS_DP1_537000_4142000_classified_point_cloud.laz","2018_MLBS_3_537000_4142000_image.tif","Tree",1,537000,537999.999,4142000,4142999.999
"5444",5444,537332.018,537341.448,4142665.066,4142676.493,"Silva","NEON_D07_MLBS_DP1_537000_4142000_classified_point_cloud.laz","2018_MLBS_3_537000_4142000_image.tif","Tree",1,537000,537999.999,4142000,4142999.999
"5445",5445,537323.088,537331.969,4142667.236,4142675.299,"Silva","NEON_D07_MLBS_DP1_537000_4142000_classified_point_cloud.laz","2018_MLBS_3_537000_4142000_image.tif","Tree",1,537000,537999.999,4142000,4142999.999
"5446",5446,537351.049,537359.498,4142662.01,4142674.947,"Silva","NEON_D07_MLBS_DP1_537000_4142000_classified_point_cloud.laz","2018_MLBS_3_537000_4142000_image.tif","Tree",1,537000,537999.999,4142000,4142999.999
"5447",5447,537337.011,537345.987,4142665.503,4142675.316,"Silva","NEON_D07_MLBS_DP1_537000_4142000_classified_point_cloud.laz","2018_MLBS_3_537000_4142000_image.tif","Tree",1,537000,537999.999,4142000,4142999.999
"5448",5448,537289.687,537294.949,4142666.109,4142672.357,"Silva","NEON_D07_MLBS_DP1_537000_4142000_classified_point_cloud.laz","2018_MLBS_3_537000_4142000_image.tif","Tree",1,537000,537999.999,4142000,4142999.999
"5449",5449,537326.636,537335.92,4142661.517,4142671.429,"Silva","NEON_D07_MLBS_DP1_537000_4142000_classified_point_cloud.laz","2018_MLBS_3_537000_4142000_image.tif","Tree",1,537000,537999.999,4142000,4142999.999
"5450",5450,537316.099,537324.499,4142661.005,4142670.494,"Silva","NEON_D07_MLBS_DP1_537000_4142000_classified_point_cloud.laz","2018_MLBS_3_537000_4142000_image.tif","Tree",1,537000,537999.999,4142000,4142999.999
"5451",5451,537287.013,537293.932,4142661.52,4142666.498,"Silva","NEON_D07_MLBS_DP1_537000_4142000_classified_point_cloud.laz","2018_MLBS_3_537000_4142000_image.tif","Tree",1,537000,537999.999,4142000,4142999.999
"5452",5452,537346.045,537357.33,4142661.009,4142669.826,"Silva","NEON_D07_MLBS_DP1_537000_4142000_classified_point_cloud.laz","2018_MLBS_3_537000_4142000_image.tif","Tree",1,537000,537999.999,4142000,4142999.999
"5453",5453,537319.506,537327.49,4142661.056,4142667.996,"Silva","NEON_D07_MLBS_DP1_537000_4142000_classified_point_cloud.laz","2018_MLBS_3_537000_4142000_image.tif","Tree",1,537000,537999.999,4142000,4142999.999
"5454",5454,537337.195,537346.982,4142660.125,4142667.479,"Silva","NEON_D07_MLBS_DP1_537000_4142000_classified_point_cloud.laz","2018_MLBS_3_537000_4142000_image.tif","Tree",1,537000,537999.999,4142000,4142999.999
"5455",5455,537305.029,537311.767,4142658.049,4142667.497,"Silva","NEON_D07_MLBS_DP1_537000_4142000_classified_point_cloud.laz","2018_MLBS_3_537000_4142000_image.tif","Tree",1,537000,537999.999,4142000,4142999.999
"5456",5456,537322.568,537331.218,4142656.937,4142663.18,"Silva","NEON_D07_MLBS_DP1_537000_4142000_classified_point_cloud.laz","2018_MLBS_3_537000_4142000_image.tif","Tree",1,537000,537999.999,4142000,4142999.999
"5457",5457,537338.559,537344.987,4142653.525,4142661.97,"Silva","NEON_D07_MLBS_DP1_537000_4142000_classified_point_cloud.laz","2018_MLBS_3_537000_4142000_image.tif","Tree",1,537000,537999.999,4142000,4142999.999
"5458",5458,537345.008,537354.965,4142655.574,4142662.422,"Silva","NEON_D07_MLBS_DP1_537000_4142000_classified_point_cloud.laz","2018_MLBS_3_537000_4142000_image.tif","Tree",1,537000,537999.999,4142000,4142999.999
"5459",5459,537319.016,537324.958,4142654.691,4142660.901,"Silva","NEON_D07_MLBS_DP1_537000_4142000_classified_point_cloud.laz","2018_MLBS_3_537000_4142000_image.tif","Tree",1,537000,537999.999,4142000,4142999.999
"5460",5460,537326.072,537333.343,4142653.2,4142661.39,"Silva","NEON_D07_MLBS_DP1_537000_4142000_classified_point_cloud.laz","2018_MLBS_3_537000_4142000_image.tif","Tree",1,537000,537999.999,4142000,4142999.999
"5461",5461,537313.032,537319.996,4142652.029,4142661.489,"Silva","NEON_D07_MLBS_DP1_537000_4142000_classified_point_cloud.laz","2018_MLBS_3_537000_4142000_image.tif","Tree",1,537000,537999.999,4142000,4142999.999
"5462",5462,537297.527,537304.403,4142651.518,4142659.404,"Silva","NEON_D07_MLBS_DP1_537000_4142000_classified_point_cloud.laz","2018_MLBS_3_537000_4142000_image.tif","Tree",1,537000,537999.999,4142000,4142999.999
"5463",5463,537322.087,537327.947,4142649.042,4142656.938,"Silva","NEON_D07_MLBS_DP1_537000_4142000_classified_point_cloud.laz","2018_MLBS_3_537000_4142000_image.tif","Tree",1,537000,537999.999,4142000,4142999.999
"5464",5464,537286.136,537293.433,4142648.02,4142657.453,"Silva","NEON_D07_MLBS_DP1_537000_4142000_classified_point_cloud.laz","2018_MLBS_3_537000_4142000_image.tif","Tree",1,537000,537999.999,4142000,4142999.999
"5465",5465,537302.785,537310.481,4142647.021,4142658.33,"Silva","NEON_D07_MLBS_DP1_537000_4142000_classified_point_cloud.laz","2018_MLBS_3_537000_4142000_image.tif","Tree",1,537000,537999.999,4142000,4142999.999
"5466",5466,537343.557,537350.97,4142648.587,4142656.873,"Silva","NEON_D07_MLBS_DP1_537000_4142000_classified_point_cloud.laz","2018_MLBS_3_537000_4142000_image.tif","Tree",1,537000,537999.999,4142000,4142999.999
"5467",5467,537339.504,537348.184,4142648.006,4142655.353,"Silva","NEON_D07_MLBS_DP1_537000_4142000_classified_point_cloud.laz","2018_MLBS_3_537000_4142000_image.tif","Tree",1,537000,537999.999,4142000,4142999.999
"5468",5468,537325.03,537332.964,4142643.009,4142653.343,"Silva","NEON_D07_MLBS_DP1_537000_4142000_classified_point_cloud.laz","2018_MLBS_3_537000_4142000_image.tif","Tree",1,537000,537999.999,4142000,4142999.999
"5469",5469,537309.605,537318.328,4142647.207,4142653.496,"Silva","NEON_D07_MLBS_DP1_537000_4142000_classified_point_cloud.laz","2018_MLBS_3_537000_4142000_image.tif","Tree",1,537000,537999.999,4142000,4142999.999
"5470",5470,537305.103,537314.477,4142641.001,4142649.874,"Silva","NEON_D07_MLBS_DP1_537000_4142000_classified_point_cloud.laz","2018_MLBS_3_537000_4142000_image.tif","Tree",1,537000,537999.999,4142000,4142999.999
"5471",5471,537353.008,537359.498,4142641.153,4142649.995,"Silva","NEON_D07_MLBS_DP1_537000_4142000_classified_point_cloud.laz","2018_MLBS_3_537000_4142000_image.tif","Tree",1,537000,537999.999,4142000,4142999.999
"5472",5472,537342.527,537347.996,4142642.011,4142648.472,"Silva","NEON_D07_MLBS_DP1_537000_4142000_classified_point_cloud.laz","2018_MLBS_3_537000_4142000_image.tif","Tree",1,537000,537999.999,4142000,4142999.999
"5473",5473,537338.52,537342.483,4142642.142,4142649.979,"Silva","NEON_D07_MLBS_DP1_537000_4142000_classified_point_cloud.laz","2018_MLBS_3_537000_4142000_image.tif","Tree",1,537000,537999.999,4142000,4142999.999
"5474",5474,537287.553,537300.291,4142637.532,4142648.965,"Silva","NEON_D07_MLBS_DP1_537000_4142000_classified_point_cloud.laz","2018_MLBS_3_537000_4142000_image.tif","Tree",1,537000,537999.999,4142000,4142999.999
"5475",5475,537349.019,537358.337,4142637.979,4142643.422,"Silva","NEON_D07_MLBS_DP1_537000_4142000_classified_point_cloud.laz","2018_MLBS_3_537000_4142000_image.tif","Tree",1,537000,537999.999,4142000,4142999.999
"5476",5476,537335.096,537340.991,4142634.62,4142642.48,"Silva","NEON_D07_MLBS_DP1_537000_4142000_classified_point_cloud.laz","2018_MLBS_3_537000_4142000_image.tif","Tree",1,537000,537999.999,4142000,4142999.999
"5477",5477,537329.071,537335.86,4142635.057,4142642.966,"Silva","NEON_D07_MLBS_DP1_537000_4142000_classified_point_cloud.laz","2018_MLBS_3_537000_4142000_image.tif","Tree",1,537000,537999.999,4142000,4142999.999
"5478",5478,537320.01,537329.371,4142633.617,4142643.495,"Silva","NEON_D07_MLBS_DP1_537000_4142000_classified_point_cloud.laz","2018_MLBS_3_537000_4142000_image.tif","Tree",1,537000,537999.999,4142000,4142999.999
"5479",5479,537305.245,537316.485,4142632.519,4142641.399,"Silva","NEON_D07_MLBS_DP1_537000_4142000_classified_point_cloud.laz","2018_MLBS_3_537000_4142000_image.tif","Tree",1,537000,537999.999,4142000,4142999.999
"5480",5480,537352.104,537356.963,4142631.074,4142638.849,"Silva","NEON_D07_MLBS_DP1_537000_4142000_classified_point_cloud.laz","2018_MLBS_3_537000_4142000_image.tif","Tree",1,537000,537999.999,4142000,4142999.999
"5481",5481,537331.564,537339.194,4142630.003,4142637.404,"Silva","NEON_D07_MLBS_DP1_537000_4142000_classified_point_cloud.laz","2018_MLBS_3_537000_4142000_image.tif","Tree",1,537000,537999.999,4142000,4142999.999
"5482",5482,537302.62,537311.91,4142630.111,4142640.984,"Silva","NEON_D07_MLBS_DP1_537000_4142000_classified_point_cloud.laz","2018_MLBS_3_537000_4142000_image.tif","Tree",1,537000,537999.999,4142000,4142999.999
"5483",5483,537312.006,537320.483,4142630.1,4142636.97,"Silva","NEON_D07_MLBS_DP1_537000_4142000_classified_point_cloud.laz","2018_MLBS_3_537000_4142000_image.tif","Tree",1,537000,537999.999,4142000,4142999.999
"5484",5484,537295.554,537304.953,4142626.726,4142639.339,"Silva","NEON_D07_MLBS_DP1_537000_4142000_classified_point_cloud.laz","2018_MLBS_3_537000_4142000_image.tif","Tree",1,537000,537999.999,4142000,4142999.999
"5485",5485,537319.224,537328.478,4142626.973,4142634.984,"Silva","NEON_D07_MLBS_DP1_537000_4142000_classified_point_cloud.laz","2018_MLBS_3_537000_4142000_image.tif","Tree",1,537000,537999.999,4142000,4142999.999
"5486",5486,537312.001,537318.991,4142626.763,4142631.464,"Silva","NEON_D07_MLBS_DP1_537000_4142000_classified_point_cloud.laz","2018_MLBS_3_537000_4142000_image.tif","Tree",1,537000,537999.999,4142000,4142999.999
"5487",5487,537308.094,537313.934,4142624.224,4142630.942,"Silva","NEON_D07_MLBS_DP1_537000_4142000_classified_point_cloud.laz","2018_MLBS_3_537000_4142000_image.tif","Tree",1,537000,537999.999,4142000,4142999.999
"5488",5488,537342.607,537348.434,4142622.949,4142631.744,"Silva","NEON_D07_MLBS_DP1_537000_4142000_classified_point_cloud.laz","2018_MLBS_3_537000_4142000_image.tif","Tree",1,537000,537999.999,4142000,4142999.999
"5489",5489,537286.509,537296.97,4142623.624,4142633.401,"Silva","NEON_D07_MLBS_DP1_537000_4142000_classified_point_cloud.laz","2018_MLBS_3_537000_4142000_image.tif","Tree",1,537000,537999.999,4142000,4142999.999
"5490",5490,537349.191,537355.883,4142623.558,4142630.882,"Silva","NEON_D07_MLBS_DP1_537000_4142000_classified_point_cloud.laz","2018_MLBS_3_537000_4142000_image.tif","Tree",1,537000,537999.999,4142000,4142999.999
"5491",5491,537312.733,537318.977,4142620.66,4142627.419,"Silva","NEON_D07_MLBS_DP1_537000_4142000_classified_point_cloud.laz","2018_MLBS_3_537000_4142000_image.tif","Tree",1,537000,537999.999,4142000,4142999.999
"5492",5492,537333.109,537338.957,4142619.806,4142629.997,"Silva","NEON_D07_MLBS_DP1_537000_4142000_classified_point_cloud.laz","2018_MLBS_3_537000_4142000_image.tif","Tree",1,537000,537999.999,4142000,4142999.999
"5493",5493,537324.511,537329.974,4142620.505,4142628.888,"Silva","NEON_D07_MLBS_DP1_537000_4142000_classified_point_cloud.laz","2018_MLBS_3_537000_4142000_image.tif","Tree",1,537000,537999.999,4142000,4142999.999
"5494",5494,537296.019,537304.433,4142619.554,4142628.982,"Silva","NEON_D07_MLBS_DP1_537000_4142000_classified_point_cloud.laz","2018_MLBS_3_537000_4142000_image.tif","Tree",1,537000,537999.999,4142000,4142999.999
"5495",5495,537338.53,537347.487,4142620.519,4142627.696,"Silva","NEON_D07_MLBS_DP1_537000_4142000_classified_point_cloud.laz","2018_MLBS_3_537000_4142000_image.tif","Tree",1,537000,537999.999,4142000,4142999.999
"5496",5496,537328.608,537336.916,4142618.093,4142624.989,"Silva","NEON_D07_MLBS_DP1_537000_4142000_classified_point_cloud.laz","2018_MLBS_3_537000_4142000_image.tif","Tree",1,537000,537999.999,4142000,4142999.999
"5497",5497,537304.003,537310.72,4142618.545,4142625.966,"Silva","NEON_D07_MLBS_DP1_537000_4142000_classified_point_cloud.laz","2018_MLBS_3_537000_4142000_image.tif","Tree",1,537000,537999.999,4142000,4142999.999
"5498",5498,537291.585,537297.924,4142616.032,4142624.691,"Silva","NEON_D07_MLBS_DP1_537000_4142000_classified_point_cloud.laz","2018_MLBS_3_537000_4142000_image.tif","Tree",1,537000,537999.999,4142000,4142999.999
"5499",5499,537348.056,537357.455,4142621.026,4142624.957,"Silva","NEON_D07_MLBS_DP1_537000_4142000_classified_point_cloud.laz","2018_MLBS_3_537000_4142000_image.tif","Tree",1,537000,537999.999,4142000,4142999.999
"5500",5500,537309.02,537315.686,4142616.511,4142623.967,"Silva","NEON_D07_MLBS_DP1_537000_4142000_classified_point_cloud.laz","2018_MLBS_3_537000_4142000_image.tif","Tree",1,537000,537999.999,4142000,4142999.999
"5501",5501,537319.028,537329.432,4142614.51,4142621.488,"Silva","NEON_D07_MLBS_DP1_537000_4142000_classified_point_cloud.laz","2018_MLBS_3_537000_4142000_image.tif","Tree",1,537000,537999.999,4142000,4142999.999
"5502",5502,537291.469,537297.473,4142606.524,4142615.434,"Silva","NEON_D07_MLBS_DP1_537000_4142000_classified_point_cloud.laz","2018_MLBS_3_537000_4142000_image.tif","Tree",1,537000,537999.999,4142000,4142999.999
"5503",5503,537313.042,537320.464,4142607.582,4142614.499,"Silva","NEON_D07_MLBS_DP1_537000_4142000_classified_point_cloud.laz","2018_MLBS_3_537000_4142000_image.tif","Tree",1,537000,537999.999,4142000,4142999.999
"5504",5504,537335.633,537342.897,4142607.697,4142617.417,"Silva","NEON_D07_MLBS_DP1_537000_4142000_classified_point_cloud.laz","2018_MLBS_3_537000_4142000_image.tif","Tree",1,537000,537999.999,4142000,4142999.999
"5505",5505,537317.653,537325.458,4142610.097,4142617.977,"Silva","NEON_D07_MLBS_DP1_537000_4142000_classified_point_cloud.laz","2018_MLBS_3_537000_4142000_image.tif","Tree",1,537000,537999.999,4142000,4142999.999
"5506",5506,537349.549,537357.789,4142608.001,4142616.497,"Silva","NEON_D07_MLBS_DP1_537000_4142000_classified_point_cloud.laz","2018_MLBS_3_537000_4142000_image.tif","Tree",1,537000,537999.999,4142000,4142999.999
"5507",5507,537342.028,537350.325,4142610.54,4142619.244,"Silva","NEON_D07_MLBS_DP1_537000_4142000_classified_point_cloud.laz","2018_MLBS_3_537000_4142000_image.tif","Tree",1,537000,537999.999,4142000,4142999.999
"5508",5508,537328.074,537337.982,4142611.395,4142619.468,"Silva","NEON_D07_MLBS_DP1_537000_4142000_classified_point_cloud.laz","2018_MLBS_3_537000_4142000_image.tif","Tree",1,537000,537999.999,4142000,4142999.999
"5509",5509,537293.798,537302.367,4142612.537,4142619.996,"Silva","NEON_D07_MLBS_DP1_537000_4142000_classified_point_cloud.laz","2018_MLBS_3_537000_4142000_image.tif","Tree",1,537000,537999.999,4142000,4142999.999
"5510",5510,537309.54,537319.443,4142612.618,4142620.477,"Silva","NEON_D07_MLBS_DP1_537000_4142000_classified_point_cloud.laz","2018_MLBS_3_537000_4142000_image.tif","Tree",1,537000,537999.999,4142000,4142999.999
"5511",5511,537000.011,537006.988,4142689.519,4142698.991,"Silva","NEON_D07_MLBS_DP1_537000_4142000_classified_point_cloud.laz","2018_MLBS_3_537000_4142000_image.tif","Tree",1,537000,537999.999,4142000,4142999.999
"5512",5512,537015.072,537023.489,4142682.616,4142692.495,"Silva","NEON_D07_MLBS_DP1_537000_4142000_classified_point_cloud.laz","2018_MLBS_3_537000_4142000_image.tif","Tree",1,537000,537999.999,4142000,4142999.999
"5513",5513,537000.027,537006.438,4142679.503,4142689.439,"Silva","NEON_D07_MLBS_DP1_537000_4142000_classified_point_cloud.laz","2018_MLBS_3_537000_4142000_image.tif","Tree",1,537000,537999.999,4142000,4142999.999
"5514",5514,537006.567,537017.238,4142677.52,4142687.374,"Silva","NEON_D07_MLBS_DP1_537000_4142000_classified_point_cloud.laz","2018_MLBS_3_537000_4142000_image.tif","Tree",1,537000,537999.999,4142000,4142999.999
"5515",5515,537002.502,537008.995,4142673.575,4142682.761,"Silva","NEON_D07_MLBS_DP1_537000_4142000_classified_point_cloud.laz","2018_MLBS_3_537000_4142000_image.tif","Tree",1,537000,537999.999,4142000,4142999.999
"5516",5516,537008.027,537014.998,4142671.504,4142679.496,"Silva","NEON_D07_MLBS_DP1_537000_4142000_classified_point_cloud.laz","2018_MLBS_3_537000_4142000_image.tif","Tree",1,537000,537999.999,4142000,4142999.999
"5517",5517,537000.003,537002.46,4142669.063,4142679.465,"Silva","NEON_D07_MLBS_DP1_537000_4142000_classified_point_cloud.laz","2018_MLBS_3_537000_4142000_image.tif","Tree",1,537000,537999.999,4142000,4142999.999
"5518",5518,537000.054,537005.905,4142668.684,4142678.894,"Silva","NEON_D07_MLBS_DP1_537000_4142000_classified_point_cloud.laz","2018_MLBS_3_537000_4142000_image.tif","Tree",1,537000,537999.999,4142000,4142999.999
"5519",5519,537032.074,537041.873,4142672.554,4142685.997,"Silva","NEON_D07_MLBS_DP1_537000_4142000_classified_point_cloud.laz","2018_MLBS_3_537000_4142000_image.tif","Tree",1,537000,537999.999,4142000,4142999.999
"5520",5520,537020.051,537030.913,4142697.533,4142706.955,"Silva","NEON_D07_MLBS_DP1_537000_4142000_classified_point_cloud.laz","2018_MLBS_3_537000_4142000_image.tif","Tree",1,537000,537999.999,4142000,4142999.999
"5521",5521,537000.016,537004.498,4142697.05,4142703.963,"Silva","NEON_D07_MLBS_DP1_537000_4142000_classified_point_cloud.laz","2018_MLBS_3_537000_4142000_image.tif","Tree",1,537000,537999.999,4142000,4142999.999
"5522",5522,537016.541,537024.445,4142692.518,4142703.477,"Silva","NEON_D07_MLBS_DP1_537000_4142000_classified_point_cloud.laz","2018_MLBS_3_537000_4142000_image.tif","Tree",1,537000,537999.999,4142000,4142999.999
"5523",5523,537024.03,537034.201,4142690.166,4142701.989,"Silva","NEON_D07_MLBS_DP1_537000_4142000_classified_point_cloud.laz","2018_MLBS_3_537000_4142000_image.tif","Tree",1,537000,537999.999,4142000,4142999.999
"5524",5524,537007.318,537017.479,4142691.686,4142702.445,"Silva","NEON_D07_MLBS_DP1_537000_4142000_classified_point_cloud.laz","2018_MLBS_3_537000_4142000_image.tif","Tree",1,537000,537999.999,4142000,4142999.999
"5525",5525,537022.041,537032.239,4142683.018,4142692.839,"Silva","NEON_D07_MLBS_DP1_537000_4142000_classified_point_cloud.laz","2018_MLBS_3_537000_4142000_image.tif","Tree",1,537000,537999.999,4142000,4142999.999
"5526",5526,537023.517,537033.781,4142676.116,4142687.496,"Silva","NEON_D07_MLBS_DP1_537000_4142000_classified_point_cloud.laz","2018_MLBS_3_537000_4142000_image.tif","Tree",1,537000,537999.999,4142000,4142999.999
"5527",5527,537015.285,537023.844,4142675.701,4142683.492,"Silva","NEON_D07_MLBS_DP1_537000_4142000_classified_point_cloud.laz","2018_MLBS_3_537000_4142000_image.tif","Tree",1,537000,537999.999,4142000,4142999.999
"5528",5528,537010.522,537021.974,4142701.55,4142709.994,"Silva","NEON_D07_MLBS_DP1_537000_4142000_classified_point_cloud.laz","2018_MLBS_3_537000_4142000_image.tif","Tree",1,537000,537999.999,4142000,4142999.999
"5529",5529,537000.028,537006.988,4142704.011,4142711.98,"Silva","NEON_D07_MLBS_DP1_537000_4142000_classified_point_cloud.laz","2018_MLBS_3_537000_4142000_image.tif","Tree",1,537000,537999.999,4142000,4142999.999
"5530",5530,537012.015,537019.457,4142708.525,4142716.143,"Silva","NEON_D07_MLBS_DP1_537000_4142000_classified_point_cloud.laz","2018_MLBS_3_537000_4142000_image.tif","Tree",1,537000,537999.999,4142000,4142999.999
"5531",5531,537006.512,537015.921,4142707.548,4142718.917,"Silva","NEON_D07_MLBS_DP1_537000_4142000_classified_point_cloud.laz","2018_MLBS_3_537000_4142000_image.tif","Tree",1,537000,537999.999,4142000,4142999.999
"5532",5532,537019.004,537026.995,4142706.538,4142716.947,"Silva","NEON_D07_MLBS_DP1_537000_4142000_classified_point_cloud.laz","2018_MLBS_3_537000_4142000_image.tif","Tree",1,537000,537999.999,4142000,4142999.999
"5533",5533,537000.01,537004.356,4142711.513,4142720.718,"Silva","NEON_D07_MLBS_DP1_537000_4142000_classified_point_cloud.laz","2018_MLBS_3_537000_4142000_image.tif","Tree",1,537000,537999.999,4142000,4142999.999
"5534",5534,537000.01,537009.48,4142710.636,4142722.31,"Silva","NEON_D07_MLBS_DP1_537000_4142000_classified_point_cloud.laz","2018_MLBS_3_537000_4142000_image.tif","Tree",1,537000,537999.999,4142000,4142999.999
"5535",5535,537022.009,537031.221,4142716.013,4142724.904,"Silva","NEON_D07_MLBS_DP1_537000_4142000_classified_point_cloud.laz","2018_MLBS_3_537000_4142000_image.tif","Tree",1,537000,537999.999,4142000,4142999.999
"5536",5536,537014.508,537022.971,4142715.533,4142724,"Silva","NEON_D07_MLBS_DP1_537000_4142000_classified_point_cloud.laz","2018_MLBS_3_537000_4142000_image.tif","Tree",1,537000,537999.999,4142000,4142999.999
"5537",5537,537000.007,537011.999,4142718.046,4142732.479,"Silva","NEON_D07_MLBS_DP1_537000_4142000_classified_point_cloud.laz","2018_MLBS_3_537000_4142000_image.tif","Tree",1,537000,537999.999,4142000,4142999.999
"5538",5538,537011.509,537018.459,4142718.21,4142732.438,"Silva","NEON_D07_MLBS_DP1_537000_4142000_classified_point_cloud.laz","2018_MLBS_3_537000_4142000_image.tif","Tree",1,537000,537999.999,4142000,4142999.999
"5539",5539,537068.047,537074.939,4142734.069,4142742.49,"Silva","NEON_D07_MLBS_DP1_537000_4142000_classified_point_cloud.laz","2018_MLBS_3_537000_4142000_image.tif","Tree",1,537000,537999.999,4142000,4142999.999
"5540",5540,537076.012,537084.445,4142733.766,4142741.903,"Silva","NEON_D07_MLBS_DP1_537000_4142000_classified_point_cloud.laz","2018_MLBS_3_537000_4142000_image.tif","Tree",1,537000,537999.999,4142000,4142999.999
"5541",5541,537030.514,537039.868,4142735.018,4142742.148,"Silva","NEON_D07_MLBS_DP1_537000_4142000_classified_point_cloud.laz","2018_MLBS_3_537000_4142000_image.tif","Tree",1,537000,537999.999,4142000,4142999.999
"5542",5542,537060.007,537064.997,4142733.502,4142741.492,"Silva","NEON_D07_MLBS_DP1_537000_4142000_classified_point_cloud.laz","2018_MLBS_3_537000_4142000_image.tif","Tree",1,537000,537999.999,4142000,4142999.999
"5543",5543,537053.521,537060.298,4142732.555,4142739.47,"Silva","NEON_D07_MLBS_DP1_537000_4142000_classified_point_cloud.laz","2018_MLBS_3_537000_4142000_image.tif","Tree",1,537000,537999.999,4142000,4142999.999
"5544",5544,537047.017,537053.493,4142731.181,4142738.5,"Silva","NEON_D07_MLBS_DP1_537000_4142000_classified_point_cloud.laz","2018_MLBS_3_537000_4142000_image.tif","Tree",1,537000,537999.999,4142000,4142999.999
"5545",5545,537072.17,537080.997,4142728.515,4142737.478,"Silva","NEON_D07_MLBS_DP1_537000_4142000_classified_point_cloud.laz","2018_MLBS_3_537000_4142000_image.tif","Tree",1,537000,537999.999,4142000,4142999.999
"5546",5546,537039.609,537047.967,4142730.558,4142738.965,"Silva","NEON_D07_MLBS_DP1_537000_4142000_classified_point_cloud.laz","2018_MLBS_3_537000_4142000_image.tif","Tree",1,537000,537999.999,4142000,4142999.999
"5547",5547,537023.518,537033.479,4142732.046,4142740.417,"Silva","NEON_D07_MLBS_DP1_537000_4142000_classified_point_cloud.laz","2018_MLBS_3_537000_4142000_image.tif","Tree",1,537000,537999.999,4142000,4142999.999
"5548",5548,537050.149,537058.97,4142727.506,4142736.931,"Silva","NEON_D07_MLBS_DP1_537000_4142000_classified_point_cloud.laz","2018_MLBS_3_537000_4142000_image.tif","Tree",1,537000,537999.999,4142000,4142999.999
"5549",5549,537059.033,537065.989,4142728.026,4142734.497,"Silva","NEON_D07_MLBS_DP1_537000_4142000_classified_point_cloud.laz","2018_MLBS_3_537000_4142000_image.tif","Tree",1,537000,537999.999,4142000,4142999.999
"5550",5550,537032.007,537039.452,4142727.419,4142735.497,"Silva","NEON_D07_MLBS_DP1_537000_4142000_classified_point_cloud.laz","2018_MLBS_3_537000_4142000_image.tif","Tree",1,537000,537999.999,4142000,4142999.999
"5551",5551,537077.162,537085.419,4142725.517,4142733.47,"Silva","NEON_D07_MLBS_DP1_537000_4142000_classified_point_cloud.laz","2018_MLBS_3_537000_4142000_image.tif","Tree",1,537000,537999.999,4142000,4142999.999
"5552",5552,537036.575,537045.474,4142725.02,4142734.188,"Silva","NEON_D07_MLBS_DP1_537000_4142000_classified_point_cloud.laz","2018_MLBS_3_537000_4142000_image.tif","Tree",1,537000,537999.999,4142000,4142999.999
"5553",5553,537024.5,537033.574,4142727.53,4142732.494,"Silva","NEON_D07_MLBS_DP1_537000_4142000_classified_point_cloud.laz","2018_MLBS_3_537000_4142000_image.tif","Tree",1,537000,537999.999,4142000,4142999.999
"5554",5554,537080.042,537090.929,4142720.003,4142729.977,"Silva","NEON_D07_MLBS_DP1_537000_4142000_classified_point_cloud.laz","2018_MLBS_3_537000_4142000_image.tif","Tree",1,537000,537999.999,4142000,4142999.999
"5555",5555,537067.34,537074.449,4142719.063,4142730.983,"Silva","NEON_D07_MLBS_DP1_537000_4142000_classified_point_cloud.laz","2018_MLBS_3_537000_4142000_image.tif","Tree",1,537000,537999.999,4142000,4142999.999
"5556",5556,537053.546,537061.965,4142724.164,4142731.399,"Silva","NEON_D07_MLBS_DP1_537000_4142000_classified_point_cloud.laz","2018_MLBS_3_537000_4142000_image.tif","Tree",1,537000,537999.999,4142000,4142999.999
"5557",5557,537051.518,537058.984,4142699.569,4142705.468,"Silva","NEON_D07_MLBS_DP1_537000_4142000_classified_point_cloud.laz","2018_MLBS_3_537000_4142000_image.tif","Tree",1,537000,537999.999,4142000,4142999.999
"5558",5558,537075.018,537082.489,4142696.281,4142707.475,"Silva","NEON_D07_MLBS_DP1_537000_4142000_classified_point_cloud.laz","2018_MLBS_3_537000_4142000_image.tif","Tree",1,537000,537999.999,4142000,4142999.999
"5559",5559,537058.506,537065.995,4142699.003,4142705.951,"Silva","NEON_D07_MLBS_DP1_537000_4142000_classified_point_cloud.laz","2018_MLBS_3_537000_4142000_image.tif","Tree",1,537000,537999.999,4142000,4142999.999
"5560",5560,537032.506,537044.968,4142696.506,4142706.983,"Silva","NEON_D07_MLBS_DP1_537000_4142000_classified_point_cloud.laz","2018_MLBS_3_537000_4142000_image.tif","Tree",1,537000,537999.999,4142000,4142999.999
"5561",5561,537044.505,537053.969,4142696.645,4142704.964,"Silva","NEON_D07_MLBS_DP1_537000_4142000_classified_point_cloud.laz","2018_MLBS_3_537000_4142000_image.tif","Tree",1,537000,537999.999,4142000,4142999.999
"5562",5562,537060.544,537068.946,4142694.508,4142702.492,"Silva","NEON_D07_MLBS_DP1_537000_4142000_classified_point_cloud.laz","2018_MLBS_3_537000_4142000_image.tif","Tree",1,537000,537999.999,4142000,4142999.999
"5563",5563,537068.502,537078.936,4142694.681,4142701.98,"Silva","NEON_D07_MLBS_DP1_537000_4142000_classified_point_cloud.laz","2018_MLBS_3_537000_4142000_image.tif","Tree",1,537000,537999.999,4142000,4142999.999
"5564",5564,537054.024,537060.431,4142693.153,4142701.479,"Silva","NEON_D07_MLBS_DP1_537000_4142000_classified_point_cloud.laz","2018_MLBS_3_537000_4142000_image.tif","Tree",1,537000,537999.999,4142000,4142999.999
"5565",5565,537084.032,537093.968,4142689.559,4142701.492,"Silva","NEON_D07_MLBS_DP1_537000_4142000_classified_point_cloud.laz","2018_MLBS_3_537000_4142000_image.tif","Tree",1,537000,537999.999,4142000,4142999.999
"5566",5566,537068.021,537077.28,4142690.005,4142696.972,"Silva","NEON_D07_MLBS_DP1_537000_4142000_classified_point_cloud.laz","2018_MLBS_3_537000_4142000_image.tif","Tree",1,537000,537999.999,4142000,4142999.999
"5567",5567,537031.503,537044.479,4142686.064,4142696.492,"Silva","NEON_D07_MLBS_DP1_537000_4142000_classified_point_cloud.laz","2018_MLBS_3_537000_4142000_image.tif","Tree",1,537000,537999.999,4142000,4142999.999
"5568",5568,537065.097,537072.308,4142687.033,4142695.687,"Silva","NEON_D07_MLBS_DP1_537000_4142000_classified_point_cloud.laz","2018_MLBS_3_537000_4142000_image.tif","Tree",1,537000,537999.999,4142000,4142999.999
"5569",5569,537045.505,537055.446,4142685.018,4142693.996,"Silva","NEON_D07_MLBS_DP1_537000_4142000_classified_point_cloud.laz","2018_MLBS_3_537000_4142000_image.tif","Tree",1,537000,537999.999,4142000,4142999.999
"5570",5570,537061.144,537068.393,4142683.01,4142692.885,"Silva","NEON_D07_MLBS_DP1_537000_4142000_classified_point_cloud.laz","2018_MLBS_3_537000_4142000_image.tif","Tree",1,537000,537999.999,4142000,4142999.999
"5571",5571,537073.577,537084.986,4142680.007,4142689.433,"Silva","NEON_D07_MLBS_DP1_537000_4142000_classified_point_cloud.laz","2018_MLBS_3_537000_4142000_image.tif","Tree",1,537000,537999.999,4142000,4142999.999
"5572",5572,537084.511,537095.499,4142678.047,4142689.989,"Silva","NEON_D07_MLBS_DP1_537000_4142000_classified_point_cloud.laz","2018_MLBS_3_537000_4142000_image.tif","Tree",1,537000,537999.999,4142000,4142999.999
"5573",5573,537048.511,537059.497,4142676.513,4142687.468,"Silva","NEON_D07_MLBS_DP1_537000_4142000_classified_point_cloud.laz","2018_MLBS_3_537000_4142000_image.tif","Tree",1,537000,537999.999,4142000,4142999.999
"5574",5574,537038.122,537048.985,4142677.665,4142686.431,"Silva","NEON_D07_MLBS_DP1_537000_4142000_classified_point_cloud.laz","2018_MLBS_3_537000_4142000_image.tif","Tree",1,537000,537999.999,4142000,4142999.999
"5575",5575,537063.585,537072.375,4142675.034,4142682.978,"Silva","NEON_D07_MLBS_DP1_537000_4142000_classified_point_cloud.laz","2018_MLBS_3_537000_4142000_image.tif","Tree",1,537000,537999.999,4142000,4142999.999
"5576",5576,537059.518,537067.459,4142671.099,4142679.403,"Silva","NEON_D07_MLBS_DP1_537000_4142000_classified_point_cloud.laz","2018_MLBS_3_537000_4142000_image.tif","Tree",1,537000,537999.999,4142000,4142999.999
"5577",5577,537084.513,537091.486,4142670.214,4142679.5,"Silva","NEON_D07_MLBS_DP1_537000_4142000_classified_point_cloud.laz","2018_MLBS_3_537000_4142000_image.tif","Tree",1,537000,537999.999,4142000,4142999.999
"5578",5578,537079.027,537084.49,4142668.618,4142677.608,"Silva","NEON_D07_MLBS_DP1_537000_4142000_classified_point_cloud.laz","2018_MLBS_3_537000_4142000_image.tif","Tree",1,537000,537999.999,4142000,4142999.999
"5579",5579,537071.198,537078.998,4142670.502,4142679.941,"Silva","NEON_D07_MLBS_DP1_537000_4142000_classified_point_cloud.laz","2018_MLBS_3_537000_4142000_image.tif","Tree",1,537000,537999.999,4142000,4142999.999
"5580",5580,537081.778,537089.414,4142701.008,4142710.496,"Silva","NEON_D07_MLBS_DP1_537000_4142000_classified_point_cloud.laz","2018_MLBS_3_537000_4142000_image.tif","Tree",1,537000,537999.999,4142000,4142999.999
"5581",5581,537048.507,537058.983,4142703.022,4142710,"Silva","NEON_D07_MLBS_DP1_537000_4142000_classified_point_cloud.laz","2018_MLBS_3_537000_4142000_image.tif","Tree",1,537000,537999.999,4142000,4142999.999
"5582",5582,537068.535,537078.483,4142702.008,4142709.412,"Silva","NEON_D07_MLBS_DP1_537000_4142000_classified_point_cloud.laz","2018_MLBS_3_537000_4142000_image.tif","Tree",1,537000,537999.999,4142000,4142999.999
"5583",5583,537059.016,537069.48,4142702.569,4142713.489,"Silva","NEON_D07_MLBS_DP1_537000_4142000_classified_point_cloud.laz","2018_MLBS_3_537000_4142000_image.tif","Tree",1,537000,537999.999,4142000,4142999.999
"5584",5584,537036.501,537048.364,4142702.503,4142713.996,"Silva","NEON_D07_MLBS_DP1_537000_4142000_classified_point_cloud.laz","2018_MLBS_3_537000_4142000_image.tif","Tree",1,537000,537999.999,4142000,4142999.999
"5585",5585,537041.441,537050.494,4142705.512,4142715.479,"Silva","NEON_D07_MLBS_DP1_537000_4142000_classified_point_cloud.laz","2018_MLBS_3_537000_4142000_image.tif","Tree",1,537000,537999.999,4142000,4142999.999
"5586",5586,537068.05,537080.259,4142707.001,4142714.991,"Silva","NEON_D07_MLBS_DP1_537000_4142000_classified_point_cloud.laz","2018_MLBS_3_537000_4142000_image.tif","Tree",1,537000,537999.999,4142000,4142999.999
"5587",5587,537089.609,537096.979,4142707.571,4142717.994,"Silva","NEON_D07_MLBS_DP1_537000_4142000_classified_point_cloud.laz","2018_MLBS_3_537000_4142000_image.tif","Tree",1,537000,537999.999,4142000,4142999.999
"5588",5588,537047.529,537056.495,4142709.006,4142717.484,"Silva","NEON_D07_MLBS_DP1_537000_4142000_classified_point_cloud.laz","2018_MLBS_3_537000_4142000_image.tif","Tree",1,537000,537999.999,4142000,4142999.999
"5589",5589,537082.511,537092.836,4142710.011,4142719,"Silva","NEON_D07_MLBS_DP1_537000_4142000_classified_point_cloud.laz","2018_MLBS_3_537000_4142000_image.tif","Tree",1,537000,537999.999,4142000,4142999.999
"5590",5590,537068.525,537082.943,4142714.061,4142720.963,"Silva","NEON_D07_MLBS_DP1_537000_4142000_classified_point_cloud.laz","2018_MLBS_3_537000_4142000_image.tif","Tree",1,537000,537999.999,4142000,4142999.999
"5591",5591,537036.013,537043.491,4142713.012,4142724.976,"Silva","NEON_D07_MLBS_DP1_537000_4142000_classified_point_cloud.laz","2018_MLBS_3_537000_4142000_image.tif","Tree",1,537000,537999.999,4142000,4142999.999
"5592",5592,537042.522,537049.141,4142715.598,4142724.968,"Silva","NEON_D07_MLBS_DP1_537000_4142000_classified_point_cloud.laz","2018_MLBS_3_537000_4142000_image.tif","Tree",1,537000,537999.999,4142000,4142999.999
"5593",5593,537031.022,537040.473,4142714.527,4142726.986,"Silva","NEON_D07_MLBS_DP1_537000_4142000_classified_point_cloud.laz","2018_MLBS_3_537000_4142000_image.tif","Tree",1,537000,537999.999,4142000,4142999.999
"5594",5594,537083.123,537093.422,4142718.033,4142727.976,"Silva","NEON_D07_MLBS_DP1_537000_4142000_classified_point_cloud.laz","2018_MLBS_3_537000_4142000_image.tif","Tree",1,537000,537999.999,4142000,4142999.999
"5595",5595,537053.003,537059.836,4142719.192,4142726.975,"Silva","NEON_D07_MLBS_DP1_537000_4142000_classified_point_cloud.laz","2018_MLBS_3_537000_4142000_image.tif","Tree",1,537000,537999.999,4142000,4142999.999
"5596",5596,537069.107,537081.488,4142719.014,4142728.956,"Silva","NEON_D07_MLBS_DP1_537000_4142000_classified_point_cloud.laz","2018_MLBS_3_537000_4142000_image.tif","Tree",1,537000,537999.999,4142000,4142999.999
"5597",5597,537015.564,537025.73,4142797.016,4142806.985,"Silva","NEON_D07_MLBS_DP1_537000_4142000_classified_point_cloud.laz","2018_MLBS_3_537000_4142000_image.tif","Tree",1,537000,537999.999,4142000,4142999.999
"5598",5598,537007.827,537018.979,4142796.016,4142806.961,"Silva","NEON_D07_MLBS_DP1_537000_4142000_classified_point_cloud.laz","2018_MLBS_3_537000_4142000_image.tif","Tree",1,537000,537999.999,4142000,4142999.999
"5599",5599,537021.032,537029.992,4142787.035,4142795.494,"Silva","NEON_D07_MLBS_DP1_537000_4142000_classified_point_cloud.laz","2018_MLBS_3_537000_4142000_image.tif","Tree",1,537000,537999.999,4142000,4142999.999
"5600",5600,537000.004,537006.989,4142785.051,4142793.995,"Silva","NEON_D07_MLBS_DP1_537000_4142000_classified_point_cloud.laz","2018_MLBS_3_537000_4142000_image.tif","Tree",1,537000,537999.999,4142000,4142999.999
"5601",5601,537021.003,537030.4,4142780.038,4142787.955,"Silva","NEON_D07_MLBS_DP1_537000_4142000_classified_point_cloud.laz","2018_MLBS_3_537000_4142000_image.tif","Tree",1,537000,537999.999,4142000,4142999.999
"5602",5602,537008.582,537014.466,4142778.419,4142787.487,"Silva","NEON_D07_MLBS_DP1_537000_4142000_classified_point_cloud.laz","2018_MLBS_3_537000_4142000_image.tif","Tree",1,537000,537999.999,4142000,4142999.999
"5603",5603,537013.019,537021.459,4142777.008,4142785.943,"Silva","NEON_D07_MLBS_DP1_537000_4142000_classified_point_cloud.laz","2018_MLBS_3_537000_4142000_image.tif","Tree",1,537000,537999.999,4142000,4142999.999
"5604",5604,537001.039,537008.482,4142776.007,4142783.489,"Silva","NEON_D07_MLBS_DP1_537000_4142000_classified_point_cloud.laz","2018_MLBS_3_537000_4142000_image.tif","Tree",1,537000,537999.999,4142000,4142999.999
"5605",5605,537000.001,537003.941,4142777.509,4142783.337,"Silva","NEON_D07_MLBS_DP1_537000_4142000_classified_point_cloud.laz","2018_MLBS_3_537000_4142000_image.tif","Tree",1,537000,537999.999,4142000,4142999.999
"5606",5606,537019.062,537026.935,4142770.503,4142780.476,"Silva","NEON_D07_MLBS_DP1_537000_4142000_classified_point_cloud.laz","2018_MLBS_3_537000_4142000_image.tif","Tree",1,537000,537999.999,4142000,4142999.999
"5607",5607,537000.004,537006.497,4142769.009,4142777.5,"Silva","NEON_D07_MLBS_DP1_537000_4142000_classified_point_cloud.laz","2018_MLBS_3_537000_4142000_image.tif","Tree",1,537000,537999.999,4142000,4142999.999
"5608",5608,537011.505,537023.287,4142764.298,4142777.934,"Silva","NEON_D07_MLBS_DP1_537000_4142000_classified_point_cloud.laz","2018_MLBS_3_537000_4142000_image.tif","Tree",1,537000,537999.999,4142000,4142999.999
"5609",5609,537000.132,537013.36,4142766.038,4142775.974,"Silva","NEON_D07_MLBS_DP1_537000_4142000_classified_point_cloud.laz","2018_MLBS_3_537000_4142000_image.tif","Tree",1,537000,537999.999,4142000,4142999.999
"5610",5610,537017.084,537028.816,4142757.572,4142766.129,"Silva","NEON_D07_MLBS_DP1_537000_4142000_classified_point_cloud.laz","2018_MLBS_3_537000_4142000_image.tif","Tree",1,537000,537999.999,4142000,4142999.999
"5611",5611,537006.612,537016.997,4142756.658,4142766.96,"Silva","NEON_D07_MLBS_DP1_537000_4142000_classified_point_cloud.laz","2018_MLBS_3_537000_4142000_image.tif","Tree",1,537000,537999.999,4142000,4142999.999
"5612",5612,537000.011,537011.473,4142751.007,4142759.97,"Silva","NEON_D07_MLBS_DP1_537000_4142000_classified_point_cloud.laz","2018_MLBS_3_537000_4142000_image.tif","Tree",1,537000,537999.999,4142000,4142999.999
"5613",5613,537011.108,537021.472,4142753.037,4142762.394,"Silva","NEON_D07_MLBS_DP1_537000_4142000_classified_point_cloud.laz","2018_MLBS_3_537000_4142000_image.tif","Tree",1,537000,537999.999,4142000,4142999.999
"5614",5614,537021.002,537027.972,4142747.032,4142757.495,"Silva","NEON_D07_MLBS_DP1_537000_4142000_classified_point_cloud.laz","2018_MLBS_3_537000_4142000_image.tif","Tree",1,537000,537999.999,4142000,4142999.999
"5615",5615,537017.072,537021.985,4142749.006,4142755.908,"Silva","NEON_D07_MLBS_DP1_537000_4142000_classified_point_cloud.laz","2018_MLBS_3_537000_4142000_image.tif","Tree",1,537000,537999.999,4142000,4142999.999
"5616",5616,537009.144,537017.475,4142747.513,4142754.461,"Silva","NEON_D07_MLBS_DP1_537000_4142000_classified_point_cloud.laz","2018_MLBS_3_537000_4142000_image.tif","Tree",1,537000,537999.999,4142000,4142999.999
"5617",5617,537013.052,537023.479,4142743.173,4142749.486,"Silva","NEON_D07_MLBS_DP1_537000_4142000_classified_point_cloud.laz","2018_MLBS_3_537000_4142000_image.tif","Tree",1,537000,537999.999,4142000,4142999.999
"5618",5618,537000.002,537004.47,4142741.546,4142752.928,"Silva","NEON_D07_MLBS_DP1_537000_4142000_classified_point_cloud.laz","2018_MLBS_3_537000_4142000_image.tif","Tree",1,537000,537999.999,4142000,4142999.999
"5619",5619,537002.588,537009.9,4142740.555,4142751.471,"Silva","NEON_D07_MLBS_DP1_537000_4142000_classified_point_cloud.laz","2018_MLBS_3_537000_4142000_image.tif","Tree",1,537000,537999.999,4142000,4142999.999
"5620",5620,537013.131,537019.948,4142734.514,4142746.985,"Silva","NEON_D07_MLBS_DP1_537000_4142000_classified_point_cloud.laz","2018_MLBS_3_537000_4142000_image.tif","Tree",1,537000,537999.999,4142000,4142999.999
"5621",5621,537017.526,537028.83,4142733.509,4142746.947,"Silva","NEON_D07_MLBS_DP1_537000_4142000_classified_point_cloud.laz","2018_MLBS_3_537000_4142000_image.tif","Tree",1,537000,537999.999,4142000,4142999.999
"5622",5622,537056.672,537065.301,4142800.01,4142807.469,"Silva","NEON_D07_MLBS_DP1_537000_4142000_classified_point_cloud.laz","2018_MLBS_3_537000_4142000_image.tif","Tree",1,537000,537999.999,4142000,4142999.999
"5623",5623,537036.02,537044.972,4142798.146,4142807.978,"Silva","NEON_D07_MLBS_DP1_537000_4142000_classified_point_cloud.laz","2018_MLBS_3_537000_4142000_image.tif","Tree",1,537000,537999.999,4142000,4142999.999
"5624",5624,537076.064,537087.485,4142797.958,4142806.827,"Silva","NEON_D07_MLBS_DP1_537000_4142000_classified_point_cloud.laz","2018_MLBS_3_537000_4142000_image.tif","Tree",1,537000,537999.999,4142000,4142999.999
"5625",5625,537047.017,537055.438,4142798.007,4142805.485,"Silva","NEON_D07_MLBS_DP1_537000_4142000_classified_point_cloud.laz","2018_MLBS_3_537000_4142000_image.tif","Tree",1,537000,537999.999,4142000,4142999.999
"5626",5626,537069.002,537074.461,4142795.571,4142805.471,"Silva","NEON_D07_MLBS_DP1_537000_4142000_classified_point_cloud.laz","2018_MLBS_3_537000_4142000_image.tif","Tree",1,537000,537999.999,4142000,4142999.999
"5627",5627,537065.04,537068.998,4142797.535,4142804,"Silva","NEON_D07_MLBS_DP1_537000_4142000_classified_point_cloud.laz","2018_MLBS_3_537000_4142000_image.tif","Tree",1,537000,537999.999,4142000,4142999.999
"5628",5628,537039.077,537047.872,4142797.11,4142805.332,"Silva","NEON_D07_MLBS_DP1_537000_4142000_classified_point_cloud.laz","2018_MLBS_3_537000_4142000_image.tif","Tree",1,537000,537999.999,4142000,4142999.999
"5629",5629,537061.002,537066.536,4142794.586,4142802.809,"Silva","NEON_D07_MLBS_DP1_537000_4142000_classified_point_cloud.laz","2018_MLBS_3_537000_4142000_image.tif","Tree",1,537000,537999.999,4142000,4142999.999
"5630",5630,537072.5,537080.389,4142795.012,4142804.374,"Silva","NEON_D07_MLBS_DP1_537000_4142000_classified_point_cloud.laz","2018_MLBS_3_537000_4142000_image.tif","Tree",1,537000,537999.999,4142000,4142999.999
"5631",5631,537020.606,537032.849,4142794.541,4142804.996,"Silva","NEON_D07_MLBS_DP1_537000_4142000_classified_point_cloud.laz","2018_MLBS_3_537000_4142000_image.tif","Tree",1,537000,537999.999,4142000,4142999.999
"5632",5632,537054.021,537061.968,4142792.01,4142802.433,"Silva","NEON_D07_MLBS_DP1_537000_4142000_classified_point_cloud.laz","2018_MLBS_3_537000_4142000_image.tif","Tree",1,537000,537999.999,4142000,4142999.999
"5633",5633,537042.789,537049.99,4142794.211,4142799.853,"Silva","NEON_D07_MLBS_DP1_537000_4142000_classified_point_cloud.laz","2018_MLBS_3_537000_4142000_image.tif","Tree",1,537000,537999.999,4142000,4142999.999
"5634",5634,537081.018,537087.919,4142790.691,4142799.939,"Silva","NEON_D07_MLBS_DP1_537000_4142000_classified_point_cloud.laz","2018_MLBS_3_537000_4142000_image.tif","Tree",1,537000,537999.999,4142000,4142999.999
"5635",5635,537061.561,537072.316,4142789.622,4142797.445,"Silva","NEON_D07_MLBS_DP1_537000_4142000_classified_point_cloud.laz","2018_MLBS_3_537000_4142000_image.tif","Tree",1,537000,537999.999,4142000,4142999.999
"5636",5636,537075.267,537081.491,4142789.541,4142797.402,"Silva","NEON_D07_MLBS_DP1_537000_4142000_classified_point_cloud.laz","2018_MLBS_3_537000_4142000_image.tif","Tree",1,537000,537999.999,4142000,4142999.999
"5637",5637,537048.051,537054.971,4142790.605,4142797.93,"Silva","NEON_D07_MLBS_DP1_537000_4142000_classified_point_cloud.laz","2018_MLBS_3_537000_4142000_image.tif","Tree",1,537000,537999.999,4142000,4142999.999
"5638",5638,537042.526,537048.357,4142788.509,4142796.309,"Silva","NEON_D07_MLBS_DP1_537000_4142000_classified_point_cloud.laz","2018_MLBS_3_537000_4142000_image.tif","Tree",1,537000,537999.999,4142000,4142999.999
"5639",5639,537070.014,537079.477,4142785.503,4142794.976,"Silva","NEON_D07_MLBS_DP1_537000_4142000_classified_point_cloud.laz","2018_MLBS_3_537000_4142000_image.tif","Tree",1,537000,537999.999,4142000,4142999.999
"5640",5640,537036.57,537043.49,4142788.674,4142797.982,"Silva","NEON_D07_MLBS_DP1_537000_4142000_classified_point_cloud.laz","2018_MLBS_3_537000_4142000_image.tif","Tree",1,537000,537999.999,4142000,4142999.999
"5641",5641,537050.54,537060.817,4142787.567,4142794.989,"Silva","NEON_D07_MLBS_DP1_537000_4142000_classified_point_cloud.laz","2018_MLBS_3_537000_4142000_image.tif","Tree",1,537000,537999.999,4142000,4142999.999
"5642",5642,537028.564,537036.973,4142789.005,4142796.48,"Silva","NEON_D07_MLBS_DP1_537000_4142000_classified_point_cloud.laz","2018_MLBS_3_537000_4142000_image.tif","Tree",1,537000,537999.999,4142000,4142999.999
"5643",5643,537081.13,537087.404,4142784.548,4142790.993,"Silva","NEON_D07_MLBS_DP1_537000_4142000_classified_point_cloud.laz","2018_MLBS_3_537000_4142000_image.tif","Tree",1,537000,537999.999,4142000,4142999.999
"5644",5644,537060.002,537071.498,4142783.503,4142791.992,"Silva","NEON_D07_MLBS_DP1_537000_4142000_classified_point_cloud.laz","2018_MLBS_3_537000_4142000_image.tif","Tree",1,537000,537999.999,4142000,4142999.999
"5645",5645,537076.01,537084.904,4142780.926,4142789.943,"Silva","NEON_D07_MLBS_DP1_537000_4142000_classified_point_cloud.laz","2018_MLBS_3_537000_4142000_image.tif","Tree",1,537000,537999.999,4142000,4142999.999
"5646",5646,537043.525,537049.994,4142781.001,4142790.974,"Silva","NEON_D07_MLBS_DP1_537000_4142000_classified_point_cloud.laz","2018_MLBS_3_537000_4142000_image.tif","Tree",1,537000,537999.999,4142000,4142999.999
"5647",5647,537035.515,537043.968,4142782.524,4142790.959,"Silva","NEON_D07_MLBS_DP1_537000_4142000_classified_point_cloud.laz","2018_MLBS_3_537000_4142000_image.tif","Tree",1,537000,537999.999,4142000,4142999.999
"5648",5648,537049.503,537055.439,4142779.653,4142790.464,"Silva","NEON_D07_MLBS_DP1_537000_4142000_classified_point_cloud.laz","2018_MLBS_3_537000_4142000_image.tif","Tree",1,537000,537999.999,4142000,4142999.999
"5649",5649,537028.558,537035.997,4142780.049,4142789.448,"Silva","NEON_D07_MLBS_DP1_537000_4142000_classified_point_cloud.laz","2018_MLBS_3_537000_4142000_image.tif","Tree",1,537000,537999.999,4142000,4142999.999
"5650",5650,537053.524,537060.417,4142781.039,4142789.41,"Silva","NEON_D07_MLBS_DP1_537000_4142000_classified_point_cloud.laz","2018_MLBS_3_537000_4142000_image.tif","Tree",1,537000,537999.999,4142000,4142999.999
"5651",5651,537059.051,537063.949,4142781.501,4142787.564,"Silva","NEON_D07_MLBS_DP1_537000_4142000_classified_point_cloud.laz","2018_MLBS_3_537000_4142000_image.tif","Tree",1,537000,537999.999,4142000,4142999.999
"5652",5652,537080.191,537087.999,4142774.077,4142784.478,"Silva","NEON_D07_MLBS_DP1_537000_4142000_classified_point_cloud.laz","2018_MLBS_3_537000_4142000_image.tif","Tree",1,537000,537999.999,4142000,4142999.999
"5653",5653,537035.546,537046.465,4142779.502,4142784.839,"Silva","NEON_D07_MLBS_DP1_537000_4142000_classified_point_cloud.laz","2018_MLBS_3_537000_4142000_image.tif","Tree",1,537000,537999.999,4142000,4142999.999
"5654",5654,537071.357,537079.954,4142775.604,4142785.48,"Silva","NEON_D07_MLBS_DP1_537000_4142000_classified_point_cloud.laz","2018_MLBS_3_537000_4142000_image.tif","Tree",1,537000,537999.999,4142000,4142999.999
"5655",5655,537061.083,537065.508,4142775.122,4142783.498,"Silva","NEON_D07_MLBS_DP1_537000_4142000_classified_point_cloud.laz","2018_MLBS_3_537000_4142000_image.tif","Tree",1,537000,537999.999,4142000,4142999.999
"5656",5656,537086.22,537096.471,4142773.518,4142781.928,"Silva","NEON_D07_MLBS_DP1_537000_4142000_classified_point_cloud.laz","2018_MLBS_3_537000_4142000_image.tif","Tree",1,537000,537999.999,4142000,4142999.999
"5657",5657,537056.555,537061.944,4142776.09,4142781.935,"Silva","NEON_D07_MLBS_DP1_537000_4142000_classified_point_cloud.laz","2018_MLBS_3_537000_4142000_image.tif","Tree",1,537000,537999.999,4142000,4142999.999
"5658",5658,537065.106,537071.497,4142776.568,4142784.745,"Silva","NEON_D07_MLBS_DP1_537000_4142000_classified_point_cloud.laz","2018_MLBS_3_537000_4142000_image.tif","Tree",1,537000,537999.999,4142000,4142999.999
"5659",5659,537050.51,537061.896,4142774.543,4142780.951,"Silva","NEON_D07_MLBS_DP1_537000_4142000_classified_point_cloud.laz","2018_MLBS_3_537000_4142000_image.tif","Tree",1,537000,537999.999,4142000,4142999.999
"5660",5660,537042.072,537050.894,4142774.017,4142781.984,"Silva","NEON_D07_MLBS_DP1_537000_4142000_classified_point_cloud.laz","2018_MLBS_3_537000_4142000_image.tif","Tree",1,537000,537999.999,4142000,4142999.999
"5661",5661,537034.036,537042.481,4142773.839,4142781.455,"Silva","NEON_D07_MLBS_DP1_537000_4142000_classified_point_cloud.laz","2018_MLBS_3_537000_4142000_image.tif","Tree",1,537000,537999.999,4142000,4142999.999
"5662",5662,537062.649,537071.994,4142771.615,4142777.472,"Silva","NEON_D07_MLBS_DP1_537000_4142000_classified_point_cloud.laz","2018_MLBS_3_537000_4142000_image.tif","Tree",1,537000,537999.999,4142000,4142999.999
"5663",5663,537076.305,537085.484,4142769.59,4142779.25,"Silva","NEON_D07_MLBS_DP1_537000_4142000_classified_point_cloud.laz","2018_MLBS_3_537000_4142000_image.tif","Tree",1,537000,537999.999,4142000,4142999.999
"5664",5664,537071.523,537078.434,4142769.502,4142776.305,"Silva","NEON_D07_MLBS_DP1_537000_4142000_classified_point_cloud.laz","2018_MLBS_3_537000_4142000_image.tif","Tree",1,537000,537999.999,4142000,4142999.999
"5665",5665,537031.55,537040.454,4142768.523,4142778.998,"Silva","NEON_D07_MLBS_DP1_537000_4142000_classified_point_cloud.laz","2018_MLBS_3_537000_4142000_image.tif","Tree",1,537000,537999.999,4142000,4142999.999
"5666",5666,537050.512,537061.49,4142765.009,4142774.488,"Silva","NEON_D07_MLBS_DP1_537000_4142000_classified_point_cloud.laz","2018_MLBS_3_537000_4142000_image.tif","Tree",1,537000,537999.999,4142000,4142999.999
"5667",5667,537061.014,537067.477,4142767.102,4142774.926,"Silva","NEON_D07_MLBS_DP1_537000_4142000_classified_point_cloud.laz","2018_MLBS_3_537000_4142000_image.tif","Tree",1,537000,537999.999,4142000,4142999.999
"5668",5668,537067.052,537073.486,4142766.016,4142772.422,"Silva","NEON_D07_MLBS_DP1_537000_4142000_classified_point_cloud.laz","2018_MLBS_3_537000_4142000_image.tif","Tree",1,537000,537999.999,4142000,4142999.999
"5669",5669,537079.032,537086.483,4142763.524,4142772.455,"Silva","NEON_D07_MLBS_DP1_537000_4142000_classified_point_cloud.laz","2018_MLBS_3_537000_4142000_image.tif","Tree",1,537000,537999.999,4142000,4142999.999
"5670",5670,537073.01,537079.479,4142762.513,4142769.64,"Silva","NEON_D07_MLBS_DP1_537000_4142000_classified_point_cloud.laz","2018_MLBS_3_537000_4142000_image.tif","Tree",1,537000,537999.999,4142000,4142999.999
"5671",5671,537043.032,537052.461,4142764.509,4142771.392,"Silva","NEON_D07_MLBS_DP1_537000_4142000_classified_point_cloud.laz","2018_MLBS_3_537000_4142000_image.tif","Tree",1,537000,537999.999,4142000,4142999.999
"5672",5672,537037.501,537043.456,4142761.532,4142769.801,"Silva","NEON_D07_MLBS_DP1_537000_4142000_classified_point_cloud.laz","2018_MLBS_3_537000_4142000_image.tif","Tree",1,537000,537999.999,4142000,4142999.999
"5673",5673,537067.009,537074.492,4142762.504,4142767.429,"Silva","NEON_D07_MLBS_DP1_537000_4142000_classified_point_cloud.laz","2018_MLBS_3_537000_4142000_image.tif","Tree",1,537000,537999.999,4142000,4142999.999
"5674",5674,537088.011,537096.93,4142759.515,4142766.481,"Silva","NEON_D07_MLBS_DP1_537000_4142000_classified_point_cloud.laz","2018_MLBS_3_537000_4142000_image.tif","Tree",1,537000,537999.999,4142000,4142999.999
"5675",5675,537081.049,537087.997,4142758.52,4142766.499,"Silva","NEON_D07_MLBS_DP1_537000_4142000_classified_point_cloud.laz","2018_MLBS_3_537000_4142000_image.tif","Tree",1,537000,537999.999,4142000,4142999.999
"5676",5676,537058.116,537067.486,4142760.513,4142767.498,"Silva","NEON_D07_MLBS_DP1_537000_4142000_classified_point_cloud.laz","2018_MLBS_3_537000_4142000_image.tif","Tree",1,537000,537999.999,4142000,4142999.999
"5677",5677,537074.53,537082.835,4142755.513,4142763.921,"Silva","NEON_D07_MLBS_DP1_537000_4142000_classified_point_cloud.laz","2018_MLBS_3_537000_4142000_image.tif","Tree",1,537000,537999.999,4142000,4142999.999
"5678",5678,537066.521,537074.918,4142757.052,4142763.39,"Silva","NEON_D07_MLBS_DP1_537000_4142000_classified_point_cloud.laz","2018_MLBS_3_537000_4142000_image.tif","Tree",1,537000,537999.999,4142000,4142999.999
"5679",5679,537038.539,537051.992,4142756.628,4142764.493,"Silva","NEON_D07_MLBS_DP1_537000_4142000_classified_point_cloud.laz","2018_MLBS_3_537000_4142000_image.tif","Tree",1,537000,537999.999,4142000,4142999.999
"5680",5680,537088.779,537097.957,4142754.071,4142761.995,"Silva","NEON_D07_MLBS_DP1_537000_4142000_classified_point_cloud.laz","2018_MLBS_3_537000_4142000_image.tif","Tree",1,537000,537999.999,4142000,4142999.999
"5681",5681,537052.029,537060.498,4142755.547,4142764.995,"Silva","NEON_D07_MLBS_DP1_537000_4142000_classified_point_cloud.laz","2018_MLBS_3_537000_4142000_image.tif","Tree",1,537000,537999.999,4142000,4142999.999
"5682",5682,537060.002,537067.483,4142753.266,4142761.401,"Silva","NEON_D07_MLBS_DP1_537000_4142000_classified_point_cloud.laz","2018_MLBS_3_537000_4142000_image.tif","Tree",1,537000,537999.999,4142000,4142999.999
"5683",5683,537067.072,537076.343,4142752.09,4142760.895,"Silva","NEON_D07_MLBS_DP1_537000_4142000_classified_point_cloud.laz","2018_MLBS_3_537000_4142000_image.tif","Tree",1,537000,537999.999,4142000,4142999.999
"5684",5684,537049.029,537055.975,4142751.117,4142763.456,"Silva","NEON_D07_MLBS_DP1_537000_4142000_classified_point_cloud.laz","2018_MLBS_3_537000_4142000_image.tif","Tree",1,537000,537999.999,4142000,4142999.999
"5685",5685,537086.053,537092.462,4142753.005,4142759.497,"Silva","NEON_D07_MLBS_DP1_537000_4142000_classified_point_cloud.laz","2018_MLBS_3_537000_4142000_image.tif","Tree",1,537000,537999.999,4142000,4142999.999
"5686",5686,537079.528,537086.488,4142750.148,4142758.469,"Silva","NEON_D07_MLBS_DP1_537000_4142000_classified_point_cloud.laz","2018_MLBS_3_537000_4142000_image.tif","Tree",1,537000,537999.999,4142000,4142999.999
"5687",5687,537042.504,537050.987,4142750.505,4142759.48,"Silva","NEON_D07_MLBS_DP1_537000_4142000_classified_point_cloud.laz","2018_MLBS_3_537000_4142000_image.tif","Tree",1,537000,537999.999,4142000,4142999.999
"5688",5688,537055.133,537066.928,4142750.031,4142756.866,"Silva","NEON_D07_MLBS_DP1_537000_4142000_classified_point_cloud.laz","2018_MLBS_3_537000_4142000_image.tif","Tree",1,537000,537999.999,4142000,4142999.999
"5689",5689,537026.894,537033.473,4142749.52,4142756.5,"Silva","NEON_D07_MLBS_DP1_537000_4142000_classified_point_cloud.laz","2018_MLBS_3_537000_4142000_image.tif","Tree",1,537000,537999.999,4142000,4142999.999
"5690",5690,537085.015,537093.491,4142748.505,4142753.98,"Silva","NEON_D07_MLBS_DP1_537000_4142000_classified_point_cloud.laz","2018_MLBS_3_537000_4142000_image.tif","Tree",1,537000,537999.999,4142000,4142999.999
"5691",5691,537033.502,537042.947,4142748.539,4142759.859,"Silva","NEON_D07_MLBS_DP1_537000_4142000_classified_point_cloud.laz","2018_MLBS_3_537000_4142000_image.tif","Tree",1,537000,537999.999,4142000,4142999.999
"5692",5692,537053.252,537061.417,4142744.523,4142752.458,"Silva","NEON_D07_MLBS_DP1_537000_4142000_classified_point_cloud.laz","2018_MLBS_3_537000_4142000_image.tif","Tree",1,537000,537999.999,4142000,4142999.999
"5693",5693,537038.173,537047.068,4142744.001,4142752.969,"Silva","NEON_D07_MLBS_DP1_537000_4142000_classified_point_cloud.laz","2018_MLBS_3_537000_4142000_image.tif","Tree",1,537000,537999.999,4142000,4142999.999
"5694",5694,537078.033,537084.491,4142742.043,4142751.395,"Silva","NEON_D07_MLBS_DP1_537000_4142000_classified_point_cloud.laz","2018_MLBS_3_537000_4142000_image.tif","Tree",1,537000,537999.999,4142000,4142999.999
"5695",5695,537069.023,537078.457,4142743.525,4142749.494,"Silva","NEON_D07_MLBS_DP1_537000_4142000_classified_point_cloud.laz","2018_MLBS_3_537000_4142000_image.tif","Tree",1,537000,537999.999,4142000,4142999.999
"5696",5696,537059.194,537068.993,4142741.509,4142752.245,"Silva","NEON_D07_MLBS_DP1_537000_4142000_classified_point_cloud.laz","2018_MLBS_3_537000_4142000_image.tif","Tree",1,537000,537999.999,4142000,4142999.999
"5697",5697,537046.021,537054.479,4142743.517,4142751.495,"Silva","NEON_D07_MLBS_DP1_537000_4142000_classified_point_cloud.laz","2018_MLBS_3_537000_4142000_image.tif","Tree",1,537000,537999.999,4142000,4142999.999
"5698",5698,537025.035,537033.955,4142740.605,4142750.493,"Silva","NEON_D07_MLBS_DP1_537000_4142000_classified_point_cloud.laz","2018_MLBS_3_537000_4142000_image.tif","Tree",1,537000,537999.999,4142000,4142999.999
"5699",5699,537031.588,537039.075,4142741.047,4142749.984,"Silva","NEON_D07_MLBS_DP1_537000_4142000_classified_point_cloud.laz","2018_MLBS_3_537000_4142000_image.tif","Tree",1,537000,537999.999,4142000,4142999.999
"5700",5700,537080.577,537089.419,4142737.505,4142744.933,"Silva","NEON_D07_MLBS_DP1_537000_4142000_classified_point_cloud.laz","2018_MLBS_3_537000_4142000_image.tif","Tree",1,537000,537999.999,4142000,4142999.999
"5701",5701,537072.006,537079.978,4142737.561,4142744.466,"Silva","NEON_D07_MLBS_DP1_537000_4142000_classified_point_cloud.laz","2018_MLBS_3_537000_4142000_image.tif","Tree",1,537000,537999.999,4142000,4142999.999
"5702",5702,537089.025,537098.499,4142737.042,4142744.353,"Silva","NEON_D07_MLBS_DP1_537000_4142000_classified_point_cloud.laz","2018_MLBS_3_537000_4142000_image.tif","Tree",1,537000,537999.999,4142000,4142999.999
"5703",5703,537053.008,537061.355,4142738.052,4142744.963,"Silva","NEON_D07_MLBS_DP1_537000_4142000_classified_point_cloud.laz","2018_MLBS_3_537000_4142000_image.tif","Tree",1,537000,537999.999,4142000,4142999.999
"5704",5704,537045.512,537053.49,4142738.516,4142743.998,"Silva","NEON_D07_MLBS_DP1_537000_4142000_classified_point_cloud.laz","2018_MLBS_3_537000_4142000_image.tif","Tree",1,537000,537999.999,4142000,4142999.999
"5705",5705,537038.037,537045.998,4142736.522,4142744.5,"Silva","NEON_D07_MLBS_DP1_537000_4142000_classified_point_cloud.laz","2018_MLBS_3_537000_4142000_image.tif","Tree",1,537000,537999.999,4142000,4142999.999
"5706",5706,537010.59,537018.922,4142865.557,4142876.982,"Silva","NEON_D07_MLBS_DP1_537000_4142000_classified_point_cloud.laz","2018_MLBS_3_537000_4142000_image.tif","Tree",1,537000,537999.999,4142000,4142999.999
"5707",5707,537017.139,537026.96,4142864.502,4142876.477,"Silva","NEON_D07_MLBS_DP1_537000_4142000_classified_point_cloud.laz","2018_MLBS_3_537000_4142000_image.tif","Tree",1,537000,537999.999,4142000,4142999.999
"5708",5708,537005.601,537013.967,4142865.501,4142876.457,"Silva","NEON_D07_MLBS_DP1_537000_4142000_classified_point_cloud.laz","2018_MLBS_3_537000_4142000_image.tif","Tree",1,537000,537999.999,4142000,4142999.999
"5709",5709,537000,537003.883,4142865.004,4142870.48,"Silva","NEON_D07_MLBS_DP1_537000_4142000_classified_point_cloud.laz","2018_MLBS_3_537000_4142000_image.tif","Tree",1,537000,537999.999,4142000,4142999.999
"5710",5710,537002.579,537007.475,4142862.528,4142871.275,"Silva","NEON_D07_MLBS_DP1_537000_4142000_classified_point_cloud.laz","2018_MLBS_3_537000_4142000_image.tif","Tree",1,537000,537999.999,4142000,4142999.999
"5711",5711,537007.064,537013.992,4142859.566,4142867.478,"Silva","NEON_D07_MLBS_DP1_537000_4142000_classified_point_cloud.laz","2018_MLBS_3_537000_4142000_image.tif","Tree",1,537000,537999.999,4142000,4142999.999
"5712",5712,537013.501,537023.379,4142858.004,4142866.921,"Silva","NEON_D07_MLBS_DP1_537000_4142000_classified_point_cloud.laz","2018_MLBS_3_537000_4142000_image.tif","Tree",1,537000,537999.999,4142000,4142999.999
"5713",5713,537000.005,537003.955,4142858.398,4142864.924,"Silva","NEON_D07_MLBS_DP1_537000_4142000_classified_point_cloud.laz","2018_MLBS_3_537000_4142000_image.tif","Tree",1,537000,537999.999,4142000,4142999.999
"5714",5714,537003.043,537013.424,4142858.018,4142863.417,"Silva","NEON_D07_MLBS_DP1_537000_4142000_classified_point_cloud.laz","2018_MLBS_3_537000_4142000_image.tif","Tree",1,537000,537999.999,4142000,4142999.999
"5715",5715,537021.019,537029.998,4142856.641,4142866.49,"Silva","NEON_D07_MLBS_DP1_537000_4142000_classified_point_cloud.laz","2018_MLBS_3_537000_4142000_image.tif","Tree",1,537000,537999.999,4142000,4142999.999
"5716",5716,537005.511,537013.998,4142850.05,4142858.979,"Silva","NEON_D07_MLBS_DP1_537000_4142000_classified_point_cloud.laz","2018_MLBS_3_537000_4142000_image.tif","Tree",1,537000,537999.999,4142000,4142999.999
"5717",5717,537021.558,537027.491,4142852.034,4142858.497,"Silva","NEON_D07_MLBS_DP1_537000_4142000_classified_point_cloud.laz","2018_MLBS_3_537000_4142000_image.tif","Tree",1,537000,537999.999,4142000,4142999.999
"5718",5718,537000.071,537006.988,4142849.079,4142858.965,"Silva","NEON_D07_MLBS_DP1_537000_4142000_classified_point_cloud.laz","2018_MLBS_3_537000_4142000_image.tif","Tree",1,537000,537999.999,4142000,4142999.999
"5719",5719,537014.053,537020.989,4142842.535,4142851.989,"Silva","NEON_D07_MLBS_DP1_537000_4142000_classified_point_cloud.laz","2018_MLBS_3_537000_4142000_image.tif","Tree",1,537000,537999.999,4142000,4142999.999
"5720",5720,537004.366,537015.95,4142841.501,4142852.472,"Silva","NEON_D07_MLBS_DP1_537000_4142000_classified_point_cloud.laz","2018_MLBS_3_537000_4142000_image.tif","Tree",1,537000,537999.999,4142000,4142999.999
"5721",5721,537020.014,537026.437,4142840.103,4142845.961,"Silva","NEON_D07_MLBS_DP1_537000_4142000_classified_point_cloud.laz","2018_MLBS_3_537000_4142000_image.tif","Tree",1,537000,537999.999,4142000,4142999.999
"5722",5722,537016.002,537025.448,4142833.003,4142842.974,"Silva","NEON_D07_MLBS_DP1_537000_4142000_classified_point_cloud.laz","2018_MLBS_3_537000_4142000_image.tif","Tree",1,537000,537999.999,4142000,4142999.999
"5723",5723,537000.002,537007.373,4142835.01,4142846.463,"Silva","NEON_D07_MLBS_DP1_537000_4142000_classified_point_cloud.laz","2018_MLBS_3_537000_4142000_image.tif","Tree",1,537000,537999.999,4142000,4142999.999
"5724",5724,537006.005,537017.491,4142830.501,4142841.483,"Silva","NEON_D07_MLBS_DP1_537000_4142000_classified_point_cloud.laz","2018_MLBS_3_537000_4142000_image.tif","Tree",1,537000,537999.999,4142000,4142999.999
"5725",5725,537004.037,537013.984,4142802.592,4142811.321,"Silva","NEON_D07_MLBS_DP1_537000_4142000_classified_point_cloud.laz","2018_MLBS_3_537000_4142000_image.tif","Tree",1,537000,537999.999,4142000,4142999.999
"5726",5726,537014.011,537024.785,4142806.004,4142813.412,"Silva","NEON_D07_MLBS_DP1_537000_4142000_classified_point_cloud.laz","2018_MLBS_3_537000_4142000_image.tif","Tree",1,537000,537999.999,4142000,4142999.999
"5727",5727,537004.012,537008.83,4142805.25,4142813.49,"Silva","NEON_D07_MLBS_DP1_537000_4142000_classified_point_cloud.laz","2018_MLBS_3_537000_4142000_image.tif","Tree",1,537000,537999.999,4142000,4142999.999
"5728",5728,537000.017,537004.496,4142804.562,4142813.994,"Silva","NEON_D07_MLBS_DP1_537000_4142000_classified_point_cloud.laz","2018_MLBS_3_537000_4142000_image.tif","Tree",1,537000,537999.999,4142000,4142999.999
"5729",5729,537012.009,537023.489,4142808.253,4142816,"Silva","NEON_D07_MLBS_DP1_537000_4142000_classified_point_cloud.laz","2018_MLBS_3_537000_4142000_image.tif","Tree",1,537000,537999.999,4142000,4142999.999
"5730",5730,537004.001,537012.96,4142811.012,4142819.843,"Silva","NEON_D07_MLBS_DP1_537000_4142000_classified_point_cloud.laz","2018_MLBS_3_537000_4142000_image.tif","Tree",1,537000,537999.999,4142000,4142999.999
"5731",5731,537000.003,537003.923,4142811.513,4142817.496,"Silva","NEON_D07_MLBS_DP1_537000_4142000_classified_point_cloud.laz","2018_MLBS_3_537000_4142000_image.tif","Tree",1,537000,537999.999,4142000,4142999.999
"5732",5732,537012.542,537024.419,4142814.507,4142826.478,"Silva","NEON_D07_MLBS_DP1_537000_4142000_classified_point_cloud.laz","2018_MLBS_3_537000_4142000_image.tif","Tree",1,537000,537999.999,4142000,4142999.999
"5733",5733,537000.016,537007.96,4142816.001,4142822.471,"Silva","NEON_D07_MLBS_DP1_537000_4142000_classified_point_cloud.laz","2018_MLBS_3_537000_4142000_image.tif","Tree",1,537000,537999.999,4142000,4142999.999
"5734",5734,537008.507,537021.214,4142817.01,4142828.497,"Silva","NEON_D07_MLBS_DP1_537000_4142000_classified_point_cloud.laz","2018_MLBS_3_537000_4142000_image.tif","Tree",1,537000,537999.999,4142000,4142999.999
"5735",5735,537000.001,537004.464,4142820.645,4142826.98,"Silva","NEON_D07_MLBS_DP1_537000_4142000_classified_point_cloud.laz","2018_MLBS_3_537000_4142000_image.tif","Tree",1,537000,537999.999,4142000,4142999.999
"5736",5736,537008.02,537018.445,4142820.069,4142831.297,"Silva","NEON_D07_MLBS_DP1_537000_4142000_classified_point_cloud.laz","2018_MLBS_3_537000_4142000_image.tif","Tree",1,537000,537999.999,4142000,4142999.999
"5737",5737,537001.047,537008.497,4142820.516,4142832.494,"Silva","NEON_D07_MLBS_DP1_537000_4142000_classified_point_cloud.laz","2018_MLBS_3_537000_4142000_image.tif","Tree",1,537000,537999.999,4142000,4142999.999
"5738",5738,537000.006,537006.456,4142827.022,4142835.494,"Silva","NEON_D07_MLBS_DP1_537000_4142000_classified_point_cloud.laz","2018_MLBS_3_537000_4142000_image.tif","Tree",1,537000,537999.999,4142000,4142999.999
"5739",5739,537079.194,537089.92,4142865.031,4142875.886,"Silva","NEON_D07_MLBS_DP1_537000_4142000_classified_point_cloud.laz","2018_MLBS_3_537000_4142000_image.tif","Tree",1,537000,537999.999,4142000,4142999.999
"5740",5740,537057.518,537064.985,4142865.501,4142873.954,"Silva","NEON_D07_MLBS_DP1_537000_4142000_classified_point_cloud.laz","2018_MLBS_3_537000_4142000_image.tif","Tree",1,537000,537999.999,4142000,4142999.999
"5741",5741,537045.707,537051.956,4142865.68,4142873.498,"Silva","NEON_D07_MLBS_DP1_537000_4142000_classified_point_cloud.laz","2018_MLBS_3_537000_4142000_image.tif","Tree",1,537000,537999.999,4142000,4142999.999
"5742",5742,537050.515,537058.488,4142866.098,4142870.986,"Silva","NEON_D07_MLBS_DP1_537000_4142000_classified_point_cloud.laz","2018_MLBS_3_537000_4142000_image.tif","Tree",1,537000,537999.999,4142000,4142999.999
"5743",5743,537068.226,537078.392,4142861.038,4142871.493,"Silva","NEON_D07_MLBS_DP1_537000_4142000_classified_point_cloud.laz","2018_MLBS_3_537000_4142000_image.tif","Tree",1,537000,537999.999,4142000,4142999.999
"5744",5744,537085.502,537095.474,4142861.535,4142870.972,"Silva","NEON_D07_MLBS_DP1_537000_4142000_classified_point_cloud.laz","2018_MLBS_3_537000_4142000_image.tif","Tree",1,537000,537999.999,4142000,4142999.999
"5745",5745,537042.511,537048.967,4142861.637,4142870.468,"Silva","NEON_D07_MLBS_DP1_537000_4142000_classified_point_cloud.laz","2018_MLBS_3_537000_4142000_image.tif","Tree",1,537000,537999.999,4142000,4142999.999
"5746",5746,537035.073,537042.998,4142862.008,4142870.899,"Silva","NEON_D07_MLBS_DP1_537000_4142000_classified_point_cloud.laz","2018_MLBS_3_537000_4142000_image.tif","Tree",1,537000,537999.999,4142000,4142999.999
"5747",5747,537049.071,537059.249,4142860.522,4142866.951,"Silva","NEON_D07_MLBS_DP1_537000_4142000_classified_point_cloud.laz","2018_MLBS_3_537000_4142000_image.tif","Tree",1,537000,537999.999,4142000,4142999.999
"5748",5748,537073.991,537080.267,4142860.506,4142867.989,"Silva","NEON_D07_MLBS_DP1_537000_4142000_classified_point_cloud.laz","2018_MLBS_3_537000_4142000_image.tif","Tree",1,537000,537999.999,4142000,4142999.999
"5749",5749,537078.158,537084.964,4142858.523,4142866.373,"Silva","NEON_D07_MLBS_DP1_537000_4142000_classified_point_cloud.laz","2018_MLBS_3_537000_4142000_image.tif","Tree",1,537000,537999.999,4142000,4142999.999
"5750",5750,537046.552,537055.326,4142858.009,4142864.906,"Silva","NEON_D07_MLBS_DP1_537000_4142000_classified_point_cloud.laz","2018_MLBS_3_537000_4142000_image.tif","Tree",1,537000,537999.999,4142000,4142999.999
"5751",5751,537057.003,537068.985,4142857.004,4142865.493,"Silva","NEON_D07_MLBS_DP1_537000_4142000_classified_point_cloud.laz","2018_MLBS_3_537000_4142000_image.tif","Tree",1,537000,537999.999,4142000,4142999.999
"5752",5752,537069,537079.992,4142854.501,4142861.98,"Silva","NEON_D07_MLBS_DP1_537000_4142000_classified_point_cloud.laz","2018_MLBS_3_537000_4142000_image.tif","Tree",1,537000,537999.999,4142000,4142999.999
"5753",5753,537030.022,537038.426,4142856.008,4142865.985,"Silva","NEON_D07_MLBS_DP1_537000_4142000_classified_point_cloud.laz","2018_MLBS_3_537000_4142000_image.tif","Tree",1,537000,537999.999,4142000,4142999.999
"5754",5754,537038.026,537046.452,4142855.538,4142862.986,"Silva","NEON_D07_MLBS_DP1_537000_4142000_classified_point_cloud.laz","2018_MLBS_3_537000_4142000_image.tif","Tree",1,537000,537999.999,4142000,4142999.999
"5755",5755,537045.048,537051.983,4142853.02,4142860.242,"Silva","NEON_D07_MLBS_DP1_537000_4142000_classified_point_cloud.laz","2018_MLBS_3_537000_4142000_image.tif","Tree",1,537000,537999.999,4142000,4142999.999
"5756",5756,537052.011,537058.957,4142853.01,4142860.484,"Silva","NEON_D07_MLBS_DP1_537000_4142000_classified_point_cloud.laz","2018_MLBS_3_537000_4142000_image.tif","Tree",1,537000,537999.999,4142000,4142999.999
"5757",5757,537072.003,537080.343,4142845.517,4142854.997,"Silva","NEON_D07_MLBS_DP1_537000_4142000_classified_point_cloud.laz","2018_MLBS_3_537000_4142000_image.tif","Tree",1,537000,537999.999,4142000,4142999.999
"5758",5758,537086.05,537097.987,4142843.502,4142852.962,"Silva","NEON_D07_MLBS_DP1_537000_4142000_classified_point_cloud.laz","2018_MLBS_3_537000_4142000_image.tif","Tree",1,537000,537999.999,4142000,4142999.999
"5759",5759,537030.521,537037.98,4142847.023,4142854.479,"Silva","NEON_D07_MLBS_DP1_537000_4142000_classified_point_cloud.laz","2018_MLBS_3_537000_4142000_image.tif","Tree",1,537000,537999.999,4142000,4142999.999
"5760",5760,537065.026,537073.992,4142844.151,4142855.937,"Silva","NEON_D07_MLBS_DP1_537000_4142000_classified_point_cloud.laz","2018_MLBS_3_537000_4142000_image.tif","Tree",1,537000,537999.999,4142000,4142999.999
"5761",5761,537050.198,537057.98,4142846.041,4142852.997,"Silva","NEON_D07_MLBS_DP1_537000_4142000_classified_point_cloud.laz","2018_MLBS_3_537000_4142000_image.tif","Tree",1,537000,537999.999,4142000,4142999.999
"5762",5762,537027.506,537033.47,4142845.64,4142851.903,"Silva","NEON_D07_MLBS_DP1_537000_4142000_classified_point_cloud.laz","2018_MLBS_3_537000_4142000_image.tif","Tree",1,537000,537999.999,4142000,4142999.999
"5763",5763,537042.539,537049.498,4142842.509,4142848.805,"Silva","NEON_D07_MLBS_DP1_537000_4142000_classified_point_cloud.laz","2018_MLBS_3_537000_4142000_image.tif","Tree",1,537000,537999.999,4142000,4142999.999
"5764",5764,537025.627,537031.967,4142843.002,4142847.716,"Silva","NEON_D07_MLBS_DP1_537000_4142000_classified_point_cloud.laz","2018_MLBS_3_537000_4142000_image.tif","Tree",1,537000,537999.999,4142000,4142999.999
"5765",5765,537073.119,537084.974,4142838.522,4142845.986,"Silva","NEON_D07_MLBS_DP1_537000_4142000_classified_point_cloud.laz","2018_MLBS_3_537000_4142000_image.tif","Tree",1,537000,537999.999,4142000,4142999.999
"5766",5766,537052.562,537061.987,4142839.025,4142846.497,"Silva","NEON_D07_MLBS_DP1_537000_4142000_classified_point_cloud.laz","2018_MLBS_3_537000_4142000_image.tif","Tree",1,537000,537999.999,4142000,4142999.999
"5767",5767,537036.013,537042.919,4142835.083,4142848.5,"Silva","NEON_D07_MLBS_DP1_537000_4142000_classified_point_cloud.laz","2018_MLBS_3_537000_4142000_image.tif","Tree",1,537000,537999.999,4142000,4142999.999
"5768",5768,537031,537036.96,4142836.01,4142847.496,"Silva","NEON_D07_MLBS_DP1_537000_4142000_classified_point_cloud.laz","2018_MLBS_3_537000_4142000_image.tif","Tree",1,537000,537999.999,4142000,4142999.999
"5769",5769,537064.003,537072.856,4142837.003,4142844.991,"Silva","NEON_D07_MLBS_DP1_537000_4142000_classified_point_cloud.laz","2018_MLBS_3_537000_4142000_image.tif","Tree",1,537000,537999.999,4142000,4142999.999
"5770",5770,537085.007,537097.999,4142832.518,4142844.989,"Silva","NEON_D07_MLBS_DP1_537000_4142000_classified_point_cloud.laz","2018_MLBS_3_537000_4142000_image.tif","Tree",1,537000,537999.999,4142000,4142999.999
"5771",5771,537066.587,537074.861,4142836.014,4142843.48,"Silva","NEON_D07_MLBS_DP1_537000_4142000_classified_point_cloud.laz","2018_MLBS_3_537000_4142000_image.tif","Tree",1,537000,537999.999,4142000,4142999.999
"5772",5772,537041.501,537052.935,4142834.662,4142842.986,"Silva","NEON_D07_MLBS_DP1_537000_4142000_classified_point_cloud.laz","2018_MLBS_3_537000_4142000_image.tif","Tree",1,537000,537999.999,4142000,4142999.999
"5773",5773,537060.508,537066.409,4142834.501,4142841.989,"Silva","NEON_D07_MLBS_DP1_537000_4142000_classified_point_cloud.laz","2018_MLBS_3_537000_4142000_image.tif","Tree",1,537000,537999.999,4142000,4142999.999
"5774",5774,537052.547,537060.791,4142834.033,4142840.392,"Silva","NEON_D07_MLBS_DP1_537000_4142000_classified_point_cloud.laz","2018_MLBS_3_537000_4142000_image.tif","Tree",1,537000,537999.999,4142000,4142999.999
"5775",5775,537075.025,537085.96,4142832.152,4142838.997,"Silva","NEON_D07_MLBS_DP1_537000_4142000_classified_point_cloud.laz","2018_MLBS_3_537000_4142000_image.tif","Tree",1,537000,537999.999,4142000,4142999.999
"5776",5776,537074.702,537084.919,4142827.501,4142833.468,"Silva","NEON_D07_MLBS_DP1_537000_4142000_classified_point_cloud.laz","2018_MLBS_3_537000_4142000_image.tif","Tree",1,537000,537999.999,4142000,4142999.999
"5777",5777,537050.031,537058.498,4142827.007,4142836.976,"Silva","NEON_D07_MLBS_DP1_537000_4142000_classified_point_cloud.laz","2018_MLBS_3_537000_4142000_image.tif","Tree",1,537000,537999.999,4142000,4142999.999
"5778",5778,537052.513,537059.963,4142802.501,4142810.5,"Silva","NEON_D07_MLBS_DP1_537000_4142000_classified_point_cloud.laz","2018_MLBS_3_537000_4142000_image.tif","Tree",1,537000,537999.999,4142000,4142999.999
"5779",5779,537038.519,537046.999,4142805.02,4142811.475,"Silva","NEON_D07_MLBS_DP1_537000_4142000_classified_point_cloud.laz","2018_MLBS_3_537000_4142000_image.tif","Tree",1,537000,537999.999,4142000,4142999.999
"5780",5780,537063.019,537072.47,4142803.514,4142810.475,"Silva","NEON_D07_MLBS_DP1_537000_4142000_classified_point_cloud.laz","2018_MLBS_3_537000_4142000_image.tif","Tree",1,537000,537999.999,4142000,4142999.999
"5781",5781,537032.011,537038.997,4142805.501,4142814.49,"Silva","NEON_D07_MLBS_DP1_537000_4142000_classified_point_cloud.laz","2018_MLBS_3_537000_4142000_image.tif","Tree",1,537000,537999.999,4142000,4142999.999
"5782",5782,537046.516,537054.32,4142805.005,4142815.493,"Silva","NEON_D07_MLBS_DP1_537000_4142000_classified_point_cloud.laz","2018_MLBS_3_537000_4142000_image.tif","Tree",1,537000,537999.999,4142000,4142999.999
"5783",5783,537023.521,537032.486,4142805.037,4142815.991,"Silva","NEON_D07_MLBS_DP1_537000_4142000_classified_point_cloud.laz","2018_MLBS_3_537000_4142000_image.tif","Tree",1,537000,537999.999,4142000,4142999.999
"5784",5784,537038.043,537048.389,4142810.502,4142814.498,"Silva","NEON_D07_MLBS_DP1_537000_4142000_classified_point_cloud.laz","2018_MLBS_3_537000_4142000_image.tif","Tree",1,537000,537999.999,4142000,4142999.999
"5785",5785,537063.002,537071.493,4142810.011,4142818.426,"Silva","NEON_D07_MLBS_DP1_537000_4142000_classified_point_cloud.laz","2018_MLBS_3_537000_4142000_image.tif","Tree",1,537000,537999.999,4142000,4142999.999
"5786",5786,537057.502,537063.955,4142812.001,4142817.997,"Silva","NEON_D07_MLBS_DP1_537000_4142000_classified_point_cloud.laz","2018_MLBS_3_537000_4142000_image.tif","Tree",1,537000,537999.999,4142000,4142999.999
"5787",5787,537038,537049.476,4142814.501,4142820.947,"Silva","NEON_D07_MLBS_DP1_537000_4142000_classified_point_cloud.laz","2018_MLBS_3_537000_4142000_image.tif","Tree",1,537000,537999.999,4142000,4142999.999
"5788",5788,537077.005,537086.498,4142811.023,4142820.476,"Silva","NEON_D07_MLBS_DP1_537000_4142000_classified_point_cloud.laz","2018_MLBS_3_537000_4142000_image.tif","Tree",1,537000,537999.999,4142000,4142999.999
"5789",5789,537066.507,537076.991,4142811.048,4142818.496,"Silva","NEON_D07_MLBS_DP1_537000_4142000_classified_point_cloud.laz","2018_MLBS_3_537000_4142000_image.tif","Tree",1,537000,537999.999,4142000,4142999.999
"5790",5790,537030.515,537040.359,4142814.503,4142825.488,"Silva","NEON_D07_MLBS_DP1_537000_4142000_classified_point_cloud.laz","2018_MLBS_3_537000_4142000_image.tif","Tree",1,537000,537999.999,4142000,4142999.999
"5791",5791,537023.022,537033.381,4142815.528,4142825.455,"Silva","NEON_D07_MLBS_DP1_537000_4142000_classified_point_cloud.laz","2018_MLBS_3_537000_4142000_image.tif","Tree",1,537000,537999.999,4142000,4142999.999
"5792",5792,537066.003,537077.388,4142818.502,4142826.972,"Silva","NEON_D07_MLBS_DP1_537000_4142000_classified_point_cloud.laz","2018_MLBS_3_537000_4142000_image.tif","Tree",1,537000,537999.999,4142000,4142999.999
"5793",5793,537056.538,537065.997,4142817.505,4142826.947,"Silva","NEON_D07_MLBS_DP1_537000_4142000_classified_point_cloud.laz","2018_MLBS_3_537000_4142000_image.tif","Tree",1,537000,537999.999,4142000,4142999.999
"5794",5794,537049.005,537057.999,4142819.068,4142826.798,"Silva","NEON_D07_MLBS_DP1_537000_4142000_classified_point_cloud.laz","2018_MLBS_3_537000_4142000_image.tif","Tree",1,537000,537999.999,4142000,4142999.999
"5795",5795,537038.511,537049.49,4142819.521,4142827.93,"Silva","NEON_D07_MLBS_DP1_537000_4142000_classified_point_cloud.laz","2018_MLBS_3_537000_4142000_image.tif","Tree",1,537000,537999.999,4142000,4142999.999
"5796",5796,537081.508,537091.48,4142818.51,4142828.996,"Silva","NEON_D07_MLBS_DP1_537000_4142000_classified_point_cloud.laz","2018_MLBS_3_537000_4142000_image.tif","Tree",1,537000,537999.999,4142000,4142999.999
"5797",5797,537022.099,537037.999,4142823.502,4142831.362,"Silva","NEON_D07_MLBS_DP1_537000_4142000_classified_point_cloud.laz","2018_MLBS_3_537000_4142000_image.tif","Tree",1,537000,537999.999,4142000,4142999.999
"5798",5798,537071.586,537081.985,4142819.2,4142828.494,"Silva","NEON_D07_MLBS_DP1_537000_4142000_classified_point_cloud.laz","2018_MLBS_3_537000_4142000_image.tif","Tree",1,537000,537999.999,4142000,4142999.999
"5799",5799,537060.008,537070.914,4142822.005,4142830.982,"Silva","NEON_D07_MLBS_DP1_537000_4142000_classified_point_cloud.laz","2018_MLBS_3_537000_4142000_image.tif","Tree",1,537000,537999.999,4142000,4142999.999
"5800",5800,537084.061,537092.993,4142821.52,4142833.493,"Silva","NEON_D07_MLBS_DP1_537000_4142000_classified_point_cloud.laz","2018_MLBS_3_537000_4142000_image.tif","Tree",1,537000,537999.999,4142000,4142999.999
"5801",5801,537037.017,537048.493,4142825.507,4142831.998,"Silva","NEON_D07_MLBS_DP1_537000_4142000_classified_point_cloud.laz","2018_MLBS_3_537000_4142000_image.tif","Tree",1,537000,537999.999,4142000,4142999.999
"5802",5802,537020.003,537029.497,4142932.169,4142939.482,"Silva","NEON_D07_MLBS_DP1_537000_4142000_classified_point_cloud.laz","2018_MLBS_3_537000_4142000_image.tif","Tree",1,537000,537999.999,4142000,4142999.999
"5803",5803,537000.017,537006.754,4142931.507,4142938.999,"Silva","NEON_D07_MLBS_DP1_537000_4142000_classified_point_cloud.laz","2018_MLBS_3_537000_4142000_image.tif","Tree",1,537000,537999.999,4142000,4142999.999
"5804",5804,537006.136,537011.992,4142925.347,4142936.481,"Silva","NEON_D07_MLBS_DP1_537000_4142000_classified_point_cloud.laz","2018_MLBS_3_537000_4142000_image.tif","Tree",1,537000,537999.999,4142000,4142999.999
"5805",5805,537011.505,537019.41,4142926.008,4142934.996,"Silva","NEON_D07_MLBS_DP1_537000_4142000_classified_point_cloud.laz","2018_MLBS_3_537000_4142000_image.tif","Tree",1,537000,537999.999,4142000,4142999.999
"5806",5806,537003.015,537009.995,4142924.505,4142932.977,"Silva","NEON_D07_MLBS_DP1_537000_4142000_classified_point_cloud.laz","2018_MLBS_3_537000_4142000_image.tif","Tree",1,537000,537999.999,4142000,4142999.999
"5807",5807,537024.032,537030.924,4142925.017,4142931.86,"Silva","NEON_D07_MLBS_DP1_537000_4142000_classified_point_cloud.laz","2018_MLBS_3_537000_4142000_image.tif","Tree",1,537000,537999.999,4142000,4142999.999
"5808",5808,537018.037,537023.991,4142926.06,4142934.799,"Silva","NEON_D07_MLBS_DP1_537000_4142000_classified_point_cloud.laz","2018_MLBS_3_537000_4142000_image.tif","Tree",1,537000,537999.999,4142000,4142999.999
"5809",5809,537000,537003.362,4142924.11,4142931.928,"Silva","NEON_D07_MLBS_DP1_537000_4142000_classified_point_cloud.laz","2018_MLBS_3_537000_4142000_image.tif","Tree",1,537000,537999.999,4142000,4142999.999
"5810",5810,537000.507,537009.464,4142923.015,4142928.963,"Silva","NEON_D07_MLBS_DP1_537000_4142000_classified_point_cloud.laz","2018_MLBS_3_537000_4142000_image.tif","Tree",1,537000,537999.999,4142000,4142999.999
"5811",5811,537015.616,537021.929,4142924.018,4142928.977,"Silva","NEON_D07_MLBS_DP1_537000_4142000_classified_point_cloud.laz","2018_MLBS_3_537000_4142000_image.tif","Tree",1,537000,537999.999,4142000,4142999.999
"5812",5812,537021.543,537028.473,4142921.517,4142926.606,"Silva","NEON_D07_MLBS_DP1_537000_4142000_classified_point_cloud.laz","2018_MLBS_3_537000_4142000_image.tif","Tree",1,537000,537999.999,4142000,4142999.999
"5813",5813,537016.579,537021.974,4142920.002,4142924.499,"Silva","NEON_D07_MLBS_DP1_537000_4142000_classified_point_cloud.laz","2018_MLBS_3_537000_4142000_image.tif","Tree",1,537000,537999.999,4142000,4142999.999
"5814",5814,537009.025,537017.908,4142915.599,4142925.994,"Silva","NEON_D07_MLBS_DP1_537000_4142000_classified_point_cloud.laz","2018_MLBS_3_537000_4142000_image.tif","Tree",1,537000,537999.999,4142000,4142999.999
"5815",5815,537000.017,537008.997,4142916.514,4142923.985,"Silva","NEON_D07_MLBS_DP1_537000_4142000_classified_point_cloud.laz","2018_MLBS_3_537000_4142000_image.tif","Tree",1,537000,537999.999,4142000,4142999.999
"5816",5816,537021.542,537029.977,4142918.012,4142922.786,"Silva","NEON_D07_MLBS_DP1_537000_4142000_classified_point_cloud.laz","2018_MLBS_3_537000_4142000_image.tif","Tree",1,537000,537999.999,4142000,4142999.999
"5817",5817,537013.55,537021.986,4142912.504,4142920.47,"Silva","NEON_D07_MLBS_DP1_537000_4142000_classified_point_cloud.laz","2018_MLBS_3_537000_4142000_image.tif","Tree",1,537000,537999.999,4142000,4142999.999
"5818",5818,537021.021,537029.931,4142912.682,4142918.9,"Silva","NEON_D07_MLBS_DP1_537000_4142000_classified_point_cloud.laz","2018_MLBS_3_537000_4142000_image.tif","Tree",1,537000,537999.999,4142000,4142999.999
"5819",5819,537000.021,537010.478,4142910.653,4142917.941,"Silva","NEON_D07_MLBS_DP1_537000_4142000_classified_point_cloud.laz","2018_MLBS_3_537000_4142000_image.tif","Tree",1,537000,537999.999,4142000,4142999.999
"5820",5820,537021.723,537028.994,4142907.001,4142914.314,"Silva","NEON_D07_MLBS_DP1_537000_4142000_classified_point_cloud.laz","2018_MLBS_3_537000_4142000_image.tif","Tree",1,537000,537999.999,4142000,4142999.999
"5821",5821,537003,537009.998,4142903.571,4142914,"Silva","NEON_D07_MLBS_DP1_537000_4142000_classified_point_cloud.laz","2018_MLBS_3_537000_4142000_image.tif","Tree",1,537000,537999.999,4142000,4142999.999
"5822",5822,537009.516,537017.926,4142905.589,4142915.967,"Silva","NEON_D07_MLBS_DP1_537000_4142000_classified_point_cloud.laz","2018_MLBS_3_537000_4142000_image.tif","Tree",1,537000,537999.999,4142000,4142999.999
"5823",5823,537000.011,537003.342,4142902.56,4142913.47,"Silva","NEON_D07_MLBS_DP1_537000_4142000_classified_point_cloud.laz","2018_MLBS_3_537000_4142000_image.tif","Tree",1,537000,537999.999,4142000,4142999.999
"5824",5824,537016.542,537023.564,4142904.513,4142912.887,"Silva","NEON_D07_MLBS_DP1_537000_4142000_classified_point_cloud.laz","2018_MLBS_3_537000_4142000_image.tif","Tree",1,537000,537999.999,4142000,4142999.999
"5825",5825,537013.026,537019.93,4142899.632,4142907.879,"Silva","NEON_D07_MLBS_DP1_537000_4142000_classified_point_cloud.laz","2018_MLBS_3_537000_4142000_image.tif","Tree",1,537000,537999.999,4142000,4142999.999
"5826",5826,537017.594,537026.462,4142899.031,4142905.484,"Silva","NEON_D07_MLBS_DP1_537000_4142000_classified_point_cloud.laz","2018_MLBS_3_537000_4142000_image.tif","Tree",1,537000,537999.999,4142000,4142999.999
"5827",5827,537004.6,537015.992,4142895.524,4142906.477,"Silva","NEON_D07_MLBS_DP1_537000_4142000_classified_point_cloud.laz","2018_MLBS_3_537000_4142000_image.tif","Tree",1,537000,537999.999,4142000,4142999.999
"5828",5828,537000.005,537009.977,4142892.027,4142903.472,"Silva","NEON_D07_MLBS_DP1_537000_4142000_classified_point_cloud.laz","2018_MLBS_3_537000_4142000_image.tif","Tree",1,537000,537999.999,4142000,4142999.999
"5829",5829,537022.011,537029.983,4142891.005,4142899.489,"Silva","NEON_D07_MLBS_DP1_537000_4142000_classified_point_cloud.laz","2018_MLBS_3_537000_4142000_image.tif","Tree",1,537000,537999.999,4142000,4142999.999
"5830",5830,537010.232,537020.984,4142887.045,4142897.473,"Silva","NEON_D07_MLBS_DP1_537000_4142000_classified_point_cloud.laz","2018_MLBS_3_537000_4142000_image.tif","Tree",1,537000,537999.999,4142000,4142999.999
"5831",5831,537000.022,537006.433,4142888.005,4142894.968,"Silva","NEON_D07_MLBS_DP1_537000_4142000_classified_point_cloud.laz","2018_MLBS_3_537000_4142000_image.tif","Tree",1,537000,537999.999,4142000,4142999.999
"5832",5832,537005.535,537015.475,4142885.785,4142894.477,"Silva","NEON_D07_MLBS_DP1_537000_4142000_classified_point_cloud.laz","2018_MLBS_3_537000_4142000_image.tif","Tree",1,537000,537999.999,4142000,4142999.999
"5833",5833,537020.011,537029.999,4142882.512,4142891.462,"Silva","NEON_D07_MLBS_DP1_537000_4142000_classified_point_cloud.laz","2018_MLBS_3_537000_4142000_image.tif","Tree",1,537000,537999.999,4142000,4142999.999
"5834",5834,537000.008,537005.998,4142884.608,4142888.499,"Silva","NEON_D07_MLBS_DP1_537000_4142000_classified_point_cloud.laz","2018_MLBS_3_537000_4142000_image.tif","Tree",1,537000,537999.999,4142000,4142999.999
"5835",5835,537006.018,537015.471,4142876.501,4142886.996,"Silva","NEON_D07_MLBS_DP1_537000_4142000_classified_point_cloud.laz","2018_MLBS_3_537000_4142000_image.tif","Tree",1,537000,537999.999,4142000,4142999.999
"5836",5836,537000.005,537006.493,4142880.003,4142884.959,"Silva","NEON_D07_MLBS_DP1_537000_4142000_classified_point_cloud.laz","2018_MLBS_3_537000_4142000_image.tif","Tree",1,537000,537999.999,4142000,4142999.999
"5837",5837,537012.538,537023.476,4142875.51,4142887.488,"Silva","NEON_D07_MLBS_DP1_537000_4142000_classified_point_cloud.laz","2018_MLBS_3_537000_4142000_image.tif","Tree",1,537000,537999.999,4142000,4142999.999
"5838",5838,537000.015,537006.328,4142870.001,4142874.923,"Silva","NEON_D07_MLBS_DP1_537000_4142000_classified_point_cloud.laz","2018_MLBS_3_537000_4142000_image.tif","Tree",1,537000,537999.999,4142000,4142999.999
"5839",5839,537085.011,537092.969,4142930.598,4142938.981,"Silva","NEON_D07_MLBS_DP1_537000_4142000_classified_point_cloud.laz","2018_MLBS_3_537000_4142000_image.tif","Tree",1,537000,537999.999,4142000,4142999.999
"5840",5840,537078.032,537085.487,4142931.07,4142938.995,"Silva","NEON_D07_MLBS_DP1_537000_4142000_classified_point_cloud.laz","2018_MLBS_3_537000_4142000_image.tif","Tree",1,537000,537999.999,4142000,4142999.999
"5841",5841,537044.01,537052.429,4142931.503,4142939.415,"Silva","NEON_D07_MLBS_DP1_537000_4142000_classified_point_cloud.laz","2018_MLBS_3_537000_4142000_image.tif","Tree",1,537000,537999.999,4142000,4142999.999
"5842",5842,537036.52,537043.994,4142931.019,4142940.981,"Silva","NEON_D07_MLBS_DP1_537000_4142000_classified_point_cloud.laz","2018_MLBS_3_537000_4142000_image.tif","Tree",1,537000,537999.999,4142000,4142999.999
"5843",5843,537085.54,537094.95,4142930.009,4142938.734,"Silva","NEON_D07_MLBS_DP1_537000_4142000_classified_point_cloud.laz","2018_MLBS_3_537000_4142000_image.tif","Tree",1,537000,537999.999,4142000,4142999.999
"5844",5844,537061.525,537065.999,4142929.19,4142936.496,"Silva","NEON_D07_MLBS_DP1_537000_4142000_classified_point_cloud.laz","2018_MLBS_3_537000_4142000_image.tif","Tree",1,537000,537999.999,4142000,4142999.999
"5845",5845,537057.511,537061.972,4142929.542,4142936.993,"Silva","NEON_D07_MLBS_DP1_537000_4142000_classified_point_cloud.laz","2018_MLBS_3_537000_4142000_image.tif","Tree",1,537000,537999.999,4142000,4142999.999
"5846",5846,537065.037,537071.367,4142928.584,4142936.957,"Silva","NEON_D07_MLBS_DP1_537000_4142000_classified_point_cloud.laz","2018_MLBS_3_537000_4142000_image.tif","Tree",1,537000,537999.999,4142000,4142999.999
"5847",5847,537065.507,537074.465,4142922.644,4142934.417,"Silva","NEON_D07_MLBS_DP1_537000_4142000_classified_point_cloud.laz","2018_MLBS_3_537000_4142000_image.tif","Tree",1,537000,537999.999,4142000,4142999.999
"5848",5848,537073.516,537085.34,4142924.021,4142933.994,"Silva","NEON_D07_MLBS_DP1_537000_4142000_classified_point_cloud.laz","2018_MLBS_3_537000_4142000_image.tif","Tree",1,537000,537999.999,4142000,4142999.999
"5849",5849,537031.055,537038.995,4142928.011,4142933.986,"Silva","NEON_D07_MLBS_DP1_537000_4142000_classified_point_cloud.laz","2018_MLBS_3_537000_4142000_image.tif","Tree",1,537000,537999.999,4142000,4142999.999
"5850",5850,537058.145,537066.33,4142924.68,4142930.402,"Silva","NEON_D07_MLBS_DP1_537000_4142000_classified_point_cloud.laz","2018_MLBS_3_537000_4142000_image.tif","Tree",1,537000,537999.999,4142000,4142999.999
"5851",5851,537085.526,537095.968,4142922.706,4142930.481,"Silva","NEON_D07_MLBS_DP1_537000_4142000_classified_point_cloud.laz","2018_MLBS_3_537000_4142000_image.tif","Tree",1,537000,537999.999,4142000,4142999.999
"5852",5852,537037.509,537043.979,4142922.105,4142930.968,"Silva","NEON_D07_MLBS_DP1_537000_4142000_classified_point_cloud.laz","2018_MLBS_3_537000_4142000_image.tif","Tree",1,537000,537999.999,4142000,4142999.999
"5853",5853,537030.559,537037.98,4142922.503,4142928.495,"Silva","NEON_D07_MLBS_DP1_537000_4142000_classified_point_cloud.laz","2018_MLBS_3_537000_4142000_image.tif","Tree",1,537000,537999.999,4142000,4142999.999
"5854",5854,537053.535,537060.873,4142921.352,4142928.988,"Silva","NEON_D07_MLBS_DP1_537000_4142000_classified_point_cloud.laz","2018_MLBS_3_537000_4142000_image.tif","Tree",1,537000,537999.999,4142000,4142999.999
"5855",5855,537081.647,537089.163,4142918.001,4142929.993,"Silva","NEON_D07_MLBS_DP1_537000_4142000_classified_point_cloud.laz","2018_MLBS_3_537000_4142000_image.tif","Tree",1,537000,537999.999,4142000,4142999.999
"5856",5856,537041.524,537050.402,4142921.53,4142927.996,"Silva","NEON_D07_MLBS_DP1_537000_4142000_classified_point_cloud.laz","2018_MLBS_3_537000_4142000_image.tif","Tree",1,537000,537999.999,4142000,4142999.999
"5857",5857,537028.519,537037.906,4142917.005,4142926.495,"Silva","NEON_D07_MLBS_DP1_537000_4142000_classified_point_cloud.laz","2018_MLBS_3_537000_4142000_image.tif","Tree",1,537000,537999.999,4142000,4142999.999
"5858",5858,537074.624,537086.481,4142917.013,4142925.836,"Silva","NEON_D07_MLBS_DP1_537000_4142000_classified_point_cloud.laz","2018_MLBS_3_537000_4142000_image.tif","Tree",1,537000,537999.999,4142000,4142999.999
"5859",5859,537057.51,537069.907,4142915.515,4142925.496,"Silva","NEON_D07_MLBS_DP1_537000_4142000_classified_point_cloud.laz","2018_MLBS_3_537000_4142000_image.tif","Tree",1,537000,537999.999,4142000,4142999.999
"5860",5860,537039.528,537048.821,4142914.611,4142922.999,"Silva","NEON_D07_MLBS_DP1_537000_4142000_classified_point_cloud.laz","2018_MLBS_3_537000_4142000_image.tif","Tree",1,537000,537999.999,4142000,4142999.999
"5861",5861,537034.052,537044.491,4142912.008,4142922.498,"Silva","NEON_D07_MLBS_DP1_537000_4142000_classified_point_cloud.laz","2018_MLBS_3_537000_4142000_image.tif","Tree",1,537000,537999.999,4142000,4142999.999
"5862",5862,537062.126,537071.981,4142910.513,4142922.464,"Silva","NEON_D07_MLBS_DP1_537000_4142000_classified_point_cloud.laz","2018_MLBS_3_537000_4142000_image.tif","Tree",1,537000,537999.999,4142000,4142999.999
"5863",5863,537080.526,537088.826,4142908.507,4142917.974,"Silva","NEON_D07_MLBS_DP1_537000_4142000_classified_point_cloud.laz","2018_MLBS_3_537000_4142000_image.tif","Tree",1,537000,537999.999,4142000,4142999.999
"5864",5864,537069.068,537075.489,4142910.019,4142916.942,"Silva","NEON_D07_MLBS_DP1_537000_4142000_classified_point_cloud.laz","2018_MLBS_3_537000_4142000_image.tif","Tree",1,537000,537999.999,4142000,4142999.999
"5865",5865,537075.048,537080.981,4142908.007,4142914.993,"Silva","NEON_D07_MLBS_DP1_537000_4142000_classified_point_cloud.laz","2018_MLBS_3_537000_4142000_image.tif","Tree",1,537000,537999.999,4142000,4142999.999
"5866",5866,537051.006,537060.364,4142907.543,4142916.897,"Silva","NEON_D07_MLBS_DP1_537000_4142000_classified_point_cloud.laz","2018_MLBS_3_537000_4142000_image.tif","Tree",1,537000,537999.999,4142000,4142999.999
"5867",5867,537028.168,537037.492,4142909.033,4142917.5,"Silva","NEON_D07_MLBS_DP1_537000_4142000_classified_point_cloud.laz","2018_MLBS_3_537000_4142000_image.tif","Tree",1,537000,537999.999,4142000,4142999.999
"5868",5868,537044.004,537052.982,4142905.29,4142915.936,"Silva","NEON_D07_MLBS_DP1_537000_4142000_classified_point_cloud.laz","2018_MLBS_3_537000_4142000_image.tif","Tree",1,537000,537999.999,4142000,4142999.999
"5869",5869,537062.12,537068.407,4142902.585,4142913.483,"Silva","NEON_D07_MLBS_DP1_537000_4142000_classified_point_cloud.laz","2018_MLBS_3_537000_4142000_image.tif","Tree",1,537000,537999.999,4142000,4142999.999
"5870",5870,537089.506,537096.461,4142904.02,4142909.466,"Silva","NEON_D07_MLBS_DP1_537000_4142000_classified_point_cloud.laz","2018_MLBS_3_537000_4142000_image.tif","Tree",1,537000,537999.999,4142000,4142999.999
"5871",5871,537037.002,537046.938,4142903.599,4142912.974,"Silva","NEON_D07_MLBS_DP1_537000_4142000_classified_point_cloud.laz","2018_MLBS_3_537000_4142000_image.tif","Tree",1,537000,537999.999,4142000,4142999.999
"5872",5872,537076.687,537084.927,4142903.518,4142908.973,"Silva","NEON_D07_MLBS_DP1_537000_4142000_classified_point_cloud.laz","2018_MLBS_3_537000_4142000_image.tif","Tree",1,537000,537999.999,4142000,4142999.999
"5873",5873,537029.003,537036.95,4142903.052,4142910.489,"Silva","NEON_D07_MLBS_DP1_537000_4142000_classified_point_cloud.laz","2018_MLBS_3_537000_4142000_image.tif","Tree",1,537000,537999.999,4142000,4142999.999
"5874",5874,537084.556,537090.945,4142902.006,4142909.215,"Silva","NEON_D07_MLBS_DP1_537000_4142000_classified_point_cloud.laz","2018_MLBS_3_537000_4142000_image.tif","Tree",1,537000,537999.999,4142000,4142999.999
"5875",5875,537051.012,537060.915,4142899.507,4142907.986,"Silva","NEON_D07_MLBS_DP1_537000_4142000_classified_point_cloud.laz","2018_MLBS_3_537000_4142000_image.tif","Tree",1,537000,537999.999,4142000,4142999.999
"5876",5876,537078.065,537085.494,4142898.508,4142904.914,"Silva","NEON_D07_MLBS_DP1_537000_4142000_classified_point_cloud.laz","2018_MLBS_3_537000_4142000_image.tif","Tree",1,537000,537999.999,4142000,4142999.999
"5877",5877,537031.528,537040.812,4142897.509,4142907.371,"Silva","NEON_D07_MLBS_DP1_537000_4142000_classified_point_cloud.laz","2018_MLBS_3_537000_4142000_image.tif","Tree",1,537000,537999.999,4142000,4142999.999
"5878",5878,537084.596,537091.464,4142896.146,4142902.468,"Silva","NEON_D07_MLBS_DP1_537000_4142000_classified_point_cloud.laz","2018_MLBS_3_537000_4142000_image.tif","Tree",1,537000,537999.999,4142000,4142999.999
"5879",5879,537071.195,537079.703,4142894.224,4142904.482,"Silva","NEON_D07_MLBS_DP1_537000_4142000_classified_point_cloud.laz","2018_MLBS_3_537000_4142000_image.tif","Tree",1,537000,537999.999,4142000,4142999.999
"5880",5880,537045.511,537051.938,4142896.599,4142905.397,"Silva","NEON_D07_MLBS_DP1_537000_4142000_classified_point_cloud.laz","2018_MLBS_3_537000_4142000_image.tif","Tree",1,537000,537999.999,4142000,4142999.999
"5881",5881,537038.535,537045.98,4142895.508,4142904.372,"Silva","NEON_D07_MLBS_DP1_537000_4142000_classified_point_cloud.laz","2018_MLBS_3_537000_4142000_image.tif","Tree",1,537000,537999.999,4142000,4142999.999
"5882",5882,537065.506,537073.889,4142892.564,4142903.479,"Silva","NEON_D07_MLBS_DP1_537000_4142000_classified_point_cloud.laz","2018_MLBS_3_537000_4142000_image.tif","Tree",1,537000,537999.999,4142000,4142999.999
"5883",5883,537052.019,537060.494,4142891.038,4142898.996,"Silva","NEON_D07_MLBS_DP1_537000_4142000_classified_point_cloud.laz","2018_MLBS_3_537000_4142000_image.tif","Tree",1,537000,537999.999,4142000,4142999.999
"5884",5884,537060.036,537069.231,4142893.569,4142901.946,"Silva","NEON_D07_MLBS_DP1_537000_4142000_classified_point_cloud.laz","2018_MLBS_3_537000_4142000_image.tif","Tree",1,537000,537999.999,4142000,4142999.999
"5885",5885,537087.563,537096.98,4142889.029,4142898.496,"Silva","NEON_D07_MLBS_DP1_537000_4142000_classified_point_cloud.laz","2018_MLBS_3_537000_4142000_image.tif","Tree",1,537000,537999.999,4142000,4142999.999
"5886",5886,537044.604,537053.489,4142890.503,4142898.215,"Silva","NEON_D07_MLBS_DP1_537000_4142000_classified_point_cloud.laz","2018_MLBS_3_537000_4142000_image.tif","Tree",1,537000,537999.999,4142000,4142999.999
"5887",5887,537029.511,537038.999,4142892.502,4142900.497,"Silva","NEON_D07_MLBS_DP1_537000_4142000_classified_point_cloud.laz","2018_MLBS_3_537000_4142000_image.tif","Tree",1,537000,537999.999,4142000,4142999.999
"5888",5888,537059.503,537070.474,4142888.596,4142894.938,"Silva","NEON_D07_MLBS_DP1_537000_4142000_classified_point_cloud.laz","2018_MLBS_3_537000_4142000_image.tif","Tree",1,537000,537999.999,4142000,4142999.999
"5889",5889,537078.508,537088.974,4142885.241,4142894.495,"Silva","NEON_D07_MLBS_DP1_537000_4142000_classified_point_cloud.laz","2018_MLBS_3_537000_4142000_image.tif","Tree",1,537000,537999.999,4142000,4142999.999
"5890",5890,537039.065,537047.866,4142886.006,4142895.494,"Silva","NEON_D07_MLBS_DP1_537000_4142000_classified_point_cloud.laz","2018_MLBS_3_537000_4142000_image.tif","Tree",1,537000,537999.999,4142000,4142999.999
"5891",5891,537069.545,537079.498,4142883.519,4142894.483,"Silva","NEON_D07_MLBS_DP1_537000_4142000_classified_point_cloud.laz","2018_MLBS_3_537000_4142000_image.tif","Tree",1,537000,537999.999,4142000,4142999.999
"5892",5892,537035.515,537041.945,4142885.104,4142894.823,"Silva","NEON_D07_MLBS_DP1_537000_4142000_classified_point_cloud.laz","2018_MLBS_3_537000_4142000_image.tif","Tree",1,537000,537999.999,4142000,4142999.999
"5893",5893,537055.004,537061.994,4142883.582,4142892.497,"Silva","NEON_D07_MLBS_DP1_537000_4142000_classified_point_cloud.laz","2018_MLBS_3_537000_4142000_image.tif","Tree",1,537000,537999.999,4142000,4142999.999
"5894",5894,537046.588,537055.481,4142883.008,4142891.462,"Silva","NEON_D07_MLBS_DP1_537000_4142000_classified_point_cloud.laz","2018_MLBS_3_537000_4142000_image.tif","Tree",1,537000,537999.999,4142000,4142999.999
"5895",5895,537061.033,537069.906,4142881.009,4142889.481,"Silva","NEON_D07_MLBS_DP1_537000_4142000_classified_point_cloud.laz","2018_MLBS_3_537000_4142000_image.tif","Tree",1,537000,537999.999,4142000,4142999.999
"5896",5896,537073.513,537084.496,4142879.625,4142886.973,"Silva","NEON_D07_MLBS_DP1_537000_4142000_classified_point_cloud.laz","2018_MLBS_3_537000_4142000_image.tif","Tree",1,537000,537999.999,4142000,4142999.999
"5897",5897,537084.019,537091.992,4142877.027,4142888.921,"Silva","NEON_D07_MLBS_DP1_537000_4142000_classified_point_cloud.laz","2018_MLBS_3_537000_4142000_image.tif","Tree",1,537000,537999.999,4142000,4142999.999
"5898",5898,537055.001,537063.949,4142877.014,4142884.488,"Silva","NEON_D07_MLBS_DP1_537000_4142000_classified_point_cloud.laz","2018_MLBS_3_537000_4142000_image.tif","Tree",1,537000,537999.999,4142000,4142999.999
"5899",5899,537038.508,537046.486,4142879.58,4142886.77,"Silva","NEON_D07_MLBS_DP1_537000_4142000_classified_point_cloud.laz","2018_MLBS_3_537000_4142000_image.tif","Tree",1,537000,537999.999,4142000,4142999.999
"5900",5900,537023.031,537031.978,4142877.014,4142886.888,"Silva","NEON_D07_MLBS_DP1_537000_4142000_classified_point_cloud.laz","2018_MLBS_3_537000_4142000_image.tif","Tree",1,537000,537999.999,4142000,4142999.999
"5901",5901,537045.501,537054.999,4142878.322,4142885.473,"Silva","NEON_D07_MLBS_DP1_537000_4142000_classified_point_cloud.laz","2018_MLBS_3_537000_4142000_image.tif","Tree",1,537000,537999.999,4142000,4142999.999
"5902",5902,537064.034,537074.465,4142876.523,4142885.994,"Silva","NEON_D07_MLBS_DP1_537000_4142000_classified_point_cloud.laz","2018_MLBS_3_537000_4142000_image.tif","Tree",1,537000,537999.999,4142000,4142999.999
"5903",5903,537086.167,537096.498,4142871.024,4142880.454,"Silva","NEON_D07_MLBS_DP1_537000_4142000_classified_point_cloud.laz","2018_MLBS_3_537000_4142000_image.tif","Tree",1,537000,537999.999,4142000,4142999.999
"5904",5904,537048.002,537056.915,4142874.501,4142881.46,"Silva","NEON_D07_MLBS_DP1_537000_4142000_classified_point_cloud.laz","2018_MLBS_3_537000_4142000_image.tif","Tree",1,537000,537999.999,4142000,4142999.999
"5905",5905,537036.059,537044.785,4142872.154,4142878.99,"Silva","NEON_D07_MLBS_DP1_537000_4142000_classified_point_cloud.laz","2018_MLBS_3_537000_4142000_image.tif","Tree",1,537000,537999.999,4142000,4142999.999
"5906",5906,537058.199,537066.497,4142872.791,4142879.918,"Silva","NEON_D07_MLBS_DP1_537000_4142000_classified_point_cloud.laz","2018_MLBS_3_537000_4142000_image.tif","Tree",1,537000,537999.999,4142000,4142999.999
"5907",5907,537065.07,537072.944,4142870.684,4142876.987,"Silva","NEON_D07_MLBS_DP1_537000_4142000_classified_point_cloud.laz","2018_MLBS_3_537000_4142000_image.tif","Tree",1,537000,537999.999,4142000,4142999.999
"5908",5908,537042.031,537049.962,4142870.013,4142879.422,"Silva","NEON_D07_MLBS_DP1_537000_4142000_classified_point_cloud.laz","2018_MLBS_3_537000_4142000_image.tif","Tree",1,537000,537999.999,4142000,4142999.999
"5909",5909,537035.567,537041.96,4142867.537,4142876.49,"Silva","NEON_D07_MLBS_DP1_537000_4142000_classified_point_cloud.laz","2018_MLBS_3_537000_4142000_image.tif","Tree",1,537000,537999.999,4142000,4142999.999
"5910",5910,537032.16,537035.998,4142866.053,4142877.476,"Silva","NEON_D07_MLBS_DP1_537000_4142000_classified_point_cloud.laz","2018_MLBS_3_537000_4142000_image.tif","Tree",1,537000,537999.999,4142000,4142999.999
"5911",5911,537023.514,537032.993,4142865.536,4142877.983,"Silva","NEON_D07_MLBS_DP1_537000_4142000_classified_point_cloud.laz","2018_MLBS_3_537000_4142000_image.tif","Tree",1,537000,537999.999,4142000,4142999.999
"5912",5912,537098.067,537106.492,4142736.674,4142744.984,"Silva","NEON_D07_MLBS_DP1_537000_4142000_classified_point_cloud.laz","2018_MLBS_3_537000_4142000_image.tif","Tree",1,537000,537999.999,4142000,4142999.999
"5913",5913,537123.055,537130.854,4142734.652,4142743.89,"Silva","NEON_D07_MLBS_DP1_537000_4142000_classified_point_cloud.laz","2018_MLBS_3_537000_4142000_image.tif","Tree",1,537000,537999.999,4142000,4142999.999
"5914",5914,537129.019,537135.492,4142731.511,4142740.956,"Silva","NEON_D07_MLBS_DP1_537000_4142000_classified_point_cloud.laz","2018_MLBS_3_537000_4142000_image.tif","Tree",1,537000,537999.999,4142000,4142999.999
"5915",5915,537134.521,537141.981,4142731.006,4142740.935,"Silva","NEON_D07_MLBS_DP1_537000_4142000_classified_point_cloud.laz","2018_MLBS_3_537000_4142000_image.tif","Tree",1,537000,537999.999,4142000,4142999.999
"5916",5916,537110.54,537120.988,4142734.036,4142740.487,"Silva","NEON_D07_MLBS_DP1_537000_4142000_classified_point_cloud.laz","2018_MLBS_3_537000_4142000_image.tif","Tree",1,537000,537999.999,4142000,4142999.999
"5917",5917,537146.507,537153.996,4142728.507,4142742,"Silva","NEON_D07_MLBS_DP1_537000_4142000_classified_point_cloud.laz","2018_MLBS_3_537000_4142000_image.tif","Tree",1,537000,537999.999,4142000,4142999.999
"5918",5918,537141.013,537146.99,4142727.532,4142740.42,"Silva","NEON_D07_MLBS_DP1_537000_4142000_classified_point_cloud.laz","2018_MLBS_3_537000_4142000_image.tif","Tree",1,537000,537999.999,4142000,4142999.999
"5919",5919,537094.003,537100.49,4142729.004,4142739.416,"Silva","NEON_D07_MLBS_DP1_537000_4142000_classified_point_cloud.laz","2018_MLBS_3_537000_4142000_image.tif","Tree",1,537000,537999.999,4142000,4142999.999
"5920",5920,537125.033,537134.411,4142730.061,4142735.889,"Silva","NEON_D07_MLBS_DP1_537000_4142000_classified_point_cloud.laz","2018_MLBS_3_537000_4142000_image.tif","Tree",1,537000,537999.999,4142000,4142999.999
"5921",5921,537152.079,537161.961,4142729.004,4142736.797,"Silva","NEON_D07_MLBS_DP1_537000_4142000_classified_point_cloud.laz","2018_MLBS_3_537000_4142000_image.tif","Tree",1,537000,537999.999,4142000,4142999.999
"5922",5922,537096.062,537103.996,4142727.019,4142735.999,"Silva","NEON_D07_MLBS_DP1_537000_4142000_classified_point_cloud.laz","2018_MLBS_3_537000_4142000_image.tif","Tree",1,537000,537999.999,4142000,4142999.999
"5923",5923,537115.011,537120.981,4142726.666,4142734.86,"Silva","NEON_D07_MLBS_DP1_537000_4142000_classified_point_cloud.laz","2018_MLBS_3_537000_4142000_image.tif","Tree",1,537000,537999.999,4142000,4142999.999
"5924",5924,537109.009,537115.98,4142724.562,4142735.758,"Silva","NEON_D07_MLBS_DP1_537000_4142000_classified_point_cloud.laz","2018_MLBS_3_537000_4142000_image.tif","Tree",1,537000,537999.999,4142000,4142999.999
"5925",5925,537120.027,537125.976,4142727.193,4142735.489,"Silva","NEON_D07_MLBS_DP1_537000_4142000_classified_point_cloud.laz","2018_MLBS_3_537000_4142000_image.tif","Tree",1,537000,537999.999,4142000,4142999.999
"5926",5926,537125.003,537133.921,4142721.002,4142731.951,"Silva","NEON_D07_MLBS_DP1_537000_4142000_classified_point_cloud.laz","2018_MLBS_3_537000_4142000_image.tif","Tree",1,537000,537999.999,4142000,4142999.999
"5927",5927,537155,537160.481,4142724.027,4142728.978,"Silva","NEON_D07_MLBS_DP1_537000_4142000_classified_point_cloud.laz","2018_MLBS_3_537000_4142000_image.tif","Tree",1,537000,537999.999,4142000,4142999.999
"5928",5928,537133.002,537145.945,4142722.509,4142730.995,"Silva","NEON_D07_MLBS_DP1_537000_4142000_classified_point_cloud.laz","2018_MLBS_3_537000_4142000_image.tif","Tree",1,537000,537999.999,4142000,4142999.999
"5929",5929,537146.005,537154.984,4142724.012,4142730.999,"Silva","NEON_D07_MLBS_DP1_537000_4142000_classified_point_cloud.laz","2018_MLBS_3_537000_4142000_image.tif","Tree",1,537000,537999.999,4142000,4142999.999
"5930",5930,537155.037,537164.497,4142718.502,4142725,"Silva","NEON_D07_MLBS_DP1_537000_4142000_classified_point_cloud.laz","2018_MLBS_3_537000_4142000_image.tif","Tree",1,537000,537999.999,4142000,4142999.999
"5931",5931,537150.504,537155.499,4142718.111,4142723.998,"Silva","NEON_D07_MLBS_DP1_537000_4142000_classified_point_cloud.laz","2018_MLBS_3_537000_4142000_image.tif","Tree",1,537000,537999.999,4142000,4142999.999
"5932",5932,537091.502,537099.328,4142718.009,4142729.461,"Silva","NEON_D07_MLBS_DP1_537000_4142000_classified_point_cloud.laz","2018_MLBS_3_537000_4142000_image.tif","Tree",1,537000,537999.999,4142000,4142999.999
"5933",5933,537134.006,537139.97,4142698.529,4142708.448,"Silva","NEON_D07_MLBS_DP1_537000_4142000_classified_point_cloud.laz","2018_MLBS_3_537000_4142000_image.tif","Tree",1,537000,537999.999,4142000,4142999.999
"5934",5934,537105.043,537114.987,4142700.33,4142706.496,"Silva","NEON_D07_MLBS_DP1_537000_4142000_classified_point_cloud.laz","2018_MLBS_3_537000_4142000_image.tif","Tree",1,537000,537999.999,4142000,4142999.999
"5935",5935,537139.011,537148.476,4142695.02,4142703.372,"Silva","NEON_D07_MLBS_DP1_537000_4142000_classified_point_cloud.laz","2018_MLBS_3_537000_4142000_image.tif","Tree",1,537000,537999.999,4142000,4142999.999
"5936",5936,537115.004,537123.399,4142696.559,4142706.482,"Silva","NEON_D07_MLBS_DP1_537000_4142000_classified_point_cloud.laz","2018_MLBS_3_537000_4142000_image.tif","Tree",1,537000,537999.999,4142000,4142999.999
"5937",5937,537092.569,537100.446,4142694.147,4142704.446,"Silva","NEON_D07_MLBS_DP1_537000_4142000_classified_point_cloud.laz","2018_MLBS_3_537000_4142000_image.tif","Tree",1,537000,537999.999,4142000,4142999.999
"5938",5938,537107.003,537112.982,4142693.546,4142701.332,"Silva","NEON_D07_MLBS_DP1_537000_4142000_classified_point_cloud.laz","2018_MLBS_3_537000_4142000_image.tif","Tree",1,537000,537999.999,4142000,4142999.999
"5939",5939,537112.027,537117.47,4142692.124,4142702.977,"Silva","NEON_D07_MLBS_DP1_537000_4142000_classified_point_cloud.laz","2018_MLBS_3_537000_4142000_image.tif","Tree",1,537000,537999.999,4142000,4142999.999
"5940",5940,537116.67,537124.986,4142692.617,4142700.3,"Silva","NEON_D07_MLBS_DP1_537000_4142000_classified_point_cloud.laz","2018_MLBS_3_537000_4142000_image.tif","Tree",1,537000,537999.999,4142000,4142999.999
"5941",5941,537145.095,537151.463,4142692.49,4142699.482,"Silva","NEON_D07_MLBS_DP1_537000_4142000_classified_point_cloud.laz","2018_MLBS_3_537000_4142000_image.tif","Tree",1,537000,537999.999,4142000,4142999.999
"5942",5942,537103.016,537108.993,4142693.542,4142700.399,"Silva","NEON_D07_MLBS_DP1_537000_4142000_classified_point_cloud.laz","2018_MLBS_3_537000_4142000_image.tif","Tree",1,537000,537999.999,4142000,4142999.999
"5943",5943,537098.021,537103.485,4142693.296,4142697.891,"Silva","NEON_D07_MLBS_DP1_537000_4142000_classified_point_cloud.laz","2018_MLBS_3_537000_4142000_image.tif","Tree",1,537000,537999.999,4142000,4142999.999
"5944",5944,537149.511,537155.927,4142690.366,4142696.949,"Silva","NEON_D07_MLBS_DP1_537000_4142000_classified_point_cloud.laz","2018_MLBS_3_537000_4142000_image.tif","Tree",1,537000,537999.999,4142000,4142999.999
"5945",5945,537133.589,537141.972,4142688.589,4142698.498,"Silva","NEON_D07_MLBS_DP1_537000_4142000_classified_point_cloud.laz","2018_MLBS_3_537000_4142000_image.tif","Tree",1,537000,537999.999,4142000,4142999.999
"5946",5946,537092.772,537103.367,4142689.707,4142695.463,"Silva","NEON_D07_MLBS_DP1_537000_4142000_classified_point_cloud.laz","2018_MLBS_3_537000_4142000_image.tif","Tree",1,537000,537999.999,4142000,4142999.999
"5947",5947,537153.507,537160.493,4142689.002,4142697.95,"Silva","NEON_D07_MLBS_DP1_537000_4142000_classified_point_cloud.laz","2018_MLBS_3_537000_4142000_image.tif","Tree",1,537000,537999.999,4142000,4142999.999
"5948",5948,537154.504,537160.417,4142681.506,4142688.932,"Silva","NEON_D07_MLBS_DP1_537000_4142000_classified_point_cloud.laz","2018_MLBS_3_537000_4142000_image.tif","Tree",1,537000,537999.999,4142000,4142999.999
"5949",5949,537109.504,537117.495,4142683.554,4142693.213,"Silva","NEON_D07_MLBS_DP1_537000_4142000_classified_point_cloud.laz","2018_MLBS_3_537000_4142000_image.tif","Tree",1,537000,537999.999,4142000,4142999.999
"5950",5950,537093.113,537104.459,4142682.034,4142689.99,"Silva","NEON_D07_MLBS_DP1_537000_4142000_classified_point_cloud.laz","2018_MLBS_3_537000_4142000_image.tif","Tree",1,537000,537999.999,4142000,4142999.999
"5951",5951,537151.013,537157.477,4142679.525,4142685.939,"Silva","NEON_D07_MLBS_DP1_537000_4142000_classified_point_cloud.laz","2018_MLBS_3_537000_4142000_image.tif","Tree",1,537000,537999.999,4142000,4142999.999
"5952",5952,537090.539,537101.847,4142673.018,4142682.552,"Silva","NEON_D07_MLBS_DP1_537000_4142000_classified_point_cloud.laz","2018_MLBS_3_537000_4142000_image.tif","Tree",1,537000,537999.999,4142000,4142999.999
"5953",5953,537117.717,537126.986,4142701.537,4142708.418,"Silva","NEON_D07_MLBS_DP1_537000_4142000_classified_point_cloud.laz","2018_MLBS_3_537000_4142000_image.tif","Tree",1,537000,537999.999,4142000,4142999.999
"5954",5954,537150.117,537160.943,4142701.641,4142710.884,"Silva","NEON_D07_MLBS_DP1_537000_4142000_classified_point_cloud.laz","2018_MLBS_3_537000_4142000_image.tif","Tree",1,537000,537999.999,4142000,4142999.999
"5955",5955,537096.013,537106.45,4142702.044,4142710.496,"Silva","NEON_D07_MLBS_DP1_537000_4142000_classified_point_cloud.laz","2018_MLBS_3_537000_4142000_image.tif","Tree",1,537000,537999.999,4142000,4142999.999
"5956",5956,537124.034,537130.85,4142702.545,4142710.444,"Silva","NEON_D07_MLBS_DP1_537000_4142000_classified_point_cloud.laz","2018_MLBS_3_537000_4142000_image.tif","Tree",1,537000,537999.999,4142000,4142999.999
"5957",5957,537108.536,537117.426,4142704.615,4142712.378,"Silva","NEON_D07_MLBS_DP1_537000_4142000_classified_point_cloud.laz","2018_MLBS_3_537000_4142000_image.tif","Tree",1,537000,537999.999,4142000,4142999.999
"5958",5958,537106.506,537111.816,4142706.525,4142714.487,"Silva","NEON_D07_MLBS_DP1_537000_4142000_classified_point_cloud.laz","2018_MLBS_3_537000_4142000_image.tif","Tree",1,537000,537999.999,4142000,4142999.999
"5959",5959,537116.501,537124.948,4142706.507,4142714.976,"Silva","NEON_D07_MLBS_DP1_537000_4142000_classified_point_cloud.laz","2018_MLBS_3_537000_4142000_image.tif","Tree",1,537000,537999.999,4142000,4142999.999
"5960",5960,537129.594,537136.996,4142707.52,4142714.5,"Silva","NEON_D07_MLBS_DP1_537000_4142000_classified_point_cloud.laz","2018_MLBS_3_537000_4142000_image.tif","Tree",1,537000,537999.999,4142000,4142999.999
"5961",5961,537122.037,537129.988,4142710.025,4142720.993,"Silva","NEON_D07_MLBS_DP1_537000_4142000_classified_point_cloud.laz","2018_MLBS_3_537000_4142000_image.tif","Tree",1,537000,537999.999,4142000,4142999.999
"5962",5962,537137.011,537143.412,4142708.005,4142717.458,"Silva","NEON_D07_MLBS_DP1_537000_4142000_classified_point_cloud.laz","2018_MLBS_3_537000_4142000_image.tif","Tree",1,537000,537999.999,4142000,4142999.999
"5963",5963,537094.035,537101.26,4142709.105,4142718.5,"Silva","NEON_D07_MLBS_DP1_537000_4142000_classified_point_cloud.laz","2018_MLBS_3_537000_4142000_image.tif","Tree",1,537000,537999.999,4142000,4142999.999
"5964",5964,537140.037,537149.993,4142708.691,4142720.48,"Silva","NEON_D07_MLBS_DP1_537000_4142000_classified_point_cloud.laz","2018_MLBS_3_537000_4142000_image.tif","Tree",1,537000,537999.999,4142000,4142999.999
"5965",5965,537150.012,537157.998,4142710.006,4142718.973,"Silva","NEON_D07_MLBS_DP1_537000_4142000_classified_point_cloud.laz","2018_MLBS_3_537000_4142000_image.tif","Tree",1,537000,537999.999,4142000,4142999.999
"5966",5966,537110.006,537116.93,4142711.501,4142720.447,"Silva","NEON_D07_MLBS_DP1_537000_4142000_classified_point_cloud.laz","2018_MLBS_3_537000_4142000_image.tif","Tree",1,537000,537999.999,4142000,4142999.999
"5967",5967,537114.618,537123.974,4142712.107,4142720,"Silva","NEON_D07_MLBS_DP1_537000_4142000_classified_point_cloud.laz","2018_MLBS_3_537000_4142000_image.tif","Tree",1,537000,537999.999,4142000,4142999.999
"5968",5968,537128.329,537138.455,4142714.502,4142722.448,"Silva","NEON_D07_MLBS_DP1_537000_4142000_classified_point_cloud.laz","2018_MLBS_3_537000_4142000_image.tif","Tree",1,537000,537999.999,4142000,4142999.999
"5969",5969,537111.056,537124.87,4142719.027,4142726.443,"Silva","NEON_D07_MLBS_DP1_537000_4142000_classified_point_cloud.laz","2018_MLBS_3_537000_4142000_image.tif","Tree",1,537000,537999.999,4142000,4142999.999
"5970",5970,537143.527,537152.829,4142715.179,4142726.464,"Silva","NEON_D07_MLBS_DP1_537000_4142000_classified_point_cloud.laz","2018_MLBS_3_537000_4142000_image.tif","Tree",1,537000,537999.999,4142000,4142999.999
"5971",5971,537132.056,537143.974,4142717.056,4142725.445,"Silva","NEON_D07_MLBS_DP1_537000_4142000_classified_point_cloud.laz","2018_MLBS_3_537000_4142000_image.tif","Tree",1,537000,537999.999,4142000,4142999.999
"5972",5972,537215.504,537224.492,4142733.009,4142741.99,"Silva","NEON_D07_MLBS_DP1_537000_4142000_classified_point_cloud.laz","2018_MLBS_3_537000_4142000_image.tif","Tree",1,537000,537999.999,4142000,4142999.999
"5973",5973,537152.278,537164.959,4142734.055,4142743.865,"Silva","NEON_D07_MLBS_DP1_537000_4142000_classified_point_cloud.laz","2018_MLBS_3_537000_4142000_image.tif","Tree",1,537000,537999.999,4142000,4142999.999
"5974",5974,537189.042,537200.422,4142732.512,4142742.95,"Silva","NEON_D07_MLBS_DP1_537000_4142000_classified_point_cloud.laz","2018_MLBS_3_537000_4142000_image.tif","Tree",1,537000,537999.999,4142000,4142999.999
"5975",5975,537181.003,537189.993,4142731.041,4142740.5,"Silva","NEON_D07_MLBS_DP1_537000_4142000_classified_point_cloud.laz","2018_MLBS_3_537000_4142000_image.tif","Tree",1,537000,537999.999,4142000,4142999.999
"5976",5976,537201.046,537210.999,4142730.659,4142741.284,"Silva","NEON_D07_MLBS_DP1_537000_4142000_classified_point_cloud.laz","2018_MLBS_3_537000_4142000_image.tif","Tree",1,537000,537999.999,4142000,4142999.999
"5977",5977,537217.013,537230.986,4142729.002,4142739.41,"Silva","NEON_D07_MLBS_DP1_537000_4142000_classified_point_cloud.laz","2018_MLBS_3_537000_4142000_image.tif","Tree",1,537000,537999.999,4142000,4142999.999
"5978",5978,537168.012,537180.994,4142729.547,4142739.975,"Silva","NEON_D07_MLBS_DP1_537000_4142000_classified_point_cloud.laz","2018_MLBS_3_537000_4142000_image.tif","Tree",1,537000,537999.999,4142000,4142999.999
"5979",5979,537200.001,537207.935,4142728.165,4142739.953,"Silva","NEON_D07_MLBS_DP1_537000_4142000_classified_point_cloud.laz","2018_MLBS_3_537000_4142000_image.tif","Tree",1,537000,537999.999,4142000,4142999.999
"5980",5980,537194.551,537200.494,4142728.575,4142738.985,"Silva","NEON_D07_MLBS_DP1_537000_4142000_classified_point_cloud.laz","2018_MLBS_3_537000_4142000_image.tif","Tree",1,537000,537999.999,4142000,4142999.999
"5981",5981,537190.324,537196.495,4142725.003,4142732.982,"Silva","NEON_D07_MLBS_DP1_537000_4142000_classified_point_cloud.laz","2018_MLBS_3_537000_4142000_image.tif","Tree",1,537000,537999.999,4142000,4142999.999
"5982",5982,537196.501,537203.49,4142723.798,4142731.329,"Silva","NEON_D07_MLBS_DP1_537000_4142000_classified_point_cloud.laz","2018_MLBS_3_537000_4142000_image.tif","Tree",1,537000,537999.999,4142000,4142999.999
"5983",5983,537207.51,537217.868,4142723.07,4142731.999,"Silva","NEON_D07_MLBS_DP1_537000_4142000_classified_point_cloud.laz","2018_MLBS_3_537000_4142000_image.tif","Tree",1,537000,537999.999,4142000,4142999.999
"5984",5984,537180.5,537190.999,4142723.076,4142732.475,"Silva","NEON_D07_MLBS_DP1_537000_4142000_classified_point_cloud.laz","2018_MLBS_3_537000_4142000_image.tif","Tree",1,537000,537999.999,4142000,4142999.999
"5985",5985,537158.569,537169.952,4142722.535,4142734.446,"Silva","NEON_D07_MLBS_DP1_537000_4142000_classified_point_cloud.laz","2018_MLBS_3_537000_4142000_image.tif","Tree",1,537000,537999.999,4142000,4142999.999
"5986",5986,537218.004,537230.36,4142722.511,4142729.499,"Silva","NEON_D07_MLBS_DP1_537000_4142000_classified_point_cloud.laz","2018_MLBS_3_537000_4142000_image.tif","Tree",1,537000,537999.999,4142000,4142999.999
"5987",5987,537200.571,537210.479,4142718.52,4142728.807,"Silva","NEON_D07_MLBS_DP1_537000_4142000_classified_point_cloud.laz","2018_MLBS_3_537000_4142000_image.tif","Tree",1,537000,537999.999,4142000,4142999.999
"5988",5988,537168.548,537182.467,4142719.104,4142729.991,"Silva","NEON_D07_MLBS_DP1_537000_4142000_classified_point_cloud.laz","2018_MLBS_3_537000_4142000_image.tif","Tree",1,537000,537999.999,4142000,4142999.999
"5989",5989,537214.016,537220.997,4142719.506,4142727.968,"Silva","NEON_D07_MLBS_DP1_537000_4142000_classified_point_cloud.laz","2018_MLBS_3_537000_4142000_image.tif","Tree",1,537000,537999.999,4142000,4142999.999
"5990",5990,537186.023,537196.97,4142719.574,4142726.351,"Silva","NEON_D07_MLBS_DP1_537000_4142000_classified_point_cloud.laz","2018_MLBS_3_537000_4142000_image.tif","Tree",1,537000,537999.999,4142000,4142999.999
"5991",5991,537219.022,537223.496,4142717.755,4142722.936,"Silva","NEON_D07_MLBS_DP1_537000_4142000_classified_point_cloud.laz","2018_MLBS_3_537000_4142000_image.tif","Tree",1,537000,537999.999,4142000,4142999.999
"5992",5992,537222.55,537226.497,4142716.563,4142722.994,"Silva","NEON_D07_MLBS_DP1_537000_4142000_classified_point_cloud.laz","2018_MLBS_3_537000_4142000_image.tif","Tree",1,537000,537999.999,4142000,4142999.999
"5993",5993,537208.609,537216.482,4142716.551,4142723.941,"Silva","NEON_D07_MLBS_DP1_537000_4142000_classified_point_cloud.laz","2018_MLBS_3_537000_4142000_image.tif","Tree",1,537000,537999.999,4142000,4142999.999
"5994",5994,537159,537168.363,4142698.565,4142708.497,"Silva","NEON_D07_MLBS_DP1_537000_4142000_classified_point_cloud.laz","2018_MLBS_3_537000_4142000_image.tif","Tree",1,537000,537999.999,4142000,4142999.999
"5995",5995,537173.129,537182.914,4142696.248,4142705.42,"Silva","NEON_D07_MLBS_DP1_537000_4142000_classified_point_cloud.laz","2018_MLBS_3_537000_4142000_image.tif","Tree",1,537000,537999.999,4142000,4142999.999
"5996",5996,537205.006,537217.471,4142694.016,4142701.494,"Silva","NEON_D07_MLBS_DP1_537000_4142000_classified_point_cloud.laz","2018_MLBS_3_537000_4142000_image.tif","Tree",1,537000,537999.999,4142000,4142999.999
"5997",5997,537220.503,537228.456,4142693.006,4142700.975,"Silva","NEON_D07_MLBS_DP1_537000_4142000_classified_point_cloud.laz","2018_MLBS_3_537000_4142000_image.tif","Tree",1,537000,537999.999,4142000,4142999.999
"5998",5998,537167.154,537174.315,4142693.531,4142700.99,"Silva","NEON_D07_MLBS_DP1_537000_4142000_classified_point_cloud.laz","2018_MLBS_3_537000_4142000_image.tif","Tree",1,537000,537999.999,4142000,4142999.999
"5999",5999,537214.622,537220.978,4142692.126,4142699.691,"Silva","NEON_D07_MLBS_DP1_537000_4142000_classified_point_cloud.laz","2018_MLBS_3_537000_4142000_image.tif","Tree",1,537000,537999.999,4142000,4142999.999
"6000",6000,537220.504,537228.473,4142686.623,4142695.359,"Silva","NEON_D07_MLBS_DP1_537000_4142000_classified_point_cloud.laz","2018_MLBS_3_537000_4142000_image.tif","Tree",1,537000,537999.999,4142000,4142999.999
"6001",6001,537211.5,537220.492,4142686.502,4142695.484,"Silva","NEON_D07_MLBS_DP1_537000_4142000_classified_point_cloud.laz","2018_MLBS_3_537000_4142000_image.tif","Tree",1,537000,537999.999,4142000,4142999.999
"6002",6002,537202.625,537211.456,4142688.528,4142699.975,"Silva","NEON_D07_MLBS_DP1_537000_4142000_classified_point_cloud.laz","2018_MLBS_3_537000_4142000_image.tif","Tree",1,537000,537999.999,4142000,4142999.999
"6003",6003,537160.502,537165.968,4142688.507,4142695.897,"Silva","NEON_D07_MLBS_DP1_537000_4142000_classified_point_cloud.laz","2018_MLBS_3_537000_4142000_image.tif","Tree",1,537000,537999.999,4142000,4142999.999
"6004",6004,537196.039,537203.927,4142686.583,4142698.863,"Silva","NEON_D07_MLBS_DP1_537000_4142000_classified_point_cloud.laz","2018_MLBS_3_537000_4142000_image.tif","Tree",1,537000,537999.999,4142000,4142999.999
"6005",6005,537157.049,537162.481,4142687.082,4142692.016,"Silva","NEON_D07_MLBS_DP1_537000_4142000_classified_point_cloud.laz","2018_MLBS_3_537000_4142000_image.tif","Tree",1,537000,537999.999,4142000,4142999.999
"6006",6006,537164.538,537171.331,4142685.561,4142693.46,"Silva","NEON_D07_MLBS_DP1_537000_4142000_classified_point_cloud.laz","2018_MLBS_3_537000_4142000_image.tif","Tree",1,537000,537999.999,4142000,4142999.999
"6007",6007,537188.575,537198.483,4142683.522,4142696.452,"Silva","NEON_D07_MLBS_DP1_537000_4142000_classified_point_cloud.laz","2018_MLBS_3_537000_4142000_image.tif","Tree",1,537000,537999.999,4142000,4142999.999
"6008",6008,537160.009,537167.411,4142680.521,4142688.491,"Silva","NEON_D07_MLBS_DP1_537000_4142000_classified_point_cloud.laz","2018_MLBS_3_537000_4142000_image.tif","Tree",1,537000,537999.999,4142000,4142999.999
"6009",6009,537221.053,537232.452,4142675.819,4142685.432,"Silva","NEON_D07_MLBS_DP1_537000_4142000_classified_point_cloud.laz","2018_MLBS_3_537000_4142000_image.tif","Tree",1,537000,537999.999,4142000,4142999.999
"6010",6010,537175.035,537182.491,4142676.25,4142688.906,"Silva","NEON_D07_MLBS_DP1_537000_4142000_classified_point_cloud.laz","2018_MLBS_3_537000_4142000_image.tif","Tree",1,537000,537999.999,4142000,4142999.999
"6011",6011,537198.549,537205.935,4142674.601,4142681.387,"Silva","NEON_D07_MLBS_DP1_537000_4142000_classified_point_cloud.laz","2018_MLBS_3_537000_4142000_image.tif","Tree",1,537000,537999.999,4142000,4142999.999
"6012",6012,537191.051,537198.476,4142673.605,4142683.406,"Silva","NEON_D07_MLBS_DP1_537000_4142000_classified_point_cloud.laz","2018_MLBS_3_537000_4142000_image.tif","Tree",1,537000,537999.999,4142000,4142999.999
"6013",6013,537170.515,537176.997,4142674.012,4142683.394,"Silva","NEON_D07_MLBS_DP1_537000_4142000_classified_point_cloud.laz","2018_MLBS_3_537000_4142000_image.tif","Tree",1,537000,537999.999,4142000,4142999.999
"6014",6014,537185.049,537192.483,4142670.261,4142679.452,"Silva","NEON_D07_MLBS_DP1_537000_4142000_classified_point_cloud.laz","2018_MLBS_3_537000_4142000_image.tif","Tree",1,537000,537999.999,4142000,4142999.999
"6015",6015,537167.018,537174.984,4142701.003,4142710.481,"Silva","NEON_D07_MLBS_DP1_537000_4142000_classified_point_cloud.laz","2018_MLBS_3_537000_4142000_image.tif","Tree",1,537000,537999.999,4142000,4142999.999
"6016",6016,537190.038,537199.48,4142696.828,4142707.929,"Silva","NEON_D07_MLBS_DP1_537000_4142000_classified_point_cloud.laz","2018_MLBS_3_537000_4142000_image.tif","Tree",1,537000,537999.999,4142000,4142999.999
"6017",6017,537205.585,537215.498,4142700.611,4142709.975,"Silva","NEON_D07_MLBS_DP1_537000_4142000_classified_point_cloud.laz","2018_MLBS_3_537000_4142000_image.tif","Tree",1,537000,537999.999,4142000,4142999.999
"6018",6018,537174.571,537183.483,4142700.513,4142709.486,"Silva","NEON_D07_MLBS_DP1_537000_4142000_classified_point_cloud.laz","2018_MLBS_3_537000_4142000_image.tif","Tree",1,537000,537999.999,4142000,4142999.999
"6019",6019,537183.523,537191.481,4142700.502,4142710.986,"Silva","NEON_D07_MLBS_DP1_537000_4142000_classified_point_cloud.laz","2018_MLBS_3_537000_4142000_image.tif","Tree",1,537000,537999.999,4142000,4142999.999
"6020",6020,537194.598,537203.942,4142698.531,4142710.288,"Silva","NEON_D07_MLBS_DP1_537000_4142000_classified_point_cloud.laz","2018_MLBS_3_537000_4142000_image.tif","Tree",1,537000,537999.999,4142000,4142999.999
"6021",6021,537177.01,537184.92,4142702.601,4142710.907,"Silva","NEON_D07_MLBS_DP1_537000_4142000_classified_point_cloud.laz","2018_MLBS_3_537000_4142000_image.tif","Tree",1,537000,537999.999,4142000,4142999.999
"6022",6022,537203.005,537211.994,4142700.004,4142713.928,"Silva","NEON_D07_MLBS_DP1_537000_4142000_classified_point_cloud.laz","2018_MLBS_3_537000_4142000_image.tif","Tree",1,537000,537999.999,4142000,4142999.999
"6023",6023,537197.035,537203.982,4142704.515,4142711.422,"Silva","NEON_D07_MLBS_DP1_537000_4142000_classified_point_cloud.laz","2018_MLBS_3_537000_4142000_image.tif","Tree",1,537000,537999.999,4142000,4142999.999
"6024",6024,537221.007,537227.419,4142704.012,4142711.453,"Silva","NEON_D07_MLBS_DP1_537000_4142000_classified_point_cloud.laz","2018_MLBS_3_537000_4142000_image.tif","Tree",1,537000,537999.999,4142000,4142999.999
"6025",6025,537212.591,537221.495,4142706.168,4142713.489,"Silva","NEON_D07_MLBS_DP1_537000_4142000_classified_point_cloud.laz","2018_MLBS_3_537000_4142000_image.tif","Tree",1,537000,537999.999,4142000,4142999.999
"6026",6026,537162.006,537171.466,4142708.179,4142719.952,"Silva","NEON_D07_MLBS_DP1_537000_4142000_classified_point_cloud.laz","2018_MLBS_3_537000_4142000_image.tif","Tree",1,537000,537999.999,4142000,4142999.999
"6027",6027,537196.534,537205.948,4142711.006,4142717.312,"Silva","NEON_D07_MLBS_DP1_537000_4142000_classified_point_cloud.laz","2018_MLBS_3_537000_4142000_image.tif","Tree",1,537000,537999.999,4142000,4142999.999
"6028",6028,537157.51,537163.464,4142708.05,4142719.479,"Silva","NEON_D07_MLBS_DP1_537000_4142000_classified_point_cloud.laz","2018_MLBS_3_537000_4142000_image.tif","Tree",1,537000,537999.999,4142000,4142999.999
"6029",6029,537171.004,537179.983,4142709.019,4142719.499,"Silva","NEON_D07_MLBS_DP1_537000_4142000_classified_point_cloud.laz","2018_MLBS_3_537000_4142000_image.tif","Tree",1,537000,537999.999,4142000,4142999.999
"6030",6030,537220.597,537226.981,4142710.612,4142716.444,"Silva","NEON_D07_MLBS_DP1_537000_4142000_classified_point_cloud.laz","2018_MLBS_3_537000_4142000_image.tif","Tree",1,537000,537999.999,4142000,4142999.999
"6031",6031,537218.015,537223.435,4142712.001,4142717.999,"Silva","NEON_D07_MLBS_DP1_537000_4142000_classified_point_cloud.laz","2018_MLBS_3_537000_4142000_image.tif","Tree",1,537000,537999.999,4142000,4142999.999
"6032",6032,537179.504,537188.987,4142713.623,4142723.949,"Silva","NEON_D07_MLBS_DP1_537000_4142000_classified_point_cloud.laz","2018_MLBS_3_537000_4142000_image.tif","Tree",1,537000,537999.999,4142000,4142999.999
"6033",6033,537134.004,537143.454,4142798.291,4142809.4,"Silva","NEON_D07_MLBS_DP1_537000_4142000_classified_point_cloud.laz","2018_MLBS_3_537000_4142000_image.tif","Tree",1,537000,537999.999,4142000,4142999.999
"6034",6034,537127.513,537138.499,4142796.514,4142806.474,"Silva","NEON_D07_MLBS_DP1_537000_4142000_classified_point_cloud.laz","2018_MLBS_3_537000_4142000_image.tif","Tree",1,537000,537999.999,4142000,4142999.999
"6035",6035,537111.544,537121.983,4142793.516,4142806.984,"Silva","NEON_D07_MLBS_DP1_537000_4142000_classified_point_cloud.laz","2018_MLBS_3_537000_4142000_image.tif","Tree",1,537000,537999.999,4142000,4142999.999
"6036",6036,537120.036,537129.933,4142789.088,4142798.485,"Silva","NEON_D07_MLBS_DP1_537000_4142000_classified_point_cloud.laz","2018_MLBS_3_537000_4142000_image.tif","Tree",1,537000,537999.999,4142000,4142999.999
"6037",6037,537128.543,537134.491,4142785.62,4142796.992,"Silva","NEON_D07_MLBS_DP1_537000_4142000_classified_point_cloud.laz","2018_MLBS_3_537000_4142000_image.tif","Tree",1,537000,537999.999,4142000,4142999.999
"6038",6038,537152.797,537162.491,4142784.562,4142795.496,"Silva","NEON_D07_MLBS_DP1_537000_4142000_classified_point_cloud.laz","2018_MLBS_3_537000_4142000_image.tif","Tree",1,537000,537999.999,4142000,4142999.999
"6039",6039,537095.533,537105.481,4142787.521,4142795.998,"Silva","NEON_D07_MLBS_DP1_537000_4142000_classified_point_cloud.laz","2018_MLBS_3_537000_4142000_image.tif","Tree",1,537000,537999.999,4142000,4142999.999
"6040",6040,537120.573,537131.454,4142782.517,4142792.829,"Silva","NEON_D07_MLBS_DP1_537000_4142000_classified_point_cloud.laz","2018_MLBS_3_537000_4142000_image.tif","Tree",1,537000,537999.999,4142000,4142999.999
"6041",6041,537108.053,537115.483,4142781.938,4142793.142,"Silva","NEON_D07_MLBS_DP1_537000_4142000_classified_point_cloud.laz","2018_MLBS_3_537000_4142000_image.tif","Tree",1,537000,537999.999,4142000,4142999.999
"6042",6042,537133.008,537140.973,4142782.005,4142788.94,"Silva","NEON_D07_MLBS_DP1_537000_4142000_classified_point_cloud.laz","2018_MLBS_3_537000_4142000_image.tif","Tree",1,537000,537999.999,4142000,4142999.999
"6043",6043,537140.039,537146.458,4142779.621,4142786.465,"Silva","NEON_D07_MLBS_DP1_537000_4142000_classified_point_cloud.laz","2018_MLBS_3_537000_4142000_image.tif","Tree",1,537000,537999.999,4142000,4142999.999
"6044",6044,537130.009,537140.95,4142776.031,4142785.923,"Silva","NEON_D07_MLBS_DP1_537000_4142000_classified_point_cloud.laz","2018_MLBS_3_537000_4142000_image.tif","Tree",1,537000,537999.999,4142000,4142999.999
"6045",6045,537104.552,537113.491,4142775.798,4142783.957,"Silva","NEON_D07_MLBS_DP1_537000_4142000_classified_point_cloud.laz","2018_MLBS_3_537000_4142000_image.tif","Tree",1,537000,537999.999,4142000,4142999.999
"6046",6046,537120.515,537130.475,4142773.501,4142783,"Silva","NEON_D07_MLBS_DP1_537000_4142000_classified_point_cloud.laz","2018_MLBS_3_537000_4142000_image.tif","Tree",1,537000,537999.999,4142000,4142999.999
"6047",6047,537114.002,537120.954,4142771.111,4142778.473,"Silva","NEON_D07_MLBS_DP1_537000_4142000_classified_point_cloud.laz","2018_MLBS_3_537000_4142000_image.tif","Tree",1,537000,537999.999,4142000,4142999.999
"6048",6048,537109.104,537113.998,4142773.004,4142778.931,"Silva","NEON_D07_MLBS_DP1_537000_4142000_classified_point_cloud.laz","2018_MLBS_3_537000_4142000_image.tif","Tree",1,537000,537999.999,4142000,4142999.999
"6049",6049,537124.534,537132.465,4142770.007,4142777.989,"Silva","NEON_D07_MLBS_DP1_537000_4142000_classified_point_cloud.laz","2018_MLBS_3_537000_4142000_image.tif","Tree",1,537000,537999.999,4142000,4142999.999
"6050",6050,537132.285,537141.942,4142767.612,4142775.562,"Silva","NEON_D07_MLBS_DP1_537000_4142000_classified_point_cloud.laz","2018_MLBS_3_537000_4142000_image.tif","Tree",1,537000,537999.999,4142000,4142999.999
"6051",6051,537110.053,537116.433,4142768.007,4142773.478,"Silva","NEON_D07_MLBS_DP1_537000_4142000_classified_point_cloud.laz","2018_MLBS_3_537000_4142000_image.tif","Tree",1,537000,537999.999,4142000,4142999.999
"6052",6052,537121.012,537126.497,4142765.727,4142773.957,"Silva","NEON_D07_MLBS_DP1_537000_4142000_classified_point_cloud.laz","2018_MLBS_3_537000_4142000_image.tif","Tree",1,537000,537999.999,4142000,4142999.999
"6053",6053,537145.178,537151.46,4142763.239,4142772.491,"Silva","NEON_D07_MLBS_DP1_537000_4142000_classified_point_cloud.laz","2018_MLBS_3_537000_4142000_image.tif","Tree",1,537000,537999.999,4142000,4142999.999
"6054",6054,537133.033,537139.966,4142763.091,4142768,"Silva","NEON_D07_MLBS_DP1_537000_4142000_classified_point_cloud.laz","2018_MLBS_3_537000_4142000_image.tif","Tree",1,537000,537999.999,4142000,4142999.999
"6055",6055,537121.074,537127.465,4142761.502,4142767.391,"Silva","NEON_D07_MLBS_DP1_537000_4142000_classified_point_cloud.laz","2018_MLBS_3_537000_4142000_image.tif","Tree",1,537000,537999.999,4142000,4142999.999
"6056",6056,537137.517,537146.466,4142752.566,4142763.444,"Silva","NEON_D07_MLBS_DP1_537000_4142000_classified_point_cloud.laz","2018_MLBS_3_537000_4142000_image.tif","Tree",1,537000,537999.999,4142000,4142999.999
"6057",6057,537100.594,537109.487,4142752.008,4142760.978,"Silva","NEON_D07_MLBS_DP1_537000_4142000_classified_point_cloud.laz","2018_MLBS_3_537000_4142000_image.tif","Tree",1,537000,537999.999,4142000,4142999.999
"6058",6058,537109.03,537115.419,4142749.57,4142759.355,"Silva","NEON_D07_MLBS_DP1_537000_4142000_classified_point_cloud.laz","2018_MLBS_3_537000_4142000_image.tif","Tree",1,537000,537999.999,4142000,4142999.999
"6059",6059,537115.007,537123.488,4142749.537,4142758.494,"Silva","NEON_D07_MLBS_DP1_537000_4142000_classified_point_cloud.laz","2018_MLBS_3_537000_4142000_image.tif","Tree",1,537000,537999.999,4142000,4142999.999
"6060",6060,537156.643,537162.931,4142749.692,4142757.89,"Silva","NEON_D07_MLBS_DP1_537000_4142000_classified_point_cloud.laz","2018_MLBS_3_537000_4142000_image.tif","Tree",1,537000,537999.999,4142000,4142999.999
"6061",6061,537131.015,537140.442,4142749.573,4142756.976,"Silva","NEON_D07_MLBS_DP1_537000_4142000_classified_point_cloud.laz","2018_MLBS_3_537000_4142000_image.tif","Tree",1,537000,537999.999,4142000,4142999.999
"6062",6062,537152.122,537158.481,4142744.056,4142753.908,"Silva","NEON_D07_MLBS_DP1_537000_4142000_classified_point_cloud.laz","2018_MLBS_3_537000_4142000_image.tif","Tree",1,537000,537999.999,4142000,4142999.999
"6063",6063,537100.506,537110.987,4142743.697,4142752.498,"Silva","NEON_D07_MLBS_DP1_537000_4142000_classified_point_cloud.laz","2018_MLBS_3_537000_4142000_image.tif","Tree",1,537000,537999.999,4142000,4142999.999
"6064",6064,537115.506,537127.469,4142743.501,4142751.993,"Silva","NEON_D07_MLBS_DP1_537000_4142000_classified_point_cloud.laz","2018_MLBS_3_537000_4142000_image.tif","Tree",1,537000,537999.999,4142000,4142999.999
"6065",6065,537107.027,537115.411,4142743.01,4142750.478,"Silva","NEON_D07_MLBS_DP1_537000_4142000_classified_point_cloud.laz","2018_MLBS_3_537000_4142000_image.tif","Tree",1,537000,537999.999,4142000,4142999.999
"6066",6066,537137.001,537148.298,4142739.031,4142749.45,"Silva","NEON_D07_MLBS_DP1_537000_4142000_classified_point_cloud.laz","2018_MLBS_3_537000_4142000_image.tif","Tree",1,537000,537999.999,4142000,4142999.999
"6067",6067,537105.112,537111.994,4142736.031,4142744.195,"Silva","NEON_D07_MLBS_DP1_537000_4142000_classified_point_cloud.laz","2018_MLBS_3_537000_4142000_image.tif","Tree",1,537000,537999.999,4142000,4142999.999
"6068",6068,537117.521,537126.456,4142735.012,4142743.985,"Silva","NEON_D07_MLBS_DP1_537000_4142000_classified_point_cloud.laz","2018_MLBS_3_537000_4142000_image.tif","Tree",1,537000,537999.999,4142000,4142999.999
"6069",6069,537197.524,537207.927,4142793.578,4142800.469,"Silva","NEON_D07_MLBS_DP1_537000_4142000_classified_point_cloud.laz","2018_MLBS_3_537000_4142000_image.tif","Tree",1,537000,537999.999,4142000,4142999.999
"6070",6070,537159.086,537166.989,4142793.024,4142803.998,"Silva","NEON_D07_MLBS_DP1_537000_4142000_classified_point_cloud.laz","2018_MLBS_3_537000_4142000_image.tif","Tree",1,537000,537999.999,4142000,4142999.999
"6071",6071,537186.006,537194.477,4142792.002,4142798.96,"Silva","NEON_D07_MLBS_DP1_537000_4142000_classified_point_cloud.laz","2018_MLBS_3_537000_4142000_image.tif","Tree",1,537000,537999.999,4142000,4142999.999
"6072",6072,537194.002,537202.393,4142788.688,4142797.497,"Silva","NEON_D07_MLBS_DP1_537000_4142000_classified_point_cloud.laz","2018_MLBS_3_537000_4142000_image.tif","Tree",1,537000,537999.999,4142000,4142999.999
"6073",6073,537201.535,537209.995,4142787.017,4142796.75,"Silva","NEON_D07_MLBS_DP1_537000_4142000_classified_point_cloud.laz","2018_MLBS_3_537000_4142000_image.tif","Tree",1,537000,537999.999,4142000,4142999.999
"6074",6074,537184.519,537194.455,4142787.507,4142792.956,"Silva","NEON_D07_MLBS_DP1_537000_4142000_classified_point_cloud.laz","2018_MLBS_3_537000_4142000_image.tif","Tree",1,537000,537999.999,4142000,4142999.999
"6075",6075,537197.648,537204.973,4142781.077,4142789.5,"Silva","NEON_D07_MLBS_DP1_537000_4142000_classified_point_cloud.laz","2018_MLBS_3_537000_4142000_image.tif","Tree",1,537000,537999.999,4142000,4142999.999
"6076",6076,537205.616,537210.473,4142776.04,4142782.599,"Silva","NEON_D07_MLBS_DP1_537000_4142000_classified_point_cloud.laz","2018_MLBS_3_537000_4142000_image.tif","Tree",1,537000,537999.999,4142000,4142999.999
"6077",6077,537185.133,537193.895,4142775.571,4142782.5,"Silva","NEON_D07_MLBS_DP1_537000_4142000_classified_point_cloud.laz","2018_MLBS_3_537000_4142000_image.tif","Tree",1,537000,537999.999,4142000,4142999.999
"6078",6078,537170.078,537177.978,4142772.508,4142783.416,"Silva","NEON_D07_MLBS_DP1_537000_4142000_classified_point_cloud.laz","2018_MLBS_3_537000_4142000_image.tif","Tree",1,537000,537999.999,4142000,4142999.999
"6079",6079,537176.099,537182.98,4142772.541,4142782.448,"Silva","NEON_D07_MLBS_DP1_537000_4142000_classified_point_cloud.laz","2018_MLBS_3_537000_4142000_image.tif","Tree",1,537000,537999.999,4142000,4142999.999
"6080",6080,537160.529,537172.487,4142769.004,4142776.443,"Silva","NEON_D07_MLBS_DP1_537000_4142000_classified_point_cloud.laz","2018_MLBS_3_537000_4142000_image.tif","Tree",1,537000,537999.999,4142000,4142999.999
"6081",6081,537182.007,537190.457,4142764.014,4142772.243,"Silva","NEON_D07_MLBS_DP1_537000_4142000_classified_point_cloud.laz","2018_MLBS_3_537000_4142000_image.tif","Tree",1,537000,537999.999,4142000,4142999.999
"6082",6082,537205.017,537215.914,4142762.505,4142767.415,"Silva","NEON_D07_MLBS_DP1_537000_4142000_classified_point_cloud.laz","2018_MLBS_3_537000_4142000_image.tif","Tree",1,537000,537999.999,4142000,4142999.999
"6083",6083,537178.01,537186.6,4142761.158,4142769.998,"Silva","NEON_D07_MLBS_DP1_537000_4142000_classified_point_cloud.laz","2018_MLBS_3_537000_4142000_image.tif","Tree",1,537000,537999.999,4142000,4142999.999
"6084",6084,537172.52,537178.278,4142760.577,4142764.84,"Silva","NEON_D07_MLBS_DP1_537000_4142000_classified_point_cloud.laz","2018_MLBS_3_537000_4142000_image.tif","Tree",1,537000,537999.999,4142000,4142999.999
"6085",6085,537168.503,537174.983,4142754.044,4142761.982,"Silva","NEON_D07_MLBS_DP1_537000_4142000_classified_point_cloud.laz","2018_MLBS_3_537000_4142000_image.tif","Tree",1,537000,537999.999,4142000,4142999.999
"6086",6086,537160.021,537168.944,4142756.532,4142762.996,"Silva","NEON_D07_MLBS_DP1_537000_4142000_classified_point_cloud.laz","2018_MLBS_3_537000_4142000_image.tif","Tree",1,537000,537999.999,4142000,4142999.999
"6087",6087,537200.013,537206.47,4142753.613,4142761.993,"Silva","NEON_D07_MLBS_DP1_537000_4142000_classified_point_cloud.laz","2018_MLBS_3_537000_4142000_image.tif","Tree",1,537000,537999.999,4142000,4142999.999
"6088",6088,537177.553,537184.489,4142753.037,4142760.864,"Silva","NEON_D07_MLBS_DP1_537000_4142000_classified_point_cloud.laz","2018_MLBS_3_537000_4142000_image.tif","Tree",1,537000,537999.999,4142000,4142999.999
"6089",6089,537193.629,537200.491,4142752.52,4142756.826,"Silva","NEON_D07_MLBS_DP1_537000_4142000_classified_point_cloud.laz","2018_MLBS_3_537000_4142000_image.tif","Tree",1,537000,537999.999,4142000,4142999.999
"6090",6090,537199.521,537205.459,4142750.005,4142755.489,"Silva","NEON_D07_MLBS_DP1_537000_4142000_classified_point_cloud.laz","2018_MLBS_3_537000_4142000_image.tif","Tree",1,537000,537999.999,4142000,4142999.999
"6091",6091,537162.008,537170.95,4142751.094,4142756.998,"Silva","NEON_D07_MLBS_DP1_537000_4142000_classified_point_cloud.laz","2018_MLBS_3_537000_4142000_image.tif","Tree",1,537000,537999.999,4142000,4142999.999
"6092",6092,537205.025,537210.993,4142750.009,4142755.898,"Silva","NEON_D07_MLBS_DP1_537000_4142000_classified_point_cloud.laz","2018_MLBS_3_537000_4142000_image.tif","Tree",1,537000,537999.999,4142000,4142999.999
"6093",6093,537184.072,537193.468,4142748.744,4142755.993,"Silva","NEON_D07_MLBS_DP1_537000_4142000_classified_point_cloud.laz","2018_MLBS_3_537000_4142000_image.tif","Tree",1,537000,537999.999,4142000,4142999.999
"6094",6094,537220.041,537229.422,4142745.171,4142754.302,"Silva","NEON_D07_MLBS_DP1_537000_4142000_classified_point_cloud.laz","2018_MLBS_3_537000_4142000_image.tif","Tree",1,537000,537999.999,4142000,4142999.999
"6095",6095,537176.011,537184.958,4142745.021,4142753.484,"Silva","NEON_D07_MLBS_DP1_537000_4142000_classified_point_cloud.laz","2018_MLBS_3_537000_4142000_image.tif","Tree",1,537000,537999.999,4142000,4142999.999
"6096",6096,537207.016,537213.985,4142743.017,4142750.462,"Silva","NEON_D07_MLBS_DP1_537000_4142000_classified_point_cloud.laz","2018_MLBS_3_537000_4142000_image.tif","Tree",1,537000,537999.999,4142000,4142999.999
"6097",6097,537213.505,537220.987,4142742.583,4142750.737,"Silva","NEON_D07_MLBS_DP1_537000_4142000_classified_point_cloud.laz","2018_MLBS_3_537000_4142000_image.tif","Tree",1,537000,537999.999,4142000,4142999.999
"6098",6098,537154.022,537163.99,4142743.008,4142750.927,"Silva","NEON_D07_MLBS_DP1_537000_4142000_classified_point_cloud.laz","2018_MLBS_3_537000_4142000_image.tif","Tree",1,537000,537999.999,4142000,4142999.999
"6099",6099,537218.045,537226.956,4142739.004,4142747.721,"Silva","NEON_D07_MLBS_DP1_537000_4142000_classified_point_cloud.laz","2018_MLBS_3_537000_4142000_image.tif","Tree",1,537000,537999.999,4142000,4142999.999
"6100",6100,537165.061,537173.495,4142739.861,4142746.978,"Silva","NEON_D07_MLBS_DP1_537000_4142000_classified_point_cloud.laz","2018_MLBS_3_537000_4142000_image.tif","Tree",1,537000,537999.999,4142000,4142999.999
"6101",6101,537159.011,537165.45,4142741.556,4142747.306,"Silva","NEON_D07_MLBS_DP1_537000_4142000_classified_point_cloud.laz","2018_MLBS_3_537000_4142000_image.tif","Tree",1,537000,537999.999,4142000,4142999.999
"6102",6102,537207.599,537217.897,4142738.515,4142745.96,"Silva","NEON_D07_MLBS_DP1_537000_4142000_classified_point_cloud.laz","2018_MLBS_3_537000_4142000_image.tif","Tree",1,537000,537999.999,4142000,4142999.999
"6103",6103,537172.003,537183.491,4142737.189,4142746.863,"Silva","NEON_D07_MLBS_DP1_537000_4142000_classified_point_cloud.laz","2018_MLBS_3_537000_4142000_image.tif","Tree",1,537000,537999.999,4142000,4142999.999
"6104",6104,537275.516,537289.488,4142733.632,4142741.997,"Silva","NEON_D07_MLBS_DP1_537000_4142000_classified_point_cloud.laz","2018_MLBS_3_537000_4142000_image.tif","Tree",1,537000,537999.999,4142000,4142999.999
"6105",6105,537238.014,537246.498,4142735.149,4142743.905,"Silva","NEON_D07_MLBS_DP1_537000_4142000_classified_point_cloud.laz","2018_MLBS_3_537000_4142000_image.tif","Tree",1,537000,537999.999,4142000,4142999.999
"6106",6106,537262.001,537275.499,4142734.062,4142744.488,"Silva","NEON_D07_MLBS_DP1_537000_4142000_classified_point_cloud.laz","2018_MLBS_3_537000_4142000_image.tif","Tree",1,537000,537999.999,4142000,4142999.999
"6107",6107,537255.01,537261.948,4142734.511,4142741.84,"Silva","NEON_D07_MLBS_DP1_537000_4142000_classified_point_cloud.laz","2018_MLBS_3_537000_4142000_image.tif","Tree",1,537000,537999.999,4142000,4142999.999
"6108",6108,537246.535,537254.999,4142734.009,4142741.997,"Silva","NEON_D07_MLBS_DP1_537000_4142000_classified_point_cloud.laz","2018_MLBS_3_537000_4142000_image.tif","Tree",1,537000,537999.999,4142000,4142999.999
"6109",6109,537229.039,537238.494,4142731.215,4142741.989,"Silva","NEON_D07_MLBS_DP1_537000_4142000_classified_point_cloud.laz","2018_MLBS_3_537000_4142000_image.tif","Tree",1,537000,537999.999,4142000,4142999.999
"6110",6110,537231.025,537242.951,4142729.547,4142737.944,"Silva","NEON_D07_MLBS_DP1_537000_4142000_classified_point_cloud.laz","2018_MLBS_3_537000_4142000_image.tif","Tree",1,537000,537999.999,4142000,4142999.999
"6111",6111,537280.523,537292.495,4142729.16,4142736.994,"Silva","NEON_D07_MLBS_DP1_537000_4142000_classified_point_cloud.laz","2018_MLBS_3_537000_4142000_image.tif","Tree",1,537000,537999.999,4142000,4142999.999
"6112",6112,537253.261,537261.989,4142725.074,4142735.498,"Silva","NEON_D07_MLBS_DP1_537000_4142000_classified_point_cloud.laz","2018_MLBS_3_537000_4142000_image.tif","Tree",1,537000,537999.999,4142000,4142999.999
"6113",6113,537260.015,537269.458,4142725.003,4142734.491,"Silva","NEON_D07_MLBS_DP1_537000_4142000_classified_point_cloud.laz","2018_MLBS_3_537000_4142000_image.tif","Tree",1,537000,537999.999,4142000,4142999.999
"6114",6114,537248.014,537259.446,4142723.067,4142733.985,"Silva","NEON_D07_MLBS_DP1_537000_4142000_classified_point_cloud.laz","2018_MLBS_3_537000_4142000_image.tif","Tree",1,537000,537999.999,4142000,4142999.999
"6115",6115,537236.505,537247.996,4142725.027,4142735.912,"Silva","NEON_D07_MLBS_DP1_537000_4142000_classified_point_cloud.laz","2018_MLBS_3_537000_4142000_image.tif","Tree",1,537000,537999.999,4142000,4142999.999
"6116",6116,537283.54,537289.999,4142723.023,4142730.479,"Silva","NEON_D07_MLBS_DP1_537000_4142000_classified_point_cloud.laz","2018_MLBS_3_537000_4142000_image.tif","Tree",1,537000,537999.999,4142000,4142999.999
"6117",6117,537246.566,537257.987,4142720.007,4142731.932,"Silva","NEON_D07_MLBS_DP1_537000_4142000_classified_point_cloud.laz","2018_MLBS_3_537000_4142000_image.tif","Tree",1,537000,537999.999,4142000,4142999.999
"6118",6118,537276.09,537283.996,4142721.009,4142732,"Silva","NEON_D07_MLBS_DP1_537000_4142000_classified_point_cloud.laz","2018_MLBS_3_537000_4142000_image.tif","Tree",1,537000,537999.999,4142000,4142999.999
"6119",6119,537271.523,537277.998,4142720.097,4142727.495,"Silva","NEON_D07_MLBS_DP1_537000_4142000_classified_point_cloud.laz","2018_MLBS_3_537000_4142000_image.tif","Tree",1,537000,537999.999,4142000,4142999.999
"6120",6120,537261.534,537271.481,4142721.085,4142727.912,"Silva","NEON_D07_MLBS_DP1_537000_4142000_classified_point_cloud.laz","2018_MLBS_3_537000_4142000_image.tif","Tree",1,537000,537999.999,4142000,4142999.999
"6121",6121,537242.025,537254.985,4142720.002,4142728.487,"Silva","NEON_D07_MLBS_DP1_537000_4142000_classified_point_cloud.laz","2018_MLBS_3_537000_4142000_image.tif","Tree",1,537000,537999.999,4142000,4142999.999
"6122",6122,537280.04,537290.479,4142716.551,4142726.44,"Silva","NEON_D07_MLBS_DP1_537000_4142000_classified_point_cloud.laz","2018_MLBS_3_537000_4142000_image.tif","Tree",1,537000,537999.999,4142000,4142999.999
"6123",6123,537230.021,537242.992,4142715.114,4142730.341,"Silva","NEON_D07_MLBS_DP1_537000_4142000_classified_point_cloud.laz","2018_MLBS_3_537000_4142000_image.tif","Tree",1,537000,537999.999,4142000,4142999.999
"6124",6124,537257.004,537269.483,4142715.058,4142724.99,"Silva","NEON_D07_MLBS_DP1_537000_4142000_classified_point_cloud.laz","2018_MLBS_3_537000_4142000_image.tif","Tree",1,537000,537999.999,4142000,4142999.999
"6125",6125,537222.005,537233.491,4142696.534,4142704.97,"Silva","NEON_D07_MLBS_DP1_537000_4142000_classified_point_cloud.laz","2018_MLBS_3_537000_4142000_image.tif","Tree",1,537000,537999.999,4142000,4142999.999
"6126",6126,537262.57,537271.454,4142690.507,4142701.47,"Silva","NEON_D07_MLBS_DP1_537000_4142000_classified_point_cloud.laz","2018_MLBS_3_537000_4142000_image.tif","Tree",1,537000,537999.999,4142000,4142999.999
"6127",6127,537248.116,537258.471,4142694.001,4142699.962,"Silva","NEON_D07_MLBS_DP1_537000_4142000_classified_point_cloud.laz","2018_MLBS_3_537000_4142000_image.tif","Tree",1,537000,537999.999,4142000,4142999.999
"6128",6128,537280.02,537290.145,4142691.027,4142703.455,"Silva","NEON_D07_MLBS_DP1_537000_4142000_classified_point_cloud.laz","2018_MLBS_3_537000_4142000_image.tif","Tree",1,537000,537999.999,4142000,4142999.999
"6129",6129,537236.011,537246.967,4142694.061,4142701.496,"Silva","NEON_D07_MLBS_DP1_537000_4142000_classified_point_cloud.laz","2018_MLBS_3_537000_4142000_image.tif","Tree",1,537000,537999.999,4142000,4142999.999
"6130",6130,537267.533,537278.986,4142688.004,4142698.207,"Silva","NEON_D07_MLBS_DP1_537000_4142000_classified_point_cloud.laz","2018_MLBS_3_537000_4142000_image.tif","Tree",1,537000,537999.999,4142000,4142999.999
"6131",6131,537248.509,537260.341,4142684.612,4142694.497,"Silva","NEON_D07_MLBS_DP1_537000_4142000_classified_point_cloud.laz","2018_MLBS_3_537000_4142000_image.tif","Tree",1,537000,537999.999,4142000,4142999.999
"6132",6132,537235.574,537240.986,4142688.007,4142695,"Silva","NEON_D07_MLBS_DP1_537000_4142000_classified_point_cloud.laz","2018_MLBS_3_537000_4142000_image.tif","Tree",1,537000,537999.999,4142000,4142999.999
"6133",6133,537229.739,537235.906,4142688.099,4142693.877,"Silva","NEON_D07_MLBS_DP1_537000_4142000_classified_point_cloud.laz","2018_MLBS_3_537000_4142000_image.tif","Tree",1,537000,537999.999,4142000,4142999.999
"6134",6134,537274.066,537285.962,4142681.492,4142694.984,"Silva","NEON_D07_MLBS_DP1_537000_4142000_classified_point_cloud.laz","2018_MLBS_3_537000_4142000_image.tif","Tree",1,537000,537999.999,4142000,4142999.999
"6135",6135,537226.057,537234.95,4142680.501,4142690.414,"Silva","NEON_D07_MLBS_DP1_537000_4142000_classified_point_cloud.laz","2018_MLBS_3_537000_4142000_image.tif","Tree",1,537000,537999.999,4142000,4142999.999
"6136",6136,537232.073,537242.452,4142680.179,4142688.463,"Silva","NEON_D07_MLBS_DP1_537000_4142000_classified_point_cloud.laz","2018_MLBS_3_537000_4142000_image.tif","Tree",1,537000,537999.999,4142000,4142999.999
"6137",6137,537254.107,537263.949,4142680.502,4142686.571,"Silva","NEON_D07_MLBS_DP1_537000_4142000_classified_point_cloud.laz","2018_MLBS_3_537000_4142000_image.tif","Tree",1,537000,537999.999,4142000,4142999.999
"6138",6138,537267.518,537277.959,4142677.696,4142687.997,"Silva","NEON_D07_MLBS_DP1_537000_4142000_classified_point_cloud.laz","2018_MLBS_3_537000_4142000_image.tif","Tree",1,537000,537999.999,4142000,4142999.999
"6139",6139,537282.025,537293.905,4142679.011,4142686.491,"Silva","NEON_D07_MLBS_DP1_537000_4142000_classified_point_cloud.laz","2018_MLBS_3_537000_4142000_image.tif","Tree",1,537000,537999.999,4142000,4142999.999
"6140",6140,537262.523,537268.978,4142678.13,4142684.42,"Silva","NEON_D07_MLBS_DP1_537000_4142000_classified_point_cloud.laz","2018_MLBS_3_537000_4142000_image.tif","Tree",1,537000,537999.999,4142000,4142999.999
"6141",6141,537273.612,537281.844,4142673.605,4142682.447,"Silva","NEON_D07_MLBS_DP1_537000_4142000_classified_point_cloud.laz","2018_MLBS_3_537000_4142000_image.tif","Tree",1,537000,537999.999,4142000,4142999.999
"6142",6142,537232.232,537245.883,4142673.504,4142680.989,"Silva","NEON_D07_MLBS_DP1_537000_4142000_classified_point_cloud.laz","2018_MLBS_3_537000_4142000_image.tif","Tree",1,537000,537999.999,4142000,4142999.999
"6143",6143,537268.025,537275.492,4142698.019,4142704.991,"Silva","NEON_D07_MLBS_DP1_537000_4142000_classified_point_cloud.laz","2018_MLBS_3_537000_4142000_image.tif","Tree",1,537000,537999.999,4142000,4142999.999
"6144",6144,537255.789,537261.464,4142701.15,4142707.429,"Silva","NEON_D07_MLBS_DP1_537000_4142000_classified_point_cloud.laz","2018_MLBS_3_537000_4142000_image.tif","Tree",1,537000,537999.999,4142000,4142999.999
"6145",6145,537273.513,537279.958,4142701.015,4142710.376,"Silva","NEON_D07_MLBS_DP1_537000_4142000_classified_point_cloud.laz","2018_MLBS_3_537000_4142000_image.tif","Tree",1,537000,537999.999,4142000,4142999.999
"6146",6146,537238.526,537245.931,4142701.103,4142708.496,"Silva","NEON_D07_MLBS_DP1_537000_4142000_classified_point_cloud.laz","2018_MLBS_3_537000_4142000_image.tif","Tree",1,537000,537999.999,4142000,4142999.999
"6147",6147,537227.026,537234.476,4142702.135,4142712.812,"Silva","NEON_D07_MLBS_DP1_537000_4142000_classified_point_cloud.laz","2018_MLBS_3_537000_4142000_image.tif","Tree",1,537000,537999.999,4142000,4142999.999
"6148",6148,537234.51,537240.491,4142701.517,4142711.992,"Silva","NEON_D07_MLBS_DP1_537000_4142000_classified_point_cloud.laz","2018_MLBS_3_537000_4142000_image.tif","Tree",1,537000,537999.999,4142000,4142999.999
"6149",6149,537267.558,537274.999,4142701.692,4142711.493,"Silva","NEON_D07_MLBS_DP1_537000_4142000_classified_point_cloud.laz","2018_MLBS_3_537000_4142000_image.tif","Tree",1,537000,537999.999,4142000,4142999.999
"6150",6150,537248.514,537256.945,4142704.217,4142713.994,"Silva","NEON_D07_MLBS_DP1_537000_4142000_classified_point_cloud.laz","2018_MLBS_3_537000_4142000_image.tif","Tree",1,537000,537999.999,4142000,4142999.999
"6151",6151,537264.138,537270.487,4142701.501,4142710.992,"Silva","NEON_D07_MLBS_DP1_537000_4142000_classified_point_cloud.laz","2018_MLBS_3_537000_4142000_image.tif","Tree",1,537000,537999.999,4142000,4142999.999
"6152",6152,537257.018,537265.473,4142703.505,4142715.915,"Silva","NEON_D07_MLBS_DP1_537000_4142000_classified_point_cloud.laz","2018_MLBS_3_537000_4142000_image.tif","Tree",1,537000,537999.999,4142000,4142999.999
"6153",6153,537234.503,537243.455,4142708.048,4142715.975,"Silva","NEON_D07_MLBS_DP1_537000_4142000_classified_point_cloud.laz","2018_MLBS_3_537000_4142000_image.tif","Tree",1,537000,537999.999,4142000,4142999.999
"6154",6154,537246.026,537252.482,4142705.004,4142712.5,"Silva","NEON_D07_MLBS_DP1_537000_4142000_classified_point_cloud.laz","2018_MLBS_3_537000_4142000_image.tif","Tree",1,537000,537999.999,4142000,4142999.999
"6155",6155,537282.001,537290.944,4142703.529,4142716,"Silva","NEON_D07_MLBS_DP1_537000_4142000_classified_point_cloud.laz","2018_MLBS_3_537000_4142000_image.tif","Tree",1,537000,537999.999,4142000,4142999.999
"6156",6156,537276.027,537285.483,4142707.008,4142717.483,"Silva","NEON_D07_MLBS_DP1_537000_4142000_classified_point_cloud.laz","2018_MLBS_3_537000_4142000_image.tif","Tree",1,537000,537999.999,4142000,4142999.999
"6157",6157,537243.012,537257.494,4142712.274,4142720.494,"Silva","NEON_D07_MLBS_DP1_537000_4142000_classified_point_cloud.laz","2018_MLBS_3_537000_4142000_image.tif","Tree",1,537000,537999.999,4142000,4142999.999
"6158",6158,537260.518,537273.468,4142711.011,4142717.971,"Silva","NEON_D07_MLBS_DP1_537000_4142000_classified_point_cloud.laz","2018_MLBS_3_537000_4142000_image.tif","Tree",1,537000,537999.999,4142000,4142999.999
"6159",6159,537224.063,537233.484,4142714.01,4142719.5,"Silva","NEON_D07_MLBS_DP1_537000_4142000_classified_point_cloud.laz","2018_MLBS_3_537000_4142000_image.tif","Tree",1,537000,537999.999,4142000,4142999.999
"6160",6160,537273.507,537282.49,4142710.506,4142720.942,"Silva","NEON_D07_MLBS_DP1_537000_4142000_classified_point_cloud.laz","2018_MLBS_3_537000_4142000_image.tif","Tree",1,537000,537999.999,4142000,4142999.999
"6161",6161,537226.5,537234.498,4142714.54,4142727.496,"Silva","NEON_D07_MLBS_DP1_537000_4142000_classified_point_cloud.laz","2018_MLBS_3_537000_4142000_image.tif","Tree",1,537000,537999.999,4142000,4142999.999
"6162",6162,537269.006,537275.482,4142712.543,4142721.99,"Silva","NEON_D07_MLBS_DP1_537000_4142000_classified_point_cloud.laz","2018_MLBS_3_537000_4142000_image.tif","Tree",1,537000,537999.999,4142000,4142999.999
"6163",6163,537308.002,537314.971,4142736.504,4142745.99,"Silva","NEON_D07_MLBS_DP1_537000_4142000_classified_point_cloud.laz","2018_MLBS_3_537000_4142000_image.tif","Tree",1,537000,537999.999,4142000,4142999.999
"6164",6164,537300.026,537307.991,4142734.149,4142743.996,"Silva","NEON_D07_MLBS_DP1_537000_4142000_classified_point_cloud.laz","2018_MLBS_3_537000_4142000_image.tif","Tree",1,537000,537999.999,4142000,4142999.999
"6165",6165,537323.035,537329.461,4142736.592,4142741.437,"Silva","NEON_D07_MLBS_DP1_537000_4142000_classified_point_cloud.laz","2018_MLBS_3_537000_4142000_image.tif","Tree",1,537000,537999.999,4142000,4142999.999
"6166",6166,537289.509,537297.46,4142733.73,4142742.976,"Silva","NEON_D07_MLBS_DP1_537000_4142000_classified_point_cloud.laz","2018_MLBS_3_537000_4142000_image.tif","Tree",1,537000,537999.999,4142000,4142999.999
"6167",6167,537338,537342.492,4142732.518,4142742.989,"Silva","NEON_D07_MLBS_DP1_537000_4142000_classified_point_cloud.laz","2018_MLBS_3_537000_4142000_image.tif","Tree",1,537000,537999.999,4142000,4142999.999
"6168",6168,537332.508,537337.997,4142732.501,4142742.46,"Silva","NEON_D07_MLBS_DP1_537000_4142000_classified_point_cloud.laz","2018_MLBS_3_537000_4142000_image.tif","Tree",1,537000,537999.999,4142000,4142999.999
"6169",6169,537306.577,537317.458,4142727.007,4142736.977,"Silva","NEON_D07_MLBS_DP1_537000_4142000_classified_point_cloud.laz","2018_MLBS_3_537000_4142000_image.tif","Tree",1,537000,537999.999,4142000,4142999.999
"6170",6170,537294.091,537305.994,4142728.012,4142736.973,"Silva","NEON_D07_MLBS_DP1_537000_4142000_classified_point_cloud.laz","2018_MLBS_3_537000_4142000_image.tif","Tree",1,537000,537999.999,4142000,4142999.999
"6171",6171,537349.001,537358.465,4142728.111,4142737.481,"Silva","NEON_D07_MLBS_DP1_537000_4142000_classified_point_cloud.laz","2018_MLBS_3_537000_4142000_image.tif","Tree",1,537000,537999.999,4142000,4142999.999
"6172",6172,537315.52,537323.966,4142727.502,4142732.436,"Silva","NEON_D07_MLBS_DP1_537000_4142000_classified_point_cloud.laz","2018_MLBS_3_537000_4142000_image.tif","Tree",1,537000,537999.999,4142000,4142999.999
"6173",6173,537339.004,537349.463,4142723.054,4142733.498,"Silva","NEON_D07_MLBS_DP1_537000_4142000_classified_point_cloud.laz","2018_MLBS_3_537000_4142000_image.tif","Tree",1,537000,537999.999,4142000,4142999.999
"6174",6174,537322.62,537329.491,4142724.002,4142733.492,"Silva","NEON_D07_MLBS_DP1_537000_4142000_classified_point_cloud.laz","2018_MLBS_3_537000_4142000_image.tif","Tree",1,537000,537999.999,4142000,4142999.999
"6175",6175,537332.51,537340.99,4142721.502,4142732.5,"Silva","NEON_D07_MLBS_DP1_537000_4142000_classified_point_cloud.laz","2018_MLBS_3_537000_4142000_image.tif","Tree",1,537000,537999.999,4142000,4142999.999
"6176",6176,537290,537295.961,4142722.028,4142732.43,"Silva","NEON_D07_MLBS_DP1_537000_4142000_classified_point_cloud.laz","2018_MLBS_3_537000_4142000_image.tif","Tree",1,537000,537999.999,4142000,4142999.999
"6177",6177,537326.502,537333.997,4142719.507,4142732.496,"Silva","NEON_D07_MLBS_DP1_537000_4142000_classified_point_cloud.laz","2018_MLBS_3_537000_4142000_image.tif","Tree",1,537000,537999.999,4142000,4142999.999
"6178",6178,537302.046,537312.417,4142722.587,4142733.875,"Silva","NEON_D07_MLBS_DP1_537000_4142000_classified_point_cloud.laz","2018_MLBS_3_537000_4142000_image.tif","Tree",1,537000,537999.999,4142000,4142999.999
"6179",6179,537315.021,537326.493,4142720.008,4142727.492,"Silva","NEON_D07_MLBS_DP1_537000_4142000_classified_point_cloud.laz","2018_MLBS_3_537000_4142000_image.tif","Tree",1,537000,537999.999,4142000,4142999.999
"6180",6180,537299.5,537305.487,4142721.501,4142728.486,"Silva","NEON_D07_MLBS_DP1_537000_4142000_classified_point_cloud.laz","2018_MLBS_3_537000_4142000_image.tif","Tree",1,537000,537999.999,4142000,4142999.999
"6181",6181,537308.524,537317.998,4142717.134,4142727.494,"Silva","NEON_D07_MLBS_DP1_537000_4142000_classified_point_cloud.laz","2018_MLBS_3_537000_4142000_image.tif","Tree",1,537000,537999.999,4142000,4142999.999
"6182",6182,537302.021,537308.496,4142716.585,4142723.48,"Silva","NEON_D07_MLBS_DP1_537000_4142000_classified_point_cloud.laz","2018_MLBS_3_537000_4142000_image.tif","Tree",1,537000,537999.999,4142000,4142999.999
"6183",6183,537295.56,537304.353,4142714.589,4142721.966,"Silva","NEON_D07_MLBS_DP1_537000_4142000_classified_point_cloud.laz","2018_MLBS_3_537000_4142000_image.tif","Tree",1,537000,537999.999,4142000,4142999.999
"6184",6184,537332.5,537343.819,4142715.565,4142723.909,"Silva","NEON_D07_MLBS_DP1_537000_4142000_classified_point_cloud.laz","2018_MLBS_3_537000_4142000_image.tif","Tree",1,537000,537999.999,4142000,4142999.999
"6185",6185,537321.094,537332.498,4142712.035,4142722.971,"Silva","NEON_D07_MLBS_DP1_537000_4142000_classified_point_cloud.laz","2018_MLBS_3_537000_4142000_image.tif","Tree",1,537000,537999.999,4142000,4142999.999
"6186",6186,537329.133,537339.998,4142693.646,4142703.966,"Silva","NEON_D07_MLBS_DP1_537000_4142000_classified_point_cloud.laz","2018_MLBS_3_537000_4142000_image.tif","Tree",1,537000,537999.999,4142000,4142999.999
"6187",6187,537287.551,537297.99,4142694.727,4142703.494,"Silva","NEON_D07_MLBS_DP1_537000_4142000_classified_point_cloud.laz","2018_MLBS_3_537000_4142000_image.tif","Tree",1,537000,537999.999,4142000,4142999.999
"6188",6188,537342.123,537350.49,4142693.504,4142702.968,"Silva","NEON_D07_MLBS_DP1_537000_4142000_classified_point_cloud.laz","2018_MLBS_3_537000_4142000_image.tif","Tree",1,537000,537999.999,4142000,4142999.999
"6189",6189,537349.5,537355.996,4142693.652,4142700.684,"Silva","NEON_D07_MLBS_DP1_537000_4142000_classified_point_cloud.laz","2018_MLBS_3_537000_4142000_image.tif","Tree",1,537000,537999.999,4142000,4142999.999
"6190",6190,537300.558,537305.975,4142693.571,4142698.494,"Silva","NEON_D07_MLBS_DP1_537000_4142000_classified_point_cloud.laz","2018_MLBS_3_537000_4142000_image.tif","Tree",1,537000,537999.999,4142000,4142999.999
"6191",6191,537304.556,537310.961,4142692.02,4142700.063,"Silva","NEON_D07_MLBS_DP1_537000_4142000_classified_point_cloud.laz","2018_MLBS_3_537000_4142000_image.tif","Tree",1,537000,537999.999,4142000,4142999.999
"6192",6192,537298.017,537304.476,4142689.255,4142697.496,"Silva","NEON_D07_MLBS_DP1_537000_4142000_classified_point_cloud.laz","2018_MLBS_3_537000_4142000_image.tif","Tree",1,537000,537999.999,4142000,4142999.999
"6193",6193,537319.012,537329.447,4142689.532,4142697.483,"Silva","NEON_D07_MLBS_DP1_537000_4142000_classified_point_cloud.laz","2018_MLBS_3_537000_4142000_image.tif","Tree",1,537000,537999.999,4142000,4142999.999
"6194",6194,537339.053,537349.482,4142688.64,4142696.97,"Silva","NEON_D07_MLBS_DP1_537000_4142000_classified_point_cloud.laz","2018_MLBS_3_537000_4142000_image.tif","Tree",1,537000,537999.999,4142000,4142999.999
"6195",6195,537292.512,537298.997,4142690.047,4142696.461,"Silva","NEON_D07_MLBS_DP1_537000_4142000_classified_point_cloud.laz","2018_MLBS_3_537000_4142000_image.tif","Tree",1,537000,537999.999,4142000,4142999.999
"6196",6196,537309.07,537318.997,4142687.075,4142696.958,"Silva","NEON_D07_MLBS_DP1_537000_4142000_classified_point_cloud.laz","2018_MLBS_3_537000_4142000_image.tif","Tree",1,537000,537999.999,4142000,4142999.999
"6197",6197,537327.081,537333.481,4142687.157,4142695.985,"Silva","NEON_D07_MLBS_DP1_537000_4142000_classified_point_cloud.laz","2018_MLBS_3_537000_4142000_image.tif","Tree",1,537000,537999.999,4142000,4142999.999
"6198",6198,537348.533,537355.977,4142686.024,4142693.988,"Silva","NEON_D07_MLBS_DP1_537000_4142000_classified_point_cloud.laz","2018_MLBS_3_537000_4142000_image.tif","Tree",1,537000,537999.999,4142000,4142999.999
"6199",6199,537302.111,537309.962,4142684.613,4142691.957,"Silva","NEON_D07_MLBS_DP1_537000_4142000_classified_point_cloud.laz","2018_MLBS_3_537000_4142000_image.tif","Tree",1,537000,537999.999,4142000,4142999.999
"6200",6200,537291.513,537301.902,4142686.086,4142690.774,"Silva","NEON_D07_MLBS_DP1_537000_4142000_classified_point_cloud.laz","2018_MLBS_3_537000_4142000_image.tif","Tree",1,537000,537999.999,4142000,4142999.999
"6201",6201,537331.026,537339.789,4142685.039,4142694.462,"Silva","NEON_D07_MLBS_DP1_537000_4142000_classified_point_cloud.laz","2018_MLBS_3_537000_4142000_image.tif","Tree",1,537000,537999.999,4142000,4142999.999
"6202",6202,537305.134,537316.981,4142678.514,4142689.937,"Silva","NEON_D07_MLBS_DP1_537000_4142000_classified_point_cloud.laz","2018_MLBS_3_537000_4142000_image.tif","Tree",1,537000,537999.999,4142000,4142999.999
"6203",6203,537292.547,537302.987,4142680.542,4142688.401,"Silva","NEON_D07_MLBS_DP1_537000_4142000_classified_point_cloud.laz","2018_MLBS_3_537000_4142000_image.tif","Tree",1,537000,537999.999,4142000,4142999.999
"6204",6204,537341.041,537350.326,4142683.004,4142688.483,"Silva","NEON_D07_MLBS_DP1_537000_4142000_classified_point_cloud.laz","2018_MLBS_3_537000_4142000_image.tif","Tree",1,537000,537999.999,4142000,4142999.999
"6205",6205,537316.002,537328.458,4142679.655,4142689.482,"Silva","NEON_D07_MLBS_DP1_537000_4142000_classified_point_cloud.laz","2018_MLBS_3_537000_4142000_image.tif","Tree",1,537000,537999.999,4142000,4142999.999
"6206",6206,537350.027,537357.922,4142681.912,4142687.379,"Silva","NEON_D07_MLBS_DP1_537000_4142000_classified_point_cloud.laz","2018_MLBS_3_537000_4142000_image.tif","Tree",1,537000,537999.999,4142000,4142999.999
"6207",6207,537328.225,537335.351,4142675.505,4142686.494,"Silva","NEON_D07_MLBS_DP1_537000_4142000_classified_point_cloud.laz","2018_MLBS_3_537000_4142000_image.tif","Tree",1,537000,537999.999,4142000,4142999.999
"6208",6208,537334.572,537341.497,4142676.013,4142683.991,"Silva","NEON_D07_MLBS_DP1_537000_4142000_classified_point_cloud.laz","2018_MLBS_3_537000_4142000_image.tif","Tree",1,537000,537999.999,4142000,4142999.999
"6209",6209,537341.51,537349.439,4142675.502,4142682.997,"Silva","NEON_D07_MLBS_DP1_537000_4142000_classified_point_cloud.laz","2018_MLBS_3_537000_4142000_image.tif","Tree",1,537000,537999.999,4142000,4142999.999
"6210",6210,537297.514,537309.91,4142675.056,4142685.312,"Silva","NEON_D07_MLBS_DP1_537000_4142000_classified_point_cloud.laz","2018_MLBS_3_537000_4142000_image.tif","Tree",1,537000,537999.999,4142000,4142999.999
"6211",6211,537354.062,537361.99,4142675.01,4142682.491,"Silva","NEON_D07_MLBS_DP1_537000_4142000_classified_point_cloud.laz","2018_MLBS_3_537000_4142000_image.tif","Tree",1,537000,537999.999,4142000,4142999.999
"6212",6212,537348.537,537354.495,4142677.533,4142682.969,"Silva","NEON_D07_MLBS_DP1_537000_4142000_classified_point_cloud.laz","2018_MLBS_3_537000_4142000_image.tif","Tree",1,537000,537999.999,4142000,4142999.999
"6213",6213,537320.073,537330.95,4142674.042,4142681.997,"Silva","NEON_D07_MLBS_DP1_537000_4142000_classified_point_cloud.laz","2018_MLBS_3_537000_4142000_image.tif","Tree",1,537000,537999.999,4142000,4142999.999
"6214",6214,537290.066,537297.999,4142673.54,4142682.461,"Silva","NEON_D07_MLBS_DP1_537000_4142000_classified_point_cloud.laz","2018_MLBS_3_537000_4142000_image.tif","Tree",1,537000,537999.999,4142000,4142999.999
"6215",6215,537348.937,537357.428,4142672.507,4142677.998,"Silva","NEON_D07_MLBS_DP1_537000_4142000_classified_point_cloud.laz","2018_MLBS_3_537000_4142000_image.tif","Tree",1,537000,537999.999,4142000,4142999.999
"6216",6216,537298.028,537307.451,4142697.06,4142704.31,"Silva","NEON_D07_MLBS_DP1_537000_4142000_classified_point_cloud.laz","2018_MLBS_3_537000_4142000_image.tif","Tree",1,537000,537999.999,4142000,4142999.999
"6217",6217,537314.044,537321.494,4142694.05,4142705.949,"Silva","NEON_D07_MLBS_DP1_537000_4142000_classified_point_cloud.laz","2018_MLBS_3_537000_4142000_image.tif","Tree",1,537000,537999.999,4142000,4142999.999
"6218",6218,537321.016,537331.484,4142697.015,4142707.835,"Silva","NEON_D07_MLBS_DP1_537000_4142000_classified_point_cloud.laz","2018_MLBS_3_537000_4142000_image.tif","Tree",1,537000,537999.999,4142000,4142999.999
"6219",6219,537307.589,537315.445,4142696.507,4142705.433,"Silva","NEON_D07_MLBS_DP1_537000_4142000_classified_point_cloud.laz","2018_MLBS_3_537000_4142000_image.tif","Tree",1,537000,537999.999,4142000,4142999.999
"6220",6220,537349.01,537358.388,4142698.788,4142708.9,"Silva","NEON_D07_MLBS_DP1_537000_4142000_classified_point_cloud.laz","2018_MLBS_3_537000_4142000_image.tif","Tree",1,537000,537999.999,4142000,4142999.999
"6221",6221,537338.035,537348.98,4142696.609,4142706.495,"Silva","NEON_D07_MLBS_DP1_537000_4142000_classified_point_cloud.laz","2018_MLBS_3_537000_4142000_image.tif","Tree",1,537000,537999.999,4142000,4142999.999
"6222",6222,537300.11,537310.486,4142701.074,4142707.901,"Silva","NEON_D07_MLBS_DP1_537000_4142000_classified_point_cloud.laz","2018_MLBS_3_537000_4142000_image.tif","Tree",1,537000,537999.999,4142000,4142999.999
"6223",6223,537303.013,537310.424,4142706.022,4142710.997,"Silva","NEON_D07_MLBS_DP1_537000_4142000_classified_point_cloud.laz","2018_MLBS_3_537000_4142000_image.tif","Tree",1,537000,537999.999,4142000,4142999.999
"6224",6224,537336.002,537341.951,4142703.137,4142710.999,"Silva","NEON_D07_MLBS_DP1_537000_4142000_classified_point_cloud.laz","2018_MLBS_3_537000_4142000_image.tif","Tree",1,537000,537999.999,4142000,4142999.999
"6225",6225,537342.04,537351.77,4142704.507,4142711.991,"Silva","NEON_D07_MLBS_DP1_537000_4142000_classified_point_cloud.laz","2018_MLBS_3_537000_4142000_image.tif","Tree",1,537000,537999.999,4142000,4142999.999
"6226",6226,537330.025,537336.489,4142703.537,4142712.479,"Silva","NEON_D07_MLBS_DP1_537000_4142000_classified_point_cloud.laz","2018_MLBS_3_537000_4142000_image.tif","Tree",1,537000,537999.999,4142000,4142999.999
"6227",6227,537310.023,537321.908,4142705.025,4142713.974,"Silva","NEON_D07_MLBS_DP1_537000_4142000_classified_point_cloud.laz","2018_MLBS_3_537000_4142000_image.tif","Tree",1,537000,537999.999,4142000,4142999.999
"6228",6228,537296.574,537303.968,4142706.002,4142714.954,"Silva","NEON_D07_MLBS_DP1_537000_4142000_classified_point_cloud.laz","2018_MLBS_3_537000_4142000_image.tif","Tree",1,537000,537999.999,4142000,4142999.999
"6229",6229,537322.628,537333.928,4142706.003,4142718.476,"Silva","NEON_D07_MLBS_DP1_537000_4142000_classified_point_cloud.laz","2018_MLBS_3_537000_4142000_image.tif","Tree",1,537000,537999.999,4142000,4142999.999
"6230",6230,537290.01,537297.986,4142707.008,4142717.949,"Silva","NEON_D07_MLBS_DP1_537000_4142000_classified_point_cloud.laz","2018_MLBS_3_537000_4142000_image.tif","Tree",1,537000,537999.999,4142000,4142999.999
"6231",6231,537333.501,537340.369,4142710.516,4142716.993,"Silva","NEON_D07_MLBS_DP1_537000_4142000_classified_point_cloud.laz","2018_MLBS_3_537000_4142000_image.tif","Tree",1,537000,537999.999,4142000,4142999.999
"6232",6232,537302.678,537310.419,4142710.505,4142716.994,"Silva","NEON_D07_MLBS_DP1_537000_4142000_classified_point_cloud.laz","2018_MLBS_3_537000_4142000_image.tif","Tree",1,537000,537999.999,4142000,4142999.999
"6233",6233,537338.03,537342.487,4142712.167,4142716.497,"Silva","NEON_D07_MLBS_DP1_537000_4142000_classified_point_cloud.laz","2018_MLBS_3_537000_4142000_image.tif","Tree",1,537000,537999.999,4142000,4142999.999
"6234",6234,537307.047,537314.993,4142711.523,4142718.979,"Silva","NEON_D07_MLBS_DP1_537000_4142000_classified_point_cloud.laz","2018_MLBS_3_537000_4142000_image.tif","Tree",1,537000,537999.999,4142000,4142999.999
"6235",6235,537315.01,537323.989,4142708.162,4142720.481,"Silva","NEON_D07_MLBS_DP1_537000_4142000_classified_point_cloud.laz","2018_MLBS_3_537000_4142000_image.tif","Tree",1,537000,537999.999,4142000,4142999.999
"6236",6236,537285.534,537295.495,4142712.133,4142721.945,"Silva","NEON_D07_MLBS_DP1_537000_4142000_classified_point_cloud.laz","2018_MLBS_3_537000_4142000_image.tif","Tree",1,537000,537999.999,4142000,4142999.999
"6237",6237,537341.544,537347.496,4142713.033,4142721.928,"Silva","NEON_D07_MLBS_DP1_537000_4142000_classified_point_cloud.laz","2018_MLBS_3_537000_4142000_image.tif","Tree",1,537000,537999.999,4142000,4142999.999
"6238",6238,537282.503,537289.948,4142799.05,4142808.983,"Silva","NEON_D07_MLBS_DP1_537000_4142000_classified_point_cloud.laz","2018_MLBS_3_537000_4142000_image.tif","Tree",1,537000,537999.999,4142000,4142999.999
"6239",6239,537277.009,537283.445,4142799.042,4142806.998,"Silva","NEON_D07_MLBS_DP1_537000_4142000_classified_point_cloud.laz","2018_MLBS_3_537000_4142000_image.tif","Tree",1,537000,537999.999,4142000,4142999.999
"6240",6240,537234.014,537243.434,4142801.501,4142810.963,"Silva","NEON_D07_MLBS_DP1_537000_4142000_classified_point_cloud.laz","2018_MLBS_3_537000_4142000_image.tif","Tree",1,537000,537999.999,4142000,4142999.999
"6241",6241,537285.034,537292.948,4142797.564,4142805.976,"Silva","NEON_D07_MLBS_DP1_537000_4142000_classified_point_cloud.laz","2018_MLBS_3_537000_4142000_image.tif","Tree",1,537000,537999.999,4142000,4142999.999
"6242",6242,537259.064,537268.456,4142794.587,4142802.998,"Silva","NEON_D07_MLBS_DP1_537000_4142000_classified_point_cloud.laz","2018_MLBS_3_537000_4142000_image.tif","Tree",1,537000,537999.999,4142000,4142999.999
"6243",6243,537266.014,537274.934,4142792.02,4142800.479,"Silva","NEON_D07_MLBS_DP1_537000_4142000_classified_point_cloud.laz","2018_MLBS_3_537000_4142000_image.tif","Tree",1,537000,537999.999,4142000,4142999.999
"6244",6244,537235.531,537243.553,4142795.102,4142801.49,"Silva","NEON_D07_MLBS_DP1_537000_4142000_classified_point_cloud.laz","2018_MLBS_3_537000_4142000_image.tif","Tree",1,537000,537999.999,4142000,4142999.999
"6245",6245,537257.524,537264.982,4142791.501,4142799.955,"Silva","NEON_D07_MLBS_DP1_537000_4142000_classified_point_cloud.laz","2018_MLBS_3_537000_4142000_image.tif","Tree",1,537000,537999.999,4142000,4142999.999
"6246",6246,537228.534,537236.39,4142792.013,4142801.997,"Silva","NEON_D07_MLBS_DP1_537000_4142000_classified_point_cloud.laz","2018_MLBS_3_537000_4142000_image.tif","Tree",1,537000,537999.999,4142000,4142999.999
"6247",6247,537278.501,537288.97,4142784.752,4142791.454,"Silva","NEON_D07_MLBS_DP1_537000_4142000_classified_point_cloud.laz","2018_MLBS_3_537000_4142000_image.tif","Tree",1,537000,537999.999,4142000,4142999.999
"6248",6248,537278.03,537286.374,4142781.003,4142786.352,"Silva","NEON_D07_MLBS_DP1_537000_4142000_classified_point_cloud.laz","2018_MLBS_3_537000_4142000_image.tif","Tree",1,537000,537999.999,4142000,4142999.999
"6249",6249,537267.017,537274.985,4142780.044,4142786.481,"Silva","NEON_D07_MLBS_DP1_537000_4142000_classified_point_cloud.laz","2018_MLBS_3_537000_4142000_image.tif","Tree",1,537000,537999.999,4142000,4142999.999
"6250",6250,537279.062,537285.939,4142776.516,4142783.483,"Silva","NEON_D07_MLBS_DP1_537000_4142000_classified_point_cloud.laz","2018_MLBS_3_537000_4142000_image.tif","Tree",1,537000,537999.999,4142000,4142999.999
"6251",6251,537283.515,537289.992,4142774.568,4142784.938,"Silva","NEON_D07_MLBS_DP1_537000_4142000_classified_point_cloud.laz","2018_MLBS_3_537000_4142000_image.tif","Tree",1,537000,537999.999,4142000,4142999.999
"6252",6252,537225.502,537236.942,4142777.021,4142787.477,"Silva","NEON_D07_MLBS_DP1_537000_4142000_classified_point_cloud.laz","2018_MLBS_3_537000_4142000_image.tif","Tree",1,537000,537999.999,4142000,4142999.999
"6253",6253,537270.517,537275.997,4142774.507,4142780.967,"Silva","NEON_D07_MLBS_DP1_537000_4142000_classified_point_cloud.laz","2018_MLBS_3_537000_4142000_image.tif","Tree",1,537000,537999.999,4142000,4142999.999
"6254",6254,537253.028,537262.399,4142773.02,4142782.747,"Silva","NEON_D07_MLBS_DP1_537000_4142000_classified_point_cloud.laz","2018_MLBS_3_537000_4142000_image.tif","Tree",1,537000,537999.999,4142000,4142999.999
"6255",6255,537279.048,537286.956,4142768.02,4142776.404,"Silva","NEON_D07_MLBS_DP1_537000_4142000_classified_point_cloud.laz","2018_MLBS_3_537000_4142000_image.tif","Tree",1,537000,537999.999,4142000,4142999.999
"6256",6256,537265.506,537271.999,4142766.104,4142772.981,"Silva","NEON_D07_MLBS_DP1_537000_4142000_classified_point_cloud.laz","2018_MLBS_3_537000_4142000_image.tif","Tree",1,537000,537999.999,4142000,4142999.999
"6257",6257,537282.517,537291.838,4142764.529,4142773.988,"Silva","NEON_D07_MLBS_DP1_537000_4142000_classified_point_cloud.laz","2018_MLBS_3_537000_4142000_image.tif","Tree",1,537000,537999.999,4142000,4142999.999
"6258",6258,537233.011,537242.973,4142761.009,4142772.452,"Silva","NEON_D07_MLBS_DP1_537000_4142000_classified_point_cloud.laz","2018_MLBS_3_537000_4142000_image.tif","Tree",1,537000,537999.999,4142000,4142999.999
"6259",6259,537267.501,537274.401,4142757.081,4142766.487,"Silva","NEON_D07_MLBS_DP1_537000_4142000_classified_point_cloud.laz","2018_MLBS_3_537000_4142000_image.tif","Tree",1,537000,537999.999,4142000,4142999.999
"6260",6260,537230.061,537236.41,4142759.504,4142770.993,"Silva","NEON_D07_MLBS_DP1_537000_4142000_classified_point_cloud.laz","2018_MLBS_3_537000_4142000_image.tif","Tree",1,537000,537999.999,4142000,4142999.999
"6261",6261,537260.525,537267.967,4142757.062,4142763.819,"Silva","NEON_D07_MLBS_DP1_537000_4142000_classified_point_cloud.laz","2018_MLBS_3_537000_4142000_image.tif","Tree",1,537000,537999.999,4142000,4142999.999
"6262",6262,537249.005,537256.402,4142757.682,4142765,"Silva","NEON_D07_MLBS_DP1_537000_4142000_classified_point_cloud.laz","2018_MLBS_3_537000_4142000_image.tif","Tree",1,537000,537999.999,4142000,4142999.999
"6263",6263,537245.001,537252.467,4142747.502,4142757.425,"Silva","NEON_D07_MLBS_DP1_537000_4142000_classified_point_cloud.laz","2018_MLBS_3_537000_4142000_image.tif","Tree",1,537000,537999.999,4142000,4142999.999
"6264",6264,537229.556,537238.91,4142748.053,4142754.415,"Silva","NEON_D07_MLBS_DP1_537000_4142000_classified_point_cloud.laz","2018_MLBS_3_537000_4142000_image.tif","Tree",1,537000,537999.999,4142000,4142999.999
"6265",6265,537251.003,537257.988,4142747.008,4142752.988,"Silva","NEON_D07_MLBS_DP1_537000_4142000_classified_point_cloud.laz","2018_MLBS_3_537000_4142000_image.tif","Tree",1,537000,537999.999,4142000,4142999.999
"6266",6266,537238.515,537245.992,4142745.509,4142754.865,"Silva","NEON_D07_MLBS_DP1_537000_4142000_classified_point_cloud.laz","2018_MLBS_3_537000_4142000_image.tif","Tree",1,537000,537999.999,4142000,4142999.999
"6267",6267,537241.566,537250.972,4142739.169,4142748.995,"Silva","NEON_D07_MLBS_DP1_537000_4142000_classified_point_cloud.laz","2018_MLBS_3_537000_4142000_image.tif","Tree",1,537000,537999.999,4142000,4142999.999
"6268",6268,537226.531,537233.474,4142738.516,4142750.491,"Silva","NEON_D07_MLBS_DP1_537000_4142000_classified_point_cloud.laz","2018_MLBS_3_537000_4142000_image.tif","Tree",1,537000,537999.999,4142000,4142999.999
"6269",6269,537341.002,537348.494,4142801.545,4142810.903,"Silva","NEON_D07_MLBS_DP1_537000_4142000_classified_point_cloud.laz","2018_MLBS_3_537000_4142000_image.tif","Tree",1,537000,537999.999,4142000,4142999.999
"6270",6270,537316.071,537326.993,4142803.015,4142809.993,"Silva","NEON_D07_MLBS_DP1_537000_4142000_classified_point_cloud.laz","2018_MLBS_3_537000_4142000_image.tif","Tree",1,537000,537999.999,4142000,4142999.999
"6271",6271,537346.004,537352.456,4142799.552,4142808.959,"Silva","NEON_D07_MLBS_DP1_537000_4142000_classified_point_cloud.laz","2018_MLBS_3_537000_4142000_image.tif","Tree",1,537000,537999.999,4142000,4142999.999
"6272",6272,537330.505,537341.431,4142799.002,4142812.318,"Silva","NEON_D07_MLBS_DP1_537000_4142000_classified_point_cloud.laz","2018_MLBS_3_537000_4142000_image.tif","Tree",1,537000,537999.999,4142000,4142999.999
"6273",6273,537351.504,537359.49,4142799.057,4142805.995,"Silva","NEON_D07_MLBS_DP1_537000_4142000_classified_point_cloud.laz","2018_MLBS_3_537000_4142000_image.tif","Tree",1,537000,537999.999,4142000,4142999.999
"6274",6274,537339.513,537345.964,4142798.679,4142806.997,"Silva","NEON_D07_MLBS_DP1_537000_4142000_classified_point_cloud.laz","2018_MLBS_3_537000_4142000_image.tif","Tree",1,537000,537999.999,4142000,4142999.999
"6275",6275,537316.007,537323.965,4142798.503,4142805.489,"Silva","NEON_D07_MLBS_DP1_537000_4142000_classified_point_cloud.laz","2018_MLBS_3_537000_4142000_image.tif","Tree",1,537000,537999.999,4142000,4142999.999
"6276",6276,537308.513,537315.988,4142798.504,4142806.994,"Silva","NEON_D07_MLBS_DP1_537000_4142000_classified_point_cloud.laz","2018_MLBS_3_537000_4142000_image.tif","Tree",1,537000,537999.999,4142000,4142999.999
"6277",6277,537323.006,537333.975,4142794.57,4142805.984,"Silva","NEON_D07_MLBS_DP1_537000_4142000_classified_point_cloud.laz","2018_MLBS_3_537000_4142000_image.tif","Tree",1,537000,537999.999,4142000,4142999.999
"6278",6278,537298.006,537306.472,4142795.509,4142806.978,"Silva","NEON_D07_MLBS_DP1_537000_4142000_classified_point_cloud.laz","2018_MLBS_3_537000_4142000_image.tif","Tree",1,537000,537999.999,4142000,4142999.999
"6279",6279,537352.004,537357.498,4142792.515,4142799.977,"Silva","NEON_D07_MLBS_DP1_537000_4142000_classified_point_cloud.laz","2018_MLBS_3_537000_4142000_image.tif","Tree",1,537000,537999.999,4142000,4142999.999
"6280",6280,537346.508,537351.999,4142792.048,4142800.48,"Silva","NEON_D07_MLBS_DP1_537000_4142000_classified_point_cloud.laz","2018_MLBS_3_537000_4142000_image.tif","Tree",1,537000,537999.999,4142000,4142999.999
"6281",6281,537288.544,537297.991,4142792.522,4142802.982,"Silva","NEON_D07_MLBS_DP1_537000_4142000_classified_point_cloud.laz","2018_MLBS_3_537000_4142000_image.tif","Tree",1,537000,537999.999,4142000,4142999.999
"6282",6282,537332.6,537342.995,4142790.503,4142799.978,"Silva","NEON_D07_MLBS_DP1_537000_4142000_classified_point_cloud.laz","2018_MLBS_3_537000_4142000_image.tif","Tree",1,537000,537999.999,4142000,4142999.999
"6283",6283,537342.525,537348.376,4142792.017,4142799.5,"Silva","NEON_D07_MLBS_DP1_537000_4142000_classified_point_cloud.laz","2018_MLBS_3_537000_4142000_image.tif","Tree",1,537000,537999.999,4142000,4142999.999
"6284",6284,537314.619,537322.486,4142792.019,4142799.499,"Silva","NEON_D07_MLBS_DP1_537000_4142000_classified_point_cloud.laz","2018_MLBS_3_537000_4142000_image.tif","Tree",1,537000,537999.999,4142000,4142999.999
"6285",6285,537322.019,537332.402,4142790.532,4142798.488,"Silva","NEON_D07_MLBS_DP1_537000_4142000_classified_point_cloud.laz","2018_MLBS_3_537000_4142000_image.tif","Tree",1,537000,537999.999,4142000,4142999.999
"6286",6286,537309.054,537315.994,4142789.505,4142798.498,"Silva","NEON_D07_MLBS_DP1_537000_4142000_classified_point_cloud.laz","2018_MLBS_3_537000_4142000_image.tif","Tree",1,537000,537999.999,4142000,4142999.999
"6287",6287,537337.02,537345.989,4142787.077,4142794.5,"Silva","NEON_D07_MLBS_DP1_537000_4142000_classified_point_cloud.laz","2018_MLBS_3_537000_4142000_image.tif","Tree",1,537000,537999.999,4142000,4142999.999
"6288",6288,537317.507,537325.953,4142782.509,4142790.92,"Silva","NEON_D07_MLBS_DP1_537000_4142000_classified_point_cloud.laz","2018_MLBS_3_537000_4142000_image.tif","Tree",1,537000,537999.999,4142000,4142999.999
"6289",6289,537302.543,537310.959,4142778.611,4142786.998,"Silva","NEON_D07_MLBS_DP1_537000_4142000_classified_point_cloud.laz","2018_MLBS_3_537000_4142000_image.tif","Tree",1,537000,537999.999,4142000,4142999.999
"6290",6290,537347.069,537355.449,4142775.058,4142780.489,"Silva","NEON_D07_MLBS_DP1_537000_4142000_classified_point_cloud.laz","2018_MLBS_3_537000_4142000_image.tif","Tree",1,537000,537999.999,4142000,4142999.999
"6291",6291,537341.504,537348.984,4142772.56,4142781.484,"Silva","NEON_D07_MLBS_DP1_537000_4142000_classified_point_cloud.laz","2018_MLBS_3_537000_4142000_image.tif","Tree",1,537000,537999.999,4142000,4142999.999
"6292",6292,537322.095,537327.492,4142772.508,4142779.483,"Silva","NEON_D07_MLBS_DP1_537000_4142000_classified_point_cloud.laz","2018_MLBS_3_537000_4142000_image.tif","Tree",1,537000,537999.999,4142000,4142999.999
"6293",6293,537302.054,537309.861,4142770.227,4142778.46,"Silva","NEON_D07_MLBS_DP1_537000_4142000_classified_point_cloud.laz","2018_MLBS_3_537000_4142000_image.tif","Tree",1,537000,537999.999,4142000,4142999.999
"6294",6294,537346.042,537352.437,4142767.54,4142776.395,"Silva","NEON_D07_MLBS_DP1_537000_4142000_classified_point_cloud.laz","2018_MLBS_3_537000_4142000_image.tif","Tree",1,537000,537999.999,4142000,4142999.999
"6295",6295,537327.213,537334.485,4142767.572,4142777.949,"Silva","NEON_D07_MLBS_DP1_537000_4142000_classified_point_cloud.laz","2018_MLBS_3_537000_4142000_image.tif","Tree",1,537000,537999.999,4142000,4142999.999
"6296",6296,537314.096,537323.468,4142766.059,4142773.992,"Silva","NEON_D07_MLBS_DP1_537000_4142000_classified_point_cloud.laz","2018_MLBS_3_537000_4142000_image.tif","Tree",1,537000,537999.999,4142000,4142999.999
"6297",6297,537338.51,537347.996,4142763.196,4142773.999,"Silva","NEON_D07_MLBS_DP1_537000_4142000_classified_point_cloud.laz","2018_MLBS_3_537000_4142000_image.tif","Tree",1,537000,537999.999,4142000,4142999.999
"6298",6298,537321.579,537329.927,4142765.525,4142772.476,"Silva","NEON_D07_MLBS_DP1_537000_4142000_classified_point_cloud.laz","2018_MLBS_3_537000_4142000_image.tif","Tree",1,537000,537999.999,4142000,4142999.999
"6299",6299,537295.061,537302.919,4142766.514,4142772.956,"Silva","NEON_D07_MLBS_DP1_537000_4142000_classified_point_cloud.laz","2018_MLBS_3_537000_4142000_image.tif","Tree",1,537000,537999.999,4142000,4142999.999
"6300",6300,537331.032,537341.948,4142763.537,4142771.5,"Silva","NEON_D07_MLBS_DP1_537000_4142000_classified_point_cloud.laz","2018_MLBS_3_537000_4142000_image.tif","Tree",1,537000,537999.999,4142000,4142999.999
"6301",6301,537331.522,537342.488,4142760.019,4142765.909,"Silva","NEON_D07_MLBS_DP1_537000_4142000_classified_point_cloud.laz","2018_MLBS_3_537000_4142000_image.tif","Tree",1,537000,537999.999,4142000,4142999.999
"6302",6302,537325.584,537331.495,4142760.016,4142767.233,"Silva","NEON_D07_MLBS_DP1_537000_4142000_classified_point_cloud.laz","2018_MLBS_3_537000_4142000_image.tif","Tree",1,537000,537999.999,4142000,4142999.999
"6303",6303,537298.636,537308.953,4142758.518,4142765.489,"Silva","NEON_D07_MLBS_DP1_537000_4142000_classified_point_cloud.laz","2018_MLBS_3_537000_4142000_image.tif","Tree",1,537000,537999.999,4142000,4142999.999
"6304",6304,537328.107,537334.27,4142753.52,4142762.982,"Silva","NEON_D07_MLBS_DP1_537000_4142000_classified_point_cloud.laz","2018_MLBS_3_537000_4142000_image.tif","Tree",1,537000,537999.999,4142000,4142999.999
"6305",6305,537333.56,537341.967,4142754.529,4142762.46,"Silva","NEON_D07_MLBS_DP1_537000_4142000_classified_point_cloud.laz","2018_MLBS_3_537000_4142000_image.tif","Tree",1,537000,537999.999,4142000,4142999.999
"6306",6306,537320.605,537330.977,4142749.513,4142756.709,"Silva","NEON_D07_MLBS_DP1_537000_4142000_classified_point_cloud.laz","2018_MLBS_3_537000_4142000_image.tif","Tree",1,537000,537999.999,4142000,4142999.999
"6307",6307,537344.509,537350.47,4142748.507,4142755.973,"Silva","NEON_D07_MLBS_DP1_537000_4142000_classified_point_cloud.laz","2018_MLBS_3_537000_4142000_image.tif","Tree",1,537000,537999.999,4142000,4142999.999
"6308",6308,537300.002,537310.969,4142752.003,4142758.482,"Silva","NEON_D07_MLBS_DP1_537000_4142000_classified_point_cloud.laz","2018_MLBS_3_537000_4142000_image.tif","Tree",1,537000,537999.999,4142000,4142999.999
"6309",6309,537330.071,537338.987,4142747.501,4142754.992,"Silva","NEON_D07_MLBS_DP1_537000_4142000_classified_point_cloud.laz","2018_MLBS_3_537000_4142000_image.tif","Tree",1,537000,537999.999,4142000,4142999.999
"6310",6310,537285.539,537295.37,4142746.544,4142757.288,"Silva","NEON_D07_MLBS_DP1_537000_4142000_classified_point_cloud.laz","2018_MLBS_3_537000_4142000_image.tif","Tree",1,537000,537999.999,4142000,4142999.999
"6311",6311,537319.298,537328.856,4142745.045,4142752.479,"Silva","NEON_D07_MLBS_DP1_537000_4142000_classified_point_cloud.laz","2018_MLBS_3_537000_4142000_image.tif","Tree",1,537000,537999.999,4142000,4142999.999
"6312",6312,537309.69,537317.442,4142745.501,4142756.497,"Silva","NEON_D07_MLBS_DP1_537000_4142000_classified_point_cloud.laz","2018_MLBS_3_537000_4142000_image.tif","Tree",1,537000,537999.999,4142000,4142999.999
"6313",6313,537337.502,537346.498,4142743.001,4142750.99,"Silva","NEON_D07_MLBS_DP1_537000_4142000_classified_point_cloud.laz","2018_MLBS_3_537000_4142000_image.tif","Tree",1,537000,537999.999,4142000,4142999.999
"6314",6314,537312.689,537320.991,4142741.001,4142747.94,"Silva","NEON_D07_MLBS_DP1_537000_4142000_classified_point_cloud.laz","2018_MLBS_3_537000_4142000_image.tif","Tree",1,537000,537999.999,4142000,4142999.999
"6315",6315,537328.021,537336.496,4142739.032,4142747.924,"Silva","NEON_D07_MLBS_DP1_537000_4142000_classified_point_cloud.laz","2018_MLBS_3_537000_4142000_image.tif","Tree",1,537000,537999.999,4142000,4142999.999
"6316",6316,537122,537129.997,4142864.392,4142872.929,"Silva","NEON_D07_MLBS_DP1_537000_4142000_classified_point_cloud.laz","2018_MLBS_3_537000_4142000_image.tif","Tree",1,537000,537999.999,4142000,4142999.999
"6317",6317,537153.235,537165.956,4142867.005,4142872.497,"Silva","NEON_D07_MLBS_DP1_537000_4142000_classified_point_cloud.laz","2018_MLBS_3_537000_4142000_image.tif","Tree",1,537000,537999.999,4142000,4142999.999
"6318",6318,537103.002,537114.475,4142863.022,4142875.425,"Silva","NEON_D07_MLBS_DP1_537000_4142000_classified_point_cloud.laz","2018_MLBS_3_537000_4142000_image.tif","Tree",1,537000,537999.999,4142000,4142999.999
"6319",6319,537153.019,537161.977,4142858.253,4142866.991,"Silva","NEON_D07_MLBS_DP1_537000_4142000_classified_point_cloud.laz","2018_MLBS_3_537000_4142000_image.tif","Tree",1,537000,537999.999,4142000,4142999.999
"6320",6320,537132.514,537141.413,4142859.037,4142866.161,"Silva","NEON_D07_MLBS_DP1_537000_4142000_classified_point_cloud.laz","2018_MLBS_3_537000_4142000_image.tif","Tree",1,537000,537999.999,4142000,4142999.999
"6321",6321,537109.653,537118.992,4142854.513,4142866.411,"Silva","NEON_D07_MLBS_DP1_537000_4142000_classified_point_cloud.laz","2018_MLBS_3_537000_4142000_image.tif","Tree",1,537000,537999.999,4142000,4142999.999
"6322",6322,537131.001,537138.941,4142854.007,4142865.432,"Silva","NEON_D07_MLBS_DP1_537000_4142000_classified_point_cloud.laz","2018_MLBS_3_537000_4142000_image.tif","Tree",1,537000,537999.999,4142000,4142999.999
"6323",6323,537116.044,537124.977,4142856.043,4142862.995,"Silva","NEON_D07_MLBS_DP1_537000_4142000_classified_point_cloud.laz","2018_MLBS_3_537000_4142000_image.tif","Tree",1,537000,537999.999,4142000,4142999.999
"6324",6324,537091.506,537101.493,4142849.509,4142861.907,"Silva","NEON_D07_MLBS_DP1_537000_4142000_classified_point_cloud.laz","2018_MLBS_3_537000_4142000_image.tif","Tree",1,537000,537999.999,4142000,4142999.999
"6325",6325,537143.5,537150.848,4142850.522,4142860.916,"Silva","NEON_D07_MLBS_DP1_537000_4142000_classified_point_cloud.laz","2018_MLBS_3_537000_4142000_image.tif","Tree",1,537000,537999.999,4142000,4142999.999
"6326",6326,537136.002,537143.993,4142850.688,4142859.994,"Silva","NEON_D07_MLBS_DP1_537000_4142000_classified_point_cloud.laz","2018_MLBS_3_537000_4142000_image.tif","Tree",1,537000,537999.999,4142000,4142999.999
"6327",6327,537113.594,537125.455,4142850.161,4142856.466,"Silva","NEON_D07_MLBS_DP1_537000_4142000_classified_point_cloud.laz","2018_MLBS_3_537000_4142000_image.tif","Tree",1,537000,537999.999,4142000,4142999.999
"6328",6328,537122.051,537130.972,4142847.66,4142855.45,"Silva","NEON_D07_MLBS_DP1_537000_4142000_classified_point_cloud.laz","2018_MLBS_3_537000_4142000_image.tif","Tree",1,537000,537999.999,4142000,4142999.999
"6329",6329,537139.652,537145.988,4142843.209,4142850.988,"Silva","NEON_D07_MLBS_DP1_537000_4142000_classified_point_cloud.laz","2018_MLBS_3_537000_4142000_image.tif","Tree",1,537000,537999.999,4142000,4142999.999
"6330",6330,537109.502,537116.995,4142843.506,4142854.489,"Silva","NEON_D07_MLBS_DP1_537000_4142000_classified_point_cloud.laz","2018_MLBS_3_537000_4142000_image.tif","Tree",1,537000,537999.999,4142000,4142999.999
"6331",6331,537144.579,537153.981,4142839.537,4142850.486,"Silva","NEON_D07_MLBS_DP1_537000_4142000_classified_point_cloud.laz","2018_MLBS_3_537000_4142000_image.tif","Tree",1,537000,537999.999,4142000,4142999.999
"6332",6332,537127.006,537134.44,4142841.508,4142851.24,"Silva","NEON_D07_MLBS_DP1_537000_4142000_classified_point_cloud.laz","2018_MLBS_3_537000_4142000_image.tif","Tree",1,537000,537999.999,4142000,4142999.999
"6333",6333,537122.003,537127.484,4142840.583,4142847.999,"Silva","NEON_D07_MLBS_DP1_537000_4142000_classified_point_cloud.laz","2018_MLBS_3_537000_4142000_image.tif","Tree",1,537000,537999.999,4142000,4142999.999
"6334",6334,537098.086,537110.916,4142839.07,4142845.999,"Silva","NEON_D07_MLBS_DP1_537000_4142000_classified_point_cloud.laz","2018_MLBS_3_537000_4142000_image.tif","Tree",1,537000,537999.999,4142000,4142999.999
"6335",6335,537150.529,537161.434,4142836.055,4142846.984,"Silva","NEON_D07_MLBS_DP1_537000_4142000_classified_point_cloud.laz","2018_MLBS_3_537000_4142000_image.tif","Tree",1,537000,537999.999,4142000,4142999.999
"6336",6336,537138.518,537147.997,4142835.007,4142842.904,"Silva","NEON_D07_MLBS_DP1_537000_4142000_classified_point_cloud.laz","2018_MLBS_3_537000_4142000_image.tif","Tree",1,537000,537999.999,4142000,4142999.999
"6337",6337,537108.013,537115.482,4142835.003,4142843.498,"Silva","NEON_D07_MLBS_DP1_537000_4142000_classified_point_cloud.laz","2018_MLBS_3_537000_4142000_image.tif","Tree",1,537000,537999.999,4142000,4142999.999
"6338",6338,537133.507,537138.977,4142834.001,4142843.354,"Silva","NEON_D07_MLBS_DP1_537000_4142000_classified_point_cloud.laz","2018_MLBS_3_537000_4142000_image.tif","Tree",1,537000,537999.999,4142000,4142999.999
"6339",6339,537126.018,537133.499,4142834.514,4142842.487,"Silva","NEON_D07_MLBS_DP1_537000_4142000_classified_point_cloud.laz","2018_MLBS_3_537000_4142000_image.tif","Tree",1,537000,537999.999,4142000,4142999.999
"6340",6340,537143.156,537149.478,4142807.001,4142812.488,"Silva","NEON_D07_MLBS_DP1_537000_4142000_classified_point_cloud.laz","2018_MLBS_3_537000_4142000_image.tif","Tree",1,537000,537999.999,4142000,4142999.999
"6341",6341,537124.514,537132.831,4142806.521,4142815.494,"Silva","NEON_D07_MLBS_DP1_537000_4142000_classified_point_cloud.laz","2018_MLBS_3_537000_4142000_image.tif","Tree",1,537000,537999.999,4142000,4142999.999
"6342",6342,537147.5,537156.918,4142807.512,4142815.489,"Silva","NEON_D07_MLBS_DP1_537000_4142000_classified_point_cloud.laz","2018_MLBS_3_537000_4142000_image.tif","Tree",1,537000,537999.999,4142000,4142999.999
"6343",6343,537139.525,537147.497,4142808.001,4142814.5,"Silva","NEON_D07_MLBS_DP1_537000_4142000_classified_point_cloud.laz","2018_MLBS_3_537000_4142000_image.tif","Tree",1,537000,537999.999,4142000,4142999.999
"6344",6344,537134.541,537141.993,4142811.017,4142819.881,"Silva","NEON_D07_MLBS_DP1_537000_4142000_classified_point_cloud.laz","2018_MLBS_3_537000_4142000_image.tif","Tree",1,537000,537999.999,4142000,4142999.999
"6345",6345,537149.005,537157.479,4142810.548,4142817.999,"Silva","NEON_D07_MLBS_DP1_537000_4142000_classified_point_cloud.laz","2018_MLBS_3_537000_4142000_image.tif","Tree",1,537000,537999.999,4142000,4142999.999
"6346",6346,537112.009,537120.487,4142813.028,4142823.992,"Silva","NEON_D07_MLBS_DP1_537000_4142000_classified_point_cloud.laz","2018_MLBS_3_537000_4142000_image.tif","Tree",1,537000,537999.999,4142000,4142999.999
"6347",6347,537139.045,537148.919,4142814.504,4142821.49,"Silva","NEON_D07_MLBS_DP1_537000_4142000_classified_point_cloud.laz","2018_MLBS_3_537000_4142000_image.tif","Tree",1,537000,537999.999,4142000,4142999.999
"6348",6348,537120.003,537128.445,4142814.541,4142823.482,"Silva","NEON_D07_MLBS_DP1_537000_4142000_classified_point_cloud.laz","2018_MLBS_3_537000_4142000_image.tif","Tree",1,537000,537999.999,4142000,4142999.999
"6349",6349,537150.508,537159.494,4142817.013,4142822.997,"Silva","NEON_D07_MLBS_DP1_537000_4142000_classified_point_cloud.laz","2018_MLBS_3_537000_4142000_image.tif","Tree",1,537000,537999.999,4142000,4142999.999
"6350",6350,537141.521,537151.44,4142816.037,4142825.483,"Silva","NEON_D07_MLBS_DP1_537000_4142000_classified_point_cloud.laz","2018_MLBS_3_537000_4142000_image.tif","Tree",1,537000,537999.999,4142000,4142999.999
"6351",6351,537153.517,537161.971,4142821.507,4142827.488,"Silva","NEON_D07_MLBS_DP1_537000_4142000_classified_point_cloud.laz","2018_MLBS_3_537000_4142000_image.tif","Tree",1,537000,537999.999,4142000,4142999.999
"6352",6352,537149.02,537155.969,4142823.018,4142831.479,"Silva","NEON_D07_MLBS_DP1_537000_4142000_classified_point_cloud.laz","2018_MLBS_3_537000_4142000_image.tif","Tree",1,537000,537999.999,4142000,4142999.999
"6353",6353,537107.507,537118.481,4142824.528,4142834.862,"Silva","NEON_D07_MLBS_DP1_537000_4142000_classified_point_cloud.laz","2018_MLBS_3_537000_4142000_image.tif","Tree",1,537000,537999.999,4142000,4142999.999
"6354",6354,537155.529,537163.959,4142826.634,4142831.428,"Silva","NEON_D07_MLBS_DP1_537000_4142000_classified_point_cloud.laz","2018_MLBS_3_537000_4142000_image.tif","Tree",1,537000,537999.999,4142000,4142999.999
"6355",6355,537127.004,537134.422,4142828.047,4142835.468,"Silva","NEON_D07_MLBS_DP1_537000_4142000_classified_point_cloud.laz","2018_MLBS_3_537000_4142000_image.tif","Tree",1,537000,537999.999,4142000,4142999.999
"6356",6356,537120.085,537127.93,4142829.019,4142836.985,"Silva","NEON_D07_MLBS_DP1_537000_4142000_classified_point_cloud.laz","2018_MLBS_3_537000_4142000_image.tif","Tree",1,537000,537999.999,4142000,4142999.999
"6357",6357,537177.022,537182.944,4142867.152,4142874.998,"Silva","NEON_D07_MLBS_DP1_537000_4142000_classified_point_cloud.laz","2018_MLBS_3_537000_4142000_image.tif","Tree",1,537000,537999.999,4142000,4142999.999
"6358",6358,537180.152,537187.715,4142865.005,4142874.486,"Silva","NEON_D07_MLBS_DP1_537000_4142000_classified_point_cloud.laz","2018_MLBS_3_537000_4142000_image.tif","Tree",1,537000,537999.999,4142000,4142999.999
"6359",6359,537185.506,537192.487,4142865.046,4142875.951,"Silva","NEON_D07_MLBS_DP1_537000_4142000_classified_point_cloud.laz","2018_MLBS_3_537000_4142000_image.tif","Tree",1,537000,537999.999,4142000,4142999.999
"6360",6360,537191.074,537197.928,4142862.192,4142874.433,"Silva","NEON_D07_MLBS_DP1_537000_4142000_classified_point_cloud.laz","2018_MLBS_3_537000_4142000_image.tif","Tree",1,537000,537999.999,4142000,4142999.999
"6361",6361,537213.512,537224.96,4142862.032,4142869.991,"Silva","NEON_D07_MLBS_DP1_537000_4142000_classified_point_cloud.laz","2018_MLBS_3_537000_4142000_image.tif","Tree",1,537000,537999.999,4142000,4142999.999
"6362",6362,537181.556,537189.278,4142861.005,4142866.494,"Silva","NEON_D07_MLBS_DP1_537000_4142000_classified_point_cloud.laz","2018_MLBS_3_537000_4142000_image.tif","Tree",1,537000,537999.999,4142000,4142999.999
"6363",6363,537206.1,537214.957,4142857.005,4142866.964,"Silva","NEON_D07_MLBS_DP1_537000_4142000_classified_point_cloud.laz","2018_MLBS_3_537000_4142000_image.tif","Tree",1,537000,537999.999,4142000,4142999.999
"6364",6364,537214.007,537222.964,4142857.005,4142863.889,"Silva","NEON_D07_MLBS_DP1_537000_4142000_classified_point_cloud.laz","2018_MLBS_3_537000_4142000_image.tif","Tree",1,537000,537999.999,4142000,4142999.999
"6365",6365,537188.614,537196.422,4142856.005,4142865,"Silva","NEON_D07_MLBS_DP1_537000_4142000_classified_point_cloud.laz","2018_MLBS_3_537000_4142000_image.tif","Tree",1,537000,537999.999,4142000,4142999.999
"6366",6366,537167.002,537173.497,4142857.551,4142869.496,"Silva","NEON_D07_MLBS_DP1_537000_4142000_classified_point_cloud.laz","2018_MLBS_3_537000_4142000_image.tif","Tree",1,537000,537999.999,4142000,4142999.999
"6367",6367,537159.022,537166.995,4142858.536,4142870.47,"Silva","NEON_D07_MLBS_DP1_537000_4142000_classified_point_cloud.laz","2018_MLBS_3_537000_4142000_image.tif","Tree",1,537000,537999.999,4142000,4142999.999
"6368",6368,537195.562,537206.491,4142856.146,4142864.998,"Silva","NEON_D07_MLBS_DP1_537000_4142000_classified_point_cloud.laz","2018_MLBS_3_537000_4142000_image.tif","Tree",1,537000,537999.999,4142000,4142999.999
"6369",6369,537180.063,537189.862,4142857.002,4142862.986,"Silva","NEON_D07_MLBS_DP1_537000_4142000_classified_point_cloud.laz","2018_MLBS_3_537000_4142000_image.tif","Tree",1,537000,537999.999,4142000,4142999.999
"6370",6370,537156.553,537168.988,4142849.55,4142859.136,"Silva","NEON_D07_MLBS_DP1_537000_4142000_classified_point_cloud.laz","2018_MLBS_3_537000_4142000_image.tif","Tree",1,537000,537999.999,4142000,4142999.999
"6371",6371,537181.163,537191.49,4142850.028,4142857.489,"Silva","NEON_D07_MLBS_DP1_537000_4142000_classified_point_cloud.laz","2018_MLBS_3_537000_4142000_image.tif","Tree",1,537000,537999.999,4142000,4142999.999
"6372",6372,537205.671,537213.999,4142850.51,4142856.969,"Silva","NEON_D07_MLBS_DP1_537000_4142000_classified_point_cloud.laz","2018_MLBS_3_537000_4142000_image.tif","Tree",1,537000,537999.999,4142000,4142999.999
"6373",6373,537190.535,537198.995,4142846.024,4142857.468,"Silva","NEON_D07_MLBS_DP1_537000_4142000_classified_point_cloud.laz","2018_MLBS_3_537000_4142000_image.tif","Tree",1,537000,537999.999,4142000,4142999.999
"6374",6374,537198.039,537205.492,4142847.065,4142854.958,"Silva","NEON_D07_MLBS_DP1_537000_4142000_classified_point_cloud.laz","2018_MLBS_3_537000_4142000_image.tif","Tree",1,537000,537999.999,4142000,4142999.999
"6375",6375,537177.534,537183.996,4142848.011,4142857.979,"Silva","NEON_D07_MLBS_DP1_537000_4142000_classified_point_cloud.laz","2018_MLBS_3_537000_4142000_image.tif","Tree",1,537000,537999.999,4142000,4142999.999
"6376",6376,537169.21,537179.403,4142848.581,4142855.494,"Silva","NEON_D07_MLBS_DP1_537000_4142000_classified_point_cloud.laz","2018_MLBS_3_537000_4142000_image.tif","Tree",1,537000,537999.999,4142000,4142999.999
"6377",6377,537198.097,537205.998,4142842.001,4142849.421,"Silva","NEON_D07_MLBS_DP1_537000_4142000_classified_point_cloud.laz","2018_MLBS_3_537000_4142000_image.tif","Tree",1,537000,537999.999,4142000,4142999.999
"6378",6378,537170.523,537180.448,4142842.257,4142849,"Silva","NEON_D07_MLBS_DP1_537000_4142000_classified_point_cloud.laz","2018_MLBS_3_537000_4142000_image.tif","Tree",1,537000,537999.999,4142000,4142999.999
"6379",6379,537186.516,537195.467,4142841.55,4142850.78,"Silva","NEON_D07_MLBS_DP1_537000_4142000_classified_point_cloud.laz","2018_MLBS_3_537000_4142000_image.tif","Tree",1,537000,537999.999,4142000,4142999.999
"6380",6380,537158.044,537170.314,4142840.504,4142850.994,"Silva","NEON_D07_MLBS_DP1_537000_4142000_classified_point_cloud.laz","2018_MLBS_3_537000_4142000_image.tif","Tree",1,537000,537999.999,4142000,4142999.999
"6381",6381,537205.611,537215.408,4142836.511,4142844.473,"Silva","NEON_D07_MLBS_DP1_537000_4142000_classified_point_cloud.laz","2018_MLBS_3_537000_4142000_image.tif","Tree",1,537000,537999.999,4142000,4142999.999
"6382",6382,537193.625,537202.462,4142837.165,4142846.466,"Silva","NEON_D07_MLBS_DP1_537000_4142000_classified_point_cloud.laz","2018_MLBS_3_537000_4142000_image.tif","Tree",1,537000,537999.999,4142000,4142999.999
"6383",6383,537184.612,537192.836,4142838.021,4142843.895,"Silva","NEON_D07_MLBS_DP1_537000_4142000_classified_point_cloud.laz","2018_MLBS_3_537000_4142000_image.tif","Tree",1,537000,537999.999,4142000,4142999.999
"6384",6384,537165.524,537173.916,4142839.02,4142847.459,"Silva","NEON_D07_MLBS_DP1_537000_4142000_classified_point_cloud.laz","2018_MLBS_3_537000_4142000_image.tif","Tree",1,537000,537999.999,4142000,4142999.999
"6385",6385,537199.54,537206.481,4142834.641,4142842.406,"Silva","NEON_D07_MLBS_DP1_537000_4142000_classified_point_cloud.laz","2018_MLBS_3_537000_4142000_image.tif","Tree",1,537000,537999.999,4142000,4142999.999
"6386",6386,537213.53,537222.447,4142836.005,4142840.997,"Silva","NEON_D07_MLBS_DP1_537000_4142000_classified_point_cloud.laz","2018_MLBS_3_537000_4142000_image.tif","Tree",1,537000,537999.999,4142000,4142999.999
"6387",6387,537221.5,537230.972,4142829.738,4142842.496,"Silva","NEON_D07_MLBS_DP1_537000_4142000_classified_point_cloud.laz","2018_MLBS_3_537000_4142000_image.tif","Tree",1,537000,537999.999,4142000,4142999.999
"6388",6388,537204.064,537213.48,4142833.503,4142840.415,"Silva","NEON_D07_MLBS_DP1_537000_4142000_classified_point_cloud.laz","2018_MLBS_3_537000_4142000_image.tif","Tree",1,537000,537999.999,4142000,4142999.999
"6389",6389,537186.53,537193.377,4142832.504,4142841.197,"Silva","NEON_D07_MLBS_DP1_537000_4142000_classified_point_cloud.laz","2018_MLBS_3_537000_4142000_image.tif","Tree",1,537000,537999.999,4142000,4142999.999
"6390",6390,537175.506,537181.478,4142832.535,4142842.261,"Silva","NEON_D07_MLBS_DP1_537000_4142000_classified_point_cloud.laz","2018_MLBS_3_537000_4142000_image.tif","Tree",1,537000,537999.999,4142000,4142999.999
"6391",6391,537171.012,537175.992,4142831.528,4142842.478,"Silva","NEON_D07_MLBS_DP1_537000_4142000_classified_point_cloud.laz","2018_MLBS_3_537000_4142000_image.tif","Tree",1,537000,537999.999,4142000,4142999.999
"6392",6392,537180.591,537186.999,4142835.005,4142839.983,"Silva","NEON_D07_MLBS_DP1_537000_4142000_classified_point_cloud.laz","2018_MLBS_3_537000_4142000_image.tif","Tree",1,537000,537999.999,4142000,4142999.999
"6393",6393,537167.501,537173.484,4142828.502,4142838.999,"Silva","NEON_D07_MLBS_DP1_537000_4142000_classified_point_cloud.laz","2018_MLBS_3_537000_4142000_image.tif","Tree",1,537000,537999.999,4142000,4142999.999
"6394",6394,537160.565,537167.489,4142829.113,4142840.491,"Silva","NEON_D07_MLBS_DP1_537000_4142000_classified_point_cloud.laz","2018_MLBS_3_537000_4142000_image.tif","Tree",1,537000,537999.999,4142000,4142999.999
"6395",6395,537179.017,537186.326,4142830.51,4142835.471,"Silva","NEON_D07_MLBS_DP1_537000_4142000_classified_point_cloud.laz","2018_MLBS_3_537000_4142000_image.tif","Tree",1,537000,537999.999,4142000,4142999.999
"6396",6396,537197.545,537203.952,4142828.691,4142836.477,"Silva","NEON_D07_MLBS_DP1_537000_4142000_classified_point_cloud.laz","2018_MLBS_3_537000_4142000_image.tif","Tree",1,537000,537999.999,4142000,4142999.999
"6397",6397,537182.644,537191.439,4142829.501,4142834.872,"Silva","NEON_D07_MLBS_DP1_537000_4142000_classified_point_cloud.laz","2018_MLBS_3_537000_4142000_image.tif","Tree",1,537000,537999.999,4142000,4142999.999
"6398",6398,537155.52,537165.936,4142828.509,4142836.964,"Silva","NEON_D07_MLBS_DP1_537000_4142000_classified_point_cloud.laz","2018_MLBS_3_537000_4142000_image.tif","Tree",1,537000,537999.999,4142000,4142999.999
"6399",6399,537157.012,537167.421,4142804.006,4142811.487,"Silva","NEON_D07_MLBS_DP1_537000_4142000_classified_point_cloud.laz","2018_MLBS_3_537000_4142000_image.tif","Tree",1,537000,537999.999,4142000,4142999.999
"6400",6400,537204.009,537210.989,4142804.033,4142812.497,"Silva","NEON_D07_MLBS_DP1_537000_4142000_classified_point_cloud.laz","2018_MLBS_3_537000_4142000_image.tif","Tree",1,537000,537999.999,4142000,4142999.999
"6401",6401,537211.001,537219.993,4142804.08,4142813.471,"Silva","NEON_D07_MLBS_DP1_537000_4142000_classified_point_cloud.laz","2018_MLBS_3_537000_4142000_image.tif","Tree",1,537000,537999.999,4142000,4142999.999
"6402",6402,537156.51,537163.47,4142809.018,4142818.996,"Silva","NEON_D07_MLBS_DP1_537000_4142000_classified_point_cloud.laz","2018_MLBS_3_537000_4142000_image.tif","Tree",1,537000,537999.999,4142000,4142999.999
"6403",6403,537195.051,537201.391,4142812.013,4142819.784,"Silva","NEON_D07_MLBS_DP1_537000_4142000_classified_point_cloud.laz","2018_MLBS_3_537000_4142000_image.tif","Tree",1,537000,537999.999,4142000,4142999.999
"6404",6404,537171.529,537177.887,4142815.038,4142821.914,"Silva","NEON_D07_MLBS_DP1_537000_4142000_classified_point_cloud.laz","2018_MLBS_3_537000_4142000_image.tif","Tree",1,537000,537999.999,4142000,4142999.999
"6405",6405,537166.52,537174.999,4142816.505,4142827.963,"Silva","NEON_D07_MLBS_DP1_537000_4142000_classified_point_cloud.laz","2018_MLBS_3_537000_4142000_image.tif","Tree",1,537000,537999.999,4142000,4142999.999
"6406",6406,537198.012,537207.952,4142816.512,4142824.984,"Silva","NEON_D07_MLBS_DP1_537000_4142000_classified_point_cloud.laz","2018_MLBS_3_537000_4142000_image.tif","Tree",1,537000,537999.999,4142000,4142999.999
"6407",6407,537159.013,537168.973,4142817.551,4142828.986,"Silva","NEON_D07_MLBS_DP1_537000_4142000_classified_point_cloud.laz","2018_MLBS_3_537000_4142000_image.tif","Tree",1,537000,537999.999,4142000,4142999.999
"6408",6408,537169.116,537180.489,4142821.513,4142831.372,"Silva","NEON_D07_MLBS_DP1_537000_4142000_classified_point_cloud.laz","2018_MLBS_3_537000_4142000_image.tif","Tree",1,537000,537999.999,4142000,4142999.999
"6409",6409,537193.589,537204.472,4142822.006,4142829.463,"Silva","NEON_D07_MLBS_DP1_537000_4142000_classified_point_cloud.laz","2018_MLBS_3_537000_4142000_image.tif","Tree",1,537000,537999.999,4142000,4142999.999
"6410",6410,537174.581,537182.984,4142824.012,4142832.824,"Silva","NEON_D07_MLBS_DP1_537000_4142000_classified_point_cloud.laz","2018_MLBS_3_537000_4142000_image.tif","Tree",1,537000,537999.999,4142000,4142999.999
"6411",6411,537093.502,537102.952,4142930.523,4142939.474,"Silva","NEON_D07_MLBS_DP1_537000_4142000_classified_point_cloud.laz","2018_MLBS_3_537000_4142000_image.tif","Tree",1,537000,537999.999,4142000,4142999.999
"6412",6412,537133.51,537141.959,4142928.607,4142937.489,"Silva","NEON_D07_MLBS_DP1_537000_4142000_classified_point_cloud.laz","2018_MLBS_3_537000_4142000_image.tif","Tree",1,537000,537999.999,4142000,4142999.999
"6413",6413,537119.541,537126.481,4142930.072,4142935.991,"Silva","NEON_D07_MLBS_DP1_537000_4142000_classified_point_cloud.laz","2018_MLBS_3_537000_4142000_image.tif","Tree",1,537000,537999.999,4142000,4142999.999
"6414",6414,537153.015,537160.476,4142924.786,4142936.988,"Silva","NEON_D07_MLBS_DP1_537000_4142000_classified_point_cloud.laz","2018_MLBS_3_537000_4142000_image.tif","Tree",1,537000,537999.999,4142000,4142999.999
"6415",6415,537110.012,537116.997,4142927.007,4142933.998,"Silva","NEON_D07_MLBS_DP1_537000_4142000_classified_point_cloud.laz","2018_MLBS_3_537000_4142000_image.tif","Tree",1,537000,537999.999,4142000,4142999.999
"6416",6416,537140.502,537147.977,4142925.001,4142933.998,"Silva","NEON_D07_MLBS_DP1_537000_4142000_classified_point_cloud.laz","2018_MLBS_3_537000_4142000_image.tif","Tree",1,537000,537999.999,4142000,4142999.999
"6417",6417,537117.003,537123.997,4142924.502,4142930.91,"Silva","NEON_D07_MLBS_DP1_537000_4142000_classified_point_cloud.laz","2018_MLBS_3_537000_4142000_image.tif","Tree",1,537000,537999.999,4142000,4142999.999
"6418",6418,537095.521,537105.46,4142924.001,4142932.994,"Silva","NEON_D07_MLBS_DP1_537000_4142000_classified_point_cloud.laz","2018_MLBS_3_537000_4142000_image.tif","Tree",1,537000,537999.999,4142000,4142999.999
"6419",6419,537146.613,537154.906,4142924.503,4142929.972,"Silva","NEON_D07_MLBS_DP1_537000_4142000_classified_point_cloud.laz","2018_MLBS_3_537000_4142000_image.tif","Tree",1,537000,537999.999,4142000,4142999.999
"6420",6420,537135.534,537141.975,4142921.604,4142930.319,"Silva","NEON_D07_MLBS_DP1_537000_4142000_classified_point_cloud.laz","2018_MLBS_3_537000_4142000_image.tif","Tree",1,537000,537999.999,4142000,4142999.999
"6421",6421,537102.003,537107.992,4142922.028,4142931.964,"Silva","NEON_D07_MLBS_DP1_537000_4142000_classified_point_cloud.laz","2018_MLBS_3_537000_4142000_image.tif","Tree",1,537000,537999.999,4142000,4142999.999
"6422",6422,537129.051,537138.417,4142918.009,4142928.972,"Silva","NEON_D07_MLBS_DP1_537000_4142000_classified_point_cloud.laz","2018_MLBS_3_537000_4142000_image.tif","Tree",1,537000,537999.999,4142000,4142999.999
"6423",6423,537147.079,537156.976,4142915.526,4142925.48,"Silva","NEON_D07_MLBS_DP1_537000_4142000_classified_point_cloud.laz","2018_MLBS_3_537000_4142000_image.tif","Tree",1,537000,537999.999,4142000,4142999.999
"6424",6424,537141.001,537148.498,4142918.502,4142925.498,"Silva","NEON_D07_MLBS_DP1_537000_4142000_classified_point_cloud.laz","2018_MLBS_3_537000_4142000_image.tif","Tree",1,537000,537999.999,4142000,4142999.999
"6425",6425,537096.061,537103.499,4142917.574,4142925.482,"Silva","NEON_D07_MLBS_DP1_537000_4142000_classified_point_cloud.laz","2018_MLBS_3_537000_4142000_image.tif","Tree",1,537000,537999.999,4142000,4142999.999
"6426",6426,537088.016,537096.499,4142915.514,4142925.879,"Silva","NEON_D07_MLBS_DP1_537000_4142000_classified_point_cloud.laz","2018_MLBS_3_537000_4142000_image.tif","Tree",1,537000,537999.999,4142000,4142999.999
"6427",6427,537110.505,537117.983,4142913.502,4142922.985,"Silva","NEON_D07_MLBS_DP1_537000_4142000_classified_point_cloud.laz","2018_MLBS_3_537000_4142000_image.tif","Tree",1,537000,537999.999,4142000,4142999.999
"6428",6428,537103.009,537110.496,4142918.001,4142923.5,"Silva","NEON_D07_MLBS_DP1_537000_4142000_classified_point_cloud.laz","2018_MLBS_3_537000_4142000_image.tif","Tree",1,537000,537999.999,4142000,4142999.999
"6429",6429,537095.039,537105.899,4142902.589,4142912.438,"Silva","NEON_D07_MLBS_DP1_537000_4142000_classified_point_cloud.laz","2018_MLBS_3_537000_4142000_image.tif","Tree",1,537000,537999.999,4142000,4142999.999
"6430",6430,537148.075,537158.483,4142904.543,4142915.983,"Silva","NEON_D07_MLBS_DP1_537000_4142000_classified_point_cloud.laz","2018_MLBS_3_537000_4142000_image.tif","Tree",1,537000,537999.999,4142000,4142999.999
"6431",6431,537129.009,537142.494,4142898.502,4142906.481,"Silva","NEON_D07_MLBS_DP1_537000_4142000_classified_point_cloud.laz","2018_MLBS_3_537000_4142000_image.tif","Tree",1,537000,537999.999,4142000,4142999.999
"6432",6432,537142.508,537150.998,4142897.524,4142906.825,"Silva","NEON_D07_MLBS_DP1_537000_4142000_classified_point_cloud.laz","2018_MLBS_3_537000_4142000_image.tif","Tree",1,537000,537999.999,4142000,4142999.999
"6433",6433,537090.501,537100.498,4142897.015,4142904.985,"Silva","NEON_D07_MLBS_DP1_537000_4142000_classified_point_cloud.laz","2018_MLBS_3_537000_4142000_image.tif","Tree",1,537000,537999.999,4142000,4142999.999
"6434",6434,537116.048,537129.405,4142897.505,4142905.996,"Silva","NEON_D07_MLBS_DP1_537000_4142000_classified_point_cloud.laz","2018_MLBS_3_537000_4142000_image.tif","Tree",1,537000,537999.999,4142000,4142999.999
"6435",6435,537152.518,537159.998,4142896.267,4142901.909,"Silva","NEON_D07_MLBS_DP1_537000_4142000_classified_point_cloud.laz","2018_MLBS_3_537000_4142000_image.tif","Tree",1,537000,537999.999,4142000,4142999.999
"6436",6436,537110.055,537117.442,4142892.524,4142902.972,"Silva","NEON_D07_MLBS_DP1_537000_4142000_classified_point_cloud.laz","2018_MLBS_3_537000_4142000_image.tif","Tree",1,537000,537999.999,4142000,4142999.999
"6437",6437,537143.506,537152.471,4142891.69,4142898.89,"Silva","NEON_D07_MLBS_DP1_537000_4142000_classified_point_cloud.laz","2018_MLBS_3_537000_4142000_image.tif","Tree",1,537000,537999.999,4142000,4142999.999
"6438",6438,537117.044,537129.983,4142892.781,4142899.928,"Silva","NEON_D07_MLBS_DP1_537000_4142000_classified_point_cloud.laz","2018_MLBS_3_537000_4142000_image.tif","Tree",1,537000,537999.999,4142000,4142999.999
"6439",6439,537097,537104.9,4142889.547,4142900.967,"Silva","NEON_D07_MLBS_DP1_537000_4142000_classified_point_cloud.laz","2018_MLBS_3_537000_4142000_image.tif","Tree",1,537000,537999.999,4142000,4142999.999
"6440",6440,537104.004,537111.935,4142891.068,4142897.307,"Silva","NEON_D07_MLBS_DP1_537000_4142000_classified_point_cloud.laz","2018_MLBS_3_537000_4142000_image.tif","Tree",1,537000,537999.999,4142000,4142999.999
"6441",6441,537100.567,537110.997,4142885.03,4142891.986,"Silva","NEON_D07_MLBS_DP1_537000_4142000_classified_point_cloud.laz","2018_MLBS_3_537000_4142000_image.tif","Tree",1,537000,537999.999,4142000,4142999.999
"6442",6442,537089.591,537100.993,4142885.502,4142894.42,"Silva","NEON_D07_MLBS_DP1_537000_4142000_classified_point_cloud.laz","2018_MLBS_3_537000_4142000_image.tif","Tree",1,537000,537999.999,4142000,4142999.999
"6443",6443,537150.032,537155.464,4142881.368,4142889.945,"Silva","NEON_D07_MLBS_DP1_537000_4142000_classified_point_cloud.laz","2018_MLBS_3_537000_4142000_image.tif","Tree",1,537000,537999.999,4142000,4142999.999
"6444",6444,537154.505,537161.986,4142881.518,4142890,"Silva","NEON_D07_MLBS_DP1_537000_4142000_classified_point_cloud.laz","2018_MLBS_3_537000_4142000_image.tif","Tree",1,537000,537999.999,4142000,4142999.999
"6445",6445,537139.73,537147.995,4142882.501,4142890.355,"Silva","NEON_D07_MLBS_DP1_537000_4142000_classified_point_cloud.laz","2018_MLBS_3_537000_4142000_image.tif","Tree",1,537000,537999.999,4142000,4142999.999
"6446",6446,537127.509,537136.913,4142879.017,4142890.816,"Silva","NEON_D07_MLBS_DP1_537000_4142000_classified_point_cloud.laz","2018_MLBS_3_537000_4142000_image.tif","Tree",1,537000,537999.999,4142000,4142999.999
"6447",6447,537118.028,537124.476,4142879.023,4142888.457,"Silva","NEON_D07_MLBS_DP1_537000_4142000_classified_point_cloud.laz","2018_MLBS_3_537000_4142000_image.tif","Tree",1,537000,537999.999,4142000,4142999.999
"6448",6448,537145.528,537153.981,4142877.06,4142886.494,"Silva","NEON_D07_MLBS_DP1_537000_4142000_classified_point_cloud.laz","2018_MLBS_3_537000_4142000_image.tif","Tree",1,537000,537999.999,4142000,4142999.999
"6449",6449,537102.678,537112.495,4142881.553,4142887.963,"Silva","NEON_D07_MLBS_DP1_537000_4142000_classified_point_cloud.laz","2018_MLBS_3_537000_4142000_image.tif","Tree",1,537000,537999.999,4142000,4142999.999
"6450",6450,537136.583,537145.927,4142877.607,4142885.995,"Silva","NEON_D07_MLBS_DP1_537000_4142000_classified_point_cloud.laz","2018_MLBS_3_537000_4142000_image.tif","Tree",1,537000,537999.999,4142000,4142999.999
"6451",6451,537112.56,537120.478,4142877.042,4142884.984,"Silva","NEON_D07_MLBS_DP1_537000_4142000_classified_point_cloud.laz","2018_MLBS_3_537000_4142000_image.tif","Tree",1,537000,537999.999,4142000,4142999.999
"6452",6452,537101.013,537110.443,4142875.335,4142884.983,"Silva","NEON_D07_MLBS_DP1_537000_4142000_classified_point_cloud.laz","2018_MLBS_3_537000_4142000_image.tif","Tree",1,537000,537999.999,4142000,4142999.999
"6453",6453,537092.002,537100.99,4142878.509,4142885.997,"Silva","NEON_D07_MLBS_DP1_537000_4142000_classified_point_cloud.laz","2018_MLBS_3_537000_4142000_image.tif","Tree",1,537000,537999.999,4142000,4142999.999
"6454",6454,537138.583,537149.997,4142873.002,4142880.192,"Silva","NEON_D07_MLBS_DP1_537000_4142000_classified_point_cloud.laz","2018_MLBS_3_537000_4142000_image.tif","Tree",1,537000,537999.999,4142000,4142999.999
"6455",6455,537151.685,537163.467,4142872.011,4142879.957,"Silva","NEON_D07_MLBS_DP1_537000_4142000_classified_point_cloud.laz","2018_MLBS_3_537000_4142000_image.tif","Tree",1,537000,537999.999,4142000,4142999.999
"6456",6456,537119.508,537128.984,4142872.557,4142878.982,"Silva","NEON_D07_MLBS_DP1_537000_4142000_classified_point_cloud.laz","2018_MLBS_3_537000_4142000_image.tif","Tree",1,537000,537999.999,4142000,4142999.999
"6457",6457,537113.502,537122.49,4142870.019,4142877.394,"Silva","NEON_D07_MLBS_DP1_537000_4142000_classified_point_cloud.laz","2018_MLBS_3_537000_4142000_image.tif","Tree",1,537000,537999.999,4142000,4142999.999
"6458",6458,537174.528,537182.99,4142931.502,4142940.406,"Silva","NEON_D07_MLBS_DP1_537000_4142000_classified_point_cloud.laz","2018_MLBS_3_537000_4142000_image.tif","Tree",1,537000,537999.999,4142000,4142999.999
"6459",6459,537190.505,537199.937,4142930.508,4142937.982,"Silva","NEON_D07_MLBS_DP1_537000_4142000_classified_point_cloud.laz","2018_MLBS_3_537000_4142000_image.tif","Tree",1,537000,537999.999,4142000,4142999.999
"6460",6460,537200.538,537209.932,4142928.001,4142935.494,"Silva","NEON_D07_MLBS_DP1_537000_4142000_classified_point_cloud.laz","2018_MLBS_3_537000_4142000_image.tif","Tree",1,537000,537999.999,4142000,4142999.999
"6461",6461,537218.65,537227.466,4142921.52,4142928.416,"Silva","NEON_D07_MLBS_DP1_537000_4142000_classified_point_cloud.laz","2018_MLBS_3_537000_4142000_image.tif","Tree",1,537000,537999.999,4142000,4142999.999
"6462",6462,537196.526,537203.959,4142919.003,4142931.449,"Silva","NEON_D07_MLBS_DP1_537000_4142000_classified_point_cloud.laz","2018_MLBS_3_537000_4142000_image.tif","Tree",1,537000,537999.999,4142000,4142999.999
"6463",6463,537214.527,537221.961,4142919.165,4142924.996,"Silva","NEON_D07_MLBS_DP1_537000_4142000_classified_point_cloud.laz","2018_MLBS_3_537000_4142000_image.tif","Tree",1,537000,537999.999,4142000,4142999.999
"6464",6464,537206.506,537216.945,4142915.502,4142922.997,"Silva","NEON_D07_MLBS_DP1_537000_4142000_classified_point_cloud.laz","2018_MLBS_3_537000_4142000_image.tif","Tree",1,537000,537999.999,4142000,4142999.999
"6465",6465,537159.006,537170.97,4142911.007,4142918.496,"Silva","NEON_D07_MLBS_DP1_537000_4142000_classified_point_cloud.laz","2018_MLBS_3_537000_4142000_image.tif","Tree",1,537000,537999.999,4142000,4142999.999
"6466",6466,537198.012,537206.98,4142908.006,4142918.998,"Silva","NEON_D07_MLBS_DP1_537000_4142000_classified_point_cloud.laz","2018_MLBS_3_537000_4142000_image.tif","Tree",1,537000,537999.999,4142000,4142999.999
"6467",6467,537187.01,537193.415,4142908.51,4142915.483,"Silva","NEON_D07_MLBS_DP1_537000_4142000_classified_point_cloud.laz","2018_MLBS_3_537000_4142000_image.tif","Tree",1,537000,537999.999,4142000,4142999.999
"6468",6468,537174.502,537184.497,4142904.11,4142915.457,"Silva","NEON_D07_MLBS_DP1_537000_4142000_classified_point_cloud.laz","2018_MLBS_3_537000_4142000_image.tif","Tree",1,537000,537999.999,4142000,4142999.999
"6469",6469,537190.004,537195.496,4142900.049,4142907.989,"Silva","NEON_D07_MLBS_DP1_537000_4142000_classified_point_cloud.laz","2018_MLBS_3_537000_4142000_image.tif","Tree",1,537000,537999.999,4142000,4142999.999
"6470",6470,537155.512,537162.978,4142898.502,4142908.99,"Silva","NEON_D07_MLBS_DP1_537000_4142000_classified_point_cloud.laz","2018_MLBS_3_537000_4142000_image.tif","Tree",1,537000,537999.999,4142000,4142999.999
"6471",6471,537162.021,537169.449,4142897.303,4142904.982,"Silva","NEON_D07_MLBS_DP1_537000_4142000_classified_point_cloud.laz","2018_MLBS_3_537000_4142000_image.tif","Tree",1,537000,537999.999,4142000,4142999.999
"6472",6472,537201.675,537209.899,4142893.504,4142901.912,"Silva","NEON_D07_MLBS_DP1_537000_4142000_classified_point_cloud.laz","2018_MLBS_3_537000_4142000_image.tif","Tree",1,537000,537999.999,4142000,4142999.999
"6473",6473,537165.328,537172.993,4142895.593,4142902.496,"Silva","NEON_D07_MLBS_DP1_537000_4142000_classified_point_cloud.laz","2018_MLBS_3_537000_4142000_image.tif","Tree",1,537000,537999.999,4142000,4142999.999
"6474",6474,537179.009,537187.976,4142894.036,4142902.49,"Silva","NEON_D07_MLBS_DP1_537000_4142000_classified_point_cloud.laz","2018_MLBS_3_537000_4142000_image.tif","Tree",1,537000,537999.999,4142000,4142999.999
"6475",6475,537171,537178.989,4142892.502,4142900.476,"Silva","NEON_D07_MLBS_DP1_537000_4142000_classified_point_cloud.laz","2018_MLBS_3_537000_4142000_image.tif","Tree",1,537000,537999.999,4142000,4142999.999
"6476",6476,537215,537225.451,4142891.762,4142899.997,"Silva","NEON_D07_MLBS_DP1_537000_4142000_classified_point_cloud.laz","2018_MLBS_3_537000_4142000_image.tif","Tree",1,537000,537999.999,4142000,4142999.999
"6477",6477,537179.51,537186.474,4142888.034,4142895.347,"Silva","NEON_D07_MLBS_DP1_537000_4142000_classified_point_cloud.laz","2018_MLBS_3_537000_4142000_image.tif","Tree",1,537000,537999.999,4142000,4142999.999
"6478",6478,537213.003,537223.455,4142887.04,4142893.489,"Silva","NEON_D07_MLBS_DP1_537000_4142000_classified_point_cloud.laz","2018_MLBS_3_537000_4142000_image.tif","Tree",1,537000,537999.999,4142000,4142999.999
"6479",6479,537186.008,537192.951,4142888.505,4142895.997,"Silva","NEON_D07_MLBS_DP1_537000_4142000_classified_point_cloud.laz","2018_MLBS_3_537000_4142000_image.tif","Tree",1,537000,537999.999,4142000,4142999.999
"6480",6480,537156.549,537164.993,4142886.142,4142894.945,"Silva","NEON_D07_MLBS_DP1_537000_4142000_classified_point_cloud.laz","2018_MLBS_3_537000_4142000_image.tif","Tree",1,537000,537999.999,4142000,4142999.999
"6481",6481,537182.074,537191.968,4142883.013,4142890.959,"Silva","NEON_D07_MLBS_DP1_537000_4142000_classified_point_cloud.laz","2018_MLBS_3_537000_4142000_image.tif","Tree",1,537000,537999.999,4142000,4142999.999
"6482",6482,537208.523,537213.961,4142885.144,4142891.421,"Silva","NEON_D07_MLBS_DP1_537000_4142000_classified_point_cloud.laz","2018_MLBS_3_537000_4142000_image.tif","Tree",1,537000,537999.999,4142000,4142999.999
"6483",6483,537216.534,537222.874,4142880.839,4142890.475,"Silva","NEON_D07_MLBS_DP1_537000_4142000_classified_point_cloud.laz","2018_MLBS_3_537000_4142000_image.tif","Tree",1,537000,537999.999,4142000,4142999.999
"6484",6484,537210.179,537216.478,4142883.016,4142888.986,"Silva","NEON_D07_MLBS_DP1_537000_4142000_classified_point_cloud.laz","2018_MLBS_3_537000_4142000_image.tif","Tree",1,537000,537999.999,4142000,4142999.999
"6485",6485,537162.022,537171.968,4142884.046,4142890.488,"Silva","NEON_D07_MLBS_DP1_537000_4142000_classified_point_cloud.laz","2018_MLBS_3_537000_4142000_image.tif","Tree",1,537000,537999.999,4142000,4142999.999
"6486",6486,537190.006,537201.883,4142878.509,4142889.976,"Silva","NEON_D07_MLBS_DP1_537000_4142000_classified_point_cloud.laz","2018_MLBS_3_537000_4142000_image.tif","Tree",1,537000,537999.999,4142000,4142999.999
"6487",6487,537173.053,537182.991,4142881.023,4142888.448,"Silva","NEON_D07_MLBS_DP1_537000_4142000_classified_point_cloud.laz","2018_MLBS_3_537000_4142000_image.tif","Tree",1,537000,537999.999,4142000,4142999.999
"6488",6488,537201.086,537208.968,4142879.194,4142884.976,"Silva","NEON_D07_MLBS_DP1_537000_4142000_classified_point_cloud.laz","2018_MLBS_3_537000_4142000_image.tif","Tree",1,537000,537999.999,4142000,4142999.999
"6489",6489,537212.506,537220.925,4142876.676,4142885.235,"Silva","NEON_D07_MLBS_DP1_537000_4142000_classified_point_cloud.laz","2018_MLBS_3_537000_4142000_image.tif","Tree",1,537000,537999.999,4142000,4142999.999
"6490",6490,537154.029,537162.499,4142875.096,4142883.99,"Silva","NEON_D07_MLBS_DP1_537000_4142000_classified_point_cloud.laz","2018_MLBS_3_537000_4142000_image.tif","Tree",1,537000,537999.999,4142000,4142999.999
"6491",6491,537203.54,537212.979,4142874.701,4142879.996,"Silva","NEON_D07_MLBS_DP1_537000_4142000_classified_point_cloud.laz","2018_MLBS_3_537000_4142000_image.tif","Tree",1,537000,537999.999,4142000,4142999.999
"6492",6492,537191.504,537203.481,4142873.006,4142881.915,"Silva","NEON_D07_MLBS_DP1_537000_4142000_classified_point_cloud.laz","2018_MLBS_3_537000_4142000_image.tif","Tree",1,537000,537999.999,4142000,4142999.999
"6493",6493,537213.508,537224.49,4142871.51,4142880.322,"Silva","NEON_D07_MLBS_DP1_537000_4142000_classified_point_cloud.laz","2018_MLBS_3_537000_4142000_image.tif","Tree",1,537000,537999.999,4142000,4142999.999
"6494",6494,537174.608,537182.265,4142874.063,4142881.497,"Silva","NEON_D07_MLBS_DP1_537000_4142000_classified_point_cloud.laz","2018_MLBS_3_537000_4142000_image.tif","Tree",1,537000,537999.999,4142000,4142999.999
"6495",6495,537211.503,537223.988,4142868.083,4142876.431,"Silva","NEON_D07_MLBS_DP1_537000_4142000_classified_point_cloud.laz","2018_MLBS_3_537000_4142000_image.tif","Tree",1,537000,537999.999,4142000,4142999.999
"6496",6496,537198.589,537205.496,4142869.002,4142875.975,"Silva","NEON_D07_MLBS_DP1_537000_4142000_classified_point_cloud.laz","2018_MLBS_3_537000_4142000_image.tif","Tree",1,537000,537999.999,4142000,4142999.999
"6497",6497,537267.514,537272.408,4142867.54,4142875.484,"Silva","NEON_D07_MLBS_DP1_537000_4142000_classified_point_cloud.laz","2018_MLBS_3_537000_4142000_image.tif","Tree",1,537000,537999.999,4142000,4142999.999
"6498",6498,537276.001,537281.958,4142867.502,4142876.468,"Silva","NEON_D07_MLBS_DP1_537000_4142000_classified_point_cloud.laz","2018_MLBS_3_537000_4142000_image.tif","Tree",1,537000,537999.999,4142000,4142999.999
"6499",6499,537267.518,537275.907,4142865.515,4142872.862,"Silva","NEON_D07_MLBS_DP1_537000_4142000_classified_point_cloud.laz","2018_MLBS_3_537000_4142000_image.tif","Tree",1,537000,537999.999,4142000,4142999.999
"6500",6500,537229.546,537239.472,4142866.581,4142873.993,"Silva","NEON_D07_MLBS_DP1_537000_4142000_classified_point_cloud.laz","2018_MLBS_3_537000_4142000_image.tif","Tree",1,537000,537999.999,4142000,4142999.999
"6501",6501,537253.021,537261.44,4142862.142,4142870.988,"Silva","NEON_D07_MLBS_DP1_537000_4142000_classified_point_cloud.laz","2018_MLBS_3_537000_4142000_image.tif","Tree",1,537000,537999.999,4142000,4142999.999
"6502",6502,537259.541,537267.937,4142863.503,4142870.922,"Silva","NEON_D07_MLBS_DP1_537000_4142000_classified_point_cloud.laz","2018_MLBS_3_537000_4142000_image.tif","Tree",1,537000,537999.999,4142000,4142999.999
"6503",6503,537285.564,537292.473,4142859.115,4142869.485,"Silva","NEON_D07_MLBS_DP1_537000_4142000_classified_point_cloud.laz","2018_MLBS_3_537000_4142000_image.tif","Tree",1,537000,537999.999,4142000,4142999.999
"6504",6504,537226.085,537236.932,4142861.285,4142870.363,"Silva","NEON_D07_MLBS_DP1_537000_4142000_classified_point_cloud.laz","2018_MLBS_3_537000_4142000_image.tif","Tree",1,537000,537999.999,4142000,4142999.999
"6505",6505,537245.666,537254.386,4142861.574,4142870.488,"Silva","NEON_D07_MLBS_DP1_537000_4142000_classified_point_cloud.laz","2018_MLBS_3_537000_4142000_image.tif","Tree",1,537000,537999.999,4142000,4142999.999
"6506",6506,537271.535,537277.488,4142856.678,4142863.187,"Silva","NEON_D07_MLBS_DP1_537000_4142000_classified_point_cloud.laz","2018_MLBS_3_537000_4142000_image.tif","Tree",1,537000,537999.999,4142000,4142999.999
"6507",6507,537264.502,537271.499,4142857.232,4142866.319,"Silva","NEON_D07_MLBS_DP1_537000_4142000_classified_point_cloud.laz","2018_MLBS_3_537000_4142000_image.tif","Tree",1,537000,537999.999,4142000,4142999.999
"6508",6508,537257.059,537264.999,4142856.003,4142863.491,"Silva","NEON_D07_MLBS_DP1_537000_4142000_classified_point_cloud.laz","2018_MLBS_3_537000_4142000_image.tif","Tree",1,537000,537999.999,4142000,4142999.999
"6509",6509,537282.049,537291.977,4142854.651,4142862.359,"Silva","NEON_D07_MLBS_DP1_537000_4142000_classified_point_cloud.laz","2018_MLBS_3_537000_4142000_image.tif","Tree",1,537000,537999.999,4142000,4142999.999
"6510",6510,537241.586,537248.98,4142856.143,4142861.982,"Silva","NEON_D07_MLBS_DP1_537000_4142000_classified_point_cloud.laz","2018_MLBS_3_537000_4142000_image.tif","Tree",1,537000,537999.999,4142000,4142999.999
"6511",6511,537249.012,537257.49,4142856.521,4142863.461,"Silva","NEON_D07_MLBS_DP1_537000_4142000_classified_point_cloud.laz","2018_MLBS_3_537000_4142000_image.tif","Tree",1,537000,537999.999,4142000,4142999.999
"6512",6512,537285.017,537292.478,4142848.005,4142857.991,"Silva","NEON_D07_MLBS_DP1_537000_4142000_classified_point_cloud.laz","2018_MLBS_3_537000_4142000_image.tif","Tree",1,537000,537999.999,4142000,4142999.999
"6513",6513,537248.571,537258.493,4142850.508,4142857.264,"Silva","NEON_D07_MLBS_DP1_537000_4142000_classified_point_cloud.laz","2018_MLBS_3_537000_4142000_image.tif","Tree",1,537000,537999.999,4142000,4142999.999
"6514",6514,537258.111,537268.38,4142849.62,4142857.824,"Silva","NEON_D07_MLBS_DP1_537000_4142000_classified_point_cloud.laz","2018_MLBS_3_537000_4142000_image.tif","Tree",1,537000,537999.999,4142000,4142999.999
"6515",6515,537233.541,537243.991,4142849.003,4142859.447,"Silva","NEON_D07_MLBS_DP1_537000_4142000_classified_point_cloud.laz","2018_MLBS_3_537000_4142000_image.tif","Tree",1,537000,537999.999,4142000,4142999.999
"6516",6516,537270.506,537278.912,4142848.598,4142855.198,"Silva","NEON_D07_MLBS_DP1_537000_4142000_classified_point_cloud.laz","2018_MLBS_3_537000_4142000_image.tif","Tree",1,537000,537999.999,4142000,4142999.999
"6517",6517,537260.502,537270.491,4142846.507,4142854.364,"Silva","NEON_D07_MLBS_DP1_537000_4142000_classified_point_cloud.laz","2018_MLBS_3_537000_4142000_image.tif","Tree",1,537000,537999.999,4142000,4142999.999
"6518",6518,537226.522,537236.458,4142850.007,4142858.953,"Silva","NEON_D07_MLBS_DP1_537000_4142000_classified_point_cloud.laz","2018_MLBS_3_537000_4142000_image.tif","Tree",1,537000,537999.999,4142000,4142999.999
"6519",6519,537221.015,537228.999,4142843.53,4142856.292,"Silva","NEON_D07_MLBS_DP1_537000_4142000_classified_point_cloud.laz","2018_MLBS_3_537000_4142000_image.tif","Tree",1,537000,537999.999,4142000,4142999.999
"6520",6520,537251.514,537259.984,4142843.521,4142850.77,"Silva","NEON_D07_MLBS_DP1_537000_4142000_classified_point_cloud.laz","2018_MLBS_3_537000_4142000_image.tif","Tree",1,537000,537999.999,4142000,4142999.999
"6521",6521,537243.001,537251.943,4142843.501,4142851.508,"Silva","NEON_D07_MLBS_DP1_537000_4142000_classified_point_cloud.laz","2018_MLBS_3_537000_4142000_image.tif","Tree",1,537000,537999.999,4142000,4142999.999
"6522",6522,537261.536,537271.995,4142840.756,4142848.999,"Silva","NEON_D07_MLBS_DP1_537000_4142000_classified_point_cloud.laz","2018_MLBS_3_537000_4142000_image.tif","Tree",1,537000,537999.999,4142000,4142999.999
"6523",6523,537226.512,537235.463,4142842.018,4142849.993,"Silva","NEON_D07_MLBS_DP1_537000_4142000_classified_point_cloud.laz","2018_MLBS_3_537000_4142000_image.tif","Tree",1,537000,537999.999,4142000,4142999.999
"6524",6524,537233.517,537243.499,4142840.046,4142850.5,"Silva","NEON_D07_MLBS_DP1_537000_4142000_classified_point_cloud.laz","2018_MLBS_3_537000_4142000_image.tif","Tree",1,537000,537999.999,4142000,4142999.999
"6525",6525,537228.009,537236.97,4142802.029,4142812.46,"Silva","NEON_D07_MLBS_DP1_537000_4142000_classified_point_cloud.laz","2018_MLBS_3_537000_4142000_image.tif","Tree",1,537000,537999.999,4142000,4142999.999
"6526",6526,537276.024,537284.453,4142806.015,4142813.483,"Silva","NEON_D07_MLBS_DP1_537000_4142000_classified_point_cloud.laz","2018_MLBS_3_537000_4142000_image.tif","Tree",1,537000,537999.999,4142000,4142999.999
"6527",6527,537249.006,537257.967,4142807.614,4142815.396,"Silva","NEON_D07_MLBS_DP1_537000_4142000_classified_point_cloud.laz","2018_MLBS_3_537000_4142000_image.tif","Tree",1,537000,537999.999,4142000,4142999.999
"6528",6528,537257.001,537265.995,4142807.175,4142817.483,"Silva","NEON_D07_MLBS_DP1_537000_4142000_classified_point_cloud.laz","2018_MLBS_3_537000_4142000_image.tif","Tree",1,537000,537999.999,4142000,4142999.999
"6529",6529,537268.506,537276.991,4142812.536,4142821.929,"Silva","NEON_D07_MLBS_DP1_537000_4142000_classified_point_cloud.laz","2018_MLBS_3_537000_4142000_image.tif","Tree",1,537000,537999.999,4142000,4142999.999
"6530",6530,537246.529,537250.988,4142814.504,4142822.995,"Silva","NEON_D07_MLBS_DP1_537000_4142000_classified_point_cloud.laz","2018_MLBS_3_537000_4142000_image.tif","Tree",1,537000,537999.999,4142000,4142999.999
"6531",6531,537262.536,537271.934,4142813.202,4142824.932,"Silva","NEON_D07_MLBS_DP1_537000_4142000_classified_point_cloud.laz","2018_MLBS_3_537000_4142000_image.tif","Tree",1,537000,537999.999,4142000,4142999.999
"6532",6532,537244.049,537247.998,4142816.125,4142824.942,"Silva","NEON_D07_MLBS_DP1_537000_4142000_classified_point_cloud.laz","2018_MLBS_3_537000_4142000_image.tif","Tree",1,537000,537999.999,4142000,4142999.999
"6533",6533,537272.318,537282.468,4142815.517,4142823.492,"Silva","NEON_D07_MLBS_DP1_537000_4142000_classified_point_cloud.laz","2018_MLBS_3_537000_4142000_image.tif","Tree",1,537000,537999.999,4142000,4142999.999
"6534",6534,537254.03,537263.995,4142820.009,4142826.889,"Silva","NEON_D07_MLBS_DP1_537000_4142000_classified_point_cloud.laz","2018_MLBS_3_537000_4142000_image.tif","Tree",1,537000,537999.999,4142000,4142999.999
"6535",6535,537228.112,537236.988,4142819.583,4142832.999,"Silva","NEON_D07_MLBS_DP1_537000_4142000_classified_point_cloud.laz","2018_MLBS_3_537000_4142000_image.tif","Tree",1,537000,537999.999,4142000,4142999.999
"6536",6536,537243.024,537253.925,4142823.004,4142831.957,"Silva","NEON_D07_MLBS_DP1_537000_4142000_classified_point_cloud.laz","2018_MLBS_3_537000_4142000_image.tif","Tree",1,537000,537999.999,4142000,4142999.999
"6537",6537,537267.512,537277.965,4142822.532,4142831.943,"Silva","NEON_D07_MLBS_DP1_537000_4142000_classified_point_cloud.laz","2018_MLBS_3_537000_4142000_image.tif","Tree",1,537000,537999.999,4142000,4142999.999
"6538",6538,537249.013,537257.954,4142825.503,4142835.478,"Silva","NEON_D07_MLBS_DP1_537000_4142000_classified_point_cloud.laz","2018_MLBS_3_537000_4142000_image.tif","Tree",1,537000,537999.999,4142000,4142999.999
"6539",6539,537252.618,537264.988,4142831.592,4142839.424,"Silva","NEON_D07_MLBS_DP1_537000_4142000_classified_point_cloud.laz","2018_MLBS_3_537000_4142000_image.tif","Tree",1,537000,537999.999,4142000,4142999.999
"6540",6540,537275.539,537285.449,4142831.004,4142843.925,"Silva","NEON_D07_MLBS_DP1_537000_4142000_classified_point_cloud.laz","2018_MLBS_3_537000_4142000_image.tif","Tree",1,537000,537999.999,4142000,4142999.999
"6541",6541,537227.557,537240.456,4142832.511,4142843.987,"Silva","NEON_D07_MLBS_DP1_537000_4142000_classified_point_cloud.laz","2018_MLBS_3_537000_4142000_image.tif","Tree",1,537000,537999.999,4142000,4142999.999
"6542",6542,537243.027,537251.987,4142835.001,4142844,"Silva","NEON_D07_MLBS_DP1_537000_4142000_classified_point_cloud.laz","2018_MLBS_3_537000_4142000_image.tif","Tree",1,537000,537999.999,4142000,4142999.999
"6543",6543,537251.504,537255.478,4142835.509,4142843.812,"Silva","NEON_D07_MLBS_DP1_537000_4142000_classified_point_cloud.laz","2018_MLBS_3_537000_4142000_image.tif","Tree",1,537000,537999.999,4142000,4142999.999
"6544",6544,537263.55,537272.933,4142834.031,4142842.311,"Silva","NEON_D07_MLBS_DP1_537000_4142000_classified_point_cloud.laz","2018_MLBS_3_537000_4142000_image.tif","Tree",1,537000,537999.999,4142000,4142999.999
"6545",6545,537255.013,537263.445,4142838.522,4142847.481,"Silva","NEON_D07_MLBS_DP1_537000_4142000_classified_point_cloud.laz","2018_MLBS_3_537000_4142000_image.tif","Tree",1,537000,537999.999,4142000,4142999.999
"6546",6546,537269.508,537277.913,4142837.514,4142844.986,"Silva","NEON_D07_MLBS_DP1_537000_4142000_classified_point_cloud.laz","2018_MLBS_3_537000_4142000_image.tif","Tree",1,537000,537999.999,4142000,4142999.999
"6547",6547,537328.18,537336.91,4142865.511,4142872.998,"Silva","NEON_D07_MLBS_DP1_537000_4142000_classified_point_cloud.laz","2018_MLBS_3_537000_4142000_image.tif","Tree",1,537000,537999.999,4142000,4142999.999
"6548",6548,537311.049,537322.995,4142867.028,4142876.982,"Silva","NEON_D07_MLBS_DP1_537000_4142000_classified_point_cloud.laz","2018_MLBS_3_537000_4142000_image.tif","Tree",1,537000,537999.999,4142000,4142999.999
"6549",6549,537324.513,537331.834,4142862.515,4142873.939,"Silva","NEON_D07_MLBS_DP1_537000_4142000_classified_point_cloud.laz","2018_MLBS_3_537000_4142000_image.tif","Tree",1,537000,537999.999,4142000,4142999.999
"6550",6550,537288.076,537297.496,4142866.567,4142873.487,"Silva","NEON_D07_MLBS_DP1_537000_4142000_classified_point_cloud.laz","2018_MLBS_3_537000_4142000_image.tif","Tree",1,537000,537999.999,4142000,4142999.999
"6551",6551,537320.021,537326.98,4142861.537,4142874.94,"Silva","NEON_D07_MLBS_DP1_537000_4142000_classified_point_cloud.laz","2018_MLBS_3_537000_4142000_image.tif","Tree",1,537000,537999.999,4142000,4142999.999
"6552",6552,537338.001,537344.43,4142859.125,4142869.498,"Silva","NEON_D07_MLBS_DP1_537000_4142000_classified_point_cloud.laz","2018_MLBS_3_537000_4142000_image.tif","Tree",1,537000,537999.999,4142000,4142999.999
"6553",6553,537331.005,537337.997,4142859.143,4142869.444,"Silva","NEON_D07_MLBS_DP1_537000_4142000_classified_point_cloud.laz","2018_MLBS_3_537000_4142000_image.tif","Tree",1,537000,537999.999,4142000,4142999.999
"6554",6554,537345.008,537351.981,4142859.14,4142868.021,"Silva","NEON_D07_MLBS_DP1_537000_4142000_classified_point_cloud.laz","2018_MLBS_3_537000_4142000_image.tif","Tree",1,537000,537999.999,4142000,4142999.999
"6555",6555,537292.041,537298.944,4142859.001,4142867.5,"Silva","NEON_D07_MLBS_DP1_537000_4142000_classified_point_cloud.laz","2018_MLBS_3_537000_4142000_image.tif","Tree",1,537000,537999.999,4142000,4142999.999
"6556",6556,537338.058,537345.981,4142857.557,4142868.292,"Silva","NEON_D07_MLBS_DP1_537000_4142000_classified_point_cloud.laz","2018_MLBS_3_537000_4142000_image.tif","Tree",1,537000,537999.999,4142000,4142999.999
"6557",6557,537350.001,537357.904,4142853.246,4142861.495,"Silva","NEON_D07_MLBS_DP1_537000_4142000_classified_point_cloud.laz","2018_MLBS_3_537000_4142000_image.tif","Tree",1,537000,537999.999,4142000,4142999.999
"6558",6558,537312.016,537321.446,4142854.061,4142860.924,"Silva","NEON_D07_MLBS_DP1_537000_4142000_classified_point_cloud.laz","2018_MLBS_3_537000_4142000_image.tif","Tree",1,537000,537999.999,4142000,4142999.999
"6559",6559,537325.02,537330.498,4142855.516,4142862.936,"Silva","NEON_D07_MLBS_DP1_537000_4142000_classified_point_cloud.laz","2018_MLBS_3_537000_4142000_image.tif","Tree",1,537000,537999.999,4142000,4142999.999
"6560",6560,537320.563,537326.995,4142851.576,4142861.491,"Silva","NEON_D07_MLBS_DP1_537000_4142000_classified_point_cloud.laz","2018_MLBS_3_537000_4142000_image.tif","Tree",1,537000,537999.999,4142000,4142999.999
"6561",6561,537337.605,537350.483,4142849.024,4142859.37,"Silva","NEON_D07_MLBS_DP1_537000_4142000_classified_point_cloud.laz","2018_MLBS_3_537000_4142000_image.tif","Tree",1,537000,537999.999,4142000,4142999.999
"6562",6562,537302.52,537311.959,4142850.502,4142860.923,"Silva","NEON_D07_MLBS_DP1_537000_4142000_classified_point_cloud.laz","2018_MLBS_3_537000_4142000_image.tif","Tree",1,537000,537999.999,4142000,4142999.999
"6563",6563,537292.107,537302.471,4142853.507,4142860.474,"Silva","NEON_D07_MLBS_DP1_537000_4142000_classified_point_cloud.laz","2018_MLBS_3_537000_4142000_image.tif","Tree",1,537000,537999.999,4142000,4142999.999
"6564",6564,537311.157,537320.486,4142850.009,4142856.994,"Silva","NEON_D07_MLBS_DP1_537000_4142000_classified_point_cloud.laz","2018_MLBS_3_537000_4142000_image.tif","Tree",1,537000,537999.999,4142000,4142999.999
"6565",6565,537296.053,537303.418,4142849.508,4142854.487,"Silva","NEON_D07_MLBS_DP1_537000_4142000_classified_point_cloud.laz","2018_MLBS_3_537000_4142000_image.tif","Tree",1,537000,537999.999,4142000,4142999.999
"6566",6566,537291.513,537295.989,4142848.168,4142856.33,"Silva","NEON_D07_MLBS_DP1_537000_4142000_classified_point_cloud.laz","2018_MLBS_3_537000_4142000_image.tif","Tree",1,537000,537999.999,4142000,4142999.999
"6567",6567,537308.021,537317.741,4142845.007,4142852.821,"Silva","NEON_D07_MLBS_DP1_537000_4142000_classified_point_cloud.laz","2018_MLBS_3_537000_4142000_image.tif","Tree",1,537000,537999.999,4142000,4142999.999
"6568",6568,537351.003,537358.471,4142846.569,4142853.497,"Silva","NEON_D07_MLBS_DP1_537000_4142000_classified_point_cloud.laz","2018_MLBS_3_537000_4142000_image.tif","Tree",1,537000,537999.999,4142000,4142999.999
"6569",6569,537284.536,537294.971,4142845.509,4142852.365,"Silva","NEON_D07_MLBS_DP1_537000_4142000_classified_point_cloud.laz","2018_MLBS_3_537000_4142000_image.tif","Tree",1,537000,537999.999,4142000,4142999.999
"6570",6570,537317.544,537327.482,4142843.023,4142853.448,"Silva","NEON_D07_MLBS_DP1_537000_4142000_classified_point_cloud.laz","2018_MLBS_3_537000_4142000_image.tif","Tree",1,537000,537999.999,4142000,4142999.999
"6571",6571,537294.561,537304.982,4142844.005,4142851.949,"Silva","NEON_D07_MLBS_DP1_537000_4142000_classified_point_cloud.laz","2018_MLBS_3_537000_4142000_image.tif","Tree",1,537000,537999.999,4142000,4142999.999
"6572",6572,537327.515,537338.943,4142841.501,4142851.491,"Silva","NEON_D07_MLBS_DP1_537000_4142000_classified_point_cloud.laz","2018_MLBS_3_537000_4142000_image.tif","Tree",1,537000,537999.999,4142000,4142999.999
"6573",6573,537352.148,537356.924,4142841.072,4142846.458,"Silva","NEON_D07_MLBS_DP1_537000_4142000_classified_point_cloud.laz","2018_MLBS_3_537000_4142000_image.tif","Tree",1,537000,537999.999,4142000,4142999.999
"6574",6574,537303.062,537312.429,4142840.001,4142850.494,"Silva","NEON_D07_MLBS_DP1_537000_4142000_classified_point_cloud.laz","2018_MLBS_3_537000_4142000_image.tif","Tree",1,537000,537999.999,4142000,4142999.999
"6575",6575,537346.726,537353.896,4142841.515,4142847,"Silva","NEON_D07_MLBS_DP1_537000_4142000_classified_point_cloud.laz","2018_MLBS_3_537000_4142000_image.tif","Tree",1,537000,537999.999,4142000,4142999.999
"6576",6576,537336.511,537346.99,4142835.102,4142848.988,"Silva","NEON_D07_MLBS_DP1_537000_4142000_classified_point_cloud.laz","2018_MLBS_3_537000_4142000_image.tif","Tree",1,537000,537999.999,4142000,4142999.999
"6577",6577,537312.018,537321.965,4142839.021,4142847.459,"Silva","NEON_D07_MLBS_DP1_537000_4142000_classified_point_cloud.laz","2018_MLBS_3_537000_4142000_image.tif","Tree",1,537000,537999.999,4142000,4142999.999
"6578",6578,537346.501,537356.482,4142837.628,4142841.965,"Silva","NEON_D07_MLBS_DP1_537000_4142000_classified_point_cloud.laz","2018_MLBS_3_537000_4142000_image.tif","Tree",1,537000,537999.999,4142000,4142999.999
"6579",6579,537289.535,537297.468,4142836.052,4142846.5,"Silva","NEON_D07_MLBS_DP1_537000_4142000_classified_point_cloud.laz","2018_MLBS_3_537000_4142000_image.tif","Tree",1,537000,537999.999,4142000,4142999.999
"6580",6580,537305.5,537313.994,4142806.527,4142814.996,"Silva","NEON_D07_MLBS_DP1_537000_4142000_classified_point_cloud.laz","2018_MLBS_3_537000_4142000_image.tif","Tree",1,537000,537999.999,4142000,4142999.999
"6581",6581,537321.007,537333.482,4142805.524,4142818.991,"Silva","NEON_D07_MLBS_DP1_537000_4142000_classified_point_cloud.laz","2018_MLBS_3_537000_4142000_image.tif","Tree",1,537000,537999.999,4142000,4142999.999
"6582",6582,537314.003,537320.989,4142806.062,4142814.499,"Silva","NEON_D07_MLBS_DP1_537000_4142000_classified_point_cloud.laz","2018_MLBS_3_537000_4142000_image.tif","Tree",1,537000,537999.999,4142000,4142999.999
"6583",6583,537350.642,537358.997,4142805.548,4142816.46,"Silva","NEON_D07_MLBS_DP1_537000_4142000_classified_point_cloud.laz","2018_MLBS_3_537000_4142000_image.tif","Tree",1,537000,537999.999,4142000,4142999.999
"6584",6584,537346.013,537357.781,4142808.52,4142816.984,"Silva","NEON_D07_MLBS_DP1_537000_4142000_classified_point_cloud.laz","2018_MLBS_3_537000_4142000_image.tif","Tree",1,537000,537999.999,4142000,4142999.999
"6585",6585,537294.791,537302.467,4142810.136,4142817.956,"Silva","NEON_D07_MLBS_DP1_537000_4142000_classified_point_cloud.laz","2018_MLBS_3_537000_4142000_image.tif","Tree",1,537000,537999.999,4142000,4142999.999
"6586",6586,537333.768,537345.998,4142809.509,4142818.916,"Silva","NEON_D07_MLBS_DP1_537000_4142000_classified_point_cloud.laz","2018_MLBS_3_537000_4142000_image.tif","Tree",1,537000,537999.999,4142000,4142999.999
"6587",6587,537312.575,537323.493,4142814.021,4142819.998,"Silva","NEON_D07_MLBS_DP1_537000_4142000_classified_point_cloud.laz","2018_MLBS_3_537000_4142000_image.tif","Tree",1,537000,537999.999,4142000,4142999.999
"6588",6588,537291.021,537297.991,4142814.054,4142822.492,"Silva","NEON_D07_MLBS_DP1_537000_4142000_classified_point_cloud.laz","2018_MLBS_3_537000_4142000_image.tif","Tree",1,537000,537999.999,4142000,4142999.999
"6589",6589,537298.002,537305.486,4142817.037,4142824.368,"Silva","NEON_D07_MLBS_DP1_537000_4142000_classified_point_cloud.laz","2018_MLBS_3_537000_4142000_image.tif","Tree",1,537000,537999.999,4142000,4142999.999
"6590",6590,537344.514,537351.398,4142812.055,4142820.298,"Silva","NEON_D07_MLBS_DP1_537000_4142000_classified_point_cloud.laz","2018_MLBS_3_537000_4142000_image.tif","Tree",1,537000,537999.999,4142000,4142999.999
"6591",6591,537313.094,537326.308,4142817.027,4142825.35,"Silva","NEON_D07_MLBS_DP1_537000_4142000_classified_point_cloud.laz","2018_MLBS_3_537000_4142000_image.tif","Tree",1,537000,537999.999,4142000,4142999.999
"6592",6592,537333.503,537344.999,4142813.031,4142823.213,"Silva","NEON_D07_MLBS_DP1_537000_4142000_classified_point_cloud.laz","2018_MLBS_3_537000_4142000_image.tif","Tree",1,537000,537999.999,4142000,4142999.999
"6593",6593,537345.668,537356.481,4142816.549,4142824.405,"Silva","NEON_D07_MLBS_DP1_537000_4142000_classified_point_cloud.laz","2018_MLBS_3_537000_4142000_image.tif","Tree",1,537000,537999.999,4142000,4142999.999
"6594",6594,537330.076,537341.957,4142813.511,4142824.981,"Silva","NEON_D07_MLBS_DP1_537000_4142000_classified_point_cloud.laz","2018_MLBS_3_537000_4142000_image.tif","Tree",1,537000,537999.999,4142000,4142999.999
"6595",6595,537289.169,537300.989,4142821.521,4142829.977,"Silva","NEON_D07_MLBS_DP1_537000_4142000_classified_point_cloud.laz","2018_MLBS_3_537000_4142000_image.tif","Tree",1,537000,537999.999,4142000,4142999.999
"6596",6596,537304.583,537312.492,4142820.501,4142830.5,"Silva","NEON_D07_MLBS_DP1_537000_4142000_classified_point_cloud.laz","2018_MLBS_3_537000_4142000_image.tif","Tree",1,537000,537999.999,4142000,4142999.999
"6597",6597,537312.008,537319.48,4142820.03,4142830.973,"Silva","NEON_D07_MLBS_DP1_537000_4142000_classified_point_cloud.laz","2018_MLBS_3_537000_4142000_image.tif","Tree",1,537000,537999.999,4142000,4142999.999
"6598",6598,537341.08,537351.46,4142820.774,4142828.338,"Silva","NEON_D07_MLBS_DP1_537000_4142000_classified_point_cloud.laz","2018_MLBS_3_537000_4142000_image.tif","Tree",1,537000,537999.999,4142000,4142999.999
"6599",6599,537325.543,537334.453,4142818.022,4142829.995,"Silva","NEON_D07_MLBS_DP1_537000_4142000_classified_point_cloud.laz","2018_MLBS_3_537000_4142000_image.tif","Tree",1,537000,537999.999,4142000,4142999.999
"6600",6600,537319.509,537327.999,4142820.65,4142830.096,"Silva","NEON_D07_MLBS_DP1_537000_4142000_classified_point_cloud.laz","2018_MLBS_3_537000_4142000_image.tif","Tree",1,537000,537999.999,4142000,4142999.999
"6601",6601,537298.014,537307.936,4142823.62,4142834.985,"Silva","NEON_D07_MLBS_DP1_537000_4142000_classified_point_cloud.laz","2018_MLBS_3_537000_4142000_image.tif","Tree",1,537000,537999.999,4142000,4142999.999
"6602",6602,537289.501,537297.999,4142825.504,4142835.993,"Silva","NEON_D07_MLBS_DP1_537000_4142000_classified_point_cloud.laz","2018_MLBS_3_537000_4142000_image.tif","Tree",1,537000,537999.999,4142000,4142999.999
"6603",6603,537333.575,537341.496,4142825.017,4142832.486,"Silva","NEON_D07_MLBS_DP1_537000_4142000_classified_point_cloud.laz","2018_MLBS_3_537000_4142000_image.tif","Tree",1,537000,537999.999,4142000,4142999.999
"6604",6604,537341.043,537349.994,4142826.059,4142835.983,"Silva","NEON_D07_MLBS_DP1_537000_4142000_classified_point_cloud.laz","2018_MLBS_3_537000_4142000_image.tif","Tree",1,537000,537999.999,4142000,4142999.999
"6605",6605,537317.076,537326.474,4142826.507,4142833.493,"Silva","NEON_D07_MLBS_DP1_537000_4142000_classified_point_cloud.laz","2018_MLBS_3_537000_4142000_image.tif","Tree",1,537000,537999.999,4142000,4142999.999
"6606",6606,537350.026,537358.998,4142825.762,4142831.845,"Silva","NEON_D07_MLBS_DP1_537000_4142000_classified_point_cloud.laz","2018_MLBS_3_537000_4142000_image.tif","Tree",1,537000,537999.999,4142000,4142999.999
"6607",6607,537331.513,537341.486,4142828.009,4142837,"Silva","NEON_D07_MLBS_DP1_537000_4142000_classified_point_cloud.laz","2018_MLBS_3_537000_4142000_image.tif","Tree",1,537000,537999.999,4142000,4142999.999
"6608",6608,537325.503,537332.44,4142829.611,4142835.99,"Silva","NEON_D07_MLBS_DP1_537000_4142000_classified_point_cloud.laz","2018_MLBS_3_537000_4142000_image.tif","Tree",1,537000,537999.999,4142000,4142999.999
"6609",6609,537350.005,537358.755,4142830.023,4142837.408,"Silva","NEON_D07_MLBS_DP1_537000_4142000_classified_point_cloud.laz","2018_MLBS_3_537000_4142000_image.tif","Tree",1,537000,537999.999,4142000,4142999.999
"6610",6610,537301.274,537309.938,4142830.514,4142840.471,"Silva","NEON_D07_MLBS_DP1_537000_4142000_classified_point_cloud.laz","2018_MLBS_3_537000_4142000_image.tif","Tree",1,537000,537999.999,4142000,4142999.999
"6611",6611,537309.115,537317.953,4142830.019,4142840.953,"Silva","NEON_D07_MLBS_DP1_537000_4142000_classified_point_cloud.laz","2018_MLBS_3_537000_4142000_image.tif","Tree",1,537000,537999.999,4142000,4142999.999
"6612",6612,537320.08,537326.982,4142832.529,4142838.986,"Silva","NEON_D07_MLBS_DP1_537000_4142000_classified_point_cloud.laz","2018_MLBS_3_537000_4142000_image.tif","Tree",1,537000,537999.999,4142000,4142999.999
"6613",6613,537345.511,537357.36,4142831.139,4142838.464,"Silva","NEON_D07_MLBS_DP1_537000_4142000_classified_point_cloud.laz","2018_MLBS_3_537000_4142000_image.tif","Tree",1,537000,537999.999,4142000,4142999.999
"6614",6614,537330.501,537337.96,4142834.01,4142841.475,"Silva","NEON_D07_MLBS_DP1_537000_4142000_classified_point_cloud.laz","2018_MLBS_3_537000_4142000_image.tif","Tree",1,537000,537999.999,4142000,4142999.999
"6615",6615,537325.556,537330.475,4142835.513,4142840.471,"Silva","NEON_D07_MLBS_DP1_537000_4142000_classified_point_cloud.laz","2018_MLBS_3_537000_4142000_image.tif","Tree",1,537000,537999.999,4142000,4142999.999
"6616",6616,537315.042,537323.976,4142833.029,4142842.7,"Silva","NEON_D07_MLBS_DP1_537000_4142000_classified_point_cloud.laz","2018_MLBS_3_537000_4142000_image.tif","Tree",1,537000,537999.999,4142000,4142999.999
"6617",6617,537228.104,537234.465,4142934.008,4142939.816,"Silva","NEON_D07_MLBS_DP1_537000_4142000_classified_point_cloud.laz","2018_MLBS_3_537000_4142000_image.tif","Tree",1,537000,537999.999,4142000,4142999.999
"6618",6618,537227,537234.997,4142926.521,4142934.979,"Silva","NEON_D07_MLBS_DP1_537000_4142000_classified_point_cloud.laz","2018_MLBS_3_537000_4142000_image.tif","Tree",1,537000,537999.999,4142000,4142999.999
"6619",6619,537243.504,537250.996,4142928.507,4142933.481,"Silva","NEON_D07_MLBS_DP1_537000_4142000_classified_point_cloud.laz","2018_MLBS_3_537000_4142000_image.tif","Tree",1,537000,537999.999,4142000,4142999.999
"6620",6620,537274.032,537282.494,4142927.503,4142935.859,"Silva","NEON_D07_MLBS_DP1_537000_4142000_classified_point_cloud.laz","2018_MLBS_3_537000_4142000_image.tif","Tree",1,537000,537999.999,4142000,4142999.999
"6621",6621,537266.501,537274.463,4142926.025,4142932.496,"Silva","NEON_D07_MLBS_DP1_537000_4142000_classified_point_cloud.laz","2018_MLBS_3_537000_4142000_image.tif","Tree",1,537000,537999.999,4142000,4142999.999
"6622",6622,537234.169,537243.995,4142926.537,4142933.72,"Silva","NEON_D07_MLBS_DP1_537000_4142000_classified_point_cloud.laz","2018_MLBS_3_537000_4142000_image.tif","Tree",1,537000,537999.999,4142000,4142999.999
"6623",6623,537243.505,537251.499,4142923.024,4142929.459,"Silva","NEON_D07_MLBS_DP1_537000_4142000_classified_point_cloud.laz","2018_MLBS_3_537000_4142000_image.tif","Tree",1,537000,537999.999,4142000,4142999.999
"6624",6624,537232.009,537240.986,4142921.676,4142928.472,"Silva","NEON_D07_MLBS_DP1_537000_4142000_classified_point_cloud.laz","2018_MLBS_3_537000_4142000_image.tif","Tree",1,537000,537999.999,4142000,4142999.999
"6625",6625,537271.517,537279.998,4142922.511,4142925.955,"Silva","NEON_D07_MLBS_DP1_537000_4142000_classified_point_cloud.laz","2018_MLBS_3_537000_4142000_image.tif","Tree",1,537000,537999.999,4142000,4142999.999
"6626",6626,537224.512,537233.451,4142917.134,4142926.499,"Silva","NEON_D07_MLBS_DP1_537000_4142000_classified_point_cloud.laz","2018_MLBS_3_537000_4142000_image.tif","Tree",1,537000,537999.999,4142000,4142999.999
"6627",6627,537273.521,537283.972,4142911.034,4142920.894,"Silva","NEON_D07_MLBS_DP1_537000_4142000_classified_point_cloud.laz","2018_MLBS_3_537000_4142000_image.tif","Tree",1,537000,537999.999,4142000,4142999.999
"6628",6628,537227.003,537236.982,4142909.504,4142918.837,"Silva","NEON_D07_MLBS_DP1_537000_4142000_classified_point_cloud.laz","2018_MLBS_3_537000_4142000_image.tif","Tree",1,537000,537999.999,4142000,4142999.999
"6629",6629,537251.502,537258.992,4142910.512,4142919.493,"Silva","NEON_D07_MLBS_DP1_537000_4142000_classified_point_cloud.laz","2018_MLBS_3_537000_4142000_image.tif","Tree",1,537000,537999.999,4142000,4142999.999
"6630",6630,537244.519,537251.487,4142911.509,4142919.496,"Silva","NEON_D07_MLBS_DP1_537000_4142000_classified_point_cloud.laz","2018_MLBS_3_537000_4142000_image.tif","Tree",1,537000,537999.999,4142000,4142999.999
"6631",6631,537275.512,537285.489,4142902.003,4142911.49,"Silva","NEON_D07_MLBS_DP1_537000_4142000_classified_point_cloud.laz","2018_MLBS_3_537000_4142000_image.tif","Tree",1,537000,537999.999,4142000,4142999.999
"6632",6632,537260.03,537271.997,4142890.003,4142901.497,"Silva","NEON_D07_MLBS_DP1_537000_4142000_classified_point_cloud.laz","2018_MLBS_3_537000_4142000_image.tif","Tree",1,537000,537999.999,4142000,4142999.999
"6633",6633,537251.028,537259.913,4142891.055,4142901.495,"Silva","NEON_D07_MLBS_DP1_537000_4142000_classified_point_cloud.laz","2018_MLBS_3_537000_4142000_image.tif","Tree",1,537000,537999.999,4142000,4142999.999
"6634",6634,537282.5,537289.993,4142890.685,4142898.991,"Silva","NEON_D07_MLBS_DP1_537000_4142000_classified_point_cloud.laz","2018_MLBS_3_537000_4142000_image.tif","Tree",1,537000,537999.999,4142000,4142999.999
"6635",6635,537269.038,537279.988,4142888.6,4142897.994,"Silva","NEON_D07_MLBS_DP1_537000_4142000_classified_point_cloud.laz","2018_MLBS_3_537000_4142000_image.tif","Tree",1,537000,537999.999,4142000,4142999.999
"6636",6636,537279.509,537287.957,4142886.231,4142894.978,"Silva","NEON_D07_MLBS_DP1_537000_4142000_classified_point_cloud.laz","2018_MLBS_3_537000_4142000_image.tif","Tree",1,537000,537999.999,4142000,4142999.999
"6637",6637,537273.15,537280.984,4142884.07,4142889.408,"Silva","NEON_D07_MLBS_DP1_537000_4142000_classified_point_cloud.laz","2018_MLBS_3_537000_4142000_image.tif","Tree",1,537000,537999.999,4142000,4142999.999
"6638",6638,537265.521,537273.497,4142882.256,4142891.925,"Silva","NEON_D07_MLBS_DP1_537000_4142000_classified_point_cloud.laz","2018_MLBS_3_537000_4142000_image.tif","Tree",1,537000,537999.999,4142000,4142999.999
"6639",6639,537281.009,537289.999,4142877.531,4142888.8,"Silva","NEON_D07_MLBS_DP1_537000_4142000_classified_point_cloud.laz","2018_MLBS_3_537000_4142000_image.tif","Tree",1,537000,537999.999,4142000,4142999.999
"6640",6640,537271.561,537278.992,4142879.507,4142884.904,"Silva","NEON_D07_MLBS_DP1_537000_4142000_classified_point_cloud.laz","2018_MLBS_3_537000_4142000_image.tif","Tree",1,537000,537999.999,4142000,4142999.999
"6641",6641,537275.01,537284.186,4142876.508,4142884.449,"Silva","NEON_D07_MLBS_DP1_537000_4142000_classified_point_cloud.laz","2018_MLBS_3_537000_4142000_image.tif","Tree",1,537000,537999.999,4142000,4142999.999
"6642",6642,537255.024,537264.96,4142876.063,4142883.459,"Silva","NEON_D07_MLBS_DP1_537000_4142000_classified_point_cloud.laz","2018_MLBS_3_537000_4142000_image.tif","Tree",1,537000,537999.999,4142000,4142999.999
"6643",6643,537264.574,537271.488,4142875.516,4142881.999,"Silva","NEON_D07_MLBS_DP1_537000_4142000_classified_point_cloud.laz","2018_MLBS_3_537000_4142000_image.tif","Tree",1,537000,537999.999,4142000,4142999.999
"6644",6644,537235.043,537241.999,4142877.172,4142883.496,"Silva","NEON_D07_MLBS_DP1_537000_4142000_classified_point_cloud.laz","2018_MLBS_3_537000_4142000_image.tif","Tree",1,537000,537999.999,4142000,4142999.999
"6645",6645,537224.073,537233.494,4142876.546,4142882.403,"Silva","NEON_D07_MLBS_DP1_537000_4142000_classified_point_cloud.laz","2018_MLBS_3_537000_4142000_image.tif","Tree",1,537000,537999.999,4142000,4142999.999
"6646",6646,537233.039,537239.497,4142873.013,4142882.854,"Silva","NEON_D07_MLBS_DP1_537000_4142000_classified_point_cloud.laz","2018_MLBS_3_537000_4142000_image.tif","Tree",1,537000,537999.999,4142000,4142999.999
"6647",6647,537239.52,537247.409,4142875.006,4142879.481,"Silva","NEON_D07_MLBS_DP1_537000_4142000_classified_point_cloud.laz","2018_MLBS_3_537000_4142000_image.tif","Tree",1,537000,537999.999,4142000,4142999.999
"6648",6648,537238.031,537247.484,4142868.021,4142875,"Silva","NEON_D07_MLBS_DP1_537000_4142000_classified_point_cloud.laz","2018_MLBS_3_537000_4142000_image.tif","Tree",1,537000,537999.999,4142000,4142999.999
"6649",6649,537261.578,537268.487,4142868.119,4142877.49,"Silva","NEON_D07_MLBS_DP1_537000_4142000_classified_point_cloud.laz","2018_MLBS_3_537000_4142000_image.tif","Tree",1,537000,537999.999,4142000,4142999.999
"6650",6650,537311.506,537317.996,4142933.535,4142941.665,"Silva","NEON_D07_MLBS_DP1_537000_4142000_classified_point_cloud.laz","2018_MLBS_3_537000_4142000_image.tif","Tree",1,537000,537999.999,4142000,4142999.999
"6651",6651,537339.519,537346.473,4142934.002,4142942.485,"Silva","NEON_D07_MLBS_DP1_537000_4142000_classified_point_cloud.laz","2018_MLBS_3_537000_4142000_image.tif","Tree",1,537000,537999.999,4142000,4142999.999
"6652",6652,537335.011,537342.484,4142931.537,4142939.651,"Silva","NEON_D07_MLBS_DP1_537000_4142000_classified_point_cloud.laz","2018_MLBS_3_537000_4142000_image.tif","Tree",1,537000,537999.999,4142000,4142999.999
"6653",6653,537350.532,537360.979,4142929.514,4142937.933,"Silva","NEON_D07_MLBS_DP1_537000_4142000_classified_point_cloud.laz","2018_MLBS_3_537000_4142000_image.tif","Tree",1,537000,537999.999,4142000,4142999.999
"6654",6654,537308.005,537317.46,4142929.018,4142935.999,"Silva","NEON_D07_MLBS_DP1_537000_4142000_classified_point_cloud.laz","2018_MLBS_3_537000_4142000_image.tif","Tree",1,537000,537999.999,4142000,4142999.999
"6655",6655,537332.507,537339.49,4142927.519,4142935.494,"Silva","NEON_D07_MLBS_DP1_537000_4142000_classified_point_cloud.laz","2018_MLBS_3_537000_4142000_image.tif","Tree",1,537000,537999.999,4142000,4142999.999
"6656",6656,537294.013,537302.987,4142926.012,4142933.5,"Silva","NEON_D07_MLBS_DP1_537000_4142000_classified_point_cloud.laz","2018_MLBS_3_537000_4142000_image.tif","Tree",1,537000,537999.999,4142000,4142999.999
"6657",6657,537347.015,537353.489,4142925.039,4142932.478,"Silva","NEON_D07_MLBS_DP1_537000_4142000_classified_point_cloud.laz","2018_MLBS_3_537000_4142000_image.tif","Tree",1,537000,537999.999,4142000,4142999.999
"6658",6658,537287.501,537293.998,4142924.094,4142934.493,"Silva","NEON_D07_MLBS_DP1_537000_4142000_classified_point_cloud.laz","2018_MLBS_3_537000_4142000_image.tif","Tree",1,537000,537999.999,4142000,4142999.999
"6659",6659,537309.554,537317.995,4142919.012,4142928.972,"Silva","NEON_D07_MLBS_DP1_537000_4142000_classified_point_cloud.laz","2018_MLBS_3_537000_4142000_image.tif","Tree",1,537000,537999.999,4142000,4142999.999
"6660",6660,537340.01,537348.996,4142914.503,4142926.987,"Silva","NEON_D07_MLBS_DP1_537000_4142000_classified_point_cloud.laz","2018_MLBS_3_537000_4142000_image.tif","Tree",1,537000,537999.999,4142000,4142999.999
"6661",6661,537295.12,537301.469,4142918.002,4142925.995,"Silva","NEON_D07_MLBS_DP1_537000_4142000_classified_point_cloud.laz","2018_MLBS_3_537000_4142000_image.tif","Tree",1,537000,537999.999,4142000,4142999.999
"6662",6662,537325.552,537341.994,4142913.002,4142923.978,"Silva","NEON_D07_MLBS_DP1_537000_4142000_classified_point_cloud.laz","2018_MLBS_3_537000_4142000_image.tif","Tree",1,537000,537999.999,4142000,4142999.999
"6663",6663,537297.536,537305.986,4142915.017,4142921.458,"Silva","NEON_D07_MLBS_DP1_537000_4142000_classified_point_cloud.laz","2018_MLBS_3_537000_4142000_image.tif","Tree",1,537000,537999.999,4142000,4142999.999
"6664",6664,537315.085,537325.929,4142912.511,4142921.97,"Silva","NEON_D07_MLBS_DP1_537000_4142000_classified_point_cloud.laz","2018_MLBS_3_537000_4142000_image.tif","Tree",1,537000,537999.999,4142000,4142999.999
"6665",6665,537299.015,537305.496,4142906.143,4142916.379,"Silva","NEON_D07_MLBS_DP1_537000_4142000_classified_point_cloud.laz","2018_MLBS_3_537000_4142000_image.tif","Tree",1,537000,537999.999,4142000,4142999.999
"6666",6666,537328.004,537338.847,4142910.002,4142916.983,"Silva","NEON_D07_MLBS_DP1_537000_4142000_classified_point_cloud.laz","2018_MLBS_3_537000_4142000_image.tif","Tree",1,537000,537999.999,4142000,4142999.999
"6667",6667,537320.053,537326.998,4142905.01,4142914.445,"Silva","NEON_D07_MLBS_DP1_537000_4142000_classified_point_cloud.laz","2018_MLBS_3_537000_4142000_image.tif","Tree",1,537000,537999.999,4142000,4142999.999
"6668",6668,537306.05,537315.994,4142900.071,4142910.921,"Silva","NEON_D07_MLBS_DP1_537000_4142000_classified_point_cloud.laz","2018_MLBS_3_537000_4142000_image.tif","Tree",1,537000,537999.999,4142000,4142999.999
"6669",6669,537315.501,537325.953,4142904.501,4142909.969,"Silva","NEON_D07_MLBS_DP1_537000_4142000_classified_point_cloud.laz","2018_MLBS_3_537000_4142000_image.tif","Tree",1,537000,537999.999,4142000,4142999.999
"6670",6670,537341.004,537352.466,4142900.001,4142914.463,"Silva","NEON_D07_MLBS_DP1_537000_4142000_classified_point_cloud.laz","2018_MLBS_3_537000_4142000_image.tif","Tree",1,537000,537999.999,4142000,4142999.999
"6671",6671,537288.002,537301.908,4142901.036,4142910.361,"Silva","NEON_D07_MLBS_DP1_537000_4142000_classified_point_cloud.laz","2018_MLBS_3_537000_4142000_image.tif","Tree",1,537000,537999.999,4142000,4142999.999
"6672",6672,537321.513,537330.995,4142891.011,4142903.475,"Silva","NEON_D07_MLBS_DP1_537000_4142000_classified_point_cloud.laz","2018_MLBS_3_537000_4142000_image.tif","Tree",1,537000,537999.999,4142000,4142999.999
"6673",6673,537305,537316.985,4142886.696,4142899.389,"Silva","NEON_D07_MLBS_DP1_537000_4142000_classified_point_cloud.laz","2018_MLBS_3_537000_4142000_image.tif","Tree",1,537000,537999.999,4142000,4142999.999
"6674",6674,537352.047,537359.915,4142885.502,4142893.973,"Silva","NEON_D07_MLBS_DP1_537000_4142000_classified_point_cloud.laz","2018_MLBS_3_537000_4142000_image.tif","Tree",1,537000,537999.999,4142000,4142999.999
"6675",6675,537316.064,537327.621,4142885.028,4142893,"Silva","NEON_D07_MLBS_DP1_537000_4142000_classified_point_cloud.laz","2018_MLBS_3_537000_4142000_image.tif","Tree",1,537000,537999.999,4142000,4142999.999
"6676",6676,537298.554,537306.999,4142881.182,4142889.985,"Silva","NEON_D07_MLBS_DP1_537000_4142000_classified_point_cloud.laz","2018_MLBS_3_537000_4142000_image.tif","Tree",1,537000,537999.999,4142000,4142999.999
"6677",6677,537322.596,537331.334,4142877.039,4142888.826,"Silva","NEON_D07_MLBS_DP1_537000_4142000_classified_point_cloud.laz","2018_MLBS_3_537000_4142000_image.tif","Tree",1,537000,537999.999,4142000,4142999.999
"6678",6678,537349.532,537359.976,4142878.985,4142886.981,"Silva","NEON_D07_MLBS_DP1_537000_4142000_classified_point_cloud.laz","2018_MLBS_3_537000_4142000_image.tif","Tree",1,537000,537999.999,4142000,4142999.999
"6679",6679,537317.52,537323.975,4142875.503,4142885.493,"Silva","NEON_D07_MLBS_DP1_537000_4142000_classified_point_cloud.laz","2018_MLBS_3_537000_4142000_image.tif","Tree",1,537000,537999.999,4142000,4142999.999
"6680",6680,537289.516,537298.499,4142880.502,4142886.496,"Silva","NEON_D07_MLBS_DP1_537000_4142000_classified_point_cloud.laz","2018_MLBS_3_537000_4142000_image.tif","Tree",1,537000,537999.999,4142000,4142999.999
"6681",6681,537310.51,537317.969,4142876.752,4142888.659,"Silva","NEON_D07_MLBS_DP1_537000_4142000_classified_point_cloud.laz","2018_MLBS_3_537000_4142000_image.tif","Tree",1,537000,537999.999,4142000,4142999.999
"6682",6682,537303.547,537310.492,4142878.708,4142887.491,"Silva","NEON_D07_MLBS_DP1_537000_4142000_classified_point_cloud.laz","2018_MLBS_3_537000_4142000_image.tif","Tree",1,537000,537999.999,4142000,4142999.999
"6683",6683,537341.506,537353.97,4142876.007,4142885.481,"Silva","NEON_D07_MLBS_DP1_537000_4142000_classified_point_cloud.laz","2018_MLBS_3_537000_4142000_image.tif","Tree",1,537000,537999.999,4142000,4142999.999
"6684",6684,537296.501,537303.749,4142876.078,4142882.857,"Silva","NEON_D07_MLBS_DP1_537000_4142000_classified_point_cloud.laz","2018_MLBS_3_537000_4142000_image.tif","Tree",1,537000,537999.999,4142000,4142999.999
"6685",6685,537323.209,537336.988,4142873.002,4142883.457,"Silva","NEON_D07_MLBS_DP1_537000_4142000_classified_point_cloud.laz","2018_MLBS_3_537000_4142000_image.tif","Tree",1,537000,537999.999,4142000,4142999.999
"6686",6686,537287.056,537297.47,4142873.001,4142880.498,"Silva","NEON_D07_MLBS_DP1_537000_4142000_classified_point_cloud.laz","2018_MLBS_3_537000_4142000_image.tif","Tree",1,537000,537999.999,4142000,4142999.999
"6687",6687,537299.525,537305.97,4142873.004,4142879.479,"Silva","NEON_D07_MLBS_DP1_537000_4142000_classified_point_cloud.laz","2018_MLBS_3_537000_4142000_image.tif","Tree",1,537000,537999.999,4142000,4142999.999
"6688",6688,537350.014,537358.442,4142868.53,4142877.446,"Silva","NEON_D07_MLBS_DP1_537000_4142000_classified_point_cloud.laz","2018_MLBS_3_537000_4142000_image.tif","Tree",1,537000,537999.999,4142000,4142999.999
"6689",6689,537296.025,537305.818,4142868.551,4142875.696,"Silva","NEON_D07_MLBS_DP1_537000_4142000_classified_point_cloud.laz","2018_MLBS_3_537000_4142000_image.tif","Tree",1,537000,537999.999,4142000,4142999.999
"6690",6690,537000.01,537004.492,4142992.065,4142999.978,"Silva","NEON_D07_MLBS_DP1_537000_4142000_classified_point_cloud.laz","2018_MLBS_3_537000_4142000_image.tif","Tree",1,537000,537999.999,4142000,4142999.999
"6691",6691,537008.508,537016.941,4142985.767,4142995.499,"Silva","NEON_D07_MLBS_DP1_537000_4142000_classified_point_cloud.laz","2018_MLBS_3_537000_4142000_image.tif","Tree",1,537000,537999.999,4142000,4142999.999
"6692",6692,537013.006,537024.992,4142981.532,4142989.495,"Silva","NEON_D07_MLBS_DP1_537000_4142000_classified_point_cloud.laz","2018_MLBS_3_537000_4142000_image.tif","Tree",1,537000,537999.999,4142000,4142999.999
"6693",6693,537022.511,537030.394,4142953.045,4142961.991,"Silva","NEON_D07_MLBS_DP1_537000_4142000_classified_point_cloud.laz","2018_MLBS_3_537000_4142000_image.tif","Tree",1,537000,537999.999,4142000,4142999.999
"6694",6694,537016.007,537022.982,4142952.009,4142959.907,"Silva","NEON_D07_MLBS_DP1_537000_4142000_classified_point_cloud.laz","2018_MLBS_3_537000_4142000_image.tif","Tree",1,537000,537999.999,4142000,4142999.999
"6695",6695,537004.121,537010.936,4142952.53,4142960.933,"Silva","NEON_D07_MLBS_DP1_537000_4142000_classified_point_cloud.laz","2018_MLBS_3_537000_4142000_image.tif","Tree",1,537000,537999.999,4142000,4142999.999
"6696",6696,537009.046,537017.984,4142949.552,4142957.495,"Silva","NEON_D07_MLBS_DP1_537000_4142000_classified_point_cloud.laz","2018_MLBS_3_537000_4142000_image.tif","Tree",1,537000,537999.999,4142000,4142999.999
"6697",6697,537000.004,537008.998,4142945.504,4142955.975,"Silva","NEON_D07_MLBS_DP1_537000_4142000_classified_point_cloud.laz","2018_MLBS_3_537000_4142000_image.tif","Tree",1,537000,537999.999,4142000,4142999.999
"6698",6698,537000,537010.499,4142935.009,4142945.334,"Silva","NEON_D07_MLBS_DP1_537000_4142000_classified_point_cloud.laz","2018_MLBS_3_537000_4142000_image.tif","Tree",1,537000,537999.999,4142000,4142999.999
"6699",6699,537010.549,537020.994,4142935.001,4142942.496,"Silva","NEON_D07_MLBS_DP1_537000_4142000_classified_point_cloud.laz","2018_MLBS_3_537000_4142000_image.tif","Tree",1,537000,537999.999,4142000,4142999.999
"6700",6700,537009.071,537016.478,4142938.031,4142943.998,"Silva","NEON_D07_MLBS_DP1_537000_4142000_classified_point_cloud.laz","2018_MLBS_3_537000_4142000_image.tif","Tree",1,537000,537999.999,4142000,4142999.999
"6701",6701,537020.011,537030.987,4142938.008,4142946.957,"Silva","NEON_D07_MLBS_DP1_537000_4142000_classified_point_cloud.laz","2018_MLBS_3_537000_4142000_image.tif","Tree",1,537000,537999.999,4142000,4142999.999
"6702",6702,537012.719,537019.456,4142942.51,4142949.895,"Silva","NEON_D07_MLBS_DP1_537000_4142000_classified_point_cloud.laz","2018_MLBS_3_537000_4142000_image.tif","Tree",1,537000,537999.999,4142000,4142999.999
"6703",6703,537004.012,537013.943,4142941.506,4142950.409,"Silva","NEON_D07_MLBS_DP1_537000_4142000_classified_point_cloud.laz","2018_MLBS_3_537000_4142000_image.tif","Tree",1,537000,537999.999,4142000,4142999.999
"6704",6704,537017.057,537026.979,4142942.029,4142952.49,"Silva","NEON_D07_MLBS_DP1_537000_4142000_classified_point_cloud.laz","2018_MLBS_3_537000_4142000_image.tif","Tree",1,537000,537999.999,4142000,4142999.999
"6705",6705,537020.642,537026.713,4142958.568,4142962.447,"Silva","NEON_D07_MLBS_DP1_537000_4142000_classified_point_cloud.laz","2018_MLBS_3_537000_4142000_image.tif","Tree",1,537000,537999.999,4142000,4142999.999
"6706",6706,537016.035,537020.963,4142958.578,4142964.771,"Silva","NEON_D07_MLBS_DP1_537000_4142000_classified_point_cloud.laz","2018_MLBS_3_537000_4142000_image.tif","Tree",1,537000,537999.999,4142000,4142999.999
"6707",6707,537011.744,537018.978,4142962.041,4142966.999,"Silva","NEON_D07_MLBS_DP1_537000_4142000_classified_point_cloud.laz","2018_MLBS_3_537000_4142000_image.tif","Tree",1,537000,537999.999,4142000,4142999.999
"6708",6708,537004.006,537011.467,4142962.618,4142974.452,"Silva","NEON_D07_MLBS_DP1_537000_4142000_classified_point_cloud.laz","2018_MLBS_3_537000_4142000_image.tif","Tree",1,537000,537999.999,4142000,4142999.999
"6709",6709,537011.503,537016.977,4142965.614,4142971.957,"Silva","NEON_D07_MLBS_DP1_537000_4142000_classified_point_cloud.laz","2018_MLBS_3_537000_4142000_image.tif","Tree",1,537000,537999.999,4142000,4142999.999
"6710",6710,537004.574,537015.496,4142968.027,4142974.999,"Silva","NEON_D07_MLBS_DP1_537000_4142000_classified_point_cloud.laz","2018_MLBS_3_537000_4142000_image.tif","Tree",1,537000,537999.999,4142000,4142999.999
"6711",6711,537021.751,537028.471,4142971.509,4142979.231,"Silva","NEON_D07_MLBS_DP1_537000_4142000_classified_point_cloud.laz","2018_MLBS_3_537000_4142000_image.tif","Tree",1,537000,537999.999,4142000,4142999.999
"6712",6712,537006.032,537016.988,4142974.52,4142983.973,"Silva","NEON_D07_MLBS_DP1_537000_4142000_classified_point_cloud.laz","2018_MLBS_3_537000_4142000_image.tif","Tree",1,537000,537999.999,4142000,4142999.999
"6713",6713,537000.007,537013.386,4142974.534,4142987.871,"Silva","NEON_D07_MLBS_DP1_537000_4142000_classified_point_cloud.laz","2018_MLBS_3_537000_4142000_image.tif","Tree",1,537000,537999.999,4142000,4142999.999
"6714",6714,537076.506,537082.697,4142953.023,4142961.996,"Silva","NEON_D07_MLBS_DP1_537000_4142000_classified_point_cloud.laz","2018_MLBS_3_537000_4142000_image.tif","Tree",1,537000,537999.999,4142000,4142999.999
"6715",6715,537035.51,537044.499,4142953.518,4142963.971,"Silva","NEON_D07_MLBS_DP1_537000_4142000_classified_point_cloud.laz","2018_MLBS_3_537000_4142000_image.tif","Tree",1,537000,537999.999,4142000,4142999.999
"6716",6716,537049.615,537059.464,4142952.05,4142960.932,"Silva","NEON_D07_MLBS_DP1_537000_4142000_classified_point_cloud.laz","2018_MLBS_3_537000_4142000_image.tif","Tree",1,537000,537999.999,4142000,4142999.999
"6717",6717,537079.521,537088.499,4142953.501,4142963.411,"Silva","NEON_D07_MLBS_DP1_537000_4142000_classified_point_cloud.laz","2018_MLBS_3_537000_4142000_image.tif","Tree",1,537000,537999.999,4142000,4142999.999
"6718",6718,537058.01,537064.975,4142951.248,4142959.955,"Silva","NEON_D07_MLBS_DP1_537000_4142000_classified_point_cloud.laz","2018_MLBS_3_537000_4142000_image.tif","Tree",1,537000,537999.999,4142000,4142999.999
"6719",6719,537041.797,537050.978,4142950.022,4142962.456,"Silva","NEON_D07_MLBS_DP1_537000_4142000_classified_point_cloud.laz","2018_MLBS_3_537000_4142000_image.tif","Tree",1,537000,537999.999,4142000,4142999.999
"6720",6720,537068.728,537076.931,4142948.536,4142956.494,"Silva","NEON_D07_MLBS_DP1_537000_4142000_classified_point_cloud.laz","2018_MLBS_3_537000_4142000_image.tif","Tree",1,537000,537999.999,4142000,4142999.999
"6721",6721,537023.078,537033.777,4142946.783,4142957.979,"Silva","NEON_D07_MLBS_DP1_537000_4142000_classified_point_cloud.laz","2018_MLBS_3_537000_4142000_image.tif","Tree",1,537000,537999.999,4142000,4142999.999
"6722",6722,537079.117,537085.482,4142948.524,4142953.492,"Silva","NEON_D07_MLBS_DP1_537000_4142000_classified_point_cloud.laz","2018_MLBS_3_537000_4142000_image.tif","Tree",1,537000,537999.999,4142000,4142999.999
"6723",6723,537084.503,537092.238,4142948.004,4142955.15,"Silva","NEON_D07_MLBS_DP1_537000_4142000_classified_point_cloud.laz","2018_MLBS_3_537000_4142000_image.tif","Tree",1,537000,537999.999,4142000,4142999.999
"6724",6724,537039.002,537044.481,4142947.57,4142953.827,"Silva","NEON_D07_MLBS_DP1_537000_4142000_classified_point_cloud.laz","2018_MLBS_3_537000_4142000_image.tif","Tree",1,537000,537999.999,4142000,4142999.999
"6725",6725,537056.094,537062.985,4142945.52,4142953.198,"Silva","NEON_D07_MLBS_DP1_537000_4142000_classified_point_cloud.laz","2018_MLBS_3_537000_4142000_image.tif","Tree",1,537000,537999.999,4142000,4142999.999
"6726",6726,537035.026,537039.468,4142944.211,4142953.916,"Silva","NEON_D07_MLBS_DP1_537000_4142000_classified_point_cloud.laz","2018_MLBS_3_537000_4142000_image.tif","Tree",1,537000,537999.999,4142000,4142999.999
"6727",6727,537074.027,537081.457,4142946.631,4142952.958,"Silva","NEON_D07_MLBS_DP1_537000_4142000_classified_point_cloud.laz","2018_MLBS_3_537000_4142000_image.tif","Tree",1,537000,537999.999,4142000,4142999.999
"6728",6728,537029.054,537037.879,4142933.196,4142942.884,"Silva","NEON_D07_MLBS_DP1_537000_4142000_classified_point_cloud.laz","2018_MLBS_3_537000_4142000_image.tif","Tree",1,537000,537999.999,4142000,4142999.999
"6729",6729,537060.512,537066.479,4142936.508,4142941.476,"Silva","NEON_D07_MLBS_DP1_537000_4142000_classified_point_cloud.laz","2018_MLBS_3_537000_4142000_image.tif","Tree",1,537000,537999.999,4142000,4142999.999
"6730",6730,537046.01,537054.989,4142936.016,4142944,"Silva","NEON_D07_MLBS_DP1_537000_4142000_classified_point_cloud.laz","2018_MLBS_3_537000_4142000_image.tif","Tree",1,537000,537999.999,4142000,4142999.999
"6731",6731,537079.004,537083.991,4142937.557,4142943.47,"Silva","NEON_D07_MLBS_DP1_537000_4142000_classified_point_cloud.laz","2018_MLBS_3_537000_4142000_image.tif","Tree",1,537000,537999.999,4142000,4142999.999
"6732",6732,537066.008,537072.484,4142936.073,4142943.998,"Silva","NEON_D07_MLBS_DP1_537000_4142000_classified_point_cloud.laz","2018_MLBS_3_537000_4142000_image.tif","Tree",1,537000,537999.999,4142000,4142999.999
"6733",6733,537076.042,537079.954,4142937.267,4142942.998,"Silva","NEON_D07_MLBS_DP1_537000_4142000_classified_point_cloud.laz","2018_MLBS_3_537000_4142000_image.tif","Tree",1,537000,537999.999,4142000,4142999.999
"6734",6734,537071.504,537076.963,4142940.005,4142947.453,"Silva","NEON_D07_MLBS_DP1_537000_4142000_classified_point_cloud.laz","2018_MLBS_3_537000_4142000_image.tif","Tree",1,537000,537999.999,4142000,4142999.999
"6735",6735,537080.163,537084.963,4142942.575,4142948.451,"Silva","NEON_D07_MLBS_DP1_537000_4142000_classified_point_cloud.laz","2018_MLBS_3_537000_4142000_image.tif","Tree",1,537000,537999.999,4142000,4142999.999
"6736",6736,537065.502,537073.974,4142943.554,4142950.402,"Silva","NEON_D07_MLBS_DP1_537000_4142000_classified_point_cloud.laz","2018_MLBS_3_537000_4142000_image.tif","Tree",1,537000,537999.999,4142000,4142999.999
"6737",6737,537038.569,537046.973,4142942.681,4142950.825,"Silva","NEON_D07_MLBS_DP1_537000_4142000_classified_point_cloud.laz","2018_MLBS_3_537000_4142000_image.tif","Tree",1,537000,537999.999,4142000,4142999.999
"6738",6738,537029.117,537037.988,4142942.001,4142953.498,"Silva","NEON_D07_MLBS_DP1_537000_4142000_classified_point_cloud.laz","2018_MLBS_3_537000_4142000_image.tif","Tree",1,537000,537999.999,4142000,4142999.999
"6739",6739,537030.502,537040.447,4142954.56,4142964.486,"Silva","NEON_D07_MLBS_DP1_537000_4142000_classified_point_cloud.laz","2018_MLBS_3_537000_4142000_image.tif","Tree",1,537000,537999.999,4142000,4142999.999
"6740",6740,537054.615,537063.315,4142958.65,4142967.981,"Silva","NEON_D07_MLBS_DP1_537000_4142000_classified_point_cloud.laz","2018_MLBS_3_537000_4142000_image.tif","Tree",1,537000,537999.999,4142000,4142999.999
"6741",6741,537028.006,537039.493,4142959.045,4142969.976,"Silva","NEON_D07_MLBS_DP1_537000_4142000_classified_point_cloud.laz","2018_MLBS_3_537000_4142000_image.tif","Tree",1,537000,537999.999,4142000,4142999.999
"6742",6742,537047.036,537058.932,4142960.504,4142968.995,"Silva","NEON_D07_MLBS_DP1_537000_4142000_classified_point_cloud.laz","2018_MLBS_3_537000_4142000_image.tif","Tree",1,537000,537999.999,4142000,4142999.999
"6743",6743,537060.174,537067.983,4142960.532,4142971.915,"Silva","NEON_D07_MLBS_DP1_537000_4142000_classified_point_cloud.laz","2018_MLBS_3_537000_4142000_image.tif","Tree",1,537000,537999.999,4142000,4142999.999
"6744",6744,537039.015,537049.482,4142962.03,4142972.496,"Silva","NEON_D07_MLBS_DP1_537000_4142000_classified_point_cloud.laz","2018_MLBS_3_537000_4142000_image.tif","Tree",1,537000,537999.999,4142000,4142999.999
"6745",6745,537054.551,537062.497,4142968.009,4142974.957,"Silva","NEON_D07_MLBS_DP1_537000_4142000_classified_point_cloud.laz","2018_MLBS_3_537000_4142000_image.tif","Tree",1,537000,537999.999,4142000,4142999.999
"6746",6746,537048.506,537054.977,4142968.526,4142976.49,"Silva","NEON_D07_MLBS_DP1_537000_4142000_classified_point_cloud.laz","2018_MLBS_3_537000_4142000_image.tif","Tree",1,537000,537999.999,4142000,4142999.999
"6747",6747,537039.503,537047.411,4142971.215,4142978.495,"Silva","NEON_D07_MLBS_DP1_537000_4142000_classified_point_cloud.laz","2018_MLBS_3_537000_4142000_image.tif","Tree",1,537000,537999.999,4142000,4142999.999
"6748",6748,537054.012,537061.998,4142973.615,4142980.431,"Silva","NEON_D07_MLBS_DP1_537000_4142000_classified_point_cloud.laz","2018_MLBS_3_537000_4142000_image.tif","Tree",1,537000,537999.999,4142000,4142999.999
"6749",6749,537087.007,537091.492,4142996.506,4142999.98,"Silva","NEON_D07_MLBS_DP1_537000_4142000_classified_point_cloud.laz","2018_MLBS_3_537000_4142000_image.tif","Tree",1,537000,537999.999,4142000,4142999.999
"6750",6750,537075.17,537082.815,4142997.507,4142999.995,"Silva","NEON_D07_MLBS_DP1_537000_4142000_classified_point_cloud.laz","2018_MLBS_3_537000_4142000_image.tif","Tree",1,537000,537999.999,4142000,4142999.999
"6751",6751,537064.593,537074.928,4142995.023,4142999.994,"Silva","NEON_D07_MLBS_DP1_537000_4142000_classified_point_cloud.laz","2018_MLBS_3_537000_4142000_image.tif","Tree",1,537000,537999.999,4142000,4142999.999
"6752",6752,537082.004,537087.479,4142993.639,4142999.989,"Silva","NEON_D07_MLBS_DP1_537000_4142000_classified_point_cloud.laz","2018_MLBS_3_537000_4142000_image.tif","Tree",1,537000,537999.999,4142000,4142999.999
"6753",6753,537014.528,537021.857,4142994.121,4142999.999,"Silva","NEON_D07_MLBS_DP1_537000_4142000_classified_point_cloud.laz","2018_MLBS_3_537000_4142000_image.tif","Tree",1,537000,537999.999,4142000,4142999.999
"6754",6754,537054.013,537060.493,4142993.108,4142999.981,"Silva","NEON_D07_MLBS_DP1_537000_4142000_classified_point_cloud.laz","2018_MLBS_3_537000_4142000_image.tif","Tree",1,537000,537999.999,4142000,4142999.999
"6755",6755,537041.043,537048.982,4142992.502,4142999.999,"Silva","NEON_D07_MLBS_DP1_537000_4142000_classified_point_cloud.laz","2018_MLBS_3_537000_4142000_image.tif","Tree",1,537000,537999.999,4142000,4142999.999
"6756",6756,537076.713,537083.962,4142993.003,4142997.669,"Silva","NEON_D07_MLBS_DP1_537000_4142000_classified_point_cloud.laz","2018_MLBS_3_537000_4142000_image.tif","Tree",1,537000,537999.999,4142000,4142999.999
"6757",6757,537032.502,537041.433,4142990.021,4142999.976,"Silva","NEON_D07_MLBS_DP1_537000_4142000_classified_point_cloud.laz","2018_MLBS_3_537000_4142000_image.tif","Tree",1,537000,537999.999,4142000,4142999.999
"6758",6758,537059.564,537067.438,4142989.559,4142999.955,"Silva","NEON_D07_MLBS_DP1_537000_4142000_classified_point_cloud.laz","2018_MLBS_3_537000_4142000_image.tif","Tree",1,537000,537999.999,4142000,4142999.999
"6759",6759,537084.1,537093.894,4142990.062,4142996.852,"Silva","NEON_D07_MLBS_DP1_537000_4142000_classified_point_cloud.laz","2018_MLBS_3_537000_4142000_image.tif","Tree",1,537000,537999.999,4142000,4142999.999
"6760",6760,537049.026,537056.97,4142987.001,4142994.498,"Silva","NEON_D07_MLBS_DP1_537000_4142000_classified_point_cloud.laz","2018_MLBS_3_537000_4142000_image.tif","Tree",1,537000,537999.999,4142000,4142999.999
"6761",6761,537075.016,537083.454,4142985.082,4142993.822,"Silva","NEON_D07_MLBS_DP1_537000_4142000_classified_point_cloud.laz","2018_MLBS_3_537000_4142000_image.tif","Tree",1,537000,537999.999,4142000,4142999.999
"6762",6762,537065.738,537074.995,4142985.263,4142995.431,"Silva","NEON_D07_MLBS_DP1_537000_4142000_classified_point_cloud.laz","2018_MLBS_3_537000_4142000_image.tif","Tree",1,537000,537999.999,4142000,4142999.999
"6763",6763,537021.043,537028.496,4142985.077,4142993.416,"Silva","NEON_D07_MLBS_DP1_537000_4142000_classified_point_cloud.laz","2018_MLBS_3_537000_4142000_image.tif","Tree",1,537000,537999.999,4142000,4142999.999
"6764",6764,537055.534,537063.307,4142987.002,4142994.432,"Silva","NEON_D07_MLBS_DP1_537000_4142000_classified_point_cloud.laz","2018_MLBS_3_537000_4142000_image.tif","Tree",1,537000,537999.999,4142000,4142999.999
"6765",6765,537015.005,537020.968,4142988.121,4142994.473,"Silva","NEON_D07_MLBS_DP1_537000_4142000_classified_point_cloud.laz","2018_MLBS_3_537000_4142000_image.tif","Tree",1,537000,537999.999,4142000,4142999.999
"6766",6766,537033.644,537042.989,4142983.651,4142993.494,"Silva","NEON_D07_MLBS_DP1_537000_4142000_classified_point_cloud.laz","2018_MLBS_3_537000_4142000_image.tif","Tree",1,537000,537999.999,4142000,4142999.999
"6767",6767,537087.007,537093.974,4142984.094,4142990.438,"Silva","NEON_D07_MLBS_DP1_537000_4142000_classified_point_cloud.laz","2018_MLBS_3_537000_4142000_image.tif","Tree",1,537000,537999.999,4142000,4142999.999
"6768",6768,537058.523,537066.499,4142982.148,4142989.487,"Silva","NEON_D07_MLBS_DP1_537000_4142000_classified_point_cloud.laz","2018_MLBS_3_537000_4142000_image.tif","Tree",1,537000,537999.999,4142000,4142999.999
"6769",6769,537080.17,537089.485,4142979.335,4142986.903,"Silva","NEON_D07_MLBS_DP1_537000_4142000_classified_point_cloud.laz","2018_MLBS_3_537000_4142000_image.tif","Tree",1,537000,537999.999,4142000,4142999.999
"6770",6770,537047.524,537055.489,4142979.025,4142988.46,"Silva","NEON_D07_MLBS_DP1_537000_4142000_classified_point_cloud.laz","2018_MLBS_3_537000_4142000_image.tif","Tree",1,537000,537999.999,4142000,4142999.999
"6771",6771,537025.013,537033.454,4142979.636,4142989.855,"Silva","NEON_D07_MLBS_DP1_537000_4142000_classified_point_cloud.laz","2018_MLBS_3_537000_4142000_image.tif","Tree",1,537000,537999.999,4142000,4142999.999
"6772",6772,537032.518,537040.851,4142976.105,4142982.949,"Silva","NEON_D07_MLBS_DP1_537000_4142000_classified_point_cloud.laz","2018_MLBS_3_537000_4142000_image.tif","Tree",1,537000,537999.999,4142000,4142999.999
"6773",6773,537059.507,537066.966,4142972.587,4142981.743,"Silva","NEON_D07_MLBS_DP1_537000_4142000_classified_point_cloud.laz","2018_MLBS_3_537000_4142000_image.tif","Tree",1,537000,537999.999,4142000,4142999.999
"6774",6774,537066.516,537074.978,4142971.506,4142983.376,"Silva","NEON_D07_MLBS_DP1_537000_4142000_classified_point_cloud.laz","2018_MLBS_3_537000_4142000_image.tif","Tree",1,537000,537999.999,4142000,4142999.999
"6775",6775,537045.632,537053.983,4142972.019,4142979.983,"Silva","NEON_D07_MLBS_DP1_537000_4142000_classified_point_cloud.laz","2018_MLBS_3_537000_4142000_image.tif","Tree",1,537000,537999.999,4142000,4142999.999
"6776",6776,537028.051,537034.978,4142970.095,4142979.479,"Silva","NEON_D07_MLBS_DP1_537000_4142000_classified_point_cloud.laz","2018_MLBS_3_537000_4142000_image.tif","Tree",1,537000,537999.999,4142000,4142999.999
"6777",6777,537075.068,537086.436,4142969.918,4142980.97,"Silva","NEON_D07_MLBS_DP1_537000_4142000_classified_point_cloud.laz","2018_MLBS_3_537000_4142000_image.tif","Tree",1,537000,537999.999,4142000,4142999.999
"6778",6778,537073.508,537086.395,4142963.59,4142972.424,"Silva","NEON_D07_MLBS_DP1_537000_4142000_classified_point_cloud.laz","2018_MLBS_3_537000_4142000_image.tif","Tree",1,537000,537999.999,4142000,4142999.999
"6779",6779,537085.217,537099.489,4142960.724,4142970.846,"Silva","NEON_D07_MLBS_DP1_537000_4142000_classified_point_cloud.laz","2018_MLBS_3_537000_4142000_image.tif","Tree",1,537000,537999.999,4142000,4142999.999
"6780",6780,537067.634,537076.11,4142958.513,4142966.962,"Silva","NEON_D07_MLBS_DP1_537000_4142000_classified_point_cloud.laz","2018_MLBS_3_537000_4142000_image.tif","Tree",1,537000,537999.999,4142000,4142999.999
"6781",6781,537063.532,537070.855,4142952.512,4142960.998,"Silva","NEON_D07_MLBS_DP1_537000_4142000_classified_point_cloud.laz","2018_MLBS_3_537000_4142000_image.tif","Tree",1,537000,537999.999,4142000,4142999.999
"6782",6782,537104.584,537116.856,4142943.506,4142950.998,"Silva","NEON_D07_MLBS_DP1_537000_4142000_classified_point_cloud.laz","2018_MLBS_3_537000_4142000_image.tif","Tree",1,537000,537999.999,4142000,4142999.999
"6783",6783,537091.615,537098.893,4142941.515,4142950.492,"Silva","NEON_D07_MLBS_DP1_537000_4142000_classified_point_cloud.laz","2018_MLBS_3_537000_4142000_image.tif","Tree",1,537000,537999.999,4142000,4142999.999
"6784",6784,537219.067,537225.392,4142938.641,4142946.985,"Silva","NEON_D07_MLBS_DP1_537000_4142000_classified_point_cloud.laz","2018_MLBS_3_537000_4142000_image.tif","Tree",1,537000,537999.999,4142000,4142999.999
"6785",6785,537093.603,537103.97,4142939.008,4142946.97,"Silva","NEON_D07_MLBS_DP1_537000_4142000_classified_point_cloud.laz","2018_MLBS_3_537000_4142000_image.tif","Tree",1,537000,537999.999,4142000,4142999.999
"6786",6786,537132.501,537142.451,4142937.518,4142947.488,"Silva","NEON_D07_MLBS_DP1_537000_4142000_classified_point_cloud.laz","2018_MLBS_3_537000_4142000_image.tif","Tree",1,537000,537999.999,4142000,4142999.999
"6787",6787,537148,537159.996,4142936.539,4142946.878,"Silva","NEON_D07_MLBS_DP1_537000_4142000_classified_point_cloud.laz","2018_MLBS_3_537000_4142000_image.tif","Tree",1,537000,537999.999,4142000,4142999.999
"6788",6788,537198.536,537203.969,4142934.078,4142942.91,"Silva","NEON_D07_MLBS_DP1_537000_4142000_classified_point_cloud.laz","2018_MLBS_3_537000_4142000_image.tif","Tree",1,537000,537999.999,4142000,4142999.999
"6789",6789,537202.64,537206.971,4142935.005,4142943.492,"Silva","NEON_D07_MLBS_DP1_537000_4142000_classified_point_cloud.laz","2018_MLBS_3_537000_4142000_image.tif","Tree",1,537000,537999.999,4142000,4142999.999
"6790",6790,537139.784,537150.991,4142933.119,4142944.989,"Silva","NEON_D07_MLBS_DP1_537000_4142000_classified_point_cloud.laz","2018_MLBS_3_537000_4142000_image.tif","Tree",1,537000,537999.999,4142000,4142999.999
"6791",6791,537125.047,537134.437,4142934.003,4142940.987,"Silva","NEON_D07_MLBS_DP1_537000_4142000_classified_point_cloud.laz","2018_MLBS_3_537000_4142000_image.tif","Tree",1,537000,537999.999,4142000,4142999.999
"6792",6792,537204.013,537212.489,4142943.205,4142950.993,"Silva","NEON_D07_MLBS_DP1_537000_4142000_classified_point_cloud.laz","2018_MLBS_3_537000_4142000_image.tif","Tree",1,537000,537999.999,4142000,4142999.999
"6793",6793,537141.594,537151.985,4142944.03,4142955.655,"Silva","NEON_D07_MLBS_DP1_537000_4142000_classified_point_cloud.laz","2018_MLBS_3_537000_4142000_image.tif","Tree",1,537000,537999.999,4142000,4142999.999
"6794",6794,537151.014,537159.94,4142945.033,4142956.966,"Silva","NEON_D07_MLBS_DP1_537000_4142000_classified_point_cloud.laz","2018_MLBS_3_537000_4142000_image.tif","Tree",1,537000,537999.999,4142000,4142999.999
"6795",6795,537157.019,537164.486,4142945.031,4142959.994,"Silva","NEON_D07_MLBS_DP1_537000_4142000_classified_point_cloud.laz","2018_MLBS_3_537000_4142000_image.tif","Tree",1,537000,537999.999,4142000,4142999.999
"6796",6796,537351.5,537356.449,4142989.601,4142999.366,"Silva","NEON_D07_MLBS_DP1_537000_4142000_classified_point_cloud.laz","2018_MLBS_3_537000_4142000_image.tif","Tree",1,537000,537999.999,4142000,4142999.999
"6797",6797,537345.691,537351.498,4142992.515,4142999.495,"Silva","NEON_D07_MLBS_DP1_537000_4142000_classified_point_cloud.laz","2018_MLBS_3_537000_4142000_image.tif","Tree",1,537000,537999.999,4142000,4142999.999
"6798",6798,537324.523,537333.468,4142985.626,4142993.464,"Silva","NEON_D07_MLBS_DP1_537000_4142000_classified_point_cloud.laz","2018_MLBS_3_537000_4142000_image.tif","Tree",1,537000,537999.999,4142000,4142999.999
"6799",6799,537343.577,537355.924,4142982.632,4142989.485,"Silva","NEON_D07_MLBS_DP1_537000_4142000_classified_point_cloud.laz","2018_MLBS_3_537000_4142000_image.tif","Tree",1,537000,537999.999,4142000,4142999.999
"6800",6800,537322.126,537328.997,4142981.507,4142987.487,"Silva","NEON_D07_MLBS_DP1_537000_4142000_classified_point_cloud.laz","2018_MLBS_3_537000_4142000_image.tif","Tree",1,537000,537999.999,4142000,4142999.999
"6801",6801,537336.013,537345.938,4142974.501,4142985.492,"Silva","NEON_D07_MLBS_DP1_537000_4142000_classified_point_cloud.laz","2018_MLBS_3_537000_4142000_image.tif","Tree",1,537000,537999.999,4142000,4142999.999
"6802",6802,537343.595,537354.944,4142974.134,4142982.981,"Silva","NEON_D07_MLBS_DP1_537000_4142000_classified_point_cloud.laz","2018_MLBS_3_537000_4142000_image.tif","Tree",1,537000,537999.999,4142000,4142999.999
"6803",6803,537320.182,537329.487,4142971.796,4142981.908,"Silva","NEON_D07_MLBS_DP1_537000_4142000_classified_point_cloud.laz","2018_MLBS_3_537000_4142000_image.tif","Tree",1,537000,537999.999,4142000,4142999.999
"6804",6804,537325.168,537332.595,4142972.002,4142979.498,"Silva","NEON_D07_MLBS_DP1_537000_4142000_classified_point_cloud.laz","2018_MLBS_3_537000_4142000_image.tif","Tree",1,537000,537999.999,4142000,4142999.999
"6805",6805,537333.504,537340.296,4142970.535,4142979.992,"Silva","NEON_D07_MLBS_DP1_537000_4142000_classified_point_cloud.laz","2018_MLBS_3_537000_4142000_image.tif","Tree",1,537000,537999.999,4142000,4142999.999
"6806",6806,537315.124,537323.326,4142968.163,4142976.469,"Silva","NEON_D07_MLBS_DP1_537000_4142000_classified_point_cloud.laz","2018_MLBS_3_537000_4142000_image.tif","Tree",1,537000,537999.999,4142000,4142999.999
"6807",6807,537335.024,537342.987,4142967.021,4142974.998,"Silva","NEON_D07_MLBS_DP1_537000_4142000_classified_point_cloud.laz","2018_MLBS_3_537000_4142000_image.tif","Tree",1,537000,537999.999,4142000,4142999.999
"6808",6808,537342.508,537351.498,4142964.527,4142974.498,"Silva","NEON_D07_MLBS_DP1_537000_4142000_classified_point_cloud.laz","2018_MLBS_3_537000_4142000_image.tif","Tree",1,537000,537999.999,4142000,4142999.999
"6809",6809,537325.017,537334.486,4142965.013,4142971.999,"Silva","NEON_D07_MLBS_DP1_537000_4142000_classified_point_cloud.laz","2018_MLBS_3_537000_4142000_image.tif","Tree",1,537000,537999.999,4142000,4142999.999
"6810",6810,537333.008,537339.991,4142963.653,4142970.427,"Silva","NEON_D07_MLBS_DP1_537000_4142000_classified_point_cloud.laz","2018_MLBS_3_537000_4142000_image.tif","Tree",1,537000,537999.999,4142000,4142999.999
"6811",6811,537251.052,537256.859,4142941.054,4142951.92,"Silva","NEON_D07_MLBS_DP1_537000_4142000_classified_point_cloud.laz","2018_MLBS_3_537000_4142000_image.tif","Tree",1,537000,537999.999,4142000,4142999.999
"6812",6812,537339.518,537349.473,4142941.001,4142947.463,"Silva","NEON_D07_MLBS_DP1_537000_4142000_classified_point_cloud.laz","2018_MLBS_3_537000_4142000_image.tif","Tree",1,537000,537999.999,4142000,4142999.999
"6813",6813,537254.522,537262.404,4142941.509,4142953.862,"Silva","NEON_D07_MLBS_DP1_537000_4142000_classified_point_cloud.laz","2018_MLBS_3_537000_4142000_image.tif","Tree",1,537000,537999.999,4142000,4142999.999
"6814",6814,537297.219,537305.989,4142942.52,4142948.455,"Silva","NEON_D07_MLBS_DP1_537000_4142000_classified_point_cloud.laz","2018_MLBS_3_537000_4142000_image.tif","Tree",1,537000,537999.999,4142000,4142999.999
"6815",6815,537293.544,537299.978,4142938.634,4142946.98,"Silva","NEON_D07_MLBS_DP1_537000_4142000_classified_point_cloud.laz","2018_MLBS_3_537000_4142000_image.tif","Tree",1,537000,537999.999,4142000,4142999.999
"6816",6816,537300.019,537306.965,4142939.014,4142944.494,"Silva","NEON_D07_MLBS_DP1_537000_4142000_classified_point_cloud.laz","2018_MLBS_3_537000_4142000_image.tif","Tree",1,537000,537999.999,4142000,4142999.999
"6817",6817,537307.012,537315.968,4142939.044,4142943.998,"Silva","NEON_D07_MLBS_DP1_537000_4142000_classified_point_cloud.laz","2018_MLBS_3_537000_4142000_image.tif","Tree",1,537000,537999.999,4142000,4142999.999
"6818",6818,537330.512,537340.457,4142935.106,4142950.337,"Silva","NEON_D07_MLBS_DP1_537000_4142000_classified_point_cloud.laz","2018_MLBS_3_537000_4142000_image.tif","Tree",1,537000,537999.999,4142000,4142999.999
"6819",6819,537316.023,537325.935,4142937.569,4142949.994,"Silva","NEON_D07_MLBS_DP1_537000_4142000_classified_point_cloud.laz","2018_MLBS_3_537000_4142000_image.tif","Tree",1,537000,537999.999,4142000,4142999.999
"6820",6820,537325.007,537332.338,4142933.178,4142948.946,"Silva","NEON_D07_MLBS_DP1_537000_4142000_classified_point_cloud.laz","2018_MLBS_3_537000_4142000_image.tif","Tree",1,537000,537999.999,4142000,4142999.999
"6821",6821,537245.553,537254.486,4142936.047,4142941.983,"Silva","NEON_D07_MLBS_DP1_537000_4142000_classified_point_cloud.laz","2018_MLBS_3_537000_4142000_image.tif","Tree",1,537000,537999.999,4142000,4142999.999
"6822",6822,537349.045,537359.458,4142943.064,4142950.847,"Silva","NEON_D07_MLBS_DP1_537000_4142000_classified_point_cloud.laz","2018_MLBS_3_537000_4142000_image.tif","Tree",1,537000,537999.999,4142000,4142999.999
"6823",6823,537346.063,537350.392,4142946.019,4142949.486,"Silva","NEON_D07_MLBS_DP1_537000_4142000_classified_point_cloud.laz","2018_MLBS_3_537000_4142000_image.tif","Tree",1,537000,537999.999,4142000,4142999.999
"6824",6824,537307.036,537318.931,4142948.506,4142955.479,"Silva","NEON_D07_MLBS_DP1_537000_4142000_classified_point_cloud.laz","2018_MLBS_3_537000_4142000_image.tif","Tree",1,537000,537999.999,4142000,4142999.999
"6825",6825,537302.52,537310.375,4142950.226,4142957.477,"Silva","NEON_D07_MLBS_DP1_537000_4142000_classified_point_cloud.laz","2018_MLBS_3_537000_4142000_image.tif","Tree",1,537000,537999.999,4142000,4142999.999
"6826",6826,537350.067,537359.961,4142948.501,4142957.417,"Silva","NEON_D07_MLBS_DP1_537000_4142000_classified_point_cloud.laz","2018_MLBS_3_537000_4142000_image.tif","Tree",1,537000,537999.999,4142000,4142999.999
"6827",6827,537320.5,537332.499,4142949.049,4142962.438,"Silva","NEON_D07_MLBS_DP1_537000_4142000_classified_point_cloud.laz","2018_MLBS_3_537000_4142000_image.tif","Tree",1,537000,537999.999,4142000,4142999.999
"6828",6828,537312.569,537320.999,4142950.132,4142963.949,"Silva","NEON_D07_MLBS_DP1_537000_4142000_classified_point_cloud.laz","2018_MLBS_3_537000_4142000_image.tif","Tree",1,537000,537999.999,4142000,4142999.999
"6829",6829,537341.589,537350.464,4142956.028,4142964.926,"Silva","NEON_D07_MLBS_DP1_537000_4142000_classified_point_cloud.laz","2018_MLBS_3_537000_4142000_image.tif","Tree",1,537000,537999.999,4142000,4142999.999
"6830",6830,537123.509,537127.99,4142959.515,4142964.979,"Silva","NEON_D07_MLBS_DP1_537000_4142000_classified_point_cloud.laz","2018_MLBS_3_537000_4142000_image.tif","Tree",1,537000,537999.999,4142000,4142999.999
"6831",6831,537127.506,537135.396,4142958.145,4142964.981,"Silva","NEON_D07_MLBS_DP1_537000_4142000_classified_point_cloud.laz","2018_MLBS_3_537000_4142000_image.tif","Tree",1,537000,537999.999,4142000,4142999.999
"6832",6832,537137.547,537147.854,4142955.571,4142965.833,"Silva","NEON_D07_MLBS_DP1_537000_4142000_classified_point_cloud.laz","2018_MLBS_3_537000_4142000_image.tif","Tree",1,537000,537999.999,4142000,4142999.999
"6833",6833,537114,537123.98,4142959.005,4142965.413,"Silva","NEON_D07_MLBS_DP1_537000_4142000_classified_point_cloud.laz","2018_MLBS_3_537000_4142000_image.tif","Tree",1,537000,537999.999,4142000,4142999.999
"6834",6834,537122.008,537128.468,4142954.507,4142960.494,"Silva","NEON_D07_MLBS_DP1_537000_4142000_classified_point_cloud.laz","2018_MLBS_3_537000_4142000_image.tif","Tree",1,537000,537999.999,4142000,4142999.999
"6835",6835,537128.501,537138.254,4142953.001,4142962.285,"Silva","NEON_D07_MLBS_DP1_537000_4142000_classified_point_cloud.laz","2018_MLBS_3_537000_4142000_image.tif","Tree",1,537000,537999.999,4142000,4142999.999
"6836",6836,537096.029,537105.436,4142955.598,4142964.5,"Silva","NEON_D07_MLBS_DP1_537000_4142000_classified_point_cloud.laz","2018_MLBS_3_537000_4142000_image.tif","Tree",1,537000,537999.999,4142000,4142999.999
"6837",6837,537088.013,537095.968,4142954.285,4142961.5,"Silva","NEON_D07_MLBS_DP1_537000_4142000_classified_point_cloud.laz","2018_MLBS_3_537000_4142000_image.tif","Tree",1,537000,537999.999,4142000,4142999.999
"6838",6838,537090.601,537097.975,4142950.533,4142956.915,"Silva","NEON_D07_MLBS_DP1_537000_4142000_classified_point_cloud.laz","2018_MLBS_3_537000_4142000_image.tif","Tree",1,537000,537999.999,4142000,4142999.999
"6839",6839,537104.018,537111.933,4142948.51,4142960.406,"Silva","NEON_D07_MLBS_DP1_537000_4142000_classified_point_cloud.laz","2018_MLBS_3_537000_4142000_image.tif","Tree",1,537000,537999.999,4142000,4142999.999
"6840",6840,537096.139,537105.499,4142945.013,4142952.975,"Silva","NEON_D07_MLBS_DP1_537000_4142000_classified_point_cloud.laz","2018_MLBS_3_537000_4142000_image.tif","Tree",1,537000,537999.999,4142000,4142999.999
"6841",6841,537120.015,537127.86,4142963.521,4142971.425,"Silva","NEON_D07_MLBS_DP1_537000_4142000_classified_point_cloud.laz","2018_MLBS_3_537000_4142000_image.tif","Tree",1,537000,537999.999,4142000,4142999.999
"6842",6842,537125.011,537132.401,4142965.007,4142974.498,"Silva","NEON_D07_MLBS_DP1_537000_4142000_classified_point_cloud.laz","2018_MLBS_3_537000_4142000_image.tif","Tree",1,537000,537999.999,4142000,4142999.999
"6843",6843,537148.015,537157.983,4142963.502,4142971.495,"Silva","NEON_D07_MLBS_DP1_537000_4142000_classified_point_cloud.laz","2018_MLBS_3_537000_4142000_image.tif","Tree",1,537000,537999.999,4142000,4142999.999
"6844",6844,537090.028,537102.94,4142964.536,4142975.496,"Silva","NEON_D07_MLBS_DP1_537000_4142000_classified_point_cloud.laz","2018_MLBS_3_537000_4142000_image.tif","Tree",1,537000,537999.999,4142000,4142999.999
"6845",6845,537142.56,537149.473,4142968.048,4142974.403,"Silva","NEON_D07_MLBS_DP1_537000_4142000_classified_point_cloud.laz","2018_MLBS_3_537000_4142000_image.tif","Tree",1,537000,537999.999,4142000,4142999.999
"6846",6846,537136.046,537143.997,4142967.055,4142976.494,"Silva","NEON_D07_MLBS_DP1_537000_4142000_classified_point_cloud.laz","2018_MLBS_3_537000_4142000_image.tif","Tree",1,537000,537999.999,4142000,4142999.999
"6847",6847,537112.589,537126.497,4142970.526,4142978.623,"Silva","NEON_D07_MLBS_DP1_537000_4142000_classified_point_cloud.laz","2018_MLBS_3_537000_4142000_image.tif","Tree",1,537000,537999.999,4142000,4142999.999
"6848",6848,537141.01,537147.92,4142974.075,4142980.927,"Silva","NEON_D07_MLBS_DP1_537000_4142000_classified_point_cloud.laz","2018_MLBS_3_537000_4142000_image.tif","Tree",1,537000,537999.999,4142000,4142999.999
"6849",6849,537100.084,537109.992,4142970.627,4142980.44,"Silva","NEON_D07_MLBS_DP1_537000_4142000_classified_point_cloud.laz","2018_MLBS_3_537000_4142000_image.tif","Tree",1,537000,537999.999,4142000,4142999.999
"6850",6850,537131.502,537140.768,4142972.539,4142982.832,"Silva","NEON_D07_MLBS_DP1_537000_4142000_classified_point_cloud.laz","2018_MLBS_3_537000_4142000_image.tif","Tree",1,537000,537999.999,4142000,4142999.999
"6851",6851,537146.017,537154.438,4142975.535,4142982.455,"Silva","NEON_D07_MLBS_DP1_537000_4142000_classified_point_cloud.laz","2018_MLBS_3_537000_4142000_image.tif","Tree",1,537000,537999.999,4142000,4142999.999
"6852",6852,537094.516,537102.93,4142974.582,4142983.361,"Silva","NEON_D07_MLBS_DP1_537000_4142000_classified_point_cloud.laz","2018_MLBS_3_537000_4142000_image.tif","Tree",1,537000,537999.999,4142000,4142999.999
"6853",6853,537107.516,537113.497,4142973.533,4142983.71,"Silva","NEON_D07_MLBS_DP1_537000_4142000_classified_point_cloud.laz","2018_MLBS_3_537000_4142000_image.tif","Tree",1,537000,537999.999,4142000,4142999.999
"6854",6854,537124.029,537134.871,4142974.524,4142982.994,"Silva","NEON_D07_MLBS_DP1_537000_4142000_classified_point_cloud.laz","2018_MLBS_3_537000_4142000_image.tif","Tree",1,537000,537999.999,4142000,4142999.999
"6855",6855,537094.001,537100.342,4142978.529,4142986.364,"Silva","NEON_D07_MLBS_DP1_537000_4142000_classified_point_cloud.laz","2018_MLBS_3_537000_4142000_image.tif","Tree",1,537000,537999.999,4142000,4142999.999
"6856",6856,537101.256,537108.452,4142980.021,4142987.462,"Silva","NEON_D07_MLBS_DP1_537000_4142000_classified_point_cloud.laz","2018_MLBS_3_537000_4142000_image.tif","Tree",1,537000,537999.999,4142000,4142999.999
"6857",6857,537148.036,537154.96,4142979.094,4142989.351,"Silva","NEON_D07_MLBS_DP1_537000_4142000_classified_point_cloud.laz","2018_MLBS_3_537000_4142000_image.tif","Tree",1,537000,537999.999,4142000,4142999.999
"6858",6858,537115.002,537124.993,4142978.537,4142988.717,"Silva","NEON_D07_MLBS_DP1_537000_4142000_classified_point_cloud.laz","2018_MLBS_3_537000_4142000_image.tif","Tree",1,537000,537999.999,4142000,4142999.999
"6859",6859,537125.047,537135.497,4142983.014,4142990.496,"Silva","NEON_D07_MLBS_DP1_537000_4142000_classified_point_cloud.laz","2018_MLBS_3_537000_4142000_image.tif","Tree",1,537000,537999.999,4142000,4142999.999
"6860",6860,537098.532,537103.925,4142983.546,4142991.454,"Silva","NEON_D07_MLBS_DP1_537000_4142000_classified_point_cloud.laz","2018_MLBS_3_537000_4142000_image.tif","Tree",1,537000,537999.999,4142000,4142999.999
"6861",6861,537093.064,537100.489,4142986.003,4142993.917,"Silva","NEON_D07_MLBS_DP1_537000_4142000_classified_point_cloud.laz","2018_MLBS_3_537000_4142000_image.tif","Tree",1,537000,537999.999,4142000,4142999.999
"6862",6862,537108.608,537116.71,4142987.033,4142995.675,"Silva","NEON_D07_MLBS_DP1_537000_4142000_classified_point_cloud.laz","2018_MLBS_3_537000_4142000_image.tif","Tree",1,537000,537999.999,4142000,4142999.999
"6863",6863,537156.52,537162.313,4142987.078,4142996.408,"Silva","NEON_D07_MLBS_DP1_537000_4142000_classified_point_cloud.laz","2018_MLBS_3_537000_4142000_image.tif","Tree",1,537000,537999.999,4142000,4142999.999
"6864",6864,537100.12,537106.498,4142989.086,4142999.491,"Silva","NEON_D07_MLBS_DP1_537000_4142000_classified_point_cloud.laz","2018_MLBS_3_537000_4142000_image.tif","Tree",1,537000,537999.999,4142000,4142999.999
"6865",6865,537114.574,537123.499,4142989.564,4142999.997,"Silva","NEON_D07_MLBS_DP1_537000_4142000_classified_point_cloud.laz","2018_MLBS_3_537000_4142000_image.tif","Tree",1,537000,537999.999,4142000,4142999.999
"6866",6866,537136.008,537143.494,4142990.32,4142998.343,"Silva","NEON_D07_MLBS_DP1_537000_4142000_classified_point_cloud.laz","2018_MLBS_3_537000_4142000_image.tif","Tree",1,537000,537999.999,4142000,4142999.999
"6867",6867,537094.25,537104.964,4142993.008,4142999.967,"Silva","NEON_D07_MLBS_DP1_537000_4142000_classified_point_cloud.laz","2018_MLBS_3_537000_4142000_image.tif","Tree",1,537000,537999.999,4142000,4142999.999
"6868",6868,537129.019,537136.035,4142992.008,4142999.992,"Silva","NEON_D07_MLBS_DP1_537000_4142000_classified_point_cloud.laz","2018_MLBS_3_537000_4142000_image.tif","Tree",1,537000,537999.999,4142000,4142999.999
"6869",6869,537140.061,537147.987,4142995.009,4142999.984,"Silva","NEON_D07_MLBS_DP1_537000_4142000_classified_point_cloud.laz","2018_MLBS_3_537000_4142000_image.tif","Tree",1,537000,537999.999,4142000,4142999.999
"6870",6870,537133.505,537139.941,4142996.03,4142999.999,"Silva","NEON_D07_MLBS_DP1_537000_4142000_classified_point_cloud.laz","2018_MLBS_3_537000_4142000_image.tif","Tree",1,537000,537999.999,4142000,4142999.999
"6871",6871,537091.513,537096.46,4142994.663,4142999.976,"Silva","NEON_D07_MLBS_DP1_537000_4142000_classified_point_cloud.laz","2018_MLBS_3_537000_4142000_image.tif","Tree",1,537000,537999.999,4142000,4142999.999
"6872",6872,537148.009,537156.495,4142995.068,4142999.985,"Silva","NEON_D07_MLBS_DP1_537000_4142000_classified_point_cloud.laz","2018_MLBS_3_537000_4142000_image.tif","Tree",1,537000,537999.999,4142000,4142999.999
"6873",6873,537220.051,537224.493,4142959.006,4142964.489,"Silva","NEON_D07_MLBS_DP1_537000_4142000_classified_point_cloud.laz","2018_MLBS_3_537000_4142000_image.tif","Tree",1,537000,537999.999,4142000,4142999.999
"6874",6874,537199.057,537208.33,4142958.004,4142964.434,"Silva","NEON_D07_MLBS_DP1_537000_4142000_classified_point_cloud.laz","2018_MLBS_3_537000_4142000_image.tif","Tree",1,537000,537999.999,4142000,4142999.999
"6875",6875,537203.017,537208.421,4142953.199,4142958.466,"Silva","NEON_D07_MLBS_DP1_537000_4142000_classified_point_cloud.laz","2018_MLBS_3_537000_4142000_image.tif","Tree",1,537000,537999.999,4142000,4142999.999
"6876",6876,537197.026,537202.998,4142953.819,4142959.444,"Silva","NEON_D07_MLBS_DP1_537000_4142000_classified_point_cloud.laz","2018_MLBS_3_537000_4142000_image.tif","Tree",1,537000,537999.999,4142000,4142999.999
"6877",6877,537218.031,537223.999,4142952.507,4142958.995,"Silva","NEON_D07_MLBS_DP1_537000_4142000_classified_point_cloud.laz","2018_MLBS_3_537000_4142000_image.tif","Tree",1,537000,537999.999,4142000,4142999.999
"6878",6878,537215.561,537219.991,4142951.538,4142957.906,"Silva","NEON_D07_MLBS_DP1_537000_4142000_classified_point_cloud.laz","2018_MLBS_3_537000_4142000_image.tif","Tree",1,537000,537999.999,4142000,4142999.999
"6879",6879,537212.007,537216.913,4142952.026,4142958.99,"Silva","NEON_D07_MLBS_DP1_537000_4142000_classified_point_cloud.laz","2018_MLBS_3_537000_4142000_image.tif","Tree",1,537000,537999.999,4142000,4142999.999
"6880",6880,537207.114,537213.37,4142951.517,4142958.945,"Silva","NEON_D07_MLBS_DP1_537000_4142000_classified_point_cloud.laz","2018_MLBS_3_537000_4142000_image.tif","Tree",1,537000,537999.999,4142000,4142999.999
"6881",6881,537171.001,537178.785,4142947.001,4142957.497,"Silva","NEON_D07_MLBS_DP1_537000_4142000_classified_point_cloud.laz","2018_MLBS_3_537000_4142000_image.tif","Tree",1,537000,537999.999,4142000,4142999.999
"6882",6882,537200.521,537207.447,4142947.054,4142954.389,"Silva","NEON_D07_MLBS_DP1_537000_4142000_classified_point_cloud.laz","2018_MLBS_3_537000_4142000_image.tif","Tree",1,537000,537999.999,4142000,4142999.999
"6883",6883,537192.005,537200.999,4142947.519,4142955.955,"Silva","NEON_D07_MLBS_DP1_537000_4142000_classified_point_cloud.laz","2018_MLBS_3_537000_4142000_image.tif","Tree",1,537000,537999.999,4142000,4142999.999
"6884",6884,537207.559,537215.486,4142948.556,4142953.281,"Silva","NEON_D07_MLBS_DP1_537000_4142000_classified_point_cloud.laz","2018_MLBS_3_537000_4142000_image.tif","Tree",1,537000,537999.999,4142000,4142999.999
"6885",6885,537178.02,537188.908,4142943.576,4142952.972,"Silva","NEON_D07_MLBS_DP1_537000_4142000_classified_point_cloud.laz","2018_MLBS_3_537000_4142000_image.tif","Tree",1,537000,537999.999,4142000,4142999.999
"6886",6886,537175.079,537182.4,4142959.067,4142967.467,"Silva","NEON_D07_MLBS_DP1_537000_4142000_classified_point_cloud.laz","2018_MLBS_3_537000_4142000_image.tif","Tree",1,537000,537999.999,4142000,4142999.999
"6887",6887,537217.029,537223.428,4142963.535,4142969.368,"Silva","NEON_D07_MLBS_DP1_537000_4142000_classified_point_cloud.laz","2018_MLBS_3_537000_4142000_image.tif","Tree",1,537000,537999.999,4142000,4142999.999
"6888",6888,537192.027,537201.994,4142961.235,4142971.484,"Silva","NEON_D07_MLBS_DP1_537000_4142000_classified_point_cloud.laz","2018_MLBS_3_537000_4142000_image.tif","Tree",1,537000,537999.999,4142000,4142999.999
"6889",6889,537206.505,537215.437,4142966.004,4142976.991,"Silva","NEON_D07_MLBS_DP1_537000_4142000_classified_point_cloud.laz","2018_MLBS_3_537000_4142000_image.tif","Tree",1,537000,537999.999,4142000,4142999.999
"6890",6890,537215.776,537222.401,4142969.123,4142973.496,"Silva","NEON_D07_MLBS_DP1_537000_4142000_classified_point_cloud.laz","2018_MLBS_3_537000_4142000_image.tif","Tree",1,537000,537999.999,4142000,4142999.999
"6891",6891,537181.503,537188.872,4142968.502,4142975.495,"Silva","NEON_D07_MLBS_DP1_537000_4142000_classified_point_cloud.laz","2018_MLBS_3_537000_4142000_image.tif","Tree",1,537000,537999.999,4142000,4142999.999
"6892",6892,537219.509,537223.997,4142970.971,4142978.279,"Silva","NEON_D07_MLBS_DP1_537000_4142000_classified_point_cloud.laz","2018_MLBS_3_537000_4142000_image.tif","Tree",1,537000,537999.999,4142000,4142999.999
"6893",6893,537188.005,537196.483,4142968.037,4142979.5,"Silva","NEON_D07_MLBS_DP1_537000_4142000_classified_point_cloud.laz","2018_MLBS_3_537000_4142000_image.tif","Tree",1,537000,537999.999,4142000,4142999.999
"6894",6894,537162.038,537171.465,4142969.26,4142978.495,"Silva","NEON_D07_MLBS_DP1_537000_4142000_classified_point_cloud.laz","2018_MLBS_3_537000_4142000_image.tif","Tree",1,537000,537999.999,4142000,4142999.999
"6895",6895,537212.539,537222.483,4142973.523,4142979.988,"Silva","NEON_D07_MLBS_DP1_537000_4142000_classified_point_cloud.laz","2018_MLBS_3_537000_4142000_image.tif","Tree",1,537000,537999.999,4142000,4142999.999
"6896",6896,537169.051,537177.425,4142971.538,4142981.484,"Silva","NEON_D07_MLBS_DP1_537000_4142000_classified_point_cloud.laz","2018_MLBS_3_537000_4142000_image.tif","Tree",1,537000,537999.999,4142000,4142999.999
"6897",6897,537191.565,537201.986,4142972.513,4142983.969,"Silva","NEON_D07_MLBS_DP1_537000_4142000_classified_point_cloud.laz","2018_MLBS_3_537000_4142000_image.tif","Tree",1,537000,537999.999,4142000,4142999.999
"6898",6898,537202.064,537213.401,4142973.034,4142985.969,"Silva","NEON_D07_MLBS_DP1_537000_4142000_classified_point_cloud.laz","2018_MLBS_3_537000_4142000_image.tif","Tree",1,537000,537999.999,4142000,4142999.999
"6899",6899,537182.567,537189.96,4142978.117,4142984.498,"Silva","NEON_D07_MLBS_DP1_537000_4142000_classified_point_cloud.laz","2018_MLBS_3_537000_4142000_image.tif","Tree",1,537000,537999.999,4142000,4142999.999
"6900",6900,537196.528,537204.953,4142975.016,4142987.482,"Silva","NEON_D07_MLBS_DP1_537000_4142000_classified_point_cloud.laz","2018_MLBS_3_537000_4142000_image.tif","Tree",1,537000,537999.999,4142000,4142999.999
"6901",6901,537161.042,537171.371,4142978.503,4142985.899,"Silva","NEON_D07_MLBS_DP1_537000_4142000_classified_point_cloud.laz","2018_MLBS_3_537000_4142000_image.tif","Tree",1,537000,537999.999,4142000,4142999.999
"6902",6902,537162.062,537170.99,4142982.507,4142988.496,"Silva","NEON_D07_MLBS_DP1_537000_4142000_classified_point_cloud.laz","2018_MLBS_3_537000_4142000_image.tif","Tree",1,537000,537999.999,4142000,4142999.999
"6903",6903,537170.529,537177.491,4142981.157,4142989.851,"Silva","NEON_D07_MLBS_DP1_537000_4142000_classified_point_cloud.laz","2018_MLBS_3_537000_4142000_image.tif","Tree",1,537000,537999.999,4142000,4142999.999
"6904",6904,537174.556,537180.987,4142982.542,4142992.469,"Silva","NEON_D07_MLBS_DP1_537000_4142000_classified_point_cloud.laz","2018_MLBS_3_537000_4142000_image.tif","Tree",1,537000,537999.999,4142000,4142999.999
"6905",6905,537164.025,537171.997,4142988.007,4142994.459,"Silva","NEON_D07_MLBS_DP1_537000_4142000_classified_point_cloud.laz","2018_MLBS_3_537000_4142000_image.tif","Tree",1,537000,537999.999,4142000,4142999.999
"6906",6906,537189.63,537199.478,4142986.535,4142996.791,"Silva","NEON_D07_MLBS_DP1_537000_4142000_classified_point_cloud.laz","2018_MLBS_3_537000_4142000_image.tif","Tree",1,537000,537999.999,4142000,4142999.999
"6907",6907,537209.055,537219.92,4142987.389,4142997.487,"Silva","NEON_D07_MLBS_DP1_537000_4142000_classified_point_cloud.laz","2018_MLBS_3_537000_4142000_image.tif","Tree",1,537000,537999.999,4142000,4142999.999
"6908",6908,537199.523,537209.498,4142993.014,4142999.947,"Silva","NEON_D07_MLBS_DP1_537000_4142000_classified_point_cloud.laz","2018_MLBS_3_537000_4142000_image.tif","Tree",1,537000,537999.999,4142000,4142999.999
"6909",6909,537178.515,537184.477,4142994.528,4142999.961,"Silva","NEON_D07_MLBS_DP1_537000_4142000_classified_point_cloud.laz","2018_MLBS_3_537000_4142000_image.tif","Tree",1,537000,537999.999,4142000,4142999.999
"6910",6910,537213.528,537222.442,4142992.562,4142999.992,"Silva","NEON_D07_MLBS_DP1_537000_4142000_classified_point_cloud.laz","2018_MLBS_3_537000_4142000_image.tif","Tree",1,537000,537999.999,4142000,4142999.999
"6911",6911,537166.587,537171.982,4142994.653,4142999.993,"Silva","NEON_D07_MLBS_DP1_537000_4142000_classified_point_cloud.laz","2018_MLBS_3_537000_4142000_image.tif","Tree",1,537000,537999.999,4142000,4142999.999
"6912",6912,537183.064,537187.472,4142995.649,4142999.993,"Silva","NEON_D07_MLBS_DP1_537000_4142000_classified_point_cloud.laz","2018_MLBS_3_537000_4142000_image.tif","Tree",1,537000,537999.999,4142000,4142999.999
"6913",6913,537176.543,537181.466,4142995.573,4142999.993,"Silva","NEON_D07_MLBS_DP1_537000_4142000_classified_point_cloud.laz","2018_MLBS_3_537000_4142000_image.tif","Tree",1,537000,537999.999,4142000,4142999.999
"6914",6914,537206.551,537213.872,4142995.186,4142999.997,"Silva","NEON_D07_MLBS_DP1_537000_4142000_classified_point_cloud.laz","2018_MLBS_3_537000_4142000_image.tif","Tree",1,537000,537999.999,4142000,4142999.999
"6915",6915,537223.501,537231.889,4142960.507,4142965.933,"Silva","NEON_D07_MLBS_DP1_537000_4142000_classified_point_cloud.laz","2018_MLBS_3_537000_4142000_image.tif","Tree",1,537000,537999.999,4142000,4142999.999
"6916",6916,537259.54,537269.969,4142953.637,4142965.913,"Silva","NEON_D07_MLBS_DP1_537000_4142000_classified_point_cloud.laz","2018_MLBS_3_537000_4142000_image.tif","Tree",1,537000,537999.999,4142000,4142999.999
"6917",6917,537284.063,537292.993,4142954.53,4142962.478,"Silva","NEON_D07_MLBS_DP1_537000_4142000_classified_point_cloud.laz","2018_MLBS_3_537000_4142000_image.tif","Tree",1,537000,537999.999,4142000,4142999.999
"6918",6918,537274.503,537284.486,4142954.209,4142960.947,"Silva","NEON_D07_MLBS_DP1_537000_4142000_classified_point_cloud.laz","2018_MLBS_3_537000_4142000_image.tif","Tree",1,537000,537999.999,4142000,4142999.999
"6919",6919,537244.042,537249.488,4142950.635,4142957.902,"Silva","NEON_D07_MLBS_DP1_537000_4142000_classified_point_cloud.laz","2018_MLBS_3_537000_4142000_image.tif","Tree",1,537000,537999.999,4142000,4142999.999
"6920",6920,537268.521,537274.982,4142948.099,4142956.464,"Silva","NEON_D07_MLBS_DP1_537000_4142000_classified_point_cloud.laz","2018_MLBS_3_537000_4142000_image.tif","Tree",1,537000,537999.999,4142000,4142999.999
"6921",6921,537261.002,537271.821,4142949.063,4142956.494,"Silva","NEON_D07_MLBS_DP1_537000_4142000_classified_point_cloud.laz","2018_MLBS_3_537000_4142000_image.tif","Tree",1,537000,537999.999,4142000,4142999.999
"6922",6922,537275.006,537282.949,4142946.597,4142955.479,"Silva","NEON_D07_MLBS_DP1_537000_4142000_classified_point_cloud.laz","2018_MLBS_3_537000_4142000_image.tif","Tree",1,537000,537999.999,4142000,4142999.999
"6923",6923,537221.643,537229.99,4142945.751,4142953.933,"Silva","NEON_D07_MLBS_DP1_537000_4142000_classified_point_cloud.laz","2018_MLBS_3_537000_4142000_image.tif","Tree",1,537000,537999.999,4142000,4142999.999
"6924",6924,537241.527,537246.99,4142944.534,4142950.948,"Silva","NEON_D07_MLBS_DP1_537000_4142000_classified_point_cloud.laz","2018_MLBS_3_537000_4142000_image.tif","Tree",1,537000,537999.999,4142000,4142999.999
"6925",6925,537285.511,537290.94,4142938.791,4142945.993,"Silva","NEON_D07_MLBS_DP1_537000_4142000_classified_point_cloud.laz","2018_MLBS_3_537000_4142000_image.tif","Tree",1,537000,537999.999,4142000,4142999.999
"6926",6926,537255.513,537263.961,4142955.543,4142967.982,"Silva","NEON_D07_MLBS_DP1_537000_4142000_classified_point_cloud.laz","2018_MLBS_3_537000_4142000_image.tif","Tree",1,537000,537999.999,4142000,4142999.999
"6927",6927,537240.5,537247.469,4142960.551,4142966.489,"Silva","NEON_D07_MLBS_DP1_537000_4142000_classified_point_cloud.laz","2018_MLBS_3_537000_4142000_image.tif","Tree",1,537000,537999.999,4142000,4142999.999
"6928",6928,537232.005,537240.949,4142961.502,4142968.46,"Silva","NEON_D07_MLBS_DP1_537000_4142000_classified_point_cloud.laz","2018_MLBS_3_537000_4142000_image.tif","Tree",1,537000,537999.999,4142000,4142999.999
"6929",6929,537270.003,537277.946,4142959.505,4142970.463,"Silva","NEON_D07_MLBS_DP1_537000_4142000_classified_point_cloud.laz","2018_MLBS_3_537000_4142000_image.tif","Tree",1,537000,537999.999,4142000,4142999.999
"6930",6930,537247.504,537255.99,4142959.558,4142968.498,"Silva","NEON_D07_MLBS_DP1_537000_4142000_classified_point_cloud.laz","2018_MLBS_3_537000_4142000_image.tif","Tree",1,537000,537999.999,4142000,4142999.999
"6931",6931,537283.218,537291.398,4142961.002,4142969.479,"Silva","NEON_D07_MLBS_DP1_537000_4142000_classified_point_cloud.laz","2018_MLBS_3_537000_4142000_image.tif","Tree",1,537000,537999.999,4142000,4142999.999
"6932",6932,537245.002,537252.476,4142964.037,4142973.612,"Silva","NEON_D07_MLBS_DP1_537000_4142000_classified_point_cloud.laz","2018_MLBS_3_537000_4142000_image.tif","Tree",1,537000,537999.999,4142000,4142999.999
"6933",6933,537275.72,537284.985,4142966.178,4142972.12,"Silva","NEON_D07_MLBS_DP1_537000_4142000_classified_point_cloud.laz","2018_MLBS_3_537000_4142000_image.tif","Tree",1,537000,537999.999,4142000,4142999.999
"6934",6934,537252.576,537262.441,4142969.026,4142975.979,"Silva","NEON_D07_MLBS_DP1_537000_4142000_classified_point_cloud.laz","2018_MLBS_3_537000_4142000_image.tif","Tree",1,537000,537999.999,4142000,4142999.999
"6935",6935,537223.075,537229.799,4142970.005,4142975.98,"Silva","NEON_D07_MLBS_DP1_537000_4142000_classified_point_cloud.laz","2018_MLBS_3_537000_4142000_image.tif","Tree",1,537000,537999.999,4142000,4142999.999
"6936",6936,537245.035,537255.443,4142969.007,4142978.986,"Silva","NEON_D07_MLBS_DP1_537000_4142000_classified_point_cloud.laz","2018_MLBS_3_537000_4142000_image.tif","Tree",1,537000,537999.999,4142000,4142999.999
"6937",6937,537274.025,537283.978,4142970.548,4142978.363,"Silva","NEON_D07_MLBS_DP1_537000_4142000_classified_point_cloud.laz","2018_MLBS_3_537000_4142000_image.tif","Tree",1,537000,537999.999,4142000,4142999.999
"6938",6938,537222.514,537233.499,4142973.507,4142980.989,"Silva","NEON_D07_MLBS_DP1_537000_4142000_classified_point_cloud.laz","2018_MLBS_3_537000_4142000_image.tif","Tree",1,537000,537999.999,4142000,4142999.999
"6939",6939,537270.501,537280.781,4142972.076,4142984.499,"Silva","NEON_D07_MLBS_DP1_537000_4142000_classified_point_cloud.laz","2018_MLBS_3_537000_4142000_image.tif","Tree",1,537000,537999.999,4142000,4142999.999
"6940",6940,537262.007,537270.47,4142972.007,4142982.427,"Silva","NEON_D07_MLBS_DP1_537000_4142000_classified_point_cloud.laz","2018_MLBS_3_537000_4142000_image.tif","Tree",1,537000,537999.999,4142000,4142999.999
"6941",6941,537256.578,537263.482,4142972.557,4142984.465,"Silva","NEON_D07_MLBS_DP1_537000_4142000_classified_point_cloud.laz","2018_MLBS_3_537000_4142000_image.tif","Tree",1,537000,537999.999,4142000,4142999.999
"6942",6942,537279.004,537291.472,4142976.005,4142989.491,"Silva","NEON_D07_MLBS_DP1_537000_4142000_classified_point_cloud.laz","2018_MLBS_3_537000_4142000_image.tif","Tree",1,537000,537999.999,4142000,4142999.999
"6943",6943,537234.543,537245.491,4142976.027,4142985.906,"Silva","NEON_D07_MLBS_DP1_537000_4142000_classified_point_cloud.laz","2018_MLBS_3_537000_4142000_image.tif","Tree",1,537000,537999.999,4142000,4142999.999
"6944",6944,537250.017,537260.984,4142976.097,4142986.895,"Silva","NEON_D07_MLBS_DP1_537000_4142000_classified_point_cloud.laz","2018_MLBS_3_537000_4142000_image.tif","Tree",1,537000,537999.999,4142000,4142999.999
"6945",6945,537231.056,537240.974,4142981.093,4142990.963,"Silva","NEON_D07_MLBS_DP1_537000_4142000_classified_point_cloud.laz","2018_MLBS_3_537000_4142000_image.tif","Tree",1,537000,537999.999,4142000,4142999.999
"6946",6946,537220.56,537231.489,4142987.053,4142993.491,"Silva","NEON_D07_MLBS_DP1_537000_4142000_classified_point_cloud.laz","2018_MLBS_3_537000_4142000_image.tif","Tree",1,537000,537999.999,4142000,4142999.999
"6947",6947,537270.007,537283.891,4142984.039,4142995.496,"Silva","NEON_D07_MLBS_DP1_537000_4142000_classified_point_cloud.laz","2018_MLBS_3_537000_4142000_image.tif","Tree",1,537000,537999.999,4142000,4142999.999
"6948",6948,537248.056,537256.913,4142985.031,4142995.409,"Silva","NEON_D07_MLBS_DP1_537000_4142000_classified_point_cloud.laz","2018_MLBS_3_537000_4142000_image.tif","Tree",1,537000,537999.999,4142000,4142999.999
"6949",6949,537243.001,537248.958,4142987.655,4142995.995,"Silva","NEON_D07_MLBS_DP1_537000_4142000_classified_point_cloud.laz","2018_MLBS_3_537000_4142000_image.tif","Tree",1,537000,537999.999,4142000,4142999.999
"6950",6950,537238.031,537242.998,4142987.015,4142995.995,"Silva","NEON_D07_MLBS_DP1_537000_4142000_classified_point_cloud.laz","2018_MLBS_3_537000_4142000_image.tif","Tree",1,537000,537999.999,4142000,4142999.999
"6951",6951,537230.564,537238.992,4142990.044,4142996.39,"Silva","NEON_D07_MLBS_DP1_537000_4142000_classified_point_cloud.laz","2018_MLBS_3_537000_4142000_image.tif","Tree",1,537000,537999.999,4142000,4142999.999
"6952",6952,537275.011,537287.491,4142989.086,4142999.992,"Silva","NEON_D07_MLBS_DP1_537000_4142000_classified_point_cloud.laz","2018_MLBS_3_537000_4142000_image.tif","Tree",1,537000,537999.999,4142000,4142999.999
"6953",6953,537258.097,537266.883,4142993.002,4142999.985,"Silva","NEON_D07_MLBS_DP1_537000_4142000_classified_point_cloud.laz","2018_MLBS_3_537000_4142000_image.tif","Tree",1,537000,537999.999,4142000,4142999.999
"6954",6954,537229.512,537236.913,4142994.387,4142999.995,"Silva","NEON_D07_MLBS_DP1_537000_4142000_classified_point_cloud.laz","2018_MLBS_3_537000_4142000_image.tif","Tree",1,537000,537999.999,4142000,4142999.999
"6955",6955,537281.549,537286.448,4142992.075,4142999.996,"Silva","NEON_D07_MLBS_DP1_537000_4142000_classified_point_cloud.laz","2018_MLBS_3_537000_4142000_image.tif","Tree",1,537000,537999.999,4142000,4142999.999
"6956",6956,537268.505,537275.941,4142993.563,4142999.983,"Silva","NEON_D07_MLBS_DP1_537000_4142000_classified_point_cloud.laz","2018_MLBS_3_537000_4142000_image.tif","Tree",1,537000,537999.999,4142000,4142999.999
"6957",6957,537252,537256.496,4142994.573,4142999.992,"Silva","NEON_D07_MLBS_DP1_537000_4142000_classified_point_cloud.laz","2018_MLBS_3_537000_4142000_image.tif","Tree",1,537000,537999.999,4142000,4142999.999
"6958",6958,537248.015,537252.456,4142994.51,4142999.994,"Silva","NEON_D07_MLBS_DP1_537000_4142000_classified_point_cloud.laz","2018_MLBS_3_537000_4142000_image.tif","Tree",1,537000,537999.999,4142000,4142999.999
"6959",6959,537243.526,537247.997,4142995.522,4142999.974,"Silva","NEON_D07_MLBS_DP1_537000_4142000_classified_point_cloud.laz","2018_MLBS_3_537000_4142000_image.tif","Tree",1,537000,537999.999,4142000,4142999.999
"6960",6960,537239.506,537243.461,4142996.013,4142999.998,"Silva","NEON_D07_MLBS_DP1_537000_4142000_classified_point_cloud.laz","2018_MLBS_3_537000_4142000_image.tif","Tree",1,537000,537999.999,4142000,4142999.999
"6961",6961,537289.829,537296.868,4142956.566,4142964.445,"Silva","NEON_D07_MLBS_DP1_537000_4142000_classified_point_cloud.laz","2018_MLBS_3_537000_4142000_image.tif","Tree",1,537000,537999.999,4142000,4142999.999
"6962",6962,537303.566,537312.956,4142955.526,4142963.462,"Silva","NEON_D07_MLBS_DP1_537000_4142000_classified_point_cloud.laz","2018_MLBS_3_537000_4142000_image.tif","Tree",1,537000,537999.999,4142000,4142999.999
"6963",6963,537308.101,537317.478,4142960.032,4142966.991,"Silva","NEON_D07_MLBS_DP1_537000_4142000_classified_point_cloud.laz","2018_MLBS_3_537000_4142000_image.tif","Tree",1,537000,537999.999,4142000,4142999.999
"6964",6964,537290.58,537299.458,4142946.531,4142956.465,"Silva","NEON_D07_MLBS_DP1_537000_4142000_classified_point_cloud.laz","2018_MLBS_3_537000_4142000_image.tif","Tree",1,537000,537999.999,4142000,4142999.999
"6965",6965,537302.541,537308.459,4142961.026,4142971.222,"Silva","NEON_D07_MLBS_DP1_537000_4142000_classified_point_cloud.laz","2018_MLBS_3_537000_4142000_image.tif","Tree",1,537000,537999.999,4142000,4142999.999
"6966",6966,537296.648,537303.418,4142960.614,4142968.962,"Silva","NEON_D07_MLBS_DP1_537000_4142000_classified_point_cloud.laz","2018_MLBS_3_537000_4142000_image.tif","Tree",1,537000,537999.999,4142000,4142999.999
"6967",6967,537307.091,537312.995,4142965.123,4142970.964,"Silva","NEON_D07_MLBS_DP1_537000_4142000_classified_point_cloud.laz","2018_MLBS_3_537000_4142000_image.tif","Tree",1,537000,537999.999,4142000,4142999.999
"6968",6968,537295.54,537303.988,4142968.008,4142973.497,"Silva","NEON_D07_MLBS_DP1_537000_4142000_classified_point_cloud.laz","2018_MLBS_3_537000_4142000_image.tif","Tree",1,537000,537999.999,4142000,4142999.999
"6969",6969,537305.244,537311.403,4142969.556,4142975.847,"Silva","NEON_D07_MLBS_DP1_537000_4142000_classified_point_cloud.laz","2018_MLBS_3_537000_4142000_image.tif","Tree",1,537000,537999.999,4142000,4142999.999
"6970",6970,537289.545,537296.991,4142968.046,4142974.991,"Silva","NEON_D07_MLBS_DP1_537000_4142000_classified_point_cloud.laz","2018_MLBS_3_537000_4142000_image.tif","Tree",1,537000,537999.999,4142000,4142999.999
"6971",6971,537309.525,537315.985,4142971.036,4142977.901,"Silva","NEON_D07_MLBS_DP1_537000_4142000_classified_point_cloud.laz","2018_MLBS_3_537000_4142000_image.tif","Tree",1,537000,537999.999,4142000,4142999.999
"6972",6972,537296.015,537301.996,4142973.021,4142982.943,"Silva","NEON_D07_MLBS_DP1_537000_4142000_classified_point_cloud.laz","2018_MLBS_3_537000_4142000_image.tif","Tree",1,537000,537999.999,4142000,4142999.999
"6973",6973,537301.548,537309.465,4142971.517,4142980.991,"Silva","NEON_D07_MLBS_DP1_537000_4142000_classified_point_cloud.laz","2018_MLBS_3_537000_4142000_image.tif","Tree",1,537000,537999.999,4142000,4142999.999
"6974",6974,537289.004,537299.488,4142975.029,4142987.996,"Silva","NEON_D07_MLBS_DP1_537000_4142000_classified_point_cloud.laz","2018_MLBS_3_537000_4142000_image.tif","Tree",1,537000,537999.999,4142000,4142999.999
"6975",6975,537303.537,537312.723,4142976.529,4142983.974,"Silva","NEON_D07_MLBS_DP1_537000_4142000_classified_point_cloud.laz","2018_MLBS_3_537000_4142000_image.tif","Tree",1,537000,537999.999,4142000,4142999.999
"6976",6976,537312.515,537320.312,4142976.009,4142985.498,"Silva","NEON_D07_MLBS_DP1_537000_4142000_classified_point_cloud.laz","2018_MLBS_3_537000_4142000_image.tif","Tree",1,537000,537999.999,4142000,4142999.999
"6977",6977,537316.583,537323.999,4142977.217,4142986.495,"Silva","NEON_D07_MLBS_DP1_537000_4142000_classified_point_cloud.laz","2018_MLBS_3_537000_4142000_image.tif","Tree",1,537000,537999.999,4142000,4142999.999
"6978",6978,537327.555,537337.452,4142979.131,4142989.923,"Silva","NEON_D07_MLBS_DP1_537000_4142000_classified_point_cloud.laz","2018_MLBS_3_537000_4142000_image.tif","Tree",1,537000,537999.999,4142000,4142999.999
"6979",6979,537299.037,537312.965,4142981.022,4142987.95,"Silva","NEON_D07_MLBS_DP1_537000_4142000_classified_point_cloud.laz","2018_MLBS_3_537000_4142000_image.tif","Tree",1,537000,537999.999,4142000,4142999.999
"6980",6980,537319.003,537326.469,4142986.038,4142993.495,"Silva","NEON_D07_MLBS_DP1_537000_4142000_classified_point_cloud.laz","2018_MLBS_3_537000_4142000_image.tif","Tree",1,537000,537999.999,4142000,4142999.999
"6981",6981,537312,537319.49,4142985.53,4142994.977,"Silva","NEON_D07_MLBS_DP1_537000_4142000_classified_point_cloud.laz","2018_MLBS_3_537000_4142000_image.tif","Tree",1,537000,537999.999,4142000,4142999.999
"6982",6982,537306.008,537312.411,4142987.069,4142992.483,"Silva","NEON_D07_MLBS_DP1_537000_4142000_classified_point_cloud.laz","2018_MLBS_3_537000_4142000_image.tif","Tree",1,537000,537999.999,4142000,4142999.999
"6983",6983,537295.584,537306.45,4142985.173,4142995.459,"Silva","NEON_D07_MLBS_DP1_537000_4142000_classified_point_cloud.laz","2018_MLBS_3_537000_4142000_image.tif","Tree",1,537000,537999.999,4142000,4142999.999
"6984",6984,537307.561,537314.49,4142991.53,4142996.901,"Silva","NEON_D07_MLBS_DP1_537000_4142000_classified_point_cloud.laz","2018_MLBS_3_537000_4142000_image.tif","Tree",1,537000,537999.999,4142000,4142999.999
"6985",6985,537314.505,537323.343,4142992.005,4142999.992,"Silva","NEON_D07_MLBS_DP1_537000_4142000_classified_point_cloud.laz","2018_MLBS_3_537000_4142000_image.tif","Tree",1,537000,537999.999,4142000,4142999.999
"6986",6986,537291.053,537302.492,4142987.505,4142999.998,"Silva","NEON_D07_MLBS_DP1_537000_4142000_classified_point_cloud.laz","2018_MLBS_3_537000_4142000_image.tif","Tree",1,537000,537999.999,4142000,4142999.999
"6987",6987,537325.21,537329.927,4142994.64,4142999.998,"Silva","NEON_D07_MLBS_DP1_537000_4142000_classified_point_cloud.laz","2018_MLBS_3_537000_4142000_image.tif","Tree",1,537000,537999.999,4142000,4142999.999
"6988",6988,537308.013,537315.478,4142996.522,4142999.995,"Silva","NEON_D07_MLBS_DP1_537000_4142000_classified_point_cloud.laz","2018_MLBS_3_537000_4142000_image.tif","Tree",1,537000,537999.999,4142000,4142999.999
"6989",6989,537297.169,537302.995,4142996.158,4142999.988,"Silva","NEON_D07_MLBS_DP1_537000_4142000_classified_point_cloud.laz","2018_MLBS_3_537000_4142000_image.tif","Tree",1,537000,537999.999,4142000,4142999.999
"6990",6990,537289.001,537294.992,4142989.074,4142999.995,"Silva","NEON_D07_MLBS_DP1_537000_4142000_classified_point_cloud.laz","2018_MLBS_3_537000_4142000_image.tif","Tree",1,537000,537999.999,4142000,4142999.999
"6991",6991,537358.524,537365.474,4142537.502,4142545.995,"Silva","NEON_D07_MLBS_DP1_537000_4142000_classified_point_cloud.laz","2018_MLBS_3_537000_4142000_image.tif","Tree",1,537000,537999.999,4142000,4142999.999
"6992",6992,537373.011,537383.274,4142538.66,4142548,"Silva","NEON_D07_MLBS_DP1_537000_4142000_classified_point_cloud.laz","2018_MLBS_3_537000_4142000_image.tif","Tree",1,537000,537999.999,4142000,4142999.999
"6993",6993,537400.529,537409.989,4142539.525,4142547.982,"Silva","NEON_D07_MLBS_DP1_537000_4142000_classified_point_cloud.laz","2018_MLBS_3_537000_4142000_image.tif","Tree",1,537000,537999.999,4142000,4142999.999
"6994",6994,537410.001,537420.935,4142538.049,4142547.488,"Silva","NEON_D07_MLBS_DP1_537000_4142000_classified_point_cloud.laz","2018_MLBS_3_537000_4142000_image.tif","Tree",1,537000,537999.999,4142000,4142999.999
"6995",6995,537364.088,537375.422,4142534.01,4142546.352,"Silva","NEON_D07_MLBS_DP1_537000_4142000_classified_point_cloud.laz","2018_MLBS_3_537000_4142000_image.tif","Tree",1,537000,537999.999,4142000,4142999.999
"6996",6996,537385.038,537392.491,4142534.675,4142546.44,"Silva","NEON_D07_MLBS_DP1_537000_4142000_classified_point_cloud.laz","2018_MLBS_3_537000_4142000_image.tif","Tree",1,537000,537999.999,4142000,4142999.999
"6997",6997,537375.093,537385.932,4142532.524,4142543.494,"Silva","NEON_D07_MLBS_DP1_537000_4142000_classified_point_cloud.laz","2018_MLBS_3_537000_4142000_image.tif","Tree",1,537000,537999.999,4142000,4142999.999
"6998",6998,537389.11,537398.892,4142533.506,4142541.995,"Silva","NEON_D07_MLBS_DP1_537000_4142000_classified_point_cloud.laz","2018_MLBS_3_537000_4142000_image.tif","Tree",1,537000,537999.999,4142000,4142999.999
"6999",6999,537400.602,537410.284,4142532.033,4142541.349,"Silva","NEON_D07_MLBS_DP1_537000_4142000_classified_point_cloud.laz","2018_MLBS_3_537000_4142000_image.tif","Tree",1,537000,537999.999,4142000,4142999.999
"7000",7000,537395.006,537401.978,4142531.005,4142541.41,"Silva","NEON_D07_MLBS_DP1_537000_4142000_classified_point_cloud.laz","2018_MLBS_3_537000_4142000_image.tif","Tree",1,537000,537999.999,4142000,4142999.999
"7001",7001,537411.126,537421.496,4142530.006,4142539.947,"Silva","NEON_D07_MLBS_DP1_537000_4142000_classified_point_cloud.laz","2018_MLBS_3_537000_4142000_image.tif","Tree",1,537000,537999.999,4142000,4142999.999
"7002",7002,537350.536,537364.475,4142528.587,4142538,"Silva","NEON_D07_MLBS_DP1_537000_4142000_classified_point_cloud.laz","2018_MLBS_3_537000_4142000_image.tif","Tree",1,537000,537999.999,4142000,4142999.999
"7003",7003,537404.592,537413.411,4142528.297,4142537.991,"Silva","NEON_D07_MLBS_DP1_537000_4142000_classified_point_cloud.laz","2018_MLBS_3_537000_4142000_image.tif","Tree",1,537000,537999.999,4142000,4142999.999
"7004",7004,537370.611,537383.97,4142526.509,4142536.777,"Silva","NEON_D07_MLBS_DP1_537000_4142000_classified_point_cloud.laz","2018_MLBS_3_537000_4142000_image.tif","Tree",1,537000,537999.999,4142000,4142999.999
"7005",7005,537390.561,537400.993,4142522.29,4142533.489,"Silva","NEON_D07_MLBS_DP1_537000_4142000_classified_point_cloud.laz","2018_MLBS_3_537000_4142000_image.tif","Tree",1,537000,537999.999,4142000,4142999.999
"7006",7006,537358.565,537368.935,4142526.603,4142536.125,"Silva","NEON_D07_MLBS_DP1_537000_4142000_classified_point_cloud.laz","2018_MLBS_3_537000_4142000_image.tif","Tree",1,537000,537999.999,4142000,4142999.999
"7007",7007,537383.012,537392.486,4142525.533,4142534.488,"Silva","NEON_D07_MLBS_DP1_537000_4142000_classified_point_cloud.laz","2018_MLBS_3_537000_4142000_image.tif","Tree",1,537000,537999.999,4142000,4142999.999
"7008",7008,537399.675,537409.88,4142524.01,4142531.988,"Silva","NEON_D07_MLBS_DP1_537000_4142000_classified_point_cloud.laz","2018_MLBS_3_537000_4142000_image.tif","Tree",1,537000,537999.999,4142000,4142999.999
"7009",7009,537417.62,537425.499,4142524.074,4142533.173,"Silva","NEON_D07_MLBS_DP1_537000_4142000_classified_point_cloud.laz","2018_MLBS_3_537000_4142000_image.tif","Tree",1,537000,537999.999,4142000,4142999.999
"7010",7010,537362.035,537367.995,4142521.008,4142531.612,"Silva","NEON_D07_MLBS_DP1_537000_4142000_classified_point_cloud.laz","2018_MLBS_3_537000_4142000_image.tif","Tree",1,537000,537999.999,4142000,4142999.999
"7011",7011,537413.01,537419.969,4142522.041,4142530.484,"Silva","NEON_D07_MLBS_DP1_537000_4142000_classified_point_cloud.laz","2018_MLBS_3_537000_4142000_image.tif","Tree",1,537000,537999.999,4142000,4142999.999
"7012",7012,537366.096,537374.456,4142521.043,4142533.981,"Silva","NEON_D07_MLBS_DP1_537000_4142000_classified_point_cloud.laz","2018_MLBS_3_537000_4142000_image.tif","Tree",1,537000,537999.999,4142000,4142999.999
"7013",7013,537354.037,537362.866,4142520.03,4142528.999,"Silva","NEON_D07_MLBS_DP1_537000_4142000_classified_point_cloud.laz","2018_MLBS_3_537000_4142000_image.tif","Tree",1,537000,537999.999,4142000,4142999.999
"7014",7014,537388.05,537397.977,4142520.542,4142527.389,"Silva","NEON_D07_MLBS_DP1_537000_4142000_classified_point_cloud.laz","2018_MLBS_3_537000_4142000_image.tif","Tree",1,537000,537999.999,4142000,4142999.999
"7015",7015,537408.067,537414.851,4142517.534,4142528.912,"Silva","NEON_D07_MLBS_DP1_537000_4142000_classified_point_cloud.laz","2018_MLBS_3_537000_4142000_image.tif","Tree",1,537000,537999.999,4142000,4142999.999
"7016",7016,537374.537,537383.494,4142519.047,4142527.458,"Silva","NEON_D07_MLBS_DP1_537000_4142000_classified_point_cloud.laz","2018_MLBS_3_537000_4142000_image.tif","Tree",1,537000,537999.999,4142000,4142999.999
"7017",7017,537383.51,537391.733,4142520.014,4142526,"Silva","NEON_D07_MLBS_DP1_537000_4142000_classified_point_cloud.laz","2018_MLBS_3_537000_4142000_image.tif","Tree",1,537000,537999.999,4142000,4142999.999
"7018",7018,537398.515,537410.999,4142515.034,4142524.792,"Silva","NEON_D07_MLBS_DP1_537000_4142000_classified_point_cloud.laz","2018_MLBS_3_537000_4142000_image.tif","Tree",1,537000,537999.999,4142000,4142999.999
"7019",7019,537416.384,537423.996,4142515.513,4142524.489,"Silva","NEON_D07_MLBS_DP1_537000_4142000_classified_point_cloud.laz","2018_MLBS_3_537000_4142000_image.tif","Tree",1,537000,537999.999,4142000,4142999.999
"7020",7020,537381.536,537389.493,4142515.716,4142523.758,"Silva","NEON_D07_MLBS_DP1_537000_4142000_classified_point_cloud.laz","2018_MLBS_3_537000_4142000_image.tif","Tree",1,537000,537999.999,4142000,4142999.999
"7021",7021,537368.537,537376.496,4142516.745,4142524.293,"Silva","NEON_D07_MLBS_DP1_537000_4142000_classified_point_cloud.laz","2018_MLBS_3_537000_4142000_image.tif","Tree",1,537000,537999.999,4142000,4142999.999
"7022",7022,537373.542,537382.277,4142512.507,4142520.472,"Silva","NEON_D07_MLBS_DP1_537000_4142000_classified_point_cloud.laz","2018_MLBS_3_537000_4142000_image.tif","Tree",1,537000,537999.999,4142000,4142999.999
"7023",7023,537363.477,537370.965,4142511.623,4142521.471,"Silva","NEON_D07_MLBS_DP1_537000_4142000_classified_point_cloud.laz","2018_MLBS_3_537000_4142000_image.tif","Tree",1,537000,537999.999,4142000,4142999.999
"7024",7024,537383.354,537391.299,4142514.007,4142519.988,"Silva","NEON_D07_MLBS_DP1_537000_4142000_classified_point_cloud.laz","2018_MLBS_3_537000_4142000_image.tif","Tree",1,537000,537999.999,4142000,4142999.999
"7025",7025,537354.7,537364.487,4142510.002,4142520.991,"Silva","NEON_D07_MLBS_DP1_537000_4142000_classified_point_cloud.laz","2018_MLBS_3_537000_4142000_image.tif","Tree",1,537000,537999.999,4142000,4142999.999
"7026",7026,537390.119,537400.495,4142510.006,4142521.844,"Silva","NEON_D07_MLBS_DP1_537000_4142000_classified_point_cloud.laz","2018_MLBS_3_537000_4142000_image.tif","Tree",1,537000,537999.999,4142000,4142999.999
"7027",7027,537409.621,537421.641,4142512.03,4142519.879,"Silva","NEON_D07_MLBS_DP1_537000_4142000_classified_point_cloud.laz","2018_MLBS_3_537000_4142000_image.tif","Tree",1,537000,537999.999,4142000,4142999.999
"7028",7028,537369.534,537378.949,4142508.501,4142516.847,"Silva","NEON_D07_MLBS_DP1_537000_4142000_classified_point_cloud.laz","2018_MLBS_3_537000_4142000_image.tif","Tree",1,537000,537999.999,4142000,4142999.999
"7029",7029,537385.134,537393.999,4142508.081,4142513.999,"Silva","NEON_D07_MLBS_DP1_537000_4142000_classified_point_cloud.laz","2018_MLBS_3_537000_4142000_image.tif","Tree",1,537000,537999.999,4142000,4142999.999
"7030",7030,537417.546,537423.963,4142506.502,4142515.36,"Silva","NEON_D07_MLBS_DP1_537000_4142000_classified_point_cloud.laz","2018_MLBS_3_537000_4142000_image.tif","Tree",1,537000,537999.999,4142000,4142999.999
"7031",7031,537410.546,537418.486,4142505.516,4142513.498,"Silva","NEON_D07_MLBS_DP1_537000_4142000_classified_point_cloud.laz","2018_MLBS_3_537000_4142000_image.tif","Tree",1,537000,537999.999,4142000,4142999.999
"7032",7032,537378.087,537386.98,4142507.108,4142515.468,"Silva","NEON_D07_MLBS_DP1_537000_4142000_classified_point_cloud.laz","2018_MLBS_3_537000_4142000_image.tif","Tree",1,537000,537999.999,4142000,4142999.999
"7033",7033,537398.147,537409.994,4142505.516,4142516.5,"Silva","NEON_D07_MLBS_DP1_537000_4142000_classified_point_cloud.laz","2018_MLBS_3_537000_4142000_image.tif","Tree",1,537000,537999.999,4142000,4142999.999
"7034",7034,537408.057,537417.858,4142501.51,4142513.298,"Silva","NEON_D07_MLBS_DP1_537000_4142000_classified_point_cloud.laz","2018_MLBS_3_537000_4142000_image.tif","Tree",1,537000,537999.999,4142000,4142999.999
"7035",7035,537353.692,537364.488,4142499.527,4142510.498,"Silva","NEON_D07_MLBS_DP1_537000_4142000_classified_point_cloud.laz","2018_MLBS_3_537000_4142000_image.tif","Tree",1,537000,537999.999,4142000,4142999.999
"7036",7036,537378.039,537386.388,4142503.507,4142508.763,"Silva","NEON_D07_MLBS_DP1_537000_4142000_classified_point_cloud.laz","2018_MLBS_3_537000_4142000_image.tif","Tree",1,537000,537999.999,4142000,4142999.999
"7037",7037,537392.558,537401.481,4142499.517,4142510.991,"Silva","NEON_D07_MLBS_DP1_537000_4142000_classified_point_cloud.laz","2018_MLBS_3_537000_4142000_image.tif","Tree",1,537000,537999.999,4142000,4142999.999
"7038",7038,537369.511,537379.47,4142498.097,4142508.907,"Silva","NEON_D07_MLBS_DP1_537000_4142000_classified_point_cloud.laz","2018_MLBS_3_537000_4142000_image.tif","Tree",1,537000,537999.999,4142000,4142999.999
"7039",7039,537378.524,537387.445,4142493.662,4142503.5,"Silva","NEON_D07_MLBS_DP1_537000_4142000_classified_point_cloud.laz","2018_MLBS_3_537000_4142000_image.tif","Tree",1,537000,537999.999,4142000,4142999.999
"7040",7040,537399.507,537409.468,4142498.501,4142505.475,"Silva","NEON_D07_MLBS_DP1_537000_4142000_classified_point_cloud.laz","2018_MLBS_3_537000_4142000_image.tif","Tree",1,537000,537999.999,4142000,4142999.999
"7041",7041,537421.085,537431.997,4142540.007,4142548.467,"Silva","NEON_D07_MLBS_DP1_537000_4142000_classified_point_cloud.laz","2018_MLBS_3_537000_4142000_image.tif","Tree",1,537000,537999.999,4142000,4142999.999
"7042",7042,537451.615,537458.998,4142538.584,4142545.991,"Silva","NEON_D07_MLBS_DP1_537000_4142000_classified_point_cloud.laz","2018_MLBS_3_537000_4142000_image.tif","Tree",1,537000,537999.999,4142000,4142999.999
"7043",7043,537441.197,537451.434,4142540.502,4142546.492,"Silva","NEON_D07_MLBS_DP1_537000_4142000_classified_point_cloud.laz","2018_MLBS_3_537000_4142000_image.tif","Tree",1,537000,537999.999,4142000,4142999.999
"7044",7044,537425.714,537437.965,4142534.518,4142542,"Silva","NEON_D07_MLBS_DP1_537000_4142000_classified_point_cloud.laz","2018_MLBS_3_537000_4142000_image.tif","Tree",1,537000,537999.999,4142000,4142999.999
"7045",7045,537421,537429.986,4142531.005,4142539.999,"Silva","NEON_D07_MLBS_DP1_537000_4142000_classified_point_cloud.laz","2018_MLBS_3_537000_4142000_image.tif","Tree",1,537000,537999.999,4142000,4142999.999
"7046",7046,537450.535,537457.986,4142530.013,4142538.987,"Silva","NEON_D07_MLBS_DP1_537000_4142000_classified_point_cloud.laz","2018_MLBS_3_537000_4142000_image.tif","Tree",1,537000,537999.999,4142000,4142999.999
"7047",7047,537429.037,537437.794,4142528.769,4142537.931,"Silva","NEON_D07_MLBS_DP1_537000_4142000_classified_point_cloud.laz","2018_MLBS_3_537000_4142000_image.tif","Tree",1,537000,537999.999,4142000,4142999.999
"7048",7048,537437.515,537443.949,4142523.503,4142538.497,"Silva","NEON_D07_MLBS_DP1_537000_4142000_classified_point_cloud.laz","2018_MLBS_3_537000_4142000_image.tif","Tree",1,537000,537999.999,4142000,4142999.999
"7049",7049,537433.197,537437.97,4142525.006,4142537.462,"Silva","NEON_D07_MLBS_DP1_537000_4142000_classified_point_cloud.laz","2018_MLBS_3_537000_4142000_image.tif","Tree",1,537000,537999.999,4142000,4142999.999
"7050",7050,537425.023,537433.492,4142524.572,4142532.493,"Silva","NEON_D07_MLBS_DP1_537000_4142000_classified_point_cloud.laz","2018_MLBS_3_537000_4142000_image.tif","Tree",1,537000,537999.999,4142000,4142999.999
"7051",7051,537441.081,537449.381,4142523.504,4142530.991,"Silva","NEON_D07_MLBS_DP1_537000_4142000_classified_point_cloud.laz","2018_MLBS_3_537000_4142000_image.tif","Tree",1,537000,537999.999,4142000,4142999.999
"7052",7052,537452.511,537461.913,4142523.059,4142531.469,"Silva","NEON_D07_MLBS_DP1_537000_4142000_classified_point_cloud.laz","2018_MLBS_3_537000_4142000_image.tif","Tree",1,537000,537999.999,4142000,4142999.999
"7053",7053,537447.506,537453.979,4142523.502,4142530.947,"Silva","NEON_D07_MLBS_DP1_537000_4142000_classified_point_cloud.laz","2018_MLBS_3_537000_4142000_image.tif","Tree",1,537000,537999.999,4142000,4142999.999
"7054",7054,537447.013,537452.48,4142514.502,4142523.499,"Silva","NEON_D07_MLBS_DP1_537000_4142000_classified_point_cloud.laz","2018_MLBS_3_537000_4142000_image.tif","Tree",1,537000,537999.999,4142000,4142999.999
"7055",7055,537430.037,537439.988,4142517.534,4142525.497,"Silva","NEON_D07_MLBS_DP1_537000_4142000_classified_point_cloud.laz","2018_MLBS_3_537000_4142000_image.tif","Tree",1,537000,537999.999,4142000,4142999.999
"7056",7056,537451.515,537457.998,4142515.503,4142524.462,"Silva","NEON_D07_MLBS_DP1_537000_4142000_classified_point_cloud.laz","2018_MLBS_3_537000_4142000_image.tif","Tree",1,537000,537999.999,4142000,4142999.999
"7057",7057,537424,537430.436,4142515.538,4142525.957,"Silva","NEON_D07_MLBS_DP1_537000_4142000_classified_point_cloud.laz","2018_MLBS_3_537000_4142000_image.tif","Tree",1,537000,537999.999,4142000,4142999.999
"7058",7058,537439.514,537449.946,4142514.509,4142523.498,"Silva","NEON_D07_MLBS_DP1_537000_4142000_classified_point_cloud.laz","2018_MLBS_3_537000_4142000_image.tif","Tree",1,537000,537999.999,4142000,4142999.999
"7059",7059,537428.239,537439.473,4142511.001,4142518.956,"Silva","NEON_D07_MLBS_DP1_537000_4142000_classified_point_cloud.laz","2018_MLBS_3_537000_4142000_image.tif","Tree",1,537000,537999.999,4142000,4142999.999
"7060",7060,537424.004,537433.993,4142509.035,4142516.5,"Silva","NEON_D07_MLBS_DP1_537000_4142000_classified_point_cloud.laz","2018_MLBS_3_537000_4142000_image.tif","Tree",1,537000,537999.999,4142000,4142999.999
"7061",7061,537435.224,537442.482,4142504.1,4142515.935,"Silva","NEON_D07_MLBS_DP1_537000_4142000_classified_point_cloud.laz","2018_MLBS_3_537000_4142000_image.tif","Tree",1,537000,537999.999,4142000,4142999.999
"7062",7062,537421.097,537427.954,4142506.012,4142513.497,"Silva","NEON_D07_MLBS_DP1_537000_4142000_classified_point_cloud.laz","2018_MLBS_3_537000_4142000_image.tif","Tree",1,537000,537999.999,4142000,4142999.999
"7063",7063,537440.039,537448.49,4142501.025,4142508.463,"Silva","NEON_D07_MLBS_DP1_537000_4142000_classified_point_cloud.laz","2018_MLBS_3_537000_4142000_image.tif","Tree",1,537000,537999.999,4142000,4142999.999
"7064",7064,537427.509,537436.448,4142499.504,4142510.97,"Silva","NEON_D07_MLBS_DP1_537000_4142000_classified_point_cloud.laz","2018_MLBS_3_537000_4142000_image.tif","Tree",1,537000,537999.999,4142000,4142999.999
"7065",7065,537417.128,537428.999,4142496.507,4142507.383,"Silva","NEON_D07_MLBS_DP1_537000_4142000_classified_point_cloud.laz","2018_MLBS_3_537000_4142000_image.tif","Tree",1,537000,537999.999,4142000,4142999.999
"7066",7066,537443.015,537451.979,4142499.524,4142509.468,"Silva","NEON_D07_MLBS_DP1_537000_4142000_classified_point_cloud.laz","2018_MLBS_3_537000_4142000_image.tif","Tree",1,537000,537999.999,4142000,4142999.999
"7067",7067,537429.01,537442.138,4142498.002,4142505.366,"Silva","NEON_D07_MLBS_DP1_537000_4142000_classified_point_cloud.laz","2018_MLBS_3_537000_4142000_image.tif","Tree",1,537000,537999.999,4142000,4142999.999
"7068",7068,537392.615,537401.491,4142541.503,4142551.778,"Silva","NEON_D07_MLBS_DP1_537000_4142000_classified_point_cloud.laz","2018_MLBS_3_537000_4142000_image.tif","Tree",1,537000,537999.999,4142000,4142999.999
"7069",7069,537364.504,537371.847,4142543.716,4142554.502,"Silva","NEON_D07_MLBS_DP1_537000_4142000_classified_point_cloud.laz","2018_MLBS_3_537000_4142000_image.tif","Tree",1,537000,537999.999,4142000,4142999.999
"7070",7070,537358.05,537364.485,4142546.002,4142556.968,"Silva","NEON_D07_MLBS_DP1_537000_4142000_classified_point_cloud.laz","2018_MLBS_3_537000_4142000_image.tif","Tree",1,537000,537999.999,4142000,4142999.999
"7071",7071,537416.029,537424.848,4142541.332,4142550.712,"Silva","NEON_D07_MLBS_DP1_537000_4142000_classified_point_cloud.laz","2018_MLBS_3_537000_4142000_image.tif","Tree",1,537000,537999.999,4142000,4142999.999
"7072",7072,537371.516,537380.45,4142545.549,4142552.998,"Silva","NEON_D07_MLBS_DP1_537000_4142000_classified_point_cloud.laz","2018_MLBS_3_537000_4142000_image.tif","Tree",1,537000,537999.999,4142000,4142999.999
"7073",7073,537409.576,537416.44,4142546.639,4142553.459,"Silva","NEON_D07_MLBS_DP1_537000_4142000_classified_point_cloud.laz","2018_MLBS_3_537000_4142000_image.tif","Tree",1,537000,537999.999,4142000,4142999.999
"7074",7074,537395.723,537404.496,4142550.003,4142559.464,"Silva","NEON_D07_MLBS_DP1_537000_4142000_classified_point_cloud.laz","2018_MLBS_3_537000_4142000_image.tif","Tree",1,537000,537999.999,4142000,4142999.999
"7075",7075,537388.049,537395.987,4142551.558,4142561.464,"Silva","NEON_D07_MLBS_DP1_537000_4142000_classified_point_cloud.laz","2018_MLBS_3_537000_4142000_image.tif","Tree",1,537000,537999.999,4142000,4142999.999
"7076",7076,537404,537411.409,4142554.025,4142562.473,"Silva","NEON_D07_MLBS_DP1_537000_4142000_classified_point_cloud.laz","2018_MLBS_3_537000_4142000_image.tif","Tree",1,537000,537999.999,4142000,4142999.999
"7077",7077,537414.002,537422.459,4142556.003,4142564.492,"Silva","NEON_D07_MLBS_DP1_537000_4142000_classified_point_cloud.laz","2018_MLBS_3_537000_4142000_image.tif","Tree",1,537000,537999.999,4142000,4142999.999
"7078",7078,537391.915,537399.896,4142556.147,4142565.296,"Silva","NEON_D07_MLBS_DP1_537000_4142000_classified_point_cloud.laz","2018_MLBS_3_537000_4142000_image.tif","Tree",1,537000,537999.999,4142000,4142999.999
"7079",7079,537375.505,537382.461,4142556.01,4142563.478,"Silva","NEON_D07_MLBS_DP1_537000_4142000_classified_point_cloud.laz","2018_MLBS_3_537000_4142000_image.tif","Tree",1,537000,537999.999,4142000,4142999.999
"7080",7080,537364.582,537375.474,4142558.549,4142565.49,"Silva","NEON_D07_MLBS_DP1_537000_4142000_classified_point_cloud.laz","2018_MLBS_3_537000_4142000_image.tif","Tree",1,537000,537999.999,4142000,4142999.999
"7081",7081,537409.669,537417.97,4142559.023,4142565.495,"Silva","NEON_D07_MLBS_DP1_537000_4142000_classified_point_cloud.laz","2018_MLBS_3_537000_4142000_image.tif","Tree",1,537000,537999.999,4142000,4142999.999
"7082",7082,537397.132,537405.986,4142558.512,4142565.563,"Silva","NEON_D07_MLBS_DP1_537000_4142000_classified_point_cloud.laz","2018_MLBS_3_537000_4142000_image.tif","Tree",1,537000,537999.999,4142000,4142999.999
"7083",7083,537379.501,537386.848,4142559.501,4142567.934,"Silva","NEON_D07_MLBS_DP1_537000_4142000_classified_point_cloud.laz","2018_MLBS_3_537000_4142000_image.tif","Tree",1,537000,537999.999,4142000,4142999.999
"7084",7084,537403.115,537410.422,4142561.014,4142567.535,"Silva","NEON_D07_MLBS_DP1_537000_4142000_classified_point_cloud.laz","2018_MLBS_3_537000_4142000_image.tif","Tree",1,537000,537999.999,4142000,4142999.999
"7085",7085,537410.502,537419.304,4142564.13,4142570.971,"Silva","NEON_D07_MLBS_DP1_537000_4142000_classified_point_cloud.laz","2018_MLBS_3_537000_4142000_image.tif","Tree",1,537000,537999.999,4142000,4142999.999
"7086",7086,537396.528,537404.807,4142565.015,4142574.437,"Silva","NEON_D07_MLBS_DP1_537000_4142000_classified_point_cloud.laz","2018_MLBS_3_537000_4142000_image.tif","Tree",1,537000,537999.999,4142000,4142999.999
"7087",7087,537378.5,537388.432,4142567.523,4142575.726,"Silva","NEON_D07_MLBS_DP1_537000_4142000_classified_point_cloud.laz","2018_MLBS_3_537000_4142000_image.tif","Tree",1,537000,537999.999,4142000,4142999.999
"7088",7088,537415.552,537424.99,4142570.526,4142575.708,"Silva","NEON_D07_MLBS_DP1_537000_4142000_classified_point_cloud.laz","2018_MLBS_3_537000_4142000_image.tif","Tree",1,537000,537999.999,4142000,4142999.999
"7089",7089,537401.002,537411.48,4142572.014,4142579.105,"Silva","NEON_D07_MLBS_DP1_537000_4142000_classified_point_cloud.laz","2018_MLBS_3_537000_4142000_image.tif","Tree",1,537000,537999.999,4142000,4142999.999
"7090",7090,537400.512,537411.751,4142578.532,4142586.988,"Silva","NEON_D07_MLBS_DP1_537000_4142000_classified_point_cloud.laz","2018_MLBS_3_537000_4142000_image.tif","Tree",1,537000,537999.999,4142000,4142999.999
"7091",7091,537420.525,537426.976,4142547.548,4142555.439,"Silva","NEON_D07_MLBS_DP1_537000_4142000_classified_point_cloud.laz","2018_MLBS_3_537000_4142000_image.tif","Tree",1,537000,537999.999,4142000,4142999.999
"7092",7092,537433.144,537440.486,4142551.043,4142555.465,"Silva","NEON_D07_MLBS_DP1_537000_4142000_classified_point_cloud.laz","2018_MLBS_3_537000_4142000_image.tif","Tree",1,537000,537999.999,4142000,4142999.999
"7093",7093,537449.635,537456.242,4142551.019,4142559.386,"Silva","NEON_D07_MLBS_DP1_537000_4142000_classified_point_cloud.laz","2018_MLBS_3_537000_4142000_image.tif","Tree",1,537000,537999.999,4142000,4142999.999
"7094",7094,537431.581,537437.457,4142554.238,4142559.477,"Silva","NEON_D07_MLBS_DP1_537000_4142000_classified_point_cloud.laz","2018_MLBS_3_537000_4142000_image.tif","Tree",1,537000,537999.999,4142000,4142999.999
"7095",7095,537421.525,537429.364,4142554.017,4142563.994,"Silva","NEON_D07_MLBS_DP1_537000_4142000_classified_point_cloud.laz","2018_MLBS_3_537000_4142000_image.tif","Tree",1,537000,537999.999,4142000,4142999.999
"7096",7096,537428.035,537433.766,4142555.502,4142564.922,"Silva","NEON_D07_MLBS_DP1_537000_4142000_classified_point_cloud.laz","2018_MLBS_3_537000_4142000_image.tif","Tree",1,537000,537999.999,4142000,4142999.999
"7097",7097,537441.744,537446.486,4142559.096,4142565.938,"Silva","NEON_D07_MLBS_DP1_537000_4142000_classified_point_cloud.laz","2018_MLBS_3_537000_4142000_image.tif","Tree",1,537000,537999.999,4142000,4142999.999
"7098",7098,537445.572,537452.457,4142561.008,4142569.299,"Silva","NEON_D07_MLBS_DP1_537000_4142000_classified_point_cloud.laz","2018_MLBS_3_537000_4142000_image.tif","Tree",1,537000,537999.999,4142000,4142999.999
"7099",7099,537420.513,537428.497,4142563.034,4142573.451,"Silva","NEON_D07_MLBS_DP1_537000_4142000_classified_point_cloud.laz","2018_MLBS_3_537000_4142000_image.tif","Tree",1,537000,537999.999,4142000,4142999.999
"7100",7100,537441.011,537448.913,4142566.027,4142571,"Silva","NEON_D07_MLBS_DP1_537000_4142000_classified_point_cloud.laz","2018_MLBS_3_537000_4142000_image.tif","Tree",1,537000,537999.999,4142000,4142999.999
"7101",7101,537438.531,537446.958,4142570.505,4142576.956,"Silva","NEON_D07_MLBS_DP1_537000_4142000_classified_point_cloud.laz","2018_MLBS_3_537000_4142000_image.tif","Tree",1,537000,537999.999,4142000,4142999.999
"7102",7102,537450.007,537454.998,4142569.75,4142577.983,"Silva","NEON_D07_MLBS_DP1_537000_4142000_classified_point_cloud.laz","2018_MLBS_3_537000_4142000_image.tif","Tree",1,537000,537999.999,4142000,4142999.999
"7103",7103,537424.507,537434.997,4142572.504,4142578.993,"Silva","NEON_D07_MLBS_DP1_537000_4142000_classified_point_cloud.laz","2018_MLBS_3_537000_4142000_image.tif","Tree",1,537000,537999.999,4142000,4142999.999
"7104",7104,537426.131,537435.971,4142576.547,4142582.999,"Silva","NEON_D07_MLBS_DP1_537000_4142000_classified_point_cloud.laz","2018_MLBS_3_537000_4142000_image.tif","Tree",1,537000,537999.999,4142000,4142999.999
"7105",7105,537437.616,537445.982,4142577.206,4142583.933,"Silva","NEON_D07_MLBS_DP1_537000_4142000_classified_point_cloud.laz","2018_MLBS_3_537000_4142000_image.tif","Tree",1,537000,537999.999,4142000,4142999.999
"7106",7106,537418.019,537427.357,4142578.138,4142588.487,"Silva","NEON_D07_MLBS_DP1_537000_4142000_classified_point_cloud.laz","2018_MLBS_3_537000_4142000_image.tif","Tree",1,537000,537999.999,4142000,4142999.999
"7107",7107,537435.033,537441.996,4142580.505,4142587.944,"Silva","NEON_D07_MLBS_DP1_537000_4142000_classified_point_cloud.laz","2018_MLBS_3_537000_4142000_image.tif","Tree",1,537000,537999.999,4142000,4142999.999
"7108",7108,537433.05,537437.917,4142582.68,4142588.934,"Silva","NEON_D07_MLBS_DP1_537000_4142000_classified_point_cloud.laz","2018_MLBS_3_537000_4142000_image.tif","Tree",1,537000,537999.999,4142000,4142999.999
"7109",7109,537437.015,537444.824,4142587.552,4142597.862,"Silva","NEON_D07_MLBS_DP1_537000_4142000_classified_point_cloud.laz","2018_MLBS_3_537000_4142000_image.tif","Tree",1,537000,537999.999,4142000,4142999.999
"7110",7110,537355.002,537366.917,4142557.078,4142570.864,"Silva","NEON_D07_MLBS_DP1_537000_4142000_classified_point_cloud.laz","2018_MLBS_3_537000_4142000_image.tif","Tree",1,537000,537999.999,4142000,4142999.999
"7111",7111,537383.514,537389.469,4142560.508,4142568.432,"Silva","NEON_D07_MLBS_DP1_537000_4142000_classified_point_cloud.laz","2018_MLBS_3_537000_4142000_image.tif","Tree",1,537000,537999.999,4142000,4142999.999
"7112",7112,537363.535,537376.96,4142551.026,4142558.999,"Silva","NEON_D07_MLBS_DP1_537000_4142000_classified_point_cloud.laz","2018_MLBS_3_537000_4142000_image.tif","Tree",1,537000,537999.999,4142000,4142999.999
"7113",7113,537385.113,537390.979,4142566.011,4142573.473,"Silva","NEON_D07_MLBS_DP1_537000_4142000_classified_point_cloud.laz","2018_MLBS_3_537000_4142000_image.tif","Tree",1,537000,537999.999,4142000,4142999.999
"7114",7114,537388.544,537396.687,4142561.501,4142571.472,"Silva","NEON_D07_MLBS_DP1_537000_4142000_classified_point_cloud.laz","2018_MLBS_3_537000_4142000_image.tif","Tree",1,537000,537999.999,4142000,4142999.999
"7115",7115,537364.193,537372.847,4142567.03,4142576.97,"Silva","NEON_D07_MLBS_DP1_537000_4142000_classified_point_cloud.laz","2018_MLBS_3_537000_4142000_image.tif","Tree",1,537000,537999.999,4142000,4142999.999
"7116",7116,537388,537400.992,4142570.347,4142582.963,"Silva","NEON_D07_MLBS_DP1_537000_4142000_classified_point_cloud.laz","2018_MLBS_3_537000_4142000_image.tif","Tree",1,537000,537999.999,4142000,4142999.999
"7117",7117,537372.104,537380.493,4142574.078,4142582.469,"Silva","NEON_D07_MLBS_DP1_537000_4142000_classified_point_cloud.laz","2018_MLBS_3_537000_4142000_image.tif","Tree",1,537000,537999.999,4142000,4142999.999
"7118",7118,537380.543,537390.957,4142574.548,4142581.955,"Silva","NEON_D07_MLBS_DP1_537000_4142000_classified_point_cloud.laz","2018_MLBS_3_537000_4142000_image.tif","Tree",1,537000,537999.999,4142000,4142999.999
"7119",7119,537409.733,537417.492,4142577.011,4142584.931,"Silva","NEON_D07_MLBS_DP1_537000_4142000_classified_point_cloud.laz","2018_MLBS_3_537000_4142000_image.tif","Tree",1,537000,537999.999,4142000,4142999.999
"7120",7120,537367.614,537377.495,4142582.022,4142588.33,"Silva","NEON_D07_MLBS_DP1_537000_4142000_classified_point_cloud.laz","2018_MLBS_3_537000_4142000_image.tif","Tree",1,537000,537999.999,4142000,4142999.999
"7121",7121,537386.502,537393.985,4142581.571,4142590.481,"Silva","NEON_D07_MLBS_DP1_537000_4142000_classified_point_cloud.laz","2018_MLBS_3_537000_4142000_image.tif","Tree",1,537000,537999.999,4142000,4142999.999
"7122",7122,537381.007,537386.988,4142585.323,4142591.105,"Silva","NEON_D07_MLBS_DP1_537000_4142000_classified_point_cloud.laz","2018_MLBS_3_537000_4142000_image.tif","Tree",1,537000,537999.999,4142000,4142999.999
"7123",7123,537374.504,537381.247,4142582.287,4142589.741,"Silva","NEON_D07_MLBS_DP1_537000_4142000_classified_point_cloud.laz","2018_MLBS_3_537000_4142000_image.tif","Tree",1,537000,537999.999,4142000,4142999.999
"7124",7124,537388.516,537394.913,4142585.765,4142594.472,"Silva","NEON_D07_MLBS_DP1_537000_4142000_classified_point_cloud.laz","2018_MLBS_3_537000_4142000_image.tif","Tree",1,537000,537999.999,4142000,4142999.999
"7125",7125,537406.521,537414.43,4142586.414,4142596.49,"Silva","NEON_D07_MLBS_DP1_537000_4142000_classified_point_cloud.laz","2018_MLBS_3_537000_4142000_image.tif","Tree",1,537000,537999.999,4142000,4142999.999
"7126",7126,537400.084,537406.489,4142586.573,4142593.867,"Silva","NEON_D07_MLBS_DP1_537000_4142000_classified_point_cloud.laz","2018_MLBS_3_537000_4142000_image.tif","Tree",1,537000,537999.999,4142000,4142999.999
"7127",7127,537370.099,537377.974,4142587.51,4142593.887,"Silva","NEON_D07_MLBS_DP1_537000_4142000_classified_point_cloud.laz","2018_MLBS_3_537000_4142000_image.tif","Tree",1,537000,537999.999,4142000,4142999.999
"7128",7128,537354.605,537363.424,4142588.028,4142598.972,"Silva","NEON_D07_MLBS_DP1_537000_4142000_classified_point_cloud.laz","2018_MLBS_3_537000_4142000_image.tif","Tree",1,537000,537999.999,4142000,4142999.999
"7129",7129,537385.038,537392.488,4142590.626,4142601.636,"Silva","NEON_D07_MLBS_DP1_537000_4142000_classified_point_cloud.laz","2018_MLBS_3_537000_4142000_image.tif","Tree",1,537000,537999.999,4142000,4142999.999
"7130",7130,537378.562,537387.493,4142593.101,4142604.952,"Silva","NEON_D07_MLBS_DP1_537000_4142000_classified_point_cloud.laz","2018_MLBS_3_537000_4142000_image.tif","Tree",1,537000,537999.999,4142000,4142999.999
"7131",7131,537370.57,537379.431,4142593.511,4142601.499,"Silva","NEON_D07_MLBS_DP1_537000_4142000_classified_point_cloud.laz","2018_MLBS_3_537000_4142000_image.tif","Tree",1,537000,537999.999,4142000,4142999.999
"7132",7132,537398.501,537404.989,4142596.651,4142603.955,"Silva","NEON_D07_MLBS_DP1_537000_4142000_classified_point_cloud.laz","2018_MLBS_3_537000_4142000_image.tif","Tree",1,537000,537999.999,4142000,4142999.999
"7133",7133,537404.505,537412.495,4142596.515,4142607.43,"Silva","NEON_D07_MLBS_DP1_537000_4142000_classified_point_cloud.laz","2018_MLBS_3_537000_4142000_image.tif","Tree",1,537000,537999.999,4142000,4142999.999
"7134",7134,537412.5,537422.471,4142596.105,4142604.891,"Silva","NEON_D07_MLBS_DP1_537000_4142000_classified_point_cloud.laz","2018_MLBS_3_537000_4142000_image.tif","Tree",1,537000,537999.999,4142000,4142999.999
"7135",7135,537398.001,537402.474,4142602.323,4142610.373,"Silva","NEON_D07_MLBS_DP1_537000_4142000_classified_point_cloud.laz","2018_MLBS_3_537000_4142000_image.tif","Tree",1,537000,537999.999,4142000,4142999.999
"7136",7136,537387.218,537399.377,4142602.6,4142613.999,"Silva","NEON_D07_MLBS_DP1_537000_4142000_classified_point_cloud.laz","2018_MLBS_3_537000_4142000_image.tif","Tree",1,537000,537999.999,4142000,4142999.999
"7137",7137,537373.521,537385.541,4142601.501,4142612.486,"Silva","NEON_D07_MLBS_DP1_537000_4142000_classified_point_cloud.laz","2018_MLBS_3_537000_4142000_image.tif","Tree",1,537000,537999.999,4142000,4142999.999
"7138",7138,537399.172,537409.426,4142604.185,4142611.982,"Silva","NEON_D07_MLBS_DP1_537000_4142000_classified_point_cloud.laz","2018_MLBS_3_537000_4142000_image.tif","Tree",1,537000,537999.999,4142000,4142999.999
"7139",7139,537417.516,537425.813,4142602.707,4142610.99,"Silva","NEON_D07_MLBS_DP1_537000_4142000_classified_point_cloud.laz","2018_MLBS_3_537000_4142000_image.tif","Tree",1,537000,537999.999,4142000,4142999.999
"7140",7140,537365,537377.432,4142606.048,4142614.839,"Silva","NEON_D07_MLBS_DP1_537000_4142000_classified_point_cloud.laz","2018_MLBS_3_537000_4142000_image.tif","Tree",1,537000,537999.999,4142000,4142999.999
"7141",7141,537423.518,537431.995,4142588.096,4142597.988,"Silva","NEON_D07_MLBS_DP1_537000_4142000_classified_point_cloud.laz","2018_MLBS_3_537000_4142000_image.tif","Tree",1,537000,537999.999,4142000,4142999.999
"7142",7142,537431.578,537442.895,4142596.6,4142604.28,"Silva","NEON_D07_MLBS_DP1_537000_4142000_classified_point_cloud.laz","2018_MLBS_3_537000_4142000_image.tif","Tree",1,537000,537999.999,4142000,4142999.999
"7143",7143,537429.501,537435.361,4142598.581,4142608.474,"Silva","NEON_D07_MLBS_DP1_537000_4142000_classified_point_cloud.laz","2018_MLBS_3_537000_4142000_image.tif","Tree",1,537000,537999.999,4142000,4142999.999
"7144",7144,537440.002,537447.477,4142600.505,4142612.474,"Silva","NEON_D07_MLBS_DP1_537000_4142000_classified_point_cloud.laz","2018_MLBS_3_537000_4142000_image.tif","Tree",1,537000,537999.999,4142000,4142999.999
"7145",7145,537432.54,537439.997,4142604.009,4142609.997,"Silva","NEON_D07_MLBS_DP1_537000_4142000_classified_point_cloud.laz","2018_MLBS_3_537000_4142000_image.tif","Tree",1,537000,537999.999,4142000,4142999.999
"7146",7146,537385.025,537392.957,4142671.136,4142678.994,"Silva","NEON_D07_MLBS_DP1_537000_4142000_classified_point_cloud.laz","2018_MLBS_3_537000_4142000_image.tif","Tree",1,537000,537999.999,4142000,4142999.999
"7147",7147,537366.523,537375.496,4142669.565,4142677.342,"Silva","NEON_D07_MLBS_DP1_537000_4142000_classified_point_cloud.laz","2018_MLBS_3_537000_4142000_image.tif","Tree",1,537000,537999.999,4142000,4142999.999
"7148",7148,537413.042,537422.382,4142669.765,4142677.744,"Silva","NEON_D07_MLBS_DP1_537000_4142000_classified_point_cloud.laz","2018_MLBS_3_537000_4142000_image.tif","Tree",1,537000,537999.999,4142000,4142999.999
"7149",7149,537379.712,537388.477,4142666.526,4142675.789,"Silva","NEON_D07_MLBS_DP1_537000_4142000_classified_point_cloud.laz","2018_MLBS_3_537000_4142000_image.tif","Tree",1,537000,537999.999,4142000,4142999.999
"7150",7150,537399.071,537404.499,4142667.585,4142675.707,"Silva","NEON_D07_MLBS_DP1_537000_4142000_classified_point_cloud.laz","2018_MLBS_3_537000_4142000_image.tif","Tree",1,537000,537999.999,4142000,4142999.999
"7151",7151,537359.004,537367.667,4142665.607,4142676.972,"Silva","NEON_D07_MLBS_DP1_537000_4142000_classified_point_cloud.laz","2018_MLBS_3_537000_4142000_image.tif","Tree",1,537000,537999.999,4142000,4142999.999
"7152",7152,537406.57,537413.479,4142665.628,4142674.498,"Silva","NEON_D07_MLBS_DP1_537000_4142000_classified_point_cloud.laz","2018_MLBS_3_537000_4142000_image.tif","Tree",1,537000,537999.999,4142000,4142999.999
"7153",7153,537395.017,537400.975,4142664.605,4142674.97,"Silva","NEON_D07_MLBS_DP1_537000_4142000_classified_point_cloud.laz","2018_MLBS_3_537000_4142000_image.tif","Tree",1,537000,537999.999,4142000,4142999.999
"7154",7154,537369.552,537379.86,4142663.506,4142671.41,"Silva","NEON_D07_MLBS_DP1_537000_4142000_classified_point_cloud.laz","2018_MLBS_3_537000_4142000_image.tif","Tree",1,537000,537999.999,4142000,4142999.999
"7155",7155,537387.536,537395.334,4142665.077,4142670.907,"Silva","NEON_D07_MLBS_DP1_537000_4142000_classified_point_cloud.laz","2018_MLBS_3_537000_4142000_image.tif","Tree",1,537000,537999.999,4142000,4142999.999
"7156",7156,537358.021,537369.993,4142659.005,4142670.881,"Silva","NEON_D07_MLBS_DP1_537000_4142000_classified_point_cloud.laz","2018_MLBS_3_537000_4142000_image.tif","Tree",1,537000,537999.999,4142000,4142999.999
"7157",7157,537411.095,537421.438,4142661.019,4142670.452,"Silva","NEON_D07_MLBS_DP1_537000_4142000_classified_point_cloud.laz","2018_MLBS_3_537000_4142000_image.tif","Tree",1,537000,537999.999,4142000,4142999.999
"7158",7158,537375.52,537385.453,4142658.703,4142669.332,"Silva","NEON_D07_MLBS_DP1_537000_4142000_classified_point_cloud.laz","2018_MLBS_3_537000_4142000_image.tif","Tree",1,537000,537999.999,4142000,4142999.999
"7159",7159,537384.517,537395.46,4142658.502,4142667.441,"Silva","NEON_D07_MLBS_DP1_537000_4142000_classified_point_cloud.laz","2018_MLBS_3_537000_4142000_image.tif","Tree",1,537000,537999.999,4142000,4142999.999
"7160",7160,537402.515,537408.456,4142660.032,4142667.417,"Silva","NEON_D07_MLBS_DP1_537000_4142000_classified_point_cloud.laz","2018_MLBS_3_537000_4142000_image.tif","Tree",1,537000,537999.999,4142000,4142999.999
"7161",7161,537395.52,537402.498,4142660.002,4142667.47,"Silva","NEON_D07_MLBS_DP1_537000_4142000_classified_point_cloud.laz","2018_MLBS_3_537000_4142000_image.tif","Tree",1,537000,537999.999,4142000,4142999.999
"7162",7162,537362.645,537373.998,4142655.006,4142664.47,"Silva","NEON_D07_MLBS_DP1_537000_4142000_classified_point_cloud.laz","2018_MLBS_3_537000_4142000_image.tif","Tree",1,537000,537999.999,4142000,4142999.999
"7163",7163,537402.537,537409.456,4142652.543,4142660.92,"Silva","NEON_D07_MLBS_DP1_537000_4142000_classified_point_cloud.laz","2018_MLBS_3_537000_4142000_image.tif","Tree",1,537000,537999.999,4142000,4142999.999
"7164",7164,537392.007,537398.995,4142652.283,4142661.238,"Silva","NEON_D07_MLBS_DP1_537000_4142000_classified_point_cloud.laz","2018_MLBS_3_537000_4142000_image.tif","Tree",1,537000,537999.999,4142000,4142999.999
"7165",7165,537399.012,537403.868,4142653.503,4142659.998,"Silva","NEON_D07_MLBS_DP1_537000_4142000_classified_point_cloud.laz","2018_MLBS_3_537000_4142000_image.tif","Tree",1,537000,537999.999,4142000,4142999.999
"7166",7166,537382.5,537393.974,4142650.507,4142658.49,"Silva","NEON_D07_MLBS_DP1_537000_4142000_classified_point_cloud.laz","2018_MLBS_3_537000_4142000_image.tif","Tree",1,537000,537999.999,4142000,4142999.999
"7167",7167,537372.011,537382.467,4142647.686,4142655.935,"Silva","NEON_D07_MLBS_DP1_537000_4142000_classified_point_cloud.laz","2018_MLBS_3_537000_4142000_image.tif","Tree",1,537000,537999.999,4142000,4142999.999
"7168",7168,537395.114,537404.93,4142647.254,4142654.413,"Silva","NEON_D07_MLBS_DP1_537000_4142000_classified_point_cloud.laz","2018_MLBS_3_537000_4142000_image.tif","Tree",1,537000,537999.999,4142000,4142999.999
"7169",7169,537364.086,537372.473,4142648.506,4142655.945,"Silva","NEON_D07_MLBS_DP1_537000_4142000_classified_point_cloud.laz","2018_MLBS_3_537000_4142000_image.tif","Tree",1,537000,537999.999,4142000,4142999.999
"7170",7170,537405.549,537415.457,4142648.008,4142656.488,"Silva","NEON_D07_MLBS_DP1_537000_4142000_classified_point_cloud.laz","2018_MLBS_3_537000_4142000_image.tif","Tree",1,537000,537999.999,4142000,4142999.999
"7171",7171,537369.541,537377.764,4142646.011,4142650.989,"Silva","NEON_D07_MLBS_DP1_537000_4142000_classified_point_cloud.laz","2018_MLBS_3_537000_4142000_image.tif","Tree",1,537000,537999.999,4142000,4142999.999
"7172",7172,537398.005,537405.997,4142640.009,4142651.96,"Silva","NEON_D07_MLBS_DP1_537000_4142000_classified_point_cloud.laz","2018_MLBS_3_537000_4142000_image.tif","Tree",1,537000,537999.999,4142000,4142999.999
"7173",7173,537359.139,537365.905,4142640.187,4142650.972,"Silva","NEON_D07_MLBS_DP1_537000_4142000_classified_point_cloud.laz","2018_MLBS_3_537000_4142000_image.tif","Tree",1,537000,537999.999,4142000,4142999.999
"7174",7174,537365.003,537371.649,4142640.024,4142648.485,"Silva","NEON_D07_MLBS_DP1_537000_4142000_classified_point_cloud.laz","2018_MLBS_3_537000_4142000_image.tif","Tree",1,537000,537999.999,4142000,4142999.999
"7175",7175,537379.013,537388.194,4142638.04,4142650.59,"Silva","NEON_D07_MLBS_DP1_537000_4142000_classified_point_cloud.laz","2018_MLBS_3_537000_4142000_image.tif","Tree",1,537000,537999.999,4142000,4142999.999
"7176",7176,537370.502,537378.999,4142639.142,4142647.774,"Silva","NEON_D07_MLBS_DP1_537000_4142000_classified_point_cloud.laz","2018_MLBS_3_537000_4142000_image.tif","Tree",1,537000,537999.999,4142000,4142999.999
"7177",7177,537410.152,537419.49,4142638.043,4142645.802,"Silva","NEON_D07_MLBS_DP1_537000_4142000_classified_point_cloud.laz","2018_MLBS_3_537000_4142000_image.tif","Tree",1,537000,537999.999,4142000,4142999.999
"7178",7178,537407.574,537418.478,4142633.623,4142641.96,"Silva","NEON_D07_MLBS_DP1_537000_4142000_classified_point_cloud.laz","2018_MLBS_3_537000_4142000_image.tif","Tree",1,537000,537999.999,4142000,4142999.999
"7179",7179,537357.005,537364.458,4142633.501,4142641.418,"Silva","NEON_D07_MLBS_DP1_537000_4142000_classified_point_cloud.laz","2018_MLBS_3_537000_4142000_image.tif","Tree",1,537000,537999.999,4142000,4142999.999
"7180",7180,537371.517,537380.957,4142630.099,4142639.971,"Silva","NEON_D07_MLBS_DP1_537000_4142000_classified_point_cloud.laz","2018_MLBS_3_537000_4142000_image.tif","Tree",1,537000,537999.999,4142000,4142999.999
"7181",7181,537364.046,537371.996,4142631.008,4142639.988,"Silva","NEON_D07_MLBS_DP1_537000_4142000_classified_point_cloud.laz","2018_MLBS_3_537000_4142000_image.tif","Tree",1,537000,537999.999,4142000,4142999.999
"7182",7182,537379.518,537390.936,4142627.03,4142638.498,"Silva","NEON_D07_MLBS_DP1_537000_4142000_classified_point_cloud.laz","2018_MLBS_3_537000_4142000_image.tif","Tree",1,537000,537999.999,4142000,4142999.999
"7183",7183,537355.074,537364.47,4142628.554,4142633.994,"Silva","NEON_D07_MLBS_DP1_537000_4142000_classified_point_cloud.laz","2018_MLBS_3_537000_4142000_image.tif","Tree",1,537000,537999.999,4142000,4142999.999
"7184",7184,537366.055,537372.982,4142627.634,4142633.47,"Silva","NEON_D07_MLBS_DP1_537000_4142000_classified_point_cloud.laz","2018_MLBS_3_537000_4142000_image.tif","Tree",1,537000,537999.999,4142000,4142999.999
"7185",7185,537393.522,537403.417,4142628.003,4142635.451,"Silva","NEON_D07_MLBS_DP1_537000_4142000_classified_point_cloud.laz","2018_MLBS_3_537000_4142000_image.tif","Tree",1,537000,537999.999,4142000,4142999.999
"7186",7186,537370.521,537379.449,4142624.809,4142632.828,"Silva","NEON_D07_MLBS_DP1_537000_4142000_classified_point_cloud.laz","2018_MLBS_3_537000_4142000_image.tif","Tree",1,537000,537999.999,4142000,4142999.999
"7187",7187,537385.796,537394.917,4142625.753,4142635.119,"Silva","NEON_D07_MLBS_DP1_537000_4142000_classified_point_cloud.laz","2018_MLBS_3_537000_4142000_image.tif","Tree",1,537000,537999.999,4142000,4142999.999
"7188",7188,537408.298,537415.439,4142624.039,4142632.489,"Silva","NEON_D07_MLBS_DP1_537000_4142000_classified_point_cloud.laz","2018_MLBS_3_537000_4142000_image.tif","Tree",1,537000,537999.999,4142000,4142999.999
"7189",7189,537355.232,537361.491,4142623.841,4142630.495,"Silva","NEON_D07_MLBS_DP1_537000_4142000_classified_point_cloud.laz","2018_MLBS_3_537000_4142000_image.tif","Tree",1,537000,537999.999,4142000,4142999.999
"7190",7190,537363.551,537371.956,4142622.588,4142630.963,"Silva","NEON_D07_MLBS_DP1_537000_4142000_classified_point_cloud.laz","2018_MLBS_3_537000_4142000_image.tif","Tree",1,537000,537999.999,4142000,4142999.999
"7191",7191,537404.033,537411.449,4142624.035,4142630.497,"Silva","NEON_D07_MLBS_DP1_537000_4142000_classified_point_cloud.laz","2018_MLBS_3_537000_4142000_image.tif","Tree",1,537000,537999.999,4142000,4142999.999
"7192",7192,537394.028,537400.941,4142621.169,4142628.411,"Silva","NEON_D07_MLBS_DP1_537000_4142000_classified_point_cloud.laz","2018_MLBS_3_537000_4142000_image.tif","Tree",1,537000,537999.999,4142000,4142999.999
"7193",7193,537400.025,537405.994,4142621.074,4142630.487,"Silva","NEON_D07_MLBS_DP1_537000_4142000_classified_point_cloud.laz","2018_MLBS_3_537000_4142000_image.tif","Tree",1,537000,537999.999,4142000,4142999.999
"7194",7194,537357.511,537365.98,4142618.706,4142623.999,"Silva","NEON_D07_MLBS_DP1_537000_4142000_classified_point_cloud.laz","2018_MLBS_3_537000_4142000_image.tif","Tree",1,537000,537999.999,4142000,4142999.999
"7195",7195,537378.01,537385.957,4142617.785,4142628.468,"Silva","NEON_D07_MLBS_DP1_537000_4142000_classified_point_cloud.laz","2018_MLBS_3_537000_4142000_image.tif","Tree",1,537000,537999.999,4142000,4142999.999
"7196",7196,537372.017,537378.982,4142614.717,4142626.912,"Silva","NEON_D07_MLBS_DP1_537000_4142000_classified_point_cloud.laz","2018_MLBS_3_537000_4142000_image.tif","Tree",1,537000,537999.999,4142000,4142999.999
"7197",7197,537415.52,537425.49,4142610.535,4142619.472,"Silva","NEON_D07_MLBS_DP1_537000_4142000_classified_point_cloud.laz","2018_MLBS_3_537000_4142000_image.tif","Tree",1,537000,537999.999,4142000,4142999.999
"7198",7198,537403.506,537412.992,4142608.591,4142617.982,"Silva","NEON_D07_MLBS_DP1_537000_4142000_classified_point_cloud.laz","2018_MLBS_3_537000_4142000_image.tif","Tree",1,537000,537999.999,4142000,4142999.999
"7199",7199,537399.094,537405.986,4142611.508,4142619.936,"Silva","NEON_D07_MLBS_DP1_537000_4142000_classified_point_cloud.laz","2018_MLBS_3_537000_4142000_image.tif","Tree",1,537000,537999.999,4142000,4142999.999
"7200",7200,537392.032,537403.617,4142612.035,4142622.484,"Silva","NEON_D07_MLBS_DP1_537000_4142000_classified_point_cloud.laz","2018_MLBS_3_537000_4142000_image.tif","Tree",1,537000,537999.999,4142000,4142999.999
"7201",7201,537433.501,537442.917,4142666.069,4142680.971,"Silva","NEON_D07_MLBS_DP1_537000_4142000_classified_point_cloud.laz","2018_MLBS_3_537000_4142000_image.tif","Tree",1,537000,537999.999,4142000,4142999.999
"7202",7202,537426.558,537434.462,4142669.078,4142678.901,"Silva","NEON_D07_MLBS_DP1_537000_4142000_classified_point_cloud.laz","2018_MLBS_3_537000_4142000_image.tif","Tree",1,537000,537999.999,4142000,4142999.999
"7203",7203,537428.5,537436.385,4142662.58,4142670.803,"Silva","NEON_D07_MLBS_DP1_537000_4142000_classified_point_cloud.laz","2018_MLBS_3_537000_4142000_image.tif","Tree",1,537000,537999.999,4142000,4142999.999
"7204",7204,537421.006,537428.491,4142662.245,4142672.495,"Silva","NEON_D07_MLBS_DP1_537000_4142000_classified_point_cloud.laz","2018_MLBS_3_537000_4142000_image.tif","Tree",1,537000,537999.999,4142000,4142999.999
"7205",7205,537416.536,537427.995,4142656.002,4142664.885,"Silva","NEON_D07_MLBS_DP1_537000_4142000_classified_point_cloud.laz","2018_MLBS_3_537000_4142000_image.tif","Tree",1,537000,537999.999,4142000,4142999.999
"7206",7206,537434.123,537445.723,4142646.511,4142658.841,"Silva","NEON_D07_MLBS_DP1_537000_4142000_classified_point_cloud.laz","2018_MLBS_3_537000_4142000_image.tif","Tree",1,537000,537999.999,4142000,4142999.999
"7207",7207,537423.127,537430.481,4142646.505,4142652.899,"Silva","NEON_D07_MLBS_DP1_537000_4142000_classified_point_cloud.laz","2018_MLBS_3_537000_4142000_image.tif","Tree",1,537000,537999.999,4142000,4142999.999
"7208",7208,537422.023,537431.989,4142641.015,4142646.986,"Silva","NEON_D07_MLBS_DP1_537000_4142000_classified_point_cloud.laz","2018_MLBS_3_537000_4142000_image.tif","Tree",1,537000,537999.999,4142000,4142999.999
"7209",7209,537442.093,537446.478,4142633.506,4142639.886,"Silva","NEON_D07_MLBS_DP1_537000_4142000_classified_point_cloud.laz","2018_MLBS_3_537000_4142000_image.tif","Tree",1,537000,537999.999,4142000,4142999.999
"7210",7210,537418.061,537427.869,4142632.055,4142638.439,"Silva","NEON_D07_MLBS_DP1_537000_4142000_classified_point_cloud.laz","2018_MLBS_3_537000_4142000_image.tif","Tree",1,537000,537999.999,4142000,4142999.999
"7211",7211,537437.001,537443.865,4142632.054,4142637.44,"Silva","NEON_D07_MLBS_DP1_537000_4142000_classified_point_cloud.laz","2018_MLBS_3_537000_4142000_image.tif","Tree",1,537000,537999.999,4142000,4142999.999
"7212",7212,537428.085,537436.998,4142631.07,4142640.787,"Silva","NEON_D07_MLBS_DP1_537000_4142000_classified_point_cloud.laz","2018_MLBS_3_537000_4142000_image.tif","Tree",1,537000,537999.999,4142000,4142999.999
"7213",7213,537426.016,537432.821,4142625.135,4142634.483,"Silva","NEON_D07_MLBS_DP1_537000_4142000_classified_point_cloud.laz","2018_MLBS_3_537000_4142000_image.tif","Tree",1,537000,537999.999,4142000,4142999.999
"7214",7214,537419.593,537426.993,4142624.69,4142632.997,"Silva","NEON_D07_MLBS_DP1_537000_4142000_classified_point_cloud.laz","2018_MLBS_3_537000_4142000_image.tif","Tree",1,537000,537999.999,4142000,4142999.999
"7215",7215,537434.013,537442.477,4142623.166,4142633.331,"Silva","NEON_D07_MLBS_DP1_537000_4142000_classified_point_cloud.laz","2018_MLBS_3_537000_4142000_image.tif","Tree",1,537000,537999.999,4142000,4142999.999
"7216",7216,537425.503,537433.492,4142610.609,4142619.479,"Silva","NEON_D07_MLBS_DP1_537000_4142000_classified_point_cloud.laz","2018_MLBS_3_537000_4142000_image.tif","Tree",1,537000,537999.999,4142000,4142999.999
"7217",7217,537435.514,537445.997,4142612.501,4142623.25,"Silva","NEON_D07_MLBS_DP1_537000_4142000_classified_point_cloud.laz","2018_MLBS_3_537000_4142000_image.tif","Tree",1,537000,537999.999,4142000,4142999.999
"7218",7218,537373.5,537384.494,4142739.507,4142746.982,"Silva","NEON_D07_MLBS_DP1_537000_4142000_classified_point_cloud.laz","2018_MLBS_3_537000_4142000_image.tif","Tree",1,537000,537999.999,4142000,4142999.999
"7219",7219,537395.529,537401.49,4142736.019,4142746.455,"Silva","NEON_D07_MLBS_DP1_537000_4142000_classified_point_cloud.laz","2018_MLBS_3_537000_4142000_image.tif","Tree",1,537000,537999.999,4142000,4142999.999
"7220",7220,537401.515,537406.928,4142736.045,4142742.886,"Silva","NEON_D07_MLBS_DP1_537000_4142000_classified_point_cloud.laz","2018_MLBS_3_537000_4142000_image.tif","Tree",1,537000,537999.999,4142000,4142999.999
"7221",7221,537404.054,537410.984,4142733.508,4142741.317,"Silva","NEON_D07_MLBS_DP1_537000_4142000_classified_point_cloud.laz","2018_MLBS_3_537000_4142000_image.tif","Tree",1,537000,537999.999,4142000,4142999.999
"7222",7222,537411.008,537419.473,4142729.033,4142743.885,"Silva","NEON_D07_MLBS_DP1_537000_4142000_classified_point_cloud.laz","2018_MLBS_3_537000_4142000_image.tif","Tree",1,537000,537999.999,4142000,4142999.999
"7223",7223,537397.018,537404.498,4142728.662,4142736.973,"Silva","NEON_D07_MLBS_DP1_537000_4142000_classified_point_cloud.laz","2018_MLBS_3_537000_4142000_image.tif","Tree",1,537000,537999.999,4142000,4142999.999
"7224",7224,537378.87,537388.797,4142729.526,4142736.971,"Silva","NEON_D07_MLBS_DP1_537000_4142000_classified_point_cloud.laz","2018_MLBS_3_537000_4142000_image.tif","Tree",1,537000,537999.999,4142000,4142999.999
"7225",7225,537391.004,537398.448,4142727.657,4142736.468,"Silva","NEON_D07_MLBS_DP1_537000_4142000_classified_point_cloud.laz","2018_MLBS_3_537000_4142000_image.tif","Tree",1,537000,537999.999,4142000,4142999.999
"7226",7226,537403,537414.878,4142728.062,4142734.986,"Silva","NEON_D07_MLBS_DP1_537000_4142000_classified_point_cloud.laz","2018_MLBS_3_537000_4142000_image.tif","Tree",1,537000,537999.999,4142000,4142999.999
"7227",7227,537384.552,537390.986,4142727.009,4142734.5,"Silva","NEON_D07_MLBS_DP1_537000_4142000_classified_point_cloud.laz","2018_MLBS_3_537000_4142000_image.tif","Tree",1,537000,537999.999,4142000,4142999.999
"7228",7228,537352.512,537361.442,4142722.674,4142730.994,"Silva","NEON_D07_MLBS_DP1_537000_4142000_classified_point_cloud.laz","2018_MLBS_3_537000_4142000_image.tif","Tree",1,537000,537999.999,4142000,4142999.999
"7229",7229,537397.043,537404.499,4142723.59,4142730.472,"Silva","NEON_D07_MLBS_DP1_537000_4142000_classified_point_cloud.laz","2018_MLBS_3_537000_4142000_image.tif","Tree",1,537000,537999.999,4142000,4142999.999
"7230",7230,537365.041,537375.924,4142724.502,4142732.935,"Silva","NEON_D07_MLBS_DP1_537000_4142000_classified_point_cloud.laz","2018_MLBS_3_537000_4142000_image.tif","Tree",1,537000,537999.999,4142000,4142999.999
"7231",7231,537371.015,537376.989,4142719.083,4142729.865,"Silva","NEON_D07_MLBS_DP1_537000_4142000_classified_point_cloud.laz","2018_MLBS_3_537000_4142000_image.tif","Tree",1,537000,537999.999,4142000,4142999.999
"7232",7232,537376.505,537384.979,4142720.502,4142725.922,"Silva","NEON_D07_MLBS_DP1_537000_4142000_classified_point_cloud.laz","2018_MLBS_3_537000_4142000_image.tif","Tree",1,537000,537999.999,4142000,4142999.999
"7233",7233,537365.004,537371.958,4142720.511,4142728.181,"Silva","NEON_D07_MLBS_DP1_537000_4142000_classified_point_cloud.laz","2018_MLBS_3_537000_4142000_image.tif","Tree",1,537000,537999.999,4142000,4142999.999
"7234",7234,537355.003,537364.999,4142717.001,4142729.995,"Silva","NEON_D07_MLBS_DP1_537000_4142000_classified_point_cloud.laz","2018_MLBS_3_537000_4142000_image.tif","Tree",1,537000,537999.999,4142000,4142999.999
"7235",7235,537408.004,537416.979,4142717.531,4142728.486,"Silva","NEON_D07_MLBS_DP1_537000_4142000_classified_point_cloud.laz","2018_MLBS_3_537000_4142000_image.tif","Tree",1,537000,537999.999,4142000,4142999.999
"7236",7236,537388.645,537398.498,4142702.512,4142707.975,"Silva","NEON_D07_MLBS_DP1_537000_4142000_classified_point_cloud.laz","2018_MLBS_3_537000_4142000_image.tif","Tree",1,537000,537999.999,4142000,4142999.999
"7237",7237,537371.011,537380.498,4142696.103,4142705.45,"Silva","NEON_D07_MLBS_DP1_537000_4142000_classified_point_cloud.laz","2018_MLBS_3_537000_4142000_image.tif","Tree",1,537000,537999.999,4142000,4142999.999
"7238",7238,537379.559,537389.877,4142695.733,4142704.498,"Silva","NEON_D07_MLBS_DP1_537000_4142000_classified_point_cloud.laz","2018_MLBS_3_537000_4142000_image.tif","Tree",1,537000,537999.999,4142000,4142999.999
"7239",7239,537366.057,537376.43,4142697.005,4142703.49,"Silva","NEON_D07_MLBS_DP1_537000_4142000_classified_point_cloud.laz","2018_MLBS_3_537000_4142000_image.tif","Tree",1,537000,537999.999,4142000,4142999.999
"7240",7240,537356.003,537365.972,4142695.072,4142702.968,"Silva","NEON_D07_MLBS_DP1_537000_4142000_classified_point_cloud.laz","2018_MLBS_3_537000_4142000_image.tif","Tree",1,537000,537999.999,4142000,4142999.999
"7241",7241,537390.561,537398.995,4142694.094,4142700.313,"Silva","NEON_D07_MLBS_DP1_537000_4142000_classified_point_cloud.laz","2018_MLBS_3_537000_4142000_image.tif","Tree",1,537000,537999.999,4142000,4142999.999
"7242",7242,537365.502,537379.479,4142688.563,4142697.993,"Silva","NEON_D07_MLBS_DP1_537000_4142000_classified_point_cloud.laz","2018_MLBS_3_537000_4142000_image.tif","Tree",1,537000,537999.999,4142000,4142999.999
"7243",7243,537379.54,537392.404,4142690.334,4142698.447,"Silva","NEON_D07_MLBS_DP1_537000_4142000_classified_point_cloud.laz","2018_MLBS_3_537000_4142000_image.tif","Tree",1,537000,537999.999,4142000,4142999.999
"7244",7244,537392.105,537404.493,4142687.029,4142697.313,"Silva","NEON_D07_MLBS_DP1_537000_4142000_classified_point_cloud.laz","2018_MLBS_3_537000_4142000_image.tif","Tree",1,537000,537999.999,4142000,4142999.999
"7245",7245,537360.078,537369.331,4142687.002,4142696.313,"Silva","NEON_D07_MLBS_DP1_537000_4142000_classified_point_cloud.laz","2018_MLBS_3_537000_4142000_image.tif","Tree",1,537000,537999.999,4142000,4142999.999
"7246",7246,537405.002,537419.999,4142685.567,4142699.979,"Silva","NEON_D07_MLBS_DP1_537000_4142000_classified_point_cloud.laz","2018_MLBS_3_537000_4142000_image.tif","Tree",1,537000,537999.999,4142000,4142999.999
"7247",7247,537355.503,537361.288,4142686.52,4142691.897,"Silva","NEON_D07_MLBS_DP1_537000_4142000_classified_point_cloud.laz","2018_MLBS_3_537000_4142000_image.tif","Tree",1,537000,537999.999,4142000,4142999.999
"7248",7248,537383.02,537395.842,4142684.226,4142692.496,"Silva","NEON_D07_MLBS_DP1_537000_4142000_classified_point_cloud.laz","2018_MLBS_3_537000_4142000_image.tif","Tree",1,537000,537999.999,4142000,4142999.999
"7249",7249,537357.55,537364.408,4142679.14,4142687.981,"Silva","NEON_D07_MLBS_DP1_537000_4142000_classified_point_cloud.laz","2018_MLBS_3_537000_4142000_image.tif","Tree",1,537000,537999.999,4142000,4142999.999
"7250",7250,537411.093,537422.476,4142683.541,4142692.448,"Silva","NEON_D07_MLBS_DP1_537000_4142000_classified_point_cloud.laz","2018_MLBS_3_537000_4142000_image.tif","Tree",1,537000,537999.999,4142000,4142999.999
"7251",7251,537362.009,537370.953,4142676.184,4142688.832,"Silva","NEON_D07_MLBS_DP1_537000_4142000_classified_point_cloud.laz","2018_MLBS_3_537000_4142000_image.tif","Tree",1,537000,537999.999,4142000,4142999.999
"7252",7252,537382.036,537392.444,4142678.512,4142687.271,"Silva","NEON_D07_MLBS_DP1_537000_4142000_classified_point_cloud.laz","2018_MLBS_3_537000_4142000_image.tif","Tree",1,537000,537999.999,4142000,4142999.999
"7253",7253,537396.014,537405.478,4142676.55,4142687.764,"Silva","NEON_D07_MLBS_DP1_537000_4142000_classified_point_cloud.laz","2018_MLBS_3_537000_4142000_image.tif","Tree",1,537000,537999.999,4142000,4142999.999
"7254",7254,537418.02,537421.499,4142677.039,4142686.455,"Silva","NEON_D07_MLBS_DP1_537000_4142000_classified_point_cloud.laz","2018_MLBS_3_537000_4142000_image.tif","Tree",1,537000,537999.999,4142000,4142999.999
"7255",7255,537411.076,537417.986,4142678.299,4142683.493,"Silva","NEON_D07_MLBS_DP1_537000_4142000_classified_point_cloud.laz","2018_MLBS_3_537000_4142000_image.tif","Tree",1,537000,537999.999,4142000,4142999.999
"7256",7256,537366.407,537374.984,4142676.18,4142686.55,"Silva","NEON_D07_MLBS_DP1_537000_4142000_classified_point_cloud.laz","2018_MLBS_3_537000_4142000_image.tif","Tree",1,537000,537999.999,4142000,4142999.999
"7257",7257,537373.5,537380.897,4142676.601,4142681.961,"Silva","NEON_D07_MLBS_DP1_537000_4142000_classified_point_cloud.laz","2018_MLBS_3_537000_4142000_image.tif","Tree",1,537000,537999.999,4142000,4142999.999
"7258",7258,537378.546,537385.468,4142673.183,4142682.485,"Silva","NEON_D07_MLBS_DP1_537000_4142000_classified_point_cloud.laz","2018_MLBS_3_537000_4142000_image.tif","Tree",1,537000,537999.999,4142000,4142999.999
"7259",7259,537410.588,537417.448,4142672.629,4142680.476,"Silva","NEON_D07_MLBS_DP1_537000_4142000_classified_point_cloud.laz","2018_MLBS_3_537000_4142000_image.tif","Tree",1,537000,537999.999,4142000,4142999.999
"7260",7260,537352.534,537362.997,4142702.505,4142709.877,"Silva","NEON_D07_MLBS_DP1_537000_4142000_classified_point_cloud.laz","2018_MLBS_3_537000_4142000_image.tif","Tree",1,537000,537999.999,4142000,4142999.999
"7261",7261,537375.545,537382.477,4142702.584,4142712.887,"Silva","NEON_D07_MLBS_DP1_537000_4142000_classified_point_cloud.laz","2018_MLBS_3_537000_4142000_image.tif","Tree",1,537000,537999.999,4142000,4142999.999
"7262",7262,537381.514,537388.946,4142704.519,4142712.89,"Silva","NEON_D07_MLBS_DP1_537000_4142000_classified_point_cloud.laz","2018_MLBS_3_537000_4142000_image.tif","Tree",1,537000,537999.999,4142000,4142999.999
"7263",7263,537367.644,537371.997,4142705.006,4142714,"Silva","NEON_D07_MLBS_DP1_537000_4142000_classified_point_cloud.laz","2018_MLBS_3_537000_4142000_image.tif","Tree",1,537000,537999.999,4142000,4142999.999
"7264",7264,537371.503,537377.983,4142708.025,4142715.388,"Silva","NEON_D07_MLBS_DP1_537000_4142000_classified_point_cloud.laz","2018_MLBS_3_537000_4142000_image.tif","Tree",1,537000,537999.999,4142000,4142999.999
"7265",7265,537401.002,537405.988,4142705.05,4142712.499,"Silva","NEON_D07_MLBS_DP1_537000_4142000_classified_point_cloud.laz","2018_MLBS_3_537000_4142000_image.tif","Tree",1,537000,537999.999,4142000,4142999.999
"7266",7266,537387.005,537392.992,4142705.567,4142713.468,"Silva","NEON_D07_MLBS_DP1_537000_4142000_classified_point_cloud.laz","2018_MLBS_3_537000_4142000_image.tif","Tree",1,537000,537999.999,4142000,4142999.999
"7267",7267,537363,537368.473,4142706.594,4142715.335,"Silva","NEON_D07_MLBS_DP1_537000_4142000_classified_point_cloud.laz","2018_MLBS_3_537000_4142000_image.tif","Tree",1,537000,537999.999,4142000,4142999.999
"7268",7268,537353.583,537362.988,4142707.546,4142716.999,"Silva","NEON_D07_MLBS_DP1_537000_4142000_classified_point_cloud.laz","2018_MLBS_3_537000_4142000_image.tif","Tree",1,537000,537999.999,4142000,4142999.999
"7269",7269,537408.502,537415.453,4142701.198,4142713.445,"Silva","NEON_D07_MLBS_DP1_537000_4142000_classified_point_cloud.laz","2018_MLBS_3_537000_4142000_image.tif","Tree",1,537000,537999.999,4142000,4142999.999
"7270",7270,537397.003,537400.941,4142705.503,4142717.393,"Silva","NEON_D07_MLBS_DP1_537000_4142000_classified_point_cloud.laz","2018_MLBS_3_537000_4142000_image.tif","Tree",1,537000,537999.999,4142000,4142999.999
"7271",7271,537392.203,537396.994,4142706.586,4142715.998,"Silva","NEON_D07_MLBS_DP1_537000_4142000_classified_point_cloud.laz","2018_MLBS_3_537000_4142000_image.tif","Tree",1,537000,537999.999,4142000,4142999.999
"7272",7272,537398.55,537404.466,4142709.196,4142717.493,"Silva","NEON_D07_MLBS_DP1_537000_4142000_classified_point_cloud.laz","2018_MLBS_3_537000_4142000_image.tif","Tree",1,537000,537999.999,4142000,4142999.999
"7273",7273,537412.534,537420.495,4142709.529,4142717.961,"Silva","NEON_D07_MLBS_DP1_537000_4142000_classified_point_cloud.laz","2018_MLBS_3_537000_4142000_image.tif","Tree",1,537000,537999.999,4142000,4142999.999
"7274",7274,537401.013,537408.983,4142712.026,4142719.963,"Silva","NEON_D07_MLBS_DP1_537000_4142000_classified_point_cloud.laz","2018_MLBS_3_537000_4142000_image.tif","Tree",1,537000,537999.999,4142000,4142999.999
"7275",7275,537383.009,537391.48,4142712.023,4142720.427,"Silva","NEON_D07_MLBS_DP1_537000_4142000_classified_point_cloud.laz","2018_MLBS_3_537000_4142000_image.tif","Tree",1,537000,537999.999,4142000,4142999.999
"7276",7276,537408.026,537413.992,4142713.047,4142719.462,"Silva","NEON_D07_MLBS_DP1_537000_4142000_classified_point_cloud.laz","2018_MLBS_3_537000_4142000_image.tif","Tree",1,537000,537999.999,4142000,4142999.999
"7277",7277,537361.6,537374.495,4142713.502,4142721,"Silva","NEON_D07_MLBS_DP1_537000_4142000_classified_point_cloud.laz","2018_MLBS_3_537000_4142000_image.tif","Tree",1,537000,537999.999,4142000,4142999.999
"7278",7278,537374.5,537384.962,4142712.03,4142720.952,"Silva","NEON_D07_MLBS_DP1_537000_4142000_classified_point_cloud.laz","2018_MLBS_3_537000_4142000_image.tif","Tree",1,537000,537999.999,4142000,4142999.999
"7279",7279,537387.622,537398.458,4142713.525,4142722.393,"Silva","NEON_D07_MLBS_DP1_537000_4142000_classified_point_cloud.laz","2018_MLBS_3_537000_4142000_image.tif","Tree",1,537000,537999.999,4142000,4142999.999
"7280",7280,537415.507,537423.481,4142713.591,4142725.341,"Silva","NEON_D07_MLBS_DP1_537000_4142000_classified_point_cloud.laz","2018_MLBS_3_537000_4142000_image.tif","Tree",1,537000,537999.999,4142000,4142999.999
"7281",7281,537416.507,537427.982,4142735.558,4142743.49,"Silva","NEON_D07_MLBS_DP1_537000_4142000_classified_point_cloud.laz","2018_MLBS_3_537000_4142000_image.tif","Tree",1,537000,537999.999,4142000,4142999.999
"7282",7282,537422.507,537430.944,4142731.519,4142739.486,"Silva","NEON_D07_MLBS_DP1_537000_4142000_classified_point_cloud.laz","2018_MLBS_3_537000_4142000_image.tif","Tree",1,537000,537999.999,4142000,4142999.999
"7283",7283,537415.013,537425.477,4142728.504,4142735.997,"Silva","NEON_D07_MLBS_DP1_537000_4142000_classified_point_cloud.laz","2018_MLBS_3_537000_4142000_image.tif","Tree",1,537000,537999.999,4142000,4142999.999
"7284",7284,537429.038,537436.946,4142727.757,4142738.499,"Silva","NEON_D07_MLBS_DP1_537000_4142000_classified_point_cloud.laz","2018_MLBS_3_537000_4142000_image.tif","Tree",1,537000,537999.999,4142000,4142999.999
"7285",7285,537431.505,537437.486,4142722.019,4142729.722,"Silva","NEON_D07_MLBS_DP1_537000_4142000_classified_point_cloud.laz","2018_MLBS_3_537000_4142000_image.tif","Tree",1,537000,537999.999,4142000,4142999.999
"7286",7286,537435.541,537443.439,4142719.526,4142727.824,"Silva","NEON_D07_MLBS_DP1_537000_4142000_classified_point_cloud.laz","2018_MLBS_3_537000_4142000_image.tif","Tree",1,537000,537999.999,4142000,4142999.999
"7287",7287,537423.003,537430.487,4142718.01,4142723.739,"Silva","NEON_D07_MLBS_DP1_537000_4142000_classified_point_cloud.laz","2018_MLBS_3_537000_4142000_image.tif","Tree",1,537000,537999.999,4142000,4142999.999
"7288",7288,537434.02,537443.991,4142699.796,4142708.285,"Silva","NEON_D07_MLBS_DP1_537000_4142000_classified_point_cloud.laz","2018_MLBS_3_537000_4142000_image.tif","Tree",1,537000,537999.999,4142000,4142999.999
"7289",7289,537419.501,537431.982,4142688.035,4142701.43,"Silva","NEON_D07_MLBS_DP1_537000_4142000_classified_point_cloud.laz","2018_MLBS_3_537000_4142000_image.tif","Tree",1,537000,537999.999,4142000,4142999.999
"7290",7290,537421.5,537428.496,4142678.066,4142689.306,"Silva","NEON_D07_MLBS_DP1_537000_4142000_classified_point_cloud.laz","2018_MLBS_3_537000_4142000_image.tif","Tree",1,537000,537999.999,4142000,4142999.999
"7291",7291,537421.165,537432.493,4142672.049,4142681.087,"Silva","NEON_D07_MLBS_DP1_537000_4142000_classified_point_cloud.laz","2018_MLBS_3_537000_4142000_image.tif","Tree",1,537000,537999.999,4142000,4142999.999
"7292",7292,537428.018,537439.467,4142707.005,4142714.489,"Silva","NEON_D07_MLBS_DP1_537000_4142000_classified_point_cloud.laz","2018_MLBS_3_537000_4142000_image.tif","Tree",1,537000,537999.999,4142000,4142999.999
"7293",7293,537420.512,537430.986,4142709.288,4142719.449,"Silva","NEON_D07_MLBS_DP1_537000_4142000_classified_point_cloud.laz","2018_MLBS_3_537000_4142000_image.tif","Tree",1,537000,537999.999,4142000,4142999.999
"7294",7294,537434.022,537442.432,4142709.52,4142719.489,"Silva","NEON_D07_MLBS_DP1_537000_4142000_classified_point_cloud.laz","2018_MLBS_3_537000_4142000_image.tif","Tree",1,537000,537999.999,4142000,4142999.999
"7295",7295,537428.53,537436.81,4142714.019,4142722.965,"Silva","NEON_D07_MLBS_DP1_537000_4142000_classified_point_cloud.laz","2018_MLBS_3_537000_4142000_image.tif","Tree",1,537000,537999.999,4142000,4142999.999
"7296",7296,537409.524,537419.978,4142801.504,4142808.344,"Silva","NEON_D07_MLBS_DP1_537000_4142000_classified_point_cloud.laz","2018_MLBS_3_537000_4142000_image.tif","Tree",1,537000,537999.999,4142000,4142999.999
"7297",7297,537364.034,537375.427,4142799.507,4142809.995,"Silva","NEON_D07_MLBS_DP1_537000_4142000_classified_point_cloud.laz","2018_MLBS_3_537000_4142000_image.tif","Tree",1,537000,537999.999,4142000,4142999.999
"7298",7298,537384.501,537393.494,4142795.669,4142808.44,"Silva","NEON_D07_MLBS_DP1_537000_4142000_classified_point_cloud.laz","2018_MLBS_3_537000_4142000_image.tif","Tree",1,537000,537999.999,4142000,4142999.999
"7299",7299,537392.01,537402.339,4142794.508,4142806.389,"Silva","NEON_D07_MLBS_DP1_537000_4142000_classified_point_cloud.laz","2018_MLBS_3_537000_4142000_image.tif","Tree",1,537000,537999.999,4142000,4142999.999
"7300",7300,537374.805,537384.967,4142797.504,4142808.986,"Silva","NEON_D07_MLBS_DP1_537000_4142000_classified_point_cloud.laz","2018_MLBS_3_537000_4142000_image.tif","Tree",1,537000,537999.999,4142000,4142999.999
"7301",7301,537357.544,537367.466,4142796.032,4142803.992,"Silva","NEON_D07_MLBS_DP1_537000_4142000_classified_point_cloud.laz","2018_MLBS_3_537000_4142000_image.tif","Tree",1,537000,537999.999,4142000,4142999.999
"7302",7302,537410.506,537422.941,4142793.287,4142801.999,"Silva","NEON_D07_MLBS_DP1_537000_4142000_classified_point_cloud.laz","2018_MLBS_3_537000_4142000_image.tif","Tree",1,537000,537999.999,4142000,4142999.999
"7303",7303,537382.041,537389.496,4142797.517,4142804.994,"Silva","NEON_D07_MLBS_DP1_537000_4142000_classified_point_cloud.laz","2018_MLBS_3_537000_4142000_image.tif","Tree",1,537000,537999.999,4142000,4142999.999
"7304",7304,537367.008,537377.956,4142794.502,4142803.303,"Silva","NEON_D07_MLBS_DP1_537000_4142000_classified_point_cloud.laz","2018_MLBS_3_537000_4142000_image.tif","Tree",1,537000,537999.999,4142000,4142999.999
"7305",7305,537401.011,537411.007,4142793.503,4142803.5,"Silva","NEON_D07_MLBS_DP1_537000_4142000_classified_point_cloud.laz","2018_MLBS_3_537000_4142000_image.tif","Tree",1,537000,537999.999,4142000,4142999.999
"7306",7306,537382.755,537391.97,4142793.015,4142797.976,"Silva","NEON_D07_MLBS_DP1_537000_4142000_classified_point_cloud.laz","2018_MLBS_3_537000_4142000_image.tif","Tree",1,537000,537999.999,4142000,4142999.999
"7307",7307,537377.013,537384.672,4142791.003,4142798.463,"Silva","NEON_D07_MLBS_DP1_537000_4142000_classified_point_cloud.laz","2018_MLBS_3_537000_4142000_image.tif","Tree",1,537000,537999.999,4142000,4142999.999
"7308",7308,537356.502,537364.493,4142791.508,4142798.462,"Silva","NEON_D07_MLBS_DP1_537000_4142000_classified_point_cloud.laz","2018_MLBS_3_537000_4142000_image.tif","Tree",1,537000,537999.999,4142000,4142999.999
"7309",7309,537393.028,537403.98,4142790.005,4142798.995,"Silva","NEON_D07_MLBS_DP1_537000_4142000_classified_point_cloud.laz","2018_MLBS_3_537000_4142000_image.tif","Tree",1,537000,537999.999,4142000,4142999.999
"7310",7310,537407.501,537416.297,4142789.573,4142796.938,"Silva","NEON_D07_MLBS_DP1_537000_4142000_classified_point_cloud.laz","2018_MLBS_3_537000_4142000_image.tif","Tree",1,537000,537999.999,4142000,4142999.999
"7311",7311,537403.003,537408.924,4142787.013,4142793.497,"Silva","NEON_D07_MLBS_DP1_537000_4142000_classified_point_cloud.laz","2018_MLBS_3_537000_4142000_image.tif","Tree",1,537000,537999.999,4142000,4142999.999
"7312",7312,537369.532,537378.443,4142782.516,4142794.5,"Silva","NEON_D07_MLBS_DP1_537000_4142000_classified_point_cloud.laz","2018_MLBS_3_537000_4142000_image.tif","Tree",1,537000,537999.999,4142000,4142999.999
"7313",7313,537383.532,537393.495,4142786.068,4142794.984,"Silva","NEON_D07_MLBS_DP1_537000_4142000_classified_point_cloud.laz","2018_MLBS_3_537000_4142000_image.tif","Tree",1,537000,537999.999,4142000,4142999.999
"7314",7314,537396.501,537404.481,4142784.023,4142790.474,"Silva","NEON_D07_MLBS_DP1_537000_4142000_classified_point_cloud.laz","2018_MLBS_3_537000_4142000_image.tif","Tree",1,537000,537999.999,4142000,4142999.999
"7315",7315,537404.514,537415.47,4142784.536,4142789.485,"Silva","NEON_D07_MLBS_DP1_537000_4142000_classified_point_cloud.laz","2018_MLBS_3_537000_4142000_image.tif","Tree",1,537000,537999.999,4142000,4142999.999
"7316",7316,537391.526,537397.445,4142783.013,4142792.494,"Silva","NEON_D07_MLBS_DP1_537000_4142000_classified_point_cloud.laz","2018_MLBS_3_537000_4142000_image.tif","Tree",1,537000,537999.999,4142000,4142999.999
"7317",7317,537406.019,537413.865,4142780.537,4142786.799,"Silva","NEON_D07_MLBS_DP1_537000_4142000_classified_point_cloud.laz","2018_MLBS_3_537000_4142000_image.tif","Tree",1,537000,537999.999,4142000,4142999.999
"7318",7318,537396.003,537402.984,4142777.048,4142784.991,"Silva","NEON_D07_MLBS_DP1_537000_4142000_classified_point_cloud.laz","2018_MLBS_3_537000_4142000_image.tif","Tree",1,537000,537999.999,4142000,4142999.999
"7319",7319,537409.53,537419.891,4142777.228,4142787.121,"Silva","NEON_D07_MLBS_DP1_537000_4142000_classified_point_cloud.laz","2018_MLBS_3_537000_4142000_image.tif","Tree",1,537000,537999.999,4142000,4142999.999
"7320",7320,537391.641,537398.641,4142776.042,4142783.278,"Silva","NEON_D07_MLBS_DP1_537000_4142000_classified_point_cloud.laz","2018_MLBS_3_537000_4142000_image.tif","Tree",1,537000,537999.999,4142000,4142999.999
"7321",7321,537378.51,537387.496,4142771.004,4142781,"Silva","NEON_D07_MLBS_DP1_537000_4142000_classified_point_cloud.laz","2018_MLBS_3_537000_4142000_image.tif","Tree",1,537000,537999.999,4142000,4142999.999
"7322",7322,537398.005,537407.947,4142770.026,4142777.499,"Silva","NEON_D07_MLBS_DP1_537000_4142000_classified_point_cloud.laz","2018_MLBS_3_537000_4142000_image.tif","Tree",1,537000,537999.999,4142000,4142999.999
"7323",7323,537354.507,537362.999,4142767.511,4142774.999,"Silva","NEON_D07_MLBS_DP1_537000_4142000_classified_point_cloud.laz","2018_MLBS_3_537000_4142000_image.tif","Tree",1,537000,537999.999,4142000,4142999.999
"7324",7324,537383.365,537393.728,4142763.065,4142775.361,"Silva","NEON_D07_MLBS_DP1_537000_4142000_classified_point_cloud.laz","2018_MLBS_3_537000_4142000_image.tif","Tree",1,537000,537999.999,4142000,4142999.999
"7325",7325,537405.607,537414.471,4142767.522,4142772.98,"Silva","NEON_D07_MLBS_DP1_537000_4142000_classified_point_cloud.laz","2018_MLBS_3_537000_4142000_image.tif","Tree",1,537000,537999.999,4142000,4142999.999
"7326",7326,537394.137,537405.992,4142764.57,4142772.464,"Silva","NEON_D07_MLBS_DP1_537000_4142000_classified_point_cloud.laz","2018_MLBS_3_537000_4142000_image.tif","Tree",1,537000,537999.999,4142000,4142999.999
"7327",7327,537412.002,537420.971,4142760.014,4142770.472,"Silva","NEON_D07_MLBS_DP1_537000_4142000_classified_point_cloud.laz","2018_MLBS_3_537000_4142000_image.tif","Tree",1,537000,537999.999,4142000,4142999.999
"7328",7328,537405.56,537411.997,4142764.005,4142767.983,"Silva","NEON_D07_MLBS_DP1_537000_4142000_classified_point_cloud.laz","2018_MLBS_3_537000_4142000_image.tif","Tree",1,537000,537999.999,4142000,4142999.999
"7329",7329,537374.013,537380.488,4142759.03,4142766.976,"Silva","NEON_D07_MLBS_DP1_537000_4142000_classified_point_cloud.laz","2018_MLBS_3_537000_4142000_image.tif","Tree",1,537000,537999.999,4142000,4142999.999
"7330",7330,537393.105,537405.477,4142759.624,4142766.916,"Silva","NEON_D07_MLBS_DP1_537000_4142000_classified_point_cloud.laz","2018_MLBS_3_537000_4142000_image.tif","Tree",1,537000,537999.999,4142000,4142999.999
"7331",7331,537359.502,537369.808,4142758.047,4142768.463,"Silva","NEON_D07_MLBS_DP1_537000_4142000_classified_point_cloud.laz","2018_MLBS_3_537000_4142000_image.tif","Tree",1,537000,537999.999,4142000,4142999.999
"7332",7332,537350.059,537359.498,4142758.582,4142767.835,"Silva","NEON_D07_MLBS_DP1_537000_4142000_classified_point_cloud.laz","2018_MLBS_3_537000_4142000_image.tif","Tree",1,537000,537999.999,4142000,4142999.999
"7333",7333,537400.583,537407.493,4142752.259,4142760.97,"Silva","NEON_D07_MLBS_DP1_537000_4142000_classified_point_cloud.laz","2018_MLBS_3_537000_4142000_image.tif","Tree",1,537000,537999.999,4142000,4142999.999
"7334",7334,537365.672,537371.975,4142752.504,4142763.43,"Silva","NEON_D07_MLBS_DP1_537000_4142000_classified_point_cloud.laz","2018_MLBS_3_537000_4142000_image.tif","Tree",1,537000,537999.999,4142000,4142999.999
"7335",7335,537354.042,537362.407,4142752.019,4142759.924,"Silva","NEON_D07_MLBS_DP1_537000_4142000_classified_point_cloud.laz","2018_MLBS_3_537000_4142000_image.tif","Tree",1,537000,537999.999,4142000,4142999.999
"7336",7336,537377.587,537388.399,4142753.026,4142759.991,"Silva","NEON_D07_MLBS_DP1_537000_4142000_classified_point_cloud.laz","2018_MLBS_3_537000_4142000_image.tif","Tree",1,537000,537999.999,4142000,4142999.999
"7337",7337,537362.576,537369.476,4142750.362,4142758.981,"Silva","NEON_D07_MLBS_DP1_537000_4142000_classified_point_cloud.laz","2018_MLBS_3_537000_4142000_image.tif","Tree",1,537000,537999.999,4142000,4142999.999
"7338",7338,537358.127,537363.816,4142752.51,4142757.74,"Silva","NEON_D07_MLBS_DP1_537000_4142000_classified_point_cloud.laz","2018_MLBS_3_537000_4142000_image.tif","Tree",1,537000,537999.999,4142000,4142999.999
"7339",7339,537357.602,537365.999,4142745.522,4142752.497,"Silva","NEON_D07_MLBS_DP1_537000_4142000_classified_point_cloud.laz","2018_MLBS_3_537000_4142000_image.tif","Tree",1,537000,537999.999,4142000,4142999.999
"7340",7340,537381.522,537391.908,4142743.509,4142752.833,"Silva","NEON_D07_MLBS_DP1_537000_4142000_classified_point_cloud.laz","2018_MLBS_3_537000_4142000_image.tif","Tree",1,537000,537999.999,4142000,4142999.999
"7341",7341,537352.625,537360.996,4142744.067,4142752.387,"Silva","NEON_D07_MLBS_DP1_537000_4142000_classified_point_cloud.laz","2018_MLBS_3_537000_4142000_image.tif","Tree",1,537000,537999.999,4142000,4142999.999
"7342",7342,537365.505,537372.99,4142742.028,4142752.475,"Silva","NEON_D07_MLBS_DP1_537000_4142000_classified_point_cloud.laz","2018_MLBS_3_537000_4142000_image.tif","Tree",1,537000,537999.999,4142000,4142999.999
"7343",7343,537400.501,537411.985,4142741.018,4142750.479,"Silva","NEON_D07_MLBS_DP1_537000_4142000_classified_point_cloud.laz","2018_MLBS_3_537000_4142000_image.tif","Tree",1,537000,537999.999,4142000,4142999.999
"7344",7344,537361.005,537371.988,4142739.513,4142747.91,"Silva","NEON_D07_MLBS_DP1_537000_4142000_classified_point_cloud.laz","2018_MLBS_3_537000_4142000_image.tif","Tree",1,537000,537999.999,4142000,4142999.999
"7345",7345,537437.647,537447.992,4142801.001,4142808.998,"Silva","NEON_D07_MLBS_DP1_537000_4142000_classified_point_cloud.laz","2018_MLBS_3_537000_4142000_image.tif","Tree",1,537000,537999.999,4142000,4142999.999
"7346",7346,537419.019,537426.492,4142795.512,4142805.996,"Silva","NEON_D07_MLBS_DP1_537000_4142000_classified_point_cloud.laz","2018_MLBS_3_537000_4142000_image.tif","Tree",1,537000,537999.999,4142000,4142999.999
"7347",7347,537425.507,537431.99,4142794.509,4142807.987,"Silva","NEON_D07_MLBS_DP1_537000_4142000_classified_point_cloud.laz","2018_MLBS_3_537000_4142000_image.tif","Tree",1,537000,537999.999,4142000,4142999.999
"7348",7348,537440.549,537448.997,4142800.003,4142806.817,"Silva","NEON_D07_MLBS_DP1_537000_4142000_classified_point_cloud.laz","2018_MLBS_3_537000_4142000_image.tif","Tree",1,537000,537999.999,4142000,4142999.999
"7349",7349,537431.501,537439.485,4142793.005,4142807.961,"Silva","NEON_D07_MLBS_DP1_537000_4142000_classified_point_cloud.laz","2018_MLBS_3_537000_4142000_image.tif","Tree",1,537000,537999.999,4142000,4142999.999
"7350",7350,537436.568,537448.992,4142792.043,4142800.984,"Silva","NEON_D07_MLBS_DP1_537000_4142000_classified_point_cloud.laz","2018_MLBS_3_537000_4142000_image.tif","Tree",1,537000,537999.999,4142000,4142999.999
"7351",7351,537423.504,537434.466,4142784.513,4142795.497,"Silva","NEON_D07_MLBS_DP1_537000_4142000_classified_point_cloud.laz","2018_MLBS_3_537000_4142000_image.tif","Tree",1,537000,537999.999,4142000,4142999.999
"7352",7352,537415.54,537423.993,4142780.588,4142791.971,"Silva","NEON_D07_MLBS_DP1_537000_4142000_classified_point_cloud.laz","2018_MLBS_3_537000_4142000_image.tif","Tree",1,537000,537999.999,4142000,4142999.999
"7353",7353,537420.042,537432.912,4142776.546,4142784.999,"Silva","NEON_D07_MLBS_DP1_537000_4142000_classified_point_cloud.laz","2018_MLBS_3_537000_4142000_image.tif","Tree",1,537000,537999.999,4142000,4142999.999
"7354",7354,537426.065,537435.998,4142766.36,4142777.916,"Silva","NEON_D07_MLBS_DP1_537000_4142000_classified_point_cloud.laz","2018_MLBS_3_537000_4142000_image.tif","Tree",1,537000,537999.999,4142000,4142999.999
"7355",7355,537421.051,537434.939,4142765.124,4142772.797,"Silva","NEON_D07_MLBS_DP1_537000_4142000_classified_point_cloud.laz","2018_MLBS_3_537000_4142000_image.tif","Tree",1,537000,537999.999,4142000,4142999.999
"7356",7356,537419.51,537435.15,4142757.002,4142765.498,"Silva","NEON_D07_MLBS_DP1_537000_4142000_classified_point_cloud.laz","2018_MLBS_3_537000_4142000_image.tif","Tree",1,537000,537999.999,4142000,4142999.999
"7357",7357,537432.007,537442.426,4142749.504,4142764.455,"Silva","NEON_D07_MLBS_DP1_537000_4142000_classified_point_cloud.laz","2018_MLBS_3_537000_4142000_image.tif","Tree",1,537000,537999.999,4142000,4142999.999
"7358",7358,537422,537432.988,4142749.024,4142756.998,"Silva","NEON_D07_MLBS_DP1_537000_4142000_classified_point_cloud.laz","2018_MLBS_3_537000_4142000_image.tif","Tree",1,537000,537999.999,4142000,4142999.999
"7359",7359,537430.538,537442.954,4142736.521,4142749.492,"Silva","NEON_D07_MLBS_DP1_537000_4142000_classified_point_cloud.laz","2018_MLBS_3_537000_4142000_image.tif","Tree",1,537000,537999.999,4142000,4142999.999
"7360",7360,537414.127,537420.499,4142866.02,4142873.495,"Silva","NEON_D07_MLBS_DP1_537000_4142000_classified_point_cloud.laz","2018_MLBS_3_537000_4142000_image.tif","Tree",1,537000,537999.999,4142000,4142999.999
"7361",7361,537411.041,537416.971,4142866.003,4142870.48,"Silva","NEON_D07_MLBS_DP1_537000_4142000_classified_point_cloud.laz","2018_MLBS_3_537000_4142000_image.tif","Tree",1,537000,537999.999,4142000,4142999.999
"7362",7362,537358.552,537372.476,4142864.154,4142873.498,"Silva","NEON_D07_MLBS_DP1_537000_4142000_classified_point_cloud.laz","2018_MLBS_3_537000_4142000_image.tif","Tree",1,537000,537999.999,4142000,4142999.999
"7363",7363,537376.074,537388.454,4142863.505,4142869.499,"Silva","NEON_D07_MLBS_DP1_537000_4142000_classified_point_cloud.laz","2018_MLBS_3_537000_4142000_image.tif","Tree",1,537000,537999.999,4142000,4142999.999
"7364",7364,537411.019,537418.441,4142858.197,4142866.889,"Silva","NEON_D07_MLBS_DP1_537000_4142000_classified_point_cloud.laz","2018_MLBS_3_537000_4142000_image.tif","Tree",1,537000,537999.999,4142000,4142999.999
"7365",7365,537397.511,537411.44,4142859.515,4142869.453,"Silva","NEON_D07_MLBS_DP1_537000_4142000_classified_point_cloud.laz","2018_MLBS_3_537000_4142000_image.tif","Tree",1,537000,537999.999,4142000,4142999.999
"7366",7366,537362.502,537370.471,4142861.094,4142868.833,"Silva","NEON_D07_MLBS_DP1_537000_4142000_classified_point_cloud.laz","2018_MLBS_3_537000_4142000_image.tif","Tree",1,537000,537999.999,4142000,4142999.999
"7367",7367,537357.581,537365.987,4142804.004,4142814.898,"Silva","NEON_D07_MLBS_DP1_537000_4142000_classified_point_cloud.laz","2018_MLBS_3_537000_4142000_image.tif","Tree",1,537000,537999.999,4142000,4142999.999
"7368",7368,537407.539,537416.213,4142802.709,4142811.438,"Silva","NEON_D07_MLBS_DP1_537000_4142000_classified_point_cloud.laz","2018_MLBS_3_537000_4142000_image.tif","Tree",1,537000,537999.999,4142000,4142999.999
"7369",7369,537398.003,537407.999,4142802.515,4142812.496,"Silva","NEON_D07_MLBS_DP1_537000_4142000_classified_point_cloud.laz","2018_MLBS_3_537000_4142000_image.tif","Tree",1,537000,537999.999,4142000,4142999.999
"7370",7370,537386.621,537398.484,4142805.527,4142813.998,"Silva","NEON_D07_MLBS_DP1_537000_4142000_classified_point_cloud.laz","2018_MLBS_3_537000_4142000_image.tif","Tree",1,537000,537999.999,4142000,4142999.999
"7371",7371,537367.07,537378.999,4142806.61,4142815.793,"Silva","NEON_D07_MLBS_DP1_537000_4142000_classified_point_cloud.laz","2018_MLBS_3_537000_4142000_image.tif","Tree",1,537000,537999.999,4142000,4142999.999
"7372",7372,537414.137,537420.92,4142808.01,4142817.441,"Silva","NEON_D07_MLBS_DP1_537000_4142000_classified_point_cloud.laz","2018_MLBS_3_537000_4142000_image.tif","Tree",1,537000,537999.999,4142000,4142999.999
"7373",7373,537365.502,537374.481,4142810.057,4142818.175,"Silva","NEON_D07_MLBS_DP1_537000_4142000_classified_point_cloud.laz","2018_MLBS_3_537000_4142000_image.tif","Tree",1,537000,537999.999,4142000,4142999.999
"7374",7374,537407.016,537414.99,4142809.261,4142819.224,"Silva","NEON_D07_MLBS_DP1_537000_4142000_classified_point_cloud.laz","2018_MLBS_3_537000_4142000_image.tif","Tree",1,537000,537999.999,4142000,4142999.999
"7375",7375,537415.017,537423.99,4142811.025,4142819.478,"Silva","NEON_D07_MLBS_DP1_537000_4142000_classified_point_cloud.laz","2018_MLBS_3_537000_4142000_image.tif","Tree",1,537000,537999.999,4142000,4142999.999
"7376",7376,537402.504,537407.828,4142811.506,4142820.449,"Silva","NEON_D07_MLBS_DP1_537000_4142000_classified_point_cloud.laz","2018_MLBS_3_537000_4142000_image.tif","Tree",1,537000,537999.999,4142000,4142999.999
"7377",7377,537396.652,537402.994,4142811.018,4142821.474,"Silva","NEON_D07_MLBS_DP1_537000_4142000_classified_point_cloud.laz","2018_MLBS_3_537000_4142000_image.tif","Tree",1,537000,537999.999,4142000,4142999.999
"7378",7378,537378.021,537388.988,4142808.003,4142820.488,"Silva","NEON_D07_MLBS_DP1_537000_4142000_classified_point_cloud.laz","2018_MLBS_3_537000_4142000_image.tif","Tree",1,537000,537999.999,4142000,4142999.999
"7379",7379,537358.552,537369.903,4142811.571,4142822.963,"Silva","NEON_D07_MLBS_DP1_537000_4142000_classified_point_cloud.laz","2018_MLBS_3_537000_4142000_image.tif","Tree",1,537000,537999.999,4142000,4142999.999
"7380",7380,537388.514,537398.48,4142813.501,4142822.498,"Silva","NEON_D07_MLBS_DP1_537000_4142000_classified_point_cloud.laz","2018_MLBS_3_537000_4142000_image.tif","Tree",1,537000,537999.999,4142000,4142999.999
"7381",7381,537403.152,537414.448,4142814.539,4142822.843,"Silva","NEON_D07_MLBS_DP1_537000_4142000_classified_point_cloud.laz","2018_MLBS_3_537000_4142000_image.tif","Tree",1,537000,537999.999,4142000,4142999.999
"7382",7382,537374.523,537382.488,4142814.006,4142822,"Silva","NEON_D07_MLBS_DP1_537000_4142000_classified_point_cloud.laz","2018_MLBS_3_537000_4142000_image.tif","Tree",1,537000,537999.999,4142000,4142999.999
"7383",7383,537367.036,537375.488,4142816.874,4142824.453,"Silva","NEON_D07_MLBS_DP1_537000_4142000_classified_point_cloud.laz","2018_MLBS_3_537000_4142000_image.tif","Tree",1,537000,537999.999,4142000,4142999.999
"7384",7384,537384.09,537393.254,4142817.55,4142826.861,"Silva","NEON_D07_MLBS_DP1_537000_4142000_classified_point_cloud.laz","2018_MLBS_3_537000_4142000_image.tif","Tree",1,537000,537999.999,4142000,4142999.999
"7385",7385,537375.608,537380.977,4142821.624,4142827.43,"Silva","NEON_D07_MLBS_DP1_537000_4142000_classified_point_cloud.laz","2018_MLBS_3_537000_4142000_image.tif","Tree",1,537000,537999.999,4142000,4142999.999
"7386",7386,537351.536,537361.487,4142816.513,4142827.342,"Silva","NEON_D07_MLBS_DP1_537000_4142000_classified_point_cloud.laz","2018_MLBS_3_537000_4142000_image.tif","Tree",1,537000,537999.999,4142000,4142999.999
"7387",7387,537369.043,537376.822,4142822.151,4142827.427,"Silva","NEON_D07_MLBS_DP1_537000_4142000_classified_point_cloud.laz","2018_MLBS_3_537000_4142000_image.tif","Tree",1,537000,537999.999,4142000,4142999.999
"7388",7388,537380.501,537387.721,4142820.518,4142828.493,"Silva","NEON_D07_MLBS_DP1_537000_4142000_classified_point_cloud.laz","2018_MLBS_3_537000_4142000_image.tif","Tree",1,537000,537999.999,4142000,4142999.999
"7389",7389,537358.518,537366.496,4142820.53,4142829.427,"Silva","NEON_D07_MLBS_DP1_537000_4142000_classified_point_cloud.laz","2018_MLBS_3_537000_4142000_image.tif","Tree",1,537000,537999.999,4142000,4142999.999
"7390",7390,537399.022,537406.998,4142821.021,4142834.485,"Silva","NEON_D07_MLBS_DP1_537000_4142000_classified_point_cloud.laz","2018_MLBS_3_537000_4142000_image.tif","Tree",1,537000,537999.999,4142000,4142999.999
"7391",7391,537409.577,537417.453,4142819.545,4142829.467,"Silva","NEON_D07_MLBS_DP1_537000_4142000_classified_point_cloud.laz","2018_MLBS_3_537000_4142000_image.tif","Tree",1,537000,537999.999,4142000,4142999.999
"7392",7392,537363.009,537369.999,4142823.01,4142831.995,"Silva","NEON_D07_MLBS_DP1_537000_4142000_classified_point_cloud.laz","2018_MLBS_3_537000_4142000_image.tif","Tree",1,537000,537999.999,4142000,4142999.999
"7393",7393,537390.49,537396.998,4142822.506,4142835.491,"Silva","NEON_D07_MLBS_DP1_537000_4142000_classified_point_cloud.laz","2018_MLBS_3_537000_4142000_image.tif","Tree",1,537000,537999.999,4142000,4142999.999
"7394",7394,537406.5,537411.996,4142822.665,4142830.284,"Silva","NEON_D07_MLBS_DP1_537000_4142000_classified_point_cloud.laz","2018_MLBS_3_537000_4142000_image.tif","Tree",1,537000,537999.999,4142000,4142999.999
"7395",7395,537396.011,537401.992,4142822.001,4142835.498,"Silva","NEON_D07_MLBS_DP1_537000_4142000_classified_point_cloud.laz","2018_MLBS_3_537000_4142000_image.tif","Tree",1,537000,537999.999,4142000,4142999.999
"7396",7396,537377.519,537385.463,4142826.047,4142830.974,"Silva","NEON_D07_MLBS_DP1_537000_4142000_classified_point_cloud.laz","2018_MLBS_3_537000_4142000_image.tif","Tree",1,537000,537999.999,4142000,4142999.999
"7397",7397,537385.085,537393.95,4142826.548,4142834.479,"Silva","NEON_D07_MLBS_DP1_537000_4142000_classified_point_cloud.laz","2018_MLBS_3_537000_4142000_image.tif","Tree",1,537000,537999.999,4142000,4142999.999
"7398",7398,537414.504,537422.808,4142825.135,4142834.982,"Silva","NEON_D07_MLBS_DP1_537000_4142000_classified_point_cloud.laz","2018_MLBS_3_537000_4142000_image.tif","Tree",1,537000,537999.999,4142000,4142999.999
"7399",7399,537358.5,537364.937,4142829.014,4142836.999,"Silva","NEON_D07_MLBS_DP1_537000_4142000_classified_point_cloud.laz","2018_MLBS_3_537000_4142000_image.tif","Tree",1,537000,537999.999,4142000,4142999.999
"7400",7400,537380.067,537385.49,4142830.092,4142834.995,"Silva","NEON_D07_MLBS_DP1_537000_4142000_classified_point_cloud.laz","2018_MLBS_3_537000_4142000_image.tif","Tree",1,537000,537999.999,4142000,4142999.999
"7401",7401,537375.537,537380.924,4142829.103,4142835.992,"Silva","NEON_D07_MLBS_DP1_537000_4142000_classified_point_cloud.laz","2018_MLBS_3_537000_4142000_image.tif","Tree",1,537000,537999.999,4142000,4142999.999
"7402",7402,537369.076,537375.977,4142831.091,4142838.856,"Silva","NEON_D07_MLBS_DP1_537000_4142000_classified_point_cloud.laz","2018_MLBS_3_537000_4142000_image.tif","Tree",1,537000,537999.999,4142000,4142999.999
"7403",7403,537410.566,537416.899,4142829.523,4142839.429,"Silva","NEON_D07_MLBS_DP1_537000_4142000_classified_point_cloud.laz","2018_MLBS_3_537000_4142000_image.tif","Tree",1,537000,537999.999,4142000,4142999.999
"7404",7404,537361.103,537369.486,4142831.533,4142837.753,"Silva","NEON_D07_MLBS_DP1_537000_4142000_classified_point_cloud.laz","2018_MLBS_3_537000_4142000_image.tif","Tree",1,537000,537999.999,4142000,4142999.999
"7405",7405,537385.053,537395.417,4142834.01,4142839.983,"Silva","NEON_D07_MLBS_DP1_537000_4142000_classified_point_cloud.laz","2018_MLBS_3_537000_4142000_image.tif","Tree",1,537000,537999.999,4142000,4142999.999
"7406",7406,537380.625,537385.949,4142834.523,4142842.986,"Silva","NEON_D07_MLBS_DP1_537000_4142000_classified_point_cloud.laz","2018_MLBS_3_537000_4142000_image.tif","Tree",1,537000,537999.999,4142000,4142999.999
"7407",7407,537374.017,537381.993,4142835.514,4142843.29,"Silva","NEON_D07_MLBS_DP1_537000_4142000_classified_point_cloud.laz","2018_MLBS_3_537000_4142000_image.tif","Tree",1,537000,537999.999,4142000,4142999.999
"7408",7408,537358.703,537370.224,4142836.505,4142846.921,"Silva","NEON_D07_MLBS_DP1_537000_4142000_classified_point_cloud.laz","2018_MLBS_3_537000_4142000_image.tif","Tree",1,537000,537999.999,4142000,4142999.999
"7409",7409,537355.5,537362.363,4142837.522,4142845.154,"Silva","NEON_D07_MLBS_DP1_537000_4142000_classified_point_cloud.laz","2018_MLBS_3_537000_4142000_image.tif","Tree",1,537000,537999.999,4142000,4142999.999
"7410",7410,537382.004,537392.482,4142839.618,4142851.442,"Silva","NEON_D07_MLBS_DP1_537000_4142000_classified_point_cloud.laz","2018_MLBS_3_537000_4142000_image.tif","Tree",1,537000,537999.999,4142000,4142999.999
"7411",7411,537392.514,537405.413,4142835.508,4142845.358,"Silva","NEON_D07_MLBS_DP1_537000_4142000_classified_point_cloud.laz","2018_MLBS_3_537000_4142000_image.tif","Tree",1,537000,537999.999,4142000,4142999.999
"7412",7412,537371.014,537381.968,4142838.555,4142847.826,"Silva","NEON_D07_MLBS_DP1_537000_4142000_classified_point_cloud.laz","2018_MLBS_3_537000_4142000_image.tif","Tree",1,537000,537999.999,4142000,4142999.999
"7413",7413,537356.586,537365.964,4142844.016,4142850.974,"Silva","NEON_D07_MLBS_DP1_537000_4142000_classified_point_cloud.laz","2018_MLBS_3_537000_4142000_image.tif","Tree",1,537000,537999.999,4142000,4142999.999
"7414",7414,537366.059,537377.944,4142841.629,4142849.479,"Silva","NEON_D07_MLBS_DP1_537000_4142000_classified_point_cloud.laz","2018_MLBS_3_537000_4142000_image.tif","Tree",1,537000,537999.999,4142000,4142999.999
"7415",7415,537408.032,537421.978,4142839.037,4142851.993,"Silva","NEON_D07_MLBS_DP1_537000_4142000_classified_point_cloud.laz","2018_MLBS_3_537000_4142000_image.tif","Tree",1,537000,537999.999,4142000,4142999.999
"7416",7416,537390.087,537400.494,4142844.032,4142856.789,"Silva","NEON_D07_MLBS_DP1_537000_4142000_classified_point_cloud.laz","2018_MLBS_3_537000_4142000_image.tif","Tree",1,537000,537999.999,4142000,4142999.999
"7417",7417,537396.524,537408.191,4142840.005,4142856.147,"Silva","NEON_D07_MLBS_DP1_537000_4142000_classified_point_cloud.laz","2018_MLBS_3_537000_4142000_image.tif","Tree",1,537000,537999.999,4142000,4142999.999
"7418",7418,537407.597,537420.201,4142843.511,4142856.686,"Silva","NEON_D07_MLBS_DP1_537000_4142000_classified_point_cloud.laz","2018_MLBS_3_537000_4142000_image.tif","Tree",1,537000,537999.999,4142000,4142999.999
"7419",7419,537367.08,537376.94,4142848.506,4142857.35,"Silva","NEON_D07_MLBS_DP1_537000_4142000_classified_point_cloud.laz","2018_MLBS_3_537000_4142000_image.tif","Tree",1,537000,537999.999,4142000,4142999.999
"7420",7420,537376.009,537389.964,4142846.382,4142857.908,"Silva","NEON_D07_MLBS_DP1_537000_4142000_classified_point_cloud.laz","2018_MLBS_3_537000_4142000_image.tif","Tree",1,537000,537999.999,4142000,4142999.999
"7421",7421,537396.502,537409.841,4142847.006,4142858.374,"Silva","NEON_D07_MLBS_DP1_537000_4142000_classified_point_cloud.laz","2018_MLBS_3_537000_4142000_image.tif","Tree",1,537000,537999.999,4142000,4142999.999
"7422",7422,537353.042,537361.965,4142850.867,4142857.892,"Silva","NEON_D07_MLBS_DP1_537000_4142000_classified_point_cloud.laz","2018_MLBS_3_537000_4142000_image.tif","Tree",1,537000,537999.999,4142000,4142999.999
"7423",7423,537362.026,537368.496,4142848.027,4142856.983,"Silva","NEON_D07_MLBS_DP1_537000_4142000_classified_point_cloud.laz","2018_MLBS_3_537000_4142000_image.tif","Tree",1,537000,537999.999,4142000,4142999.999
"7424",7424,537367.004,537374.493,4142852.041,4142859.919,"Silva","NEON_D07_MLBS_DP1_537000_4142000_classified_point_cloud.laz","2018_MLBS_3_537000_4142000_image.tif","Tree",1,537000,537999.999,4142000,4142999.999
"7425",7425,537397.028,537413.979,4142853.005,4142860.986,"Silva","NEON_D07_MLBS_DP1_537000_4142000_classified_point_cloud.laz","2018_MLBS_3_537000_4142000_image.tif","Tree",1,537000,537999.999,4142000,4142999.999
"7426",7426,537363.053,537369.983,4142856.593,4142861.5,"Silva","NEON_D07_MLBS_DP1_537000_4142000_classified_point_cloud.laz","2018_MLBS_3_537000_4142000_image.tif","Tree",1,537000,537999.999,4142000,4142999.999
"7427",7427,537357.51,537364.458,4142856.513,4142864.978,"Silva","NEON_D07_MLBS_DP1_537000_4142000_classified_point_cloud.laz","2018_MLBS_3_537000_4142000_image.tif","Tree",1,537000,537999.999,4142000,4142999.999
"7428",7428,537377.017,537384.999,4142856.134,4142863.993,"Silva","NEON_D07_MLBS_DP1_537000_4142000_classified_point_cloud.laz","2018_MLBS_3_537000_4142000_image.tif","Tree",1,537000,537999.999,4142000,4142999.999
"7429",7429,537384.51,537397.993,4142852.619,4142870.616,"Silva","NEON_D07_MLBS_DP1_537000_4142000_classified_point_cloud.laz","2018_MLBS_3_537000_4142000_image.tif","Tree",1,537000,537999.999,4142000,4142999.999
"7430",7430,537369.503,537377.73,4142857.581,4142872.453,"Silva","NEON_D07_MLBS_DP1_537000_4142000_classified_point_cloud.laz","2018_MLBS_3_537000_4142000_image.tif","Tree",1,537000,537999.999,4142000,4142999.999
"7431",7431,537429.105,537437.456,4142865.502,4142875.995,"Silva","NEON_D07_MLBS_DP1_537000_4142000_classified_point_cloud.laz","2018_MLBS_3_537000_4142000_image.tif","Tree",1,537000,537999.999,4142000,4142999.999
"7432",7432,537433.51,537443.994,4142866.511,4142877,"Silva","NEON_D07_MLBS_DP1_537000_4142000_classified_point_cloud.laz","2018_MLBS_3_537000_4142000_image.tif","Tree",1,537000,537999.999,4142000,4142999.999
"7433",7433,537440.116,537448.982,4142859.603,4142872.498,"Silva","NEON_D07_MLBS_DP1_537000_4142000_classified_point_cloud.laz","2018_MLBS_3_537000_4142000_image.tif","Tree",1,537000,537999.999,4142000,4142999.999
"7434",7434,537419.188,537425.125,4142806.006,4142811.999,"Silva","NEON_D07_MLBS_DP1_537000_4142000_classified_point_cloud.laz","2018_MLBS_3_537000_4142000_image.tif","Tree",1,537000,537999.999,4142000,4142999.999
"7435",7435,537423.68,537431.971,4142805.541,4142812.443,"Silva","NEON_D07_MLBS_DP1_537000_4142000_classified_point_cloud.laz","2018_MLBS_3_537000_4142000_image.tif","Tree",1,537000,537999.999,4142000,4142999.999
"7436",7436,537432.046,537441.482,4142805.592,4142814.483,"Silva","NEON_D07_MLBS_DP1_537000_4142000_classified_point_cloud.laz","2018_MLBS_3_537000_4142000_image.tif","Tree",1,537000,537999.999,4142000,4142999.999
"7437",7437,537439.694,537447.486,4142808.086,4142816.966,"Silva","NEON_D07_MLBS_DP1_537000_4142000_classified_point_cloud.laz","2018_MLBS_3_537000_4142000_image.tif","Tree",1,537000,537999.999,4142000,4142999.999
"7438",7438,537424.026,537433.976,4142810.037,4142818.431,"Silva","NEON_D07_MLBS_DP1_537000_4142000_classified_point_cloud.laz","2018_MLBS_3_537000_4142000_image.tif","Tree",1,537000,537999.999,4142000,4142999.999
"7439",7439,537415.008,537424.928,4142814.503,4142821.492,"Silva","NEON_D07_MLBS_DP1_537000_4142000_classified_point_cloud.laz","2018_MLBS_3_537000_4142000_image.tif","Tree",1,537000,537999.999,4142000,4142999.999
"7440",7440,537433.518,537443.999,4142813.519,4142822.988,"Silva","NEON_D07_MLBS_DP1_537000_4142000_classified_point_cloud.laz","2018_MLBS_3_537000_4142000_image.tif","Tree",1,537000,537999.999,4142000,4142999.999
"7441",7441,537422.02,537428.997,4142816.512,4142822.955,"Silva","NEON_D07_MLBS_DP1_537000_4142000_classified_point_cloud.laz","2018_MLBS_3_537000_4142000_image.tif","Tree",1,537000,537999.999,4142000,4142999.999
"7442",7442,537426.503,537434.98,4142817.045,4142825.989,"Silva","NEON_D07_MLBS_DP1_537000_4142000_classified_point_cloud.laz","2018_MLBS_3_537000_4142000_image.tif","Tree",1,537000,537999.999,4142000,4142999.999
"7443",7443,537417.032,537426.483,4142821.001,4142829.303,"Silva","NEON_D07_MLBS_DP1_537000_4142000_classified_point_cloud.laz","2018_MLBS_3_537000_4142000_image.tif","Tree",1,537000,537999.999,4142000,4142999.999
"7444",7444,537433.01,537440.465,4142820.04,4142830.446,"Silva","NEON_D07_MLBS_DP1_537000_4142000_classified_point_cloud.laz","2018_MLBS_3_537000_4142000_image.tif","Tree",1,537000,537999.999,4142000,4142999.999
"7445",7445,537429.556,537436.458,4142824.119,4142831.487,"Silva","NEON_D07_MLBS_DP1_537000_4142000_classified_point_cloud.laz","2018_MLBS_3_537000_4142000_image.tif","Tree",1,537000,537999.999,4142000,4142999.999
"7446",7446,537439.561,537450.995,4142821.652,4142830.975,"Silva","NEON_D07_MLBS_DP1_537000_4142000_classified_point_cloud.laz","2018_MLBS_3_537000_4142000_image.tif","Tree",1,537000,537999.999,4142000,4142999.999
"7447",7447,537422.519,537430.496,4142825.138,4142832.972,"Silva","NEON_D07_MLBS_DP1_537000_4142000_classified_point_cloud.laz","2018_MLBS_3_537000_4142000_image.tif","Tree",1,537000,537999.999,4142000,4142999.999
"7448",7448,537438.008,537445.43,4142828.178,4142835.871,"Silva","NEON_D07_MLBS_DP1_537000_4142000_classified_point_cloud.laz","2018_MLBS_3_537000_4142000_image.tif","Tree",1,537000,537999.999,4142000,4142999.999
"7449",7449,537425.097,537435.472,4142829.527,4142839.999,"Silva","NEON_D07_MLBS_DP1_537000_4142000_classified_point_cloud.laz","2018_MLBS_3_537000_4142000_image.tif","Tree",1,537000,537999.999,4142000,4142999.999
"7450",7450,537434.508,537443.376,4142830.088,4142838.887,"Silva","NEON_D07_MLBS_DP1_537000_4142000_classified_point_cloud.laz","2018_MLBS_3_537000_4142000_image.tif","Tree",1,537000,537999.999,4142000,4142999.999
"7451",7451,537416.087,537427.3,4142831.797,4142839.981,"Silva","NEON_D07_MLBS_DP1_537000_4142000_classified_point_cloud.laz","2018_MLBS_3_537000_4142000_image.tif","Tree",1,537000,537999.999,4142000,4142999.999
"7452",7452,537438.031,537448.498,4142835.599,4142843.424,"Silva","NEON_D07_MLBS_DP1_537000_4142000_classified_point_cloud.laz","2018_MLBS_3_537000_4142000_image.tif","Tree",1,537000,537999.999,4142000,4142999.999
"7453",7453,537416.115,537426.887,4142838.523,4142846.828,"Silva","NEON_D07_MLBS_DP1_537000_4142000_classified_point_cloud.laz","2018_MLBS_3_537000_4142000_image.tif","Tree",1,537000,537999.999,4142000,4142999.999
"7454",7454,537437.015,537444.984,4142839.061,4142846.214,"Silva","NEON_D07_MLBS_DP1_537000_4142000_classified_point_cloud.laz","2018_MLBS_3_537000_4142000_image.tif","Tree",1,537000,537999.999,4142000,4142999.999
"7455",7455,537431.505,537439.412,4142838.066,4142848.825,"Silva","NEON_D07_MLBS_DP1_537000_4142000_classified_point_cloud.laz","2018_MLBS_3_537000_4142000_image.tif","Tree",1,537000,537999.999,4142000,4142999.999
"7456",7456,537422.004,537431.494,4142839.501,4142850.579,"Silva","NEON_D07_MLBS_DP1_537000_4142000_classified_point_cloud.laz","2018_MLBS_3_537000_4142000_image.tif","Tree",1,537000,537999.999,4142000,4142999.999
"7457",7457,537427.552,537434.985,4142841.502,4142853.495,"Silva","NEON_D07_MLBS_DP1_537000_4142000_classified_point_cloud.laz","2018_MLBS_3_537000_4142000_image.tif","Tree",1,537000,537999.999,4142000,4142999.999
"7458",7458,537440.525,537446.49,4142843.55,4142854.211,"Silva","NEON_D07_MLBS_DP1_537000_4142000_classified_point_cloud.laz","2018_MLBS_3_537000_4142000_image.tif","Tree",1,537000,537999.999,4142000,4142999.999
"7459",7459,537434.505,537444.453,4142846.542,4142854.763,"Silva","NEON_D07_MLBS_DP1_537000_4142000_classified_point_cloud.laz","2018_MLBS_3_537000_4142000_image.tif","Tree",1,537000,537999.999,4142000,4142999.999
"7460",7460,537424.568,537434.974,4142853.019,4142865.989,"Silva","NEON_D07_MLBS_DP1_537000_4142000_classified_point_cloud.laz","2018_MLBS_3_537000_4142000_image.tif","Tree",1,537000,537999.999,4142000,4142999.999
"7461",7461,537377.016,537385.828,4142932.027,4142941.445,"Silva","NEON_D07_MLBS_DP1_537000_4142000_classified_point_cloud.laz","2018_MLBS_3_537000_4142000_image.tif","Tree",1,537000,537999.999,4142000,4142999.999
"7462",7462,537385.105,537392.264,4142929.087,4142941.881,"Silva","NEON_D07_MLBS_DP1_537000_4142000_classified_point_cloud.laz","2018_MLBS_3_537000_4142000_image.tif","Tree",1,537000,537999.999,4142000,4142999.999
"7463",7463,537413.556,537422.47,4142927.501,4142939.95,"Silva","NEON_D07_MLBS_DP1_537000_4142000_classified_point_cloud.laz","2018_MLBS_3_537000_4142000_image.tif","Tree",1,537000,537999.999,4142000,4142999.999
"7464",7464,537373.036,537381.232,4142927.068,4142935.93,"Silva","NEON_D07_MLBS_DP1_537000_4142000_classified_point_cloud.laz","2018_MLBS_3_537000_4142000_image.tif","Tree",1,537000,537999.999,4142000,4142999.999
"7465",7465,537404.038,537416.427,4142927.071,4142934.99,"Silva","NEON_D07_MLBS_DP1_537000_4142000_classified_point_cloud.laz","2018_MLBS_3_537000_4142000_image.tif","Tree",1,537000,537999.999,4142000,4142999.999
"7466",7466,537390.604,537404.457,4142925.002,4142936.985,"Silva","NEON_D07_MLBS_DP1_537000_4142000_classified_point_cloud.laz","2018_MLBS_3_537000_4142000_image.tif","Tree",1,537000,537999.999,4142000,4142999.999
"7467",7467,537377.51,537386.945,4142926.012,4142931.979,"Silva","NEON_D07_MLBS_DP1_537000_4142000_classified_point_cloud.laz","2018_MLBS_3_537000_4142000_image.tif","Tree",1,537000,537999.999,4142000,4142999.999
"7468",7468,537404.005,537412.463,4142921.53,4142931.999,"Silva","NEON_D07_MLBS_DP1_537000_4142000_classified_point_cloud.laz","2018_MLBS_3_537000_4142000_image.tif","Tree",1,537000,537999.999,4142000,4142999.999
"7469",7469,537382.537,537391.994,4142919.048,4142929.435,"Silva","NEON_D07_MLBS_DP1_537000_4142000_classified_point_cloud.laz","2018_MLBS_3_537000_4142000_image.tif","Tree",1,537000,537999.999,4142000,4142999.999
"7470",7470,537406.068,537413.964,4142908.545,4142917.401,"Silva","NEON_D07_MLBS_DP1_537000_4142000_classified_point_cloud.laz","2018_MLBS_3_537000_4142000_image.tif","Tree",1,537000,537999.999,4142000,4142999.999
"7471",7471,537360.004,537370.454,4142898.501,4142913.476,"Silva","NEON_D07_MLBS_DP1_537000_4142000_classified_point_cloud.laz","2018_MLBS_3_537000_4142000_image.tif","Tree",1,537000,537999.999,4142000,4142999.999
"7472",7472,537372.002,537380.928,4142899.03,4142905.428,"Silva","NEON_D07_MLBS_DP1_537000_4142000_classified_point_cloud.laz","2018_MLBS_3_537000_4142000_image.tif","Tree",1,537000,537999.999,4142000,4142999.999
"7473",7473,537409.003,537421.477,4142892.001,4142903.991,"Silva","NEON_D07_MLBS_DP1_537000_4142000_classified_point_cloud.laz","2018_MLBS_3_537000_4142000_image.tif","Tree",1,537000,537999.999,4142000,4142999.999
"7474",7474,537362.506,537372.943,4142890.511,4142898.499,"Silva","NEON_D07_MLBS_DP1_537000_4142000_classified_point_cloud.laz","2018_MLBS_3_537000_4142000_image.tif","Tree",1,537000,537999.999,4142000,4142999.999
"7475",7475,537354.563,537362.497,4142887.005,4142898.899,"Silva","NEON_D07_MLBS_DP1_537000_4142000_classified_point_cloud.laz","2018_MLBS_3_537000_4142000_image.tif","Tree",1,537000,537999.999,4142000,4142999.999
"7476",7476,537373.5,537383.479,4142885.557,4142894.988,"Silva","NEON_D07_MLBS_DP1_537000_4142000_classified_point_cloud.laz","2018_MLBS_3_537000_4142000_image.tif","Tree",1,537000,537999.999,4142000,4142999.999
"7477",7477,537360.034,537369.496,4142882.027,4142890.995,"Silva","NEON_D07_MLBS_DP1_537000_4142000_classified_point_cloud.laz","2018_MLBS_3_537000_4142000_image.tif","Tree",1,537000,537999.999,4142000,4142999.999
"7478",7478,537368.115,537375.488,4142881.291,4142893.903,"Silva","NEON_D07_MLBS_DP1_537000_4142000_classified_point_cloud.laz","2018_MLBS_3_537000_4142000_image.tif","Tree",1,537000,537999.999,4142000,4142999.999
"7479",7479,537407.003,537416.99,4142879.523,4142892.498,"Silva","NEON_D07_MLBS_DP1_537000_4142000_classified_point_cloud.laz","2018_MLBS_3_537000_4142000_image.tif","Tree",1,537000,537999.999,4142000,4142999.999
"7480",7480,537379.502,537388.969,4142876.555,4142887.5,"Silva","NEON_D07_MLBS_DP1_537000_4142000_classified_point_cloud.laz","2018_MLBS_3_537000_4142000_image.tif","Tree",1,537000,537999.999,4142000,4142999.999
"7481",7481,537369.509,537379.957,4142873.54,4142886.865,"Silva","NEON_D07_MLBS_DP1_537000_4142000_classified_point_cloud.laz","2018_MLBS_3_537000_4142000_image.tif","Tree",1,537000,537999.999,4142000,4142999.999
"7482",7482,537360.001,537371.969,4142872.894,4142884.862,"Silva","NEON_D07_MLBS_DP1_537000_4142000_classified_point_cloud.laz","2018_MLBS_3_537000_4142000_image.tif","Tree",1,537000,537999.999,4142000,4142999.999
"7483",7483,537412.002,537421.981,4142873.519,4142880.476,"Silva","NEON_D07_MLBS_DP1_537000_4142000_classified_point_cloud.laz","2018_MLBS_3_537000_4142000_image.tif","Tree",1,537000,537999.999,4142000,4142999.999
"7484",7484,537391.689,537405.979,4142865.516,4142879.997,"Silva","NEON_D07_MLBS_DP1_537000_4142000_classified_point_cloud.laz","2018_MLBS_3_537000_4142000_image.tif","Tree",1,537000,537999.999,4142000,4142999.999
"7485",7485,537353.51,537362.47,4142869.017,4142878.496,"Silva","NEON_D07_MLBS_DP1_537000_4142000_classified_point_cloud.laz","2018_MLBS_3_537000_4142000_image.tif","Tree",1,537000,537999.999,4142000,4142999.999
"7486",7486,537406.018,537414.984,4142870.042,4142879.874,"Silva","NEON_D07_MLBS_DP1_537000_4142000_classified_point_cloud.laz","2018_MLBS_3_537000_4142000_image.tif","Tree",1,537000,537999.999,4142000,4142999.999
"7487",7487,537418.505,537426.926,4142933.034,4142940.958,"Silva","NEON_D07_MLBS_DP1_537000_4142000_classified_point_cloud.laz","2018_MLBS_3_537000_4142000_image.tif","Tree",1,537000,537999.999,4142000,4142999.999
"7488",7488,537427.081,537433.987,4142927.126,4142934.986,"Silva","NEON_D07_MLBS_DP1_537000_4142000_classified_point_cloud.laz","2018_MLBS_3_537000_4142000_image.tif","Tree",1,537000,537999.999,4142000,4142999.999
"7489",7489,537442.016,537447.99,4142921.013,4142930.475,"Silva","NEON_D07_MLBS_DP1_537000_4142000_classified_point_cloud.laz","2018_MLBS_3_537000_4142000_image.tif","Tree",1,537000,537999.999,4142000,4142999.999
"7490",7490,537415,537423.995,4142914.513,4142924.494,"Silva","NEON_D07_MLBS_DP1_537000_4142000_classified_point_cloud.laz","2018_MLBS_3_537000_4142000_image.tif","Tree",1,537000,537999.999,4142000,4142999.999
"7491",7491,537420.513,537435.835,4142899.504,4142908.994,"Silva","NEON_D07_MLBS_DP1_537000_4142000_classified_point_cloud.laz","2018_MLBS_3_537000_4142000_image.tif","Tree",1,537000,537999.999,4142000,4142999.999
"7492",7492,537429.017,537439.986,4142886.03,4142899.936,"Silva","NEON_D07_MLBS_DP1_537000_4142000_classified_point_cloud.laz","2018_MLBS_3_537000_4142000_image.tif","Tree",1,537000,537999.999,4142000,4142999.999
"7493",7493,537426.008,537432.996,4142879.537,4142890.924,"Silva","NEON_D07_MLBS_DP1_537000_4142000_classified_point_cloud.laz","2018_MLBS_3_537000_4142000_image.tif","Tree",1,537000,537999.999,4142000,4142999.999
"7494",7494,537438.518,537446.934,4142876.559,4142887.5,"Silva","NEON_D07_MLBS_DP1_537000_4142000_classified_point_cloud.laz","2018_MLBS_3_537000_4142000_image.tif","Tree",1,537000,537999.999,4142000,4142999.999
"7495",7495,537418.077,537424.45,4142877.046,4142883.949,"Silva","NEON_D07_MLBS_DP1_537000_4142000_classified_point_cloud.laz","2018_MLBS_3_537000_4142000_image.tif","Tree",1,537000,537999.999,4142000,4142999.999
"7496",7496,537430.018,537440.95,4142876.005,4142886.495,"Silva","NEON_D07_MLBS_DP1_537000_4142000_classified_point_cloud.laz","2018_MLBS_3_537000_4142000_image.tif","Tree",1,537000,537999.999,4142000,4142999.999
"7497",7497,537361.504,537370.951,4142993.507,4142999.997,"Silva","NEON_D07_MLBS_DP1_537000_4142000_classified_point_cloud.laz","2018_MLBS_3_537000_4142000_image.tif","Tree",1,537000,537999.999,4142000,4142999.999
"7498",7498,537400.013,537410.342,4142994.501,4142999.999,"Silva","NEON_D07_MLBS_DP1_537000_4142000_classified_point_cloud.laz","2018_MLBS_3_537000_4142000_image.tif","Tree",1,537000,537999.999,4142000,4142999.999
"7499",7499,537386.038,537399.981,4142997.02,4142999.999,"Silva","NEON_D07_MLBS_DP1_537000_4142000_classified_point_cloud.laz","2018_MLBS_3_537000_4142000_image.tif","Tree",1,537000,537999.999,4142000,4142999.999
"7500",7500,537351.577,537361.497,4142995.02,4142999.999,"Silva","NEON_D07_MLBS_DP1_537000_4142000_classified_point_cloud.laz","2018_MLBS_3_537000_4142000_image.tif","Tree",1,537000,537999.999,4142000,4142999.999
"7501",7501,537351.5,537361.963,4142963.501,4142971.907,"Silva","NEON_D07_MLBS_DP1_537000_4142000_classified_point_cloud.laz","2018_MLBS_3_537000_4142000_image.tif","Tree",1,537000,537999.999,4142000,4142999.999
"7502",7502,537379.653,537386.447,4142966.138,4142973.424,"Silva","NEON_D07_MLBS_DP1_537000_4142000_classified_point_cloud.laz","2018_MLBS_3_537000_4142000_image.tif","Tree",1,537000,537999.999,4142000,4142999.999
"7503",7503,537373.031,537381.97,4142964.016,4142971.35,"Silva","NEON_D07_MLBS_DP1_537000_4142000_classified_point_cloud.laz","2018_MLBS_3_537000_4142000_image.tif","Tree",1,537000,537999.999,4142000,4142999.999
"7504",7504,537381.045,537391.953,4142958.609,4142969.357,"Silva","NEON_D07_MLBS_DP1_537000_4142000_classified_point_cloud.laz","2018_MLBS_3_537000_4142000_image.tif","Tree",1,537000,537999.999,4142000,4142999.999
"7505",7505,537405.007,537415.968,4142960.52,4142972.491,"Silva","NEON_D07_MLBS_DP1_537000_4142000_classified_point_cloud.laz","2018_MLBS_3_537000_4142000_image.tif","Tree",1,537000,537999.999,4142000,4142999.999
"7506",7506,537358.035,537366.497,4142958.518,4142968.36,"Silva","NEON_D07_MLBS_DP1_537000_4142000_classified_point_cloud.laz","2018_MLBS_3_537000_4142000_image.tif","Tree",1,537000,537999.999,4142000,4142999.999
"7507",7507,537365.029,537372.984,4142957.507,4142966.986,"Silva","NEON_D07_MLBS_DP1_537000_4142000_classified_point_cloud.laz","2018_MLBS_3_537000_4142000_image.tif","Tree",1,537000,537999.999,4142000,4142999.999
"7508",7508,537373.032,537383.991,4142957.528,4142966.48,"Silva","NEON_D07_MLBS_DP1_537000_4142000_classified_point_cloud.laz","2018_MLBS_3_537000_4142000_image.tif","Tree",1,537000,537999.999,4142000,4142999.999
"7509",7509,537399.015,537410.971,4142957.079,4142968.462,"Silva","NEON_D07_MLBS_DP1_537000_4142000_classified_point_cloud.laz","2018_MLBS_3_537000_4142000_image.tif","Tree",1,537000,537999.999,4142000,4142999.999
"7510",7510,537355,537362.926,4142953.08,4142963.453,"Silva","NEON_D07_MLBS_DP1_537000_4142000_classified_point_cloud.laz","2018_MLBS_3_537000_4142000_image.tif","Tree",1,537000,537999.999,4142000,4142999.999
"7511",7511,537403.021,537408.981,4142938.621,4142948.925,"Silva","NEON_D07_MLBS_DP1_537000_4142000_classified_point_cloud.laz","2018_MLBS_3_537000_4142000_image.tif","Tree",1,537000,537999.999,4142000,4142999.999
"7512",7512,537397.055,537403.997,4142937.024,4142948.987,"Silva","NEON_D07_MLBS_DP1_537000_4142000_classified_point_cloud.laz","2018_MLBS_3_537000_4142000_image.tif","Tree",1,537000,537999.999,4142000,4142999.999
"7513",7513,537392.017,537398.946,4142944.01,4142953.857,"Silva","NEON_D07_MLBS_DP1_537000_4142000_classified_point_cloud.laz","2018_MLBS_3_537000_4142000_image.tif","Tree",1,537000,537999.999,4142000,4142999.999
"7514",7514,537375.534,537383.972,4142948.019,4142957.979,"Silva","NEON_D07_MLBS_DP1_537000_4142000_classified_point_cloud.laz","2018_MLBS_3_537000_4142000_image.tif","Tree",1,537000,537999.999,4142000,4142999.999
"7515",7515,537397.659,537407.478,4142951.134,4142960.963,"Silva","NEON_D07_MLBS_DP1_537000_4142000_classified_point_cloud.laz","2018_MLBS_3_537000_4142000_image.tif","Tree",1,537000,537999.999,4142000,4142999.999
"7516",7516,537360.003,537370.904,4142952.511,4142959,"Silva","NEON_D07_MLBS_DP1_537000_4142000_classified_point_cloud.laz","2018_MLBS_3_537000_4142000_image.tif","Tree",1,537000,537999.999,4142000,4142999.999
"7517",7517,537391.562,537400.491,4142965.1,4142978.428,"Silva","NEON_D07_MLBS_DP1_537000_4142000_classified_point_cloud.laz","2018_MLBS_3_537000_4142000_image.tif","Tree",1,537000,537999.999,4142000,4142999.999
"7518",7518,537382.064,537391.999,4142968.509,4142977.496,"Silva","NEON_D07_MLBS_DP1_537000_4142000_classified_point_cloud.laz","2018_MLBS_3_537000_4142000_image.tif","Tree",1,537000,537999.999,4142000,4142999.999
"7519",7519,537398.526,537409.473,4142967.078,4142981,"Silva","NEON_D07_MLBS_DP1_537000_4142000_classified_point_cloud.laz","2018_MLBS_3_537000_4142000_image.tif","Tree",1,537000,537999.999,4142000,4142999.999
"7520",7520,537387.533,537394.936,4142971.022,4142981.494,"Silva","NEON_D07_MLBS_DP1_537000_4142000_classified_point_cloud.laz","2018_MLBS_3_537000_4142000_image.tif","Tree",1,537000,537999.999,4142000,4142999.999
"7521",7521,537360.013,537374.493,4142973.617,4142986.419,"Silva","NEON_D07_MLBS_DP1_537000_4142000_classified_point_cloud.laz","2018_MLBS_3_537000_4142000_image.tif","Tree",1,537000,537999.999,4142000,4142999.999
"7522",7522,537415.554,537419.924,4142976.577,4142982.495,"Silva","NEON_D07_MLBS_DP1_537000_4142000_classified_point_cloud.laz","2018_MLBS_3_537000_4142000_image.tif","Tree",1,537000,537999.999,4142000,4142999.999
"7523",7523,537418.53,537423.999,4142977.107,4142982.86,"Silva","NEON_D07_MLBS_DP1_537000_4142000_classified_point_cloud.laz","2018_MLBS_3_537000_4142000_image.tif","Tree",1,537000,537999.999,4142000,4142999.999
"7524",7524,537380.076,537391.987,4142977.503,4142984.983,"Silva","NEON_D07_MLBS_DP1_537000_4142000_classified_point_cloud.laz","2018_MLBS_3_537000_4142000_image.tif","Tree",1,537000,537999.999,4142000,4142999.999
"7525",7525,537391.506,537401.904,4142978.002,4142986.977,"Silva","NEON_D07_MLBS_DP1_537000_4142000_classified_point_cloud.laz","2018_MLBS_3_537000_4142000_image.tif","Tree",1,537000,537999.999,4142000,4142999.999
"7526",7526,537416.087,537420.997,4142982.035,4142986.495,"Silva","NEON_D07_MLBS_DP1_537000_4142000_classified_point_cloud.laz","2018_MLBS_3_537000_4142000_image.tif","Tree",1,537000,537999.999,4142000,4142999.999
"7527",7527,537393.508,537404.901,4142980.508,4142989.997,"Silva","NEON_D07_MLBS_DP1_537000_4142000_classified_point_cloud.laz","2018_MLBS_3_537000_4142000_image.tif","Tree",1,537000,537999.999,4142000,4142999.999
"7528",7528,537413.548,537419.374,4142984.608,4142988.999,"Silva","NEON_D07_MLBS_DP1_537000_4142000_classified_point_cloud.laz","2018_MLBS_3_537000_4142000_image.tif","Tree",1,537000,537999.999,4142000,4142999.999
"7529",7529,537397.188,537407.459,4142981.08,4142994.982,"Silva","NEON_D07_MLBS_DP1_537000_4142000_classified_point_cloud.laz","2018_MLBS_3_537000_4142000_image.tif","Tree",1,537000,537999.999,4142000,4142999.999
"7530",7530,537418.134,537424.43,4142986.51,4142992.473,"Silva","NEON_D07_MLBS_DP1_537000_4142000_classified_point_cloud.laz","2018_MLBS_3_537000_4142000_image.tif","Tree",1,537000,537999.999,4142000,4142999.999
"7531",7531,537373.516,537382.973,4142981.648,4142991.827,"Silva","NEON_D07_MLBS_DP1_537000_4142000_classified_point_cloud.laz","2018_MLBS_3_537000_4142000_image.tif","Tree",1,537000,537999.999,4142000,4142999.999
"7532",7532,537405.621,537413.929,4142984.575,4142993.49,"Silva","NEON_D07_MLBS_DP1_537000_4142000_classified_point_cloud.laz","2018_MLBS_3_537000_4142000_image.tif","Tree",1,537000,537999.999,4142000,4142999.999
"7533",7533,537413.52,537420.47,4142988.575,4142998.981,"Silva","NEON_D07_MLBS_DP1_537000_4142000_classified_point_cloud.laz","2018_MLBS_3_537000_4142000_image.tif","Tree",1,537000,537999.999,4142000,4142999.999
"7534",7534,537369.012,537378.417,4142983.528,4142993.997,"Silva","NEON_D07_MLBS_DP1_537000_4142000_classified_point_cloud.laz","2018_MLBS_3_537000_4142000_image.tif","Tree",1,537000,537999.999,4142000,4142999.999
"7535",7535,537354.004,537365.988,4142983.003,4142998.333,"Silva","NEON_D07_MLBS_DP1_537000_4142000_classified_point_cloud.laz","2018_MLBS_3_537000_4142000_image.tif","Tree",1,537000,537999.999,4142000,4142999.999
"7536",7536,537386.006,537396.826,4142987.022,4142997.468,"Silva","NEON_D07_MLBS_DP1_537000_4142000_classified_point_cloud.laz","2018_MLBS_3_537000_4142000_image.tif","Tree",1,537000,537999.999,4142000,4142999.999
"7537",7537,537403.069,537417.472,4142992.623,4142999.996,"Silva","NEON_D07_MLBS_DP1_537000_4142000_classified_point_cloud.laz","2018_MLBS_3_537000_4142000_image.tif","Tree",1,537000,537999.999,4142000,4142999.999
"7538",7538,537369.567,537377.447,4142994.04,4142999.992,"Silva","NEON_D07_MLBS_DP1_537000_4142000_classified_point_cloud.laz","2018_MLBS_3_537000_4142000_image.tif","Tree",1,537000,537999.999,4142000,4142999.999
"7539",7539,537438.513,537444.475,4142996.504,4142999.995,"Silva","NEON_D07_MLBS_DP1_537000_4142000_classified_point_cloud.laz","2018_MLBS_3_537000_4142000_image.tif","Tree",1,537000,537999.999,4142000,4142999.999
"7540",7540,537424.566,537433.416,4142996.507,4142999.987,"Silva","NEON_D07_MLBS_DP1_537000_4142000_classified_point_cloud.laz","2018_MLBS_3_537000_4142000_image.tif","Tree",1,537000,537999.999,4142000,4142999.999
"7541",7541,537430.062,537437.104,4142963.006,4142970.343,"Silva","NEON_D07_MLBS_DP1_537000_4142000_classified_point_cloud.laz","2018_MLBS_3_537000_4142000_image.tif","Tree",1,537000,537999.999,4142000,4142999.999
"7542",7542,537421.504,537430.982,4142954.536,4142968.498,"Silva","NEON_D07_MLBS_DP1_537000_4142000_classified_point_cloud.laz","2018_MLBS_3_537000_4142000_image.tif","Tree",1,537000,537999.999,4142000,4142999.999
"7543",7543,537426.584,537439.271,4142953.008,4142962.996,"Silva","NEON_D07_MLBS_DP1_537000_4142000_classified_point_cloud.laz","2018_MLBS_3_537000_4142000_image.tif","Tree",1,537000,537999.999,4142000,4142999.999
"7544",7544,537441.521,537454.905,4142934.522,4142944.461,"Silva","NEON_D07_MLBS_DP1_537000_4142000_classified_point_cloud.laz","2018_MLBS_3_537000_4142000_image.tif","Tree",1,537000,537999.999,4142000,4142999.999
"7545",7545,537430.067,537443.418,4142943.443,4142954.298,"Silva","NEON_D07_MLBS_DP1_537000_4142000_classified_point_cloud.laz","2018_MLBS_3_537000_4142000_image.tif","Tree",1,537000,537999.999,4142000,4142999.999
"7546",7546,537442.505,537449.31,4142949.123,4142958.945,"Silva","NEON_D07_MLBS_DP1_537000_4142000_classified_point_cloud.laz","2018_MLBS_3_537000_4142000_image.tif","Tree",1,537000,537999.999,4142000,4142999.999
"7547",7547,537424.003,537432.488,4142968.022,4142976.49,"Silva","NEON_D07_MLBS_DP1_537000_4142000_classified_point_cloud.laz","2018_MLBS_3_537000_4142000_image.tif","Tree",1,537000,537999.999,4142000,4142999.999
"7548",7548,537433.143,537441.496,4142971.006,4142979.116,"Silva","NEON_D07_MLBS_DP1_537000_4142000_classified_point_cloud.laz","2018_MLBS_3_537000_4142000_image.tif","Tree",1,537000,537999.999,4142000,4142999.999
"7549",7549,537441.033,537449.449,4142970.765,4142979.957,"Silva","NEON_D07_MLBS_DP1_537000_4142000_classified_point_cloud.laz","2018_MLBS_3_537000_4142000_image.tif","Tree",1,537000,537999.999,4142000,4142999.999
"7550",7550,537430.056,537437.87,4142971.164,4142979.415,"Silva","NEON_D07_MLBS_DP1_537000_4142000_classified_point_cloud.laz","2018_MLBS_3_537000_4142000_image.tif","Tree",1,537000,537999.999,4142000,4142999.999
"7551",7551,537424.012,537430.997,4142976.501,4142982.966,"Silva","NEON_D07_MLBS_DP1_537000_4142000_classified_point_cloud.laz","2018_MLBS_3_537000_4142000_image.tif","Tree",1,537000,537999.999,4142000,4142999.999
"7552",7552,537430.119,537437.301,4142978.062,4142985.915,"Silva","NEON_D07_MLBS_DP1_537000_4142000_classified_point_cloud.laz","2018_MLBS_3_537000_4142000_image.tif","Tree",1,537000,537999.999,4142000,4142999.999
"7553",7553,537421.003,537425.885,4142980.545,4142987.967,"Silva","NEON_D07_MLBS_DP1_537000_4142000_classified_point_cloud.laz","2018_MLBS_3_537000_4142000_image.tif","Tree",1,537000,537999.999,4142000,4142999.999
"7554",7554,537424.042,537432.492,4142982.509,4142989.989,"Silva","NEON_D07_MLBS_DP1_537000_4142000_classified_point_cloud.laz","2018_MLBS_3_537000_4142000_image.tif","Tree",1,537000,537999.999,4142000,4142999.999
"7555",7555,537434.514,537444.909,4142986.523,4142992.5,"Silva","NEON_D07_MLBS_DP1_537000_4142000_classified_point_cloud.laz","2018_MLBS_3_537000_4142000_image.tif","Tree",1,537000,537999.999,4142000,4142999.999
"7556",7556,537439.028,537450.881,4142987.527,4142996.981,"Silva","NEON_D07_MLBS_DP1_537000_4142000_classified_point_cloud.laz","2018_MLBS_3_537000_4142000_image.tif","Tree",1,537000,537999.999,4142000,4142999.999
"7557",7557,537426.503,537434.492,4142988.521,4142996.481,"Silva","NEON_D07_MLBS_DP1_537000_4142000_classified_point_cloud.laz","2018_MLBS_3_537000_4142000_image.tif","Tree",1,537000,537999.999,4142000,4142999.999
"7558",7558,537417.507,537427.397,4142989.512,4142999.999,"Silva","NEON_D07_MLBS_DP1_537000_4142000_classified_point_cloud.laz","2018_MLBS_3_537000_4142000_image.tif","Tree",1,537000,537999.999,4142000,4142999.999
"7559",7559,537435.19,537441.439,4142992.509,4142997.963,"Silva","NEON_D07_MLBS_DP1_537000_4142000_classified_point_cloud.laz","2018_MLBS_3_537000_4142000_image.tif","Tree",1,537000,537999.999,4142000,4142999.999
"7560",7560,537430.076,537435.99,4142992.012,4142999.192,"Silva","NEON_D07_MLBS_DP1_537000_4142000_classified_point_cloud.laz","2018_MLBS_3_537000_4142000_image.tif","Tree",1,537000,537999.999,4142000,4142999.999
"7561",7561,537082.639,537091.886,4142534.019,4142544.481,"Silva","NEON_D07_MLBS_DP1_537000_4142000_classified_point_cloud.laz","2018_MLBS_3_537000_4142000_image.tif","Tree",1,537000,537999.999,4142000,4142999.999
"7562",7562,537091.128,537097.99,4142535.023,4142542.492,"Silva","NEON_D07_MLBS_DP1_537000_4142000_classified_point_cloud.laz","2018_MLBS_3_537000_4142000_image.tif","Tree",1,537000,537999.999,4142000,4142999.999
"7563",7563,537064.183,537074.406,4142526.072,4142536.969,"Silva","NEON_D07_MLBS_DP1_537000_4142000_classified_point_cloud.laz","2018_MLBS_3_537000_4142000_image.tif","Tree",1,537000,537999.999,4142000,4142999.999
"7564",7564,537074.029,537080.474,4142524.577,4142530.494,"Silva","NEON_D07_MLBS_DP1_537000_4142000_classified_point_cloud.laz","2018_MLBS_3_537000_4142000_image.tif","Tree",1,537000,537999.999,4142000,4142999.999
"7565",7565,537086.518,537097.97,4142522.555,4142531.999,"Silva","NEON_D07_MLBS_DP1_537000_4142000_classified_point_cloud.laz","2018_MLBS_3_537000_4142000_image.tif","Tree",1,537000,537999.999,4142000,4142999.999
"7566",7566,537086.005,537093.349,4142517.548,4142528.936,"Silva","NEON_D07_MLBS_DP1_537000_4142000_classified_point_cloud.laz","2018_MLBS_3_537000_4142000_image.tif","Tree",1,537000,537999.999,4142000,4142999.999
"7567",7567,537079.02,537086.497,4142519.55,4142528.983,"Silva","NEON_D07_MLBS_DP1_537000_4142000_classified_point_cloud.laz","2018_MLBS_3_537000_4142000_image.tif","Tree",1,537000,537999.999,4142000,4142999.999
"7568",7568,537076.565,537082.473,4142511.524,4142519.99,"Silva","NEON_D07_MLBS_DP1_537000_4142000_classified_point_cloud.laz","2018_MLBS_3_537000_4142000_image.tif","Tree",1,537000,537999.999,4142000,4142999.999
"7569",7569,537081.094,537091.931,4142511.001,4142519.466,"Silva","NEON_D07_MLBS_DP1_537000_4142000_classified_point_cloud.laz","2018_MLBS_3_537000_4142000_image.tif","Tree",1,537000,537999.999,4142000,4142999.999
"7570",7570,537067.508,537073.494,4142510.003,4142521.493,"Silva","NEON_D07_MLBS_DP1_537000_4142000_classified_point_cloud.laz","2018_MLBS_3_537000_4142000_image.tif","Tree",1,537000,537999.999,4142000,4142999.999
"7571",7571,537069.007,537077.951,4142504.113,4142512.441,"Silva","NEON_D07_MLBS_DP1_537000_4142000_classified_point_cloud.laz","2018_MLBS_3_537000_4142000_image.tif","Tree",1,537000,537999.999,4142000,4142999.999
"7572",7572,537082.5,537089.981,4142505.727,4142511.479,"Silva","NEON_D07_MLBS_DP1_537000_4142000_classified_point_cloud.laz","2018_MLBS_3_537000_4142000_image.tif","Tree",1,537000,537999.999,4142000,4142999.999
"7573",7573,537076.5,537082.498,4142504.516,4142511.99,"Silva","NEON_D07_MLBS_DP1_537000_4142000_classified_point_cloud.laz","2018_MLBS_3_537000_4142000_image.tif","Tree",1,537000,537999.999,4142000,4142999.999
"7574",7574,537071.623,537080.492,4142547.504,4142556.997,"Silva","NEON_D07_MLBS_DP1_537000_4142000_classified_point_cloud.laz","2018_MLBS_3_537000_4142000_image.tif","Tree",1,537000,537999.999,4142000,4142999.999
"7575",7575,537076.02,537084.499,4142548.575,4142558.949,"Silva","NEON_D07_MLBS_DP1_537000_4142000_classified_point_cloud.laz","2018_MLBS_3_537000_4142000_image.tif","Tree",1,537000,537999.999,4142000,4142999.999
"7576",7576,537091.001,537097.469,4142551.007,4142559.386,"Silva","NEON_D07_MLBS_DP1_537000_4142000_classified_point_cloud.laz","2018_MLBS_3_537000_4142000_image.tif","Tree",1,537000,537999.999,4142000,4142999.999
"7577",7577,537071.025,537077.99,4142557.037,4142565.34,"Silva","NEON_D07_MLBS_DP1_537000_4142000_classified_point_cloud.laz","2018_MLBS_3_537000_4142000_image.tif","Tree",1,537000,537999.999,4142000,4142999.999
"7578",7578,537082.085,537093.448,4142568.629,4142578.989,"Silva","NEON_D07_MLBS_DP1_537000_4142000_classified_point_cloud.laz","2018_MLBS_3_537000_4142000_image.tif","Tree",1,537000,537999.999,4142000,4142999.999
"7579",7579,537071.503,537081.978,4142581.012,4142588.5,"Silva","NEON_D07_MLBS_DP1_537000_4142000_classified_point_cloud.laz","2018_MLBS_3_537000_4142000_image.tif","Tree",1,537000,537999.999,4142000,4142999.999
"7580",7580,537090.017,537099.447,4142596.535,4142604.932,"Silva","NEON_D07_MLBS_DP1_537000_4142000_classified_point_cloud.laz","2018_MLBS_3_537000_4142000_image.tif","Tree",1,537000,537999.999,4142000,4142999.999
"7581",7581,537069.103,537081.803,4142588.016,4142595,"Silva","NEON_D07_MLBS_DP1_537000_4142000_classified_point_cloud.laz","2018_MLBS_3_537000_4142000_image.tif","Tree",1,537000,537999.999,4142000,4142999.999
"7582",7582,537081.561,537090.461,4142647.115,4142656.957,"Silva","NEON_D07_MLBS_DP1_537000_4142000_classified_point_cloud.laz","2018_MLBS_3_537000_4142000_image.tif","Tree",1,537000,537999.999,4142000,4142999.999
"7583",7583,537083.571,537093.958,4142664.008,4142672.264,"Silva","NEON_D07_MLBS_DP1_537000_4142000_classified_point_cloud.laz","2018_MLBS_3_537000_4142000_image.tif","Tree",1,537000,537999.999,4142000,4142999.999
"7584",7584,537089.008,537094.94,4142610.019,4142614.992,"Silva","NEON_D07_MLBS_DP1_537000_4142000_classified_point_cloud.laz","2018_MLBS_3_537000_4142000_image.tif","Tree",1,537000,537999.999,4142000,4142999.999
"7585",7585,537137.512,537144.986,4142536.359,4142545.995,"Silva","NEON_D07_MLBS_DP1_537000_4142000_classified_point_cloud.laz","2018_MLBS_3_537000_4142000_image.tif","Tree",1,537000,537999.999,4142000,4142999.999
"7586",7586,537146.579,537155.466,4142537.004,4142544.99,"Silva","NEON_D07_MLBS_DP1_537000_4142000_classified_point_cloud.laz","2018_MLBS_3_537000_4142000_image.tif","Tree",1,537000,537999.999,4142000,4142999.999
"7587",7587,537155.034,537162.257,4142535.506,4142544.88,"Silva","NEON_D07_MLBS_DP1_537000_4142000_classified_point_cloud.laz","2018_MLBS_3_537000_4142000_image.tif","Tree",1,537000,537999.999,4142000,4142999.999
"7588",7588,537122.723,537130.339,4142539.502,4142543.385,"Silva","NEON_D07_MLBS_DP1_537000_4142000_classified_point_cloud.laz","2018_MLBS_3_537000_4142000_image.tif","Tree",1,537000,537999.999,4142000,4142999.999
"7589",7589,537102.092,537111.491,4142536.575,4142546.494,"Silva","NEON_D07_MLBS_DP1_537000_4142000_classified_point_cloud.laz","2018_MLBS_3_537000_4142000_image.tif","Tree",1,537000,537999.999,4142000,4142999.999
"7590",7590,537122.077,537131.96,4142532.09,4142539.492,"Silva","NEON_D07_MLBS_DP1_537000_4142000_classified_point_cloud.laz","2018_MLBS_3_537000_4142000_image.tif","Tree",1,537000,537999.999,4142000,4142999.999
"7591",7591,537114.003,537121.943,4142534.509,4142541.497,"Silva","NEON_D07_MLBS_DP1_537000_4142000_classified_point_cloud.laz","2018_MLBS_3_537000_4142000_image.tif","Tree",1,537000,537999.999,4142000,4142999.999
"7592",7592,537141.006,537149.94,4142529.015,4142536.964,"Silva","NEON_D07_MLBS_DP1_537000_4142000_classified_point_cloud.laz","2018_MLBS_3_537000_4142000_image.tif","Tree",1,537000,537999.999,4142000,4142999.999
"7593",7593,537094.53,537105.483,4142526.005,4142535.933,"Silva","NEON_D07_MLBS_DP1_537000_4142000_classified_point_cloud.laz","2018_MLBS_3_537000_4142000_image.tif","Tree",1,537000,537999.999,4142000,4142999.999
"7594",7594,537153.519,537162.469,4142526.513,4142532.381,"Silva","NEON_D07_MLBS_DP1_537000_4142000_classified_point_cloud.laz","2018_MLBS_3_537000_4142000_image.tif","Tree",1,537000,537999.999,4142000,4142999.999
"7595",7595,537132.319,537141.469,4142521.696,4142532.882,"Silva","NEON_D07_MLBS_DP1_537000_4142000_classified_point_cloud.laz","2018_MLBS_3_537000_4142000_image.tif","Tree",1,537000,537999.999,4142000,4142999.999
"7596",7596,537104.5,537118.976,4142513.501,4142525.982,"Silva","NEON_D07_MLBS_DP1_537000_4142000_classified_point_cloud.laz","2018_MLBS_3_537000_4142000_image.tif","Tree",1,537000,537999.999,4142000,4142999.999
"7597",7597,537155.019,537165.46,4142516.029,4142522.756,"Silva","NEON_D07_MLBS_DP1_537000_4142000_classified_point_cloud.laz","2018_MLBS_3_537000_4142000_image.tif","Tree",1,537000,537999.999,4142000,4142999.999
"7598",7598,537091.658,537104.494,4142517.044,4142526.448,"Silva","NEON_D07_MLBS_DP1_537000_4142000_classified_point_cloud.laz","2018_MLBS_3_537000_4142000_image.tif","Tree",1,537000,537999.999,4142000,4142999.999
"7599",7599,537130.53,537138.493,4142515.643,4142524.441,"Silva","NEON_D07_MLBS_DP1_537000_4142000_classified_point_cloud.laz","2018_MLBS_3_537000_4142000_image.tif","Tree",1,537000,537999.999,4142000,4142999.999
"7600",7600,537137.022,537145.759,4142514.02,4142522.979,"Silva","NEON_D07_MLBS_DP1_537000_4142000_classified_point_cloud.laz","2018_MLBS_3_537000_4142000_image.tif","Tree",1,537000,537999.999,4142000,4142999.999
"7601",7601,537091.522,537103.42,4142512.011,4142518.877,"Silva","NEON_D07_MLBS_DP1_537000_4142000_classified_point_cloud.laz","2018_MLBS_3_537000_4142000_image.tif","Tree",1,537000,537999.999,4142000,4142999.999
"7602",7602,537156.01,537165.923,4142508.081,4142516.499,"Silva","NEON_D07_MLBS_DP1_537000_4142000_classified_point_cloud.laz","2018_MLBS_3_537000_4142000_image.tif","Tree",1,537000,537999.999,4142000,4142999.999
"7603",7603,537130.509,537138.471,4142508.725,4142516.981,"Silva","NEON_D07_MLBS_DP1_537000_4142000_classified_point_cloud.laz","2018_MLBS_3_537000_4142000_image.tif","Tree",1,537000,537999.999,4142000,4142999.999
"7604",7604,537100.014,537112.973,4142509.052,4142519.667,"Silva","NEON_D07_MLBS_DP1_537000_4142000_classified_point_cloud.laz","2018_MLBS_3_537000_4142000_image.tif","Tree",1,537000,537999.999,4142000,4142999.999
"7605",7605,537138.677,537146.451,4142505.067,4142510.999,"Silva","NEON_D07_MLBS_DP1_537000_4142000_classified_point_cloud.laz","2018_MLBS_3_537000_4142000_image.tif","Tree",1,537000,537999.999,4142000,4142999.999
"7606",7606,537111.508,537121.967,4142497.584,4142507.5,"Silva","NEON_D07_MLBS_DP1_537000_4142000_classified_point_cloud.laz","2018_MLBS_3_537000_4142000_image.tif","Tree",1,537000,537999.999,4142000,4142999.999
"7607",7607,537126.002,537132.445,4142495.51,4142507.496,"Silva","NEON_D07_MLBS_DP1_537000_4142000_classified_point_cloud.laz","2018_MLBS_3_537000_4142000_image.tif","Tree",1,537000,537999.999,4142000,4142999.999
"7608",7608,537174.127,537183.971,4142534.022,4142545.239,"Silva","NEON_D07_MLBS_DP1_537000_4142000_classified_point_cloud.laz","2018_MLBS_3_537000_4142000_image.tif","Tree",1,537000,537999.999,4142000,4142999.999
"7609",7609,537161.013,537168.473,4142534.505,4142542.495,"Silva","NEON_D07_MLBS_DP1_537000_4142000_classified_point_cloud.laz","2018_MLBS_3_537000_4142000_image.tif","Tree",1,537000,537999.999,4142000,4142999.999
"7610",7610,537171.796,537180.46,4142528.017,4142535.939,"Silva","NEON_D07_MLBS_DP1_537000_4142000_classified_point_cloud.laz","2018_MLBS_3_537000_4142000_image.tif","Tree",1,537000,537999.999,4142000,4142999.999
"7611",7611,537167.026,537175.871,4142523.524,4142531.47,"Silva","NEON_D07_MLBS_DP1_537000_4142000_classified_point_cloud.laz","2018_MLBS_3_537000_4142000_image.tif","Tree",1,537000,537999.999,4142000,4142999.999
"7612",7612,537166.019,537179.911,4142510.005,4142519.977,"Silva","NEON_D07_MLBS_DP1_537000_4142000_classified_point_cloud.laz","2018_MLBS_3_537000_4142000_image.tif","Tree",1,537000,537999.999,4142000,4142999.999
"7613",7613,537185.133,537195.495,4142510.51,4142517.495,"Silva","NEON_D07_MLBS_DP1_537000_4142000_classified_point_cloud.laz","2018_MLBS_3_537000_4142000_image.tif","Tree",1,537000,537999.999,4142000,4142999.999
"7614",7614,537175.028,537183.493,4142503.539,4142515.419,"Silva","NEON_D07_MLBS_DP1_537000_4142000_classified_point_cloud.laz","2018_MLBS_3_537000_4142000_image.tif","Tree",1,537000,537999.999,4142000,4142999.999
"7615",7615,537183.504,537190.407,4142506.126,4142514.478,"Silva","NEON_D07_MLBS_DP1_537000_4142000_classified_point_cloud.laz","2018_MLBS_3_537000_4142000_image.tif","Tree",1,537000,537999.999,4142000,4142999.999
"7616",7616,537194.549,537201.245,4142499.057,4142510.914,"Silva","NEON_D07_MLBS_DP1_537000_4142000_classified_point_cloud.laz","2018_MLBS_3_537000_4142000_image.tif","Tree",1,537000,537999.999,4142000,4142999.999
"7617",7617,537160.252,537169.994,4142502.585,4142512.988,"Silva","NEON_D07_MLBS_DP1_537000_4142000_classified_point_cloud.laz","2018_MLBS_3_537000_4142000_image.tif","Tree",1,537000,537999.999,4142000,4142999.999
"7618",7618,537180.556,537189.623,4142500.506,4142506.804,"Silva","NEON_D07_MLBS_DP1_537000_4142000_classified_point_cloud.laz","2018_MLBS_3_537000_4142000_image.tif","Tree",1,537000,537999.999,4142000,4142999.999
"7619",7619,537163.629,537170.986,4142498.521,4142503.482,"Silva","NEON_D07_MLBS_DP1_537000_4142000_classified_point_cloud.laz","2018_MLBS_3_537000_4142000_image.tif","Tree",1,537000,537999.999,4142000,4142999.999
"7620",7620,537192.504,537202.453,4142538.816,4142547.966,"Silva","NEON_D07_MLBS_DP1_537000_4142000_classified_point_cloud.laz","2018_MLBS_3_537000_4142000_image.tif","Tree",1,537000,537999.999,4142000,4142999.999
"7621",7621,537202.512,537212.994,4142537.508,4142542.484,"Silva","NEON_D07_MLBS_DP1_537000_4142000_classified_point_cloud.laz","2018_MLBS_3_537000_4142000_image.tif","Tree",1,537000,537999.999,4142000,4142999.999
"7622",7622,537195.007,537203.497,4142532.051,4142542.913,"Silva","NEON_D07_MLBS_DP1_537000_4142000_classified_point_cloud.laz","2018_MLBS_3_537000_4142000_image.tif","Tree",1,537000,537999.999,4142000,4142999.999
"7623",7623,537182.684,537191.639,4142526.576,4142536.454,"Silva","NEON_D07_MLBS_DP1_537000_4142000_classified_point_cloud.laz","2018_MLBS_3_537000_4142000_image.tif","Tree",1,537000,537999.999,4142000,4142999.999
"7624",7624,537211.032,537219.955,4142524.506,4142532.729,"Silva","NEON_D07_MLBS_DP1_537000_4142000_classified_point_cloud.laz","2018_MLBS_3_537000_4142000_image.tif","Tree",1,537000,537999.999,4142000,4142999.999
"7625",7625,537178.032,537186.375,4142524.571,4142534.982,"Silva","NEON_D07_MLBS_DP1_537000_4142000_classified_point_cloud.laz","2018_MLBS_3_537000_4142000_image.tif","Tree",1,537000,537999.999,4142000,4142999.999
"7626",7626,537222.636,537231.906,4142518.021,4142528.99,"Silva","NEON_D07_MLBS_DP1_537000_4142000_classified_point_cloud.laz","2018_MLBS_3_537000_4142000_image.tif","Tree",1,537000,537999.999,4142000,4142999.999
"7627",7627,537186.018,537191.982,4142520.518,4142526.845,"Silva","NEON_D07_MLBS_DP1_537000_4142000_classified_point_cloud.laz","2018_MLBS_3_537000_4142000_image.tif","Tree",1,537000,537999.999,4142000,4142999.999
"7628",7628,537184.055,537189.995,4142515.56,4142521.491,"Silva","NEON_D07_MLBS_DP1_537000_4142000_classified_point_cloud.laz","2018_MLBS_3_537000_4142000_image.tif","Tree",1,537000,537999.999,4142000,4142999.999
"7629",7629,537190,537194.967,4142516.674,4142522.999,"Silva","NEON_D07_MLBS_DP1_537000_4142000_classified_point_cloud.laz","2018_MLBS_3_537000_4142000_image.tif","Tree",1,537000,537999.999,4142000,4142999.999
"7630",7630,537195.122,537204.433,4142511.011,4142520.36,"Silva","NEON_D07_MLBS_DP1_537000_4142000_classified_point_cloud.laz","2018_MLBS_3_537000_4142000_image.tif","Tree",1,537000,537999.999,4142000,4142999.999
"7631",7631,537197.539,537204.47,4142504.1,4142512.926,"Silva","NEON_D07_MLBS_DP1_537000_4142000_classified_point_cloud.laz","2018_MLBS_3_537000_4142000_image.tif","Tree",1,537000,537999.999,4142000,4142999.999
"7632",7632,537219.001,537228.433,4142501.026,4142510.484,"Silva","NEON_D07_MLBS_DP1_537000_4142000_classified_point_cloud.laz","2018_MLBS_3_537000_4142000_image.tif","Tree",1,537000,537999.999,4142000,4142999.999
"7633",7633,537285.501,537291.476,4142503.01,4142507.767,"Silva","NEON_D07_MLBS_DP1_537000_4142000_classified_point_cloud.laz","2018_MLBS_3_537000_4142000_image.tif","Tree",1,537000,537999.999,4142000,4142999.999
"7634",7634,537266.543,537272.255,4142496.501,4142507.446,"Silva","NEON_D07_MLBS_DP1_537000_4142000_classified_point_cloud.laz","2018_MLBS_3_537000_4142000_image.tif","Tree",1,537000,537999.999,4142000,4142999.999
"7635",7635,537294.017,537300.659,4142522.007,4142531.914,"Silva","NEON_D07_MLBS_DP1_537000_4142000_classified_point_cloud.laz","2018_MLBS_3_537000_4142000_image.tif","Tree",1,537000,537999.999,4142000,4142999.999
"7636",7636,537293.043,537301.924,4142516.074,4142522.413,"Silva","NEON_D07_MLBS_DP1_537000_4142000_classified_point_cloud.laz","2018_MLBS_3_537000_4142000_image.tif","Tree",1,537000,537999.999,4142000,4142999.999
"7637",7637,537297.662,537307.387,4142502.622,4142510.411,"Silva","NEON_D07_MLBS_DP1_537000_4142000_classified_point_cloud.laz","2018_MLBS_3_537000_4142000_image.tif","Tree",1,537000,537999.999,4142000,4142999.999
"7638",7638,537256.55,537267.951,4142534.321,4142546.495,"Silva","NEON_D07_MLBS_DP1_537000_4142000_classified_point_cloud.laz","2018_MLBS_3_537000_4142000_image.tif","Tree",1,537000,537999.999,4142000,4142999.999
"7639",7639,537232.567,537244.481,4142517.114,4142526.419,"Silva","NEON_D07_MLBS_DP1_537000_4142000_classified_point_cloud.laz","2018_MLBS_3_537000_4142000_image.tif","Tree",1,537000,537999.999,4142000,4142999.999
"7640",7640,537228.004,537237.938,4142504.019,4142513.933,"Silva","NEON_D07_MLBS_DP1_537000_4142000_classified_point_cloud.laz","2018_MLBS_3_537000_4142000_image.tif","Tree",1,537000,537999.999,4142000,4142999.999
"7641",7641,537291.121,537301.472,4142532.158,4142542.62,"Silva","NEON_D07_MLBS_DP1_537000_4142000_classified_point_cloud.laz","2018_MLBS_3_537000_4142000_image.tif","Tree",1,537000,537999.999,4142000,4142999.999
"7642",7642,537109.104,537115.921,4142540.036,4142546.337,"Silva","NEON_D07_MLBS_DP1_537000_4142000_classified_point_cloud.laz","2018_MLBS_3_537000_4142000_image.tif","Tree",1,537000,537999.999,4142000,4142999.999
"7643",7643,537134.246,537142.992,4142545.519,4142551.497,"Silva","NEON_D07_MLBS_DP1_537000_4142000_classified_point_cloud.laz","2018_MLBS_3_537000_4142000_image.tif","Tree",1,537000,537999.999,4142000,4142999.999
"7644",7644,537121.573,537133.976,4142548.503,4142557.446,"Silva","NEON_D07_MLBS_DP1_537000_4142000_classified_point_cloud.laz","2018_MLBS_3_537000_4142000_image.tif","Tree",1,537000,537999.999,4142000,4142999.999
"7645",7645,537149.003,537157.971,4142552.243,4142562.788,"Silva","NEON_D07_MLBS_DP1_537000_4142000_classified_point_cloud.laz","2018_MLBS_3_537000_4142000_image.tif","Tree",1,537000,537999.999,4142000,4142999.999
"7646",7646,537119.722,537129.89,4142552.58,4142562.462,"Silva","NEON_D07_MLBS_DP1_537000_4142000_classified_point_cloud.laz","2018_MLBS_3_537000_4142000_image.tif","Tree",1,537000,537999.999,4142000,4142999.999
"7647",7647,537109.504,537120.486,4142553.04,4142565.404,"Silva","NEON_D07_MLBS_DP1_537000_4142000_classified_point_cloud.laz","2018_MLBS_3_537000_4142000_image.tif","Tree",1,537000,537999.999,4142000,4142999.999
"7648",7648,537112.807,537121.155,4142560.568,4142569.469,"Silva","NEON_D07_MLBS_DP1_537000_4142000_classified_point_cloud.laz","2018_MLBS_3_537000_4142000_image.tif","Tree",1,537000,537999.999,4142000,4142999.999
"7649",7649,537122.541,537128.987,4142562.011,4142568.996,"Silva","NEON_D07_MLBS_DP1_537000_4142000_classified_point_cloud.laz","2018_MLBS_3_537000_4142000_image.tif","Tree",1,537000,537999.999,4142000,4142999.999
"7650",7650,537124.033,537130.79,4142568.027,4142575.23,"Silva","NEON_D07_MLBS_DP1_537000_4142000_classified_point_cloud.laz","2018_MLBS_3_537000_4142000_image.tif","Tree",1,537000,537999.999,4142000,4142999.999
"7651",7651,537102.503,537114.99,4142570.655,4142580.426,"Silva","NEON_D07_MLBS_DP1_537000_4142000_classified_point_cloud.laz","2018_MLBS_3_537000_4142000_image.tif","Tree",1,537000,537999.999,4142000,4142999.999
"7652",7652,537096.06,537105.44,4142575.015,4142584.926,"Silva","NEON_D07_MLBS_DP1_537000_4142000_classified_point_cloud.laz","2018_MLBS_3_537000_4142000_image.tif","Tree",1,537000,537999.999,4142000,4142999.999
"7653",7653,537102.519,537109.938,4142579.537,4142586,"Silva","NEON_D07_MLBS_DP1_537000_4142000_classified_point_cloud.laz","2018_MLBS_3_537000_4142000_image.tif","Tree",1,537000,537999.999,4142000,4142999.999
"7654",7654,537091.016,537102.445,4142576.081,4142588.98,"Silva","NEON_D07_MLBS_DP1_537000_4142000_classified_point_cloud.laz","2018_MLBS_3_537000_4142000_image.tif","Tree",1,537000,537999.999,4142000,4142999.999
"7655",7655,537108.264,537118.891,4142578.001,4142586.934,"Silva","NEON_D07_MLBS_DP1_537000_4142000_classified_point_cloud.laz","2018_MLBS_3_537000_4142000_image.tif","Tree",1,537000,537999.999,4142000,4142999.999
"7656",7656,537102.113,537108.999,4142586.007,4142591.964,"Silva","NEON_D07_MLBS_DP1_537000_4142000_classified_point_cloud.laz","2018_MLBS_3_537000_4142000_image.tif","Tree",1,537000,537999.999,4142000,4142999.999
"7657",7657,537109.01,537119.476,4142586.035,4142595.5,"Silva","NEON_D07_MLBS_DP1_537000_4142000_classified_point_cloud.laz","2018_MLBS_3_537000_4142000_image.tif","Tree",1,537000,537999.999,4142000,4142999.999
"7658",7658,537097.015,537104.66,4142586.641,4142597.839,"Silva","NEON_D07_MLBS_DP1_537000_4142000_classified_point_cloud.laz","2018_MLBS_3_537000_4142000_image.tif","Tree",1,537000,537999.999,4142000,4142999.999
"7659",7659,537091.544,537100.992,4142588.567,4142599.427,"Silva","NEON_D07_MLBS_DP1_537000_4142000_classified_point_cloud.laz","2018_MLBS_3_537000_4142000_image.tif","Tree",1,537000,537999.999,4142000,4142999.999
"7660",7660,537103.005,537109.465,4142600.016,4142606.954,"Silva","NEON_D07_MLBS_DP1_537000_4142000_classified_point_cloud.laz","2018_MLBS_3_537000_4142000_image.tif","Tree",1,537000,537999.999,4142000,4142999.999
"7661",7661,537106.245,537115.413,4142646.083,4142655.943,"Silva","NEON_D07_MLBS_DP1_537000_4142000_classified_point_cloud.laz","2018_MLBS_3_537000_4142000_image.tif","Tree",1,537000,537999.999,4142000,4142999.999
"7662",7662,537100.04,537109.496,4142649.02,4142659.492,"Silva","NEON_D07_MLBS_DP1_537000_4142000_classified_point_cloud.laz","2018_MLBS_3_537000_4142000_image.tif","Tree",1,537000,537999.999,4142000,4142999.999
"7663",7663,537094.128,537102.499,4142604.529,4142615.452,"Silva","NEON_D07_MLBS_DP1_537000_4142000_classified_point_cloud.laz","2018_MLBS_3_537000_4142000_image.tif","Tree",1,537000,537999.999,4142000,4142999.999
"7664",7664,537157.032,537161.462,4142547.501,4142556.144,"Silva","NEON_D07_MLBS_DP1_537000_4142000_classified_point_cloud.laz","2018_MLBS_3_537000_4142000_image.tif","Tree",1,537000,537999.999,4142000,4142999.999
"7665",7665,537143.006,537150.905,4142545.504,4142552.975,"Silva","NEON_D07_MLBS_DP1_537000_4142000_classified_point_cloud.laz","2018_MLBS_3_537000_4142000_image.tif","Tree",1,537000,537999.999,4142000,4142999.999
"7666",7666,537136.066,537142.992,4142555.903,4142560.951,"Silva","NEON_D07_MLBS_DP1_537000_4142000_classified_point_cloud.laz","2018_MLBS_3_537000_4142000_image.tif","Tree",1,537000,537999.999,4142000,4142999.999
"7667",7667,537142.528,537148.993,4142556.505,4142562.94,"Silva","NEON_D07_MLBS_DP1_537000_4142000_classified_point_cloud.laz","2018_MLBS_3_537000_4142000_image.tif","Tree",1,537000,537999.999,4142000,4142999.999
"7668",7668,537141.565,537149.994,4142552.802,4142556.984,"Silva","NEON_D07_MLBS_DP1_537000_4142000_classified_point_cloud.laz","2018_MLBS_3_537000_4142000_image.tif","Tree",1,537000,537999.999,4142000,4142999.999
"7669",7669,537153.016,537160.498,4142558.004,4142566.692,"Silva","NEON_D07_MLBS_DP1_537000_4142000_classified_point_cloud.laz","2018_MLBS_3_537000_4142000_image.tif","Tree",1,537000,537999.999,4142000,4142999.999
"7670",7670,537136.549,537143.976,4142560.07,4142565.983,"Silva","NEON_D07_MLBS_DP1_537000_4142000_classified_point_cloud.laz","2018_MLBS_3_537000_4142000_image.tif","Tree",1,537000,537999.999,4142000,4142999.999
"7671",7671,537146.504,537155.495,4142562.511,4142573.892,"Silva","NEON_D07_MLBS_DP1_537000_4142000_classified_point_cloud.laz","2018_MLBS_3_537000_4142000_image.tif","Tree",1,537000,537999.999,4142000,4142999.999
"7672",7672,537146.008,537155.895,4142573.003,4142582.382,"Silva","NEON_D07_MLBS_DP1_537000_4142000_classified_point_cloud.laz","2018_MLBS_3_537000_4142000_image.tif","Tree",1,537000,537999.999,4142000,4142999.999
"7673",7673,537118.503,537130.886,4142579.601,4142587.999,"Silva","NEON_D07_MLBS_DP1_537000_4142000_classified_point_cloud.laz","2018_MLBS_3_537000_4142000_image.tif","Tree",1,537000,537999.999,4142000,4142999.999
"7674",7674,537147.027,537156.969,4142579.046,4142585.832,"Silva","NEON_D07_MLBS_DP1_537000_4142000_classified_point_cloud.laz","2018_MLBS_3_537000_4142000_image.tif","Tree",1,537000,537999.999,4142000,4142999.999
"7675",7675,537155.545,537160.902,4142580.143,4142588.979,"Silva","NEON_D07_MLBS_DP1_537000_4142000_classified_point_cloud.laz","2018_MLBS_3_537000_4142000_image.tif","Tree",1,537000,537999.999,4142000,4142999.999
"7676",7676,537126.007,537134.499,4142587.008,4142595.999,"Silva","NEON_D07_MLBS_DP1_537000_4142000_classified_point_cloud.laz","2018_MLBS_3_537000_4142000_image.tif","Tree",1,537000,537999.999,4142000,4142999.999
"7677",7677,537152.027,537158.984,4142589.117,4142598.868,"Silva","NEON_D07_MLBS_DP1_537000_4142000_classified_point_cloud.laz","2018_MLBS_3_537000_4142000_image.tif","Tree",1,537000,537999.999,4142000,4142999.999
"7678",7678,537120.001,537130.443,4142599.669,4142608.366,"Silva","NEON_D07_MLBS_DP1_537000_4142000_classified_point_cloud.laz","2018_MLBS_3_537000_4142000_image.tif","Tree",1,537000,537999.999,4142000,4142999.999
"7679",7679,537178.524,537190.912,4142543.97,4142553.5,"Silva","NEON_D07_MLBS_DP1_537000_4142000_classified_point_cloud.laz","2018_MLBS_3_537000_4142000_image.tif","Tree",1,537000,537999.999,4142000,4142999.999
"7680",7680,537211.502,537223.477,4142543.016,4142554.858,"Silva","NEON_D07_MLBS_DP1_537000_4142000_classified_point_cloud.laz","2018_MLBS_3_537000_4142000_image.tif","Tree",1,537000,537999.999,4142000,4142999.999
"7681",7681,537160.064,537166.982,4142547.528,4142552.936,"Silva","NEON_D07_MLBS_DP1_537000_4142000_classified_point_cloud.laz","2018_MLBS_3_537000_4142000_image.tif","Tree",1,537000,537999.999,4142000,4142999.999
"7682",7682,537201.021,537209.491,4142546.526,4142557.998,"Silva","NEON_D07_MLBS_DP1_537000_4142000_classified_point_cloud.laz","2018_MLBS_3_537000_4142000_image.tif","Tree",1,537000,537999.999,4142000,4142999.999
"7683",7683,537158,537165.932,4142552.539,4142559,"Silva","NEON_D07_MLBS_DP1_537000_4142000_classified_point_cloud.laz","2018_MLBS_3_537000_4142000_image.tif","Tree",1,537000,537999.999,4142000,4142999.999
"7684",7684,537191.218,537199.46,4142549.015,4142558.366,"Silva","NEON_D07_MLBS_DP1_537000_4142000_classified_point_cloud.laz","2018_MLBS_3_537000_4142000_image.tif","Tree",1,537000,537999.999,4142000,4142999.999
"7685",7685,537187.154,537199.498,4142557.521,4142564.217,"Silva","NEON_D07_MLBS_DP1_537000_4142000_classified_point_cloud.laz","2018_MLBS_3_537000_4142000_image.tif","Tree",1,537000,537999.999,4142000,4142999.999
"7686",7686,537179.555,537186.977,4142555.791,4142565,"Silva","NEON_D07_MLBS_DP1_537000_4142000_classified_point_cloud.laz","2018_MLBS_3_537000_4142000_image.tif","Tree",1,537000,537999.999,4142000,4142999.999
"7687",7687,537215.009,537222.924,4142554.51,4142564.925,"Silva","NEON_D07_MLBS_DP1_537000_4142000_classified_point_cloud.laz","2018_MLBS_3_537000_4142000_image.tif","Tree",1,537000,537999.999,4142000,4142999.999
"7688",7688,537172.5,537180.494,4142558.066,4142565.986,"Silva","NEON_D07_MLBS_DP1_537000_4142000_classified_point_cloud.laz","2018_MLBS_3_537000_4142000_image.tif","Tree",1,537000,537999.999,4142000,4142999.999
"7689",7689,537207.685,537215.979,4142557.555,4142563.499,"Silva","NEON_D07_MLBS_DP1_537000_4142000_classified_point_cloud.laz","2018_MLBS_3_537000_4142000_image.tif","Tree",1,537000,537999.999,4142000,4142999.999
"7690",7690,537221.53,537227.902,4142560.272,4142567.493,"Silva","NEON_D07_MLBS_DP1_537000_4142000_classified_point_cloud.laz","2018_MLBS_3_537000_4142000_image.tif","Tree",1,537000,537999.999,4142000,4142999.999
"7691",7691,537182.162,537188.853,4142562.114,4142568.489,"Silva","NEON_D07_MLBS_DP1_537000_4142000_classified_point_cloud.laz","2018_MLBS_3_537000_4142000_image.tif","Tree",1,537000,537999.999,4142000,4142999.999
"7692",7692,537217.591,537225.497,4142562.52,4142570.285,"Silva","NEON_D07_MLBS_DP1_537000_4142000_classified_point_cloud.laz","2018_MLBS_3_537000_4142000_image.tif","Tree",1,537000,537999.999,4142000,4142999.999
"7693",7693,537173.512,537182.774,4142564.551,4142574.399,"Silva","NEON_D07_MLBS_DP1_537000_4142000_classified_point_cloud.laz","2018_MLBS_3_537000_4142000_image.tif","Tree",1,537000,537999.999,4142000,4142999.999
"7694",7694,537193.691,537204.697,4142562.054,4142572.5,"Silva","NEON_D07_MLBS_DP1_537000_4142000_classified_point_cloud.laz","2018_MLBS_3_537000_4142000_image.tif","Tree",1,537000,537999.999,4142000,4142999.999
"7695",7695,537160.504,537167.993,4142566.086,4142575.984,"Silva","NEON_D07_MLBS_DP1_537000_4142000_classified_point_cloud.laz","2018_MLBS_3_537000_4142000_image.tif","Tree",1,537000,537999.999,4142000,4142999.999
"7696",7696,537167.516,537174.979,4142565.501,4142574.882,"Silva","NEON_D07_MLBS_DP1_537000_4142000_classified_point_cloud.laz","2018_MLBS_3_537000_4142000_image.tif","Tree",1,537000,537999.999,4142000,4142999.999
"7697",7697,537178.06,537190.38,4142570.647,4142579.498,"Silva","NEON_D07_MLBS_DP1_537000_4142000_classified_point_cloud.laz","2018_MLBS_3_537000_4142000_image.tif","Tree",1,537000,537999.999,4142000,4142999.999
"7698",7698,537209.031,537217.461,4142571.657,4142579.909,"Silva","NEON_D07_MLBS_DP1_537000_4142000_classified_point_cloud.laz","2018_MLBS_3_537000_4142000_image.tif","Tree",1,537000,537999.999,4142000,4142999.999
"7699",7699,537166.544,537178.449,4142572.658,4142581.895,"Silva","NEON_D07_MLBS_DP1_537000_4142000_classified_point_cloud.laz","2018_MLBS_3_537000_4142000_image.tif","Tree",1,537000,537999.999,4142000,4142999.999
"7700",7700,537216.503,537228.432,4142577.616,4142583.992,"Silva","NEON_D07_MLBS_DP1_537000_4142000_classified_point_cloud.laz","2018_MLBS_3_537000_4142000_image.tif","Tree",1,537000,537999.999,4142000,4142999.999
"7701",7701,537174.571,537182.96,4142577.173,4142585.987,"Silva","NEON_D07_MLBS_DP1_537000_4142000_classified_point_cloud.laz","2018_MLBS_3_537000_4142000_image.tif","Tree",1,537000,537999.999,4142000,4142999.999
"7702",7702,537160.544,537167.442,4142586.501,4142591.483,"Silva","NEON_D07_MLBS_DP1_537000_4142000_classified_point_cloud.laz","2018_MLBS_3_537000_4142000_image.tif","Tree",1,537000,537999.999,4142000,4142999.999
"7703",7703,537170.623,537177.984,4142583.642,4142593.47,"Silva","NEON_D07_MLBS_DP1_537000_4142000_classified_point_cloud.laz","2018_MLBS_3_537000_4142000_image.tif","Tree",1,537000,537999.999,4142000,4142999.999
"7704",7704,537215.637,537225.891,4142583.571,4142592.464,"Silva","NEON_D07_MLBS_DP1_537000_4142000_classified_point_cloud.laz","2018_MLBS_3_537000_4142000_image.tif","Tree",1,537000,537999.999,4142000,4142999.999
"7705",7705,537188.001,537196.336,4142584.026,4142595.381,"Silva","NEON_D07_MLBS_DP1_537000_4142000_classified_point_cloud.laz","2018_MLBS_3_537000_4142000_image.tif","Tree",1,537000,537999.999,4142000,4142999.999
"7706",7706,537162.5,537169.497,4142589.156,4142597.497,"Silva","NEON_D07_MLBS_DP1_537000_4142000_classified_point_cloud.laz","2018_MLBS_3_537000_4142000_image.tif","Tree",1,537000,537999.999,4142000,4142999.999
"7707",7707,537203.014,537212.961,4142605.106,4142613.961,"Silva","NEON_D07_MLBS_DP1_537000_4142000_classified_point_cloud.laz","2018_MLBS_3_537000_4142000_image.tif","Tree",1,537000,537999.999,4142000,4142999.999
"7708",7708,537194.008,537200.484,4142602.107,4142613.324,"Silva","NEON_D07_MLBS_DP1_537000_4142000_classified_point_cloud.laz","2018_MLBS_3_537000_4142000_image.tif","Tree",1,537000,537999.999,4142000,4142999.999
"7709",7709,537179.1,537186.327,4142599.633,4142608.943,"Silva","NEON_D07_MLBS_DP1_537000_4142000_classified_point_cloud.laz","2018_MLBS_3_537000_4142000_image.tif","Tree",1,537000,537999.999,4142000,4142999.999
"7710",7710,537182.051,537191.944,4142594.054,4142602.436,"Silva","NEON_D07_MLBS_DP1_537000_4142000_classified_point_cloud.laz","2018_MLBS_3_537000_4142000_image.tif","Tree",1,537000,537999.999,4142000,4142999.999
"7711",7711,537203.996,537210.494,4142591.511,4142600.428,"Silva","NEON_D07_MLBS_DP1_537000_4142000_classified_point_cloud.laz","2018_MLBS_3_537000_4142000_image.tif","Tree",1,537000,537999.999,4142000,4142999.999
"7712",7712,537216.531,537225.424,4142591.278,4142597.946,"Silva","NEON_D07_MLBS_DP1_537000_4142000_classified_point_cloud.laz","2018_MLBS_3_537000_4142000_image.tif","Tree",1,537000,537999.999,4142000,4142999.999
"7713",7713,537158,537165.874,4142592.703,4142598.96,"Silva","NEON_D07_MLBS_DP1_537000_4142000_classified_point_cloud.laz","2018_MLBS_3_537000_4142000_image.tif","Tree",1,537000,537999.999,4142000,4142999.999
"7714",7714,537116.548,537124.37,4142643.005,4142649.903,"Silva","NEON_D07_MLBS_DP1_537000_4142000_classified_point_cloud.laz","2018_MLBS_3_537000_4142000_image.tif","Tree",1,537000,537999.999,4142000,4142999.999
"7715",7715,537146.561,537153.986,4142645.014,4142653.496,"Silva","NEON_D07_MLBS_DP1_537000_4142000_classified_point_cloud.laz","2018_MLBS_3_537000_4142000_image.tif","Tree",1,537000,537999.999,4142000,4142999.999
"7716",7716,537118.608,537126.963,4142647.736,4142657.33,"Silva","NEON_D07_MLBS_DP1_537000_4142000_classified_point_cloud.laz","2018_MLBS_3_537000_4142000_image.tif","Tree",1,537000,537999.999,4142000,4142999.999
"7717",7717,537114.555,537120.986,4142650.147,4142658.188,"Silva","NEON_D07_MLBS_DP1_537000_4142000_classified_point_cloud.laz","2018_MLBS_3_537000_4142000_image.tif","Tree",1,537000,537999.999,4142000,4142999.999
"7718",7718,537133.178,537140.826,4142651.125,4142662.417,"Silva","NEON_D07_MLBS_DP1_537000_4142000_classified_point_cloud.laz","2018_MLBS_3_537000_4142000_image.tif","Tree",1,537000,537999.999,4142000,4142999.999
"7719",7719,537146.529,537153.996,4142653.516,4142662.955,"Silva","NEON_D07_MLBS_DP1_537000_4142000_classified_point_cloud.laz","2018_MLBS_3_537000_4142000_image.tif","Tree",1,537000,537999.999,4142000,4142999.999
"7720",7720,537154.023,537162.92,4142657.609,4142662.965,"Silva","NEON_D07_MLBS_DP1_537000_4142000_classified_point_cloud.laz","2018_MLBS_3_537000_4142000_image.tif","Tree",1,537000,537999.999,4142000,4142999.999
"7721",7721,537144.566,537150.894,4142657.595,4142666.481,"Silva","NEON_D07_MLBS_DP1_537000_4142000_classified_point_cloud.laz","2018_MLBS_3_537000_4142000_image.tif","Tree",1,537000,537999.999,4142000,4142999.999
"7722",7722,537136.513,537145.496,4142659.004,4142665.998,"Silva","NEON_D07_MLBS_DP1_537000_4142000_classified_point_cloud.laz","2018_MLBS_3_537000_4142000_image.tif","Tree",1,537000,537999.999,4142000,4142999.999
"7723",7723,537114.188,537121.898,4142660.744,4142669.917,"Silva","NEON_D07_MLBS_DP1_537000_4142000_classified_point_cloud.laz","2018_MLBS_3_537000_4142000_image.tif","Tree",1,537000,537999.999,4142000,4142999.999
"7724",7724,537119.702,537126.447,4142664.541,4142670.938,"Silva","NEON_D07_MLBS_DP1_537000_4142000_classified_point_cloud.laz","2018_MLBS_3_537000_4142000_image.tif","Tree",1,537000,537999.999,4142000,4142999.999
"7725",7725,537137.586,537148.472,4142664.513,4142671.455,"Silva","NEON_D07_MLBS_DP1_537000_4142000_classified_point_cloud.laz","2018_MLBS_3_537000_4142000_image.tif","Tree",1,537000,537999.999,4142000,4142999.999
"7726",7726,537147.027,537155.969,4142666.175,4142673.495,"Silva","NEON_D07_MLBS_DP1_537000_4142000_classified_point_cloud.laz","2018_MLBS_3_537000_4142000_image.tif","Tree",1,537000,537999.999,4142000,4142999.999
"7727",7727,537112.511,537119.468,4142669.585,4142679.473,"Silva","NEON_D07_MLBS_DP1_537000_4142000_classified_point_cloud.laz","2018_MLBS_3_537000_4142000_image.tif","Tree",1,537000,537999.999,4142000,4142999.999
"7728",7728,537119.007,537127.999,4142670.001,4142678.496,"Silva","NEON_D07_MLBS_DP1_537000_4142000_classified_point_cloud.laz","2018_MLBS_3_537000_4142000_image.tif","Tree",1,537000,537999.999,4142000,4142999.999
"7729",7729,537137.927,537146.901,4142668.615,4142676.387,"Silva","NEON_D07_MLBS_DP1_537000_4142000_classified_point_cloud.laz","2018_MLBS_3_537000_4142000_image.tif","Tree",1,537000,537999.999,4142000,4142999.999
"7730",7730,537131.511,537141.496,4142630.649,4142641.292,"Silva","NEON_D07_MLBS_DP1_537000_4142000_classified_point_cloud.laz","2018_MLBS_3_537000_4142000_image.tif","Tree",1,537000,537999.999,4142000,4142999.999
"7731",7731,537136.019,537147.838,4142606.504,4142616.94,"Silva","NEON_D07_MLBS_DP1_537000_4142000_classified_point_cloud.laz","2018_MLBS_3_537000_4142000_image.tif","Tree",1,537000,537999.999,4142000,4142999.999
"7732",7732,537197.62,537207.918,4142639.26,4142647.327,"Silva","NEON_D07_MLBS_DP1_537000_4142000_classified_point_cloud.laz","2018_MLBS_3_537000_4142000_image.tif","Tree",1,537000,537999.999,4142000,4142999.999
"7733",7733,537217.593,537227.497,4142640.215,4142653.486,"Silva","NEON_D07_MLBS_DP1_537000_4142000_classified_point_cloud.laz","2018_MLBS_3_537000_4142000_image.tif","Tree",1,537000,537999.999,4142000,4142999.999
"7734",7734,537176.601,537182.496,4142644.569,4142655.496,"Silva","NEON_D07_MLBS_DP1_537000_4142000_classified_point_cloud.laz","2018_MLBS_3_537000_4142000_image.tif","Tree",1,537000,537999.999,4142000,4142999.999
"7735",7735,537195.687,537204.486,4142646.058,4142651.999,"Silva","NEON_D07_MLBS_DP1_537000_4142000_classified_point_cloud.laz","2018_MLBS_3_537000_4142000_image.tif","Tree",1,537000,537999.999,4142000,4142999.999
"7736",7736,537185.635,537192.977,4142646.464,4142653.459,"Silva","NEON_D07_MLBS_DP1_537000_4142000_classified_point_cloud.laz","2018_MLBS_3_537000_4142000_image.tif","Tree",1,537000,537999.999,4142000,4142999.999
"7737",7737,537163.026,537171.413,4142649.606,4142658.465,"Silva","NEON_D07_MLBS_DP1_537000_4142000_classified_point_cloud.laz","2018_MLBS_3_537000_4142000_image.tif","Tree",1,537000,537999.999,4142000,4142999.999
"7738",7738,537217.016,537226.819,4142646.729,4142654.488,"Silva","NEON_D07_MLBS_DP1_537000_4142000_classified_point_cloud.laz","2018_MLBS_3_537000_4142000_image.tif","Tree",1,537000,537999.999,4142000,4142999.999
"7739",7739,537196.004,537199.91,4142650.326,4142658.814,"Silva","NEON_D07_MLBS_DP1_537000_4142000_classified_point_cloud.laz","2018_MLBS_3_537000_4142000_image.tif","Tree",1,537000,537999.999,4142000,4142999.999
"7740",7740,537198.524,537205.459,4142651.107,4142658.971,"Silva","NEON_D07_MLBS_DP1_537000_4142000_classified_point_cloud.laz","2018_MLBS_3_537000_4142000_image.tif","Tree",1,537000,537999.999,4142000,4142999.999
"7741",7741,537186.138,537193.853,4142654.582,4142660.809,"Silva","NEON_D07_MLBS_DP1_537000_4142000_classified_point_cloud.laz","2018_MLBS_3_537000_4142000_image.tif","Tree",1,537000,537999.999,4142000,4142999.999
"7742",7742,537202.011,537211.996,4142653.697,4142660.492,"Silva","NEON_D07_MLBS_DP1_537000_4142000_classified_point_cloud.laz","2018_MLBS_3_537000_4142000_image.tif","Tree",1,537000,537999.999,4142000,4142999.999
"7743",7743,537190.262,537198.463,4142657.136,4142665.258,"Silva","NEON_D07_MLBS_DP1_537000_4142000_classified_point_cloud.laz","2018_MLBS_3_537000_4142000_image.tif","Tree",1,537000,537999.999,4142000,4142999.999
"7744",7744,537174.057,537183.419,4142658.018,4142667.496,"Silva","NEON_D07_MLBS_DP1_537000_4142000_classified_point_cloud.laz","2018_MLBS_3_537000_4142000_image.tif","Tree",1,537000,537999.999,4142000,4142999.999
"7745",7745,537183.009,537191.949,4142658.616,4142669.942,"Silva","NEON_D07_MLBS_DP1_537000_4142000_classified_point_cloud.laz","2018_MLBS_3_537000_4142000_image.tif","Tree",1,537000,537999.999,4142000,4142999.999
"7746",7746,537167.192,537174.482,4142658.542,4142668.422,"Silva","NEON_D07_MLBS_DP1_537000_4142000_classified_point_cloud.laz","2018_MLBS_3_537000_4142000_image.tif","Tree",1,537000,537999.999,4142000,4142999.999
"7747",7747,537162.511,537169.468,4142660.052,4142669.975,"Silva","NEON_D07_MLBS_DP1_537000_4142000_classified_point_cloud.laz","2018_MLBS_3_537000_4142000_image.tif","Tree",1,537000,537999.999,4142000,4142999.999
"7748",7748,537193.224,537201.557,4142660.544,4142667.949,"Silva","NEON_D07_MLBS_DP1_537000_4142000_classified_point_cloud.laz","2018_MLBS_3_537000_4142000_image.tif","Tree",1,537000,537999.999,4142000,4142999.999
"7749",7749,537168.175,537177.455,4142665.51,4142673.999,"Silva","NEON_D07_MLBS_DP1_537000_4142000_classified_point_cloud.laz","2018_MLBS_3_537000_4142000_image.tif","Tree",1,537000,537999.999,4142000,4142999.999
"7750",7750,537189.534,537198.945,4142665.582,4142673.977,"Silva","NEON_D07_MLBS_DP1_537000_4142000_classified_point_cloud.laz","2018_MLBS_3_537000_4142000_image.tif","Tree",1,537000,537999.999,4142000,4142999.999
"7751",7751,537158.573,537165.418,4142671.566,4142676.494,"Silva","NEON_D07_MLBS_DP1_537000_4142000_classified_point_cloud.laz","2018_MLBS_3_537000_4142000_image.tif","Tree",1,537000,537999.999,4142000,4142999.999
"7752",7752,537212.001,537220.489,4142669.511,4142678.903,"Silva","NEON_D07_MLBS_DP1_537000_4142000_classified_point_cloud.laz","2018_MLBS_3_537000_4142000_image.tif","Tree",1,537000,537999.999,4142000,4142999.999
"7753",7753,537217.516,537224.962,4142636.042,4142644.432,"Silva","NEON_D07_MLBS_DP1_537000_4142000_classified_point_cloud.laz","2018_MLBS_3_537000_4142000_image.tif","Tree",1,537000,537999.999,4142000,4142999.999
"7754",7754,537177.195,537184.902,4142633.514,4142641.962,"Silva","NEON_D07_MLBS_DP1_537000_4142000_classified_point_cloud.laz","2018_MLBS_3_537000_4142000_image.tif","Tree",1,537000,537999.999,4142000,4142999.999
"7755",7755,537221.055,537227.424,4142630.538,4142638.33,"Silva","NEON_D07_MLBS_DP1_537000_4142000_classified_point_cloud.laz","2018_MLBS_3_537000_4142000_image.tif","Tree",1,537000,537999.999,4142000,4142999.999
"7756",7756,537190.501,537196.469,4142614.009,4142623.951,"Silva","NEON_D07_MLBS_DP1_537000_4142000_classified_point_cloud.laz","2018_MLBS_3_537000_4142000_image.tif","Tree",1,537000,537999.999,4142000,4142999.999
"7757",7757,537213.506,537219.399,4142610.449,4142619.457,"Silva","NEON_D07_MLBS_DP1_537000_4142000_classified_point_cloud.laz","2018_MLBS_3_537000_4142000_image.tif","Tree",1,537000,537999.999,4142000,4142999.999
"7758",7758,537171.042,537176.999,4142609.21,4142619.391,"Silva","NEON_D07_MLBS_DP1_537000_4142000_classified_point_cloud.laz","2018_MLBS_3_537000_4142000_image.tif","Tree",1,537000,537999.999,4142000,4142999.999
"7759",7759,537246.001,537259.892,4142540.502,4142550.998,"Silva","NEON_D07_MLBS_DP1_537000_4142000_classified_point_cloud.laz","2018_MLBS_3_537000_4142000_image.tif","Tree",1,537000,537999.999,4142000,4142999.999
"7760",7760,537236.055,537246.478,4142540.486,4142549.467,"Silva","NEON_D07_MLBS_DP1_537000_4142000_classified_point_cloud.laz","2018_MLBS_3_537000_4142000_image.tif","Tree",1,537000,537999.999,4142000,4142999.999
"7761",7761,537277.676,537287.463,4142544.593,4142552.126,"Silva","NEON_D07_MLBS_DP1_537000_4142000_classified_point_cloud.laz","2018_MLBS_3_537000_4142000_image.tif","Tree",1,537000,537999.999,4142000,4142999.999
"7762",7762,537235.506,537246.984,4142545.171,4142553,"Silva","NEON_D07_MLBS_DP1_537000_4142000_classified_point_cloud.laz","2018_MLBS_3_537000_4142000_image.tif","Tree",1,537000,537999.999,4142000,4142999.999
"7763",7763,537225.609,537235.939,4142544.507,4142556.492,"Silva","NEON_D07_MLBS_DP1_537000_4142000_classified_point_cloud.laz","2018_MLBS_3_537000_4142000_image.tif","Tree",1,537000,537999.999,4142000,4142999.999
"7764",7764,537267.553,537275.993,4142547.766,4142553.489,"Silva","NEON_D07_MLBS_DP1_537000_4142000_classified_point_cloud.laz","2018_MLBS_3_537000_4142000_image.tif","Tree",1,537000,537999.999,4142000,4142999.999
"7765",7765,537234.567,537246.966,4142550.688,4142560.723,"Silva","NEON_D07_MLBS_DP1_537000_4142000_classified_point_cloud.laz","2018_MLBS_3_537000_4142000_image.tif","Tree",1,537000,537999.999,4142000,4142999.999
"7766",7766,537281.002,537289.994,4142549.537,4142558.5,"Silva","NEON_D07_MLBS_DP1_537000_4142000_classified_point_cloud.laz","2018_MLBS_3_537000_4142000_image.tif","Tree",1,537000,537999.999,4142000,4142999.999
"7767",7767,537227.565,537236.485,4142556.704,4142566.977,"Silva","NEON_D07_MLBS_DP1_537000_4142000_classified_point_cloud.laz","2018_MLBS_3_537000_4142000_image.tif","Tree",1,537000,537999.999,4142000,4142999.999
"7768",7768,537280,537289.991,4142558.092,4142568.439,"Silva","NEON_D07_MLBS_DP1_537000_4142000_classified_point_cloud.laz","2018_MLBS_3_537000_4142000_image.tif","Tree",1,537000,537999.999,4142000,4142999.999
"7769",7769,537273.601,537282.998,4142561.515,4142570.391,"Silva","NEON_D07_MLBS_DP1_537000_4142000_classified_point_cloud.laz","2018_MLBS_3_537000_4142000_image.tif","Tree",1,537000,537999.999,4142000,4142999.999
"7770",7770,537268.081,537274.312,4142565.007,4142574.851,"Silva","NEON_D07_MLBS_DP1_537000_4142000_classified_point_cloud.laz","2018_MLBS_3_537000_4142000_image.tif","Tree",1,537000,537999.999,4142000,4142999.999
"7771",7771,537224.008,537232.444,4142566.006,4142571.652,"Silva","NEON_D07_MLBS_DP1_537000_4142000_classified_point_cloud.laz","2018_MLBS_3_537000_4142000_image.tif","Tree",1,537000,537999.999,4142000,4142999.999
"7772",7772,537262.506,537269.43,4142565.07,4142575.479,"Silva","NEON_D07_MLBS_DP1_537000_4142000_classified_point_cloud.laz","2018_MLBS_3_537000_4142000_image.tif","Tree",1,537000,537999.999,4142000,4142999.999
"7773",7773,537248.508,537256.99,4142566.069,4142574.485,"Silva","NEON_D07_MLBS_DP1_537000_4142000_classified_point_cloud.laz","2018_MLBS_3_537000_4142000_image.tif","Tree",1,537000,537999.999,4142000,4142999.999
"7774",7774,537269.505,537283.471,4142569.005,4142580.408,"Silva","NEON_D07_MLBS_DP1_537000_4142000_classified_point_cloud.laz","2018_MLBS_3_537000_4142000_image.tif","Tree",1,537000,537999.999,4142000,4142999.999
"7775",7775,537246.596,537252.98,4142576.519,4142583.495,"Silva","NEON_D07_MLBS_DP1_537000_4142000_classified_point_cloud.laz","2018_MLBS_3_537000_4142000_image.tif","Tree",1,537000,537999.999,4142000,4142999.999
"7776",7776,537252.115,537256.496,4142576.103,4142583.5,"Silva","NEON_D07_MLBS_DP1_537000_4142000_classified_point_cloud.laz","2018_MLBS_3_537000_4142000_image.tif","Tree",1,537000,537999.999,4142000,4142999.999
"7777",7777,537274.005,537285.963,4142579.553,4142587.426,"Silva","NEON_D07_MLBS_DP1_537000_4142000_classified_point_cloud.laz","2018_MLBS_3_537000_4142000_image.tif","Tree",1,537000,537999.999,4142000,4142999.999
"7778",7778,537252.532,537258.496,4142583.534,4142593.871,"Silva","NEON_D07_MLBS_DP1_537000_4142000_classified_point_cloud.laz","2018_MLBS_3_537000_4142000_image.tif","Tree",1,537000,537999.999,4142000,4142999.999
"7779",7779,537240.002,537247.923,4142582.121,4142594.376,"Silva","NEON_D07_MLBS_DP1_537000_4142000_classified_point_cloud.laz","2018_MLBS_3_537000_4142000_image.tif","Tree",1,537000,537999.999,4142000,4142999.999
"7780",7780,537272.039,537280.484,4142582.04,4142592.496,"Silva","NEON_D07_MLBS_DP1_537000_4142000_classified_point_cloud.laz","2018_MLBS_3_537000_4142000_image.tif","Tree",1,537000,537999.999,4142000,4142999.999
"7781",7781,537222.018,537231.347,4142595.63,4142604.824,"Silva","NEON_D07_MLBS_DP1_537000_4142000_classified_point_cloud.laz","2018_MLBS_3_537000_4142000_image.tif","Tree",1,537000,537999.999,4142000,4142999.999
"7782",7782,537271.537,537279.43,4142594.825,4142600.498,"Silva","NEON_D07_MLBS_DP1_537000_4142000_classified_point_cloud.laz","2018_MLBS_3_537000_4142000_image.tif","Tree",1,537000,537999.999,4142000,4142999.999
"7783",7783,537256.009,537263.407,4142605.351,4142615.929,"Silva","NEON_D07_MLBS_DP1_537000_4142000_classified_point_cloud.laz","2018_MLBS_3_537000_4142000_image.tif","Tree",1,537000,537999.999,4142000,4142999.999
"7784",7784,537273.854,537280.46,4142605.024,4142612.296,"Silva","NEON_D07_MLBS_DP1_537000_4142000_classified_point_cloud.laz","2018_MLBS_3_537000_4142000_image.tif","Tree",1,537000,537999.999,4142000,4142999.999
"7785",7785,537251.069,537258.42,4142604.823,4142610.451,"Silva","NEON_D07_MLBS_DP1_537000_4142000_classified_point_cloud.laz","2018_MLBS_3_537000_4142000_image.tif","Tree",1,537000,537999.999,4142000,4142999.999
"7786",7786,537280.615,537287.497,4142599.002,4142605.773,"Silva","NEON_D07_MLBS_DP1_537000_4142000_classified_point_cloud.laz","2018_MLBS_3_537000_4142000_image.tif","Tree",1,537000,537999.999,4142000,4142999.999
"7787",7787,537329.791,537343.907,4142548.51,4142559.97,"Silva","NEON_D07_MLBS_DP1_537000_4142000_classified_point_cloud.laz","2018_MLBS_3_537000_4142000_image.tif","Tree",1,537000,537999.999,4142000,4142999.999
"7788",7788,537323.017,537332.995,4142553.061,4142563.4,"Silva","NEON_D07_MLBS_DP1_537000_4142000_classified_point_cloud.laz","2018_MLBS_3_537000_4142000_image.tif","Tree",1,537000,537999.999,4142000,4142999.999
"7789",7789,537288.645,537296.495,4142560.801,4142566.455,"Silva","NEON_D07_MLBS_DP1_537000_4142000_classified_point_cloud.laz","2018_MLBS_3_537000_4142000_image.tif","Tree",1,537000,537999.999,4142000,4142999.999
"7790",7790,537339.047,537350.22,4142557.041,4142566.962,"Silva","NEON_D07_MLBS_DP1_537000_4142000_classified_point_cloud.laz","2018_MLBS_3_537000_4142000_image.tif","Tree",1,537000,537999.999,4142000,4142999.999
"7791",7791,537347.518,537355.477,4142560.528,4142570.254,"Silva","NEON_D07_MLBS_DP1_537000_4142000_classified_point_cloud.laz","2018_MLBS_3_537000_4142000_image.tif","Tree",1,537000,537999.999,4142000,4142999.999
"7792",7792,537294.014,537302.876,4142562.53,4142573.996,"Silva","NEON_D07_MLBS_DP1_537000_4142000_classified_point_cloud.laz","2018_MLBS_3_537000_4142000_image.tif","Tree",1,537000,537999.999,4142000,4142999.999
"7793",7793,537317.214,537322.973,4142570.428,4142580.434,"Silva","NEON_D07_MLBS_DP1_537000_4142000_classified_point_cloud.laz","2018_MLBS_3_537000_4142000_image.tif","Tree",1,537000,537999.999,4142000,4142999.999
"7794",7794,537306.518,537315.472,4142570.536,4142579.447,"Silva","NEON_D07_MLBS_DP1_537000_4142000_classified_point_cloud.laz","2018_MLBS_3_537000_4142000_image.tif","Tree",1,537000,537999.999,4142000,4142999.999
"7795",7795,537334.034,537343.491,4142572.506,4142582.491,"Silva","NEON_D07_MLBS_DP1_537000_4142000_classified_point_cloud.laz","2018_MLBS_3_537000_4142000_image.tif","Tree",1,537000,537999.999,4142000,4142999.999
"7796",7796,537343.042,537351.483,4142571.019,4142581.426,"Silva","NEON_D07_MLBS_DP1_537000_4142000_classified_point_cloud.laz","2018_MLBS_3_537000_4142000_image.tif","Tree",1,537000,537999.999,4142000,4142999.999
"7797",7797,537298.554,537306.946,4142576.173,4142582.994,"Silva","NEON_D07_MLBS_DP1_537000_4142000_classified_point_cloud.laz","2018_MLBS_3_537000_4142000_image.tif","Tree",1,537000,537999.999,4142000,4142999.999
"7798",7798,537343.713,537357.469,4142577.255,4142587.474,"Silva","NEON_D07_MLBS_DP1_537000_4142000_classified_point_cloud.laz","2018_MLBS_3_537000_4142000_image.tif","Tree",1,537000,537999.999,4142000,4142999.999
"7799",7799,537295.051,537302.474,4142585.006,4142590.85,"Silva","NEON_D07_MLBS_DP1_537000_4142000_classified_point_cloud.laz","2018_MLBS_3_537000_4142000_image.tif","Tree",1,537000,537999.999,4142000,4142999.999
"7800",7800,537308.624,537319.953,4142584.631,4142592.491,"Silva","NEON_D07_MLBS_DP1_537000_4142000_classified_point_cloud.laz","2018_MLBS_3_537000_4142000_image.tif","Tree",1,537000,537999.999,4142000,4142999.999
"7801",7801,537319.001,537325.155,4142585.6,4142591.713,"Silva","NEON_D07_MLBS_DP1_537000_4142000_classified_point_cloud.laz","2018_MLBS_3_537000_4142000_image.tif","Tree",1,537000,537999.999,4142000,4142999.999
"7802",7802,537323.007,537329.481,4142589.035,4142594.986,"Silva","NEON_D07_MLBS_DP1_537000_4142000_classified_point_cloud.laz","2018_MLBS_3_537000_4142000_image.tif","Tree",1,537000,537999.999,4142000,4142999.999
"7803",7803,537347.569,537356.233,4142587.749,4142597.236,"Silva","NEON_D07_MLBS_DP1_537000_4142000_classified_point_cloud.laz","2018_MLBS_3_537000_4142000_image.tif","Tree",1,537000,537999.999,4142000,4142999.999
"7804",7804,537322.051,537329.981,4142606.75,4142614.741,"Silva","NEON_D07_MLBS_DP1_537000_4142000_classified_point_cloud.laz","2018_MLBS_3_537000_4142000_image.tif","Tree",1,537000,537999.999,4142000,4142999.999
"7805",7805,537308.089,537316.45,4142602.531,4142613.477,"Silva","NEON_D07_MLBS_DP1_537000_4142000_classified_point_cloud.laz","2018_MLBS_3_537000_4142000_image.tif","Tree",1,537000,537999.999,4142000,4142999.999
"7806",7806,537316.015,537322.981,4142601.574,4142609.827,"Silva","NEON_D07_MLBS_DP1_537000_4142000_classified_point_cloud.laz","2018_MLBS_3_537000_4142000_image.tif","Tree",1,537000,537999.999,4142000,4142999.999
"7807",7807,537334.003,537341.351,4142597.017,4142606.395,"Silva","NEON_D07_MLBS_DP1_537000_4142000_classified_point_cloud.laz","2018_MLBS_3_537000_4142000_image.tif","Tree",1,537000,537999.999,4142000,4142999.999
"7808",7808,537327.434,537334.482,4142597.578,4142603.984,"Silva","NEON_D07_MLBS_DP1_537000_4142000_classified_point_cloud.laz","2018_MLBS_3_537000_4142000_image.tif","Tree",1,537000,537999.999,4142000,4142999.999
"7809",7809,537263.504,537270.45,4142632.254,4142641.266,"Silva","NEON_D07_MLBS_DP1_537000_4142000_classified_point_cloud.laz","2018_MLBS_3_537000_4142000_image.tif","Tree",1,537000,537999.999,4142000,4142999.999
"7810",7810,537268.04,537276.976,4142633.603,4142642.946,"Silva","NEON_D07_MLBS_DP1_537000_4142000_classified_point_cloud.laz","2018_MLBS_3_537000_4142000_image.tif","Tree",1,537000,537999.999,4142000,4142999.999
"7811",7811,537286.526,537297.436,4142633.236,4142643.995,"Silva","NEON_D07_MLBS_DP1_537000_4142000_classified_point_cloud.laz","2018_MLBS_3_537000_4142000_image.tif","Tree",1,537000,537999.999,4142000,4142999.999
"7812",7812,537277.016,537286.497,4142635.004,4142643.436,"Silva","NEON_D07_MLBS_DP1_537000_4142000_classified_point_cloud.laz","2018_MLBS_3_537000_4142000_image.tif","Tree",1,537000,537999.999,4142000,4142999.999
"7813",7813,537259.504,537266.638,4142639.503,4142647.475,"Silva","NEON_D07_MLBS_DP1_537000_4142000_classified_point_cloud.laz","2018_MLBS_3_537000_4142000_image.tif","Tree",1,537000,537999.999,4142000,4142999.999
"7814",7814,537227.009,537235.92,4142642.511,4142653.461,"Silva","NEON_D07_MLBS_DP1_537000_4142000_classified_point_cloud.laz","2018_MLBS_3_537000_4142000_image.tif","Tree",1,537000,537999.999,4142000,4142999.999
"7815",7815,537241.588,537249.809,4142643.007,4142648.49,"Silva","NEON_D07_MLBS_DP1_537000_4142000_classified_point_cloud.laz","2018_MLBS_3_537000_4142000_image.tif","Tree",1,537000,537999.999,4142000,4142999.999
"7816",7816,537269.064,537276.479,4142641.609,4142647.878,"Silva","NEON_D07_MLBS_DP1_537000_4142000_classified_point_cloud.laz","2018_MLBS_3_537000_4142000_image.tif","Tree",1,537000,537999.999,4142000,4142999.999
"7817",7817,537275.505,537280.969,4142642.554,4142652.935,"Silva","NEON_D07_MLBS_DP1_537000_4142000_classified_point_cloud.laz","2018_MLBS_3_537000_4142000_image.tif","Tree",1,537000,537999.999,4142000,4142999.999
"7818",7818,537247.007,537254.441,4142644.032,4142653.213,"Silva","NEON_D07_MLBS_DP1_537000_4142000_classified_point_cloud.laz","2018_MLBS_3_537000_4142000_image.tif","Tree",1,537000,537999.999,4142000,4142999.999
"7819",7819,537249.147,537261.982,4142647.512,4142656.936,"Silva","NEON_D07_MLBS_DP1_537000_4142000_classified_point_cloud.laz","2018_MLBS_3_537000_4142000_image.tif","Tree",1,537000,537999.999,4142000,4142999.999
"7820",7820,537237.026,537245.376,4142650.028,4142656.987,"Silva","NEON_D07_MLBS_DP1_537000_4142000_classified_point_cloud.laz","2018_MLBS_3_537000_4142000_image.tif","Tree",1,537000,537999.999,4142000,4142999.999
"7821",7821,537261.533,537268.823,4142652.731,4142661.481,"Silva","NEON_D07_MLBS_DP1_537000_4142000_classified_point_cloud.laz","2018_MLBS_3_537000_4142000_image.tif","Tree",1,537000,537999.999,4142000,4142999.999
"7822",7822,537224.522,537234.845,4142656.019,4142668.983,"Silva","NEON_D07_MLBS_DP1_537000_4142000_classified_point_cloud.laz","2018_MLBS_3_537000_4142000_image.tif","Tree",1,537000,537999.999,4142000,4142999.999
"7823",7823,537251.567,537257.992,4142656.354,4142667.45,"Silva","NEON_D07_MLBS_DP1_537000_4142000_classified_point_cloud.laz","2018_MLBS_3_537000_4142000_image.tif","Tree",1,537000,537999.999,4142000,4142999.999
"7824",7824,537258.025,537263.998,4142653.609,4142665.475,"Silva","NEON_D07_MLBS_DP1_537000_4142000_classified_point_cloud.laz","2018_MLBS_3_537000_4142000_image.tif","Tree",1,537000,537999.999,4142000,4142999.999
"7825",7825,537274.548,537281.972,4142654.674,4142664.482,"Silva","NEON_D07_MLBS_DP1_537000_4142000_classified_point_cloud.laz","2018_MLBS_3_537000_4142000_image.tif","Tree",1,537000,537999.999,4142000,4142999.999
"7826",7826,537268.009,537274.391,4142660.502,4142666.49,"Silva","NEON_D07_MLBS_DP1_537000_4142000_classified_point_cloud.laz","2018_MLBS_3_537000_4142000_image.tif","Tree",1,537000,537999.999,4142000,4142999.999
"7827",7827,537227.148,537238.373,4142666.143,4142678.4,"Silva","NEON_D07_MLBS_DP1_537000_4142000_classified_point_cloud.laz","2018_MLBS_3_537000_4142000_image.tif","Tree",1,537000,537999.999,4142000,4142999.999
"7828",7828,537256.073,537265.851,4142668.001,4142675.353,"Silva","NEON_D07_MLBS_DP1_537000_4142000_classified_point_cloud.laz","2018_MLBS_3_537000_4142000_image.tif","Tree",1,537000,537999.999,4142000,4142999.999
"7829",7829,537238.028,537244.989,4142670.549,4142677.266,"Silva","NEON_D07_MLBS_DP1_537000_4142000_classified_point_cloud.laz","2018_MLBS_3_537000_4142000_image.tif","Tree",1,537000,537999.999,4142000,4142999.999
"7830",7830,537269.525,537275.995,4142671.51,4142678.27,"Silva","NEON_D07_MLBS_DP1_537000_4142000_classified_point_cloud.laz","2018_MLBS_3_537000_4142000_image.tif","Tree",1,537000,537999.999,4142000,4142999.999
"7831",7831,537281.528,537287.976,4142669.617,4142680.484,"Silva","NEON_D07_MLBS_DP1_537000_4142000_classified_point_cloud.laz","2018_MLBS_3_537000_4142000_image.tif","Tree",1,537000,537999.999,4142000,4142999.999
"7832",7832,537250.541,537256.996,4142633.528,4142638.773,"Silva","NEON_D07_MLBS_DP1_537000_4142000_classified_point_cloud.laz","2018_MLBS_3_537000_4142000_image.tif","Tree",1,537000,537999.999,4142000,4142999.999
"7833",7833,537268.562,537277.49,4142626.53,4142635.496,"Silva","NEON_D07_MLBS_DP1_537000_4142000_classified_point_cloud.laz","2018_MLBS_3_537000_4142000_image.tif","Tree",1,537000,537999.999,4142000,4142999.999
"7834",7834,537229.531,537237.971,4142624.049,4142631.847,"Silva","NEON_D07_MLBS_DP1_537000_4142000_classified_point_cloud.laz","2018_MLBS_3_537000_4142000_image.tif","Tree",1,537000,537999.999,4142000,4142999.999
"7835",7835,537275.029,537281.456,4142620.517,4142627.499,"Silva","NEON_D07_MLBS_DP1_537000_4142000_classified_point_cloud.laz","2018_MLBS_3_537000_4142000_image.tif","Tree",1,537000,537999.999,4142000,4142999.999
"7836",7836,537230.535,537242.431,4142619.002,4142628.976,"Silva","NEON_D07_MLBS_DP1_537000_4142000_classified_point_cloud.laz","2018_MLBS_3_537000_4142000_image.tif","Tree",1,537000,537999.999,4142000,4142999.999
"7837",7837,537264.603,537272.871,4142616.612,4142626.98,"Silva","NEON_D07_MLBS_DP1_537000_4142000_classified_point_cloud.laz","2018_MLBS_3_537000_4142000_image.tif","Tree",1,537000,537999.999,4142000,4142999.999
"7838",7838,537250.594,537260.469,4142615.652,4142625.96,"Silva","NEON_D07_MLBS_DP1_537000_4142000_classified_point_cloud.laz","2018_MLBS_3_537000_4142000_image.tif","Tree",1,537000,537999.999,4142000,4142999.999
"7839",7839,537280.046,537286.411,4142615.081,4142620.969,"Silva","NEON_D07_MLBS_DP1_537000_4142000_classified_point_cloud.laz","2018_MLBS_3_537000_4142000_image.tif","Tree",1,537000,537999.999,4142000,4142999.999
"7840",7840,537282.5,537288.461,4142609.566,4142615.877,"Silva","NEON_D07_MLBS_DP1_537000_4142000_classified_point_cloud.laz","2018_MLBS_3_537000_4142000_image.tif","Tree",1,537000,537999.999,4142000,4142999.999
"7841",7841,537287.023,537292.972,4142609.591,4142616.433,"Silva","NEON_D07_MLBS_DP1_537000_4142000_classified_point_cloud.laz","2018_MLBS_3_537000_4142000_image.tif","Tree",1,537000,537999.999,4142000,4142999.999
"7842",7842,537325.57,537331.474,4142630.516,4142638.178,"Silva","NEON_D07_MLBS_DP1_537000_4142000_classified_point_cloud.laz","2018_MLBS_3_537000_4142000_image.tif","Tree",1,537000,537999.999,4142000,4142999.999
"7843",7843,537345.284,537352.452,4142632.517,4142640.923,"Silva","NEON_D07_MLBS_DP1_537000_4142000_classified_point_cloud.laz","2018_MLBS_3_537000_4142000_image.tif","Tree",1,537000,537999.999,4142000,4142999.999
"7844",7844,537341.001,537347.986,4142635.501,4142642.451,"Silva","NEON_D07_MLBS_DP1_537000_4142000_classified_point_cloud.laz","2018_MLBS_3_537000_4142000_image.tif","Tree",1,537000,537999.999,4142000,4142999.999
"7845",7845,537312.013,537321.994,4142636.914,4142644.497,"Silva","NEON_D07_MLBS_DP1_537000_4142000_classified_point_cloud.laz","2018_MLBS_3_537000_4142000_image.tif","Tree",1,537000,537999.999,4142000,4142999.999
"7846",7846,537331.316,537338.949,4142641.058,4142648.426,"Silva","NEON_D07_MLBS_DP1_537000_4142000_classified_point_cloud.laz","2018_MLBS_3_537000_4142000_image.tif","Tree",1,537000,537999.999,4142000,4142999.999
"7847",7847,537347.525,537354.401,4142641.006,4142649.986,"Silva","NEON_D07_MLBS_DP1_537000_4142000_classified_point_cloud.laz","2018_MLBS_3_537000_4142000_image.tif","Tree",1,537000,537999.999,4142000,4142999.999
"7848",7848,537318.013,537325.995,4142641.233,4142649.999,"Silva","NEON_D07_MLBS_DP1_537000_4142000_classified_point_cloud.laz","2018_MLBS_3_537000_4142000_image.tif","Tree",1,537000,537999.999,4142000,4142999.999
"7849",7849,537314.005,537317.919,4142644.031,4142649.101,"Silva","NEON_D07_MLBS_DP1_537000_4142000_classified_point_cloud.laz","2018_MLBS_3_537000_4142000_image.tif","Tree",1,537000,537999.999,4142000,4142999.999
"7850",7850,537295.013,537305.921,4142639.509,4142651.674,"Silva","NEON_D07_MLBS_DP1_537000_4142000_classified_point_cloud.laz","2018_MLBS_3_537000_4142000_image.tif","Tree",1,537000,537999.999,4142000,4142999.999
"7851",7851,537298.698,537306.468,4142646.042,4142653.487,"Silva","NEON_D07_MLBS_DP1_537000_4142000_classified_point_cloud.laz","2018_MLBS_3_537000_4142000_image.tif","Tree",1,537000,537999.999,4142000,4142999.999
"7852",7852,537331.074,537339.471,4142646.77,4142655.493,"Silva","NEON_D07_MLBS_DP1_537000_4142000_classified_point_cloud.laz","2018_MLBS_3_537000_4142000_image.tif","Tree",1,537000,537999.999,4142000,4142999.999
"7853",7853,537292.127,537297.377,4142649.02,4142657.402,"Silva","NEON_D07_MLBS_DP1_537000_4142000_classified_point_cloud.laz","2018_MLBS_3_537000_4142000_image.tif","Tree",1,537000,537999.999,4142000,4142999.999
"7854",7854,537317.069,537322.481,4142650.077,4142656.16,"Silva","NEON_D07_MLBS_DP1_537000_4142000_classified_point_cloud.laz","2018_MLBS_3_537000_4142000_image.tif","Tree",1,537000,537999.999,4142000,4142999.999
"7855",7855,537292.021,537299.951,4142653.877,4142661.31,"Silva","NEON_D07_MLBS_DP1_537000_4142000_classified_point_cloud.laz","2018_MLBS_3_537000_4142000_image.tif","Tree",1,537000,537999.999,4142000,4142999.999
"7856",7856,537350.045,537360.385,4142649.832,4142661.949,"Silva","NEON_D07_MLBS_DP1_537000_4142000_classified_point_cloud.laz","2018_MLBS_3_537000_4142000_image.tif","Tree",1,537000,537999.999,4142000,4142999.999
"7857",7857,537306.519,537315.408,4142653.02,4142660.692,"Silva","NEON_D07_MLBS_DP1_537000_4142000_classified_point_cloud.laz","2018_MLBS_3_537000_4142000_image.tif","Tree",1,537000,537999.999,4142000,4142999.999
"7858",7858,537332.089,537339.457,4142654.115,4142664.906,"Silva","NEON_D07_MLBS_DP1_537000_4142000_classified_point_cloud.laz","2018_MLBS_3_537000_4142000_image.tif","Tree",1,537000,537999.999,4142000,4142999.999
"7859",7859,537298.147,537306.99,4142658.6,4142669.478,"Silva","NEON_D07_MLBS_DP1_537000_4142000_classified_point_cloud.laz","2018_MLBS_3_537000_4142000_image.tif","Tree",1,537000,537999.999,4142000,4142999.999
"7860",7860,537308.833,537317.982,4142660.164,4142670.904,"Silva","NEON_D07_MLBS_DP1_537000_4142000_classified_point_cloud.laz","2018_MLBS_3_537000_4142000_image.tif","Tree",1,537000,537999.999,4142000,4142999.999
"7861",7861,537293.028,537298.959,4142661.043,4142668.366,"Silva","NEON_D07_MLBS_DP1_537000_4142000_classified_point_cloud.laz","2018_MLBS_3_537000_4142000_image.tif","Tree",1,537000,537999.999,4142000,4142999.999
"7862",7862,537338.004,537347.475,4142628.027,4142635.395,"Silva","NEON_D07_MLBS_DP1_537000_4142000_classified_point_cloud.laz","2018_MLBS_3_537000_4142000_image.tif","Tree",1,537000,537999.999,4142000,4142999.999
"7863",7863,537347.508,537353.977,4142623.886,4142632.495,"Silva","NEON_D07_MLBS_DP1_537000_4142000_classified_point_cloud.laz","2018_MLBS_3_537000_4142000_image.tif","Tree",1,537000,537999.999,4142000,4142999.999
"7864",7864,537303.519,537309.27,4142625.517,4142632.906,"Silva","NEON_D07_MLBS_DP1_537000_4142000_classified_point_cloud.laz","2018_MLBS_3_537000_4142000_image.tif","Tree",1,537000,537999.999,4142000,4142999.999
"7865",7865,537328.003,537333.99,4142623.52,4142630.884,"Silva","NEON_D07_MLBS_DP1_537000_4142000_classified_point_cloud.laz","2018_MLBS_3_537000_4142000_image.tif","Tree",1,537000,537999.999,4142000,4142999.999
"7866",7866,537318.013,537324.485,4142622.112,4142629.279,"Silva","NEON_D07_MLBS_DP1_537000_4142000_classified_point_cloud.laz","2018_MLBS_3_537000_4142000_image.tif","Tree",1,537000,537999.999,4142000,4142999.999
"7867",7867,537318.642,537326.079,4142619.916,4142625.477,"Silva","NEON_D07_MLBS_DP1_537000_4142000_classified_point_cloud.laz","2018_MLBS_3_537000_4142000_image.tif","Tree",1,537000,537999.999,4142000,4142999.999
"7868",7868,537348.702,537357.946,4142616.502,4142620.995,"Silva","NEON_D07_MLBS_DP1_537000_4142000_classified_point_cloud.laz","2018_MLBS_3_537000_4142000_image.tif","Tree",1,537000,537999.999,4142000,4142999.999
"7869",7869,537337.509,537348.469,4142614.617,4142621.942,"Silva","NEON_D07_MLBS_DP1_537000_4142000_classified_point_cloud.laz","2018_MLBS_3_537000_4142000_image.tif","Tree",1,537000,537999.999,4142000,4142999.999
"7870",7870,537301.558,537309.918,4142612.028,4142621.486,"Silva","NEON_D07_MLBS_DP1_537000_4142000_classified_point_cloud.laz","2018_MLBS_3_537000_4142000_image.tif","Tree",1,537000,537999.999,4142000,4142999.999
"7871",7871,537297.03,537307.414,4142607.619,4142615.39,"Silva","NEON_D07_MLBS_DP1_537000_4142000_classified_point_cloud.laz","2018_MLBS_3_537000_4142000_image.tif","Tree",1,537000,537999.999,4142000,4142999.999
"7872",7872,537076.511,537085.48,4142677.003,4142684.488,"Silva","NEON_D07_MLBS_DP1_537000_4142000_classified_point_cloud.laz","2018_MLBS_3_537000_4142000_image.tif","Tree",1,537000,537999.999,4142000,4142999.999
"7873",7873,537079.014,537086.949,4142692.045,4142703.999,"Silva","NEON_D07_MLBS_DP1_537000_4142000_classified_point_cloud.laz","2018_MLBS_3_537000_4142000_image.tif","Tree",1,537000,537999.999,4142000,4142999.999
"7874",7874,537088.008,537095.99,4142701.043,4142709.959,"Silva","NEON_D07_MLBS_DP1_537000_4142000_classified_point_cloud.laz","2018_MLBS_3_537000_4142000_image.tif","Tree",1,537000,537999.999,4142000,4142999.999
"7875",7875,537087.522,537094.482,4142728.027,4142738.998,"Silva","NEON_D07_MLBS_DP1_537000_4142000_classified_point_cloud.laz","2018_MLBS_3_537000_4142000_image.tif","Tree",1,537000,537999.999,4142000,4142999.999
"7876",7876,537087.347,537097.999,4142802.007,4142811.455,"Silva","NEON_D07_MLBS_DP1_537000_4142000_classified_point_cloud.laz","2018_MLBS_3_537000_4142000_image.tif","Tree",1,537000,537999.999,4142000,4142999.999
"7877",7877,537087.003,537098.391,4142795.161,4142802.423,"Silva","NEON_D07_MLBS_DP1_537000_4142000_classified_point_cloud.laz","2018_MLBS_3_537000_4142000_image.tif","Tree",1,537000,537999.999,4142000,4142999.999
"7878",7878,537087.515,537096.981,4142789.196,4142797.478,"Silva","NEON_D07_MLBS_DP1_537000_4142000_classified_point_cloud.laz","2018_MLBS_3_537000_4142000_image.tif","Tree",1,537000,537999.999,4142000,4142999.999
"7879",7879,537086.073,537094.441,4142784.022,4142792.307,"Silva","NEON_D07_MLBS_DP1_537000_4142000_classified_point_cloud.laz","2018_MLBS_3_537000_4142000_image.tif","Tree",1,537000,537999.999,4142000,4142999.999
"7880",7880,537086.017,537092.266,4142774.527,4142784.499,"Silva","NEON_D07_MLBS_DP1_537000_4142000_classified_point_cloud.laz","2018_MLBS_3_537000_4142000_image.tif","Tree",1,537000,537999.999,4142000,4142999.999
"7881",7881,537086.005,537095.482,4142810.028,4142821.494,"Silva","NEON_D07_MLBS_DP1_537000_4142000_classified_point_cloud.laz","2018_MLBS_3_537000_4142000_image.tif","Tree",1,537000,537999.999,4142000,4142999.999
"7882",7882,537117.021,537130.423,4142677.091,4142686.998,"Silva","NEON_D07_MLBS_DP1_537000_4142000_classified_point_cloud.laz","2018_MLBS_3_537000_4142000_image.tif","Tree",1,537000,537999.999,4142000,4142999.999
"7883",7883,537154.544,537159.492,4142671.062,4142677.985,"Silva","NEON_D07_MLBS_DP1_537000_4142000_classified_point_cloud.laz","2018_MLBS_3_537000_4142000_image.tif","Tree",1,537000,537999.999,4142000,4142999.999
"7884",7884,537145.121,537151.498,4142672.099,4142678.973,"Silva","NEON_D07_MLBS_DP1_537000_4142000_classified_point_cloud.laz","2018_MLBS_3_537000_4142000_image.tif","Tree",1,537000,537999.999,4142000,4142999.999
"7885",7885,537151.525,537155.995,4142672.533,4142679.495,"Silva","NEON_D07_MLBS_DP1_537000_4142000_classified_point_cloud.laz","2018_MLBS_3_537000_4142000_image.tif","Tree",1,537000,537999.999,4142000,4142999.999
"7886",7886,537130.52,537141.452,4142672.102,4142680.896,"Silva","NEON_D07_MLBS_DP1_537000_4142000_classified_point_cloud.laz","2018_MLBS_3_537000_4142000_image.tif","Tree",1,537000,537999.999,4142000,4142999.999
"7887",7887,537156.02,537161.987,4142675.08,4142681.675,"Silva","NEON_D07_MLBS_DP1_537000_4142000_classified_point_cloud.laz","2018_MLBS_3_537000_4142000_image.tif","Tree",1,537000,537999.999,4142000,4142999.999
"7888",7888,537106.514,537117.982,4142675.501,4142684.438,"Silva","NEON_D07_MLBS_DP1_537000_4142000_classified_point_cloud.laz","2018_MLBS_3_537000_4142000_image.tif","Tree",1,537000,537999.999,4142000,4142999.999
"7889",7889,537135.01,537143.414,4142676.617,4142685.457,"Silva","NEON_D07_MLBS_DP1_537000_4142000_classified_point_cloud.laz","2018_MLBS_3_537000_4142000_image.tif","Tree",1,537000,537999.999,4142000,4142999.999
"7890",7890,537143.036,537147.943,4142676.003,4142683.5,"Silva","NEON_D07_MLBS_DP1_537000_4142000_classified_point_cloud.laz","2018_MLBS_3_537000_4142000_image.tif","Tree",1,537000,537999.999,4142000,4142999.999
"7891",7891,537146.537,537151.93,4142679.009,4142683.926,"Silva","NEON_D07_MLBS_DP1_537000_4142000_classified_point_cloud.laz","2018_MLBS_3_537000_4142000_image.tif","Tree",1,537000,537999.999,4142000,4142999.999
"7892",7892,537142.554,537149.426,4142683.024,4142688.499,"Silva","NEON_D07_MLBS_DP1_537000_4142000_classified_point_cloud.laz","2018_MLBS_3_537000_4142000_image.tif","Tree",1,537000,537999.999,4142000,4142999.999
"7893",7893,537127.018,537138.77,4142679.268,4142690.439,"Silva","NEON_D07_MLBS_DP1_537000_4142000_classified_point_cloud.laz","2018_MLBS_3_537000_4142000_image.tif","Tree",1,537000,537999.999,4142000,4142999.999
"7894",7894,537148.019,537154.489,4142683.761,4142690.5,"Silva","NEON_D07_MLBS_DP1_537000_4142000_classified_point_cloud.laz","2018_MLBS_3_537000_4142000_image.tif","Tree",1,537000,537999.999,4142000,4142999.999
"7895",7895,537104.5,537109.984,4142683.044,4142690.981,"Silva","NEON_D07_MLBS_DP1_537000_4142000_classified_point_cloud.laz","2018_MLBS_3_537000_4142000_image.tif","Tree",1,537000,537999.999,4142000,4142999.999
"7896",7896,537138.506,537146.472,4142684.045,4142692.392,"Silva","NEON_D07_MLBS_DP1_537000_4142000_classified_point_cloud.laz","2018_MLBS_3_537000_4142000_image.tif","Tree",1,537000,537999.999,4142000,4142999.999
"7897",7897,537116.006,537127.487,4142686.503,4142693.988,"Silva","NEON_D07_MLBS_DP1_537000_4142000_classified_point_cloud.laz","2018_MLBS_3_537000_4142000_image.tif","Tree",1,537000,537999.999,4142000,4142999.999
"7898",7898,537141.51,537149.844,4142688.509,4142695.411,"Silva","NEON_D07_MLBS_DP1_537000_4142000_classified_point_cloud.laz","2018_MLBS_3_537000_4142000_image.tif","Tree",1,537000,537999.999,4142000,4142999.999
"7899",7899,537127.029,537134.47,4142688.682,4142695.858,"Silva","NEON_D07_MLBS_DP1_537000_4142000_classified_point_cloud.laz","2018_MLBS_3_537000_4142000_image.tif","Tree",1,537000,537999.999,4142000,4142999.999
"7900",7900,537125.524,537133.468,4142691.515,4142698.5,"Silva","NEON_D07_MLBS_DP1_537000_4142000_classified_point_cloud.laz","2018_MLBS_3_537000_4142000_image.tif","Tree",1,537000,537999.999,4142000,4142999.999
"7901",7901,537123.549,537130.911,4142694.196,4142702.465,"Silva","NEON_D07_MLBS_DP1_537000_4142000_classified_point_cloud.laz","2018_MLBS_3_537000_4142000_image.tif","Tree",1,537000,537999.999,4142000,4142999.999
"7902",7902,537148.559,537159.498,4142696.099,4142702.999,"Silva","NEON_D07_MLBS_DP1_537000_4142000_classified_point_cloud.laz","2018_MLBS_3_537000_4142000_image.tif","Tree",1,537000,537999.999,4142000,4142999.999
"7903",7903,537127.806,537134.995,4142698.172,4142707.949,"Silva","NEON_D07_MLBS_DP1_537000_4142000_classified_point_cloud.laz","2018_MLBS_3_537000_4142000_image.tif","Tree",1,537000,537999.999,4142000,4142999.999
"7904",7904,537145.023,537152.481,4142700.192,4142710.386,"Silva","NEON_D07_MLBS_DP1_537000_4142000_classified_point_cloud.laz","2018_MLBS_3_537000_4142000_image.tif","Tree",1,537000,537999.999,4142000,4142999.999
"7905",7905,537138.007,537145.488,4142701.305,4142708.993,"Silva","NEON_D07_MLBS_DP1_537000_4142000_classified_point_cloud.laz","2018_MLBS_3_537000_4142000_image.tif","Tree",1,537000,537999.999,4142000,4142999.999
"7906",7906,537101.014,537108.412,4142713.002,4142719.961,"Silva","NEON_D07_MLBS_DP1_537000_4142000_classified_point_cloud.laz","2018_MLBS_3_537000_4142000_image.tif","Tree",1,537000,537999.999,4142000,4142999.999
"7907",7907,537097.514,537106.982,4142717.03,4142726.991,"Silva","NEON_D07_MLBS_DP1_537000_4142000_classified_point_cloud.laz","2018_MLBS_3_537000_4142000_image.tif","Tree",1,537000,537999.999,4142000,4142999.999
"7908",7908,537116.512,537125.492,4142721.039,4142730.95,"Silva","NEON_D07_MLBS_DP1_537000_4142000_classified_point_cloud.laz","2018_MLBS_3_537000_4142000_image.tif","Tree",1,537000,537999.999,4142000,4142999.999
"7909",7909,537100.666,537109.973,4142724.026,4142733.488,"Silva","NEON_D07_MLBS_DP1_537000_4142000_classified_point_cloud.laz","2018_MLBS_3_537000_4142000_image.tif","Tree",1,537000,537999.999,4142000,4142999.999
"7910",7910,537162,537168.914,4142672.544,4142680.97,"Silva","NEON_D07_MLBS_DP1_537000_4142000_classified_point_cloud.laz","2018_MLBS_3_537000_4142000_image.tif","Tree",1,537000,537999.999,4142000,4142999.999
"7911",7911,537204.023,537211.996,4142672.16,4142681.847,"Silva","NEON_D07_MLBS_DP1_537000_4142000_classified_point_cloud.laz","2018_MLBS_3_537000_4142000_image.tif","Tree",1,537000,537999.999,4142000,4142999.999
"7912",7912,537219.52,537229.445,4142668.332,4142678.475,"Silva","NEON_D07_MLBS_DP1_537000_4142000_classified_point_cloud.laz","2018_MLBS_3_537000_4142000_image.tif","Tree",1,537000,537999.999,4142000,4142999.999
"7913",7913,537165.002,537171.499,4142673.573,4142683.832,"Silva","NEON_D07_MLBS_DP1_537000_4142000_classified_point_cloud.laz","2018_MLBS_3_537000_4142000_image.tif","Tree",1,537000,537999.999,4142000,4142999.999
"7914",7914,537182.048,537188.997,4142677.249,4142686.49,"Silva","NEON_D07_MLBS_DP1_537000_4142000_classified_point_cloud.laz","2018_MLBS_3_537000_4142000_image.tif","Tree",1,537000,537999.999,4142000,4142999.999
"7915",7915,537210.573,537221.967,4142677.014,4142686.498,"Silva","NEON_D07_MLBS_DP1_537000_4142000_classified_point_cloud.laz","2018_MLBS_3_537000_4142000_image.tif","Tree",1,537000,537999.999,4142000,4142999.999
"7916",7916,537195.507,537201.99,4142677.922,4142685.495,"Silva","NEON_D07_MLBS_DP1_537000_4142000_classified_point_cloud.laz","2018_MLBS_3_537000_4142000_image.tif","Tree",1,537000,537999.999,4142000,4142999.999
"7917",7917,537182.084,537193.472,4142679.654,4142688.947,"Silva","NEON_D07_MLBS_DP1_537000_4142000_classified_point_cloud.laz","2018_MLBS_3_537000_4142000_image.tif","Tree",1,537000,537999.999,4142000,4142999.999
"7918",7918,537200.589,537209.981,4142680.205,4142685.438,"Silva","NEON_D07_MLBS_DP1_537000_4142000_classified_point_cloud.laz","2018_MLBS_3_537000_4142000_image.tif","Tree",1,537000,537999.999,4142000,4142999.999
"7919",7919,537167.075,537178.899,4142683.033,4142690.973,"Silva","NEON_D07_MLBS_DP1_537000_4142000_classified_point_cloud.laz","2018_MLBS_3_537000_4142000_image.tif","Tree",1,537000,537999.999,4142000,4142999.999
"7920",7920,537204.05,537210.489,4142682.331,4142688.684,"Silva","NEON_D07_MLBS_DP1_537000_4142000_classified_point_cloud.laz","2018_MLBS_3_537000_4142000_image.tif","Tree",1,537000,537999.999,4142000,4142999.999
"7921",7921,537198.56,537204.932,4142684.614,4142690.054,"Silva","NEON_D07_MLBS_DP1_537000_4142000_classified_point_cloud.laz","2018_MLBS_3_537000_4142000_image.tif","Tree",1,537000,537999.999,4142000,4142999.999
"7922",7922,537207.507,537215.477,4142682.008,4142693.363,"Silva","NEON_D07_MLBS_DP1_537000_4142000_classified_point_cloud.laz","2018_MLBS_3_537000_4142000_image.tif","Tree",1,537000,537999.999,4142000,4142999.999
"7923",7923,537169.542,537180.487,4142688.517,4142698.392,"Silva","NEON_D07_MLBS_DP1_537000_4142000_classified_point_cloud.laz","2018_MLBS_3_537000_4142000_image.tif","Tree",1,537000,537999.999,4142000,4142999.999
"7924",7924,537159.516,537168.965,4142692.554,4142699.489,"Silva","NEON_D07_MLBS_DP1_537000_4142000_classified_point_cloud.laz","2018_MLBS_3_537000_4142000_image.tif","Tree",1,537000,537999.999,4142000,4142999.999
"7925",7925,537180.039,537194.433,4142688.098,4142700.862,"Silva","NEON_D07_MLBS_DP1_537000_4142000_classified_point_cloud.laz","2018_MLBS_3_537000_4142000_image.tif","Tree",1,537000,537999.999,4142000,4142999.999
"7926",7926,537214.523,537222.477,4142699.557,4142706.997,"Silva","NEON_D07_MLBS_DP1_537000_4142000_classified_point_cloud.laz","2018_MLBS_3_537000_4142000_image.tif","Tree",1,537000,537999.999,4142000,4142999.999
"7927",7927,537187.531,537196.943,4142708.012,4142715.998,"Silva","NEON_D07_MLBS_DP1_537000_4142000_classified_point_cloud.laz","2018_MLBS_3_537000_4142000_image.tif","Tree",1,537000,537999.999,4142000,4142999.999
"7928",7928,537179.001,537187.987,4142709.01,4142716.486,"Silva","NEON_D07_MLBS_DP1_537000_4142000_classified_point_cloud.laz","2018_MLBS_3_537000_4142000_image.tif","Tree",1,537000,537999.999,4142000,4142999.999
"7929",7929,537205.004,537214.97,4142710.013,4142719.889,"Silva","NEON_D07_MLBS_DP1_537000_4142000_classified_point_cloud.laz","2018_MLBS_3_537000_4142000_image.tif","Tree",1,537000,537999.999,4142000,4142999.999
"7930",7930,537214.002,537219.498,4142713.059,4142719.973,"Silva","NEON_D07_MLBS_DP1_537000_4142000_classified_point_cloud.laz","2018_MLBS_3_537000_4142000_image.tif","Tree",1,537000,537999.999,4142000,4142999.999
"7931",7931,537194.507,537205.421,4142714.506,4142723.992,"Silva","NEON_D07_MLBS_DP1_537000_4142000_classified_point_cloud.laz","2018_MLBS_3_537000_4142000_image.tif","Tree",1,537000,537999.999,4142000,4142999.999
"7932",7932,537186.105,537194.818,4142715.083,4142722.951,"Silva","NEON_D07_MLBS_DP1_537000_4142000_classified_point_cloud.laz","2018_MLBS_3_537000_4142000_image.tif","Tree",1,537000,537999.999,4142000,4142999.999
"7933",7933,537209.07,537216.993,4142732.001,4142739.989,"Silva","NEON_D07_MLBS_DP1_537000_4142000_classified_point_cloud.laz","2018_MLBS_3_537000_4142000_image.tif","Tree",1,537000,537999.999,4142000,4142999.999
"7934",7934,537111.508,537117.932,4142738.539,4142748.949,"Silva","NEON_D07_MLBS_DP1_537000_4142000_classified_point_cloud.laz","2018_MLBS_3_537000_4142000_image.tif","Tree",1,537000,537999.999,4142000,4142999.999
"7935",7935,537127.012,537137.49,4142740.518,4142749.908,"Silva","NEON_D07_MLBS_DP1_537000_4142000_classified_point_cloud.laz","2018_MLBS_3_537000_4142000_image.tif","Tree",1,537000,537999.999,4142000,4142999.999
"7936",7936,537148.534,537157.367,4142801.549,4142807.991,"Silva","NEON_D07_MLBS_DP1_537000_4142000_classified_point_cloud.laz","2018_MLBS_3_537000_4142000_image.tif","Tree",1,537000,537999.999,4142000,4142999.999
"7937",7937,537142.589,537148.963,4142803.002,4142807.949,"Silva","NEON_D07_MLBS_DP1_537000_4142000_classified_point_cloud.laz","2018_MLBS_3_537000_4142000_image.tif","Tree",1,537000,537999.999,4142000,4142999.999
"7938",7938,537119.567,537129.49,4142797.521,4142808,"Silva","NEON_D07_MLBS_DP1_537000_4142000_classified_point_cloud.laz","2018_MLBS_3_537000_4142000_image.tif","Tree",1,537000,537999.999,4142000,4142999.999
"7939",7939,537154.659,537161.845,4142795.092,4142806.497,"Silva","NEON_D07_MLBS_DP1_537000_4142000_classified_point_cloud.laz","2018_MLBS_3_537000_4142000_image.tif","Tree",1,537000,537999.999,4142000,4142999.999
"7940",7940,537141.03,537150.884,4142793.604,4142803.496,"Silva","NEON_D07_MLBS_DP1_537000_4142000_classified_point_cloud.laz","2018_MLBS_3_537000_4142000_image.tif","Tree",1,537000,537999.999,4142000,4142999.999
"7941",7941,537106.509,537117.362,4142799.536,4142808.494,"Silva","NEON_D07_MLBS_DP1_537000_4142000_classified_point_cloud.laz","2018_MLBS_3_537000_4142000_image.tif","Tree",1,537000,537999.999,4142000,4142999.999
"7942",7942,537148.028,537156.825,4142792.589,4142802.496,"Silva","NEON_D07_MLBS_DP1_537000_4142000_classified_point_cloud.laz","2018_MLBS_3_537000_4142000_image.tif","Tree",1,537000,537999.999,4142000,4142999.999
"7943",7943,537096.051,537106.279,4142797.536,4142807.432,"Silva","NEON_D07_MLBS_DP1_537000_4142000_classified_point_cloud.laz","2018_MLBS_3_537000_4142000_image.tif","Tree",1,537000,537999.999,4142000,4142999.999
"7944",7944,537098.51,537107.992,4142795.056,4142804.418,"Silva","NEON_D07_MLBS_DP1_537000_4142000_classified_point_cloud.laz","2018_MLBS_3_537000_4142000_image.tif","Tree",1,537000,537999.999,4142000,4142999.999
"7945",7945,537103.565,537112.975,4142792.605,4142801.141,"Silva","NEON_D07_MLBS_DP1_537000_4142000_classified_point_cloud.laz","2018_MLBS_3_537000_4142000_image.tif","Tree",1,537000,537999.999,4142000,4142999.999
"7946",7946,537133.046,537143.444,4142788.152,4142798.499,"Silva","NEON_D07_MLBS_DP1_537000_4142000_classified_point_cloud.laz","2018_MLBS_3_537000_4142000_image.tif","Tree",1,537000,537999.999,4142000,4142999.999
"7947",7947,537144.505,537154.963,4142784.007,4142793.972,"Silva","NEON_D07_MLBS_DP1_537000_4142000_classified_point_cloud.laz","2018_MLBS_3_537000_4142000_image.tif","Tree",1,537000,537999.999,4142000,4142999.999
"7948",7948,537105.014,537114.992,4142784.51,4142794.972,"Silva","NEON_D07_MLBS_DP1_537000_4142000_classified_point_cloud.laz","2018_MLBS_3_537000_4142000_image.tif","Tree",1,537000,537999.999,4142000,4142999.999
"7949",7949,537137.52,537145.483,4142785.14,4142793.949,"Silva","NEON_D07_MLBS_DP1_537000_4142000_classified_point_cloud.laz","2018_MLBS_3_537000_4142000_image.tif","Tree",1,537000,537999.999,4142000,4142999.999
"7950",7950,537115.508,537121.974,4142783.013,4142793.995,"Silva","NEON_D07_MLBS_DP1_537000_4142000_classified_point_cloud.laz","2018_MLBS_3_537000_4142000_image.tif","Tree",1,537000,537999.999,4142000,4142999.999
"7951",7951,537145.5,537154.416,4142776.6,4142784.996,"Silva","NEON_D07_MLBS_DP1_537000_4142000_classified_point_cloud.laz","2018_MLBS_3_537000_4142000_image.tif","Tree",1,537000,537999.999,4142000,4142999.999
"7952",7952,537098.042,537107.915,4142782.572,4142788.497,"Silva","NEON_D07_MLBS_DP1_537000_4142000_classified_point_cloud.laz","2018_MLBS_3_537000_4142000_image.tif","Tree",1,537000,537999.999,4142000,4142999.999
"7953",7953,537153.539,537162.995,4142773.632,4142784.926,"Silva","NEON_D07_MLBS_DP1_537000_4142000_classified_point_cloud.laz","2018_MLBS_3_537000_4142000_image.tif","Tree",1,537000,537999.999,4142000,4142999.999
"7954",7954,537140.557,537149.942,4142772.558,4142781.924,"Silva","NEON_D07_MLBS_DP1_537000_4142000_classified_point_cloud.laz","2018_MLBS_3_537000_4142000_image.tif","Tree",1,537000,537999.999,4142000,4142999.999
"7955",7955,537091.591,537099.458,4142777.629,4142788.835,"Silva","NEON_D07_MLBS_DP1_537000_4142000_classified_point_cloud.laz","2018_MLBS_3_537000_4142000_image.tif","Tree",1,537000,537999.999,4142000,4142999.999
"7956",7956,537098.078,537106.478,4142775.596,4142783.479,"Silva","NEON_D07_MLBS_DP1_537000_4142000_classified_point_cloud.laz","2018_MLBS_3_537000_4142000_image.tif","Tree",1,537000,537999.999,4142000,4142999.999
"7957",7957,537113.512,537121.948,4142776.361,4142783.445,"Silva","NEON_D07_MLBS_DP1_537000_4142000_classified_point_cloud.laz","2018_MLBS_3_537000_4142000_image.tif","Tree",1,537000,537999.999,4142000,4142999.999
"7958",7958,537129.574,537139.999,4142772.532,4142780.773,"Silva","NEON_D07_MLBS_DP1_537000_4142000_classified_point_cloud.laz","2018_MLBS_3_537000_4142000_image.tif","Tree",1,537000,537999.999,4142000,4142999.999
"7959",7959,537147.505,537160.456,4142770.147,4142778.439,"Silva","NEON_D07_MLBS_DP1_537000_4142000_classified_point_cloud.laz","2018_MLBS_3_537000_4142000_image.tif","Tree",1,537000,537999.999,4142000,4142999.999
"7960",7960,537150.104,537158.929,4142766.089,4142771.493,"Silva","NEON_D07_MLBS_DP1_537000_4142000_classified_point_cloud.laz","2018_MLBS_3_537000_4142000_image.tif","Tree",1,537000,537999.999,4142000,4142999.999
"7961",7961,537102.504,537109.998,4142769.007,4142776.389,"Silva","NEON_D07_MLBS_DP1_537000_4142000_classified_point_cloud.laz","2018_MLBS_3_537000_4142000_image.tif","Tree",1,537000,537999.999,4142000,4142999.999
"7962",7962,537139.019,537146.932,4142762.572,4142772.369,"Silva","NEON_D07_MLBS_DP1_537000_4142000_classified_point_cloud.laz","2018_MLBS_3_537000_4142000_image.tif","Tree",1,537000,537999.999,4142000,4142999.999
"7963",7963,537126.051,537133.493,4142764.531,4142769.996,"Silva","NEON_D07_MLBS_DP1_537000_4142000_classified_point_cloud.laz","2018_MLBS_3_537000_4142000_image.tif","Tree",1,537000,537999.999,4142000,4142999.999
"7964",7964,537156.516,537162.981,4142759.321,4142767.422,"Silva","NEON_D07_MLBS_DP1_537000_4142000_classified_point_cloud.laz","2018_MLBS_3_537000_4142000_image.tif","Tree",1,537000,537999.999,4142000,4142999.999
"7965",7965,537151.068,537156.91,4142759.532,4142766.497,"Silva","NEON_D07_MLBS_DP1_537000_4142000_classified_point_cloud.laz","2018_MLBS_3_537000_4142000_image.tif","Tree",1,537000,537999.999,4142000,4142999.999
"7966",7966,537103.008,537110.98,4142763.028,4142769.498,"Silva","NEON_D07_MLBS_DP1_537000_4142000_classified_point_cloud.laz","2018_MLBS_3_537000_4142000_image.tif","Tree",1,537000,537999.999,4142000,4142999.999
"7967",7967,537129.067,537133.491,4142760.502,4142767.435,"Silva","NEON_D07_MLBS_DP1_537000_4142000_classified_point_cloud.laz","2018_MLBS_3_537000_4142000_image.tif","Tree",1,537000,537999.999,4142000,4142999.999
"7968",7968,537110.007,537117.82,4142761.014,4142767.991,"Silva","NEON_D07_MLBS_DP1_537000_4142000_classified_point_cloud.laz","2018_MLBS_3_537000_4142000_image.tif","Tree",1,537000,537999.999,4142000,4142999.999
"7969",7969,537096,537105.496,4142759.004,4142769.993,"Silva","NEON_D07_MLBS_DP1_537000_4142000_classified_point_cloud.laz","2018_MLBS_3_537000_4142000_image.tif","Tree",1,537000,537999.999,4142000,4142999.999
"7970",7970,537132.004,537139.973,4142757.013,4142763.492,"Silva","NEON_D07_MLBS_DP1_537000_4142000_classified_point_cloud.laz","2018_MLBS_3_537000_4142000_image.tif","Tree",1,537000,537999.999,4142000,4142999.999
"7971",7971,537125.551,537131.893,4142758.513,4142764.395,"Silva","NEON_D07_MLBS_DP1_537000_4142000_classified_point_cloud.laz","2018_MLBS_3_537000_4142000_image.tif","Tree",1,537000,537999.999,4142000,4142999.999
"7972",7972,537118.506,537126.473,4142755.523,4142764.445,"Silva","NEON_D07_MLBS_DP1_537000_4142000_classified_point_cloud.laz","2018_MLBS_3_537000_4142000_image.tif","Tree",1,537000,537999.999,4142000,4142999.999
"7973",7973,537105.022,537112.947,4142758.032,4142764.806,"Silva","NEON_D07_MLBS_DP1_537000_4142000_classified_point_cloud.laz","2018_MLBS_3_537000_4142000_image.tif","Tree",1,537000,537999.999,4142000,4142999.999
"7974",7974,537150.542,537159.967,4142753.503,4142759.999,"Silva","NEON_D07_MLBS_DP1_537000_4142000_classified_point_cloud.laz","2018_MLBS_3_537000_4142000_image.tif","Tree",1,537000,537999.999,4142000,4142999.999
"7975",7975,537112.503,537119.442,4142756.048,4142763.483,"Silva","NEON_D07_MLBS_DP1_537000_4142000_classified_point_cloud.laz","2018_MLBS_3_537000_4142000_image.tif","Tree",1,537000,537999.999,4142000,4142999.999
"7976",7976,537123.009,537132.974,4142748.503,4142758.499,"Silva","NEON_D07_MLBS_DP1_537000_4142000_classified_point_cloud.laz","2018_MLBS_3_537000_4142000_image.tif","Tree",1,537000,537999.999,4142000,4142999.999
"7977",7977,537144.524,537152.997,4142748.596,4142757.49,"Silva","NEON_D07_MLBS_DP1_537000_4142000_classified_point_cloud.laz","2018_MLBS_3_537000_4142000_image.tif","Tree",1,537000,537999.999,4142000,4142999.999
"7978",7978,537132.638,537142.463,4142746.005,4142753.394,"Silva","NEON_D07_MLBS_DP1_537000_4142000_classified_point_cloud.laz","2018_MLBS_3_537000_4142000_image.tif","Tree",1,537000,537999.999,4142000,4142999.999
"7979",7979,537142.017,537153.272,4142742.012,4142753.447,"Silva","NEON_D07_MLBS_DP1_537000_4142000_classified_point_cloud.laz","2018_MLBS_3_537000_4142000_image.tif","Tree",1,537000,537999.999,4142000,4142999.999
"7980",7980,537162.545,537170.934,4142734.009,4142743.867,"Silva","NEON_D07_MLBS_DP1_537000_4142000_classified_point_cloud.laz","2018_MLBS_3_537000_4142000_image.tif","Tree",1,537000,537999.999,4142000,4142999.999
"7981",7981,537181.543,537192.422,4142740.53,4142749.407,"Silva","NEON_D07_MLBS_DP1_537000_4142000_classified_point_cloud.laz","2018_MLBS_3_537000_4142000_image.tif","Tree",1,537000,537999.999,4142000,4142999.999
"7982",7982,537175.028,537183.445,4142802.226,4142808.471,"Silva","NEON_D07_MLBS_DP1_537000_4142000_classified_point_cloud.laz","2018_MLBS_3_537000_4142000_image.tif","Tree",1,537000,537999.999,4142000,4142999.999
"7983",7983,537201.5,537210.415,4142797.603,4142806.998,"Silva","NEON_D07_MLBS_DP1_537000_4142000_classified_point_cloud.laz","2018_MLBS_3_537000_4142000_image.tif","Tree",1,537000,537999.999,4142000,4142999.999
"7984",7984,537192.517,537201.499,4142797.509,4142806.469,"Silva","NEON_D07_MLBS_DP1_537000_4142000_classified_point_cloud.laz","2018_MLBS_3_537000_4142000_image.tif","Tree",1,537000,537999.999,4142000,4142999.999
"7985",7985,537208.061,537219.997,4142795.723,4142804.495,"Silva","NEON_D07_MLBS_DP1_537000_4142000_classified_point_cloud.laz","2018_MLBS_3_537000_4142000_image.tif","Tree",1,537000,537999.999,4142000,4142999.999
"7986",7986,537182.517,537192.981,4142797.541,4142805.388,"Silva","NEON_D07_MLBS_DP1_537000_4142000_classified_point_cloud.laz","2018_MLBS_3_537000_4142000_image.tif","Tree",1,537000,537999.999,4142000,4142999.999
"7987",7987,537167.588,537175.472,4142798.558,4142804.995,"Silva","NEON_D07_MLBS_DP1_537000_4142000_classified_point_cloud.laz","2018_MLBS_3_537000_4142000_image.tif","Tree",1,537000,537999.999,4142000,4142999.999
"7988",7988,537175,537182.403,4142795.58,4142803.997,"Silva","NEON_D07_MLBS_DP1_537000_4142000_classified_point_cloud.laz","2018_MLBS_3_537000_4142000_image.tif","Tree",1,537000,537999.999,4142000,4142999.999
"7989",7989,537166.505,537173.472,4142791.628,4142802.495,"Silva","NEON_D07_MLBS_DP1_537000_4142000_classified_point_cloud.laz","2018_MLBS_3_537000_4142000_image.tif","Tree",1,537000,537999.999,4142000,4142999.999
"7990",7990,537215.021,537221.354,4142789.296,4142797.743,"Silva","NEON_D07_MLBS_DP1_537000_4142000_classified_point_cloud.laz","2018_MLBS_3_537000_4142000_image.tif","Tree",1,537000,537999.999,4142000,4142999.999
"7991",7991,537208.069,537215.49,4142788.074,4142796.997,"Silva","NEON_D07_MLBS_DP1_537000_4142000_classified_point_cloud.laz","2018_MLBS_3_537000_4142000_image.tif","Tree",1,537000,537999.999,4142000,4142999.999
"7992",7992,537168.521,537179.446,4142789.023,4142798.735,"Silva","NEON_D07_MLBS_DP1_537000_4142000_classified_point_cloud.laz","2018_MLBS_3_537000_4142000_image.tif","Tree",1,537000,537999.999,4142000,4142999.999
"7993",7993,537217.016,537226.486,4142786.033,4142796.425,"Silva","NEON_D07_MLBS_DP1_537000_4142000_classified_point_cloud.laz","2018_MLBS_3_537000_4142000_image.tif","Tree",1,537000,537999.999,4142000,4142999.999
"7994",7994,537171.615,537182.979,4142784.541,4142794.994,"Silva","NEON_D07_MLBS_DP1_537000_4142000_classified_point_cloud.laz","2018_MLBS_3_537000_4142000_image.tif","Tree",1,537000,537999.999,4142000,4142999.999
"7995",7995,537210.048,537219.999,4142782.03,4142789.494,"Silva","NEON_D07_MLBS_DP1_537000_4142000_classified_point_cloud.laz","2018_MLBS_3_537000_4142000_image.tif","Tree",1,537000,537999.999,4142000,4142999.999
"7996",7996,537176.16,537185.441,4142782.505,4142791.933,"Silva","NEON_D07_MLBS_DP1_537000_4142000_classified_point_cloud.laz","2018_MLBS_3_537000_4142000_image.tif","Tree",1,537000,537999.999,4142000,4142999.999
"7997",7997,537183.057,537192.99,4142782.505,4142788.396,"Silva","NEON_D07_MLBS_DP1_537000_4142000_classified_point_cloud.laz","2018_MLBS_3_537000_4142000_image.tif","Tree",1,537000,537999.999,4142000,4142999.999
"7998",7998,537157.582,537168.667,4142783.502,4142793.5,"Silva","NEON_D07_MLBS_DP1_537000_4142000_classified_point_cloud.laz","2018_MLBS_3_537000_4142000_image.tif","Tree",1,537000,537999.999,4142000,4142999.999
"7999",7999,537192.513,537200.493,4142778.024,4142788.964,"Silva","NEON_D07_MLBS_DP1_537000_4142000_classified_point_cloud.laz","2018_MLBS_3_537000_4142000_image.tif","Tree",1,537000,537999.999,4142000,4142999.999
"8000",8000,537219.003,537225.494,4142777.524,4142786.991,"Silva","NEON_D07_MLBS_DP1_537000_4142000_classified_point_cloud.laz","2018_MLBS_3_537000_4142000_image.tif","Tree",1,537000,537999.999,4142000,4142999.999
"8001",8001,537208.504,537213.983,4142778.049,4142787.173,"Silva","NEON_D07_MLBS_DP1_537000_4142000_classified_point_cloud.laz","2018_MLBS_3_537000_4142000_image.tif","Tree",1,537000,537999.999,4142000,4142999.999
"8002",8002,537201.503,537208.483,4142780.042,4142786.998,"Silva","NEON_D07_MLBS_DP1_537000_4142000_classified_point_cloud.laz","2018_MLBS_3_537000_4142000_image.tif","Tree",1,537000,537999.999,4142000,4142999.999
"8003",8003,537213.105,537219.992,4142775.018,4142783.945,"Silva","NEON_D07_MLBS_DP1_537000_4142000_classified_point_cloud.laz","2018_MLBS_3_537000_4142000_image.tif","Tree",1,537000,537999.999,4142000,4142999.999
"8004",8004,537162.095,537172.229,4142780.513,4142789.974,"Silva","NEON_D07_MLBS_DP1_537000_4142000_classified_point_cloud.laz","2018_MLBS_3_537000_4142000_image.tif","Tree",1,537000,537999.999,4142000,4142999.999
"8005",8005,537220.015,537226.495,4142774.529,4142778.988,"Silva","NEON_D07_MLBS_DP1_537000_4142000_classified_point_cloud.laz","2018_MLBS_3_537000_4142000_image.tif","Tree",1,537000,537999.999,4142000,4142999.999
"8006",8006,537197.521,537207.458,4142772.643,4142781.489,"Silva","NEON_D07_MLBS_DP1_537000_4142000_classified_point_cloud.laz","2018_MLBS_3_537000_4142000_image.tif","Tree",1,537000,537999.999,4142000,4142999.999
"8007",8007,537169.5,537176.476,4142776.05,4142786.631,"Silva","NEON_D07_MLBS_DP1_537000_4142000_classified_point_cloud.laz","2018_MLBS_3_537000_4142000_image.tif","Tree",1,537000,537999.999,4142000,4142999.999
"8008",8008,537180.503,537187.169,4142775.693,4142783.466,"Silva","NEON_D07_MLBS_DP1_537000_4142000_classified_point_cloud.laz","2018_MLBS_3_537000_4142000_image.tif","Tree",1,537000,537999.999,4142000,4142999.999
"8009",8009,537163.013,537169.477,4142776.008,4142781.975,"Silva","NEON_D07_MLBS_DP1_537000_4142000_classified_point_cloud.laz","2018_MLBS_3_537000_4142000_image.tif","Tree",1,537000,537999.999,4142000,4142999.999
"8010",8010,537206.511,537216.424,4142771.638,4142778.496,"Silva","NEON_D07_MLBS_DP1_537000_4142000_classified_point_cloud.laz","2018_MLBS_3_537000_4142000_image.tif","Tree",1,537000,537999.999,4142000,4142999.999
"8011",8011,537217.019,537224.223,4142769.056,4142776.496,"Silva","NEON_D07_MLBS_DP1_537000_4142000_classified_point_cloud.laz","2018_MLBS_3_537000_4142000_image.tif","Tree",1,537000,537999.999,4142000,4142999.999
"8012",8012,537181.546,537190.995,4142771.526,4142776.48,"Silva","NEON_D07_MLBS_DP1_537000_4142000_classified_point_cloud.laz","2018_MLBS_3_537000_4142000_image.tif","Tree",1,537000,537999.999,4142000,4142999.999
"8013",8013,537191.013,537200.456,4142769.502,4142778.46,"Silva","NEON_D07_MLBS_DP1_537000_4142000_classified_point_cloud.laz","2018_MLBS_3_537000_4142000_image.tif","Tree",1,537000,537999.999,4142000,4142999.999
"8014",8014,537213.007,537218.547,4142765.56,4142774.594,"Silva","NEON_D07_MLBS_DP1_537000_4142000_classified_point_cloud.laz","2018_MLBS_3_537000_4142000_image.tif","Tree",1,537000,537999.999,4142000,4142999.999
"8015",8015,537216.005,537224.949,4142763.048,4142769.993,"Silva","NEON_D07_MLBS_DP1_537000_4142000_classified_point_cloud.laz","2018_MLBS_3_537000_4142000_image.tif","Tree",1,537000,537999.999,4142000,4142999.999
"8016",8016,537197.028,537205.498,4142764.016,4142773.901,"Silva","NEON_D07_MLBS_DP1_537000_4142000_classified_point_cloud.laz","2018_MLBS_3_537000_4142000_image.tif","Tree",1,537000,537999.999,4142000,4142999.999
"8017",8017,537189.009,537196.997,4142764.001,4142772.999,"Silva","NEON_D07_MLBS_DP1_537000_4142000_classified_point_cloud.laz","2018_MLBS_3_537000_4142000_image.tif","Tree",1,537000,537999.999,4142000,4142999.999
"8018",8018,537172.105,537181.944,4142767.273,4142773.98,"Silva","NEON_D07_MLBS_DP1_537000_4142000_classified_point_cloud.laz","2018_MLBS_3_537000_4142000_image.tif","Tree",1,537000,537999.999,4142000,4142999.999
"8019",8019,537172.509,537178.45,4142764.015,4142769.762,"Silva","NEON_D07_MLBS_DP1_537000_4142000_classified_point_cloud.laz","2018_MLBS_3_537000_4142000_image.tif","Tree",1,537000,537999.999,4142000,4142999.999
"8020",8020,537158.068,537163.497,4142763.557,4142772.997,"Silva","NEON_D07_MLBS_DP1_537000_4142000_classified_point_cloud.laz","2018_MLBS_3_537000_4142000_image.tif","Tree",1,537000,537999.999,4142000,4142999.999
"8021",8021,537163.004,537169.423,4142763.003,4142769.924,"Silva","NEON_D07_MLBS_DP1_537000_4142000_classified_point_cloud.laz","2018_MLBS_3_537000_4142000_image.tif","Tree",1,537000,537999.999,4142000,4142999.999
"8022",8022,537192.01,537202.981,4142760.506,4142766.917,"Silva","NEON_D07_MLBS_DP1_537000_4142000_classified_point_cloud.laz","2018_MLBS_3_537000_4142000_image.tif","Tree",1,537000,537999.999,4142000,4142999.999
"8023",8023,537168.001,537173.946,4142762.003,4142770.294,"Silva","NEON_D07_MLBS_DP1_537000_4142000_classified_point_cloud.laz","2018_MLBS_3_537000_4142000_image.tif","Tree",1,537000,537999.999,4142000,4142999.999
"8024",8024,537217.03,537225.988,4142756.533,4142764.999,"Silva","NEON_D07_MLBS_DP1_537000_4142000_classified_point_cloud.laz","2018_MLBS_3_537000_4142000_image.tif","Tree",1,537000,537999.999,4142000,4142999.999
"8025",8025,537209.003,537216.985,4142757.022,4142763.771,"Silva","NEON_D07_MLBS_DP1_537000_4142000_classified_point_cloud.laz","2018_MLBS_3_537000_4142000_image.tif","Tree",1,537000,537999.999,4142000,4142999.999
"8026",8026,537202.541,537210.452,4142755.562,4142764.998,"Silva","NEON_D07_MLBS_DP1_537000_4142000_classified_point_cloud.laz","2018_MLBS_3_537000_4142000_image.tif","Tree",1,537000,537999.999,4142000,4142999.999
"8027",8027,537195.507,537201.891,4142756.004,4142761.496,"Silva","NEON_D07_MLBS_DP1_537000_4142000_classified_point_cloud.laz","2018_MLBS_3_537000_4142000_image.tif","Tree",1,537000,537999.999,4142000,4142999.999
"8028",8028,537189.01,537195.488,4142754.021,4142763.983,"Silva","NEON_D07_MLBS_DP1_537000_4142000_classified_point_cloud.laz","2018_MLBS_3_537000_4142000_image.tif","Tree",1,537000,537999.999,4142000,4142999.999
"8029",8029,537174.556,537181.485,4142756.098,4142762.992,"Silva","NEON_D07_MLBS_DP1_537000_4142000_classified_point_cloud.laz","2018_MLBS_3_537000_4142000_image.tif","Tree",1,537000,537999.999,4142000,4142999.999
"8030",8030,537214.644,537223.489,4142751.145,4142759.93,"Silva","NEON_D07_MLBS_DP1_537000_4142000_classified_point_cloud.laz","2018_MLBS_3_537000_4142000_image.tif","Tree",1,537000,537999.999,4142000,4142999.999
"8031",8031,537182.519,537189.907,4142753.669,4142763.995,"Silva","NEON_D07_MLBS_DP1_537000_4142000_classified_point_cloud.laz","2018_MLBS_3_537000_4142000_image.tif","Tree",1,537000,537999.999,4142000,4142999.999
"8032",8032,537209.092,537213.962,4142750.003,4142756.989,"Silva","NEON_D07_MLBS_DP1_537000_4142000_classified_point_cloud.laz","2018_MLBS_3_537000_4142000_image.tif","Tree",1,537000,537999.999,4142000,4142999.999
"8033",8033,537170.51,537178.935,4142746.522,4142756.407,"Silva","NEON_D07_MLBS_DP1_537000_4142000_classified_point_cloud.laz","2018_MLBS_3_537000_4142000_image.tif","Tree",1,537000,537999.999,4142000,4142999.999
"8034",8034,537194.502,537201.988,4142742.178,4142752.998,"Silva","NEON_D07_MLBS_DP1_537000_4142000_classified_point_cloud.laz","2018_MLBS_3_537000_4142000_image.tif","Tree",1,537000,537999.999,4142000,4142999.999
"8035",8035,537188.034,537195.999,4142742.503,4142753.475,"Silva","NEON_D07_MLBS_DP1_537000_4142000_classified_point_cloud.laz","2018_MLBS_3_537000_4142000_image.tif","Tree",1,537000,537999.999,4142000,4142999.999
"8036",8036,537198.586,537208.364,4142740.001,4142751,"Silva","NEON_D07_MLBS_DP1_537000_4142000_classified_point_cloud.laz","2018_MLBS_3_537000_4142000_image.tif","Tree",1,537000,537999.999,4142000,4142999.999
"8037",8037,537163.54,537172.973,4142746.528,4142752.436,"Silva","NEON_D07_MLBS_DP1_537000_4142000_classified_point_cloud.laz","2018_MLBS_3_537000_4142000_image.tif","Tree",1,537000,537999.999,4142000,4142999.999
"8038",8038,537263.09,537269.98,4142672.558,4142678.988,"Silva","NEON_D07_MLBS_DP1_537000_4142000_classified_point_cloud.laz","2018_MLBS_3_537000_4142000_image.tif","Tree",1,537000,537999.999,4142000,4142999.999
"8039",8039,537249.554,537258.985,4142671.014,4142683.999,"Silva","NEON_D07_MLBS_DP1_537000_4142000_classified_point_cloud.laz","2018_MLBS_3_537000_4142000_image.tif","Tree",1,537000,537999.999,4142000,4142999.999
"8040",8040,537283.175,537291.94,4142673.004,4142679.996,"Silva","NEON_D07_MLBS_DP1_537000_4142000_classified_point_cloud.laz","2018_MLBS_3_537000_4142000_image.tif","Tree",1,537000,537999.999,4142000,4142999.999
"8041",8041,537258.5,537263.433,4142674.546,4142680.495,"Silva","NEON_D07_MLBS_DP1_537000_4142000_classified_point_cloud.laz","2018_MLBS_3_537000_4142000_image.tif","Tree",1,537000,537999.999,4142000,4142999.999
"8042",8042,537241.112,537252.449,4142679.518,4142689.965,"Silva","NEON_D07_MLBS_DP1_537000_4142000_classified_point_cloud.laz","2018_MLBS_3_537000_4142000_image.tif","Tree",1,537000,537999.999,4142000,4142999.999
"8043",8043,537257.009,537268.998,4142683.523,4142692.981,"Silva","NEON_D07_MLBS_DP1_537000_4142000_classified_point_cloud.laz","2018_MLBS_3_537000_4142000_image.tif","Tree",1,537000,537999.999,4142000,4142999.999
"8044",8044,537221.765,537229.977,4142685.012,4142694.445,"Silva","NEON_D07_MLBS_DP1_537000_4142000_classified_point_cloud.laz","2018_MLBS_3_537000_4142000_image.tif","Tree",1,537000,537999.999,4142000,4142999.999
"8045",8045,537241.012,537248.478,4142688.006,4142695.918,"Silva","NEON_D07_MLBS_DP1_537000_4142000_classified_point_cloud.laz","2018_MLBS_3_537000_4142000_image.tif","Tree",1,537000,537999.999,4142000,4142999.999
"8046",8046,537284.584,537292.99,4142686.505,4142695.495,"Silva","NEON_D07_MLBS_DP1_537000_4142000_classified_point_cloud.laz","2018_MLBS_3_537000_4142000_image.tif","Tree",1,537000,537999.999,4142000,4142999.999
"8047",8047,537254.016,537259.487,4142693.621,4142701.488,"Silva","NEON_D07_MLBS_DP1_537000_4142000_classified_point_cloud.laz","2018_MLBS_3_537000_4142000_image.tif","Tree",1,537000,537999.999,4142000,4142999.999
"8048",8048,537259.507,537266.459,4142692.65,4142703.477,"Silva","NEON_D07_MLBS_DP1_537000_4142000_classified_point_cloud.laz","2018_MLBS_3_537000_4142000_image.tif","Tree",1,537000,537999.999,4142000,4142999.999
"8049",8049,537245.001,537253.493,4142695.046,4142704.995,"Silva","NEON_D07_MLBS_DP1_537000_4142000_classified_point_cloud.laz","2018_MLBS_3_537000_4142000_image.tif","Tree",1,537000,537999.999,4142000,4142999.999
"8050",8050,537275.515,537286.408,4142695.012,4142707.483,"Silva","NEON_D07_MLBS_DP1_537000_4142000_classified_point_cloud.laz","2018_MLBS_3_537000_4142000_image.tif","Tree",1,537000,537999.999,4142000,4142999.999
"8051",8051,537251.085,537255.977,4142700.058,4142704.944,"Silva","NEON_D07_MLBS_DP1_537000_4142000_classified_point_cloud.laz","2018_MLBS_3_537000_4142000_image.tif","Tree",1,537000,537999.999,4142000,4142999.999
"8052",8052,537253.546,537258.498,4142704.068,4142713.5,"Silva","NEON_D07_MLBS_DP1_537000_4142000_classified_point_cloud.laz","2018_MLBS_3_537000_4142000_image.tif","Tree",1,537000,537999.999,4142000,4142999.999
"8053",8053,537243.007,537247.965,4142704.002,4142711.389,"Silva","NEON_D07_MLBS_DP1_537000_4142000_classified_point_cloud.laz","2018_MLBS_3_537000_4142000_image.tif","Tree",1,537000,537999.999,4142000,4142999.999
"8054",8054,537225.589,537234.475,4142708.121,4142714.493,"Silva","NEON_D07_MLBS_DP1_537000_4142000_classified_point_cloud.laz","2018_MLBS_3_537000_4142000_image.tif","Tree",1,537000,537999.999,4142000,4142999.999
"8055",8055,537270.507,537280.477,4142727.015,4142738.476,"Silva","NEON_D07_MLBS_DP1_537000_4142000_classified_point_cloud.laz","2018_MLBS_3_537000_4142000_image.tif","Tree",1,537000,537999.999,4142000,4142999.999
"8056",8056,537267.691,537275.993,4142728.184,4142739.924,"Silva","NEON_D07_MLBS_DP1_537000_4142000_classified_point_cloud.laz","2018_MLBS_3_537000_4142000_image.tif","Tree",1,537000,537999.999,4142000,4142999.999
"8057",8057,537334.582,537340.993,4142684.015,4142690.738,"Silva","NEON_D07_MLBS_DP1_537000_4142000_classified_point_cloud.laz","2018_MLBS_3_537000_4142000_image.tif","Tree",1,537000,537999.999,4142000,4142999.999
"8058",8058,537339.512,537346.902,4142684.001,4142691.985,"Silva","NEON_D07_MLBS_DP1_537000_4142000_classified_point_cloud.laz","2018_MLBS_3_537000_4142000_image.tif","Tree",1,537000,537999.999,4142000,4142999.999
"8059",8059,537320.582,537330.98,4142684.526,4142690.942,"Silva","NEON_D07_MLBS_DP1_537000_4142000_classified_point_cloud.laz","2018_MLBS_3_537000_4142000_image.tif","Tree",1,537000,537999.999,4142000,4142999.999
"8060",8060,537288.753,537300.452,4142699.026,4142707.981,"Silva","NEON_D07_MLBS_DP1_537000_4142000_classified_point_cloud.laz","2018_MLBS_3_537000_4142000_image.tif","Tree",1,537000,537999.999,4142000,4142999.999
"8061",8061,537340.026,537345.993,4142708.321,4142713.499,"Silva","NEON_D07_MLBS_DP1_537000_4142000_classified_point_cloud.laz","2018_MLBS_3_537000_4142000_image.tif","Tree",1,537000,537999.999,4142000,4142999.999
"8062",8062,537345.507,537356.498,4142709.286,4142719.982,"Silva","NEON_D07_MLBS_DP1_537000_4142000_classified_point_cloud.laz","2018_MLBS_3_537000_4142000_image.tif","Tree",1,537000,537999.999,4142000,4142999.999
"8063",8063,537291.017,537299.492,4142719.027,4142728.981,"Silva","NEON_D07_MLBS_DP1_537000_4142000_classified_point_cloud.laz","2018_MLBS_3_537000_4142000_image.tif","Tree",1,537000,537999.999,4142000,4142999.999
"8064",8064,537343.544,537354.978,4142719.111,4142730.367,"Silva","NEON_D07_MLBS_DP1_537000_4142000_classified_point_cloud.laz","2018_MLBS_3_537000_4142000_image.tif","Tree",1,537000,537999.999,4142000,4142999.999
"8065",8065,537316.595,537324.97,4142730.564,4142736.472,"Silva","NEON_D07_MLBS_DP1_537000_4142000_classified_point_cloud.laz","2018_MLBS_3_537000_4142000_image.tif","Tree",1,537000,537999.999,4142000,4142999.999
"8066",8066,537325.005,537332.924,4142732.006,4142740.368,"Silva","NEON_D07_MLBS_DP1_537000_4142000_classified_point_cloud.laz","2018_MLBS_3_537000_4142000_image.tif","Tree",1,537000,537999.999,4142000,4142999.999
"8067",8067,537319.025,537324.976,4142734.038,4142742.38,"Silva","NEON_D07_MLBS_DP1_537000_4142000_classified_point_cloud.laz","2018_MLBS_3_537000_4142000_image.tif","Tree",1,537000,537999.999,4142000,4142999.999
"8068",8068,537341.38,537350.989,4142733.504,4142742.372,"Silva","NEON_D07_MLBS_DP1_537000_4142000_classified_point_cloud.laz","2018_MLBS_3_537000_4142000_image.tif","Tree",1,537000,537999.999,4142000,4142999.999
"8069",8069,537293.557,537300.474,4142736.541,4142744.988,"Silva","NEON_D07_MLBS_DP1_537000_4142000_classified_point_cloud.laz","2018_MLBS_3_537000_4142000_image.tif","Tree",1,537000,537999.999,4142000,4142999.999
"8070",8070,537250.527,537262.45,4142740.538,4142747.283,"Silva","NEON_D07_MLBS_DP1_537000_4142000_classified_point_cloud.laz","2018_MLBS_3_537000_4142000_image.tif","Tree",1,537000,537999.999,4142000,4142999.999
"8071",8071,537276.014,537290.43,4142740.515,4142748.983,"Silva","NEON_D07_MLBS_DP1_537000_4142000_classified_point_cloud.laz","2018_MLBS_3_537000_4142000_image.tif","Tree",1,537000,537999.999,4142000,4142999.999
"8072",8072,537233.502,537241.421,4142742.006,4142749.418,"Silva","NEON_D07_MLBS_DP1_537000_4142000_classified_point_cloud.laz","2018_MLBS_3_537000_4142000_image.tif","Tree",1,537000,537999.999,4142000,4142999.999
"8073",8073,537264.07,537278.49,4142741.605,4142754.977,"Silva","NEON_D07_MLBS_DP1_537000_4142000_classified_point_cloud.laz","2018_MLBS_3_537000_4142000_image.tif","Tree",1,537000,537999.999,4142000,4142999.999
"8074",8074,537257.037,537262.492,4142744.591,4142754.843,"Silva","NEON_D07_MLBS_DP1_537000_4142000_classified_point_cloud.laz","2018_MLBS_3_537000_4142000_image.tif","Tree",1,537000,537999.999,4142000,4142999.999
"8075",8075,537261.505,537268.304,4142744.029,4142754.99,"Silva","NEON_D07_MLBS_DP1_537000_4142000_classified_point_cloud.laz","2018_MLBS_3_537000_4142000_image.tif","Tree",1,537000,537999.999,4142000,4142999.999
"8076",8076,537228.618,537236.857,4142751.081,4142759.496,"Silva","NEON_D07_MLBS_DP1_537000_4142000_classified_point_cloud.laz","2018_MLBS_3_537000_4142000_image.tif","Tree",1,537000,537999.999,4142000,4142999.999
"8077",8077,537252.514,537261.422,4142751.702,4142757.997,"Silva","NEON_D07_MLBS_DP1_537000_4142000_classified_point_cloud.laz","2018_MLBS_3_537000_4142000_image.tif","Tree",1,537000,537999.999,4142000,4142999.999
"8078",8078,537223.011,537231.966,4142753.017,4142761.488,"Silva","NEON_D07_MLBS_DP1_537000_4142000_classified_point_cloud.laz","2018_MLBS_3_537000_4142000_image.tif","Tree",1,537000,537999.999,4142000,4142999.999
"8079",8079,537235.515,537245.469,4142753.505,4142761.991,"Silva","NEON_D07_MLBS_DP1_537000_4142000_classified_point_cloud.laz","2018_MLBS_3_537000_4142000_image.tif","Tree",1,537000,537999.999,4142000,4142999.999
"8080",8080,537258.516,537267.972,4142802.501,4142810.989,"Silva","NEON_D07_MLBS_DP1_537000_4142000_classified_point_cloud.laz","2018_MLBS_3_537000_4142000_image.tif","Tree",1,537000,537999.999,4142000,4142999.999
"8081",8081,537267,537273.388,4142800.503,4142806.48,"Silva","NEON_D07_MLBS_DP1_537000_4142000_classified_point_cloud.laz","2018_MLBS_3_537000_4142000_image.tif","Tree",1,537000,537999.999,4142000,4142999.999
"8082",8082,537248.511,537258.445,4142799.017,4142808.465,"Silva","NEON_D07_MLBS_DP1_537000_4142000_classified_point_cloud.laz","2018_MLBS_3_537000_4142000_image.tif","Tree",1,537000,537999.999,4142000,4142999.999
"8083",8083,537270.505,537277.423,4142799.062,4142805.471,"Silva","NEON_D07_MLBS_DP1_537000_4142000_classified_point_cloud.laz","2018_MLBS_3_537000_4142000_image.tif","Tree",1,537000,537999.999,4142000,4142999.999
"8084",8084,537241.513,537249.996,4142798.043,4142807.497,"Silva","NEON_D07_MLBS_DP1_537000_4142000_classified_point_cloud.laz","2018_MLBS_3_537000_4142000_image.tif","Tree",1,537000,537999.999,4142000,4142999.999
"8085",8085,537273.191,537280.938,4142795.633,4142802.935,"Silva","NEON_D07_MLBS_DP1_537000_4142000_classified_point_cloud.laz","2018_MLBS_3_537000_4142000_image.tif","Tree",1,537000,537999.999,4142000,4142999.999
"8086",8086,537274.574,537283.465,4142790.584,4142799.498,"Silva","NEON_D07_MLBS_DP1_537000_4142000_classified_point_cloud.laz","2018_MLBS_3_537000_4142000_image.tif","Tree",1,537000,537999.999,4142000,4142999.999
"8087",8087,537252.61,537259.993,4142793.139,4142802.978,"Silva","NEON_D07_MLBS_DP1_537000_4142000_classified_point_cloud.laz","2018_MLBS_3_537000_4142000_image.tif","Tree",1,537000,537999.999,4142000,4142999.999
"8088",8088,537282.11,537292.481,4142788.13,4142798.999,"Silva","NEON_D07_MLBS_DP1_537000_4142000_classified_point_cloud.laz","2018_MLBS_3_537000_4142000_image.tif","Tree",1,537000,537999.999,4142000,4142999.999
"8089",8089,537220.023,537231.446,4142792.012,4142803.971,"Silva","NEON_D07_MLBS_DP1_537000_4142000_classified_point_cloud.laz","2018_MLBS_3_537000_4142000_image.tif","Tree",1,537000,537999.999,4142000,4142999.999
"8090",8090,537249.5,537256.998,4142791.009,4142799.483,"Silva","NEON_D07_MLBS_DP1_537000_4142000_classified_point_cloud.laz","2018_MLBS_3_537000_4142000_image.tif","Tree",1,537000,537999.999,4142000,4142999.999
"8091",8091,537234.545,537241.979,4142790.009,4142796.979,"Silva","NEON_D07_MLBS_DP1_537000_4142000_classified_point_cloud.laz","2018_MLBS_3_537000_4142000_image.tif","Tree",1,537000,537999.999,4142000,4142999.999
"8092",8092,537241.608,537249.494,4142788.688,4142798.493,"Silva","NEON_D07_MLBS_DP1_537000_4142000_classified_point_cloud.laz","2018_MLBS_3_537000_4142000_image.tif","Tree",1,537000,537999.999,4142000,4142999.999
"8093",8093,537262.014,537270.491,4142786.018,4142794.879,"Silva","NEON_D07_MLBS_DP1_537000_4142000_classified_point_cloud.laz","2018_MLBS_3_537000_4142000_image.tif","Tree",1,537000,537999.999,4142000,4142999.999
"8094",8094,537270.012,537278.139,4142787.002,4142793.472,"Silva","NEON_D07_MLBS_DP1_537000_4142000_classified_point_cloud.laz","2018_MLBS_3_537000_4142000_image.tif","Tree",1,537000,537999.999,4142000,4142999.999
"8095",8095,537252.644,537258.457,4142786.572,4142792.902,"Silva","NEON_D07_MLBS_DP1_537000_4142000_classified_point_cloud.laz","2018_MLBS_3_537000_4142000_image.tif","Tree",1,537000,537999.999,4142000,4142999.999
"8096",8096,537256.007,537262.972,4142782.631,4142791.959,"Silva","NEON_D07_MLBS_DP1_537000_4142000_classified_point_cloud.laz","2018_MLBS_3_537000_4142000_image.tif","Tree",1,537000,537999.999,4142000,4142999.999
"8097",8097,537250.536,537255.999,4142783.567,4142790.989,"Silva","NEON_D07_MLBS_DP1_537000_4142000_classified_point_cloud.laz","2018_MLBS_3_537000_4142000_image.tif","Tree",1,537000,537999.999,4142000,4142999.999
"8098",8098,537275.02,537279.435,4142781.005,4142789.995,"Silva","NEON_D07_MLBS_DP1_537000_4142000_classified_point_cloud.laz","2018_MLBS_3_537000_4142000_image.tif","Tree",1,537000,537999.999,4142000,4142999.999
"8099",8099,537270.042,537275.495,4142781.024,4142786.997,"Silva","NEON_D07_MLBS_DP1_537000_4142000_classified_point_cloud.laz","2018_MLBS_3_537000_4142000_image.tif","Tree",1,537000,537999.999,4142000,4142999.999
"8100",8100,537246,537252.48,4142784.509,4142790.972,"Silva","NEON_D07_MLBS_DP1_537000_4142000_classified_point_cloud.laz","2018_MLBS_3_537000_4142000_image.tif","Tree",1,537000,537999.999,4142000,4142999.999
"8101",8101,537236.16,537245.998,4142779.003,4142791.476,"Silva","NEON_D07_MLBS_DP1_537000_4142000_classified_point_cloud.laz","2018_MLBS_3_537000_4142000_image.tif","Tree",1,537000,537999.999,4142000,4142999.999
"8102",8102,537260.506,537267.96,4142781.612,4142787.996,"Silva","NEON_D07_MLBS_DP1_537000_4142000_classified_point_cloud.laz","2018_MLBS_3_537000_4142000_image.tif","Tree",1,537000,537999.999,4142000,4142999.999
"8103",8103,537226.022,537236.985,4142781.56,4142792.394,"Silva","NEON_D07_MLBS_DP1_537000_4142000_classified_point_cloud.laz","2018_MLBS_3_537000_4142000_image.tif","Tree",1,537000,537999.999,4142000,4142999.999
"8104",8104,537244.039,537256.485,4142777.018,4142784.971,"Silva","NEON_D07_MLBS_DP1_537000_4142000_classified_point_cloud.laz","2018_MLBS_3_537000_4142000_image.tif","Tree",1,537000,537999.999,4142000,4142999.999
"8105",8105,537258.058,537266.459,4142777.037,4142784.485,"Silva","NEON_D07_MLBS_DP1_537000_4142000_classified_point_cloud.laz","2018_MLBS_3_537000_4142000_image.tif","Tree",1,537000,537999.999,4142000,4142999.999
"8106",8106,537265.039,537271.421,4142776.084,4142781.992,"Silva","NEON_D07_MLBS_DP1_537000_4142000_classified_point_cloud.laz","2018_MLBS_3_537000_4142000_image.tif","Tree",1,537000,537999.999,4142000,4142999.999
"8107",8107,537275.511,537282.484,4142773.009,4142780.997,"Silva","NEON_D07_MLBS_DP1_537000_4142000_classified_point_cloud.laz","2018_MLBS_3_537000_4142000_image.tif","Tree",1,537000,537999.999,4142000,4142999.999
"8108",8108,537223.514,537227.986,4142778.06,4142783.953,"Silva","NEON_D07_MLBS_DP1_537000_4142000_classified_point_cloud.laz","2018_MLBS_3_537000_4142000_image.tif","Tree",1,537000,537999.999,4142000,4142999.999
"8109",8109,537268.046,537274.994,4142772.155,4142776.951,"Silva","NEON_D07_MLBS_DP1_537000_4142000_classified_point_cloud.laz","2018_MLBS_3_537000_4142000_image.tif","Tree",1,537000,537999.999,4142000,4142999.999
"8110",8110,537260.556,537268.498,4142768.588,4142777.466,"Silva","NEON_D07_MLBS_DP1_537000_4142000_classified_point_cloud.laz","2018_MLBS_3_537000_4142000_image.tif","Tree",1,537000,537999.999,4142000,4142999.999
"8111",8111,537226.079,537235.34,4142771.002,4142778.988,"Silva","NEON_D07_MLBS_DP1_537000_4142000_classified_point_cloud.laz","2018_MLBS_3_537000_4142000_image.tif","Tree",1,537000,537999.999,4142000,4142999.999
"8112",8112,537247.074,537255.996,4142771.042,4142777.978,"Silva","NEON_D07_MLBS_DP1_537000_4142000_classified_point_cloud.laz","2018_MLBS_3_537000_4142000_image.tif","Tree",1,537000,537999.999,4142000,4142999.999
"8113",8113,537272.01,537276.918,4142767.509,4142774.43,"Silva","NEON_D07_MLBS_DP1_537000_4142000_classified_point_cloud.laz","2018_MLBS_3_537000_4142000_image.tif","Tree",1,537000,537999.999,4142000,4142999.999
"8114",8114,537252.663,537259.76,4142769.001,4142774.442,"Silva","NEON_D07_MLBS_DP1_537000_4142000_classified_point_cloud.laz","2018_MLBS_3_537000_4142000_image.tif","Tree",1,537000,537999.999,4142000,4142999.999
"8115",8115,537234.523,537247.498,4142767.003,4142779.482,"Silva","NEON_D07_MLBS_DP1_537000_4142000_classified_point_cloud.laz","2018_MLBS_3_537000_4142000_image.tif","Tree",1,537000,537999.999,4142000,4142999.999
"8116",8116,537275.502,537282.478,4142764.001,4142772.996,"Silva","NEON_D07_MLBS_DP1_537000_4142000_classified_point_cloud.laz","2018_MLBS_3_537000_4142000_image.tif","Tree",1,537000,537999.999,4142000,4142999.999
"8117",8117,537222.526,537232.498,4142768.549,4142775.447,"Silva","NEON_D07_MLBS_DP1_537000_4142000_classified_point_cloud.laz","2018_MLBS_3_537000_4142000_image.tif","Tree",1,537000,537999.999,4142000,4142999.999
"8118",8118,537254.504,537261.99,4142764.067,4142772.974,"Silva","NEON_D07_MLBS_DP1_537000_4142000_classified_point_cloud.laz","2018_MLBS_3_537000_4142000_image.tif","Tree",1,537000,537999.999,4142000,4142999.999
"8119",8119,537250.527,537255.491,4142764.567,4142770.795,"Silva","NEON_D07_MLBS_DP1_537000_4142000_classified_point_cloud.laz","2018_MLBS_3_537000_4142000_image.tif","Tree",1,537000,537999.999,4142000,4142999.999
"8120",8120,537270.677,537278.445,4142760.55,4142767.481,"Silva","NEON_D07_MLBS_DP1_537000_4142000_classified_point_cloud.laz","2018_MLBS_3_537000_4142000_image.tif","Tree",1,537000,537999.999,4142000,4142999.999
"8121",8121,537282.505,537293.996,4142757.019,4142766.482,"Silva","NEON_D07_MLBS_DP1_537000_4142000_classified_point_cloud.laz","2018_MLBS_3_537000_4142000_image.tif","Tree",1,537000,537999.999,4142000,4142999.999
"8122",8122,537259.501,537267.482,4142762.588,4142769.467,"Silva","NEON_D07_MLBS_DP1_537000_4142000_classified_point_cloud.laz","2018_MLBS_3_537000_4142000_image.tif","Tree",1,537000,537999.999,4142000,4142999.999
"8123",8123,537243.017,537251.482,4142763.017,4142768.933,"Silva","NEON_D07_MLBS_DP1_537000_4142000_classified_point_cloud.laz","2018_MLBS_3_537000_4142000_image.tif","Tree",1,537000,537999.999,4142000,4142999.999
"8124",8124,537256.502,537262.49,4142757.522,4142765.986,"Silva","NEON_D07_MLBS_DP1_537000_4142000_classified_point_cloud.laz","2018_MLBS_3_537000_4142000_image.tif","Tree",1,537000,537999.999,4142000,4142999.999
"8125",8125,537224.005,537231.743,4142761.006,4142770.392,"Silva","NEON_D07_MLBS_DP1_537000_4142000_classified_point_cloud.laz","2018_MLBS_3_537000_4142000_image.tif","Tree",1,537000,537999.999,4142000,4142999.999
"8126",8126,537241.521,537248.989,4142756.57,4142765.967,"Silva","NEON_D07_MLBS_DP1_537000_4142000_classified_point_cloud.laz","2018_MLBS_3_537000_4142000_image.tif","Tree",1,537000,537999.999,4142000,4142999.999
"8127",8127,537272.5,537283.458,4142750.508,4142763.999,"Silva","NEON_D07_MLBS_DP1_537000_4142000_classified_point_cloud.laz","2018_MLBS_3_537000_4142000_image.tif","Tree",1,537000,537999.999,4142000,4142999.999
"8128",8128,537249.024,537258.865,4142755.017,4142762.494,"Silva","NEON_D07_MLBS_DP1_537000_4142000_classified_point_cloud.laz","2018_MLBS_3_537000_4142000_image.tif","Tree",1,537000,537999.999,4142000,4142999.999
"8129",8129,537278.03,537290.397,4142749.012,4142759.785,"Silva","NEON_D07_MLBS_DP1_537000_4142000_classified_point_cloud.laz","2018_MLBS_3_537000_4142000_image.tif","Tree",1,537000,537999.999,4142000,4142999.999
"8130",8130,537261.137,537272.923,4142753.006,4142759.968,"Silva","NEON_D07_MLBS_DP1_537000_4142000_classified_point_cloud.laz","2018_MLBS_3_537000_4142000_image.tif","Tree",1,537000,537999.999,4142000,4142999.999
"8131",8131,537321.014,537328.996,4142741.006,4142746.903,"Silva","NEON_D07_MLBS_DP1_537000_4142000_classified_point_cloud.laz","2018_MLBS_3_537000_4142000_image.tif","Tree",1,537000,537999.999,4142000,4142999.999
"8132",8132,537342.053,537351.994,4142737.235,4142748.5,"Silva","NEON_D07_MLBS_DP1_537000_4142000_classified_point_cloud.laz","2018_MLBS_3_537000_4142000_image.tif","Tree",1,537000,537999.999,4142000,4142999.999
"8133",8133,537289.022,537298.978,4142743.029,4142751.467,"Silva","NEON_D07_MLBS_DP1_537000_4142000_classified_point_cloud.laz","2018_MLBS_3_537000_4142000_image.tif","Tree",1,537000,537999.999,4142000,4142999.999
"8134",8134,537298.503,537308.438,4142744.008,4142748.997,"Silva","NEON_D07_MLBS_DP1_537000_4142000_classified_point_cloud.laz","2018_MLBS_3_537000_4142000_image.tif","Tree",1,537000,537999.999,4142000,4142999.999
"8135",8135,537328.515,537338.973,4142742.507,4142750.368,"Silva","NEON_D07_MLBS_DP1_537000_4142000_classified_point_cloud.laz","2018_MLBS_3_537000_4142000_image.tif","Tree",1,537000,537999.999,4142000,4142999.999
"8136",8136,537349.009,537356.436,4142740.016,4142749.991,"Silva","NEON_D07_MLBS_DP1_537000_4142000_classified_point_cloud.laz","2018_MLBS_3_537000_4142000_image.tif","Tree",1,537000,537999.999,4142000,4142999.999
"8137",8137,537298.546,537305.477,4142748.017,4142752,"Silva","NEON_D07_MLBS_DP1_537000_4142000_classified_point_cloud.laz","2018_MLBS_3_537000_4142000_image.tif","Tree",1,537000,537999.999,4142000,4142999.999
"8138",8138,537305.047,537310.994,4142745.52,4142755.847,"Silva","NEON_D07_MLBS_DP1_537000_4142000_classified_point_cloud.laz","2018_MLBS_3_537000_4142000_image.tif","Tree",1,537000,537999.999,4142000,4142999.999
"8139",8139,537290.005,537301.491,4142801.001,4142811.418,"Silva","NEON_D07_MLBS_DP1_537000_4142000_classified_point_cloud.laz","2018_MLBS_3_537000_4142000_image.tif","Tree",1,537000,537999.999,4142000,4142999.999
"8140",8140,537303.62,537309.993,4142797.542,4142807.485,"Silva","NEON_D07_MLBS_DP1_537000_4142000_classified_point_cloud.laz","2018_MLBS_3_537000_4142000_image.tif","Tree",1,537000,537999.999,4142000,4142999.999
"8141",8141,537350.552,537357.494,4142785.751,4142792.986,"Silva","NEON_D07_MLBS_DP1_537000_4142000_classified_point_cloud.laz","2018_MLBS_3_537000_4142000_image.tif","Tree",1,537000,537999.999,4142000,4142999.999
"8142",8142,537315.538,537323.968,4142787.186,4142794.933,"Silva","NEON_D07_MLBS_DP1_537000_4142000_classified_point_cloud.laz","2018_MLBS_3_537000_4142000_image.tif","Tree",1,537000,537999.999,4142000,4142999.999
"8143",8143,537292.601,537303.987,4142791.523,4142798.989,"Silva","NEON_D07_MLBS_DP1_537000_4142000_classified_point_cloud.laz","2018_MLBS_3_537000_4142000_image.tif","Tree",1,537000,537999.999,4142000,4142999.999
"8144",8144,537342.5,537350.468,4142784.529,4142792.484,"Silva","NEON_D07_MLBS_DP1_537000_4142000_classified_point_cloud.laz","2018_MLBS_3_537000_4142000_image.tif","Tree",1,537000,537999.999,4142000,4142999.999
"8145",8145,537303.521,537311.973,4142787.032,4142796.948,"Silva","NEON_D07_MLBS_DP1_537000_4142000_classified_point_cloud.laz","2018_MLBS_3_537000_4142000_image.tif","Tree",1,537000,537999.999,4142000,4142999.999
"8146",8146,537325.523,537334.992,4142783.587,4142793.605,"Silva","NEON_D07_MLBS_DP1_537000_4142000_classified_point_cloud.laz","2018_MLBS_3_537000_4142000_image.tif","Tree",1,537000,537999.999,4142000,4142999.999
"8147",8147,537344.035,537352.944,4142780.524,4142788.152,"Silva","NEON_D07_MLBS_DP1_537000_4142000_classified_point_cloud.laz","2018_MLBS_3_537000_4142000_image.tif","Tree",1,537000,537999.999,4142000,4142999.999
"8148",8148,537293.058,537304.993,4142784.002,4142791.495,"Silva","NEON_D07_MLBS_DP1_537000_4142000_classified_point_cloud.laz","2018_MLBS_3_537000_4142000_image.tif","Tree",1,537000,537999.999,4142000,4142999.999
"8149",8149,537332.506,537343.987,4142780.003,4142790.488,"Silva","NEON_D07_MLBS_DP1_537000_4142000_classified_point_cloud.laz","2018_MLBS_3_537000_4142000_image.tif","Tree",1,537000,537999.999,4142000,4142999.999
"8150",8150,537347.011,537355.949,4142780.513,4142785.499,"Silva","NEON_D07_MLBS_DP1_537000_4142000_classified_point_cloud.laz","2018_MLBS_3_537000_4142000_image.tif","Tree",1,537000,537999.999,4142000,4142999.999
"8151",8151,537306.597,537317.946,4142779.531,4142789.474,"Silva","NEON_D07_MLBS_DP1_537000_4142000_classified_point_cloud.laz","2018_MLBS_3_537000_4142000_image.tif","Tree",1,537000,537999.999,4142000,4142999.999
"8152",8152,537320.619,537332.996,4142778.504,4142785.328,"Silva","NEON_D07_MLBS_DP1_537000_4142000_classified_point_cloud.laz","2018_MLBS_3_537000_4142000_image.tif","Tree",1,537000,537999.999,4142000,4142999.999
"8153",8153,537288.631,537299.884,4142782.043,4142791.492,"Silva","NEON_D07_MLBS_DP1_537000_4142000_classified_point_cloud.laz","2018_MLBS_3_537000_4142000_image.tif","Tree",1,537000,537999.999,4142000,4142999.999
"8154",8154,537295.004,537299.954,4142776.651,4142783.48,"Silva","NEON_D07_MLBS_DP1_537000_4142000_classified_point_cloud.laz","2018_MLBS_3_537000_4142000_image.tif","Tree",1,537000,537999.999,4142000,4142999.999
"8155",8155,537332.012,537341.493,4142771.08,4142780.489,"Silva","NEON_D07_MLBS_DP1_537000_4142000_classified_point_cloud.laz","2018_MLBS_3_537000_4142000_image.tif","Tree",1,537000,537999.999,4142000,4142999.999
"8156",8156,537298.128,537303.879,4142777.003,4142783.974,"Silva","NEON_D07_MLBS_DP1_537000_4142000_classified_point_cloud.laz","2018_MLBS_3_537000_4142000_image.tif","Tree",1,537000,537999.999,4142000,4142999.999
"8157",8157,537290.013,537295.989,4142775.52,4142782.875,"Silva","NEON_D07_MLBS_DP1_537000_4142000_classified_point_cloud.laz","2018_MLBS_3_537000_4142000_image.tif","Tree",1,537000,537999.999,4142000,4142999.999
"8158",8158,537314.101,537322.932,4142773.506,4142783,"Silva","NEON_D07_MLBS_DP1_537000_4142000_classified_point_cloud.laz","2018_MLBS_3_537000_4142000_image.tif","Tree",1,537000,537999.999,4142000,4142999.999
"8159",8159,537305.547,537314.486,4142770.563,4142780.458,"Silva","NEON_D07_MLBS_DP1_537000_4142000_classified_point_cloud.laz","2018_MLBS_3_537000_4142000_image.tif","Tree",1,537000,537999.999,4142000,4142999.999
"8160",8160,537325.017,537332.441,4142772.019,4142778.979,"Silva","NEON_D07_MLBS_DP1_537000_4142000_classified_point_cloud.laz","2018_MLBS_3_537000_4142000_image.tif","Tree",1,537000,537999.999,4142000,4142999.999
"8161",8161,537348.072,537355.994,4142765.011,4142774.945,"Silva","NEON_D07_MLBS_DP1_537000_4142000_classified_point_cloud.laz","2018_MLBS_3_537000_4142000_image.tif","Tree",1,537000,537999.999,4142000,4142999.999
"8162",8162,537310.073,537320.459,4142761.078,4142772.988,"Silva","NEON_D07_MLBS_DP1_537000_4142000_classified_point_cloud.laz","2018_MLBS_3_537000_4142000_image.tif","Tree",1,537000,537999.999,4142000,4142999.999
"8163",8163,537300.035,537309.381,4142764.517,4142770.969,"Silva","NEON_D07_MLBS_DP1_537000_4142000_classified_point_cloud.laz","2018_MLBS_3_537000_4142000_image.tif","Tree",1,537000,537999.999,4142000,4142999.999
"8164",8164,537291.046,537299.997,4142761.009,4142770.704,"Silva","NEON_D07_MLBS_DP1_537000_4142000_classified_point_cloud.laz","2018_MLBS_3_537000_4142000_image.tif","Tree",1,537000,537999.999,4142000,4142999.999
"8165",8165,537308,537317.989,4142756.54,4142769.662,"Silva","NEON_D07_MLBS_DP1_537000_4142000_classified_point_cloud.laz","2018_MLBS_3_537000_4142000_image.tif","Tree",1,537000,537999.999,4142000,4142999.999
"8166",8166,537317.52,537325.987,4142758.015,4142766.424,"Silva","NEON_D07_MLBS_DP1_537000_4142000_classified_point_cloud.laz","2018_MLBS_3_537000_4142000_image.tif","Tree",1,537000,537999.999,4142000,4142999.999
"8167",8167,537346.599,537354.378,4142756.01,4142764.973,"Silva","NEON_D07_MLBS_DP1_537000_4142000_classified_point_cloud.laz","2018_MLBS_3_537000_4142000_image.tif","Tree",1,537000,537999.999,4142000,4142999.999
"8168",8168,537342.007,537348.924,4142754.513,4142763.999,"Silva","NEON_D07_MLBS_DP1_537000_4142000_classified_point_cloud.laz","2018_MLBS_3_537000_4142000_image.tif","Tree",1,537000,537999.999,4142000,4142999.999
"8169",8169,537319.65,537328.488,4142756.014,4142760.944,"Silva","NEON_D07_MLBS_DP1_537000_4142000_classified_point_cloud.laz","2018_MLBS_3_537000_4142000_image.tif","Tree",1,537000,537999.999,4142000,4142999.999
"8170",8170,537350.013,537355.933,4142749.515,4142757.492,"Silva","NEON_D07_MLBS_DP1_537000_4142000_classified_point_cloud.laz","2018_MLBS_3_537000_4142000_image.tif","Tree",1,537000,537999.999,4142000,4142999.999
"8171",8171,537337.647,537344.978,4142751.014,4142757.974,"Silva","NEON_D07_MLBS_DP1_537000_4142000_classified_point_cloud.laz","2018_MLBS_3_537000_4142000_image.tif","Tree",1,537000,537999.999,4142000,4142999.999
"8172",8172,537292.002,537301.456,4142750.501,4142760.96,"Silva","NEON_D07_MLBS_DP1_537000_4142000_classified_point_cloud.laz","2018_MLBS_3_537000_4142000_image.tif","Tree",1,537000,537999.999,4142000,4142999.999
"8173",8173,537313.537,537321.99,4142747.519,4142758.691,"Silva","NEON_D07_MLBS_DP1_537000_4142000_classified_point_cloud.laz","2018_MLBS_3_537000_4142000_image.tif","Tree",1,537000,537999.999,4142000,4142999.999
"8174",8174,537096.594,537108.409,4142805.053,4142815.488,"Silva","NEON_D07_MLBS_DP1_537000_4142000_classified_point_cloud.laz","2018_MLBS_3_537000_4142000_image.tif","Tree",1,537000,537999.999,4142000,4142999.999
"8175",8175,537108.509,537118.486,4142807.01,4142814.986,"Silva","NEON_D07_MLBS_DP1_537000_4142000_classified_point_cloud.laz","2018_MLBS_3_537000_4142000_image.tif","Tree",1,537000,537999.999,4142000,4142999.999
"8176",8176,537118.004,537125.991,4142806.66,4142816.462,"Silva","NEON_D07_MLBS_DP1_537000_4142000_classified_point_cloud.laz","2018_MLBS_3_537000_4142000_image.tif","Tree",1,537000,537999.999,4142000,4142999.999
"8177",8177,537131.501,537139.474,4142806.576,4142817.386,"Silva","NEON_D07_MLBS_DP1_537000_4142000_classified_point_cloud.laz","2018_MLBS_3_537000_4142000_image.tif","Tree",1,537000,537999.999,4142000,4142999.999
"8178",8178,537103.503,537112.998,4142810.028,4142819.972,"Silva","NEON_D07_MLBS_DP1_537000_4142000_classified_point_cloud.laz","2018_MLBS_3_537000_4142000_image.tif","Tree",1,537000,537999.999,4142000,4142999.999
"8179",8179,537092.56,537102.491,4142811.003,4142822.988,"Silva","NEON_D07_MLBS_DP1_537000_4142000_classified_point_cloud.laz","2018_MLBS_3_537000_4142000_image.tif","Tree",1,537000,537999.999,4142000,4142999.999
"8180",8180,537126.024,537135.468,4142815.031,4142823.986,"Silva","NEON_D07_MLBS_DP1_537000_4142000_classified_point_cloud.laz","2018_MLBS_3_537000_4142000_image.tif","Tree",1,537000,537999.999,4142000,4142999.999
"8181",8181,537106.68,537116.924,4142819.007,4142828.481,"Silva","NEON_D07_MLBS_DP1_537000_4142000_classified_point_cloud.laz","2018_MLBS_3_537000_4142000_image.tif","Tree",1,537000,537999.999,4142000,4142999.999
"8182",8182,537099.005,537108.946,4142823.005,4142830.494,"Silva","NEON_D07_MLBS_DP1_537000_4142000_classified_point_cloud.laz","2018_MLBS_3_537000_4142000_image.tif","Tree",1,537000,537999.999,4142000,4142999.999
"8183",8183,537091.687,537098.994,4142822.036,4142833.992,"Silva","NEON_D07_MLBS_DP1_537000_4142000_classified_point_cloud.laz","2018_MLBS_3_537000_4142000_image.tif","Tree",1,537000,537999.999,4142000,4142999.999
"8184",8184,537123.005,537131.48,4142822.506,4142829.485,"Silva","NEON_D07_MLBS_DP1_537000_4142000_classified_point_cloud.laz","2018_MLBS_3_537000_4142000_image.tif","Tree",1,537000,537999.999,4142000,4142999.999
"8185",8185,537133.514,537141.953,4142819.513,4142827.975,"Silva","NEON_D07_MLBS_DP1_537000_4142000_classified_point_cloud.laz","2018_MLBS_3_537000_4142000_image.tif","Tree",1,537000,537999.999,4142000,4142999.999
"8186",8186,537096.527,537106.716,4142825.013,4142834.5,"Silva","NEON_D07_MLBS_DP1_537000_4142000_classified_point_cloud.laz","2018_MLBS_3_537000_4142000_image.tif","Tree",1,537000,537999.999,4142000,4142999.999
"8187",8187,537130.519,537137.462,4142823.113,4142831.35,"Silva","NEON_D07_MLBS_DP1_537000_4142000_classified_point_cloud.laz","2018_MLBS_3_537000_4142000_image.tif","Tree",1,537000,537999.999,4142000,4142999.999
"8188",8188,537117.118,537125.46,4142823.097,4142832.925,"Silva","NEON_D07_MLBS_DP1_537000_4142000_classified_point_cloud.laz","2018_MLBS_3_537000_4142000_image.tif","Tree",1,537000,537999.999,4142000,4142999.999
"8189",8189,537140.058,537148.983,4142823.513,4142831.482,"Silva","NEON_D07_MLBS_DP1_537000_4142000_classified_point_cloud.laz","2018_MLBS_3_537000_4142000_image.tif","Tree",1,537000,537999.999,4142000,4142999.999
"8190",8190,537134.5,537142.935,4142828.017,4142835.917,"Silva","NEON_D07_MLBS_DP1_537000_4142000_classified_point_cloud.laz","2018_MLBS_3_537000_4142000_image.tif","Tree",1,537000,537999.999,4142000,4142999.999
"8191",8191,537097.007,537108.096,4142832.517,4142844.498,"Silva","NEON_D07_MLBS_DP1_537000_4142000_classified_point_cloud.laz","2018_MLBS_3_537000_4142000_image.tif","Tree",1,537000,537999.999,4142000,4142999.999
"8192",8192,537142.035,537149.969,4142829.042,4142839.497,"Silva","NEON_D07_MLBS_DP1_537000_4142000_classified_point_cloud.laz","2018_MLBS_3_537000_4142000_image.tif","Tree",1,537000,537999.999,4142000,4142999.999
"8193",8193,537119.519,537126.497,4142833.007,4142840.99,"Silva","NEON_D07_MLBS_DP1_537000_4142000_classified_point_cloud.laz","2018_MLBS_3_537000_4142000_image.tif","Tree",1,537000,537999.999,4142000,4142999.999
"8194",8194,537114.529,537119.999,4142833.013,4142839.982,"Silva","NEON_D07_MLBS_DP1_537000_4142000_classified_point_cloud.laz","2018_MLBS_3_537000_4142000_image.tif","Tree",1,537000,537999.999,4142000,4142999.999
"8195",8195,537149.004,537156.741,4142831.016,4142839.879,"Silva","NEON_D07_MLBS_DP1_537000_4142000_classified_point_cloud.laz","2018_MLBS_3_537000_4142000_image.tif","Tree",1,537000,537999.999,4142000,4142999.999
"8196",8196,537114.01,537118.989,4142839.012,4142845.465,"Silva","NEON_D07_MLBS_DP1_537000_4142000_classified_point_cloud.laz","2018_MLBS_3_537000_4142000_image.tif","Tree",1,537000,537999.999,4142000,4142999.999
"8197",8197,537117.639,537124.488,4142840.005,4142845.382,"Silva","NEON_D07_MLBS_DP1_537000_4142000_classified_point_cloud.laz","2018_MLBS_3_537000_4142000_image.tif","Tree",1,537000,537999.999,4142000,4142999.999
"8198",8198,537134.538,537142.379,4142840.546,4142846.513,"Silva","NEON_D07_MLBS_DP1_537000_4142000_classified_point_cloud.laz","2018_MLBS_3_537000_4142000_image.tif","Tree",1,537000,537999.999,4142000,4142999.999
"8199",8199,537098.011,537109.997,4142846.001,4142852.997,"Silva","NEON_D07_MLBS_DP1_537000_4142000_classified_point_cloud.laz","2018_MLBS_3_537000_4142000_image.tif","Tree",1,537000,537999.999,4142000,4142999.999
"8200",8200,537116.571,537123.464,4142845.016,4142850.998,"Silva","NEON_D07_MLBS_DP1_537000_4142000_classified_point_cloud.laz","2018_MLBS_3_537000_4142000_image.tif","Tree",1,537000,537999.999,4142000,4142999.999
"8201",8201,537131.182,537140.437,4142844.683,4142854.444,"Silva","NEON_D07_MLBS_DP1_537000_4142000_classified_point_cloud.laz","2018_MLBS_3_537000_4142000_image.tif","Tree",1,537000,537999.999,4142000,4142999.999
"8202",8202,537148.027,537158.969,4142846.019,4142857.45,"Silva","NEON_D07_MLBS_DP1_537000_4142000_classified_point_cloud.laz","2018_MLBS_3_537000_4142000_image.tif","Tree",1,537000,537999.999,4142000,4142999.999
"8203",8203,537101.507,537111.992,4142853.002,4142863.953,"Silva","NEON_D07_MLBS_DP1_537000_4142000_classified_point_cloud.laz","2018_MLBS_3_537000_4142000_image.tif","Tree",1,537000,537999.999,4142000,4142999.999
"8204",8204,537125,537133.857,4142852.003,4142865.934,"Silva","NEON_D07_MLBS_DP1_537000_4142000_classified_point_cloud.laz","2018_MLBS_3_537000_4142000_image.tif","Tree",1,537000,537999.999,4142000,4142999.999
"8205",8205,537095.032,537105.356,4142859.29,4142867.813,"Silva","NEON_D07_MLBS_DP1_537000_4142000_classified_point_cloud.laz","2018_MLBS_3_537000_4142000_image.tif","Tree",1,537000,537999.999,4142000,4142999.999
"8206",8206,537146,537156.453,4142857.002,4142867.48,"Silva","NEON_D07_MLBS_DP1_537000_4142000_classified_point_cloud.laz","2018_MLBS_3_537000_4142000_image.tif","Tree",1,537000,537999.999,4142000,4142999.999
"8207",8207,537138.589,537146.471,4142860.012,4142868.328,"Silva","NEON_D07_MLBS_DP1_537000_4142000_classified_point_cloud.laz","2018_MLBS_3_537000_4142000_image.tif","Tree",1,537000,537999.999,4142000,4142999.999
"8208",8208,537114.006,537125.482,4142863.006,4142870.495,"Silva","NEON_D07_MLBS_DP1_537000_4142000_classified_point_cloud.laz","2018_MLBS_3_537000_4142000_image.tif","Tree",1,537000,537999.999,4142000,4142999.999
"8209",8209,537166,537174.998,4142803.005,4142810,"Silva","NEON_D07_MLBS_DP1_537000_4142000_classified_point_cloud.laz","2018_MLBS_3_537000_4142000_image.tif","Tree",1,537000,537999.999,4142000,4142999.999
"8210",8210,537181.5,537186.498,4142804.167,4142812.988,"Silva","NEON_D07_MLBS_DP1_537000_4142000_classified_point_cloud.laz","2018_MLBS_3_537000_4142000_image.tif","Tree",1,537000,537999.999,4142000,4142999.999
"8211",8211,537174.097,537181.99,4142807.003,4142813.487,"Silva","NEON_D07_MLBS_DP1_537000_4142000_classified_point_cloud.laz","2018_MLBS_3_537000_4142000_image.tif","Tree",1,537000,537999.999,4142000,4142999.999
"8212",8212,537185.505,537191.975,4142805.002,4142813.991,"Silva","NEON_D07_MLBS_DP1_537000_4142000_classified_point_cloud.laz","2018_MLBS_3_537000_4142000_image.tif","Tree",1,537000,537999.999,4142000,4142999.999
"8213",8213,537161.544,537167.494,4142810.05,4142817.968,"Silva","NEON_D07_MLBS_DP1_537000_4142000_classified_point_cloud.laz","2018_MLBS_3_537000_4142000_image.tif","Tree",1,537000,537999.999,4142000,4142999.999
"8214",8214,537196.518,537203.992,4142805.526,4142812.831,"Silva","NEON_D07_MLBS_DP1_537000_4142000_classified_point_cloud.laz","2018_MLBS_3_537000_4142000_image.tif","Tree",1,537000,537999.999,4142000,4142999.999
"8215",8215,537167.514,537174.47,4142810.006,4142816.946,"Silva","NEON_D07_MLBS_DP1_537000_4142000_classified_point_cloud.laz","2018_MLBS_3_537000_4142000_image.tif","Tree",1,537000,537999.999,4142000,4142999.999
"8216",8216,537190.001,537197.428,4142804.609,4142813.999,"Silva","NEON_D07_MLBS_DP1_537000_4142000_classified_point_cloud.laz","2018_MLBS_3_537000_4142000_image.tif","Tree",1,537000,537999.999,4142000,4142999.999
"8217",8217,537173.583,537181.432,4142810.525,4142816.764,"Silva","NEON_D07_MLBS_DP1_537000_4142000_classified_point_cloud.laz","2018_MLBS_3_537000_4142000_image.tif","Tree",1,537000,537999.999,4142000,4142999.999
"8218",8218,537200.013,537204.983,4142809.531,4142816.495,"Silva","NEON_D07_MLBS_DP1_537000_4142000_classified_point_cloud.laz","2018_MLBS_3_537000_4142000_image.tif","Tree",1,537000,537999.999,4142000,4142999.999
"8219",8219,537204.503,537210.965,4142810.018,4142817.986,"Silva","NEON_D07_MLBS_DP1_537000_4142000_classified_point_cloud.laz","2018_MLBS_3_537000_4142000_image.tif","Tree",1,537000,537999.999,4142000,4142999.999
"8220",8220,537181.021,537188.995,4142812.505,4142821.999,"Silva","NEON_D07_MLBS_DP1_537000_4142000_classified_point_cloud.laz","2018_MLBS_3_537000_4142000_image.tif","Tree",1,537000,537999.999,4142000,4142999.999
"8221",8221,537189.01,537195.908,4142813.506,4142819.498,"Silva","NEON_D07_MLBS_DP1_537000_4142000_classified_point_cloud.laz","2018_MLBS_3_537000_4142000_image.tif","Tree",1,537000,537999.999,4142000,4142999.999
"8222",8222,537210.507,537221.496,4142811.035,4142817.974,"Silva","NEON_D07_MLBS_DP1_537000_4142000_classified_point_cloud.laz","2018_MLBS_3_537000_4142000_image.tif","Tree",1,537000,537999.999,4142000,4142999.999
"8223",8223,537176.564,537184.486,4142815.569,4142823.963,"Silva","NEON_D07_MLBS_DP1_537000_4142000_classified_point_cloud.laz","2018_MLBS_3_537000_4142000_image.tif","Tree",1,537000,537999.999,4142000,4142999.999
"8224",8224,537188.178,537197.994,4142818.006,4142825.985,"Silva","NEON_D07_MLBS_DP1_537000_4142000_classified_point_cloud.laz","2018_MLBS_3_537000_4142000_image.tif","Tree",1,537000,537999.999,4142000,4142999.999
"8225",8225,537212.148,537220.499,4142816.544,4142826.949,"Silva","NEON_D07_MLBS_DP1_537000_4142000_classified_point_cloud.laz","2018_MLBS_3_537000_4142000_image.tif","Tree",1,537000,537999.999,4142000,4142999.999
"8226",8226,537220.039,537227.994,4142813.055,4142823.997,"Silva","NEON_D07_MLBS_DP1_537000_4142000_classified_point_cloud.laz","2018_MLBS_3_537000_4142000_image.tif","Tree",1,537000,537999.999,4142000,4142999.999
"8227",8227,537206.104,537217.897,4142817.054,4142829.39,"Silva","NEON_D07_MLBS_DP1_537000_4142000_classified_point_cloud.laz","2018_MLBS_3_537000_4142000_image.tif","Tree",1,537000,537999.999,4142000,4142999.999
"8228",8228,537182.505,537191.967,4142822.032,4142829.496,"Silva","NEON_D07_MLBS_DP1_537000_4142000_classified_point_cloud.laz","2018_MLBS_3_537000_4142000_image.tif","Tree",1,537000,537999.999,4142000,4142999.999
"8229",8229,537191.003,537198.997,4142826.039,4142833.483,"Silva","NEON_D07_MLBS_DP1_537000_4142000_classified_point_cloud.laz","2018_MLBS_3_537000_4142000_image.tif","Tree",1,537000,537999.999,4142000,4142999.999
"8230",8230,537203.003,537213.927,4142824.522,4142833.494,"Silva","NEON_D07_MLBS_DP1_537000_4142000_classified_point_cloud.laz","2018_MLBS_3_537000_4142000_image.tif","Tree",1,537000,537999.999,4142000,4142999.999
"8231",8231,537191.013,537199.489,4142832.012,4142840.654,"Silva","NEON_D07_MLBS_DP1_537000_4142000_classified_point_cloud.laz","2018_MLBS_3_537000_4142000_image.tif","Tree",1,537000,537999.999,4142000,4142999.999
"8232",8232,537213.054,537224.466,4142826.506,4142835.995,"Silva","NEON_D07_MLBS_DP1_537000_4142000_classified_point_cloud.laz","2018_MLBS_3_537000_4142000_image.tif","Tree",1,537000,537999.999,4142000,4142999.999
"8233",8233,537179.012,537186.866,4142840.005,4142845.491,"Silva","NEON_D07_MLBS_DP1_537000_4142000_classified_point_cloud.laz","2018_MLBS_3_537000_4142000_image.tif","Tree",1,537000,537999.999,4142000,4142999.999
"8234",8234,537180.505,537187.468,4142845.029,4142850.483,"Silva","NEON_D07_MLBS_DP1_537000_4142000_classified_point_cloud.laz","2018_MLBS_3_537000_4142000_image.tif","Tree",1,537000,537999.999,4142000,4142999.999
"8235",8235,537206.021,537213.452,4142843.047,4142847.745,"Silva","NEON_D07_MLBS_DP1_537000_4142000_classified_point_cloud.laz","2018_MLBS_3_537000_4142000_image.tif","Tree",1,537000,537999.999,4142000,4142999.999
"8236",8236,537215.001,537226.419,4142841.011,4142848.819,"Silva","NEON_D07_MLBS_DP1_537000_4142000_classified_point_cloud.laz","2018_MLBS_3_537000_4142000_image.tif","Tree",1,537000,537999.999,4142000,4142999.999
"8237",8237,537205.507,537212.487,4142847.007,4142851.488,"Silva","NEON_D07_MLBS_DP1_537000_4142000_classified_point_cloud.laz","2018_MLBS_3_537000_4142000_image.tif","Tree",1,537000,537999.999,4142000,4142999.999
"8238",8238,537212.511,537219.997,4142843.55,4142851.666,"Silva","NEON_D07_MLBS_DP1_537000_4142000_classified_point_cloud.laz","2018_MLBS_3_537000_4142000_image.tif","Tree",1,537000,537999.999,4142000,4142999.999
"8239",8239,537214.006,537223.484,4142849.069,4142856.993,"Silva","NEON_D07_MLBS_DP1_537000_4142000_classified_point_cloud.laz","2018_MLBS_3_537000_4142000_image.tif","Tree",1,537000,537999.999,4142000,4142999.999
"8240",8240,537168.001,537179.789,4142851.557,4142861.455,"Silva","NEON_D07_MLBS_DP1_537000_4142000_classified_point_cloud.laz","2018_MLBS_3_537000_4142000_image.tif","Tree",1,537000,537999.999,4142000,4142999.999
"8241",8241,537198.653,537205.492,4142853.081,4142859.97,"Silva","NEON_D07_MLBS_DP1_537000_4142000_classified_point_cloud.laz","2018_MLBS_3_537000_4142000_image.tif","Tree",1,537000,537999.999,4142000,4142999.999
"8242",8242,537204.525,537211.45,4142852.076,4142861.326,"Silva","NEON_D07_MLBS_DP1_537000_4142000_classified_point_cloud.laz","2018_MLBS_3_537000_4142000_image.tif","Tree",1,537000,537999.999,4142000,4142999.999
"8243",8243,537172.51,537181.492,4142858.561,4142867.973,"Silva","NEON_D07_MLBS_DP1_537000_4142000_classified_point_cloud.laz","2018_MLBS_3_537000_4142000_image.tif","Tree",1,537000,537999.999,4142000,4142999.999
"8244",8244,537194.503,537203.493,4142864.007,4142873.474,"Silva","NEON_D07_MLBS_DP1_537000_4142000_classified_point_cloud.laz","2018_MLBS_3_537000_4142000_image.tif","Tree",1,537000,537999.999,4142000,4142999.999
"8245",8245,537096.501,537106.789,4142871.152,4142881.903,"Silva","NEON_D07_MLBS_DP1_537000_4142000_classified_point_cloud.laz","2018_MLBS_3_537000_4142000_image.tif","Tree",1,537000,537999.999,4142000,4142999.999
"8246",8246,537100.519,537111.989,4142898.03,4142908.441,"Silva","NEON_D07_MLBS_DP1_537000_4142000_classified_point_cloud.laz","2018_MLBS_3_537000_4142000_image.tif","Tree",1,537000,537999.999,4142000,4142999.999
"8247",8247,537104.534,537110.998,4142895.599,4142901.441,"Silva","NEON_D07_MLBS_DP1_537000_4142000_classified_point_cloud.laz","2018_MLBS_3_537000_4142000_image.tif","Tree",1,537000,537999.999,4142000,4142999.999
"8248",8248,537118.533,537130.486,4142888.038,4142896.46,"Silva","NEON_D07_MLBS_DP1_537000_4142000_classified_point_cloud.laz","2018_MLBS_3_537000_4142000_image.tif","Tree",1,537000,537999.999,4142000,4142999.999
"8249",8249,537110.514,537120.433,4142884.56,4142893.483,"Silva","NEON_D07_MLBS_DP1_537000_4142000_classified_point_cloud.laz","2018_MLBS_3_537000_4142000_image.tif","Tree",1,537000,537999.999,4142000,4142999.999
"8250",8250,537121,537128.478,4142879.007,4142887.939,"Silva","NEON_D07_MLBS_DP1_537000_4142000_classified_point_cloud.laz","2018_MLBS_3_537000_4142000_image.tif","Tree",1,537000,537999.999,4142000,4142999.999
"8251",8251,537108.517,537117.482,4142873.123,4142883.474,"Silva","NEON_D07_MLBS_DP1_537000_4142000_classified_point_cloud.laz","2018_MLBS_3_537000_4142000_image.tif","Tree",1,537000,537999.999,4142000,4142999.999
"8252",8252,537125,537131.48,4142868.584,4142877.849,"Silva","NEON_D07_MLBS_DP1_537000_4142000_classified_point_cloud.laz","2018_MLBS_3_537000_4142000_image.tif","Tree",1,537000,537999.999,4142000,4142999.999
"8253",8253,537149.005,537155.997,4142867.007,4142877.373,"Silva","NEON_D07_MLBS_DP1_537000_4142000_classified_point_cloud.laz","2018_MLBS_3_537000_4142000_image.tif","Tree",1,537000,537999.999,4142000,4142999.999
"8254",8254,537129.011,537138.987,4142869.541,4142878.985,"Silva","NEON_D07_MLBS_DP1_537000_4142000_classified_point_cloud.laz","2018_MLBS_3_537000_4142000_image.tif","Tree",1,537000,537999.999,4142000,4142999.999
"8255",8255,537149.092,537155.405,4142897.504,4142903.294,"Silva","NEON_D07_MLBS_DP1_537000_4142000_classified_point_cloud.laz","2018_MLBS_3_537000_4142000_image.tif","Tree",1,537000,537999.999,4142000,4142999.999
"8256",8256,537151.593,537156.989,4142890.602,4142896.988,"Silva","NEON_D07_MLBS_DP1_537000_4142000_classified_point_cloud.laz","2018_MLBS_3_537000_4142000_image.tif","Tree",1,537000,537999.999,4142000,4142999.999
"8257",8257,537155.515,537163.486,4142890.051,4142898.497,"Silva","NEON_D07_MLBS_DP1_537000_4142000_classified_point_cloud.laz","2018_MLBS_3_537000_4142000_image.tif","Tree",1,537000,537999.999,4142000,4142999.999
"8258",8258,537130.007,537142.499,4142889.014,4142898.499,"Silva","NEON_D07_MLBS_DP1_537000_4142000_classified_point_cloud.laz","2018_MLBS_3_537000_4142000_image.tif","Tree",1,537000,537999.999,4142000,4142999.999
"8259",8259,537135.554,537146.494,4142886.924,4142897.984,"Silva","NEON_D07_MLBS_DP1_537000_4142000_classified_point_cloud.laz","2018_MLBS_3_537000_4142000_image.tif","Tree",1,537000,537999.999,4142000,4142999.999
"8260",8260,537146.506,537155.425,4142886.003,4142892.479,"Silva","NEON_D07_MLBS_DP1_537000_4142000_classified_point_cloud.laz","2018_MLBS_3_537000_4142000_image.tif","Tree",1,537000,537999.999,4142000,4142999.999
"8261",8261,537103.507,537112.978,4142909.552,4142917.999,"Silva","NEON_D07_MLBS_DP1_537000_4142000_classified_point_cloud.laz","2018_MLBS_3_537000_4142000_image.tif","Tree",1,537000,537999.999,4142000,4142999.999
"8262",8262,537117.011,537124.993,4142914.507,4142924.981,"Silva","NEON_D07_MLBS_DP1_537000_4142000_classified_point_cloud.laz","2018_MLBS_3_537000_4142000_image.tif","Tree",1,537000,537999.999,4142000,4142999.999
"8263",8263,537110.525,537118.053,4142922.025,4142927,"Silva","NEON_D07_MLBS_DP1_537000_4142000_classified_point_cloud.laz","2018_MLBS_3_537000_4142000_image.tif","Tree",1,537000,537999.999,4142000,4142999.999
"8264",8264,537105.528,537111.998,4142923.004,4142933.991,"Silva","NEON_D07_MLBS_DP1_537000_4142000_classified_point_cloud.laz","2018_MLBS_3_537000_4142000_image.tif","Tree",1,537000,537999.999,4142000,4142999.999
"8265",8265,537122.138,537129.38,4142924.51,4142933.401,"Silva","NEON_D07_MLBS_DP1_537000_4142000_classified_point_cloud.laz","2018_MLBS_3_537000_4142000_image.tif","Tree",1,537000,537999.999,4142000,4142999.999
"8266",8266,537112.568,537119.989,4142929.02,4142937.459,"Silva","NEON_D07_MLBS_DP1_537000_4142000_classified_point_cloud.laz","2018_MLBS_3_537000_4142000_image.tif","Tree",1,537000,537999.999,4142000,4142999.999
"8267",8267,537094.541,537104.999,4142910.522,4142918.491,"Silva","NEON_D07_MLBS_DP1_537000_4142000_classified_point_cloud.laz","2018_MLBS_3_537000_4142000_image.tif","Tree",1,537000,537999.999,4142000,4142999.999
"8268",8268,537117.51,537129.494,4142903.663,4142915.997,"Silva","NEON_D07_MLBS_DP1_537000_4142000_classified_point_cloud.laz","2018_MLBS_3_537000_4142000_image.tif","Tree",1,537000,537999.999,4142000,4142999.999
"8269",8269,537106.011,537118.988,4142902.622,4142913.865,"Silva","NEON_D07_MLBS_DP1_537000_4142000_classified_point_cloud.laz","2018_MLBS_3_537000_4142000_image.tif","Tree",1,537000,537999.999,4142000,4142999.999
"8270",8270,537139.552,537152.883,4142910.505,4142918.479,"Silva","NEON_D07_MLBS_DP1_537000_4142000_classified_point_cloud.laz","2018_MLBS_3_537000_4142000_image.tif","Tree",1,537000,537999.999,4142000,4142999.999
"8271",8271,537136.504,537146.491,4142914.001,4142922.979,"Silva","NEON_D07_MLBS_DP1_537000_4142000_classified_point_cloud.laz","2018_MLBS_3_537000_4142000_image.tif","Tree",1,537000,537999.999,4142000,4142999.999
"8272",8272,537125.002,537135.448,4142914.52,4142925.988,"Silva","NEON_D07_MLBS_DP1_537000_4142000_classified_point_cloud.laz","2018_MLBS_3_537000_4142000_image.tif","Tree",1,537000,537999.999,4142000,4142999.999
"8273",8273,537126.564,537133.499,4142927.028,4142935.245,"Silva","NEON_D07_MLBS_DP1_537000_4142000_classified_point_cloud.laz","2018_MLBS_3_537000_4142000_image.tif","Tree",1,537000,537999.999,4142000,4142999.999
"8274",8274,537146.313,537154.98,4142929.014,4142937.482,"Silva","NEON_D07_MLBS_DP1_537000_4142000_classified_point_cloud.laz","2018_MLBS_3_537000_4142000_image.tif","Tree",1,537000,537999.999,4142000,4142999.999
"8275",8275,537128.011,537138.954,4142905.156,4142917.989,"Silva","NEON_D07_MLBS_DP1_537000_4142000_classified_point_cloud.laz","2018_MLBS_3_537000_4142000_image.tif","Tree",1,537000,537999.999,4142000,4142999.999
"8276",8276,537138.535,537148.929,4142904.556,4142913.998,"Silva","NEON_D07_MLBS_DP1_537000_4142000_classified_point_cloud.laz","2018_MLBS_3_537000_4142000_image.tif","Tree",1,537000,537999.999,4142000,4142999.999
"8277",8277,537134.054,537143.992,4142902.021,4142910.992,"Silva","NEON_D07_MLBS_DP1_537000_4142000_classified_point_cloud.laz","2018_MLBS_3_537000_4142000_image.tif","Tree",1,537000,537999.999,4142000,4142999.999
"8278",8278,537166.127,537177.499,4142867.02,4142876.206,"Silva","NEON_D07_MLBS_DP1_537000_4142000_classified_point_cloud.laz","2018_MLBS_3_537000_4142000_image.tif","Tree",1,537000,537999.999,4142000,4142999.999
"8279",8279,537162.504,537169.479,4142871.022,4142881.5,"Silva","NEON_D07_MLBS_DP1_537000_4142000_classified_point_cloud.laz","2018_MLBS_3_537000_4142000_image.tif","Tree",1,537000,537999.999,4142000,4142999.999
"8280",8280,537180.008,537191.979,4142874.507,4142884.493,"Silva","NEON_D07_MLBS_DP1_537000_4142000_classified_point_cloud.laz","2018_MLBS_3_537000_4142000_image.tif","Tree",1,537000,537999.999,4142000,4142999.999
"8281",8281,537169.04,537176.49,4142875.19,4142885.499,"Silva","NEON_D07_MLBS_DP1_537000_4142000_classified_point_cloud.laz","2018_MLBS_3_537000_4142000_image.tif","Tree",1,537000,537999.999,4142000,4142999.999
"8282",8282,537161.541,537169.927,4142880.53,4142885.349,"Silva","NEON_D07_MLBS_DP1_537000_4142000_classified_point_cloud.laz","2018_MLBS_3_537000_4142000_image.tif","Tree",1,537000,537999.999,4142000,4142999.999
"8283",8283,537173.024,537181.998,4142896.75,4142906.467,"Silva","NEON_D07_MLBS_DP1_537000_4142000_classified_point_cloud.laz","2018_MLBS_3_537000_4142000_image.tif","Tree",1,537000,537999.999,4142000,4142999.999
"8284",8284,537187.103,537196.487,4142891.51,4142900.483,"Silva","NEON_D07_MLBS_DP1_537000_4142000_classified_point_cloud.laz","2018_MLBS_3_537000_4142000_image.tif","Tree",1,537000,537999.999,4142000,4142999.999
"8285",8285,537163.003,537171.943,4142889.517,4142897.342,"Silva","NEON_D07_MLBS_DP1_537000_4142000_classified_point_cloud.laz","2018_MLBS_3_537000_4142000_image.tif","Tree",1,537000,537999.999,4142000,4142999.999
"8286",8286,537171.001,537180.983,4142886.729,4142894.313,"Silva","NEON_D07_MLBS_DP1_537000_4142000_classified_point_cloud.laz","2018_MLBS_3_537000_4142000_image.tif","Tree",1,537000,537999.999,4142000,4142999.999
"8287",8287,537203.574,537211.99,4142871.542,4142877.415,"Silva","NEON_D07_MLBS_DP1_537000_4142000_classified_point_cloud.laz","2018_MLBS_3_537000_4142000_image.tif","Tree",1,537000,537999.999,4142000,4142999.999
"8288",8288,537207.011,537215.977,4142899.01,4142907.488,"Silva","NEON_D07_MLBS_DP1_537000_4142000_classified_point_cloud.laz","2018_MLBS_3_537000_4142000_image.tif","Tree",1,537000,537999.999,4142000,4142999.999
"8289",8289,537194.511,537201.97,4142899.504,4142907,"Silva","NEON_D07_MLBS_DP1_537000_4142000_classified_point_cloud.laz","2018_MLBS_3_537000_4142000_image.tif","Tree",1,537000,537999.999,4142000,4142999.999
"8290",8290,537198.009,537206.97,4142897.577,4142905.464,"Silva","NEON_D07_MLBS_DP1_537000_4142000_classified_point_cloud.laz","2018_MLBS_3_537000_4142000_image.tif","Tree",1,537000,537999.999,4142000,4142999.999
"8291",8291,537207.005,537214.984,4142891.035,4142899.472,"Silva","NEON_D07_MLBS_DP1_537000_4142000_classified_point_cloud.laz","2018_MLBS_3_537000_4142000_image.tif","Tree",1,537000,537999.999,4142000,4142999.999
"8292",8292,537195.552,537204.471,4142888.863,4142898.479,"Silva","NEON_D07_MLBS_DP1_537000_4142000_classified_point_cloud.laz","2018_MLBS_3_537000_4142000_image.tif","Tree",1,537000,537999.999,4142000,4142999.999
"8293",8293,537200.53,537208.486,4142884.585,4142893.459,"Silva","NEON_D07_MLBS_DP1_537000_4142000_classified_point_cloud.laz","2018_MLBS_3_537000_4142000_image.tif","Tree",1,537000,537999.999,4142000,4142999.999
"8294",8294,537205.011,537209.462,4142884.07,4142889.989,"Silva","NEON_D07_MLBS_DP1_537000_4142000_classified_point_cloud.laz","2018_MLBS_3_537000_4142000_image.tif","Tree",1,537000,537999.999,4142000,4142999.999
"8295",8295,537208.015,537213.42,4142878.057,4142884.919,"Silva","NEON_D07_MLBS_DP1_537000_4142000_classified_point_cloud.laz","2018_MLBS_3_537000_4142000_image.tif","Tree",1,537000,537999.999,4142000,4142999.999
"8296",8296,537178.525,537188.974,4142911.008,4142920.394,"Silva","NEON_D07_MLBS_DP1_537000_4142000_classified_point_cloud.laz","2018_MLBS_3_537000_4142000_image.tif","Tree",1,537000,537999.999,4142000,4142999.999
"8297",8297,537166.008,537177.362,4142912.509,4142923.497,"Silva","NEON_D07_MLBS_DP1_537000_4142000_classified_point_cloud.laz","2018_MLBS_3_537000_4142000_image.tif","Tree",1,537000,537999.999,4142000,4142999.999
"8298",8298,537185.069,537195.467,4142915.513,4142922.33,"Silva","NEON_D07_MLBS_DP1_537000_4142000_classified_point_cloud.laz","2018_MLBS_3_537000_4142000_image.tif","Tree",1,537000,537999.999,4142000,4142999.999
"8299",8299,537157.014,537165.484,4142917.009,4142924.92,"Silva","NEON_D07_MLBS_DP1_537000_4142000_classified_point_cloud.laz","2018_MLBS_3_537000_4142000_image.tif","Tree",1,537000,537999.999,4142000,4142999.999
"8300",8300,537164.796,537171.493,4142918.533,4142927.475,"Silva","NEON_D07_MLBS_DP1_537000_4142000_classified_point_cloud.laz","2018_MLBS_3_537000_4142000_image.tif","Tree",1,537000,537999.999,4142000,4142999.999
"8301",8301,537175.01,537184.992,4142915.516,4142927.887,"Silva","NEON_D07_MLBS_DP1_537000_4142000_classified_point_cloud.laz","2018_MLBS_3_537000_4142000_image.tif","Tree",1,537000,537999.999,4142000,4142999.999
"8302",8302,537156.532,537165.455,4142922.556,4142927.994,"Silva","NEON_D07_MLBS_DP1_537000_4142000_classified_point_cloud.laz","2018_MLBS_3_537000_4142000_image.tif","Tree",1,537000,537999.999,4142000,4142999.999
"8303",8303,537184.043,537193.458,4142920.514,4142928.413,"Silva","NEON_D07_MLBS_DP1_537000_4142000_classified_point_cloud.laz","2018_MLBS_3_537000_4142000_image.tif","Tree",1,537000,537999.999,4142000,4142999.999
"8304",8304,537170.003,537179.487,4142922.1,4142931.486,"Silva","NEON_D07_MLBS_DP1_537000_4142000_classified_point_cloud.laz","2018_MLBS_3_537000_4142000_image.tif","Tree",1,537000,537999.999,4142000,4142999.999
"8305",8305,537156.502,537162.995,4142925.019,4142935.489,"Silva","NEON_D07_MLBS_DP1_537000_4142000_classified_point_cloud.laz","2018_MLBS_3_537000_4142000_image.tif","Tree",1,537000,537999.999,4142000,4142999.999
"8306",8306,537162.02,537169.919,4142926.504,4142934.979,"Silva","NEON_D07_MLBS_DP1_537000_4142000_classified_point_cloud.laz","2018_MLBS_3_537000_4142000_image.tif","Tree",1,537000,537999.999,4142000,4142999.999
"8307",8307,537183.547,537190.995,4142925.617,4142931.994,"Silva","NEON_D07_MLBS_DP1_537000_4142000_classified_point_cloud.laz","2018_MLBS_3_537000_4142000_image.tif","Tree",1,537000,537999.999,4142000,4142999.999
"8308",8308,537178.045,537185.487,4142926.555,4142935.492,"Silva","NEON_D07_MLBS_DP1_537000_4142000_classified_point_cloud.laz","2018_MLBS_3_537000_4142000_image.tif","Tree",1,537000,537999.999,4142000,4142999.999
"8309",8309,537182.01,537190.418,4142931.593,4142937.468,"Silva","NEON_D07_MLBS_DP1_537000_4142000_classified_point_cloud.laz","2018_MLBS_3_537000_4142000_image.tif","Tree",1,537000,537999.999,4142000,4142999.999
"8310",8310,537170.009,537176.999,4142931.525,4142942.066,"Silva","NEON_D07_MLBS_DP1_537000_4142000_classified_point_cloud.laz","2018_MLBS_3_537000_4142000_image.tif","Tree",1,537000,537999.999,4142000,4142999.999
"8311",8311,537183.596,537192.477,4142932.632,4142938.973,"Silva","NEON_D07_MLBS_DP1_537000_4142000_classified_point_cloud.laz","2018_MLBS_3_537000_4142000_image.tif","Tree",1,537000,537999.999,4142000,4142999.999
"8312",8312,537156.021,537166.494,4142907.51,4142916.973,"Silva","NEON_D07_MLBS_DP1_537000_4142000_classified_point_cloud.laz","2018_MLBS_3_537000_4142000_image.tif","Tree",1,537000,537999.999,4142000,4142999.999
"8313",8313,537183.503,537190.484,4142905.535,4142911.375,"Silva","NEON_D07_MLBS_DP1_537000_4142000_classified_point_cloud.laz","2018_MLBS_3_537000_4142000_image.tif","Tree",1,537000,537999.999,4142000,4142999.999
"8314",8314,537162.008,537169.475,4142905.016,4142911.481,"Silva","NEON_D07_MLBS_DP1_537000_4142000_classified_point_cloud.laz","2018_MLBS_3_537000_4142000_image.tif","Tree",1,537000,537999.999,4142000,4142999.999
"8315",8315,537167.505,537175.477,4142902.514,4142912.492,"Silva","NEON_D07_MLBS_DP1_537000_4142000_classified_point_cloud.laz","2018_MLBS_3_537000_4142000_image.tif","Tree",1,537000,537999.999,4142000,4142999.999
"8316",8316,537182.002,537190.499,4142899.524,4142906.496,"Silva","NEON_D07_MLBS_DP1_537000_4142000_classified_point_cloud.laz","2018_MLBS_3_537000_4142000_image.tif","Tree",1,537000,537999.999,4142000,4142999.999
"8317",8317,537212.502,537218.998,4142904.567,4142912.473,"Silva","NEON_D07_MLBS_DP1_537000_4142000_classified_point_cloud.laz","2018_MLBS_3_537000_4142000_image.tif","Tree",1,537000,537999.999,4142000,4142999.999
"8318",8318,537216.002,537225.409,4142907.596,4142913.5,"Silva","NEON_D07_MLBS_DP1_537000_4142000_classified_point_cloud.laz","2018_MLBS_3_537000_4142000_image.tif","Tree",1,537000,537999.999,4142000,4142999.999
"8319",8319,537207.006,537215.98,4142907.507,4142917.489,"Silva","NEON_D07_MLBS_DP1_537000_4142000_classified_point_cloud.laz","2018_MLBS_3_537000_4142000_image.tif","Tree",1,537000,537999.999,4142000,4142999.999
"8320",8320,537191.613,537200.979,4142912.116,4142921.478,"Silva","NEON_D07_MLBS_DP1_537000_4142000_classified_point_cloud.laz","2018_MLBS_3_537000_4142000_image.tif","Tree",1,537000,537999.999,4142000,4142999.999
"8321",8321,537214.516,537221.498,4142913.504,4142920.482,"Silva","NEON_D07_MLBS_DP1_537000_4142000_classified_point_cloud.laz","2018_MLBS_3_537000_4142000_image.tif","Tree",1,537000,537999.999,4142000,4142999.999
"8322",8322,537201.164,537207.996,4142919.014,4142930.477,"Silva","NEON_D07_MLBS_DP1_537000_4142000_classified_point_cloud.laz","2018_MLBS_3_537000_4142000_image.tif","Tree",1,537000,537999.999,4142000,4142999.999
"8323",8323,537208.018,537216.438,4142921.676,4142927.98,"Silva","NEON_D07_MLBS_DP1_537000_4142000_classified_point_cloud.laz","2018_MLBS_3_537000_4142000_image.tif","Tree",1,537000,537999.999,4142000,4142999.999
"8324",8324,537190.558,537198.478,4142921.625,4142930.498,"Silva","NEON_D07_MLBS_DP1_537000_4142000_classified_point_cloud.laz","2018_MLBS_3_537000_4142000_image.tif","Tree",1,537000,537999.999,4142000,4142999.999
"8325",8325,537215.551,537220.992,4142924.674,4142931.499,"Silva","NEON_D07_MLBS_DP1_537000_4142000_classified_point_cloud.laz","2018_MLBS_3_537000_4142000_image.tif","Tree",1,537000,537999.999,4142000,4142999.999
"8326",8326,537208.036,537216.498,4142927.508,4142935.451,"Silva","NEON_D07_MLBS_DP1_537000_4142000_classified_point_cloud.laz","2018_MLBS_3_537000_4142000_image.tif","Tree",1,537000,537999.999,4142000,4142999.999
"8327",8327,537219.502,537227.9,4142926.533,4142934.956,"Silva","NEON_D07_MLBS_DP1_537000_4142000_classified_point_cloud.laz","2018_MLBS_3_537000_4142000_image.tif","Tree",1,537000,537999.999,4142000,4142999.999
"8328",8328,537212.513,537222.499,4142931.118,4142937.998,"Silva","NEON_D07_MLBS_DP1_537000_4142000_classified_point_cloud.laz","2018_MLBS_3_537000_4142000_image.tif","Tree",1,537000,537999.999,4142000,4142999.999
"8329",8329,537190.558,537196.486,4142907.016,4142912.96,"Silva","NEON_D07_MLBS_DP1_537000_4142000_classified_point_cloud.laz","2018_MLBS_3_537000_4142000_image.tif","Tree",1,537000,537999.999,4142000,4142999.999
"8330",8330,537195.57,537202.433,4142906.008,4142912.467,"Silva","NEON_D07_MLBS_DP1_537000_4142000_classified_point_cloud.laz","2018_MLBS_3_537000_4142000_image.tif","Tree",1,537000,537999.999,4142000,4142999.999
"8331",8331,537202.006,537210.989,4142903.233,4142912.442,"Silva","NEON_D07_MLBS_DP1_537000_4142000_classified_point_cloud.laz","2018_MLBS_3_537000_4142000_image.tif","Tree",1,537000,537999.999,4142000,4142999.999
"8332",8332,537215.005,537224.493,4142899.084,4142908.479,"Silva","NEON_D07_MLBS_DP1_537000_4142000_classified_point_cloud.laz","2018_MLBS_3_537000_4142000_image.tif","Tree",1,537000,537999.999,4142000,4142999.999
"8333",8333,537219.008,537228.967,4142803.019,4142812.996,"Silva","NEON_D07_MLBS_DP1_537000_4142000_classified_point_cloud.laz","2018_MLBS_3_537000_4142000_image.tif","Tree",1,537000,537999.999,4142000,4142999.999
"8334",8334,537244.53,537252.487,4142804.54,4142812.419,"Silva","NEON_D07_MLBS_DP1_537000_4142000_classified_point_cloud.laz","2018_MLBS_3_537000_4142000_image.tif","Tree",1,537000,537999.999,4142000,4142999.999
"8335",8335,537272.015,537277.499,4142804.501,4142812.469,"Silva","NEON_D07_MLBS_DP1_537000_4142000_classified_point_cloud.laz","2018_MLBS_3_537000_4142000_image.tif","Tree",1,537000,537999.999,4142000,4142999.999
"8336",8336,537265.612,537274.371,4142806.506,4142813.444,"Silva","NEON_D07_MLBS_DP1_537000_4142000_classified_point_cloud.laz","2018_MLBS_3_537000_4142000_image.tif","Tree",1,537000,537999.999,4142000,4142999.999
"8337",8337,537239,537248.975,4142807.505,4142816.36,"Silva","NEON_D07_MLBS_DP1_537000_4142000_classified_point_cloud.laz","2018_MLBS_3_537000_4142000_image.tif","Tree",1,537000,537999.999,4142000,4142999.999
"8338",8338,537222.072,537232.963,4142810.595,4142818.999,"Silva","NEON_D07_MLBS_DP1_537000_4142000_classified_point_cloud.laz","2018_MLBS_3_537000_4142000_image.tif","Tree",1,537000,537999.999,4142000,4142999.999
"8339",8339,537284.005,537293.839,4142806.501,4142816.383,"Silva","NEON_D07_MLBS_DP1_537000_4142000_classified_point_cloud.laz","2018_MLBS_3_537000_4142000_image.tif","Tree",1,537000,537999.999,4142000,4142999.999
"8340",8340,537231.513,537240.463,4142810.501,4142820.466,"Silva","NEON_D07_MLBS_DP1_537000_4142000_classified_point_cloud.laz","2018_MLBS_3_537000_4142000_image.tif","Tree",1,537000,537999.999,4142000,4142999.999
"8341",8341,537251.098,537258.999,4142813.106,4142818.938,"Silva","NEON_D07_MLBS_DP1_537000_4142000_classified_point_cloud.laz","2018_MLBS_3_537000_4142000_image.tif","Tree",1,537000,537999.999,4142000,4142999.999
"8342",8342,537236.766,537242.44,4142814.039,4142819.488,"Silva","NEON_D07_MLBS_DP1_537000_4142000_classified_point_cloud.laz","2018_MLBS_3_537000_4142000_image.tif","Tree",1,537000,537999.999,4142000,4142999.999
"8343",8343,537277.003,537285.988,4142811.044,4142818.957,"Silva","NEON_D07_MLBS_DP1_537000_4142000_classified_point_cloud.laz","2018_MLBS_3_537000_4142000_image.tif","Tree",1,537000,537999.999,4142000,4142999.999
"8344",8344,537240.594,537244.491,4142816.015,4142825.472,"Silva","NEON_D07_MLBS_DP1_537000_4142000_classified_point_cloud.laz","2018_MLBS_3_537000_4142000_image.tif","Tree",1,537000,537999.999,4142000,4142999.999
"8345",8345,537251.007,537255.481,4142816.188,4142824.5,"Silva","NEON_D07_MLBS_DP1_537000_4142000_classified_point_cloud.laz","2018_MLBS_3_537000_4142000_image.tif","Tree",1,537000,537999.999,4142000,4142999.999
"8346",8346,537234.047,537241.481,4142819.513,4142822.49,"Silva","NEON_D07_MLBS_DP1_537000_4142000_classified_point_cloud.laz","2018_MLBS_3_537000_4142000_image.tif","Tree",1,537000,537999.999,4142000,4142999.999
"8347",8347,537255.501,537262.899,4142816.511,4142821.905,"Silva","NEON_D07_MLBS_DP1_537000_4142000_classified_point_cloud.laz","2018_MLBS_3_537000_4142000_image.tif","Tree",1,537000,537999.999,4142000,4142999.999
"8348",8348,537220.012,537231.483,4142819.008,4142829.987,"Silva","NEON_D07_MLBS_DP1_537000_4142000_classified_point_cloud.laz","2018_MLBS_3_537000_4142000_image.tif","Tree",1,537000,537999.999,4142000,4142999.999
"8349",8349,537281.529,537290.994,4142815.157,4142824.77,"Silva","NEON_D07_MLBS_DP1_537000_4142000_classified_point_cloud.laz","2018_MLBS_3_537000_4142000_image.tif","Tree",1,537000,537999.999,4142000,4142999.999
"8350",8350,537235.042,537243.467,4142822.176,4142831.264,"Silva","NEON_D07_MLBS_DP1_537000_4142000_classified_point_cloud.laz","2018_MLBS_3_537000_4142000_image.tif","Tree",1,537000,537999.999,4142000,4142999.999
"8351",8351,537274.03,537283.96,4142823.003,4142831.414,"Silva","NEON_D07_MLBS_DP1_537000_4142000_classified_point_cloud.laz","2018_MLBS_3_537000_4142000_image.tif","Tree",1,537000,537999.999,4142000,4142999.999
"8352",8352,537257.069,537267.925,4142823.172,4142834.448,"Silva","NEON_D07_MLBS_DP1_537000_4142000_classified_point_cloud.laz","2018_MLBS_3_537000_4142000_image.tif","Tree",1,537000,537999.999,4142000,4142999.999
"8353",8353,537281.044,537289.958,4142824.505,4142835.471,"Silva","NEON_D07_MLBS_DP1_537000_4142000_classified_point_cloud.laz","2018_MLBS_3_537000_4142000_image.tif","Tree",1,537000,537999.999,4142000,4142999.999
"8354",8354,537236.51,537249.995,4142828.578,4142841.939,"Silva","NEON_D07_MLBS_DP1_537000_4142000_classified_point_cloud.laz","2018_MLBS_3_537000_4142000_image.tif","Tree",1,537000,537999.999,4142000,4142999.999
"8355",8355,537265.525,537277.305,4142829.549,4142837.493,"Silva","NEON_D07_MLBS_DP1_537000_4142000_classified_point_cloud.laz","2018_MLBS_3_537000_4142000_image.tif","Tree",1,537000,537999.999,4142000,4142999.999
"8356",8356,537282.136,537292.989,4142835.079,4142846.427,"Silva","NEON_D07_MLBS_DP1_537000_4142000_classified_point_cloud.laz","2018_MLBS_3_537000_4142000_image.tif","Tree",1,537000,537999.999,4142000,4142999.999
"8357",8357,537271.059,537282.851,4142842.553,4142850.206,"Silva","NEON_D07_MLBS_DP1_537000_4142000_classified_point_cloud.laz","2018_MLBS_3_537000_4142000_image.tif","Tree",1,537000,537999.999,4142000,4142999.999
"8358",8358,537243.506,537250.463,4142851.082,4142859.379,"Silva","NEON_D07_MLBS_DP1_537000_4142000_classified_point_cloud.laz","2018_MLBS_3_537000_4142000_image.tif","Tree",1,537000,537999.999,4142000,4142999.999
"8359",8359,537277.5,537285.457,4142846.039,4142857.869,"Silva","NEON_D07_MLBS_DP1_537000_4142000_classified_point_cloud.laz","2018_MLBS_3_537000_4142000_image.tif","Tree",1,537000,537999.999,4142000,4142999.999
"8360",8360,537222.512,537233.963,4142856.066,4142869.393,"Silva","NEON_D07_MLBS_DP1_537000_4142000_classified_point_cloud.laz","2018_MLBS_3_537000_4142000_image.tif","Tree",1,537000,537999.999,4142000,4142999.999
"8361",8361,537234.006,537242.986,4142858.512,4142868.495,"Silva","NEON_D07_MLBS_DP1_537000_4142000_classified_point_cloud.laz","2018_MLBS_3_537000_4142000_image.tif","Tree",1,537000,537999.999,4142000,4142999.999
"8362",8362,537276.512,537282.912,4142855.515,4142864.449,"Silva","NEON_D07_MLBS_DP1_537000_4142000_classified_point_cloud.laz","2018_MLBS_3_537000_4142000_image.tif","Tree",1,537000,537999.999,4142000,4142999.999
"8363",8363,537242.004,537248.891,4142861.661,4142868.821,"Silva","NEON_D07_MLBS_DP1_537000_4142000_classified_point_cloud.laz","2018_MLBS_3_537000_4142000_image.tif","Tree",1,537000,537999.999,4142000,4142999.999
"8364",8364,537270.011,537278.499,4142862.006,4142868.483,"Silva","NEON_D07_MLBS_DP1_537000_4142000_classified_point_cloud.laz","2018_MLBS_3_537000_4142000_image.tif","Tree",1,537000,537999.999,4142000,4142999.999
"8365",8365,537278.511,537286.498,4142861.506,4142868.492,"Silva","NEON_D07_MLBS_DP1_537000_4142000_classified_point_cloud.laz","2018_MLBS_3_537000_4142000_image.tif","Tree",1,537000,537999.999,4142000,4142999.999
"8366",8366,537280.099,537287.999,4142868.062,4142877.5,"Silva","NEON_D07_MLBS_DP1_537000_4142000_classified_point_cloud.laz","2018_MLBS_3_537000_4142000_image.tif","Tree",1,537000,537999.999,4142000,4142999.999
"8367",8367,537299.51,537307.406,4142807.053,4142817.958,"Silva","NEON_D07_MLBS_DP1_537000_4142000_classified_point_cloud.laz","2018_MLBS_3_537000_4142000_image.tif","Tree",1,537000,537999.999,4142000,4142999.999
"8368",8368,537304.592,537313.497,4142813.04,4142821.387,"Silva","NEON_D07_MLBS_DP1_537000_4142000_classified_point_cloud.laz","2018_MLBS_3_537000_4142000_image.tif","Tree",1,537000,537999.999,4142000,4142999.999
"8369",8369,537296.513,537305.978,4142834.635,4142845.483,"Silva","NEON_D07_MLBS_DP1_537000_4142000_classified_point_cloud.laz","2018_MLBS_3_537000_4142000_image.tif","Tree",1,537000,537999.999,4142000,4142999.999
"8370",8370,537322.633,537331.397,4142838.513,4142846.391,"Silva","NEON_D07_MLBS_DP1_537000_4142000_classified_point_cloud.laz","2018_MLBS_3_537000_4142000_image.tif","Tree",1,537000,537999.999,4142000,4142999.999
"8371",8371,537340.522,537350.974,4142843.548,4142853.475,"Silva","NEON_D07_MLBS_DP1_537000_4142000_classified_point_cloud.laz","2018_MLBS_3_537000_4142000_image.tif","Tree",1,537000,537999.999,4142000,4142999.999
"8372",8372,537325.005,537333.485,4142848.726,4142855.988,"Silva","NEON_D07_MLBS_DP1_537000_4142000_classified_point_cloud.laz","2018_MLBS_3_537000_4142000_image.tif","Tree",1,537000,537999.999,4142000,4142999.999
"8373",8373,537330.52,537338.981,4142851.077,4142862.828,"Silva","NEON_D07_MLBS_DP1_537000_4142000_classified_point_cloud.laz","2018_MLBS_3_537000_4142000_image.tif","Tree",1,537000,537999.999,4142000,4142999.999
"8374",8374,537304.015,537313.498,4142858.139,4142868.908,"Silva","NEON_D07_MLBS_DP1_537000_4142000_classified_point_cloud.laz","2018_MLBS_3_537000_4142000_image.tif","Tree",1,537000,537999.999,4142000,4142999.999
"8375",8375,537313.019,537320.463,4142859.508,4142865.648,"Silva","NEON_D07_MLBS_DP1_537000_4142000_classified_point_cloud.laz","2018_MLBS_3_537000_4142000_image.tif","Tree",1,537000,537999.999,4142000,4142999.999
"8376",8376,537347.045,537353.867,4142856.141,4142863.832,"Silva","NEON_D07_MLBS_DP1_537000_4142000_classified_point_cloud.laz","2018_MLBS_3_537000_4142000_image.tif","Tree",1,537000,537999.999,4142000,4142999.999
"8377",8377,537313.582,537322.481,4142860.52,4142867.972,"Silva","NEON_D07_MLBS_DP1_537000_4142000_classified_point_cloud.laz","2018_MLBS_3_537000_4142000_image.tif","Tree",1,537000,537999.999,4142000,4142999.999
"8378",8378,537351.506,537359.94,4142861.536,4142868.814,"Silva","NEON_D07_MLBS_DP1_537000_4142000_classified_point_cloud.laz","2018_MLBS_3_537000_4142000_image.tif","Tree",1,537000,537999.999,4142000,4142999.999
"8379",8379,537224.016,537233.992,4142869.074,4142876.999,"Silva","NEON_D07_MLBS_DP1_537000_4142000_classified_point_cloud.laz","2018_MLBS_3_537000_4142000_image.tif","Tree",1,537000,537999.999,4142000,4142999.999
"8380",8380,537247.005,537254.982,4142869.612,4142879.946,"Silva","NEON_D07_MLBS_DP1_537000_4142000_classified_point_cloud.laz","2018_MLBS_3_537000_4142000_image.tif","Tree",1,537000,537999.999,4142000,4142999.999
"8381",8381,537242.016,537249.952,4142876.192,4142886.985,"Silva","NEON_D07_MLBS_DP1_537000_4142000_classified_point_cloud.laz","2018_MLBS_3_537000_4142000_image.tif","Tree",1,537000,537999.999,4142000,4142999.999
"8382",8382,537222.09,537229.355,4142879.501,4142890.896,"Silva","NEON_D07_MLBS_DP1_537000_4142000_classified_point_cloud.laz","2018_MLBS_3_537000_4142000_image.tif","Tree",1,537000,537999.999,4142000,4142999.999
"8383",8383,537233.551,537245.948,4142883.504,4142891.942,"Silva","NEON_D07_MLBS_DP1_537000_4142000_classified_point_cloud.laz","2018_MLBS_3_537000_4142000_image.tif","Tree",1,537000,537999.999,4142000,4142999.999
"8384",8384,537223.519,537234.324,4142884.024,4142894.463,"Silva","NEON_D07_MLBS_DP1_537000_4142000_classified_point_cloud.laz","2018_MLBS_3_537000_4142000_image.tif","Tree",1,537000,537999.999,4142000,4142999.999
"8385",8385,537224.502,537233.474,4142898.517,4142910.496,"Silva","NEON_D07_MLBS_DP1_537000_4142000_classified_point_cloud.laz","2018_MLBS_3_537000_4142000_image.tif","Tree",1,537000,537999.999,4142000,4142999.999
"8386",8386,537237.542,537245.985,4142899.127,4142906.976,"Silva","NEON_D07_MLBS_DP1_537000_4142000_classified_point_cloud.laz","2018_MLBS_3_537000_4142000_image.tif","Tree",1,537000,537999.999,4142000,4142999.999
"8387",8387,537245.507,537254.993,4142894.521,4142904.5,"Silva","NEON_D07_MLBS_DP1_537000_4142000_classified_point_cloud.laz","2018_MLBS_3_537000_4142000_image.tif","Tree",1,537000,537999.999,4142000,4142999.999
"8388",8388,537228.178,537236.904,4142897.503,4142903.945,"Silva","NEON_D07_MLBS_DP1_537000_4142000_classified_point_cloud.laz","2018_MLBS_3_537000_4142000_image.tif","Tree",1,537000,537999.999,4142000,4142999.999
"8389",8389,537235.507,537241.499,4142892.031,4142900.957,"Silva","NEON_D07_MLBS_DP1_537000_4142000_classified_point_cloud.laz","2018_MLBS_3_537000_4142000_image.tif","Tree",1,537000,537999.999,4142000,4142999.999
"8390",8390,537240.006,537248.499,4142889.53,4142899.978,"Silva","NEON_D07_MLBS_DP1_537000_4142000_classified_point_cloud.laz","2018_MLBS_3_537000_4142000_image.tif","Tree",1,537000,537999.999,4142000,4142999.999
"8391",8391,537225.191,537235.995,4142891.023,4142898.992,"Silva","NEON_D07_MLBS_DP1_537000_4142000_classified_point_cloud.laz","2018_MLBS_3_537000_4142000_image.tif","Tree",1,537000,537999.999,4142000,4142999.999
"8392",8392,537245.532,537259.493,4142886.008,4142894.956,"Silva","NEON_D07_MLBS_DP1_537000_4142000_classified_point_cloud.laz","2018_MLBS_3_537000_4142000_image.tif","Tree",1,537000,537999.999,4142000,4142999.999
"8393",8393,537254.501,537262.484,4142871.001,4142878.411,"Silva","NEON_D07_MLBS_DP1_537000_4142000_classified_point_cloud.laz","2018_MLBS_3_537000_4142000_image.tif","Tree",1,537000,537999.999,4142000,4142999.999
"8394",8394,537272.513,537279.362,4142870.096,4142877.413,"Silva","NEON_D07_MLBS_DP1_537000_4142000_classified_point_cloud.laz","2018_MLBS_3_537000_4142000_image.tif","Tree",1,537000,537999.999,4142000,4142999.999
"8395",8395,537270.503,537275.466,4142874.6,4142881.972,"Silva","NEON_D07_MLBS_DP1_537000_4142000_classified_point_cloud.laz","2018_MLBS_3_537000_4142000_image.tif","Tree",1,537000,537999.999,4142000,4142999.999
"8396",8396,537258.004,537264.989,4142880.058,4142890.899,"Silva","NEON_D07_MLBS_DP1_537000_4142000_classified_point_cloud.laz","2018_MLBS_3_537000_4142000_image.tif","Tree",1,537000,537999.999,4142000,4142999.999
"8397",8397,537265,537270.682,4142880.048,4142890.391,"Silva","NEON_D07_MLBS_DP1_537000_4142000_classified_point_cloud.laz","2018_MLBS_3_537000_4142000_image.tif","Tree",1,537000,537999.999,4142000,4142999.999
"8398",8398,537258.635,537267.482,4142900.053,4142907.47,"Silva","NEON_D07_MLBS_DP1_537000_4142000_classified_point_cloud.laz","2018_MLBS_3_537000_4142000_image.tif","Tree",1,537000,537999.999,4142000,4142999.999
"8399",8399,537274.039,537285.999,4142894.522,4142904.993,"Silva","NEON_D07_MLBS_DP1_537000_4142000_classified_point_cloud.laz","2018_MLBS_3_537000_4142000_image.tif","Tree",1,537000,537999.999,4142000,4142999.999
"8400",8400,537255.002,537262.236,4142896.534,4142903.981,"Silva","NEON_D07_MLBS_DP1_537000_4142000_classified_point_cloud.laz","2018_MLBS_3_537000_4142000_image.tif","Tree",1,537000,537999.999,4142000,4142999.999
"8401",8401,537221.502,537227.888,4142910.038,4142921.792,"Silva","NEON_D07_MLBS_DP1_537000_4142000_classified_point_cloud.laz","2018_MLBS_3_537000_4142000_image.tif","Tree",1,537000,537999.999,4142000,4142999.999
"8402",8402,537236.022,537243.475,4142912.002,4142921.441,"Silva","NEON_D07_MLBS_DP1_537000_4142000_classified_point_cloud.laz","2018_MLBS_3_537000_4142000_image.tif","Tree",1,537000,537999.999,4142000,4142999.999
"8403",8403,537241.246,537248.955,4142916.532,4142923.377,"Silva","NEON_D07_MLBS_DP1_537000_4142000_classified_point_cloud.laz","2018_MLBS_3_537000_4142000_image.tif","Tree",1,537000,537999.999,4142000,4142999.999
"8404",8404,537240.061,537246.499,4142921.029,4142927.807,"Silva","NEON_D07_MLBS_DP1_537000_4142000_classified_point_cloud.laz","2018_MLBS_3_537000_4142000_image.tif","Tree",1,537000,537999.999,4142000,4142999.999
"8405",8405,537248.036,537255.973,4142919.008,4142926.889,"Silva","NEON_D07_MLBS_DP1_537000_4142000_classified_point_cloud.laz","2018_MLBS_3_537000_4142000_image.tif","Tree",1,537000,537999.999,4142000,4142999.999
"8406",8406,537251.507,537259.991,4142922.007,4142929.988,"Silva","NEON_D07_MLBS_DP1_537000_4142000_classified_point_cloud.laz","2018_MLBS_3_537000_4142000_image.tif","Tree",1,537000,537999.999,4142000,4142999.999
"8407",8407,537250.101,537257.499,4142928.102,4142936.925,"Silva","NEON_D07_MLBS_DP1_537000_4142000_classified_point_cloud.laz","2018_MLBS_3_537000_4142000_image.tif","Tree",1,537000,537999.999,4142000,4142999.999
"8408",8408,537222.588,537229.966,4142930.518,4142937.981,"Silva","NEON_D07_MLBS_DP1_537000_4142000_classified_point_cloud.laz","2018_MLBS_3_537000_4142000_image.tif","Tree",1,537000,537999.999,4142000,4142999.999
"8409",8409,537234.522,537242.956,4142932.516,4142941.955,"Silva","NEON_D07_MLBS_DP1_537000_4142000_classified_point_cloud.laz","2018_MLBS_3_537000_4142000_image.tif","Tree",1,537000,537999.999,4142000,4142999.999
"8410",8410,537233.002,537239.922,4142916.033,4142922.785,"Silva","NEON_D07_MLBS_DP1_537000_4142000_classified_point_cloud.laz","2018_MLBS_3_537000_4142000_image.tif","Tree",1,537000,537999.999,4142000,4142999.999
"8411",8411,537237.005,537247.477,4142908.042,4142916.375,"Silva","NEON_D07_MLBS_DP1_537000_4142000_classified_point_cloud.laz","2018_MLBS_3_537000_4142000_image.tif","Tree",1,537000,537999.999,4142000,4142999.999
"8412",8412,537247.004,537252.955,4142904.007,4142911.494,"Silva","NEON_D07_MLBS_DP1_537000_4142000_classified_point_cloud.laz","2018_MLBS_3_537000_4142000_image.tif","Tree",1,537000,537999.999,4142000,4142999.999
"8413",8413,537241.509,537248.486,4142902.52,4142910.979,"Silva","NEON_D07_MLBS_DP1_537000_4142000_classified_point_cloud.laz","2018_MLBS_3_537000_4142000_image.tif","Tree",1,537000,537999.999,4142000,4142999.999
"8414",8414,537252.003,537258.488,4142902.501,4142911.394,"Silva","NEON_D07_MLBS_DP1_537000_4142000_classified_point_cloud.laz","2018_MLBS_3_537000_4142000_image.tif","Tree",1,537000,537999.999,4142000,4142999.999
"8415",8415,537233.009,537241.439,4142901.035,4142911.47,"Silva","NEON_D07_MLBS_DP1_537000_4142000_classified_point_cloud.laz","2018_MLBS_3_537000_4142000_image.tif","Tree",1,537000,537999.999,4142000,4142999.999
"8416",8416,537282.536,537292.992,4142911.004,4142920.481,"Silva","NEON_D07_MLBS_DP1_537000_4142000_classified_point_cloud.laz","2018_MLBS_3_537000_4142000_image.tif","Tree",1,537000,537999.999,4142000,4142999.999
"8417",8417,537265.557,537273.499,4142914.505,4142924.976,"Silva","NEON_D07_MLBS_DP1_537000_4142000_classified_point_cloud.laz","2018_MLBS_3_537000_4142000_image.tif","Tree",1,537000,537999.999,4142000,4142999.999
"8418",8418,537273.506,537280.491,4142915.509,4142922.495,"Silva","NEON_D07_MLBS_DP1_537000_4142000_classified_point_cloud.laz","2018_MLBS_3_537000_4142000_image.tif","Tree",1,537000,537999.999,4142000,4142999.999
"8419",8419,537260.014,537267.49,4142919.207,4142928.802,"Silva","NEON_D07_MLBS_DP1_537000_4142000_classified_point_cloud.laz","2018_MLBS_3_537000_4142000_image.tif","Tree",1,537000,537999.999,4142000,4142999.999
"8420",8420,537280.052,537288.485,4142919.501,4142927.427,"Silva","NEON_D07_MLBS_DP1_537000_4142000_classified_point_cloud.laz","2018_MLBS_3_537000_4142000_image.tif","Tree",1,537000,537999.999,4142000,4142999.999
"8421",8421,537272.012,537280.493,4142924.515,4142929.431,"Silva","NEON_D07_MLBS_DP1_537000_4142000_classified_point_cloud.laz","2018_MLBS_3_537000_4142000_image.tif","Tree",1,537000,537999.999,4142000,4142999.999
"8422",8422,537281.006,537287.99,4142925.517,4142932.491,"Silva","NEON_D07_MLBS_DP1_537000_4142000_classified_point_cloud.laz","2018_MLBS_3_537000_4142000_image.tif","Tree",1,537000,537999.999,4142000,4142999.999
"8423",8423,537257.513,537266.972,4142927.502,4142936.96,"Silva","NEON_D07_MLBS_DP1_537000_4142000_classified_point_cloud.laz","2018_MLBS_3_537000_4142000_image.tif","Tree",1,537000,537999.999,4142000,4142999.999
"8424",8424,537265.056,537275.479,4142932.023,4142938.926,"Silva","NEON_D07_MLBS_DP1_537000_4142000_classified_point_cloud.laz","2018_MLBS_3_537000_4142000_image.tif","Tree",1,537000,537999.999,4142000,4142999.999
"8425",8425,537279.58,537290.99,4142932.507,4142940.492,"Silva","NEON_D07_MLBS_DP1_537000_4142000_classified_point_cloud.laz","2018_MLBS_3_537000_4142000_image.tif","Tree",1,537000,537999.999,4142000,4142999.999
"8426",8426,537254.503,537265.975,4142913.002,4142923.938,"Silva","NEON_D07_MLBS_DP1_537000_4142000_classified_point_cloud.laz","2018_MLBS_3_537000_4142000_image.tif","Tree",1,537000,537999.999,4142000,4142999.999
"8427",8427,537261.009,537270.495,4142905.04,4142916.999,"Silva","NEON_D07_MLBS_DP1_537000_4142000_classified_point_cloud.laz","2018_MLBS_3_537000_4142000_image.tif","Tree",1,537000,537999.999,4142000,4142999.999
"8428",8428,537269.041,537276.499,4142905.545,4142914.495,"Silva","NEON_D07_MLBS_DP1_537000_4142000_classified_point_cloud.laz","2018_MLBS_3_537000_4142000_image.tif","Tree",1,537000,537999.999,4142000,4142999.999
"8429",8429,537256.596,537262.99,4142904.507,4142913.474,"Silva","NEON_D07_MLBS_DP1_537000_4142000_classified_point_cloud.laz","2018_MLBS_3_537000_4142000_image.tif","Tree",1,537000,537999.999,4142000,4142999.999
"8430",8430,537267.001,537275.995,4142898.02,4142907.436,"Silva","NEON_D07_MLBS_DP1_537000_4142000_classified_point_cloud.laz","2018_MLBS_3_537000_4142000_image.tif","Tree",1,537000,537999.999,4142000,4142999.999
"8431",8431,537305.019,537315.357,4142868.505,4142879.489,"Silva","NEON_D07_MLBS_DP1_537000_4142000_classified_point_cloud.laz","2018_MLBS_3_537000_4142000_image.tif","Tree",1,537000,537999.999,4142000,4142999.999
"8432",8432,537289.605,537299.468,4142886.507,4142892.892,"Silva","NEON_D07_MLBS_DP1_537000_4142000_classified_point_cloud.laz","2018_MLBS_3_537000_4142000_image.tif","Tree",1,537000,537999.999,4142000,4142999.999
"8433",8433,537287.517,537293.999,4142888.177,4142895.98,"Silva","NEON_D07_MLBS_DP1_537000_4142000_classified_point_cloud.laz","2018_MLBS_3_537000_4142000_image.tif","Tree",1,537000,537999.999,4142000,4142999.999
"8434",8434,537314.581,537325.963,4142899.538,4142904.999,"Silva","NEON_D07_MLBS_DP1_537000_4142000_classified_point_cloud.laz","2018_MLBS_3_537000_4142000_image.tif","Tree",1,537000,537999.999,4142000,4142999.999
"8435",8435,537310.535,537321.495,4142891.576,4142902.4,"Silva","NEON_D07_MLBS_DP1_537000_4142000_classified_point_cloud.laz","2018_MLBS_3_537000_4142000_image.tif","Tree",1,537000,537999.999,4142000,4142999.999
"8436",8436,537294.506,537302.489,4142896.084,4142905.494,"Silva","NEON_D07_MLBS_DP1_537000_4142000_classified_point_cloud.laz","2018_MLBS_3_537000_4142000_image.tif","Tree",1,537000,537999.999,4142000,4142999.999
"8437",8437,537286.001,537294.497,4142896.011,4142904.997,"Silva","NEON_D07_MLBS_DP1_537000_4142000_classified_point_cloud.laz","2018_MLBS_3_537000_4142000_image.tif","Tree",1,537000,537999.999,4142000,4142999.999
"8438",8438,537300.51,537310.425,4142895.01,4142905.491,"Silva","NEON_D07_MLBS_DP1_537000_4142000_classified_point_cloud.laz","2018_MLBS_3_537000_4142000_image.tif","Tree",1,537000,537999.999,4142000,4142999.999
"8439",8439,537299.516,537306.879,4142890.001,4142896.993,"Silva","NEON_D07_MLBS_DP1_537000_4142000_classified_point_cloud.laz","2018_MLBS_3_537000_4142000_image.tif","Tree",1,537000,537999.999,4142000,4142999.999
"8440",8440,537293.54,537300.985,4142889.006,4142896.994,"Silva","NEON_D07_MLBS_DP1_537000_4142000_classified_point_cloud.laz","2018_MLBS_3_537000_4142000_image.tif","Tree",1,537000,537999.999,4142000,4142999.999
"8441",8441,537335.056,537346.487,4142869.017,4142883.48,"Silva","NEON_D07_MLBS_DP1_537000_4142000_classified_point_cloud.laz","2018_MLBS_3_537000_4142000_image.tif","Tree",1,537000,537999.999,4142000,4142999.999
"8442",8442,537332.508,537340.994,4142902.502,4142912.964,"Silva","NEON_D07_MLBS_DP1_537000_4142000_classified_point_cloud.laz","2018_MLBS_3_537000_4142000_image.tif","Tree",1,537000,537999.999,4142000,4142999.999
"8443",8443,537330.161,537341.494,4142896.01,4142902.499,"Silva","NEON_D07_MLBS_DP1_537000_4142000_classified_point_cloud.laz","2018_MLBS_3_537000_4142000_image.tif","Tree",1,537000,537999.999,4142000,4142999.999
"8444",8444,537348.508,537357.487,4142894.008,4142901.497,"Silva","NEON_D07_MLBS_DP1_537000_4142000_classified_point_cloud.laz","2018_MLBS_3_537000_4142000_image.tif","Tree",1,537000,537999.999,4142000,4142999.999
"8445",8445,537339.51,537348.499,4142893.519,4142900.998,"Silva","NEON_D07_MLBS_DP1_537000_4142000_classified_point_cloud.laz","2018_MLBS_3_537000_4142000_image.tif","Tree",1,537000,537999.999,4142000,4142999.999
"8446",8446,537346.113,537351.936,4142891.502,4142898.985,"Silva","NEON_D07_MLBS_DP1_537000_4142000_classified_point_cloud.laz","2018_MLBS_3_537000_4142000_image.tif","Tree",1,537000,537999.999,4142000,4142999.999
"8447",8447,537349.016,537353.986,4142890.01,4142894.485,"Silva","NEON_D07_MLBS_DP1_537000_4142000_classified_point_cloud.laz","2018_MLBS_3_537000_4142000_image.tif","Tree",1,537000,537999.999,4142000,4142999.999
"8448",8448,537339.001,537346.491,4142883.585,4142895.929,"Silva","NEON_D07_MLBS_DP1_537000_4142000_classified_point_cloud.laz","2018_MLBS_3_537000_4142000_image.tif","Tree",1,537000,537999.999,4142000,4142999.999
"8449",8449,537329.526,537339.492,4142890.02,4142896.998,"Silva","NEON_D07_MLBS_DP1_537000_4142000_classified_point_cloud.laz","2018_MLBS_3_537000_4142000_image.tif","Tree",1,537000,537999.999,4142000,4142999.999
"8450",8450,537343.706,537352.976,4142885.015,4142891.496,"Silva","NEON_D07_MLBS_DP1_537000_4142000_classified_point_cloud.laz","2018_MLBS_3_537000_4142000_image.tif","Tree",1,537000,537999.999,4142000,4142999.999
"8451",8451,537327.526,537340.403,4142882.535,4142893.451,"Silva","NEON_D07_MLBS_DP1_537000_4142000_classified_point_cloud.laz","2018_MLBS_3_537000_4142000_image.tif","Tree",1,537000,537999.999,4142000,4142999.999
"8452",8452,537302.002,537311.933,4142903.56,4142912.999,"Silva","NEON_D07_MLBS_DP1_537000_4142000_classified_point_cloud.laz","2018_MLBS_3_537000_4142000_image.tif","Tree",1,537000,537999.999,4142000,4142999.999
"8453",8453,537293.001,537301.977,4142906.005,4142917.998,"Silva","NEON_D07_MLBS_DP1_537000_4142000_classified_point_cloud.laz","2018_MLBS_3_537000_4142000_image.tif","Tree",1,537000,537999.999,4142000,4142999.999
"8454",8454,537313.827,537320.459,4142907.587,4142914.468,"Silva","NEON_D07_MLBS_DP1_537000_4142000_classified_point_cloud.laz","2018_MLBS_3_537000_4142000_image.tif","Tree",1,537000,537999.999,4142000,4142999.999
"8455",8455,537304.527,537312.396,4142912.194,4142920.456,"Silva","NEON_D07_MLBS_DP1_537000_4142000_classified_point_cloud.laz","2018_MLBS_3_537000_4142000_image.tif","Tree",1,537000,537999.999,4142000,4142999.999
"8456",8456,537300.017,537304.964,4142921.005,4142928.986,"Silva","NEON_D07_MLBS_DP1_537000_4142000_classified_point_cloud.laz","2018_MLBS_3_537000_4142000_image.tif","Tree",1,537000,537999.999,4142000,4142999.999
"8457",8457,537304.574,537309.996,4142920.028,4142925.987,"Silva","NEON_D07_MLBS_DP1_537000_4142000_classified_point_cloud.laz","2018_MLBS_3_537000_4142000_image.tif","Tree",1,537000,537999.999,4142000,4142999.999
"8458",8458,537302.614,537310.999,4142925.543,4142933.454,"Silva","NEON_D07_MLBS_DP1_537000_4142000_classified_point_cloud.laz","2018_MLBS_3_537000_4142000_image.tif","Tree",1,537000,537999.999,4142000,4142999.999
"8459",8459,537317.534,537327.485,4142921.006,4142931.946,"Silva","NEON_D07_MLBS_DP1_537000_4142000_classified_point_cloud.laz","2018_MLBS_3_537000_4142000_image.tif","Tree",1,537000,537999.999,4142000,4142999.999
"8460",8460,537311.509,537318.988,4142924.096,4142932.473,"Silva","NEON_D07_MLBS_DP1_537000_4142000_classified_point_cloud.laz","2018_MLBS_3_537000_4142000_image.tif","Tree",1,537000,537999.999,4142000,4142999.999
"8461",8461,537317.003,537326.964,4142931.502,4142938.473,"Silva","NEON_D07_MLBS_DP1_537000_4142000_classified_point_cloud.laz","2018_MLBS_3_537000_4142000_image.tif","Tree",1,537000,537999.999,4142000,4142999.999
"8462",8462,537292.837,537301.979,4142933.503,4142940.883,"Silva","NEON_D07_MLBS_DP1_537000_4142000_classified_point_cloud.laz","2018_MLBS_3_537000_4142000_image.tif","Tree",1,537000,537999.999,4142000,4142999.999
"8463",8463,537310.543,537316.499,4142910.587,4142919.413,"Silva","NEON_D07_MLBS_DP1_537000_4142000_classified_point_cloud.laz","2018_MLBS_3_537000_4142000_image.tif","Tree",1,537000,537999.999,4142000,4142999.999
"8464",8464,537326.001,537334.891,4142901.008,4142909.988,"Silva","NEON_D07_MLBS_DP1_537000_4142000_classified_point_cloud.laz","2018_MLBS_3_537000_4142000_image.tif","Tree",1,537000,537999.999,4142000,4142999.999
"8465",8465,537323.503,537329.498,4142908.104,4142918.919,"Silva","NEON_D07_MLBS_DP1_537000_4142000_classified_point_cloud.laz","2018_MLBS_3_537000_4142000_image.tif","Tree",1,537000,537999.999,4142000,4142999.999
"8466",8466,537342.511,537362.454,4142907.531,4142918.489,"Silva","NEON_D07_MLBS_DP1_537000_4142000_classified_point_cloud.laz","2018_MLBS_3_537000_4142000_image.tif","Tree",1,537000,537999.999,4142000,4142999.999
"8467",8467,537348.514,537357.981,4142918.018,4142925.339,"Silva","NEON_D07_MLBS_DP1_537000_4142000_classified_point_cloud.laz","2018_MLBS_3_537000_4142000_image.tif","Tree",1,537000,537999.999,4142000,4142999.999
"8468",8468,537328.026,537340.483,4142920.029,4142927.494,"Silva","NEON_D07_MLBS_DP1_537000_4142000_classified_point_cloud.laz","2018_MLBS_3_537000_4142000_image.tif","Tree",1,537000,537999.999,4142000,4142999.999
"8469",8469,537351.046,537357.984,4142922.509,4142929.499,"Silva","NEON_D07_MLBS_DP1_537000_4142000_classified_point_cloud.laz","2018_MLBS_3_537000_4142000_image.tif","Tree",1,537000,537999.999,4142000,4142999.999
"8470",8470,537343.521,537349.973,4142923.566,4142930.486,"Silva","NEON_D07_MLBS_DP1_537000_4142000_classified_point_cloud.laz","2018_MLBS_3_537000_4142000_image.tif","Tree",1,537000,537999.999,4142000,4142999.999
"8471",8471,537326.513,537334.975,4142924.023,4142934.993,"Silva","NEON_D07_MLBS_DP1_537000_4142000_classified_point_cloud.laz","2018_MLBS_3_537000_4142000_image.tif","Tree",1,537000,537999.999,4142000,4142999.999
"8472",8472,537339.526,537347.391,4142926.512,4142933.978,"Silva","NEON_D07_MLBS_DP1_537000_4142000_classified_point_cloud.laz","2018_MLBS_3_537000_4142000_image.tif","Tree",1,537000,537999.999,4142000,4142999.999
"8473",8473,537346.505,537352.492,4142932.551,4142941.325,"Silva","NEON_D07_MLBS_DP1_537000_4142000_classified_point_cloud.laz","2018_MLBS_3_537000_4142000_image.tif","Tree",1,537000,537999.999,4142000,4142999.999
"8474",8474,537099.585,537108.489,4142932.57,4142944.998,"Silva","NEON_D07_MLBS_DP1_537000_4142000_classified_point_cloud.laz","2018_MLBS_3_537000_4142000_image.tif","Tree",1,537000,537999.999,4142000,4142999.999
"8475",8475,537108.615,537117.495,4142934.009,4142943.476,"Silva","NEON_D07_MLBS_DP1_537000_4142000_classified_point_cloud.laz","2018_MLBS_3_537000_4142000_image.tif","Tree",1,537000,537999.999,4142000,4142999.999
"8476",8476,537105.025,537112.937,4142935.054,4142944.47,"Silva","NEON_D07_MLBS_DP1_537000_4142000_classified_point_cloud.laz","2018_MLBS_3_537000_4142000_image.tif","Tree",1,537000,537999.999,4142000,4142999.999
"8477",8477,537117.507,537126.471,4142936.023,4142943.898,"Silva","NEON_D07_MLBS_DP1_537000_4142000_classified_point_cloud.laz","2018_MLBS_3_537000_4142000_image.tif","Tree",1,537000,537999.999,4142000,4142999.999
"8478",8478,537114.046,537122.193,4142939.038,4142950.342,"Silva","NEON_D07_MLBS_DP1_537000_4142000_classified_point_cloud.laz","2018_MLBS_3_537000_4142000_image.tif","Tree",1,537000,537999.999,4142000,4142999.999
"8479",8479,537126.058,537133.366,4142940.502,4142947.498,"Silva","NEON_D07_MLBS_DP1_537000_4142000_classified_point_cloud.laz","2018_MLBS_3_537000_4142000_image.tif","Tree",1,537000,537999.999,4142000,4142999.999
"8480",8480,537205.031,537211.432,4142934.504,4142943.5,"Silva","NEON_D07_MLBS_DP1_537000_4142000_classified_point_cloud.laz","2018_MLBS_3_537000_4142000_image.tif","Tree",1,537000,537999.999,4142000,4142999.999
"8481",8481,537183.008,537191.979,4142937.505,4142944.994,"Silva","NEON_D07_MLBS_DP1_537000_4142000_classified_point_cloud.laz","2018_MLBS_3_537000_4142000_image.tif","Tree",1,537000,537999.999,4142000,4142999.999
"8482",8482,537121.516,537129.461,4142942.628,4142949.49,"Silva","NEON_D07_MLBS_DP1_537000_4142000_classified_point_cloud.laz","2018_MLBS_3_537000_4142000_image.tif","Tree",1,537000,537999.999,4142000,4142999.999
"8483",8483,537207.587,537214.497,4142935.546,4142944.415,"Silva","NEON_D07_MLBS_DP1_537000_4142000_classified_point_cloud.laz","2018_MLBS_3_537000_4142000_image.tif","Tree",1,537000,537999.999,4142000,4142999.999
"8484",8484,537214.022,537221.467,4142938.004,4142945.445,"Silva","NEON_D07_MLBS_DP1_537000_4142000_classified_point_cloud.laz","2018_MLBS_3_537000_4142000_image.tif","Tree",1,537000,537999.999,4142000,4142999.999
"8485",8485,537195.512,537204.613,4142941.018,4142947.999,"Silva","NEON_D07_MLBS_DP1_537000_4142000_classified_point_cloud.laz","2018_MLBS_3_537000_4142000_image.tif","Tree",1,537000,537999.999,4142000,4142999.999
"8486",8486,537120.542,537130.99,4142948.512,4142955.707,"Silva","NEON_D07_MLBS_DP1_537000_4142000_classified_point_cloud.laz","2018_MLBS_3_537000_4142000_image.tif","Tree",1,537000,537999.999,4142000,4142999.999
"8487",8487,537187.541,537195.997,4142942.002,4142952.967,"Silva","NEON_D07_MLBS_DP1_537000_4142000_classified_point_cloud.laz","2018_MLBS_3_537000_4142000_image.tif","Tree",1,537000,537999.999,4142000,4142999.999
"8488",8488,537165.507,537173.936,4142944.558,4142956.391,"Silva","NEON_D07_MLBS_DP1_537000_4142000_classified_point_cloud.laz","2018_MLBS_3_537000_4142000_image.tif","Tree",1,537000,537999.999,4142000,4142999.999
"8489",8489,537162.503,537168.485,4142946.022,4142958.981,"Silva","NEON_D07_MLBS_DP1_537000_4142000_classified_point_cloud.laz","2018_MLBS_3_537000_4142000_image.tif","Tree",1,537000,537999.999,4142000,4142999.999
"8490",8490,537212.047,537218.96,4142943.551,4142950.94,"Silva","NEON_D07_MLBS_DP1_537000_4142000_classified_point_cloud.laz","2018_MLBS_3_537000_4142000_image.tif","Tree",1,537000,537999.999,4142000,4142999.999
"8491",8491,537230.529,537238.493,4142936.547,4142944.972,"Silva","NEON_D07_MLBS_DP1_537000_4142000_classified_point_cloud.laz","2018_MLBS_3_537000_4142000_image.tif","Tree",1,537000,537999.999,4142000,4142999.999
"8492",8492,537221.557,537228.497,4142936.66,4142943.975,"Silva","NEON_D07_MLBS_DP1_537000_4142000_classified_point_cloud.laz","2018_MLBS_3_537000_4142000_image.tif","Tree",1,537000,537999.999,4142000,4142999.999
"8493",8493,537254.06,537265.49,4142934.56,4142941.5,"Silva","NEON_D07_MLBS_DP1_537000_4142000_classified_point_cloud.laz","2018_MLBS_3_537000_4142000_image.tif","Tree",1,537000,537999.999,4142000,4142999.999
"8494",8494,537225.553,537233.331,4142939.037,4142947.953,"Silva","NEON_D07_MLBS_DP1_537000_4142000_classified_point_cloud.laz","2018_MLBS_3_537000_4142000_image.tif","Tree",1,537000,537999.999,4142000,4142999.999
"8495",8495,537271.081,537279.995,4142935.009,4142945.49,"Silva","NEON_D07_MLBS_DP1_537000_4142000_classified_point_cloud.laz","2018_MLBS_3_537000_4142000_image.tif","Tree",1,537000,537999.999,4142000,4142999.999
"8496",8496,537239.007,537246.991,4142938.075,4142944.997,"Silva","NEON_D07_MLBS_DP1_537000_4142000_classified_point_cloud.laz","2018_MLBS_3_537000_4142000_image.tif","Tree",1,537000,537999.999,4142000,4142999.999
"8497",8497,537246.511,537253.487,4142941.532,4142946.433,"Silva","NEON_D07_MLBS_DP1_537000_4142000_classified_point_cloud.laz","2018_MLBS_3_537000_4142000_image.tif","Tree",1,537000,537999.999,4142000,4142999.999
"8498",8498,537262.004,537269.391,4142939.518,4142951.479,"Silva","NEON_D07_MLBS_DP1_537000_4142000_classified_point_cloud.laz","2018_MLBS_3_537000_4142000_image.tif","Tree",1,537000,537999.999,4142000,4142999.999
"8499",8499,537265.01,537273.893,4142938.006,4142947.957,"Silva","NEON_D07_MLBS_DP1_537000_4142000_classified_point_cloud.laz","2018_MLBS_3_537000_4142000_image.tif","Tree",1,537000,537999.999,4142000,4142999.999
"8500",8500,537256.548,537263.484,4142941.005,4142946.849,"Silva","NEON_D07_MLBS_DP1_537000_4142000_classified_point_cloud.laz","2018_MLBS_3_537000_4142000_image.tif","Tree",1,537000,537999.999,4142000,4142999.999
"8501",8501,537301.042,537306.499,4142932.527,4142940.98,"Silva","NEON_D07_MLBS_DP1_537000_4142000_classified_point_cloud.laz","2018_MLBS_3_537000_4142000_image.tif","Tree",1,537000,537999.999,4142000,4142999.999
"8502",8502,537306.504,537312.404,4142933.003,4142940.989,"Silva","NEON_D07_MLBS_DP1_537000_4142000_classified_point_cloud.laz","2018_MLBS_3_537000_4142000_image.tif","Tree",1,537000,537999.999,4142000,4142999.999
"8503",8503,537339.033,537351.439,4142995.521,4142999.978,"Silva","NEON_D07_MLBS_DP1_537000_4142000_classified_point_cloud.laz","2018_MLBS_3_537000_4142000_image.tif","Tree",1,537000,537999.999,4142000,4142999.999
"8504",8504,537334.004,537343.709,4142985.241,4142998.46,"Silva","NEON_D07_MLBS_DP1_537000_4142000_classified_point_cloud.laz","2018_MLBS_3_537000_4142000_image.tif","Tree",1,537000,537999.999,4142000,4142999.999
"8505",8505,537341.035,537346.47,4142985.344,4142994.461,"Silva","NEON_D07_MLBS_DP1_537000_4142000_classified_point_cloud.laz","2018_MLBS_3_537000_4142000_image.tif","Tree",1,537000,537999.999,4142000,4142999.999
"8506",8506,537346.554,537357.489,4142970.087,4142983.496,"Silva","NEON_D07_MLBS_DP1_537000_4142000_classified_point_cloud.laz","2018_MLBS_3_537000_4142000_image.tif","Tree",1,537000,537999.999,4142000,4142999.999
"8507",8507,537329.066,537333.997,4142971.034,4142978.858,"Silva","NEON_D07_MLBS_DP1_537000_4142000_classified_point_cloud.laz","2018_MLBS_3_537000_4142000_image.tif","Tree",1,537000,537999.999,4142000,4142999.999
"8508",8508,537313.069,537320.992,4142964.039,4142970.254,"Silva","NEON_D07_MLBS_DP1_537000_4142000_classified_point_cloud.laz","2018_MLBS_3_537000_4142000_image.tif","Tree",1,537000,537999.999,4142000,4142999.999
"8509",8509,537339.573,537347.335,4142962.013,4142967.924,"Silva","NEON_D07_MLBS_DP1_537000_4142000_classified_point_cloud.laz","2018_MLBS_3_537000_4142000_image.tif","Tree",1,537000,537999.999,4142000,4142999.999
"8510",8510,537320.087,537329.366,4142962.022,4142972,"Silva","NEON_D07_MLBS_DP1_537000_4142000_classified_point_cloud.laz","2018_MLBS_3_537000_4142000_image.tif","Tree",1,537000,537999.999,4142000,4142999.999
"8511",8511,537331.552,537337.97,4142955.593,4142965.377,"Silva","NEON_D07_MLBS_DP1_537000_4142000_classified_point_cloud.laz","2018_MLBS_3_537000_4142000_image.tif","Tree",1,537000,537999.999,4142000,4142999.999
"8512",8512,537333.073,537341.999,4142954.584,4142963.992,"Silva","NEON_D07_MLBS_DP1_537000_4142000_classified_point_cloud.laz","2018_MLBS_3_537000_4142000_image.tif","Tree",1,537000,537999.999,4142000,4142999.999
"8513",8513,537326.038,537332.997,4142953.619,4142964.994,"Silva","NEON_D07_MLBS_DP1_537000_4142000_classified_point_cloud.laz","2018_MLBS_3_537000_4142000_image.tif","Tree",1,537000,537999.999,4142000,4142999.999
"8514",8514,537347.504,537355.482,4142955.004,4142964.993,"Silva","NEON_D07_MLBS_DP1_537000_4142000_classified_point_cloud.laz","2018_MLBS_3_537000_4142000_image.tif","Tree",1,537000,537999.999,4142000,4142999.999
"8515",8515,537331.528,537345.404,4142946.871,4142957.351,"Silva","NEON_D07_MLBS_DP1_537000_4142000_classified_point_cloud.laz","2018_MLBS_3_537000_4142000_image.tif","Tree",1,537000,537999.999,4142000,4142999.999
"8516",8516,537345.096,537351.968,4142949.503,4142956.46,"Silva","NEON_D07_MLBS_DP1_537000_4142000_classified_point_cloud.laz","2018_MLBS_3_537000_4142000_image.tif","Tree",1,537000,537999.999,4142000,4142999.999
"8517",8517,537339.016,537347.42,4142946.131,4142952.926,"Silva","NEON_D07_MLBS_DP1_537000_4142000_classified_point_cloud.laz","2018_MLBS_3_537000_4142000_image.tif","Tree",1,537000,537999.999,4142000,4142999.999
"8518",8518,537298.631,537307.475,4142946.022,4142953.472,"Silva","NEON_D07_MLBS_DP1_537000_4142000_classified_point_cloud.laz","2018_MLBS_3_537000_4142000_image.tif","Tree",1,537000,537999.999,4142000,4142999.999
"8519",8519,537306.016,537317.935,4142943.514,4142948.988,"Silva","NEON_D07_MLBS_DP1_537000_4142000_classified_point_cloud.laz","2018_MLBS_3_537000_4142000_image.tif","Tree",1,537000,537999.999,4142000,4142999.999
"8520",8520,537348.623,537359.497,4142936.558,4142944.987,"Silva","NEON_D07_MLBS_DP1_537000_4142000_classified_point_cloud.laz","2018_MLBS_3_537000_4142000_image.tif","Tree",1,537000,537999.999,4142000,4142999.999
"8521",8521,537289.042,537294.891,4142934.623,4142945.401,"Silva","NEON_D07_MLBS_DP1_537000_4142000_classified_point_cloud.laz","2018_MLBS_3_537000_4142000_image.tif","Tree",1,537000,537999.999,4142000,4142999.999
"8522",8522,537129.518,537139.494,4142945.182,4142952.982,"Silva","NEON_D07_MLBS_DP1_537000_4142000_classified_point_cloud.laz","2018_MLBS_3_537000_4142000_image.tif","Tree",1,537000,537999.999,4142000,4142999.999
"8523",8523,537105.534,537116.997,4142950.627,4142962.468,"Silva","NEON_D07_MLBS_DP1_537000_4142000_classified_point_cloud.laz","2018_MLBS_3_537000_4142000_image.tif","Tree",1,537000,537999.999,4142000,4142999.999
"8524",8524,537134.501,537144.486,4142947.501,4142959.499,"Silva","NEON_D07_MLBS_DP1_537000_4142000_classified_point_cloud.laz","2018_MLBS_3_537000_4142000_image.tif","Tree",1,537000,537999.999,4142000,4142999.999
"8525",8525,537115.524,537123.864,4142950.527,4142959.883,"Silva","NEON_D07_MLBS_DP1_537000_4142000_classified_point_cloud.laz","2018_MLBS_3_537000_4142000_image.tif","Tree",1,537000,537999.999,4142000,4142999.999
"8526",8526,537146.002,537158.499,4142954.511,4142963.994,"Silva","NEON_D07_MLBS_DP1_537000_4142000_classified_point_cloud.laz","2018_MLBS_3_537000_4142000_image.tif","Tree",1,537000,537999.999,4142000,4142999.999
"8527",8527,537139.067,537149.47,4142962.039,4142968.497,"Silva","NEON_D07_MLBS_DP1_537000_4142000_classified_point_cloud.laz","2018_MLBS_3_537000_4142000_image.tif","Tree",1,537000,537999.999,4142000,4142999.999
"8528",8528,537102.291,537113.992,4142961.019,4142973.802,"Silva","NEON_D07_MLBS_DP1_537000_4142000_classified_point_cloud.laz","2018_MLBS_3_537000_4142000_image.tif","Tree",1,537000,537999.999,4142000,4142999.999
"8529",8529,537131.5,537139.445,4142962.504,4142973.496,"Silva","NEON_D07_MLBS_DP1_537000_4142000_classified_point_cloud.laz","2018_MLBS_3_537000_4142000_image.tif","Tree",1,537000,537999.999,4142000,4142999.999
"8530",8530,537112.592,537122.932,4142963.01,4142973.471,"Silva","NEON_D07_MLBS_DP1_537000_4142000_classified_point_cloud.laz","2018_MLBS_3_537000_4142000_image.tif","Tree",1,537000,537999.999,4142000,4142999.999
"8531",8531,537148.011,537156.871,4142971.002,4142978.922,"Silva","NEON_D07_MLBS_DP1_537000_4142000_classified_point_cloud.laz","2018_MLBS_3_537000_4142000_image.tif","Tree",1,537000,537999.999,4142000,4142999.999
"8532",8532,537113.003,537119.963,4142974.079,4142984.893,"Silva","NEON_D07_MLBS_DP1_537000_4142000_classified_point_cloud.laz","2018_MLBS_3_537000_4142000_image.tif","Tree",1,537000,537999.999,4142000,4142999.999
"8533",8533,537135.074,537144.48,4142978.084,4142986.492,"Silva","NEON_D07_MLBS_DP1_537000_4142000_classified_point_cloud.laz","2018_MLBS_3_537000_4142000_image.tif","Tree",1,537000,537999.999,4142000,4142999.999
"8534",8534,537106.512,537114.934,4142982.53,4142989.496,"Silva","NEON_D07_MLBS_DP1_537000_4142000_classified_point_cloud.laz","2018_MLBS_3_537000_4142000_image.tif","Tree",1,537000,537999.999,4142000,4142999.999
"8535",8535,537140.339,537148.995,4142981.013,4142990.461,"Silva","NEON_D07_MLBS_DP1_537000_4142000_classified_point_cloud.laz","2018_MLBS_3_537000_4142000_image.tif","Tree",1,537000,537999.999,4142000,4142999.999
"8536",8536,537153.505,537161.995,4142978.014,4142987.992,"Silva","NEON_D07_MLBS_DP1_537000_4142000_classified_point_cloud.laz","2018_MLBS_3_537000_4142000_image.tif","Tree",1,537000,537999.999,4142000,4142999.999
"8537",8537,537117.099,537127.465,4142985.513,4142993.974,"Silva","NEON_D07_MLBS_DP1_537000_4142000_classified_point_cloud.laz","2018_MLBS_3_537000_4142000_image.tif","Tree",1,537000,537999.999,4142000,4142999.999
"8538",8538,537106.01,537111.474,4142989.001,4142998.31,"Silva","NEON_D07_MLBS_DP1_537000_4142000_classified_point_cloud.laz","2018_MLBS_3_537000_4142000_image.tif","Tree",1,537000,537999.999,4142000,4142999.999
"8539",8539,537131.521,537142.491,4142985.066,4142993.96,"Silva","NEON_D07_MLBS_DP1_537000_4142000_classified_point_cloud.laz","2018_MLBS_3_537000_4142000_image.tif","Tree",1,537000,537999.999,4142000,4142999.999
"8540",8540,537149.503,537157.465,4142987.505,4142996.426,"Silva","NEON_D07_MLBS_DP1_537000_4142000_classified_point_cloud.laz","2018_MLBS_3_537000_4142000_image.tif","Tree",1,537000,537999.999,4142000,4142999.999
"8541",8541,537123.502,537131.976,4142990.061,4142999.999,"Silva","NEON_D07_MLBS_DP1_537000_4142000_classified_point_cloud.laz","2018_MLBS_3_537000_4142000_image.tif","Tree",1,537000,537999.999,4142000,4142999.999
"8542",8542,537143.505,537151.704,4142989.502,4142998.94,"Silva","NEON_D07_MLBS_DP1_537000_4142000_classified_point_cloud.laz","2018_MLBS_3_537000_4142000_image.tif","Tree",1,537000,537999.999,4142000,4142999.999
"8543",8543,537105.09,537117.49,4142995.589,4142999.996,"Silva","NEON_D07_MLBS_DP1_537000_4142000_classified_point_cloud.laz","2018_MLBS_3_537000_4142000_image.tif","Tree",1,537000,537999.999,4142000,4142999.999
"8544",8544,537192.003,537199.483,4142937.003,4142944.47,"Silva","NEON_D07_MLBS_DP1_537000_4142000_classified_point_cloud.laz","2018_MLBS_3_537000_4142000_image.tif","Tree",1,537000,537999.999,4142000,4142999.999
"8545",8545,537159.007,537171.98,4142934.588,4142945.996,"Silva","NEON_D07_MLBS_DP1_537000_4142000_classified_point_cloud.laz","2018_MLBS_3_537000_4142000_image.tif","Tree",1,537000,537999.999,4142000,4142999.999
"8546",8546,537172.009,537183.454,4142938.004,4142947.937,"Silva","NEON_D07_MLBS_DP1_537000_4142000_classified_point_cloud.laz","2018_MLBS_3_537000_4142000_image.tif","Tree",1,537000,537999.999,4142000,4142999.999
"8547",8547,537215.599,537221.968,4142946.324,4142952.99,"Silva","NEON_D07_MLBS_DP1_537000_4142000_classified_point_cloud.laz","2018_MLBS_3_537000_4142000_image.tif","Tree",1,537000,537999.999,4142000,4142999.999
"8548",8548,537176.517,537182.478,4142949.508,4142959.244,"Silva","NEON_D07_MLBS_DP1_537000_4142000_classified_point_cloud.laz","2018_MLBS_3_537000_4142000_image.tif","Tree",1,537000,537999.999,4142000,4142999.999
"8549",8549,537179.5,537185.972,4142952.504,4142961.452,"Silva","NEON_D07_MLBS_DP1_537000_4142000_classified_point_cloud.laz","2018_MLBS_3_537000_4142000_image.tif","Tree",1,537000,537999.999,4142000,4142999.999
"8550",8550,537185.007,537192.46,4142952.107,4142961.472,"Silva","NEON_D07_MLBS_DP1_537000_4142000_classified_point_cloud.laz","2018_MLBS_3_537000_4142000_image.tif","Tree",1,537000,537999.999,4142000,4142999.999
"8551",8551,537166.506,537177.495,4142955.668,4142963.473,"Silva","NEON_D07_MLBS_DP1_537000_4142000_classified_point_cloud.laz","2018_MLBS_3_537000_4142000_image.tif","Tree",1,537000,537999.999,4142000,4142999.999
"8552",8552,537190.069,537198.965,4142953.572,4142965.468,"Silva","NEON_D07_MLBS_DP1_537000_4142000_classified_point_cloud.laz","2018_MLBS_3_537000_4142000_image.tif","Tree",1,537000,537999.999,4142000,4142999.999
"8553",8553,537157.152,537168.994,4142959.008,4142970.496,"Silva","NEON_D07_MLBS_DP1_537000_4142000_classified_point_cloud.laz","2018_MLBS_3_537000_4142000_image.tif","Tree",1,537000,537999.999,4142000,4142999.999
"8554",8554,537208.617,537215.999,4142958.502,4142965.993,"Silva","NEON_D07_MLBS_DP1_537000_4142000_classified_point_cloud.laz","2018_MLBS_3_537000_4142000_image.tif","Tree",1,537000,537999.999,4142000,4142999.999
"8555",8555,537215.005,537220.473,4142958.102,4142965.387,"Silva","NEON_D07_MLBS_DP1_537000_4142000_classified_point_cloud.laz","2018_MLBS_3_537000_4142000_image.tif","Tree",1,537000,537999.999,4142000,4142999.999
"8556",8556,537169.004,537177.912,4142963.002,4142971.264,"Silva","NEON_D07_MLBS_DP1_537000_4142000_classified_point_cloud.laz","2018_MLBS_3_537000_4142000_image.tif","Tree",1,537000,537999.999,4142000,4142999.999
"8557",8557,537182.019,537191.972,4142960.522,4142969.481,"Silva","NEON_D07_MLBS_DP1_537000_4142000_classified_point_cloud.laz","2018_MLBS_3_537000_4142000_image.tif","Tree",1,537000,537999.999,4142000,4142999.999
"8558",8558,537204.098,537211.966,4142960.128,4142970.91,"Silva","NEON_D07_MLBS_DP1_537000_4142000_classified_point_cloud.laz","2018_MLBS_3_537000_4142000_image.tif","Tree",1,537000,537999.999,4142000,4142999.999
"8559",8559,537196.63,537206.489,4142964.005,4142974.483,"Silva","NEON_D07_MLBS_DP1_537000_4142000_classified_point_cloud.laz","2018_MLBS_3_537000_4142000_image.tif","Tree",1,537000,537999.999,4142000,4142999.999
"8560",8560,537177.525,537184.425,4142966.013,4142973.5,"Silva","NEON_D07_MLBS_DP1_537000_4142000_classified_point_cloud.laz","2018_MLBS_3_537000_4142000_image.tif","Tree",1,537000,537999.999,4142000,4142999.999
"8561",8561,537155.526,537164.46,4142967.549,4142978.964,"Silva","NEON_D07_MLBS_DP1_537000_4142000_classified_point_cloud.laz","2018_MLBS_3_537000_4142000_image.tif","Tree",1,537000,537999.999,4142000,4142999.999
"8562",8562,537215.006,537219.983,4142965.513,4142972.976,"Silva","NEON_D07_MLBS_DP1_537000_4142000_classified_point_cloud.laz","2018_MLBS_3_537000_4142000_image.tif","Tree",1,537000,537999.999,4142000,4142999.999
"8563",8563,537172.576,537181.486,4142969.013,4142977.835,"Silva","NEON_D07_MLBS_DP1_537000_4142000_classified_point_cloud.laz","2018_MLBS_3_537000_4142000_image.tif","Tree",1,537000,537999.999,4142000,4142999.999
"8564",8564,537182.018,537189.446,4142972.558,4142978.992,"Silva","NEON_D07_MLBS_DP1_537000_4142000_classified_point_cloud.laz","2018_MLBS_3_537000_4142000_image.tif","Tree",1,537000,537999.999,4142000,4142999.999
"8565",8565,537177.064,537183.981,4142975.78,4142984.475,"Silva","NEON_D07_MLBS_DP1_537000_4142000_classified_point_cloud.laz","2018_MLBS_3_537000_4142000_image.tif","Tree",1,537000,537999.999,4142000,4142999.999
"8566",8566,537186.511,537196.985,4142979.509,4142989.893,"Silva","NEON_D07_MLBS_DP1_537000_4142000_classified_point_cloud.laz","2018_MLBS_3_537000_4142000_image.tif","Tree",1,537000,537999.999,4142000,4142999.999
"8567",8567,537181.01,537188.961,4142984.043,4142991.434,"Silva","NEON_D07_MLBS_DP1_537000_4142000_classified_point_cloud.laz","2018_MLBS_3_537000_4142000_image.tif","Tree",1,537000,537999.999,4142000,4142999.999
"8568",8568,537220.025,537224.987,4142981.513,4142989.926,"Silva","NEON_D07_MLBS_DP1_537000_4142000_classified_point_cloud.laz","2018_MLBS_3_537000_4142000_image.tif","Tree",1,537000,537999.999,4142000,4142999.999
"8569",8569,537210.741,537221.176,4142983.019,4142992.287,"Silva","NEON_D07_MLBS_DP1_537000_4142000_classified_point_cloud.laz","2018_MLBS_3_537000_4142000_image.tif","Tree",1,537000,537999.999,4142000,4142999.999
"8570",8570,537159.552,537165.969,4142988.031,4142996.985,"Silva","NEON_D07_MLBS_DP1_537000_4142000_classified_point_cloud.laz","2018_MLBS_3_537000_4142000_image.tif","Tree",1,537000,537999.999,4142000,4142999.999
"8571",8571,537168.795,537175.445,4142989.637,4142996.578,"Silva","NEON_D07_MLBS_DP1_537000_4142000_classified_point_cloud.laz","2018_MLBS_3_537000_4142000_image.tif","Tree",1,537000,537999.999,4142000,4142999.999
"8572",8572,537199.006,537210.697,4142985.558,4142993.996,"Silva","NEON_D07_MLBS_DP1_537000_4142000_classified_point_cloud.laz","2018_MLBS_3_537000_4142000_image.tif","Tree",1,537000,537999.999,4142000,4142999.999
"8573",8573,537178.012,537185.993,4142990.016,4142995.49,"Silva","NEON_D07_MLBS_DP1_537000_4142000_classified_point_cloud.laz","2018_MLBS_3_537000_4142000_image.tif","Tree",1,537000,537999.999,4142000,4142999.999
"8574",8574,537162.546,537167.989,4142993.512,4142999.968,"Silva","NEON_D07_MLBS_DP1_537000_4142000_classified_point_cloud.laz","2018_MLBS_3_537000_4142000_image.tif","Tree",1,537000,537999.999,4142000,4142999.999
"8575",8575,537172.067,537178.492,4142991.544,4142997.985,"Silva","NEON_D07_MLBS_DP1_537000_4142000_classified_point_cloud.laz","2018_MLBS_3_537000_4142000_image.tif","Tree",1,537000,537999.999,4142000,4142999.999
"8576",8576,537185.089,537192.86,4142990.033,4142997.498,"Silva","NEON_D07_MLBS_DP1_537000_4142000_classified_point_cloud.laz","2018_MLBS_3_537000_4142000_image.tif","Tree",1,537000,537999.999,4142000,4142999.999
"8577",8577,537156.546,537163.952,4142996.023,4142999.997,"Silva","NEON_D07_MLBS_DP1_537000_4142000_classified_point_cloud.laz","2018_MLBS_3_537000_4142000_image.tif","Tree",1,537000,537999.999,4142000,4142999.999
"8578",8578,537171.501,537176.483,4142997.502,4142999.985,"Silva","NEON_D07_MLBS_DP1_537000_4142000_classified_point_cloud.laz","2018_MLBS_3_537000_4142000_image.tif","Tree",1,537000,537999.999,4142000,4142999.999
"8579",8579,537186.502,537192.996,4142997.521,4142999.997,"Silva","NEON_D07_MLBS_DP1_537000_4142000_classified_point_cloud.laz","2018_MLBS_3_537000_4142000_image.tif","Tree",1,537000,537999.999,4142000,4142999.999
"8580",8580,537193.01,537201.971,4142994.714,4142999.995,"Silva","NEON_D07_MLBS_DP1_537000_4142000_classified_point_cloud.laz","2018_MLBS_3_537000_4142000_image.tif","Tree",1,537000,537999.999,4142000,4142999.999
"8581",8581,537235.564,537241.979,4142942.269,4142950.824,"Silva","NEON_D07_MLBS_DP1_537000_4142000_classified_point_cloud.laz","2018_MLBS_3_537000_4142000_image.tif","Tree",1,537000,537999.999,4142000,4142999.999
"8582",8582,537277.623,537285.497,4142938.802,4142948.138,"Silva","NEON_D07_MLBS_DP1_537000_4142000_classified_point_cloud.laz","2018_MLBS_3_537000_4142000_image.tif","Tree",1,537000,537999.999,4142000,4142999.999
"8583",8583,537270.523,537278.322,4142945.373,4142953.995,"Silva","NEON_D07_MLBS_DP1_537000_4142000_classified_point_cloud.laz","2018_MLBS_3_537000_4142000_image.tif","Tree",1,537000,537999.999,4142000,4142999.999
"8584",8584,537230.013,537238.922,4142944.528,4142954.302,"Silva","NEON_D07_MLBS_DP1_537000_4142000_classified_point_cloud.laz","2018_MLBS_3_537000_4142000_image.tif","Tree",1,537000,537999.999,4142000,4142999.999
"8585",8585,537237.037,537244.952,4142950.513,4142957.286,"Silva","NEON_D07_MLBS_DP1_537000_4142000_classified_point_cloud.laz","2018_MLBS_3_537000_4142000_image.tif","Tree",1,537000,537999.999,4142000,4142999.999
"8586",8586,537282.514,537290.497,4142947.612,4142956.485,"Silva","NEON_D07_MLBS_DP1_537000_4142000_classified_point_cloud.laz","2018_MLBS_3_537000_4142000_image.tif","Tree",1,537000,537999.999,4142000,4142999.999
"8587",8587,537226.011,537230.492,4142952.554,4142961.896,"Silva","NEON_D07_MLBS_DP1_537000_4142000_classified_point_cloud.laz","2018_MLBS_3_537000_4142000_image.tif","Tree",1,537000,537999.999,4142000,4142999.999
"8588",8588,537248.61,537259.916,4142951.502,4142959.987,"Silva","NEON_D07_MLBS_DP1_537000_4142000_classified_point_cloud.laz","2018_MLBS_3_537000_4142000_image.tif","Tree",1,537000,537999.999,4142000,4142999.999
"8589",8589,537221.515,537226.472,4142954.065,4142960.42,"Silva","NEON_D07_MLBS_DP1_537000_4142000_classified_point_cloud.laz","2018_MLBS_3_537000_4142000_image.tif","Tree",1,537000,537999.999,4142000,4142999.999
"8590",8590,537230.5,537236.76,4142953.046,4142963.995,"Silva","NEON_D07_MLBS_DP1_537000_4142000_classified_point_cloud.laz","2018_MLBS_3_537000_4142000_image.tif","Tree",1,537000,537999.999,4142000,4142999.999
"8591",8591,537241.544,537249.41,4142956.326,4142962.994,"Silva","NEON_D07_MLBS_DP1_537000_4142000_classified_point_cloud.laz","2018_MLBS_3_537000_4142000_image.tif","Tree",1,537000,537999.999,4142000,4142999.999
"8592",8592,537266.177,537274.476,4142956.024,4142963.441,"Silva","NEON_D07_MLBS_DP1_537000_4142000_classified_point_cloud.laz","2018_MLBS_3_537000_4142000_image.tif","Tree",1,537000,537999.999,4142000,4142999.999
"8593",8593,537222.124,537230.961,4142965.517,4142970.485,"Silva","NEON_D07_MLBS_DP1_537000_4142000_classified_point_cloud.laz","2018_MLBS_3_537000_4142000_image.tif","Tree",1,537000,537999.999,4142000,4142999.999
"8594",8594,537277.505,537284.491,4142960.008,4142967.411,"Silva","NEON_D07_MLBS_DP1_537000_4142000_classified_point_cloud.laz","2018_MLBS_3_537000_4142000_image.tif","Tree",1,537000,537999.999,4142000,4142999.999
"8595",8595,537237.61,537244.989,4142966.132,4142973.978,"Silva","NEON_D07_MLBS_DP1_537000_4142000_classified_point_cloud.laz","2018_MLBS_3_537000_4142000_image.tif","Tree",1,537000,537999.999,4142000,4142999.999
"8596",8596,537252.5,537262.467,4142964.513,4142969.861,"Silva","NEON_D07_MLBS_DP1_537000_4142000_classified_point_cloud.laz","2018_MLBS_3_537000_4142000_image.tif","Tree",1,537000,537999.999,4142000,4142999.999
"8597",8597,537229.519,537238.492,4142965.539,4142977.755,"Silva","NEON_D07_MLBS_DP1_537000_4142000_classified_point_cloud.laz","2018_MLBS_3_537000_4142000_image.tif","Tree",1,537000,537999.999,4142000,4142999.999
"8598",8598,537262.524,537274.491,4142964.53,4142975.454,"Silva","NEON_D07_MLBS_DP1_537000_4142000_classified_point_cloud.laz","2018_MLBS_3_537000_4142000_image.tif","Tree",1,537000,537999.999,4142000,4142999.999
"8599",8599,537233.56,537245.48,4142971.535,4142980.944,"Silva","NEON_D07_MLBS_DP1_537000_4142000_classified_point_cloud.laz","2018_MLBS_3_537000_4142000_image.tif","Tree",1,537000,537999.999,4142000,4142999.999
"8600",8600,537282.12,537289.963,4142968.55,4142975.995,"Silva","NEON_D07_MLBS_DP1_537000_4142000_classified_point_cloud.laz","2018_MLBS_3_537000_4142000_image.tif","Tree",1,537000,537999.999,4142000,4142999.999
"8601",8601,537241.676,537250.498,4142976.739,4142987.472,"Silva","NEON_D07_MLBS_DP1_537000_4142000_classified_point_cloud.laz","2018_MLBS_3_537000_4142000_image.tif","Tree",1,537000,537999.999,4142000,4142999.999
"8602",8602,537224.141,537233.998,4142980.502,4142988.488,"Silva","NEON_D07_MLBS_DP1_537000_4142000_classified_point_cloud.laz","2018_MLBS_3_537000_4142000_image.tif","Tree",1,537000,537999.999,4142000,4142999.999
"8603",8603,537261.529,537270.494,4142984.007,4142993.965,"Silva","NEON_D07_MLBS_DP1_537000_4142000_classified_point_cloud.laz","2018_MLBS_3_537000_4142000_image.tif","Tree",1,537000,537999.999,4142000,4142999.999
"8604",8604,537256.008,537263.978,4142987.524,4142995.486,"Silva","NEON_D07_MLBS_DP1_537000_4142000_classified_point_cloud.laz","2018_MLBS_3_537000_4142000_image.tif","Tree",1,537000,537999.999,4142000,4142999.999
"8605",8605,537221.516,537230.995,4142992.592,4142999.993,"Silva","NEON_D07_MLBS_DP1_537000_4142000_classified_point_cloud.laz","2018_MLBS_3_537000_4142000_image.tif","Tree",1,537000,537999.999,4142000,4142999.999
"8606",8606,537235.117,537239.993,4142995.508,4142999.982,"Silva","NEON_D07_MLBS_DP1_537000_4142000_classified_point_cloud.laz","2018_MLBS_3_537000_4142000_image.tif","Tree",1,537000,537999.999,4142000,4142999.999
"8607",8607,537256.087,537260.921,4142995.508,4142999.963,"Silva","NEON_D07_MLBS_DP1_537000_4142000_classified_point_cloud.laz","2018_MLBS_3_537000_4142000_image.tif","Tree",1,537000,537999.999,4142000,4142999.999
"8608",8608,537263.178,537268.951,4142994.068,4142999.994,"Silva","NEON_D07_MLBS_DP1_537000_4142000_classified_point_cloud.laz","2018_MLBS_3_537000_4142000_image.tif","Tree",1,537000,537999.999,4142000,4142999.999
"8609",8609,537286.008,537288.996,4142989.503,4142999.995,"Silva","NEON_D07_MLBS_DP1_537000_4142000_classified_point_cloud.laz","2018_MLBS_3_537000_4142000_image.tif","Tree",1,537000,537999.999,4142000,4142999.999
"8610",8610,537285.042,537294.404,4142944.603,4142951.466,"Silva","NEON_D07_MLBS_DP1_537000_4142000_classified_point_cloud.laz","2018_MLBS_3_537000_4142000_image.tif","Tree",1,537000,537999.999,4142000,4142999.999
"8611",8611,537294.029,537303.786,4142951.506,4142961.32,"Silva","NEON_D07_MLBS_DP1_537000_4142000_classified_point_cloud.laz","2018_MLBS_3_537000_4142000_image.tif","Tree",1,537000,537999.999,4142000,4142999.999
"8612",8612,537291.332,537299.466,4142960.609,4142968.429,"Silva","NEON_D07_MLBS_DP1_537000_4142000_classified_point_cloud.laz","2018_MLBS_3_537000_4142000_image.tif","Tree",1,537000,537999.999,4142000,4142999.999
"8613",8613,537302.5,537308.852,4142992.528,4142997.465,"Silva","NEON_D07_MLBS_DP1_537000_4142000_classified_point_cloud.laz","2018_MLBS_3_537000_4142000_image.tif","Tree",1,537000,537999.999,4142000,4142999.999
"8614",8614,537303.004,537307.992,4142997.034,4142999.99,"Silva","NEON_D07_MLBS_DP1_537000_4142000_classified_point_cloud.laz","2018_MLBS_3_537000_4142000_image.tif","Tree",1,537000,537999.999,4142000,4142999.999
"8615",8615,537320.14,537326.974,4142993.501,4142999.993,"Silva","NEON_D07_MLBS_DP1_537000_4142000_classified_point_cloud.laz","2018_MLBS_3_537000_4142000_image.tif","Tree",1,537000,537999.999,4142000,4142999.999
"8616",8616,537327.004,537338.988,4142990.01,4142999.998,"Silva","NEON_D07_MLBS_DP1_537000_4142000_classified_point_cloud.laz","2018_MLBS_3_537000_4142000_image.tif","Tree",1,537000,537999.999,4142000,4142999.999
"8617",8617,537351.503,537361.491,4142537.544,4142545.997,"Silva","NEON_D07_MLBS_DP1_537000_4142000_classified_point_cloud.laz","2018_MLBS_3_537000_4142000_image.tif","Tree",1,537000,537999.999,4142000,4142999.999
"8618",8618,537382.009,537388.406,4142534.096,4142546.995,"Silva","NEON_D07_MLBS_DP1_537000_4142000_classified_point_cloud.laz","2018_MLBS_3_537000_4142000_image.tif","Tree",1,537000,537999.999,4142000,4142999.999
"8619",8619,537363.227,537373.806,4142500.464,4142512.439,"Silva","NEON_D07_MLBS_DP1_537000_4142000_classified_point_cloud.laz","2018_MLBS_3_537000_4142000_image.tif","Tree",1,537000,537999.999,4142000,4142999.999
"8620",8620,537386.592,537394.439,4142502.001,4142509.893,"Silva","NEON_D07_MLBS_DP1_537000_4142000_classified_point_cloud.laz","2018_MLBS_3_537000_4142000_image.tif","Tree",1,537000,537999.999,4142000,4142999.999
"8621",8621,537463.02,537470.564,4142528.12,4142538.475,"Silva","NEON_D07_MLBS_DP1_537000_4142000_classified_point_cloud.laz","2018_MLBS_3_537000_4142000_image.tif","Tree",1,537000,537999.999,4142000,4142999.999
"8622",8622,537439.024,537450.493,4142530.515,4142538.998,"Silva","NEON_D07_MLBS_DP1_537000_4142000_classified_point_cloud.laz","2018_MLBS_3_537000_4142000_image.tif","Tree",1,537000,537999.999,4142000,4142999.999
"8623",8623,537457.5,537464.401,4142528.001,4142536.959,"Silva","NEON_D07_MLBS_DP1_537000_4142000_classified_point_cloud.laz","2018_MLBS_3_537000_4142000_image.tif","Tree",1,537000,537999.999,4142000,4142999.999
"8624",8624,537459.008,537465.99,4142506.005,4142516.996,"Silva","NEON_D07_MLBS_DP1_537000_4142000_classified_point_cloud.laz","2018_MLBS_3_537000_4142000_image.tif","Tree",1,537000,537999.999,4142000,4142999.999
"8625",8625,537486.308,537493.469,4142538.184,4142546.998,"Silva","NEON_D07_MLBS_DP1_537000_4142000_classified_point_cloud.laz","2018_MLBS_3_537000_4142000_image.tif","Tree",1,537000,537999.999,4142000,4142999.999
"8626",8626,537384.738,537394.979,4142543.03,4142551.909,"Silva","NEON_D07_MLBS_DP1_537000_4142000_classified_point_cloud.laz","2018_MLBS_3_537000_4142000_image.tif","Tree",1,537000,537999.999,4142000,4142999.999
"8627",8627,537404.015,537410.496,4142546.042,4142552.934,"Silva","NEON_D07_MLBS_DP1_537000_4142000_classified_point_cloud.laz","2018_MLBS_3_537000_4142000_image.tif","Tree",1,537000,537999.999,4142000,4142999.999
"8628",8628,537376.535,537385.454,4142547.01,4142555.394,"Silva","NEON_D07_MLBS_DP1_537000_4142000_classified_point_cloud.laz","2018_MLBS_3_537000_4142000_image.tif","Tree",1,537000,537999.999,4142000,4142999.999
"8629",8629,537400.519,537408.514,4142548.053,4142555.994,"Silva","NEON_D07_MLBS_DP1_537000_4142000_classified_point_cloud.laz","2018_MLBS_3_537000_4142000_image.tif","Tree",1,537000,537999.999,4142000,4142999.999
"8630",8630,537415.122,537422.455,4142549.506,4142556.959,"Silva","NEON_D07_MLBS_DP1_537000_4142000_classified_point_cloud.laz","2018_MLBS_3_537000_4142000_image.tif","Tree",1,537000,537999.999,4142000,4142999.999
"8631",8631,537384.634,537391.331,4142549.74,4142560.4,"Silva","NEON_D07_MLBS_DP1_537000_4142000_classified_point_cloud.laz","2018_MLBS_3_537000_4142000_image.tif","Tree",1,537000,537999.999,4142000,4142999.999
"8632",8632,537377.071,537385.443,4142553.912,4142559.971,"Silva","NEON_D07_MLBS_DP1_537000_4142000_classified_point_cloud.laz","2018_MLBS_3_537000_4142000_image.tif","Tree",1,537000,537999.999,4142000,4142999.999
"8633",8633,537408.641,537415.337,4142553.052,4142559.936,"Silva","NEON_D07_MLBS_DP1_537000_4142000_classified_point_cloud.laz","2018_MLBS_3_537000_4142000_image.tif","Tree",1,537000,537999.999,4142000,4142999.999
"8634",8634,537373.053,537379.485,4142561.086,4142568.471,"Silva","NEON_D07_MLBS_DP1_537000_4142000_classified_point_cloud.laz","2018_MLBS_3_537000_4142000_image.tif","Tree",1,537000,537999.999,4142000,4142999.999
"8635",8635,537402.562,537410.995,4142566.515,4142573.958,"Silva","NEON_D07_MLBS_DP1_537000_4142000_classified_point_cloud.laz","2018_MLBS_3_537000_4142000_image.tif","Tree",1,537000,537999.999,4142000,4142999.999
"8636",8636,537416.527,537422.986,4142564.511,4142571.915,"Silva","NEON_D07_MLBS_DP1_537000_4142000_classified_point_cloud.laz","2018_MLBS_3_537000_4142000_image.tif","Tree",1,537000,537999.999,4142000,4142999.999
"8637",8637,537409.534,537415.984,4142569.602,4142577.498,"Silva","NEON_D07_MLBS_DP1_537000_4142000_classified_point_cloud.laz","2018_MLBS_3_537000_4142000_image.tif","Tree",1,537000,537999.999,4142000,4142999.999
"8638",8638,537415.015,537424.88,4142575.047,4142581.855,"Silva","NEON_D07_MLBS_DP1_537000_4142000_classified_point_cloud.laz","2018_MLBS_3_537000_4142000_image.tif","Tree",1,537000,537999.999,4142000,4142999.999
"8639",8639,537430.622,537439.349,4142538.528,4142549.772,"Silva","NEON_D07_MLBS_DP1_537000_4142000_classified_point_cloud.laz","2018_MLBS_3_537000_4142000_image.tif","Tree",1,537000,537999.999,4142000,4142999.999
"8640",8640,537438.041,537442.993,4142539.908,4142551.921,"Silva","NEON_D07_MLBS_DP1_537000_4142000_classified_point_cloud.laz","2018_MLBS_3_537000_4142000_image.tif","Tree",1,537000,537999.999,4142000,4142999.999
"8641",8641,537434.603,537439.99,4142545.708,4142551.474,"Silva","NEON_D07_MLBS_DP1_537000_4142000_classified_point_cloud.laz","2018_MLBS_3_537000_4142000_image.tif","Tree",1,537000,537999.999,4142000,4142999.999
"8642",8642,537441.5,537447.999,4142543.575,4142552.924,"Silva","NEON_D07_MLBS_DP1_537000_4142000_classified_point_cloud.laz","2018_MLBS_3_537000_4142000_image.tif","Tree",1,537000,537999.999,4142000,4142999.999
"8643",8643,537427.001,537434.372,4142547.36,4142555.5,"Silva","NEON_D07_MLBS_DP1_537000_4142000_classified_point_cloud.laz","2018_MLBS_3_537000_4142000_image.tif","Tree",1,537000,537999.999,4142000,4142999.999
"8644",8644,537473.518,537480.428,4142546.514,4142556.497,"Silva","NEON_D07_MLBS_DP1_537000_4142000_classified_point_cloud.laz","2018_MLBS_3_537000_4142000_image.tif","Tree",1,537000,537999.999,4142000,4142999.999
"8645",8645,537478.014,537485.994,4142547.05,4142558.936,"Silva","NEON_D07_MLBS_DP1_537000_4142000_classified_point_cloud.laz","2018_MLBS_3_537000_4142000_image.tif","Tree",1,537000,537999.999,4142000,4142999.999
"8646",8646,537437.159,537443.984,4142552.159,4142557.492,"Silva","NEON_D07_MLBS_DP1_537000_4142000_classified_point_cloud.laz","2018_MLBS_3_537000_4142000_image.tif","Tree",1,537000,537999.999,4142000,4142999.999
"8647",8647,537437.082,537443.405,4142556.511,4142562.387,"Silva","NEON_D07_MLBS_DP1_537000_4142000_classified_point_cloud.laz","2018_MLBS_3_537000_4142000_image.tif","Tree",1,537000,537999.999,4142000,4142999.999
"8648",8648,537430.681,537438.439,4142559.509,4142566.498,"Silva","NEON_D07_MLBS_DP1_537000_4142000_classified_point_cloud.laz","2018_MLBS_3_537000_4142000_image.tif","Tree",1,537000,537999.999,4142000,4142999.999
"8649",8649,537438.053,537444.467,4142561.529,4142566.425,"Silva","NEON_D07_MLBS_DP1_537000_4142000_classified_point_cloud.laz","2018_MLBS_3_537000_4142000_image.tif","Tree",1,537000,537999.999,4142000,4142999.999
"8650",8650,537435.03,537440.988,4142565.216,4142572.989,"Silva","NEON_D07_MLBS_DP1_537000_4142000_classified_point_cloud.laz","2018_MLBS_3_537000_4142000_image.tif","Tree",1,537000,537999.999,4142000,4142999.999
"8651",8651,537426.508,537435.488,4142565.009,4142573.471,"Silva","NEON_D07_MLBS_DP1_537000_4142000_classified_point_cloud.laz","2018_MLBS_3_537000_4142000_image.tif","Tree",1,537000,537999.999,4142000,4142999.999
"8652",8652,537453.051,537463.424,4142571.014,4142578.958,"Silva","NEON_D07_MLBS_DP1_537000_4142000_classified_point_cloud.laz","2018_MLBS_3_537000_4142000_image.tif","Tree",1,537000,537999.999,4142000,4142999.999
"8653",8653,537444.021,537449.998,4142569.509,4142580.474,"Silva","NEON_D07_MLBS_DP1_537000_4142000_classified_point_cloud.laz","2018_MLBS_3_537000_4142000_image.tif","Tree",1,537000,537999.999,4142000,4142999.999
"8654",8654,537435.032,537442.965,4142572.565,4142580.5,"Silva","NEON_D07_MLBS_DP1_537000_4142000_classified_point_cloud.laz","2018_MLBS_3_537000_4142000_image.tif","Tree",1,537000,537999.999,4142000,4142999.999
"8655",8655,537469.042,537478.942,4142571.512,4142579.44,"Silva","NEON_D07_MLBS_DP1_537000_4142000_classified_point_cloud.laz","2018_MLBS_3_537000_4142000_image.tif","Tree",1,537000,537999.999,4142000,4142999.999
"8656",8656,537481.507,537490.979,4142572.023,4142578.495,"Silva","NEON_D07_MLBS_DP1_537000_4142000_classified_point_cloud.laz","2018_MLBS_3_537000_4142000_image.tif","Tree",1,537000,537999.999,4142000,4142999.999
"8657",8657,537461.509,537469.487,4142573.663,4142585,"Silva","NEON_D07_MLBS_DP1_537000_4142000_classified_point_cloud.laz","2018_MLBS_3_537000_4142000_image.tif","Tree",1,537000,537999.999,4142000,4142999.999
"8658",8658,537479.522,537488.991,4142578.038,4142588.412,"Silva","NEON_D07_MLBS_DP1_537000_4142000_classified_point_cloud.laz","2018_MLBS_3_537000_4142000_image.tif","Tree",1,537000,537999.999,4142000,4142999.999
"8659",8659,537442.013,537449.913,4142580.017,4142588.93,"Silva","NEON_D07_MLBS_DP1_537000_4142000_classified_point_cloud.laz","2018_MLBS_3_537000_4142000_image.tif","Tree",1,537000,537999.999,4142000,4142999.999
"8660",8660,537426.296,537433.49,4142583.021,4142590.985,"Silva","NEON_D07_MLBS_DP1_537000_4142000_classified_point_cloud.laz","2018_MLBS_3_537000_4142000_image.tif","Tree",1,537000,537999.999,4142000,4142999.999
"8661",8661,537455.507,537460.941,4142582.558,4142590.487,"Silva","NEON_D07_MLBS_DP1_537000_4142000_classified_point_cloud.laz","2018_MLBS_3_537000_4142000_image.tif","Tree",1,537000,537999.999,4142000,4142999.999
"8662",8662,537443.534,537450.463,4142585.026,4142593.805,"Silva","NEON_D07_MLBS_DP1_537000_4142000_classified_point_cloud.laz","2018_MLBS_3_537000_4142000_image.tif","Tree",1,537000,537999.999,4142000,4142999.999
"8663",8663,537431.011,537437.493,4142589.017,4142596.991,"Silva","NEON_D07_MLBS_DP1_537000_4142000_classified_point_cloud.laz","2018_MLBS_3_537000_4142000_image.tif","Tree",1,537000,537999.999,4142000,4142999.999
"8664",8664,537366.562,537378.382,4142565.508,4142573.986,"Silva","NEON_D07_MLBS_DP1_537000_4142000_classified_point_cloud.laz","2018_MLBS_3_537000_4142000_image.tif","Tree",1,537000,537999.999,4142000,4142999.999
"8665",8665,537358.526,537366.262,4142569.532,4142579.432,"Silva","NEON_D07_MLBS_DP1_537000_4142000_classified_point_cloud.laz","2018_MLBS_3_537000_4142000_image.tif","Tree",1,537000,537999.999,4142000,4142999.999
"8666",8666,537373.815,537382.912,4142570.071,4142578.924,"Silva","NEON_D07_MLBS_DP1_537000_4142000_classified_point_cloud.laz","2018_MLBS_3_537000_4142000_image.tif","Tree",1,537000,537999.999,4142000,4142999.999
"8667",8667,537366.559,537371.489,4142576.521,4142584.85,"Silva","NEON_D07_MLBS_DP1_537000_4142000_classified_point_cloud.laz","2018_MLBS_3_537000_4142000_image.tif","Tree",1,537000,537999.999,4142000,4142999.999
"8668",8668,537358.111,537367.996,4142577.512,4142586.5,"Silva","NEON_D07_MLBS_DP1_537000_4142000_classified_point_cloud.laz","2018_MLBS_3_537000_4142000_image.tif","Tree",1,537000,537999.999,4142000,4142999.999
"8669",8669,537371.003,537375.951,4142576.139,4142581.985,"Silva","NEON_D07_MLBS_DP1_537000_4142000_classified_point_cloud.laz","2018_MLBS_3_537000_4142000_image.tif","Tree",1,537000,537999.999,4142000,4142999.999
"8670",8670,537380.035,537388.9,4142581.562,4142585.964,"Silva","NEON_D07_MLBS_DP1_537000_4142000_classified_point_cloud.laz","2018_MLBS_3_537000_4142000_image.tif","Tree",1,537000,537999.999,4142000,4142999.999
"8671",8671,537356.023,537367.478,4142580.532,4142590.935,"Silva","NEON_D07_MLBS_DP1_537000_4142000_classified_point_cloud.laz","2018_MLBS_3_537000_4142000_image.tif","Tree",1,537000,537999.999,4142000,4142999.999
"8672",8672,537411.522,537420.375,4142582.32,4142591.887,"Silva","NEON_D07_MLBS_DP1_537000_4142000_classified_point_cloud.laz","2018_MLBS_3_537000_4142000_image.tif","Tree",1,537000,537999.999,4142000,4142999.999
"8673",8673,537396.554,537404.911,4142580.479,4142590.998,"Silva","NEON_D07_MLBS_DP1_537000_4142000_classified_point_cloud.laz","2018_MLBS_3_537000_4142000_image.tif","Tree",1,537000,537999.999,4142000,4142999.999
"8674",8674,537378.025,537384.975,4142588.202,4142593.923,"Silva","NEON_D07_MLBS_DP1_537000_4142000_classified_point_cloud.laz","2018_MLBS_3_537000_4142000_image.tif","Tree",1,537000,537999.999,4142000,4142999.999
"8675",8675,537394.021,537400.378,4142582.694,4142593.353,"Silva","NEON_D07_MLBS_DP1_537000_4142000_classified_point_cloud.laz","2018_MLBS_3_537000_4142000_image.tif","Tree",1,537000,537999.999,4142000,4142999.999
"8676",8676,537362.512,537371.919,4142587.587,4142600.801,"Silva","NEON_D07_MLBS_DP1_537000_4142000_classified_point_cloud.laz","2018_MLBS_3_537000_4142000_image.tif","Tree",1,537000,537999.999,4142000,4142999.999
"8677",8677,537414,537424.484,4142588.049,4142598.448,"Silva","NEON_D07_MLBS_DP1_537000_4142000_classified_point_cloud.laz","2018_MLBS_3_537000_4142000_image.tif","Tree",1,537000,537999.999,4142000,4142999.999
"8678",8678,537392.543,537400.964,4142592.672,4142598.816,"Silva","NEON_D07_MLBS_DP1_537000_4142000_classified_point_cloud.laz","2018_MLBS_3_537000_4142000_image.tif","Tree",1,537000,537999.999,4142000,4142999.999
"8679",8679,537400.58,537411.346,4142592.758,4142598.818,"Silva","NEON_D07_MLBS_DP1_537000_4142000_classified_point_cloud.laz","2018_MLBS_3_537000_4142000_image.tif","Tree",1,537000,537999.999,4142000,4142999.999
"8680",8680,537387.015,537398.772,4142596.032,4142604.902,"Silva","NEON_D07_MLBS_DP1_537000_4142000_classified_point_cloud.laz","2018_MLBS_3_537000_4142000_image.tif","Tree",1,537000,537999.999,4142000,4142999.999
"8681",8681,537364.51,537375.472,4142598.679,4142607.481,"Silva","NEON_D07_MLBS_DP1_537000_4142000_classified_point_cloud.laz","2018_MLBS_3_537000_4142000_image.tif","Tree",1,537000,537999.999,4142000,4142999.999
"8682",8682,537354.537,537364.956,4142598.564,4142607.473,"Silva","NEON_D07_MLBS_DP1_537000_4142000_classified_point_cloud.laz","2018_MLBS_3_537000_4142000_image.tif","Tree",1,537000,537999.999,4142000,4142999.999
"8683",8683,537353.069,537365.41,4142607.001,4142613.351,"Silva","NEON_D07_MLBS_DP1_537000_4142000_classified_point_cloud.laz","2018_MLBS_3_537000_4142000_image.tif","Tree",1,537000,537999.999,4142000,4142999.999
"8684",8684,537409.622,537419.362,4142602.157,4142612.461,"Silva","NEON_D07_MLBS_DP1_537000_4142000_classified_point_cloud.laz","2018_MLBS_3_537000_4142000_image.tif","Tree",1,537000,537999.999,4142000,4142999.999
"8685",8685,537450.003,537456.74,4142585.523,4142591.985,"Silva","NEON_D07_MLBS_DP1_537000_4142000_classified_point_cloud.laz","2018_MLBS_3_537000_4142000_image.tif","Tree",1,537000,537999.999,4142000,4142999.999
"8686",8686,537467.001,537475.348,4142587.756,4142598.484,"Silva","NEON_D07_MLBS_DP1_537000_4142000_classified_point_cloud.laz","2018_MLBS_3_537000_4142000_image.tif","Tree",1,537000,537999.999,4142000,4142999.999
"8687",8687,537442.644,537453.887,4142595.097,4142602.979,"Silva","NEON_D07_MLBS_DP1_537000_4142000_classified_point_cloud.laz","2018_MLBS_3_537000_4142000_image.tif","Tree",1,537000,537999.999,4142000,4142999.999
"8688",8688,537454.035,537462.443,4142595.507,4142603.878,"Silva","NEON_D07_MLBS_DP1_537000_4142000_classified_point_cloud.laz","2018_MLBS_3_537000_4142000_image.tif","Tree",1,537000,537999.999,4142000,4142999.999
"8689",8689,537462.005,537469.995,4142597.502,4142603.995,"Silva","NEON_D07_MLBS_DP1_537000_4142000_classified_point_cloud.laz","2018_MLBS_3_537000_4142000_image.tif","Tree",1,537000,537999.999,4142000,4142999.999
"8690",8690,537422.5,537431.479,4142598.005,4142606.482,"Silva","NEON_D07_MLBS_DP1_537000_4142000_classified_point_cloud.laz","2018_MLBS_3_537000_4142000_image.tif","Tree",1,537000,537999.999,4142000,4142999.999
"8691",8691,537424.048,537432.979,4142606.534,4142612.962,"Silva","NEON_D07_MLBS_DP1_537000_4142000_classified_point_cloud.laz","2018_MLBS_3_537000_4142000_image.tif","Tree",1,537000,537999.999,4142000,4142999.999
"8692",8692,537464.527,537470.414,4142605.691,4142613.975,"Silva","NEON_D07_MLBS_DP1_537000_4142000_classified_point_cloud.laz","2018_MLBS_3_537000_4142000_image.tif","Tree",1,537000,537999.999,4142000,4142999.999
"8693",8693,537472.182,537479.406,4142604.004,4142613.66,"Silva","NEON_D07_MLBS_DP1_537000_4142000_classified_point_cloud.laz","2018_MLBS_3_537000_4142000_image.tif","Tree",1,537000,537999.999,4142000,4142999.999
"8694",8694,537446.585,537456.94,4142601.579,4142611.455,"Silva","NEON_D07_MLBS_DP1_537000_4142000_classified_point_cloud.laz","2018_MLBS_3_537000_4142000_image.tif","Tree",1,537000,537999.999,4142000,4142999.999
"8695",8695,537406.005,537412.476,4142640.03,4142650.847,"Silva","NEON_D07_MLBS_DP1_537000_4142000_classified_point_cloud.laz","2018_MLBS_3_537000_4142000_image.tif","Tree",1,537000,537999.999,4142000,4142999.999
"8696",8696,537412.604,537422.364,4142643.591,4142650.99,"Silva","NEON_D07_MLBS_DP1_537000_4142000_classified_point_cloud.laz","2018_MLBS_3_537000_4142000_image.tif","Tree",1,537000,537999.999,4142000,4142999.999
"8697",8697,537354.555,537364.497,4142647.505,4142659.263,"Silva","NEON_D07_MLBS_DP1_537000_4142000_classified_point_cloud.laz","2018_MLBS_3_537000_4142000_image.tif","Tree",1,537000,537999.999,4142000,4142999.999
"8698",8698,537384.711,537395.493,4142646.522,4142652.881,"Silva","NEON_D07_MLBS_DP1_537000_4142000_classified_point_cloud.laz","2018_MLBS_3_537000_4142000_image.tif","Tree",1,537000,537999.999,4142000,4142999.999
"8699",8699,537415.01,537423.459,4142646.6,4142656.971,"Silva","NEON_D07_MLBS_DP1_537000_4142000_classified_point_cloud.laz","2018_MLBS_3_537000_4142000_image.tif","Tree",1,537000,537999.999,4142000,4142999.999
"8700",8700,537407.045,537416.976,4142656.514,4142666,"Silva","NEON_D07_MLBS_DP1_537000_4142000_classified_point_cloud.laz","2018_MLBS_3_537000_4142000_image.tif","Tree",1,537000,537999.999,4142000,4142999.999
"8701",8701,537404.521,537407.962,4142667.527,4142672.945,"Silva","NEON_D07_MLBS_DP1_537000_4142000_classified_point_cloud.laz","2018_MLBS_3_537000_4142000_image.tif","Tree",1,537000,537999.999,4142000,4142999.999
"8702",8702,537374.067,537380.482,4142671.071,4142676.998,"Silva","NEON_D07_MLBS_DP1_537000_4142000_classified_point_cloud.laz","2018_MLBS_3_537000_4142000_image.tif","Tree",1,537000,537999.999,4142000,4142999.999
"8703",8703,537400.227,537408.964,4142673.041,4142678.968,"Silva","NEON_D07_MLBS_DP1_537000_4142000_classified_point_cloud.laz","2018_MLBS_3_537000_4142000_image.tif","Tree",1,537000,537999.999,4142000,4142999.999
"8704",8704,537388.534,537398.985,4142638.403,4142648.95,"Silva","NEON_D07_MLBS_DP1_537000_4142000_classified_point_cloud.laz","2018_MLBS_3_537000_4142000_image.tif","Tree",1,537000,537999.999,4142000,4142999.999
"8705",8705,537383.613,537393.969,4142635.503,4142645.966,"Silva","NEON_D07_MLBS_DP1_537000_4142000_classified_point_cloud.laz","2018_MLBS_3_537000_4142000_image.tif","Tree",1,537000,537999.999,4142000,4142999.999
"8706",8706,537393.069,537405.476,4142631.29,4142641.996,"Silva","NEON_D07_MLBS_DP1_537000_4142000_classified_point_cloud.laz","2018_MLBS_3_537000_4142000_image.tif","Tree",1,537000,537999.999,4142000,4142999.999
"8707",8707,537403.518,537412.481,4142630.329,4142640,"Silva","NEON_D07_MLBS_DP1_537000_4142000_classified_point_cloud.laz","2018_MLBS_3_537000_4142000_image.tif","Tree",1,537000,537999.999,4142000,4142999.999
"8708",8708,537412.549,537420.422,4142624.684,4142635.253,"Silva","NEON_D07_MLBS_DP1_537000_4142000_classified_point_cloud.laz","2018_MLBS_3_537000_4142000_image.tif","Tree",1,537000,537999.999,4142000,4142999.999
"8709",8709,537385.795,537395.381,4142615.429,4142626.482,"Silva","NEON_D07_MLBS_DP1_537000_4142000_classified_point_cloud.laz","2018_MLBS_3_537000_4142000_image.tif","Tree",1,537000,537999.999,4142000,4142999.999
"8710",8710,537359.106,537365.499,4142622.668,4142628.944,"Silva","NEON_D07_MLBS_DP1_537000_4142000_classified_point_cloud.laz","2018_MLBS_3_537000_4142000_image.tif","Tree",1,537000,537999.999,4142000,4142999.999
"8711",8711,537403.754,537411.945,4142617.553,4142624,"Silva","NEON_D07_MLBS_DP1_537000_4142000_classified_point_cloud.laz","2018_MLBS_3_537000_4142000_image.tif","Tree",1,537000,537999.999,4142000,4142999.999
"8712",8712,537410.099,537419.812,4142612.013,4142624.97,"Silva","NEON_D07_MLBS_DP1_537000_4142000_classified_point_cloud.laz","2018_MLBS_3_537000_4142000_image.tif","Tree",1,537000,537999.999,4142000,4142999.999
"8713",8713,537380.561,537390.471,4142616.105,4142623.989,"Silva","NEON_D07_MLBS_DP1_537000_4142000_classified_point_cloud.laz","2018_MLBS_3_537000_4142000_image.tif","Tree",1,537000,537999.999,4142000,4142999.999
"8714",8714,537365.095,537374.852,4142613.032,4142624.365,"Silva","NEON_D07_MLBS_DP1_537000_4142000_classified_point_cloud.laz","2018_MLBS_3_537000_4142000_image.tif","Tree",1,537000,537999.999,4142000,4142999.999
"8715",8715,537356.546,537366.34,4142611.555,4142619.985,"Silva","NEON_D07_MLBS_DP1_537000_4142000_classified_point_cloud.laz","2018_MLBS_3_537000_4142000_image.tif","Tree",1,537000,537999.999,4142000,4142999.999
"8716",8716,537376.571,537391.938,4142605.088,4142617.828,"Silva","NEON_D07_MLBS_DP1_537000_4142000_classified_point_cloud.laz","2018_MLBS_3_537000_4142000_image.tif","Tree",1,537000,537999.999,4142000,4142999.999
"8717",8717,537443.012,537452.681,4142642.149,4142652.844,"Silva","NEON_D07_MLBS_DP1_537000_4142000_classified_point_cloud.laz","2018_MLBS_3_537000_4142000_image.tif","Tree",1,537000,537999.999,4142000,4142999.999
"8718",8718,537430.039,537438.467,4142643.048,4142653.472,"Silva","NEON_D07_MLBS_DP1_537000_4142000_classified_point_cloud.laz","2018_MLBS_3_537000_4142000_image.tif","Tree",1,537000,537999.999,4142000,4142999.999
"8719",8719,537470.505,537479.977,4142644.521,4142655.984,"Silva","NEON_D07_MLBS_DP1_537000_4142000_classified_point_cloud.laz","2018_MLBS_3_537000_4142000_image.tif","Tree",1,537000,537999.999,4142000,4142999.999
"8720",8720,537456.615,537467.935,4142644.501,4142654.484,"Silva","NEON_D07_MLBS_DP1_537000_4142000_classified_point_cloud.laz","2018_MLBS_3_537000_4142000_image.tif","Tree",1,537000,537999.999,4142000,4142999.999
"8721",8721,537418.664,537427.858,4142650.001,4142656.495,"Silva","NEON_D07_MLBS_DP1_537000_4142000_classified_point_cloud.laz","2018_MLBS_3_537000_4142000_image.tif","Tree",1,537000,537999.999,4142000,4142999.999
"8722",8722,537426.514,537436.94,4142652.613,4142662.887,"Silva","NEON_D07_MLBS_DP1_537000_4142000_classified_point_cloud.laz","2018_MLBS_3_537000_4142000_image.tif","Tree",1,537000,537999.999,4142000,4142999.999
"8723",8723,537458.134,537468.417,4142653.561,4142662.494,"Silva","NEON_D07_MLBS_DP1_537000_4142000_classified_point_cloud.laz","2018_MLBS_3_537000_4142000_image.tif","Tree",1,537000,537999.999,4142000,4142999.999
"8724",8724,537437,537448.923,4142652.015,4142661.483,"Silva","NEON_D07_MLBS_DP1_537000_4142000_classified_point_cloud.laz","2018_MLBS_3_537000_4142000_image.tif","Tree",1,537000,537999.999,4142000,4142999.999
"8725",8725,537445.586,537452.446,4142658.92,4142668.988,"Silva","NEON_D07_MLBS_DP1_537000_4142000_classified_point_cloud.laz","2018_MLBS_3_537000_4142000_image.tif","Tree",1,537000,537999.999,4142000,4142999.999
"8726",8726,537436.053,537446.769,4142661.198,4142669.995,"Silva","NEON_D07_MLBS_DP1_537000_4142000_classified_point_cloud.laz","2018_MLBS_3_537000_4142000_image.tif","Tree",1,537000,537999.999,4142000,4142999.999
"8727",8727,537441.51,537450.986,4142669.005,4142679.554,"Silva","NEON_D07_MLBS_DP1_537000_4142000_classified_point_cloud.laz","2018_MLBS_3_537000_4142000_image.tif","Tree",1,537000,537999.999,4142000,4142999.999
"8728",8728,537470.057,537477.922,4142636.519,4142646.477,"Silva","NEON_D07_MLBS_DP1_537000_4142000_classified_point_cloud.laz","2018_MLBS_3_537000_4142000_image.tif","Tree",1,537000,537999.999,4142000,4142999.999
"8729",8729,537435.5,537445.87,4142639.538,4142647.744,"Silva","NEON_D07_MLBS_DP1_537000_4142000_classified_point_cloud.laz","2018_MLBS_3_537000_4142000_image.tif","Tree",1,537000,537999.999,4142000,4142999.999
"8730",8730,537426.028,537435.459,4142637.011,4142644.495,"Silva","NEON_D07_MLBS_DP1_537000_4142000_classified_point_cloud.laz","2018_MLBS_3_537000_4142000_image.tif","Tree",1,537000,537999.999,4142000,4142999.999
"8731",8731,537445.543,537452.926,4142638.502,4142642.496,"Silva","NEON_D07_MLBS_DP1_537000_4142000_classified_point_cloud.laz","2018_MLBS_3_537000_4142000_image.tif","Tree",1,537000,537999.999,4142000,4142999.999
"8732",8732,537435.556,537443.454,4142637.007,4142641.895,"Silva","NEON_D07_MLBS_DP1_537000_4142000_classified_point_cloud.laz","2018_MLBS_3_537000_4142000_image.tif","Tree",1,537000,537999.999,4142000,4142999.999
"8733",8733,537418.263,537425.991,4142637.024,4142644.933,"Silva","NEON_D07_MLBS_DP1_537000_4142000_classified_point_cloud.laz","2018_MLBS_3_537000_4142000_image.tif","Tree",1,537000,537999.999,4142000,4142999.999
"8734",8734,537446.514,537452.339,4142632.092,4142638.499,"Silva","NEON_D07_MLBS_DP1_537000_4142000_classified_point_cloud.laz","2018_MLBS_3_537000_4142000_image.tif","Tree",1,537000,537999.999,4142000,4142999.999
"8735",8735,537463.054,537471.481,4142627.114,4142637.416,"Silva","NEON_D07_MLBS_DP1_537000_4142000_classified_point_cloud.laz","2018_MLBS_3_537000_4142000_image.tif","Tree",1,537000,537999.999,4142000,4142999.999
"8736",8736,537471.009,537479.455,4142630.558,4142637,"Silva","NEON_D07_MLBS_DP1_537000_4142000_classified_point_cloud.laz","2018_MLBS_3_537000_4142000_image.tif","Tree",1,537000,537999.999,4142000,4142999.999
"8737",8737,537477.609,537485.491,4142624.005,4142633.464,"Silva","NEON_D07_MLBS_DP1_537000_4142000_classified_point_cloud.laz","2018_MLBS_3_537000_4142000_image.tif","Tree",1,537000,537999.999,4142000,4142999.999
"8738",8738,537441.5,537450.471,4142626.111,4142633.5,"Silva","NEON_D07_MLBS_DP1_537000_4142000_classified_point_cloud.laz","2018_MLBS_3_537000_4142000_image.tif","Tree",1,537000,537999.999,4142000,4142999.999
"8739",8739,537428.103,537438.286,4142619.005,4142630.481,"Silva","NEON_D07_MLBS_DP1_537000_4142000_classified_point_cloud.laz","2018_MLBS_3_537000_4142000_image.tif","Tree",1,537000,537999.999,4142000,4142999.999
"8740",8740,537440.319,537448.369,4142618.648,4142626.788,"Silva","NEON_D07_MLBS_DP1_537000_4142000_classified_point_cloud.laz","2018_MLBS_3_537000_4142000_image.tif","Tree",1,537000,537999.999,4142000,4142999.999
"8741",8741,537459.523,537467.956,4142619.057,4142627.468,"Silva","NEON_D07_MLBS_DP1_537000_4142000_classified_point_cloud.laz","2018_MLBS_3_537000_4142000_image.tif","Tree",1,537000,537999.999,4142000,4142999.999
"8742",8742,537466.522,537474.961,4142615.002,4142626.969,"Silva","NEON_D07_MLBS_DP1_537000_4142000_classified_point_cloud.laz","2018_MLBS_3_537000_4142000_image.tif","Tree",1,537000,537999.999,4142000,4142999.999
"8743",8743,537446.52,537453.45,4142618.611,4142627.686,"Silva","NEON_D07_MLBS_DP1_537000_4142000_classified_point_cloud.laz","2018_MLBS_3_537000_4142000_image.tif","Tree",1,537000,537999.999,4142000,4142999.999
"8744",8744,537419.564,537431.445,4142616.51,4142625.449,"Silva","NEON_D07_MLBS_DP1_537000_4142000_classified_point_cloud.laz","2018_MLBS_3_537000_4142000_image.tif","Tree",1,537000,537999.999,4142000,4142999.999
"8745",8745,537481.572,537487.982,4142612.505,4142621.921,"Silva","NEON_D07_MLBS_DP1_537000_4142000_classified_point_cloud.laz","2018_MLBS_3_537000_4142000_image.tif","Tree",1,537000,537999.999,4142000,4142999.999
"8746",8746,537452.548,537458.943,4142610.523,4142620.997,"Silva","NEON_D07_MLBS_DP1_537000_4142000_classified_point_cloud.laz","2018_MLBS_3_537000_4142000_image.tif","Tree",1,537000,537999.999,4142000,4142999.999
"8747",8747,537433.048,537442.355,4142610.002,4142619.383,"Silva","NEON_D07_MLBS_DP1_537000_4142000_classified_point_cloud.laz","2018_MLBS_3_537000_4142000_image.tif","Tree",1,537000,537999.999,4142000,4142999.999
"8748",8748,537484.734,537490.484,4142546.013,4142554.971,"Silva","NEON_D07_MLBS_DP1_537000_4142000_classified_point_cloud.laz","2018_MLBS_3_537000_4142000_image.tif","Tree",1,537000,537999.999,4142000,4142999.999
"8749",8749,537490.002,537496.982,4142546.047,4142555.343,"Silva","NEON_D07_MLBS_DP1_537000_4142000_classified_point_cloud.laz","2018_MLBS_3_537000_4142000_image.tif","Tree",1,537000,537999.999,4142000,4142999.999
"8750",8750,537493.015,537499.914,4142553.021,4142561.434,"Silva","NEON_D07_MLBS_DP1_537000_4142000_classified_point_cloud.laz","2018_MLBS_3_537000_4142000_image.tif","Tree",1,537000,537999.999,4142000,4142999.999
"8751",8751,537488.546,537496.451,4142576.205,4142588.461,"Silva","NEON_D07_MLBS_DP1_537000_4142000_classified_point_cloud.laz","2018_MLBS_3_537000_4142000_image.tif","Tree",1,537000,537999.999,4142000,4142999.999
"8752",8752,537493.547,537502.914,4142602.036,4142610.869,"Silva","NEON_D07_MLBS_DP1_537000_4142000_classified_point_cloud.laz","2018_MLBS_3_537000_4142000_image.tif","Tree",1,537000,537999.999,4142000,4142999.999
"8753",8753,537485.039,537496.97,4142616.759,4142624.89,"Silva","NEON_D07_MLBS_DP1_537000_4142000_classified_point_cloud.laz","2018_MLBS_3_537000_4142000_image.tif","Tree",1,537000,537999.999,4142000,4142999.999
"8754",8754,537404.563,537412.34,4142674.395,4142682.838,"Silva","NEON_D07_MLBS_DP1_537000_4142000_classified_point_cloud.laz","2018_MLBS_3_537000_4142000_image.tif","Tree",1,537000,537999.999,4142000,4142999.999
"8755",8755,537391.041,537399.981,4142675.008,4142686.424,"Silva","NEON_D07_MLBS_DP1_537000_4142000_classified_point_cloud.laz","2018_MLBS_3_537000_4142000_image.tif","Tree",1,537000,537999.999,4142000,4142999.999
"8756",8756,537371.057,537383.409,4142682.018,4142693.498,"Silva","NEON_D07_MLBS_DP1_537000_4142000_classified_point_cloud.laz","2018_MLBS_3_537000_4142000_image.tif","Tree",1,537000,537999.999,4142000,4142999.999
"8757",8757,537400.569,537411.413,4142681.571,4142693.945,"Silva","NEON_D07_MLBS_DP1_537000_4142000_classified_point_cloud.laz","2018_MLBS_3_537000_4142000_image.tif","Tree",1,537000,537999.999,4142000,4142999.999
"8758",8758,537354.109,537360.936,4142690.505,4142696.582,"Silva","NEON_D07_MLBS_DP1_537000_4142000_classified_point_cloud.laz","2018_MLBS_3_537000_4142000_image.tif","Tree",1,537000,537999.999,4142000,4142999.999
"8759",8759,537389.501,537397.47,4142698.522,4142702.99,"Silva","NEON_D07_MLBS_DP1_537000_4142000_classified_point_cloud.laz","2018_MLBS_3_537000_4142000_image.tif","Tree",1,537000,537999.999,4142000,4142999.999
"8760",8760,537397.509,537411.432,4142694.065,4142705.978,"Silva","NEON_D07_MLBS_DP1_537000_4142000_classified_point_cloud.laz","2018_MLBS_3_537000_4142000_image.tif","Tree",1,537000,537999.999,4142000,4142999.999
"8761",8761,537360.516,537369.21,4142698.507,4142707.433,"Silva","NEON_D07_MLBS_DP1_537000_4142000_classified_point_cloud.laz","2018_MLBS_3_537000_4142000_image.tif","Tree",1,537000,537999.999,4142000,4142999.999
"8762",8762,537369.025,537375.986,4142703.024,4142708.447,"Silva","NEON_D07_MLBS_DP1_537000_4142000_classified_point_cloud.laz","2018_MLBS_3_537000_4142000_image.tif","Tree",1,537000,537999.999,4142000,4142999.999
"8763",8763,537411.551,537426.49,4142696.31,4142711.489,"Silva","NEON_D07_MLBS_DP1_537000_4142000_classified_point_cloud.laz","2018_MLBS_3_537000_4142000_image.tif","Tree",1,537000,537999.999,4142000,4142999.999
"8764",8764,537405.5,537409.96,4142702.008,4142712.499,"Silva","NEON_D07_MLBS_DP1_537000_4142000_classified_point_cloud.laz","2018_MLBS_3_537000_4142000_image.tif","Tree",1,537000,537999.999,4142000,4142999.999
"8765",8765,537396.504,537408.479,4142717.501,4142724.992,"Silva","NEON_D07_MLBS_DP1_537000_4142000_classified_point_cloud.laz","2018_MLBS_3_537000_4142000_image.tif","Tree",1,537000,537999.999,4142000,4142999.999
"8766",8766,537385.005,537396.482,4142720.009,4142726.99,"Silva","NEON_D07_MLBS_DP1_537000_4142000_classified_point_cloud.laz","2018_MLBS_3_537000_4142000_image.tif","Tree",1,537000,537999.999,4142000,4142999.999
"8767",8767,537376.018,537383.994,4142724.585,4142732,"Silva","NEON_D07_MLBS_DP1_537000_4142000_classified_point_cloud.laz","2018_MLBS_3_537000_4142000_image.tif","Tree",1,537000,537999.999,4142000,4142999.999
"8768",8768,537384.003,537389.942,4142722.034,4142729.493,"Silva","NEON_D07_MLBS_DP1_537000_4142000_classified_point_cloud.laz","2018_MLBS_3_537000_4142000_image.tif","Tree",1,537000,537999.999,4142000,4142999.999
"8769",8769,537404.5,537413.461,4142722.519,4142728.962,"Silva","NEON_D07_MLBS_DP1_537000_4142000_classified_point_cloud.laz","2018_MLBS_3_537000_4142000_image.tif","Tree",1,537000,537999.999,4142000,4142999.999
"8770",8770,537390.555,537397.986,4142723.009,4142732.262,"Silva","NEON_D07_MLBS_DP1_537000_4142000_classified_point_cloud.laz","2018_MLBS_3_537000_4142000_image.tif","Tree",1,537000,537999.999,4142000,4142999.999
"8771",8771,537354.501,537363.437,4142729.513,4142737.897,"Silva","NEON_D07_MLBS_DP1_537000_4142000_classified_point_cloud.laz","2018_MLBS_3_537000_4142000_image.tif","Tree",1,537000,537999.999,4142000,4142999.999
"8772",8772,537359.544,537365.499,4142730.037,4142740.446,"Silva","NEON_D07_MLBS_DP1_537000_4142000_classified_point_cloud.laz","2018_MLBS_3_537000_4142000_image.tif","Tree",1,537000,537999.999,4142000,4142999.999
"8773",8773,537365.004,537374.488,4142730.504,4142741.825,"Silva","NEON_D07_MLBS_DP1_537000_4142000_classified_point_cloud.laz","2018_MLBS_3_537000_4142000_image.tif","Tree",1,537000,537999.999,4142000,4142999.999
"8774",8774,537374.014,537384.371,4142732.02,4142739.988,"Silva","NEON_D07_MLBS_DP1_537000_4142000_classified_point_cloud.laz","2018_MLBS_3_537000_4142000_image.tif","Tree",1,537000,537999.999,4142000,4142999.999
"8775",8775,537351.502,537362.454,4142736.629,4142744.998,"Silva","NEON_D07_MLBS_DP1_537000_4142000_classified_point_cloud.laz","2018_MLBS_3_537000_4142000_image.tif","Tree",1,537000,537999.999,4142000,4142999.999
"8776",8776,537383.588,537389.923,4142734.537,4142743.485,"Silva","NEON_D07_MLBS_DP1_537000_4142000_classified_point_cloud.laz","2018_MLBS_3_537000_4142000_image.tif","Tree",1,537000,537999.999,4142000,4142999.999
"8777",8777,537389.556,537395.999,4142734.075,4142741.865,"Silva","NEON_D07_MLBS_DP1_537000_4142000_classified_point_cloud.laz","2018_MLBS_3_537000_4142000_image.tif","Tree",1,537000,537999.999,4142000,4142999.999
"8778",8778,537408.53,537415.899,4142735.527,4142747.45,"Silva","NEON_D07_MLBS_DP1_537000_4142000_classified_point_cloud.laz","2018_MLBS_3_537000_4142000_image.tif","Tree",1,537000,537999.999,4142000,4142999.999
"8779",8779,537449.67,537457.99,4142675.276,4142682.328,"Silva","NEON_D07_MLBS_DP1_537000_4142000_classified_point_cloud.laz","2018_MLBS_3_537000_4142000_image.tif","Tree",1,537000,537999.999,4142000,4142999.999
"8780",8780,537439.018,537450.477,4142679.002,4142687.487,"Silva","NEON_D07_MLBS_DP1_537000_4142000_classified_point_cloud.laz","2018_MLBS_3_537000_4142000_image.tif","Tree",1,537000,537999.999,4142000,4142999.999
"8781",8781,537426.569,537438.986,4142678.835,4142690.28,"Silva","NEON_D07_MLBS_DP1_537000_4142000_classified_point_cloud.laz","2018_MLBS_3_537000_4142000_image.tif","Tree",1,537000,537999.999,4142000,4142999.999
"8782",8782,537466,537472.446,4142677.693,4142689.57,"Silva","NEON_D07_MLBS_DP1_537000_4142000_classified_point_cloud.laz","2018_MLBS_3_537000_4142000_image.tif","Tree",1,537000,537999.999,4142000,4142999.999
"8783",8783,537448.185,537453.998,4142682.031,4142690.364,"Silva","NEON_D07_MLBS_DP1_537000_4142000_classified_point_cloud.laz","2018_MLBS_3_537000_4142000_image.tif","Tree",1,537000,537999.999,4142000,4142999.999
"8784",8784,537453.513,537461.918,4142682.012,4142692.994,"Silva","NEON_D07_MLBS_DP1_537000_4142000_classified_point_cloud.laz","2018_MLBS_3_537000_4142000_image.tif","Tree",1,537000,537999.999,4142000,4142999.999
"8785",8785,537482.02,537491.977,4142682.004,4142689.979,"Silva","NEON_D07_MLBS_DP1_537000_4142000_classified_point_cloud.laz","2018_MLBS_3_537000_4142000_image.tif","Tree",1,537000,537999.999,4142000,4142999.999
"8786",8786,537438.056,537446.917,4142683.107,4142694.145,"Silva","NEON_D07_MLBS_DP1_537000_4142000_classified_point_cloud.laz","2018_MLBS_3_537000_4142000_image.tif","Tree",1,537000,537999.999,4142000,4142999.999
"8787",8787,537477.749,537485.994,4142685.134,4142693.988,"Silva","NEON_D07_MLBS_DP1_537000_4142000_classified_point_cloud.laz","2018_MLBS_3_537000_4142000_image.tif","Tree",1,537000,537999.999,4142000,4142999.999
"8788",8788,537445.171,537455.456,4142687.901,4142694.971,"Silva","NEON_D07_MLBS_DP1_537000_4142000_classified_point_cloud.laz","2018_MLBS_3_537000_4142000_image.tif","Tree",1,537000,537999.999,4142000,4142999.999
"8789",8789,537433.075,537442.406,4142686.627,4142695.839,"Silva","NEON_D07_MLBS_DP1_537000_4142000_classified_point_cloud.laz","2018_MLBS_3_537000_4142000_image.tif","Tree",1,537000,537999.999,4142000,4142999.999
"8790",8790,537426.558,537435.449,4142690.516,4142701.482,"Silva","NEON_D07_MLBS_DP1_537000_4142000_classified_point_cloud.laz","2018_MLBS_3_537000_4142000_image.tif","Tree",1,537000,537999.999,4142000,4142999.999
"8791",8791,537481.167,537494.943,4142689.51,4142701.458,"Silva","NEON_D07_MLBS_DP1_537000_4142000_classified_point_cloud.laz","2018_MLBS_3_537000_4142000_image.tif","Tree",1,537000,537999.999,4142000,4142999.999
"8792",8792,537435.023,537444.334,4142694.163,4142700.489,"Silva","NEON_D07_MLBS_DP1_537000_4142000_classified_point_cloud.laz","2018_MLBS_3_537000_4142000_image.tif","Tree",1,537000,537999.999,4142000,4142999.999
"8793",8793,537444.025,537453.494,4142694.502,4142703.498,"Silva","NEON_D07_MLBS_DP1_537000_4142000_classified_point_cloud.laz","2018_MLBS_3_537000_4142000_image.tif","Tree",1,537000,537999.999,4142000,4142999.999
"8794",8794,537472.541,537484.429,4142692.501,4142702.269,"Silva","NEON_D07_MLBS_DP1_537000_4142000_classified_point_cloud.laz","2018_MLBS_3_537000_4142000_image.tif","Tree",1,537000,537999.999,4142000,4142999.999
"8795",8795,537452.585,537463.477,4142692.542,4142702.486,"Silva","NEON_D07_MLBS_DP1_537000_4142000_classified_point_cloud.laz","2018_MLBS_3_537000_4142000_image.tif","Tree",1,537000,537999.999,4142000,4142999.999
"8796",8796,537451.014,537458.871,4142701.501,4142707.496,"Silva","NEON_D07_MLBS_DP1_537000_4142000_classified_point_cloud.laz","2018_MLBS_3_537000_4142000_image.tif","Tree",1,537000,537999.999,4142000,4142999.999
"8797",8797,537426.5,537436.963,4142700.598,4142708.46,"Silva","NEON_D07_MLBS_DP1_537000_4142000_classified_point_cloud.laz","2018_MLBS_3_537000_4142000_image.tif","Tree",1,537000,537999.999,4142000,4142999.999
"8798",8798,537464.507,537471.994,4142699.513,4142709,"Silva","NEON_D07_MLBS_DP1_537000_4142000_classified_point_cloud.laz","2018_MLBS_3_537000_4142000_image.tif","Tree",1,537000,537999.999,4142000,4142999.999
"8799",8799,537440.557,537450.931,4142702.291,4142711.851,"Silva","NEON_D07_MLBS_DP1_537000_4142000_classified_point_cloud.laz","2018_MLBS_3_537000_4142000_image.tif","Tree",1,537000,537999.999,4142000,4142999.999
"8800",8800,537477.002,537487.49,4142700.676,4142712.489,"Silva","NEON_D07_MLBS_DP1_537000_4142000_classified_point_cloud.laz","2018_MLBS_3_537000_4142000_image.tif","Tree",1,537000,537999.999,4142000,4142999.999
"8801",8801,537471.001,537477.494,4142700.518,4142708.484,"Silva","NEON_D07_MLBS_DP1_537000_4142000_classified_point_cloud.laz","2018_MLBS_3_537000_4142000_image.tif","Tree",1,537000,537999.999,4142000,4142999.999
"8802",8802,537458.293,537464.983,4142705.519,4142713.467,"Silva","NEON_D07_MLBS_DP1_537000_4142000_classified_point_cloud.laz","2018_MLBS_3_537000_4142000_image.tif","Tree",1,537000,537999.999,4142000,4142999.999
"8803",8803,537452.732,537459.483,4142706.56,4142712.474,"Silva","NEON_D07_MLBS_DP1_537000_4142000_classified_point_cloud.laz","2018_MLBS_3_537000_4142000_image.tif","Tree",1,537000,537999.999,4142000,4142999.999
"8804",8804,537471.513,537480.977,4142708.507,4142714.414,"Silva","NEON_D07_MLBS_DP1_537000_4142000_classified_point_cloud.laz","2018_MLBS_3_537000_4142000_image.tif","Tree",1,537000,537999.999,4142000,4142999.999
"8805",8805,537465.118,537472.363,4142708.506,4142714.903,"Silva","NEON_D07_MLBS_DP1_537000_4142000_classified_point_cloud.laz","2018_MLBS_3_537000_4142000_image.tif","Tree",1,537000,537999.999,4142000,4142999.999
"8806",8806,537439.5,537449.466,4142708.556,4142716.996,"Silva","NEON_D07_MLBS_DP1_537000_4142000_classified_point_cloud.laz","2018_MLBS_3_537000_4142000_image.tif","Tree",1,537000,537999.999,4142000,4142999.999
"8807",8807,537481.113,537490.485,4142711.519,4142722.312,"Silva","NEON_D07_MLBS_DP1_537000_4142000_classified_point_cloud.laz","2018_MLBS_3_537000_4142000_image.tif","Tree",1,537000,537999.999,4142000,4142999.999
"8808",8808,537465.02,537471.491,4142715.514,4142722.481,"Silva","NEON_D07_MLBS_DP1_537000_4142000_classified_point_cloud.laz","2018_MLBS_3_537000_4142000_image.tif","Tree",1,537000,537999.999,4142000,4142999.999
"8809",8809,537438.548,537448.978,4142717.01,4142724.139,"Silva","NEON_D07_MLBS_DP1_537000_4142000_classified_point_cloud.laz","2018_MLBS_3_537000_4142000_image.tif","Tree",1,537000,537999.999,4142000,4142999.999
"8810",8810,537456.041,537465.487,4142714.58,4142724.473,"Silva","NEON_D07_MLBS_DP1_537000_4142000_classified_point_cloud.laz","2018_MLBS_3_537000_4142000_image.tif","Tree",1,537000,537999.999,4142000,4142999.999
"8811",8811,537426.001,537432.987,4142721.651,4142727.476,"Silva","NEON_D07_MLBS_DP1_537000_4142000_classified_point_cloud.laz","2018_MLBS_3_537000_4142000_image.tif","Tree",1,537000,537999.999,4142000,4142999.999
"8812",8812,537462.152,537470.428,4142720.03,4142727.989,"Silva","NEON_D07_MLBS_DP1_537000_4142000_classified_point_cloud.laz","2018_MLBS_3_537000_4142000_image.tif","Tree",1,537000,537999.999,4142000,4142999.999
"8813",8813,537443.5,537452.862,4142717.152,4142727.993,"Silva","NEON_D07_MLBS_DP1_537000_4142000_classified_point_cloud.laz","2018_MLBS_3_537000_4142000_image.tif","Tree",1,537000,537999.999,4142000,4142999.999
"8814",8814,537470.75,537478.992,4142719.016,4142725.925,"Silva","NEON_D07_MLBS_DP1_537000_4142000_classified_point_cloud.laz","2018_MLBS_3_537000_4142000_image.tif","Tree",1,537000,537999.999,4142000,4142999.999
"8815",8815,537480.009,537489.147,4142718.505,4142725.987,"Silva","NEON_D07_MLBS_DP1_537000_4142000_classified_point_cloud.laz","2018_MLBS_3_537000_4142000_image.tif","Tree",1,537000,537999.999,4142000,4142999.999
"8816",8816,537444.141,537451.96,4142722.53,4142729.977,"Silva","NEON_D07_MLBS_DP1_537000_4142000_classified_point_cloud.laz","2018_MLBS_3_537000_4142000_image.tif","Tree",1,537000,537999.999,4142000,4142999.999
"8817",8817,537451.001,537455.498,4142720.503,4142731.82,"Silva","NEON_D07_MLBS_DP1_537000_4142000_classified_point_cloud.laz","2018_MLBS_3_537000_4142000_image.tif","Tree",1,537000,537999.999,4142000,4142999.999
"8818",8818,537455.501,537463.989,4142720.512,4142734.439,"Silva","NEON_D07_MLBS_DP1_537000_4142000_classified_point_cloud.laz","2018_MLBS_3_537000_4142000_image.tif","Tree",1,537000,537999.999,4142000,4142999.999
"8819",8819,537435.008,537443.718,4142726.558,4142734.864,"Silva","NEON_D07_MLBS_DP1_537000_4142000_classified_point_cloud.laz","2018_MLBS_3_537000_4142000_image.tif","Tree",1,537000,537999.999,4142000,4142999.999
"8820",8820,537425.009,537430.978,4142726.508,4142732.364,"Silva","NEON_D07_MLBS_DP1_537000_4142000_classified_point_cloud.laz","2018_MLBS_3_537000_4142000_image.tif","Tree",1,537000,537999.999,4142000,4142999.999
"8821",8821,537463.505,537472.485,4142723.064,4142731.991,"Silva","NEON_D07_MLBS_DP1_537000_4142000_classified_point_cloud.laz","2018_MLBS_3_537000_4142000_image.tif","Tree",1,537000,537999.999,4142000,4142999.999
"8822",8822,537478.5,537486.495,4142725.004,4142732.495,"Silva","NEON_D07_MLBS_DP1_537000_4142000_classified_point_cloud.laz","2018_MLBS_3_537000_4142000_image.tif","Tree",1,537000,537999.999,4142000,4142999.999
"8823",8823,537446.008,537455.776,4142729.519,4142735.992,"Silva","NEON_D07_MLBS_DP1_537000_4142000_classified_point_cloud.laz","2018_MLBS_3_537000_4142000_image.tif","Tree",1,537000,537999.999,4142000,4142999.999
"8824",8824,537437.051,537446.958,4142728.718,4142739.939,"Silva","NEON_D07_MLBS_DP1_537000_4142000_classified_point_cloud.laz","2018_MLBS_3_537000_4142000_image.tif","Tree",1,537000,537999.999,4142000,4142999.999
"8825",8825,537473.006,537480.497,4142728.509,4142737.979,"Silva","NEON_D07_MLBS_DP1_537000_4142000_classified_point_cloud.laz","2018_MLBS_3_537000_4142000_image.tif","Tree",1,537000,537999.999,4142000,4142999.999
"8826",8826,537462.41,537475.988,4142731.508,4142740.986,"Silva","NEON_D07_MLBS_DP1_537000_4142000_classified_point_cloud.laz","2018_MLBS_3_537000_4142000_image.tif","Tree",1,537000,537999.999,4142000,4142999.999
"8827",8827,537476.034,537484.999,4142731.699,4142742.481,"Silva","NEON_D07_MLBS_DP1_537000_4142000_classified_point_cloud.laz","2018_MLBS_3_537000_4142000_image.tif","Tree",1,537000,537999.999,4142000,4142999.999
"8828",8828,537442.537,537452.489,4142734.549,4142743.912,"Silva","NEON_D07_MLBS_DP1_537000_4142000_classified_point_cloud.laz","2018_MLBS_3_537000_4142000_image.tif","Tree",1,537000,537999.999,4142000,4142999.999
"8829",8829,537448.564,537457.485,4142735.035,4142744.488,"Silva","NEON_D07_MLBS_DP1_537000_4142000_classified_point_cloud.laz","2018_MLBS_3_537000_4142000_image.tif","Tree",1,537000,537999.999,4142000,4142999.999
"8830",8830,537386.503,537392.499,4142740.088,4142746.036,"Silva","NEON_D07_MLBS_DP1_537000_4142000_classified_point_cloud.laz","2018_MLBS_3_537000_4142000_image.tif","Tree",1,537000,537999.999,4142000,4142999.999
"8831",8831,537391.509,537400.411,4142740.592,4142748.816,"Silva","NEON_D07_MLBS_DP1_537000_4142000_classified_point_cloud.laz","2018_MLBS_3_537000_4142000_image.tif","Tree",1,537000,537999.999,4142000,4142999.999
"8832",8832,537373,537380.932,4142741.568,4142750.5,"Silva","NEON_D07_MLBS_DP1_537000_4142000_classified_point_cloud.laz","2018_MLBS_3_537000_4142000_image.tif","Tree",1,537000,537999.999,4142000,4142999.999
"8833",8833,537371.513,537378.499,4142750.503,4142757.777,"Silva","NEON_D07_MLBS_DP1_537000_4142000_classified_point_cloud.laz","2018_MLBS_3_537000_4142000_image.tif","Tree",1,537000,537999.999,4142000,4142999.999
"8834",8834,537378.006,537385.997,4142747.252,4142754.841,"Silva","NEON_D07_MLBS_DP1_537000_4142000_classified_point_cloud.laz","2018_MLBS_3_537000_4142000_image.tif","Tree",1,537000,537999.999,4142000,4142999.999
"8835",8835,537386.575,537396.978,4142747.527,4142760.427,"Silva","NEON_D07_MLBS_DP1_537000_4142000_classified_point_cloud.laz","2018_MLBS_3_537000_4142000_image.tif","Tree",1,537000,537999.999,4142000,4142999.999
"8836",8836,537370,537377.433,4142752.019,4142761.989,"Silva","NEON_D07_MLBS_DP1_537000_4142000_classified_point_cloud.laz","2018_MLBS_3_537000_4142000_image.tif","Tree",1,537000,537999.999,4142000,4142999.999
"8837",8837,537363.004,537369.997,4142787.017,4142796.908,"Silva","NEON_D07_MLBS_DP1_537000_4142000_classified_point_cloud.laz","2018_MLBS_3_537000_4142000_image.tif","Tree",1,537000,537999.999,4142000,4142999.999
"8838",8838,537357.53,537364.488,4142786.517,4142792.969,"Silva","NEON_D07_MLBS_DP1_537000_4142000_classified_point_cloud.laz","2018_MLBS_3_537000_4142000_image.tif","Tree",1,537000,537999.999,4142000,4142999.999
"8839",8839,537385.562,537392.993,4142783.017,4142788.434,"Silva","NEON_D07_MLBS_DP1_537000_4142000_classified_point_cloud.laz","2018_MLBS_3_537000_4142000_image.tif","Tree",1,537000,537999.999,4142000,4142999.999
"8840",8840,537362.003,537372.428,4142778.013,4142787.992,"Silva","NEON_D07_MLBS_DP1_537000_4142000_classified_point_cloud.laz","2018_MLBS_3_537000_4142000_image.tif","Tree",1,537000,537999.999,4142000,4142999.999
"8841",8841,537401.051,537409.456,4142776.544,4142784.961,"Silva","NEON_D07_MLBS_DP1_537000_4142000_classified_point_cloud.laz","2018_MLBS_3_537000_4142000_image.tif","Tree",1,537000,537999.999,4142000,4142999.999
"8842",8842,537384.068,537392.459,4142777.114,4142782.996,"Silva","NEON_D07_MLBS_DP1_537000_4142000_classified_point_cloud.laz","2018_MLBS_3_537000_4142000_image.tif","Tree",1,537000,537999.999,4142000,4142999.999
"8843",8843,537353.005,537358.998,4142780.503,4142788.409,"Silva","NEON_D07_MLBS_DP1_537000_4142000_classified_point_cloud.laz","2018_MLBS_3_537000_4142000_image.tif","Tree",1,537000,537999.999,4142000,4142999.999
"8844",8844,537357.52,537362.917,4142780.51,4142786.941,"Silva","NEON_D07_MLBS_DP1_537000_4142000_classified_point_cloud.laz","2018_MLBS_3_537000_4142000_image.tif","Tree",1,537000,537999.999,4142000,4142999.999
"8845",8845,537406.756,537415.403,4142772.507,4142779.488,"Silva","NEON_D07_MLBS_DP1_537000_4142000_classified_point_cloud.laz","2018_MLBS_3_537000_4142000_image.tif","Tree",1,537000,537999.999,4142000,4142999.999
"8846",8846,537414.104,537420.995,4142766.287,4142779.456,"Silva","NEON_D07_MLBS_DP1_537000_4142000_classified_point_cloud.laz","2018_MLBS_3_537000_4142000_image.tif","Tree",1,537000,537999.999,4142000,4142999.999
"8847",8847,537387.513,537398.481,4142767.907,4142777.993,"Silva","NEON_D07_MLBS_DP1_537000_4142000_classified_point_cloud.laz","2018_MLBS_3_537000_4142000_image.tif","Tree",1,537000,537999.999,4142000,4142999.999
"8848",8848,537358.501,537367.499,4142773.013,4142780.481,"Silva","NEON_D07_MLBS_DP1_537000_4142000_classified_point_cloud.laz","2018_MLBS_3_537000_4142000_image.tif","Tree",1,537000,537999.999,4142000,4142999.999
"8849",8849,537353.5,537358.986,4142774.501,4142780.474,"Silva","NEON_D07_MLBS_DP1_537000_4142000_classified_point_cloud.laz","2018_MLBS_3_537000_4142000_image.tif","Tree",1,537000,537999.999,4142000,4142999.999
"8850",8850,537368.522,537378.975,4142770.001,4142782.479,"Silva","NEON_D07_MLBS_DP1_537000_4142000_classified_point_cloud.laz","2018_MLBS_3_537000_4142000_image.tif","Tree",1,537000,537999.999,4142000,4142999.999
"8851",8851,537362.023,537371.983,4142764.116,4142777.786,"Silva","NEON_D07_MLBS_DP1_537000_4142000_classified_point_cloud.laz","2018_MLBS_3_537000_4142000_image.tif","Tree",1,537000,537999.999,4142000,4142999.999
"8852",8852,537378.014,537384.454,4142766.004,4142771.99,"Silva","NEON_D07_MLBS_DP1_537000_4142000_classified_point_cloud.laz","2018_MLBS_3_537000_4142000_image.tif","Tree",1,537000,537999.999,4142000,4142999.999
"8853",8853,537370.01,537378.474,4142761.62,4142770.998,"Silva","NEON_D07_MLBS_DP1_537000_4142000_classified_point_cloud.laz","2018_MLBS_3_537000_4142000_image.tif","Tree",1,537000,537999.999,4142000,4142999.999
"8854",8854,537380.535,537390.978,4142760.028,4142767.426,"Silva","NEON_D07_MLBS_DP1_537000_4142000_classified_point_cloud.laz","2018_MLBS_3_537000_4142000_image.tif","Tree",1,537000,537999.999,4142000,4142999.999
"8855",8855,537405.509,537415.378,4142759.532,4142763.987,"Silva","NEON_D07_MLBS_DP1_537000_4142000_classified_point_cloud.laz","2018_MLBS_3_537000_4142000_image.tif","Tree",1,537000,537999.999,4142000,4142999.999
"8856",8856,537406.516,537416.739,4142750.002,4142760.475,"Silva","NEON_D07_MLBS_DP1_537000_4142000_classified_point_cloud.laz","2018_MLBS_3_537000_4142000_image.tif","Tree",1,537000,537999.999,4142000,4142999.999
"8857",8857,537410.022,537421.995,4142746.016,4142760.444,"Silva","NEON_D07_MLBS_DP1_537000_4142000_classified_point_cloud.laz","2018_MLBS_3_537000_4142000_image.tif","Tree",1,537000,537999.999,4142000,4142999.999
"8858",8858,537396.51,537407.732,4142747.562,4142756.464,"Silva","NEON_D07_MLBS_DP1_537000_4142000_classified_point_cloud.laz","2018_MLBS_3_537000_4142000_image.tif","Tree",1,537000,537999.999,4142000,4142999.999
"8859",8859,537418.026,537427.472,4142740.518,4142745.976,"Silva","NEON_D07_MLBS_DP1_537000_4142000_classified_point_cloud.laz","2018_MLBS_3_537000_4142000_image.tif","Tree",1,537000,537999.999,4142000,4142999.999
"8860",8860,537463.013,537473.928,4142736.713,4142747.827,"Silva","NEON_D07_MLBS_DP1_537000_4142000_classified_point_cloud.laz","2018_MLBS_3_537000_4142000_image.tif","Tree",1,537000,537999.999,4142000,4142999.999
"8861",8861,537415.107,537425.486,4142743.516,4142751.283,"Silva","NEON_D07_MLBS_DP1_537000_4142000_classified_point_cloud.laz","2018_MLBS_3_537000_4142000_image.tif","Tree",1,537000,537999.999,4142000,4142999.999
"8862",8862,537425.505,537434.464,4142739.028,4142750.999,"Silva","NEON_D07_MLBS_DP1_537000_4142000_classified_point_cloud.laz","2018_MLBS_3_537000_4142000_image.tif","Tree",1,537000,537999.999,4142000,4142999.999
"8863",8863,537436.704,537448.49,4142741.523,4142751.98,"Silva","NEON_D07_MLBS_DP1_537000_4142000_classified_point_cloud.laz","2018_MLBS_3_537000_4142000_image.tif","Tree",1,537000,537999.999,4142000,4142999.999
"8864",8864,537448.501,537461.955,4142743.501,4142752.986,"Silva","NEON_D07_MLBS_DP1_537000_4142000_classified_point_cloud.laz","2018_MLBS_3_537000_4142000_image.tif","Tree",1,537000,537999.999,4142000,4142999.999
"8865",8865,537462.111,537473.497,4142742.05,4142755.474,"Silva","NEON_D07_MLBS_DP1_537000_4142000_classified_point_cloud.laz","2018_MLBS_3_537000_4142000_image.tif","Tree",1,537000,537999.999,4142000,4142999.999
"8866",8866,537447.515,537455.973,4142794.02,4142805.374,"Silva","NEON_D07_MLBS_DP1_537000_4142000_classified_point_cloud.laz","2018_MLBS_3_537000_4142000_image.tif","Tree",1,537000,537999.999,4142000,4142999.999
"8867",8867,537468.014,537480.982,4142787.508,4142798.486,"Silva","NEON_D07_MLBS_DP1_537000_4142000_classified_point_cloud.laz","2018_MLBS_3_537000_4142000_image.tif","Tree",1,537000,537999.999,4142000,4142999.999
"8868",8868,537441.12,537451.965,4142782.015,4142793.957,"Silva","NEON_D07_MLBS_DP1_537000_4142000_classified_point_cloud.laz","2018_MLBS_3_537000_4142000_image.tif","Tree",1,537000,537999.999,4142000,4142999.999
"8869",8869,537467.516,537472.489,4142776.043,4142787.499,"Silva","NEON_D07_MLBS_DP1_537000_4142000_classified_point_cloud.laz","2018_MLBS_3_537000_4142000_image.tif","Tree",1,537000,537999.999,4142000,4142999.999
"8870",8870,537480.531,537489.476,4142775.005,4142788.966,"Silva","NEON_D07_MLBS_DP1_537000_4142000_classified_point_cloud.laz","2018_MLBS_3_537000_4142000_image.tif","Tree",1,537000,537999.999,4142000,4142999.999
"8871",8871,537434.095,537444.484,4142781.007,4142793.386,"Silva","NEON_D07_MLBS_DP1_537000_4142000_classified_point_cloud.laz","2018_MLBS_3_537000_4142000_image.tif","Tree",1,537000,537999.999,4142000,4142999.999
"8872",8872,537455.001,537468.987,4142772.033,4142783.475,"Silva","NEON_D07_MLBS_DP1_537000_4142000_classified_point_cloud.laz","2018_MLBS_3_537000_4142000_image.tif","Tree",1,537000,537999.999,4142000,4142999.999
"8873",8873,537435.527,537442.339,4142773.051,4142781.983,"Silva","NEON_D07_MLBS_DP1_537000_4142000_classified_point_cloud.laz","2018_MLBS_3_537000_4142000_image.tif","Tree",1,537000,537999.999,4142000,4142999.999
"8874",8874,537446.505,537454.986,4142775.002,4142782.499,"Silva","NEON_D07_MLBS_DP1_537000_4142000_classified_point_cloud.laz","2018_MLBS_3_537000_4142000_image.tif","Tree",1,537000,537999.999,4142000,4142999.999
"8875",8875,537441.02,537446.493,4142775.008,4142782.34,"Silva","NEON_D07_MLBS_DP1_537000_4142000_classified_point_cloud.laz","2018_MLBS_3_537000_4142000_image.tif","Tree",1,537000,537999.999,4142000,4142999.999
"8876",8876,537439.221,537446.291,4142771.733,4142775.498,"Silva","NEON_D07_MLBS_DP1_537000_4142000_classified_point_cloud.laz","2018_MLBS_3_537000_4142000_image.tif","Tree",1,537000,537999.999,4142000,4142999.999
"8877",8877,537446.003,537453.987,4142768.164,4142775,"Silva","NEON_D07_MLBS_DP1_537000_4142000_classified_point_cloud.laz","2018_MLBS_3_537000_4142000_image.tif","Tree",1,537000,537999.999,4142000,4142999.999
"8878",8878,537420.51,537426.295,4142766.519,4142778.899,"Silva","NEON_D07_MLBS_DP1_537000_4142000_classified_point_cloud.laz","2018_MLBS_3_537000_4142000_image.tif","Tree",1,537000,537999.999,4142000,4142999.999
"8879",8879,537473.559,537484.47,4142763.054,4142772.942,"Silva","NEON_D07_MLBS_DP1_537000_4142000_classified_point_cloud.laz","2018_MLBS_3_537000_4142000_image.tif","Tree",1,537000,537999.999,4142000,4142999.999
"8880",8880,537435.155,537447.916,4142762.503,4142772.993,"Silva","NEON_D07_MLBS_DP1_537000_4142000_classified_point_cloud.laz","2018_MLBS_3_537000_4142000_image.tif","Tree",1,537000,537999.999,4142000,4142999.999
"8881",8881,537448.04,537458.99,4142763.744,4142772.171,"Silva","NEON_D07_MLBS_DP1_537000_4142000_classified_point_cloud.laz","2018_MLBS_3_537000_4142000_image.tif","Tree",1,537000,537999.999,4142000,4142999.999
"8882",8882,537466,537474.477,4142755.029,4142772.429,"Silva","NEON_D07_MLBS_DP1_537000_4142000_classified_point_cloud.laz","2018_MLBS_3_537000_4142000_image.tif","Tree",1,537000,537999.999,4142000,4142999.999
"8883",8883,537458.539,537466.987,4142754.193,4142770.085,"Silva","NEON_D07_MLBS_DP1_537000_4142000_classified_point_cloud.laz","2018_MLBS_3_537000_4142000_image.tif","Tree",1,537000,537999.999,4142000,4142999.999
"8884",8884,537444.503,537455.982,4142758.202,4142766.548,"Silva","NEON_D07_MLBS_DP1_537000_4142000_classified_point_cloud.laz","2018_MLBS_3_537000_4142000_image.tif","Tree",1,537000,537999.999,4142000,4142999.999
"8885",8885,537441.514,537451.769,4142750.032,4142762.497,"Silva","NEON_D07_MLBS_DP1_537000_4142000_classified_point_cloud.laz","2018_MLBS_3_537000_4142000_image.tif","Tree",1,537000,537999.999,4142000,4142999.999
"8886",8886,537485.042,537491.477,4142672.026,4142679.964,"Silva","NEON_D07_MLBS_DP1_537000_4142000_classified_point_cloud.laz","2018_MLBS_3_537000_4142000_image.tif","Tree",1,537000,537999.999,4142000,4142999.999
"8887",8887,537492.505,537503.443,4142694.529,4142705.993,"Silva","NEON_D07_MLBS_DP1_537000_4142000_classified_point_cloud.laz","2018_MLBS_3_537000_4142000_image.tif","Tree",1,537000,537999.999,4142000,4142999.999
"8888",8888,537487.502,537497.484,4142698.538,4142710.495,"Silva","NEON_D07_MLBS_DP1_537000_4142000_classified_point_cloud.laz","2018_MLBS_3_537000_4142000_image.tif","Tree",1,537000,537999.999,4142000,4142999.999
"8889",8889,537494.509,537503.144,4142706.01,4142714.472,"Silva","NEON_D07_MLBS_DP1_537000_4142000_classified_point_cloud.laz","2018_MLBS_3_537000_4142000_image.tif","Tree",1,537000,537999.999,4142000,4142999.999
"8890",8890,537483.602,537494.924,4142705.108,4142715.494,"Silva","NEON_D07_MLBS_DP1_537000_4142000_classified_point_cloud.laz","2018_MLBS_3_537000_4142000_image.tif","Tree",1,537000,537999.999,4142000,4142999.999
"8891",8891,537490.105,537498.998,4142712.576,4142721.993,"Silva","NEON_D07_MLBS_DP1_537000_4142000_classified_point_cloud.laz","2018_MLBS_3_537000_4142000_image.tif","Tree",1,537000,537999.999,4142000,4142999.999
"8892",8892,537489,537501.443,4142721.507,4142731.317,"Silva","NEON_D07_MLBS_DP1_537000_4142000_classified_point_cloud.laz","2018_MLBS_3_537000_4142000_image.tif","Tree",1,537000,537999.999,4142000,4142999.999
"8893",8893,537485.516,537494.45,4142724.653,4142732.966,"Silva","NEON_D07_MLBS_DP1_537000_4142000_classified_point_cloud.laz","2018_MLBS_3_537000_4142000_image.tif","Tree",1,537000,537999.999,4142000,4142999.999
"8894",8894,537493.505,537503.477,4142729.502,4142742.975,"Silva","NEON_D07_MLBS_DP1_537000_4142000_classified_point_cloud.laz","2018_MLBS_3_537000_4142000_image.tif","Tree",1,537000,537999.999,4142000,4142999.999
"8895",8895,537485.581,537498.998,4142739.01,4142746.497,"Silva","NEON_D07_MLBS_DP1_537000_4142000_classified_point_cloud.laz","2018_MLBS_3_537000_4142000_image.tif","Tree",1,537000,537999.999,4142000,4142999.999
"8896",8896,537486.044,537495.486,4142746.503,4142756.442,"Silva","NEON_D07_MLBS_DP1_537000_4142000_classified_point_cloud.laz","2018_MLBS_3_537000_4142000_image.tif","Tree",1,537000,537999.999,4142000,4142999.999
"8897",8897,537490.061,537499.499,4142803.013,4142811.469,"Silva","NEON_D07_MLBS_DP1_537000_4142000_classified_point_cloud.laz","2018_MLBS_3_537000_4142000_image.tif","Tree",1,537000,537999.999,4142000,4142999.999
"8898",8898,537482.501,537491.955,4142770.541,4142777.757,"Silva","NEON_D07_MLBS_DP1_537000_4142000_classified_point_cloud.laz","2018_MLBS_3_537000_4142000_image.tif","Tree",1,537000,537999.999,4142000,4142999.999
"8899",8899,537486.034,537496.442,4142753.028,4142760.5,"Silva","NEON_D07_MLBS_DP1_537000_4142000_classified_point_cloud.laz","2018_MLBS_3_537000_4142000_image.tif","Tree",1,537000,537999.999,4142000,4142999.999
"8900",8900,537401.545,537410.994,4142829.323,4142841,"Silva","NEON_D07_MLBS_DP1_537000_4142000_classified_point_cloud.laz","2018_MLBS_3_537000_4142000_image.tif","Tree",1,537000,537999.999,4142000,4142999.999
"8901",8901,537413.756,537425.499,4142853.756,4142866.48,"Silva","NEON_D07_MLBS_DP1_537000_4142000_classified_point_cloud.laz","2018_MLBS_3_537000_4142000_image.tif","Tree",1,537000,537999.999,4142000,4142999.999
"8902",8902,537404.588,537411.956,4142864.088,4142870.997,"Silva","NEON_D07_MLBS_DP1_537000_4142000_classified_point_cloud.laz","2018_MLBS_3_537000_4142000_image.tif","Tree",1,537000,537999.999,4142000,4142999.999
"8903",8903,537456.519,537467.974,4142807.078,4142817.414,"Silva","NEON_D07_MLBS_DP1_537000_4142000_classified_point_cloud.laz","2018_MLBS_3_537000_4142000_image.tif","Tree",1,537000,537999.999,4142000,4142999.999
"8904",8904,537447.087,537456.415,4142807.546,4142817.363,"Silva","NEON_D07_MLBS_DP1_537000_4142000_classified_point_cloud.laz","2018_MLBS_3_537000_4142000_image.tif","Tree",1,537000,537999.999,4142000,4142999.999
"8905",8905,537468.009,537476.498,4142807.507,4142816.476,"Silva","NEON_D07_MLBS_DP1_537000_4142000_classified_point_cloud.laz","2018_MLBS_3_537000_4142000_image.tif","Tree",1,537000,537999.999,4142000,4142999.999
"8906",8906,537443.505,537452.855,4142814.612,4142824.267,"Silva","NEON_D07_MLBS_DP1_537000_4142000_classified_point_cloud.laz","2018_MLBS_3_537000_4142000_image.tif","Tree",1,537000,537999.999,4142000,4142999.999
"8907",8907,537450.503,537461.836,4142816.078,4142828.418,"Silva","NEON_D07_MLBS_DP1_537000_4142000_classified_point_cloud.laz","2018_MLBS_3_537000_4142000_image.tif","Tree",1,537000,537999.999,4142000,4142999.999
"8908",8908,537476.041,537486.488,4142819.056,4142827.279,"Silva","NEON_D07_MLBS_DP1_537000_4142000_classified_point_cloud.laz","2018_MLBS_3_537000_4142000_image.tif","Tree",1,537000,537999.999,4142000,4142999.999
"8909",8909,537470.011,537477.974,4142819.112,4142828.953,"Silva","NEON_D07_MLBS_DP1_537000_4142000_classified_point_cloud.laz","2018_MLBS_3_537000_4142000_image.tif","Tree",1,537000,537999.999,4142000,4142999.999
"8910",8910,537454.014,537462.442,4142821.536,4142831.441,"Silva","NEON_D07_MLBS_DP1_537000_4142000_classified_point_cloud.laz","2018_MLBS_3_537000_4142000_image.tif","Tree",1,537000,537999.999,4142000,4142999.999
"8911",8911,537461.033,537466.999,4142821.505,4142831.96,"Silva","NEON_D07_MLBS_DP1_537000_4142000_classified_point_cloud.laz","2018_MLBS_3_537000_4142000_image.tif","Tree",1,537000,537999.999,4142000,4142999.999
"8912",8912,537445.505,537454.283,4142826.609,4142837.432,"Silva","NEON_D07_MLBS_DP1_537000_4142000_classified_point_cloud.laz","2018_MLBS_3_537000_4142000_image.tif","Tree",1,537000,537999.999,4142000,4142999.999
"8913",8913,537455.008,537459.956,4142830.152,4142838,"Silva","NEON_D07_MLBS_DP1_537000_4142000_classified_point_cloud.laz","2018_MLBS_3_537000_4142000_image.tif","Tree",1,537000,537999.999,4142000,4142999.999
"8914",8914,537459.034,537466.595,4142831.571,4142840.645,"Silva","NEON_D07_MLBS_DP1_537000_4142000_classified_point_cloud.laz","2018_MLBS_3_537000_4142000_image.tif","Tree",1,537000,537999.999,4142000,4142999.999
"8915",8915,537475.529,537485.801,4142833.026,4142842.493,"Silva","NEON_D07_MLBS_DP1_537000_4142000_classified_point_cloud.laz","2018_MLBS_3_537000_4142000_image.tif","Tree",1,537000,537999.999,4142000,4142999.999
"8916",8916,537454.033,537461.997,4142838.003,4142846.487,"Silva","NEON_D07_MLBS_DP1_537000_4142000_classified_point_cloud.laz","2018_MLBS_3_537000_4142000_image.tif","Tree",1,537000,537999.999,4142000,4142999.999
"8917",8917,537467.15,537475.936,4142837.506,4142847.933,"Silva","NEON_D07_MLBS_DP1_537000_4142000_classified_point_cloud.laz","2018_MLBS_3_537000_4142000_image.tif","Tree",1,537000,537999.999,4142000,4142999.999
"8918",8918,537461.048,537470.483,4142837.504,4142852.407,"Silva","NEON_D07_MLBS_DP1_537000_4142000_classified_point_cloud.laz","2018_MLBS_3_537000_4142000_image.tif","Tree",1,537000,537999.999,4142000,4142999.999
"8919",8919,537448.031,537458.403,4142841.204,4142849.383,"Silva","NEON_D07_MLBS_DP1_537000_4142000_classified_point_cloud.laz","2018_MLBS_3_537000_4142000_image.tif","Tree",1,537000,537999.999,4142000,4142999.999
"8920",8920,537481.059,537491.458,4142838.732,4142848.933,"Silva","NEON_D07_MLBS_DP1_537000_4142000_classified_point_cloud.laz","2018_MLBS_3_537000_4142000_image.tif","Tree",1,537000,537999.999,4142000,4142999.999
"8921",8921,537446.006,537452.925,4142842.074,4142852.363,"Silva","NEON_D07_MLBS_DP1_537000_4142000_classified_point_cloud.laz","2018_MLBS_3_537000_4142000_image.tif","Tree",1,537000,537999.999,4142000,4142999.999
"8922",8922,537452.508,537465.99,4142846.524,4142855.483,"Silva","NEON_D07_MLBS_DP1_537000_4142000_classified_point_cloud.laz","2018_MLBS_3_537000_4142000_image.tif","Tree",1,537000,537999.999,4142000,4142999.999
"8923",8923,537466.778,537478.487,4142846.536,4142855.498,"Silva","NEON_D07_MLBS_DP1_537000_4142000_classified_point_cloud.laz","2018_MLBS_3_537000_4142000_image.tif","Tree",1,537000,537999.999,4142000,4142999.999
"8924",8924,537478.511,537485.999,4142847.269,4142853.284,"Silva","NEON_D07_MLBS_DP1_537000_4142000_classified_point_cloud.laz","2018_MLBS_3_537000_4142000_image.tif","Tree",1,537000,537999.999,4142000,4142999.999
"8925",8925,537444.623,537453.993,4142851.611,4142858.989,"Silva","NEON_D07_MLBS_DP1_537000_4142000_classified_point_cloud.laz","2018_MLBS_3_537000_4142000_image.tif","Tree",1,537000,537999.999,4142000,4142999.999
"8926",8926,537476.069,537482.486,4142853.008,4142860.905,"Silva","NEON_D07_MLBS_DP1_537000_4142000_classified_point_cloud.laz","2018_MLBS_3_537000_4142000_image.tif","Tree",1,537000,537999.999,4142000,4142999.999
"8927",8927,537482.504,537488.493,4142850.535,4142858.986,"Silva","NEON_D07_MLBS_DP1_537000_4142000_classified_point_cloud.laz","2018_MLBS_3_537000_4142000_image.tif","Tree",1,537000,537999.999,4142000,4142999.999
"8928",8928,537455.508,537466.995,4142853.02,4142866.45,"Silva","NEON_D07_MLBS_DP1_537000_4142000_classified_point_cloud.laz","2018_MLBS_3_537000_4142000_image.tif","Tree",1,537000,537999.999,4142000,4142999.999
"8929",8929,537466.08,537479.449,4142852.512,4142863.939,"Silva","NEON_D07_MLBS_DP1_537000_4142000_classified_point_cloud.laz","2018_MLBS_3_537000_4142000_image.tif","Tree",1,537000,537999.999,4142000,4142999.999
"8930",8930,537443.528,537449.843,4142856.959,4142867.453,"Silva","NEON_D07_MLBS_DP1_537000_4142000_classified_point_cloud.laz","2018_MLBS_3_537000_4142000_image.tif","Tree",1,537000,537999.999,4142000,4142999.999
"8931",8931,537449.01,537454.457,4142859.011,4142867.905,"Silva","NEON_D07_MLBS_DP1_537000_4142000_classified_point_cloud.laz","2018_MLBS_3_537000_4142000_image.tif","Tree",1,537000,537999.999,4142000,4142999.999
"8932",8932,537450.09,537458.975,4142859.014,4142868.976,"Silva","NEON_D07_MLBS_DP1_537000_4142000_classified_point_cloud.laz","2018_MLBS_3_537000_4142000_image.tif","Tree",1,537000,537999.999,4142000,4142999.999
"8933",8933,537479.726,537488.893,4142858.096,4142863.956,"Silva","NEON_D07_MLBS_DP1_537000_4142000_classified_point_cloud.laz","2018_MLBS_3_537000_4142000_image.tif","Tree",1,537000,537999.999,4142000,4142999.999
"8934",8934,537432.05,537442.961,4142862.116,4142870.755,"Silva","NEON_D07_MLBS_DP1_537000_4142000_classified_point_cloud.laz","2018_MLBS_3_537000_4142000_image.tif","Tree",1,537000,537999.999,4142000,4142999.999
"8935",8935,537420.506,537429.445,4142864.516,4142875.459,"Silva","NEON_D07_MLBS_DP1_537000_4142000_classified_point_cloud.laz","2018_MLBS_3_537000_4142000_image.tif","Tree",1,537000,537999.999,4142000,4142999.999
"8936",8936,537464.016,537472.997,4142860.81,4142872.922,"Silva","NEON_D07_MLBS_DP1_537000_4142000_classified_point_cloud.laz","2018_MLBS_3_537000_4142000_image.tif","Tree",1,537000,537999.999,4142000,4142999.999
"8937",8937,537479.022,537486.462,4142861.635,4142871.753,"Silva","NEON_D07_MLBS_DP1_537000_4142000_classified_point_cloud.laz","2018_MLBS_3_537000_4142000_image.tif","Tree",1,537000,537999.999,4142000,4142999.999
"8938",8938,537472.012,537480.075,4142862.665,4142871.34,"Silva","NEON_D07_MLBS_DP1_537000_4142000_classified_point_cloud.laz","2018_MLBS_3_537000_4142000_image.tif","Tree",1,537000,537999.999,4142000,4142999.999
"8939",8939,537471.594,537482.459,4142869.507,4142875.45,"Silva","NEON_D07_MLBS_DP1_537000_4142000_classified_point_cloud.laz","2018_MLBS_3_537000_4142000_image.tif","Tree",1,537000,537999.999,4142000,4142999.999
"8940",8940,537372.532,537391.997,4142869.501,4142877.976,"Silva","NEON_D07_MLBS_DP1_537000_4142000_classified_point_cloud.laz","2018_MLBS_3_537000_4142000_image.tif","Tree",1,537000,537999.999,4142000,4142999.999
"8941",8941,537354.593,537361.977,4142873.626,4142884.42,"Silva","NEON_D07_MLBS_DP1_537000_4142000_classified_point_cloud.laz","2018_MLBS_3_537000_4142000_image.tif","Tree",1,537000,537999.999,4142000,4142999.999
"8942",8942,537368.699,537377.997,4142903.032,4142911.495,"Silva","NEON_D07_MLBS_DP1_537000_4142000_classified_point_cloud.laz","2018_MLBS_3_537000_4142000_image.tif","Tree",1,537000,537999.999,4142000,4142999.999
"8943",8943,537368.513,537379.992,4142894.017,4142902.985,"Silva","NEON_D07_MLBS_DP1_537000_4142000_classified_point_cloud.laz","2018_MLBS_3_537000_4142000_image.tif","Tree",1,537000,537999.999,4142000,4142999.999
"8944",8944,537350.526,537361.92,4142898.011,4142909.407,"Silva","NEON_D07_MLBS_DP1_537000_4142000_classified_point_cloud.laz","2018_MLBS_3_537000_4142000_image.tif","Tree",1,537000,537999.999,4142000,4142999.999
"8945",8945,537380.079,537392.482,4142887.522,4142901.99,"Silva","NEON_D07_MLBS_DP1_537000_4142000_classified_point_cloud.laz","2018_MLBS_3_537000_4142000_image.tif","Tree",1,537000,537999.999,4142000,4142999.999
"8946",8946,537401.697,537410.461,4142872.519,4142881.494,"Silva","NEON_D07_MLBS_DP1_537000_4142000_classified_point_cloud.laz","2018_MLBS_3_537000_4142000_image.tif","Tree",1,537000,537999.999,4142000,4142999.999
"8947",8947,537397.123,537409.458,4142878.506,4142888.495,"Silva","NEON_D07_MLBS_DP1_537000_4142000_classified_point_cloud.laz","2018_MLBS_3_537000_4142000_image.tif","Tree",1,537000,537999.999,4142000,4142999.999
"8948",8948,537387.009,537398.464,4142874.51,4142890.339,"Silva","NEON_D07_MLBS_DP1_537000_4142000_classified_point_cloud.laz","2018_MLBS_3_537000_4142000_image.tif","Tree",1,537000,537999.999,4142000,4142999.999
"8949",8949,537404.506,537413.967,4142898.083,4142908.471,"Silva","NEON_D07_MLBS_DP1_537000_4142000_classified_point_cloud.laz","2018_MLBS_3_537000_4142000_image.tif","Tree",1,537000,537999.999,4142000,4142999.999
"8950",8950,537396.506,537408.958,4142895.015,4142906.962,"Silva","NEON_D07_MLBS_DP1_537000_4142000_classified_point_cloud.laz","2018_MLBS_3_537000_4142000_image.tif","Tree",1,537000,537999.999,4142000,4142999.999
"8951",8951,537390.516,537401.335,4142895.013,4142906.475,"Silva","NEON_D07_MLBS_DP1_537000_4142000_classified_point_cloud.laz","2018_MLBS_3_537000_4142000_image.tif","Tree",1,537000,537999.999,4142000,4142999.999
"8952",8952,537396.504,537409.496,4142888.522,4142896.988,"Silva","NEON_D07_MLBS_DP1_537000_4142000_classified_point_cloud.laz","2018_MLBS_3_537000_4142000_image.tif","Tree",1,537000,537999.999,4142000,4142999.999
"8953",8953,537391.013,537405.428,4142884.567,4142895.495,"Silva","NEON_D07_MLBS_DP1_537000_4142000_classified_point_cloud.laz","2018_MLBS_3_537000_4142000_image.tif","Tree",1,537000,537999.999,4142000,4142999.999
"8954",8954,537416.52,537420.941,4142880.214,4142891.982,"Silva","NEON_D07_MLBS_DP1_537000_4142000_classified_point_cloud.laz","2018_MLBS_3_537000_4142000_image.tif","Tree",1,537000,537999.999,4142000,4142999.999
"8955",8955,537377.002,537391.963,4142900.004,4142912.968,"Silva","NEON_D07_MLBS_DP1_537000_4142000_classified_point_cloud.laz","2018_MLBS_3_537000_4142000_image.tif","Tree",1,537000,537999.999,4142000,4142999.999
"8956",8956,537379.506,537388.995,4142908.638,4142919.476,"Silva","NEON_D07_MLBS_DP1_537000_4142000_classified_point_cloud.laz","2018_MLBS_3_537000_4142000_image.tif","Tree",1,537000,537999.999,4142000,4142999.999
"8957",8957,537365.521,537380.493,4142911.503,4142921.451,"Silva","NEON_D07_MLBS_DP1_537000_4142000_classified_point_cloud.laz","2018_MLBS_3_537000_4142000_image.tif","Tree",1,537000,537999.999,4142000,4142999.999
"8958",8958,537358.029,537369.474,4142913.04,4142927.419,"Silva","NEON_D07_MLBS_DP1_537000_4142000_classified_point_cloud.laz","2018_MLBS_3_537000_4142000_image.tif","Tree",1,537000,537999.999,4142000,4142999.999
"8959",8959,537369.031,537379.452,4142920.015,4142927.827,"Silva","NEON_D07_MLBS_DP1_537000_4142000_classified_point_cloud.laz","2018_MLBS_3_537000_4142000_image.tif","Tree",1,537000,537999.999,4142000,4142999.999
"8960",8960,537378.004,537384.496,4142918.598,4142926.919,"Silva","NEON_D07_MLBS_DP1_537000_4142000_classified_point_cloud.laz","2018_MLBS_3_537000_4142000_image.tif","Tree",1,537000,537999.999,4142000,4142999.999
"8961",8961,537356.59,537364.492,4142922.151,4142933.407,"Silva","NEON_D07_MLBS_DP1_537000_4142000_classified_point_cloud.laz","2018_MLBS_3_537000_4142000_image.tif","Tree",1,537000,537999.999,4142000,4142999.999
"8962",8962,537367.505,537376.952,4142931.007,4142938.485,"Silva","NEON_D07_MLBS_DP1_537000_4142000_classified_point_cloud.laz","2018_MLBS_3_537000_4142000_image.tif","Tree",1,537000,537999.999,4142000,4142999.999
"8963",8963,537363.52,537373.826,4142923.545,4142934,"Silva","NEON_D07_MLBS_DP1_537000_4142000_classified_point_cloud.laz","2018_MLBS_3_537000_4142000_image.tif","Tree",1,537000,537999.999,4142000,4142999.999
"8964",8964,537411.013,537420.464,4142903.009,4142911.453,"Silva","NEON_D07_MLBS_DP1_537000_4142000_classified_point_cloud.laz","2018_MLBS_3_537000_4142000_image.tif","Tree",1,537000,537999.999,4142000,4142999.999
"8965",8965,537397.501,537408.816,4142904.524,4142913.495,"Silva","NEON_D07_MLBS_DP1_537000_4142000_classified_point_cloud.laz","2018_MLBS_3_537000_4142000_image.tif","Tree",1,537000,537999.999,4142000,4142999.999
"8966",8966,537413.549,537423.998,4142905.011,4142916.975,"Silva","NEON_D07_MLBS_DP1_537000_4142000_classified_point_cloud.laz","2018_MLBS_3_537000_4142000_image.tif","Tree",1,537000,537999.999,4142000,4142999.999
"8967",8967,537389.001,537397.989,4142905.011,4142921.346,"Silva","NEON_D07_MLBS_DP1_537000_4142000_classified_point_cloud.laz","2018_MLBS_3_537000_4142000_image.tif","Tree",1,537000,537999.999,4142000,4142999.999
"8968",8968,537394.509,537402.476,4142910.051,4142919.982,"Silva","NEON_D07_MLBS_DP1_537000_4142000_classified_point_cloud.laz","2018_MLBS_3_537000_4142000_image.tif","Tree",1,537000,537999.999,4142000,4142999.999
"8969",8969,537402.024,537412.463,4142913.506,4142921.986,"Silva","NEON_D07_MLBS_DP1_537000_4142000_classified_point_cloud.laz","2018_MLBS_3_537000_4142000_image.tif","Tree",1,537000,537999.999,4142000,4142999.999
"8970",8970,537391.505,537401.473,4142919.071,4142925.483,"Silva","NEON_D07_MLBS_DP1_537000_4142000_classified_point_cloud.laz","2018_MLBS_3_537000_4142000_image.tif","Tree",1,537000,537999.999,4142000,4142999.999
"8971",8971,537399.1,537407.469,4142919.575,4142929.893,"Silva","NEON_D07_MLBS_DP1_537000_4142000_classified_point_cloud.laz","2018_MLBS_3_537000_4142000_image.tif","Tree",1,537000,537999.999,4142000,4142999.999
"8972",8972,537389.52,537400.45,4142932.102,4142939.959,"Silva","NEON_D07_MLBS_DP1_537000_4142000_classified_point_cloud.laz","2018_MLBS_3_537000_4142000_image.tif","Tree",1,537000,537999.999,4142000,4142999.999
"8973",8973,537409.506,537419.446,4142917.006,4142928.349,"Silva","NEON_D07_MLBS_DP1_537000_4142000_classified_point_cloud.laz","2018_MLBS_3_537000_4142000_image.tif","Tree",1,537000,537999.999,4142000,4142999.999
"8974",8974,537444.025,537455.981,4142868.01,4142876.993,"Silva","NEON_D07_MLBS_DP1_537000_4142000_classified_point_cloud.laz","2018_MLBS_3_537000_4142000_image.tif","Tree",1,537000,537999.999,4142000,4142999.999
"8975",8975,537455.522,537460.998,4142867.539,4142877.381,"Silva","NEON_D07_MLBS_DP1_537000_4142000_classified_point_cloud.laz","2018_MLBS_3_537000_4142000_image.tif","Tree",1,537000,537999.999,4142000,4142999.999
"8976",8976,537421.567,537430.233,4142874.831,4142881.301,"Silva","NEON_D07_MLBS_DP1_537000_4142000_classified_point_cloud.laz","2018_MLBS_3_537000_4142000_image.tif","Tree",1,537000,537999.999,4142000,4142999.999
"8977",8977,537463.084,537470.489,4142873.11,4142881.997,"Silva","NEON_D07_MLBS_DP1_537000_4142000_classified_point_cloud.laz","2018_MLBS_3_537000_4142000_image.tif","Tree",1,537000,537999.999,4142000,4142999.999
"8978",8978,537477.53,537484.498,4142872.231,4142881.905,"Silva","NEON_D07_MLBS_DP1_537000_4142000_classified_point_cloud.laz","2018_MLBS_3_537000_4142000_image.tif","Tree",1,537000,537999.999,4142000,4142999.999
"8979",8979,537470.515,537477.998,4142873.209,4142881.443,"Silva","NEON_D07_MLBS_DP1_537000_4142000_classified_point_cloud.laz","2018_MLBS_3_537000_4142000_image.tif","Tree",1,537000,537999.999,4142000,4142999.999
"8980",8980,537449.06,537456.496,4142876.515,4142884.422,"Silva","NEON_D07_MLBS_DP1_537000_4142000_classified_point_cloud.laz","2018_MLBS_3_537000_4142000_image.tif","Tree",1,537000,537999.999,4142000,4142999.999
"8981",8981,537421.571,537426.496,4142881.508,4142885.996,"Silva","NEON_D07_MLBS_DP1_537000_4142000_classified_point_cloud.laz","2018_MLBS_3_537000_4142000_image.tif","Tree",1,537000,537999.999,4142000,4142999.999
"8982",8982,537464.083,537473.984,4142878.346,4142885.997,"Silva","NEON_D07_MLBS_DP1_537000_4142000_classified_point_cloud.laz","2018_MLBS_3_537000_4142000_image.tif","Tree",1,537000,537999.999,4142000,4142999.999
"8983",8983,537450.505,537460.457,4142880.505,4142888.471,"Silva","NEON_D07_MLBS_DP1_537000_4142000_classified_point_cloud.laz","2018_MLBS_3_537000_4142000_image.tif","Tree",1,537000,537999.999,4142000,4142999.999
"8984",8984,537443.554,537450.973,4142883.506,4142890.481,"Silva","NEON_D07_MLBS_DP1_537000_4142000_classified_point_cloud.laz","2018_MLBS_3_537000_4142000_image.tif","Tree",1,537000,537999.999,4142000,4142999.999
"8985",8985,537475.002,537482.492,4142880.505,4142890.486,"Silva","NEON_D07_MLBS_DP1_537000_4142000_classified_point_cloud.laz","2018_MLBS_3_537000_4142000_image.tif","Tree",1,537000,537999.999,4142000,4142999.999
"8986",8986,537471.01,537476.454,4142881.568,4142889.39,"Silva","NEON_D07_MLBS_DP1_537000_4142000_classified_point_cloud.laz","2018_MLBS_3_537000_4142000_image.tif","Tree",1,537000,537999.999,4142000,4142999.999
"8987",8987,537437.092,537444.999,4142885.006,4142895.484,"Silva","NEON_D07_MLBS_DP1_537000_4142000_classified_point_cloud.laz","2018_MLBS_3_537000_4142000_image.tif","Tree",1,537000,537999.999,4142000,4142999.999
"8988",8988,537466.025,537475.984,4142885.508,4142892.992,"Silva","NEON_D07_MLBS_DP1_537000_4142000_classified_point_cloud.laz","2018_MLBS_3_537000_4142000_image.tif","Tree",1,537000,537999.999,4142000,4142999.999
"8989",8989,537479.013,537487.48,4142882.028,4142891.964,"Silva","NEON_D07_MLBS_DP1_537000_4142000_classified_point_cloud.laz","2018_MLBS_3_537000_4142000_image.tif","Tree",1,537000,537999.999,4142000,4142999.999
"8990",8990,537458.035,537467.453,4142883.506,4142893,"Silva","NEON_D07_MLBS_DP1_537000_4142000_classified_point_cloud.laz","2018_MLBS_3_537000_4142000_image.tif","Tree",1,537000,537999.999,4142000,4142999.999
"8991",8991,537450.523,537458.979,4142888.011,4142894.993,"Silva","NEON_D07_MLBS_DP1_537000_4142000_classified_point_cloud.laz","2018_MLBS_3_537000_4142000_image.tif","Tree",1,537000,537999.999,4142000,4142999.999
"8992",8992,537443.1,537452.489,4142889.009,4142897.496,"Silva","NEON_D07_MLBS_DP1_537000_4142000_classified_point_cloud.laz","2018_MLBS_3_537000_4142000_image.tif","Tree",1,537000,537999.999,4142000,4142999.999
"8993",8993,537420.546,537433.993,4142891.072,4142901.473,"Silva","NEON_D07_MLBS_DP1_537000_4142000_classified_point_cloud.laz","2018_MLBS_3_537000_4142000_image.tif","Tree",1,537000,537999.999,4142000,4142999.999
"8994",8994,537457.03,537466.939,4142892.004,4142899.32,"Silva","NEON_D07_MLBS_DP1_537000_4142000_classified_point_cloud.laz","2018_MLBS_3_537000_4142000_image.tif","Tree",1,537000,537999.999,4142000,4142999.999
"8995",8995,537469.063,537478.49,4142889.541,4142900.445,"Silva","NEON_D07_MLBS_DP1_537000_4142000_classified_point_cloud.laz","2018_MLBS_3_537000_4142000_image.tif","Tree",1,537000,537999.999,4142000,4142999.999
"8996",8996,537481.568,537490.989,4142891.009,4142897.98,"Silva","NEON_D07_MLBS_DP1_537000_4142000_classified_point_cloud.laz","2018_MLBS_3_537000_4142000_image.tif","Tree",1,537000,537999.999,4142000,4142999.999
"8997",8997,537475.019,537482.476,4142890.578,4142901.988,"Silva","NEON_D07_MLBS_DP1_537000_4142000_classified_point_cloud.laz","2018_MLBS_3_537000_4142000_image.tif","Tree",1,537000,537999.999,4142000,4142999.999
"8998",8998,537451.042,537458.904,4142894.507,4142902.935,"Silva","NEON_D07_MLBS_DP1_537000_4142000_classified_point_cloud.laz","2018_MLBS_3_537000_4142000_image.tif","Tree",1,537000,537999.999,4142000,4142999.999
"8999",8999,537435.504,537447.995,4142895.006,4142904.965,"Silva","NEON_D07_MLBS_DP1_537000_4142000_classified_point_cloud.laz","2018_MLBS_3_537000_4142000_image.tif","Tree",1,537000,537999.999,4142000,4142999.999
"9000",9000,537464.005,537474.871,4142893.004,4142904.41,"Silva","NEON_D07_MLBS_DP1_537000_4142000_classified_point_cloud.laz","2018_MLBS_3_537000_4142000_image.tif","Tree",1,537000,537999.999,4142000,4142999.999
"9001",9001,537460.51,537471.419,4142915.012,4142927.468,"Silva","NEON_D07_MLBS_DP1_537000_4142000_classified_point_cloud.laz","2018_MLBS_3_537000_4142000_image.tif","Tree",1,537000,537999.999,4142000,4142999.999
"9002",9002,537419.04,537426.487,4142921.532,4142928.994,"Silva","NEON_D07_MLBS_DP1_537000_4142000_classified_point_cloud.laz","2018_MLBS_3_537000_4142000_image.tif","Tree",1,537000,537999.999,4142000,4142999.999
"9003",9003,537426.509,537434.479,4142922.001,4142928.489,"Silva","NEON_D07_MLBS_DP1_537000_4142000_classified_point_cloud.laz","2018_MLBS_3_537000_4142000_image.tif","Tree",1,537000,537999.999,4142000,4142999.999
"9004",9004,537434.5,537442.999,4142919.137,4142928.483,"Silva","NEON_D07_MLBS_DP1_537000_4142000_classified_point_cloud.laz","2018_MLBS_3_537000_4142000_image.tif","Tree",1,537000,537999.999,4142000,4142999.999
"9005",9005,537447,537460.494,4142925.013,4142935.417,"Silva","NEON_D07_MLBS_DP1_537000_4142000_classified_point_cloud.laz","2018_MLBS_3_537000_4142000_image.tif","Tree",1,537000,537999.999,4142000,4142999.999
"9006",9006,537439.575,537447.925,4142927.512,4142937.494,"Silva","NEON_D07_MLBS_DP1_537000_4142000_classified_point_cloud.laz","2018_MLBS_3_537000_4142000_image.tif","Tree",1,537000,537999.999,4142000,4142999.999
"9007",9007,537434.002,537440.927,4142926.072,4142936.5,"Silva","NEON_D07_MLBS_DP1_537000_4142000_classified_point_cloud.laz","2018_MLBS_3_537000_4142000_image.tif","Tree",1,537000,537999.999,4142000,4142999.999
"9008",9008,537471.163,537479.493,4142923.002,4142935.994,"Silva","NEON_D07_MLBS_DP1_537000_4142000_classified_point_cloud.laz","2018_MLBS_3_537000_4142000_image.tif","Tree",1,537000,537999.999,4142000,4142999.999
"9009",9009,537422.01,537428.959,4142928.506,4142935.497,"Silva","NEON_D07_MLBS_DP1_537000_4142000_classified_point_cloud.laz","2018_MLBS_3_537000_4142000_image.tif","Tree",1,537000,537999.999,4142000,4142999.999
"9010",9010,537483.084,537489.499,4142930.027,4142933.489,"Silva","NEON_D07_MLBS_DP1_537000_4142000_classified_point_cloud.laz","2018_MLBS_3_537000_4142000_image.tif","Tree",1,537000,537999.999,4142000,4142999.999
"9011",9011,537430.612,537441.96,4142933.511,4142944.997,"Silva","NEON_D07_MLBS_DP1_537000_4142000_classified_point_cloud.laz","2018_MLBS_3_537000_4142000_image.tif","Tree",1,537000,537999.999,4142000,4142999.999
"9012",9012,537479.081,537485.97,4142932.527,4142938.485,"Silva","NEON_D07_MLBS_DP1_537000_4142000_classified_point_cloud.laz","2018_MLBS_3_537000_4142000_image.tif","Tree",1,537000,537999.999,4142000,4142999.999
"9013",9013,537470.036,537476.996,4142914.756,4142921.922,"Silva","NEON_D07_MLBS_DP1_537000_4142000_classified_point_cloud.laz","2018_MLBS_3_537000_4142000_image.tif","Tree",1,537000,537999.999,4142000,4142999.999
"9014",9014,537476.52,537480.981,4142914.007,4142923.42,"Silva","NEON_D07_MLBS_DP1_537000_4142000_classified_point_cloud.laz","2018_MLBS_3_537000_4142000_image.tif","Tree",1,537000,537999.999,4142000,4142999.999
"9015",9015,537447.537,537454.474,4142914.504,4142921.942,"Silva","NEON_D07_MLBS_DP1_537000_4142000_classified_point_cloud.laz","2018_MLBS_3_537000_4142000_image.tif","Tree",1,537000,537999.999,4142000,4142999.999
"9016",9016,537479.502,537485.443,4142912.011,4142922.494,"Silva","NEON_D07_MLBS_DP1_537000_4142000_classified_point_cloud.laz","2018_MLBS_3_537000_4142000_image.tif","Tree",1,537000,537999.999,4142000,4142999.999
"9017",9017,537429.504,537438.945,4142915.507,4142924.952,"Silva","NEON_D07_MLBS_DP1_537000_4142000_classified_point_cloud.laz","2018_MLBS_3_537000_4142000_image.tif","Tree",1,537000,537999.999,4142000,4142999.999
"9018",9018,537424.001,537429.493,4142915.013,4142922.989,"Silva","NEON_D07_MLBS_DP1_537000_4142000_classified_point_cloud.laz","2018_MLBS_3_537000_4142000_image.tif","Tree",1,537000,537999.999,4142000,4142999.999
"9019",9019,537442.207,537450.965,4142914.525,4142921.973,"Silva","NEON_D07_MLBS_DP1_537000_4142000_classified_point_cloud.laz","2018_MLBS_3_537000_4142000_image.tif","Tree",1,537000,537999.999,4142000,4142999.999
"9020",9020,537469.505,537476.995,4142909.017,4142915.489,"Silva","NEON_D07_MLBS_DP1_537000_4142000_classified_point_cloud.laz","2018_MLBS_3_537000_4142000_image.tif","Tree",1,537000,537999.999,4142000,4142999.999
"9021",9021,537477.022,537483.91,4142910.027,4142914.488,"Silva","NEON_D07_MLBS_DP1_537000_4142000_classified_point_cloud.laz","2018_MLBS_3_537000_4142000_image.tif","Tree",1,537000,537999.999,4142000,4142999.999
"9022",9022,537461.115,537469.495,4142906.01,4142917.397,"Silva","NEON_D07_MLBS_DP1_537000_4142000_classified_point_cloud.laz","2018_MLBS_3_537000_4142000_image.tif","Tree",1,537000,537999.999,4142000,4142999.999
"9023",9023,537453.113,537461.497,4142907.02,4142918.278,"Silva","NEON_D07_MLBS_DP1_537000_4142000_classified_point_cloud.laz","2018_MLBS_3_537000_4142000_image.tif","Tree",1,537000,537999.999,4142000,4142999.999
"9024",9024,537438.509,537446.485,4142910.07,4142919.5,"Silva","NEON_D07_MLBS_DP1_537000_4142000_classified_point_cloud.laz","2018_MLBS_3_537000_4142000_image.tif","Tree",1,537000,537999.999,4142000,4142999.999
"9025",9025,537445.063,537453.449,4142908.508,4142914.94,"Silva","NEON_D07_MLBS_DP1_537000_4142000_classified_point_cloud.laz","2018_MLBS_3_537000_4142000_image.tif","Tree",1,537000,537999.999,4142000,4142999.999
"9026",9026,537423.504,537433.498,4142909.031,4142916.818,"Silva","NEON_D07_MLBS_DP1_537000_4142000_classified_point_cloud.laz","2018_MLBS_3_537000_4142000_image.tif","Tree",1,537000,537999.999,4142000,4142999.999
"9027",9027,537439.001,537444.937,4142905.054,4142915.409,"Silva","NEON_D07_MLBS_DP1_537000_4142000_classified_point_cloud.laz","2018_MLBS_3_537000_4142000_image.tif","Tree",1,537000,537999.999,4142000,4142999.999
"9028",9028,537475.02,537482.494,4142902.043,4142910.487,"Silva","NEON_D07_MLBS_DP1_537000_4142000_classified_point_cloud.laz","2018_MLBS_3_537000_4142000_image.tif","Tree",1,537000,537999.999,4142000,4142999.999
"9029",9029,537433.52,537438.998,4142903.082,4142917.798,"Silva","NEON_D07_MLBS_DP1_537000_4142000_classified_point_cloud.laz","2018_MLBS_3_537000_4142000_image.tif","Tree",1,537000,537999.999,4142000,4142999.999
"9030",9030,537481.57,537489.945,4142902.602,4142910.954,"Silva","NEON_D07_MLBS_DP1_537000_4142000_classified_point_cloud.laz","2018_MLBS_3_537000_4142000_image.tif","Tree",1,537000,537999.999,4142000,4142999.999
"9031",9031,537464.619,537476.485,4142901.096,4142911.471,"Silva","NEON_D07_MLBS_DP1_537000_4142000_classified_point_cloud.laz","2018_MLBS_3_537000_4142000_image.tif","Tree",1,537000,537999.999,4142000,4142999.999
"9032",9032,537426.07,537435.486,4142903.517,4142913.297,"Silva","NEON_D07_MLBS_DP1_537000_4142000_classified_point_cloud.laz","2018_MLBS_3_537000_4142000_image.tif","Tree",1,537000,537999.999,4142000,4142999.999
"9033",9033,537451.502,537459.497,4142902.504,4142911.5,"Silva","NEON_D07_MLBS_DP1_537000_4142000_classified_point_cloud.laz","2018_MLBS_3_537000_4142000_image.tif","Tree",1,537000,537999.999,4142000,4142999.999
"9034",9034,537445.535,537451.441,4142904.006,4142909.999,"Silva","NEON_D07_MLBS_DP1_537000_4142000_classified_point_cloud.laz","2018_MLBS_3_537000_4142000_image.tif","Tree",1,537000,537999.999,4142000,4142999.999
"9035",9035,537439.542,537448.422,4142902.008,4142908.482,"Silva","NEON_D07_MLBS_DP1_537000_4142000_classified_point_cloud.laz","2018_MLBS_3_537000_4142000_image.tif","Tree",1,537000,537999.999,4142000,4142999.999
"9036",9036,537446.15,537452.999,4142897.505,4142904.493,"Silva","NEON_D07_MLBS_DP1_537000_4142000_classified_point_cloud.laz","2018_MLBS_3_537000_4142000_image.tif","Tree",1,537000,537999.999,4142000,4142999.999
"9037",9037,537479.152,537487.484,4142896.065,4142903.491,"Silva","NEON_D07_MLBS_DP1_537000_4142000_classified_point_cloud.laz","2018_MLBS_3_537000_4142000_image.tif","Tree",1,537000,537999.999,4142000,4142999.999
"9038",9038,537455.534,537464.967,4142898.002,4142906.998,"Silva","NEON_D07_MLBS_DP1_537000_4142000_classified_point_cloud.laz","2018_MLBS_3_537000_4142000_image.tif","Tree",1,537000,537999.999,4142000,4142999.999
"9039",9039,537484.004,537494.473,4142805.538,4142819.499,"Silva","NEON_D07_MLBS_DP1_537000_4142000_classified_point_cloud.laz","2018_MLBS_3_537000_4142000_image.tif","Tree",1,537000,537999.999,4142000,4142999.999
"9040",9040,537485.522,537495.419,4142819.506,4142828.995,"Silva","NEON_D07_MLBS_DP1_537000_4142000_classified_point_cloud.laz","2018_MLBS_3_537000_4142000_image.tif","Tree",1,537000,537999.999,4142000,4142999.999
"9041",9041,537484.05,537489.927,4142825.059,4142831.991,"Silva","NEON_D07_MLBS_DP1_537000_4142000_classified_point_cloud.laz","2018_MLBS_3_537000_4142000_image.tif","Tree",1,537000,537999.999,4142000,4142999.999
"9042",9042,537482.514,537491.386,4142832.005,4142838.988,"Silva","NEON_D07_MLBS_DP1_537000_4142000_classified_point_cloud.laz","2018_MLBS_3_537000_4142000_image.tif","Tree",1,537000,537999.999,4142000,4142999.999
"9043",9043,537488.547,537496.996,4142834.557,4142844.969,"Silva","NEON_D07_MLBS_DP1_537000_4142000_classified_point_cloud.laz","2018_MLBS_3_537000_4142000_image.tif","Tree",1,537000,537999.999,4142000,4142999.999
"9044",9044,537493.143,537506.951,4142840.257,4142851.414,"Silva","NEON_D07_MLBS_DP1_537000_4142000_classified_point_cloud.laz","2018_MLBS_3_537000_4142000_image.tif","Tree",1,537000,537999.999,4142000,4142999.999
"9045",9045,537486.062,537497.376,4142845.03,4142855,"Silva","NEON_D07_MLBS_DP1_537000_4142000_classified_point_cloud.laz","2018_MLBS_3_537000_4142000_image.tif","Tree",1,537000,537999.999,4142000,4142999.999
"9046",9046,537493.019,537500.488,4142850.587,4142862.321,"Silva","NEON_D07_MLBS_DP1_537000_4142000_classified_point_cloud.laz","2018_MLBS_3_537000_4142000_image.tif","Tree",1,537000,537999.999,4142000,4142999.999
"9047",9047,537485.045,537491.812,4142861.037,4142866.443,"Silva","NEON_D07_MLBS_DP1_537000_4142000_classified_point_cloud.laz","2018_MLBS_3_537000_4142000_image.tif","Tree",1,537000,537999.999,4142000,4142999.999
"9048",9048,537486.108,537493.961,4142863.003,4142869.484,"Silva","NEON_D07_MLBS_DP1_537000_4142000_classified_point_cloud.laz","2018_MLBS_3_537000_4142000_image.tif","Tree",1,537000,537999.999,4142000,4142999.999
"9049",9049,537493.015,537504.372,4142862.526,4142874.898,"Silva","NEON_D07_MLBS_DP1_537000_4142000_classified_point_cloud.laz","2018_MLBS_3_537000_4142000_image.tif","Tree",1,537000,537999.999,4142000,4142999.999
"9050",9050,537483.088,537492.98,4142874.501,4142882.996,"Silva","NEON_D07_MLBS_DP1_537000_4142000_classified_point_cloud.laz","2018_MLBS_3_537000_4142000_image.tif","Tree",1,537000,537999.999,4142000,4142999.999
"9051",9051,537492.539,537501.498,4142874.123,4142881.983,"Silva","NEON_D07_MLBS_DP1_537000_4142000_classified_point_cloud.laz","2018_MLBS_3_537000_4142000_image.tif","Tree",1,537000,537999.999,4142000,4142999.999
"9052",9052,537486.604,537493.462,4142876.378,4142884.997,"Silva","NEON_D07_MLBS_DP1_537000_4142000_classified_point_cloud.laz","2018_MLBS_3_537000_4142000_image.tif","Tree",1,537000,537999.999,4142000,4142999.999
"9053",9053,537492.549,537498.999,4142881.501,4142886.89,"Silva","NEON_D07_MLBS_DP1_537000_4142000_classified_point_cloud.laz","2018_MLBS_3_537000_4142000_image.tif","Tree",1,537000,537999.999,4142000,4142999.999
"9054",9054,537494.521,537501.985,4142883.552,4142892.994,"Silva","NEON_D07_MLBS_DP1_537000_4142000_classified_point_cloud.laz","2018_MLBS_3_537000_4142000_image.tif","Tree",1,537000,537999.999,4142000,4142999.999
"9055",9055,537487,537495.486,4142885.001,4142893.958,"Silva","NEON_D07_MLBS_DP1_537000_4142000_classified_point_cloud.laz","2018_MLBS_3_537000_4142000_image.tif","Tree",1,537000,537999.999,4142000,4142999.999
"9056",9056,537490.556,537500.397,4142892.001,4142901.991,"Silva","NEON_D07_MLBS_DP1_537000_4142000_classified_point_cloud.laz","2018_MLBS_3_537000_4142000_image.tif","Tree",1,537000,537999.999,4142000,4142999.999
"9057",9057,537493.509,537501.462,4142899.023,4142905.993,"Silva","NEON_D07_MLBS_DP1_537000_4142000_classified_point_cloud.laz","2018_MLBS_3_537000_4142000_image.tif","Tree",1,537000,537999.999,4142000,4142999.999
"9058",9058,537483.526,537491.839,4142914.511,4142923.443,"Silva","NEON_D07_MLBS_DP1_537000_4142000_classified_point_cloud.laz","2018_MLBS_3_537000_4142000_image.tif","Tree",1,537000,537999.999,4142000,4142999.999
"9059",9059,537489.061,537501.997,4142916.004,4142924.974,"Silva","NEON_D07_MLBS_DP1_537000_4142000_classified_point_cloud.laz","2018_MLBS_3_537000_4142000_image.tif","Tree",1,537000,537999.999,4142000,4142999.999
"9060",9060,537489.505,537497.494,4142928.038,4142935.394,"Silva","NEON_D07_MLBS_DP1_537000_4142000_classified_point_cloud.laz","2018_MLBS_3_537000_4142000_image.tif","Tree",1,537000,537999.999,4142000,4142999.999
"9061",9061,537495.022,537502.997,4142931.515,4142938.975,"Silva","NEON_D07_MLBS_DP1_537000_4142000_classified_point_cloud.laz","2018_MLBS_3_537000_4142000_image.tif","Tree",1,537000,537999.999,4142000,4142999.999
"9062",9062,537490.513,537497.978,4142910.526,4142916,"Silva","NEON_D07_MLBS_DP1_537000_4142000_classified_point_cloud.laz","2018_MLBS_3_537000_4142000_image.tif","Tree",1,537000,537999.999,4142000,4142999.999
"9063",9063,537483.653,537490.985,4142908.017,4142915,"Silva","NEON_D07_MLBS_DP1_537000_4142000_classified_point_cloud.laz","2018_MLBS_3_537000_4142000_image.tif","Tree",1,537000,537999.999,4142000,4142999.999
"9064",9064,537495.511,537505.487,4142906.002,4142917.445,"Silva","NEON_D07_MLBS_DP1_537000_4142000_classified_point_cloud.laz","2018_MLBS_3_537000_4142000_image.tif","Tree",1,537000,537999.999,4142000,4142999.999
"9065",9065,537359.013,537368.989,4142932.507,4142944.997,"Silva","NEON_D07_MLBS_DP1_537000_4142000_classified_point_cloud.laz","2018_MLBS_3_537000_4142000_image.tif","Tree",1,537000,537999.999,4142000,4142999.999
"9066",9066,537368,537376.431,4142936.501,4142943.952,"Silva","NEON_D07_MLBS_DP1_537000_4142000_classified_point_cloud.laz","2018_MLBS_3_537000_4142000_image.tif","Tree",1,537000,537999.999,4142000,4142999.999
"9067",9067,537386.5,537400.89,4142937.066,4142945.455,"Silva","NEON_D07_MLBS_DP1_537000_4142000_classified_point_cloud.laz","2018_MLBS_3_537000_4142000_image.tif","Tree",1,537000,537999.999,4142000,4142999.999
"9068",9068,537374.045,537386.465,4142938.017,4142948.461,"Silva","NEON_D07_MLBS_DP1_537000_4142000_classified_point_cloud.laz","2018_MLBS_3_537000_4142000_image.tif","Tree",1,537000,537999.999,4142000,4142999.999
"9069",9069,537402.069,537417.106,4142934.008,4142942.432,"Silva","NEON_D07_MLBS_DP1_537000_4142000_classified_point_cloud.laz","2018_MLBS_3_537000_4142000_image.tif","Tree",1,537000,537999.999,4142000,4142999.999
"9070",9070,537362.023,537374.398,4142941.527,4142949.453,"Silva","NEON_D07_MLBS_DP1_537000_4142000_classified_point_cloud.laz","2018_MLBS_3_537000_4142000_image.tif","Tree",1,537000,537999.999,4142000,4142999.999
"9071",9071,537409.002,537415.996,4142942.001,4142948.471,"Silva","NEON_D07_MLBS_DP1_537000_4142000_classified_point_cloud.laz","2018_MLBS_3_537000_4142000_image.tif","Tree",1,537000,537999.999,4142000,4142999.999
"9072",9072,537359.024,537370.43,4142945.012,4142952.999,"Silva","NEON_D07_MLBS_DP1_537000_4142000_classified_point_cloud.laz","2018_MLBS_3_537000_4142000_image.tif","Tree",1,537000,537999.999,4142000,4142999.999
"9073",9073,537370.511,537379.286,4142946.083,4142954.495,"Silva","NEON_D07_MLBS_DP1_537000_4142000_classified_point_cloud.laz","2018_MLBS_3_537000_4142000_image.tif","Tree",1,537000,537999.999,4142000,4142999.999
"9074",9074,537416.049,537424.495,4142940.092,4142954.959,"Silva","NEON_D07_MLBS_DP1_537000_4142000_classified_point_cloud.laz","2018_MLBS_3_537000_4142000_image.tif","Tree",1,537000,537999.999,4142000,4142999.999
"9075",9075,537387.5,537395.486,4142944.168,4142955.497,"Silva","NEON_D07_MLBS_DP1_537000_4142000_classified_point_cloud.laz","2018_MLBS_3_537000_4142000_image.tif","Tree",1,537000,537999.999,4142000,4142999.999
"9076",9076,537410.502,537417.968,4142943.013,4142952.929,"Silva","NEON_D07_MLBS_DP1_537000_4142000_classified_point_cloud.laz","2018_MLBS_3_537000_4142000_image.tif","Tree",1,537000,537999.999,4142000,4142999.999
"9077",9077,537381.5,537389.949,4142943.577,4142957.958,"Silva","NEON_D07_MLBS_DP1_537000_4142000_classified_point_cloud.laz","2018_MLBS_3_537000_4142000_image.tif","Tree",1,537000,537999.999,4142000,4142999.999
"9078",9078,537395.536,537404.996,4142948.013,4142957.352,"Silva","NEON_D07_MLBS_DP1_537000_4142000_classified_point_cloud.laz","2018_MLBS_3_537000_4142000_image.tif","Tree",1,537000,537999.999,4142000,4142999.999
"9079",9079,537405.031,537412.787,4142948.047,4142955.835,"Silva","NEON_D07_MLBS_DP1_537000_4142000_classified_point_cloud.laz","2018_MLBS_3_537000_4142000_image.tif","Tree",1,537000,537999.999,4142000,4142999.999
"9080",9080,537370.521,537380.464,4142954.026,4142960.477,"Silva","NEON_D07_MLBS_DP1_537000_4142000_classified_point_cloud.laz","2018_MLBS_3_537000_4142000_image.tif","Tree",1,537000,537999.999,4142000,4142999.999
"9081",9081,537407.524,537418.189,4142952.003,4142960.497,"Silva","NEON_D07_MLBS_DP1_537000_4142000_classified_point_cloud.laz","2018_MLBS_3_537000_4142000_image.tif","Tree",1,537000,537999.999,4142000,4142999.999
"9082",9082,537384.074,537398.998,4142955.516,4142967.677,"Silva","NEON_D07_MLBS_DP1_537000_4142000_classified_point_cloud.laz","2018_MLBS_3_537000_4142000_image.tif","Tree",1,537000,537999.999,4142000,4142999.999
"9083",9083,537412.005,537423.985,4142953.565,4142965.381,"Silva","NEON_D07_MLBS_DP1_537000_4142000_classified_point_cloud.laz","2018_MLBS_3_537000_4142000_image.tif","Tree",1,537000,537999.999,4142000,4142999.999
"9084",9084,537362.053,537373.499,4142966.009,4142974.481,"Silva","NEON_D07_MLBS_DP1_537000_4142000_classified_point_cloud.laz","2018_MLBS_3_537000_4142000_image.tif","Tree",1,537000,537999.999,4142000,4142999.999
"9085",9085,537354.014,537363.467,4142970.022,4142982.964,"Silva","NEON_D07_MLBS_DP1_537000_4142000_classified_point_cloud.laz","2018_MLBS_3_537000_4142000_image.tif","Tree",1,537000,537999.999,4142000,4142999.999
"9086",9086,537371.705,537382.426,4142969.578,4142981.995,"Silva","NEON_D07_MLBS_DP1_537000_4142000_classified_point_cloud.laz","2018_MLBS_3_537000_4142000_image.tif","Tree",1,537000,537999.999,4142000,4142999.999
"9087",9087,537410.565,537423.422,4142964.539,4142974.476,"Silva","NEON_D07_MLBS_DP1_537000_4142000_classified_point_cloud.laz","2018_MLBS_3_537000_4142000_image.tif","Tree",1,537000,537999.999,4142000,4142999.999
"9088",9088,537408.642,537418.485,4142972.553,4142980.174,"Silva","NEON_D07_MLBS_DP1_537000_4142000_classified_point_cloud.laz","2018_MLBS_3_537000_4142000_image.tif","Tree",1,537000,537999.999,4142000,4142999.999
"9089",9089,537406.113,537416.479,4142977.725,4142986.992,"Silva","NEON_D07_MLBS_DP1_537000_4142000_classified_point_cloud.laz","2018_MLBS_3_537000_4142000_image.tif","Tree",1,537000,537999.999,4142000,4142999.999
"9090",9090,537383.01,537392.474,4142984.563,4142994.341,"Silva","NEON_D07_MLBS_DP1_537000_4142000_classified_point_cloud.laz","2018_MLBS_3_537000_4142000_image.tif","Tree",1,537000,537999.999,4142000,4142999.999
"9091",9091,537378.527,537385.775,4142986.008,4142994.894,"Silva","NEON_D07_MLBS_DP1_537000_4142000_classified_point_cloud.laz","2018_MLBS_3_537000_4142000_image.tif","Tree",1,537000,537999.999,4142000,4142999.999
"9092",9092,537366.002,537375.37,4142986.006,4142995.967,"Silva","NEON_D07_MLBS_DP1_537000_4142000_classified_point_cloud.laz","2018_MLBS_3_537000_4142000_image.tif","Tree",1,537000,537999.999,4142000,4142999.999
"9093",9093,537376.535,537386.394,4142992.516,4142999.999,"Silva","NEON_D07_MLBS_DP1_537000_4142000_classified_point_cloud.laz","2018_MLBS_3_537000_4142000_image.tif","Tree",1,537000,537999.999,4142000,4142999.999
"9094",9094,537389.003,537400.749,4142991.057,4142998.464,"Silva","NEON_D07_MLBS_DP1_537000_4142000_classified_point_cloud.laz","2018_MLBS_3_537000_4142000_image.tif","Tree",1,537000,537999.999,4142000,4142999.999
"9095",9095,537423.58,537431.452,4142934.515,4142943.868,"Silva","NEON_D07_MLBS_DP1_537000_4142000_classified_point_cloud.laz","2018_MLBS_3_537000_4142000_image.tif","Tree",1,537000,537999.999,4142000,4142999.999
"9096",9096,537473.124,537484.96,4142933.516,4142944.041,"Silva","NEON_D07_MLBS_DP1_537000_4142000_classified_point_cloud.laz","2018_MLBS_3_537000_4142000_image.tif","Tree",1,537000,537999.999,4142000,4142999.999
"9097",9097,537455.001,537464.991,4142931.509,4142946.962,"Silva","NEON_D07_MLBS_DP1_537000_4142000_classified_point_cloud.laz","2018_MLBS_3_537000_4142000_image.tif","Tree",1,537000,537999.999,4142000,4142999.999
"9098",9098,537421.528,537432.621,4142941.048,4142954.951,"Silva","NEON_D07_MLBS_DP1_537000_4142000_classified_point_cloud.laz","2018_MLBS_3_537000_4142000_image.tif","Tree",1,537000,537999.999,4142000,4142999.999
"9099",9099,537440.025,537450.928,4142940.595,4142949.47,"Silva","NEON_D07_MLBS_DP1_537000_4142000_classified_point_cloud.laz","2018_MLBS_3_537000_4142000_image.tif","Tree",1,537000,537999.999,4142000,4142999.999
"9100",9100,537479.53,537487.942,4142940.047,4142949.971,"Silva","NEON_D07_MLBS_DP1_537000_4142000_classified_point_cloud.laz","2018_MLBS_3_537000_4142000_image.tif","Tree",1,537000,537999.999,4142000,4142999.999
"9101",9101,537446.05,537455.491,4142945.019,4142951.496,"Silva","NEON_D07_MLBS_DP1_537000_4142000_classified_point_cloud.laz","2018_MLBS_3_537000_4142000_image.tif","Tree",1,537000,537999.999,4142000,4142999.999
"9102",9102,537448.538,537455.909,4142949.56,4142956.998,"Silva","NEON_D07_MLBS_DP1_537000_4142000_classified_point_cloud.laz","2018_MLBS_3_537000_4142000_image.tif","Tree",1,537000,537999.999,4142000,4142999.999
"9103",9103,537456.619,537466.978,4142946.576,4142956.982,"Silva","NEON_D07_MLBS_DP1_537000_4142000_classified_point_cloud.laz","2018_MLBS_3_537000_4142000_image.tif","Tree",1,537000,537999.999,4142000,4142999.999
"9104",9104,537433.008,537443.491,4142952.15,4142961.485,"Silva","NEON_D07_MLBS_DP1_537000_4142000_classified_point_cloud.laz","2018_MLBS_3_537000_4142000_image.tif","Tree",1,537000,537999.999,4142000,4142999.999
"9105",9105,537443.186,537455.994,4142956.058,4142964.979,"Silva","NEON_D07_MLBS_DP1_537000_4142000_classified_point_cloud.laz","2018_MLBS_3_537000_4142000_image.tif","Tree",1,537000,537999.999,4142000,4142999.999
"9106",9106,537468.091,537475.817,4142957.007,4142962.485,"Silva","NEON_D07_MLBS_DP1_537000_4142000_classified_point_cloud.laz","2018_MLBS_3_537000_4142000_image.tif","Tree",1,537000,537999.999,4142000,4142999.999
"9107",9107,537481.053,537487.467,4142960.081,4142964.857,"Silva","NEON_D07_MLBS_DP1_537000_4142000_classified_point_cloud.laz","2018_MLBS_3_537000_4142000_image.tif","Tree",1,537000,537999.999,4142000,4142999.999
"9108",9108,537440.006,537448.499,4142960.562,4142971.49,"Silva","NEON_D07_MLBS_DP1_537000_4142000_classified_point_cloud.laz","2018_MLBS_3_537000_4142000_image.tif","Tree",1,537000,537999.999,4142000,4142999.999
"9109",9109,537432.626,537440.499,4142961.524,4142970.973,"Silva","NEON_D07_MLBS_DP1_537000_4142000_classified_point_cloud.laz","2018_MLBS_3_537000_4142000_image.tif","Tree",1,537000,537999.999,4142000,4142999.999
"9110",9110,537462.58,537467.994,4142962.589,4142969.466,"Silva","NEON_D07_MLBS_DP1_537000_4142000_classified_point_cloud.laz","2018_MLBS_3_537000_4142000_image.tif","Tree",1,537000,537999.999,4142000,4142999.999
"9111",9111,537446.598,537456.417,4142964.202,4142973.475,"Silva","NEON_D07_MLBS_DP1_537000_4142000_classified_point_cloud.laz","2018_MLBS_3_537000_4142000_image.tif","Tree",1,537000,537999.999,4142000,4142999.999
"9112",9112,537417.521,537424.982,4142968.025,4142977.994,"Silva","NEON_D07_MLBS_DP1_537000_4142000_classified_point_cloud.laz","2018_MLBS_3_537000_4142000_image.tif","Tree",1,537000,537999.999,4142000,4142999.999
"9113",9113,537464.534,537472.999,4142969.003,4142976,"Silva","NEON_D07_MLBS_DP1_537000_4142000_classified_point_cloud.laz","2018_MLBS_3_537000_4142000_image.tif","Tree",1,537000,537999.999,4142000,4142999.999
"9114",9114,537449.504,537456.387,4142970.654,4142976.489,"Silva","NEON_D07_MLBS_DP1_537000_4142000_classified_point_cloud.laz","2018_MLBS_3_537000_4142000_image.tif","Tree",1,537000,537999.999,4142000,4142999.999
"9115",9115,537457.068,537464.99,4142970.522,4142978.964,"Silva","NEON_D07_MLBS_DP1_537000_4142000_classified_point_cloud.laz","2018_MLBS_3_537000_4142000_image.tif","Tree",1,537000,537999.999,4142000,4142999.999
"9116",9116,537480.682,537487.49,4142970.013,4142976.496,"Silva","NEON_D07_MLBS_DP1_537000_4142000_classified_point_cloud.laz","2018_MLBS_3_537000_4142000_image.tif","Tree",1,537000,537999.999,4142000,4142999.999
"9117",9117,537476.531,537483.847,4142971.003,4142978.675,"Silva","NEON_D07_MLBS_DP1_537000_4142000_classified_point_cloud.laz","2018_MLBS_3_537000_4142000_image.tif","Tree",1,537000,537999.999,4142000,4142999.999
"9118",9118,537449.016,537454.822,4142976.537,4142982.762,"Silva","NEON_D07_MLBS_DP1_537000_4142000_classified_point_cloud.laz","2018_MLBS_3_537000_4142000_image.tif","Tree",1,537000,537999.999,4142000,4142999.999
"9119",9119,537454.072,537459.976,4142977.054,4142982.468,"Silva","NEON_D07_MLBS_DP1_537000_4142000_classified_point_cloud.laz","2018_MLBS_3_537000_4142000_image.tif","Tree",1,537000,537999.999,4142000,4142999.999
"9120",9120,537443.008,537452.989,4142977.507,4142990.983,"Silva","NEON_D07_MLBS_DP1_537000_4142000_classified_point_cloud.laz","2018_MLBS_3_537000_4142000_image.tif","Tree",1,537000,537999.999,4142000,4142999.999
"9121",9121,537435.138,537444.487,4142979.037,4142986.848,"Silva","NEON_D07_MLBS_DP1_537000_4142000_classified_point_cloud.laz","2018_MLBS_3_537000_4142000_image.tif","Tree",1,537000,537999.999,4142000,4142999.999
"9122",9122,537432.087,537440.493,4142984.072,4142990.472,"Silva","NEON_D07_MLBS_DP1_537000_4142000_classified_point_cloud.laz","2018_MLBS_3_537000_4142000_image.tif","Tree",1,537000,537999.999,4142000,4142999.999
"9123",9123,537474.527,537483.436,4142977.51,4142985.368,"Silva","NEON_D07_MLBS_DP1_537000_4142000_classified_point_cloud.laz","2018_MLBS_3_537000_4142000_image.tif","Tree",1,537000,537999.999,4142000,4142999.999
"9124",9124,537481.014,537489.288,4142982.035,4142990.971,"Silva","NEON_D07_MLBS_DP1_537000_4142000_classified_point_cloud.laz","2018_MLBS_3_537000_4142000_image.tif","Tree",1,537000,537999.999,4142000,4142999.999
"9125",9125,537453.139,537465.97,4142985.514,4142994.473,"Silva","NEON_D07_MLBS_DP1_537000_4142000_classified_point_cloud.laz","2018_MLBS_3_537000_4142000_image.tif","Tree",1,537000,537999.999,4142000,4142999.999
"9126",9126,537471,537475.977,4142986.025,4142991.322,"Silva","NEON_D07_MLBS_DP1_537000_4142000_classified_point_cloud.laz","2018_MLBS_3_537000_4142000_image.tif","Tree",1,537000,537999.999,4142000,4142999.999
"9127",9127,537474.008,537479.967,4142989.177,4142999.484,"Silva","NEON_D07_MLBS_DP1_537000_4142000_classified_point_cloud.laz","2018_MLBS_3_537000_4142000_image.tif","Tree",1,537000,537999.999,4142000,4142999.999
"9128",9128,537469.001,537475.901,4142990.001,4142998.903,"Silva","NEON_D07_MLBS_DP1_537000_4142000_classified_point_cloud.laz","2018_MLBS_3_537000_4142000_image.tif","Tree",1,537000,537999.999,4142000,4142999.999
"9129",9129,537461.277,537469.468,4142989.155,4142996.915,"Silva","NEON_D07_MLBS_DP1_537000_4142000_classified_point_cloud.laz","2018_MLBS_3_537000_4142000_image.tif","Tree",1,537000,537999.999,4142000,4142999.999
"9130",9130,537433.518,537438.96,4142996.54,4142999.968,"Silva","NEON_D07_MLBS_DP1_537000_4142000_classified_point_cloud.laz","2018_MLBS_3_537000_4142000_image.tif","Tree",1,537000,537999.999,4142000,4142999.999
"9131",9131,537464.521,537475.987,4142994.631,4142999.995,"Silva","NEON_D07_MLBS_DP1_537000_4142000_classified_point_cloud.laz","2018_MLBS_3_537000_4142000_image.tif","Tree",1,537000,537999.999,4142000,4142999.999
"9132",9132,537444.525,537450.496,4142992.519,4142999.993,"Silva","NEON_D07_MLBS_DP1_537000_4142000_classified_point_cloud.laz","2018_MLBS_3_537000_4142000_image.tif","Tree",1,537000,537999.999,4142000,4142999.999
"9133",9133,537450.504,537456.995,4142991.016,4142999.99,"Silva","NEON_D07_MLBS_DP1_537000_4142000_classified_point_cloud.laz","2018_MLBS_3_537000_4142000_image.tif","Tree",1,537000,537999.999,4142000,4142999.999
"9134",9134,537486.516,537495.985,4142939.501,4142946.978,"Silva","NEON_D07_MLBS_DP1_537000_4142000_classified_point_cloud.laz","2018_MLBS_3_537000_4142000_image.tif","Tree",1,537000,537999.999,4142000,4142999.999
"9135",9135,537494.5,537502.419,4142947.018,4142956.469,"Silva","NEON_D07_MLBS_DP1_537000_4142000_classified_point_cloud.laz","2018_MLBS_3_537000_4142000_image.tif","Tree",1,537000,537999.999,4142000,4142999.999
"9136",9136,537493.579,537502.479,4142956.501,4142962.926,"Silva","NEON_D07_MLBS_DP1_537000_4142000_classified_point_cloud.laz","2018_MLBS_3_537000_4142000_image.tif","Tree",1,537000,537999.999,4142000,4142999.999
"9137",9137,537496.536,537502.494,4142962.515,4142966.499,"Silva","NEON_D07_MLBS_DP1_537000_4142000_classified_point_cloud.laz","2018_MLBS_3_537000_4142000_image.tif","Tree",1,537000,537999.999,4142000,4142999.999
"9138",9138,537486.503,537495.468,4142967.505,4142974.414,"Silva","NEON_D07_MLBS_DP1_537000_4142000_classified_point_cloud.laz","2018_MLBS_3_537000_4142000_image.tif","Tree",1,537000,537999.999,4142000,4142999.999
"9139",9139,537489.854,537498.967,4142976.55,4142986.465,"Silva","NEON_D07_MLBS_DP1_537000_4142000_classified_point_cloud.laz","2018_MLBS_3_537000_4142000_image.tif","Tree",1,537000,537999.999,4142000,4142999.999
"9140",9140,537487.101,537498.463,4142983.518,4142990.986,"Silva","NEON_D07_MLBS_DP1_537000_4142000_classified_point_cloud.laz","2018_MLBS_3_537000_4142000_image.tif","Tree",1,537000,537999.999,4142000,4142999.999
"9141",9141,537489.045,537499.462,4142997.008,4142999.992,"Silva","NEON_D07_MLBS_DP1_537000_4142000_classified_point_cloud.laz","2018_MLBS_3_537000_4142000_image.tif","Tree",1,537000,537999.999,4142000,4142999.999
"9142",9142,537458.509,537465.979,4142541.583,4142547.999,"Silva","NEON_D07_MLBS_DP1_537000_4142000_classified_point_cloud.laz","2018_MLBS_3_537000_4142000_image.tif","Tree",1,537000,537999.999,4142000,4142999.999
"9143",9143,537475.031,537483.805,4142540.54,4142548.499,"Silva","NEON_D07_MLBS_DP1_537000_4142000_classified_point_cloud.laz","2018_MLBS_3_537000_4142000_image.tif","Tree",1,537000,537999.999,4142000,4142999.999
"9144",9144,537466.027,537474.975,4142542.001,4142547.964,"Silva","NEON_D07_MLBS_DP1_537000_4142000_classified_point_cloud.laz","2018_MLBS_3_537000_4142000_image.tif","Tree",1,537000,537999.999,4142000,4142999.999
"9145",9145,537449.004,537453.879,4142537.122,4142545.387,"Silva","NEON_D07_MLBS_DP1_537000_4142000_classified_point_cloud.laz","2018_MLBS_3_537000_4142000_image.tif","Tree",1,537000,537999.999,4142000,4142999.999
"9146",9146,537479.09,537487.483,4142538.005,4142546.971,"Silva","NEON_D07_MLBS_DP1_537000_4142000_classified_point_cloud.laz","2018_MLBS_3_537000_4142000_image.tif","Tree",1,537000,537999.999,4142000,4142999.999
"9147",9147,537464.516,537471.722,4142536.58,4142543.38,"Silva","NEON_D07_MLBS_DP1_537000_4142000_classified_point_cloud.laz","2018_MLBS_3_537000_4142000_image.tif","Tree",1,537000,537999.999,4142000,4142999.999
"9148",9148,537439.036,537450.968,4142536.009,4142540.5,"Silva","NEON_D07_MLBS_DP1_537000_4142000_classified_point_cloud.laz","2018_MLBS_3_537000_4142000_image.tif","Tree",1,537000,537999.999,4142000,4142999.999
"9149",9149,537456.061,537464.493,4142536.043,4142542.442,"Silva","NEON_D07_MLBS_DP1_537000_4142000_classified_point_cloud.laz","2018_MLBS_3_537000_4142000_image.tif","Tree",1,537000,537999.999,4142000,4142999.999
"9150",9150,537469.033,537476.486,4142533.011,4142541.988,"Silva","NEON_D07_MLBS_DP1_537000_4142000_classified_point_cloud.laz","2018_MLBS_3_537000_4142000_image.tif","Tree",1,537000,537999.999,4142000,4142999.999
"9151",9151,537479.036,537487.481,4142534.012,4142540.274,"Silva","NEON_D07_MLBS_DP1_537000_4142000_classified_point_cloud.laz","2018_MLBS_3_537000_4142000_image.tif","Tree",1,537000,537999.999,4142000,4142999.999
"9152",9152,537474.504,537482.46,4142529.568,4142540.498,"Silva","NEON_D07_MLBS_DP1_537000_4142000_classified_point_cloud.laz","2018_MLBS_3_537000_4142000_image.tif","Tree",1,537000,537999.999,4142000,4142999.999
"9153",9153,537478.521,537488.991,4142525.502,4142535.388,"Silva","NEON_D07_MLBS_DP1_537000_4142000_classified_point_cloud.laz","2018_MLBS_3_537000_4142000_image.tif","Tree",1,537000,537999.999,4142000,4142999.999
"9154",9154,537465.008,537478.983,4142523.029,4142532.991,"Silva","NEON_D07_MLBS_DP1_537000_4142000_classified_point_cloud.laz","2018_MLBS_3_537000_4142000_image.tif","Tree",1,537000,537999.999,4142000,4142999.999
"9155",9155,537458.007,537467.979,4142517.042,4142527.984,"Silva","NEON_D07_MLBS_DP1_537000_4142000_classified_point_cloud.laz","2018_MLBS_3_537000_4142000_image.tif","Tree",1,537000,537999.999,4142000,4142999.999
"9156",9156,537467.534,537479.444,4142516.501,4142526.155,"Silva","NEON_D07_MLBS_DP1_537000_4142000_classified_point_cloud.laz","2018_MLBS_3_537000_4142000_image.tif","Tree",1,537000,537999.999,4142000,4142999.999
"9157",9157,537482.536,537490.468,4142515.513,4142524.111,"Silva","NEON_D07_MLBS_DP1_537000_4142000_classified_point_cloud.laz","2018_MLBS_3_537000_4142000_image.tif","Tree",1,537000,537999.999,4142000,4142999.999
"9158",9158,537479.02,537484.744,4142515.503,4142525.908,"Silva","NEON_D07_MLBS_DP1_537000_4142000_classified_point_cloud.laz","2018_MLBS_3_537000_4142000_image.tif","Tree",1,537000,537999.999,4142000,4142999.999
"9159",9159,537474.562,537481.406,4142512.837,4142523.281,"Silva","NEON_D07_MLBS_DP1_537000_4142000_classified_point_cloud.laz","2018_MLBS_3_537000_4142000_image.tif","Tree",1,537000,537999.999,4142000,4142999.999
"9160",9160,537451,537462.964,4142513.011,4142519.582,"Silva","NEON_D07_MLBS_DP1_537000_4142000_classified_point_cloud.laz","2018_MLBS_3_537000_4142000_image.tif","Tree",1,537000,537999.999,4142000,4142999.999
"9161",9161,537440.008,537450.483,4142508.531,4142515.992,"Silva","NEON_D07_MLBS_DP1_537000_4142000_classified_point_cloud.laz","2018_MLBS_3_537000_4142000_image.tif","Tree",1,537000,537999.999,4142000,4142999.999
"9162",9162,537478.041,537488.986,4142507.686,4142515.995,"Silva","NEON_D07_MLBS_DP1_537000_4142000_classified_point_cloud.laz","2018_MLBS_3_537000_4142000_image.tif","Tree",1,537000,537999.999,4142000,4142999.999
"9163",9163,537468.045,537478.479,4142509.038,4142517.23,"Silva","NEON_D07_MLBS_DP1_537000_4142000_classified_point_cloud.laz","2018_MLBS_3_537000_4142000_image.tif","Tree",1,537000,537999.999,4142000,4142999.999
"9164",9164,537450.51,537460.493,4142507.009,4142514.5,"Silva","NEON_D07_MLBS_DP1_537000_4142000_classified_point_cloud.laz","2018_MLBS_3_537000_4142000_image.tif","Tree",1,537000,537999.999,4142000,4142999.999
"9165",9165,537462.517,537469.444,4142505.565,4142517.481,"Silva","NEON_D07_MLBS_DP1_537000_4142000_classified_point_cloud.laz","2018_MLBS_3_537000_4142000_image.tif","Tree",1,537000,537999.999,4142000,4142999.999
"9166",9166,537467.202,537473.461,4142504.706,4142510.998,"Silva","NEON_D07_MLBS_DP1_537000_4142000_classified_point_cloud.laz","2018_MLBS_3_537000_4142000_image.tif","Tree",1,537000,537999.999,4142000,4142999.999
"9167",9167,537451.005,537461.494,4142501.526,4142508.997,"Silva","NEON_D07_MLBS_DP1_537000_4142000_classified_point_cloud.laz","2018_MLBS_3_537000_4142000_image.tif","Tree",1,537000,537999.999,4142000,4142999.999
"9168",9168,537469.001,537478.973,4142502.056,4142509.435,"Silva","NEON_D07_MLBS_DP1_537000_4142000_classified_point_cloud.laz","2018_MLBS_3_537000_4142000_image.tif","Tree",1,537000,537999.999,4142000,4142999.999
"9169",9169,537478.616,537486.461,4142499.007,4142508.425,"Silva","NEON_D07_MLBS_DP1_537000_4142000_classified_point_cloud.laz","2018_MLBS_3_537000_4142000_image.tif","Tree",1,537000,537999.999,4142000,4142999.999
"9170",9170,537460.512,537469.99,4142495.555,4142505.998,"Silva","NEON_D07_MLBS_DP1_537000_4142000_classified_point_cloud.laz","2018_MLBS_3_537000_4142000_image.tif","Tree",1,537000,537999.999,4142000,4142999.999
"9171",9171,537476.009,537482.898,4142496.552,4142505.29,"Silva","NEON_D07_MLBS_DP1_537000_4142000_classified_point_cloud.laz","2018_MLBS_3_537000_4142000_image.tif","Tree",1,537000,537999.999,4142000,4142999.999
"9172",9172,537492.657,537501.467,4142538.599,4142547.253,"Silva","NEON_D07_MLBS_DP1_537000_4142000_classified_point_cloud.laz","2018_MLBS_3_537000_4142000_image.tif","Tree",1,537000,537999.999,4142000,4142999.999
"9173",9173,537496.005,537503.938,4142531.615,4142541.899,"Silva","NEON_D07_MLBS_DP1_537000_4142000_classified_point_cloud.laz","2018_MLBS_3_537000_4142000_image.tif","Tree",1,537000,537999.999,4142000,4142999.999
"9174",9174,537488.105,537496.498,4142531.669,4142539.91,"Silva","NEON_D07_MLBS_DP1_537000_4142000_classified_point_cloud.laz","2018_MLBS_3_537000_4142000_image.tif","Tree",1,537000,537999.999,4142000,4142999.999
"9175",9175,537486.53,537496.446,4142527.509,4142537.879,"Silva","NEON_D07_MLBS_DP1_537000_4142000_classified_point_cloud.laz","2018_MLBS_3_537000_4142000_image.tif","Tree",1,537000,537999.999,4142000,4142999.999
"9176",9176,537482.1,537494.96,4142520.062,4142528.484,"Silva","NEON_D07_MLBS_DP1_537000_4142000_classified_point_cloud.laz","2018_MLBS_3_537000_4142000_image.tif","Tree",1,537000,537999.999,4142000,4142999.999
"9177",9177,537488.068,537499.883,4142514.028,4142522.983,"Silva","NEON_D07_MLBS_DP1_537000_4142000_classified_point_cloud.laz","2018_MLBS_3_537000_4142000_image.tif","Tree",1,537000,537999.999,4142000,4142999.999
"9178",9178,537490.119,537501.585,4142503.026,4142511.982,"Silva","NEON_D07_MLBS_DP1_537000_4142000_classified_point_cloud.laz","2018_MLBS_3_537000_4142000_image.tif","Tree",1,537000,537999.999,4142000,4142999.999
"9179",9179,537485.324,537492.461,4142501.333,4142509.826,"Silva","NEON_D07_MLBS_DP1_537000_4142000_classified_point_cloud.laz","2018_MLBS_3_537000_4142000_image.tif","Tree",1,537000,537999.999,4142000,4142999.999
"9180",9180,537486.502,537496.464,4142497.079,4142504.819,"Silva","NEON_D07_MLBS_DP1_537000_4142000_classified_point_cloud.laz","2018_MLBS_3_537000_4142000_image.tif","Tree",1,537000,537999.999,4142000,4142999.999
"9181",9181,537452.565,537459.476,4142544.008,4142551.479,"Silva","NEON_D07_MLBS_DP1_537000_4142000_classified_point_cloud.laz","2018_MLBS_3_537000_4142000_image.tif","Tree",1,537000,537999.999,4142000,4142999.999
"9182",9182,537456.003,537465.995,4142547.503,4142553.946,"Silva","NEON_D07_MLBS_DP1_537000_4142000_classified_point_cloud.laz","2018_MLBS_3_537000_4142000_image.tif","Tree",1,537000,537999.999,4142000,4142999.999
"9183",9183,537466.024,537474.495,4142547.506,4142556.968,"Silva","NEON_D07_MLBS_DP1_537000_4142000_classified_point_cloud.laz","2018_MLBS_3_537000_4142000_image.tif","Tree",1,537000,537999.999,4142000,4142999.999
"9184",9184,537447.064,537454.853,4142546.054,4142552.924,"Silva","NEON_D07_MLBS_DP1_537000_4142000_classified_point_cloud.laz","2018_MLBS_3_537000_4142000_image.tif","Tree",1,537000,537999.999,4142000,4142999.999
"9185",9185,537443.366,537449.938,4142549.559,4142555.996,"Silva","NEON_D07_MLBS_DP1_537000_4142000_classified_point_cloud.laz","2018_MLBS_3_537000_4142000_image.tif","Tree",1,537000,537999.999,4142000,4142999.999
"9186",9186,537453.537,537461.992,4142552.513,4142562.482,"Silva","NEON_D07_MLBS_DP1_537000_4142000_classified_point_cloud.laz","2018_MLBS_3_537000_4142000_image.tif","Tree",1,537000,537999.999,4142000,4142999.999
"9187",9187,537461.031,537471.999,4142552.035,4142564.804,"Silva","NEON_D07_MLBS_DP1_537000_4142000_classified_point_cloud.laz","2018_MLBS_3_537000_4142000_image.tif","Tree",1,537000,537999.999,4142000,4142999.999
"9188",9188,537443.506,537453.475,4142555.516,4142560.996,"Silva","NEON_D07_MLBS_DP1_537000_4142000_classified_point_cloud.laz","2018_MLBS_3_537000_4142000_image.tif","Tree",1,537000,537999.999,4142000,4142999.999
"9189",9189,537471.017,537481.499,4142556.057,4142567.935,"Silva","NEON_D07_MLBS_DP1_537000_4142000_classified_point_cloud.laz","2018_MLBS_3_537000_4142000_image.tif","Tree",1,537000,537999.999,4142000,4142999.999
"9190",9190,537480.514,537490.47,4142559.013,4142568.453,"Silva","NEON_D07_MLBS_DP1_537000_4142000_classified_point_cloud.laz","2018_MLBS_3_537000_4142000_image.tif","Tree",1,537000,537999.999,4142000,4142999.999
"9191",9191,537468.062,537478.45,4142559.513,4142568.9,"Silva","NEON_D07_MLBS_DP1_537000_4142000_classified_point_cloud.laz","2018_MLBS_3_537000_4142000_image.tif","Tree",1,537000,537999.999,4142000,4142999.999
"9192",9192,537450.045,537460.957,4142560.004,4142570.493,"Silva","NEON_D07_MLBS_DP1_537000_4142000_classified_point_cloud.laz","2018_MLBS_3_537000_4142000_image.tif","Tree",1,537000,537999.999,4142000,4142999.999
"9193",9193,537464.508,537475.995,4142563.02,4142570.964,"Silva","NEON_D07_MLBS_DP1_537000_4142000_classified_point_cloud.laz","2018_MLBS_3_537000_4142000_image.tif","Tree",1,537000,537999.999,4142000,4142999.999
"9194",9194,537452.502,537464.497,4142563.034,4142571.998,"Silva","NEON_D07_MLBS_DP1_537000_4142000_classified_point_cloud.laz","2018_MLBS_3_537000_4142000_image.tif","Tree",1,537000,537999.999,4142000,4142999.999
"9195",9195,537463.509,537474.273,4142566.595,4142575.925,"Silva","NEON_D07_MLBS_DP1_537000_4142000_classified_point_cloud.laz","2018_MLBS_3_537000_4142000_image.tif","Tree",1,537000,537999.999,4142000,4142999.999
"9196",9196,537479.062,537487.974,4142566.527,4142574.996,"Silva","NEON_D07_MLBS_DP1_537000_4142000_classified_point_cloud.laz","2018_MLBS_3_537000_4142000_image.tif","Tree",1,537000,537999.999,4142000,4142999.999
"9197",9197,537447.578,537456.856,4142577.519,4142583.473,"Silva","NEON_D07_MLBS_DP1_537000_4142000_classified_point_cloud.laz","2018_MLBS_3_537000_4142000_image.tif","Tree",1,537000,537999.999,4142000,4142999.999
"9198",9198,537468.502,537479.22,4142578.055,4142588.181,"Silva","NEON_D07_MLBS_DP1_537000_4142000_classified_point_cloud.laz","2018_MLBS_3_537000_4142000_image.tif","Tree",1,537000,537999.999,4142000,4142999.999
"9199",9199,537457.025,537463.936,4142577.003,4142583.988,"Silva","NEON_D07_MLBS_DP1_537000_4142000_classified_point_cloud.laz","2018_MLBS_3_537000_4142000_image.tif","Tree",1,537000,537999.999,4142000,4142999.999
"9200",9200,537449.639,537457.495,4142580.088,4142586.978,"Silva","NEON_D07_MLBS_DP1_537000_4142000_classified_point_cloud.laz","2018_MLBS_3_537000_4142000_image.tif","Tree",1,537000,537999.999,4142000,4142999.999
"9201",9201,537473.302,537486.231,4142580.037,4142589.914,"Silva","NEON_D07_MLBS_DP1_537000_4142000_classified_point_cloud.laz","2018_MLBS_3_537000_4142000_image.tif","Tree",1,537000,537999.999,4142000,4142999.999
"9202",9202,537460.546,537468.983,4142583.061,4142588.939,"Silva","NEON_D07_MLBS_DP1_537000_4142000_classified_point_cloud.laz","2018_MLBS_3_537000_4142000_image.tif","Tree",1,537000,537999.999,4142000,4142999.999
"9203",9203,537468.509,537475.454,4142605.6,4142615.776,"Silva","NEON_D07_MLBS_DP1_537000_4142000_classified_point_cloud.laz","2018_MLBS_3_537000_4142000_image.tif","Tree",1,537000,537999.999,4142000,4142999.999
"9204",9204,537455.545,537464.489,4142603.002,4142612.452,"Silva","NEON_D07_MLBS_DP1_537000_4142000_classified_point_cloud.laz","2018_MLBS_3_537000_4142000_image.tif","Tree",1,537000,537999.999,4142000,4142999.999
"9205",9205,537479.531,537487.27,4142606.543,4142612.478,"Silva","NEON_D07_MLBS_DP1_537000_4142000_classified_point_cloud.laz","2018_MLBS_3_537000_4142000_image.tif","Tree",1,537000,537999.999,4142000,4142999.999
"9206",9206,537484.532,537491.392,4142603.343,4142609.997,"Silva","NEON_D07_MLBS_DP1_537000_4142000_classified_point_cloud.laz","2018_MLBS_3_537000_4142000_image.tif","Tree",1,537000,537999.999,4142000,4142999.999
"9207",9207,537478.637,537485.861,4142601.047,4142607,"Silva","NEON_D07_MLBS_DP1_537000_4142000_classified_point_cloud.laz","2018_MLBS_3_537000_4142000_image.tif","Tree",1,537000,537999.999,4142000,4142999.999
"9208",9208,537465.763,537472.922,4142599.55,4142605.994,"Silva","NEON_D07_MLBS_DP1_537000_4142000_classified_point_cloud.laz","2018_MLBS_3_537000_4142000_image.tif","Tree",1,537000,537999.999,4142000,4142999.999
"9209",9209,537474.612,537485.486,4142588.504,4142596.362,"Silva","NEON_D07_MLBS_DP1_537000_4142000_classified_point_cloud.laz","2018_MLBS_3_537000_4142000_image.tif","Tree",1,537000,537999.999,4142000,4142999.999
"9210",9210,537459.266,537469.938,4142587.125,4142593.481,"Silva","NEON_D07_MLBS_DP1_537000_4142000_classified_point_cloud.laz","2018_MLBS_3_537000_4142000_image.tif","Tree",1,537000,537999.999,4142000,4142999.999
"9211",9211,537480.615,537489.997,4142588.002,4142596.488,"Silva","NEON_D07_MLBS_DP1_537000_4142000_classified_point_cloud.laz","2018_MLBS_3_537000_4142000_image.tif","Tree",1,537000,537999.999,4142000,4142999.999
"9212",9212,537444.756,537453.978,4142591.008,4142596.997,"Silva","NEON_D07_MLBS_DP1_537000_4142000_classified_point_cloud.laz","2018_MLBS_3_537000_4142000_image.tif","Tree",1,537000,537999.999,4142000,4142999.999
"9213",9213,537453.515,537460.477,4142590.502,4142597.932,"Silva","NEON_D07_MLBS_DP1_537000_4142000_classified_point_cloud.laz","2018_MLBS_3_537000_4142000_image.tif","Tree",1,537000,537999.999,4142000,4142999.999
"9214",9214,537460.527,537467.473,4142592.502,4142598.76,"Silva","NEON_D07_MLBS_DP1_537000_4142000_classified_point_cloud.laz","2018_MLBS_3_537000_4142000_image.tif","Tree",1,537000,537999.999,4142000,4142999.999
"9215",9215,537484.674,537490.496,4142594.636,4142603.494,"Silva","NEON_D07_MLBS_DP1_537000_4142000_classified_point_cloud.laz","2018_MLBS_3_537000_4142000_image.tif","Tree",1,537000,537999.999,4142000,4142999.999
"9216",9216,537475.515,537480.866,4142595.021,4142604.281,"Silva","NEON_D07_MLBS_DP1_537000_4142000_classified_point_cloud.laz","2018_MLBS_3_537000_4142000_image.tif","Tree",1,537000,537999.999,4142000,4142999.999
"9217",9217,537470.018,537475.489,4142594.535,4142604.352,"Silva","NEON_D07_MLBS_DP1_537000_4142000_classified_point_cloud.laz","2018_MLBS_3_537000_4142000_image.tif","Tree",1,537000,537999.999,4142000,4142999.999
"9218",9218,537459.012,537468.993,4142670.536,4142679.498,"Silva","NEON_D07_MLBS_DP1_537000_4142000_classified_point_cloud.laz","2018_MLBS_3_537000_4142000_image.tif","Tree",1,537000,537999.999,4142000,4142999.999
"9219",9219,537450.508,537459.365,4142668.019,4142677.46,"Silva","NEON_D07_MLBS_DP1_537000_4142000_classified_point_cloud.laz","2018_MLBS_3_537000_4142000_image.tif","Tree",1,537000,537999.999,4142000,4142999.999
"9220",9220,537469.014,537477.484,4142672.01,4142680.415,"Silva","NEON_D07_MLBS_DP1_537000_4142000_classified_point_cloud.laz","2018_MLBS_3_537000_4142000_image.tif","Tree",1,537000,537999.999,4142000,4142999.999
"9221",9221,537476.559,537485.479,4142668.181,4142676.489,"Silva","NEON_D07_MLBS_DP1_537000_4142000_classified_point_cloud.laz","2018_MLBS_3_537000_4142000_image.tif","Tree",1,537000,537999.999,4142000,4142999.999
"9222",9222,537466.505,537472.487,4142666.015,4142676.458,"Silva","NEON_D07_MLBS_DP1_537000_4142000_classified_point_cloud.laz","2018_MLBS_3_537000_4142000_image.tif","Tree",1,537000,537999.999,4142000,4142999.999
"9223",9223,537471.514,537479.341,4142665.1,4142672.433,"Silva","NEON_D07_MLBS_DP1_537000_4142000_classified_point_cloud.laz","2018_MLBS_3_537000_4142000_image.tif","Tree",1,537000,537999.999,4142000,4142999.999
"9224",9224,537459.019,537468.86,4142662.728,4142672.483,"Silva","NEON_D07_MLBS_DP1_537000_4142000_classified_point_cloud.laz","2018_MLBS_3_537000_4142000_image.tif","Tree",1,537000,537999.999,4142000,4142999.999
"9225",9225,537452.517,537464.497,4142657.196,4142669.702,"Silva","NEON_D07_MLBS_DP1_537000_4142000_classified_point_cloud.laz","2018_MLBS_3_537000_4142000_image.tif","Tree",1,537000,537999.999,4142000,4142999.999
"9226",9226,537482.01,537493.472,4142658.529,4142671.7,"Silva","NEON_D07_MLBS_DP1_537000_4142000_classified_point_cloud.laz","2018_MLBS_3_537000_4142000_image.tif","Tree",1,537000,537999.999,4142000,4142999.999
"9227",9227,537477.515,537487.996,4142658.044,4142668.932,"Silva","NEON_D07_MLBS_DP1_537000_4142000_classified_point_cloud.laz","2018_MLBS_3_537000_4142000_image.tif","Tree",1,537000,537999.999,4142000,4142999.999
"9228",9228,537466.586,537477.495,4142658.031,4142666.479,"Silva","NEON_D07_MLBS_DP1_537000_4142000_classified_point_cloud.laz","2018_MLBS_3_537000_4142000_image.tif","Tree",1,537000,537999.999,4142000,4142999.999
"9229",9229,537448.504,537458.447,4142652.025,4142666.97,"Silva","NEON_D07_MLBS_DP1_537000_4142000_classified_point_cloud.laz","2018_MLBS_3_537000_4142000_image.tif","Tree",1,537000,537999.999,4142000,4142999.999
"9230",9230,537477.112,537490.987,4142651.504,4142658.988,"Silva","NEON_D07_MLBS_DP1_537000_4142000_classified_point_cloud.laz","2018_MLBS_3_537000_4142000_image.tif","Tree",1,537000,537999.999,4142000,4142999.999
"9231",9231,537464.015,537472.979,4142646.508,4142655.465,"Silva","NEON_D07_MLBS_DP1_537000_4142000_classified_point_cloud.laz","2018_MLBS_3_537000_4142000_image.tif","Tree",1,537000,537999.999,4142000,4142999.999
"9232",9232,537480.026,537484.99,4142645.527,4142651.498,"Silva","NEON_D07_MLBS_DP1_537000_4142000_classified_point_cloud.laz","2018_MLBS_3_537000_4142000_image.tif","Tree",1,537000,537999.999,4142000,4142999.999
"9233",9233,537484.596,537490.98,4142646.118,4142653.184,"Silva","NEON_D07_MLBS_DP1_537000_4142000_classified_point_cloud.laz","2018_MLBS_3_537000_4142000_image.tif","Tree",1,537000,537999.999,4142000,4142999.999
"9234",9234,537452.088,537459.981,4142642.516,4142653.472,"Silva","NEON_D07_MLBS_DP1_537000_4142000_classified_point_cloud.laz","2018_MLBS_3_537000_4142000_image.tif","Tree",1,537000,537999.999,4142000,4142999.999
"9235",9235,537456.075,537463.95,4142640.899,4142646.88,"Silva","NEON_D07_MLBS_DP1_537000_4142000_classified_point_cloud.laz","2018_MLBS_3_537000_4142000_image.tif","Tree",1,537000,537999.999,4142000,4142999.999
"9236",9236,537477.098,537484.495,4142641.058,4142647.96,"Silva","NEON_D07_MLBS_DP1_537000_4142000_classified_point_cloud.laz","2018_MLBS_3_537000_4142000_image.tif","Tree",1,537000,537999.999,4142000,4142999.999
"9237",9237,537463.513,537470.984,4142637.014,4142646.439,"Silva","NEON_D07_MLBS_DP1_537000_4142000_classified_point_cloud.laz","2018_MLBS_3_537000_4142000_image.tif","Tree",1,537000,537999.999,4142000,4142999.999
"9238",9238,537453.049,537460.473,4142635.752,4142642.48,"Silva","NEON_D07_MLBS_DP1_537000_4142000_classified_point_cloud.laz","2018_MLBS_3_537000_4142000_image.tif","Tree",1,537000,537999.999,4142000,4142999.999
"9239",9239,537482.01,537490.426,4142633.04,4142642.956,"Silva","NEON_D07_MLBS_DP1_537000_4142000_classified_point_cloud.laz","2018_MLBS_3_537000_4142000_image.tif","Tree",1,537000,537999.999,4142000,4142999.999
"9240",9240,537458.004,537465.447,4142632.528,4142641.108,"Silva","NEON_D07_MLBS_DP1_537000_4142000_classified_point_cloud.laz","2018_MLBS_3_537000_4142000_image.tif","Tree",1,537000,537999.999,4142000,4142999.999
"9241",9241,537475.026,537483.978,4142633.029,4142641.474,"Silva","NEON_D07_MLBS_DP1_537000_4142000_classified_point_cloud.laz","2018_MLBS_3_537000_4142000_image.tif","Tree",1,537000,537999.999,4142000,4142999.999
"9242",9242,537449.09,537457.861,4142629.518,4142638.112,"Silva","NEON_D07_MLBS_DP1_537000_4142000_classified_point_cloud.laz","2018_MLBS_3_537000_4142000_image.tif","Tree",1,537000,537999.999,4142000,4142999.999
"9243",9243,537450.65,537459.869,4142628.012,4142634.995,"Silva","NEON_D07_MLBS_DP1_537000_4142000_classified_point_cloud.laz","2018_MLBS_3_537000_4142000_image.tif","Tree",1,537000,537999.999,4142000,4142999.999
"9244",9244,537457.526,537466.995,4142624.121,4142632.915,"Silva","NEON_D07_MLBS_DP1_537000_4142000_classified_point_cloud.laz","2018_MLBS_3_537000_4142000_image.tif","Tree",1,537000,537999.999,4142000,4142999.999
"9245",9245,537470.565,537478.427,4142628.024,4142631.45,"Silva","NEON_D07_MLBS_DP1_537000_4142000_classified_point_cloud.laz","2018_MLBS_3_537000_4142000_image.tif","Tree",1,537000,537999.999,4142000,4142999.999
"9246",9246,537468.683,537478.489,4142622.005,4142629.466,"Silva","NEON_D07_MLBS_DP1_537000_4142000_classified_point_cloud.laz","2018_MLBS_3_537000_4142000_image.tif","Tree",1,537000,537999.999,4142000,4142999.999
"9247",9247,537450.551,537459.946,4142621.028,4142628.466,"Silva","NEON_D07_MLBS_DP1_537000_4142000_classified_point_cloud.laz","2018_MLBS_3_537000_4142000_image.tif","Tree",1,537000,537999.999,4142000,4142999.999
"9248",9248,537474.519,537485.292,4142615.093,4142624.499,"Silva","NEON_D07_MLBS_DP1_537000_4142000_classified_point_cloud.laz","2018_MLBS_3_537000_4142000_image.tif","Tree",1,537000,537999.999,4142000,4142999.999
"9249",9249,537457.53,537462.466,4142612.679,4142621.932,"Silva","NEON_D07_MLBS_DP1_537000_4142000_classified_point_cloud.laz","2018_MLBS_3_537000_4142000_image.tif","Tree",1,537000,537999.999,4142000,4142999.999
"9250",9250,537445.103,537453.397,4142611.011,4142619.969,"Silva","NEON_D07_MLBS_DP1_537000_4142000_classified_point_cloud.laz","2018_MLBS_3_537000_4142000_image.tif","Tree",1,537000,537999.999,4142000,4142999.999
"9251",9251,537461.013,537468.926,4142612.013,4142619.495,"Silva","NEON_D07_MLBS_DP1_537000_4142000_classified_point_cloud.laz","2018_MLBS_3_537000_4142000_image.tif","Tree",1,537000,537999.999,4142000,4142999.999
"9252",9252,537475.575,537483.931,4142610.602,4142617.384,"Silva","NEON_D07_MLBS_DP1_537000_4142000_classified_point_cloud.laz","2018_MLBS_3_537000_4142000_image.tif","Tree",1,537000,537999.999,4142000,4142999.999
"9253",9253,537482.921,537493.462,4142554.532,4142562.998,"Silva","NEON_D07_MLBS_DP1_537000_4142000_classified_point_cloud.laz","2018_MLBS_3_537000_4142000_image.tif","Tree",1,537000,537999.999,4142000,4142999.999
"9254",9254,537495.164,537502.486,4142561.071,4142569.493,"Silva","NEON_D07_MLBS_DP1_537000_4142000_classified_point_cloud.laz","2018_MLBS_3_537000_4142000_image.tif","Tree",1,537000,537999.999,4142000,4142999.999
"9255",9255,537490.528,537497.474,4142561.049,4142569.5,"Silva","NEON_D07_MLBS_DP1_537000_4142000_classified_point_cloud.laz","2018_MLBS_3_537000_4142000_image.tif","Tree",1,537000,537999.999,4142000,4142999.999
"9256",9256,537486.628,537494.931,4142564.527,4142573.493,"Silva","NEON_D07_MLBS_DP1_537000_4142000_classified_point_cloud.laz","2018_MLBS_3_537000_4142000_image.tif","Tree",1,537000,537999.999,4142000,4142999.999
"9257",9257,537497.77,537504.477,4142568.507,4142579.96,"Silva","NEON_D07_MLBS_DP1_537000_4142000_classified_point_cloud.laz","2018_MLBS_3_537000_4142000_image.tif","Tree",1,537000,537999.999,4142000,4142999.999
"9258",9258,537491.283,537497.996,4142569.515,4142576.981,"Silva","NEON_D07_MLBS_DP1_537000_4142000_classified_point_cloud.laz","2018_MLBS_3_537000_4142000_image.tif","Tree",1,537000,537999.999,4142000,4142999.999
"9259",9259,537491.081,537499.948,4142574.887,4142583.977,"Silva","NEON_D07_MLBS_DP1_537000_4142000_classified_point_cloud.laz","2018_MLBS_3_537000_4142000_image.tif","Tree",1,537000,537999.999,4142000,4142999.999
"9260",9260,537487.016,537494.966,4142604.576,4142611.928,"Silva","NEON_D07_MLBS_DP1_537000_4142000_classified_point_cloud.laz","2018_MLBS_3_537000_4142000_image.tif","Tree",1,537000,537999.999,4142000,4142999.999
"9261",9261,537490.037,537496.463,4142594.767,4142604.816,"Silva","NEON_D07_MLBS_DP1_537000_4142000_classified_point_cloud.laz","2018_MLBS_3_537000_4142000_image.tif","Tree",1,537000,537999.999,4142000,4142999.999
"9262",9262,537496.087,537502.401,4142596.576,4142602.481,"Silva","NEON_D07_MLBS_DP1_537000_4142000_classified_point_cloud.laz","2018_MLBS_3_537000_4142000_image.tif","Tree",1,537000,537999.999,4142000,4142999.999
"9263",9263,537490.016,537499.239,4142588.008,4142597.988,"Silva","NEON_D07_MLBS_DP1_537000_4142000_classified_point_cloud.laz","2018_MLBS_3_537000_4142000_image.tif","Tree",1,537000,537999.999,4142000,4142999.999
"9264",9264,537491.504,537496.499,4142673.13,4142680.798,"Silva","NEON_D07_MLBS_DP1_537000_4142000_classified_point_cloud.laz","2018_MLBS_3_537000_4142000_image.tif","Tree",1,537000,537999.999,4142000,4142999.999
"9265",9265,537495.519,537499.49,4142669.506,4142677.898,"Silva","NEON_D07_MLBS_DP1_537000_4142000_classified_point_cloud.laz","2018_MLBS_3_537000_4142000_image.tif","Tree",1,537000,537999.999,4142000,4142999.999
"9266",9266,537486.164,537495.963,4142667.034,4142676.255,"Silva","NEON_D07_MLBS_DP1_537000_4142000_classified_point_cloud.laz","2018_MLBS_3_537000_4142000_image.tif","Tree",1,537000,537999.999,4142000,4142999.999
"9267",9267,537492.098,537500.485,4142660.54,4142667.481,"Silva","NEON_D07_MLBS_DP1_537000_4142000_classified_point_cloud.laz","2018_MLBS_3_537000_4142000_image.tif","Tree",1,537000,537999.999,4142000,4142999.999
"9268",9268,537491.007,537500.487,4142655.56,4142661.496,"Silva","NEON_D07_MLBS_DP1_537000_4142000_classified_point_cloud.laz","2018_MLBS_3_537000_4142000_image.tif","Tree",1,537000,537999.999,4142000,4142999.999
"9269",9269,537493.564,537503.91,4142648.03,4142656.31,"Silva","NEON_D07_MLBS_DP1_537000_4142000_classified_point_cloud.laz","2018_MLBS_3_537000_4142000_image.tif","Tree",1,537000,537999.999,4142000,4142999.999
"9270",9270,537490.501,537500.92,4142645.005,4142655.376,"Silva","NEON_D07_MLBS_DP1_537000_4142000_classified_point_cloud.laz","2018_MLBS_3_537000_4142000_image.tif","Tree",1,537000,537999.999,4142000,4142999.999
"9271",9271,537484.506,537492.396,4142642.533,4142648.901,"Silva","NEON_D07_MLBS_DP1_537000_4142000_classified_point_cloud.laz","2018_MLBS_3_537000_4142000_image.tif","Tree",1,537000,537999.999,4142000,4142999.999
"9272",9272,537487.542,537494.98,4142637.004,4142646.486,"Silva","NEON_D07_MLBS_DP1_537000_4142000_classified_point_cloud.laz","2018_MLBS_3_537000_4142000_image.tif","Tree",1,537000,537999.999,4142000,4142999.999
"9273",9273,537494.003,537501.981,4142635.051,4142646.467,"Silva","NEON_D07_MLBS_DP1_537000_4142000_classified_point_cloud.laz","2018_MLBS_3_537000_4142000_image.tif","Tree",1,537000,537999.999,4142000,4142999.999
"9274",9274,537488.078,537499.49,4142627.525,4142637.961,"Silva","NEON_D07_MLBS_DP1_537000_4142000_classified_point_cloud.laz","2018_MLBS_3_537000_4142000_image.tif","Tree",1,537000,537999.999,4142000,4142999.999
"9275",9275,537485.03,537495.932,4142623.537,4142633.177,"Silva","NEON_D07_MLBS_DP1_537000_4142000_classified_point_cloud.laz","2018_MLBS_3_537000_4142000_image.tif","Tree",1,537000,537999.999,4142000,4142999.999
"9276",9276,537486.619,537493.473,4142611.507,4142617.475,"Silva","NEON_D07_MLBS_DP1_537000_4142000_classified_point_cloud.laz","2018_MLBS_3_537000_4142000_image.tif","Tree",1,537000,537999.999,4142000,4142999.999
"9277",9277,537492.515,537501.461,4142607.735,4142617.569,"Silva","NEON_D07_MLBS_DP1_537000_4142000_classified_point_cloud.laz","2018_MLBS_3_537000_4142000_image.tif","Tree",1,537000,537999.999,4142000,4142999.999
"9278",9278,537456.013,537463.492,4142734.655,4142749.684,"Silva","NEON_D07_MLBS_DP1_537000_4142000_classified_point_cloud.laz","2018_MLBS_3_537000_4142000_image.tif","Tree",1,537000,537999.999,4142000,4142999.999
"9279",9279,537462.505,537476.43,4142690.004,4142700.497,"Silva","NEON_D07_MLBS_DP1_537000_4142000_classified_point_cloud.laz","2018_MLBS_3_537000_4142000_image.tif","Tree",1,537000,537999.999,4142000,4142999.999
"9280",9280,537474.529,537481.983,4142682.506,4142692.5,"Silva","NEON_D07_MLBS_DP1_537000_4142000_classified_point_cloud.laz","2018_MLBS_3_537000_4142000_image.tif","Tree",1,537000,537999.999,4142000,4142999.999
"9281",9281,537467.044,537475.421,4142680.544,4142690.5,"Silva","NEON_D07_MLBS_DP1_537000_4142000_classified_point_cloud.laz","2018_MLBS_3_537000_4142000_image.tif","Tree",1,537000,537999.999,4142000,4142999.999
"9282",9282,537460.501,537465.994,4142679.592,4142692.467,"Silva","NEON_D07_MLBS_DP1_537000_4142000_classified_point_cloud.laz","2018_MLBS_3_537000_4142000_image.tif","Tree",1,537000,537999.999,4142000,4142999.999
"9283",9283,537456.002,537463.988,4142677.009,4142685.916,"Silva","NEON_D07_MLBS_DP1_537000_4142000_classified_point_cloud.laz","2018_MLBS_3_537000_4142000_image.tif","Tree",1,537000,537999.999,4142000,4142999.999
"9284",9284,537482.002,537486.983,4142673.005,4142682.71,"Silva","NEON_D07_MLBS_DP1_537000_4142000_classified_point_cloud.laz","2018_MLBS_3_537000_4142000_image.tif","Tree",1,537000,537999.999,4142000,4142999.999
"9285",9285,537473.508,537481.994,4142676.003,4142682.632,"Silva","NEON_D07_MLBS_DP1_537000_4142000_classified_point_cloud.laz","2018_MLBS_3_537000_4142000_image.tif","Tree",1,537000,537999.999,4142000,4142999.999
"9286",9286,537458.532,537466.495,4142696.921,4142706.495,"Silva","NEON_D07_MLBS_DP1_537000_4142000_classified_point_cloud.laz","2018_MLBS_3_537000_4142000_image.tif","Tree",1,537000,537999.999,4142000,4142999.999
"9287",9287,537461.007,537469.984,4142709.517,4142717.458,"Silva","NEON_D07_MLBS_DP1_537000_4142000_classified_point_cloud.laz","2018_MLBS_3_537000_4142000_image.tif","Tree",1,537000,537999.999,4142000,4142999.999
"9288",9288,537449.009,537460.972,4142710.174,4142720.499,"Silva","NEON_D07_MLBS_DP1_537000_4142000_classified_point_cloud.laz","2018_MLBS_3_537000_4142000_image.tif","Tree",1,537000,537999.999,4142000,4142999.999
"9289",9289,537476.804,537483.368,4142713.374,4142724.961,"Silva","NEON_D07_MLBS_DP1_537000_4142000_classified_point_cloud.laz","2018_MLBS_3_537000_4142000_image.tif","Tree",1,537000,537999.999,4142000,4142999.999
"9290",9290,537471.512,537478.499,4142725.007,4142731.983,"Silva","NEON_D07_MLBS_DP1_537000_4142000_classified_point_cloud.laz","2018_MLBS_3_537000_4142000_image.tif","Tree",1,537000,537999.999,4142000,4142999.999
"9291",9291,537469.516,537481.852,4142798.003,4142808.425,"Silva","NEON_D07_MLBS_DP1_537000_4142000_classified_point_cloud.laz","2018_MLBS_3_537000_4142000_image.tif","Tree",1,537000,537999.999,4142000,4142999.999
"9292",9292,537458.503,537469.997,4142800.039,4142809.771,"Silva","NEON_D07_MLBS_DP1_537000_4142000_classified_point_cloud.laz","2018_MLBS_3_537000_4142000_image.tif","Tree",1,537000,537999.999,4142000,4142999.999
"9293",9293,537452.618,537460.493,4142794.539,4142803.439,"Silva","NEON_D07_MLBS_DP1_537000_4142000_classified_point_cloud.laz","2018_MLBS_3_537000_4142000_image.tif","Tree",1,537000,537999.999,4142000,4142999.999
"9294",9294,537460.014,537467.427,4142793.009,4142800.991,"Silva","NEON_D07_MLBS_DP1_537000_4142000_classified_point_cloud.laz","2018_MLBS_3_537000_4142000_image.tif","Tree",1,537000,537999.999,4142000,4142999.999
"9295",9295,537476.895,537487.482,4142791.703,4142806.95,"Silva","NEON_D07_MLBS_DP1_537000_4142000_classified_point_cloud.laz","2018_MLBS_3_537000_4142000_image.tif","Tree",1,537000,537999.999,4142000,4142999.999
"9296",9296,537453.526,537462.979,4142789.624,4142796.491,"Silva","NEON_D07_MLBS_DP1_537000_4142000_classified_point_cloud.laz","2018_MLBS_3_537000_4142000_image.tif","Tree",1,537000,537999.999,4142000,4142999.999
"9297",9297,537463.085,537472.998,4142790.507,4142800.713,"Silva","NEON_D07_MLBS_DP1_537000_4142000_classified_point_cloud.laz","2018_MLBS_3_537000_4142000_image.tif","Tree",1,537000,537999.999,4142000,4142999.999
"9298",9298,537449.526,537458.473,4142781.513,4142794.489,"Silva","NEON_D07_MLBS_DP1_537000_4142000_classified_point_cloud.laz","2018_MLBS_3_537000_4142000_image.tif","Tree",1,537000,537999.999,4142000,4142999.999
"9299",9299,537470.506,537482.487,4142783.009,4142790.475,"Silva","NEON_D07_MLBS_DP1_537000_4142000_classified_point_cloud.laz","2018_MLBS_3_537000_4142000_image.tif","Tree",1,537000,537999.999,4142000,4142999.999
"9300",9300,537459.528,537467.487,4142778.513,4142784.993,"Silva","NEON_D07_MLBS_DP1_537000_4142000_classified_point_cloud.laz","2018_MLBS_3_537000_4142000_image.tif","Tree",1,537000,537999.999,4142000,4142999.999
"9301",9301,537469.54,537480.47,4142776.506,4142782.992,"Silva","NEON_D07_MLBS_DP1_537000_4142000_classified_point_cloud.laz","2018_MLBS_3_537000_4142000_image.tif","Tree",1,537000,537999.999,4142000,4142999.999
"9302",9302,537468.549,537482.447,4142769.502,4142780.955,"Silva","NEON_D07_MLBS_DP1_537000_4142000_classified_point_cloud.laz","2018_MLBS_3_537000_4142000_image.tif","Tree",1,537000,537999.999,4142000,4142999.999
"9303",9303,537453.555,537467.49,4142766.242,4142777.742,"Silva","NEON_D07_MLBS_DP1_537000_4142000_classified_point_cloud.laz","2018_MLBS_3_537000_4142000_image.tif","Tree",1,537000,537999.999,4142000,4142999.999
"9304",9304,537450.707,537463.653,4142752.011,4142763.976,"Silva","NEON_D07_MLBS_DP1_537000_4142000_classified_point_cloud.laz","2018_MLBS_3_537000_4142000_image.tif","Tree",1,537000,537999.999,4142000,4142999.999
"9305",9305,537472.564,537485.912,4142754.029,4142764.992,"Silva","NEON_D07_MLBS_DP1_537000_4142000_classified_point_cloud.laz","2018_MLBS_3_537000_4142000_image.tif","Tree",1,537000,537999.999,4142000,4142999.999
"9306",9306,537480.003,537488.996,4142741.586,4142756.981,"Silva","NEON_D07_MLBS_DP1_537000_4142000_classified_point_cloud.laz","2018_MLBS_3_537000_4142000_image.tif","Tree",1,537000,537999.999,4142000,4142999.999
"9307",9307,537472.516,537481.982,4142740.001,4142755.478,"Silva","NEON_D07_MLBS_DP1_537000_4142000_classified_point_cloud.laz","2018_MLBS_3_537000_4142000_image.tif","Tree",1,537000,537999.999,4142000,4142999.999
"9308",9308,537485.029,537493.985,4142732.639,4142742,"Silva","NEON_D07_MLBS_DP1_537000_4142000_classified_point_cloud.laz","2018_MLBS_3_537000_4142000_image.tif","Tree",1,537000,537999.999,4142000,4142999.999
"9309",9309,537484.535,537491.45,4142731.531,4142739.259,"Silva","NEON_D07_MLBS_DP1_537000_4142000_classified_point_cloud.laz","2018_MLBS_3_537000_4142000_image.tif","Tree",1,537000,537999.999,4142000,4142999.999
"9310",9310,537492.007,537502.98,4142681.142,4142694.444,"Silva","NEON_D07_MLBS_DP1_537000_4142000_classified_point_cloud.laz","2018_MLBS_3_537000_4142000_image.tif","Tree",1,537000,537999.999,4142000,4142999.999
"9311",9311,537486.53,537494.937,4142678.501,4142685.925,"Silva","NEON_D07_MLBS_DP1_537000_4142000_classified_point_cloud.laz","2018_MLBS_3_537000_4142000_image.tif","Tree",1,537000,537999.999,4142000,4142999.999
"9312",9312,537495.528,537502.984,4142676.545,4142682.479,"Silva","NEON_D07_MLBS_DP1_537000_4142000_classified_point_cloud.laz","2018_MLBS_3_537000_4142000_image.tif","Tree",1,537000,537999.999,4142000,4142999.999
"9313",9313,537494.526,537502.462,4142797.047,4142805.933,"Silva","NEON_D07_MLBS_DP1_537000_4142000_classified_point_cloud.laz","2018_MLBS_3_537000_4142000_image.tif","Tree",1,537000,537999.999,4142000,4142999.999
"9314",9314,537487.501,537496.386,4142793.609,4142805.491,"Silva","NEON_D07_MLBS_DP1_537000_4142000_classified_point_cloud.laz","2018_MLBS_3_537000_4142000_image.tif","Tree",1,537000,537999.999,4142000,4142999.999
"9315",9315,537481.012,537491.954,4142789.01,4142800.998,"Silva","NEON_D07_MLBS_DP1_537000_4142000_classified_point_cloud.laz","2018_MLBS_3_537000_4142000_image.tif","Tree",1,537000,537999.999,4142000,4142999.999
"9316",9316,537491.523,537505.459,4142787.053,4142797.484,"Silva","NEON_D07_MLBS_DP1_537000_4142000_classified_point_cloud.laz","2018_MLBS_3_537000_4142000_image.tif","Tree",1,537000,537999.999,4142000,4142999.999
"9317",9317,537488.049,537500.952,4142782.614,4142791.489,"Silva","NEON_D07_MLBS_DP1_537000_4142000_classified_point_cloud.laz","2018_MLBS_3_537000_4142000_image.tif","Tree",1,537000,537999.999,4142000,4142999.999
"9318",9318,537487.019,537495.456,4142779.506,4142788.854,"Silva","NEON_D07_MLBS_DP1_537000_4142000_classified_point_cloud.laz","2018_MLBS_3_537000_4142000_image.tif","Tree",1,537000,537999.999,4142000,4142999.999
"9319",9319,537493.5,537499.494,4142776.078,4142782.948,"Silva","NEON_D07_MLBS_DP1_537000_4142000_classified_point_cloud.laz","2018_MLBS_3_537000_4142000_image.tif","Tree",1,537000,537999.999,4142000,4142999.999
"9320",9320,537488.5,537493.995,4142775.015,4142779.982,"Silva","NEON_D07_MLBS_DP1_537000_4142000_classified_point_cloud.laz","2018_MLBS_3_537000_4142000_image.tif","Tree",1,537000,537999.999,4142000,4142999.999
"9321",9321,537491.51,537499.913,4142769.011,4142777.317,"Silva","NEON_D07_MLBS_DP1_537000_4142000_classified_point_cloud.laz","2018_MLBS_3_537000_4142000_image.tif","Tree",1,537000,537999.999,4142000,4142999.999
"9322",9322,537483.024,537492.348,4142762.571,4142772.498,"Silva","NEON_D07_MLBS_DP1_537000_4142000_classified_point_cloud.laz","2018_MLBS_3_537000_4142000_image.tif","Tree",1,537000,537999.999,4142000,4142999.999
"9323",9323,537485.07,537493.895,4142758.238,4142768.99,"Silva","NEON_D07_MLBS_DP1_537000_4142000_classified_point_cloud.laz","2018_MLBS_3_537000_4142000_image.tif","Tree",1,537000,537999.999,4142000,4142999.999
"9324",9324,537492.004,537502.458,4142759.504,4142768.951,"Silva","NEON_D07_MLBS_DP1_537000_4142000_classified_point_cloud.laz","2018_MLBS_3_537000_4142000_image.tif","Tree",1,537000,537999.999,4142000,4142999.999
"9325",9325,537495.007,537504.995,4142751.158,4142762.471,"Silva","NEON_D07_MLBS_DP1_537000_4142000_classified_point_cloud.laz","2018_MLBS_3_537000_4142000_image.tif","Tree",1,537000,537999.999,4142000,4142999.999
"9326",9326,537490.04,537501.496,4142743.029,4142751.959,"Silva","NEON_D07_MLBS_DP1_537000_4142000_classified_point_cloud.laz","2018_MLBS_3_537000_4142000_image.tif","Tree",1,537000,537999.999,4142000,4142999.999
"9327",9327,537458.535,537468.24,4142865.129,4142873.435,"Silva","NEON_D07_MLBS_DP1_537000_4142000_classified_point_cloud.laz","2018_MLBS_3_537000_4142000_image.tif","Tree",1,537000,537999.999,4142000,4142999.999
"9328",9328,537448.033,537459.351,4142803.109,4142812.45,"Silva","NEON_D07_MLBS_DP1_537000_4142000_classified_point_cloud.laz","2018_MLBS_3_537000_4142000_image.tif","Tree",1,537000,537999.999,4142000,4142999.999
"9329",9329,537476.502,537484.457,4142805.511,4142814.481,"Silva","NEON_D07_MLBS_DP1_537000_4142000_classified_point_cloud.laz","2018_MLBS_3_537000_4142000_image.tif","Tree",1,537000,537999.999,4142000,4142999.999
"9330",9330,537472.018,537485.739,4142814.009,4142820.998,"Silva","NEON_D07_MLBS_DP1_537000_4142000_classified_point_cloud.laz","2018_MLBS_3_537000_4142000_image.tif","Tree",1,537000,537999.999,4142000,4142999.999
"9331",9331,537460.03,537471.993,4142811.021,4142822.809,"Silva","NEON_D07_MLBS_DP1_537000_4142000_classified_point_cloud.laz","2018_MLBS_3_537000_4142000_image.tif","Tree",1,537000,537999.999,4142000,4142999.999
"9332",9332,537477,537485.49,4142823.579,4142833.484,"Silva","NEON_D07_MLBS_DP1_537000_4142000_classified_point_cloud.laz","2018_MLBS_3_537000_4142000_image.tif","Tree",1,537000,537999.999,4142000,4142999.999
"9333",9333,537466.553,537473.495,4142821.557,4142830.475,"Silva","NEON_D07_MLBS_DP1_537000_4142000_classified_point_cloud.laz","2018_MLBS_3_537000_4142000_image.tif","Tree",1,537000,537999.999,4142000,4142999.999
"9334",9334,537467.033,537477.938,4142828.251,4142834.445,"Silva","NEON_D07_MLBS_DP1_537000_4142000_classified_point_cloud.laz","2018_MLBS_3_537000_4142000_image.tif","Tree",1,537000,537999.999,4142000,4142999.999
"9335",9335,537466.016,537476.495,4142831.064,4142838.451,"Silva","NEON_D07_MLBS_DP1_537000_4142000_classified_point_cloud.laz","2018_MLBS_3_537000_4142000_image.tif","Tree",1,537000,537999.999,4142000,4142999.999
"9336",9336,537448.042,537454.995,4142829.558,4142838.852,"Silva","NEON_D07_MLBS_DP1_537000_4142000_classified_point_cloud.laz","2018_MLBS_3_537000_4142000_image.tif","Tree",1,537000,537999.999,4142000,4142999.999
"9337",9337,537448.509,537456.309,4142836.046,4142841.994,"Silva","NEON_D07_MLBS_DP1_537000_4142000_classified_point_cloud.laz","2018_MLBS_3_537000_4142000_image.tif","Tree",1,537000,537999.999,4142000,4142999.999
"9338",9338,537473.028,537482.433,4142840.51,4142848.966,"Silva","NEON_D07_MLBS_DP1_537000_4142000_classified_point_cloud.laz","2018_MLBS_3_537000_4142000_image.tif","Tree",1,537000,537999.999,4142000,4142999.999
"9339",9339,537451.544,537459.455,4142851.07,4142858.968,"Silva","NEON_D07_MLBS_DP1_537000_4142000_classified_point_cloud.laz","2018_MLBS_3_537000_4142000_image.tif","Tree",1,537000,537999.999,4142000,4142999.999
"9340",9340,537477.518,537484.41,4142925.225,4142933.984,"Silva","NEON_D07_MLBS_DP1_537000_4142000_classified_point_cloud.laz","2018_MLBS_3_537000_4142000_image.tif","Tree",1,537000,537999.999,4142000,4142999.999
"9341",9341,537460.525,537472.856,4142922.138,4142935.991,"Silva","NEON_D07_MLBS_DP1_537000_4142000_classified_point_cloud.laz","2018_MLBS_3_537000_4142000_image.tif","Tree",1,537000,537999.999,4142000,4142999.999
"9342",9342,537479.501,537490.484,4142922.009,4142929.979,"Silva","NEON_D07_MLBS_DP1_537000_4142000_classified_point_cloud.laz","2018_MLBS_3_537000_4142000_image.tif","Tree",1,537000,537999.999,4142000,4142999.999
"9343",9343,537447.175,537455.935,4142920.57,4142925.988,"Silva","NEON_D07_MLBS_DP1_537000_4142000_classified_point_cloud.laz","2018_MLBS_3_537000_4142000_image.tif","Tree",1,537000,537999.999,4142000,4142999.999
"9344",9344,537452.566,537460.988,4142916.023,4142927.967,"Silva","NEON_D07_MLBS_DP1_537000_4142000_classified_point_cloud.laz","2018_MLBS_3_537000_4142000_image.tif","Tree",1,537000,537999.999,4142000,4142999.999
"9345",9345,537456.068,537464.488,4142875.504,4142883.5,"Silva","NEON_D07_MLBS_DP1_537000_4142000_classified_point_cloud.laz","2018_MLBS_3_537000_4142000_image.tif","Tree",1,537000,537999.999,4142000,4142999.999
"9346",9346,537460.537,537464.865,4142871.187,4142875.491,"Silva","NEON_D07_MLBS_DP1_537000_4142000_classified_point_cloud.laz","2018_MLBS_3_537000_4142000_image.tif","Tree",1,537000,537999.999,4142000,4142999.999
"9347",9347,537483.03,537493.986,4142868.013,4142874.993,"Silva","NEON_D07_MLBS_DP1_537000_4142000_classified_point_cloud.laz","2018_MLBS_3_537000_4142000_image.tif","Tree",1,537000,537999.999,4142000,4142999.999
"9348",9348,537487.014,537494.475,4142854.503,4142862.998,"Silva","NEON_D07_MLBS_DP1_537000_4142000_classified_point_cloud.laz","2018_MLBS_3_537000_4142000_image.tif","Tree",1,537000,537999.999,4142000,4142999.999
"9349",9349,537494.525,537506.415,4142808.566,4142814.989,"Silva","NEON_D07_MLBS_DP1_537000_4142000_classified_point_cloud.laz","2018_MLBS_3_537000_4142000_image.tif","Tree",1,537000,537999.999,4142000,4142999.999
"9350",9350,537491.041,537500.42,4142814.642,4142821.988,"Silva","NEON_D07_MLBS_DP1_537000_4142000_classified_point_cloud.laz","2018_MLBS_3_537000_4142000_image.tif","Tree",1,537000,537999.999,4142000,4142999.999
"9351",9351,537494.003,537501.975,4142820.516,4142828.207,"Silva","NEON_D07_MLBS_DP1_537000_4142000_classified_point_cloud.laz","2018_MLBS_3_537000_4142000_image.tif","Tree",1,537000,537999.999,4142000,4142999.999
"9352",9352,537489.5,537498.496,4142826.575,4142834.472,"Silva","NEON_D07_MLBS_DP1_537000_4142000_classified_point_cloud.laz","2018_MLBS_3_537000_4142000_image.tif","Tree",1,537000,537999.999,4142000,4142999.999
"9353",9353,537494.561,537502.949,4142830.726,4142840.478,"Silva","NEON_D07_MLBS_DP1_537000_4142000_classified_point_cloud.laz","2018_MLBS_3_537000_4142000_image.tif","Tree",1,537000,537999.999,4142000,4142999.999
"9354",9354,537488.6,537496.421,4142934.055,4142941.963,"Silva","NEON_D07_MLBS_DP1_537000_4142000_classified_point_cloud.laz","2018_MLBS_3_537000_4142000_image.tif","Tree",1,537000,537999.999,4142000,4142999.999
"9355",9355,537484.518,537490.482,4142932.072,4142939.985,"Silva","NEON_D07_MLBS_DP1_537000_4142000_classified_point_cloud.laz","2018_MLBS_3_537000_4142000_image.tif","Tree",1,537000,537999.999,4142000,4142999.999
"9356",9356,537490.508,537500.963,4142921.054,4142929.923,"Silva","NEON_D07_MLBS_DP1_537000_4142000_classified_point_cloud.laz","2018_MLBS_3_537000_4142000_image.tif","Tree",1,537000,537999.999,4142000,4142999.999
"9357",9357,537489.505,537495.984,4142904.059,4142910.475,"Silva","NEON_D07_MLBS_DP1_537000_4142000_classified_point_cloud.laz","2018_MLBS_3_537000_4142000_image.tif","Tree",1,537000,537999.999,4142000,4142999.999
"9358",9358,537486.513,537493.994,4142896.035,4142905.416,"Silva","NEON_D07_MLBS_DP1_537000_4142000_classified_point_cloud.laz","2018_MLBS_3_537000_4142000_image.tif","Tree",1,537000,537999.999,4142000,4142999.999
"9359",9359,537457.016,537465.08,4142994.004,4142999.996,"Silva","NEON_D07_MLBS_DP1_537000_4142000_classified_point_cloud.laz","2018_MLBS_3_537000_4142000_image.tif","Tree",1,537000,537999.999,4142000,4142999.999
"9360",9360,537476.035,537488.997,4142993.003,4142999.998,"Silva","NEON_D07_MLBS_DP1_537000_4142000_classified_point_cloud.laz","2018_MLBS_3_537000_4142000_image.tif","Tree",1,537000,537999.999,4142000,4142999.999
"9361",9361,537478,537485.378,4142986.806,4142994.992,"Silva","NEON_D07_MLBS_DP1_537000_4142000_classified_point_cloud.laz","2018_MLBS_3_537000_4142000_image.tif","Tree",1,537000,537999.999,4142000,4142999.999
"9362",9362,537466.097,537473.488,4142985.016,4142990.459,"Silva","NEON_D07_MLBS_DP1_537000_4142000_classified_point_cloud.laz","2018_MLBS_3_537000_4142000_image.tif","Tree",1,537000,537999.999,4142000,4142999.999
"9363",9363,537475.109,537480.996,4142984.52,4142989.852,"Silva","NEON_D07_MLBS_DP1_537000_4142000_classified_point_cloud.laz","2018_MLBS_3_537000_4142000_image.tif","Tree",1,537000,537999.999,4142000,4142999.999
"9364",9364,537481.522,537489.499,4142952.583,4142960.971,"Silva","NEON_D07_MLBS_DP1_537000_4142000_classified_point_cloud.laz","2018_MLBS_3_537000_4142000_image.tif","Tree",1,537000,537999.999,4142000,4142999.999
"9365",9365,537475.503,537483.995,4142950.069,4142959.495,"Silva","NEON_D07_MLBS_DP1_537000_4142000_classified_point_cloud.laz","2018_MLBS_3_537000_4142000_image.tif","Tree",1,537000,537999.999,4142000,4142999.999
"9366",9366,537454.001,537462.985,4142949.002,4142959.987,"Silva","NEON_D07_MLBS_DP1_537000_4142000_classified_point_cloud.laz","2018_MLBS_3_537000_4142000_image.tif","Tree",1,537000,537999.999,4142000,4142999.999
"9367",9367,537466.003,537476.44,4142951.506,4142957.482,"Silva","NEON_D07_MLBS_DP1_537000_4142000_classified_point_cloud.laz","2018_MLBS_3_537000_4142000_image.tif","Tree",1,537000,537999.999,4142000,4142999.999
"9368",9368,537466.547,537479.97,4142945.585,4142953.478,"Silva","NEON_D07_MLBS_DP1_537000_4142000_classified_point_cloud.laz","2018_MLBS_3_537000_4142000_image.tif","Tree",1,537000,537999.999,4142000,4142999.999
"9369",9369,537461.566,537470.493,4142934.501,4142948.5,"Silva","NEON_D07_MLBS_DP1_537000_4142000_classified_point_cloud.laz","2018_MLBS_3_537000_4142000_image.tif","Tree",1,537000,537999.999,4142000,4142999.999
"9370",9370,537469.512,537479.938,4142936.022,4142948.494,"Silva","NEON_D07_MLBS_DP1_537000_4142000_classified_point_cloud.laz","2018_MLBS_3_537000_4142000_image.tif","Tree",1,537000,537999.999,4142000,4142999.999
"9371",9371,537451.153,537458.909,4142936.618,4142949.404,"Silva","NEON_D07_MLBS_DP1_537000_4142000_classified_point_cloud.laz","2018_MLBS_3_537000_4142000_image.tif","Tree",1,537000,537999.999,4142000,4142999.999
"9372",9372,537463.036,537469.81,4142955.021,4142962.985,"Silva","NEON_D07_MLBS_DP1_537000_4142000_classified_point_cloud.laz","2018_MLBS_3_537000_4142000_image.tif","Tree",1,537000,537999.999,4142000,4142999.999
"9373",9373,537474.539,537481.493,4142958.595,4142965.477,"Silva","NEON_D07_MLBS_DP1_537000_4142000_classified_point_cloud.laz","2018_MLBS_3_537000_4142000_image.tif","Tree",1,537000,537999.999,4142000,4142999.999
"9374",9374,537455.085,537464.998,4142957.609,4142965.488,"Silva","NEON_D07_MLBS_DP1_537000_4142000_classified_point_cloud.laz","2018_MLBS_3_537000_4142000_image.tif","Tree",1,537000,537999.999,4142000,4142999.999
"9375",9375,537467.085,537475.496,4142962.021,4142968.99,"Silva","NEON_D07_MLBS_DP1_537000_4142000_classified_point_cloud.laz","2018_MLBS_3_537000_4142000_image.tif","Tree",1,537000,537999.999,4142000,4142999.999
"9376",9376,537483.004,537489.34,4142963.109,4142970.459,"Silva","NEON_D07_MLBS_DP1_537000_4142000_classified_point_cloud.laz","2018_MLBS_3_537000_4142000_image.tif","Tree",1,537000,537999.999,4142000,4142999.999
"9377",9377,537475.034,537482.965,4142964.003,4142970.995,"Silva","NEON_D07_MLBS_DP1_537000_4142000_classified_point_cloud.laz","2018_MLBS_3_537000_4142000_image.tif","Tree",1,537000,537999.999,4142000,4142999.999
"9378",9378,537456.019,537465.97,4142965.503,4142972.448,"Silva","NEON_D07_MLBS_DP1_537000_4142000_classified_point_cloud.laz","2018_MLBS_3_537000_4142000_image.tif","Tree",1,537000,537999.999,4142000,4142999.999
"9379",9379,537469.521,537476.495,4142969.003,4142979.476,"Silva","NEON_D07_MLBS_DP1_537000_4142000_classified_point_cloud.laz","2018_MLBS_3_537000_4142000_image.tif","Tree",1,537000,537999.999,4142000,4142999.999
"9380",9380,537454.006,537457.999,4142970.272,4142977.49,"Silva","NEON_D07_MLBS_DP1_537000_4142000_classified_point_cloud.laz","2018_MLBS_3_537000_4142000_image.tif","Tree",1,537000,537999.999,4142000,4142999.999
"9381",9381,537464.067,537473.496,4142976.006,4142982.316,"Silva","NEON_D07_MLBS_DP1_537000_4142000_classified_point_cloud.laz","2018_MLBS_3_537000_4142000_image.tif","Tree",1,537000,537999.999,4142000,4142999.999
"9382",9382,537458.5,537463.872,4142978.525,4142985.414,"Silva","NEON_D07_MLBS_DP1_537000_4142000_classified_point_cloud.laz","2018_MLBS_3_537000_4142000_image.tif","Tree",1,537000,537999.999,4142000,4142999.999
"9383",9383,537468.053,537475.354,4142979.538,4142985.987,"Silva","NEON_D07_MLBS_DP1_537000_4142000_classified_point_cloud.laz","2018_MLBS_3_537000_4142000_image.tif","Tree",1,537000,537999.999,4142000,4142999.999
"9384",9384,537462,537467.982,4142979.637,4142987.977,"Silva","NEON_D07_MLBS_DP1_537000_4142000_classified_point_cloud.laz","2018_MLBS_3_537000_4142000_image.tif","Tree",1,537000,537999.999,4142000,4142999.999
"9385",9385,537451.524,537460.431,4142981.021,4142990.876,"Silva","NEON_D07_MLBS_DP1_537000_4142000_classified_point_cloud.laz","2018_MLBS_3_537000_4142000_image.tif","Tree",1,537000,537999.999,4142000,4142999.999
"9386",9386,537492.038,537498.994,4142989.025,4142997,"Silva","NEON_D07_MLBS_DP1_537000_4142000_classified_point_cloud.laz","2018_MLBS_3_537000_4142000_image.tif","Tree",1,537000,537999.999,4142000,4142999.999
"9387",9387,537485.099,537492.995,4142990.023,4142998.307,"Silva","NEON_D07_MLBS_DP1_537000_4142000_classified_point_cloud.laz","2018_MLBS_3_537000_4142000_image.tif","Tree",1,537000,537999.999,4142000,4142999.999
"9388",9388,537482.061,537490.491,4142975.212,4142983.402,"Silva","NEON_D07_MLBS_DP1_537000_4142000_classified_point_cloud.laz","2018_MLBS_3_537000_4142000_image.tif","Tree",1,537000,537999.999,4142000,4142999.999
"9389",9389,537495.534,537503.497,4142974.073,4142984.766,"Silva","NEON_D07_MLBS_DP1_537000_4142000_classified_point_cloud.laz","2018_MLBS_3_537000_4142000_image.tif","Tree",1,537000,537999.999,4142000,4142999.999
"9390",9390,537485.084,537495.994,4142946.564,4142957.494,"Silva","NEON_D07_MLBS_DP1_537000_4142000_classified_point_cloud.laz","2018_MLBS_3_537000_4142000_image.tif","Tree",1,537000,537999.999,4142000,4142999.999
"9391",9391,537481.02,537491.449,4142944.533,4142952.412,"Silva","NEON_D07_MLBS_DP1_537000_4142000_classified_point_cloud.laz","2018_MLBS_3_537000_4142000_image.tif","Tree",1,537000,537999.999,4142000,4142999.999
"9392",9392,537487.038,537494.481,4142957.515,4142967.493,"Silva","NEON_D07_MLBS_DP1_537000_4142000_classified_point_cloud.laz","2018_MLBS_3_537000_4142000_image.tif","Tree",1,537000,537999.999,4142000,4142999.999
"9393",9393,537491.006,537496.957,4142960.601,4142969.942,"Silva","NEON_D07_MLBS_DP1_537000_4142000_classified_point_cloud.laz","2018_MLBS_3_537000_4142000_image.tif","Tree",1,537000,537999.999,4142000,4142999.999
"9394",9394,537495.001,537501.927,4142966.003,4142972.484,"Silva","NEON_D07_MLBS_DP1_537000_4142000_classified_point_cloud.laz","2018_MLBS_3_537000_4142000_image.tif","Tree",1,537000,537999.999,4142000,4142999.999
"9395",9395,537487.526,537496.481,4142972.012,4142979.484,"Silva","NEON_D07_MLBS_DP1_537000_4142000_classified_point_cloud.laz","2018_MLBS_3_537000_4142000_image.tif","Tree",1,537000,537999.999,4142000,4142999.999
"9396",9396,537013.003,537021.893,4142499.506,4142507.422,"Silva","NEON_D07_MLBS_DP1_537000_4142000_classified_point_cloud.laz","2018_MLBS_3_537000_4142000_image.tif","Tree",1,537000,537999.999,4142000,4142999.999
"9397",9397,537090.534,537102.478,4142541.506,4142550.998,"Silva","NEON_D07_MLBS_DP1_537000_4142000_classified_point_cloud.laz","2018_MLBS_3_537000_4142000_image.tif","Tree",1,537000,537999.999,4142000,4142999.999
"9398",9398,537088.018,537089.455,4142655.026,4142655.782,"Silva","NEON_D07_MLBS_DP1_537000_4142000_classified_point_cloud.laz","2018_MLBS_3_537000_4142000_image.tif","Tree",1,537000,537999.999,4142000,4142999.999
"9399",9399,537056.029,537056.994,4142947.518,4142948.99,"Silva","NEON_D07_MLBS_DP1_537000_4142000_classified_point_cloud.laz","2018_MLBS_3_537000_4142000_image.tif","Tree",1,537000,537999.999,4142000,4142999.999
"9400",9400,537021.528,537022.487,4142976.53,4142977.449,"Silva","NEON_D07_MLBS_DP1_537000_4142000_classified_point_cloud.laz","2018_MLBS_3_537000_4142000_image.tif","Tree",1,537000,537999.999,4142000,4142999.999
"9401",9401,537134.501,537135.495,4142500.62,4142504.428,"Silva","NEON_D07_MLBS_DP1_537000_4142000_classified_point_cloud.laz","2018_MLBS_3_537000_4142000_image.tif","Tree",1,537000,537999.999,4142000,4142999.999
"9402",9402,537128.537,537128.969,4142518.559,4142518.975,"Silva","NEON_D07_MLBS_DP1_537000_4142000_classified_point_cloud.laz","2018_MLBS_3_537000_4142000_image.tif","Tree",1,537000,537999.999,4142000,4142999.999
"9403",9403,537270.081,537271.41,4142561.649,4142561.999,"Silva","NEON_D07_MLBS_DP1_537000_4142000_classified_point_cloud.laz","2018_MLBS_3_537000_4142000_image.tif","Tree",1,537000,537999.999,4142000,4142999.999
"9404",9404,537025.021,537034.969,4142756.014,4142762.433,"Silva","NEON_D07_MLBS_DP1_537000_4142000_classified_point_cloud.laz","2018_MLBS_3_537000_4142000_image.tif","Tree",1,537000,537999.999,4142000,4142999.999
"9405",9405,537014.527,537021.975,4142786.005,4142791.433,"Silva","NEON_D07_MLBS_DP1_537000_4142000_classified_point_cloud.laz","2018_MLBS_3_537000_4142000_image.tif","Tree",1,537000,537999.999,4142000,4142999.999
"9406",9406,537076.672,537076.992,4142809.504,4142809.986,"Silva","NEON_D07_MLBS_DP1_537000_4142000_classified_point_cloud.laz","2018_MLBS_3_537000_4142000_image.tif","Tree",1,537000,537999.999,4142000,4142999.999
"9407",9407,537060.07,537061.388,4142905.546,4142906.409,"Silva","NEON_D07_MLBS_DP1_537000_4142000_classified_point_cloud.laz","2018_MLBS_3_537000_4142000_image.tif","Tree",1,537000,537999.999,4142000,4142999.999
"9408",9408,537056.703,537056.855,4142931.786,4142931.955,"Silva","NEON_D07_MLBS_DP1_537000_4142000_classified_point_cloud.laz","2018_MLBS_3_537000_4142000_image.tif","Tree",1,537000,537999.999,4142000,4142999.999
"9409",9409,537169.586,537170.995,4142718.003,4142719.491,"Silva","NEON_D07_MLBS_DP1_537000_4142000_classified_point_cloud.laz","2018_MLBS_3_537000_4142000_image.tif","Tree",1,537000,537999.999,4142000,4142999.999
"9410",9410,537092.531,537102.492,4142767.17,4142777.95,"Silva","NEON_D07_MLBS_DP1_537000_4142000_classified_point_cloud.laz","2018_MLBS_3_537000_4142000_image.tif","Tree",1,537000,537999.999,4142000,4142999.999
"9411",9411,537148.584,537148.931,4142761.05,4142761.656,"Silva","NEON_D07_MLBS_DP1_537000_4142000_classified_point_cloud.laz","2018_MLBS_3_537000_4142000_image.tif","Tree",1,537000,537999.999,4142000,4142999.999
"9412",9412,537119.509,537119.961,4142768.667,4142768.809,"Silva","NEON_D07_MLBS_DP1_537000_4142000_classified_point_cloud.laz","2018_MLBS_3_537000_4142000_image.tif","Tree",1,537000,537999.999,4142000,4142999.999
"9413",9413,537209.546,537210.497,4142768.516,4142769.979,"Silva","NEON_D07_MLBS_DP1_537000_4142000_classified_point_cloud.laz","2018_MLBS_3_537000_4142000_image.tif","Tree",1,537000,537999.999,4142000,4142999.999
"9414",9414,537183.606,537184.772,4142795.71,4142796.949,"Silva","NEON_D07_MLBS_DP1_537000_4142000_classified_point_cloud.laz","2018_MLBS_3_537000_4142000_image.tif","Tree",1,537000,537999.999,4142000,4142999.999
"9415",9415,537315.029,537315.985,4142738.515,4142739.322,"Silva","NEON_D07_MLBS_DP1_537000_4142000_classified_point_cloud.laz","2018_MLBS_3_537000_4142000_image.tif","Tree",1,537000,537999.999,4142000,4142999.999
"9416",9416,537249.539,537249.981,4142769.285,4142769.951,"Silva","NEON_D07_MLBS_DP1_537000_4142000_classified_point_cloud.laz","2018_MLBS_3_537000_4142000_image.tif","Tree",1,537000,537999.999,4142000,4142999.999
"9417",9417,537203.501,537213.494,4142863.531,4142872.984,"Silva","NEON_D07_MLBS_DP1_537000_4142000_classified_point_cloud.laz","2018_MLBS_3_537000_4142000_image.tif","Tree",1,537000,537999.999,4142000,4142999.999
"9418",9418,537138.082,537139.388,4142867.728,4142868.997,"Silva","NEON_D07_MLBS_DP1_537000_4142000_classified_point_cloud.laz","2018_MLBS_3_537000_4142000_image.tif","Tree",1,537000,537999.999,4142000,4142999.999
"9419",9419,537288.535,537295.998,4142917.011,4142927.899,"Silva","NEON_D07_MLBS_DP1_537000_4142000_classified_point_cloud.laz","2018_MLBS_3_537000_4142000_image.tif","Tree",1,537000,537999.999,4142000,4142999.999
"9420",9420,537267.121,537267.445,4142925.501,4142926.477,"Silva","NEON_D07_MLBS_DP1_537000_4142000_classified_point_cloud.laz","2018_MLBS_3_537000_4142000_image.tif","Tree",1,537000,537999.999,4142000,4142999.999
"9421",9421,537059.053,537059.939,4142982.565,4142982.895,"Silva","NEON_D07_MLBS_DP1_537000_4142000_classified_point_cloud.laz","2018_MLBS_3_537000_4142000_image.tif","Tree",1,537000,537999.999,4142000,4142999.999
"9422",9422,537096.016,537103.99,4142950.593,4142957.498,"Silva","NEON_D07_MLBS_DP1_537000_4142000_classified_point_cloud.laz","2018_MLBS_3_537000_4142000_image.tif","Tree",1,537000,537999.999,4142000,4142999.999
"9423",9423,537263.052,537273.997,4142980.009,4142989.905,"Silva","NEON_D07_MLBS_DP1_537000_4142000_classified_point_cloud.laz","2018_MLBS_3_537000_4142000_image.tif","Tree",1,537000,537999.999,4142000,4142999.999
"9424",9424,537344.007,537347.979,4142990.609,4142995.478,"Silva","NEON_D07_MLBS_DP1_537000_4142000_classified_point_cloud.laz","2018_MLBS_3_537000_4142000_image.tif","Tree",1,537000,537999.999,4142000,4142999.999
"9425",9425,537232.072,537232.945,4142695.018,4142696.45,"Silva","NEON_D07_MLBS_DP1_537000_4142000_classified_point_cloud.laz","2018_MLBS_3_537000_4142000_image.tif","Tree",1,537000,537999.999,4142000,4142999.999
"9426",9426,537243.533,537243.828,4142712.64,4142712.852,"Silva","NEON_D07_MLBS_DP1_537000_4142000_classified_point_cloud.laz","2018_MLBS_3_537000_4142000_image.tif","Tree",1,537000,537999.999,4142000,4142999.999
"9427",9427,537214.606,537215.837,4142752.152,4142752.977,"Silva","NEON_D07_MLBS_DP1_537000_4142000_classified_point_cloud.laz","2018_MLBS_3_537000_4142000_image.tif","Tree",1,537000,537999.999,4142000,4142999.999
"9428",9428,537299.002,537299.972,4142775.041,4142775.97,"Silva","NEON_D07_MLBS_DP1_537000_4142000_classified_point_cloud.laz","2018_MLBS_3_537000_4142000_image.tif","Tree",1,537000,537999.999,4142000,4142999.999
"9429",9429,537290.051,537292.49,4142773.932,4142776.497,"Silva","NEON_D07_MLBS_DP1_537000_4142000_classified_point_cloud.laz","2018_MLBS_3_537000_4142000_image.tif","Tree",1,537000,537999.999,4142000,4142999.999
"9430",9430,537061.586,537061.969,4142831.712,4142831.95,"Silva","NEON_D07_MLBS_DP1_537000_4142000_classified_point_cloud.laz","2018_MLBS_3_537000_4142000_image.tif","Tree",1,537000,537999.999,4142000,4142999.999
"9431",9431,537298.538,537299.424,4142865.122,4142865.97,"Silva","NEON_D07_MLBS_DP1_537000_4142000_classified_point_cloud.laz","2018_MLBS_3_537000_4142000_image.tif","Tree",1,537000,537999.999,4142000,4142999.999
"9432",9432,537077.507,537077.958,4142874.231,4142874.912,"Silva","NEON_D07_MLBS_DP1_537000_4142000_classified_point_cloud.laz","2018_MLBS_3_537000_4142000_image.tif","Tree",1,537000,537999.999,4142000,4142999.999
"9433",9433,537253.502,537254.452,4142883.059,4142884.42,"Silva","NEON_D07_MLBS_DP1_537000_4142000_classified_point_cloud.laz","2018_MLBS_3_537000_4142000_image.tif","Tree",1,537000,537999.999,4142000,4142999.999
"9434",9434,537062.678,537063.979,4142942.528,4142942.988,"Silva","NEON_D07_MLBS_DP1_537000_4142000_classified_point_cloud.laz","2018_MLBS_3_537000_4142000_image.tif","Tree",1,537000,537999.999,4142000,4142999.999
"9435",9435,537249.52,537250.448,4142948.125,4142948.991,"Silva","NEON_D07_MLBS_DP1_537000_4142000_classified_point_cloud.laz","2018_MLBS_3_537000_4142000_image.tif","Tree",1,537000,537999.999,4142000,4142999.999
"9436",9436,537212.562,537223.988,4142979.511,4142984.983,"Silva","NEON_D07_MLBS_DP1_537000_4142000_classified_point_cloud.laz","2018_MLBS_3_537000_4142000_image.tif","Tree",1,537000,537999.999,4142000,4142999.999
"9437",9437,537376.56,537376.89,4142658.659,4142659.151,"Silva","NEON_D07_MLBS_DP1_537000_4142000_classified_point_cloud.laz","2018_MLBS_3_537000_4142000_image.tif","Tree",1,537000,537999.999,4142000,4142999.999
"9438",9438,537392.543,537393.484,4142671.723,4142672.119,"Silva","NEON_D07_MLBS_DP1_537000_4142000_classified_point_cloud.laz","2018_MLBS_3_537000_4142000_image.tif","Tree",1,537000,537999.999,4142000,4142999.999
"9439",9439,537415.551,537426.973,4142722.032,4142729.486,"Silva","NEON_D07_MLBS_DP1_537000_4142000_classified_point_cloud.laz","2018_MLBS_3_537000_4142000_image.tif","Tree",1,537000,537999.999,4142000,4142999.999
"9440",9440,537370.002,537377.459,4142826.514,4142831.752,"Silva","NEON_D07_MLBS_DP1_537000_4142000_classified_point_cloud.laz","2018_MLBS_3_537000_4142000_image.tif","Tree",1,537000,537999.999,4142000,4142999.999
"9441",9441,537141.52,537142.46,4142529.555,4142530.244,"Silva","NEON_D07_MLBS_DP1_537000_4142000_classified_point_cloud.laz","2018_MLBS_3_537000_4142000_image.tif","Tree",1,537000,537999.999,4142000,4142999.999
"9442",9442,537165.519,537174.4,4142928.021,4142937.213,"Silva","NEON_D07_MLBS_DP1_537000_4142000_classified_point_cloud.laz","2018_MLBS_3_537000_4142000_image.tif","Tree",1,537000,537999.999,4142000,4142999.999
"9443",9443,537141.534,537149.982,4142865.022,4142874.873,"Silva","NEON_D07_MLBS_DP1_537000_4142000_classified_point_cloud.laz","2018_MLBS_3_537000_4142000_image.tif","Tree",1,537000,537999.999,4142000,4142999.999
"9444",9444,537244.074,537246.89,4142931.55,4142934.441,"Silva","NEON_D07_MLBS_DP1_537000_4142000_classified_point_cloud.laz","2018_MLBS_3_537000_4142000_image.tif","Tree",1,537000,537999.999,4142000,4142999.999
"9445",9445,537283.036,537293.499,4142905.009,4142913.469,"Silva","NEON_D07_MLBS_DP1_537000_4142000_classified_point_cloud.laz","2018_MLBS_3_537000_4142000_image.tif","Tree",1,537000,537999.999,4142000,4142999.999
"9446",9446,537344.565,537354.497,4142867.006,4142875.999,"Silva","NEON_D07_MLBS_DP1_537000_4142000_classified_point_cloud.laz","2018_MLBS_3_537000_4142000_image.tif","Tree",1,537000,537999.999,4142000,4142999.999
"9447",9447,537235.036,537241.492,4142955.091,4142962,"Silva","NEON_D07_MLBS_DP1_537000_4142000_classified_point_cloud.laz","2018_MLBS_3_537000_4142000_image.tif","Tree",1,537000,537999.999,4142000,4142999.999
"9448",9448,537271.678,537272.461,4142857.271,4142857.942,"Silva","NEON_D07_MLBS_DP1_537000_4142000_classified_point_cloud.laz","2018_MLBS_3_537000_4142000_image.tif","Tree",1,537000,537999.999,4142000,4142999.999
"9449",9449,537466.011,537477.481,4142654.01,4142662.945,"Silva","NEON_D07_MLBS_DP1_537000_4142000_classified_point_cloud.laz","2018_MLBS_3_537000_4142000_image.tif","Tree",1,537000,537999.999,4142000,4142999.999
"9450",9450,537463.558,537463.955,4142606.387,4142607.38,"Silva","NEON_D07_MLBS_DP1_537000_4142000_classified_point_cloud.laz","2018_MLBS_3_537000_4142000_image.tif","Tree",1,537000,537999.999,4142000,4142999.999
"9451",9451,537478.585,537478.954,4142573.509,4142573.892,"Silva","NEON_D07_MLBS_DP1_537000_4142000_classified_point_cloud.laz","2018_MLBS_3_537000_4142000_image.tif","Tree",1,537000,537999.999,4142000,4142999.999
"9452",9452,537375.028,537385.971,4142780.507,4142790.999,"Silva","NEON_D07_MLBS_DP1_537000_4142000_classified_point_cloud.laz","2018_MLBS_3_537000_4142000_image.tif","Tree",1,537000,537999.999,4142000,4142999.999
"9453",9453,537398.043,537398.869,4142757.522,4142758.914,"Silva","NEON_D07_MLBS_DP1_537000_4142000_classified_point_cloud.laz","2018_MLBS_3_537000_4142000_image.tif","Tree",1,537000,537999.999,4142000,4142999.999
"9454",9454,537472.625,537473.983,4142717.045,4142717.972,"Silva","NEON_D07_MLBS_DP1_537000_4142000_classified_point_cloud.laz","2018_MLBS_3_537000_4142000_image.tif","Tree",1,537000,537999.999,4142000,4142999.999
"9455",9455,537376.029,537384.996,4142887.519,4142898.488,"Silva","NEON_D07_MLBS_DP1_537000_4142000_classified_point_cloud.laz","2018_MLBS_3_537000_4142000_image.tif","Tree",1,537000,537999.999,4142000,4142999.999
"9456",9456,537448.103,537448.961,4142880.562,4142880.999,"Silva","NEON_D07_MLBS_DP1_537000_4142000_classified_point_cloud.laz","2018_MLBS_3_537000_4142000_image.tif","Tree",1,537000,537999.999,4142000,4142999.999
"9457",9457,537422.086,537423.487,4142886.073,4142887.472,"Silva","NEON_D07_MLBS_DP1_537000_4142000_classified_point_cloud.laz","2018_MLBS_3_537000_4142000_image.tif","Tree",1,537000,537999.999,4142000,4142999.999
"9458",9458,537438.138,537439.294,4142857.561,4142858.476,"Silva","NEON_D07_MLBS_DP1_537000_4142000_classified_point_cloud.laz","2018_MLBS_3_537000_4142000_image.tif","Tree",1,537000,537999.999,4142000,4142999.999
"9459",9459,537465.62,537465.872,4142786.664,4142786.814,"Silva","NEON_D07_MLBS_DP1_537000_4142000_classified_point_cloud.laz","2018_MLBS_3_537000_4142000_image.tif","Tree",1,537000,537999.999,4142000,4142999.999
"9460",9460,537434.749,537434.949,4142776.951,4142776.984,"Silva","NEON_D07_MLBS_DP1_537000_4142000_classified_point_cloud.laz","2018_MLBS_3_537000_4142000_image.tif","Tree",1,537000,537999.999,4142000,4142999.999
"9461",9461,537493.504,537494.495,4142512.51,4142513.9,"Silva","NEON_D07_MLBS_DP1_537000_4142000_classified_point_cloud.laz","2018_MLBS_3_537000_4142000_image.tif","Tree",1,537000,537999.999,4142000,4142999.999
"9462",9462,537480.017,537486.978,4142596.506,4142601.456,"Silva","NEON_D07_MLBS_DP1_537000_4142000_classified_point_cloud.laz","2018_MLBS_3_537000_4142000_image.tif","Tree",1,537000,537999.999,4142000,4142999.999
"9463",9463,537544.501,537558.99,4142014.039,4142022.999,"Silva","NEON_D07_MLBS_DP1_537000_4142000_classified_point_cloud.laz","2018_MLBS_3_537000_4142000_image.tif","Tree",1,537000,537999.999,4142000,4142999.999
"9464",9464,537530.585,537544.471,4142012.558,4142024.473,"Silva","NEON_D07_MLBS_DP1_537000_4142000_classified_point_cloud.laz","2018_MLBS_3_537000_4142000_image.tif","Tree",1,537000,537999.999,4142000,4142999.999
"9465",9465,537499.043,537508.955,4142015.518,4142024.962,"Silva","NEON_D07_MLBS_DP1_537000_4142000_classified_point_cloud.laz","2018_MLBS_3_537000_4142000_image.tif","Tree",1,537000,537999.999,4142000,4142999.999
"9466",9466,537545.54,537556.944,4142006.031,4142015.907,"Silva","NEON_D07_MLBS_DP1_537000_4142000_classified_point_cloud.laz","2018_MLBS_3_537000_4142000_image.tif","Tree",1,537000,537999.999,4142000,4142999.999
"9467",9467,537496.595,537506.489,4142010.032,4142019.956,"Silva","NEON_D07_MLBS_DP1_537000_4142000_classified_point_cloud.laz","2018_MLBS_3_537000_4142000_image.tif","Tree",1,537000,537999.999,4142000,4142999.999
"9468",9468,537536.5,537546.994,4142005.501,4142016.995,"Silva","NEON_D07_MLBS_DP1_537000_4142000_classified_point_cloud.laz","2018_MLBS_3_537000_4142000_image.tif","Tree",1,537000,537999.999,4142000,4142999.999
"9469",9469,537525.507,537536.493,4142004.838,4142016.476,"Silva","NEON_D07_MLBS_DP1_537000_4142000_classified_point_cloud.laz","2018_MLBS_3_537000_4142000_image.tif","Tree",1,537000,537999.999,4142000,4142999.999
"9470",9470,537505.034,537514.962,4142007.133,4142016.368,"Silva","NEON_D07_MLBS_DP1_537000_4142000_classified_point_cloud.laz","2018_MLBS_3_537000_4142000_image.tif","Tree",1,537000,537999.999,4142000,4142999.999
"9471",9471,537510.532,537515.992,4142000.018,4142007.478,"Silva","NEON_D07_MLBS_DP1_537000_4142000_classified_point_cloud.laz","2018_MLBS_3_537000_4142000_image.tif","Tree",1,537000,537999.999,4142000,4142999.999
"9472",9472,537535.512,537541.814,4142000.051,4142006.944,"Silva","NEON_D07_MLBS_DP1_537000_4142000_classified_point_cloud.laz","2018_MLBS_3_537000_4142000_image.tif","Tree",1,537000,537999.999,4142000,4142999.999
"9473",9473,537603.772,537609.44,4142018.041,4142023.907,"Silva","NEON_D07_MLBS_DP1_537000_4142000_classified_point_cloud.laz","2018_MLBS_3_537000_4142000_image.tif","Tree",1,537000,537999.999,4142000,4142999.999
"9474",9474,537607.022,537615.968,4142013.007,4142020.974,"Silva","NEON_D07_MLBS_DP1_537000_4142000_classified_point_cloud.laz","2018_MLBS_3_537000_4142000_image.tif","Tree",1,537000,537999.999,4142000,4142999.999
"9475",9475,537602.554,537609.908,4142013.007,4142016.997,"Silva","NEON_D07_MLBS_DP1_537000_4142000_classified_point_cloud.laz","2018_MLBS_3_537000_4142000_image.tif","Tree",1,537000,537999.999,4142000,4142999.999
"9476",9476,537604.005,537612.903,4142007.511,4142013.998,"Silva","NEON_D07_MLBS_DP1_537000_4142000_classified_point_cloud.laz","2018_MLBS_3_537000_4142000_image.tif","Tree",1,537000,537999.999,4142000,4142999.999
"9477",9477,537593.753,537598.481,4142006.009,4142015,"Silva","NEON_D07_MLBS_DP1_537000_4142000_classified_point_cloud.laz","2018_MLBS_3_537000_4142000_image.tif","Tree",1,537000,537999.999,4142000,4142999.999
"9478",9478,537555.107,537563.99,4142002.578,4142014.993,"Silva","NEON_D07_MLBS_DP1_537000_4142000_classified_point_cloud.laz","2018_MLBS_3_537000_4142000_image.tif","Tree",1,537000,537999.999,4142000,4142999.999
"9479",9479,537609.049,537615.99,4142000.646,4142007.998,"Silva","NEON_D07_MLBS_DP1_537000_4142000_classified_point_cloud.laz","2018_MLBS_3_537000_4142000_image.tif","Tree",1,537000,537999.999,4142000,4142999.999
"9480",9480,537565.038,537573.498,4142002.505,4142009.433,"Silva","NEON_D07_MLBS_DP1_537000_4142000_classified_point_cloud.laz","2018_MLBS_3_537000_4142000_image.tif","Tree",1,537000,537999.999,4142000,4142999.999
"9481",9481,537607.501,537616.431,4142000.004,4142002.99,"Silva","NEON_D07_MLBS_DP1_537000_4142000_classified_point_cloud.laz","2018_MLBS_3_537000_4142000_image.tif","Tree",1,537000,537999.999,4142000,4142999.999
"9482",9482,537578.87,537583.996,4142000.005,4142004.459,"Silva","NEON_D07_MLBS_DP1_537000_4142000_classified_point_cloud.laz","2018_MLBS_3_537000_4142000_image.tif","Tree",1,537000,537999.999,4142000,4142999.999
"9483",9483,537555.507,537565.498,4142000.002,4142004.952,"Silva","NEON_D07_MLBS_DP1_537000_4142000_classified_point_cloud.laz","2018_MLBS_3_537000_4142000_image.tif","Tree",1,537000,537999.999,4142000,4142999.999
"9484",9484,537514.221,537522.44,4142019.036,4142026.79,"Silva","NEON_D07_MLBS_DP1_537000_4142000_classified_point_cloud.laz","2018_MLBS_3_537000_4142000_image.tif","Tree",1,537000,537999.999,4142000,4142999.999
"9485",9485,537497.021,537505.936,4142025.047,4142034.968,"Silva","NEON_D07_MLBS_DP1_537000_4142000_classified_point_cloud.laz","2018_MLBS_3_537000_4142000_image.tif","Tree",1,537000,537999.999,4142000,4142999.999
"9486",9486,537496.528,537505.44,4142034.599,4142041.495,"Silva","NEON_D07_MLBS_DP1_537000_4142000_classified_point_cloud.laz","2018_MLBS_3_537000_4142000_image.tif","Tree",1,537000,537999.999,4142000,4142999.999
"9487",9487,537530.506,537537.465,4142034.001,4142041.973,"Silva","NEON_D07_MLBS_DP1_537000_4142000_classified_point_cloud.laz","2018_MLBS_3_537000_4142000_image.tif","Tree",1,537000,537999.999,4142000,4142999.999
"9488",9488,537537.506,537544.984,4142033.011,4142043.983,"Silva","NEON_D07_MLBS_DP1_537000_4142000_classified_point_cloud.laz","2018_MLBS_3_537000_4142000_image.tif","Tree",1,537000,537999.999,4142000,4142999.999
"9489",9489,537507.519,537517.484,4142037.58,4142047.5,"Silva","NEON_D07_MLBS_DP1_537000_4142000_classified_point_cloud.laz","2018_MLBS_3_537000_4142000_image.tif","Tree",1,537000,537999.999,4142000,4142999.999
"9490",9490,537544.074,537550.991,4142034.562,4142041.973,"Silva","NEON_D07_MLBS_DP1_537000_4142000_classified_point_cloud.laz","2018_MLBS_3_537000_4142000_image.tif","Tree",1,537000,537999.999,4142000,4142999.999
"9491",9491,537540.035,537549.474,4142042.026,4142050.974,"Silva","NEON_D07_MLBS_DP1_537000_4142000_classified_point_cloud.laz","2018_MLBS_3_537000_4142000_image.tif","Tree",1,537000,537999.999,4142000,4142999.999
"9492",9492,537507.505,537517.471,4142045.55,4142053.439,"Silva","NEON_D07_MLBS_DP1_537000_4142000_classified_point_cloud.laz","2018_MLBS_3_537000_4142000_image.tif","Tree",1,537000,537999.999,4142000,4142999.999
"9493",9493,537522.043,537529.985,4142046.001,4142054.481,"Silva","NEON_D07_MLBS_DP1_537000_4142000_classified_point_cloud.laz","2018_MLBS_3_537000_4142000_image.tif","Tree",1,537000,537999.999,4142000,4142999.999
"9494",9494,537506.005,537512.992,4142049.606,4142057.792,"Silva","NEON_D07_MLBS_DP1_537000_4142000_classified_point_cloud.laz","2018_MLBS_3_537000_4142000_image.tif","Tree",1,537000,537999.999,4142000,4142999.999
"9495",9495,537505.506,537513.475,4142055.754,4142061.972,"Silva","NEON_D07_MLBS_DP1_537000_4142000_classified_point_cloud.laz","2018_MLBS_3_537000_4142000_image.tif","Tree",1,537000,537999.999,4142000,4142999.999
"9496",9496,537527.526,537534.494,4142052.139,4142063.959,"Silva","NEON_D07_MLBS_DP1_537000_4142000_classified_point_cloud.laz","2018_MLBS_3_537000_4142000_image.tif","Tree",1,537000,537999.999,4142000,4142999.999
"9497",9497,537508.525,537517.383,4142057.518,4142064.291,"Silva","NEON_D07_MLBS_DP1_537000_4142000_classified_point_cloud.laz","2018_MLBS_3_537000_4142000_image.tif","Tree",1,537000,537999.999,4142000,4142999.999
"9498",9498,537546.57,537558.992,4142052.53,4142065.819,"Silva","NEON_D07_MLBS_DP1_537000_4142000_classified_point_cloud.laz","2018_MLBS_3_537000_4142000_image.tif","Tree",1,537000,537999.999,4142000,4142999.999
"9499",9499,537536.503,537547.954,4142053.028,4142065.477,"Silva","NEON_D07_MLBS_DP1_537000_4142000_classified_point_cloud.laz","2018_MLBS_3_537000_4142000_image.tif","Tree",1,537000,537999.999,4142000,4142999.999
"9500",9500,537511.053,537519.977,4142060.503,4142069.462,"Silva","NEON_D07_MLBS_DP1_537000_4142000_classified_point_cloud.laz","2018_MLBS_3_537000_4142000_image.tif","Tree",1,537000,537999.999,4142000,4142999.999
"9501",9501,537496.01,537504.478,4142068.006,4142075.489,"Silva","NEON_D07_MLBS_DP1_537000_4142000_classified_point_cloud.laz","2018_MLBS_3_537000_4142000_image.tif","Tree",1,537000,537999.999,4142000,4142999.999
"9502",9502,537517.517,537523.459,4142083.221,4142091.22,"Silva","NEON_D07_MLBS_DP1_537000_4142000_classified_point_cloud.laz","2018_MLBS_3_537000_4142000_image.tif","Tree",1,537000,537999.999,4142000,4142999.999
"9503",9503,537523.001,537528.241,4142082.609,4142089.379,"Silva","NEON_D07_MLBS_DP1_537000_4142000_classified_point_cloud.laz","2018_MLBS_3_537000_4142000_image.tif","Tree",1,537000,537999.999,4142000,4142999.999
"9504",9504,537538.552,537547.345,4142078.524,4142087.489,"Silva","NEON_D07_MLBS_DP1_537000_4142000_classified_point_cloud.laz","2018_MLBS_3_537000_4142000_image.tif","Tree",1,537000,537999.999,4142000,4142999.999
"9505",9505,537535.532,537544.499,4142070.503,4142078.485,"Silva","NEON_D07_MLBS_DP1_537000_4142000_classified_point_cloud.laz","2018_MLBS_3_537000_4142000_image.tif","Tree",1,537000,537999.999,4142000,4142999.999
"9506",9506,537506.012,537515.426,4142075.513,4142084.492,"Silva","NEON_D07_MLBS_DP1_537000_4142000_classified_point_cloud.laz","2018_MLBS_3_537000_4142000_image.tif","Tree",1,537000,537999.999,4142000,4142999.999
"9507",9507,537526.51,537535.467,4142072.003,4142080.977,"Silva","NEON_D07_MLBS_DP1_537000_4142000_classified_point_cloud.laz","2018_MLBS_3_537000_4142000_image.tif","Tree",1,537000,537999.999,4142000,4142999.999
"9508",9508,537587.503,537596.487,4142020.001,4142032.3,"Silva","NEON_D07_MLBS_DP1_537000_4142000_classified_point_cloud.laz","2018_MLBS_3_537000_4142000_image.tif","Tree",1,537000,537999.999,4142000,4142999.999
"9509",9509,537599.5,537608.99,4142022.512,4142031.388,"Silva","NEON_D07_MLBS_DP1_537000_4142000_classified_point_cloud.laz","2018_MLBS_3_537000_4142000_image.tif","Tree",1,537000,537999.999,4142000,4142999.999
"9510",9510,537606.547,537618.922,4142026.51,4142034.978,"Silva","NEON_D07_MLBS_DP1_537000_4142000_classified_point_cloud.laz","2018_MLBS_3_537000_4142000_image.tif","Tree",1,537000,537999.999,4142000,4142999.999
"9511",9511,537574.506,537584.278,4142030.09,4142040.995,"Silva","NEON_D07_MLBS_DP1_537000_4142000_classified_point_cloud.laz","2018_MLBS_3_537000_4142000_image.tif","Tree",1,537000,537999.999,4142000,4142999.999
"9512",9512,537588.07,537598.45,4142031.025,4142037.496,"Silva","NEON_D07_MLBS_DP1_537000_4142000_classified_point_cloud.laz","2018_MLBS_3_537000_4142000_image.tif","Tree",1,537000,537999.999,4142000,4142999.999
"9513",9513,537598.607,537607.476,4142031.659,4142038.958,"Silva","NEON_D07_MLBS_DP1_537000_4142000_classified_point_cloud.laz","2018_MLBS_3_537000_4142000_image.tif","Tree",1,537000,537999.999,4142000,4142999.999
"9514",9514,537563.246,537573.957,4142036.042,4142042.46,"Silva","NEON_D07_MLBS_DP1_537000_4142000_classified_point_cloud.laz","2018_MLBS_3_537000_4142000_image.tif","Tree",1,537000,537999.999,4142000,4142999.999
"9515",9515,537614.505,537623.466,4142028.506,4142039.979,"Silva","NEON_D07_MLBS_DP1_537000_4142000_classified_point_cloud.laz","2018_MLBS_3_537000_4142000_image.tif","Tree",1,537000,537999.999,4142000,4142999.999
"9516",9516,537557.008,537564.905,4142037.05,4142048.485,"Silva","NEON_D07_MLBS_DP1_537000_4142000_classified_point_cloud.laz","2018_MLBS_3_537000_4142000_image.tif","Tree",1,537000,537999.999,4142000,4142999.999
"9517",9517,537606.7,537616.941,4142034.524,4142044.464,"Silva","NEON_D07_MLBS_DP1_537000_4142000_classified_point_cloud.laz","2018_MLBS_3_537000_4142000_image.tif","Tree",1,537000,537999.999,4142000,4142999.999
"9518",9518,537567.06,537576.987,4142040.555,4142050.987,"Silva","NEON_D07_MLBS_DP1_537000_4142000_classified_point_cloud.laz","2018_MLBS_3_537000_4142000_image.tif","Tree",1,537000,537999.999,4142000,4142999.999
"9519",9519,537600.173,537608.44,4142038.524,4142048.453,"Silva","NEON_D07_MLBS_DP1_537000_4142000_classified_point_cloud.laz","2018_MLBS_3_537000_4142000_image.tif","Tree",1,537000,537999.999,4142000,4142999.999
"9520",9520,537613.009,537619.435,4142039.526,4142050.431,"Silva","NEON_D07_MLBS_DP1_537000_4142000_classified_point_cloud.laz","2018_MLBS_3_537000_4142000_image.tif","Tree",1,537000,537999.999,4142000,4142999.999
"9521",9521,537591.116,537599.95,4142043.014,4142050.749,"Silva","NEON_D07_MLBS_DP1_537000_4142000_classified_point_cloud.laz","2018_MLBS_3_537000_4142000_image.tif","Tree",1,537000,537999.999,4142000,4142999.999
"9522",9522,537565.079,537575.967,4142050.507,4142063.37,"Silva","NEON_D07_MLBS_DP1_537000_4142000_classified_point_cloud.laz","2018_MLBS_3_537000_4142000_image.tif","Tree",1,537000,537999.999,4142000,4142999.999
"9523",9523,537593.639,537604.447,4142054.032,4142065.419,"Silva","NEON_D07_MLBS_DP1_537000_4142000_classified_point_cloud.laz","2018_MLBS_3_537000_4142000_image.tif","Tree",1,537000,537999.999,4142000,4142999.999
"9524",9524,537555.016,537568.402,4142058.502,4142072.332,"Silva","NEON_D07_MLBS_DP1_537000_4142000_classified_point_cloud.laz","2018_MLBS_3_537000_4142000_image.tif","Tree",1,537000,537999.999,4142000,4142999.999
"9525",9525,537609.017,537615.496,4142055.501,4142063.479,"Silva","NEON_D07_MLBS_DP1_537000_4142000_classified_point_cloud.laz","2018_MLBS_3_537000_4142000_image.tif","Tree",1,537000,537999.999,4142000,4142999.999
"9526",9526,537613.505,537625.497,4142077.004,4142088.994,"Silva","NEON_D07_MLBS_DP1_537000_4142000_classified_point_cloud.laz","2018_MLBS_3_537000_4142000_image.tif","Tree",1,537000,537999.999,4142000,4142999.999
"9527",9527,537571.511,537579.488,4142079.507,4142088.999,"Silva","NEON_D07_MLBS_DP1_537000_4142000_classified_point_cloud.laz","2018_MLBS_3_537000_4142000_image.tif","Tree",1,537000,537999.999,4142000,4142999.999
"9528",9528,537561.754,537576.478,4142069.209,4142079.937,"Silva","NEON_D07_MLBS_DP1_537000_4142000_classified_point_cloud.laz","2018_MLBS_3_537000_4142000_image.tif","Tree",1,537000,537999.999,4142000,4142999.999
"9529",9529,537498.247,537507.999,4142106.501,4142111.995,"Silva","NEON_D07_MLBS_DP1_537000_4142000_classified_point_cloud.laz","2018_MLBS_3_537000_4142000_image.tif","Tree",1,537000,537999.999,4142000,4142999.999
"9530",9530,537497.036,537506.387,4142117.004,4142123.967,"Silva","NEON_D07_MLBS_DP1_537000_4142000_classified_point_cloud.laz","2018_MLBS_3_537000_4142000_image.tif","Tree",1,537000,537999.999,4142000,4142999.999
"9531",9531,537538.026,537545.498,4142111.006,4142118.917,"Silva","NEON_D07_MLBS_DP1_537000_4142000_classified_point_cloud.laz","2018_MLBS_3_537000_4142000_image.tif","Tree",1,537000,537999.999,4142000,4142999.999
"9532",9532,537506.523,537511.488,4142118.63,4142129.905,"Silva","NEON_D07_MLBS_DP1_537000_4142000_classified_point_cloud.laz","2018_MLBS_3_537000_4142000_image.tif","Tree",1,537000,537999.999,4142000,4142999.999
"9533",9533,537536.284,537547.486,4142124.521,4142139.426,"Silva","NEON_D07_MLBS_DP1_537000_4142000_classified_point_cloud.laz","2018_MLBS_3_537000_4142000_image.tif","Tree",1,537000,537999.999,4142000,4142999.999
"9534",9534,537498.554,537505.399,4142140.06,4142148.281,"Silva","NEON_D07_MLBS_DP1_537000_4142000_classified_point_cloud.laz","2018_MLBS_3_537000_4142000_image.tif","Tree",1,537000,537999.999,4142000,4142999.999
"9535",9535,537521.004,537538.373,4142141.508,4142153.978,"Silva","NEON_D07_MLBS_DP1_537000_4142000_classified_point_cloud.laz","2018_MLBS_3_537000_4142000_image.tif","Tree",1,537000,537999.999,4142000,4142999.999
"9536",9536,537513.235,537524.29,4142148.019,4142155.472,"Silva","NEON_D07_MLBS_DP1_537000_4142000_classified_point_cloud.laz","2018_MLBS_3_537000_4142000_image.tif","Tree",1,537000,537999.999,4142000,4142999.999
"9537",9537,537497.615,537505.988,4142100.005,4142106.5,"Silva","NEON_D07_MLBS_DP1_537000_4142000_classified_point_cloud.laz","2018_MLBS_3_537000_4142000_image.tif","Tree",1,537000,537999.999,4142000,4142999.999
"9538",9538,537544.037,537550.994,4142089.154,4142101.958,"Silva","NEON_D07_MLBS_DP1_537000_4142000_classified_point_cloud.laz","2018_MLBS_3_537000_4142000_image.tif","Tree",1,537000,537999.999,4142000,4142999.999
"9539",9539,537510.613,537521.495,4142095.508,4142102.97,"Silva","NEON_D07_MLBS_DP1_537000_4142000_classified_point_cloud.laz","2018_MLBS_3_537000_4142000_image.tif","Tree",1,537000,537999.999,4142000,4142999.999
"9540",9540,537522.013,537531.842,4142090.004,4142095.769,"Silva","NEON_D07_MLBS_DP1_537000_4142000_classified_point_cloud.laz","2018_MLBS_3_537000_4142000_image.tif","Tree",1,537000,537999.999,4142000,4142999.999
"9541",9541,537533.703,537545.482,4142085.001,4142092.963,"Silva","NEON_D07_MLBS_DP1_537000_4142000_classified_point_cloud.laz","2018_MLBS_3_537000_4142000_image.tif","Tree",1,537000,537999.999,4142000,4142999.999
"9542",9542,537592.538,537598.986,4142094.501,4142103.41,"Silva","NEON_D07_MLBS_DP1_537000_4142000_classified_point_cloud.laz","2018_MLBS_3_537000_4142000_image.tif","Tree",1,537000,537999.999,4142000,4142999.999
"9543",9543,537602.5,537611.297,4142091.03,4142102.492,"Silva","NEON_D07_MLBS_DP1_537000_4142000_classified_point_cloud.laz","2018_MLBS_3_537000_4142000_image.tif","Tree",1,537000,537999.999,4142000,4142999.999
"9544",9544,537559.559,537570.964,4142100.017,4142110.485,"Silva","NEON_D07_MLBS_DP1_537000_4142000_classified_point_cloud.laz","2018_MLBS_3_537000_4142000_image.tif","Tree",1,537000,537999.999,4142000,4142999.999
"9545",9545,537601.685,537612.366,4142102.506,4142112.5,"Silva","NEON_D07_MLBS_DP1_537000_4142000_classified_point_cloud.laz","2018_MLBS_3_537000_4142000_image.tif","Tree",1,537000,537999.999,4142000,4142999.999
"9546",9546,537595.054,537604.494,4142103.262,4142111.473,"Silva","NEON_D07_MLBS_DP1_537000_4142000_classified_point_cloud.laz","2018_MLBS_3_537000_4142000_image.tif","Tree",1,537000,537999.999,4142000,4142999.999
"9547",9547,537585.607,537599.978,4142106.56,4142115.979,"Silva","NEON_D07_MLBS_DP1_537000_4142000_classified_point_cloud.laz","2018_MLBS_3_537000_4142000_image.tif","Tree",1,537000,537999.999,4142000,4142999.999
"9548",9548,537597.54,537606.454,4142111.006,4142119.479,"Silva","NEON_D07_MLBS_DP1_537000_4142000_classified_point_cloud.laz","2018_MLBS_3_537000_4142000_image.tif","Tree",1,537000,537999.999,4142000,4142999.999
"9549",9549,537600.005,537613.487,4142112.507,4142127.973,"Silva","NEON_D07_MLBS_DP1_537000_4142000_classified_point_cloud.laz","2018_MLBS_3_537000_4142000_image.tif","Tree",1,537000,537999.999,4142000,4142999.999
"9550",9550,537582.5,537595.884,4142112.003,4142131,"Silva","NEON_D07_MLBS_DP1_537000_4142000_classified_point_cloud.laz","2018_MLBS_3_537000_4142000_image.tif","Tree",1,537000,537999.999,4142000,4142999.999
"9551",9551,537612.022,537625.991,4142113.501,4142129.817,"Silva","NEON_D07_MLBS_DP1_537000_4142000_classified_point_cloud.laz","2018_MLBS_3_537000_4142000_image.tif","Tree",1,537000,537999.999,4142000,4142999.999
"9552",9552,537572.003,537576.942,4142127.009,4142132.476,"Silva","NEON_D07_MLBS_DP1_537000_4142000_classified_point_cloud.laz","2018_MLBS_3_537000_4142000_image.tif","Tree",1,537000,537999.999,4142000,4142999.999
"9553",9553,537596.508,537603.985,4142145.602,4142152.493,"Silva","NEON_D07_MLBS_DP1_537000_4142000_classified_point_cloud.laz","2018_MLBS_3_537000_4142000_image.tif","Tree",1,537000,537999.999,4142000,4142999.999
"9554",9554,537557.169,537566.891,4142093.162,4142100.995,"Silva","NEON_D07_MLBS_DP1_537000_4142000_classified_point_cloud.laz","2018_MLBS_3_537000_4142000_image.tif","Tree",1,537000,537999.999,4142000,4142999.999
"9555",9555,537652.066,537659.464,4142015.591,4142023.499,"Silva","NEON_D07_MLBS_DP1_537000_4142000_classified_point_cloud.laz","2018_MLBS_3_537000_4142000_image.tif","Tree",1,537000,537999.999,4142000,4142999.999
"9556",9556,537675.539,537686.855,4142011.527,4142019.978,"Silva","NEON_D07_MLBS_DP1_537000_4142000_classified_point_cloud.laz","2018_MLBS_3_537000_4142000_image.tif","Tree",1,537000,537999.999,4142000,4142999.999
"9557",9557,537630.017,537635.893,4142012.009,4142018.977,"Silva","NEON_D07_MLBS_DP1_537000_4142000_classified_point_cloud.laz","2018_MLBS_3_537000_4142000_image.tif","Tree",1,537000,537999.999,4142000,4142999.999
"9558",9558,537624.01,537629.989,4142011.61,4142018.762,"Silva","NEON_D07_MLBS_DP1_537000_4142000_classified_point_cloud.laz","2018_MLBS_3_537000_4142000_image.tif","Tree",1,537000,537999.999,4142000,4142999.999
"9559",9559,537676.501,537684.993,4142001.11,4142013.497,"Silva","NEON_D07_MLBS_DP1_537000_4142000_classified_point_cloud.laz","2018_MLBS_3_537000_4142000_image.tif","Tree",1,537000,537999.999,4142000,4142999.999
"9560",9560,537662.5,537672.485,4142000.127,4142010.979,"Silva","NEON_D07_MLBS_DP1_537000_4142000_classified_point_cloud.laz","2018_MLBS_3_537000_4142000_image.tif","Tree",1,537000,537999.999,4142000,4142999.999
"9561",9561,537645.669,537651.477,4142000.078,4142008.977,"Silva","NEON_D07_MLBS_DP1_537000_4142000_classified_point_cloud.laz","2018_MLBS_3_537000_4142000_image.tif","Tree",1,537000,537999.999,4142000,4142999.999
"9562",9562,537624.518,537633.914,4142003.503,4142008.692,"Silva","NEON_D07_MLBS_DP1_537000_4142000_classified_point_cloud.laz","2018_MLBS_3_537000_4142000_image.tif","Tree",1,537000,537999.999,4142000,4142999.999
"9563",9563,537649.628,537657.486,4142000,4142007,"Silva","NEON_D07_MLBS_DP1_537000_4142000_classified_point_cloud.laz","2018_MLBS_3_537000_4142000_image.tif","Tree",1,537000,537999.999,4142000,4142999.999
"9564",9564,537674.508,537684.866,4142000.001,4142003.496,"Silva","NEON_D07_MLBS_DP1_537000_4142000_classified_point_cloud.laz","2018_MLBS_3_537000_4142000_image.tif","Tree",1,537000,537999.999,4142000,4142999.999
"9565",9565,537668.094,537674.488,4142000,4142004.981,"Silva","NEON_D07_MLBS_DP1_537000_4142000_classified_point_cloud.laz","2018_MLBS_3_537000_4142000_image.tif","Tree",1,537000,537999.999,4142000,4142999.999
"9566",9566,537633.511,537641.484,4142000.032,4142006.311,"Silva","NEON_D07_MLBS_DP1_537000_4142000_classified_point_cloud.laz","2018_MLBS_3_537000_4142000_image.tif","Tree",1,537000,537999.999,4142000,4142999.999
"9567",9567,537656.547,537666.48,4142000.019,4142005.826,"Silva","NEON_D07_MLBS_DP1_537000_4142000_classified_point_cloud.laz","2018_MLBS_3_537000_4142000_image.tif","Tree",1,537000,537999.999,4142000,4142999.999
"9568",9568,537735.513,537745.985,4142016.001,4142026.477,"Silva","NEON_D07_MLBS_DP1_537000_4142000_classified_point_cloud.laz","2018_MLBS_3_537000_4142000_image.tif","Tree",1,537000,537999.999,4142000,4142999.999
"9569",9569,537724.001,537735.488,4142016.509,4142024.32,"Silva","NEON_D07_MLBS_DP1_537000_4142000_classified_point_cloud.laz","2018_MLBS_3_537000_4142000_image.tif","Tree",1,537000,537999.999,4142000,4142999.999
"9570",9570,537742.541,537751.457,4142013.508,4142024.956,"Silva","NEON_D07_MLBS_DP1_537000_4142000_classified_point_cloud.laz","2018_MLBS_3_537000_4142000_image.tif","Tree",1,537000,537999.999,4142000,4142999.999
"9571",9571,537698.01,537702.499,4142019.533,4142025.963,"Silva","NEON_D07_MLBS_DP1_537000_4142000_classified_point_cloud.laz","2018_MLBS_3_537000_4142000_image.tif","Tree",1,537000,537999.999,4142000,4142999.999
"9572",9572,537739.06,537747.495,4142006.153,4142016.933,"Silva","NEON_D07_MLBS_DP1_537000_4142000_classified_point_cloud.laz","2018_MLBS_3_537000_4142000_image.tif","Tree",1,537000,537999.999,4142000,4142999.999
"9573",9573,537727.521,537735.766,4142011.024,4142018.999,"Silva","NEON_D07_MLBS_DP1_537000_4142000_classified_point_cloud.laz","2018_MLBS_3_537000_4142000_image.tif","Tree",1,537000,537999.999,4142000,4142999.999
"9574",9574,537696.234,537706.483,4142012.51,4142019.424,"Silva","NEON_D07_MLBS_DP1_537000_4142000_classified_point_cloud.laz","2018_MLBS_3_537000_4142000_image.tif","Tree",1,537000,537999.999,4142000,4142999.999
"9575",9575,537716.132,537726.393,4142006.589,4142014.96,"Silva","NEON_D07_MLBS_DP1_537000_4142000_classified_point_cloud.laz","2018_MLBS_3_537000_4142000_image.tif","Tree",1,537000,537999.999,4142000,4142999.999
"9576",9576,537693.007,537701.392,4142008.001,4142016.419,"Silva","NEON_D07_MLBS_DP1_537000_4142000_classified_point_cloud.laz","2018_MLBS_3_537000_4142000_image.tif","Tree",1,537000,537999.999,4142000,4142999.999
"9577",9577,537704.007,537712.891,4142000.044,4142012.411,"Silva","NEON_D07_MLBS_DP1_537000_4142000_classified_point_cloud.laz","2018_MLBS_3_537000_4142000_image.tif","Tree",1,537000,537999.999,4142000,4142999.999
"9578",9578,537730.041,537736.494,4142000.007,4142005.968,"Silva","NEON_D07_MLBS_DP1_537000_4142000_classified_point_cloud.laz","2018_MLBS_3_537000_4142000_image.tif","Tree",1,537000,537999.999,4142000,4142999.999
"9579",9579,537735.501,537746.99,4142000,4142006.404,"Silva","NEON_D07_MLBS_DP1_537000_4142000_classified_point_cloud.laz","2018_MLBS_3_537000_4142000_image.tif","Tree",1,537000,537999.999,4142000,4142999.999
"9580",9580,537724.507,537731.463,4142000.01,4142003.495,"Silva","NEON_D07_MLBS_DP1_537000_4142000_classified_point_cloud.laz","2018_MLBS_3_537000_4142000_image.tif","Tree",1,537000,537999.999,4142000,4142999.999
"9581",9581,537694.007,537710.461,4142000.001,4142005.994,"Silva","NEON_D07_MLBS_DP1_537000_4142000_classified_point_cloud.laz","2018_MLBS_3_537000_4142000_image.tif","Tree",1,537000,537999.999,4142000,4142999.999
"9582",9582,537776.006,537785.992,4142018.067,4142026.999,"Silva","NEON_D07_MLBS_DP1_537000_4142000_classified_point_cloud.laz","2018_MLBS_3_537000_4142000_image.tif","Tree",1,537000,537999.999,4142000,4142999.999
"9583",9583,537749.513,537762.893,4142016.123,4142025.992,"Silva","NEON_D07_MLBS_DP1_537000_4142000_classified_point_cloud.laz","2018_MLBS_3_537000_4142000_image.tif","Tree",1,537000,537999.999,4142000,4142999.999
"9584",9584,537804.501,537811.359,4142012.557,4142019.349,"Silva","NEON_D07_MLBS_DP1_537000_4142000_classified_point_cloud.laz","2018_MLBS_3_537000_4142000_image.tif","Tree",1,537000,537999.999,4142000,4142999.999
"9585",9585,537781,537787.48,4142010.004,4142018.486,"Silva","NEON_D07_MLBS_DP1_537000_4142000_classified_point_cloud.laz","2018_MLBS_3_537000_4142000_image.tif","Tree",1,537000,537999.999,4142000,4142999.999
"9586",9586,537796.522,537810.981,4142000.002,4142005.966,"Silva","NEON_D07_MLBS_DP1_537000_4142000_classified_point_cloud.laz","2018_MLBS_3_537000_4142000_image.tif","Tree",1,537000,537999.999,4142000,4142999.999
"9587",9587,537775.03,537780.496,4142000.056,4142008.991,"Silva","NEON_D07_MLBS_DP1_537000_4142000_classified_point_cloud.laz","2018_MLBS_3_537000_4142000_image.tif","Tree",1,537000,537999.999,4142000,4142999.999
"9588",9588,537787.634,537796.497,4142000.004,4142005.46,"Silva","NEON_D07_MLBS_DP1_537000_4142000_classified_point_cloud.laz","2018_MLBS_3_537000_4142000_image.tif","Tree",1,537000,537999.999,4142000,4142999.999
"9589",9589,537781.521,537789.863,4142000.003,4142004.503,"Silva","NEON_D07_MLBS_DP1_537000_4142000_classified_point_cloud.laz","2018_MLBS_3_537000_4142000_image.tif","Tree",1,537000,537999.999,4142000,4142999.999
"9590",9590,537747.012,537762.936,4142000.002,4142007.991,"Silva","NEON_D07_MLBS_DP1_537000_4142000_classified_point_cloud.laz","2018_MLBS_3_537000_4142000_image.tif","Tree",1,537000,537999.999,4142000,4142999.999
"9591",9591,537624.629,537636.951,4142022.104,4142031.913,"Silva","NEON_D07_MLBS_DP1_537000_4142000_classified_point_cloud.laz","2018_MLBS_3_537000_4142000_image.tif","Tree",1,537000,537999.999,4142000,4142999.999
"9592",9592,537655.9,537661.86,4142021.578,4142027.473,"Silva","NEON_D07_MLBS_DP1_537000_4142000_classified_point_cloud.laz","2018_MLBS_3_537000_4142000_image.tif","Tree",1,537000,537999.999,4142000,4142999.999
"9593",9593,537645.547,537652.998,4142020.102,4142028.888,"Silva","NEON_D07_MLBS_DP1_537000_4142000_classified_point_cloud.laz","2018_MLBS_3_537000_4142000_image.tif","Tree",1,537000,537999.999,4142000,4142999.999
"9594",9594,537652.021,537657.447,4142022.027,4142028.828,"Silva","NEON_D07_MLBS_DP1_537000_4142000_classified_point_cloud.laz","2018_MLBS_3_537000_4142000_image.tif","Tree",1,537000,537999.999,4142000,4142999.999
"9595",9595,537647.251,537655.998,4142027.035,4142032.936,"Silva","NEON_D07_MLBS_DP1_537000_4142000_classified_point_cloud.laz","2018_MLBS_3_537000_4142000_image.tif","Tree",1,537000,537999.999,4142000,4142999.999
"9596",9596,537623.507,537636.249,4142028.56,4142040.469,"Silva","NEON_D07_MLBS_DP1_537000_4142000_classified_point_cloud.laz","2018_MLBS_3_537000_4142000_image.tif","Tree",1,537000,537999.999,4142000,4142999.999
"9597",9597,537654.502,537662.979,4142037.005,4142048.348,"Silva","NEON_D07_MLBS_DP1_537000_4142000_classified_point_cloud.laz","2018_MLBS_3_537000_4142000_image.tif","Tree",1,537000,537999.999,4142000,4142999.999
"9598",9598,537672,537686.496,4142031.087,4142045.323,"Silva","NEON_D07_MLBS_DP1_537000_4142000_classified_point_cloud.laz","2018_MLBS_3_537000_4142000_image.tif","Tree",1,537000,537999.999,4142000,4142999.999
"9599",9599,537625.199,537633.964,4142045.01,4142049.995,"Silva","NEON_D07_MLBS_DP1_537000_4142000_classified_point_cloud.laz","2018_MLBS_3_537000_4142000_image.tif","Tree",1,537000,537999.999,4142000,4142999.999
"9600",9600,537639.503,537648.969,4142040.503,4142051.424,"Silva","NEON_D07_MLBS_DP1_537000_4142000_classified_point_cloud.laz","2018_MLBS_3_537000_4142000_image.tif","Tree",1,537000,537999.999,4142000,4142999.999
"9601",9601,537643.525,537650.497,4142048.004,4142055.433,"Silva","NEON_D07_MLBS_DP1_537000_4142000_classified_point_cloud.laz","2018_MLBS_3_537000_4142000_image.tif","Tree",1,537000,537999.999,4142000,4142999.999
"9602",9602,537650.025,537662.977,4142047.594,4142055.283,"Silva","NEON_D07_MLBS_DP1_537000_4142000_classified_point_cloud.laz","2018_MLBS_3_537000_4142000_image.tif","Tree",1,537000,537999.999,4142000,4142999.999
"9603",9603,537630.223,537635.999,4142049.058,4142058.476,"Silva","NEON_D07_MLBS_DP1_537000_4142000_classified_point_cloud.laz","2018_MLBS_3_537000_4142000_image.tif","Tree",1,537000,537999.999,4142000,4142999.999
"9604",9604,537621.026,537629.459,4142056.512,4142067.942,"Silva","NEON_D07_MLBS_DP1_537000_4142000_classified_point_cloud.laz","2018_MLBS_3_537000_4142000_image.tif","Tree",1,537000,537999.999,4142000,4142999.999
"9605",9605,537675.501,537690.494,4142050.015,4142060.497,"Silva","NEON_D07_MLBS_DP1_537000_4142000_classified_point_cloud.laz","2018_MLBS_3_537000_4142000_image.tif","Tree",1,537000,537999.999,4142000,4142999.999
"9606",9606,537652.509,537662.828,4142054.008,4142065.496,"Silva","NEON_D07_MLBS_DP1_537000_4142000_classified_point_cloud.laz","2018_MLBS_3_537000_4142000_image.tif","Tree",1,537000,537999.999,4142000,4142999.999
"9607",9607,537654.283,537658.928,4142083.025,4142088.493,"Silva","NEON_D07_MLBS_DP1_537000_4142000_classified_point_cloud.laz","2018_MLBS_3_537000_4142000_image.tif","Tree",1,537000,537999.999,4142000,4142999.999
"9608",9608,537670.518,537678.787,4142073.708,4142084.478,"Silva","NEON_D07_MLBS_DP1_537000_4142000_classified_point_cloud.laz","2018_MLBS_3_537000_4142000_image.tif","Tree",1,537000,537999.999,4142000,4142999.999
"9609",9609,537675.811,537687.981,4142072.036,4142085.458,"Silva","NEON_D07_MLBS_DP1_537000_4142000_classified_point_cloud.laz","2018_MLBS_3_537000_4142000_image.tif","Tree",1,537000,537999.999,4142000,4142999.999
"9610",9610,537652.502,537662.965,4142069.61,4142077.992,"Silva","NEON_D07_MLBS_DP1_537000_4142000_classified_point_cloud.laz","2018_MLBS_3_537000_4142000_image.tif","Tree",1,537000,537999.999,4142000,4142999.999
"9611",9611,537662.521,537671.995,4142065.859,4142073.999,"Silva","NEON_D07_MLBS_DP1_537000_4142000_classified_point_cloud.laz","2018_MLBS_3_537000_4142000_image.tif","Tree",1,537000,537999.999,4142000,4142999.999
"9612",9612,537646.033,537653.999,4142065.553,4142075.402,"Silva","NEON_D07_MLBS_DP1_537000_4142000_classified_point_cloud.laz","2018_MLBS_3_537000_4142000_image.tif","Tree",1,537000,537999.999,4142000,4142999.999
"9613",9613,537698.006,537706.931,4142023.81,4142029.999,"Silva","NEON_D07_MLBS_DP1_537000_4142000_classified_point_cloud.laz","2018_MLBS_3_537000_4142000_image.tif","Tree",1,537000,537999.999,4142000,4142999.999
"9614",9614,537735.017,537743.966,4142024.508,4142034.479,"Silva","NEON_D07_MLBS_DP1_537000_4142000_classified_point_cloud.laz","2018_MLBS_3_537000_4142000_image.tif","Tree",1,537000,537999.999,4142000,4142999.999
"9615",9615,537725.508,537735.499,4142030.501,4142037.976,"Silva","NEON_D07_MLBS_DP1_537000_4142000_classified_point_cloud.laz","2018_MLBS_3_537000_4142000_image.tif","Tree",1,537000,537999.999,4142000,4142999.999
"9616",9616,537699.013,537706.949,4142042.16,4142051.45,"Silva","NEON_D07_MLBS_DP1_537000_4142000_classified_point_cloud.laz","2018_MLBS_3_537000_4142000_image.tif","Tree",1,537000,537999.999,4142000,4142999.999
"9617",9617,537709.526,537716.997,4142044.59,4142053.994,"Silva","NEON_D07_MLBS_DP1_537000_4142000_classified_point_cloud.laz","2018_MLBS_3_537000_4142000_image.tif","Tree",1,537000,537999.999,4142000,4142999.999
"9618",9618,537717.016,537724.979,4142044.633,4142053.981,"Silva","NEON_D07_MLBS_DP1_537000_4142000_classified_point_cloud.laz","2018_MLBS_3_537000_4142000_image.tif","Tree",1,537000,537999.999,4142000,4142999.999
"9619",9619,537731.012,537738.499,4142043.525,4142052.989,"Silva","NEON_D07_MLBS_DP1_537000_4142000_classified_point_cloud.laz","2018_MLBS_3_537000_4142000_image.tif","Tree",1,537000,537999.999,4142000,4142999.999
"9620",9620,537725.114,537731.963,4142046.508,4142051.991,"Silva","NEON_D07_MLBS_DP1_537000_4142000_classified_point_cloud.laz","2018_MLBS_3_537000_4142000_image.tif","Tree",1,537000,537999.999,4142000,4142999.999
"9621",9621,537721.054,537727.497,4142047.019,4142053.986,"Silva","NEON_D07_MLBS_DP1_537000_4142000_classified_point_cloud.laz","2018_MLBS_3_537000_4142000_image.tif","Tree",1,537000,537999.999,4142000,4142999.999
"9622",9622,537727.031,537733.991,4142082.589,4142089.995,"Silva","NEON_D07_MLBS_DP1_537000_4142000_classified_point_cloud.laz","2018_MLBS_3_537000_4142000_image.tif","Tree",1,537000,537999.999,4142000,4142999.999
"9623",9623,537713.002,537720.494,4142081.633,4142091.435,"Silva","NEON_D07_MLBS_DP1_537000_4142000_classified_point_cloud.laz","2018_MLBS_3_537000_4142000_image.tif","Tree",1,537000,537999.999,4142000,4142999.999
"9624",9624,537732.044,537739.483,4142075.527,4142082.808,"Silva","NEON_D07_MLBS_DP1_537000_4142000_classified_point_cloud.laz","2018_MLBS_3_537000_4142000_image.tif","Tree",1,537000,537999.999,4142000,4142999.999
"9625",9625,537729.692,537740.99,4142070.181,4142075.996,"Silva","NEON_D07_MLBS_DP1_537000_4142000_classified_point_cloud.laz","2018_MLBS_3_537000_4142000_image.tif","Tree",1,537000,537999.999,4142000,4142999.999
"9626",9626,537738.863,537746.989,4142064.605,4142072.962,"Silva","NEON_D07_MLBS_DP1_537000_4142000_classified_point_cloud.laz","2018_MLBS_3_537000_4142000_image.tif","Tree",1,537000,537999.999,4142000,4142999.999
"9627",9627,537706.603,537713.874,4142056.014,4142072.836,"Silva","NEON_D07_MLBS_DP1_537000_4142000_classified_point_cloud.laz","2018_MLBS_3_537000_4142000_image.tif","Tree",1,537000,537999.999,4142000,4142999.999
"9628",9628,537696.011,537706.995,4142055.008,4142072.974,"Silva","NEON_D07_MLBS_DP1_537000_4142000_classified_point_cloud.laz","2018_MLBS_3_537000_4142000_image.tif","Tree",1,537000,537999.999,4142000,4142999.999
"9629",9629,537628.7,537638.978,4142110.051,4142122.435,"Silva","NEON_D07_MLBS_DP1_537000_4142000_classified_point_cloud.laz","2018_MLBS_3_537000_4142000_image.tif","Tree",1,537000,537999.999,4142000,4142999.999
"9630",9630,537654.767,537664.478,4142110.045,4142124.394,"Silva","NEON_D07_MLBS_DP1_537000_4142000_classified_point_cloud.laz","2018_MLBS_3_537000_4142000_image.tif","Tree",1,537000,537999.999,4142000,4142999.999
"9631",9631,537678.053,537689.451,4142110.001,4142117.487,"Silva","NEON_D07_MLBS_DP1_537000_4142000_classified_point_cloud.laz","2018_MLBS_3_537000_4142000_image.tif","Tree",1,537000,537999.999,4142000,4142999.999
"9632",9632,537651.627,537660.925,4142143.06,4142149.892,"Silva","NEON_D07_MLBS_DP1_537000_4142000_classified_point_cloud.laz","2018_MLBS_3_537000_4142000_image.tif","Tree",1,537000,537999.999,4142000,4142999.999
"9633",9633,537645.375,537652.983,4142143.508,4142151.437,"Silva","NEON_D07_MLBS_DP1_537000_4142000_classified_point_cloud.laz","2018_MLBS_3_537000_4142000_image.tif","Tree",1,537000,537999.999,4142000,4142999.999
"9634",9634,537661.237,537672.947,4142145.506,4142154.272,"Silva","NEON_D07_MLBS_DP1_537000_4142000_classified_point_cloud.laz","2018_MLBS_3_537000_4142000_image.tif","Tree",1,537000,537999.999,4142000,4142999.999
"9635",9635,537631.163,537639.988,4142148.012,4142159.716,"Silva","NEON_D07_MLBS_DP1_537000_4142000_classified_point_cloud.laz","2018_MLBS_3_537000_4142000_image.tif","Tree",1,537000,537999.999,4142000,4142999.999
"9636",9636,537643.005,537649.438,4142149.042,4142154.992,"Silva","NEON_D07_MLBS_DP1_537000_4142000_classified_point_cloud.laz","2018_MLBS_3_537000_4142000_image.tif","Tree",1,537000,537999.999,4142000,4142999.999
"9637",9637,537675.817,537684.483,4142147.701,4142154.98,"Silva","NEON_D07_MLBS_DP1_537000_4142000_classified_point_cloud.laz","2018_MLBS_3_537000_4142000_image.tif","Tree",1,537000,537999.999,4142000,4142999.999
"9638",9638,537675.001,537685.49,4142097.139,4142109.998,"Silva","NEON_D07_MLBS_DP1_537000_4142000_classified_point_cloud.laz","2018_MLBS_3_537000_4142000_image.tif","Tree",1,537000,537999.999,4142000,4142999.999
"9639",9639,537632.544,537644.856,4142098.533,4142111.376,"Silva","NEON_D07_MLBS_DP1_537000_4142000_classified_point_cloud.laz","2018_MLBS_3_537000_4142000_image.tif","Tree",1,537000,537999.999,4142000,4142999.999
"9640",9640,537627.566,537638.968,4142094.709,4142103.485,"Silva","NEON_D07_MLBS_DP1_537000_4142000_classified_point_cloud.laz","2018_MLBS_3_537000_4142000_image.tif","Tree",1,537000,537999.999,4142000,4142999.999
"9641",9641,537634.5,537643.958,4142085.054,4142095.392,"Silva","NEON_D07_MLBS_DP1_537000_4142000_classified_point_cloud.laz","2018_MLBS_3_537000_4142000_image.tif","Tree",1,537000,537999.999,4142000,4142999.999
"9642",9642,537690.531,537702.99,4142110.512,4142120.484,"Silva","NEON_D07_MLBS_DP1_537000_4142000_classified_point_cloud.laz","2018_MLBS_3_537000_4142000_image.tif","Tree",1,537000,537999.999,4142000,4142999.999
"9643",9643,537732.108,537743.492,4142107.029,4142116.329,"Silva","NEON_D07_MLBS_DP1_537000_4142000_classified_point_cloud.laz","2018_MLBS_3_537000_4142000_image.tif","Tree",1,537000,537999.999,4142000,4142999.999
"9644",9644,537730.542,537738.799,4142111.033,4142119.498,"Silva","NEON_D07_MLBS_DP1_537000_4142000_classified_point_cloud.laz","2018_MLBS_3_537000_4142000_image.tif","Tree",1,537000,537999.999,4142000,4142999.999
"9645",9645,537717.011,537725.991,4142114.863,4142122.988,"Silva","NEON_D07_MLBS_DP1_537000_4142000_classified_point_cloud.laz","2018_MLBS_3_537000_4142000_image.tif","Tree",1,537000,537999.999,4142000,4142999.999
"9646",9646,537726.007,537733.416,4142114.09,4142121.495,"Silva","NEON_D07_MLBS_DP1_537000_4142000_classified_point_cloud.laz","2018_MLBS_3_537000_4142000_image.tif","Tree",1,537000,537999.999,4142000,4142999.999
"9647",9647,537733.506,537739.488,4142116.529,4142124.492,"Silva","NEON_D07_MLBS_DP1_537000_4142000_classified_point_cloud.laz","2018_MLBS_3_537000_4142000_image.tif","Tree",1,537000,537999.999,4142000,4142999.999
"9648",9648,537739.043,537743.996,4142115.003,4142124.922,"Silva","NEON_D07_MLBS_DP1_537000_4142000_classified_point_cloud.laz","2018_MLBS_3_537000_4142000_image.tif","Tree",1,537000,537999.999,4142000,4142999.999
"9649",9649,537726.635,537734.988,4142121.51,4142127.881,"Silva","NEON_D07_MLBS_DP1_537000_4142000_classified_point_cloud.laz","2018_MLBS_3_537000_4142000_image.tif","Tree",1,537000,537999.999,4142000,4142999.999
"9650",9650,537724.027,537729.943,4142121.647,4142129.362,"Silva","NEON_D07_MLBS_DP1_537000_4142000_classified_point_cloud.laz","2018_MLBS_3_537000_4142000_image.tif","Tree",1,537000,537999.999,4142000,4142999.999
"9651",9651,537719.006,537724.493,4142122.524,4142132.445,"Silva","NEON_D07_MLBS_DP1_537000_4142000_classified_point_cloud.laz","2018_MLBS_3_537000_4142000_image.tif","Tree",1,537000,537999.999,4142000,4142999.999
"9652",9652,537695.565,537704.372,4142129.501,4142135.475,"Silva","NEON_D07_MLBS_DP1_537000_4142000_classified_point_cloud.laz","2018_MLBS_3_537000_4142000_image.tif","Tree",1,537000,537999.999,4142000,4142999.999
"9653",9653,537738.055,537742.934,4142125.193,4142133.389,"Silva","NEON_D07_MLBS_DP1_537000_4142000_classified_point_cloud.laz","2018_MLBS_3_537000_4142000_image.tif","Tree",1,537000,537999.999,4142000,4142999.999
"9654",9654,537721.632,537730.981,4142128.035,4142136.973,"Silva","NEON_D07_MLBS_DP1_537000_4142000_classified_point_cloud.laz","2018_MLBS_3_537000_4142000_image.tif","Tree",1,537000,537999.999,4142000,4142999.999
"9655",9655,537741.601,537748.336,4142125.083,4142134,"Silva","NEON_D07_MLBS_DP1_537000_4142000_classified_point_cloud.laz","2018_MLBS_3_537000_4142000_image.tif","Tree",1,537000,537999.999,4142000,4142999.999
"9656",9656,537692.504,537699.8,4142132.562,4142139.992,"Silva","NEON_D07_MLBS_DP1_537000_4142000_classified_point_cloud.laz","2018_MLBS_3_537000_4142000_image.tif","Tree",1,537000,537999.999,4142000,4142999.999
"9657",9657,537733.5,537739.988,4142131.522,4142137.29,"Silva","NEON_D07_MLBS_DP1_537000_4142000_classified_point_cloud.laz","2018_MLBS_3_537000_4142000_image.tif","Tree",1,537000,537999.999,4142000,4142999.999
"9658",9658,537715.076,537722.486,4142134.719,4142143.954,"Silva","NEON_D07_MLBS_DP1_537000_4142000_classified_point_cloud.laz","2018_MLBS_3_537000_4142000_image.tif","Tree",1,537000,537999.999,4142000,4142999.999
"9659",9659,537727.613,537735.499,4142135.51,4142144.49,"Silva","NEON_D07_MLBS_DP1_537000_4142000_classified_point_cloud.laz","2018_MLBS_3_537000_4142000_image.tif","Tree",1,537000,537999.999,4142000,4142999.999
"9660",9660,537734.532,537744.149,4142137.505,4142145.477,"Silva","NEON_D07_MLBS_DP1_537000_4142000_classified_point_cloud.laz","2018_MLBS_3_537000_4142000_image.tif","Tree",1,537000,537999.999,4142000,4142999.999
"9661",9661,537705.005,537710.921,4142142.197,4142151.49,"Silva","NEON_D07_MLBS_DP1_537000_4142000_classified_point_cloud.laz","2018_MLBS_3_537000_4142000_image.tif","Tree",1,537000,537999.999,4142000,4142999.999
"9662",9662,537716.68,537725.48,4142144.8,4142153.449,"Silva","NEON_D07_MLBS_DP1_537000_4142000_classified_point_cloud.laz","2018_MLBS_3_537000_4142000_image.tif","Tree",1,537000,537999.999,4142000,4142999.999
"9663",9663,537728.078,537737.485,4142143.513,4142152.495,"Silva","NEON_D07_MLBS_DP1_537000_4142000_classified_point_cloud.laz","2018_MLBS_3_537000_4142000_image.tif","Tree",1,537000,537999.999,4142000,4142999.999
"9664",9664,537705.511,537714.474,4142150.005,4142156.471,"Silva","NEON_D07_MLBS_DP1_537000_4142000_classified_point_cloud.laz","2018_MLBS_3_537000_4142000_image.tif","Tree",1,537000,537999.999,4142000,4142999.999
"9665",9665,537723.502,537734.997,4142147.036,4142156.915,"Silva","NEON_D07_MLBS_DP1_537000_4142000_classified_point_cloud.laz","2018_MLBS_3_537000_4142000_image.tif","Tree",1,537000,537999.999,4142000,4142999.999
"9666",9666,537708.533,537718.432,4142093.013,4142101.983,"Silva","NEON_D07_MLBS_DP1_537000_4142000_classified_point_cloud.laz","2018_MLBS_3_537000_4142000_image.tif","Tree",1,537000,537999.999,4142000,4142999.999
"9667",9667,537731.507,537740.474,4142089.063,4142098.907,"Silva","NEON_D07_MLBS_DP1_537000_4142000_classified_point_cloud.laz","2018_MLBS_3_537000_4142000_image.tif","Tree",1,537000,537999.999,4142000,4142999.999
"9668",9668,537688.078,537699.471,4142089.724,4142100.497,"Silva","NEON_D07_MLBS_DP1_537000_4142000_classified_point_cloud.laz","2018_MLBS_3_537000_4142000_image.tif","Tree",1,537000,537999.999,4142000,4142999.999
"9669",9669,537716.524,537726.464,4142088.03,4142095.494,"Silva","NEON_D07_MLBS_DP1_537000_4142000_classified_point_cloud.laz","2018_MLBS_3_537000_4142000_image.tif","Tree",1,537000,537999.999,4142000,4142999.999
"9670",9670,537751.503,537757.968,4142026.136,4142035.993,"Silva","NEON_D07_MLBS_DP1_537000_4142000_classified_point_cloud.laz","2018_MLBS_3_537000_4142000_image.tif","Tree",1,537000,537999.999,4142000,4142999.999
"9671",9671,537763.5,537769.465,4142028.047,4142038.36,"Silva","NEON_D07_MLBS_DP1_537000_4142000_classified_point_cloud.laz","2018_MLBS_3_537000_4142000_image.tif","Tree",1,537000,537999.999,4142000,4142999.999
"9672",9672,537752.209,537759.431,4142033.515,4142040.921,"Silva","NEON_D07_MLBS_DP1_537000_4142000_classified_point_cloud.laz","2018_MLBS_3_537000_4142000_image.tif","Tree",1,537000,537999.999,4142000,4142999.999
"9673",9673,537781.55,537788.929,4142082.508,4142089.338,"Silva","NEON_D07_MLBS_DP1_537000_4142000_classified_point_cloud.laz","2018_MLBS_3_537000_4142000_image.tif","Tree",1,537000,537999.999,4142000,4142999.999
"9674",9674,537795.534,537801.436,4142080.132,4142085.498,"Silva","NEON_D07_MLBS_DP1_537000_4142000_classified_point_cloud.laz","2018_MLBS_3_537000_4142000_image.tif","Tree",1,537000,537999.999,4142000,4142999.999
"9675",9675,537800.168,537801.942,4142078.06,4142080.844,"Silva","NEON_D07_MLBS_DP1_537000_4142000_classified_point_cloud.laz","2018_MLBS_3_537000_4142000_image.tif","Tree",1,537000,537999.999,4142000,4142999.999
"9676",9676,537791.077,537796.86,4142078.687,4142083,"Silva","NEON_D07_MLBS_DP1_537000_4142000_classified_point_cloud.laz","2018_MLBS_3_537000_4142000_image.tif","Tree",1,537000,537999.999,4142000,4142999.999
"9677",9677,537809.006,537813.824,4142065.02,4142070.958,"Silva","NEON_D07_MLBS_DP1_537000_4142000_classified_point_cloud.laz","2018_MLBS_3_537000_4142000_image.tif","Tree",1,537000,537999.999,4142000,4142999.999
"9678",9678,537800.047,537805.397,4142064.558,4142067.923,"Silva","NEON_D07_MLBS_DP1_537000_4142000_classified_point_cloud.laz","2018_MLBS_3_537000_4142000_image.tif","Tree",1,537000,537999.999,4142000,4142999.999
"9679",9679,537812.096,537819.7,4142061.52,4142066.965,"Silva","NEON_D07_MLBS_DP1_537000_4142000_classified_point_cloud.laz","2018_MLBS_3_537000_4142000_image.tif","Tree",1,537000,537999.999,4142000,4142999.999
"9680",9680,537752.185,537761.494,4142060.062,4142071.992,"Silva","NEON_D07_MLBS_DP1_537000_4142000_classified_point_cloud.laz","2018_MLBS_3_537000_4142000_image.tif","Tree",1,537000,537999.999,4142000,4142999.999
"9681",9681,537810.897,537819.99,4142037.026,4142047.996,"Silva","NEON_D07_MLBS_DP1_537000_4142000_classified_point_cloud.laz","2018_MLBS_3_537000_4142000_image.tif","Tree",1,537000,537999.999,4142000,4142999.999
"9682",9682,537770.517,537783.991,4142034.51,4142045,"Silva","NEON_D07_MLBS_DP1_537000_4142000_classified_point_cloud.laz","2018_MLBS_3_537000_4142000_image.tif","Tree",1,537000,537999.999,4142000,4142999.999
"9683",9683,537814,537821.999,4142023.072,4142030.83,"Silva","NEON_D07_MLBS_DP1_537000_4142000_classified_point_cloud.laz","2018_MLBS_3_537000_4142000_image.tif","Tree",1,537000,537999.999,4142000,4142999.999
"9684",9684,537834.062,537846.492,4142017.008,4142029.917,"Silva","NEON_D07_MLBS_DP1_537000_4142000_classified_point_cloud.laz","2018_MLBS_3_537000_4142000_image.tif","Tree",1,537000,537999.999,4142000,4142999.999
"9685",9685,537829.009,537841.388,4142025.011,4142036.427,"Silva","NEON_D07_MLBS_DP1_537000_4142000_classified_point_cloud.laz","2018_MLBS_3_537000_4142000_image.tif","Tree",1,537000,537999.999,4142000,4142999.999
"9686",9686,537843.54,537851.418,4142075.517,4142084.498,"Silva","NEON_D07_MLBS_DP1_537000_4142000_classified_point_cloud.laz","2018_MLBS_3_537000_4142000_image.tif","Tree",1,537000,537999.999,4142000,4142999.999
"9687",9687,537832.008,537840.479,4142064.083,4142073.481,"Silva","NEON_D07_MLBS_DP1_537000_4142000_classified_point_cloud.laz","2018_MLBS_3_537000_4142000_image.tif","Tree",1,537000,537999.999,4142000,4142999.999
"9688",9688,537834.011,537841.494,4142057.263,4142063.977,"Silva","NEON_D07_MLBS_DP1_537000_4142000_classified_point_cloud.laz","2018_MLBS_3_537000_4142000_image.tif","Tree",1,537000,537999.999,4142000,4142999.999
"9689",9689,537821.56,537825.297,4142058.01,4142064.754,"Silva","NEON_D07_MLBS_DP1_537000_4142000_classified_point_cloud.laz","2018_MLBS_3_537000_4142000_image.tif","Tree",1,537000,537999.999,4142000,4142999.999
"9690",9690,537816.588,537821.985,4142058.038,4142064.482,"Silva","NEON_D07_MLBS_DP1_537000_4142000_classified_point_cloud.laz","2018_MLBS_3_537000_4142000_image.tif","Tree",1,537000,537999.999,4142000,4142999.999
"9691",9691,537831.511,537839.857,4142054.118,4142063.489,"Silva","NEON_D07_MLBS_DP1_537000_4142000_classified_point_cloud.laz","2018_MLBS_3_537000_4142000_image.tif","Tree",1,537000,537999.999,4142000,4142999.999
"9692",9692,537842.695,537852.103,4142051.505,4142057.887,"Silva","NEON_D07_MLBS_DP1_537000_4142000_classified_point_cloud.laz","2018_MLBS_3_537000_4142000_image.tif","Tree",1,537000,537999.999,4142000,4142999.999
"9693",9693,537817.684,537823.434,4142047.51,4142053.908,"Silva","NEON_D07_MLBS_DP1_537000_4142000_classified_point_cloud.laz","2018_MLBS_3_537000_4142000_image.tif","Tree",1,537000,537999.999,4142000,4142999.999
"9694",9694,537804.551,537813.98,4142090.016,4142097.469,"Silva","NEON_D07_MLBS_DP1_537000_4142000_classified_point_cloud.laz","2018_MLBS_3_537000_4142000_image.tif","Tree",1,537000,537999.999,4142000,4142999.999
"9695",9695,537787.515,537795.998,4142095.022,4142101.762,"Silva","NEON_D07_MLBS_DP1_537000_4142000_classified_point_cloud.laz","2018_MLBS_3_537000_4142000_image.tif","Tree",1,537000,537999.999,4142000,4142999.999
"9696",9696,537796.65,537803.416,4142097.015,4142103.381,"Silva","NEON_D07_MLBS_DP1_537000_4142000_classified_point_cloud.laz","2018_MLBS_3_537000_4142000_image.tif","Tree",1,537000,537999.999,4142000,4142999.999
"9697",9697,537803.532,537809.486,4142097.533,4142103.295,"Silva","NEON_D07_MLBS_DP1_537000_4142000_classified_point_cloud.laz","2018_MLBS_3_537000_4142000_image.tif","Tree",1,537000,537999.999,4142000,4142999.999
"9698",9698,537761.515,537765.898,4142103.007,4142107.884,"Silva","NEON_D07_MLBS_DP1_537000_4142000_classified_point_cloud.laz","2018_MLBS_3_537000_4142000_image.tif","Tree",1,537000,537999.999,4142000,4142999.999
"9699",9699,537785.334,537790.966,4142099.66,4142108.856,"Silva","NEON_D07_MLBS_DP1_537000_4142000_classified_point_cloud.laz","2018_MLBS_3_537000_4142000_image.tif","Tree",1,537000,537999.999,4142000,4142999.999
"9700",9700,537764.528,537767.449,4142103.058,4142109.317,"Silva","NEON_D07_MLBS_DP1_537000_4142000_classified_point_cloud.laz","2018_MLBS_3_537000_4142000_image.tif","Tree",1,537000,537999.999,4142000,4142999.999
"9701",9701,537769.616,537772.872,4142105.068,4142109.463,"Silva","NEON_D07_MLBS_DP1_537000_4142000_classified_point_cloud.laz","2018_MLBS_3_537000_4142000_image.tif","Tree",1,537000,537999.999,4142000,4142999.999
"9702",9702,537793.495,537801.38,4142100.118,4142109.468,"Silva","NEON_D07_MLBS_DP1_537000_4142000_classified_point_cloud.laz","2018_MLBS_3_537000_4142000_image.tif","Tree",1,537000,537999.999,4142000,4142999.999
"9703",9703,537763.148,537766.972,4142110.631,4142116.968,"Silva","NEON_D07_MLBS_DP1_537000_4142000_classified_point_cloud.laz","2018_MLBS_3_537000_4142000_image.tif","Tree",1,537000,537999.999,4142000,4142999.999
"9704",9704,537757.834,537763.983,4142110.55,4142117.125,"Silva","NEON_D07_MLBS_DP1_537000_4142000_classified_point_cloud.laz","2018_MLBS_3_537000_4142000_image.tif","Tree",1,537000,537999.999,4142000,4142999.999
"9705",9705,537770.649,537776.989,4142109.557,4142114.98,"Silva","NEON_D07_MLBS_DP1_537000_4142000_classified_point_cloud.laz","2018_MLBS_3_537000_4142000_image.tif","Tree",1,537000,537999.999,4142000,4142999.999
"9706",9706,537766.04,537770.996,4142112.606,4142116.384,"Silva","NEON_D07_MLBS_DP1_537000_4142000_classified_point_cloud.laz","2018_MLBS_3_537000_4142000_image.tif","Tree",1,537000,537999.999,4142000,4142999.999
"9707",9707,537750.047,537758.988,4142113.39,4142121.85,"Silva","NEON_D07_MLBS_DP1_537000_4142000_classified_point_cloud.laz","2018_MLBS_3_537000_4142000_image.tif","Tree",1,537000,537999.999,4142000,4142999.999
"9708",9708,537767.085,537772.968,4142114.512,4142120.423,"Silva","NEON_D07_MLBS_DP1_537000_4142000_classified_point_cloud.laz","2018_MLBS_3_537000_4142000_image.tif","Tree",1,537000,537999.999,4142000,4142999.999
"9709",9709,537772.505,537778.964,4142115.006,4142120.962,"Silva","NEON_D07_MLBS_DP1_537000_4142000_classified_point_cloud.laz","2018_MLBS_3_537000_4142000_image.tif","Tree",1,537000,537999.999,4142000,4142999.999
"9710",9710,537751.686,537761.468,4142120.743,4142129.447,"Silva","NEON_D07_MLBS_DP1_537000_4142000_classified_point_cloud.laz","2018_MLBS_3_537000_4142000_image.tif","Tree",1,537000,537999.999,4142000,4142999.999
"9711",9711,537757.651,537763.855,4142123.506,4142130.989,"Silva","NEON_D07_MLBS_DP1_537000_4142000_classified_point_cloud.laz","2018_MLBS_3_537000_4142000_image.tif","Tree",1,537000,537999.999,4142000,4142999.999
"9712",9712,537785.036,537785.971,4142124.646,4142125.441,"Silva","NEON_D07_MLBS_DP1_537000_4142000_classified_point_cloud.laz","2018_MLBS_3_537000_4142000_image.tif","Tree",1,537000,537999.999,4142000,4142999.999
"9713",9713,537768.035,537776.385,4142125.513,4142131.397,"Silva","NEON_D07_MLBS_DP1_537000_4142000_classified_point_cloud.laz","2018_MLBS_3_537000_4142000_image.tif","Tree",1,537000,537999.999,4142000,4142999.999
"9714",9714,537792.101,537794.3,4142132.248,4142134.944,"Silva","NEON_D07_MLBS_DP1_537000_4142000_classified_point_cloud.laz","2018_MLBS_3_537000_4142000_image.tif","Tree",1,537000,537999.999,4142000,4142999.999
"9715",9715,537761.531,537769.284,4142131.082,4142145.493,"Silva","NEON_D07_MLBS_DP1_537000_4142000_classified_point_cloud.laz","2018_MLBS_3_537000_4142000_image.tif","Tree",1,537000,537999.999,4142000,4142999.999
"9716",9716,537787.584,537791.393,4142134.136,4142137.146,"Silva","NEON_D07_MLBS_DP1_537000_4142000_classified_point_cloud.laz","2018_MLBS_3_537000_4142000_image.tif","Tree",1,537000,537999.999,4142000,4142999.999
"9717",9717,537775.827,537776.85,4142137.6,4142138.701,"Silva","NEON_D07_MLBS_DP1_537000_4142000_classified_point_cloud.laz","2018_MLBS_3_537000_4142000_image.tif","Tree",1,537000,537999.999,4142000,4142999.999
"9718",9718,537796.268,537799.349,4142133.569,4142138.813,"Silva","NEON_D07_MLBS_DP1_537000_4142000_classified_point_cloud.laz","2018_MLBS_3_537000_4142000_image.tif","Tree",1,537000,537999.999,4142000,4142999.999
"9719",9719,537748.097,537762.452,4142140.052,4142146.996,"Silva","NEON_D07_MLBS_DP1_537000_4142000_classified_point_cloud.laz","2018_MLBS_3_537000_4142000_image.tif","Tree",1,537000,537999.999,4142000,4142999.999
"9720",9720,537811.242,537819.995,4142140.582,4142147.999,"Silva","NEON_D07_MLBS_DP1_537000_4142000_classified_point_cloud.laz","2018_MLBS_3_537000_4142000_image.tif","Tree",1,537000,537999.999,4142000,4142999.999
"9721",9721,537762.072,537774.498,4142149.522,4142156.497,"Silva","NEON_D07_MLBS_DP1_537000_4142000_classified_point_cloud.laz","2018_MLBS_3_537000_4142000_image.tif","Tree",1,537000,537999.999,4142000,4142999.999
"9722",9722,537786.154,537789.087,4142151.726,4142154.303,"Silva","NEON_D07_MLBS_DP1_537000_4142000_classified_point_cloud.laz","2018_MLBS_3_537000_4142000_image.tif","Tree",1,537000,537999.999,4142000,4142999.999
"9723",9723,537784.103,537787.492,4142094.51,4142099.919,"Silva","NEON_D07_MLBS_DP1_537000_4142000_classified_point_cloud.laz","2018_MLBS_3_537000_4142000_image.tif","Tree",1,537000,537999.999,4142000,4142999.999
"9724",9724,537814.017,537821.36,4142095.039,4142100.946,"Silva","NEON_D07_MLBS_DP1_537000_4142000_classified_point_cloud.laz","2018_MLBS_3_537000_4142000_image.tif","Tree",1,537000,537999.999,4142000,4142999.999
"9725",9725,537846.508,537847.409,4142102.667,4142103.312,"Silva","NEON_D07_MLBS_DP1_537000_4142000_classified_point_cloud.laz","2018_MLBS_3_537000_4142000_image.tif","Tree",1,537000,537999.999,4142000,4142999.999
"9726",9726,537833.653,537835.966,4142105.198,4142106.82,"Silva","NEON_D07_MLBS_DP1_537000_4142000_classified_point_cloud.laz","2018_MLBS_3_537000_4142000_image.tif","Tree",1,537000,537999.999,4142000,4142999.999
"9727",9727,537834.546,537840.476,4142109.105,4142112.468,"Silva","NEON_D07_MLBS_DP1_537000_4142000_classified_point_cloud.laz","2018_MLBS_3_537000_4142000_image.tif","Tree",1,537000,537999.999,4142000,4142999.999
"9728",9728,537833.644,537837.386,4142115.017,4142118.378,"Silva","NEON_D07_MLBS_DP1_537000_4142000_classified_point_cloud.laz","2018_MLBS_3_537000_4142000_image.tif","Tree",1,537000,537999.999,4142000,4142999.999
"9729",9729,537841.511,537844.384,4142114.117,4142119.98,"Silva","NEON_D07_MLBS_DP1_537000_4142000_classified_point_cloud.laz","2018_MLBS_3_537000_4142000_image.tif","Tree",1,537000,537999.999,4142000,4142999.999
"9730",9730,537827.593,537836.839,4142126.013,4142134.954,"Silva","NEON_D07_MLBS_DP1_537000_4142000_classified_point_cloud.laz","2018_MLBS_3_537000_4142000_image.tif","Tree",1,537000,537999.999,4142000,4142999.999
"9731",9731,537495.017,537514.961,4142159.549,4142171.401,"Silva","NEON_D07_MLBS_DP1_537000_4142000_classified_point_cloud.laz","2018_MLBS_3_537000_4142000_image.tif","Tree",1,537000,537999.999,4142000,4142999.999
"9732",9732,537517.653,537523.903,4142179.79,4142187.991,"Silva","NEON_D07_MLBS_DP1_537000_4142000_classified_point_cloud.laz","2018_MLBS_3_537000_4142000_image.tif","Tree",1,537000,537999.999,4142000,4142999.999
"9733",9733,537523.098,537530.462,4142179.119,4142187.895,"Silva","NEON_D07_MLBS_DP1_537000_4142000_classified_point_cloud.laz","2018_MLBS_3_537000_4142000_image.tif","Tree",1,537000,537999.999,4142000,4142999.999
"9734",9734,537540.007,537543.354,4142175.624,4142188.35,"Silva","NEON_D07_MLBS_DP1_537000_4142000_classified_point_cloud.laz","2018_MLBS_3_537000_4142000_image.tif","Tree",1,537000,537999.999,4142000,4142999.999
"9735",9735,537536.154,537541.369,4142184.569,4142187.774,"Silva","NEON_D07_MLBS_DP1_537000_4142000_classified_point_cloud.laz","2018_MLBS_3_537000_4142000_image.tif","Tree",1,537000,537999.999,4142000,4142999.999
"9736",9736,537503.501,537511.255,4142187.636,4142192.982,"Silva","NEON_D07_MLBS_DP1_537000_4142000_classified_point_cloud.laz","2018_MLBS_3_537000_4142000_image.tif","Tree",1,537000,537999.999,4142000,4142999.999
"9737",9737,537532.035,537535.943,4142189.107,4142192.991,"Silva","NEON_D07_MLBS_DP1_537000_4142000_classified_point_cloud.laz","2018_MLBS_3_537000_4142000_image.tif","Tree",1,537000,537999.999,4142000,4142999.999
"9738",9738,537520.578,537529.763,4142187.552,4142194.929,"Silva","NEON_D07_MLBS_DP1_537000_4142000_classified_point_cloud.laz","2018_MLBS_3_537000_4142000_image.tif","Tree",1,537000,537999.999,4142000,4142999.999
"9739",9739,537547.579,537554.908,4142187.728,4142197.998,"Silva","NEON_D07_MLBS_DP1_537000_4142000_classified_point_cloud.laz","2018_MLBS_3_537000_4142000_image.tif","Tree",1,537000,537999.999,4142000,4142999.999
"9740",9740,537530.536,537541.98,4142191.548,4142201.414,"Silva","NEON_D07_MLBS_DP1_537000_4142000_classified_point_cloud.laz","2018_MLBS_3_537000_4142000_image.tif","Tree",1,537000,537999.999,4142000,4142999.999
"9741",9741,537500.513,537506.495,4142202.169,4142207.456,"Silva","NEON_D07_MLBS_DP1_537000_4142000_classified_point_cloud.laz","2018_MLBS_3_537000_4142000_image.tif","Tree",1,537000,537999.999,4142000,4142999.999
"9742",9742,537533.167,537537.859,4142212.148,4142217.675,"Silva","NEON_D07_MLBS_DP1_537000_4142000_classified_point_cloud.laz","2018_MLBS_3_537000_4142000_image.tif","Tree",1,537000,537999.999,4142000,4142999.999
"9743",9743,537529.07,537533.256,4142211.789,4142217.415,"Silva","NEON_D07_MLBS_DP1_537000_4142000_classified_point_cloud.laz","2018_MLBS_3_537000_4142000_image.tif","Tree",1,537000,537999.999,4142000,4142999.999
"9744",9744,537496.03,537503.861,4142209.147,4142215.4,"Silva","NEON_D07_MLBS_DP1_537000_4142000_classified_point_cloud.laz","2018_MLBS_3_537000_4142000_image.tif","Tree",1,537000,537999.999,4142000,4142999.999
"9745",9745,537506.502,537513.23,4142203.734,4142210.693,"Silva","NEON_D07_MLBS_DP1_537000_4142000_classified_point_cloud.laz","2018_MLBS_3_537000_4142000_image.tif","Tree",1,537000,537999.999,4142000,4142999.999
"9746",9746,537575.126,537582.473,4142148.049,4142158.984,"Silva","NEON_D07_MLBS_DP1_537000_4142000_classified_point_cloud.laz","2018_MLBS_3_537000_4142000_image.tif","Tree",1,537000,537999.999,4142000,4142999.999
"9747",9747,537567.557,537577.92,4142149.014,4142159.487,"Silva","NEON_D07_MLBS_DP1_537000_4142000_classified_point_cloud.laz","2018_MLBS_3_537000_4142000_image.tif","Tree",1,537000,537999.999,4142000,4142999.999
"9748",9748,537606.047,537617.666,4142153.525,4142161.835,"Silva","NEON_D07_MLBS_DP1_537000_4142000_classified_point_cloud.laz","2018_MLBS_3_537000_4142000_image.tif","Tree",1,537000,537999.999,4142000,4142999.999
"9749",9749,537595.524,537606.683,4142152.412,4142164.999,"Silva","NEON_D07_MLBS_DP1_537000_4142000_classified_point_cloud.laz","2018_MLBS_3_537000_4142000_image.tif","Tree",1,537000,537999.999,4142000,4142999.999
"9750",9750,537577.61,537587.499,4142162.525,4142170.994,"Silva","NEON_D07_MLBS_DP1_537000_4142000_classified_point_cloud.laz","2018_MLBS_3_537000_4142000_image.tif","Tree",1,537000,537999.999,4142000,4142999.999
"9751",9751,537591.009,537598.476,4142168.08,4142176.924,"Silva","NEON_D07_MLBS_DP1_537000_4142000_classified_point_cloud.laz","2018_MLBS_3_537000_4142000_image.tif","Tree",1,537000,537999.999,4142000,4142999.999
"9752",9752,537584.005,537591.946,4142174.058,4142181.484,"Silva","NEON_D07_MLBS_DP1_537000_4142000_classified_point_cloud.laz","2018_MLBS_3_537000_4142000_image.tif","Tree",1,537000,537999.999,4142000,4142999.999
"9753",9753,537575.009,537584.46,4142172.62,4142186.121,"Silva","NEON_D07_MLBS_DP1_537000_4142000_classified_point_cloud.laz","2018_MLBS_3_537000_4142000_image.tif","Tree",1,537000,537999.999,4142000,4142999.999
"9754",9754,537608.076,537614.965,4142171.092,4142180.317,"Silva","NEON_D07_MLBS_DP1_537000_4142000_classified_point_cloud.laz","2018_MLBS_3_537000_4142000_image.tif","Tree",1,537000,537999.999,4142000,4142999.999
"9755",9755,537589.069,537599.921,4142176.021,4142185.386,"Silva","NEON_D07_MLBS_DP1_537000_4142000_classified_point_cloud.laz","2018_MLBS_3_537000_4142000_image.tif","Tree",1,537000,537999.999,4142000,4142999.999
"9756",9756,537603.119,537612.376,4142173.555,4142184.243,"Silva","NEON_D07_MLBS_DP1_537000_4142000_classified_point_cloud.laz","2018_MLBS_3_537000_4142000_image.tif","Tree",1,537000,537999.999,4142000,4142999.999
"9757",9757,537562.572,537572.329,4142180.512,4142187.5,"Silva","NEON_D07_MLBS_DP1_537000_4142000_classified_point_cloud.laz","2018_MLBS_3_537000_4142000_image.tif","Tree",1,537000,537999.999,4142000,4142999.999
"9758",9758,537580.078,537592.479,4142181.1,4142192.5,"Silva","NEON_D07_MLBS_DP1_537000_4142000_classified_point_cloud.laz","2018_MLBS_3_537000_4142000_image.tif","Tree",1,537000,537999.999,4142000,4142999.999
"9759",9759,537569.581,537579.957,4142186.004,4142194.49,"Silva","NEON_D07_MLBS_DP1_537000_4142000_classified_point_cloud.laz","2018_MLBS_3_537000_4142000_image.tif","Tree",1,537000,537999.999,4142000,4142999.999
"9760",9760,537600.501,537607.995,4142183.869,4142191.981,"Silva","NEON_D07_MLBS_DP1_537000_4142000_classified_point_cloud.laz","2018_MLBS_3_537000_4142000_image.tif","Tree",1,537000,537999.999,4142000,4142999.999
"9761",9761,537607.049,537613.089,4142189.238,4142195.998,"Silva","NEON_D07_MLBS_DP1_537000_4142000_classified_point_cloud.laz","2018_MLBS_3_537000_4142000_image.tif","Tree",1,537000,537999.999,4142000,4142999.999
"9762",9762,537577.969,537588.967,4142187.11,4142197.883,"Silva","NEON_D07_MLBS_DP1_537000_4142000_classified_point_cloud.laz","2018_MLBS_3_537000_4142000_image.tif","Tree",1,537000,537999.999,4142000,4142999.999
"9763",9763,537598.009,537608.969,4142191.502,4142199.99,"Silva","NEON_D07_MLBS_DP1_537000_4142000_classified_point_cloud.laz","2018_MLBS_3_537000_4142000_image.tif","Tree",1,537000,537999.999,4142000,4142999.999
"9764",9764,537592.5,537603.499,4142210.157,4142222.489,"Silva","NEON_D07_MLBS_DP1_537000_4142000_classified_point_cloud.laz","2018_MLBS_3_537000_4142000_image.tif","Tree",1,537000,537999.999,4142000,4142999.999
"9765",9765,537610.012,537619.357,4142207.848,4142219.407,"Silva","NEON_D07_MLBS_DP1_537000_4142000_classified_point_cloud.laz","2018_MLBS_3_537000_4142000_image.tif","Tree",1,537000,537999.999,4142000,4142999.999
"9766",9766,537581.045,537586.998,4142212.518,4142221.474,"Silva","NEON_D07_MLBS_DP1_537000_4142000_classified_point_cloud.laz","2018_MLBS_3_537000_4142000_image.tif","Tree",1,537000,537999.999,4142000,4142999.999
"9767",9767,537601.562,537610.475,4142208.156,4142218.987,"Silva","NEON_D07_MLBS_DP1_537000_4142000_classified_point_cloud.laz","2018_MLBS_3_537000_4142000_image.tif","Tree",1,537000,537999.999,4142000,4142999.999
"9768",9768,537586.537,537594.46,4142208.032,4142216.98,"Silva","NEON_D07_MLBS_DP1_537000_4142000_classified_point_cloud.laz","2018_MLBS_3_537000_4142000_image.tif","Tree",1,537000,537999.999,4142000,4142999.999
"9769",9769,537610.502,537619.95,4142204.527,4142211.927,"Silva","NEON_D07_MLBS_DP1_537000_4142000_classified_point_cloud.laz","2018_MLBS_3_537000_4142000_image.tif","Tree",1,537000,537999.999,4142000,4142999.999
"9770",9770,537581.513,537590.92,4142206.043,4142212.999,"Silva","NEON_D07_MLBS_DP1_537000_4142000_classified_point_cloud.laz","2018_MLBS_3_537000_4142000_image.tif","Tree",1,537000,537999.999,4142000,4142999.999
"9771",9771,537602.111,537610.82,4142200.152,4142208.494,"Silva","NEON_D07_MLBS_DP1_537000_4142000_classified_point_cloud.laz","2018_MLBS_3_537000_4142000_image.tif","Tree",1,537000,537999.999,4142000,4142999.999
"9772",9772,537578.505,537585.876,4142203.58,4142210.33,"Silva","NEON_D07_MLBS_DP1_537000_4142000_classified_point_cloud.laz","2018_MLBS_3_537000_4142000_image.tif","Tree",1,537000,537999.999,4142000,4142999.999
"9773",9773,537605.552,537615.241,4142196.011,4142205.984,"Silva","NEON_D07_MLBS_DP1_537000_4142000_classified_point_cloud.laz","2018_MLBS_3_537000_4142000_image.tif","Tree",1,537000,537999.999,4142000,4142999.999
"9774",9774,537586.947,537594.999,4142198.548,4142207.881,"Silva","NEON_D07_MLBS_DP1_537000_4142000_classified_point_cloud.laz","2018_MLBS_3_537000_4142000_image.tif","Tree",1,537000,537999.999,4142000,4142999.999
"9775",9775,537588.732,537596.935,4142192.505,4142202.833,"Silva","NEON_D07_MLBS_DP1_537000_4142000_classified_point_cloud.laz","2018_MLBS_3_537000_4142000_image.tif","Tree",1,537000,537999.999,4142000,4142999.999
"9776",9776,537508.574,537511.943,4142277.946,4142280.498,"Silva","NEON_D07_MLBS_DP1_537000_4142000_classified_point_cloud.laz","2018_MLBS_3_537000_4142000_image.tif","Tree",1,537000,537999.999,4142000,4142999.999
"9777",9777,537507.015,537508.475,4142273.738,4142275.461,"Silva","NEON_D07_MLBS_DP1_537000_4142000_classified_point_cloud.laz","2018_MLBS_3_537000_4142000_image.tif","Tree",1,537000,537999.999,4142000,4142999.999
"9778",9778,537528.869,537538.154,4142266.548,4142273.938,"Silva","NEON_D07_MLBS_DP1_537000_4142000_classified_point_cloud.laz","2018_MLBS_3_537000_4142000_image.tif","Tree",1,537000,537999.999,4142000,4142999.999
"9779",9779,537513.022,537518.492,4142267.507,4142275.219,"Silva","NEON_D07_MLBS_DP1_537000_4142000_classified_point_cloud.laz","2018_MLBS_3_537000_4142000_image.tif","Tree",1,537000,537999.999,4142000,4142999.999
"9780",9780,537506.537,537512.972,4142267.008,4142273.991,"Silva","NEON_D07_MLBS_DP1_537000_4142000_classified_point_cloud.laz","2018_MLBS_3_537000_4142000_image.tif","Tree",1,537000,537999.999,4142000,4142999.999
"9781",9781,537506.194,537511.466,4142250.593,4142254.735,"Silva","NEON_D07_MLBS_DP1_537000_4142000_classified_point_cloud.laz","2018_MLBS_3_537000_4142000_image.tif","Tree",1,537000,537999.999,4142000,4142999.999
"9782",9782,537543.552,537551.426,4142249.741,4142255.974,"Silva","NEON_D07_MLBS_DP1_537000_4142000_classified_point_cloud.laz","2018_MLBS_3_537000_4142000_image.tif","Tree",1,537000,537999.999,4142000,4142999.999
"9783",9783,537526.734,537527.911,4142247.512,4142249.657,"Silva","NEON_D07_MLBS_DP1_537000_4142000_classified_point_cloud.laz","2018_MLBS_3_537000_4142000_image.tif","Tree",1,537000,537999.999,4142000,4142999.999
"9784",9784,537513.084,537520.49,4142240.638,4142244.764,"Silva","NEON_D07_MLBS_DP1_537000_4142000_classified_point_cloud.laz","2018_MLBS_3_537000_4142000_image.tif","Tree",1,537000,537999.999,4142000,4142999.999
"9785",9785,537526.523,537530.705,4142238.595,4142241.864,"Silva","NEON_D07_MLBS_DP1_537000_4142000_classified_point_cloud.laz","2018_MLBS_3_537000_4142000_image.tif","Tree",1,537000,537999.999,4142000,4142999.999
"9786",9786,537520.024,537525.972,4142235.584,4142241.99,"Silva","NEON_D07_MLBS_DP1_537000_4142000_classified_point_cloud.laz","2018_MLBS_3_537000_4142000_image.tif","Tree",1,537000,537999.999,4142000,4142999.999
"9787",9787,537537.118,537541.421,4142232.505,4142235.857,"Silva","NEON_D07_MLBS_DP1_537000_4142000_classified_point_cloud.laz","2018_MLBS_3_537000_4142000_image.tif","Tree",1,537000,537999.999,4142000,4142999.999
"9788",9788,537511.412,537519.952,4142236.037,4142242.998,"Silva","NEON_D07_MLBS_DP1_537000_4142000_classified_point_cloud.laz","2018_MLBS_3_537000_4142000_image.tif","Tree",1,537000,537999.999,4142000,4142999.999
"9789",9789,537522.126,537528.485,4142234.033,4142238.163,"Silva","NEON_D07_MLBS_DP1_537000_4142000_classified_point_cloud.laz","2018_MLBS_3_537000_4142000_image.tif","Tree",1,537000,537999.999,4142000,4142999.999
"9790",9790,537501.599,537506.112,4142230.506,4142237.966,"Silva","NEON_D07_MLBS_DP1_537000_4142000_classified_point_cloud.laz","2018_MLBS_3_537000_4142000_image.tif","Tree",1,537000,537999.999,4142000,4142999.999
"9791",9791,537518.129,537523.415,4142228.001,4142234.821,"Silva","NEON_D07_MLBS_DP1_537000_4142000_classified_point_cloud.laz","2018_MLBS_3_537000_4142000_image.tif","Tree",1,537000,537999.999,4142000,4142999.999
"9792",9792,537518.011,537524.997,4142222.592,4142228.446,"Silva","NEON_D07_MLBS_DP1_537000_4142000_classified_point_cloud.laz","2018_MLBS_3_537000_4142000_image.tif","Tree",1,537000,537999.999,4142000,4142999.999
"9793",9793,537527.582,537535.47,4142220.511,4142226.409,"Silva","NEON_D07_MLBS_DP1_537000_4142000_classified_point_cloud.laz","2018_MLBS_3_537000_4142000_image.tif","Tree",1,537000,537999.999,4142000,4142999.999
"9794",9794,537536.527,537543.461,4142216.42,4142224.834,"Silva","NEON_D07_MLBS_DP1_537000_4142000_classified_point_cloud.laz","2018_MLBS_3_537000_4142000_image.tif","Tree",1,537000,537999.999,4142000,4142999.999
"9795",9795,537507.093,537515.833,4142214.02,4142223.296,"Silva","NEON_D07_MLBS_DP1_537000_4142000_classified_point_cloud.laz","2018_MLBS_3_537000_4142000_image.tif","Tree",1,537000,537999.999,4142000,4142999.999
"9796",9796,537604.045,537609.363,4142275.591,4142281.351,"Silva","NEON_D07_MLBS_DP1_537000_4142000_classified_point_cloud.laz","2018_MLBS_3_537000_4142000_image.tif","Tree",1,537000,537999.999,4142000,4142999.999
"9797",9797,537609.055,537613.995,4142272.527,4142278.085,"Silva","NEON_D07_MLBS_DP1_537000_4142000_classified_point_cloud.laz","2018_MLBS_3_537000_4142000_image.tif","Tree",1,537000,537999.999,4142000,4142999.999
"9798",9798,537614.09,537619.42,4142273.044,4142276.944,"Silva","NEON_D07_MLBS_DP1_537000_4142000_classified_point_cloud.laz","2018_MLBS_3_537000_4142000_image.tif","Tree",1,537000,537999.999,4142000,4142999.999
"9799",9799,537603.6,537609.466,4142270.005,4142275.98,"Silva","NEON_D07_MLBS_DP1_537000_4142000_classified_point_cloud.laz","2018_MLBS_3_537000_4142000_image.tif","Tree",1,537000,537999.999,4142000,4142999.999
"9800",9800,537593.512,537597.949,4142261.706,4142267.992,"Silva","NEON_D07_MLBS_DP1_537000_4142000_classified_point_cloud.laz","2018_MLBS_3_537000_4142000_image.tif","Tree",1,537000,537999.999,4142000,4142999.999
"9801",9801,537613.15,537619.768,4142256.011,4142265.437,"Silva","NEON_D07_MLBS_DP1_537000_4142000_classified_point_cloud.laz","2018_MLBS_3_537000_4142000_image.tif","Tree",1,537000,537999.999,4142000,4142999.999
"9802",9802,537599.565,537605.423,4142254.093,4142264.294,"Silva","NEON_D07_MLBS_DP1_537000_4142000_classified_point_cloud.laz","2018_MLBS_3_537000_4142000_image.tif","Tree",1,537000,537999.999,4142000,4142999.999
"9803",9803,537610.521,537621.925,4142245.527,4142256,"Silva","NEON_D07_MLBS_DP1_537000_4142000_classified_point_cloud.laz","2018_MLBS_3_537000_4142000_image.tif","Tree",1,537000,537999.999,4142000,4142999.999
"9804",9804,537601.081,537610.714,4142246.507,4142255.475,"Silva","NEON_D07_MLBS_DP1_537000_4142000_classified_point_cloud.laz","2018_MLBS_3_537000_4142000_image.tif","Tree",1,537000,537999.999,4142000,4142999.999
"9805",9805,537595.303,537603.495,4142246.47,4142251.817,"Silva","NEON_D07_MLBS_DP1_537000_4142000_classified_point_cloud.laz","2018_MLBS_3_537000_4142000_image.tif","Tree",1,537000,537999.999,4142000,4142999.999
"9806",9806,537562.009,537563.491,4142247.547,4142251.837,"Silva","NEON_D07_MLBS_DP1_537000_4142000_classified_point_cloud.laz","2018_MLBS_3_537000_4142000_image.tif","Tree",1,537000,537999.999,4142000,4142999.999
"9807",9807,537601.486,537611.875,4142234.219,4142246.495,"Silva","NEON_D07_MLBS_DP1_537000_4142000_classified_point_cloud.laz","2018_MLBS_3_537000_4142000_image.tif","Tree",1,537000,537999.999,4142000,4142999.999
"9808",9808,537609.534,537621.96,4142235.016,4142245.673,"Silva","NEON_D07_MLBS_DP1_537000_4142000_classified_point_cloud.laz","2018_MLBS_3_537000_4142000_image.tif","Tree",1,537000,537999.999,4142000,4142999.999
"9809",9809,537612.053,537621.979,4142226.38,4142235.98,"Silva","NEON_D07_MLBS_DP1_537000_4142000_classified_point_cloud.laz","2018_MLBS_3_537000_4142000_image.tif","Tree",1,537000,537999.999,4142000,4142999.999
"9810",9810,537572.104,537583.918,4142229.598,4142240.473,"Silva","NEON_D07_MLBS_DP1_537000_4142000_classified_point_cloud.laz","2018_MLBS_3_537000_4142000_image.tif","Tree",1,537000,537999.999,4142000,4142999.999
"9811",9811,537593.043,537605.968,4142230.502,4142235.582,"Silva","NEON_D07_MLBS_DP1_537000_4142000_classified_point_cloud.laz","2018_MLBS_3_537000_4142000_image.tif","Tree",1,537000,537999.999,4142000,4142999.999
"9812",9812,537605.52,537617.478,4142221.007,4142235.464,"Silva","NEON_D07_MLBS_DP1_537000_4142000_classified_point_cloud.laz","2018_MLBS_3_537000_4142000_image.tif","Tree",1,537000,537999.999,4142000,4142999.999
"9813",9813,537591.009,537604.328,4142222.501,4142230.999,"Silva","NEON_D07_MLBS_DP1_537000_4142000_classified_point_cloud.laz","2018_MLBS_3_537000_4142000_image.tif","Tree",1,537000,537999.999,4142000,4142999.999
"9814",9814,537579.076,537590.971,4142221.69,4142233.411,"Silva","NEON_D07_MLBS_DP1_537000_4142000_classified_point_cloud.laz","2018_MLBS_3_537000_4142000_image.tif","Tree",1,537000,537999.999,4142000,4142999.999
"9815",9815,537601.203,537613.981,4142218.06,4142231.993,"Silva","NEON_D07_MLBS_DP1_537000_4142000_classified_point_cloud.laz","2018_MLBS_3_537000_4142000_image.tif","Tree",1,537000,537999.999,4142000,4142999.999
"9816",9816,537583.031,537594.591,4142217.009,4142226.47,"Silva","NEON_D07_MLBS_DP1_537000_4142000_classified_point_cloud.laz","2018_MLBS_3_537000_4142000_image.tif","Tree",1,537000,537999.999,4142000,4142999.999
"9817",9817,537518.021,537528.347,4142279.629,4142292.888,"Silva","NEON_D07_MLBS_DP1_537000_4142000_classified_point_cloud.laz","2018_MLBS_3_537000_4142000_image.tif","Tree",1,537000,537999.999,4142000,4142999.999
"9818",9818,537501.454,537510.455,4142288.747,4142296.993,"Silva","NEON_D07_MLBS_DP1_537000_4142000_classified_point_cloud.laz","2018_MLBS_3_537000_4142000_image.tif","Tree",1,537000,537999.999,4142000,4142999.999
"9819",9819,537528.046,537535.409,4142287.516,4142297.929,"Silva","NEON_D07_MLBS_DP1_537000_4142000_classified_point_cloud.laz","2018_MLBS_3_537000_4142000_image.tif","Tree",1,537000,537999.999,4142000,4142999.999
"9820",9820,537528.505,537537.465,4142296.015,4142304.446,"Silva","NEON_D07_MLBS_DP1_537000_4142000_classified_point_cloud.laz","2018_MLBS_3_537000_4142000_image.tif","Tree",1,537000,537999.999,4142000,4142999.999
"9821",9821,537500.54,537505.489,4142296.51,4142306.427,"Silva","NEON_D07_MLBS_DP1_537000_4142000_classified_point_cloud.laz","2018_MLBS_3_537000_4142000_image.tif","Tree",1,537000,537999.999,4142000,4142999.999
"9822",9822,537519.021,537527.464,4142304.1,4142314.406,"Silva","NEON_D07_MLBS_DP1_537000_4142000_classified_point_cloud.laz","2018_MLBS_3_537000_4142000_image.tif","Tree",1,537000,537999.999,4142000,4142999.999
"9823",9823,537501.502,537511.986,4142306.545,4142314.961,"Silva","NEON_D07_MLBS_DP1_537000_4142000_classified_point_cloud.laz","2018_MLBS_3_537000_4142000_image.tif","Tree",1,537000,537999.999,4142000,4142999.999
"9824",9824,537523.509,537535.462,4142309.111,4142318.917,"Silva","NEON_D07_MLBS_DP1_537000_4142000_classified_point_cloud.laz","2018_MLBS_3_537000_4142000_image.tif","Tree",1,537000,537999.999,4142000,4142999.999
"9825",9825,537529.053,537537.474,4142314.187,4142324.792,"Silva","NEON_D07_MLBS_DP1_537000_4142000_classified_point_cloud.laz","2018_MLBS_3_537000_4142000_image.tif","Tree",1,537000,537999.999,4142000,4142999.999
"9826",9826,537517.51,537529.451,4142316.502,4142324.983,"Silva","NEON_D07_MLBS_DP1_537000_4142000_classified_point_cloud.laz","2018_MLBS_3_537000_4142000_image.tif","Tree",1,537000,537999.999,4142000,4142999.999
"9827",9827,537527.06,537533.985,4142326.52,4142334.035,"Silva","NEON_D07_MLBS_DP1_537000_4142000_classified_point_cloud.laz","2018_MLBS_3_537000_4142000_image.tif","Tree",1,537000,537999.999,4142000,4142999.999
"9828",9828,537541.545,537550.859,4142323.577,4142331.49,"Silva","NEON_D07_MLBS_DP1_537000_4142000_classified_point_cloud.laz","2018_MLBS_3_537000_4142000_image.tif","Tree",1,537000,537999.999,4142000,4142999.999
"9829",9829,537533.506,537542.458,4142324.55,4142333.878,"Silva","NEON_D07_MLBS_DP1_537000_4142000_classified_point_cloud.laz","2018_MLBS_3_537000_4142000_image.tif","Tree",1,537000,537999.999,4142000,4142999.999
"9830",9830,537511.048,537520.383,4142327.607,4142336.804,"Silva","NEON_D07_MLBS_DP1_537000_4142000_classified_point_cloud.laz","2018_MLBS_3_537000_4142000_image.tif","Tree",1,537000,537999.999,4142000,4142999.999
"9831",9831,537514.508,537524.499,4142332.522,4142342.308,"Silva","NEON_D07_MLBS_DP1_537000_4142000_classified_point_cloud.laz","2018_MLBS_3_537000_4142000_image.tif","Tree",1,537000,537999.999,4142000,4142999.999
"9832",9832,537533.628,537544.471,4142333.501,4142341.977,"Silva","NEON_D07_MLBS_DP1_537000_4142000_classified_point_cloud.laz","2018_MLBS_3_537000_4142000_image.tif","Tree",1,537000,537999.999,4142000,4142999.999
"9833",9833,537529.003,537537.399,4142334.108,4142345.958,"Silva","NEON_D07_MLBS_DP1_537000_4142000_classified_point_cloud.laz","2018_MLBS_3_537000_4142000_image.tif","Tree",1,537000,537999.999,4142000,4142999.999
"9834",9834,537532.593,537542.48,4142341.503,4142351.499,"Silva","NEON_D07_MLBS_DP1_537000_4142000_classified_point_cloud.laz","2018_MLBS_3_537000_4142000_image.tif","Tree",1,537000,537999.999,4142000,4142999.999
"9835",9835,537610.531,537616.423,4142285.061,4142288.978,"Silva","NEON_D07_MLBS_DP1_537000_4142000_classified_point_cloud.laz","2018_MLBS_3_537000_4142000_image.tif","Tree",1,537000,537999.999,4142000,4142999.999
"9836",9836,537617.074,537621.43,4142304.154,4142308.966,"Silva","NEON_D07_MLBS_DP1_537000_4142000_classified_point_cloud.laz","2018_MLBS_3_537000_4142000_image.tif","Tree",1,537000,537999.999,4142000,4142999.999
"9837",9837,537592.121,537595.711,4142307.673,4142314.498,"Silva","NEON_D07_MLBS_DP1_537000_4142000_classified_point_cloud.laz","2018_MLBS_3_537000_4142000_image.tif","Tree",1,537000,537999.999,4142000,4142999.999
"9838",9838,537498.51,537514.936,4142369.509,4142379.989,"Silva","NEON_D07_MLBS_DP1_537000_4142000_classified_point_cloud.laz","2018_MLBS_3_537000_4142000_image.tif","Tree",1,537000,537999.999,4142000,4142999.999
"9839",9839,537543.502,537557.49,4142404.668,4142417.5,"Silva","NEON_D07_MLBS_DP1_537000_4142000_classified_point_cloud.laz","2018_MLBS_3_537000_4142000_image.tif","Tree",1,537000,537999.999,4142000,4142999.999
"9840",9840,537532.525,537543.472,4142407.55,4142419.4,"Silva","NEON_D07_MLBS_DP1_537000_4142000_classified_point_cloud.laz","2018_MLBS_3_537000_4142000_image.tif","Tree",1,537000,537999.999,4142000,4142999.999
"9841",9841,537504,537517.998,4142360.653,4142375.405,"Silva","NEON_D07_MLBS_DP1_537000_4142000_classified_point_cloud.laz","2018_MLBS_3_537000_4142000_image.tif","Tree",1,537000,537999.999,4142000,4142999.999
"9842",9842,537510.521,537520.965,4142353.513,4142360.489,"Silva","NEON_D07_MLBS_DP1_537000_4142000_classified_point_cloud.laz","2018_MLBS_3_537000_4142000_image.tif","Tree",1,537000,537999.999,4142000,4142999.999
"9843",9843,537498.507,537512.257,4142347.001,4142361.385,"Silva","NEON_D07_MLBS_DP1_537000_4142000_classified_point_cloud.laz","2018_MLBS_3_537000_4142000_image.tif","Tree",1,537000,537999.999,4142000,4142999.999
"9844",9844,537519.503,537529.398,4142348.559,4142356,"Silva","NEON_D07_MLBS_DP1_537000_4142000_classified_point_cloud.laz","2018_MLBS_3_537000_4142000_image.tif","Tree",1,537000,537999.999,4142000,4142999.999
"9845",9845,537559.538,537564.363,4142376.042,4142383.883,"Silva","NEON_D07_MLBS_DP1_537000_4142000_classified_point_cloud.laz","2018_MLBS_3_537000_4142000_image.tif","Tree",1,537000,537999.999,4142000,4142999.999
"9846",9846,537564.588,537569.492,4142378.055,4142385.91,"Silva","NEON_D07_MLBS_DP1_537000_4142000_classified_point_cloud.laz","2018_MLBS_3_537000_4142000_image.tif","Tree",1,537000,537999.999,4142000,4142999.999
"9847",9847,537610.023,537615.448,4142397.001,4142399.475,"Silva","NEON_D07_MLBS_DP1_537000_4142000_classified_point_cloud.laz","2018_MLBS_3_537000_4142000_image.tif","Tree",1,537000,537999.999,4142000,4142999.999
"9848",9848,537638.015,537643.444,4142147.747,4142159.964,"Silva","NEON_D07_MLBS_DP1_537000_4142000_classified_point_cloud.laz","2018_MLBS_3_537000_4142000_image.tif","Tree",1,537000,537999.999,4142000,4142999.999
"9849",9849,537639.517,537646.907,4142154.576,4142161.996,"Silva","NEON_D07_MLBS_DP1_537000_4142000_classified_point_cloud.laz","2018_MLBS_3_537000_4142000_image.tif","Tree",1,537000,537999.999,4142000,4142999.999
"9850",9850,537629.092,537637.922,4142157.036,4142169.393,"Silva","NEON_D07_MLBS_DP1_537000_4142000_classified_point_cloud.laz","2018_MLBS_3_537000_4142000_image.tif","Tree",1,537000,537999.999,4142000,4142999.999
"9851",9851,537672.55,537680.445,4142158.938,4142164.481,"Silva","NEON_D07_MLBS_DP1_537000_4142000_classified_point_cloud.laz","2018_MLBS_3_537000_4142000_image.tif","Tree",1,537000,537999.999,4142000,4142999.999
"9852",9852,537644.002,537647.462,4142164.079,4142167.492,"Silva","NEON_D07_MLBS_DP1_537000_4142000_classified_point_cloud.laz","2018_MLBS_3_537000_4142000_image.tif","Tree",1,537000,537999.999,4142000,4142999.999
"9853",9853,537675.208,537682.496,4142162.518,4142169.765,"Silva","NEON_D07_MLBS_DP1_537000_4142000_classified_point_cloud.laz","2018_MLBS_3_537000_4142000_image.tif","Tree",1,537000,537999.999,4142000,4142999.999
"9854",9854,537648.53,537650.955,4142173.187,4142174.969,"Silva","NEON_D07_MLBS_DP1_537000_4142000_classified_point_cloud.laz","2018_MLBS_3_537000_4142000_image.tif","Tree",1,537000,537999.999,4142000,4142999.999
"9855",9855,537628.524,537634.497,4142174.501,4142181.95,"Silva","NEON_D07_MLBS_DP1_537000_4142000_classified_point_cloud.laz","2018_MLBS_3_537000_4142000_image.tif","Tree",1,537000,537999.999,4142000,4142999.999
"9856",9856,537661.615,537667.994,4142170.123,4142176.441,"Silva","NEON_D07_MLBS_DP1_537000_4142000_classified_point_cloud.laz","2018_MLBS_3_537000_4142000_image.tif","Tree",1,537000,537999.999,4142000,4142999.999
"9857",9857,537673.04,537680.909,4142173.54,4142184.981,"Silva","NEON_D07_MLBS_DP1_537000_4142000_classified_point_cloud.laz","2018_MLBS_3_537000_4142000_image.tif","Tree",1,537000,537999.999,4142000,4142999.999
"9858",9858,537654.616,537659.931,4142182.9,4142185.492,"Silva","NEON_D07_MLBS_DP1_537000_4142000_classified_point_cloud.laz","2018_MLBS_3_537000_4142000_image.tif","Tree",1,537000,537999.999,4142000,4142999.999
"9859",9859,537665.793,537670.339,4142208.653,4142213.114,"Silva","NEON_D07_MLBS_DP1_537000_4142000_classified_point_cloud.laz","2018_MLBS_3_537000_4142000_image.tif","Tree",1,537000,537999.999,4142000,4142999.999
"9860",9860,537669.633,537678.991,4142208.028,4142212.406,"Silva","NEON_D07_MLBS_DP1_537000_4142000_classified_point_cloud.laz","2018_MLBS_3_537000_4142000_image.tif","Tree",1,537000,537999.999,4142000,4142999.999
"9861",9861,537653.54,537656.839,4142209.649,4142213.477,"Silva","NEON_D07_MLBS_DP1_537000_4142000_classified_point_cloud.laz","2018_MLBS_3_537000_4142000_image.tif","Tree",1,537000,537999.999,4142000,4142999.999
"9862",9862,537633.506,537635.87,4142213.122,4142218.488,"Silva","NEON_D07_MLBS_DP1_537000_4142000_classified_point_cloud.laz","2018_MLBS_3_537000_4142000_image.tif","Tree",1,537000,537999.999,4142000,4142999.999
"9863",9863,537641.601,537645.944,4142210.255,4142215.47,"Silva","NEON_D07_MLBS_DP1_537000_4142000_classified_point_cloud.laz","2018_MLBS_3_537000_4142000_image.tif","Tree",1,537000,537999.999,4142000,4142999.999
"9864",9864,537625,537628.909,4142210.21,4142215.974,"Silva","NEON_D07_MLBS_DP1_537000_4142000_classified_point_cloud.laz","2018_MLBS_3_537000_4142000_image.tif","Tree",1,537000,537999.999,4142000,4142999.999
"9865",9865,537634.541,537636.497,4142209.949,4142211.799,"Silva","NEON_D07_MLBS_DP1_537000_4142000_classified_point_cloud.laz","2018_MLBS_3_537000_4142000_image.tif","Tree",1,537000,537999.999,4142000,4142999.999
"9866",9866,537681.064,537688.494,4142200.015,4142210.998,"Silva","NEON_D07_MLBS_DP1_537000_4142000_classified_point_cloud.laz","2018_MLBS_3_537000_4142000_image.tif","Tree",1,537000,537999.999,4142000,4142999.999
"9867",9867,537674.508,537682.446,4142199.268,4142210.824,"Silva","NEON_D07_MLBS_DP1_537000_4142000_classified_point_cloud.laz","2018_MLBS_3_537000_4142000_image.tif","Tree",1,537000,537999.999,4142000,4142999.999
"9868",9868,537637.529,537640.279,4142203.613,4142206.297,"Silva","NEON_D07_MLBS_DP1_537000_4142000_classified_point_cloud.laz","2018_MLBS_3_537000_4142000_image.tif","Tree",1,537000,537999.999,4142000,4142999.999
"9869",9869,537628.713,537630.909,4142201.521,4142203.477,"Silva","NEON_D07_MLBS_DP1_537000_4142000_classified_point_cloud.laz","2018_MLBS_3_537000_4142000_image.tif","Tree",1,537000,537999.999,4142000,4142999.999
"9870",9870,537658.008,537663.477,4142193.552,4142200.241,"Silva","NEON_D07_MLBS_DP1_537000_4142000_classified_point_cloud.laz","2018_MLBS_3_537000_4142000_image.tif","Tree",1,537000,537999.999,4142000,4142999.999
"9871",9871,537650.665,537657.749,4142194.138,4142201.673,"Silva","NEON_D07_MLBS_DP1_537000_4142000_classified_point_cloud.laz","2018_MLBS_3_537000_4142000_image.tif","Tree",1,537000,537999.999,4142000,4142999.999
"9872",9872,537693.748,537704.916,4142150.52,4142159.995,"Silva","NEON_D07_MLBS_DP1_537000_4142000_classified_point_cloud.laz","2018_MLBS_3_537000_4142000_image.tif","Tree",1,537000,537999.999,4142000,4142999.999
"9873",9873,537691.08,537702.432,4142156.504,4142164.991,"Silva","NEON_D07_MLBS_DP1_537000_4142000_classified_point_cloud.laz","2018_MLBS_3_537000_4142000_image.tif","Tree",1,537000,537999.999,4142000,4142999.999
"9874",9874,537738.647,537743.49,4142154.01,4142160.984,"Silva","NEON_D07_MLBS_DP1_537000_4142000_classified_point_cloud.laz","2018_MLBS_3_537000_4142000_image.tif","Tree",1,537000,537999.999,4142000,4142999.999
"9875",9875,537743.022,537754.932,4142154.713,4142162.487,"Silva","NEON_D07_MLBS_DP1_537000_4142000_classified_point_cloud.laz","2018_MLBS_3_537000_4142000_image.tif","Tree",1,537000,537999.999,4142000,4142999.999
"9876",9876,537715.003,537723.431,4142159.165,4142169.845,"Silva","NEON_D07_MLBS_DP1_537000_4142000_classified_point_cloud.laz","2018_MLBS_3_537000_4142000_image.tif","Tree",1,537000,537999.999,4142000,4142999.999
"9877",9877,537692.167,537704.964,4142164.642,4142175.987,"Silva","NEON_D07_MLBS_DP1_537000_4142000_classified_point_cloud.laz","2018_MLBS_3_537000_4142000_image.tif","Tree",1,537000,537999.999,4142000,4142999.999
"9878",9878,537733.019,537740.484,4142160.501,4142167.494,"Silva","NEON_D07_MLBS_DP1_537000_4142000_classified_point_cloud.laz","2018_MLBS_3_537000_4142000_image.tif","Tree",1,537000,537999.999,4142000,4142999.999
"9879",9879,537738.061,537743.499,4142161.002,4142171.066,"Silva","NEON_D07_MLBS_DP1_537000_4142000_classified_point_cloud.laz","2018_MLBS_3_537000_4142000_image.tif","Tree",1,537000,537999.999,4142000,4142999.999
"9880",9880,537743.502,537751.393,4142162.013,4142172.474,"Silva","NEON_D07_MLBS_DP1_537000_4142000_classified_point_cloud.laz","2018_MLBS_3_537000_4142000_image.tif","Tree",1,537000,537999.999,4142000,4142999.999
"9881",9881,537724.009,537732.478,4142166.544,4142175.927,"Silva","NEON_D07_MLBS_DP1_537000_4142000_classified_point_cloud.laz","2018_MLBS_3_537000_4142000_image.tif","Tree",1,537000,537999.999,4142000,4142999.999
"9882",9882,537686.512,537694.469,4142174.112,4142183.448,"Silva","NEON_D07_MLBS_DP1_537000_4142000_classified_point_cloud.laz","2018_MLBS_3_537000_4142000_image.tif","Tree",1,537000,537999.999,4142000,4142999.999
"9883",9883,537720.002,537728.982,4142175.02,4142182.992,"Silva","NEON_D07_MLBS_DP1_537000_4142000_classified_point_cloud.laz","2018_MLBS_3_537000_4142000_image.tif","Tree",1,537000,537999.999,4142000,4142999.999
"9884",9884,537688.528,537697.499,4142186.06,4142194.601,"Silva","NEON_D07_MLBS_DP1_537000_4142000_classified_point_cloud.laz","2018_MLBS_3_537000_4142000_image.tif","Tree",1,537000,537999.999,4142000,4142999.999
"9885",9885,537690.808,537702.886,4142205.089,4142216.785,"Silva","NEON_D07_MLBS_DP1_537000_4142000_classified_point_cloud.laz","2018_MLBS_3_537000_4142000_image.tif","Tree",1,537000,537999.999,4142000,4142999.999
"9886",9886,537707.562,537718.37,4142195.181,4142204.751,"Silva","NEON_D07_MLBS_DP1_537000_4142000_classified_point_cloud.laz","2018_MLBS_3_537000_4142000_image.tif","Tree",1,537000,537999.999,4142000,4142999.999
"9887",9887,537625.513,537632.846,4142274.041,4142279.929,"Silva","NEON_D07_MLBS_DP1_537000_4142000_classified_point_cloud.laz","2018_MLBS_3_537000_4142000_image.tif","Tree",1,537000,537999.999,4142000,4142999.999
"9888",9888,537652.024,537660.564,4142266.991,4142276.258,"Silva","NEON_D07_MLBS_DP1_537000_4142000_classified_point_cloud.laz","2018_MLBS_3_537000_4142000_image.tif","Tree",1,537000,537999.999,4142000,4142999.999
"9889",9889,537622.489,537627.498,4142265.505,4142274.46,"Silva","NEON_D07_MLBS_DP1_537000_4142000_classified_point_cloud.laz","2018_MLBS_3_537000_4142000_image.tif","Tree",1,537000,537999.999,4142000,4142999.999
"9890",9890,537650.262,537660.828,4142259.543,4142266.957,"Silva","NEON_D07_MLBS_DP1_537000_4142000_classified_point_cloud.laz","2018_MLBS_3_537000_4142000_image.tif","Tree",1,537000,537999.999,4142000,4142999.999
"9891",9891,537621.624,537627.977,4142252.544,4142257.759,"Silva","NEON_D07_MLBS_DP1_537000_4142000_classified_point_cloud.laz","2018_MLBS_3_537000_4142000_image.tif","Tree",1,537000,537999.999,4142000,4142999.999
"9892",9892,537660.557,537670.994,4142245.068,4142257.323,"Silva","NEON_D07_MLBS_DP1_537000_4142000_classified_point_cloud.laz","2018_MLBS_3_537000_4142000_image.tif","Tree",1,537000,537999.999,4142000,4142999.999
"9893",9893,537625.059,537635.92,4142246.097,4142255.947,"Silva","NEON_D07_MLBS_DP1_537000_4142000_classified_point_cloud.laz","2018_MLBS_3_537000_4142000_image.tif","Tree",1,537000,537999.999,4142000,4142999.999
"9894",9894,537665,537674.64,4142242.854,4142252.979,"Silva","NEON_D07_MLBS_DP1_537000_4142000_classified_point_cloud.laz","2018_MLBS_3_537000_4142000_image.tif","Tree",1,537000,537999.999,4142000,4142999.999
"9895",9895,537671.731,537679.927,4142238.298,4142243.602,"Silva","NEON_D07_MLBS_DP1_537000_4142000_classified_point_cloud.laz","2018_MLBS_3_537000_4142000_image.tif","Tree",1,537000,537999.999,4142000,4142999.999
"9896",9896,537620.045,537631.774,4142238.534,4142245.43,"Silva","NEON_D07_MLBS_DP1_537000_4142000_classified_point_cloud.laz","2018_MLBS_3_537000_4142000_image.tif","Tree",1,537000,537999.999,4142000,4142999.999
"9897",9897,537657.508,537665.934,4142235.747,4142245.891,"Silva","NEON_D07_MLBS_DP1_537000_4142000_classified_point_cloud.laz","2018_MLBS_3_537000_4142000_image.tif","Tree",1,537000,537999.999,4142000,4142999.999
"9898",9898,537640.72,537651.488,4142235.388,4142246.498,"Silva","NEON_D07_MLBS_DP1_537000_4142000_classified_point_cloud.laz","2018_MLBS_3_537000_4142000_image.tif","Tree",1,537000,537999.999,4142000,4142999.999
"9899",9899,537671.759,537678.991,4142233.529,4142239.472,"Silva","NEON_D07_MLBS_DP1_537000_4142000_classified_point_cloud.laz","2018_MLBS_3_537000_4142000_image.tif","Tree",1,537000,537999.999,4142000,4142999.999
"9900",9900,537622.56,537630.435,4142233.1,4142239.989,"Silva","NEON_D07_MLBS_DP1_537000_4142000_classified_point_cloud.laz","2018_MLBS_3_537000_4142000_image.tif","Tree",1,537000,537999.999,4142000,4142999.999
"9901",9901,537627.038,537635.499,4142230.039,4142239.182,"Silva","NEON_D07_MLBS_DP1_537000_4142000_classified_point_cloud.laz","2018_MLBS_3_537000_4142000_image.tif","Tree",1,537000,537999.999,4142000,4142999.999
"9902",9902,537619.117,537625.958,4142229.263,4142238.431,"Silva","NEON_D07_MLBS_DP1_537000_4142000_classified_point_cloud.laz","2018_MLBS_3_537000_4142000_image.tif","Tree",1,537000,537999.999,4142000,4142999.999
"9903",9903,537643.278,537652.897,4142224.362,4142235.479,"Silva","NEON_D07_MLBS_DP1_537000_4142000_classified_point_cloud.laz","2018_MLBS_3_537000_4142000_image.tif","Tree",1,537000,537999.999,4142000,4142999.999
"9904",9904,537622.828,537633.985,4142226.009,4142232.974,"Silva","NEON_D07_MLBS_DP1_537000_4142000_classified_point_cloud.laz","2018_MLBS_3_537000_4142000_image.tif","Tree",1,537000,537999.999,4142000,4142999.999
"9905",9905,537634.018,537644.841,4142221.65,4142233.489,"Silva","NEON_D07_MLBS_DP1_537000_4142000_classified_point_cloud.laz","2018_MLBS_3_537000_4142000_image.tif","Tree",1,537000,537999.999,4142000,4142999.999
"9906",9906,537629.642,537641.942,4142218.765,4142228.832,"Silva","NEON_D07_MLBS_DP1_537000_4142000_classified_point_cloud.laz","2018_MLBS_3_537000_4142000_image.tif","Tree",1,537000,537999.999,4142000,4142999.999
"9907",9907,537614.058,537625.92,4142217.145,4142227.358,"Silva","NEON_D07_MLBS_DP1_537000_4142000_classified_point_cloud.laz","2018_MLBS_3_537000_4142000_image.tif","Tree",1,537000,537999.999,4142000,4142999.999
"9908",9908,537693.567,537706.998,4142231.594,4142240.455,"Silva","NEON_D07_MLBS_DP1_537000_4142000_classified_point_cloud.laz","2018_MLBS_3_537000_4142000_image.tif","Tree",1,537000,537999.999,4142000,4142999.999
"9909",9909,537697.129,537706.963,4142213.538,4142226.683,"Silva","NEON_D07_MLBS_DP1_537000_4142000_classified_point_cloud.laz","2018_MLBS_3_537000_4142000_image.tif","Tree",1,537000,537999.999,4142000,4142999.999
"9910",9910,537773.059,537780.914,4142151.775,4142160.989,"Silva","NEON_D07_MLBS_DP1_537000_4142000_classified_point_cloud.laz","2018_MLBS_3_537000_4142000_image.tif","Tree",1,537000,537999.999,4142000,4142999.999
"9911",9911,537783.508,537785.966,4142154.143,4142156.368,"Silva","NEON_D07_MLBS_DP1_537000_4142000_classified_point_cloud.laz","2018_MLBS_3_537000_4142000_image.tif","Tree",1,537000,537999.999,4142000,4142999.999
"9912",9912,537779.093,537785.417,4142157.844,4142162.823,"Silva","NEON_D07_MLBS_DP1_537000_4142000_classified_point_cloud.laz","2018_MLBS_3_537000_4142000_image.tif","Tree",1,537000,537999.999,4142000,4142999.999
"9913",9913,537795.573,537803.424,4142156.041,4142159.777,"Silva","NEON_D07_MLBS_DP1_537000_4142000_classified_point_cloud.laz","2018_MLBS_3_537000_4142000_image.tif","Tree",1,537000,537999.999,4142000,4142999.999
"9914",9914,537773.533,537779.381,4142159.018,4142166.993,"Silva","NEON_D07_MLBS_DP1_537000_4142000_classified_point_cloud.laz","2018_MLBS_3_537000_4142000_image.tif","Tree",1,537000,537999.999,4142000,4142999.999
"9915",9915,537767.522,537774.491,4142158.993,4142167.967,"Silva","NEON_D07_MLBS_DP1_537000_4142000_classified_point_cloud.laz","2018_MLBS_3_537000_4142000_image.tif","Tree",1,537000,537999.999,4142000,4142999.999
"9916",9916,537780.867,537786.489,4142162.032,4142167.987,"Silva","NEON_D07_MLBS_DP1_537000_4142000_classified_point_cloud.laz","2018_MLBS_3_537000_4142000_image.tif","Tree",1,537000,537999.999,4142000,4142999.999
"9917",9917,537806.519,537815.99,4142155.008,4142164.486,"Silva","NEON_D07_MLBS_DP1_537000_4142000_classified_point_cloud.laz","2018_MLBS_3_537000_4142000_image.tif","Tree",1,537000,537999.999,4142000,4142999.999
"9918",9918,537774.739,537781.314,4142162.074,4142168.763,"Silva","NEON_D07_MLBS_DP1_537000_4142000_classified_point_cloud.laz","2018_MLBS_3_537000_4142000_image.tif","Tree",1,537000,537999.999,4142000,4142999.999
"9919",9919,537761.065,537769.464,4142162.533,4142172.987,"Silva","NEON_D07_MLBS_DP1_537000_4142000_classified_point_cloud.laz","2018_MLBS_3_537000_4142000_image.tif","Tree",1,537000,537999.999,4142000,4142999.999
"9920",9920,537755.564,537762.446,4142164.545,4142173.887,"Silva","NEON_D07_MLBS_DP1_537000_4142000_classified_point_cloud.laz","2018_MLBS_3_537000_4142000_image.tif","Tree",1,537000,537999.999,4142000,4142999.999
"9921",9921,537785.526,537793.497,4142163.022,4142169.86,"Silva","NEON_D07_MLBS_DP1_537000_4142000_classified_point_cloud.laz","2018_MLBS_3_537000_4142000_image.tif","Tree",1,537000,537999.999,4142000,4142999.999
"9922",9922,537792.543,537798.986,4142184.099,4142194.49,"Silva","NEON_D07_MLBS_DP1_537000_4142000_classified_point_cloud.laz","2018_MLBS_3_537000_4142000_image.tif","Tree",1,537000,537999.999,4142000,4142999.999
"9923",9923,537791.045,537801.485,4142179.502,4142186.381,"Silva","NEON_D07_MLBS_DP1_537000_4142000_classified_point_cloud.laz","2018_MLBS_3_537000_4142000_image.tif","Tree",1,537000,537999.999,4142000,4142999.999
"9924",9924,537777.001,537788.439,4142180.506,4142187.364,"Silva","NEON_D07_MLBS_DP1_537000_4142000_classified_point_cloud.laz","2018_MLBS_3_537000_4142000_image.tif","Tree",1,537000,537999.999,4142000,4142999.999
"9925",9925,537764.009,537769.994,4142180.512,4142190.052,"Silva","NEON_D07_MLBS_DP1_537000_4142000_classified_point_cloud.laz","2018_MLBS_3_537000_4142000_image.tif","Tree",1,537000,537999.999,4142000,4142999.999
"9926",9926,537825.008,537835.498,4142163.003,4142168.481,"Silva","NEON_D07_MLBS_DP1_537000_4142000_classified_point_cloud.laz","2018_MLBS_3_537000_4142000_image.tif","Tree",1,537000,537999.999,4142000,4142999.999
"9927",9927,537828.051,537837.972,4142168.016,4142176.994,"Silva","NEON_D07_MLBS_DP1_537000_4142000_classified_point_cloud.laz","2018_MLBS_3_537000_4142000_image.tif","Tree",1,537000,537999.999,4142000,4142999.999
"9928",9928,537823.044,537832.455,4142168.018,4142176.432,"Silva","NEON_D07_MLBS_DP1_537000_4142000_classified_point_cloud.laz","2018_MLBS_3_537000_4142000_image.tif","Tree",1,537000,537999.999,4142000,4142999.999
"9929",9929,537840.004,537848.739,4142209.004,4142221.993,"Silva","NEON_D07_MLBS_DP1_537000_4142000_classified_point_cloud.laz","2018_MLBS_3_537000_4142000_image.tif","Tree",1,537000,537999.999,4142000,4142999.999
"9930",9930,537831.501,537842.463,4142204.024,4142214.493,"Silva","NEON_D07_MLBS_DP1_537000_4142000_classified_point_cloud.laz","2018_MLBS_3_537000_4142000_image.tif","Tree",1,537000,537999.999,4142000,4142999.999
"9931",9931,537802.517,537805.95,4142252.039,4142257.353,"Silva","NEON_D07_MLBS_DP1_537000_4142000_classified_point_cloud.laz","2018_MLBS_3_537000_4142000_image.tif","Tree",1,537000,537999.999,4142000,4142999.999
"9932",9932,537838.501,537844.937,4142258.239,4142260.49,"Silva","NEON_D07_MLBS_DP1_537000_4142000_classified_point_cloud.laz","2018_MLBS_3_537000_4142000_image.tif","Tree",1,537000,537999.999,4142000,4142999.999
"9933",9933,537843.089,537845.958,4142246.35,4142249.469,"Silva","NEON_D07_MLBS_DP1_537000_4142000_classified_point_cloud.laz","2018_MLBS_3_537000_4142000_image.tif","Tree",1,537000,537999.999,4142000,4142999.999
"9934",9934,537828.537,537831.459,4142240.018,4142242.878,"Silva","NEON_D07_MLBS_DP1_537000_4142000_classified_point_cloud.laz","2018_MLBS_3_537000_4142000_image.tif","Tree",1,537000,537999.999,4142000,4142999.999
"9935",9935,537845.04,537847.951,4142234.522,4142236.945,"Silva","NEON_D07_MLBS_DP1_537000_4142000_classified_point_cloud.laz","2018_MLBS_3_537000_4142000_image.tif","Tree",1,537000,537999.999,4142000,4142999.999
"9936",9936,537851.078,537853.989,4142233.014,4142235.862,"Silva","NEON_D07_MLBS_DP1_537000_4142000_classified_point_cloud.laz","2018_MLBS_3_537000_4142000_image.tif","Tree",1,537000,537999.999,4142000,4142999.999
"9937",9937,537845.049,537854.236,4142221.04,4142227.466,"Silva","NEON_D07_MLBS_DP1_537000_4142000_classified_point_cloud.laz","2018_MLBS_3_537000_4142000_image.tif","Tree",1,537000,537999.999,4142000,4142999.999
"9938",9938,537623.175,537627.312,4142285.018,4142290.484,"Silva","NEON_D07_MLBS_DP1_537000_4142000_classified_point_cloud.laz","2018_MLBS_3_537000_4142000_image.tif","Tree",1,537000,537999.999,4142000,4142999.999
"9939",9939,537644.167,537648.268,4142284.139,4142294.942,"Silva","NEON_D07_MLBS_DP1_537000_4142000_classified_point_cloud.laz","2018_MLBS_3_537000_4142000_image.tif","Tree",1,537000,537999.999,4142000,4142999.999
"9940",9940,537633.53,537636.919,4142289.587,4142293.495,"Silva","NEON_D07_MLBS_DP1_537000_4142000_classified_point_cloud.laz","2018_MLBS_3_537000_4142000_image.tif","Tree",1,537000,537999.999,4142000,4142999.999
"9941",9941,537620.513,537628.957,4142290.53,4142299.425,"Silva","NEON_D07_MLBS_DP1_537000_4142000_classified_point_cloud.laz","2018_MLBS_3_537000_4142000_image.tif","Tree",1,537000,537999.999,4142000,4142999.999
"9942",9942,537632.059,537636.98,4142293.524,4142298.92,"Silva","NEON_D07_MLBS_DP1_537000_4142000_classified_point_cloud.laz","2018_MLBS_3_537000_4142000_image.tif","Tree",1,537000,537999.999,4142000,4142999.999
"9943",9943,537637.075,537645.47,4142295.165,4142298.448,"Silva","NEON_D07_MLBS_DP1_537000_4142000_classified_point_cloud.laz","2018_MLBS_3_537000_4142000_image.tif","Tree",1,537000,537999.999,4142000,4142999.999
"9944",9944,537625.503,537632.818,4142297.068,4142303.469,"Silva","NEON_D07_MLBS_DP1_537000_4142000_classified_point_cloud.laz","2018_MLBS_3_537000_4142000_image.tif","Tree",1,537000,537999.999,4142000,4142999.999
"9945",9945,537644.558,537648.484,4142298.032,4142301.43,"Silva","NEON_D07_MLBS_DP1_537000_4142000_classified_point_cloud.laz","2018_MLBS_3_537000_4142000_image.tif","Tree",1,537000,537999.999,4142000,4142999.999
"9946",9946,537619.556,537625.492,4142311.777,4142316.993,"Silva","NEON_D07_MLBS_DP1_537000_4142000_classified_point_cloud.laz","2018_MLBS_3_537000_4142000_image.tif","Tree",1,537000,537999.999,4142000,4142999.999
"9947",9947,537672.549,537674.477,4142313.043,4142316.372,"Silva","NEON_D07_MLBS_DP1_537000_4142000_classified_point_cloud.laz","2018_MLBS_3_537000_4142000_image.tif","Tree",1,537000,537999.999,4142000,4142999.999
"9948",9948,537618.581,537628.466,4142316.059,4142321.865,"Silva","NEON_D07_MLBS_DP1_537000_4142000_classified_point_cloud.laz","2018_MLBS_3_537000_4142000_image.tif","Tree",1,537000,537999.999,4142000,4142999.999
"9949",9949,537629.546,537637.463,4142346.021,4142349.473,"Silva","NEON_D07_MLBS_DP1_537000_4142000_classified_point_cloud.laz","2018_MLBS_3_537000_4142000_image.tif","Tree",1,537000,537999.999,4142000,4142999.999
"9950",9950,537641.169,537643.33,4142348.025,4142349.295,"Silva","NEON_D07_MLBS_DP1_537000_4142000_classified_point_cloud.laz","2018_MLBS_3_537000_4142000_image.tif","Tree",1,537000,537999.999,4142000,4142999.999
"9951",9951,537622.05,537627.487,4142339.046,4142343.488,"Silva","NEON_D07_MLBS_DP1_537000_4142000_classified_point_cloud.laz","2018_MLBS_3_537000_4142000_image.tif","Tree",1,537000,537999.999,4142000,4142999.999
"9952",9952,537633.531,537638.472,4142334.573,4142340.375,"Silva","NEON_D07_MLBS_DP1_537000_4142000_classified_point_cloud.laz","2018_MLBS_3_537000_4142000_image.tif","Tree",1,537000,537999.999,4142000,4142999.999
"9953",9953,537668.069,537675.953,4142332.553,4142335.923,"Silva","NEON_D07_MLBS_DP1_537000_4142000_classified_point_cloud.laz","2018_MLBS_3_537000_4142000_image.tif","Tree",1,537000,537999.999,4142000,4142999.999
"9954",9954,537620.934,537625.458,4142331.085,4142333.47,"Silva","NEON_D07_MLBS_DP1_537000_4142000_classified_point_cloud.laz","2018_MLBS_3_537000_4142000_image.tif","Tree",1,537000,537999.999,4142000,4142999.999
"9955",9955,537661.546,537663.597,4142320.017,4142322.494,"Silva","NEON_D07_MLBS_DP1_537000_4142000_classified_point_cloud.laz","2018_MLBS_3_537000_4142000_image.tif","Tree",1,537000,537999.999,4142000,4142999.999
"9956",9956,537667.011,537677.262,4142315.944,4142324.814,"Silva","NEON_D07_MLBS_DP1_537000_4142000_classified_point_cloud.laz","2018_MLBS_3_537000_4142000_image.tif","Tree",1,537000,537999.999,4142000,4142999.999
"9957",9957,537650.602,537656.472,4142372.678,4142380.463,"Silva","NEON_D07_MLBS_DP1_537000_4142000_classified_point_cloud.laz","2018_MLBS_3_537000_4142000_image.tif","Tree",1,537000,537999.999,4142000,4142999.999
"9958",9958,537629.515,537638.306,4142374.586,4142380.424,"Silva","NEON_D07_MLBS_DP1_537000_4142000_classified_point_cloud.laz","2018_MLBS_3_537000_4142000_image.tif","Tree",1,537000,537999.999,4142000,4142999.999
"9959",9959,537678.524,537684.465,4142372.704,4142381.131,"Silva","NEON_D07_MLBS_DP1_537000_4142000_classified_point_cloud.laz","2018_MLBS_3_537000_4142000_image.tif","Tree",1,537000,537999.999,4142000,4142999.999
"9960",9960,537654.094,537662.995,4142377.507,4142382.497,"Silva","NEON_D07_MLBS_DP1_537000_4142000_classified_point_cloud.laz","2018_MLBS_3_537000_4142000_image.tif","Tree",1,537000,537999.999,4142000,4142999.999
"9961",9961,537665.055,537673.475,4142376.523,4142386.228,"Silva","NEON_D07_MLBS_DP1_537000_4142000_classified_point_cloud.laz","2018_MLBS_3_537000_4142000_image.tif","Tree",1,537000,537999.999,4142000,4142999.999
"9962",9962,537637.509,537644.949,4142376.563,4142384.472,"Silva","NEON_D07_MLBS_DP1_537000_4142000_classified_point_cloud.laz","2018_MLBS_3_537000_4142000_image.tif","Tree",1,537000,537999.999,4142000,4142999.999
"9963",9963,537682.048,537686.469,4142378.049,4142383.456,"Silva","NEON_D07_MLBS_DP1_537000_4142000_classified_point_cloud.laz","2018_MLBS_3_537000_4142000_image.tif","Tree",1,537000,537999.999,4142000,4142999.999
"9964",9964,537624.001,537630.994,4142376.513,4142384.913,"Silva","NEON_D07_MLBS_DP1_537000_4142000_classified_point_cloud.laz","2018_MLBS_3_537000_4142000_image.tif","Tree",1,537000,537999.999,4142000,4142999.999
"9965",9965,537648.023,537654.498,4142381.539,4142387.488,"Silva","NEON_D07_MLBS_DP1_537000_4142000_classified_point_cloud.laz","2018_MLBS_3_537000_4142000_image.tif","Tree",1,537000,537999.999,4142000,4142999.999
"9966",9966,537677.506,537685.495,4142381.552,4142387.925,"Silva","NEON_D07_MLBS_DP1_537000_4142000_classified_point_cloud.laz","2018_MLBS_3_537000_4142000_image.tif","Tree",1,537000,537999.999,4142000,4142999.999
"9967",9967,537642.574,537649.482,4142383.556,4142391.811,"Silva","NEON_D07_MLBS_DP1_537000_4142000_classified_point_cloud.laz","2018_MLBS_3_537000_4142000_image.tif","Tree",1,537000,537999.999,4142000,4142999.999
"9968",9968,537636.047,537643.995,4142384.507,4142392.955,"Silva","NEON_D07_MLBS_DP1_537000_4142000_classified_point_cloud.laz","2018_MLBS_3_537000_4142000_image.tif","Tree",1,537000,537999.999,4142000,4142999.999
"9969",9969,537655.243,537665.493,4142388.041,4142396.847,"Silva","NEON_D07_MLBS_DP1_537000_4142000_classified_point_cloud.laz","2018_MLBS_3_537000_4142000_image.tif","Tree",1,537000,537999.999,4142000,4142999.999
"9970",9970,537639.57,537645.936,4142392.611,4142400.499,"Silva","NEON_D07_MLBS_DP1_537000_4142000_classified_point_cloud.laz","2018_MLBS_3_537000_4142000_image.tif","Tree",1,537000,537999.999,4142000,4142999.999
"9971",9971,537655.012,537664.496,4142395.506,4142401.952,"Silva","NEON_D07_MLBS_DP1_537000_4142000_classified_point_cloud.laz","2018_MLBS_3_537000_4142000_image.tif","Tree",1,537000,537999.999,4142000,4142999.999
"9972",9972,537633.117,537640.981,4142397.715,4142404.492,"Silva","NEON_D07_MLBS_DP1_537000_4142000_classified_point_cloud.laz","2018_MLBS_3_537000_4142000_image.tif","Tree",1,537000,537999.999,4142000,4142999.999
"9973",9973,537648.013,537654.474,4142399.073,4142405.41,"Silva","NEON_D07_MLBS_DP1_537000_4142000_classified_point_cloud.laz","2018_MLBS_3_537000_4142000_image.tif","Tree",1,537000,537999.999,4142000,4142999.999
"9974",9974,537638.065,537644.484,4142400.539,4142406.971,"Silva","NEON_D07_MLBS_DP1_537000_4142000_classified_point_cloud.laz","2018_MLBS_3_537000_4142000_image.tif","Tree",1,537000,537999.999,4142000,4142999.999
"9975",9975,537652.088,537655.375,4142400.534,4142406.836,"Silva","NEON_D07_MLBS_DP1_537000_4142000_classified_point_cloud.laz","2018_MLBS_3_537000_4142000_image.tif","Tree",1,537000,537999.999,4142000,4142999.999
"9976",9976,537638.096,537645.47,4142407.023,4142413.957,"Silva","NEON_D07_MLBS_DP1_537000_4142000_classified_point_cloud.laz","2018_MLBS_3_537000_4142000_image.tif","Tree",1,537000,537999.999,4142000,4142999.999
"9977",9977,537680.183,537683.49,4142408.507,4142414.985,"Silva","NEON_D07_MLBS_DP1_537000_4142000_classified_point_cloud.laz","2018_MLBS_3_537000_4142000_image.tif","Tree",1,537000,537999.999,4142000,4142999.999
"9978",9978,537671.801,537676.816,4142407.652,4142415.946,"Silva","NEON_D07_MLBS_DP1_537000_4142000_classified_point_cloud.laz","2018_MLBS_3_537000_4142000_image.tif","Tree",1,537000,537999.999,4142000,4142999.999
"9979",9979,537633.017,537635.708,4142414.582,4142417.135,"Silva","NEON_D07_MLBS_DP1_537000_4142000_classified_point_cloud.laz","2018_MLBS_3_537000_4142000_image.tif","Tree",1,537000,537999.999,4142000,4142999.999
"9980",9980,537632.211,537639.436,4142404.06,4142410.245,"Silva","NEON_D07_MLBS_DP1_537000_4142000_classified_point_cloud.laz","2018_MLBS_3_537000_4142000_image.tif","Tree",1,537000,537999.999,4142000,4142999.999
"9981",9981,537645.533,537648.943,4142372.507,4142376.944,"Silva","NEON_D07_MLBS_DP1_537000_4142000_classified_point_cloud.laz","2018_MLBS_3_537000_4142000_image.tif","Tree",1,537000,537999.999,4142000,4142999.999
"9982",9982,537634.599,537639.477,4142369.043,4142376.46,"Silva","NEON_D07_MLBS_DP1_537000_4142000_classified_point_cloud.laz","2018_MLBS_3_537000_4142000_image.tif","Tree",1,537000,537999.999,4142000,4142999.999
"9983",9983,537629.506,537635.964,4142368.065,4142375.994,"Silva","NEON_D07_MLBS_DP1_537000_4142000_classified_point_cloud.laz","2018_MLBS_3_537000_4142000_image.tif","Tree",1,537000,537999.999,4142000,4142999.999
"9984",9984,537642.523,537646.306,4142368.508,4142371.368,"Silva","NEON_D07_MLBS_DP1_537000_4142000_classified_point_cloud.laz","2018_MLBS_3_537000_4142000_image.tif","Tree",1,537000,537999.999,4142000,4142999.999
"9985",9985,537670.63,537672.499,4142367.058,4142371.457,"Silva","NEON_D07_MLBS_DP1_537000_4142000_classified_point_cloud.laz","2018_MLBS_3_537000_4142000_image.tif","Tree",1,537000,537999.999,4142000,4142999.999
"9986",9986,537675.101,537680.494,4142362.547,4142369.827,"Silva","NEON_D07_MLBS_DP1_537000_4142000_classified_point_cloud.laz","2018_MLBS_3_537000_4142000_image.tif","Tree",1,537000,537999.999,4142000,4142999.999
"9987",9987,537637.063,537643.487,4142361.009,4142368.492,"Silva","NEON_D07_MLBS_DP1_537000_4142000_classified_point_cloud.laz","2018_MLBS_3_537000_4142000_image.tif","Tree",1,537000,537999.999,4142000,4142999.999
"9988",9988,537631.017,537638.891,4142358.538,4142368.452,"Silva","NEON_D07_MLBS_DP1_537000_4142000_classified_point_cloud.laz","2018_MLBS_3_537000_4142000_image.tif","Tree",1,537000,537999.999,4142000,4142999.999
"9989",9989,537650.001,537654.995,4142358.552,4142366,"Silva","NEON_D07_MLBS_DP1_537000_4142000_classified_point_cloud.laz","2018_MLBS_3_537000_4142000_image.tif","Tree",1,537000,537999.999,4142000,4142999.999
"9990",9990,537645.326,537649.953,4142357.703,4142363.498,"Silva","NEON_D07_MLBS_DP1_537000_4142000_classified_point_cloud.laz","2018_MLBS_3_537000_4142000_image.tif","Tree",1,537000,537999.999,4142000,4142999.999
"9991",9991,537653.038,537659.435,4142353.507,4142361.403,"Silva","NEON_D07_MLBS_DP1_537000_4142000_classified_point_cloud.laz","2018_MLBS_3_537000_4142000_image.tif","Tree",1,537000,537999.999,4142000,4142999.999
"9992",9992,537785.365,537787.331,4142347.023,4142350.428,"Silva","NEON_D07_MLBS_DP1_537000_4142000_classified_point_cloud.laz","2018_MLBS_3_537000_4142000_image.tif","Tree",1,537000,537999.999,4142000,4142999.999
"9993",9993,537789.115,537791.333,4142346.247,4142347.872,"Silva","NEON_D07_MLBS_DP1_537000_4142000_classified_point_cloud.laz","2018_MLBS_3_537000_4142000_image.tif","Tree",1,537000,537999.999,4142000,4142999.999
"9994",9994,537844.29,537844.468,4142289.126,4142289.962,"Silva","NEON_D07_MLBS_DP1_537000_4142000_classified_point_cloud.laz","2018_MLBS_3_537000_4142000_image.tif","Tree",1,537000,537999.999,4142000,4142999.999
"9995",9995,537845.037,537849.376,4142291.08,4142298.989,"Silva","NEON_D07_MLBS_DP1_537000_4142000_classified_point_cloud.laz","2018_MLBS_3_537000_4142000_image.tif","Tree",1,537000,537999.999,4142000,4142999.999
"9996",9996,537841.569,537843.946,4142340.044,4142342.427,"Silva","NEON_D07_MLBS_DP1_537000_4142000_classified_point_cloud.laz","2018_MLBS_3_537000_4142000_image.tif","Tree",1,537000,537999.999,4142000,4142999.999
"9997",9997,537804.559,537815.474,4142380.55,4142391.484,"Silva","NEON_D07_MLBS_DP1_537000_4142000_classified_point_cloud.laz","2018_MLBS_3_537000_4142000_image.tif","Tree",1,537000,537999.999,4142000,4142999.999
"9998",9998,537806.507,537809.975,4142391.569,4142396.984,"Silva","NEON_D07_MLBS_DP1_537000_4142000_classified_point_cloud.laz","2018_MLBS_3_537000_4142000_image.tif","Tree",1,537000,537999.999,4142000,4142999.999
"9999",9999,537800.068,537809.475,4142400.008,4142408.984,"Silva","NEON_D07_MLBS_DP1_537000_4142000_classified_point_cloud.laz","2018_MLBS_3_537000_4142000_image.tif","Tree",1,537000,537999.999,4142000,4142999.999
"10000",10000,537774.729,537779.458,4142348.007,4142356.981,"Silva","NEON_D07_MLBS_DP1_537000_4142000_classified_point_cloud.laz","2018_MLBS_3_537000_4142000_image.tif","Tree",1,537000,537999.999,4142000,4142999.999
"10001",10001,537841.034,537848.984,4142365.006,4142374.182,"Silva","NEON_D07_MLBS_DP1_537000_4142000_classified_point_cloud.laz","2018_MLBS_3_537000_4142000_image.tif","Tree",1,537000,537999.999,4142000,4142999.999
"10002",10002,537550.517,537561.477,4142186.003,4142196.471,"Silva","NEON_D07_MLBS_DP1_537000_4142000_classified_point_cloud.laz","2018_MLBS_3_537000_4142000_image.tif","Tree",1,537000,537999.999,4142000,4142999.999
"10003",10003,537571.511,537578.933,4142195.291,4142203.489,"Silva","NEON_D07_MLBS_DP1_537000_4142000_classified_point_cloud.laz","2018_MLBS_3_537000_4142000_image.tif","Tree",1,537000,537999.999,4142000,4142999.999
"10004",10004,537543.171,537550.98,4142202.515,4142210.394,"Silva","NEON_D07_MLBS_DP1_537000_4142000_classified_point_cloud.laz","2018_MLBS_3_537000_4142000_image.tif","Tree",1,537000,537999.999,4142000,4142999.999
"10005",10005,537578.665,537587.823,4142200.628,4142206.491,"Silva","NEON_D07_MLBS_DP1_537000_4142000_classified_point_cloud.laz","2018_MLBS_3_537000_4142000_image.tif","Tree",1,537000,537999.999,4142000,4142999.999
"10006",10006,537537.534,537547.926,4142209.027,4142217.447,"Silva","NEON_D07_MLBS_DP1_537000_4142000_classified_point_cloud.laz","2018_MLBS_3_537000_4142000_image.tif","Tree",1,537000,537999.999,4142000,4142999.999
"10007",10007,537547.194,537553.987,4142210.001,4142218.396,"Silva","NEON_D07_MLBS_DP1_537000_4142000_classified_point_cloud.laz","2018_MLBS_3_537000_4142000_image.tif","Tree",1,537000,537999.999,4142000,4142999.999
"10008",10008,537596.517,537605.489,4142207.029,4142214.476,"Silva","NEON_D07_MLBS_DP1_537000_4142000_classified_point_cloud.laz","2018_MLBS_3_537000_4142000_image.tif","Tree",1,537000,537999.999,4142000,4142999.999
"10009",10009,537548.026,537557.299,4142219.177,4142225.71,"Silva","NEON_D07_MLBS_DP1_537000_4142000_classified_point_cloud.laz","2018_MLBS_3_537000_4142000_image.tif","Tree",1,537000,537999.999,4142000,4142999.999
"10010",10010,537542.047,537547.948,4142217.503,4142224.879,"Silva","NEON_D07_MLBS_DP1_537000_4142000_classified_point_cloud.laz","2018_MLBS_3_537000_4142000_image.tif","Tree",1,537000,537999.999,4142000,4142999.999
"10011",10011,537534.148,537541.996,4142222.032,4142232.489,"Silva","NEON_D07_MLBS_DP1_537000_4142000_classified_point_cloud.laz","2018_MLBS_3_537000_4142000_image.tif","Tree",1,537000,537999.999,4142000,4142999.999
"10012",10012,537554.534,537563.969,4142219.012,4142232.924,"Silva","NEON_D07_MLBS_DP1_537000_4142000_classified_point_cloud.laz","2018_MLBS_3_537000_4142000_image.tif","Tree",1,537000,537999.999,4142000,4142999.999
"10013",10013,537568.591,537577.474,4142226.037,4142234.444,"Silva","NEON_D07_MLBS_DP1_537000_4142000_classified_point_cloud.laz","2018_MLBS_3_537000_4142000_image.tif","Tree",1,537000,537999.999,4142000,4142999.999
"10014",10014,537540,537550.407,4142229.008,4142237.443,"Silva","NEON_D07_MLBS_DP1_537000_4142000_classified_point_cloud.laz","2018_MLBS_3_537000_4142000_image.tif","Tree",1,537000,537999.999,4142000,4142999.999
"10015",10015,537579.521,537589.427,4142245.003,4142255.861,"Silva","NEON_D07_MLBS_DP1_537000_4142000_classified_point_cloud.laz","2018_MLBS_3_537000_4142000_image.tif","Tree",1,537000,537999.999,4142000,4142999.999
"10016",10016,537584.086,537595.281,4142248.033,4142256.997,"Silva","NEON_D07_MLBS_DP1_537000_4142000_classified_point_cloud.laz","2018_MLBS_3_537000_4142000_image.tif","Tree",1,537000,537999.999,4142000,4142999.999
"10017",10017,537546.007,537560.953,4142264.069,4142273.996,"Silva","NEON_D07_MLBS_DP1_537000_4142000_classified_point_cloud.laz","2018_MLBS_3_537000_4142000_image.tif","Tree",1,537000,537999.999,4142000,4142999.999
"10018",10018,537549.043,537559.36,4142254.531,4142265.98,"Silva","NEON_D07_MLBS_DP1_537000_4142000_classified_point_cloud.laz","2018_MLBS_3_537000_4142000_image.tif","Tree",1,537000,537999.999,4142000,4142999.999
"10019",10019,537596.616,537600.984,4142285.128,4142293.991,"Silva","NEON_D07_MLBS_DP1_537000_4142000_classified_point_cloud.laz","2018_MLBS_3_537000_4142000_image.tif","Tree",1,537000,537999.999,4142000,4142999.999
"10020",10020,537589.628,537597.938,4142283.586,4142291,"Silva","NEON_D07_MLBS_DP1_537000_4142000_classified_point_cloud.laz","2018_MLBS_3_537000_4142000_image.tif","Tree",1,537000,537999.999,4142000,4142999.999
"10021",10021,537534.011,537546.988,4142282.525,4142293.959,"Silva","NEON_D07_MLBS_DP1_537000_4142000_classified_point_cloud.laz","2018_MLBS_3_537000_4142000_image.tif","Tree",1,537000,537999.999,4142000,4142999.999
"10022",10022,537586.503,537591.994,4142288.152,4142295.985,"Silva","NEON_D07_MLBS_DP1_537000_4142000_classified_point_cloud.laz","2018_MLBS_3_537000_4142000_image.tif","Tree",1,537000,537999.999,4142000,4142999.999
"10023",10023,537591.579,537598.869,4142291.004,4142297.46,"Silva","NEON_D07_MLBS_DP1_537000_4142000_classified_point_cloud.laz","2018_MLBS_3_537000_4142000_image.tif","Tree",1,537000,537999.999,4142000,4142999.999
"10024",10024,537551.698,537562.258,4142294.096,4142301.965,"Silva","NEON_D07_MLBS_DP1_537000_4142000_classified_point_cloud.laz","2018_MLBS_3_537000_4142000_image.tif","Tree",1,537000,537999.999,4142000,4142999.999
"10025",10025,537577.059,537592.459,4142295.026,4142301.987,"Silva","NEON_D07_MLBS_DP1_537000_4142000_classified_point_cloud.laz","2018_MLBS_3_537000_4142000_image.tif","Tree",1,537000,537999.999,4142000,4142999.999
"10026",10026,537517.084,537528.993,4142293.503,4142305.962,"Silva","NEON_D07_MLBS_DP1_537000_4142000_classified_point_cloud.laz","2018_MLBS_3_537000_4142000_image.tif","Tree",1,537000,537999.999,4142000,4142999.999
"10027",10027,537546.002,537555.48,4142297.576,4142306.434,"Silva","NEON_D07_MLBS_DP1_537000_4142000_classified_point_cloud.laz","2018_MLBS_3_537000_4142000_image.tif","Tree",1,537000,537999.999,4142000,4142999.999
"10028",10028,537539.018,537549.431,4142300.164,4142308,"Silva","NEON_D07_MLBS_DP1_537000_4142000_classified_point_cloud.laz","2018_MLBS_3_537000_4142000_image.tif","Tree",1,537000,537999.999,4142000,4142999.999
"10029",10029,537589.034,537597.422,4142299.183,4142309.465,"Silva","NEON_D07_MLBS_DP1_537000_4142000_classified_point_cloud.laz","2018_MLBS_3_537000_4142000_image.tif","Tree",1,537000,537999.999,4142000,4142999.999
"10030",10030,537527.537,537539.957,4142304.001,4142313.932,"Silva","NEON_D07_MLBS_DP1_537000_4142000_classified_point_cloud.laz","2018_MLBS_3_537000_4142000_image.tif","Tree",1,537000,537999.999,4142000,4142999.999
"10031",10031,537540.233,537551.986,4142305.564,4142313.288,"Silva","NEON_D07_MLBS_DP1_537000_4142000_classified_point_cloud.laz","2018_MLBS_3_537000_4142000_image.tif","Tree",1,537000,537999.999,4142000,4142999.999
"10032",10032,537602.01,537610.49,4142307.505,4142314.983,"Silva","NEON_D07_MLBS_DP1_537000_4142000_classified_point_cloud.laz","2018_MLBS_3_537000_4142000_image.tif","Tree",1,537000,537999.999,4142000,4142999.999
"10033",10033,537543.628,537554.899,4142309.18,4142317.864,"Silva","NEON_D07_MLBS_DP1_537000_4142000_classified_point_cloud.laz","2018_MLBS_3_537000_4142000_image.tif","Tree",1,537000,537999.999,4142000,4142999.999
"10034",10034,537544.008,537554.456,4142318.004,4142326.998,"Silva","NEON_D07_MLBS_DP1_537000_4142000_classified_point_cloud.laz","2018_MLBS_3_537000_4142000_image.tif","Tree",1,537000,537999.999,4142000,4142999.999
"10035",10035,537601.088,537613.917,4142314.56,4142324.88,"Silva","NEON_D07_MLBS_DP1_537000_4142000_classified_point_cloud.laz","2018_MLBS_3_537000_4142000_image.tif","Tree",1,537000,537999.999,4142000,4142999.999
"10036",10036,537589.95,537600.97,4142328.045,4142344.225,"Silva","NEON_D07_MLBS_DP1_537000_4142000_classified_point_cloud.laz","2018_MLBS_3_537000_4142000_image.tif","Tree",1,537000,537999.999,4142000,4142999.999
"10037",10037,537552.26,537560.88,4142333.514,4142343.396,"Silva","NEON_D07_MLBS_DP1_537000_4142000_classified_point_cloud.laz","2018_MLBS_3_537000_4142000_image.tif","Tree",1,537000,537999.999,4142000,4142999.999
"10038",10038,537605.013,537611.481,4142333.017,4142340.75,"Silva","NEON_D07_MLBS_DP1_537000_4142000_classified_point_cloud.laz","2018_MLBS_3_537000_4142000_image.tif","Tree",1,537000,537999.999,4142000,4142999.999
"10039",10039,537556.079,537571.392,4142338.559,4142345.982,"Silva","NEON_D07_MLBS_DP1_537000_4142000_classified_point_cloud.laz","2018_MLBS_3_537000_4142000_image.tif","Tree",1,537000,537999.999,4142000,4142999.999
"10040",10040,537615.026,537620.824,4142338.025,4142343.989,"Silva","NEON_D07_MLBS_DP1_537000_4142000_classified_point_cloud.laz","2018_MLBS_3_537000_4142000_image.tif","Tree",1,537000,537999.999,4142000,4142999.999
"10041",10041,537542.507,537552.336,4142340.31,4142350.994,"Silva","NEON_D07_MLBS_DP1_537000_4142000_classified_point_cloud.laz","2018_MLBS_3_537000_4142000_image.tif","Tree",1,537000,537999.999,4142000,4142999.999
"10042",10042,537614.019,537621.94,4142342.561,4142350.99,"Silva","NEON_D07_MLBS_DP1_537000_4142000_classified_point_cloud.laz","2018_MLBS_3_537000_4142000_image.tif","Tree",1,537000,537999.999,4142000,4142999.999
"10043",10043,537559.055,537572.463,4142342.604,4142352.997,"Silva","NEON_D07_MLBS_DP1_537000_4142000_classified_point_cloud.laz","2018_MLBS_3_537000_4142000_image.tif","Tree",1,537000,537999.999,4142000,4142999.999
"10044",10044,537539.536,537548.958,4142347.528,4142354.918,"Silva","NEON_D07_MLBS_DP1_537000_4142000_classified_point_cloud.laz","2018_MLBS_3_537000_4142000_image.tif","Tree",1,537000,537999.999,4142000,4142999.999
"10045",10045,537554.773,537562.465,4142347.038,4142356.707,"Silva","NEON_D07_MLBS_DP1_537000_4142000_classified_point_cloud.laz","2018_MLBS_3_537000_4142000_image.tif","Tree",1,537000,537999.999,4142000,4142999.999
"10046",10046,537566.186,537579.376,4142343.011,4142358.445,"Silva","NEON_D07_MLBS_DP1_537000_4142000_classified_point_cloud.laz","2018_MLBS_3_537000_4142000_image.tif","Tree",1,537000,537999.999,4142000,4142999.999
"10047",10047,537560.643,537569.88,4142352.51,4142359.989,"Silva","NEON_D07_MLBS_DP1_537000_4142000_classified_point_cloud.laz","2018_MLBS_3_537000_4142000_image.tif","Tree",1,537000,537999.999,4142000,4142999.999
"10048",10048,537545.504,537553.911,4142352.025,4142359.47,"Silva","NEON_D07_MLBS_DP1_537000_4142000_classified_point_cloud.laz","2018_MLBS_3_537000_4142000_image.tif","Tree",1,537000,537999.999,4142000,4142999.999
"10049",10049,537552.28,537558.473,4142355.001,4142361.465,"Silva","NEON_D07_MLBS_DP1_537000_4142000_classified_point_cloud.laz","2018_MLBS_3_537000_4142000_image.tif","Tree",1,537000,537999.999,4142000,4142999.999
"10050",10050,537545.079,537552.452,4142359.011,4142363.996,"Silva","NEON_D07_MLBS_DP1_537000_4142000_classified_point_cloud.laz","2018_MLBS_3_537000_4142000_image.tif","Tree",1,537000,537999.999,4142000,4142999.999
"10051",10051,537529.043,537540.486,4142356.132,4142366.489,"Silva","NEON_D07_MLBS_DP1_537000_4142000_classified_point_cloud.laz","2018_MLBS_3_537000_4142000_image.tif","Tree",1,537000,537999.999,4142000,4142999.999
"10052",10052,537566.004,537572.476,4142358.01,4142365.423,"Silva","NEON_D07_MLBS_DP1_537000_4142000_classified_point_cloud.laz","2018_MLBS_3_537000_4142000_image.tif","Tree",1,537000,537999.999,4142000,4142999.999
"10053",10053,537564.611,537575.468,4142364.513,4142371.496,"Silva","NEON_D07_MLBS_DP1_537000_4142000_classified_point_cloud.laz","2018_MLBS_3_537000_4142000_image.tif","Tree",1,537000,537999.999,4142000,4142999.999
"10054",10054,537546.009,537554.994,4142367.056,4142373.437,"Silva","NEON_D07_MLBS_DP1_537000_4142000_classified_point_cloud.laz","2018_MLBS_3_537000_4142000_image.tif","Tree",1,537000,537999.999,4142000,4142999.999
"10055",10055,537546.045,537554.539,4142371.794,4142378.434,"Silva","NEON_D07_MLBS_DP1_537000_4142000_classified_point_cloud.laz","2018_MLBS_3_537000_4142000_image.tif","Tree",1,537000,537999.999,4142000,4142999.999
"10056",10056,537610.501,537622.99,4142363.011,4142375.171,"Silva","NEON_D07_MLBS_DP1_537000_4142000_classified_point_cloud.laz","2018_MLBS_3_537000_4142000_image.tif","Tree",1,537000,537999.999,4142000,4142999.999
"10057",10057,537520.317,537532.491,4142367.593,4142377.964,"Silva","NEON_D07_MLBS_DP1_537000_4142000_classified_point_cloud.laz","2018_MLBS_3_537000_4142000_image.tif","Tree",1,537000,537999.999,4142000,4142999.999
"10058",10058,537540.537,537547.887,4142370.004,4142379.398,"Silva","NEON_D07_MLBS_DP1_537000_4142000_classified_point_cloud.laz","2018_MLBS_3_537000_4142000_image.tif","Tree",1,537000,537999.999,4142000,4142999.999
"10059",10059,537532.029,537540.492,4142374.643,4142379.997,"Silva","NEON_D07_MLBS_DP1_537000_4142000_classified_point_cloud.laz","2018_MLBS_3_537000_4142000_image.tif","Tree",1,537000,537999.999,4142000,4142999.999
"10060",10060,537612.69,537621.966,4142374.718,4142383.475,"Silva","NEON_D07_MLBS_DP1_537000_4142000_classified_point_cloud.laz","2018_MLBS_3_537000_4142000_image.tif","Tree",1,537000,537999.999,4142000,4142999.999
"10061",10061,537516.027,537525.99,4142373.006,4142383.943,"Silva","NEON_D07_MLBS_DP1_537000_4142000_classified_point_cloud.laz","2018_MLBS_3_537000_4142000_image.tif","Tree",1,537000,537999.999,4142000,4142999.999
"10062",10062,537541.54,537552.496,4142379.544,4142385.998,"Silva","NEON_D07_MLBS_DP1_537000_4142000_classified_point_cloud.laz","2018_MLBS_3_537000_4142000_image.tif","Tree",1,537000,537999.999,4142000,4142999.999
"10063",10063,537611.106,537615.975,4142377.37,4142385.456,"Silva","NEON_D07_MLBS_DP1_537000_4142000_classified_point_cloud.laz","2018_MLBS_3_537000_4142000_image.tif","Tree",1,537000,537999.999,4142000,4142999.999
"10064",10064,537498.51,537511.988,4142378.645,4142391.971,"Silva","NEON_D07_MLBS_DP1_537000_4142000_classified_point_cloud.laz","2018_MLBS_3_537000_4142000_image.tif","Tree",1,537000,537999.999,4142000,4142999.999
"10065",10065,537565.552,537574.979,4142404.017,4142412.991,"Silva","NEON_D07_MLBS_DP1_537000_4142000_classified_point_cloud.laz","2018_MLBS_3_537000_4142000_image.tif","Tree",1,537000,537999.999,4142000,4142999.999
"10066",10066,537604.535,537611.996,4142411.74,4142419.939,"Silva","NEON_D07_MLBS_DP1_537000_4142000_classified_point_cloud.laz","2018_MLBS_3_537000_4142000_image.tif","Tree",1,537000,537999.999,4142000,4142999.999
"10067",10067,537560.029,537571.379,4142408.507,4142420.472,"Silva","NEON_D07_MLBS_DP1_537000_4142000_classified_point_cloud.laz","2018_MLBS_3_537000_4142000_image.tif","Tree",1,537000,537999.999,4142000,4142999.999
"10068",10068,537596.178,537604.49,4142411.694,4142417.85,"Silva","NEON_D07_MLBS_DP1_537000_4142000_classified_point_cloud.laz","2018_MLBS_3_537000_4142000_image.tif","Tree",1,537000,537999.999,4142000,4142999.999
"10069",10069,537507.524,537515.498,4142409.01,4142420,"Silva","NEON_D07_MLBS_DP1_537000_4142000_classified_point_cloud.laz","2018_MLBS_3_537000_4142000_image.tif","Tree",1,537000,537999.999,4142000,4142999.999
"10070",10070,537589.774,537600.951,4142408.506,4142415.499,"Silva","NEON_D07_MLBS_DP1_537000_4142000_classified_point_cloud.laz","2018_MLBS_3_537000_4142000_image.tif","Tree",1,537000,537999.999,4142000,4142999.999
"10071",10071,537515.018,537526.985,4142403.562,4142417.464,"Silva","NEON_D07_MLBS_DP1_537000_4142000_classified_point_cloud.laz","2018_MLBS_3_537000_4142000_image.tif","Tree",1,537000,537999.999,4142000,4142999.999
"10072",10072,537580.555,537590.493,4142399.653,4142412.483,"Silva","NEON_D07_MLBS_DP1_537000_4142000_classified_point_cloud.laz","2018_MLBS_3_537000_4142000_image.tif","Tree",1,537000,537999.999,4142000,4142999.999
"10073",10073,537590.507,537601.431,4142399.611,4142408.496,"Silva","NEON_D07_MLBS_DP1_537000_4142000_classified_point_cloud.laz","2018_MLBS_3_537000_4142000_image.tif","Tree",1,537000,537999.999,4142000,4142999.999
"10074",10074,537495.518,537504.488,4142402.629,4142412.466,"Silva","NEON_D07_MLBS_DP1_537000_4142000_classified_point_cloud.laz","2018_MLBS_3_537000_4142000_image.tif","Tree",1,537000,537999.999,4142000,4142999.999
"10075",10075,537577.511,537586.877,4142400.011,4142406.433,"Silva","NEON_D07_MLBS_DP1_537000_4142000_classified_point_cloud.laz","2018_MLBS_3_537000_4142000_image.tif","Tree",1,537000,537999.999,4142000,4142999.999
"10076",10076,537529.506,537541.47,4142398.517,4142407.894,"Silva","NEON_D07_MLBS_DP1_537000_4142000_classified_point_cloud.laz","2018_MLBS_3_537000_4142000_image.tif","Tree",1,537000,537999.999,4142000,4142999.999
"10077",10077,537505.547,537517.988,4142393.025,4142405.989,"Silva","NEON_D07_MLBS_DP1_537000_4142000_classified_point_cloud.laz","2018_MLBS_3_537000_4142000_image.tif","Tree",1,537000,537999.999,4142000,4142999.999
"10078",10078,537540.511,537551.447,4142397.058,4142407.954,"Silva","NEON_D07_MLBS_DP1_537000_4142000_classified_point_cloud.laz","2018_MLBS_3_537000_4142000_image.tif","Tree",1,537000,537999.999,4142000,4142999.999
"10079",10079,537563.69,537571.968,4142394.105,4142403.993,"Silva","NEON_D07_MLBS_DP1_537000_4142000_classified_point_cloud.laz","2018_MLBS_3_537000_4142000_image.tif","Tree",1,537000,537999.999,4142000,4142999.999
"10080",10080,537535.104,537541.999,4142394.204,4142403.888,"Silva","NEON_D07_MLBS_DP1_537000_4142000_classified_point_cloud.laz","2018_MLBS_3_537000_4142000_image.tif","Tree",1,537000,537999.999,4142000,4142999.999
"10081",10081,537497.037,537509.342,4142391.542,4142400.955,"Silva","NEON_D07_MLBS_DP1_537000_4142000_classified_point_cloud.laz","2018_MLBS_3_537000_4142000_image.tif","Tree",1,537000,537999.999,4142000,4142999.999
"10082",10082,537550.543,537562.916,4142393.019,4142404.981,"Silva","NEON_D07_MLBS_DP1_537000_4142000_classified_point_cloud.laz","2018_MLBS_3_537000_4142000_image.tif","Tree",1,537000,537999.999,4142000,4142999.999
"10083",10083,537570.111,537577.964,4142393.018,4142399.873,"Silva","NEON_D07_MLBS_DP1_537000_4142000_classified_point_cloud.laz","2018_MLBS_3_537000_4142000_image.tif","Tree",1,537000,537999.999,4142000,4142999.999
"10084",10084,537595.068,537606.995,4142389.546,4142399.496,"Silva","NEON_D07_MLBS_DP1_537000_4142000_classified_point_cloud.laz","2018_MLBS_3_537000_4142000_image.tif","Tree",1,537000,537999.999,4142000,4142999.999
"10085",10085,537529.049,537538.499,4142391.011,4142398.973,"Silva","NEON_D07_MLBS_DP1_537000_4142000_classified_point_cloud.laz","2018_MLBS_3_537000_4142000_image.tif","Tree",1,537000,537999.999,4142000,4142999.999
"10086",10086,537538.508,537544.998,4142391.503,4142396.996,"Silva","NEON_D07_MLBS_DP1_537000_4142000_classified_point_cloud.laz","2018_MLBS_3_537000_4142000_image.tif","Tree",1,537000,537999.999,4142000,4142999.999
"10087",10087,537545.003,537552.323,4142391.064,4142398.988,"Silva","NEON_D07_MLBS_DP1_537000_4142000_classified_point_cloud.laz","2018_MLBS_3_537000_4142000_image.tif","Tree",1,537000,537999.999,4142000,4142999.999
"10088",10088,537606.003,537618.952,4142385.578,4142397.5,"Silva","NEON_D07_MLBS_DP1_537000_4142000_classified_point_cloud.laz","2018_MLBS_3_537000_4142000_image.tif","Tree",1,537000,537999.999,4142000,4142999.999
"10089",10089,537561.02,537569.486,4142387.551,4142396.745,"Silva","NEON_D07_MLBS_DP1_537000_4142000_classified_point_cloud.laz","2018_MLBS_3_537000_4142000_image.tif","Tree",1,537000,537999.999,4142000,4142999.999
"10090",10090,537558.508,537565.495,4142386.11,4142393.982,"Silva","NEON_D07_MLBS_DP1_537000_4142000_classified_point_cloud.laz","2018_MLBS_3_537000_4142000_image.tif","Tree",1,537000,537999.999,4142000,4142999.999
"10091",10091,537579.058,537590.946,4142382.208,4142394.995,"Silva","NEON_D07_MLBS_DP1_537000_4142000_classified_point_cloud.laz","2018_MLBS_3_537000_4142000_image.tif","Tree",1,537000,537999.999,4142000,4142999.999
"10092",10092,537545.016,537551.982,4142383.616,4142391.988,"Silva","NEON_D07_MLBS_DP1_537000_4142000_classified_point_cloud.laz","2018_MLBS_3_537000_4142000_image.tif","Tree",1,537000,537999.999,4142000,4142999.999
"10093",10093,537552.025,537558.988,4142383.39,4142393.428,"Silva","NEON_D07_MLBS_DP1_537000_4142000_classified_point_cloud.laz","2018_MLBS_3_537000_4142000_image.tif","Tree",1,537000,537999.999,4142000,4142999.999
"10094",10094,537567.152,537573.928,4142384.506,4142390.993,"Silva","NEON_D07_MLBS_DP1_537000_4142000_classified_point_cloud.laz","2018_MLBS_3_537000_4142000_image.tif","Tree",1,537000,537999.999,4142000,4142999.999
"10095",10095,537529.193,537535.969,4142384.507,4142390.983,"Silva","NEON_D07_MLBS_DP1_537000_4142000_classified_point_cloud.laz","2018_MLBS_3_537000_4142000_image.tif","Tree",1,537000,537999.999,4142000,4142999.999
"10096",10096,537725.526,537730.427,4142182.505,4142190.28,"Silva","NEON_D07_MLBS_DP1_537000_4142000_classified_point_cloud.laz","2018_MLBS_3_537000_4142000_image.tif","Tree",1,537000,537999.999,4142000,4142999.999
"10097",10097,537731.51,537738.916,4142182.079,4142188.431,"Silva","NEON_D07_MLBS_DP1_537000_4142000_classified_point_cloud.laz","2018_MLBS_3_537000_4142000_image.tif","Tree",1,537000,537999.999,4142000,4142999.999
"10098",10098,537726.024,537733.983,4142186.013,4142191.953,"Silva","NEON_D07_MLBS_DP1_537000_4142000_classified_point_cloud.laz","2018_MLBS_3_537000_4142000_image.tif","Tree",1,537000,537999.999,4142000,4142999.999
"10099",10099,537745.521,537753.996,4142186.522,4142194.478,"Silva","NEON_D07_MLBS_DP1_537000_4142000_classified_point_cloud.laz","2018_MLBS_3_537000_4142000_image.tif","Tree",1,537000,537999.999,4142000,4142999.999
"10100",10100,537724.028,537730.478,4142190.518,4142199.46,"Silva","NEON_D07_MLBS_DP1_537000_4142000_classified_point_cloud.laz","2018_MLBS_3_537000_4142000_image.tif","Tree",1,537000,537999.999,4142000,4142999.999
"10101",10101,537712.561,537720.985,4142192.576,4142203.906,"Silva","NEON_D07_MLBS_DP1_537000_4142000_classified_point_cloud.laz","2018_MLBS_3_537000_4142000_image.tif","Tree",1,537000,537999.999,4142000,4142999.999
"10102",10102,537738.521,537747.435,4142190.016,4142199.461,"Silva","NEON_D07_MLBS_DP1_537000_4142000_classified_point_cloud.laz","2018_MLBS_3_537000_4142000_image.tif","Tree",1,537000,537999.999,4142000,4142999.999
"10103",10103,537725.522,537735.859,4142197.009,4142205.861,"Silva","NEON_D07_MLBS_DP1_537000_4142000_classified_point_cloud.laz","2018_MLBS_3_537000_4142000_image.tif","Tree",1,537000,537999.999,4142000,4142999.999
"10104",10104,537734.052,537743.322,4142196.296,4142206.926,"Silva","NEON_D07_MLBS_DP1_537000_4142000_classified_point_cloud.laz","2018_MLBS_3_537000_4142000_image.tif","Tree",1,537000,537999.999,4142000,4142999.999
"10105",10105,537739.56,537749.857,4142201.017,4142212,"Silva","NEON_D07_MLBS_DP1_537000_4142000_classified_point_cloud.laz","2018_MLBS_3_537000_4142000_image.tif","Tree",1,537000,537999.999,4142000,4142999.999
"10106",10106,537724.044,537734.495,4142205.558,4142217.499,"Silva","NEON_D07_MLBS_DP1_537000_4142000_classified_point_cloud.laz","2018_MLBS_3_537000_4142000_image.tif","Tree",1,537000,537999.999,4142000,4142999.999
"10107",10107,537685.061,537694.489,4142209.556,4142217.492,"Silva","NEON_D07_MLBS_DP1_537000_4142000_classified_point_cloud.laz","2018_MLBS_3_537000_4142000_image.tif","Tree",1,537000,537999.999,4142000,4142999.999
"10108",10108,537733.079,537742.961,4142206.565,4142216.484,"Silva","NEON_D07_MLBS_DP1_537000_4142000_classified_point_cloud.laz","2018_MLBS_3_537000_4142000_image.tif","Tree",1,537000,537999.999,4142000,4142999.999
"10109",10109,537714.5,537722.482,4142211.046,4142222.277,"Silva","NEON_D07_MLBS_DP1_537000_4142000_classified_point_cloud.laz","2018_MLBS_3_537000_4142000_image.tif","Tree",1,537000,537999.999,4142000,4142999.999
"10110",10110,537704.803,537716.488,4142213.003,4142224.626,"Silva","NEON_D07_MLBS_DP1_537000_4142000_classified_point_cloud.laz","2018_MLBS_3_537000_4142000_image.tif","Tree",1,537000,537999.999,4142000,4142999.999
"10111",10111,537687.542,537696.986,4142216.014,4142224.992,"Silva","NEON_D07_MLBS_DP1_537000_4142000_classified_point_cloud.laz","2018_MLBS_3_537000_4142000_image.tif","Tree",1,537000,537999.999,4142000,4142999.999
"10112",10112,537736.612,537746.469,4142212.025,4142223.484,"Silva","NEON_D07_MLBS_DP1_537000_4142000_classified_point_cloud.laz","2018_MLBS_3_537000_4142000_image.tif","Tree",1,537000,537999.999,4142000,4142999.999
"10113",10113,537728.549,537741.974,4142216.049,4142229.324,"Silva","NEON_D07_MLBS_DP1_537000_4142000_classified_point_cloud.laz","2018_MLBS_3_537000_4142000_image.tif","Tree",1,537000,537999.999,4142000,4142999.999
"10114",10114,537682.558,537688.95,4142223.586,4142231.938,"Silva","NEON_D07_MLBS_DP1_537000_4142000_classified_point_cloud.laz","2018_MLBS_3_537000_4142000_image.tif","Tree",1,537000,537999.999,4142000,4142999.999
"10115",10115,537675.507,537682.959,4142230.05,4142236.853,"Silva","NEON_D07_MLBS_DP1_537000_4142000_classified_point_cloud.laz","2018_MLBS_3_537000_4142000_image.tif","Tree",1,537000,537999.999,4142000,4142999.999
"10116",10116,537683.099,537690.487,4142228.1,4142236.99,"Silva","NEON_D07_MLBS_DP1_537000_4142000_classified_point_cloud.laz","2018_MLBS_3_537000_4142000_image.tif","Tree",1,537000,537999.999,4142000,4142999.999
"10117",10117,537741.582,537748.496,4142224.016,4142237.994,"Silva","NEON_D07_MLBS_DP1_537000_4142000_classified_point_cloud.laz","2018_MLBS_3_537000_4142000_image.tif","Tree",1,537000,537999.999,4142000,4142999.999
"10118",10118,537678.6,537687.867,4142232.568,4142239.961,"Silva","NEON_D07_MLBS_DP1_537000_4142000_classified_point_cloud.laz","2018_MLBS_3_537000_4142000_image.tif","Tree",1,537000,537999.999,4142000,4142999.999
"10119",10119,537746.03,537753.994,4142227.027,4142237.958,"Silva","NEON_D07_MLBS_DP1_537000_4142000_classified_point_cloud.laz","2018_MLBS_3_537000_4142000_image.tif","Tree",1,537000,537999.999,4142000,4142999.999
"10120",10120,537707.041,537719.977,4142228.574,4142246.425,"Silva","NEON_D07_MLBS_DP1_537000_4142000_classified_point_cloud.laz","2018_MLBS_3_537000_4142000_image.tif","Tree",1,537000,537999.999,4142000,4142999.999
"10121",10121,537702.155,537716.986,4142238.737,4142250.352,"Silva","NEON_D07_MLBS_DP1_537000_4142000_classified_point_cloud.laz","2018_MLBS_3_537000_4142000_image.tif","Tree",1,537000,537999.999,4142000,4142999.999
"10122",10122,537689.004,537695.953,4142247.05,4142255.986,"Silva","NEON_D07_MLBS_DP1_537000_4142000_classified_point_cloud.laz","2018_MLBS_3_537000_4142000_image.tif","Tree",1,537000,537999.999,4142000,4142999.999
"10123",10123,537695.504,537703.97,4142251.558,4142258.271,"Silva","NEON_D07_MLBS_DP1_537000_4142000_classified_point_cloud.laz","2018_MLBS_3_537000_4142000_image.tif","Tree",1,537000,537999.999,4142000,4142999.999
"10124",10124,537676.645,537686.484,4142252.529,4142262.988,"Silva","NEON_D07_MLBS_DP1_537000_4142000_classified_point_cloud.laz","2018_MLBS_3_537000_4142000_image.tif","Tree",1,537000,537999.999,4142000,4142999.999
"10125",10125,537703.513,537717.974,4142249.127,4142260.477,"Silva","NEON_D07_MLBS_DP1_537000_4142000_classified_point_cloud.laz","2018_MLBS_3_537000_4142000_image.tif","Tree",1,537000,537999.999,4142000,4142999.999
"10126",10126,537686.048,537694.915,4142254.015,4142260.474,"Silva","NEON_D07_MLBS_DP1_537000_4142000_classified_point_cloud.laz","2018_MLBS_3_537000_4142000_image.tif","Tree",1,537000,537999.999,4142000,4142999.999
"10127",10127,537693.51,537702.455,4142256.121,4142263.891,"Silva","NEON_D07_MLBS_DP1_537000_4142000_classified_point_cloud.laz","2018_MLBS_3_537000_4142000_image.tif","Tree",1,537000,537999.999,4142000,4142999.999
"10128",10128,537685.087,537694.783,4142260.023,4142267.268,"Silva","NEON_D07_MLBS_DP1_537000_4142000_classified_point_cloud.laz","2018_MLBS_3_537000_4142000_image.tif","Tree",1,537000,537999.999,4142000,4142999.999
"10129",10129,537677.616,537687.499,4142261.605,4142269.299,"Silva","NEON_D07_MLBS_DP1_537000_4142000_classified_point_cloud.laz","2018_MLBS_3_537000_4142000_image.tif","Tree",1,537000,537999.999,4142000,4142999.999
"10130",10130,537683.531,537689.408,4142267.155,4142272.496,"Silva","NEON_D07_MLBS_DP1_537000_4142000_classified_point_cloud.laz","2018_MLBS_3_537000_4142000_image.tif","Tree",1,537000,537999.999,4142000,4142999.999
"10131",10131,537701.003,537711.897,4142264.534,4142272.492,"Silva","NEON_D07_MLBS_DP1_537000_4142000_classified_point_cloud.laz","2018_MLBS_3_537000_4142000_image.tif","Tree",1,537000,537999.999,4142000,4142999.999
"10132",10132,537690.589,537700.369,4142264.178,4142270.975,"Silva","NEON_D07_MLBS_DP1_537000_4142000_classified_point_cloud.laz","2018_MLBS_3_537000_4142000_image.tif","Tree",1,537000,537999.999,4142000,4142999.999
"10133",10133,537677.646,537684.447,4142267.571,4142274.482,"Silva","NEON_D07_MLBS_DP1_537000_4142000_classified_point_cloud.laz","2018_MLBS_3_537000_4142000_image.tif","Tree",1,537000,537999.999,4142000,4142999.999
"10134",10134,537667.522,537674.492,4142269.684,4142277.446,"Silva","NEON_D07_MLBS_DP1_537000_4142000_classified_point_cloud.laz","2018_MLBS_3_537000_4142000_image.tif","Tree",1,537000,537999.999,4142000,4142999.999
"10135",10135,537683.008,537690.193,4142271.528,4142280.311,"Silva","NEON_D07_MLBS_DP1_537000_4142000_classified_point_cloud.laz","2018_MLBS_3_537000_4142000_image.tif","Tree",1,537000,537999.999,4142000,4142999.999
"10136",10136,537664.573,537672.436,4142273.104,4142279.941,"Silva","NEON_D07_MLBS_DP1_537000_4142000_classified_point_cloud.laz","2018_MLBS_3_537000_4142000_image.tif","Tree",1,537000,537999.999,4142000,4142999.999
"10137",10137,537700.005,537713.12,4142270.511,4142285.453,"Silva","NEON_D07_MLBS_DP1_537000_4142000_classified_point_cloud.laz","2018_MLBS_3_537000_4142000_image.tif","Tree",1,537000,537999.999,4142000,4142999.999
"10138",10138,537758.518,537765.965,4142173.026,4142181.372,"Silva","NEON_D07_MLBS_DP1_537000_4142000_classified_point_cloud.laz","2018_MLBS_3_537000_4142000_image.tif","Tree",1,537000,537999.999,4142000,4142999.999
"10139",10139,537764.049,537772.931,4142172.03,4142181,"Silva","NEON_D07_MLBS_DP1_537000_4142000_classified_point_cloud.laz","2018_MLBS_3_537000_4142000_image.tif","Tree",1,537000,537999.999,4142000,4142999.999
"10140",10140,537771.035,537778.434,4142172.269,4142177.395,"Silva","NEON_D07_MLBS_DP1_537000_4142000_classified_point_cloud.laz","2018_MLBS_3_537000_4142000_image.tif","Tree",1,537000,537999.999,4142000,4142999.999
"10141",10141,537835.006,537844.921,4142161.515,4142171.458,"Silva","NEON_D07_MLBS_DP1_537000_4142000_classified_point_cloud.laz","2018_MLBS_3_537000_4142000_image.tif","Tree",1,537000,537999.999,4142000,4142999.999
"10142",10142,537774.523,537779.875,4142167.574,4142174.469,"Silva","NEON_D07_MLBS_DP1_537000_4142000_classified_point_cloud.laz","2018_MLBS_3_537000_4142000_image.tif","Tree",1,537000,537999.999,4142000,4142999.999
"10143",10143,537746.592,537756.977,4142178.87,4142188.833,"Silva","NEON_D07_MLBS_DP1_537000_4142000_classified_point_cloud.laz","2018_MLBS_3_537000_4142000_image.tif","Tree",1,537000,537999.999,4142000,4142999.999
"10144",10144,537755.081,537760.917,4142179.153,4142186.427,"Silva","NEON_D07_MLBS_DP1_537000_4142000_classified_point_cloud.laz","2018_MLBS_3_537000_4142000_image.tif","Tree",1,537000,537999.999,4142000,4142999.999
"10145",10145,537775.004,537784.457,4142184.805,4142192.453,"Silva","NEON_D07_MLBS_DP1_537000_4142000_classified_point_cloud.laz","2018_MLBS_3_537000_4142000_image.tif","Tree",1,537000,537999.999,4142000,4142999.999
"10146",10146,537767.547,537774.968,4142184.524,4142190.483,"Silva","NEON_D07_MLBS_DP1_537000_4142000_classified_point_cloud.laz","2018_MLBS_3_537000_4142000_image.tif","Tree",1,537000,537999.999,4142000,4142999.999
"10147",10147,537832.131,537841.498,4142175.534,4142186.434,"Silva","NEON_D07_MLBS_DP1_537000_4142000_classified_point_cloud.laz","2018_MLBS_3_537000_4142000_image.tif","Tree",1,537000,537999.999,4142000,4142999.999
"10148",10148,537753.033,537758.492,4142187.543,4142195.476,"Silva","NEON_D07_MLBS_DP1_537000_4142000_classified_point_cloud.laz","2018_MLBS_3_537000_4142000_image.tif","Tree",1,537000,537999.999,4142000,4142999.999
"10149",10149,537784.093,537793.977,4142181.017,4142192.993,"Silva","NEON_D07_MLBS_DP1_537000_4142000_classified_point_cloud.laz","2018_MLBS_3_537000_4142000_image.tif","Tree",1,537000,537999.999,4142000,4142999.999
"10150",10150,537758.591,537766.469,4142189.783,4142196.369,"Silva","NEON_D07_MLBS_DP1_537000_4142000_classified_point_cloud.laz","2018_MLBS_3_537000_4142000_image.tif","Tree",1,537000,537999.999,4142000,4142999.999
"10151",10151,537802.53,537812.972,4142183.024,4142192.862,"Silva","NEON_D07_MLBS_DP1_537000_4142000_classified_point_cloud.laz","2018_MLBS_3_537000_4142000_image.tif","Tree",1,537000,537999.999,4142000,4142999.999
"10152",10152,537766.512,537775.944,4142190.03,4142196.885,"Silva","NEON_D07_MLBS_DP1_537000_4142000_classified_point_cloud.laz","2018_MLBS_3_537000_4142000_image.tif","Tree",1,537000,537999.999,4142000,4142999.999
"10153",10153,537783.591,537794.481,4142190.555,4142195.967,"Silva","NEON_D07_MLBS_DP1_537000_4142000_classified_point_cloud.laz","2018_MLBS_3_537000_4142000_image.tif","Tree",1,537000,537999.999,4142000,4142999.999
"10154",10154,537756.026,537761.977,4142195.004,4142201.487,"Silva","NEON_D07_MLBS_DP1_537000_4142000_classified_point_cloud.laz","2018_MLBS_3_537000_4142000_image.tif","Tree",1,537000,537999.999,4142000,4142999.999
"10155",10155,537761.517,537766.975,4142192.929,4142201.979,"Silva","NEON_D07_MLBS_DP1_537000_4142000_classified_point_cloud.laz","2018_MLBS_3_537000_4142000_image.tif","Tree",1,537000,537999.999,4142000,4142999.999
"10156",10156,537775.093,537781.644,4142192.02,4142202.999,"Silva","NEON_D07_MLBS_DP1_537000_4142000_classified_point_cloud.laz","2018_MLBS_3_537000_4142000_image.tif","Tree",1,537000,537999.999,4142000,4142999.999
"10157",10157,537772.013,537779.977,4142195.006,4142204.944,"Silva","NEON_D07_MLBS_DP1_537000_4142000_classified_point_cloud.laz","2018_MLBS_3_537000_4142000_image.tif","Tree",1,537000,537999.999,4142000,4142999.999
"10158",10158,537780.011,537785.988,4142191.676,4142205.725,"Silva","NEON_D07_MLBS_DP1_537000_4142000_classified_point_cloud.laz","2018_MLBS_3_537000_4142000_image.tif","Tree",1,537000,537999.999,4142000,4142999.999
"10159",10159,537790,537795.497,4142194.03,4142201,"Silva","NEON_D07_MLBS_DP1_537000_4142000_classified_point_cloud.laz","2018_MLBS_3_537000_4142000_image.tif","Tree",1,537000,537999.999,4142000,4142999.999
"10160",10160,537794.074,537802.947,4142194.502,4142202.999,"Silva","NEON_D07_MLBS_DP1_537000_4142000_classified_point_cloud.laz","2018_MLBS_3_537000_4142000_image.tif","Tree",1,537000,537999.999,4142000,4142999.999
"10161",10161,537749.529,537757.962,4142200.513,4142205.993,"Silva","NEON_D07_MLBS_DP1_537000_4142000_classified_point_cloud.laz","2018_MLBS_3_537000_4142000_image.tif","Tree",1,537000,537999.999,4142000,4142999.999
"10162",10162,537787.551,537796.286,4142199.568,4142207.499,"Silva","NEON_D07_MLBS_DP1_537000_4142000_classified_point_cloud.laz","2018_MLBS_3_537000_4142000_image.tif","Tree",1,537000,537999.999,4142000,4142999.999
"10163",10163,537762.524,537769.494,4142200.524,4142207.982,"Silva","NEON_D07_MLBS_DP1_537000_4142000_classified_point_cloud.laz","2018_MLBS_3_537000_4142000_image.tif","Tree",1,537000,537999.999,4142000,4142999.999
"10164",10164,537769.502,537779.387,4142200.504,4142206.5,"Silva","NEON_D07_MLBS_DP1_537000_4142000_classified_point_cloud.laz","2018_MLBS_3_537000_4142000_image.tif","Tree",1,537000,537999.999,4142000,4142999.999
"10165",10165,537763.038,537768.998,4142207.416,4142213.237,"Silva","NEON_D07_MLBS_DP1_537000_4142000_classified_point_cloud.laz","2018_MLBS_3_537000_4142000_image.tif","Tree",1,537000,537999.999,4142000,4142999.999
"10166",10166,537756.54,537763.488,4142209.757,4142214.939,"Silva","NEON_D07_MLBS_DP1_537000_4142000_classified_point_cloud.laz","2018_MLBS_3_537000_4142000_image.tif","Tree",1,537000,537999.999,4142000,4142999.999
"10167",10167,537763.55,537772.448,4142210.073,4142216.475,"Silva","NEON_D07_MLBS_DP1_537000_4142000_classified_point_cloud.laz","2018_MLBS_3_537000_4142000_image.tif","Tree",1,537000,537999.999,4142000,4142999.999
"10168",10168,537746.026,537756.287,4142213.582,4142220.766,"Silva","NEON_D07_MLBS_DP1_537000_4142000_classified_point_cloud.laz","2018_MLBS_3_537000_4142000_image.tif","Tree",1,537000,537999.999,4142000,4142999.999
"10169",10169,537762.169,537770.342,4142215.606,4142220.993,"Silva","NEON_D07_MLBS_DP1_537000_4142000_classified_point_cloud.laz","2018_MLBS_3_537000_4142000_image.tif","Tree",1,537000,537999.999,4142000,4142999.999
"10170",10170,537771.873,537783.461,4142211.527,4142222.463,"Silva","NEON_D07_MLBS_DP1_537000_4142000_classified_point_cloud.laz","2018_MLBS_3_537000_4142000_image.tif","Tree",1,537000,537999.999,4142000,4142999.999
"10171",10171,537757.083,537766.493,4142219.103,4142224.975,"Silva","NEON_D07_MLBS_DP1_537000_4142000_classified_point_cloud.laz","2018_MLBS_3_537000_4142000_image.tif","Tree",1,537000,537999.999,4142000,4142999.999
"10172",10172,537770.51,537776.469,4142216.017,4142222.999,"Silva","NEON_D07_MLBS_DP1_537000_4142000_classified_point_cloud.laz","2018_MLBS_3_537000_4142000_image.tif","Tree",1,537000,537999.999,4142000,4142999.999
"10173",10173,537766.55,537771.494,4142217.007,4142224.991,"Silva","NEON_D07_MLBS_DP1_537000_4142000_classified_point_cloud.laz","2018_MLBS_3_537000_4142000_image.tif","Tree",1,537000,537999.999,4142000,4142999.999
"10174",10174,537763.534,537768.85,4142222.052,4142226.955,"Silva","NEON_D07_MLBS_DP1_537000_4142000_classified_point_cloud.laz","2018_MLBS_3_537000_4142000_image.tif","Tree",1,537000,537999.999,4142000,4142999.999
"10175",10175,537780.101,537787.988,4142217.501,4142229.081,"Silva","NEON_D07_MLBS_DP1_537000_4142000_classified_point_cloud.laz","2018_MLBS_3_537000_4142000_image.tif","Tree",1,537000,537999.999,4142000,4142999.999
"10176",10176,537788,537795.992,4142219.016,4142226.927,"Silva","NEON_D07_MLBS_DP1_537000_4142000_classified_point_cloud.laz","2018_MLBS_3_537000_4142000_image.tif","Tree",1,537000,537999.999,4142000,4142999.999
"10177",10177,537774.737,537781.493,4142222.549,4142229.414,"Silva","NEON_D07_MLBS_DP1_537000_4142000_classified_point_cloud.laz","2018_MLBS_3_537000_4142000_image.tif","Tree",1,537000,537999.999,4142000,4142999.999
"10178",10178,537760.635,537766.455,4142225.13,4142230.963,"Silva","NEON_D07_MLBS_DP1_537000_4142000_classified_point_cloud.laz","2018_MLBS_3_537000_4142000_image.tif","Tree",1,537000,537999.999,4142000,4142999.999
"10179",10179,537766.025,537772.073,4142225.038,4142231.489,"Silva","NEON_D07_MLBS_DP1_537000_4142000_classified_point_cloud.laz","2018_MLBS_3_537000_4142000_image.tif","Tree",1,537000,537999.999,4142000,4142999.999
"10180",10180,537757.006,537763.992,4142224.567,4142235.916,"Silva","NEON_D07_MLBS_DP1_537000_4142000_classified_point_cloud.laz","2018_MLBS_3_537000_4142000_image.tif","Tree",1,537000,537999.999,4142000,4142999.999
"10181",10181,537772.011,537779.99,4142227.11,4142233.99,"Silva","NEON_D07_MLBS_DP1_537000_4142000_classified_point_cloud.laz","2018_MLBS_3_537000_4142000_image.tif","Tree",1,537000,537999.999,4142000,4142999.999
"10182",10182,537791.046,537800.864,4142224.016,4142230.984,"Silva","NEON_D07_MLBS_DP1_537000_4142000_classified_point_cloud.laz","2018_MLBS_3_537000_4142000_image.tif","Tree",1,537000,537999.999,4142000,4142999.999
"10183",10183,537761.215,537769.923,4142230.52,4142235.987,"Silva","NEON_D07_MLBS_DP1_537000_4142000_classified_point_cloud.laz","2018_MLBS_3_537000_4142000_image.tif","Tree",1,537000,537999.999,4142000,4142999.999
"10184",10184,537820.423,537834.488,4142227.501,4142234.994,"Silva","NEON_D07_MLBS_DP1_537000_4142000_classified_point_cloud.laz","2018_MLBS_3_537000_4142000_image.tif","Tree",1,537000,537999.999,4142000,4142999.999
"10185",10185,537774.541,537784.986,4142228.683,4142236.488,"Silva","NEON_D07_MLBS_DP1_537000_4142000_classified_point_cloud.laz","2018_MLBS_3_537000_4142000_image.tif","Tree",1,537000,537999.999,4142000,4142999.999
"10186",10186,537767.048,537774.484,4142231.648,4142240.478,"Silva","NEON_D07_MLBS_DP1_537000_4142000_classified_point_cloud.laz","2018_MLBS_3_537000_4142000_image.tif","Tree",1,537000,537999.999,4142000,4142999.999
"10187",10187,537760.155,537770.698,4142235.68,4142243.468,"Silva","NEON_D07_MLBS_DP1_537000_4142000_classified_point_cloud.laz","2018_MLBS_3_537000_4142000_image.tif","Tree",1,537000,537999.999,4142000,4142999.999
"10188",10188,537781.022,537789.424,4142232.555,4142242.994,"Silva","NEON_D07_MLBS_DP1_537000_4142000_classified_point_cloud.laz","2018_MLBS_3_537000_4142000_image.tif","Tree",1,537000,537999.999,4142000,4142999.999
"10189",10189,537753.01,537761.475,4142236.003,4142248.856,"Silva","NEON_D07_MLBS_DP1_537000_4142000_classified_point_cloud.laz","2018_MLBS_3_537000_4142000_image.tif","Tree",1,537000,537999.999,4142000,4142999.999
"10190",10190,537760.198,537768.472,4142239.508,4142246.956,"Silva","NEON_D07_MLBS_DP1_537000_4142000_classified_point_cloud.laz","2018_MLBS_3_537000_4142000_image.tif","Tree",1,537000,537999.999,4142000,4142999.999
"10191",10191,537795.014,537806.814,4142237.046,4142247.983,"Silva","NEON_D07_MLBS_DP1_537000_4142000_classified_point_cloud.laz","2018_MLBS_3_537000_4142000_image.tif","Tree",1,537000,537999.999,4142000,4142999.999
"10192",10192,537753.531,537763.969,4142244.054,4142249.5,"Silva","NEON_D07_MLBS_DP1_537000_4142000_classified_point_cloud.laz","2018_MLBS_3_537000_4142000_image.tif","Tree",1,537000,537999.999,4142000,4142999.999
"10193",10193,537785.515,537794.904,4142239.024,4142246.496,"Silva","NEON_D07_MLBS_DP1_537000_4142000_classified_point_cloud.laz","2018_MLBS_3_537000_4142000_image.tif","Tree",1,537000,537999.999,4142000,4142999.999
"10194",10194,537752.525,537765.484,4142249.511,4142255.992,"Silva","NEON_D07_MLBS_DP1_537000_4142000_classified_point_cloud.laz","2018_MLBS_3_537000_4142000_image.tif","Tree",1,537000,537999.999,4142000,4142999.999
"10195",10195,537769.518,537778.434,4142247.006,4142260.435,"Silva","NEON_D07_MLBS_DP1_537000_4142000_classified_point_cloud.laz","2018_MLBS_3_537000_4142000_image.tif","Tree",1,537000,537999.999,4142000,4142999.999
"10196",10196,537763.506,537775.15,4142254.512,4142263.496,"Silva","NEON_D07_MLBS_DP1_537000_4142000_classified_point_cloud.laz","2018_MLBS_3_537000_4142000_image.tif","Tree",1,537000,537999.999,4142000,4142999.999
"10197",10197,537784.001,537794.99,4142253.038,4142262,"Silva","NEON_D07_MLBS_DP1_537000_4142000_classified_point_cloud.laz","2018_MLBS_3_537000_4142000_image.tif","Tree",1,537000,537999.999,4142000,4142999.999
"10198",10198,537781.526,537793.486,4142261.506,4142273.444,"Silva","NEON_D07_MLBS_DP1_537000_4142000_classified_point_cloud.laz","2018_MLBS_3_537000_4142000_image.tif","Tree",1,537000,537999.999,4142000,4142999.999
"10199",10199,537761.008,537774.192,4142261.531,4142268.997,"Silva","NEON_D07_MLBS_DP1_537000_4142000_classified_point_cloud.laz","2018_MLBS_3_537000_4142000_image.tif","Tree",1,537000,537999.999,4142000,4142999.999
"10200",10200,537771.005,537781.814,4142261.538,4142272.379,"Silva","NEON_D07_MLBS_DP1_537000_4142000_classified_point_cloud.laz","2018_MLBS_3_537000_4142000_image.tif","Tree",1,537000,537999.999,4142000,4142999.999
"10201",10201,537760.056,537771.488,4142266.569,4142277.984,"Silva","NEON_D07_MLBS_DP1_537000_4142000_classified_point_cloud.laz","2018_MLBS_3_537000_4142000_image.tif","Tree",1,537000,537999.999,4142000,4142999.999
"10202",10202,537797.514,537810.458,4142265.057,4142275.779,"Silva","NEON_D07_MLBS_DP1_537000_4142000_classified_point_cloud.laz","2018_MLBS_3_537000_4142000_image.tif","Tree",1,537000,537999.999,4142000,4142999.999
"10203",10203,537834.027,537844.462,4142271.015,4142283.487,"Silva","NEON_D07_MLBS_DP1_537000_4142000_classified_point_cloud.laz","2018_MLBS_3_537000_4142000_image.tif","Tree",1,537000,537999.999,4142000,4142999.999
"10204",10204,537766.509,537778.498,4142277.148,4142289.863,"Silva","NEON_D07_MLBS_DP1_537000_4142000_classified_point_cloud.laz","2018_MLBS_3_537000_4142000_image.tif","Tree",1,537000,537999.999,4142000,4142999.999
"10205",10205,537817,537822.383,4142276.071,4142286.985,"Silva","NEON_D07_MLBS_DP1_537000_4142000_classified_point_cloud.laz","2018_MLBS_3_537000_4142000_image.tif","Tree",1,537000,537999.999,4142000,4142999.999
"10206",10206,537677.575,537687.683,4142288.004,4142296.952,"Silva","NEON_D07_MLBS_DP1_537000_4142000_classified_point_cloud.laz","2018_MLBS_3_537000_4142000_image.tif","Tree",1,537000,537999.999,4142000,4142999.999
"10207",10207,537692.339,537703.818,4142292.532,4142303.264,"Silva","NEON_D07_MLBS_DP1_537000_4142000_classified_point_cloud.laz","2018_MLBS_3_537000_4142000_image.tif","Tree",1,537000,537999.999,4142000,4142999.999
"10208",10208,537685.503,537692.407,4142292.012,4142299.996,"Silva","NEON_D07_MLBS_DP1_537000_4142000_classified_point_cloud.laz","2018_MLBS_3_537000_4142000_image.tif","Tree",1,537000,537999.999,4142000,4142999.999
"10209",10209,537656.402,537665.954,4142296.641,4142305.99,"Silva","NEON_D07_MLBS_DP1_537000_4142000_classified_point_cloud.laz","2018_MLBS_3_537000_4142000_image.tif","Tree",1,537000,537999.999,4142000,4142999.999
"10210",10210,537689.008,537701.314,4142300.17,4142316.664,"Silva","NEON_D07_MLBS_DP1_537000_4142000_classified_point_cloud.laz","2018_MLBS_3_537000_4142000_image.tif","Tree",1,537000,537999.999,4142000,4142999.999
"10211",10211,537649.583,537657.442,4142304.013,4142310.168,"Silva","NEON_D07_MLBS_DP1_537000_4142000_classified_point_cloud.laz","2018_MLBS_3_537000_4142000_image.tif","Tree",1,537000,537999.999,4142000,4142999.999
"10212",10212,537679.013,537690.496,4142304.596,4142312.973,"Silva","NEON_D07_MLBS_DP1_537000_4142000_classified_point_cloud.laz","2018_MLBS_3_537000_4142000_image.tif","Tree",1,537000,537999.999,4142000,4142999.999
"10213",10213,537637.756,537644.988,4142311.021,4142317.483,"Silva","NEON_D07_MLBS_DP1_537000_4142000_classified_point_cloud.laz","2018_MLBS_3_537000_4142000_image.tif","Tree",1,537000,537999.999,4142000,4142999.999
"10214",10214,537633.164,537640.475,4142314.506,4142321.905,"Silva","NEON_D07_MLBS_DP1_537000_4142000_classified_point_cloud.laz","2018_MLBS_3_537000_4142000_image.tif","Tree",1,537000,537999.999,4142000,4142999.999
"10215",10215,537674.504,537693.473,4142311.015,4142321.993,"Silva","NEON_D07_MLBS_DP1_537000_4142000_classified_point_cloud.laz","2018_MLBS_3_537000_4142000_image.tif","Tree",1,537000,537999.999,4142000,4142999.999
"10216",10216,537637.034,537644.746,4142326.129,4142335,"Silva","NEON_D07_MLBS_DP1_537000_4142000_classified_point_cloud.laz","2018_MLBS_3_537000_4142000_image.tif","Tree",1,537000,537999.999,4142000,4142999.999
"10217",10217,537675.544,537682.948,4142321.598,4142333.409,"Silva","NEON_D07_MLBS_DP1_537000_4142000_classified_point_cloud.laz","2018_MLBS_3_537000_4142000_image.tif","Tree",1,537000,537999.999,4142000,4142999.999
"10218",10218,537736.162,537746.96,4142325.351,4142335.955,"Silva","NEON_D07_MLBS_DP1_537000_4142000_classified_point_cloud.laz","2018_MLBS_3_537000_4142000_image.tif","Tree",1,537000,537999.999,4142000,4142999.999
"10219",10219,537745.511,537751.437,4142331.652,4142340.396,"Silva","NEON_D07_MLBS_DP1_537000_4142000_classified_point_cloud.laz","2018_MLBS_3_537000_4142000_image.tif","Tree",1,537000,537999.999,4142000,4142999.999
"10220",10220,537693.178,537710.895,4142331.007,4142341.499,"Silva","NEON_D07_MLBS_DP1_537000_4142000_classified_point_cloud.laz","2018_MLBS_3_537000_4142000_image.tif","Tree",1,537000,537999.999,4142000,4142999.999
"10221",10221,537668.1,537673.995,4142335.01,4142344.855,"Silva","NEON_D07_MLBS_DP1_537000_4142000_classified_point_cloud.laz","2018_MLBS_3_537000_4142000_image.tif","Tree",1,537000,537999.999,4142000,4142999.999
"10222",10222,537653.584,537661.322,4142335.506,4142342.912,"Silva","NEON_D07_MLBS_DP1_537000_4142000_classified_point_cloud.laz","2018_MLBS_3_537000_4142000_image.tif","Tree",1,537000,537999.999,4142000,4142999.999
"10223",10223,537658.003,537664.487,4142339.019,4142348.416,"Silva","NEON_D07_MLBS_DP1_537000_4142000_classified_point_cloud.laz","2018_MLBS_3_537000_4142000_image.tif","Tree",1,537000,537999.999,4142000,4142999.999
"10224",10224,537718.038,537728.489,4142332.075,4142345.493,"Silva","NEON_D07_MLBS_DP1_537000_4142000_classified_point_cloud.laz","2018_MLBS_3_537000_4142000_image.tif","Tree",1,537000,537999.999,4142000,4142999.999
"10225",10225,537694.51,537705.461,4142341.007,4142350.987,"Silva","NEON_D07_MLBS_DP1_537000_4142000_classified_point_cloud.laz","2018_MLBS_3_537000_4142000_image.tif","Tree",1,537000,537999.999,4142000,4142999.999
"10226",10226,537671.514,537679.441,4142345.009,4142354.974,"Silva","NEON_D07_MLBS_DP1_537000_4142000_classified_point_cloud.laz","2018_MLBS_3_537000_4142000_image.tif","Tree",1,537000,537999.999,4142000,4142999.999
"10227",10227,537618.59,537627.457,4142348.22,4142356.999,"Silva","NEON_D07_MLBS_DP1_537000_4142000_classified_point_cloud.laz","2018_MLBS_3_537000_4142000_image.tif","Tree",1,537000,537999.999,4142000,4142999.999
"10228",10228,537692.062,537701.98,4142344.607,4142353.991,"Silva","NEON_D07_MLBS_DP1_537000_4142000_classified_point_cloud.laz","2018_MLBS_3_537000_4142000_image.tif","Tree",1,537000,537999.999,4142000,4142999.999
"10229",10229,537702.001,537710.92,4142347.614,4142356.467,"Silva","NEON_D07_MLBS_DP1_537000_4142000_classified_point_cloud.laz","2018_MLBS_3_537000_4142000_image.tif","Tree",1,537000,537999.999,4142000,4142999.999
"10230",10230,537607.677,537625.437,4142350.555,4142362.991,"Silva","NEON_D07_MLBS_DP1_537000_4142000_classified_point_cloud.laz","2018_MLBS_3_537000_4142000_image.tif","Tree",1,537000,537999.999,4142000,4142999.999
"10231",10231,537674.592,537683.989,4142349.029,4142357.499,"Silva","NEON_D07_MLBS_DP1_537000_4142000_classified_point_cloud.laz","2018_MLBS_3_537000_4142000_image.tif","Tree",1,537000,537999.999,4142000,4142999.999
"10232",10232,537724.002,537729.849,4142401.54,4142408.455,"Silva","NEON_D07_MLBS_DP1_537000_4142000_classified_point_cloud.laz","2018_MLBS_3_537000_4142000_image.tif","Tree",1,537000,537999.999,4142000,4142999.999
"10233",10233,537712.013,537720.984,4142401.002,4142409,"Silva","NEON_D07_MLBS_DP1_537000_4142000_classified_point_cloud.laz","2018_MLBS_3_537000_4142000_image.tif","Tree",1,537000,537999.999,4142000,4142999.999
"10234",10234,537706.507,537711.312,4142407.607,4142417.948,"Silva","NEON_D07_MLBS_DP1_537000_4142000_classified_point_cloud.laz","2018_MLBS_3_537000_4142000_image.tif","Tree",1,537000,537999.999,4142000,4142999.999
"10235",10235,537714.195,537720.495,4142408.544,4142413.969,"Silva","NEON_D07_MLBS_DP1_537000_4142000_classified_point_cloud.laz","2018_MLBS_3_537000_4142000_image.tif","Tree",1,537000,537999.999,4142000,4142999.999
"10236",10236,537740.502,537750.445,4142406.006,4142413.998,"Silva","NEON_D07_MLBS_DP1_537000_4142000_classified_point_cloud.laz","2018_MLBS_3_537000_4142000_image.tif","Tree",1,537000,537999.999,4142000,4142999.999
"10237",10237,537725.501,537733.444,4142407.042,4142415.497,"Silva","NEON_D07_MLBS_DP1_537000_4142000_classified_point_cloud.laz","2018_MLBS_3_537000_4142000_image.tif","Tree",1,537000,537999.999,4142000,4142999.999
"10238",10238,537719.509,537725.498,4142405.579,4142415.794,"Silva","NEON_D07_MLBS_DP1_537000_4142000_classified_point_cloud.laz","2018_MLBS_3_537000_4142000_image.tif","Tree",1,537000,537999.999,4142000,4142999.999
"10239",10239,537659.074,537666.483,4142404.524,4142414.994,"Silva","NEON_D07_MLBS_DP1_537000_4142000_classified_point_cloud.laz","2018_MLBS_3_537000_4142000_image.tif","Tree",1,537000,537999.999,4142000,4142999.999
"10240",10240,537629.514,537633.93,4142406.521,4142414.397,"Silva","NEON_D07_MLBS_DP1_537000_4142000_classified_point_cloud.laz","2018_MLBS_3_537000_4142000_image.tif","Tree",1,537000,537999.999,4142000,4142999.999
"10241",10241,537733.025,537741.472,4142405.527,4142412.992,"Silva","NEON_D07_MLBS_DP1_537000_4142000_classified_point_cloud.laz","2018_MLBS_3_537000_4142000_image.tif","Tree",1,537000,537999.999,4142000,4142999.999
"10242",10242,537743.054,537752.457,4142399.723,4142408.386,"Silva","NEON_D07_MLBS_DP1_537000_4142000_classified_point_cloud.laz","2018_MLBS_3_537000_4142000_image.tif","Tree",1,537000,537999.999,4142000,4142999.999
"10243",10243,537733.002,537739.239,4142399.03,4142405.991,"Silva","NEON_D07_MLBS_DP1_537000_4142000_classified_point_cloud.laz","2018_MLBS_3_537000_4142000_image.tif","Tree",1,537000,537999.999,4142000,4142999.999
"10244",10244,537719.512,537728.48,4142398.275,4142405.994,"Silva","NEON_D07_MLBS_DP1_537000_4142000_classified_point_cloud.laz","2018_MLBS_3_537000_4142000_image.tif","Tree",1,537000,537999.999,4142000,4142999.999
"10245",10245,537739.018,537743.991,4142399.001,4142406.482,"Silva","NEON_D07_MLBS_DP1_537000_4142000_classified_point_cloud.laz","2018_MLBS_3_537000_4142000_image.tif","Tree",1,537000,537999.999,4142000,4142999.999
"10246",10246,537688.023,537700.928,4142396.074,4142405.499,"Silva","NEON_D07_MLBS_DP1_537000_4142000_classified_point_cloud.laz","2018_MLBS_3_537000_4142000_image.tif","Tree",1,537000,537999.999,4142000,4142999.999
"10247",10247,537741.617,537751.996,4142394.032,4142402.399,"Silva","NEON_D07_MLBS_DP1_537000_4142000_classified_point_cloud.laz","2018_MLBS_3_537000_4142000_image.tif","Tree",1,537000,537999.999,4142000,4142999.999
"10248",10248,537690.009,537702.995,4142390.668,4142402.891,"Silva","NEON_D07_MLBS_DP1_537000_4142000_classified_point_cloud.laz","2018_MLBS_3_537000_4142000_image.tif","Tree",1,537000,537999.999,4142000,4142999.999
"10249",10249,537614.502,537625.493,4142390.008,4142399.498,"Silva","NEON_D07_MLBS_DP1_537000_4142000_classified_point_cloud.laz","2018_MLBS_3_537000_4142000_image.tif","Tree",1,537000,537999.999,4142000,4142999.999
"10250",10250,537729.598,537736.975,4142388.503,4142397.953,"Silva","NEON_D07_MLBS_DP1_537000_4142000_classified_point_cloud.laz","2018_MLBS_3_537000_4142000_image.tif","Tree",1,537000,537999.999,4142000,4142999.999
"10251",10251,537665.502,537675.964,4142386.586,4142396.323,"Silva","NEON_D07_MLBS_DP1_537000_4142000_classified_point_cloud.laz","2018_MLBS_3_537000_4142000_image.tif","Tree",1,537000,537999.999,4142000,4142999.999
"10252",10252,537714.042,537721.996,4142379.077,4142391.44,"Silva","NEON_D07_MLBS_DP1_537000_4142000_classified_point_cloud.laz","2018_MLBS_3_537000_4142000_image.tif","Tree",1,537000,537999.999,4142000,4142999.999
"10253",10253,537618.241,537627.992,4142382.511,4142392.482,"Silva","NEON_D07_MLBS_DP1_537000_4142000_classified_point_cloud.laz","2018_MLBS_3_537000_4142000_image.tif","Tree",1,537000,537999.999,4142000,4142999.999
"10254",10254,537727.5,537734.495,4142375.077,4142388.989,"Silva","NEON_D07_MLBS_DP1_537000_4142000_classified_point_cloud.laz","2018_MLBS_3_537000_4142000_image.tif","Tree",1,537000,537999.999,4142000,4142999.999
"10255",10255,537719.02,537727.497,4142381.001,4142389.283,"Silva","NEON_D07_MLBS_DP1_537000_4142000_classified_point_cloud.laz","2018_MLBS_3_537000_4142000_image.tif","Tree",1,537000,537999.999,4142000,4142999.999
"10256",10256,537626.515,537632.905,4142383.53,4142391.977,"Silva","NEON_D07_MLBS_DP1_537000_4142000_classified_point_cloud.laz","2018_MLBS_3_537000_4142000_image.tif","Tree",1,537000,537999.999,4142000,4142999.999
"10257",10257,537715.042,537722.475,4142364.505,4142373.975,"Silva","NEON_D07_MLBS_DP1_537000_4142000_classified_point_cloud.laz","2018_MLBS_3_537000_4142000_image.tif","Tree",1,537000,537999.999,4142000,4142999.999
"10258",10258,537700.509,537708.989,4142362.519,4142368.414,"Silva","NEON_D07_MLBS_DP1_537000_4142000_classified_point_cloud.laz","2018_MLBS_3_537000_4142000_image.tif","Tree",1,537000,537999.999,4142000,4142999.999
"10259",10259,537738,537746.99,4142349.519,4142362.927,"Silva","NEON_D07_MLBS_DP1_537000_4142000_classified_point_cloud.laz","2018_MLBS_3_537000_4142000_image.tif","Tree",1,537000,537999.999,4142000,4142999.999
"10260",10260,537730.542,537739.996,4142348.061,4142361.413,"Silva","NEON_D07_MLBS_DP1_537000_4142000_classified_point_cloud.laz","2018_MLBS_3_537000_4142000_image.tif","Tree",1,537000,537999.999,4142000,4142999.999
"10261",10261,537678.527,537688.232,4142354.656,4142362.483,"Silva","NEON_D07_MLBS_DP1_537000_4142000_classified_point_cloud.laz","2018_MLBS_3_537000_4142000_image.tif","Tree",1,537000,537999.999,4142000,4142999.999
"10262",10262,537710.01,537717.993,4142353.055,4142360.386,"Silva","NEON_D07_MLBS_DP1_537000_4142000_classified_point_cloud.laz","2018_MLBS_3_537000_4142000_image.tif","Tree",1,537000,537999.999,4142000,4142999.999
"10263",10263,537696.749,537703.845,4142352.609,4142360.497,"Silva","NEON_D07_MLBS_DP1_537000_4142000_classified_point_cloud.laz","2018_MLBS_3_537000_4142000_image.tif","Tree",1,537000,537999.999,4142000,4142999.999
"10264",10264,537757.159,537767.977,4142278.002,4142288.981,"Silva","NEON_D07_MLBS_DP1_537000_4142000_classified_point_cloud.laz","2018_MLBS_3_537000_4142000_image.tif","Tree",1,537000,537999.999,4142000,4142999.999
"10265",10265,537767.157,537777.483,4142280.148,4142292.736,"Silva","NEON_D07_MLBS_DP1_537000_4142000_classified_point_cloud.laz","2018_MLBS_3_537000_4142000_image.tif","Tree",1,537000,537999.999,4142000,4142999.999
"10266",10266,537757.502,537772.437,4142288.506,4142294.784,"Silva","NEON_D07_MLBS_DP1_537000_4142000_classified_point_cloud.laz","2018_MLBS_3_537000_4142000_image.tif","Tree",1,537000,537999.999,4142000,4142999.999
"10267",10267,537815.112,537820.448,4142287.004,4142296.981,"Silva","NEON_D07_MLBS_DP1_537000_4142000_classified_point_cloud.laz","2018_MLBS_3_537000_4142000_image.tif","Tree",1,537000,537999.999,4142000,4142999.999
"10268",10268,537764.647,537770.477,4142295.166,4142304.479,"Silva","NEON_D07_MLBS_DP1_537000_4142000_classified_point_cloud.laz","2018_MLBS_3_537000_4142000_image.tif","Tree",1,537000,537999.999,4142000,4142999.999
"10269",10269,537770,537779.416,4142293.005,4142303.972,"Silva","NEON_D07_MLBS_DP1_537000_4142000_classified_point_cloud.laz","2018_MLBS_3_537000_4142000_image.tif","Tree",1,537000,537999.999,4142000,4142999.999
"10270",10270,537752.058,537761.984,4142304.035,4142314.476,"Silva","NEON_D07_MLBS_DP1_537000_4142000_classified_point_cloud.laz","2018_MLBS_3_537000_4142000_image.tif","Tree",1,537000,537999.999,4142000,4142999.999
"10271",10271,537766.722,537774.249,4142304.074,4142312.984,"Silva","NEON_D07_MLBS_DP1_537000_4142000_classified_point_cloud.laz","2018_MLBS_3_537000_4142000_image.tif","Tree",1,537000,537999.999,4142000,4142999.999
"10272",10272,537796.061,537802.997,4142309.504,4142317.987,"Silva","NEON_D07_MLBS_DP1_537000_4142000_classified_point_cloud.laz","2018_MLBS_3_537000_4142000_image.tif","Tree",1,537000,537999.999,4142000,4142999.999
"10273",10273,537765.001,537771.338,4142318.474,4142327.407,"Silva","NEON_D07_MLBS_DP1_537000_4142000_classified_point_cloud.laz","2018_MLBS_3_537000_4142000_image.tif","Tree",1,537000,537999.999,4142000,4142999.999
"10274",10274,537803.035,537806.959,4142339.123,4142347.997,"Silva","NEON_D07_MLBS_DP1_537000_4142000_classified_point_cloud.laz","2018_MLBS_3_537000_4142000_image.tif","Tree",1,537000,537999.999,4142000,4142999.999
"10275",10275,537794.534,537804.955,4142409.59,4142423.5,"Silva","NEON_D07_MLBS_DP1_537000_4142000_classified_point_cloud.laz","2018_MLBS_3_537000_4142000_image.tif","Tree",1,537000,537999.999,4142000,4142999.999
"10276",10276,537771.084,537780.469,4142403.537,4142414.992,"Silva","NEON_D07_MLBS_DP1_537000_4142000_classified_point_cloud.laz","2018_MLBS_3_537000_4142000_image.tif","Tree",1,537000,537999.999,4142000,4142999.999
"10277",10277,537780.508,537792.38,4142390.546,4142400.942,"Silva","NEON_D07_MLBS_DP1_537000_4142000_classified_point_cloud.laz","2018_MLBS_3_537000_4142000_image.tif","Tree",1,537000,537999.999,4142000,4142999.999
"10278",10278,537750.048,537762.861,4142386.502,4142400.42,"Silva","NEON_D07_MLBS_DP1_537000_4142000_classified_point_cloud.laz","2018_MLBS_3_537000_4142000_image.tif","Tree",1,537000,537999.999,4142000,4142999.999
"10279",10279,537834.039,537845.483,4142378.096,4142392.98,"Silva","NEON_D07_MLBS_DP1_537000_4142000_classified_point_cloud.laz","2018_MLBS_3_537000_4142000_image.tif","Tree",1,537000,537999.999,4142000,4142999.999
"10280",10280,537814.015,537823.493,4142364.594,4142375.961,"Silva","NEON_D07_MLBS_DP1_537000_4142000_classified_point_cloud.laz","2018_MLBS_3_537000_4142000_image.tif","Tree",1,537000,537999.999,4142000,4142999.999
"10281",10281,537769.534,537781.455,4142367.578,4142376.986,"Silva","NEON_D07_MLBS_DP1_537000_4142000_classified_point_cloud.laz","2018_MLBS_3_537000_4142000_image.tif","Tree",1,537000,537999.999,4142000,4142999.999
"10282",10282,537806.037,537811.329,4142360.581,4142369.17,"Silva","NEON_D07_MLBS_DP1_537000_4142000_classified_point_cloud.laz","2018_MLBS_3_537000_4142000_image.tif","Tree",1,537000,537999.999,4142000,4142999.999
"10283",10283,537521.509,537528.947,4142410.524,4142418.94,"Silva","NEON_D07_MLBS_DP1_537000_4142000_classified_point_cloud.laz","2018_MLBS_3_537000_4142000_image.tif","Tree",1,537000,537999.999,4142000,4142999.999
"10284",10284,537517.508,537528.49,4142421.036,4142432.498,"Silva","NEON_D07_MLBS_DP1_537000_4142000_classified_point_cloud.laz","2018_MLBS_3_537000_4142000_image.tif","Tree",1,537000,537999.999,4142000,4142999.999
"10285",10285,537635.54,537642.263,4142413.703,4142419.98,"Silva","NEON_D07_MLBS_DP1_537000_4142000_classified_point_cloud.laz","2018_MLBS_3_537000_4142000_image.tif","Tree",1,537000,537999.999,4142000,4142999.999
"10286",10286,537661.776,537668.74,4142413.502,4142419.827,"Silva","NEON_D07_MLBS_DP1_537000_4142000_classified_point_cloud.laz","2018_MLBS_3_537000_4142000_image.tif","Tree",1,537000,537999.999,4142000,4142999.999
"10287",10287,537650.536,537660.947,4142415.04,4142423.995,"Silva","NEON_D07_MLBS_DP1_537000_4142000_classified_point_cloud.laz","2018_MLBS_3_537000_4142000_image.tif","Tree",1,537000,537999.999,4142000,4142999.999
"10288",10288,537733.721,537741.968,4142418.51,4142426.347,"Silva","NEON_D07_MLBS_DP1_537000_4142000_classified_point_cloud.laz","2018_MLBS_3_537000_4142000_image.tif","Tree",1,537000,537999.999,4142000,4142999.999
"10289",10289,537650.76,537661.991,4142424.018,4142432.498,"Silva","NEON_D07_MLBS_DP1_537000_4142000_classified_point_cloud.laz","2018_MLBS_3_537000_4142000_image.tif","Tree",1,537000,537999.999,4142000,4142999.999
"10290",10290,537661.079,537665.233,4142426.533,4142435.916,"Silva","NEON_D07_MLBS_DP1_537000_4142000_classified_point_cloud.laz","2018_MLBS_3_537000_4142000_image.tif","Tree",1,537000,537999.999,4142000,4142999.999
"10291",10291,537641.522,537647.475,4142430.014,4142437.468,"Silva","NEON_D07_MLBS_DP1_537000_4142000_classified_point_cloud.laz","2018_MLBS_3_537000_4142000_image.tif","Tree",1,537000,537999.999,4142000,4142999.999
"10292",10292,537648.033,537651.217,4142452.752,4142457.955,"Silva","NEON_D07_MLBS_DP1_537000_4142000_classified_point_cloud.laz","2018_MLBS_3_537000_4142000_image.tif","Tree",1,537000,537999.999,4142000,4142999.999
"10293",10293,537498.518,537508.491,4142410.592,4142422.229,"Silva","NEON_D07_MLBS_DP1_537000_4142000_classified_point_cloud.laz","2018_MLBS_3_537000_4142000_image.tif","Tree",1,537000,537999.999,4142000,4142999.999
"10294",10294,537511.037,537521.472,4142412.046,4142423.441,"Silva","NEON_D07_MLBS_DP1_537000_4142000_classified_point_cloud.laz","2018_MLBS_3_537000_4142000_image.tif","Tree",1,537000,537999.999,4142000,4142999.999
"10295",10295,537528.542,537537.458,4142421.012,4142431.769,"Silva","NEON_D07_MLBS_DP1_537000_4142000_classified_point_cloud.laz","2018_MLBS_3_537000_4142000_image.tif","Tree",1,537000,537999.999,4142000,4142999.999
"10296",10296,537502,537509.858,4142422.522,4142432.492,"Silva","NEON_D07_MLBS_DP1_537000_4142000_classified_point_cloud.laz","2018_MLBS_3_537000_4142000_image.tif","Tree",1,537000,537999.999,4142000,4142999.999
"10297",10297,537507.581,537517.876,4142428.007,4142435.473,"Silva","NEON_D07_MLBS_DP1_537000_4142000_classified_point_cloud.laz","2018_MLBS_3_537000_4142000_image.tif","Tree",1,537000,537999.999,4142000,4142999.999
"10298",10298,537534.116,537541.934,4142427.501,4142436.27,"Silva","NEON_D07_MLBS_DP1_537000_4142000_classified_point_cloud.laz","2018_MLBS_3_537000_4142000_image.tif","Tree",1,537000,537999.999,4142000,4142999.999
"10299",10299,537546.5,537554.925,4142427.064,4142435.302,"Silva","NEON_D07_MLBS_DP1_537000_4142000_classified_point_cloud.laz","2018_MLBS_3_537000_4142000_image.tif","Tree",1,537000,537999.999,4142000,4142999.999
"10300",10300,537522.548,537533.46,4142428.186,4142439.451,"Silva","NEON_D07_MLBS_DP1_537000_4142000_classified_point_cloud.laz","2018_MLBS_3_537000_4142000_image.tif","Tree",1,537000,537999.999,4142000,4142999.999
"10301",10301,537502.003,537509.485,4142431.543,4142440.484,"Silva","NEON_D07_MLBS_DP1_537000_4142000_classified_point_cloud.laz","2018_MLBS_3_537000_4142000_image.tif","Tree",1,537000,537999.999,4142000,4142999.999
"10302",10302,537494.501,537503.393,4142432.022,4142441.491,"Silva","NEON_D07_MLBS_DP1_537000_4142000_classified_point_cloud.laz","2018_MLBS_3_537000_4142000_image.tif","Tree",1,537000,537999.999,4142000,4142999.999
"10303",10303,537543.587,537554.498,4142434.011,4142440.974,"Silva","NEON_D07_MLBS_DP1_537000_4142000_classified_point_cloud.laz","2018_MLBS_3_537000_4142000_image.tif","Tree",1,537000,537999.999,4142000,4142999.999
"10304",10304,537516.025,537527.453,4142439.05,4142446.499,"Silva","NEON_D07_MLBS_DP1_537000_4142000_classified_point_cloud.laz","2018_MLBS_3_537000_4142000_image.tif","Tree",1,537000,537999.999,4142000,4142999.999
"10305",10305,537527.003,537533.498,4142439.517,4142447.988,"Silva","NEON_D07_MLBS_DP1_537000_4142000_classified_point_cloud.laz","2018_MLBS_3_537000_4142000_image.tif","Tree",1,537000,537999.999,4142000,4142999.999
"10306",10306,537545.006,537552.489,4142440.521,4142448.46,"Silva","NEON_D07_MLBS_DP1_537000_4142000_classified_point_cloud.laz","2018_MLBS_3_537000_4142000_image.tif","Tree",1,537000,537999.999,4142000,4142999.999
"10307",10307,537541.057,537547.383,4142443.571,4142450.999,"Silva","NEON_D07_MLBS_DP1_537000_4142000_classified_point_cloud.laz","2018_MLBS_3_537000_4142000_image.tif","Tree",1,537000,537999.999,4142000,4142999.999
"10308",10308,537527.51,537536.496,4142447.514,4142455.977,"Silva","NEON_D07_MLBS_DP1_537000_4142000_classified_point_cloud.laz","2018_MLBS_3_537000_4142000_image.tif","Tree",1,537000,537999.999,4142000,4142999.999
"10309",10309,537508.675,537518.497,4142445.04,4142457.341,"Silva","NEON_D07_MLBS_DP1_537000_4142000_classified_point_cloud.laz","2018_MLBS_3_537000_4142000_image.tif","Tree",1,537000,537999.999,4142000,4142999.999
"10310",10310,537544.507,537551.988,4142448.015,4142454.992,"Silva","NEON_D07_MLBS_DP1_537000_4142000_classified_point_cloud.laz","2018_MLBS_3_537000_4142000_image.tif","Tree",1,537000,537999.999,4142000,4142999.999
"10311",10311,537516.108,537523.933,4142451.113,4142458.195,"Silva","NEON_D07_MLBS_DP1_537000_4142000_classified_point_cloud.laz","2018_MLBS_3_537000_4142000_image.tif","Tree",1,537000,537999.999,4142000,4142999.999
"10312",10312,537533.079,537541.491,4142453.008,4142459.809,"Silva","NEON_D07_MLBS_DP1_537000_4142000_classified_point_cloud.laz","2018_MLBS_3_537000_4142000_image.tif","Tree",1,537000,537999.999,4142000,4142999.999
"10313",10313,537541.013,537545.975,4142457.032,4142463.399,"Silva","NEON_D07_MLBS_DP1_537000_4142000_classified_point_cloud.laz","2018_MLBS_3_537000_4142000_image.tif","Tree",1,537000,537999.999,4142000,4142999.999
"10314",10314,537534.511,537539.462,4142459.035,4142466.929,"Silva","NEON_D07_MLBS_DP1_537000_4142000_classified_point_cloud.laz","2018_MLBS_3_537000_4142000_image.tif","Tree",1,537000,537999.999,4142000,4142999.999
"10315",10315,537508.6,537516.47,4142464.587,4142472.298,"Silva","NEON_D07_MLBS_DP1_537000_4142000_classified_point_cloud.laz","2018_MLBS_3_537000_4142000_image.tif","Tree",1,537000,537999.999,4142000,4142999.999
"10316",10316,537496.053,537505.856,4142467.009,4142473.988,"Silva","NEON_D07_MLBS_DP1_537000_4142000_classified_point_cloud.laz","2018_MLBS_3_537000_4142000_image.tif","Tree",1,537000,537999.999,4142000,4142999.999
"10317",10317,537525.072,537534.965,4142465.639,4142471.986,"Silva","NEON_D07_MLBS_DP1_537000_4142000_classified_point_cloud.laz","2018_MLBS_3_537000_4142000_image.tif","Tree",1,537000,537999.999,4142000,4142999.999
"10318",10318,537540.523,537549.983,4142473.073,4142481.879,"Silva","NEON_D07_MLBS_DP1_537000_4142000_classified_point_cloud.laz","2018_MLBS_3_537000_4142000_image.tif","Tree",1,537000,537999.999,4142000,4142999.999
"10319",10319,537528.501,537534.493,4142471.022,4142476.905,"Silva","NEON_D07_MLBS_DP1_537000_4142000_classified_point_cloud.laz","2018_MLBS_3_537000_4142000_image.tif","Tree",1,537000,537999.999,4142000,4142999.999
"10320",10320,537520.504,537523.996,4142468.036,4142477.317,"Silva","NEON_D07_MLBS_DP1_537000_4142000_classified_point_cloud.laz","2018_MLBS_3_537000_4142000_image.tif","Tree",1,537000,537999.999,4142000,4142999.999
"10321",10321,537524.003,537528.931,4142468.673,4142478.487,"Silva","NEON_D07_MLBS_DP1_537000_4142000_classified_point_cloud.laz","2018_MLBS_3_537000_4142000_image.tif","Tree",1,537000,537999.999,4142000,4142999.999
"10322",10322,537500.365,537508.487,4142468.87,4142479.42,"Silva","NEON_D07_MLBS_DP1_537000_4142000_classified_point_cloud.laz","2018_MLBS_3_537000_4142000_image.tif","Tree",1,537000,537999.999,4142000,4142999.999
"10323",10323,537611.099,537617.445,4142413.014,4142420.436,"Silva","NEON_D07_MLBS_DP1_537000_4142000_classified_point_cloud.laz","2018_MLBS_3_537000_4142000_image.tif","Tree",1,537000,537999.999,4142000,4142999.999
"10324",10324,537550.022,537560.954,4142409.677,4142422.47,"Silva","NEON_D07_MLBS_DP1_537000_4142000_classified_point_cloud.laz","2018_MLBS_3_537000_4142000_image.tif","Tree",1,537000,537999.999,4142000,4142999.999
"10325",10325,537565.602,537575.498,4142413.516,4142423.981,"Silva","NEON_D07_MLBS_DP1_537000_4142000_classified_point_cloud.laz","2018_MLBS_3_537000_4142000_image.tif","Tree",1,537000,537999.999,4142000,4142999.999
"10326",10326,537576.003,537583.473,4142413.015,4142423.246,"Silva","NEON_D07_MLBS_DP1_537000_4142000_classified_point_cloud.laz","2018_MLBS_3_537000_4142000_image.tif","Tree",1,537000,537999.999,4142000,4142999.999
"10327",10327,537599.53,537607.43,4142416.7,4142424.74,"Silva","NEON_D07_MLBS_DP1_537000_4142000_classified_point_cloud.laz","2018_MLBS_3_537000_4142000_image.tif","Tree",1,537000,537999.999,4142000,4142999.999
"10328",10328,537571.504,537577.977,4142416.536,4142426.927,"Silva","NEON_D07_MLBS_DP1_537000_4142000_classified_point_cloud.laz","2018_MLBS_3_537000_4142000_image.tif","Tree",1,537000,537999.999,4142000,4142999.999
"10329",10329,537578.547,537586.369,4142418.676,4142426.441,"Silva","NEON_D07_MLBS_DP1_537000_4142000_classified_point_cloud.laz","2018_MLBS_3_537000_4142000_image.tif","Tree",1,537000,537999.999,4142000,4142999.999
"10330",10330,537586.008,537594.951,4142419.505,4142424.498,"Silva","NEON_D07_MLBS_DP1_537000_4142000_classified_point_cloud.laz","2018_MLBS_3_537000_4142000_image.tif","Tree",1,537000,537999.999,4142000,4142999.999
"10331",10331,537608.501,537616.271,4142419.124,4142428.929,"Silva","NEON_D07_MLBS_DP1_537000_4142000_classified_point_cloud.laz","2018_MLBS_3_537000_4142000_image.tif","Tree",1,537000,537999.999,4142000,4142999.999
"10332",10332,537585.575,537595.378,4142424.006,4142427.469,"Silva","NEON_D07_MLBS_DP1_537000_4142000_classified_point_cloud.laz","2018_MLBS_3_537000_4142000_image.tif","Tree",1,537000,537999.999,4142000,4142999.999
"10333",10333,537557.503,537566.495,4142419.01,4142430.948,"Silva","NEON_D07_MLBS_DP1_537000_4142000_classified_point_cloud.laz","2018_MLBS_3_537000_4142000_image.tif","Tree",1,537000,537999.999,4142000,4142999.999
"10334",10334,537574.503,537585.495,4142423.529,4142433.34,"Silva","NEON_D07_MLBS_DP1_537000_4142000_classified_point_cloud.laz","2018_MLBS_3_537000_4142000_image.tif","Tree",1,537000,537999.999,4142000,4142999.999
"10335",10335,537563.624,537574.957,4142422.515,4142434.965,"Silva","NEON_D07_MLBS_DP1_537000_4142000_classified_point_cloud.laz","2018_MLBS_3_537000_4142000_image.tif","Tree",1,537000,537999.999,4142000,4142999.999
"10336",10336,537585.043,537592.997,4142427.001,4142433.373,"Silva","NEON_D07_MLBS_DP1_537000_4142000_classified_point_cloud.laz","2018_MLBS_3_537000_4142000_image.tif","Tree",1,537000,537999.999,4142000,4142999.999
"10337",10337,537591.568,537597.489,4142424.557,4142434.955,"Silva","NEON_D07_MLBS_DP1_537000_4142000_classified_point_cloud.laz","2018_MLBS_3_537000_4142000_image.tif","Tree",1,537000,537999.999,4142000,4142999.999
"10338",10338,537602.014,537611.996,4142429.954,4142437.444,"Silva","NEON_D07_MLBS_DP1_537000_4142000_classified_point_cloud.laz","2018_MLBS_3_537000_4142000_image.tif","Tree",1,537000,537999.999,4142000,4142999.999
"10339",10339,537611.018,537620.254,4142436.026,4142443.217,"Silva","NEON_D07_MLBS_DP1_537000_4142000_classified_point_cloud.laz","2018_MLBS_3_537000_4142000_image.tif","Tree",1,537000,537999.999,4142000,4142999.999
"10340",10340,537598.545,537605.464,4142439.509,4142444.967,"Silva","NEON_D07_MLBS_DP1_537000_4142000_classified_point_cloud.laz","2018_MLBS_3_537000_4142000_image.tif","Tree",1,537000,537999.999,4142000,4142999.999
"10341",10341,537579.071,537590.455,4142438.521,4142447.495,"Silva","NEON_D07_MLBS_DP1_537000_4142000_classified_point_cloud.laz","2018_MLBS_3_537000_4142000_image.tif","Tree",1,537000,537999.999,4142000,4142999.999
"10342",10342,537564.009,537576.996,4142434.078,4142448.823,"Silva","NEON_D07_MLBS_DP1_537000_4142000_classified_point_cloud.laz","2018_MLBS_3_537000_4142000_image.tif","Tree",1,537000,537999.999,4142000,4142999.999
"10343",10343,537608.007,537615.46,4142437.268,4142447.598,"Silva","NEON_D07_MLBS_DP1_537000_4142000_classified_point_cloud.laz","2018_MLBS_3_537000_4142000_image.tif","Tree",1,537000,537999.999,4142000,4142999.999
"10344",10344,537590.535,537602.499,4142441.517,4142449.478,"Silva","NEON_D07_MLBS_DP1_537000_4142000_classified_point_cloud.laz","2018_MLBS_3_537000_4142000_image.tif","Tree",1,537000,537999.999,4142000,4142999.999
"10345",10345,537600.52,537609.499,4142444.533,4142451.486,"Silva","NEON_D07_MLBS_DP1_537000_4142000_classified_point_cloud.laz","2018_MLBS_3_537000_4142000_image.tif","Tree",1,537000,537999.999,4142000,4142999.999
"10346",10346,537590.115,537601.973,4142447.518,4142458.998,"Silva","NEON_D07_MLBS_DP1_537000_4142000_classified_point_cloud.laz","2018_MLBS_3_537000_4142000_image.tif","Tree",1,537000,537999.999,4142000,4142999.999
"10347",10347,537577.505,537587.437,4142455.507,4142464.906,"Silva","NEON_D07_MLBS_DP1_537000_4142000_classified_point_cloud.laz","2018_MLBS_3_537000_4142000_image.tif","Tree",1,537000,537999.999,4142000,4142999.999
"10348",10348,537556.549,537564.971,4142455.002,4142463.412,"Silva","NEON_D07_MLBS_DP1_537000_4142000_classified_point_cloud.laz","2018_MLBS_3_537000_4142000_image.tif","Tree",1,537000,537999.999,4142000,4142999.999
"10349",10349,537599.116,537606.93,4142456.612,4142464.99,"Silva","NEON_D07_MLBS_DP1_537000_4142000_classified_point_cloud.laz","2018_MLBS_3_537000_4142000_image.tif","Tree",1,537000,537999.999,4142000,4142999.999
"10350",10350,537570.511,537578.951,4142457.019,4142467.464,"Silva","NEON_D07_MLBS_DP1_537000_4142000_classified_point_cloud.laz","2018_MLBS_3_537000_4142000_image.tif","Tree",1,537000,537999.999,4142000,4142999.999
"10351",10351,537565,537572.425,4142460.035,4142468.997,"Silva","NEON_D07_MLBS_DP1_537000_4142000_classified_point_cloud.laz","2018_MLBS_3_537000_4142000_image.tif","Tree",1,537000,537999.999,4142000,4142999.999
"10352",10352,537587.002,537594.436,4142462.511,4142470.931,"Silva","NEON_D07_MLBS_DP1_537000_4142000_classified_point_cloud.laz","2018_MLBS_3_537000_4142000_image.tif","Tree",1,537000,537999.999,4142000,4142999.999
"10353",10353,537592.577,537601.497,4142476.086,4142483.948,"Silva","NEON_D07_MLBS_DP1_537000_4142000_classified_point_cloud.laz","2018_MLBS_3_537000_4142000_image.tif","Tree",1,537000,537999.999,4142000,4142999.999
"10354",10354,537570.025,537577.996,4142474.177,4142481.49,"Silva","NEON_D07_MLBS_DP1_537000_4142000_classified_point_cloud.laz","2018_MLBS_3_537000_4142000_image.tif","Tree",1,537000,537999.999,4142000,4142999.999
"10355",10355,537604.612,537615.423,4142470.544,4142478.863,"Silva","NEON_D07_MLBS_DP1_537000_4142000_classified_point_cloud.laz","2018_MLBS_3_537000_4142000_image.tif","Tree",1,537000,537999.999,4142000,4142999.999
"10356",10356,537555.587,537562.497,4142471.286,4142479.934,"Silva","NEON_D07_MLBS_DP1_537000_4142000_classified_point_cloud.laz","2018_MLBS_3_537000_4142000_image.tif","Tree",1,537000,537999.999,4142000,4142999.999
"10357",10357,537575.551,537582.994,4142471.683,4142480,"Silva","NEON_D07_MLBS_DP1_537000_4142000_classified_point_cloud.laz","2018_MLBS_3_537000_4142000_image.tif","Tree",1,537000,537999.999,4142000,4142999.999
"10358",10358,537594.641,537603.966,4142469.016,4142476.993,"Silva","NEON_D07_MLBS_DP1_537000_4142000_classified_point_cloud.laz","2018_MLBS_3_537000_4142000_image.tif","Tree",1,537000,537999.999,4142000,4142999.999
"10359",10359,537603.031,537611.422,4142464.533,4142472.494,"Silva","NEON_D07_MLBS_DP1_537000_4142000_classified_point_cloud.laz","2018_MLBS_3_537000_4142000_image.tif","Tree",1,537000,537999.999,4142000,4142999.999
"10360",10360,537531.048,537536.974,4142495.512,4142502.942,"Silva","NEON_D07_MLBS_DP1_537000_4142000_classified_point_cloud.laz","2018_MLBS_3_537000_4142000_image.tif","Tree",1,537000,537999.999,4142000,4142999.999
"10361",10361,537518.021,537525.312,4142495.551,4142502.969,"Silva","NEON_D07_MLBS_DP1_537000_4142000_classified_point_cloud.laz","2018_MLBS_3_537000_4142000_image.tif","Tree",1,537000,537999.999,4142000,4142999.999
"10362",10362,537503.664,537511.956,4142491.013,4142502.415,"Silva","NEON_D07_MLBS_DP1_537000_4142000_classified_point_cloud.laz","2018_MLBS_3_537000_4142000_image.tif","Tree",1,537000,537999.999,4142000,4142999.999
"10363",10363,537518.035,537526.627,4142487.509,4142495.983,"Silva","NEON_D07_MLBS_DP1_537000_4142000_classified_point_cloud.laz","2018_MLBS_3_537000_4142000_image.tif","Tree",1,537000,537999.999,4142000,4142999.999
"10364",10364,537549.608,537559.387,4142488.584,4142495.999,"Silva","NEON_D07_MLBS_DP1_537000_4142000_classified_point_cloud.laz","2018_MLBS_3_537000_4142000_image.tif","Tree",1,537000,537999.999,4142000,4142999.999
"10365",10365,537494.032,537506.87,4142487.524,4142495.993,"Silva","NEON_D07_MLBS_DP1_537000_4142000_classified_point_cloud.laz","2018_MLBS_3_537000_4142000_image.tif","Tree",1,537000,537999.999,4142000,4142999.999
"10366",10366,537546.672,537553.381,4142481.069,4142489.972,"Silva","NEON_D07_MLBS_DP1_537000_4142000_classified_point_cloud.laz","2018_MLBS_3_537000_4142000_image.tif","Tree",1,537000,537999.999,4142000,4142999.999
"10367",10367,537538.028,537545.485,4142482.514,4142488,"Silva","NEON_D07_MLBS_DP1_537000_4142000_classified_point_cloud.laz","2018_MLBS_3_537000_4142000_image.tif","Tree",1,537000,537999.999,4142000,4142999.999
"10368",10368,537524.516,537533.49,4142481.784,4142489.907,"Silva","NEON_D07_MLBS_DP1_537000_4142000_classified_point_cloud.laz","2018_MLBS_3_537000_4142000_image.tif","Tree",1,537000,537999.999,4142000,4142999.999
"10369",10369,537502.501,537512.495,4142479.025,4142490.99,"Silva","NEON_D07_MLBS_DP1_537000_4142000_classified_point_cloud.laz","2018_MLBS_3_537000_4142000_image.tif","Tree",1,537000,537999.999,4142000,4142999.999
"10370",10370,537605.565,537613.49,4142494.075,4142501.917,"Silva","NEON_D07_MLBS_DP1_537000_4142000_classified_point_cloud.laz","2018_MLBS_3_537000_4142000_image.tif","Tree",1,537000,537999.999,4142000,4142999.999
"10371",10371,537609.005,537618.956,4142490.103,4142498.827,"Silva","NEON_D07_MLBS_DP1_537000_4142000_classified_point_cloud.laz","2018_MLBS_3_537000_4142000_image.tif","Tree",1,537000,537999.999,4142000,4142999.999
"10372",10372,537578.528,537585.476,4142487.072,4142496.949,"Silva","NEON_D07_MLBS_DP1_537000_4142000_classified_point_cloud.laz","2018_MLBS_3_537000_4142000_image.tif","Tree",1,537000,537999.999,4142000,4142999.999
"10373",10373,537594.506,537603.456,4142483.521,4142492.847,"Silva","NEON_D07_MLBS_DP1_537000_4142000_classified_point_cloud.laz","2018_MLBS_3_537000_4142000_image.tif","Tree",1,537000,537999.999,4142000,4142999.999
"10374",10374,537561.167,537569.979,4142481.521,4142490.09,"Silva","NEON_D07_MLBS_DP1_537000_4142000_classified_point_cloud.laz","2018_MLBS_3_537000_4142000_image.tif","Tree",1,537000,537999.999,4142000,4142999.999
"10375",10375,537568.025,537575.495,4142480.07,4142488.437,"Silva","NEON_D07_MLBS_DP1_537000_4142000_classified_point_cloud.laz","2018_MLBS_3_537000_4142000_image.tif","Tree",1,537000,537999.999,4142000,4142999.999
"10376",10376,537625.549,537632.998,4142411.804,4142420.9,"Silva","NEON_D07_MLBS_DP1_537000_4142000_classified_point_cloud.laz","2018_MLBS_3_537000_4142000_image.tif","Tree",1,537000,537999.999,4142000,4142999.999
"10377",10377,537679.557,537690.468,4142415.009,4142421.997,"Silva","NEON_D07_MLBS_DP1_537000_4142000_classified_point_cloud.laz","2018_MLBS_3_537000_4142000_image.tif","Tree",1,537000,537999.999,4142000,4142999.999
"10378",10378,537641.058,537648.462,4142416.62,4142423.342,"Silva","NEON_D07_MLBS_DP1_537000_4142000_classified_point_cloud.laz","2018_MLBS_3_537000_4142000_image.tif","Tree",1,537000,537999.999,4142000,4142999.999
"10379",10379,537629.001,537637.454,4142416.51,4142425.454,"Silva","NEON_D07_MLBS_DP1_537000_4142000_classified_point_cloud.laz","2018_MLBS_3_537000_4142000_image.tif","Tree",1,537000,537999.999,4142000,4142999.999
"10380",10380,537635.73,537640.994,4142419.512,4142428.988,"Silva","NEON_D07_MLBS_DP1_537000_4142000_classified_point_cloud.laz","2018_MLBS_3_537000_4142000_image.tif","Tree",1,537000,537999.999,4142000,4142999.999
"10381",10381,537619.002,537624.853,4142420.004,4142425.259,"Silva","NEON_D07_MLBS_DP1_537000_4142000_classified_point_cloud.laz","2018_MLBS_3_537000_4142000_image.tif","Tree",1,537000,537999.999,4142000,4142999.999
"10382",10382,537673.045,537680.394,4142422.172,4142428.932,"Silva","NEON_D07_MLBS_DP1_537000_4142000_classified_point_cloud.laz","2018_MLBS_3_537000_4142000_image.tif","Tree",1,537000,537999.999,4142000,4142999.999
"10383",10383,537679.507,537691.469,4142423.511,4142432.406,"Silva","NEON_D07_MLBS_DP1_537000_4142000_classified_point_cloud.laz","2018_MLBS_3_537000_4142000_image.tif","Tree",1,537000,537999.999,4142000,4142999.999
"10384",10384,537632.515,537639.12,4142428.088,4142434.361,"Silva","NEON_D07_MLBS_DP1_537000_4142000_classified_point_cloud.laz","2018_MLBS_3_537000_4142000_image.tif","Tree",1,537000,537999.999,4142000,4142999.999
"10385",10385,537620.298,537627.999,4142429.867,4142438.782,"Silva","NEON_D07_MLBS_DP1_537000_4142000_classified_point_cloud.laz","2018_MLBS_3_537000_4142000_image.tif","Tree",1,537000,537999.999,4142000,4142999.999
"10386",10386,537633.011,537637.9,4142432.582,4142439,"Silva","NEON_D07_MLBS_DP1_537000_4142000_classified_point_cloud.laz","2018_MLBS_3_537000_4142000_image.tif","Tree",1,537000,537999.999,4142000,4142999.999
"10387",10387,537639.566,537645.406,4142441.642,4142447.819,"Silva","NEON_D07_MLBS_DP1_537000_4142000_classified_point_cloud.laz","2018_MLBS_3_537000_4142000_image.tif","Tree",1,537000,537999.999,4142000,4142999.999
"10388",10388,537662.019,537672.399,4142441.049,4142452.197,"Silva","NEON_D07_MLBS_DP1_537000_4142000_classified_point_cloud.laz","2018_MLBS_3_537000_4142000_image.tif","Tree",1,537000,537999.999,4142000,4142999.999
"10389",10389,537630.508,537636.393,4142439.042,4142447.467,"Silva","NEON_D07_MLBS_DP1_537000_4142000_classified_point_cloud.laz","2018_MLBS_3_537000_4142000_image.tif","Tree",1,537000,537999.999,4142000,4142999.999
"10390",10390,537642.03,537648.939,4142476.525,4142486.483,"Silva","NEON_D07_MLBS_DP1_537000_4142000_classified_point_cloud.laz","2018_MLBS_3_537000_4142000_image.tif","Tree",1,537000,537999.999,4142000,4142999.999
"10391",10391,537624.012,537631.292,4142474.536,4142485.306,"Silva","NEON_D07_MLBS_DP1_537000_4142000_classified_point_cloud.laz","2018_MLBS_3_537000_4142000_image.tif","Tree",1,537000,537999.999,4142000,4142999.999
"10392",10392,537655.162,537664.495,4142474.504,4142480.92,"Silva","NEON_D07_MLBS_DP1_537000_4142000_classified_point_cloud.laz","2018_MLBS_3_537000_4142000_image.tif","Tree",1,537000,537999.999,4142000,4142999.999
"10393",10393,537674.104,537684.999,4142466.512,4142478.924,"Silva","NEON_D07_MLBS_DP1_537000_4142000_classified_point_cloud.laz","2018_MLBS_3_537000_4142000_image.tif","Tree",1,537000,537999.999,4142000,4142999.999
"10394",10394,537631.565,537638.994,4142467.046,4142473.845,"Silva","NEON_D07_MLBS_DP1_537000_4142000_classified_point_cloud.laz","2018_MLBS_3_537000_4142000_image.tif","Tree",1,537000,537999.999,4142000,4142999.999
"10395",10395,537641.527,537651.975,4142457.666,4142467.46,"Silva","NEON_D07_MLBS_DP1_537000_4142000_classified_point_cloud.laz","2018_MLBS_3_537000_4142000_image.tif","Tree",1,537000,537999.999,4142000,4142999.999
"10396",10396,537658.018,537670.496,4142451.574,4142461.941,"Silva","NEON_D07_MLBS_DP1_537000_4142000_classified_point_cloud.laz","2018_MLBS_3_537000_4142000_image.tif","Tree",1,537000,537999.999,4142000,4142999.999
"10397",10397,537739.505,537748.41,4142414.005,4142422.487,"Silva","NEON_D07_MLBS_DP1_537000_4142000_classified_point_cloud.laz","2018_MLBS_3_537000_4142000_image.tif","Tree",1,537000,537999.999,4142000,4142999.999
"10398",10398,537726.582,537732.938,4142415.284,4142422.985,"Silva","NEON_D07_MLBS_DP1_537000_4142000_classified_point_cloud.laz","2018_MLBS_3_537000_4142000_image.tif","Tree",1,537000,537999.999,4142000,4142999.999
"10399",10399,537707.008,537714.981,4142418.659,4142425.872,"Silva","NEON_D07_MLBS_DP1_537000_4142000_classified_point_cloud.laz","2018_MLBS_3_537000_4142000_image.tif","Tree",1,537000,537999.999,4142000,4142999.999
"10400",10400,537722.005,537727.854,4142416.201,4142426.975,"Silva","NEON_D07_MLBS_DP1_537000_4142000_classified_point_cloud.laz","2018_MLBS_3_537000_4142000_image.tif","Tree",1,537000,537999.999,4142000,4142999.999
"10401",10401,537692.627,537705.614,4142422.502,4142429.479,"Silva","NEON_D07_MLBS_DP1_537000_4142000_classified_point_cloud.laz","2018_MLBS_3_537000_4142000_image.tif","Tree",1,537000,537999.999,4142000,4142999.999
"10402",10402,537738.002,537748.928,4142427.502,4142436.739,"Silva","NEON_D07_MLBS_DP1_537000_4142000_classified_point_cloud.laz","2018_MLBS_3_537000_4142000_image.tif","Tree",1,537000,537999.999,4142000,4142999.999
"10403",10403,537713.065,537724.327,4142429.617,4142437.439,"Silva","NEON_D07_MLBS_DP1_537000_4142000_classified_point_cloud.laz","2018_MLBS_3_537000_4142000_image.tif","Tree",1,537000,537999.999,4142000,4142999.999
"10404",10404,537709.513,537716.494,4142433.502,4142444.464,"Silva","NEON_D07_MLBS_DP1_537000_4142000_classified_point_cloud.laz","2018_MLBS_3_537000_4142000_image.tif","Tree",1,537000,537999.999,4142000,4142999.999
"10405",10405,537742.077,537750.842,4142440.184,4142448.404,"Silva","NEON_D07_MLBS_DP1_537000_4142000_classified_point_cloud.laz","2018_MLBS_3_537000_4142000_image.tif","Tree",1,537000,537999.999,4142000,4142999.999
"10406",10406,537691.068,537700.963,4142443.532,4142451.916,"Silva","NEON_D07_MLBS_DP1_537000_4142000_classified_point_cloud.laz","2018_MLBS_3_537000_4142000_image.tif","Tree",1,537000,537999.999,4142000,4142999.999
"10407",10407,537718.044,537728.936,4142441.022,4142449,"Silva","NEON_D07_MLBS_DP1_537000_4142000_classified_point_cloud.laz","2018_MLBS_3_537000_4142000_image.tif","Tree",1,537000,537999.999,4142000,4142999.999
"10408",10408,537683.01,537693.466,4142446.041,4142453.946,"Silva","NEON_D07_MLBS_DP1_537000_4142000_classified_point_cloud.laz","2018_MLBS_3_537000_4142000_image.tif","Tree",1,537000,537999.999,4142000,4142999.999
"10409",10409,537744.054,537751.453,4142448.53,4142455.978,"Silva","NEON_D07_MLBS_DP1_537000_4142000_classified_point_cloud.laz","2018_MLBS_3_537000_4142000_image.tif","Tree",1,537000,537999.999,4142000,4142999.999
"10410",10410,537702.187,537708.498,4142475.001,4142483.48,"Silva","NEON_D07_MLBS_DP1_537000_4142000_classified_point_cloud.laz","2018_MLBS_3_537000_4142000_image.tif","Tree",1,537000,537999.999,4142000,4142999.999
"10411",10411,537693.157,537702.471,4142476.96,4142483.986,"Silva","NEON_D07_MLBS_DP1_537000_4142000_classified_point_cloud.laz","2018_MLBS_3_537000_4142000_image.tif","Tree",1,537000,537999.999,4142000,4142999.999
"10412",10412,537730.167,537739.28,4142467.005,4142477.982,"Silva","NEON_D07_MLBS_DP1_537000_4142000_classified_point_cloud.laz","2018_MLBS_3_537000_4142000_image.tif","Tree",1,537000,537999.999,4142000,4142999.999
"10413",10413,537696.039,537705.448,4142471.504,4142477.927,"Silva","NEON_D07_MLBS_DP1_537000_4142000_classified_point_cloud.laz","2018_MLBS_3_537000_4142000_image.tif","Tree",1,537000,537999.999,4142000,4142999.999
"10414",10414,537691.007,537697.945,4142468.003,4142476.339,"Silva","NEON_D07_MLBS_DP1_537000_4142000_classified_point_cloud.laz","2018_MLBS_3_537000_4142000_image.tif","Tree",1,537000,537999.999,4142000,4142999.999
"10415",10415,537697.501,537707.225,4142457.048,4142466.456,"Silva","NEON_D07_MLBS_DP1_537000_4142000_classified_point_cloud.laz","2018_MLBS_3_537000_4142000_image.tif","Tree",1,537000,537999.999,4142000,4142999.999
"10416",10416,537709.059,537717.487,4142457.727,4142468.478,"Silva","NEON_D07_MLBS_DP1_537000_4142000_classified_point_cloud.laz","2018_MLBS_3_537000_4142000_image.tif","Tree",1,537000,537999.999,4142000,4142999.999
"10417",10417,537686.034,537696.433,4142453.073,4142460.488,"Silva","NEON_D07_MLBS_DP1_537000_4142000_classified_point_cloud.laz","2018_MLBS_3_537000_4142000_image.tif","Tree",1,537000,537999.999,4142000,4142999.999
"10418",10418,537618.113,537626.494,4142495.559,4142502.986,"Silva","NEON_D07_MLBS_DP1_537000_4142000_classified_point_cloud.laz","2018_MLBS_3_537000_4142000_image.tif","Tree",1,537000,537999.999,4142000,4142999.999
"10419",10419,537666.508,537677.484,4142491.591,4142503.442,"Silva","NEON_D07_MLBS_DP1_537000_4142000_classified_point_cloud.laz","2018_MLBS_3_537000_4142000_image.tif","Tree",1,537000,537999.999,4142000,4142999.999
"10420",10420,537635.007,537644.496,4142492.025,4142500.985,"Silva","NEON_D07_MLBS_DP1_537000_4142000_classified_point_cloud.laz","2018_MLBS_3_537000_4142000_image.tif","Tree",1,537000,537999.999,4142000,4142999.999
"10421",10421,537640.467,537649.924,4142486.507,4142497.998,"Silva","NEON_D07_MLBS_DP1_537000_4142000_classified_point_cloud.laz","2018_MLBS_3_537000_4142000_image.tif","Tree",1,537000,537999.999,4142000,4142999.999
"10422",10422,537623.807,537637.468,4142484.509,4142494.987,"Silva","NEON_D07_MLBS_DP1_537000_4142000_classified_point_cloud.laz","2018_MLBS_3_537000_4142000_image.tif","Tree",1,537000,537999.999,4142000,4142999.999
"10423",10423,537644.023,537654.429,4142483.506,4142493.914,"Silva","NEON_D07_MLBS_DP1_537000_4142000_classified_point_cloud.laz","2018_MLBS_3_537000_4142000_image.tif","Tree",1,537000,537999.999,4142000,4142999.999
"10424",10424,537706.022,537718.497,4142495.501,4142505.883,"Silva","NEON_D07_MLBS_DP1_537000_4142000_classified_point_cloud.laz","2018_MLBS_3_537000_4142000_image.tif","Tree",1,537000,537999.999,4142000,4142999.999
"10425",10425,537743.718,537755.498,4142491.642,4142500.957,"Silva","NEON_D07_MLBS_DP1_537000_4142000_classified_point_cloud.laz","2018_MLBS_3_537000_4142000_image.tif","Tree",1,537000,537999.999,4142000,4142999.999
"10426",10426,537693.054,537701.488,4142491.001,4142499.999,"Silva","NEON_D07_MLBS_DP1_537000_4142000_classified_point_cloud.laz","2018_MLBS_3_537000_4142000_image.tif","Tree",1,537000,537999.999,4142000,4142999.999
"10427",10427,537717.309,537723.94,4142486.568,4142498.549,"Silva","NEON_D07_MLBS_DP1_537000_4142000_classified_point_cloud.laz","2018_MLBS_3_537000_4142000_image.tif","Tree",1,537000,537999.999,4142000,4142999.999
"10428",10428,537693.003,537701.458,4142482.509,4142491.883,"Silva","NEON_D07_MLBS_DP1_537000_4142000_classified_point_cloud.laz","2018_MLBS_3_537000_4142000_image.tif","Tree",1,537000,537999.999,4142000,4142999.999
"10429",10429,537745.539,537752.971,4142477.112,4142485.942,"Silva","NEON_D07_MLBS_DP1_537000_4142000_classified_point_cloud.laz","2018_MLBS_3_537000_4142000_image.tif","Tree",1,537000,537999.999,4142000,4142999.999
"10430",10430,537754.635,537764.493,4142413.037,4142424.405,"Silva","NEON_D07_MLBS_DP1_537000_4142000_classified_point_cloud.laz","2018_MLBS_3_537000_4142000_image.tif","Tree",1,537000,537999.999,4142000,4142999.999
"10431",10431,537786.524,537797.459,4142412.512,4142423.975,"Silva","NEON_D07_MLBS_DP1_537000_4142000_classified_point_cloud.laz","2018_MLBS_3_537000_4142000_image.tif","Tree",1,537000,537999.999,4142000,4142999.999
"10432",10432,537767.008,537775.945,4142417.077,4142427.477,"Silva","NEON_D07_MLBS_DP1_537000_4142000_classified_point_cloud.laz","2018_MLBS_3_537000_4142000_image.tif","Tree",1,537000,537999.999,4142000,4142999.999
"10433",10433,537773.505,537781.973,4142428.074,4142436.994,"Silva","NEON_D07_MLBS_DP1_537000_4142000_classified_point_cloud.laz","2018_MLBS_3_537000_4142000_image.tif","Tree",1,537000,537999.999,4142000,4142999.999
"10434",10434,537760.575,537769.213,4142433.61,4142442.32,"Silva","NEON_D07_MLBS_DP1_537000_4142000_classified_point_cloud.laz","2018_MLBS_3_537000_4142000_image.tif","Tree",1,537000,537999.999,4142000,4142999.999
"10435",10435,537773.267,537780.999,4142436.512,4142444.782,"Silva","NEON_D07_MLBS_DP1_537000_4142000_classified_point_cloud.laz","2018_MLBS_3_537000_4142000_image.tif","Tree",1,537000,537999.999,4142000,4142999.999
"10436",10436,537812.501,537822.485,4142442.511,4142447,"Silva","NEON_D07_MLBS_DP1_537000_4142000_classified_point_cloud.laz","2018_MLBS_3_537000_4142000_image.tif","Tree",1,537000,537999.999,4142000,4142999.999
"10437",10437,537805.02,537813.472,4142445.215,4142455.483,"Silva","NEON_D07_MLBS_DP1_537000_4142000_classified_point_cloud.laz","2018_MLBS_3_537000_4142000_image.tif","Tree",1,537000,537999.999,4142000,4142999.999
"10438",10438,537794.043,537804.345,4142448.002,4142453.982,"Silva","NEON_D07_MLBS_DP1_537000_4142000_classified_point_cloud.laz","2018_MLBS_3_537000_4142000_image.tif","Tree",1,537000,537999.999,4142000,4142999.999
"10439",10439,537794.833,537806.422,4142452.534,4142459.414,"Silva","NEON_D07_MLBS_DP1_537000_4142000_classified_point_cloud.laz","2018_MLBS_3_537000_4142000_image.tif","Tree",1,537000,537999.999,4142000,4142999.999
"10440",10440,537789.538,537796.973,4142475.588,4142487.492,"Silva","NEON_D07_MLBS_DP1_537000_4142000_classified_point_cloud.laz","2018_MLBS_3_537000_4142000_image.tif","Tree",1,537000,537999.999,4142000,4142999.999
"10441",10441,537801.031,537808.473,4142475.017,4142483.49,"Silva","NEON_D07_MLBS_DP1_537000_4142000_classified_point_cloud.laz","2018_MLBS_3_537000_4142000_image.tif","Tree",1,537000,537999.999,4142000,4142999.999
"10442",10442,537787.001,537794.499,4142465.155,4142473.995,"Silva","NEON_D07_MLBS_DP1_537000_4142000_classified_point_cloud.laz","2018_MLBS_3_537000_4142000_image.tif","Tree",1,537000,537999.999,4142000,4142999.999
"10443",10443,537751.051,537760.477,4142466.07,4142476.948,"Silva","NEON_D07_MLBS_DP1_537000_4142000_classified_point_cloud.laz","2018_MLBS_3_537000_4142000_image.tif","Tree",1,537000,537999.999,4142000,4142999.999
"10444",10444,537760.508,537767.465,4142465.275,4142475.491,"Silva","NEON_D07_MLBS_DP1_537000_4142000_classified_point_cloud.laz","2018_MLBS_3_537000_4142000_image.tif","Tree",1,537000,537999.999,4142000,4142999.999
"10445",10445,537775,537785.494,4142462.047,4142470.436,"Silva","NEON_D07_MLBS_DP1_537000_4142000_classified_point_cloud.laz","2018_MLBS_3_537000_4142000_image.tif","Tree",1,537000,537999.999,4142000,4142999.999
"10446",10446,537758.011,537768.947,4142461.001,4142468.999,"Silva","NEON_D07_MLBS_DP1_537000_4142000_classified_point_cloud.laz","2018_MLBS_3_537000_4142000_image.tif","Tree",1,537000,537999.999,4142000,4142999.999
"10447",10447,537826.077,537837.98,4142448.51,4142460.474,"Silva","NEON_D07_MLBS_DP1_537000_4142000_classified_point_cloud.laz","2018_MLBS_3_537000_4142000_image.tif","Tree",1,537000,537999.999,4142000,4142999.999
"10448",10448,537819.508,537828.421,4142456.002,4142467.495,"Silva","NEON_D07_MLBS_DP1_537000_4142000_classified_point_cloud.laz","2018_MLBS_3_537000_4142000_image.tif","Tree",1,537000,537999.999,4142000,4142999.999
"10449",10449,537755.591,537764.978,4142492.556,4142497.992,"Silva","NEON_D07_MLBS_DP1_537000_4142000_classified_point_cloud.laz","2018_MLBS_3_537000_4142000_image.tif","Tree",1,537000,537999.999,4142000,4142999.999
"10450",10450,537755.561,537763.939,4142487.57,4142495.495,"Silva","NEON_D07_MLBS_DP1_537000_4142000_classified_point_cloud.laz","2018_MLBS_3_537000_4142000_image.tif","Tree",1,537000,537999.999,4142000,4142999.999
"10451",10451,537749.007,537757.477,4142487.543,4142495.709,"Silva","NEON_D07_MLBS_DP1_537000_4142000_classified_point_cloud.laz","2018_MLBS_3_537000_4142000_image.tif","Tree",1,537000,537999.999,4142000,4142999.999
"10452",10452,537757.001,537764.362,4142479.651,4142487.99,"Silva","NEON_D07_MLBS_DP1_537000_4142000_classified_point_cloud.laz","2018_MLBS_3_537000_4142000_image.tif","Tree",1,537000,537999.999,4142000,4142999.999
"10453",10453,537821.521,537828.496,4142480.545,4142485.449,"Silva","NEON_D07_MLBS_DP1_537000_4142000_classified_point_cloud.laz","2018_MLBS_3_537000_4142000_image.tif","Tree",1,537000,537999.999,4142000,4142999.999
"10454",10454,537519.544,537530.998,4142014.515,4142023.444,"Silva","NEON_D07_MLBS_DP1_537000_4142000_classified_point_cloud.laz","2018_MLBS_3_537000_4142000_image.tif","Tree",1,537000,537999.999,4142000,4142999.999
"10455",10455,537508.574,537517.998,4142011.503,4142019.493,"Silva","NEON_D07_MLBS_DP1_537000_4142000_classified_point_cloud.laz","2018_MLBS_3_537000_4142000_image.tif","Tree",1,537000,537999.999,4142000,4142999.999
"10456",10456,537518.002,537527.432,4142010.534,4142019.409,"Silva","NEON_D07_MLBS_DP1_537000_4142000_classified_point_cloud.laz","2018_MLBS_3_537000_4142000_image.tif","Tree",1,537000,537999.999,4142000,4142999.999
"10457",10457,537512.029,537519.988,4142004.522,4142011.988,"Silva","NEON_D07_MLBS_DP1_537000_4142000_classified_point_cloud.laz","2018_MLBS_3_537000_4142000_image.tif","Tree",1,537000,537999.999,4142000,4142999.999
"10458",10458,537520.02,537525.732,4142004.066,4142011.281,"Silva","NEON_D07_MLBS_DP1_537000_4142000_classified_point_cloud.laz","2018_MLBS_3_537000_4142000_image.tif","Tree",1,537000,537999.999,4142000,4142999.999
"10459",10459,537524.519,537530.981,4142000.063,4142009.991,"Silva","NEON_D07_MLBS_DP1_537000_4142000_classified_point_cloud.laz","2018_MLBS_3_537000_4142000_image.tif","Tree",1,537000,537999.999,4142000,4142999.999
"10460",10460,537545.664,537555.974,4142000,4142008.495,"Silva","NEON_D07_MLBS_DP1_537000_4142000_classified_point_cloud.laz","2018_MLBS_3_537000_4142000_image.tif","Tree",1,537000,537999.999,4142000,4142999.999
"10461",10461,537505.511,537512.49,4142000.002,4142007.5,"Silva","NEON_D07_MLBS_DP1_537000_4142000_classified_point_cloud.laz","2018_MLBS_3_537000_4142000_image.tif","Tree",1,537000,537999.999,4142000,4142999.999
"10462",10462,537499.072,537505.991,4142000.003,4142007.477,"Silva","NEON_D07_MLBS_DP1_537000_4142000_classified_point_cloud.laz","2018_MLBS_3_537000_4142000_image.tif","Tree",1,537000,537999.999,4142000,4142999.999
"10463",10463,537518.616,537526.934,4142000.022,4142006.443,"Silva","NEON_D07_MLBS_DP1_537000_4142000_classified_point_cloud.laz","2018_MLBS_3_537000_4142000_image.tif","Tree",1,537000,537999.999,4142000,4142999.999
"10464",10464,537539.77,537546.828,4142000.002,4142007.369,"Silva","NEON_D07_MLBS_DP1_537000_4142000_classified_point_cloud.laz","2018_MLBS_3_537000_4142000_image.tif","Tree",1,537000,537999.999,4142000,4142999.999
"10465",10465,537514.061,537519.96,4142000.005,4142004.902,"Silva","NEON_D07_MLBS_DP1_537000_4142000_classified_point_cloud.laz","2018_MLBS_3_537000_4142000_image.tif","Tree",1,537000,537999.999,4142000,4142999.999
"10466",10466,537528.012,537535.987,4142000,4142005.977,"Silva","NEON_D07_MLBS_DP1_537000_4142000_classified_point_cloud.laz","2018_MLBS_3_537000_4142000_image.tif","Tree",1,537000,537999.999,4142000,4142999.999
"10467",10467,537573.547,537587.28,4142012.513,4142021.995,"Silva","NEON_D07_MLBS_DP1_537000_4142000_classified_point_cloud.laz","2018_MLBS_3_537000_4142000_image.tif","Tree",1,537000,537999.999,4142000,4142999.999
"10468",10468,537601.022,537606.922,4142016.055,4142022.304,"Silva","NEON_D07_MLBS_DP1_537000_4142000_classified_point_cloud.laz","2018_MLBS_3_537000_4142000_image.tif","Tree",1,537000,537999.999,4142000,4142999.999
"10469",10469,537562.52,537572.917,4142013.254,4142020.971,"Silva","NEON_D07_MLBS_DP1_537000_4142000_classified_point_cloud.laz","2018_MLBS_3_537000_4142000_image.tif","Tree",1,537000,537999.999,4142000,4142999.999
"10470",10470,537593.533,537602.484,4142013.506,4142023.488,"Silva","NEON_D07_MLBS_DP1_537000_4142000_classified_point_cloud.laz","2018_MLBS_3_537000_4142000_image.tif","Tree",1,537000,537999.999,4142000,4142999.999
"10471",10471,537571.518,537582.965,4142008.113,4142017.879,"Silva","NEON_D07_MLBS_DP1_537000_4142000_classified_point_cloud.laz","2018_MLBS_3_537000_4142000_image.tif","Tree",1,537000,537999.999,4142000,4142999.999
"10472",10472,537566,537571.884,4142008.524,4142013.883,"Silva","NEON_D07_MLBS_DP1_537000_4142000_classified_point_cloud.laz","2018_MLBS_3_537000_4142000_image.tif","Tree",1,537000,537999.999,4142000,4142999.999
"10473",10473,537558.111,537565.999,4142009.72,4142017.963,"Silva","NEON_D07_MLBS_DP1_537000_4142000_classified_point_cloud.laz","2018_MLBS_3_537000_4142000_image.tif","Tree",1,537000,537999.999,4142000,4142999.999
"10474",10474,537585.671,537595.987,4142010.09,4142020,"Silva","NEON_D07_MLBS_DP1_537000_4142000_classified_point_cloud.laz","2018_MLBS_3_537000_4142000_image.tif","Tree",1,537000,537999.999,4142000,4142999.999
"10475",10475,537614.007,537624.483,4142008.511,4142017.98,"Silva","NEON_D07_MLBS_DP1_537000_4142000_classified_point_cloud.laz","2018_MLBS_3_537000_4142000_image.tif","Tree",1,537000,537999.999,4142000,4142999.999
"10476",10476,537600.554,537604.97,4142007.045,4142014.801,"Silva","NEON_D07_MLBS_DP1_537000_4142000_classified_point_cloud.laz","2018_MLBS_3_537000_4142000_image.tif","Tree",1,537000,537999.999,4142000,4142999.999
"10477",10477,537563.569,537568.922,4142005.005,4142010.871,"Silva","NEON_D07_MLBS_DP1_537000_4142000_classified_point_cloud.laz","2018_MLBS_3_537000_4142000_image.tif","Tree",1,537000,537999.999,4142000,4142999.999
"10478",10478,537596.059,537602.954,4142005.116,4142013.498,"Silva","NEON_D07_MLBS_DP1_537000_4142000_classified_point_cloud.laz","2018_MLBS_3_537000_4142000_image.tif","Tree",1,537000,537999.999,4142000,4142999.999
"10479",10479,537582.529,537594.487,4142004.505,4142015.09,"Silva","NEON_D07_MLBS_DP1_537000_4142000_classified_point_cloud.laz","2018_MLBS_3_537000_4142000_image.tif","Tree",1,537000,537999.999,4142000,4142999.999
"10480",10480,537613.015,537623.471,4142005.107,4142013.461,"Silva","NEON_D07_MLBS_DP1_537000_4142000_classified_point_cloud.laz","2018_MLBS_3_537000_4142000_image.tif","Tree",1,537000,537999.999,4142000,4142999.999
"10481",10481,537604.017,537613.493,4142002.522,4142011.981,"Silva","NEON_D07_MLBS_DP1_537000_4142000_classified_point_cloud.laz","2018_MLBS_3_537000_4142000_image.tif","Tree",1,537000,537999.999,4142000,4142999.999
"10482",10482,537572.108,537576.986,4142000.026,4142008.492,"Silva","NEON_D07_MLBS_DP1_537000_4142000_classified_point_cloud.laz","2018_MLBS_3_537000_4142000_image.tif","Tree",1,537000,537999.999,4142000,4142999.999
"10483",10483,537576.506,537583.998,4142000.001,4142009.898,"Silva","NEON_D07_MLBS_DP1_537000_4142000_classified_point_cloud.laz","2018_MLBS_3_537000_4142000_image.tif","Tree",1,537000,537999.999,4142000,4142999.999
"10484",10484,537616.011,537624.987,4142000.003,4142007.358,"Silva","NEON_D07_MLBS_DP1_537000_4142000_classified_point_cloud.laz","2018_MLBS_3_537000_4142000_image.tif","Tree",1,537000,537999.999,4142000,4142999.999
"10485",10485,537583.549,537591.468,4142000.005,4142007.479,"Silva","NEON_D07_MLBS_DP1_537000_4142000_classified_point_cloud.laz","2018_MLBS_3_537000_4142000_image.tif","Tree",1,537000,537999.999,4142000,4142999.999
"10486",10486,537569.067,537575.362,4142000.01,4142003.189,"Silva","NEON_D07_MLBS_DP1_537000_4142000_classified_point_cloud.laz","2018_MLBS_3_537000_4142000_image.tif","Tree",1,537000,537999.999,4142000,4142999.999
"10487",10487,537599.038,537607.477,4142000.006,4142006.987,"Silva","NEON_D07_MLBS_DP1_537000_4142000_classified_point_cloud.laz","2018_MLBS_3_537000_4142000_image.tif","Tree",1,537000,537999.999,4142000,4142999.999
"10488",10488,537565.525,537569.495,4142000.009,4142004.379,"Silva","NEON_D07_MLBS_DP1_537000_4142000_classified_point_cloud.laz","2018_MLBS_3_537000_4142000_image.tif","Tree",1,537000,537999.999,4142000,4142999.999
"10489",10489,537591.126,537599.465,4142000.002,4142005.973,"Silva","NEON_D07_MLBS_DP1_537000_4142000_classified_point_cloud.laz","2018_MLBS_3_537000_4142000_image.tif","Tree",1,537000,537999.999,4142000,4142999.999
"10490",10490,537523.618,537529.496,4142084.281,4142089.997,"Silva","NEON_D07_MLBS_DP1_537000_4142000_classified_point_cloud.laz","2018_MLBS_3_537000_4142000_image.tif","Tree",1,537000,537999.999,4142000,4142999.999
"10491",10491,537528.563,537534.942,4142082.529,4142091.37,"Silva","NEON_D07_MLBS_DP1_537000_4142000_classified_point_cloud.laz","2018_MLBS_3_537000_4142000_image.tif","Tree",1,537000,537999.999,4142000,4142999.999
"10492",10492,537508.096,537516.993,4142081.529,4142086.765,"Silva","NEON_D07_MLBS_DP1_537000_4142000_classified_point_cloud.laz","2018_MLBS_3_537000_4142000_image.tif","Tree",1,537000,537999.999,4142000,4142999.999
"10493",10493,537517.005,537522.975,4142081.578,4142087.971,"Silva","NEON_D07_MLBS_DP1_537000_4142000_classified_point_cloud.laz","2018_MLBS_3_537000_4142000_image.tif","Tree",1,537000,537999.999,4142000,4142999.999
"10494",10494,537530.023,537538.462,4142079.561,4142087.454,"Silva","NEON_D07_MLBS_DP1_537000_4142000_classified_point_cloud.laz","2018_MLBS_3_537000_4142000_image.tif","Tree",1,537000,537999.999,4142000,4142999.999
"10495",10495,537522.511,537530.486,4142076.025,4142083.386,"Silva","NEON_D07_MLBS_DP1_537000_4142000_classified_point_cloud.laz","2018_MLBS_3_537000_4142000_image.tif","Tree",1,537000,537999.999,4142000,4142999.999
"10496",10496,537515.336,537522.492,4142076.076,4142082.964,"Silva","NEON_D07_MLBS_DP1_537000_4142000_classified_point_cloud.laz","2018_MLBS_3_537000_4142000_image.tif","Tree",1,537000,537999.999,4142000,4142999.999
"10497",10497,537496.322,537505.982,4142075.521,4142081.405,"Silva","NEON_D07_MLBS_DP1_537000_4142000_classified_point_cloud.laz","2018_MLBS_3_537000_4142000_image.tif","Tree",1,537000,537999.999,4142000,4142999.999
"10498",10498,537534.528,537540.943,4142076.04,4142083.815,"Silva","NEON_D07_MLBS_DP1_537000_4142000_classified_point_cloud.laz","2018_MLBS_3_537000_4142000_image.tif","Tree",1,537000,537999.999,4142000,4142999.999
"10499",10499,537512.559,537522.478,4142070.544,4142078.973,"Silva","NEON_D07_MLBS_DP1_537000_4142000_classified_point_cloud.laz","2018_MLBS_3_537000_4142000_image.tif","Tree",1,537000,537999.999,4142000,4142999.999
"10500",10500,537504.09,537512.932,4142070.019,4142079.364,"Silva","NEON_D07_MLBS_DP1_537000_4142000_classified_point_cloud.laz","2018_MLBS_3_537000_4142000_image.tif","Tree",1,537000,537999.999,4142000,4142999.999
"10501",10501,537540.516,537547.48,4142070.633,4142078.869,"Silva","NEON_D07_MLBS_DP1_537000_4142000_classified_point_cloud.laz","2018_MLBS_3_537000_4142000_image.tif","Tree",1,537000,537999.999,4142000,4142999.999
"10502",10502,537543.048,537554.986,4142019.055,4142028.491,"Silva","NEON_D07_MLBS_DP1_537000_4142000_classified_point_cloud.laz","2018_MLBS_3_537000_4142000_image.tif","Tree",1,537000,537999.999,4142000,4142999.999
"10503",10503,537511.506,537516.98,4142019.01,4142027.159,"Silva","NEON_D07_MLBS_DP1_537000_4142000_classified_point_cloud.laz","2018_MLBS_3_537000_4142000_image.tif","Tree",1,537000,537999.999,4142000,4142999.999
"10504",10504,537507.514,537511.488,4142017.549,4142027.434,"Silva","NEON_D07_MLBS_DP1_537000_4142000_classified_point_cloud.laz","2018_MLBS_3_537000_4142000_image.tif","Tree",1,537000,537999.999,4142000,4142999.999
"10505",10505,537502.112,537511.381,4142021.501,4142028.484,"Silva","NEON_D07_MLBS_DP1_537000_4142000_classified_point_cloud.laz","2018_MLBS_3_537000_4142000_image.tif","Tree",1,537000,537999.999,4142000,4142999.999
"10506",10506,537522.754,537531.405,4142021.714,4142029.964,"Silva","NEON_D07_MLBS_DP1_537000_4142000_classified_point_cloud.laz","2018_MLBS_3_537000_4142000_image.tif","Tree",1,537000,537999.999,4142000,4142999.999
"10507",10507,537540.535,537549.369,4142022.036,4142033.984,"Silva","NEON_D07_MLBS_DP1_537000_4142000_classified_point_cloud.laz","2018_MLBS_3_537000_4142000_image.tif","Tree",1,537000,537999.999,4142000,4142999.999
"10508",10508,537528.548,537535.493,4142022.508,4142033.985,"Silva","NEON_D07_MLBS_DP1_537000_4142000_classified_point_cloud.laz","2018_MLBS_3_537000_4142000_image.tif","Tree",1,537000,537999.999,4142000,4142999.999
"10509",10509,537519.503,537525.478,4142024.072,4142031.998,"Silva","NEON_D07_MLBS_DP1_537000_4142000_classified_point_cloud.laz","2018_MLBS_3_537000_4142000_image.tif","Tree",1,537000,537999.999,4142000,4142999.999
"10510",10510,537511.031,537519.916,4142026.011,4142031.986,"Silva","NEON_D07_MLBS_DP1_537000_4142000_classified_point_cloud.laz","2018_MLBS_3_537000_4142000_image.tif","Tree",1,537000,537999.999,4142000,4142999.999
"10511",10511,537534.527,537541.921,4142024.018,4142032.983,"Silva","NEON_D07_MLBS_DP1_537000_4142000_classified_point_cloud.laz","2018_MLBS_3_537000_4142000_image.tif","Tree",1,537000,537999.999,4142000,4142999.999
"10512",10512,537545.052,537554.498,4142028.044,4142036.498,"Silva","NEON_D07_MLBS_DP1_537000_4142000_classified_point_cloud.laz","2018_MLBS_3_537000_4142000_image.tif","Tree",1,537000,537999.999,4142000,4142999.999
"10513",10513,537553.01,537560.95,4142028.018,4142038.95,"Silva","NEON_D07_MLBS_DP1_537000_4142000_classified_point_cloud.laz","2018_MLBS_3_537000_4142000_image.tif","Tree",1,537000,537999.999,4142000,4142999.999
"10514",10514,537523.518,537531.369,4142030.005,4142035.491,"Silva","NEON_D07_MLBS_DP1_537000_4142000_classified_point_cloud.laz","2018_MLBS_3_537000_4142000_image.tif","Tree",1,537000,537999.999,4142000,4142999.999
"10515",10515,537503.543,537511.834,4142028.552,4142037.473,"Silva","NEON_D07_MLBS_DP1_537000_4142000_classified_point_cloud.laz","2018_MLBS_3_537000_4142000_image.tif","Tree",1,537000,537999.999,4142000,4142999.999
"10516",10516,537517.515,537523.985,4142030.615,4142038.45,"Silva","NEON_D07_MLBS_DP1_537000_4142000_classified_point_cloud.laz","2018_MLBS_3_537000_4142000_image.tif","Tree",1,537000,537999.999,4142000,4142999.999
"10517",10517,537510.024,537517.958,4142030.516,4142037.958,"Silva","NEON_D07_MLBS_DP1_537000_4142000_classified_point_cloud.laz","2018_MLBS_3_537000_4142000_image.tif","Tree",1,537000,537999.999,4142000,4142999.999
"10518",10518,537532.596,537541.403,4142032.546,4142038.9,"Silva","NEON_D07_MLBS_DP1_537000_4142000_classified_point_cloud.laz","2018_MLBS_3_537000_4142000_image.tif","Tree",1,537000,537999.999,4142000,4142999.999
"10519",10519,537549.502,537557.966,4142035.049,4142042.453,"Silva","NEON_D07_MLBS_DP1_537000_4142000_classified_point_cloud.laz","2018_MLBS_3_537000_4142000_image.tif","Tree",1,537000,537999.999,4142000,4142999.999
"10520",10520,537522.714,537530.987,4142035.004,4142040.891,"Silva","NEON_D07_MLBS_DP1_537000_4142000_classified_point_cloud.laz","2018_MLBS_3_537000_4142000_image.tif","Tree",1,537000,537999.999,4142000,4142999.999
"10521",10521,537512.505,537520.944,4142035.599,4142043.965,"Silva","NEON_D07_MLBS_DP1_537000_4142000_classified_point_cloud.laz","2018_MLBS_3_537000_4142000_image.tif","Tree",1,537000,537999.999,4142000,4142999.999
"10522",10522,537543.269,537551.485,4142040.515,4142045.918,"Silva","NEON_D07_MLBS_DP1_537000_4142000_classified_point_cloud.laz","2018_MLBS_3_537000_4142000_image.tif","Tree",1,537000,537999.999,4142000,4142999.999
"10523",10523,537517.505,537526.461,4142038.025,4142046.435,"Silva","NEON_D07_MLBS_DP1_537000_4142000_classified_point_cloud.laz","2018_MLBS_3_537000_4142000_image.tif","Tree",1,537000,537999.999,4142000,4142999.999
"10524",10524,537502.524,537508.97,4142037.048,4142046.993,"Silva","NEON_D07_MLBS_DP1_537000_4142000_classified_point_cloud.laz","2018_MLBS_3_537000_4142000_image.tif","Tree",1,537000,537999.999,4142000,4142999.999
"10525",10525,537530.512,537537.95,4142039.528,4142046.945,"Silva","NEON_D07_MLBS_DP1_537000_4142000_classified_point_cloud.laz","2018_MLBS_3_537000_4142000_image.tif","Tree",1,537000,537999.999,4142000,4142999.999
"10526",10526,537525.5,537530.984,4142039.576,4142047.871,"Silva","NEON_D07_MLBS_DP1_537000_4142000_classified_point_cloud.laz","2018_MLBS_3_537000_4142000_image.tif","Tree",1,537000,537999.999,4142000,4142999.999
"10527",10527,537496.509,537503.482,4142039.501,4142045.996,"Silva","NEON_D07_MLBS_DP1_537000_4142000_classified_point_cloud.laz","2018_MLBS_3_537000_4142000_image.tif","Tree",1,537000,537999.999,4142000,4142999.999
"10528",10528,537549.507,537559.955,4142041.637,4142049.497,"Silva","NEON_D07_MLBS_DP1_537000_4142000_classified_point_cloud.laz","2018_MLBS_3_537000_4142000_image.tif","Tree",1,537000,537999.999,4142000,4142999.999
"10529",10529,537536.501,537543.481,4142043.54,4142053.982,"Silva","NEON_D07_MLBS_DP1_537000_4142000_classified_point_cloud.laz","2018_MLBS_3_537000_4142000_image.tif","Tree",1,537000,537999.999,4142000,4142999.999
"10530",10530,537529.55,537536.496,4142045.039,4142052.97,"Silva","NEON_D07_MLBS_DP1_537000_4142000_classified_point_cloud.laz","2018_MLBS_3_537000_4142000_image.tif","Tree",1,537000,537999.999,4142000,4142999.999
"10531",10531,537497.083,537507.834,4142045.007,4142050.485,"Silva","NEON_D07_MLBS_DP1_537000_4142000_classified_point_cloud.laz","2018_MLBS_3_537000_4142000_image.tif","Tree",1,537000,537999.999,4142000,4142999.999
"10532",10532,537547.549,537559.469,4142049.003,4142055.343,"Silva","NEON_D07_MLBS_DP1_537000_4142000_classified_point_cloud.laz","2018_MLBS_3_537000_4142000_image.tif","Tree",1,537000,537999.999,4142000,4142999.999
"10533",10533,537517.001,537523.348,4142045.552,4142056.5,"Silva","NEON_D07_MLBS_DP1_537000_4142000_classified_point_cloud.laz","2018_MLBS_3_537000_4142000_image.tif","Tree",1,537000,537999.999,4142000,4142999.999
"10534",10534,537497.504,537507.491,4142048.543,4142053.492,"Silva","NEON_D07_MLBS_DP1_537000_4142000_classified_point_cloud.laz","2018_MLBS_3_537000_4142000_image.tif","Tree",1,537000,537999.999,4142000,4142999.999
"10535",10535,537532.511,537540.953,4142052.507,4142061.492,"Silva","NEON_D07_MLBS_DP1_537000_4142000_classified_point_cloud.laz","2018_MLBS_3_537000_4142000_image.tif","Tree",1,537000,537999.999,4142000,4142999.999
"10536",10536,537513.006,537520.494,4142052.086,4142059.484,"Silva","NEON_D07_MLBS_DP1_537000_4142000_classified_point_cloud.laz","2018_MLBS_3_537000_4142000_image.tif","Tree",1,537000,537999.999,4142000,4142999.999
"10537",10537,537496.029,537505.988,4142053.006,4142062.985,"Silva","NEON_D07_MLBS_DP1_537000_4142000_classified_point_cloud.laz","2018_MLBS_3_537000_4142000_image.tif","Tree",1,537000,537999.999,4142000,4142999.999
"10538",10538,537521.002,537529.463,4142054.002,4142064.411,"Silva","NEON_D07_MLBS_DP1_537000_4142000_classified_point_cloud.laz","2018_MLBS_3_537000_4142000_image.tif","Tree",1,537000,537999.999,4142000,4142999.999
"10539",10539,537517.554,537526.815,4142056.607,4142066.376,"Silva","NEON_D07_MLBS_DP1_537000_4142000_classified_point_cloud.laz","2018_MLBS_3_537000_4142000_image.tif","Tree",1,537000,537999.999,4142000,4142999.999
"10540",10540,537529.569,537541.963,4142061.534,4142072.836,"Silva","NEON_D07_MLBS_DP1_537000_4142000_classified_point_cloud.laz","2018_MLBS_3_537000_4142000_image.tif","Tree",1,537000,537999.999,4142000,4142999.999
"10541",10541,537500.056,537510.972,4142060.528,4142070.96,"Silva","NEON_D07_MLBS_DP1_537000_4142000_classified_point_cloud.laz","2018_MLBS_3_537000_4142000_image.tif","Tree",1,537000,537999.999,4142000,4142999.999
"10542",10542,537540.772,537555.653,4142062.501,4142072.986,"Silva","NEON_D07_MLBS_DP1_537000_4142000_classified_point_cloud.laz","2018_MLBS_3_537000_4142000_image.tif","Tree",1,537000,537999.999,4142000,4142999.999
"10543",10543,537509.015,537518.413,4142065.115,4142073.25,"Silva","NEON_D07_MLBS_DP1_537000_4142000_classified_point_cloud.laz","2018_MLBS_3_537000_4142000_image.tif","Tree",1,537000,537999.999,4142000,4142999.999
"10544",10544,537518.567,537529.991,4142064.014,4142073.907,"Silva","NEON_D07_MLBS_DP1_537000_4142000_classified_point_cloud.laz","2018_MLBS_3_537000_4142000_image.tif","Tree",1,537000,537999.999,4142000,4142999.999
"10545",10545,537579.002,537589.484,4142080.523,4142090.994,"Silva","NEON_D07_MLBS_DP1_537000_4142000_classified_point_cloud.laz","2018_MLBS_3_537000_4142000_image.tif","Tree",1,537000,537999.999,4142000,4142999.999
"10546",10546,537557.535,537567.988,4142073.508,4142087.195,"Silva","NEON_D07_MLBS_DP1_537000_4142000_classified_point_cloud.laz","2018_MLBS_3_537000_4142000_image.tif","Tree",1,537000,537999.999,4142000,4142999.999
"10547",10547,537611.019,537616.974,4142081.527,4142087.915,"Silva","NEON_D07_MLBS_DP1_537000_4142000_classified_point_cloud.laz","2018_MLBS_3_537000_4142000_image.tif","Tree",1,537000,537999.999,4142000,4142999.999
"10548",10548,537604.009,537610.998,4142082.515,4142088.977,"Silva","NEON_D07_MLBS_DP1_537000_4142000_classified_point_cloud.laz","2018_MLBS_3_537000_4142000_image.tif","Tree",1,537000,537999.999,4142000,4142999.999
"10549",10549,537567.502,537574.956,4142078.842,4142088.985,"Silva","NEON_D07_MLBS_DP1_537000_4142000_classified_point_cloud.laz","2018_MLBS_3_537000_4142000_image.tif","Tree",1,537000,537999.999,4142000,4142999.999
"10550",10550,537597.5,537604.486,4142078.517,4142089.404,"Silva","NEON_D07_MLBS_DP1_537000_4142000_classified_point_cloud.laz","2018_MLBS_3_537000_4142000_image.tif","Tree",1,537000,537999.999,4142000,4142999.999
"10551",10551,537589,537597.492,4142079.717,4142088.467,"Silva","NEON_D07_MLBS_DP1_537000_4142000_classified_point_cloud.laz","2018_MLBS_3_537000_4142000_image.tif","Tree",1,537000,537999.999,4142000,4142999.999
"10552",10552,537605.58,537613.46,4142078.563,4142082.925,"Silva","NEON_D07_MLBS_DP1_537000_4142000_classified_point_cloud.laz","2018_MLBS_3_537000_4142000_image.tif","Tree",1,537000,537999.999,4142000,4142999.999
"10553",10553,537587.053,537598.497,4142070.635,4142083.72,"Silva","NEON_D07_MLBS_DP1_537000_4142000_classified_point_cloud.laz","2018_MLBS_3_537000_4142000_image.tif","Tree",1,537000,537999.999,4142000,4142999.999
"10554",10554,537575.648,537587.989,4142068.502,4142081.458,"Silva","NEON_D07_MLBS_DP1_537000_4142000_classified_point_cloud.laz","2018_MLBS_3_537000_4142000_image.tif","Tree",1,537000,537999.999,4142000,4142999.999
"10555",10555,537598.051,537606.929,4142071.002,4142082.785,"Silva","NEON_D07_MLBS_DP1_537000_4142000_classified_point_cloud.laz","2018_MLBS_3_537000_4142000_image.tif","Tree",1,537000,537999.999,4142000,4142999.999
"10556",10556,537611.501,537621.432,4142073.71,4142080.453,"Silva","NEON_D07_MLBS_DP1_537000_4142000_classified_point_cloud.laz","2018_MLBS_3_537000_4142000_image.tif","Tree",1,537000,537999.999,4142000,4142999.999
"10557",10557,537604.633,537611.983,4142072.084,4142079.496,"Silva","NEON_D07_MLBS_DP1_537000_4142000_classified_point_cloud.laz","2018_MLBS_3_537000_4142000_image.tif","Tree",1,537000,537999.999,4142000,4142999.999
"10558",10558,537607.937,537617.951,4142019.007,4142026.48,"Silva","NEON_D07_MLBS_DP1_537000_4142000_classified_point_cloud.laz","2018_MLBS_3_537000_4142000_image.tif","Tree",1,537000,537999.999,4142000,4142999.999
"10559",10559,537565.647,537575.492,4142018.105,4142027.974,"Silva","NEON_D07_MLBS_DP1_537000_4142000_classified_point_cloud.laz","2018_MLBS_3_537000_4142000_image.tif","Tree",1,537000,537999.999,4142000,4142999.999
"10560",10560,537555.039,537566.444,4142017.207,4142030.464,"Silva","NEON_D07_MLBS_DP1_537000_4142000_classified_point_cloud.laz","2018_MLBS_3_537000_4142000_image.tif","Tree",1,537000,537999.999,4142000,4142999.999
"10561",10561,537574.006,537583.98,4142022.002,4142030,"Silva","NEON_D07_MLBS_DP1_537000_4142000_classified_point_cloud.laz","2018_MLBS_3_537000_4142000_image.tif","Tree",1,537000,537999.999,4142000,4142999.999
"10562",10562,537579.088,537587.992,4142020.507,4142030.932,"Silva","NEON_D07_MLBS_DP1_537000_4142000_classified_point_cloud.laz","2018_MLBS_3_537000_4142000_image.tif","Tree",1,537000,537999.999,4142000,4142999.999
"10563",10563,537593.053,537599.934,4142022.517,4142030.997,"Silva","NEON_D07_MLBS_DP1_537000_4142000_classified_point_cloud.laz","2018_MLBS_3_537000_4142000_image.tif","Tree",1,537000,537999.999,4142000,4142999.999
"10564",10564,537598.003,537605.983,4142026.089,4142032.998,"Silva","NEON_D07_MLBS_DP1_537000_4142000_classified_point_cloud.laz","2018_MLBS_3_537000_4142000_image.tif","Tree",1,537000,537999.999,4142000,4142999.999
"10565",10565,537578.503,537588.498,4142029.537,4142038.997,"Silva","NEON_D07_MLBS_DP1_537000_4142000_classified_point_cloud.laz","2018_MLBS_3_537000_4142000_image.tif","Tree",1,537000,537999.999,4142000,4142999.999
"10566",10566,537568.508,537576.456,4142027.519,4142035.455,"Silva","NEON_D07_MLBS_DP1_537000_4142000_classified_point_cloud.laz","2018_MLBS_3_537000_4142000_image.tif","Tree",1,537000,537999.999,4142000,4142999.999
"10567",10567,537560.488,537568.987,4142027.069,4142037.488,"Silva","NEON_D07_MLBS_DP1_537000_4142000_classified_point_cloud.laz","2018_MLBS_3_537000_4142000_image.tif","Tree",1,537000,537999.999,4142000,4142999.999
"10568",10568,537567.507,537574.997,4142032.547,4142040.5,"Silva","NEON_D07_MLBS_DP1_537000_4142000_classified_point_cloud.laz","2018_MLBS_3_537000_4142000_image.tif","Tree",1,537000,537999.999,4142000,4142999.999
"10569",10569,537595.5,537603.913,4142036.134,4142043.958,"Silva","NEON_D07_MLBS_DP1_537000_4142000_classified_point_cloud.laz","2018_MLBS_3_537000_4142000_image.tif","Tree",1,537000,537999.999,4142000,4142999.999
"10570",10570,537586.176,537597.494,4142037.007,4142045.342,"Silva","NEON_D07_MLBS_DP1_537000_4142000_classified_point_cloud.laz","2018_MLBS_3_537000_4142000_image.tif","Tree",1,537000,537999.999,4142000,4142999.999
"10571",10571,537617.051,537623.483,4142040.011,4142050.991,"Silva","NEON_D07_MLBS_DP1_537000_4142000_classified_point_cloud.laz","2018_MLBS_3_537000_4142000_image.tif","Tree",1,537000,537999.999,4142000,4142999.999
"10572",10572,537563.001,537570.906,4142041.136,4142049.867,"Silva","NEON_D07_MLBS_DP1_537000_4142000_classified_point_cloud.laz","2018_MLBS_3_537000_4142000_image.tif","Tree",1,537000,537999.999,4142000,4142999.999
"10573",10573,537576.033,537587.338,4142039.398,4142052.299,"Silva","NEON_D07_MLBS_DP1_537000_4142000_classified_point_cloud.laz","2018_MLBS_3_537000_4142000_image.tif","Tree",1,537000,537999.999,4142000,4142999.999
"10574",10574,537605.576,537614.935,4142042.516,4142049.982,"Silva","NEON_D07_MLBS_DP1_537000_4142000_classified_point_cloud.laz","2018_MLBS_3_537000_4142000_image.tif","Tree",1,537000,537999.999,4142000,4142999.999
"10575",10575,537595.012,537603.469,4142045.006,4142055.445,"Silva","NEON_D07_MLBS_DP1_537000_4142000_classified_point_cloud.laz","2018_MLBS_3_537000_4142000_image.tif","Tree",1,537000,537999.999,4142000,4142999.999
"10576",10576,537579.522,537588.469,4142043.174,4142055.984,"Silva","NEON_D07_MLBS_DP1_537000_4142000_classified_point_cloud.laz","2018_MLBS_3_537000_4142000_image.tif","Tree",1,537000,537999.999,4142000,4142999.999
"10577",10577,537587.009,537595.478,4142044.655,4142058.982,"Silva","NEON_D07_MLBS_DP1_537000_4142000_classified_point_cloud.laz","2018_MLBS_3_537000_4142000_image.tif","Tree",1,537000,537999.999,4142000,4142999.999
"10578",10578,537608.023,537616.983,4142049.526,4142057.985,"Silva","NEON_D07_MLBS_DP1_537000_4142000_classified_point_cloud.laz","2018_MLBS_3_537000_4142000_image.tif","Tree",1,537000,537999.999,4142000,4142999.999
"10579",10579,537600.537,537608.365,4142051.511,4142056.474,"Silva","NEON_D07_MLBS_DP1_537000_4142000_classified_point_cloud.laz","2018_MLBS_3_537000_4142000_image.tif","Tree",1,537000,537999.999,4142000,4142999.999
"10580",10580,537557.592,537566.986,4142048.521,4142059.078,"Silva","NEON_D07_MLBS_DP1_537000_4142000_classified_point_cloud.laz","2018_MLBS_3_537000_4142000_image.tif","Tree",1,537000,537999.999,4142000,4142999.999
"10581",10581,537569.017,537580.499,4142050.501,4142061.989,"Silva","NEON_D07_MLBS_DP1_537000_4142000_classified_point_cloud.laz","2018_MLBS_3_537000_4142000_image.tif","Tree",1,537000,537999.999,4142000,4142999.999
"10582",10582,537615.006,537625.408,4142051.003,4142062.386,"Silva","NEON_D07_MLBS_DP1_537000_4142000_classified_point_cloud.laz","2018_MLBS_3_537000_4142000_image.tif","Tree",1,537000,537999.999,4142000,4142999.999
"10583",10583,537603.516,537609.893,4142056.505,4142062.991,"Silva","NEON_D07_MLBS_DP1_537000_4142000_classified_point_cloud.laz","2018_MLBS_3_537000_4142000_image.tif","Tree",1,537000,537999.999,4142000,4142999.999
"10584",10584,537615.507,537621.478,4142056.592,4142065.95,"Silva","NEON_D07_MLBS_DP1_537000_4142000_classified_point_cloud.laz","2018_MLBS_3_537000_4142000_image.tif","Tree",1,537000,537999.999,4142000,4142999.999
"10585",10585,537575.5,537593.952,4142055.536,4142070.488,"Silva","NEON_D07_MLBS_DP1_537000_4142000_classified_point_cloud.laz","2018_MLBS_3_537000_4142000_image.tif","Tree",1,537000,537999.999,4142000,4142999.999
"10586",10586,537609.536,537619.486,4142063.129,4142068.969,"Silva","NEON_D07_MLBS_DP1_537000_4142000_classified_point_cloud.laz","2018_MLBS_3_537000_4142000_image.tif","Tree",1,537000,537999.999,4142000,4142999.999
"10587",10587,537598.522,537609.998,4142062.52,4142072.488,"Silva","NEON_D07_MLBS_DP1_537000_4142000_classified_point_cloud.laz","2018_MLBS_3_537000_4142000_image.tif","Tree",1,537000,537999.999,4142000,4142999.999
"10588",10588,537558.033,537576.892,4142061.539,4142073.934,"Silva","NEON_D07_MLBS_DP1_537000_4142000_classified_point_cloud.laz","2018_MLBS_3_537000_4142000_image.tif","Tree",1,537000,537999.999,4142000,4142999.999
"10589",10589,537607.564,537614.981,4142067.057,4142073.987,"Silva","NEON_D07_MLBS_DP1_537000_4142000_classified_point_cloud.laz","2018_MLBS_3_537000_4142000_image.tif","Tree",1,537000,537999.999,4142000,4142999.999
"10590",10590,537613.516,537624.828,4142066.011,4142076.938,"Silva","NEON_D07_MLBS_DP1_537000_4142000_classified_point_cloud.laz","2018_MLBS_3_537000_4142000_image.tif","Tree",1,537000,537999.999,4142000,4142999.999
"10591",10591,537497.667,537504.935,4142147.01,4142154.494,"Silva","NEON_D07_MLBS_DP1_537000_4142000_classified_point_cloud.laz","2018_MLBS_3_537000_4142000_image.tif","Tree",1,537000,537999.999,4142000,4142999.999
"10592",10592,537502.713,537507.993,4142143.548,4142152.906,"Silva","NEON_D07_MLBS_DP1_537000_4142000_classified_point_cloud.laz","2018_MLBS_3_537000_4142000_image.tif","Tree",1,537000,537999.999,4142000,4142999.999
"10593",10593,537511.563,537518.47,4142144.022,4142152.265,"Silva","NEON_D07_MLBS_DP1_537000_4142000_classified_point_cloud.laz","2018_MLBS_3_537000_4142000_image.tif","Tree",1,537000,537999.999,4142000,4142999.999
"10594",10594,537507.506,537512.473,4142143.006,4142151.498,"Silva","NEON_D07_MLBS_DP1_537000_4142000_classified_point_cloud.laz","2018_MLBS_3_537000_4142000_image.tif","Tree",1,537000,537999.999,4142000,4142999.999
"10595",10595,537512.505,537522.463,4142141.516,4142148.282,"Silva","NEON_D07_MLBS_DP1_537000_4142000_classified_point_cloud.laz","2018_MLBS_3_537000_4142000_image.tif","Tree",1,537000,537999.999,4142000,4142999.999
"10596",10596,537512.022,537520.319,4142135.544,4142142.968,"Silva","NEON_D07_MLBS_DP1_537000_4142000_classified_point_cloud.laz","2018_MLBS_3_537000_4142000_image.tif","Tree",1,537000,537999.999,4142000,4142999.999
"10597",10597,537502.596,537511.995,4142134.518,4142143.929,"Silva","NEON_D07_MLBS_DP1_537000_4142000_classified_point_cloud.laz","2018_MLBS_3_537000_4142000_image.tif","Tree",1,537000,537999.999,4142000,4142999.999
"10598",10598,537526.222,537544.376,4142133.397,4142147.842,"Silva","NEON_D07_MLBS_DP1_537000_4142000_classified_point_cloud.laz","2018_MLBS_3_537000_4142000_image.tif","Tree",1,537000,537999.999,4142000,4142999.999
"10599",10599,537517.818,537526.472,4142135.504,4142142.939,"Silva","NEON_D07_MLBS_DP1_537000_4142000_classified_point_cloud.laz","2018_MLBS_3_537000_4142000_image.tif","Tree",1,537000,537999.999,4142000,4142999.999
"10600",10600,537498.009,537507.983,4142129.586,4142139.995,"Silva","NEON_D07_MLBS_DP1_537000_4142000_classified_point_cloud.laz","2018_MLBS_3_537000_4142000_image.tif","Tree",1,537000,537999.999,4142000,4142999.999
"10601",10601,537517.062,537523.939,4142130.673,4142135.899,"Silva","NEON_D07_MLBS_DP1_537000_4142000_classified_point_cloud.laz","2018_MLBS_3_537000_4142000_image.tif","Tree",1,537000,537999.999,4142000,4142999.999
"10602",10602,537507.644,537517.485,4142128.769,4142137.418,"Silva","NEON_D07_MLBS_DP1_537000_4142000_classified_point_cloud.laz","2018_MLBS_3_537000_4142000_image.tif","Tree",1,537000,537999.999,4142000,4142999.999
"10603",10603,537523.023,537531.463,4142127.659,4142137.367,"Silva","NEON_D07_MLBS_DP1_537000_4142000_classified_point_cloud.laz","2018_MLBS_3_537000_4142000_image.tif","Tree",1,537000,537999.999,4142000,4142999.999
"10604",10604,537543.066,537554.49,4142124.534,4142143.36,"Silva","NEON_D07_MLBS_DP1_537000_4142000_classified_point_cloud.laz","2018_MLBS_3_537000_4142000_image.tif","Tree",1,537000,537999.999,4142000,4142999.999
"10605",10605,537510.514,537519.476,4142126.51,4142133.131,"Silva","NEON_D07_MLBS_DP1_537000_4142000_classified_point_cloud.laz","2018_MLBS_3_537000_4142000_image.tif","Tree",1,537000,537999.999,4142000,4142999.999
"10606",10606,537519.065,537530.487,4142124.511,4142131.985,"Silva","NEON_D07_MLBS_DP1_537000_4142000_classified_point_cloud.laz","2018_MLBS_3_537000_4142000_image.tif","Tree",1,537000,537999.999,4142000,4142999.999
"10607",10607,537500.563,537507.498,4142119.682,4142129.97,"Silva","NEON_D07_MLBS_DP1_537000_4142000_classified_point_cloud.laz","2018_MLBS_3_537000_4142000_image.tif","Tree",1,537000,537999.999,4142000,4142999.999
"10608",10608,537511.508,537519.973,4142115.582,4142127,"Silva","NEON_D07_MLBS_DP1_537000_4142000_classified_point_cloud.laz","2018_MLBS_3_537000_4142000_image.tif","Tree",1,537000,537999.999,4142000,4142999.999
"10609",10609,537529.516,537540.935,4142120.01,4142128.99,"Silva","NEON_D07_MLBS_DP1_537000_4142000_classified_point_cloud.laz","2018_MLBS_3_537000_4142000_image.tif","Tree",1,537000,537999.999,4142000,4142999.999
"10610",10610,537515.558,537529.912,4142114.033,4142124.998,"Silva","NEON_D07_MLBS_DP1_537000_4142000_classified_point_cloud.laz","2018_MLBS_3_537000_4142000_image.tif","Tree",1,537000,537999.999,4142000,4142999.999
"10611",10611,537537.103,537544.953,4142117.705,4142124.398,"Silva","NEON_D07_MLBS_DP1_537000_4142000_classified_point_cloud.laz","2018_MLBS_3_537000_4142000_image.tif","Tree",1,537000,537999.999,4142000,4142999.999
"10612",10612,537516.023,537530.111,4142109.086,4142121.988,"Silva","NEON_D07_MLBS_DP1_537000_4142000_classified_point_cloud.laz","2018_MLBS_3_537000_4142000_image.tif","Tree",1,537000,537999.999,4142000,4142999.999
"10613",10613,537532.76,537540.22,4142110.646,4142119.993,"Silva","NEON_D07_MLBS_DP1_537000_4142000_classified_point_cloud.laz","2018_MLBS_3_537000_4142000_image.tif","Tree",1,537000,537999.999,4142000,4142999.999
"10614",10614,537497.06,537504.48,4142111.52,4142116.998,"Silva","NEON_D07_MLBS_DP1_537000_4142000_classified_point_cloud.laz","2018_MLBS_3_537000_4142000_image.tif","Tree",1,537000,537999.999,4142000,4142999.999
"10615",10615,537504.507,537515.978,4142108.033,4142118.972,"Silva","NEON_D07_MLBS_DP1_537000_4142000_classified_point_cloud.laz","2018_MLBS_3_537000_4142000_image.tif","Tree",1,537000,537999.999,4142000,4142999.999
"10616",10616,537544.004,537551.982,4142112.502,4142123.038,"Silva","NEON_D07_MLBS_DP1_537000_4142000_classified_point_cloud.laz","2018_MLBS_3_537000_4142000_image.tif","Tree",1,537000,537999.999,4142000,4142999.999
"10617",10617,537526.001,537536.448,4142107.027,4142120.48,"Silva","NEON_D07_MLBS_DP1_537000_4142000_classified_point_cloud.laz","2018_MLBS_3_537000_4142000_image.tif","Tree",1,537000,537999.999,4142000,4142999.999
"10618",10618,537550.518,537557.48,4142110.57,4142118.791,"Silva","NEON_D07_MLBS_DP1_537000_4142000_classified_point_cloud.laz","2018_MLBS_3_537000_4142000_image.tif","Tree",1,537000,537999.999,4142000,4142999.999
"10619",10619,537544.461,537550.494,4142102.608,4142112.498,"Silva","NEON_D07_MLBS_DP1_537000_4142000_classified_point_cloud.laz","2018_MLBS_3_537000_4142000_image.tif","Tree",1,537000,537999.999,4142000,4142999.999
"10620",10620,537550.005,537557.453,4142103.622,4142112.451,"Silva","NEON_D07_MLBS_DP1_537000_4142000_classified_point_cloud.laz","2018_MLBS_3_537000_4142000_image.tif","Tree",1,537000,537999.999,4142000,4142999.999
"10621",10621,537534.505,537546.998,4142101.092,4142110.996,"Silva","NEON_D07_MLBS_DP1_537000_4142000_classified_point_cloud.laz","2018_MLBS_3_537000_4142000_image.tif","Tree",1,537000,537999.999,4142000,4142999.999
"10622",10622,537509.691,537521.966,4142101.036,4142112.972,"Silva","NEON_D07_MLBS_DP1_537000_4142000_classified_point_cloud.laz","2018_MLBS_3_537000_4142000_image.tif","Tree",1,537000,537999.999,4142000,4142999.999
"10623",10623,537505.026,537511.998,4142095.131,4142107.868,"Silva","NEON_D07_MLBS_DP1_537000_4142000_classified_point_cloud.laz","2018_MLBS_3_537000_4142000_image.tif","Tree",1,537000,537999.999,4142000,4142999.999
"10624",10624,537499.003,537506.992,4142097.551,4142101.965,"Silva","NEON_D07_MLBS_DP1_537000_4142000_classified_point_cloud.laz","2018_MLBS_3_537000_4142000_image.tif","Tree",1,537000,537999.999,4142000,4142999.999
"10625",10625,537521.039,537531.495,4142094.529,4142104.498,"Silva","NEON_D07_MLBS_DP1_537000_4142000_classified_point_cloud.laz","2018_MLBS_3_537000_4142000_image.tif","Tree",1,537000,537999.999,4142000,4142999.999
"10626",10626,537498.544,537509.959,4142088.51,4142097.995,"Silva","NEON_D07_MLBS_DP1_537000_4142000_classified_point_cloud.laz","2018_MLBS_3_537000_4142000_image.tif","Tree",1,537000,537999.999,4142000,4142999.999
"10627",10627,537547.018,537556.33,4142095.124,4142103.45,"Silva","NEON_D07_MLBS_DP1_537000_4142000_classified_point_cloud.laz","2018_MLBS_3_537000_4142000_image.tif","Tree",1,537000,537999.999,4142000,4142999.999
"10628",10628,537530.025,537537.492,4142091.078,4142101.891,"Silva","NEON_D07_MLBS_DP1_537000_4142000_classified_point_cloud.laz","2018_MLBS_3_537000_4142000_image.tif","Tree",1,537000,537999.999,4142000,4142999.999
"10629",10629,537537.502,537544.498,4142091.047,4142101.978,"Silva","NEON_D07_MLBS_DP1_537000_4142000_classified_point_cloud.laz","2018_MLBS_3_537000_4142000_image.tif","Tree",1,537000,537999.999,4142000,4142999.999
"10630",10630,537510.081,537522.453,4142089.509,4142096.972,"Silva","NEON_D07_MLBS_DP1_537000_4142000_classified_point_cloud.laz","2018_MLBS_3_537000_4142000_image.tif","Tree",1,537000,537999.999,4142000,4142999.999
"10631",10631,537552.534,537559.472,4142089.569,4142099.306,"Silva","NEON_D07_MLBS_DP1_537000_4142000_classified_point_cloud.laz","2018_MLBS_3_537000_4142000_image.tif","Tree",1,537000,537999.999,4142000,4142999.999
"10632",10632,537545.551,537557.491,4142083.587,4142095.456,"Silva","NEON_D07_MLBS_DP1_537000_4142000_classified_point_cloud.laz","2018_MLBS_3_537000_4142000_image.tif","Tree",1,537000,537999.999,4142000,4142999.999
"10633",10633,537505.527,537517.95,4142084.57,4142093.955,"Silva","NEON_D07_MLBS_DP1_537000_4142000_classified_point_cloud.laz","2018_MLBS_3_537000_4142000_image.tif","Tree",1,537000,537999.999,4142000,4142999.999
"10634",10634,537590.036,537601.943,4142150.003,4142158.566,"Silva","NEON_D07_MLBS_DP1_537000_4142000_classified_point_cloud.laz","2018_MLBS_3_537000_4142000_image.tif","Tree",1,537000,537999.999,4142000,4142999.999
"10635",10635,537609.626,537618.46,4142147.568,4142157.647,"Silva","NEON_D07_MLBS_DP1_537000_4142000_classified_point_cloud.laz","2018_MLBS_3_537000_4142000_image.tif","Tree",1,537000,537999.999,4142000,4142999.999
"10636",10636,537580.034,537589.982,4142148.208,4142154.915,"Silva","NEON_D07_MLBS_DP1_537000_4142000_classified_point_cloud.laz","2018_MLBS_3_537000_4142000_image.tif","Tree",1,537000,537999.999,4142000,4142999.999
"10637",10637,537604.017,537615.909,4142145.192,4142153.985,"Silva","NEON_D07_MLBS_DP1_537000_4142000_classified_point_cloud.laz","2018_MLBS_3_537000_4142000_image.tif","Tree",1,537000,537999.999,4142000,4142999.999
"10638",10638,537590.011,537597.109,4142140.123,4142150.983,"Silva","NEON_D07_MLBS_DP1_537000_4142000_classified_point_cloud.laz","2018_MLBS_3_537000_4142000_image.tif","Tree",1,537000,537999.999,4142000,4142999.999
"10639",10639,537580.17,537590.96,4142141.115,4142149.968,"Silva","NEON_D07_MLBS_DP1_537000_4142000_classified_point_cloud.laz","2018_MLBS_3_537000_4142000_image.tif","Tree",1,537000,537999.999,4142000,4142999.999
"10640",10640,537593.607,537605.498,4142140.514,4142148.484,"Silva","NEON_D07_MLBS_DP1_537000_4142000_classified_point_cloud.laz","2018_MLBS_3_537000_4142000_image.tif","Tree",1,537000,537999.999,4142000,4142999.999
"10641",10641,537554.004,537563.461,4142127.278,4142139.917,"Silva","NEON_D07_MLBS_DP1_537000_4142000_classified_point_cloud.laz","2018_MLBS_3_537000_4142000_image.tif","Tree",1,537000,537999.999,4142000,4142999.999
"10642",10642,537563.609,537572.955,4142128.012,4142134.707,"Silva","NEON_D07_MLBS_DP1_537000_4142000_classified_point_cloud.laz","2018_MLBS_3_537000_4142000_image.tif","Tree",1,537000,537999.999,4142000,4142999.999
"10643",10643,537562.037,537570.462,4142120.002,4142130.984,"Silva","NEON_D07_MLBS_DP1_537000_4142000_classified_point_cloud.laz","2018_MLBS_3_537000_4142000_image.tif","Tree",1,537000,537999.999,4142000,4142999.999
"10644",10644,537550.91,537563.398,4142119.142,4142128.499,"Silva","NEON_D07_MLBS_DP1_537000_4142000_classified_point_cloud.laz","2018_MLBS_3_537000_4142000_image.tif","Tree",1,537000,537999.999,4142000,4142999.999
"10645",10645,537566.511,537573.466,4142119.129,4142127.979,"Silva","NEON_D07_MLBS_DP1_537000_4142000_classified_point_cloud.laz","2018_MLBS_3_537000_4142000_image.tif","Tree",1,537000,537999.999,4142000,4142999.999
"10646",10646,537572.263,537582.946,4142111.65,4142126.922,"Silva","NEON_D07_MLBS_DP1_537000_4142000_classified_point_cloud.laz","2018_MLBS_3_537000_4142000_image.tif","Tree",1,537000,537999.999,4142000,4142999.999
"10647",10647,537584.081,537599.988,4142111.169,4142124.267,"Silva","NEON_D07_MLBS_DP1_537000_4142000_classified_point_cloud.laz","2018_MLBS_3_537000_4142000_image.tif","Tree",1,537000,537999.999,4142000,4142999.999
"10648",10648,537563.003,537578.993,4142106.895,4142119.978,"Silva","NEON_D07_MLBS_DP1_537000_4142000_classified_point_cloud.laz","2018_MLBS_3_537000_4142000_image.tif","Tree",1,537000,537999.999,4142000,4142999.999
"10649",10649,537556.638,537563.998,4142108.535,4142116.981,"Silva","NEON_D07_MLBS_DP1_537000_4142000_classified_point_cloud.laz","2018_MLBS_3_537000_4142000_image.tif","Tree",1,537000,537999.999,4142000,4142999.999
"10650",10650,537557.053,537563.472,4142100.526,4142108.433,"Silva","NEON_D07_MLBS_DP1_537000_4142000_classified_point_cloud.laz","2018_MLBS_3_537000_4142000_image.tif","Tree",1,537000,537999.999,4142000,4142999.999
"10651",10651,537611.538,537623.491,4142098.63,4142113.487,"Silva","NEON_D07_MLBS_DP1_537000_4142000_classified_point_cloud.laz","2018_MLBS_3_537000_4142000_image.tif","Tree",1,537000,537999.999,4142000,4142999.999
"10652",10652,537574.936,537586.954,4142094.783,4142112.424,"Silva","NEON_D07_MLBS_DP1_537000_4142000_classified_point_cloud.laz","2018_MLBS_3_537000_4142000_image.tif","Tree",1,537000,537999.999,4142000,4142999.999
"10653",10653,537587,537596.937,4142094.132,4142108.967,"Silva","NEON_D07_MLBS_DP1_537000_4142000_classified_point_cloud.laz","2018_MLBS_3_537000_4142000_image.tif","Tree",1,537000,537999.999,4142000,4142999.999
"10654",10654,537581.751,537590.343,4142090.654,4142106.248,"Silva","NEON_D07_MLBS_DP1_537000_4142000_classified_point_cloud.laz","2018_MLBS_3_537000_4142000_image.tif","Tree",1,537000,537999.999,4142000,4142999.999
"10655",10655,537597.657,537602.492,4142093.591,4142103.442,"Silva","NEON_D07_MLBS_DP1_537000_4142000_classified_point_cloud.laz","2018_MLBS_3_537000_4142000_image.tif","Tree",1,537000,537999.999,4142000,4142999.999
"10656",10656,537569.005,537578.769,4142088.501,4142100.489,"Silva","NEON_D07_MLBS_DP1_537000_4142000_classified_point_cloud.laz","2018_MLBS_3_537000_4142000_image.tif","Tree",1,537000,537999.999,4142000,4142999.999
"10657",10657,537614.503,537623.495,4142088.657,4142100.496,"Silva","NEON_D07_MLBS_DP1_537000_4142000_classified_point_cloud.laz","2018_MLBS_3_537000_4142000_image.tif","Tree",1,537000,537999.999,4142000,4142999.999
"10658",10658,537608.049,537614.979,4142091.305,4142101.962,"Silva","NEON_D07_MLBS_DP1_537000_4142000_classified_point_cloud.laz","2018_MLBS_3_537000_4142000_image.tif","Tree",1,537000,537999.999,4142000,4142999.999
"10659",10659,537557.528,537569.499,4142086.543,4142094.964,"Silva","NEON_D07_MLBS_DP1_537000_4142000_classified_point_cloud.laz","2018_MLBS_3_537000_4142000_image.tif","Tree",1,537000,537999.999,4142000,4142999.999
"10660",10660,537588.5,537603.981,4142087.514,4142094.993,"Silva","NEON_D07_MLBS_DP1_537000_4142000_classified_point_cloud.laz","2018_MLBS_3_537000_4142000_image.tif","Tree",1,537000,537999.999,4142000,4142999.999
"10661",10661,537574.347,537585.456,4142086.574,4142094.965,"Silva","NEON_D07_MLBS_DP1_537000_4142000_classified_point_cloud.laz","2018_MLBS_3_537000_4142000_image.tif","Tree",1,537000,537999.999,4142000,4142999.999
"10662",10662,537604.024,537617.335,4142086.543,4142093.392,"Silva","NEON_D07_MLBS_DP1_537000_4142000_classified_point_cloud.laz","2018_MLBS_3_537000_4142000_image.tif","Tree",1,537000,537999.999,4142000,4142999.999
"10663",10663,537625.56,537632.493,4142018.03,4142026.84,"Silva","NEON_D07_MLBS_DP1_537000_4142000_classified_point_cloud.laz","2018_MLBS_3_537000_4142000_image.tif","Tree",1,537000,537999.999,4142000,4142999.999
"10664",10664,537616.524,537625.989,4142019.001,4142028.988,"Silva","NEON_D07_MLBS_DP1_537000_4142000_classified_point_cloud.laz","2018_MLBS_3_537000_4142000_image.tif","Tree",1,537000,537999.999,4142000,4142999.999
"10665",10665,537659.514,537664.498,4142019.514,4142026.987,"Silva","NEON_D07_MLBS_DP1_537000_4142000_classified_point_cloud.laz","2018_MLBS_3_537000_4142000_image.tif","Tree",1,537000,537999.999,4142000,4142999.999
"10666",10666,537663.03,537670.985,4142015.521,4142027.996,"Silva","NEON_D07_MLBS_DP1_537000_4142000_classified_point_cloud.laz","2018_MLBS_3_537000_4142000_image.tif","Tree",1,537000,537999.999,4142000,4142999.999
"10667",10667,537632.012,537639.988,4142016.62,4142024.979,"Silva","NEON_D07_MLBS_DP1_537000_4142000_classified_point_cloud.laz","2018_MLBS_3_537000_4142000_image.tif","Tree",1,537000,537999.999,4142000,4142999.999
"10668",10668,537640,537648.359,4142016.571,4142025.272,"Silva","NEON_D07_MLBS_DP1_537000_4142000_classified_point_cloud.laz","2018_MLBS_3_537000_4142000_image.tif","Tree",1,537000,537999.999,4142000,4142999.999
"10669",10669,537616.01,537626.468,4142014.903,4142019.5,"Silva","NEON_D07_MLBS_DP1_537000_4142000_classified_point_cloud.laz","2018_MLBS_3_537000_4142000_image.tif","Tree",1,537000,537999.999,4142000,4142999.999
"10670",10670,537656.003,537666.471,4142010.615,4142019.583,"Silva","NEON_D07_MLBS_DP1_537000_4142000_classified_point_cloud.laz","2018_MLBS_3_537000_4142000_image.tif","Tree",1,537000,537999.999,4142000,4142999.999
"10671",10671,537645.03,537653.93,4142013.53,4142020.951,"Silva","NEON_D07_MLBS_DP1_537000_4142000_classified_point_cloud.laz","2018_MLBS_3_537000_4142000_image.tif","Tree",1,537000,537999.999,4142000,4142999.999
"10672",10672,537638.108,537645.346,4142010.659,4142018.978,"Silva","NEON_D07_MLBS_DP1_537000_4142000_classified_point_cloud.laz","2018_MLBS_3_537000_4142000_image.tif","Tree",1,537000,537999.999,4142000,4142999.999
"10673",10673,537645.046,537653.378,4142009.014,4142015.951,"Silva","NEON_D07_MLBS_DP1_537000_4142000_classified_point_cloud.laz","2018_MLBS_3_537000_4142000_image.tif","Tree",1,537000,537999.999,4142000,4142999.999
"10674",10674,537623.512,537631.927,4142006.567,4142012.938,"Silva","NEON_D07_MLBS_DP1_537000_4142000_classified_point_cloud.laz","2018_MLBS_3_537000_4142000_image.tif","Tree",1,537000,537999.999,4142000,4142999.999
"10675",10675,537649.063,537657.925,4142007.022,4142015.9,"Silva","NEON_D07_MLBS_DP1_537000_4142000_classified_point_cloud.laz","2018_MLBS_3_537000_4142000_image.tif","Tree",1,537000,537999.999,4142000,4142999.999
"10676",10676,537664.096,537676.477,4142006.562,4142017.927,"Silva","NEON_D07_MLBS_DP1_537000_4142000_classified_point_cloud.laz","2018_MLBS_3_537000_4142000_image.tif","Tree",1,537000,537999.999,4142000,4142999.999
"10677",10677,537631.506,537635.826,4142005.185,4142012.157,"Silva","NEON_D07_MLBS_DP1_537000_4142000_classified_point_cloud.laz","2018_MLBS_3_537000_4142000_image.tif","Tree",1,537000,537999.999,4142000,4142999.999
"10678",10678,537635.036,537640.964,4142005.774,4142010.997,"Silva","NEON_D07_MLBS_DP1_537000_4142000_classified_point_cloud.laz","2018_MLBS_3_537000_4142000_image.tif","Tree",1,537000,537999.999,4142000,4142999.999
"10679",10679,537640.504,537647.909,4142004.15,4142011.98,"Silva","NEON_D07_MLBS_DP1_537000_4142000_classified_point_cloud.laz","2018_MLBS_3_537000_4142000_image.tif","Tree",1,537000,537999.999,4142000,4142999.999
"10680",10680,537653.153,537662.938,4142002.643,4142011.956,"Silva","NEON_D07_MLBS_DP1_537000_4142000_classified_point_cloud.laz","2018_MLBS_3_537000_4142000_image.tif","Tree",1,537000,537999.999,4142000,4142999.999
"10681",10681,537672.502,537682.492,4142002.017,4142011.993,"Silva","NEON_D07_MLBS_DP1_537000_4142000_classified_point_cloud.laz","2018_MLBS_3_537000_4142000_image.tif","Tree",1,537000,537999.999,4142000,4142999.999
"10682",10682,537640.504,537648.941,4142000.002,4142004.5,"Silva","NEON_D07_MLBS_DP1_537000_4142000_classified_point_cloud.laz","2018_MLBS_3_537000_4142000_image.tif","Tree",1,537000,537999.999,4142000,4142999.999
"10683",10683,537624.108,537634.976,4142000.001,4142003.496,"Silva","NEON_D07_MLBS_DP1_537000_4142000_classified_point_cloud.laz","2018_MLBS_3_537000_4142000_image.tif","Tree",1,537000,537999.999,4142000,4142999.999
"10684",10684,537706.013,537713.996,4142016.01,4142024.962,"Silva","NEON_D07_MLBS_DP1_537000_4142000_classified_point_cloud.laz","2018_MLBS_3_537000_4142000_image.tif","Tree",1,537000,537999.999,4142000,4142999.999
"10685",10685,537701.539,537706.975,4142015.622,4142023.977,"Silva","NEON_D07_MLBS_DP1_537000_4142000_classified_point_cloud.laz","2018_MLBS_3_537000_4142000_image.tif","Tree",1,537000,537999.999,4142000,4142999.999
"10686",10686,537692.582,537699.483,4142016.516,4142023.9,"Silva","NEON_D07_MLBS_DP1_537000_4142000_classified_point_cloud.laz","2018_MLBS_3_537000_4142000_image.tif","Tree",1,537000,537999.999,4142000,4142999.999
"10687",10687,537685.556,537693.989,4142012.56,4142023.468,"Silva","NEON_D07_MLBS_DP1_537000_4142000_classified_point_cloud.laz","2018_MLBS_3_537000_4142000_image.tif","Tree",1,537000,537999.999,4142000,4142999.999
"10688",10688,537711.003,537721.446,4142014.51,4142024.471,"Silva","NEON_D07_MLBS_DP1_537000_4142000_classified_point_cloud.laz","2018_MLBS_3_537000_4142000_image.tif","Tree",1,537000,537999.999,4142000,4142999.999
"10689",10689,537721.008,537727.979,4142011.155,4142021.467,"Silva","NEON_D07_MLBS_DP1_537000_4142000_classified_point_cloud.laz","2018_MLBS_3_537000_4142000_image.tif","Tree",1,537000,537999.999,4142000,4142999.999
"10690",10690,537713.006,537720.997,4142009.101,4142017.857,"Silva","NEON_D07_MLBS_DP1_537000_4142000_classified_point_cloud.laz","2018_MLBS_3_537000_4142000_image.tif","Tree",1,537000,537999.999,4142000,4142999.999
"10691",10691,537734.127,537739.489,4142011.007,4142017.953,"Silva","NEON_D07_MLBS_DP1_537000_4142000_classified_point_cloud.laz","2018_MLBS_3_537000_4142000_image.tif","Tree",1,537000,537999.999,4142000,4142999.999
"10692",10692,537704.511,537715.943,4142005.006,4142016.441,"Silva","NEON_D07_MLBS_DP1_537000_4142000_classified_point_cloud.laz","2018_MLBS_3_537000_4142000_image.tif","Tree",1,537000,537999.999,4142000,4142999.999
"10693",10693,537690.5,537696.976,4142000.065,4142013.989,"Silva","NEON_D07_MLBS_DP1_537000_4142000_classified_point_cloud.laz","2018_MLBS_3_537000_4142000_image.tif","Tree",1,537000,537999.999,4142000,4142999.999
"10694",10694,537730.029,537735.48,4142006.54,4142013.478,"Silva","NEON_D07_MLBS_DP1_537000_4142000_classified_point_cloud.laz","2018_MLBS_3_537000_4142000_image.tif","Tree",1,537000,537999.999,4142000,4142999.999
"10695",10695,537746.525,537760.493,4142005.031,4142017.465,"Silva","NEON_D07_MLBS_DP1_537000_4142000_classified_point_cloud.laz","2018_MLBS_3_537000_4142000_image.tif","Tree",1,537000,537999.999,4142000,4142999.999
"10696",10696,537684.522,537693.482,4142000.001,4142012.474,"Silva","NEON_D07_MLBS_DP1_537000_4142000_classified_point_cloud.laz","2018_MLBS_3_537000_4142000_image.tif","Tree",1,537000,537999.999,4142000,4142999.999
"10697",10697,537734.01,537743.48,4142005.007,4142011.916,"Silva","NEON_D07_MLBS_DP1_537000_4142000_classified_point_cloud.laz","2018_MLBS_3_537000_4142000_image.tif","Tree",1,537000,537999.999,4142000,4142999.999
"10698",10698,537696.064,537703.999,4142003.072,4142012.5,"Silva","NEON_D07_MLBS_DP1_537000_4142000_classified_point_cloud.laz","2018_MLBS_3_537000_4142000_image.tif","Tree",1,537000,537999.999,4142000,4142999.999
"10699",10699,537723.648,537733.985,4142003.502,4142011.497,"Silva","NEON_D07_MLBS_DP1_537000_4142000_classified_point_cloud.laz","2018_MLBS_3_537000_4142000_image.tif","Tree",1,537000,537999.999,4142000,4142999.999
"10700",10700,537711.179,537724.933,4142000.008,4142007.992,"Silva","NEON_D07_MLBS_DP1_537000_4142000_classified_point_cloud.laz","2018_MLBS_3_537000_4142000_image.tif","Tree",1,537000,537999.999,4142000,4142999.999
"10701",10701,537765.593,537775.994,4142014.556,4142026.97,"Silva","NEON_D07_MLBS_DP1_537000_4142000_classified_point_cloud.laz","2018_MLBS_3_537000_4142000_image.tif","Tree",1,537000,537999.999,4142000,4142999.999
"10702",10702,537813.548,537822.996,4142016.004,4142026.467,"Silva","NEON_D07_MLBS_DP1_537000_4142000_classified_point_cloud.laz","2018_MLBS_3_537000_4142000_image.tif","Tree",1,537000,537999.999,4142000,4142999.999
"10703",10703,537808.54,537817.97,4142016.501,4142025.857,"Silva","NEON_D07_MLBS_DP1_537000_4142000_classified_point_cloud.laz","2018_MLBS_3_537000_4142000_image.tif","Tree",1,537000,537999.999,4142000,4142999.999
"10704",10704,537799.094,537808.978,4142016.062,4142023.963,"Silva","NEON_D07_MLBS_DP1_537000_4142000_classified_point_cloud.laz","2018_MLBS_3_537000_4142000_image.tif","Tree",1,537000,537999.999,4142000,4142999.999
"10705",10705,537784.04,537791.477,4142010.009,4142021.431,"Silva","NEON_D07_MLBS_DP1_537000_4142000_classified_point_cloud.laz","2018_MLBS_3_537000_4142000_image.tif","Tree",1,537000,537999.999,4142000,4142999.999
"10706",10706,537773.026,537781.499,4142011.804,4142018.971,"Silva","NEON_D07_MLBS_DP1_537000_4142000_classified_point_cloud.laz","2018_MLBS_3_537000_4142000_image.tif","Tree",1,537000,537999.999,4142000,4142999.999
"10707",10707,537791.521,537799.478,4142010.033,4142020.497,"Silva","NEON_D07_MLBS_DP1_537000_4142000_classified_point_cloud.laz","2018_MLBS_3_537000_4142000_image.tif","Tree",1,537000,537999.999,4142000,4142999.999
"10708",10708,537799.01,537804.497,4142012.058,4142018.939,"Silva","NEON_D07_MLBS_DP1_537000_4142000_classified_point_cloud.laz","2018_MLBS_3_537000_4142000_image.tif","Tree",1,537000,537999.999,4142000,4142999.999
"10709",10709,537769.505,537780.956,4142009.016,4142016.34,"Silva","NEON_D07_MLBS_DP1_537000_4142000_classified_point_cloud.laz","2018_MLBS_3_537000_4142000_image.tif","Tree",1,537000,537999.999,4142000,4142999.999
"10710",10710,537803.02,537810.497,4142005.051,4142013.94,"Silva","NEON_D07_MLBS_DP1_537000_4142000_classified_point_cloud.laz","2018_MLBS_3_537000_4142000_image.tif","Tree",1,537000,537999.999,4142000,4142999.999
"10711",10711,537810.011,537820.907,4142005.028,4142016.995,"Silva","NEON_D07_MLBS_DP1_537000_4142000_classified_point_cloud.laz","2018_MLBS_3_537000_4142000_image.tif","Tree",1,537000,537999.999,4142000,4142999.999
"10712",10712,537758.522,537770.984,4142000.002,4142015.998,"Silva","NEON_D07_MLBS_DP1_537000_4142000_classified_point_cloud.laz","2018_MLBS_3_537000_4142000_image.tif","Tree",1,537000,537999.999,4142000,4142999.999
"10713",10713,537797.533,537807.94,4142006.003,4142011.995,"Silva","NEON_D07_MLBS_DP1_537000_4142000_classified_point_cloud.laz","2018_MLBS_3_537000_4142000_image.tif","Tree",1,537000,537999.999,4142000,4142999.999
"10714",10714,537780.502,537787.995,4142000.03,4142009.996,"Silva","NEON_D07_MLBS_DP1_537000_4142000_classified_point_cloud.laz","2018_MLBS_3_537000_4142000_image.tif","Tree",1,537000,537999.999,4142000,4142999.999
"10715",10715,537768.509,537776.993,4142000.011,4142010.362,"Silva","NEON_D07_MLBS_DP1_537000_4142000_classified_point_cloud.laz","2018_MLBS_3_537000_4142000_image.tif","Tree",1,537000,537999.999,4142000,4142999.999
"10716",10716,537796,537803.968,4142002.021,4142010.47,"Silva","NEON_D07_MLBS_DP1_537000_4142000_classified_point_cloud.laz","2018_MLBS_3_537000_4142000_image.tif","Tree",1,537000,537999.999,4142000,4142999.999
"10717",10717,537787.543,537796.495,4142001.537,4142011.279,"Silva","NEON_D07_MLBS_DP1_537000_4142000_classified_point_cloud.laz","2018_MLBS_3_537000_4142000_image.tif","Tree",1,537000,537999.999,4142000,4142999.999
"10718",10718,537846.521,537860.422,4142017.099,4142030.964,"Silva","NEON_D07_MLBS_DP1_537000_4142000_classified_point_cloud.laz","2018_MLBS_3_537000_4142000_image.tif","Tree",1,537000,537999.999,4142000,4142999.999
"10719",10719,537825.236,537836.499,4142019.001,4142026.956,"Silva","NEON_D07_MLBS_DP1_537000_4142000_classified_point_cloud.laz","2018_MLBS_3_537000_4142000_image.tif","Tree",1,537000,537999.999,4142000,4142999.999
"10720",10720,537864.032,537877.49,4142011.543,4142025.805,"Silva","NEON_D07_MLBS_DP1_537000_4142000_classified_point_cloud.laz","2018_MLBS_3_537000_4142000_image.tif","Tree",1,537000,537999.999,4142000,4142999.999
"10721",10721,537876.049,537886.961,4142008.044,4142021.497,"Silva","NEON_D07_MLBS_DP1_537000_4142000_classified_point_cloud.laz","2018_MLBS_3_537000_4142000_image.tif","Tree",1,537000,537999.999,4142000,4142999.999
"10722",10722,537853.085,537859.99,4142008.568,4142016.924,"Silva","NEON_D07_MLBS_DP1_537000_4142000_classified_point_cloud.laz","2018_MLBS_3_537000_4142000_image.tif","Tree",1,537000,537999.999,4142000,4142999.999
"10723",10723,537839.018,537848.734,4142009.045,4142018.468,"Silva","NEON_D07_MLBS_DP1_537000_4142000_classified_point_cloud.laz","2018_MLBS_3_537000_4142000_image.tif","Tree",1,537000,537999.999,4142000,4142999.999
"10724",10724,537825.037,537835.947,4142006.007,4142013.496,"Silva","NEON_D07_MLBS_DP1_537000_4142000_classified_point_cloud.laz","2018_MLBS_3_537000_4142000_image.tif","Tree",1,537000,537999.999,4142000,4142999.999
"10725",10725,537857.004,537864.495,4142004.515,4142015.992,"Silva","NEON_D07_MLBS_DP1_537000_4142000_classified_point_cloud.laz","2018_MLBS_3_537000_4142000_image.tif","Tree",1,537000,537999.999,4142000,4142999.999
"10726",10726,537832.51,537840.998,4142000.048,4142015.483,"Silva","NEON_D07_MLBS_DP1_537000_4142000_classified_point_cloud.laz","2018_MLBS_3_537000_4142000_image.tif","Tree",1,537000,537999.999,4142000,4142999.999
"10727",10727,537849.506,537856.989,4142006.018,4142011.793,"Silva","NEON_D07_MLBS_DP1_537000_4142000_classified_point_cloud.laz","2018_MLBS_3_537000_4142000_image.tif","Tree",1,537000,537999.999,4142000,4142999.999
"10728",10728,537869.515,537880.406,4142004.666,4142013.873,"Silva","NEON_D07_MLBS_DP1_537000_4142000_classified_point_cloud.laz","2018_MLBS_3_537000_4142000_image.tif","Tree",1,537000,537999.999,4142000,4142999.999
"10729",10729,537860.052,537869.903,4142000.011,4142014.975,"Silva","NEON_D07_MLBS_DP1_537000_4142000_classified_point_cloud.laz","2018_MLBS_3_537000_4142000_image.tif","Tree",1,537000,537999.999,4142000,4142999.999
"10730",10730,537822.004,537828.996,4142002.257,4142012.494,"Silva","NEON_D07_MLBS_DP1_537000_4142000_classified_point_cloud.laz","2018_MLBS_3_537000_4142000_image.tif","Tree",1,537000,537999.999,4142000,4142999.999
"10731",10731,537810.504,537821.987,4142001.021,4142007.996,"Silva","NEON_D07_MLBS_DP1_537000_4142000_classified_point_cloud.laz","2018_MLBS_3_537000_4142000_image.tif","Tree",1,537000,537999.999,4142000,4142999.999
"10732",10732,537846.512,537851.983,4142003.535,4142008.795,"Silva","NEON_D07_MLBS_DP1_537000_4142000_classified_point_cloud.laz","2018_MLBS_3_537000_4142000_image.tif","Tree",1,537000,537999.999,4142000,4142999.999
"10733",10733,537851.567,537861.482,4142000.001,4142006.992,"Silva","NEON_D07_MLBS_DP1_537000_4142000_classified_point_cloud.laz","2018_MLBS_3_537000_4142000_image.tif","Tree",1,537000,537999.999,4142000,4142999.999
"10734",10734,537824.501,537836.27,4142000,4142006.987,"Silva","NEON_D07_MLBS_DP1_537000_4142000_classified_point_cloud.laz","2018_MLBS_3_537000_4142000_image.tif","Tree",1,537000,537999.999,4142000,4142999.999
"10735",10735,537841.566,537853.269,4142000,4142003.911,"Silva","NEON_D07_MLBS_DP1_537000_4142000_classified_point_cloud.laz","2018_MLBS_3_537000_4142000_image.tif","Tree",1,537000,537999.999,4142000,4142999.999
"10736",10736,537658.057,537665.857,4142086.004,4142092.887,"Silva","NEON_D07_MLBS_DP1_537000_4142000_classified_point_cloud.laz","2018_MLBS_3_537000_4142000_image.tif","Tree",1,537000,537999.999,4142000,4142999.999
"10737",10737,537663.544,537671.34,4142082.506,4142091.999,"Silva","NEON_D07_MLBS_DP1_537000_4142000_classified_point_cloud.laz","2018_MLBS_3_537000_4142000_image.tif","Tree",1,537000,537999.999,4142000,4142999.999
"10738",10738,537641.11,537651.983,4142077.023,4142088.437,"Silva","NEON_D07_MLBS_DP1_537000_4142000_classified_point_cloud.laz","2018_MLBS_3_537000_4142000_image.tif","Tree",1,537000,537999.999,4142000,4142999.999
"10739",10739,537658.016,537664.384,4142081.535,4142086,"Silva","NEON_D07_MLBS_DP1_537000_4142000_classified_point_cloud.laz","2018_MLBS_3_537000_4142000_image.tif","Tree",1,537000,537999.999,4142000,4142999.999
"10740",10740,537651.51,537657.999,4142077.083,4142086.233,"Silva","NEON_D07_MLBS_DP1_537000_4142000_classified_point_cloud.laz","2018_MLBS_3_537000_4142000_image.tif","Tree",1,537000,537999.999,4142000,4142999.999
"10741",10741,537625.502,537641.492,4142076.55,4142084.484,"Silva","NEON_D07_MLBS_DP1_537000_4142000_classified_point_cloud.laz","2018_MLBS_3_537000_4142000_image.tif","Tree",1,537000,537999.999,4142000,4142999.999
"10742",10742,537667.546,537674.998,4142079.105,4142085.993,"Silva","NEON_D07_MLBS_DP1_537000_4142000_classified_point_cloud.laz","2018_MLBS_3_537000_4142000_image.tif","Tree",1,537000,537999.999,4142000,4142999.999
"10743",10743,537657.051,537665.496,4142078.014,4142083.354,"Silva","NEON_D07_MLBS_DP1_537000_4142000_classified_point_cloud.laz","2018_MLBS_3_537000_4142000_image.tif","Tree",1,537000,537999.999,4142000,4142999.999
"10744",10744,537664.169,537670.986,4142074.025,4142082.467,"Silva","NEON_D07_MLBS_DP1_537000_4142000_classified_point_cloud.laz","2018_MLBS_3_537000_4142000_image.tif","Tree",1,537000,537999.999,4142000,4142999.999
"10745",10745,537678.009,537688.494,4142019.504,4142033.431,"Silva","NEON_D07_MLBS_DP1_537000_4142000_classified_point_cloud.laz","2018_MLBS_3_537000_4142000_image.tif","Tree",1,537000,537999.999,4142000,4142999.999
"10746",10746,537668.014,537678.495,4142017.003,4142030.919,"Silva","NEON_D07_MLBS_DP1_537000_4142000_classified_point_cloud.laz","2018_MLBS_3_537000_4142000_image.tif","Tree",1,537000,537999.999,4142000,4142999.999
"10747",10747,537635.023,537646.466,4142023.51,4142034.193,"Silva","NEON_D07_MLBS_DP1_537000_4142000_classified_point_cloud.laz","2018_MLBS_3_537000_4142000_image.tif","Tree",1,537000,537999.999,4142000,4142999.999
"10748",10748,537656.007,537664.939,4142026.623,4142033.453,"Silva","NEON_D07_MLBS_DP1_537000_4142000_classified_point_cloud.laz","2018_MLBS_3_537000_4142000_image.tif","Tree",1,537000,537999.999,4142000,4142999.999
"10749",10749,537667.002,537677.98,4142028.015,4142037.99,"Silva","NEON_D07_MLBS_DP1_537000_4142000_classified_point_cloud.laz","2018_MLBS_3_537000_4142000_image.tif","Tree",1,537000,537999.999,4142000,4142999.999
"10750",10750,537660.502,537667.457,4142027.511,4142035.996,"Silva","NEON_D07_MLBS_DP1_537000_4142000_classified_point_cloud.laz","2018_MLBS_3_537000_4142000_image.tif","Tree",1,537000,537999.999,4142000,4142999.999
"10751",10751,537636.02,537647.435,4142029.042,4142040.911,"Silva","NEON_D07_MLBS_DP1_537000_4142000_classified_point_cloud.laz","2018_MLBS_3_537000_4142000_image.tif","Tree",1,537000,537999.999,4142000,4142999.999
"10752",10752,537654.007,537660.954,4142031.026,4142037.465,"Silva","NEON_D07_MLBS_DP1_537000_4142000_classified_point_cloud.laz","2018_MLBS_3_537000_4142000_image.tif","Tree",1,537000,537999.999,4142000,4142999.999
"10753",10753,537646.042,537653.993,4142030.537,4142038.931,"Silva","NEON_D07_MLBS_DP1_537000_4142000_classified_point_cloud.laz","2018_MLBS_3_537000_4142000_image.tif","Tree",1,537000,537999.999,4142000,4142999.999
"10754",10754,537665.502,537671.993,4142034.531,4142043.467,"Silva","NEON_D07_MLBS_DP1_537000_4142000_classified_point_cloud.laz","2018_MLBS_3_537000_4142000_image.tif","Tree",1,537000,537999.999,4142000,4142999.999
"10755",10755,537660.011,537665.48,4142036.001,4142045.709,"Silva","NEON_D07_MLBS_DP1_537000_4142000_classified_point_cloud.laz","2018_MLBS_3_537000_4142000_image.tif","Tree",1,537000,537999.999,4142000,4142999.999
"10756",10756,537620.038,537625.92,4142031.517,4142040.499,"Silva","NEON_D07_MLBS_DP1_537000_4142000_classified_point_cloud.laz","2018_MLBS_3_537000_4142000_image.tif","Tree",1,537000,537999.999,4142000,4142999.999
"10757",10757,537644.535,537654.485,4142036.01,4142043.498,"Silva","NEON_D07_MLBS_DP1_537000_4142000_classified_point_cloud.laz","2018_MLBS_3_537000_4142000_image.tif","Tree",1,537000,537999.999,4142000,4142999.999
"10758",10758,537621.511,537629.946,4142038.008,4142043.893,"Silva","NEON_D07_MLBS_DP1_537000_4142000_classified_point_cloud.laz","2018_MLBS_3_537000_4142000_image.tif","Tree",1,537000,537999.999,4142000,4142999.999
"10759",10759,537662.017,537676.979,4142041.503,4142054.499,"Silva","NEON_D07_MLBS_DP1_537000_4142000_classified_point_cloud.laz","2018_MLBS_3_537000_4142000_image.tif","Tree",1,537000,537999.999,4142000,4142999.999
"10760",10760,537630.01,537640.496,4142037.02,4142048.987,"Silva","NEON_D07_MLBS_DP1_537000_4142000_classified_point_cloud.laz","2018_MLBS_3_537000_4142000_image.tif","Tree",1,537000,537999.999,4142000,4142999.999
"10761",10761,537623.048,537630.475,4142041.012,4142050.484,"Silva","NEON_D07_MLBS_DP1_537000_4142000_classified_point_cloud.laz","2018_MLBS_3_537000_4142000_image.tif","Tree",1,537000,537999.999,4142000,4142999.999
"10762",10762,537648.506,537659.495,4142043.504,4142048.952,"Silva","NEON_D07_MLBS_DP1_537000_4142000_classified_point_cloud.laz","2018_MLBS_3_537000_4142000_image.tif","Tree",1,537000,537999.999,4142000,4142999.999
"10763",10763,537675.543,537688.487,4142042.512,4142057.29,"Silva","NEON_D07_MLBS_DP1_537000_4142000_classified_point_cloud.laz","2018_MLBS_3_537000_4142000_image.tif","Tree",1,537000,537999.999,4142000,4142999.999
"10764",10764,537635.047,537642.958,4142046.571,4142055.852,"Silva","NEON_D07_MLBS_DP1_537000_4142000_classified_point_cloud.laz","2018_MLBS_3_537000_4142000_image.tif","Tree",1,537000,537999.999,4142000,4142999.999
"10765",10765,537623.008,537632.41,4142050.009,4142057.464,"Silva","NEON_D07_MLBS_DP1_537000_4142000_classified_point_cloud.laz","2018_MLBS_3_537000_4142000_image.tif","Tree",1,537000,537999.999,4142000,4142999.999
"10766",10766,537646.518,537658.351,4142053.503,4142061.968,"Silva","NEON_D07_MLBS_DP1_537000_4142000_classified_point_cloud.laz","2018_MLBS_3_537000_4142000_image.tif","Tree",1,537000,537999.999,4142000,4142999.999
"10767",10767,537639.066,537646.489,4142051.501,4142061.989,"Silva","NEON_D07_MLBS_DP1_537000_4142000_classified_point_cloud.laz","2018_MLBS_3_537000_4142000_image.tif","Tree",1,537000,537999.999,4142000,4142999.999
"10768",10768,537633.073,537642.455,4142055.506,4142065.403,"Silva","NEON_D07_MLBS_DP1_537000_4142000_classified_point_cloud.laz","2018_MLBS_3_537000_4142000_image.tif","Tree",1,537000,537999.999,4142000,4142999.999
"10769",10769,537679.016,537686.931,4142060.002,4142071.479,"Silva","NEON_D07_MLBS_DP1_537000_4142000_classified_point_cloud.laz","2018_MLBS_3_537000_4142000_image.tif","Tree",1,537000,537999.999,4142000,4142999.999
"10770",10770,537665.057,537674.829,4142057.035,4142068.492,"Silva","NEON_D07_MLBS_DP1_537000_4142000_classified_point_cloud.laz","2018_MLBS_3_537000_4142000_image.tif","Tree",1,537000,537999.999,4142000,4142999.999
"10771",10771,537628.507,537635.486,4142057.552,4142065.46,"Silva","NEON_D07_MLBS_DP1_537000_4142000_classified_point_cloud.laz","2018_MLBS_3_537000_4142000_image.tif","Tree",1,537000,537999.999,4142000,4142999.999
"10772",10772,537640.569,537652.496,4142059.502,4142068.355,"Silva","NEON_D07_MLBS_DP1_537000_4142000_classified_point_cloud.laz","2018_MLBS_3_537000_4142000_image.tif","Tree",1,537000,537999.999,4142000,4142999.999
"10773",10773,537659.731,537666.431,4142059.527,4142069.909,"Silva","NEON_D07_MLBS_DP1_537000_4142000_classified_point_cloud.laz","2018_MLBS_3_537000_4142000_image.tif","Tree",1,537000,537999.999,4142000,4142999.999
"10774",10774,537652.511,537660.835,4142065.038,4142071.848,"Silva","NEON_D07_MLBS_DP1_537000_4142000_classified_point_cloud.laz","2018_MLBS_3_537000_4142000_image.tif","Tree",1,537000,537999.999,4142000,4142999.999
"10775",10775,537623.016,537631.442,4142065.009,4142072.973,"Silva","NEON_D07_MLBS_DP1_537000_4142000_classified_point_cloud.laz","2018_MLBS_3_537000_4142000_image.tif","Tree",1,537000,537999.999,4142000,4142999.999
"10776",10776,537631.07,537639.402,4142063.533,4142070.991,"Silva","NEON_D07_MLBS_DP1_537000_4142000_classified_point_cloud.laz","2018_MLBS_3_537000_4142000_image.tif","Tree",1,537000,537999.999,4142000,4142999.999
"10777",10777,537671.529,537684.473,4142067.01,4142074.969,"Silva","NEON_D07_MLBS_DP1_537000_4142000_classified_point_cloud.laz","2018_MLBS_3_537000_4142000_image.tif","Tree",1,537000,537999.999,4142000,4142999.999
"10778",10778,537624.519,537637.45,4142069.062,4142077.973,"Silva","NEON_D07_MLBS_DP1_537000_4142000_classified_point_cloud.laz","2018_MLBS_3_537000_4142000_image.tif","Tree",1,537000,537999.999,4142000,4142999.999
"10779",10779,537644.501,537652.48,4142068.07,4142078.462,"Silva","NEON_D07_MLBS_DP1_537000_4142000_classified_point_cloud.laz","2018_MLBS_3_537000_4142000_image.tif","Tree",1,537000,537999.999,4142000,4142999.999
"10780",10780,537637.001,537644.494,4142065.559,4142079.48,"Silva","NEON_D07_MLBS_DP1_537000_4142000_classified_point_cloud.laz","2018_MLBS_3_537000_4142000_image.tif","Tree",1,537000,537999.999,4142000,4142999.999
"10781",10781,537658.604,537667.354,4142071.622,4142078.495,"Silva","NEON_D07_MLBS_DP1_537000_4142000_classified_point_cloud.laz","2018_MLBS_3_537000_4142000_image.tif","Tree",1,537000,537999.999,4142000,4142999.999
"10782",10782,537707.22,537716.884,4142082.503,4142092.798,"Silva","NEON_D07_MLBS_DP1_537000_4142000_classified_point_cloud.laz","2018_MLBS_3_537000_4142000_image.tif","Tree",1,537000,537999.999,4142000,4142999.999
"10783",10783,537720.071,537727.476,4142079.623,4142089.903,"Silva","NEON_D07_MLBS_DP1_537000_4142000_classified_point_cloud.laz","2018_MLBS_3_537000_4142000_image.tif","Tree",1,537000,537999.999,4142000,4142999.999
"10784",10784,537744.133,537756.473,4142082.502,4142089.912,"Silva","NEON_D07_MLBS_DP1_537000_4142000_classified_point_cloud.laz","2018_MLBS_3_537000_4142000_image.tif","Tree",1,537000,537999.999,4142000,4142999.999
"10785",10785,537733.648,537743.195,4142080.521,4142089.278,"Silva","NEON_D07_MLBS_DP1_537000_4142000_classified_point_cloud.laz","2018_MLBS_3_537000_4142000_image.tif","Tree",1,537000,537999.999,4142000,4142999.999
"10786",10786,537723.533,537732.954,4142073.504,4142082.992,"Silva","NEON_D07_MLBS_DP1_537000_4142000_classified_point_cloud.laz","2018_MLBS_3_537000_4142000_image.tif","Tree",1,537000,537999.999,4142000,4142999.999
"10787",10787,537739.524,537746.965,4142074.004,4142085.301,"Silva","NEON_D07_MLBS_DP1_537000_4142000_classified_point_cloud.laz","2018_MLBS_3_537000_4142000_image.tif","Tree",1,537000,537999.999,4142000,4142999.999
"10788",10788,537719.559,537731.943,4142021.02,4142031.409,"Silva","NEON_D07_MLBS_DP1_537000_4142000_classified_point_cloud.laz","2018_MLBS_3_537000_4142000_image.tif","Tree",1,537000,537999.999,4142000,4142999.999
"10789",10789,537688.524,537698.819,4142020.662,4142029.808,"Silva","NEON_D07_MLBS_DP1_537000_4142000_classified_point_cloud.laz","2018_MLBS_3_537000_4142000_image.tif","Tree",1,537000,537999.999,4142000,4142999.999
"10790",10790,537728.136,537736.498,4142023.649,4142032.885,"Silva","NEON_D07_MLBS_DP1_537000_4142000_classified_point_cloud.laz","2018_MLBS_3_537000_4142000_image.tif","Tree",1,537000,537999.999,4142000,4142999.999
"10791",10791,537744.023,537751.987,4142024.065,4142037.202,"Silva","NEON_D07_MLBS_DP1_537000_4142000_classified_point_cloud.laz","2018_MLBS_3_537000_4142000_image.tif","Tree",1,537000,537999.999,4142000,4142999.999
"10792",10792,537717.505,537725.957,4142024.513,4142035.967,"Silva","NEON_D07_MLBS_DP1_537000_4142000_classified_point_cloud.laz","2018_MLBS_3_537000_4142000_image.tif","Tree",1,537000,537999.999,4142000,4142999.999
"10793",10793,537711.026,537717.988,4142024.534,4142036.993,"Silva","NEON_D07_MLBS_DP1_537000_4142000_classified_point_cloud.laz","2018_MLBS_3_537000_4142000_image.tif","Tree",1,537000,537999.999,4142000,4142999.999
"10794",10794,537698.505,537708.466,4142029.514,4142036.489,"Silva","NEON_D07_MLBS_DP1_537000_4142000_classified_point_cloud.laz","2018_MLBS_3_537000_4142000_image.tif","Tree",1,537000,537999.999,4142000,4142999.999
"10795",10795,537740.574,537748.498,4142030.516,4142040.895,"Silva","NEON_D07_MLBS_DP1_537000_4142000_classified_point_cloud.laz","2018_MLBS_3_537000_4142000_image.tif","Tree",1,537000,537999.999,4142000,4142999.999
"10796",10796,537684.506,537699.497,4142029.081,4142042.969,"Silva","NEON_D07_MLBS_DP1_537000_4142000_classified_point_cloud.laz","2018_MLBS_3_537000_4142000_image.tif","Tree",1,537000,537999.999,4142000,4142999.999
"10797",10797,537735.5,537741.991,4142033.546,4142041.48,"Silva","NEON_D07_MLBS_DP1_537000_4142000_classified_point_cloud.laz","2018_MLBS_3_537000_4142000_image.tif","Tree",1,537000,537999.999,4142000,4142999.999
"10798",10798,537706.004,537714.409,4142031.537,4142039.499,"Silva","NEON_D07_MLBS_DP1_537000_4142000_classified_point_cloud.laz","2018_MLBS_3_537000_4142000_image.tif","Tree",1,537000,537999.999,4142000,4142999.999
"10799",10799,537729.021,537737.492,4142035.013,4142043.438,"Silva","NEON_D07_MLBS_DP1_537000_4142000_classified_point_cloud.laz","2018_MLBS_3_537000_4142000_image.tif","Tree",1,537000,537999.999,4142000,4142999.999
"10800",10800,537698.036,537708.481,4142035.536,4142042.985,"Silva","NEON_D07_MLBS_DP1_537000_4142000_classified_point_cloud.laz","2018_MLBS_3_537000_4142000_image.tif","Tree",1,537000,537999.999,4142000,4142999.999
"10801",10801,537713.502,537722.481,4142035.501,4142045.459,"Silva","NEON_D07_MLBS_DP1_537000_4142000_classified_point_cloud.laz","2018_MLBS_3_537000_4142000_image.tif","Tree",1,537000,537999.999,4142000,4142999.999
"10802",10802,537721.547,537729.499,4142035.106,4142045.983,"Silva","NEON_D07_MLBS_DP1_537000_4142000_classified_point_cloud.laz","2018_MLBS_3_537000_4142000_image.tif","Tree",1,537000,537999.999,4142000,4142999.999
"10803",10803,537742,537752.435,4142038.574,4142051.483,"Silva","NEON_D07_MLBS_DP1_537000_4142000_classified_point_cloud.laz","2018_MLBS_3_537000_4142000_image.tif","Tree",1,537000,537999.999,4142000,4142999.999
"10804",10804,537705.526,537715.369,4142039.017,4142046.791,"Silva","NEON_D07_MLBS_DP1_537000_4142000_classified_point_cloud.laz","2018_MLBS_3_537000_4142000_image.tif","Tree",1,537000,537999.999,4142000,4142999.999
"10805",10805,537725.093,537733.822,4142040.193,4142046.995,"Silva","NEON_D07_MLBS_DP1_537000_4142000_classified_point_cloud.laz","2018_MLBS_3_537000_4142000_image.tif","Tree",1,537000,537999.999,4142000,4142999.999
"10806",10806,537735.032,537743.99,4142041.013,4142054.164,"Silva","NEON_D07_MLBS_DP1_537000_4142000_classified_point_cloud.laz","2018_MLBS_3_537000_4142000_image.tif","Tree",1,537000,537999.999,4142000,4142999.999
"10807",10807,537703.036,537709.883,4142045.637,4142051.976,"Silva","NEON_D07_MLBS_DP1_537000_4142000_classified_point_cloud.laz","2018_MLBS_3_537000_4142000_image.tif","Tree",1,537000,537999.999,4142000,4142999.999
"10808",10808,537687.566,537700.475,4142041.117,4142050.983,"Silva","NEON_D07_MLBS_DP1_537000_4142000_classified_point_cloud.laz","2018_MLBS_3_537000_4142000_image.tif","Tree",1,537000,537999.999,4142000,4142999.999
"10809",10809,537689.561,537701.997,4142049.52,4142057.972,"Silva","NEON_D07_MLBS_DP1_537000_4142000_classified_point_cloud.laz","2018_MLBS_3_537000_4142000_image.tif","Tree",1,537000,537999.999,4142000,4142999.999
"10810",10810,537722.623,537728.498,4142051.546,4142058.374,"Silva","NEON_D07_MLBS_DP1_537000_4142000_classified_point_cloud.laz","2018_MLBS_3_537000_4142000_image.tif","Tree",1,537000,537999.999,4142000,4142999.999
"10811",10811,537728.512,537739.383,4142051.005,4142062.389,"Silva","NEON_D07_MLBS_DP1_537000_4142000_classified_point_cloud.laz","2018_MLBS_3_537000_4142000_image.tif","Tree",1,537000,537999.999,4142000,4142999.999
"10812",10812,537701.099,537710.908,4142051.525,4142057.493,"Silva","NEON_D07_MLBS_DP1_537000_4142000_classified_point_cloud.laz","2018_MLBS_3_537000_4142000_image.tif","Tree",1,537000,537999.999,4142000,4142999.999
"10813",10813,537712.584,537719.476,4142052.543,4142063.479,"Silva","NEON_D07_MLBS_DP1_537000_4142000_classified_point_cloud.laz","2018_MLBS_3_537000_4142000_image.tif","Tree",1,537000,537999.999,4142000,4142999.999
"10814",10814,537718.504,537725.984,4142054.032,4142061.992,"Silva","NEON_D07_MLBS_DP1_537000_4142000_classified_point_cloud.laz","2018_MLBS_3_537000_4142000_image.tif","Tree",1,537000,537999.999,4142000,4142999.999
"10815",10815,537710.163,537717.474,4142054.016,4142064.363,"Silva","NEON_D07_MLBS_DP1_537000_4142000_classified_point_cloud.laz","2018_MLBS_3_537000_4142000_image.tif","Tree",1,537000,537999.999,4142000,4142999.999
"10816",10816,537702.508,537707.923,4142056.556,4142068.405,"Silva","NEON_D07_MLBS_DP1_537000_4142000_classified_point_cloud.laz","2018_MLBS_3_537000_4142000_image.tif","Tree",1,537000,537999.999,4142000,4142999.999
"10817",10817,537717.522,537731.868,4142058.084,4142066.398,"Silva","NEON_D07_MLBS_DP1_537000_4142000_classified_point_cloud.laz","2018_MLBS_3_537000_4142000_image.tif","Tree",1,537000,537999.999,4142000,4142999.999
"10818",10818,537686.593,537697.308,4142057.031,4142066.982,"Silva","NEON_D07_MLBS_DP1_537000_4142000_classified_point_cloud.laz","2018_MLBS_3_537000_4142000_image.tif","Tree",1,537000,537999.999,4142000,4142999.999
"10819",10819,537746.5,537754.735,4142059.55,4142071.641,"Silva","NEON_D07_MLBS_DP1_537000_4142000_classified_point_cloud.laz","2018_MLBS_3_537000_4142000_image.tif","Tree",1,537000,537999.999,4142000,4142999.999
"10820",10820,537684.543,537704.964,4142066.067,4142079.412,"Silva","NEON_D07_MLBS_DP1_537000_4142000_classified_point_cloud.laz","2018_MLBS_3_537000_4142000_image.tif","Tree",1,537000,537999.999,4142000,4142999.999
"10821",10821,537741.043,537749.494,4142071.008,4142078.363,"Silva","NEON_D07_MLBS_DP1_537000_4142000_classified_point_cloud.laz","2018_MLBS_3_537000_4142000_image.tif","Tree",1,537000,537999.999,4142000,4142999.999
"10822",10822,537749.02,537756.467,4142071.503,4142079.792,"Silva","NEON_D07_MLBS_DP1_537000_4142000_classified_point_cloud.laz","2018_MLBS_3_537000_4142000_image.tif","Tree",1,537000,537999.999,4142000,4142999.999
"10823",10823,537747.013,537755.985,4142077.009,4142082.994,"Silva","NEON_D07_MLBS_DP1_537000_4142000_classified_point_cloud.laz","2018_MLBS_3_537000_4142000_image.tif","Tree",1,537000,537999.999,4142000,4142999.999
"10824",10824,537621.517,537630.489,4142146.544,4142158.29,"Silva","NEON_D07_MLBS_DP1_537000_4142000_classified_point_cloud.laz","2018_MLBS_3_537000_4142000_image.tif","Tree",1,537000,537999.999,4142000,4142999.999
"10825",10825,537617.049,537623.894,4142147.005,4142158.898,"Silva","NEON_D07_MLBS_DP1_537000_4142000_classified_point_cloud.laz","2018_MLBS_3_537000_4142000_image.tif","Tree",1,537000,537999.999,4142000,4142999.999
"10826",10826,537652.789,537662.525,4142148.091,4142156.497,"Silva","NEON_D07_MLBS_DP1_537000_4142000_classified_point_cloud.laz","2018_MLBS_3_537000_4142000_image.tif","Tree",1,537000,537999.999,4142000,4142999.999
"10827",10827,537675.061,537682.472,4142140.036,4142150.5,"Silva","NEON_D07_MLBS_DP1_537000_4142000_classified_point_cloud.laz","2018_MLBS_3_537000_4142000_image.tif","Tree",1,537000,537999.999,4142000,4142999.999
"10828",10828,537660.575,537669.977,4142140.023,4142147.343,"Silva","NEON_D07_MLBS_DP1_537000_4142000_classified_point_cloud.laz","2018_MLBS_3_537000_4142000_image.tif","Tree",1,537000,537999.999,4142000,4142999.999
"10829",10829,537664.071,537676.491,4142137.571,4142145.999,"Silva","NEON_D07_MLBS_DP1_537000_4142000_classified_point_cloud.laz","2018_MLBS_3_537000_4142000_image.tif","Tree",1,537000,537999.999,4142000,4142999.999
"10830",10830,537652.546,537660.995,4142136.314,4142143.948,"Silva","NEON_D07_MLBS_DP1_537000_4142000_classified_point_cloud.laz","2018_MLBS_3_537000_4142000_image.tif","Tree",1,537000,537999.999,4142000,4142999.999
"10831",10831,537644.561,537653.442,4142135.202,4142143.495,"Silva","NEON_D07_MLBS_DP1_537000_4142000_classified_point_cloud.laz","2018_MLBS_3_537000_4142000_image.tif","Tree",1,537000,537999.999,4142000,4142999.999
"10832",10832,537664.448,537675.908,4142129.151,4142138.989,"Silva","NEON_D07_MLBS_DP1_537000_4142000_classified_point_cloud.laz","2018_MLBS_3_537000_4142000_image.tif","Tree",1,537000,537999.999,4142000,4142999.999
"10833",10833,537654.07,537661.294,4142123.706,4142135.87,"Silva","NEON_D07_MLBS_DP1_537000_4142000_classified_point_cloud.laz","2018_MLBS_3_537000_4142000_image.tif","Tree",1,537000,537999.999,4142000,4142999.999
"10834",10834,537674.044,537684.479,4142128.029,4142139.996,"Silva","NEON_D07_MLBS_DP1_537000_4142000_classified_point_cloud.laz","2018_MLBS_3_537000_4142000_image.tif","Tree",1,537000,537999.999,4142000,4142999.999
"10835",10835,537661.016,537670.492,4142124.112,4142136.885,"Silva","NEON_D07_MLBS_DP1_537000_4142000_classified_point_cloud.laz","2018_MLBS_3_537000_4142000_image.tif","Tree",1,537000,537999.999,4142000,4142999.999
"10836",10836,537651.041,537656.428,4142122.513,4142131.345,"Silva","NEON_D07_MLBS_DP1_537000_4142000_classified_point_cloud.laz","2018_MLBS_3_537000_4142000_image.tif","Tree",1,537000,537999.999,4142000,4142999.999
"10837",10837,537670.028,537681.423,4142124.069,4142132.497,"Silva","NEON_D07_MLBS_DP1_537000_4142000_classified_point_cloud.laz","2018_MLBS_3_537000_4142000_image.tif","Tree",1,537000,537999.999,4142000,4142999.999
"10838",10838,537680.929,537687.949,4142120.569,4142128.823,"Silva","NEON_D07_MLBS_DP1_537000_4142000_classified_point_cloud.laz","2018_MLBS_3_537000_4142000_image.tif","Tree",1,537000,537999.999,4142000,4142999.999
"10839",10839,537672.107,537681.867,4142117.004,4142126.051,"Silva","NEON_D07_MLBS_DP1_537000_4142000_classified_point_cloud.laz","2018_MLBS_3_537000_4142000_image.tif","Tree",1,537000,537999.999,4142000,4142999.999
"10840",10840,537626.005,537638.994,4142116.572,4142128.945,"Silva","NEON_D07_MLBS_DP1_537000_4142000_classified_point_cloud.laz","2018_MLBS_3_537000_4142000_image.tif","Tree",1,537000,537999.999,4142000,4142999.999
"10841",10841,537664.123,537673.942,4142115.189,4142125.479,"Silva","NEON_D07_MLBS_DP1_537000_4142000_classified_point_cloud.laz","2018_MLBS_3_537000_4142000_image.tif","Tree",1,537000,537999.999,4142000,4142999.999
"10842",10842,537677.577,537686.451,4142116.506,4142121.464,"Silva","NEON_D07_MLBS_DP1_537000_4142000_classified_point_cloud.laz","2018_MLBS_3_537000_4142000_image.tif","Tree",1,537000,537999.999,4142000,4142999.999
"10843",10843,537618.032,537629.453,4142111.532,4142119.342,"Silva","NEON_D07_MLBS_DP1_537000_4142000_classified_point_cloud.laz","2018_MLBS_3_537000_4142000_image.tif","Tree",1,537000,537999.999,4142000,4142999.999
"10844",10844,537661.517,537669.484,4142110.077,4142118.488,"Silva","NEON_D07_MLBS_DP1_537000_4142000_classified_point_cloud.laz","2018_MLBS_3_537000_4142000_image.tif","Tree",1,537000,537999.999,4142000,4142999.999
"10845",10845,537669.063,537678.494,4142109.059,4142118.99,"Silva","NEON_D07_MLBS_DP1_537000_4142000_classified_point_cloud.laz","2018_MLBS_3_537000_4142000_image.tif","Tree",1,537000,537999.999,4142000,4142999.999
"10846",10846,537681.087,537692.499,4142105.083,4142114.401,"Silva","NEON_D07_MLBS_DP1_537000_4142000_classified_point_cloud.laz","2018_MLBS_3_537000_4142000_image.tif","Tree",1,537000,537999.999,4142000,4142999.999
"10847",10847,537663.608,537674.98,4142102.553,4142111.443,"Silva","NEON_D07_MLBS_DP1_537000_4142000_classified_point_cloud.laz","2018_MLBS_3_537000_4142000_image.tif","Tree",1,537000,537999.999,4142000,4142999.999
"10848",10848,537623.504,537633.874,4142098.511,4142111.321,"Silva","NEON_D07_MLBS_DP1_537000_4142000_classified_point_cloud.laz","2018_MLBS_3_537000_4142000_image.tif","Tree",1,537000,537999.999,4142000,4142999.999
"10849",10849,537637.097,537650.412,4142089.558,4142101.992,"Silva","NEON_D07_MLBS_DP1_537000_4142000_classified_point_cloud.laz","2018_MLBS_3_537000_4142000_image.tif","Tree",1,537000,537999.999,4142000,4142999.999
"10850",10850,537622.088,537634.496,4142089.507,4142098.958,"Silva","NEON_D07_MLBS_DP1_537000_4142000_classified_point_cloud.laz","2018_MLBS_3_537000_4142000_image.tif","Tree",1,537000,537999.999,4142000,4142999.999
"10851",10851,537650.538,537660.717,4142088.504,4142097.976,"Silva","NEON_D07_MLBS_DP1_537000_4142000_classified_point_cloud.laz","2018_MLBS_3_537000_4142000_image.tif","Tree",1,537000,537999.999,4142000,4142999.999
"10852",10852,537647.08,537655.419,4142085.572,4142097.499,"Silva","NEON_D07_MLBS_DP1_537000_4142000_classified_point_cloud.laz","2018_MLBS_3_537000_4142000_image.tif","Tree",1,537000,537999.999,4142000,4142999.999
"10853",10853,537683.516,537694.491,4142149.619,4142159.477,"Silva","NEON_D07_MLBS_DP1_537000_4142000_classified_point_cloud.laz","2018_MLBS_3_537000_4142000_image.tif","Tree",1,537000,537999.999,4142000,4142999.999
"10854",10854,537714.504,537723.499,4142149.093,4142155.85,"Silva","NEON_D07_MLBS_DP1_537000_4142000_classified_point_cloud.laz","2018_MLBS_3_537000_4142000_image.tif","Tree",1,537000,537999.999,4142000,4142999.999
"10855",10855,537743.008,537750.174,4142143.008,4142154.455,"Silva","NEON_D07_MLBS_DP1_537000_4142000_classified_point_cloud.laz","2018_MLBS_3_537000_4142000_image.tif","Tree",1,537000,537999.999,4142000,4142999.999
"10856",10856,537736.654,537743.998,4142144.042,4142152.958,"Silva","NEON_D07_MLBS_DP1_537000_4142000_classified_point_cloud.laz","2018_MLBS_3_537000_4142000_image.tif","Tree",1,537000,537999.999,4142000,4142999.999
"10857",10857,537689.307,537696.994,4142144.51,4142152.837,"Silva","NEON_D07_MLBS_DP1_537000_4142000_classified_point_cloud.laz","2018_MLBS_3_537000_4142000_image.tif","Tree",1,537000,537999.999,4142000,4142999.999
"10858",10858,537681.568,537689.493,4142139.522,4142150.936,"Silva","NEON_D07_MLBS_DP1_537000_4142000_classified_point_cloud.laz","2018_MLBS_3_537000_4142000_image.tif","Tree",1,537000,537999.999,4142000,4142999.999
"10859",10859,537708.108,537715.481,4142143.593,4142149.998,"Silva","NEON_D07_MLBS_DP1_537000_4142000_classified_point_cloud.laz","2018_MLBS_3_537000_4142000_image.tif","Tree",1,537000,537999.999,4142000,4142999.999
"10860",10860,537696.033,537702.493,4142142.045,4142150.421,"Silva","NEON_D07_MLBS_DP1_537000_4142000_classified_point_cloud.laz","2018_MLBS_3_537000_4142000_image.tif","Tree",1,537000,537999.999,4142000,4142999.999
"10861",10861,537714.016,537720.495,4142143.002,4142148.67,"Silva","NEON_D07_MLBS_DP1_537000_4142000_classified_point_cloud.laz","2018_MLBS_3_537000_4142000_image.tif","Tree",1,537000,537999.999,4142000,4142999.999
"10862",10862,537701.004,537705.98,4142140.585,4142150.944,"Silva","NEON_D07_MLBS_DP1_537000_4142000_classified_point_cloud.laz","2018_MLBS_3_537000_4142000_image.tif","Tree",1,537000,537999.999,4142000,4142999.999
"10863",10863,537693.518,537699.897,4142140.016,4142146.338,"Silva","NEON_D07_MLBS_DP1_537000_4142000_classified_point_cloud.laz","2018_MLBS_3_537000_4142000_image.tif","Tree",1,537000,537999.999,4142000,4142999.999
"10864",10864,537682.554,537693.471,4142137.018,4142145.984,"Silva","NEON_D07_MLBS_DP1_537000_4142000_classified_point_cloud.laz","2018_MLBS_3_537000_4142000_image.tif","Tree",1,537000,537999.999,4142000,4142999.999
"10865",10865,537711.004,537716.931,4142139.024,4142144.948,"Silva","NEON_D07_MLBS_DP1_537000_4142000_classified_point_cloud.laz","2018_MLBS_3_537000_4142000_image.tif","Tree",1,537000,537999.999,4142000,4142999.999
"10866",10866,537720.676,537729.475,4142135.63,4142147.977,"Silva","NEON_D07_MLBS_DP1_537000_4142000_classified_point_cloud.laz","2018_MLBS_3_537000_4142000_image.tif","Tree",1,537000,537999.999,4142000,4142999.999
"10867",10867,537705.009,537712.851,4142134.01,4142142.959,"Silva","NEON_D07_MLBS_DP1_537000_4142000_classified_point_cloud.laz","2018_MLBS_3_537000_4142000_image.tif","Tree",1,537000,537999.999,4142000,4142999.999
"10868",10868,537687.091,537696.416,4142133.595,4142141.867,"Silva","NEON_D07_MLBS_DP1_537000_4142000_classified_point_cloud.laz","2018_MLBS_3_537000_4142000_image.tif","Tree",1,537000,537999.999,4142000,4142999.999
"10869",10869,537698.548,537705.991,4142134.006,4142141.878,"Silva","NEON_D07_MLBS_DP1_537000_4142000_classified_point_cloud.laz","2018_MLBS_3_537000_4142000_image.tif","Tree",1,537000,537999.999,4142000,4142999.999
"10870",10870,537742.002,537749.824,4142134.002,4142143.498,"Silva","NEON_D07_MLBS_DP1_537000_4142000_classified_point_cloud.laz","2018_MLBS_3_537000_4142000_image.tif","Tree",1,537000,537999.999,4142000,4142999.999
"10871",10871,537737.005,537741.998,4142133.699,4142139.906,"Silva","NEON_D07_MLBS_DP1_537000_4142000_classified_point_cloud.laz","2018_MLBS_3_537000_4142000_image.tif","Tree",1,537000,537999.999,4142000,4142999.999
"10872",10872,537708.587,537719.417,4142131.014,4142138.985,"Silva","NEON_D07_MLBS_DP1_537000_4142000_classified_point_cloud.laz","2018_MLBS_3_537000_4142000_image.tif","Tree",1,537000,537999.999,4142000,4142999.999
"10873",10873,537746.509,537754.957,4142126.656,4142140.473,"Silva","NEON_D07_MLBS_DP1_537000_4142000_classified_point_cloud.laz","2018_MLBS_3_537000_4142000_image.tif","Tree",1,537000,537999.999,4142000,4142999.999
"10874",10874,537730.652,537735.467,4142127.149,4142135.488,"Silva","NEON_D07_MLBS_DP1_537000_4142000_classified_point_cloud.laz","2018_MLBS_3_537000_4142000_image.tif","Tree",1,537000,537999.999,4142000,4142999.999
"10875",10875,537683.012,537692.992,4142125.518,4142136.981,"Silva","NEON_D07_MLBS_DP1_537000_4142000_classified_point_cloud.laz","2018_MLBS_3_537000_4142000_image.tif","Tree",1,537000,537999.999,4142000,4142999.999
"10876",10876,537702.314,537710.95,4142125.57,4142134.493,"Silva","NEON_D07_MLBS_DP1_537000_4142000_classified_point_cloud.laz","2018_MLBS_3_537000_4142000_image.tif","Tree",1,537000,537999.999,4142000,4142999.999
"10877",10877,537711.056,537721.097,4142127.506,4142133.491,"Silva","NEON_D07_MLBS_DP1_537000_4142000_classified_point_cloud.laz","2018_MLBS_3_537000_4142000_image.tif","Tree",1,537000,537999.999,4142000,4142999.999
"10878",10878,537733.047,537739.252,4142124.504,4142131.494,"Silva","NEON_D07_MLBS_DP1_537000_4142000_classified_point_cloud.laz","2018_MLBS_3_537000_4142000_image.tif","Tree",1,537000,537999.999,4142000,4142999.999
"10879",10879,537692.019,537699.407,4142124.542,4142132.467,"Silva","NEON_D07_MLBS_DP1_537000_4142000_classified_point_cloud.laz","2018_MLBS_3_537000_4142000_image.tif","Tree",1,537000,537999.999,4142000,4142999.999
"10880",10880,537698.041,537704.433,4142119.628,4142129.431,"Silva","NEON_D07_MLBS_DP1_537000_4142000_classified_point_cloud.laz","2018_MLBS_3_537000_4142000_image.tif","Tree",1,537000,537999.999,4142000,4142999.999
"10881",10881,537711.5,537718.994,4142120.006,4142127.497,"Silva","NEON_D07_MLBS_DP1_537000_4142000_classified_point_cloud.laz","2018_MLBS_3_537000_4142000_image.tif","Tree",1,537000,537999.999,4142000,4142999.999
"10882",10882,537702.576,537712.488,4142118.592,4142127.961,"Silva","NEON_D07_MLBS_DP1_537000_4142000_classified_point_cloud.laz","2018_MLBS_3_537000_4142000_image.tif","Tree",1,537000,537999.999,4142000,4142999.999
"10883",10883,537691.012,537699.971,4142119.261,4142126.387,"Silva","NEON_D07_MLBS_DP1_537000_4142000_classified_point_cloud.laz","2018_MLBS_3_537000_4142000_image.tif","Tree",1,537000,537999.999,4142000,4142999.999
"10884",10884,537685.535,537691.464,4142115.036,4142125.999,"Silva","NEON_D07_MLBS_DP1_537000_4142000_classified_point_cloud.laz","2018_MLBS_3_537000_4142000_image.tif","Tree",1,537000,537999.999,4142000,4142999.999
"10885",10885,537689.52,537695.907,4142114.104,4142123.965,"Silva","NEON_D07_MLBS_DP1_537000_4142000_classified_point_cloud.laz","2018_MLBS_3_537000_4142000_image.tif","Tree",1,537000,537999.999,4142000,4142999.999
"10886",10886,537743.016,537750.989,4142113.501,4142125.337,"Silva","NEON_D07_MLBS_DP1_537000_4142000_classified_point_cloud.laz","2018_MLBS_3_537000_4142000_image.tif","Tree",1,537000,537999.999,4142000,4142999.999
"10887",10887,537706.549,537717.343,4142112.04,4142121.497,"Silva","NEON_D07_MLBS_DP1_537000_4142000_classified_point_cloud.laz","2018_MLBS_3_537000_4142000_image.tif","Tree",1,537000,537999.999,4142000,4142999.999
"10888",10888,537701.025,537711.407,4142108.006,4142118.419,"Silva","NEON_D07_MLBS_DP1_537000_4142000_classified_point_cloud.laz","2018_MLBS_3_537000_4142000_image.tif","Tree",1,537000,537999.999,4142000,4142999.999
"10889",10889,537720.054,537732.389,4142105.513,4142115.912,"Silva","NEON_D07_MLBS_DP1_537000_4142000_classified_point_cloud.laz","2018_MLBS_3_537000_4142000_image.tif","Tree",1,537000,537999.999,4142000,4142999.999
"10890",10890,537746.513,537756.38,4142104.548,4142115.243,"Silva","NEON_D07_MLBS_DP1_537000_4142000_classified_point_cloud.laz","2018_MLBS_3_537000_4142000_image.tif","Tree",1,537000,537999.999,4142000,4142999.999
"10891",10891,537710.019,537721.499,4142103.608,4142113.428,"Silva","NEON_D07_MLBS_DP1_537000_4142000_classified_point_cloud.laz","2018_MLBS_3_537000_4142000_image.tif","Tree",1,537000,537999.999,4142000,4142999.999
"10892",10892,537740.629,537748.407,4142102.009,4142113.443,"Silva","NEON_D07_MLBS_DP1_537000_4142000_classified_point_cloud.laz","2018_MLBS_3_537000_4142000_image.tif","Tree",1,537000,537999.999,4142000,4142999.999
"10893",10893,537691.538,537699.412,4142099.574,4142111,"Silva","NEON_D07_MLBS_DP1_537000_4142000_classified_point_cloud.laz","2018_MLBS_3_537000_4142000_image.tif","Tree",1,537000,537999.999,4142000,4142999.999
"10894",10894,537699,537703.923,4142098.561,4142110.728,"Silva","NEON_D07_MLBS_DP1_537000_4142000_classified_point_cloud.laz","2018_MLBS_3_537000_4142000_image.tif","Tree",1,537000,537999.999,4142000,4142999.999
"10895",10895,537703.5,537709.991,4142098.502,4142109.432,"Silva","NEON_D07_MLBS_DP1_537000_4142000_classified_point_cloud.laz","2018_MLBS_3_537000_4142000_image.tif","Tree",1,537000,537999.999,4142000,4142999.999
"10896",10896,537684.516,537693.795,4142097.28,4142106.848,"Silva","NEON_D07_MLBS_DP1_537000_4142000_classified_point_cloud.laz","2018_MLBS_3_537000_4142000_image.tif","Tree",1,537000,537999.999,4142000,4142999.999
"10897",10897,537707.639,537718.477,4142099.151,4142107.365,"Silva","NEON_D07_MLBS_DP1_537000_4142000_classified_point_cloud.laz","2018_MLBS_3_537000_4142000_image.tif","Tree",1,537000,537999.999,4142000,4142999.999
"10898",10898,537728.003,537738.349,4142097.56,4142109.346,"Silva","NEON_D07_MLBS_DP1_537000_4142000_classified_point_cloud.laz","2018_MLBS_3_537000_4142000_image.tif","Tree",1,537000,537999.999,4142000,4142999.999
"10899",10899,537722.562,537730.481,4142097.139,4142105.708,"Silva","NEON_D07_MLBS_DP1_537000_4142000_classified_point_cloud.laz","2018_MLBS_3_537000_4142000_image.tif","Tree",1,537000,537999.999,4142000,4142999.999
"10900",10900,537718.002,537725.489,4142095.137,4142105.414,"Silva","NEON_D07_MLBS_DP1_537000_4142000_classified_point_cloud.laz","2018_MLBS_3_537000_4142000_image.tif","Tree",1,537000,537999.999,4142000,4142999.999
"10901",10901,537739.562,537753.339,4142089.023,4142102.463,"Silva","NEON_D07_MLBS_DP1_537000_4142000_classified_point_cloud.laz","2018_MLBS_3_537000_4142000_image.tif","Tree",1,537000,537999.999,4142000,4142999.999
"10902",10902,537706.026,537714.933,4142087.199,4142098.974,"Silva","NEON_D07_MLBS_DP1_537000_4142000_classified_point_cloud.laz","2018_MLBS_3_537000_4142000_image.tif","Tree",1,537000,537999.999,4142000,4142999.999
"10903",10903,537697.065,537706.978,4142085.664,4142098.981,"Silva","NEON_D07_MLBS_DP1_537000_4142000_classified_point_cloud.laz","2018_MLBS_3_537000_4142000_image.tif","Tree",1,537000,537999.999,4142000,4142999.999
"10904",10904,537746.61,537754.956,4142086.022,4142098.441,"Silva","NEON_D07_MLBS_DP1_537000_4142000_classified_point_cloud.laz","2018_MLBS_3_537000_4142000_image.tif","Tree",1,537000,537999.999,4142000,4142999.999
"10905",10905,537728.552,537737.333,4142085.563,4142091.936,"Silva","NEON_D07_MLBS_DP1_537000_4142000_classified_point_cloud.laz","2018_MLBS_3_537000_4142000_image.tif","Tree",1,537000,537999.999,4142000,4142999.999
"10906",10906,537790.529,537800.826,4142020.023,4142028.446,"Silva","NEON_D07_MLBS_DP1_537000_4142000_classified_point_cloud.laz","2018_MLBS_3_537000_4142000_image.tif","Tree",1,537000,537999.999,4142000,4142999.999
"10907",10907,537769.067,537776.476,4142021.125,4142029.988,"Silva","NEON_D07_MLBS_DP1_537000_4142000_classified_point_cloud.laz","2018_MLBS_3_537000_4142000_image.tif","Tree",1,537000,537999.999,4142000,4142999.999
"10908",10908,537760.108,537768.999,4142016.005,4142029.478,"Silva","NEON_D07_MLBS_DP1_537000_4142000_classified_point_cloud.laz","2018_MLBS_3_537000_4142000_image.tif","Tree",1,537000,537999.999,4142000,4142999.999
"10909",10909,537773.629,537782.458,4142022.026,4142033.963,"Silva","NEON_D07_MLBS_DP1_537000_4142000_classified_point_cloud.laz","2018_MLBS_3_537000_4142000_image.tif","Tree",1,537000,537999.999,4142000,4142999.999
"10910",10910,537790.506,537795.483,4142022.568,4142033.743,"Silva","NEON_D07_MLBS_DP1_537000_4142000_classified_point_cloud.laz","2018_MLBS_3_537000_4142000_image.tif","Tree",1,537000,537999.999,4142000,4142999.999
"10911",10911,537783.835,537790.978,4142021.01,4142030.974,"Silva","NEON_D07_MLBS_DP1_537000_4142000_classified_point_cloud.laz","2018_MLBS_3_537000_4142000_image.tif","Tree",1,537000,537999.999,4142000,4142999.999
"10912",10912,537752.509,537761.889,4142023.043,4142030.462,"Silva","NEON_D07_MLBS_DP1_537000_4142000_classified_point_cloud.laz","2018_MLBS_3_537000_4142000_image.tif","Tree",1,537000,537999.999,4142000,4142999.999
"10913",10913,537794.552,537803.991,4142023.028,4142036.393,"Silva","NEON_D07_MLBS_DP1_537000_4142000_classified_point_cloud.laz","2018_MLBS_3_537000_4142000_image.tif","Tree",1,537000,537999.999,4142000,4142999.999
"10914",10914,537778.012,537792.486,4142027.022,4142037.443,"Silva","NEON_D07_MLBS_DP1_537000_4142000_classified_point_cloud.laz","2018_MLBS_3_537000_4142000_image.tif","Tree",1,537000,537999.999,4142000,4142999.999
"10915",10915,537757.536,537763.489,4142029.175,4142035.999,"Silva","NEON_D07_MLBS_DP1_537000_4142000_classified_point_cloud.laz","2018_MLBS_3_537000_4142000_image.tif","Tree",1,537000,537999.999,4142000,4142999.999
"10916",10916,537766.518,537777.837,4142028.518,4142043.365,"Silva","NEON_D07_MLBS_DP1_537000_4142000_classified_point_cloud.laz","2018_MLBS_3_537000_4142000_image.tif","Tree",1,537000,537999.999,4142000,4142999.999
"10917",10917,537757.537,537768.977,4142036.025,4142044.48,"Silva","NEON_D07_MLBS_DP1_537000_4142000_classified_point_cloud.laz","2018_MLBS_3_537000_4142000_image.tif","Tree",1,537000,537999.999,4142000,4142999.999
"10918",10918,537795.528,537810.469,4142035.072,4142048.747,"Silva","NEON_D07_MLBS_DP1_537000_4142000_classified_point_cloud.laz","2018_MLBS_3_537000_4142000_image.tif","Tree",1,537000,537999.999,4142000,4142999.999
"10919",10919,537748.559,537757.958,4142036.041,4142048.963,"Silva","NEON_D07_MLBS_DP1_537000_4142000_classified_point_cloud.laz","2018_MLBS_3_537000_4142000_image.tif","Tree",1,537000,537999.999,4142000,4142999.999
"10920",10920,537783.557,537795.973,4142039.023,4142050.333,"Silva","NEON_D07_MLBS_DP1_537000_4142000_classified_point_cloud.laz","2018_MLBS_3_537000_4142000_image.tif","Tree",1,537000,537999.999,4142000,4142999.999
"10921",10921,537775.547,537784.98,4142043.003,4142050.983,"Silva","NEON_D07_MLBS_DP1_537000_4142000_classified_point_cloud.laz","2018_MLBS_3_537000_4142000_image.tif","Tree",1,537000,537999.999,4142000,4142999.999
"10922",10922,537767.558,537774.774,4142048.113,4142056.96,"Silva","NEON_D07_MLBS_DP1_537000_4142000_classified_point_cloud.laz","2018_MLBS_3_537000_4142000_image.tif","Tree",1,537000,537999.999,4142000,4142999.999
"10923",10923,537759.625,537768.472,4142048.504,4142058.983,"Silva","NEON_D07_MLBS_DP1_537000_4142000_classified_point_cloud.laz","2018_MLBS_3_537000_4142000_image.tif","Tree",1,537000,537999.999,4142000,4142999.999
"10924",10924,537775.099,537783.47,4142051.163,4142060.932,"Silva","NEON_D07_MLBS_DP1_537000_4142000_classified_point_cloud.laz","2018_MLBS_3_537000_4142000_image.tif","Tree",1,537000,537999.999,4142000,4142999.999
"10925",10925,537766.002,537775.467,4142055.508,4142065.448,"Silva","NEON_D07_MLBS_DP1_537000_4142000_classified_point_cloud.laz","2018_MLBS_3_537000_4142000_image.tif","Tree",1,537000,537999.999,4142000,4142999.999
"10926",10926,537801.687,537806.464,4142060.605,4142065.976,"Silva","NEON_D07_MLBS_DP1_537000_4142000_classified_point_cloud.laz","2018_MLBS_3_537000_4142000_image.tif","Tree",1,537000,537999.999,4142000,4142999.999
"10927",10927,537755.029,537768.994,4142057.009,4142068.654,"Silva","NEON_D07_MLBS_DP1_537000_4142000_classified_point_cloud.laz","2018_MLBS_3_537000_4142000_image.tif","Tree",1,537000,537999.999,4142000,4142999.999
"10928",10928,537788.653,537790.393,4142066.522,4142068.998,"Silva","NEON_D07_MLBS_DP1_537000_4142000_classified_point_cloud.laz","2018_MLBS_3_537000_4142000_image.tif","Tree",1,537000,537999.999,4142000,4142999.999
"10929",10929,537771.122,537781.487,4142062.052,4142075.456,"Silva","NEON_D07_MLBS_DP1_537000_4142000_classified_point_cloud.laz","2018_MLBS_3_537000_4142000_image.tif","Tree",1,537000,537999.999,4142000,4142999.999
"10930",10930,537804.52,537811.486,4142067.627,4142074.999,"Silva","NEON_D07_MLBS_DP1_537000_4142000_classified_point_cloud.laz","2018_MLBS_3_537000_4142000_image.tif","Tree",1,537000,537999.999,4142000,4142999.999
"10931",10931,537811.527,537817.497,4142068.108,4142074.318,"Silva","NEON_D07_MLBS_DP1_537000_4142000_classified_point_cloud.laz","2018_MLBS_3_537000_4142000_image.tif","Tree",1,537000,537999.999,4142000,4142999.999
"10932",10932,537799.031,537804.986,4142069.204,4142074.5,"Silva","NEON_D07_MLBS_DP1_537000_4142000_classified_point_cloud.laz","2018_MLBS_3_537000_4142000_image.tif","Tree",1,537000,537999.999,4142000,4142999.999
"10933",10933,537778.021,537783.379,4142066.723,4142073.909,"Silva","NEON_D07_MLBS_DP1_537000_4142000_classified_point_cloud.laz","2018_MLBS_3_537000_4142000_image.tif","Tree",1,537000,537999.999,4142000,4142999.999
"10934",10934,537761.503,537773.48,4142065.007,4142075.99,"Silva","NEON_D07_MLBS_DP1_537000_4142000_classified_point_cloud.laz","2018_MLBS_3_537000_4142000_image.tif","Tree",1,537000,537999.999,4142000,4142999.999
"10935",10935,537751.537,537761.489,4142071.013,4142078.905,"Silva","NEON_D07_MLBS_DP1_537000_4142000_classified_point_cloud.laz","2018_MLBS_3_537000_4142000_image.tif","Tree",1,537000,537999.999,4142000,4142999.999
"10936",10936,537809.1,537813.95,4142080.009,4142084,"Silva","NEON_D07_MLBS_DP1_537000_4142000_classified_point_cloud.laz","2018_MLBS_3_537000_4142000_image.tif","Tree",1,537000,537999.999,4142000,4142999.999
"10937",10937,537756.041,537766.923,4142073.536,4142086.813,"Silva","NEON_D07_MLBS_DP1_537000_4142000_classified_point_cloud.laz","2018_MLBS_3_537000_4142000_image.tif","Tree",1,537000,537999.999,4142000,4142999.999
"10938",10938,537804.115,537809.476,4142080.024,4142085.498,"Silva","NEON_D07_MLBS_DP1_537000_4142000_classified_point_cloud.laz","2018_MLBS_3_537000_4142000_image.tif","Tree",1,537000,537999.999,4142000,4142999.999
"10939",10939,537765.04,537775.492,4142074.562,4142086.831,"Silva","NEON_D07_MLBS_DP1_537000_4142000_classified_point_cloud.laz","2018_MLBS_3_537000_4142000_image.tif","Tree",1,537000,537999.999,4142000,4142999.999
"10940",10940,537797.505,537803.918,4142083.581,4142089.463,"Silva","NEON_D07_MLBS_DP1_537000_4142000_classified_point_cloud.laz","2018_MLBS_3_537000_4142000_image.tif","Tree",1,537000,537999.999,4142000,4142999.999
"10941",10941,537789.536,537797.964,4142083.06,4142089.499,"Silva","NEON_D07_MLBS_DP1_537000_4142000_classified_point_cloud.laz","2018_MLBS_3_537000_4142000_image.tif","Tree",1,537000,537999.999,4142000,4142999.999
"10942",10942,537822.033,537829.982,4142019.002,4142032.821,"Silva","NEON_D07_MLBS_DP1_537000_4142000_classified_point_cloud.laz","2018_MLBS_3_537000_4142000_image.tif","Tree",1,537000,537999.999,4142000,4142999.999
"10943",10943,537819.002,537824.984,4142038.585,4142047.495,"Silva","NEON_D07_MLBS_DP1_537000_4142000_classified_point_cloud.laz","2018_MLBS_3_537000_4142000_image.tif","Tree",1,537000,537999.999,4142000,4142999.999
"10944",10944,537880.502,537884.35,4142047.465,4142050.901,"Silva","NEON_D07_MLBS_DP1_537000_4142000_classified_point_cloud.laz","2018_MLBS_3_537000_4142000_image.tif","Tree",1,537000,537999.999,4142000,4142999.999
"10945",10945,537841.002,537847.941,4142045.63,4142053.979,"Silva","NEON_D07_MLBS_DP1_537000_4142000_classified_point_cloud.laz","2018_MLBS_3_537000_4142000_image.tif","Tree",1,537000,537999.999,4142000,4142999.999
"10946",10946,537862.036,537867.336,4142047.521,4142055.459,"Silva","NEON_D07_MLBS_DP1_537000_4142000_classified_point_cloud.laz","2018_MLBS_3_537000_4142000_image.tif","Tree",1,537000,537999.999,4142000,4142999.999
"10947",10947,537852.535,537862.994,4142048.177,4142057.479,"Silva","NEON_D07_MLBS_DP1_537000_4142000_classified_point_cloud.laz","2018_MLBS_3_537000_4142000_image.tif","Tree",1,537000,537999.999,4142000,4142999.999
"10948",10948,537849.125,537853.491,4142057.153,4142065.462,"Silva","NEON_D07_MLBS_DP1_537000_4142000_classified_point_cloud.laz","2018_MLBS_3_537000_4142000_image.tif","Tree",1,537000,537999.999,4142000,4142999.999
"10949",10949,537869.599,537872.826,4142066.032,4142069.44,"Silva","NEON_D07_MLBS_DP1_537000_4142000_classified_point_cloud.laz","2018_MLBS_3_537000_4142000_image.tif","Tree",1,537000,537999.999,4142000,4142999.999
"10950",10950,537821.124,537827.918,4142064.523,4142070.948,"Silva","NEON_D07_MLBS_DP1_537000_4142000_classified_point_cloud.laz","2018_MLBS_3_537000_4142000_image.tif","Tree",1,537000,537999.999,4142000,4142999.999
"10951",10951,537875.006,537878.184,4142069.623,4142072.783,"Silva","NEON_D07_MLBS_DP1_537000_4142000_classified_point_cloud.laz","2018_MLBS_3_537000_4142000_image.tif","Tree",1,537000,537999.999,4142000,4142999.999
"10952",10952,537867.028,537871.484,4142070.241,4142073.446,"Silva","NEON_D07_MLBS_DP1_537000_4142000_classified_point_cloud.laz","2018_MLBS_3_537000_4142000_image.tif","Tree",1,537000,537999.999,4142000,4142999.999
"10953",10953,537857.525,537863.997,4142074.508,4142077.992,"Silva","NEON_D07_MLBS_DP1_537000_4142000_classified_point_cloud.laz","2018_MLBS_3_537000_4142000_image.tif","Tree",1,537000,537999.999,4142000,4142999.999
"10954",10954,537860.507,537864.961,4142078.007,4142084.89,"Silva","NEON_D07_MLBS_DP1_537000_4142000_classified_point_cloud.laz","2018_MLBS_3_537000_4142000_image.tif","Tree",1,537000,537999.999,4142000,4142999.999
"10955",10955,537814.53,537820.824,4142079.005,4142083.957,"Silva","NEON_D07_MLBS_DP1_537000_4142000_classified_point_cloud.laz","2018_MLBS_3_537000_4142000_image.tif","Tree",1,537000,537999.999,4142000,4142999.999
"10956",10956,537821.666,537829.977,4142078.596,4142086.481,"Silva","NEON_D07_MLBS_DP1_537000_4142000_classified_point_cloud.laz","2018_MLBS_3_537000_4142000_image.tif","Tree",1,537000,537999.999,4142000,4142999.999
"10957",10957,537830.063,537838.469,4142079.538,4142085.973,"Silva","NEON_D07_MLBS_DP1_537000_4142000_classified_point_cloud.laz","2018_MLBS_3_537000_4142000_image.tif","Tree",1,537000,537999.999,4142000,4142999.999
"10958",10958,537869.582,537877.993,4142079.099,4142087.989,"Silva","NEON_D07_MLBS_DP1_537000_4142000_classified_point_cloud.laz","2018_MLBS_3_537000_4142000_image.tif","Tree",1,537000,537999.999,4142000,4142999.999
"10959",10959,537823.581,537830.99,4142082.076,4142093.424,"Silva","NEON_D07_MLBS_DP1_537000_4142000_classified_point_cloud.laz","2018_MLBS_3_537000_4142000_image.tif","Tree",1,537000,537999.999,4142000,4142999.999
"10960",10960,537791.136,537797.412,4142152.633,4142155.372,"Silva","NEON_D07_MLBS_DP1_537000_4142000_classified_point_cloud.laz","2018_MLBS_3_537000_4142000_image.tif","Tree",1,537000,537999.999,4142000,4142999.999
"10961",10961,537800.544,537810.442,4142147.044,4142155.938,"Silva","NEON_D07_MLBS_DP1_537000_4142000_classified_point_cloud.laz","2018_MLBS_3_537000_4142000_image.tif","Tree",1,537000,537999.999,4142000,4142999.999
"10962",10962,537765.52,537776.468,4142143.513,4142152.387,"Silva","NEON_D07_MLBS_DP1_537000_4142000_classified_point_cloud.laz","2018_MLBS_3_537000_4142000_image.tif","Tree",1,537000,537999.999,4142000,4142999.999
"10963",10963,537752.594,537763.307,4142144.628,4142155.92,"Silva","NEON_D07_MLBS_DP1_537000_4142000_classified_point_cloud.laz","2018_MLBS_3_537000_4142000_image.tif","Tree",1,537000,537999.999,4142000,4142999.999
"10964",10964,537808.51,537815.497,4142145.017,4142154.981,"Silva","NEON_D07_MLBS_DP1_537000_4142000_classified_point_cloud.laz","2018_MLBS_3_537000_4142000_image.tif","Tree",1,537000,537999.999,4142000,4142999.999
"10965",10965,537798.106,537803.437,4142144.692,4142148.342,"Silva","NEON_D07_MLBS_DP1_537000_4142000_classified_point_cloud.laz","2018_MLBS_3_537000_4142000_image.tif","Tree",1,537000,537999.999,4142000,4142999.999
"10966",10966,537791.019,537795.874,4142142.089,4142146.125,"Silva","NEON_D07_MLBS_DP1_537000_4142000_classified_point_cloud.laz","2018_MLBS_3_537000_4142000_image.tif","Tree",1,537000,537999.999,4142000,4142999.999
"10967",10967,537808.005,537808.487,4142140.577,4142141.232,"Silva","NEON_D07_MLBS_DP1_537000_4142000_classified_point_cloud.laz","2018_MLBS_3_537000_4142000_image.tif","Tree",1,537000,537999.999,4142000,4142999.999
"10968",10968,537753.531,537760.487,4142130.834,4142141.48,"Silva","NEON_D07_MLBS_DP1_537000_4142000_classified_point_cloud.laz","2018_MLBS_3_537000_4142000_image.tif","Tree",1,537000,537999.999,4142000,4142999.999
"10969",10969,537768.629,537769.999,4142132.005,4142136.346,"Silva","NEON_D07_MLBS_DP1_537000_4142000_classified_point_cloud.laz","2018_MLBS_3_537000_4142000_image.tif","Tree",1,537000,537999.999,4142000,4142999.999
"10970",10970,537760.073,537767.432,4142130.603,4142142.419,"Silva","NEON_D07_MLBS_DP1_537000_4142000_classified_point_cloud.laz","2018_MLBS_3_537000_4142000_image.tif","Tree",1,537000,537999.999,4142000,4142999.999
"10971",10971,537800.548,537803.816,4142137.024,4142139.921,"Silva","NEON_D07_MLBS_DP1_537000_4142000_classified_point_cloud.laz","2018_MLBS_3_537000_4142000_image.tif","Tree",1,537000,537999.999,4142000,4142999.999
"10972",10972,537793.046,537796.495,4142136.514,4142139.348,"Silva","NEON_D07_MLBS_DP1_537000_4142000_classified_point_cloud.laz","2018_MLBS_3_537000_4142000_image.tif","Tree",1,537000,537999.999,4142000,4142999.999
"10973",10973,537785.695,537789.908,4142128.591,4142131.981,"Silva","NEON_D07_MLBS_DP1_537000_4142000_classified_point_cloud.laz","2018_MLBS_3_537000_4142000_image.tif","Tree",1,537000,537999.999,4142000,4142999.999
"10974",10974,537796.535,537798.982,4142129.01,4142133.876,"Silva","NEON_D07_MLBS_DP1_537000_4142000_classified_point_cloud.laz","2018_MLBS_3_537000_4142000_image.tif","Tree",1,537000,537999.999,4142000,4142999.999
"10975",10975,537798.656,537803.661,4142129.006,4142133.996,"Silva","NEON_D07_MLBS_DP1_537000_4142000_classified_point_cloud.laz","2018_MLBS_3_537000_4142000_image.tif","Tree",1,537000,537999.999,4142000,4142999.999
"10976",10976,537761.502,537768.45,4142119.542,4142130.826,"Silva","NEON_D07_MLBS_DP1_537000_4142000_classified_point_cloud.laz","2018_MLBS_3_537000_4142000_image.tif","Tree",1,537000,537999.999,4142000,4142999.999
"10977",10977,537807.003,537811.989,4142123.13,4142129.976,"Silva","NEON_D07_MLBS_DP1_537000_4142000_classified_point_cloud.laz","2018_MLBS_3_537000_4142000_image.tif","Tree",1,537000,537999.999,4142000,4142999.999
"10978",10978,537765.554,537770.491,4142119.002,4142129.402,"Silva","NEON_D07_MLBS_DP1_537000_4142000_classified_point_cloud.laz","2018_MLBS_3_537000_4142000_image.tif","Tree",1,537000,537999.999,4142000,4142999.999
"10979",10979,537770.027,537776.708,4142120.052,4142126.482,"Silva","NEON_D07_MLBS_DP1_537000_4142000_classified_point_cloud.laz","2018_MLBS_3_537000_4142000_image.tif","Tree",1,537000,537999.999,4142000,4142999.999
"10980",10980,537794.253,537798.997,4142114.823,4142119.758,"Silva","NEON_D07_MLBS_DP1_537000_4142000_classified_point_cloud.laz","2018_MLBS_3_537000_4142000_image.tif","Tree",1,537000,537999.999,4142000,4142999.999
"10981",10981,537799.05,537803.888,4142115.525,4142119.495,"Silva","NEON_D07_MLBS_DP1_537000_4142000_classified_point_cloud.laz","2018_MLBS_3_537000_4142000_image.tif","Tree",1,537000,537999.999,4142000,4142999.999
"10982",10982,537796.504,537802.364,4142110.002,4142116.49,"Silva","NEON_D07_MLBS_DP1_537000_4142000_classified_point_cloud.laz","2018_MLBS_3_537000_4142000_image.tif","Tree",1,537000,537999.999,4142000,4142999.999
"10983",10983,537776.731,537785.304,4142110.11,4142117.425,"Silva","NEON_D07_MLBS_DP1_537000_4142000_classified_point_cloud.laz","2018_MLBS_3_537000_4142000_image.tif","Tree",1,537000,537999.999,4142000,4142999.999
"10984",10984,537803.528,537808.981,4142111.508,4142118.497,"Silva","NEON_D07_MLBS_DP1_537000_4142000_classified_point_cloud.laz","2018_MLBS_3_537000_4142000_image.tif","Tree",1,537000,537999.999,4142000,4142999.999
"10985",10985,537807.551,537813.951,4142111.004,4142118.934,"Silva","NEON_D07_MLBS_DP1_537000_4142000_classified_point_cloud.laz","2018_MLBS_3_537000_4142000_image.tif","Tree",1,537000,537999.999,4142000,4142999.999
"10986",10986,537787.56,537797.864,4142106.52,4142112.881,"Silva","NEON_D07_MLBS_DP1_537000_4142000_classified_point_cloud.laz","2018_MLBS_3_537000_4142000_image.tif","Tree",1,537000,537999.999,4142000,4142999.999
"10987",10987,537774.07,537777.471,4142106.707,4142110.225,"Silva","NEON_D07_MLBS_DP1_537000_4142000_classified_point_cloud.laz","2018_MLBS_3_537000_4142000_image.tif","Tree",1,537000,537999.999,4142000,4142999.999
"10988",10988,537752.8,537761.448,4142099.126,4142108.993,"Silva","NEON_D07_MLBS_DP1_537000_4142000_classified_point_cloud.laz","2018_MLBS_3_537000_4142000_image.tif","Tree",1,537000,537999.999,4142000,4142999.999
"10989",10989,537753.577,537764.788,4142094.071,4142103.459,"Silva","NEON_D07_MLBS_DP1_537000_4142000_classified_point_cloud.laz","2018_MLBS_3_537000_4142000_image.tif","Tree",1,537000,537999.999,4142000,4142999.999
"10990",10990,537776.54,537783.924,4142096.538,4142104.939,"Silva","NEON_D07_MLBS_DP1_537000_4142000_classified_point_cloud.laz","2018_MLBS_3_537000_4142000_image.tif","Tree",1,537000,537999.999,4142000,4142999.999
"10991",10991,537763.604,537769.379,4142093.627,4142102.707,"Silva","NEON_D07_MLBS_DP1_537000_4142000_classified_point_cloud.laz","2018_MLBS_3_537000_4142000_image.tif","Tree",1,537000,537999.999,4142000,4142999.999
"10992",10992,537768.512,537776.958,4142096.181,4142100.432,"Silva","NEON_D07_MLBS_DP1_537000_4142000_classified_point_cloud.laz","2018_MLBS_3_537000_4142000_image.tif","Tree",1,537000,537999.999,4142000,4142999.999
"10993",10993,537795.015,537802.498,4142092.537,4142098.851,"Silva","NEON_D07_MLBS_DP1_537000_4142000_classified_point_cloud.laz","2018_MLBS_3_537000_4142000_image.tif","Tree",1,537000,537999.999,4142000,4142999.999
"10994",10994,537782.705,537790.975,4142084.893,4142091.994,"Silva","NEON_D07_MLBS_DP1_537000_4142000_classified_point_cloud.laz","2018_MLBS_3_537000_4142000_image.tif","Tree",1,537000,537999.999,4142000,4142999.999
"10995",10995,537795.517,537801.965,4142088.014,4142094.475,"Silva","NEON_D07_MLBS_DP1_537000_4142000_classified_point_cloud.laz","2018_MLBS_3_537000_4142000_image.tif","Tree",1,537000,537999.999,4142000,4142999.999
"10996",10996,537791.065,537795.987,4142089.002,4142095.262,"Silva","NEON_D07_MLBS_DP1_537000_4142000_classified_point_cloud.laz","2018_MLBS_3_537000_4142000_image.tif","Tree",1,537000,537999.999,4142000,4142999.999
"10997",10997,537754.022,537765.698,4142083.55,4142098.479,"Silva","NEON_D07_MLBS_DP1_537000_4142000_classified_point_cloud.laz","2018_MLBS_3_537000_4142000_image.tif","Tree",1,537000,537999.999,4142000,4142999.999
"10998",10998,537835.112,537846.347,4142142.067,4142153.351,"Silva","NEON_D07_MLBS_DP1_537000_4142000_classified_point_cloud.laz","2018_MLBS_3_537000_4142000_image.tif","Tree",1,537000,537999.999,4142000,4142999.999
"10999",10999,537876.008,537882.461,4142146.573,4142154.993,"Silva","NEON_D07_MLBS_DP1_537000_4142000_classified_point_cloud.laz","2018_MLBS_3_537000_4142000_image.tif","Tree",1,537000,537999.999,4142000,4142999.999
"11000",11000,537869.006,537876.419,4142142.088,4142148.978,"Silva","NEON_D07_MLBS_DP1_537000_4142000_classified_point_cloud.laz","2018_MLBS_3_537000_4142000_image.tif","Tree",1,537000,537999.999,4142000,4142999.999
"11001",11001,537860.647,537866.985,4142134.72,4142145.484,"Silva","NEON_D07_MLBS_DP1_537000_4142000_classified_point_cloud.laz","2018_MLBS_3_537000_4142000_image.tif","Tree",1,537000,537999.999,4142000,4142999.999
"11002",11002,537866.189,537875.78,4142134.654,4142143.444,"Silva","NEON_D07_MLBS_DP1_537000_4142000_classified_point_cloud.laz","2018_MLBS_3_537000_4142000_image.tif","Tree",1,537000,537999.999,4142000,4142999.999
"11003",11003,537843.675,537853.431,4142130.776,4142142.49,"Silva","NEON_D07_MLBS_DP1_537000_4142000_classified_point_cloud.laz","2018_MLBS_3_537000_4142000_image.tif","Tree",1,537000,537999.999,4142000,4142999.999
"11004",11004,537827.025,537828.486,4142128.609,4142132.402,"Silva","NEON_D07_MLBS_DP1_537000_4142000_classified_point_cloud.laz","2018_MLBS_3_537000_4142000_image.tif","Tree",1,537000,537999.999,4142000,4142999.999
"11005",11005,537836.5,537846.465,4142127.028,4142136.5,"Silva","NEON_D07_MLBS_DP1_537000_4142000_classified_point_cloud.laz","2018_MLBS_3_537000_4142000_image.tif","Tree",1,537000,537999.999,4142000,4142999.999
"11006",11006,537818.523,537827.421,4142120.059,4142128.499,"Silva","NEON_D07_MLBS_DP1_537000_4142000_classified_point_cloud.laz","2018_MLBS_3_537000_4142000_image.tif","Tree",1,537000,537999.999,4142000,4142999.999
"11007",11007,537833.001,537839.902,4142125.043,4142129.925,"Silva","NEON_D07_MLBS_DP1_537000_4142000_classified_point_cloud.laz","2018_MLBS_3_537000_4142000_image.tif","Tree",1,537000,537999.999,4142000,4142999.999
"11008",11008,537878.68,537884.414,4142120.524,4142126.391,"Silva","NEON_D07_MLBS_DP1_537000_4142000_classified_point_cloud.laz","2018_MLBS_3_537000_4142000_image.tif","Tree",1,537000,537999.999,4142000,4142999.999
"11009",11009,537865.06,537871.855,4142121.355,4142125.844,"Silva","NEON_D07_MLBS_DP1_537000_4142000_classified_point_cloud.laz","2018_MLBS_3_537000_4142000_image.tif","Tree",1,537000,537999.999,4142000,4142999.999
"11010",11010,537825.595,537830.267,4142116.62,4142120.943,"Silva","NEON_D07_MLBS_DP1_537000_4142000_classified_point_cloud.laz","2018_MLBS_3_537000_4142000_image.tif","Tree",1,537000,537999.999,4142000,4142999.999
"11011",11011,537849.049,537851.679,4142119.031,4142120.833,"Silva","NEON_D07_MLBS_DP1_537000_4142000_classified_point_cloud.laz","2018_MLBS_3_537000_4142000_image.tif","Tree",1,537000,537999.999,4142000,4142999.999
"11012",11012,537877.512,537882.785,4142117.093,4142121.914,"Silva","NEON_D07_MLBS_DP1_537000_4142000_classified_point_cloud.laz","2018_MLBS_3_537000_4142000_image.tif","Tree",1,537000,537999.999,4142000,4142999.999
"11013",11013,537856.612,537861.663,4142113.838,4142116.726,"Silva","NEON_D07_MLBS_DP1_537000_4142000_classified_point_cloud.laz","2018_MLBS_3_537000_4142000_image.tif","Tree",1,537000,537999.999,4142000,4142999.999
"11014",11014,537833.503,537837.778,4142111.524,4142114.926,"Silva","NEON_D07_MLBS_DP1_537000_4142000_classified_point_cloud.laz","2018_MLBS_3_537000_4142000_image.tif","Tree",1,537000,537999.999,4142000,4142999.999
"11015",11015,537865.525,537868.484,4142107.516,4142110.458,"Silva","NEON_D07_MLBS_DP1_537000_4142000_classified_point_cloud.laz","2018_MLBS_3_537000_4142000_image.tif","Tree",1,537000,537999.999,4142000,4142999.999
"11016",11016,537850.558,537858.496,4142106.505,4142114.293,"Silva","NEON_D07_MLBS_DP1_537000_4142000_classified_point_cloud.laz","2018_MLBS_3_537000_4142000_image.tif","Tree",1,537000,537999.999,4142000,4142999.999
"11017",11017,537818.54,537819.424,4142108.654,4142110.635,"Silva","NEON_D07_MLBS_DP1_537000_4142000_classified_point_cloud.laz","2018_MLBS_3_537000_4142000_image.tif","Tree",1,537000,537999.999,4142000,4142999.999
"11018",11018,537855.541,537866.469,4142100.172,4142107.368,"Silva","NEON_D07_MLBS_DP1_537000_4142000_classified_point_cloud.laz","2018_MLBS_3_537000_4142000_image.tif","Tree",1,537000,537999.999,4142000,4142999.999
"11019",11019,537865.048,537873.446,4142096.514,4142107.999,"Silva","NEON_D07_MLBS_DP1_537000_4142000_classified_point_cloud.laz","2018_MLBS_3_537000_4142000_image.tif","Tree",1,537000,537999.999,4142000,4142999.999
"11020",11020,537825.005,537828.433,4142096.575,4142100.463,"Silva","NEON_D07_MLBS_DP1_537000_4142000_classified_point_cloud.laz","2018_MLBS_3_537000_4142000_image.tif","Tree",1,537000,537999.999,4142000,4142999.999
"11021",11021,537881.782,537882.342,4142091.512,4142091.87,"Silva","NEON_D07_MLBS_DP1_537000_4142000_classified_point_cloud.laz","2018_MLBS_3_537000_4142000_image.tif","Tree",1,537000,537999.999,4142000,4142999.999
"11022",11022,537836.014,537840.973,4142088.386,4142092.931,"Silva","NEON_D07_MLBS_DP1_537000_4142000_classified_point_cloud.laz","2018_MLBS_3_537000_4142000_image.tif","Tree",1,537000,537999.999,4142000,4142999.999
"11023",11023,537869.863,537871.977,4142095.573,4142098.401,"Silva","NEON_D07_MLBS_DP1_537000_4142000_classified_point_cloud.laz","2018_MLBS_3_537000_4142000_image.tif","Tree",1,537000,537999.999,4142000,4142999.999
"11024",11024,537851.582,537860.432,4142091.08,4142100.945,"Silva","NEON_D07_MLBS_DP1_537000_4142000_classified_point_cloud.laz","2018_MLBS_3_537000_4142000_image.tif","Tree",1,537000,537999.999,4142000,4142999.999
"11025",11025,537839.506,537841.916,4142093.644,4142098.413,"Silva","NEON_D07_MLBS_DP1_537000_4142000_classified_point_cloud.laz","2018_MLBS_3_537000_4142000_image.tif","Tree",1,537000,537999.999,4142000,4142999.999
"11026",11026,537506.517,537513.845,4142181.767,4142187.98,"Silva","NEON_D07_MLBS_DP1_537000_4142000_classified_point_cloud.laz","2018_MLBS_3_537000_4142000_image.tif","Tree",1,537000,537999.999,4142000,4142999.999
"11027",11027,537501.561,537505.656,4142181.097,4142184,"Silva","NEON_D07_MLBS_DP1_537000_4142000_classified_point_cloud.laz","2018_MLBS_3_537000_4142000_image.tif","Tree",1,537000,537999.999,4142000,4142999.999
"11028",11028,537542.02,537550.387,4142175.516,4142188.897,"Silva","NEON_D07_MLBS_DP1_537000_4142000_classified_point_cloud.laz","2018_MLBS_3_537000_4142000_image.tif","Tree",1,537000,537999.999,4142000,4142999.999
"11029",11029,537512.542,537519.246,4142180.025,4142186.472,"Silva","NEON_D07_MLBS_DP1_537000_4142000_classified_point_cloud.laz","2018_MLBS_3_537000_4142000_image.tif","Tree",1,537000,537999.999,4142000,4142999.999
"11030",11030,537530.666,537539.462,4142175.53,4142180.392,"Silva","NEON_D07_MLBS_DP1_537000_4142000_classified_point_cloud.laz","2018_MLBS_3_537000_4142000_image.tif","Tree",1,537000,537999.999,4142000,4142999.999
"11031",11031,537548.021,537554.474,4142172.585,4142186.998,"Silva","NEON_D07_MLBS_DP1_537000_4142000_classified_point_cloud.laz","2018_MLBS_3_537000_4142000_image.tif","Tree",1,537000,537999.999,4142000,4142999.999
"11032",11032,537514.003,537525.981,4142167.35,4142179.956,"Silva","NEON_D07_MLBS_DP1_537000_4142000_classified_point_cloud.laz","2018_MLBS_3_537000_4142000_image.tif","Tree",1,537000,537999.999,4142000,4142999.999
"11033",11033,537524.021,537533.918,4142169.163,4142179.498,"Silva","NEON_D07_MLBS_DP1_537000_4142000_classified_point_cloud.laz","2018_MLBS_3_537000_4142000_image.tif","Tree",1,537000,537999.999,4142000,4142999.999
"11034",11034,537531.73,537540.468,4142166.558,4142175.999,"Silva","NEON_D07_MLBS_DP1_537000_4142000_classified_point_cloud.laz","2018_MLBS_3_537000_4142000_image.tif","Tree",1,537000,537999.999,4142000,4142999.999
"11035",11035,537539.055,537550.452,4142165.117,4142175.995,"Silva","NEON_D07_MLBS_DP1_537000_4142000_classified_point_cloud.laz","2018_MLBS_3_537000_4142000_image.tif","Tree",1,537000,537999.999,4142000,4142999.999
"11036",11036,537540.582,537549.431,4142160.602,4142167.484,"Silva","NEON_D07_MLBS_DP1_537000_4142000_classified_point_cloud.laz","2018_MLBS_3_537000_4142000_image.tif","Tree",1,537000,537999.999,4142000,4142999.999
"11037",11037,537548.515,537557.488,4142158.013,4142168.874,"Silva","NEON_D07_MLBS_DP1_537000_4142000_classified_point_cloud.laz","2018_MLBS_3_537000_4142000_image.tif","Tree",1,537000,537999.999,4142000,4142999.999
"11038",11038,537497.033,537506.423,4142154.506,4142164.215,"Silva","NEON_D07_MLBS_DP1_537000_4142000_classified_point_cloud.laz","2018_MLBS_3_537000_4142000_image.tif","Tree",1,537000,537999.999,4142000,4142999.999
"11039",11039,537514.003,537525.483,4142153.09,4142166.963,"Silva","NEON_D07_MLBS_DP1_537000_4142000_classified_point_cloud.laz","2018_MLBS_3_537000_4142000_image.tif","Tree",1,537000,537999.999,4142000,4142999.999
"11040",11040,537504.659,537514.367,4142151.502,4142164.493,"Silva","NEON_D07_MLBS_DP1_537000_4142000_classified_point_cloud.laz","2018_MLBS_3_537000_4142000_image.tif","Tree",1,537000,537999.999,4142000,4142999.999
"11041",11041,537499.548,537506.999,4142183.637,4142190.455,"Silva","NEON_D07_MLBS_DP1_537000_4142000_classified_point_cloud.laz","2018_MLBS_3_537000_4142000_image.tif","Tree",1,537000,537999.999,4142000,4142999.999
"11042",11042,537524.635,537530.837,4142185.076,4142193.968,"Silva","NEON_D07_MLBS_DP1_537000_4142000_classified_point_cloud.laz","2018_MLBS_3_537000_4142000_image.tif","Tree",1,537000,537999.999,4142000,4142999.999
"11043",11043,537513.001,537515.83,4142191.232,4142193.951,"Silva","NEON_D07_MLBS_DP1_537000_4142000_classified_point_cloud.laz","2018_MLBS_3_537000_4142000_image.tif","Tree",1,537000,537999.999,4142000,4142999.999
"11044",11044,537515.927,537522.467,4142190.073,4142197.434,"Silva","NEON_D07_MLBS_DP1_537000_4142000_classified_point_cloud.laz","2018_MLBS_3_537000_4142000_image.tif","Tree",1,537000,537999.999,4142000,4142999.999
"11045",11045,537541.524,537547.97,4142188.504,4142197.947,"Silva","NEON_D07_MLBS_DP1_537000_4142000_classified_point_cloud.laz","2018_MLBS_3_537000_4142000_image.tif","Tree",1,537000,537999.999,4142000,4142999.999
"11046",11046,537514.085,537518.484,4142196.781,4142201.487,"Silva","NEON_D07_MLBS_DP1_537000_4142000_classified_point_cloud.laz","2018_MLBS_3_537000_4142000_image.tif","Tree",1,537000,537999.999,4142000,4142999.999
"11047",11047,537522.068,537530.477,4142195.641,4142204.43,"Silva","NEON_D07_MLBS_DP1_537000_4142000_classified_point_cloud.laz","2018_MLBS_3_537000_4142000_image.tif","Tree",1,537000,537999.999,4142000,4142999.999
"11048",11048,537524.616,537535.247,4142197.307,4142206.963,"Silva","NEON_D07_MLBS_DP1_537000_4142000_classified_point_cloud.laz","2018_MLBS_3_537000_4142000_image.tif","Tree",1,537000,537999.999,4142000,4142999.999
"11049",11049,537507.852,537513.474,4142202.031,4142208.476,"Silva","NEON_D07_MLBS_DP1_537000_4142000_classified_point_cloud.laz","2018_MLBS_3_537000_4142000_image.tif","Tree",1,537000,537999.999,4142000,4142999.999
"11050",11050,537519.595,537523.992,4142204.356,4142211.94,"Silva","NEON_D07_MLBS_DP1_537000_4142000_classified_point_cloud.laz","2018_MLBS_3_537000_4142000_image.tif","Tree",1,537000,537999.999,4142000,4142999.999
"11051",11051,537503.349,537511.436,4142210.097,4142215.325,"Silva","NEON_D07_MLBS_DP1_537000_4142000_classified_point_cloud.laz","2018_MLBS_3_537000_4142000_image.tif","Tree",1,537000,537999.999,4142000,4142999.999
"11052",11052,537525.509,537527.982,4142211.512,4142215.92,"Silva","NEON_D07_MLBS_DP1_537000_4142000_classified_point_cloud.laz","2018_MLBS_3_537000_4142000_image.tif","Tree",1,537000,537999.999,4142000,4142999.999
"11053",11053,537520.001,537522.357,4142212.249,4142215.954,"Silva","NEON_D07_MLBS_DP1_537000_4142000_classified_point_cloud.laz","2018_MLBS_3_537000_4142000_image.tif","Tree",1,537000,537999.999,4142000,4142999.999
"11054",11054,537591.164,537600.498,4142184.549,4142194.995,"Silva","NEON_D07_MLBS_DP1_537000_4142000_classified_point_cloud.laz","2018_MLBS_3_537000_4142000_image.tif","Tree",1,537000,537999.999,4142000,4142999.999
"11055",11055,537553.006,537562.884,4142180.057,4142188.205,"Silva","NEON_D07_MLBS_DP1_537000_4142000_classified_point_cloud.laz","2018_MLBS_3_537000_4142000_image.tif","Tree",1,537000,537999.999,4142000,4142999.999
"11056",11056,537597.004,537605.959,4142177.083,4142188.422,"Silva","NEON_D07_MLBS_DP1_537000_4142000_classified_point_cloud.laz","2018_MLBS_3_537000_4142000_image.tif","Tree",1,537000,537999.999,4142000,4142999.999
"11057",11057,537569.04,537579.462,4142173.521,4142186.476,"Silva","NEON_D07_MLBS_DP1_537000_4142000_classified_point_cloud.laz","2018_MLBS_3_537000_4142000_image.tif","Tree",1,537000,537999.999,4142000,4142999.999
"11058",11058,537552.121,537560.279,4142173.004,4142182.959,"Silva","NEON_D07_MLBS_DP1_537000_4142000_classified_point_cloud.laz","2018_MLBS_3_537000_4142000_image.tif","Tree",1,537000,537999.999,4142000,4142999.999
"11059",11059,537559.518,537569.955,4142172.034,4142182.118,"Silva","NEON_D07_MLBS_DP1_537000_4142000_classified_point_cloud.laz","2018_MLBS_3_537000_4142000_image.tif","Tree",1,537000,537999.999,4142000,4142999.999
"11060",11060,537575.613,537585.933,4142170.513,4142176.769,"Silva","NEON_D07_MLBS_DP1_537000_4142000_classified_point_cloud.laz","2018_MLBS_3_537000_4142000_image.tif","Tree",1,537000,537999.999,4142000,4142999.999
"11061",11061,537561.525,537575.47,4142165.011,4142175.907,"Silva","NEON_D07_MLBS_DP1_537000_4142000_classified_point_cloud.laz","2018_MLBS_3_537000_4142000_image.tif","Tree",1,537000,537999.999,4142000,4142999.999
"11062",11062,537597.018,537607.48,4142164.511,4142177.474,"Silva","NEON_D07_MLBS_DP1_537000_4142000_classified_point_cloud.laz","2018_MLBS_3_537000_4142000_image.tif","Tree",1,537000,537999.999,4142000,4142999.999
"11063",11063,537550.099,537563.453,4142163.007,4142173.497,"Silva","NEON_D07_MLBS_DP1_537000_4142000_classified_point_cloud.laz","2018_MLBS_3_537000_4142000_image.tif","Tree",1,537000,537999.999,4142000,4142999.999
"11064",11064,537587.514,537597.999,4142163.001,4142170.48,"Silva","NEON_D07_MLBS_DP1_537000_4142000_classified_point_cloud.laz","2018_MLBS_3_537000_4142000_image.tif","Tree",1,537000,537999.999,4142000,4142999.999
"11065",11065,537602.513,537613.803,4142161.53,4142173.314,"Silva","NEON_D07_MLBS_DP1_537000_4142000_classified_point_cloud.laz","2018_MLBS_3_537000_4142000_image.tif","Tree",1,537000,537999.999,4142000,4142999.999
"11066",11066,537569.005,537576.497,4142159.502,4142171.3,"Silva","NEON_D07_MLBS_DP1_537000_4142000_classified_point_cloud.laz","2018_MLBS_3_537000_4142000_image.tif","Tree",1,537000,537999.999,4142000,4142999.999
"11067",11067,537576.006,537583.354,4142158.675,4142170.702,"Silva","NEON_D07_MLBS_DP1_537000_4142000_classified_point_cloud.laz","2018_MLBS_3_537000_4142000_image.tif","Tree",1,537000,537999.999,4142000,4142999.999
"11068",11068,537608.577,537620.486,4142158.099,4142170.663,"Silva","NEON_D07_MLBS_DP1_537000_4142000_classified_point_cloud.laz","2018_MLBS_3_537000_4142000_image.tif","Tree",1,537000,537999.999,4142000,4142999.999
"11069",11069,537584.5,537595.987,4142156.054,4142164.984,"Silva","NEON_D07_MLBS_DP1_537000_4142000_classified_point_cloud.laz","2018_MLBS_3_537000_4142000_image.tif","Tree",1,537000,537999.999,4142000,4142999.999
"11070",11070,537550.5,537561.977,4142155.022,4142163.486,"Silva","NEON_D07_MLBS_DP1_537000_4142000_classified_point_cloud.laz","2018_MLBS_3_537000_4142000_image.tif","Tree",1,537000,537999.999,4142000,4142999.999
"11071",11071,537561.567,537571.945,4142151.034,4142165.444,"Silva","NEON_D07_MLBS_DP1_537000_4142000_classified_point_cloud.laz","2018_MLBS_3_537000_4142000_image.tif","Tree",1,537000,537999.999,4142000,4142999.999
"11072",11072,537580.547,537590.878,4142153.277,4142162.29,"Silva","NEON_D07_MLBS_DP1_537000_4142000_classified_point_cloud.laz","2018_MLBS_3_537000_4142000_image.tif","Tree",1,537000,537999.999,4142000,4142999.999
"11073",11073,537615.021,537618.983,4142191.092,4142194.966,"Silva","NEON_D07_MLBS_DP1_537000_4142000_classified_point_cloud.laz","2018_MLBS_3_537000_4142000_image.tif","Tree",1,537000,537999.999,4142000,4142999.999
"11074",11074,537563.543,537571.969,4142186.533,4142192.969,"Silva","NEON_D07_MLBS_DP1_537000_4142000_classified_point_cloud.laz","2018_MLBS_3_537000_4142000_image.tif","Tree",1,537000,537999.999,4142000,4142999.999
"11075",11075,537559.096,537567.483,4142188.845,4142197.821,"Silva","NEON_D07_MLBS_DP1_537000_4142000_classified_point_cloud.laz","2018_MLBS_3_537000_4142000_image.tif","Tree",1,537000,537999.999,4142000,4142999.999
"11076",11076,537579.01,537586.992,4142196.734,4142201.475,"Silva","NEON_D07_MLBS_DP1_537000_4142000_classified_point_cloud.laz","2018_MLBS_3_537000_4142000_image.tif","Tree",1,537000,537999.999,4142000,4142999.999
"11077",11077,537595.003,537603.692,4142195.213,4142204.472,"Silva","NEON_D07_MLBS_DP1_537000_4142000_classified_point_cloud.laz","2018_MLBS_3_537000_4142000_image.tif","Tree",1,537000,537999.999,4142000,4142999.999
"11078",11078,537562.523,537573.944,4142208.564,4142220.319,"Silva","NEON_D07_MLBS_DP1_537000_4142000_classified_point_cloud.laz","2018_MLBS_3_537000_4142000_image.tif","Tree",1,537000,537999.999,4142000,4142999.999
"11079",11079,537502.559,537510.498,4142280.23,4142286.465,"Silva","NEON_D07_MLBS_DP1_537000_4142000_classified_point_cloud.laz","2018_MLBS_3_537000_4142000_image.tif","Tree",1,537000,537999.999,4142000,4142999.999
"11080",11080,537510.521,537519.306,4142279.097,4142288.973,"Silva","NEON_D07_MLBS_DP1_537000_4142000_classified_point_cloud.laz","2018_MLBS_3_537000_4142000_image.tif","Tree",1,537000,537999.999,4142000,4142999.999
"11081",11081,537528.045,537541.479,4142278.084,4142287.479,"Silva","NEON_D07_MLBS_DP1_537000_4142000_classified_point_cloud.laz","2018_MLBS_3_537000_4142000_image.tif","Tree",1,537000,537999.999,4142000,4142999.999
"11082",11082,537512.11,537522.713,4142275.533,4142283.398,"Silva","NEON_D07_MLBS_DP1_537000_4142000_classified_point_cloud.laz","2018_MLBS_3_537000_4142000_image.tif","Tree",1,537000,537999.999,4142000,4142999.999
"11083",11083,537525.128,537532.864,4142271.607,4142281.301,"Silva","NEON_D07_MLBS_DP1_537000_4142000_classified_point_cloud.laz","2018_MLBS_3_537000_4142000_image.tif","Tree",1,537000,537999.999,4142000,4142999.999
"11084",11084,537497.607,537504.472,4142271.515,4142277.183,"Silva","NEON_D07_MLBS_DP1_537000_4142000_classified_point_cloud.laz","2018_MLBS_3_537000_4142000_image.tif","Tree",1,537000,537999.999,4142000,4142999.999
"11085",11085,537532.52,537540.496,4142271.013,4142280.379,"Silva","NEON_D07_MLBS_DP1_537000_4142000_classified_point_cloud.laz","2018_MLBS_3_537000_4142000_image.tif","Tree",1,537000,537999.999,4142000,4142999.999
"11086",11086,537514.503,537521.958,4142271.054,4142276.901,"Silva","NEON_D07_MLBS_DP1_537000_4142000_classified_point_cloud.laz","2018_MLBS_3_537000_4142000_image.tif","Tree",1,537000,537999.999,4142000,4142999.999
"11087",11087,537498.074,537506.482,4142265.582,4142271.964,"Silva","NEON_D07_MLBS_DP1_537000_4142000_classified_point_cloud.laz","2018_MLBS_3_537000_4142000_image.tif","Tree",1,537000,537999.999,4142000,4142999.999
"11088",11088,537537.503,537547.444,4142264.005,4142272.931,"Silva","NEON_D07_MLBS_DP1_537000_4142000_classified_point_cloud.laz","2018_MLBS_3_537000_4142000_image.tif","Tree",1,537000,537999.999,4142000,4142999.999
"11089",11089,537500.736,537504.978,4142261.862,4142265.894,"Silva","NEON_D07_MLBS_DP1_537000_4142000_classified_point_cloud.laz","2018_MLBS_3_537000_4142000_image.tif","Tree",1,537000,537999.999,4142000,4142999.999
"11090",11090,537510.047,537515.494,4142262.576,4142266.952,"Silva","NEON_D07_MLBS_DP1_537000_4142000_classified_point_cloud.laz","2018_MLBS_3_537000_4142000_image.tif","Tree",1,537000,537999.999,4142000,4142999.999
"11091",11091,537505.015,537510.478,4142260.65,4142267.999,"Silva","NEON_D07_MLBS_DP1_537000_4142000_classified_point_cloud.laz","2018_MLBS_3_537000_4142000_image.tif","Tree",1,537000,537999.999,4142000,4142999.999
"11092",11092,537523.553,537524.919,4142263.598,4142264.888,"Silva","NEON_D07_MLBS_DP1_537000_4142000_classified_point_cloud.laz","2018_MLBS_3_537000_4142000_image.tif","Tree",1,537000,537999.999,4142000,4142999.999
"11093",11093,537534.161,537538.231,4142265.521,4142266.897,"Silva","NEON_D07_MLBS_DP1_537000_4142000_classified_point_cloud.laz","2018_MLBS_3_537000_4142000_image.tif","Tree",1,537000,537999.999,4142000,4142999.999
"11094",11094,537521.078,537522.443,4142260.613,4142261.951,"Silva","NEON_D07_MLBS_DP1_537000_4142000_classified_point_cloud.laz","2018_MLBS_3_537000_4142000_image.tif","Tree",1,537000,537999.999,4142000,4142999.999
"11095",11095,537513.005,537516.99,4142256.094,4142262.845,"Silva","NEON_D07_MLBS_DP1_537000_4142000_classified_point_cloud.laz","2018_MLBS_3_537000_4142000_image.tif","Tree",1,537000,537999.999,4142000,4142999.999
"11096",11096,537508.073,537512.985,4142256.521,4142261.484,"Silva","NEON_D07_MLBS_DP1_537000_4142000_classified_point_cloud.laz","2018_MLBS_3_537000_4142000_image.tif","Tree",1,537000,537999.999,4142000,4142999.999
"11097",11097,537503.733,537507.92,4142257.511,4142262.487,"Silva","NEON_D07_MLBS_DP1_537000_4142000_classified_point_cloud.laz","2018_MLBS_3_537000_4142000_image.tif","Tree",1,537000,537999.999,4142000,4142999.999
"11098",11098,537514.112,537519.483,4142252.651,4142258.98,"Silva","NEON_D07_MLBS_DP1_537000_4142000_classified_point_cloud.laz","2018_MLBS_3_537000_4142000_image.tif","Tree",1,537000,537999.999,4142000,4142999.999
"11099",11099,537505.129,537507.427,4142255.087,4142257.488,"Silva","NEON_D07_MLBS_DP1_537000_4142000_classified_point_cloud.laz","2018_MLBS_3_537000_4142000_image.tif","Tree",1,537000,537999.999,4142000,4142999.999
"11100",11100,537518.033,537524.328,4142246.586,4142252.992,"Silva","NEON_D07_MLBS_DP1_537000_4142000_classified_point_cloud.laz","2018_MLBS_3_537000_4142000_image.tif","Tree",1,537000,537999.999,4142000,4142999.999
"11101",11101,537509.6,537515.361,4142243.534,4142252.587,"Silva","NEON_D07_MLBS_DP1_537000_4142000_classified_point_cloud.laz","2018_MLBS_3_537000_4142000_image.tif","Tree",1,537000,537999.999,4142000,4142999.999
"11102",11102,537530.882,537533.235,4142248.026,4142249.274,"Silva","NEON_D07_MLBS_DP1_537000_4142000_classified_point_cloud.laz","2018_MLBS_3_537000_4142000_image.tif","Tree",1,537000,537999.999,4142000,4142999.999
"11103",11103,537503.006,537512.943,4142240.001,4142248.455,"Silva","NEON_D07_MLBS_DP1_537000_4142000_classified_point_cloud.laz","2018_MLBS_3_537000_4142000_image.tif","Tree",1,537000,537999.999,4142000,4142999.999
"11104",11104,537531.27,537532.759,4142242.205,4142243.241,"Silva","NEON_D07_MLBS_DP1_537000_4142000_classified_point_cloud.laz","2018_MLBS_3_537000_4142000_image.tif","Tree",1,537000,537999.999,4142000,4142999.999
"11105",11105,537534.57,537536.174,4142241.054,4142242.815,"Silva","NEON_D07_MLBS_DP1_537000_4142000_classified_point_cloud.laz","2018_MLBS_3_537000_4142000_image.tif","Tree",1,537000,537999.999,4142000,4142999.999
"11106",11106,537541.144,537548.657,4142235.082,4142241.903,"Silva","NEON_D07_MLBS_DP1_537000_4142000_classified_point_cloud.laz","2018_MLBS_3_537000_4142000_image.tif","Tree",1,537000,537999.999,4142000,4142999.999
"11107",11107,537526.015,537529.811,4142235.542,4142241.922,"Silva","NEON_D07_MLBS_DP1_537000_4142000_classified_point_cloud.laz","2018_MLBS_3_537000_4142000_image.tif","Tree",1,537000,537999.999,4142000,4142999.999
"11108",11108,537504.527,537510.902,4142232.142,4142239.994,"Silva","NEON_D07_MLBS_DP1_537000_4142000_classified_point_cloud.laz","2018_MLBS_3_537000_4142000_image.tif","Tree",1,537000,537999.999,4142000,4142999.999
"11109",11109,537499.501,537504.468,4142231.549,4142239.496,"Silva","NEON_D07_MLBS_DP1_537000_4142000_classified_point_cloud.laz","2018_MLBS_3_537000_4142000_image.tif","Tree",1,537000,537999.999,4142000,4142999.999
"11110",11110,537500.621,537505.394,4142218.215,4142223.986,"Silva","NEON_D07_MLBS_DP1_537000_4142000_classified_point_cloud.laz","2018_MLBS_3_537000_4142000_image.tif","Tree",1,537000,537999.999,4142000,4142999.999
"11111",11111,537511.638,537518.979,4142218.661,4142225.891,"Silva","NEON_D07_MLBS_DP1_537000_4142000_classified_point_cloud.laz","2018_MLBS_3_537000_4142000_image.tif","Tree",1,537000,537999.999,4142000,4142999.999
"11112",11112,537502.077,537509.189,4142221.641,4142225.885,"Silva","NEON_D07_MLBS_DP1_537000_4142000_classified_point_cloud.laz","2018_MLBS_3_537000_4142000_image.tif","Tree",1,537000,537999.999,4142000,4142999.999
"11113",11113,537504.269,537509.202,4142226.159,4142230.933,"Silva","NEON_D07_MLBS_DP1_537000_4142000_classified_point_cloud.laz","2018_MLBS_3_537000_4142000_image.tif","Tree",1,537000,537999.999,4142000,4142999.999
"11114",11114,537498.927,537502.835,4142225.569,4142231.487,"Silva","NEON_D07_MLBS_DP1_537000_4142000_classified_point_cloud.laz","2018_MLBS_3_537000_4142000_image.tif","Tree",1,537000,537999.999,4142000,4142999.999
"11115",11115,537528.021,537530.411,4142231.016,4142233.948,"Silva","NEON_D07_MLBS_DP1_537000_4142000_classified_point_cloud.laz","2018_MLBS_3_537000_4142000_image.tif","Tree",1,537000,537999.999,4142000,4142999.999
"11116",11116,537535.192,537537.91,4142230.434,4142233.481,"Silva","NEON_D07_MLBS_DP1_537000_4142000_classified_point_cloud.laz","2018_MLBS_3_537000_4142000_image.tif","Tree",1,537000,537999.999,4142000,4142999.999
"11117",11117,537550.031,537559.223,4142228.107,4142236.452,"Silva","NEON_D07_MLBS_DP1_537000_4142000_classified_point_cloud.laz","2018_MLBS_3_537000_4142000_image.tif","Tree",1,537000,537999.999,4142000,4142999.999
"11118",11118,537514.543,537520.717,4142230.506,4142236.494,"Silva","NEON_D07_MLBS_DP1_537000_4142000_classified_point_cloud.laz","2018_MLBS_3_537000_4142000_image.tif","Tree",1,537000,537999.999,4142000,4142999.999
"11119",11119,537510.202,537514.355,4142233.533,4142236.933,"Silva","NEON_D07_MLBS_DP1_537000_4142000_classified_point_cloud.laz","2018_MLBS_3_537000_4142000_image.tif","Tree",1,537000,537999.999,4142000,4142999.999
"11120",11120,537571.614,537585.988,4142279.7,4142285.971,"Silva","NEON_D07_MLBS_DP1_537000_4142000_classified_point_cloud.laz","2018_MLBS_3_537000_4142000_image.tif","Tree",1,537000,537999.999,4142000,4142999.999
"11121",11121,537597.287,537603.366,4142280.068,4142286.366,"Silva","NEON_D07_MLBS_DP1_537000_4142000_classified_point_cloud.laz","2018_MLBS_3_537000_4142000_image.tif","Tree",1,537000,537999.999,4142000,4142999.999
"11122",11122,537611.135,537615.872,4142280.33,4142284.953,"Silva","NEON_D07_MLBS_DP1_537000_4142000_classified_point_cloud.laz","2018_MLBS_3_537000_4142000_image.tif","Tree",1,537000,537999.999,4142000,4142999.999
"11123",11123,537576.67,537583.992,4142275.536,4142280.823,"Silva","NEON_D07_MLBS_DP1_537000_4142000_classified_point_cloud.laz","2018_MLBS_3_537000_4142000_image.tif","Tree",1,537000,537999.999,4142000,4142999.999
"11124",11124,537597,537600.82,4142275.088,4142283.276,"Silva","NEON_D07_MLBS_DP1_537000_4142000_classified_point_cloud.laz","2018_MLBS_3_537000_4142000_image.tif","Tree",1,537000,537999.999,4142000,4142999.999
"11125",11125,537614.575,537619.913,4142276.007,4142280.956,"Silva","NEON_D07_MLBS_DP1_537000_4142000_classified_point_cloud.laz","2018_MLBS_3_537000_4142000_image.tif","Tree",1,537000,537999.999,4142000,4142999.999
"11126",11126,537599.058,537605.315,4142272.036,4142278.491,"Silva","NEON_D07_MLBS_DP1_537000_4142000_classified_point_cloud.laz","2018_MLBS_3_537000_4142000_image.tif","Tree",1,537000,537999.999,4142000,4142999.999
"11127",11127,537591.087,537594.193,4142270.501,4142274.459,"Silva","NEON_D07_MLBS_DP1_537000_4142000_classified_point_cloud.laz","2018_MLBS_3_537000_4142000_image.tif","Tree",1,537000,537999.999,4142000,4142999.999
"11128",11128,537603.054,537610.389,4142265.563,4142273.498,"Silva","NEON_D07_MLBS_DP1_537000_4142000_classified_point_cloud.laz","2018_MLBS_3_537000_4142000_image.tif","Tree",1,537000,537999.999,4142000,4142999.999
"11129",11129,537594.139,537599.356,4142267.626,4142274.464,"Silva","NEON_D07_MLBS_DP1_537000_4142000_classified_point_cloud.laz","2018_MLBS_3_537000_4142000_image.tif","Tree",1,537000,537999.999,4142000,4142999.999
"11130",11130,537613.639,537620.245,4142265.501,4142273.484,"Silva","NEON_D07_MLBS_DP1_537000_4142000_classified_point_cloud.laz","2018_MLBS_3_537000_4142000_image.tif","Tree",1,537000,537999.999,4142000,4142999.999
"11131",11131,537582.543,537593.492,4142263.002,4142269.38,"Silva","NEON_D07_MLBS_DP1_537000_4142000_classified_point_cloud.laz","2018_MLBS_3_537000_4142000_image.tif","Tree",1,537000,537999.999,4142000,4142999.999
"11132",11132,537587.592,537593.973,4142259.006,4142262.994,"Silva","NEON_D07_MLBS_DP1_537000_4142000_classified_point_cloud.laz","2018_MLBS_3_537000_4142000_image.tif","Tree",1,537000,537999.999,4142000,4142999.999
"11133",11133,537579.117,537588.846,4142255.053,4142267.886,"Silva","NEON_D07_MLBS_DP1_537000_4142000_classified_point_cloud.laz","2018_MLBS_3_537000_4142000_image.tif","Tree",1,537000,537999.999,4142000,4142999.999
"11134",11134,537562.779,537578.927,4142249.517,4142257.825,"Silva","NEON_D07_MLBS_DP1_537000_4142000_classified_point_cloud.laz","2018_MLBS_3_537000_4142000_image.tif","Tree",1,537000,537999.999,4142000,4142999.999
"11135",11135,537606.63,537615.933,4142251.737,4142261.332,"Silva","NEON_D07_MLBS_DP1_537000_4142000_classified_point_cloud.laz","2018_MLBS_3_537000_4142000_image.tif","Tree",1,537000,537999.999,4142000,4142999.999
"11136",11136,537588.583,537596.902,4142241.766,4142251.456,"Silva","NEON_D07_MLBS_DP1_537000_4142000_classified_point_cloud.laz","2018_MLBS_3_537000_4142000_image.tif","Tree",1,537000,537999.999,4142000,4142999.999
"11137",11137,537561.645,537567.935,4142234.668,4142241.496,"Silva","NEON_D07_MLBS_DP1_537000_4142000_classified_point_cloud.laz","2018_MLBS_3_537000_4142000_image.tif","Tree",1,537000,537999.999,4142000,4142999.999
"11138",11138,537581.378,537591.322,4142233.017,4142243.95,"Silva","NEON_D07_MLBS_DP1_537000_4142000_classified_point_cloud.laz","2018_MLBS_3_537000_4142000_image.tif","Tree",1,537000,537999.999,4142000,4142999.999
"11139",11139,537571.115,537581.913,4142218.69,4142229.335,"Silva","NEON_D07_MLBS_DP1_537000_4142000_classified_point_cloud.laz","2018_MLBS_3_537000_4142000_image.tif","Tree",1,537000,537999.999,4142000,4142999.999
"11140",11140,537589.538,537596.339,4142229.885,4142239.56,"Silva","NEON_D07_MLBS_DP1_537000_4142000_classified_point_cloud.laz","2018_MLBS_3_537000_4142000_image.tif","Tree",1,537000,537999.999,4142000,4142999.999
"11141",11141,537498.049,537507.467,4142282.002,4142289.762,"Silva","NEON_D07_MLBS_DP1_537000_4142000_classified_point_cloud.laz","2018_MLBS_3_537000_4142000_image.tif","Tree",1,537000,537999.999,4142000,4142999.999
"11142",11142,537506.68,537515.961,4142285.027,4142291.915,"Silva","NEON_D07_MLBS_DP1_537000_4142000_classified_point_cloud.laz","2018_MLBS_3_537000_4142000_image.tif","Tree",1,537000,537999.999,4142000,4142999.999
"11143",11143,537520.556,537529.99,4142290.527,4142297.339,"Silva","NEON_D07_MLBS_DP1_537000_4142000_classified_point_cloud.laz","2018_MLBS_3_537000_4142000_image.tif","Tree",1,537000,537999.999,4142000,4142999.999
"11144",11144,537510.008,537520.495,4142289.02,4142295.985,"Silva","NEON_D07_MLBS_DP1_537000_4142000_classified_point_cloud.laz","2018_MLBS_3_537000_4142000_image.tif","Tree",1,537000,537999.999,4142000,4142999.999
"11145",11145,537533.507,537540.68,4142291.134,4142298.937,"Silva","NEON_D07_MLBS_DP1_537000_4142000_classified_point_cloud.laz","2018_MLBS_3_537000_4142000_image.tif","Tree",1,537000,537999.999,4142000,4142999.999
"11146",11146,537508.043,537518.832,4142295.12,4142303.458,"Silva","NEON_D07_MLBS_DP1_537000_4142000_classified_point_cloud.laz","2018_MLBS_3_537000_4142000_image.tif","Tree",1,537000,537999.999,4142000,4142999.999
"11147",11147,537505.01,537512.484,4142297.005,4142307.496,"Silva","NEON_D07_MLBS_DP1_537000_4142000_classified_point_cloud.laz","2018_MLBS_3_537000_4142000_image.tif","Tree",1,537000,537999.999,4142000,4142999.999
"11148",11148,537510.5,537519.488,4142302.224,4142316.356,"Silva","NEON_D07_MLBS_DP1_537000_4142000_classified_point_cloud.laz","2018_MLBS_3_537000_4142000_image.tif","Tree",1,537000,537999.999,4142000,4142999.999
"11149",11149,537501.501,537514.481,4142313.136,4142321,"Silva","NEON_D07_MLBS_DP1_537000_4142000_classified_point_cloud.laz","2018_MLBS_3_537000_4142000_image.tif","Tree",1,537000,537999.999,4142000,4142999.999
"11150",11150,537509.51,537519.485,4142316.016,4142328.986,"Silva","NEON_D07_MLBS_DP1_537000_4142000_classified_point_cloud.laz","2018_MLBS_3_537000_4142000_image.tif","Tree",1,537000,537999.999,4142000,4142999.999
"11151",11151,537496.505,537504.472,4142318.508,4142328.994,"Silva","NEON_D07_MLBS_DP1_537000_4142000_classified_point_cloud.laz","2018_MLBS_3_537000_4142000_image.tif","Tree",1,537000,537999.999,4142000,4142999.999
"11152",11152,537526.052,537534.923,4142321.066,4142326.976,"Silva","NEON_D07_MLBS_DP1_537000_4142000_classified_point_cloud.laz","2018_MLBS_3_537000_4142000_image.tif","Tree",1,537000,537999.999,4142000,4142999.999
"11153",11153,537503.512,537509.987,4142321.002,4142327.485,"Silva","NEON_D07_MLBS_DP1_537000_4142000_classified_point_cloud.laz","2018_MLBS_3_537000_4142000_image.tif","Tree",1,537000,537999.999,4142000,4142999.999
"11154",11154,537518.522,537527.494,4142324.535,4142334.984,"Silva","NEON_D07_MLBS_DP1_537000_4142000_classified_point_cloud.laz","2018_MLBS_3_537000_4142000_image.tif","Tree",1,537000,537999.999,4142000,4142999.999
"11155",11155,537546.05,537553.35,4142327.164,4142334.684,"Silva","NEON_D07_MLBS_DP1_537000_4142000_classified_point_cloud.laz","2018_MLBS_3_537000_4142000_image.tif","Tree",1,537000,537999.999,4142000,4142999.999
"11156",11156,537500.161,537511.499,4142327.486,4142335.493,"Silva","NEON_D07_MLBS_DP1_537000_4142000_classified_point_cloud.laz","2018_MLBS_3_537000_4142000_image.tif","Tree",1,537000,537999.999,4142000,4142999.999
"11157",11157,537505.501,537514.457,4142331.005,4142340.772,"Silva","NEON_D07_MLBS_DP1_537000_4142000_classified_point_cloud.laz","2018_MLBS_3_537000_4142000_image.tif","Tree",1,537000,537999.999,4142000,4142999.999
"11158",11158,537520.561,537529.495,4142334.532,4142344.484,"Silva","NEON_D07_MLBS_DP1_537000_4142000_classified_point_cloud.laz","2018_MLBS_3_537000_4142000_image.tif","Tree",1,537000,537999.999,4142000,4142999.999
"11159",11159,537498.017,537508.961,4142334.523,4142347.481,"Silva","NEON_D07_MLBS_DP1_537000_4142000_classified_point_cloud.laz","2018_MLBS_3_537000_4142000_image.tif","Tree",1,537000,537999.999,4142000,4142999.999
"11160",11160,537508.004,537519.999,4142338.132,4142348.448,"Silva","NEON_D07_MLBS_DP1_537000_4142000_classified_point_cloud.laz","2018_MLBS_3_537000_4142000_image.tif","Tree",1,537000,537999.999,4142000,4142999.999
"11161",11161,537519.168,537526.968,4142342.741,4142349,"Silva","NEON_D07_MLBS_DP1_537000_4142000_classified_point_cloud.laz","2018_MLBS_3_537000_4142000_image.tif","Tree",1,537000,537999.999,4142000,4142999.999
"11162",11162,537524.571,537532.998,4142344.005,4142354.442,"Silva","NEON_D07_MLBS_DP1_537000_4142000_classified_point_cloud.laz","2018_MLBS_3_537000_4142000_image.tif","Tree",1,537000,537999.999,4142000,4142999.999
"11163",11163,537572.592,537584.867,4142285.032,4142293.973,"Silva","NEON_D07_MLBS_DP1_537000_4142000_classified_point_cloud.laz","2018_MLBS_3_537000_4142000_image.tif","Tree",1,537000,537999.999,4142000,4142999.999
"11164",11164,537612.743,537619.371,4142289.854,4142295.335,"Silva","NEON_D07_MLBS_DP1_537000_4142000_classified_point_cloud.laz","2018_MLBS_3_537000_4142000_image.tif","Tree",1,537000,537999.999,4142000,4142999.999
"11165",11165,537610.008,537613.976,4142295.527,4142300.472,"Silva","NEON_D07_MLBS_DP1_537000_4142000_classified_point_cloud.laz","2018_MLBS_3_537000_4142000_image.tif","Tree",1,537000,537999.999,4142000,4142999.999
"11166",11166,537596.899,537597.917,4142303.657,4142306.269,"Silva","NEON_D07_MLBS_DP1_537000_4142000_classified_point_cloud.laz","2018_MLBS_3_537000_4142000_image.tif","Tree",1,537000,537999.999,4142000,4142999.999
"11167",11167,537616.754,537620.962,4142299.77,4142303.878,"Silva","NEON_D07_MLBS_DP1_537000_4142000_classified_point_cloud.laz","2018_MLBS_3_537000_4142000_image.tif","Tree",1,537000,537999.999,4142000,4142999.999
"11168",11168,537610.546,537618.446,4142310.082,4142319.876,"Silva","NEON_D07_MLBS_DP1_537000_4142000_classified_point_cloud.laz","2018_MLBS_3_537000_4142000_image.tif","Tree",1,537000,537999.999,4142000,4142999.999
"11169",11169,537526.528,537533.861,4142407.52,4142419.363,"Silva","NEON_D07_MLBS_DP1_537000_4142000_classified_point_cloud.laz","2018_MLBS_3_537000_4142000_image.tif","Tree",1,537000,537999.999,4142000,4142999.999
"11170",11170,537519.042,537531.45,4142395.088,4142407.368,"Silva","NEON_D07_MLBS_DP1_537000_4142000_classified_point_cloud.laz","2018_MLBS_3_537000_4142000_image.tif","Tree",1,537000,537999.999,4142000,4142999.999
"11171",11171,537509.255,537523.979,4142390.512,4142403.499,"Silva","NEON_D07_MLBS_DP1_537000_4142000_classified_point_cloud.laz","2018_MLBS_3_537000_4142000_image.tif","Tree",1,537000,537999.999,4142000,4142999.999
"11172",11172,537510.003,537520.898,4142375.036,4142391.493,"Silva","NEON_D07_MLBS_DP1_537000_4142000_classified_point_cloud.laz","2018_MLBS_3_537000_4142000_image.tif","Tree",1,537000,537999.999,4142000,4142999.999
"11173",11173,537494.022,537506.952,4142354.513,4142367.486,"Silva","NEON_D07_MLBS_DP1_537000_4142000_classified_point_cloud.laz","2018_MLBS_3_537000_4142000_image.tif","Tree",1,537000,537999.999,4142000,4142999.999
"11174",11174,537510.511,537522.975,4142360.014,4142371.974,"Silva","NEON_D07_MLBS_DP1_537000_4142000_classified_point_cloud.laz","2018_MLBS_3_537000_4142000_image.tif","Tree",1,537000,537999.999,4142000,4142999.999
"11175",11175,537519.51,537529.443,4142355.001,4142367.982,"Silva","NEON_D07_MLBS_DP1_537000_4142000_classified_point_cloud.laz","2018_MLBS_3_537000_4142000_image.tif","Tree",1,537000,537999.999,4142000,4142999.999
"11176",11176,537510.54,537520.497,4142345.503,4142353.993,"Silva","NEON_D07_MLBS_DP1_537000_4142000_classified_point_cloud.laz","2018_MLBS_3_537000_4142000_image.tif","Tree",1,537000,537999.999,4142000,4142999.999
"11177",11177,537613.738,537614.836,4142412.616,4142412.962,"Silva","NEON_D07_MLBS_DP1_537000_4142000_classified_point_cloud.laz","2018_MLBS_3_537000_4142000_image.tif","Tree",1,537000,537999.999,4142000,4142999.999
"11178",11178,537600.756,537607.491,4142383.178,4142391.907,"Silva","NEON_D07_MLBS_DP1_537000_4142000_classified_point_cloud.laz","2018_MLBS_3_537000_4142000_image.tif","Tree",1,537000,537999.999,4142000,4142999.999
"11179",11179,537577.057,537587.413,4142378.262,4142386.972,"Silva","NEON_D07_MLBS_DP1_537000_4142000_classified_point_cloud.laz","2018_MLBS_3_537000_4142000_image.tif","Tree",1,537000,537999.999,4142000,4142999.999
"11180",11180,537569.177,537571.867,4142377.155,4142380.729,"Silva","NEON_D07_MLBS_DP1_537000_4142000_classified_point_cloud.laz","2018_MLBS_3_537000_4142000_image.tif","Tree",1,537000,537999.999,4142000,4142999.999
"11181",11181,537564.051,537569.371,4142370.793,4142377.772,"Silva","NEON_D07_MLBS_DP1_537000_4142000_classified_point_cloud.laz","2018_MLBS_3_537000_4142000_image.tif","Tree",1,537000,537999.999,4142000,4142999.999
"11182",11182,537572.511,537579.478,4142353.817,4142368.861,"Silva","NEON_D07_MLBS_DP1_537000_4142000_classified_point_cloud.laz","2018_MLBS_3_537000_4142000_image.tif","Tree",1,537000,537999.999,4142000,4142999.999
"11183",11183,537624.06,537628.961,4142176.607,4142181.346,"Silva","NEON_D07_MLBS_DP1_537000_4142000_classified_point_cloud.laz","2018_MLBS_3_537000_4142000_image.tif","Tree",1,537000,537999.999,4142000,4142999.999
"11184",11184,537680.396,537688.947,4142179.581,4142185.487,"Silva","NEON_D07_MLBS_DP1_537000_4142000_classified_point_cloud.laz","2018_MLBS_3_537000_4142000_image.tif","Tree",1,537000,537999.999,4142000,4142999.999
"11185",11185,537661.576,537665.468,4142177.501,4142181.448,"Silva","NEON_D07_MLBS_DP1_537000_4142000_classified_point_cloud.laz","2018_MLBS_3_537000_4142000_image.tif","Tree",1,537000,537999.999,4142000,4142999.999
"11186",11186,537680.52,537687.466,4142175.015,4142182.947,"Silva","NEON_D07_MLBS_DP1_537000_4142000_classified_point_cloud.laz","2018_MLBS_3_537000_4142000_image.tif","Tree",1,537000,537999.999,4142000,4142999.999
"11187",11187,537619.019,537624.996,4142169.514,4142177.493,"Silva","NEON_D07_MLBS_DP1_537000_4142000_classified_point_cloud.laz","2018_MLBS_3_537000_4142000_image.tif","Tree",1,537000,537999.999,4142000,4142999.999
"11188",11188,537667.518,537676.483,4142172.515,4142181.489,"Silva","NEON_D07_MLBS_DP1_537000_4142000_classified_point_cloud.laz","2018_MLBS_3_537000_4142000_image.tif","Tree",1,537000,537999.999,4142000,4142999.999
"11189",11189,537657.504,537661.18,4142172.743,4142177.979,"Silva","NEON_D07_MLBS_DP1_537000_4142000_classified_point_cloud.laz","2018_MLBS_3_537000_4142000_image.tif","Tree",1,537000,537999.999,4142000,4142999.999
"11190",11190,537623.646,537634.306,4142169.034,4142177.609,"Silva","NEON_D07_MLBS_DP1_537000_4142000_classified_point_cloud.laz","2018_MLBS_3_537000_4142000_image.tif","Tree",1,537000,537999.999,4142000,4142999.999
"11191",11191,537676.009,537685.936,4142169.001,4142176.494,"Silva","NEON_D07_MLBS_DP1_537000_4142000_classified_point_cloud.laz","2018_MLBS_3_537000_4142000_image.tif","Tree",1,537000,537999.999,4142000,4142999.999
"11192",11192,537666.576,537676.959,4142162.029,4142172.5,"Silva","NEON_D07_MLBS_DP1_537000_4142000_classified_point_cloud.laz","2018_MLBS_3_537000_4142000_image.tif","Tree",1,537000,537999.999,4142000,4142999.999
"11193",11193,537641.01,537643.96,4142161.706,4142168.743,"Silva","NEON_D07_MLBS_DP1_537000_4142000_classified_point_cloud.laz","2018_MLBS_3_537000_4142000_image.tif","Tree",1,537000,537999.999,4142000,4142999.999
"11194",11194,537632.533,537638.47,4142160.016,4142171.757,"Silva","NEON_D07_MLBS_DP1_537000_4142000_classified_point_cloud.laz","2018_MLBS_3_537000_4142000_image.tif","Tree",1,537000,537999.999,4142000,4142999.999
"11195",11195,537620.576,537631.455,4142163.025,4142170.346,"Silva","NEON_D07_MLBS_DP1_537000_4142000_classified_point_cloud.laz","2018_MLBS_3_537000_4142000_image.tif","Tree",1,537000,537999.999,4142000,4142999.999
"11196",11196,537647.545,537653.157,4142162.871,4142168.476,"Silva","NEON_D07_MLBS_DP1_537000_4142000_classified_point_cloud.laz","2018_MLBS_3_537000_4142000_image.tif","Tree",1,537000,537999.999,4142000,4142999.999
"11197",11197,537681.559,537688.489,4142159.62,4142169.353,"Silva","NEON_D07_MLBS_DP1_537000_4142000_classified_point_cloud.laz","2018_MLBS_3_537000_4142000_image.tif","Tree",1,537000,537999.999,4142000,4142999.999
"11198",11198,537656.007,537662.999,4142163.327,4142170.469,"Silva","NEON_D07_MLBS_DP1_537000_4142000_classified_point_cloud.laz","2018_MLBS_3_537000_4142000_image.tif","Tree",1,537000,537999.999,4142000,4142999.999
"11199",11199,537662.5,537670.418,4142159.021,4142169.926,"Silva","NEON_D07_MLBS_DP1_537000_4142000_classified_point_cloud.laz","2018_MLBS_3_537000_4142000_image.tif","Tree",1,537000,537999.999,4142000,4142999.999
"11200",11200,537620.687,537631.989,4142155.579,4142163.493,"Silva","NEON_D07_MLBS_DP1_537000_4142000_classified_point_cloud.laz","2018_MLBS_3_537000_4142000_image.tif","Tree",1,537000,537999.999,4142000,4142999.999
"11201",11201,537653.571,537656.987,4142160.594,4142167.276,"Silva","NEON_D07_MLBS_DP1_537000_4142000_classified_point_cloud.laz","2018_MLBS_3_537000_4142000_image.tif","Tree",1,537000,537999.999,4142000,4142999.999
"11202",11202,537659.028,537665.299,4142157.429,4142164.441,"Silva","NEON_D07_MLBS_DP1_537000_4142000_classified_point_cloud.laz","2018_MLBS_3_537000_4142000_image.tif","Tree",1,537000,537999.999,4142000,4142999.999
"11203",11203,537655.031,537660.495,4142156.151,4142163.488,"Silva","NEON_D07_MLBS_DP1_537000_4142000_classified_point_cloud.laz","2018_MLBS_3_537000_4142000_image.tif","Tree",1,537000,537999.999,4142000,4142999.999
"11204",11204,537678.632,537687.487,4142155.006,4142162.984,"Silva","NEON_D07_MLBS_DP1_537000_4142000_classified_point_cloud.laz","2018_MLBS_3_537000_4142000_image.tif","Tree",1,537000,537999.999,4142000,4142999.999
"11205",11205,537671.333,537674.479,4142181.007,4142184.235,"Silva","NEON_D07_MLBS_DP1_537000_4142000_classified_point_cloud.laz","2018_MLBS_3_537000_4142000_image.tif","Tree",1,537000,537999.999,4142000,4142999.999
"11206",11206,537680.501,537688.951,4142185.512,4142193.387,"Silva","NEON_D07_MLBS_DP1_537000_4142000_classified_point_cloud.laz","2018_MLBS_3_537000_4142000_image.tif","Tree",1,537000,537999.999,4142000,4142999.999
"11207",11207,537656.024,537660.316,4142185.018,4142190.484,"Silva","NEON_D07_MLBS_DP1_537000_4142000_classified_point_cloud.laz","2018_MLBS_3_537000_4142000_image.tif","Tree",1,537000,537999.999,4142000,4142999.999
"11208",11208,537642.529,537646.342,4142187.094,4142189.986,"Silva","NEON_D07_MLBS_DP1_537000_4142000_classified_point_cloud.laz","2018_MLBS_3_537000_4142000_image.tif","Tree",1,537000,537999.999,4142000,4142999.999
"11209",11209,537660.845,537669.44,4142187.739,4142193.416,"Silva","NEON_D07_MLBS_DP1_537000_4142000_classified_point_cloud.laz","2018_MLBS_3_537000_4142000_image.tif","Tree",1,537000,537999.999,4142000,4142999.999
"11210",11210,537671.012,537680.991,4142184.215,4142196.686,"Silva","NEON_D07_MLBS_DP1_537000_4142000_classified_point_cloud.laz","2018_MLBS_3_537000_4142000_image.tif","Tree",1,537000,537999.999,4142000,4142999.999
"11211",11211,537652.29,537661.424,4142190.506,4142195.997,"Silva","NEON_D07_MLBS_DP1_537000_4142000_classified_point_cloud.laz","2018_MLBS_3_537000_4142000_image.tif","Tree",1,537000,537999.999,4142000,4142999.999
"11212",11212,537637.629,537643.633,4142191.77,4142195.864,"Silva","NEON_D07_MLBS_DP1_537000_4142000_classified_point_cloud.laz","2018_MLBS_3_537000_4142000_image.tif","Tree",1,537000,537999.999,4142000,4142999.999
"11213",11213,537635.045,537636.984,4142193.898,4142195.686,"Silva","NEON_D07_MLBS_DP1_537000_4142000_classified_point_cloud.laz","2018_MLBS_3_537000_4142000_image.tif","Tree",1,537000,537999.999,4142000,4142999.999
"11214",11214,537662.654,537670.992,4142193.549,4142200.995,"Silva","NEON_D07_MLBS_DP1_537000_4142000_classified_point_cloud.laz","2018_MLBS_3_537000_4142000_image.tif","Tree",1,537000,537999.999,4142000,4142999.999
"11215",11215,537644.689,537652.407,4142192.726,4142200.487,"Silva","NEON_D07_MLBS_DP1_537000_4142000_classified_point_cloud.laz","2018_MLBS_3_537000_4142000_image.tif","Tree",1,537000,537999.999,4142000,4142999.999
"11216",11216,537675.191,537686.471,4142192.552,4142201.964,"Silva","NEON_D07_MLBS_DP1_537000_4142000_classified_point_cloud.laz","2018_MLBS_3_537000_4142000_image.tif","Tree",1,537000,537999.999,4142000,4142999.999
"11217",11217,537639.889,537642.812,4142196.342,4142200.498,"Silva","NEON_D07_MLBS_DP1_537000_4142000_classified_point_cloud.laz","2018_MLBS_3_537000_4142000_image.tif","Tree",1,537000,537999.999,4142000,4142999.999
"11218",11218,537641.559,537644.763,4142198.425,4142201.485,"Silva","NEON_D07_MLBS_DP1_537000_4142000_classified_point_cloud.laz","2018_MLBS_3_537000_4142000_image.tif","Tree",1,537000,537999.999,4142000,4142999.999
"11219",11219,537655.788,537657.05,4142200.22,4142201.431,"Silva","NEON_D07_MLBS_DP1_537000_4142000_classified_point_cloud.laz","2018_MLBS_3_537000_4142000_image.tif","Tree",1,537000,537999.999,4142000,4142999.999
"11220",11220,537647.627,537650.962,4142203.069,4142206.332,"Silva","NEON_D07_MLBS_DP1_537000_4142000_classified_point_cloud.laz","2018_MLBS_3_537000_4142000_image.tif","Tree",1,537000,537999.999,4142000,4142999.999
"11221",11221,537664.624,537670.429,4142201.003,4142209.445,"Silva","NEON_D07_MLBS_DP1_537000_4142000_classified_point_cloud.laz","2018_MLBS_3_537000_4142000_image.tif","Tree",1,537000,537999.999,4142000,4142999.999
"11222",11222,537651.614,537654.875,4142205.022,4142209.435,"Silva","NEON_D07_MLBS_DP1_537000_4142000_classified_point_cloud.laz","2018_MLBS_3_537000_4142000_image.tif","Tree",1,537000,537999.999,4142000,4142999.999
"11223",11223,537639.595,537643.246,4142219.474,4142221.433,"Silva","NEON_D07_MLBS_DP1_537000_4142000_classified_point_cloud.laz","2018_MLBS_3_537000_4142000_image.tif","Tree",1,537000,537999.999,4142000,4142999.999
"11224",11224,537679.017,537686.426,4142210.501,4142222.405,"Silva","NEON_D07_MLBS_DP1_537000_4142000_classified_point_cloud.laz","2018_MLBS_3_537000_4142000_image.tif","Tree",1,537000,537999.999,4142000,4142999.999
"11225",11225,537670.669,537678.304,4142221.566,4142224.472,"Silva","NEON_D07_MLBS_DP1_537000_4142000_classified_point_cloud.laz","2018_MLBS_3_537000_4142000_image.tif","Tree",1,537000,537999.999,4142000,4142999.999
"11226",11226,537665.028,537666.423,4142217.059,4142218.979,"Silva","NEON_D07_MLBS_DP1_537000_4142000_classified_point_cloud.laz","2018_MLBS_3_537000_4142000_image.tif","Tree",1,537000,537999.999,4142000,4142999.999
"11227",11227,537643.055,537644.442,4142221.219,4142221.719,"Silva","NEON_D07_MLBS_DP1_537000_4142000_classified_point_cloud.laz","2018_MLBS_3_537000_4142000_image.tif","Tree",1,537000,537999.999,4142000,4142999.999
"11228",11228,537690.715,537700.975,4142175.153,4142187.276,"Silva","NEON_D07_MLBS_DP1_537000_4142000_classified_point_cloud.laz","2018_MLBS_3_537000_4142000_image.tif","Tree",1,537000,537999.999,4142000,4142999.999
"11229",11229,537707.743,537714.929,4142170.501,4142182,"Silva","NEON_D07_MLBS_DP1_537000_4142000_classified_point_cloud.laz","2018_MLBS_3_537000_4142000_image.tif","Tree",1,537000,537999.999,4142000,4142999.999
"11230",11230,537714.502,537722.957,4142171.027,4142181.497,"Silva","NEON_D07_MLBS_DP1_537000_4142000_classified_point_cloud.laz","2018_MLBS_3_537000_4142000_image.tif","Tree",1,537000,537999.999,4142000,4142999.999
"11231",11231,537699.508,537711.492,4142168.509,4142180.451,"Silva","NEON_D07_MLBS_DP1_537000_4142000_classified_point_cloud.laz","2018_MLBS_3_537000_4142000_image.tif","Tree",1,537000,537999.999,4142000,4142999.999
"11232",11232,537683.021,537691.918,4142167.508,4142175.443,"Silva","NEON_D07_MLBS_DP1_537000_4142000_classified_point_cloud.laz","2018_MLBS_3_537000_4142000_image.tif","Tree",1,537000,537999.999,4142000,4142999.999
"11233",11233,537714.565,537725.878,4142167.033,4142175.494,"Silva","NEON_D07_MLBS_DP1_537000_4142000_classified_point_cloud.laz","2018_MLBS_3_537000_4142000_image.tif","Tree",1,537000,537999.999,4142000,4142999.999
"11234",11234,537731.506,537741.958,4142166.524,4142174.993,"Silva","NEON_D07_MLBS_DP1_537000_4142000_classified_point_cloud.laz","2018_MLBS_3_537000_4142000_image.tif","Tree",1,537000,537999.999,4142000,4142999.999
"11235",11235,537688.005,537695.497,4142159.012,4142169.616,"Silva","NEON_D07_MLBS_DP1_537000_4142000_classified_point_cloud.laz","2018_MLBS_3_537000_4142000_image.tif","Tree",1,537000,537999.999,4142000,4142999.999
"11236",11236,537725.608,537733.473,4142161.034,4142167.624,"Silva","NEON_D07_MLBS_DP1_537000_4142000_classified_point_cloud.laz","2018_MLBS_3_537000_4142000_image.tif","Tree",1,537000,537999.999,4142000,4142999.999
"11237",11237,537704.529,537715.803,4142160.587,4142170.468,"Silva","NEON_D07_MLBS_DP1_537000_4142000_classified_point_cloud.laz","2018_MLBS_3_537000_4142000_image.tif","Tree",1,537000,537999.999,4142000,4142999.999
"11238",11238,537721.075,537728.986,4142155.665,4142166.996,"Silva","NEON_D07_MLBS_DP1_537000_4142000_classified_point_cloud.laz","2018_MLBS_3_537000_4142000_image.tif","Tree",1,537000,537999.999,4142000,4142999.999
"11239",11239,537709.505,537717.908,4142156.044,4142162.271,"Silva","NEON_D07_MLBS_DP1_537000_4142000_classified_point_cloud.laz","2018_MLBS_3_537000_4142000_image.tif","Tree",1,537000,537999.999,4142000,4142999.999
"11240",11240,537701.52,537709.754,4142151.607,4142163.058,"Silva","NEON_D07_MLBS_DP1_537000_4142000_classified_point_cloud.laz","2018_MLBS_3_537000_4142000_image.tif","Tree",1,537000,537999.999,4142000,4142999.999
"11241",11241,537727.037,537734.993,4142155.035,4142162.992,"Silva","NEON_D07_MLBS_DP1_537000_4142000_classified_point_cloud.laz","2018_MLBS_3_537000_4142000_image.tif","Tree",1,537000,537999.999,4142000,4142999.999
"11242",11242,537733.544,537738.969,4142153.613,4142160.979,"Silva","NEON_D07_MLBS_DP1_537000_4142000_classified_point_cloud.laz","2018_MLBS_3_537000_4142000_image.tif","Tree",1,537000,537999.999,4142000,4142999.999
"11243",11243,537712.52,537722.816,4142153.525,4142159.964,"Silva","NEON_D07_MLBS_DP1_537000_4142000_classified_point_cloud.laz","2018_MLBS_3_537000_4142000_image.tif","Tree",1,537000,537999.999,4142000,4142999.999
"11244",11244,537735.02,537741.416,4142152.04,4142157.944,"Silva","NEON_D07_MLBS_DP1_537000_4142000_classified_point_cloud.laz","2018_MLBS_3_537000_4142000_image.tif","Tree",1,537000,537999.999,4142000,4142999.999
"11245",11245,537741.682,537749.789,4142152.52,4142158.936,"Silva","NEON_D07_MLBS_DP1_537000_4142000_classified_point_cloud.laz","2018_MLBS_3_537000_4142000_image.tif","Tree",1,537000,537999.999,4142000,4142999.999
"11246",11246,537701.508,537713.98,4142180.524,4142188.491,"Silva","NEON_D07_MLBS_DP1_537000_4142000_classified_point_cloud.laz","2018_MLBS_3_537000_4142000_image.tif","Tree",1,537000,537999.999,4142000,4142999.999
"11247",11247,537714.027,537722.468,4142181.02,4142190.484,"Silva","NEON_D07_MLBS_DP1_537000_4142000_classified_point_cloud.laz","2018_MLBS_3_537000_4142000_image.tif","Tree",1,537000,537999.999,4142000,4142999.999
"11248",11248,537685.051,537691.837,4142183.205,4142188.954,"Silva","NEON_D07_MLBS_DP1_537000_4142000_classified_point_cloud.laz","2018_MLBS_3_537000_4142000_image.tif","Tree",1,537000,537999.999,4142000,4142999.999
"11249",11249,537697.533,537706.977,4142181.797,4142193.251,"Silva","NEON_D07_MLBS_DP1_537000_4142000_classified_point_cloud.laz","2018_MLBS_3_537000_4142000_image.tif","Tree",1,537000,537999.999,4142000,4142999.999
"11250",11250,537706.236,537714.19,4142186.06,4142195.427,"Silva","NEON_D07_MLBS_DP1_537000_4142000_classified_point_cloud.laz","2018_MLBS_3_537000_4142000_image.tif","Tree",1,537000,537999.999,4142000,4142999.999
"11251",11251,537683.565,537694.495,4142191.82,4142200.481,"Silva","NEON_D07_MLBS_DP1_537000_4142000_classified_point_cloud.laz","2018_MLBS_3_537000_4142000_image.tif","Tree",1,537000,537999.999,4142000,4142999.999
"11252",11252,537698.018,537707.963,4142198.084,4142208.462,"Silva","NEON_D07_MLBS_DP1_537000_4142000_classified_point_cloud.laz","2018_MLBS_3_537000_4142000_image.tif","Tree",1,537000,537999.999,4142000,4142999.999
"11253",11253,537688.514,537697.925,4142199.056,4142209.964,"Silva","NEON_D07_MLBS_DP1_537000_4142000_classified_point_cloud.laz","2018_MLBS_3_537000_4142000_image.tif","Tree",1,537000,537999.999,4142000,4142999.999
"11254",11254,537704.082,537712.938,4142202.131,4142211.726,"Silva","NEON_D07_MLBS_DP1_537000_4142000_classified_point_cloud.laz","2018_MLBS_3_537000_4142000_image.tif","Tree",1,537000,537999.999,4142000,4142999.999
"11255",11255,537684.146,537690.959,4142217.507,4142224.494,"Silva","NEON_D07_MLBS_DP1_537000_4142000_classified_point_cloud.laz","2018_MLBS_3_537000_4142000_image.tif","Tree",1,537000,537999.999,4142000,4142999.999
"11256",11256,537660.1,537667.486,4142279.1,4142286.471,"Silva","NEON_D07_MLBS_DP1_537000_4142000_classified_point_cloud.laz","2018_MLBS_3_537000_4142000_image.tif","Tree",1,537000,537999.999,4142000,4142999.999
"11257",11257,537637.501,537646.464,4142277.501,4142284.987,"Silva","NEON_D07_MLBS_DP1_537000_4142000_classified_point_cloud.laz","2018_MLBS_3_537000_4142000_image.tif","Tree",1,537000,537999.999,4142000,4142999.999
"11258",11258,537630.53,537637.45,4142277.077,4142281.976,"Silva","NEON_D07_MLBS_DP1_537000_4142000_classified_point_cloud.laz","2018_MLBS_3_537000_4142000_image.tif","Tree",1,537000,537999.999,4142000,4142999.999
"11259",11259,537624.097,537627.875,4142279.55,4142283.492,"Silva","NEON_D07_MLBS_DP1_537000_4142000_classified_point_cloud.laz","2018_MLBS_3_537000_4142000_image.tif","Tree",1,537000,537999.999,4142000,4142999.999
"11260",11260,537656.001,537664.982,4142276.001,4142282.891,"Silva","NEON_D07_MLBS_DP1_537000_4142000_classified_point_cloud.laz","2018_MLBS_3_537000_4142000_image.tif","Tree",1,537000,537999.999,4142000,4142999.999
"11261",11261,537647.592,537656.999,4142274.146,4142282.997,"Silva","NEON_D07_MLBS_DP1_537000_4142000_classified_point_cloud.laz","2018_MLBS_3_537000_4142000_image.tif","Tree",1,537000,537999.999,4142000,4142999.999
"11262",11262,537645.507,537653.35,4142269.014,4142278.428,"Silva","NEON_D07_MLBS_DP1_537000_4142000_classified_point_cloud.laz","2018_MLBS_3_537000_4142000_image.tif","Tree",1,537000,537999.999,4142000,4142999.999
"11263",11263,537627.754,537634.487,4142271.51,4142276.969,"Silva","NEON_D07_MLBS_DP1_537000_4142000_classified_point_cloud.laz","2018_MLBS_3_537000_4142000_image.tif","Tree",1,537000,537999.999,4142000,4142999.999
"11264",11264,537639.506,537645.495,4142270.048,4142277.494,"Silva","NEON_D07_MLBS_DP1_537000_4142000_classified_point_cloud.laz","2018_MLBS_3_537000_4142000_image.tif","Tree",1,537000,537999.999,4142000,4142999.999
"11265",11265,537634.542,537639.466,4142270.32,4142278.484,"Silva","NEON_D07_MLBS_DP1_537000_4142000_classified_point_cloud.laz","2018_MLBS_3_537000_4142000_image.tif","Tree",1,537000,537999.999,4142000,4142999.999
"11266",11266,537659.006,537667.65,4142266.534,4142276.896,"Silva","NEON_D07_MLBS_DP1_537000_4142000_classified_point_cloud.laz","2018_MLBS_3_537000_4142000_image.tif","Tree",1,537000,537999.999,4142000,4142999.999
"11267",11267,537627.016,537629.967,4142266.003,4142273.941,"Silva","NEON_D07_MLBS_DP1_537000_4142000_classified_point_cloud.laz","2018_MLBS_3_537000_4142000_image.tif","Tree",1,537000,537999.999,4142000,4142999.999
"11268",11268,537635.543,537642.498,4142263.044,4142270.987,"Silva","NEON_D07_MLBS_DP1_537000_4142000_classified_point_cloud.laz","2018_MLBS_3_537000_4142000_image.tif","Tree",1,537000,537999.999,4142000,4142999.999
"11269",11269,537626.765,537635.97,4142262.03,4142267.928,"Silva","NEON_D07_MLBS_DP1_537000_4142000_classified_point_cloud.laz","2018_MLBS_3_537000_4142000_image.tif","Tree",1,537000,537999.999,4142000,4142999.999
"11270",11270,537616.015,537626.37,4142263.075,4142267.495,"Silva","NEON_D07_MLBS_DP1_537000_4142000_classified_point_cloud.laz","2018_MLBS_3_537000_4142000_image.tif","Tree",1,537000,537999.999,4142000,4142999.999
"11271",11271,537667.708,537674.473,4142262.534,4142269.968,"Silva","NEON_D07_MLBS_DP1_537000_4142000_classified_point_cloud.laz","2018_MLBS_3_537000_4142000_image.tif","Tree",1,537000,537999.999,4142000,4142999.999
"11272",11272,537641.233,537649.417,4142255.518,4142263.982,"Silva","NEON_D07_MLBS_DP1_537000_4142000_classified_point_cloud.laz","2018_MLBS_3_537000_4142000_image.tif","Tree",1,537000,537999.999,4142000,4142999.999
"11273",11273,537634.53,537641.834,4142255.049,4142263.462,"Silva","NEON_D07_MLBS_DP1_537000_4142000_classified_point_cloud.laz","2018_MLBS_3_537000_4142000_image.tif","Tree",1,537000,537999.999,4142000,4142999.999
"11274",11274,537627.577,537630.987,4142256.532,4142260.376,"Silva","NEON_D07_MLBS_DP1_537000_4142000_classified_point_cloud.laz","2018_MLBS_3_537000_4142000_image.tif","Tree",1,537000,537999.999,4142000,4142999.999
"11275",11275,537664.881,537678.385,4142254.163,4142263.481,"Silva","NEON_D07_MLBS_DP1_537000_4142000_classified_point_cloud.laz","2018_MLBS_3_537000_4142000_image.tif","Tree",1,537000,537999.999,4142000,4142999.999
"11276",11276,537651.653,537659.401,4142253.307,4142259.988,"Silva","NEON_D07_MLBS_DP1_537000_4142000_classified_point_cloud.laz","2018_MLBS_3_537000_4142000_image.tif","Tree",1,537000,537999.999,4142000,4142999.999
"11277",11277,537645.537,537653.471,4142253.52,4142261.373,"Silva","NEON_D07_MLBS_DP1_537000_4142000_classified_point_cloud.laz","2018_MLBS_3_537000_4142000_image.tif","Tree",1,537000,537999.999,4142000,4142999.999
"11278",11278,537631.884,537638.346,4142246.667,4142258.803,"Silva","NEON_D07_MLBS_DP1_537000_4142000_classified_point_cloud.laz","2018_MLBS_3_537000_4142000_image.tif","Tree",1,537000,537999.999,4142000,4142999.999
"11279",11279,537654.001,537663.439,4142248.297,4142257.984,"Silva","NEON_D07_MLBS_DP1_537000_4142000_classified_point_cloud.laz","2018_MLBS_3_537000_4142000_image.tif","Tree",1,537000,537999.999,4142000,4142999.999
"11280",11280,537636.022,537645.498,4142245.502,4142256.878,"Silva","NEON_D07_MLBS_DP1_537000_4142000_classified_point_cloud.laz","2018_MLBS_3_537000_4142000_image.tif","Tree",1,537000,537999.999,4142000,4142999.999
"11281",11281,537645.01,537653.987,4142246.517,4142254.417,"Silva","NEON_D07_MLBS_DP1_537000_4142000_classified_point_cloud.laz","2018_MLBS_3_537000_4142000_image.tif","Tree",1,537000,537999.999,4142000,4142999.999
"11282",11282,537619.558,537631.976,4142244.584,4142252.986,"Silva","NEON_D07_MLBS_DP1_537000_4142000_classified_point_cloud.laz","2018_MLBS_3_537000_4142000_image.tif","Tree",1,537000,537999.999,4142000,4142999.999
"11283",11283,537676.537,537685.488,4142244.756,4142253.467,"Silva","NEON_D07_MLBS_DP1_537000_4142000_classified_point_cloud.laz","2018_MLBS_3_537000_4142000_image.tif","Tree",1,537000,537999.999,4142000,4142999.999
"11284",11284,537647.135,537659.473,4142241.04,4142251.476,"Silva","NEON_D07_MLBS_DP1_537000_4142000_classified_point_cloud.laz","2018_MLBS_3_537000_4142000_image.tif","Tree",1,537000,537999.999,4142000,4142999.999
"11285",11285,537661.843,537669.942,4142220.201,4142227.271,"Silva","NEON_D07_MLBS_DP1_537000_4142000_classified_point_cloud.laz","2018_MLBS_3_537000_4142000_image.tif","Tree",1,537000,537999.999,4142000,4142999.999
"11286",11286,537648.213,537652.995,4142221.35,4142227.189,"Silva","NEON_D07_MLBS_DP1_537000_4142000_classified_point_cloud.laz","2018_MLBS_3_537000_4142000_image.tif","Tree",1,537000,537999.999,4142000,4142999.999
"11287",11287,537662.344,537675.478,4142222.181,4142228.992,"Silva","NEON_D07_MLBS_DP1_537000_4142000_classified_point_cloud.laz","2018_MLBS_3_537000_4142000_image.tif","Tree",1,537000,537999.999,4142000,4142999.999
"11288",11288,537670.047,537676.42,4142225.157,4142234.283,"Silva","NEON_D07_MLBS_DP1_537000_4142000_classified_point_cloud.laz","2018_MLBS_3_537000_4142000_image.tif","Tree",1,537000,537999.999,4142000,4142999.999
"11289",11289,537663.101,537670.81,4142228.549,4142234.945,"Silva","NEON_D07_MLBS_DP1_537000_4142000_classified_point_cloud.laz","2018_MLBS_3_537000_4142000_image.tif","Tree",1,537000,537999.999,4142000,4142999.999
"11290",11290,537663.116,537668.976,4142233.738,4142242.905,"Silva","NEON_D07_MLBS_DP1_537000_4142000_classified_point_cloud.laz","2018_MLBS_3_537000_4142000_image.tif","Tree",1,537000,537999.999,4142000,4142999.999
"11291",11291,537667.621,537672.975,4142234.57,4142242.489,"Silva","NEON_D07_MLBS_DP1_537000_4142000_classified_point_cloud.laz","2018_MLBS_3_537000_4142000_image.tif","Tree",1,537000,537999.999,4142000,4142999.999
"11292",11292,537650.065,537659.495,4142232.566,4142242.912,"Silva","NEON_D07_MLBS_DP1_537000_4142000_classified_point_cloud.laz","2018_MLBS_3_537000_4142000_image.tif","Tree",1,537000,537999.999,4142000,4142999.999
"11293",11293,537635.079,537644.568,4142233.51,4142245.953,"Silva","NEON_D07_MLBS_DP1_537000_4142000_classified_point_cloud.laz","2018_MLBS_3_537000_4142000_image.tif","Tree",1,537000,537999.999,4142000,4142999.999
"11294",11294,537680.512,537690.416,4142237.017,4142247.472,"Silva","NEON_D07_MLBS_DP1_537000_4142000_classified_point_cloud.laz","2018_MLBS_3_537000_4142000_image.tif","Tree",1,537000,537999.999,4142000,4142999.999
"11295",11295,537685.006,537694.997,4142244.793,4142254.474,"Silva","NEON_D07_MLBS_DP1_537000_4142000_classified_point_cloud.laz","2018_MLBS_3_537000_4142000_image.tif","Tree",1,537000,537999.999,4142000,4142999.999
"11296",11296,537770.656,537778.474,4142177.018,4142183.956,"Silva","NEON_D07_MLBS_DP1_537000_4142000_classified_point_cloud.laz","2018_MLBS_3_537000_4142000_image.tif","Tree",1,537000,537999.999,4142000,4142999.999
"11297",11297,537798.022,537807.487,4142174.009,4142182.972,"Silva","NEON_D07_MLBS_DP1_537000_4142000_classified_point_cloud.laz","2018_MLBS_3_537000_4142000_image.tif","Tree",1,537000,537999.999,4142000,4142999.999
"11298",11298,537777.005,537788.981,4142173.531,4142181.483,"Silva","NEON_D07_MLBS_DP1_537000_4142000_classified_point_cloud.laz","2018_MLBS_3_537000_4142000_image.tif","Tree",1,537000,537999.999,4142000,4142999.999
"11299",11299,537789.064,537799.962,4142171.586,4142181.398,"Silva","NEON_D07_MLBS_DP1_537000_4142000_classified_point_cloud.laz","2018_MLBS_3_537000_4142000_image.tif","Tree",1,537000,537999.999,4142000,4142999.999
"11300",11300,537806.001,537814.819,4142169.011,4142176.488,"Silva","NEON_D07_MLBS_DP1_537000_4142000_classified_point_cloud.laz","2018_MLBS_3_537000_4142000_image.tif","Tree",1,537000,537999.999,4142000,4142999.999
"11301",11301,537746.037,537757.98,4142167.847,4142176.743,"Silva","NEON_D07_MLBS_DP1_537000_4142000_classified_point_cloud.laz","2018_MLBS_3_537000_4142000_image.tif","Tree",1,537000,537999.999,4142000,4142999.999
"11302",11302,537784.078,537792.481,4142168.511,4142179.941,"Silva","NEON_D07_MLBS_DP1_537000_4142000_classified_point_cloud.laz","2018_MLBS_3_537000_4142000_image.tif","Tree",1,537000,537999.999,4142000,4142999.999
"11303",11303,537778.541,537785.471,4142166.297,4142173.479,"Silva","NEON_D07_MLBS_DP1_537000_4142000_classified_point_cloud.laz","2018_MLBS_3_537000_4142000_image.tif","Tree",1,537000,537999.999,4142000,4142999.999
"11304",11304,537750.864,537758.399,4142160.012,4142169.449,"Silva","NEON_D07_MLBS_DP1_537000_4142000_classified_point_cloud.laz","2018_MLBS_3_537000_4142000_image.tif","Tree",1,537000,537999.999,4142000,4142999.999
"11305",11305,537793.549,537798.825,4142162.533,4142167.921,"Silva","NEON_D07_MLBS_DP1_537000_4142000_classified_point_cloud.laz","2018_MLBS_3_537000_4142000_image.tif","Tree",1,537000,537999.999,4142000,4142999.999
"11306",11306,537785.098,537792.902,4142161.504,4142165.908,"Silva","NEON_D07_MLBS_DP1_537000_4142000_classified_point_cloud.laz","2018_MLBS_3_537000_4142000_image.tif","Tree",1,537000,537999.999,4142000,4142999.999
"11307",11307,537754.564,537766.434,4142154.125,4142165.469,"Silva","NEON_D07_MLBS_DP1_537000_4142000_classified_point_cloud.laz","2018_MLBS_3_537000_4142000_image.tif","Tree",1,537000,537999.999,4142000,4142999.999
"11308",11308,537761.637,537772.988,4142153.607,4142162.821,"Silva","NEON_D07_MLBS_DP1_537000_4142000_classified_point_cloud.laz","2018_MLBS_3_537000_4142000_image.tif","Tree",1,537000,537999.999,4142000,4142999.999
"11309",11309,537848.5,537858.847,4142184.012,4142196.455,"Silva","NEON_D07_MLBS_DP1_537000_4142000_classified_point_cloud.laz","2018_MLBS_3_537000_4142000_image.tif","Tree",1,537000,537999.999,4142000,4142999.999
"11310",11310,537857.505,537866.493,4142174.007,4142181,"Silva","NEON_D07_MLBS_DP1_537000_4142000_classified_point_cloud.laz","2018_MLBS_3_537000_4142000_image.tif","Tree",1,537000,537999.999,4142000,4142999.999
"11311",11311,537837.006,537846.944,4142171.015,4142180.974,"Silva","NEON_D07_MLBS_DP1_537000_4142000_classified_point_cloud.laz","2018_MLBS_3_537000_4142000_image.tif","Tree",1,537000,537999.999,4142000,4142999.999
"11312",11312,537874.037,537878.906,4142172.003,4142175.992,"Silva","NEON_D07_MLBS_DP1_537000_4142000_classified_point_cloud.laz","2018_MLBS_3_537000_4142000_image.tif","Tree",1,537000,537999.999,4142000,4142999.999
"11313",11313,537872.538,537880.194,4142155.008,4142161.793,"Silva","NEON_D07_MLBS_DP1_537000_4142000_classified_point_cloud.laz","2018_MLBS_3_537000_4142000_image.tif","Tree",1,537000,537999.999,4142000,4142999.999
"11314",11314,537812.008,537821.499,4142187.509,4142198.88,"Silva","NEON_D07_MLBS_DP1_537000_4142000_classified_point_cloud.laz","2018_MLBS_3_537000_4142000_image.tif","Tree",1,537000,537999.999,4142000,4142999.999
"11315",11315,537855.044,537866.982,4142190.039,4142199.498,"Silva","NEON_D07_MLBS_DP1_537000_4142000_classified_point_cloud.laz","2018_MLBS_3_537000_4142000_image.tif","Tree",1,537000,537999.999,4142000,4142999.999
"11316",11316,537842.006,537854.972,4142194.029,4142203.9,"Silva","NEON_D07_MLBS_DP1_537000_4142000_classified_point_cloud.laz","2018_MLBS_3_537000_4142000_image.tif","Tree",1,537000,537999.999,4142000,4142999.999
"11317",11317,537856.052,537867.97,4142198.51,4142204.475,"Silva","NEON_D07_MLBS_DP1_537000_4142000_classified_point_cloud.laz","2018_MLBS_3_537000_4142000_image.tif","Tree",1,537000,537999.999,4142000,4142999.999
"11318",11318,537824.54,537835.993,4142198.612,4142207.442,"Silva","NEON_D07_MLBS_DP1_537000_4142000_classified_point_cloud.laz","2018_MLBS_3_537000_4142000_image.tif","Tree",1,537000,537999.999,4142000,4142999.999
"11319",11319,537813.024,537824.42,4142210.501,4142217.982,"Silva","NEON_D07_MLBS_DP1_537000_4142000_classified_point_cloud.laz","2018_MLBS_3_537000_4142000_image.tif","Tree",1,537000,537999.999,4142000,4142999.999
"11320",11320,537832.156,537834.768,4142279.023,4142281.384,"Silva","NEON_D07_MLBS_DP1_537000_4142000_classified_point_cloud.laz","2018_MLBS_3_537000_4142000_image.tif","Tree",1,537000,537999.999,4142000,4142999.999
"11321",11321,537823.035,537826.407,4142260.939,4142262.832,"Silva","NEON_D07_MLBS_DP1_537000_4142000_classified_point_cloud.laz","2018_MLBS_3_537000_4142000_image.tif","Tree",1,537000,537999.999,4142000,4142999.999
"11322",11322,537862.589,537867.92,4142229.519,4142231.466,"Silva","NEON_D07_MLBS_DP1_537000_4142000_classified_point_cloud.laz","2018_MLBS_3_537000_4142000_image.tif","Tree",1,537000,537999.999,4142000,4142999.999
"11323",11323,537876.045,537877.912,4142233.063,4142234.363,"Silva","NEON_D07_MLBS_DP1_537000_4142000_classified_point_cloud.laz","2018_MLBS_3_537000_4142000_image.tif","Tree",1,537000,537999.999,4142000,4142999.999
"11324",11324,537835.016,537839.498,4142232.733,4142241.992,"Silva","NEON_D07_MLBS_DP1_537000_4142000_classified_point_cloud.laz","2018_MLBS_3_537000_4142000_image.tif","Tree",1,537000,537999.999,4142000,4142999.999
"11325",11325,537853.548,537855.326,4142240.644,4142243.149,"Silva","NEON_D07_MLBS_DP1_537000_4142000_classified_point_cloud.laz","2018_MLBS_3_537000_4142000_image.tif","Tree",1,537000,537999.999,4142000,4142999.999
"11326",11326,537823.111,537826.453,4142243.678,4142247.413,"Silva","NEON_D07_MLBS_DP1_537000_4142000_classified_point_cloud.laz","2018_MLBS_3_537000_4142000_image.tif","Tree",1,537000,537999.999,4142000,4142999.999
"11327",11327,537815.006,537818.47,4142234.233,4142246.991,"Silva","NEON_D07_MLBS_DP1_537000_4142000_classified_point_cloud.laz","2018_MLBS_3_537000_4142000_image.tif","Tree",1,537000,537999.999,4142000,4142999.999
"11328",11328,537842.509,537845.949,4142250.616,4142253.998,"Silva","NEON_D07_MLBS_DP1_537000_4142000_classified_point_cloud.laz","2018_MLBS_3_537000_4142000_image.tif","Tree",1,537000,537999.999,4142000,4142999.999
"11329",11329,537619.694,537621.94,4142284.221,4142286.372,"Silva","NEON_D07_MLBS_DP1_537000_4142000_classified_point_cloud.laz","2018_MLBS_3_537000_4142000_image.tif","Tree",1,537000,537999.999,4142000,4142999.999
"11330",11330,537653.56,537660.827,4142281.555,4142291.174,"Silva","NEON_D07_MLBS_DP1_537000_4142000_classified_point_cloud.laz","2018_MLBS_3_537000_4142000_image.tif","Tree",1,537000,537999.999,4142000,4142999.999
"11331",11331,537656.582,537666.826,4142285.117,4142294.859,"Silva","NEON_D07_MLBS_DP1_537000_4142000_classified_point_cloud.laz","2018_MLBS_3_537000_4142000_image.tif","Tree",1,537000,537999.999,4142000,4142999.999
"11332",11332,537626.579,537629.409,4142287.239,4142290.826,"Silva","NEON_D07_MLBS_DP1_537000_4142000_classified_point_cloud.laz","2018_MLBS_3_537000_4142000_image.tif","Tree",1,537000,537999.999,4142000,4142999.999
"11333",11333,537636.513,537641.924,4142283.65,4142290.481,"Silva","NEON_D07_MLBS_DP1_537000_4142000_classified_point_cloud.laz","2018_MLBS_3_537000_4142000_image.tif","Tree",1,537000,537999.999,4142000,4142999.999
"11334",11334,537619.053,537625.306,4142288.271,4142293.924,"Silva","NEON_D07_MLBS_DP1_537000_4142000_classified_point_cloud.laz","2018_MLBS_3_537000_4142000_image.tif","Tree",1,537000,537999.999,4142000,4142999.999
"11335",11335,537637.51,537642.491,4142289.153,4142293.717,"Silva","NEON_D07_MLBS_DP1_537000_4142000_classified_point_cloud.laz","2018_MLBS_3_537000_4142000_image.tif","Tree",1,537000,537999.999,4142000,4142999.999
"11336",11336,537629.308,537633.895,4142291.538,4142294.959,"Silva","NEON_D07_MLBS_DP1_537000_4142000_classified_point_cloud.laz","2018_MLBS_3_537000_4142000_image.tif","Tree",1,537000,537999.999,4142000,4142999.999
"11337",11337,537637.507,537644.971,4142298.594,4142307.394,"Silva","NEON_D07_MLBS_DP1_537000_4142000_classified_point_cloud.laz","2018_MLBS_3_537000_4142000_image.tif","Tree",1,537000,537999.999,4142000,4142999.999
"11338",11338,537631.521,537637.474,4142300.554,4142306.309,"Silva","NEON_D07_MLBS_DP1_537000_4142000_classified_point_cloud.laz","2018_MLBS_3_537000_4142000_image.tif","Tree",1,537000,537999.999,4142000,4142999.999
"11339",11339,537628.077,537635.336,4142302.572,4142309.97,"Silva","NEON_D07_MLBS_DP1_537000_4142000_classified_point_cloud.laz","2018_MLBS_3_537000_4142000_image.tif","Tree",1,537000,537999.999,4142000,4142999.999
"11340",11340,537621.015,537628.387,4142299.547,4142307.961,"Silva","NEON_D07_MLBS_DP1_537000_4142000_classified_point_cloud.laz","2018_MLBS_3_537000_4142000_image.tif","Tree",1,537000,537999.999,4142000,4142999.999
"11341",11341,537635.028,537640.458,4142306.084,4142312.631,"Silva","NEON_D07_MLBS_DP1_537000_4142000_classified_point_cloud.laz","2018_MLBS_3_537000_4142000_image.tif","Tree",1,537000,537999.999,4142000,4142999.999
"11342",11342,537625.809,537631.497,4142308.52,4142313.468,"Silva","NEON_D07_MLBS_DP1_537000_4142000_classified_point_cloud.laz","2018_MLBS_3_537000_4142000_image.tif","Tree",1,537000,537999.999,4142000,4142999.999
"11343",11343,537631.861,537637.99,4142311.105,4142316.966,"Silva","NEON_D07_MLBS_DP1_537000_4142000_classified_point_cloud.laz","2018_MLBS_3_537000_4142000_image.tif","Tree",1,537000,537999.999,4142000,4142999.999
"11344",11344,537624.618,537630.618,4142319.509,4142324.157,"Silva","NEON_D07_MLBS_DP1_537000_4142000_classified_point_cloud.laz","2018_MLBS_3_537000_4142000_image.tif","Tree",1,537000,537999.999,4142000,4142999.999
"11345",11345,537632.343,537636.984,4142324.12,4142327.621,"Silva","NEON_D07_MLBS_DP1_537000_4142000_classified_point_cloud.laz","2018_MLBS_3_537000_4142000_image.tif","Tree",1,537000,537999.999,4142000,4142999.999
"11346",11346,537651.645,537653.211,4142325.569,4142329.372,"Silva","NEON_D07_MLBS_DP1_537000_4142000_classified_point_cloud.laz","2018_MLBS_3_537000_4142000_image.tif","Tree",1,537000,537999.999,4142000,4142999.999
"11347",11347,537619.53,537620.479,4142327.516,4142331.403,"Silva","NEON_D07_MLBS_DP1_537000_4142000_classified_point_cloud.laz","2018_MLBS_3_537000_4142000_image.tif","Tree",1,537000,537999.999,4142000,4142999.999
"11348",11348,537633.753,537637.95,4142328.027,4142334.382,"Silva","NEON_D07_MLBS_DP1_537000_4142000_classified_point_cloud.laz","2018_MLBS_3_537000_4142000_image.tif","Tree",1,537000,537999.999,4142000,4142999.999
"11349",11349,537628.918,537631.929,4142337.568,4142339.775,"Silva","NEON_D07_MLBS_DP1_537000_4142000_classified_point_cloud.laz","2018_MLBS_3_537000_4142000_image.tif","Tree",1,537000,537999.999,4142000,4142999.999
"11350",11350,537636.247,537643.285,4142335.002,4142341.28,"Silva","NEON_D07_MLBS_DP1_537000_4142000_classified_point_cloud.laz","2018_MLBS_3_537000_4142000_image.tif","Tree",1,537000,537999.999,4142000,4142999.999
"11351",11351,537627.007,537632.345,4142338.713,4142344.5,"Silva","NEON_D07_MLBS_DP1_537000_4142000_classified_point_cloud.laz","2018_MLBS_3_537000_4142000_image.tif","Tree",1,537000,537999.999,4142000,4142999.999
"11352",11352,537645.575,537649.351,4142340.166,4142346.904,"Silva","NEON_D07_MLBS_DP1_537000_4142000_classified_point_cloud.laz","2018_MLBS_3_537000_4142000_image.tif","Tree",1,537000,537999.999,4142000,4142999.999
"11353",11353,537638.164,537642.475,4142344.3,4142346.653,"Silva","NEON_D07_MLBS_DP1_537000_4142000_classified_point_cloud.laz","2018_MLBS_3_537000_4142000_image.tif","Tree",1,537000,537999.999,4142000,4142999.999
"11354",11354,537621.574,537625.496,4142413.762,4142417.875,"Silva","NEON_D07_MLBS_DP1_537000_4142000_classified_point_cloud.laz","2018_MLBS_3_537000_4142000_image.tif","Tree",1,537000,537999.999,4142000,4142999.999
"11355",11355,537624.014,537629.489,4142407.519,4142413.489,"Silva","NEON_D07_MLBS_DP1_537000_4142000_classified_point_cloud.laz","2018_MLBS_3_537000_4142000_image.tif","Tree",1,537000,537999.999,4142000,4142999.999
"11356",11356,537645.012,537654.947,4142408.508,4142416.817,"Silva","NEON_D07_MLBS_DP1_537000_4142000_classified_point_cloud.laz","2018_MLBS_3_537000_4142000_image.tif","Tree",1,537000,537999.999,4142000,4142999.999
"11357",11357,537677.109,537680.477,4142408.53,4142414.977,"Silva","NEON_D07_MLBS_DP1_537000_4142000_classified_point_cloud.laz","2018_MLBS_3_537000_4142000_image.tif","Tree",1,537000,537999.999,4142000,4142999.999
"11358",11358,537618.021,537623.997,4142402.603,4142407.385,"Silva","NEON_D07_MLBS_DP1_537000_4142000_classified_point_cloud.laz","2018_MLBS_3_537000_4142000_image.tif","Tree",1,537000,537999.999,4142000,4142999.999
"11359",11359,537644.581,537651.993,4142403.038,4142409.459,"Silva","NEON_D07_MLBS_DP1_537000_4142000_classified_point_cloud.laz","2018_MLBS_3_537000_4142000_image.tif","Tree",1,537000,537999.999,4142000,4142999.999
"11360",11360,537680.193,537688.858,4142400.718,4142407.208,"Silva","NEON_D07_MLBS_DP1_537000_4142000_classified_point_cloud.laz","2018_MLBS_3_537000_4142000_image.tif","Tree",1,537000,537999.999,4142000,4142999.999
"11361",11361,537657.142,537664.983,4142402.034,4142407.423,"Silva","NEON_D07_MLBS_DP1_537000_4142000_classified_point_cloud.laz","2018_MLBS_3_537000_4142000_image.tif","Tree",1,537000,537999.999,4142000,4142999.999
"11362",11362,537642.121,537648.253,4142398.012,4142405.964,"Silva","NEON_D07_MLBS_DP1_537000_4142000_classified_point_cloud.laz","2018_MLBS_3_537000_4142000_image.tif","Tree",1,537000,537999.999,4142000,4142999.999
"11363",11363,537625.546,537634.913,4142393.084,4142403.481,"Silva","NEON_D07_MLBS_DP1_537000_4142000_classified_point_cloud.laz","2018_MLBS_3_537000_4142000_image.tif","Tree",1,537000,537999.999,4142000,4142999.999
"11364",11364,537650.06,537657.488,4142350.006,4142354.461,"Silva","NEON_D07_MLBS_DP1_537000_4142000_classified_point_cloud.laz","2018_MLBS_3_537000_4142000_image.tif","Tree",1,537000,537999.999,4142000,4142999.999
"11365",11365,537667.518,537675.499,4142354.024,4142358.414,"Silva","NEON_D07_MLBS_DP1_537000_4142000_classified_point_cloud.laz","2018_MLBS_3_537000_4142000_image.tif","Tree",1,537000,537999.999,4142000,4142999.999
"11366",11366,537636.707,537646.364,4142353.026,4142361.766,"Silva","NEON_D07_MLBS_DP1_537000_4142000_classified_point_cloud.laz","2018_MLBS_3_537000_4142000_image.tif","Tree",1,537000,537999.999,4142000,4142999.999
"11367",11367,537659.525,537667.492,4142355.505,4142357.799,"Silva","NEON_D07_MLBS_DP1_537000_4142000_classified_point_cloud.laz","2018_MLBS_3_537000_4142000_image.tif","Tree",1,537000,537999.999,4142000,4142999.999
"11368",11368,537675.652,537682.411,4142357.537,4142363.408,"Silva","NEON_D07_MLBS_DP1_537000_4142000_classified_point_cloud.laz","2018_MLBS_3_537000_4142000_image.tif","Tree",1,537000,537999.999,4142000,4142999.999
"11369",11369,537673.042,537675.977,4142359.013,4142364.327,"Silva","NEON_D07_MLBS_DP1_537000_4142000_classified_point_cloud.laz","2018_MLBS_3_537000_4142000_image.tif","Tree",1,537000,537999.999,4142000,4142999.999
"11370",11370,537624.561,537635.474,4142355.545,4142362.981,"Silva","NEON_D07_MLBS_DP1_537000_4142000_classified_point_cloud.laz","2018_MLBS_3_537000_4142000_image.tif","Tree",1,537000,537999.999,4142000,4142999.999
"11371",11371,537667.57,537669.486,4142363.759,4142364.907,"Silva","NEON_D07_MLBS_DP1_537000_4142000_classified_point_cloud.laz","2018_MLBS_3_537000_4142000_image.tif","Tree",1,537000,537999.999,4142000,4142999.999
"11372",11372,537652.135,537659.823,4142361.556,4142369.443,"Silva","NEON_D07_MLBS_DP1_537000_4142000_classified_point_cloud.laz","2018_MLBS_3_537000_4142000_image.tif","Tree",1,537000,537999.999,4142000,4142999.999
"11373",11373,537620.089,537630.43,4142359.576,4142368.952,"Silva","NEON_D07_MLBS_DP1_537000_4142000_classified_point_cloud.laz","2018_MLBS_3_537000_4142000_image.tif","Tree",1,537000,537999.999,4142000,4142999.999
"11374",11374,537672.502,537676.895,4142367.257,4142372.456,"Silva","NEON_D07_MLBS_DP1_537000_4142000_classified_point_cloud.laz","2018_MLBS_3_537000_4142000_image.tif","Tree",1,537000,537999.999,4142000,4142999.999
"11375",11375,537662.36,537666.813,4142365.594,4142370.492,"Silva","NEON_D07_MLBS_DP1_537000_4142000_classified_point_cloud.laz","2018_MLBS_3_537000_4142000_image.tif","Tree",1,537000,537999.999,4142000,4142999.999
"11376",11376,537642.513,537649.277,4142362.569,4142368.46,"Silva","NEON_D07_MLBS_DP1_537000_4142000_classified_point_cloud.laz","2018_MLBS_3_537000_4142000_image.tif","Tree",1,537000,537999.999,4142000,4142999.999
"11377",11377,537655.009,537661.446,4142368.123,4142374.479,"Silva","NEON_D07_MLBS_DP1_537000_4142000_classified_point_cloud.laz","2018_MLBS_3_537000_4142000_image.tif","Tree",1,537000,537999.999,4142000,4142999.999
"11378",11378,537666.885,537673.469,4142371.159,4142376.319,"Silva","NEON_D07_MLBS_DP1_537000_4142000_classified_point_cloud.laz","2018_MLBS_3_537000_4142000_image.tif","Tree",1,537000,537999.999,4142000,4142999.999
"11379",11379,537648.652,537654.996,4142366.17,4142374.294,"Silva","NEON_D07_MLBS_DP1_537000_4142000_classified_point_cloud.laz","2018_MLBS_3_537000_4142000_image.tif","Tree",1,537000,537999.999,4142000,4142999.999
"11380",11380,537664.5,537669.919,4142372.07,4142376.841,"Silva","NEON_D07_MLBS_DP1_537000_4142000_classified_point_cloud.laz","2018_MLBS_3_537000_4142000_image.tif","Tree",1,537000,537999.999,4142000,4142999.999
"11381",11381,537656.509,537662.409,4142373.03,4142378.396,"Silva","NEON_D07_MLBS_DP1_537000_4142000_classified_point_cloud.laz","2018_MLBS_3_537000_4142000_image.tif","Tree",1,537000,537999.999,4142000,4142999.999
"11382",11382,537639.008,537646.404,4142373.013,4142378.395,"Silva","NEON_D07_MLBS_DP1_537000_4142000_classified_point_cloud.laz","2018_MLBS_3_537000_4142000_image.tif","Tree",1,537000,537999.999,4142000,4142999.999
"11383",11383,537672.143,537678.949,4142373.056,4142382.891,"Silva","NEON_D07_MLBS_DP1_537000_4142000_classified_point_cloud.laz","2018_MLBS_3_537000_4142000_image.tif","Tree",1,537000,537999.999,4142000,4142999.999
"11384",11384,537664.177,537668.499,4142375.573,4142382.407,"Silva","NEON_D07_MLBS_DP1_537000_4142000_classified_point_cloud.laz","2018_MLBS_3_537000_4142000_image.tif","Tree",1,537000,537999.999,4142000,4142999.999
"11385",11385,537646.068,537654.418,4142376.303,4142381.498,"Silva","NEON_D07_MLBS_DP1_537000_4142000_classified_point_cloud.laz","2018_MLBS_3_537000_4142000_image.tif","Tree",1,537000,537999.999,4142000,4142999.999
"11386",11386,537633.056,537639.983,4142380.556,4142387.768,"Silva","NEON_D07_MLBS_DP1_537000_4142000_classified_point_cloud.laz","2018_MLBS_3_537000_4142000_image.tif","Tree",1,537000,537999.999,4142000,4142999.999
"11387",11387,537649.015,537657.486,4142384.004,4142393.311,"Silva","NEON_D07_MLBS_DP1_537000_4142000_classified_point_cloud.laz","2018_MLBS_3_537000_4142000_image.tif","Tree",1,537000,537999.999,4142000,4142999.999
"11388",11388,537645.547,537653.899,4142391.04,4142399.483,"Silva","NEON_D07_MLBS_DP1_537000_4142000_classified_point_cloud.laz","2018_MLBS_3_537000_4142000_image.tif","Tree",1,537000,537999.999,4142000,4142999.999
"11389",11389,537696.643,537696.93,4142369.625,4142370.411,"Silva","NEON_D07_MLBS_DP1_537000_4142000_classified_point_cloud.laz","2018_MLBS_3_537000_4142000_image.tif","Tree",1,537000,537999.999,4142000,4142999.999
"11390",11390,537684.021,537691.463,4142372.019,4142380.994,"Silva","NEON_D07_MLBS_DP1_537000_4142000_classified_point_cloud.laz","2018_MLBS_3_537000_4142000_image.tif","Tree",1,537000,537999.999,4142000,4142999.999
"11391",11391,537782.053,537785.437,4142309.056,4142312.291,"Silva","NEON_D07_MLBS_DP1_537000_4142000_classified_point_cloud.laz","2018_MLBS_3_537000_4142000_image.tif","Tree",1,537000,537999.999,4142000,4142999.999
"11392",11392,537774.568,537777.045,4142317.038,4142319.559,"Silva","NEON_D07_MLBS_DP1_537000_4142000_classified_point_cloud.laz","2018_MLBS_3_537000_4142000_image.tif","Tree",1,537000,537999.999,4142000,4142999.999
"11393",11393,537751.505,537756.304,4142330.503,4142334.254,"Silva","NEON_D07_MLBS_DP1_537000_4142000_classified_point_cloud.laz","2018_MLBS_3_537000_4142000_image.tif","Tree",1,537000,537999.999,4142000,4142999.999
"11394",11394,537776.042,537780.468,4142341.68,4142347.875,"Silva","NEON_D07_MLBS_DP1_537000_4142000_classified_point_cloud.laz","2018_MLBS_3_537000_4142000_image.tif","Tree",1,537000,537999.999,4142000,4142999.999
"11395",11395,537844.178,537852.992,4142284.505,4142291.836,"Silva","NEON_D07_MLBS_DP1_537000_4142000_classified_point_cloud.laz","2018_MLBS_3_537000_4142000_image.tif","Tree",1,537000,537999.999,4142000,4142999.999
"11396",11396,537821.06,537824.217,4142291.524,4142294.498,"Silva","NEON_D07_MLBS_DP1_537000_4142000_classified_point_cloud.laz","2018_MLBS_3_537000_4142000_image.tif","Tree",1,537000,537999.999,4142000,4142999.999
"11397",11397,537828.691,537832.468,4142292.528,4142295.771,"Silva","NEON_D07_MLBS_DP1_537000_4142000_classified_point_cloud.laz","2018_MLBS_3_537000_4142000_image.tif","Tree",1,537000,537999.999,4142000,4142999.999
"11398",11398,537840.578,537842.911,4142294.581,4142297.401,"Silva","NEON_D07_MLBS_DP1_537000_4142000_classified_point_cloud.laz","2018_MLBS_3_537000_4142000_image.tif","Tree",1,537000,537999.999,4142000,4142999.999
"11399",11399,537830.621,537835.441,4142296.503,4142299.492,"Silva","NEON_D07_MLBS_DP1_537000_4142000_classified_point_cloud.laz","2018_MLBS_3_537000_4142000_image.tif","Tree",1,537000,537999.999,4142000,4142999.999
"11400",11400,537819.595,537820.985,4142302.51,4142304.967,"Silva","NEON_D07_MLBS_DP1_537000_4142000_classified_point_cloud.laz","2018_MLBS_3_537000_4142000_image.tif","Tree",1,537000,537999.999,4142000,4142999.999
"11401",11401,537858.002,537861.957,4142304.204,4142312.933,"Silva","NEON_D07_MLBS_DP1_537000_4142000_classified_point_cloud.laz","2018_MLBS_3_537000_4142000_image.tif","Tree",1,537000,537999.999,4142000,4142999.999
"11402",11402,537822.206,537824.934,4142321.004,4142324.986,"Silva","NEON_D07_MLBS_DP1_537000_4142000_classified_point_cloud.laz","2018_MLBS_3_537000_4142000_image.tif","Tree",1,537000,537999.999,4142000,4142999.999
"11403",11403,537847.045,537855.455,4142334.549,4142342.743,"Silva","NEON_D07_MLBS_DP1_537000_4142000_classified_point_cloud.laz","2018_MLBS_3_537000_4142000_image.tif","Tree",1,537000,537999.999,4142000,4142999.999
"11404",11404,537767.172,537774.977,4142344.686,4142349.249,"Silva","NEON_D07_MLBS_DP1_537000_4142000_classified_point_cloud.laz","2018_MLBS_3_537000_4142000_image.tif","Tree",1,537000,537999.999,4142000,4142999.999
"11405",11405,537780.035,537788.984,4142366.085,4142376.47,"Silva","NEON_D07_MLBS_DP1_537000_4142000_classified_point_cloud.laz","2018_MLBS_3_537000_4142000_image.tif","Tree",1,537000,537999.999,4142000,4142999.999
"11406",11406,537804.513,537816.456,4142372.017,4142381.491,"Silva","NEON_D07_MLBS_DP1_537000_4142000_classified_point_cloud.laz","2018_MLBS_3_537000_4142000_image.tif","Tree",1,537000,537999.999,4142000,4142999.999
"11407",11407,537815.553,537818.477,4142375.687,4142377.99,"Silva","NEON_D07_MLBS_DP1_537000_4142000_classified_point_cloud.laz","2018_MLBS_3_537000_4142000_image.tif","Tree",1,537000,537999.999,4142000,4142999.999
"11408",11408,537871.03,537872.383,4142355.003,4142356.216,"Silva","NEON_D07_MLBS_DP1_537000_4142000_classified_point_cloud.laz","2018_MLBS_3_537000_4142000_image.tif","Tree",1,537000,537999.999,4142000,4142999.999
"11409",11409,537856.183,537860.784,4142358.552,4142360.893,"Silva","NEON_D07_MLBS_DP1_537000_4142000_classified_point_cloud.laz","2018_MLBS_3_537000_4142000_image.tif","Tree",1,537000,537999.999,4142000,4142999.999
"11410",11410,537826.058,537836.249,4142359.015,4142367.468,"Silva","NEON_D07_MLBS_DP1_537000_4142000_classified_point_cloud.laz","2018_MLBS_3_537000_4142000_image.tif","Tree",1,537000,537999.999,4142000,4142999.999
"11411",11411,537818.083,537822.993,4142375.014,4142378.923,"Silva","NEON_D07_MLBS_DP1_537000_4142000_classified_point_cloud.laz","2018_MLBS_3_537000_4142000_image.tif","Tree",1,537000,537999.999,4142000,4142999.999
"11412",11412,537570.577,537577.011,4142194.251,4142199.49,"Silva","NEON_D07_MLBS_DP1_537000_4142000_classified_point_cloud.laz","2018_MLBS_3_537000_4142000_image.tif","Tree",1,537000,537999.999,4142000,4142999.999
"11413",11413,537563.733,537571.496,4142197.069,4142203.923,"Silva","NEON_D07_MLBS_DP1_537000_4142000_classified_point_cloud.laz","2018_MLBS_3_537000_4142000_image.tif","Tree",1,537000,537999.999,4142000,4142999.999
"11414",11414,537570.024,537578.495,4142203.012,4142210.482,"Silva","NEON_D07_MLBS_DP1_537000_4142000_classified_point_cloud.laz","2018_MLBS_3_537000_4142000_image.tif","Tree",1,537000,537999.999,4142000,4142999.999
"11415",11415,537544.093,537553.999,4142197.038,4142203.993,"Silva","NEON_D07_MLBS_DP1_537000_4142000_classified_point_cloud.laz","2018_MLBS_3_537000_4142000_image.tif","Tree",1,537000,537999.999,4142000,4142999.999
"11416",11416,537554.012,537564.481,4142195.526,4142205.439,"Silva","NEON_D07_MLBS_DP1_537000_4142000_classified_point_cloud.laz","2018_MLBS_3_537000_4142000_image.tif","Tree",1,537000,537999.999,4142000,4142999.999
"11417",11417,537550.027,537561.41,4142207.532,4142216.472,"Silva","NEON_D07_MLBS_DP1_537000_4142000_classified_point_cloud.laz","2018_MLBS_3_537000_4142000_image.tif","Tree",1,537000,537999.999,4142000,4142999.999
"11418",11418,537538.561,537546.396,4142198.103,4142206.982,"Silva","NEON_D07_MLBS_DP1_537000_4142000_classified_point_cloud.laz","2018_MLBS_3_537000_4142000_image.tif","Tree",1,537000,537999.999,4142000,4142999.999
"11419",11419,537593.562,537603.311,4142203.524,4142210.492,"Silva","NEON_D07_MLBS_DP1_537000_4142000_classified_point_cloud.laz","2018_MLBS_3_537000_4142000_image.tif","Tree",1,537000,537999.999,4142000,4142999.999
"11420",11420,537561.009,537570.465,4142201.023,4142212.447,"Silva","NEON_D07_MLBS_DP1_537000_4142000_classified_point_cloud.laz","2018_MLBS_3_537000_4142000_image.tif","Tree",1,537000,537999.999,4142000,4142999.999
"11421",11421,537550.666,537558.483,4142200.001,4142208.484,"Silva","NEON_D07_MLBS_DP1_537000_4142000_classified_point_cloud.laz","2018_MLBS_3_537000_4142000_image.tif","Tree",1,537000,537999.999,4142000,4142999.999
"11422",11422,537577.055,537582.478,4142210.626,4142219.959,"Silva","NEON_D07_MLBS_DP1_537000_4142000_classified_point_cloud.laz","2018_MLBS_3_537000_4142000_image.tif","Tree",1,537000,537999.999,4142000,4142999.999
"11423",11423,537556.553,537563.964,4142205.002,4142216.941,"Silva","NEON_D07_MLBS_DP1_537000_4142000_classified_point_cloud.laz","2018_MLBS_3_537000_4142000_image.tif","Tree",1,537000,537999.999,4142000,4142999.999
"11424",11424,537534.574,537543.3,4142201.566,4142212.971,"Silva","NEON_D07_MLBS_DP1_537000_4142000_classified_point_cloud.laz","2018_MLBS_3_537000_4142000_image.tif","Tree",1,537000,537999.999,4142000,4142999.999
"11425",11425,537574.513,537580.442,4142207.086,4142212.276,"Silva","NEON_D07_MLBS_DP1_537000_4142000_classified_point_cloud.laz","2018_MLBS_3_537000_4142000_image.tif","Tree",1,537000,537999.999,4142000,4142999.999
"11426",11426,537573.141,537577.966,4142210.532,4142218.478,"Silva","NEON_D07_MLBS_DP1_537000_4142000_classified_point_cloud.laz","2018_MLBS_3_537000_4142000_image.tif","Tree",1,537000,537999.999,4142000,4142999.999
"11427",11427,537550.617,537562.895,4142213.613,4142221.477,"Silva","NEON_D07_MLBS_DP1_537000_4142000_classified_point_cloud.laz","2018_MLBS_3_537000_4142000_image.tif","Tree",1,537000,537999.999,4142000,4142999.999
"11428",11428,537544.546,537550.452,4142213.509,4142220.993,"Silva","NEON_D07_MLBS_DP1_537000_4142000_classified_point_cloud.laz","2018_MLBS_3_537000_4142000_image.tif","Tree",1,537000,537999.999,4142000,4142999.999
"11429",11429,537542.02,537551.471,4142223.501,4142229.702,"Silva","NEON_D07_MLBS_DP1_537000_4142000_classified_point_cloud.laz","2018_MLBS_3_537000_4142000_image.tif","Tree",1,537000,537999.999,4142000,4142999.999
"11430",11430,537561.058,537572.498,4142228.574,4142238.45,"Silva","NEON_D07_MLBS_DP1_537000_4142000_classified_point_cloud.laz","2018_MLBS_3_537000_4142000_image.tif","Tree",1,537000,537999.999,4142000,4142999.999
"11431",11431,537563.529,537575.95,4142237.512,4142249.996,"Silva","NEON_D07_MLBS_DP1_537000_4142000_classified_point_cloud.laz","2018_MLBS_3_537000_4142000_image.tif","Tree",1,537000,537999.999,4142000,4142999.999
"11432",11432,537570.099,537579.986,4142242.597,4142255.927,"Silva","NEON_D07_MLBS_DP1_537000_4142000_classified_point_cloud.laz","2018_MLBS_3_537000_4142000_image.tif","Tree",1,537000,537999.999,4142000,4142999.999
"11433",11433,537581.544,537589.278,4142268.008,4142280.387,"Silva","NEON_D07_MLBS_DP1_537000_4142000_classified_point_cloud.laz","2018_MLBS_3_537000_4142000_image.tif","Tree",1,537000,537999.999,4142000,4142999.999
"11434",11434,537588.032,537595.642,4142253.089,4142259.319,"Silva","NEON_D07_MLBS_DP1_537000_4142000_classified_point_cloud.laz","2018_MLBS_3_537000_4142000_image.tif","Tree",1,537000,537999.999,4142000,4142999.999
"11435",11435,537544.094,537550.229,4142255.127,4142265.383,"Silva","NEON_D07_MLBS_DP1_537000_4142000_classified_point_cloud.laz","2018_MLBS_3_537000_4142000_image.tif","Tree",1,537000,537999.999,4142000,4142999.999
"11436",11436,537540.039,537552.891,4142270.513,4142281.466,"Silva","NEON_D07_MLBS_DP1_537000_4142000_classified_point_cloud.laz","2018_MLBS_3_537000_4142000_image.tif","Tree",1,537000,537999.999,4142000,4142999.999
"11437",11437,537541.503,537556.946,4142273.567,4142287.999,"Silva","NEON_D07_MLBS_DP1_537000_4142000_classified_point_cloud.laz","2018_MLBS_3_537000_4142000_image.tif","Tree",1,537000,537999.999,4142000,4142999.999
"11438",11438,537577.507,537587.377,4142287.537,4142298.488,"Silva","NEON_D07_MLBS_DP1_537000_4142000_classified_point_cloud.laz","2018_MLBS_3_537000_4142000_image.tif","Tree",1,537000,537999.999,4142000,4142999.999
"11439",11439,537543.002,537550.454,4142288.004,4142297.498,"Silva","NEON_D07_MLBS_DP1_537000_4142000_classified_point_cloud.laz","2018_MLBS_3_537000_4142000_image.tif","Tree",1,537000,537999.999,4142000,4142999.999
"11440",11440,537602.589,537611.852,4142305.572,4142308.992,"Silva","NEON_D07_MLBS_DP1_537000_4142000_classified_point_cloud.laz","2018_MLBS_3_537000_4142000_image.tif","Tree",1,537000,537999.999,4142000,4142999.999
"11441",11441,537576.004,537589.835,4142299.518,4142309.173,"Silva","NEON_D07_MLBS_DP1_537000_4142000_classified_point_cloud.laz","2018_MLBS_3_537000_4142000_image.tif","Tree",1,537000,537999.999,4142000,4142999.999
"11442",11442,537579.054,537592.343,4142306.192,4142315.999,"Silva","NEON_D07_MLBS_DP1_537000_4142000_classified_point_cloud.laz","2018_MLBS_3_537000_4142000_image.tif","Tree",1,537000,537999.999,4142000,4142999.999
"11443",11443,537551.596,537564.594,4142300.768,4142312.843,"Silva","NEON_D07_MLBS_DP1_537000_4142000_classified_point_cloud.laz","2018_MLBS_3_537000_4142000_image.tif","Tree",1,537000,537999.999,4142000,4142999.999
"11444",11444,537557.612,537569.94,4142300.131,4142317.661,"Silva","NEON_D07_MLBS_DP1_537000_4142000_classified_point_cloud.laz","2018_MLBS_3_537000_4142000_image.tif","Tree",1,537000,537999.999,4142000,4142999.999
"11445",11445,537549.526,537557.374,4142312.01,4142318.999,"Silva","NEON_D07_MLBS_DP1_537000_4142000_classified_point_cloud.laz","2018_MLBS_3_537000_4142000_image.tif","Tree",1,537000,537999.999,4142000,4142999.999
"11446",11446,537555.074,537568.999,4142313.04,4142320.995,"Silva","NEON_D07_MLBS_DP1_537000_4142000_classified_point_cloud.laz","2018_MLBS_3_537000_4142000_image.tif","Tree",1,537000,537999.999,4142000,4142999.999
"11447",11447,537587.539,537600.981,4142313.672,4142327.977,"Silva","NEON_D07_MLBS_DP1_537000_4142000_classified_point_cloud.laz","2018_MLBS_3_537000_4142000_image.tif","Tree",1,537000,537999.999,4142000,4142999.999
"11448",11448,537546.157,537555.428,4142317.327,4142323.477,"Silva","NEON_D07_MLBS_DP1_537000_4142000_classified_point_cloud.laz","2018_MLBS_3_537000_4142000_image.tif","Tree",1,537000,537999.999,4142000,4142999.999
"11449",11449,537606.7,537617.971,4142320.274,4142328.983,"Silva","NEON_D07_MLBS_DP1_537000_4142000_classified_point_cloud.laz","2018_MLBS_3_537000_4142000_image.tif","Tree",1,537000,537999.999,4142000,4142999.999
"11450",11450,537575.06,537593.988,4142316.029,4142331.335,"Silva","NEON_D07_MLBS_DP1_537000_4142000_classified_point_cloud.laz","2018_MLBS_3_537000_4142000_image.tif","Tree",1,537000,537999.999,4142000,4142999.999
"11451",11451,537554.056,537568.913,4142321.002,4142327.49,"Silva","NEON_D07_MLBS_DP1_537000_4142000_classified_point_cloud.laz","2018_MLBS_3_537000_4142000_image.tif","Tree",1,537000,537999.999,4142000,4142999.999
"11452",11452,537611.003,537619.977,4142323.406,4142333.484,"Silva","NEON_D07_MLBS_DP1_537000_4142000_classified_point_cloud.laz","2018_MLBS_3_537000_4142000_image.tif","Tree",1,537000,537999.999,4142000,4142999.999
"11453",11453,537604.549,537610.967,4142325.026,4142333.49,"Silva","NEON_D07_MLBS_DP1_537000_4142000_classified_point_cloud.laz","2018_MLBS_3_537000_4142000_image.tif","Tree",1,537000,537999.999,4142000,4142999.999
"11454",11454,537595.533,537605.466,4142322.019,4142332.98,"Silva","NEON_D07_MLBS_DP1_537000_4142000_classified_point_cloud.laz","2018_MLBS_3_537000_4142000_image.tif","Tree",1,537000,537999.999,4142000,4142999.999
"11455",11455,537552.029,537560.448,4142325.523,4142334.444,"Silva","NEON_D07_MLBS_DP1_537000_4142000_classified_point_cloud.laz","2018_MLBS_3_537000_4142000_image.tif","Tree",1,537000,537999.999,4142000,4142999.999
"11456",11456,537559.58,537576.331,4142323.052,4142335.488,"Silva","NEON_D07_MLBS_DP1_537000_4142000_classified_point_cloud.laz","2018_MLBS_3_537000_4142000_image.tif","Tree",1,537000,537999.999,4142000,4142999.999
"11457",11457,537611.51,537620.424,4142331.139,4142338.475,"Silva","NEON_D07_MLBS_DP1_537000_4142000_classified_point_cloud.laz","2018_MLBS_3_537000_4142000_image.tif","Tree",1,537000,537999.999,4142000,4142999.999
"11458",11458,537600.507,537604.999,4142333.028,4142338.432,"Silva","NEON_D07_MLBS_DP1_537000_4142000_classified_point_cloud.laz","2018_MLBS_3_537000_4142000_image.tif","Tree",1,537000,537999.999,4142000,4142999.999
"11459",11459,537542.019,537549.498,4142331.252,4142339.994,"Silva","NEON_D07_MLBS_DP1_537000_4142000_classified_point_cloud.laz","2018_MLBS_3_537000_4142000_image.tif","Tree",1,537000,537999.999,4142000,4142999.999
"11460",11460,537559.585,537573.452,4142333.02,4142339.066,"Silva","NEON_D07_MLBS_DP1_537000_4142000_classified_point_cloud.laz","2018_MLBS_3_537000_4142000_image.tif","Tree",1,537000,537999.999,4142000,4142999.999
"11461",11461,537607.51,537615.476,4142335.118,4142343.999,"Silva","NEON_D07_MLBS_DP1_537000_4142000_classified_point_cloud.laz","2018_MLBS_3_537000_4142000_image.tif","Tree",1,537000,537999.999,4142000,4142999.999
"11462",11462,537596.614,537607.487,4142338.056,4142348.369,"Silva","NEON_D07_MLBS_DP1_537000_4142000_classified_point_cloud.laz","2018_MLBS_3_537000_4142000_image.tif","Tree",1,537000,537999.999,4142000,4142999.999
"11463",11463,537602.684,537616.923,4142344.004,4142362.291,"Silva","NEON_D07_MLBS_DP1_537000_4142000_classified_point_cloud.laz","2018_MLBS_3_537000_4142000_image.tif","Tree",1,537000,537999.999,4142000,4142999.999
"11464",11464,537583.611,537598.932,4142342.786,4142356.485,"Silva","NEON_D07_MLBS_DP1_537000_4142000_classified_point_cloud.laz","2018_MLBS_3_537000_4142000_image.tif","Tree",1,537000,537999.999,4142000,4142999.999
"11465",11465,537549.043,537558.923,4142343.018,4142354.98,"Silva","NEON_D07_MLBS_DP1_537000_4142000_classified_point_cloud.laz","2018_MLBS_3_537000_4142000_image.tif","Tree",1,537000,537999.999,4142000,4142999.999
"11466",11466,537535.51,537545.988,4142350.568,4142356.493,"Silva","NEON_D07_MLBS_DP1_537000_4142000_classified_point_cloud.laz","2018_MLBS_3_537000_4142000_image.tif","Tree",1,537000,537999.999,4142000,4142999.999
"11467",11467,537529.542,537538.993,4142351.219,4142360.826,"Silva","NEON_D07_MLBS_DP1_537000_4142000_classified_point_cloud.laz","2018_MLBS_3_537000_4142000_image.tif","Tree",1,537000,537999.999,4142000,4142999.999
"11468",11468,537538.503,537545.489,4142356.018,4142366.402,"Silva","NEON_D07_MLBS_DP1_537000_4142000_classified_point_cloud.laz","2018_MLBS_3_537000_4142000_image.tif","Tree",1,537000,537999.999,4142000,4142999.999
"11469",11469,537559.083,537566.486,4142359.097,4142368.835,"Silva","NEON_D07_MLBS_DP1_537000_4142000_classified_point_cloud.laz","2018_MLBS_3_537000_4142000_image.tif","Tree",1,537000,537999.999,4142000,4142999.999
"11470",11470,537551.504,537559.47,4142361.501,4142367.988,"Silva","NEON_D07_MLBS_DP1_537000_4142000_classified_point_cloud.laz","2018_MLBS_3_537000_4142000_image.tif","Tree",1,537000,537999.999,4142000,4142999.999
"11471",11471,537540.538,537552.985,4142363.023,4142370.96,"Silva","NEON_D07_MLBS_DP1_537000_4142000_classified_point_cloud.laz","2018_MLBS_3_537000_4142000_image.tif","Tree",1,537000,537999.999,4142000,4142999.999
"11472",11472,537525.088,537539.466,4142364.001,4142372.48,"Silva","NEON_D07_MLBS_DP1_537000_4142000_classified_point_cloud.laz","2018_MLBS_3_537000_4142000_image.tif","Tree",1,537000,537999.999,4142000,4142999.999
"11473",11473,537554,537562.838,4142366.559,4142376.696,"Silva","NEON_D07_MLBS_DP1_537000_4142000_classified_point_cloud.laz","2018_MLBS_3_537000_4142000_image.tif","Tree",1,537000,537999.999,4142000,4142999.999
"11474",11474,537532.003,537541.969,4142366.646,4142375.898,"Silva","NEON_D07_MLBS_DP1_537000_4142000_classified_point_cloud.laz","2018_MLBS_3_537000_4142000_image.tif","Tree",1,537000,537999.999,4142000,4142999.999
"11475",11475,537570.737,537577.478,4142369.136,4142376.909,"Silva","NEON_D07_MLBS_DP1_537000_4142000_classified_point_cloud.laz","2018_MLBS_3_537000_4142000_image.tif","Tree",1,537000,537999.999,4142000,4142999.999
"11476",11476,537605.008,537613.432,4142381.104,4142388.963,"Silva","NEON_D07_MLBS_DP1_537000_4142000_classified_point_cloud.laz","2018_MLBS_3_537000_4142000_image.tif","Tree",1,537000,537999.999,4142000,4142999.999
"11477",11477,537536.528,537542.996,4142375.522,4142384.442,"Silva","NEON_D07_MLBS_DP1_537000_4142000_classified_point_cloud.laz","2018_MLBS_3_537000_4142000_image.tif","Tree",1,537000,537999.999,4142000,4142999.999
"11478",11478,537526.006,537531.479,4142377.001,4142383.994,"Silva","NEON_D07_MLBS_DP1_537000_4142000_classified_point_cloud.laz","2018_MLBS_3_537000_4142000_image.tif","Tree",1,537000,537999.999,4142000,4142999.999
"11479",11479,537530.034,537537.873,4142378.528,4142384.973,"Silva","NEON_D07_MLBS_DP1_537000_4142000_classified_point_cloud.laz","2018_MLBS_3_537000_4142000_image.tif","Tree",1,537000,537999.999,4142000,4142999.999
"11480",11480,537588.594,537597.875,4142383.009,4142392.437,"Silva","NEON_D07_MLBS_DP1_537000_4142000_classified_point_cloud.laz","2018_MLBS_3_537000_4142000_image.tif","Tree",1,537000,537999.999,4142000,4142999.999
"11481",11481,537520.508,537529.986,4142381.145,4142387.467,"Silva","NEON_D07_MLBS_DP1_537000_4142000_classified_point_cloud.laz","2018_MLBS_3_537000_4142000_image.tif","Tree",1,537000,537999.999,4142000,4142999.999
"11482",11482,537535.506,537541.488,4142383.547,4142391.92,"Silva","NEON_D07_MLBS_DP1_537000_4142000_classified_point_cloud.laz","2018_MLBS_3_537000_4142000_image.tif","Tree",1,537000,537999.999,4142000,4142999.999
"11483",11483,537538.579,537545.496,4142384.559,4142391.996,"Silva","NEON_D07_MLBS_DP1_537000_4142000_classified_point_cloud.laz","2018_MLBS_3_537000_4142000_image.tif","Tree",1,537000,537999.999,4142000,4142999.999
"11484",11484,537514.56,537524.497,4142385.025,4142393.981,"Silva","NEON_D07_MLBS_DP1_537000_4142000_classified_point_cloud.laz","2018_MLBS_3_537000_4142000_image.tif","Tree",1,537000,537999.999,4142000,4142999.999
"11485",11485,537524.001,537532.414,4142386.136,4142395.949,"Silva","NEON_D07_MLBS_DP1_537000_4142000_classified_point_cloud.laz","2018_MLBS_3_537000_4142000_image.tif","Tree",1,537000,537999.999,4142000,4142999.999
"11486",11486,537577.001,537588.497,4142391.533,4142400.985,"Silva","NEON_D07_MLBS_DP1_537000_4142000_classified_point_cloud.laz","2018_MLBS_3_537000_4142000_image.tif","Tree",1,537000,537999.999,4142000,4142999.999
"11487",11487,537595.037,537607.935,4142396.076,4142405.494,"Silva","NEON_D07_MLBS_DP1_537000_4142000_classified_point_cloud.laz","2018_MLBS_3_537000_4142000_image.tif","Tree",1,537000,537999.999,4142000,4142999.999
"11488",11488,537568.52,537577.499,4142399.001,4142404.961,"Silva","NEON_D07_MLBS_DP1_537000_4142000_classified_point_cloud.laz","2018_MLBS_3_537000_4142000_image.tif","Tree",1,537000,537999.999,4142000,4142999.999
"11489",11489,537603.521,537610.904,4142397.006,4142408.925,"Silva","NEON_D07_MLBS_DP1_537000_4142000_classified_point_cloud.laz","2018_MLBS_3_537000_4142000_image.tif","Tree",1,537000,537999.999,4142000,4142999.999
"11490",11490,537554.009,537567.432,4142397.091,4142410.499,"Silva","NEON_D07_MLBS_DP1_537000_4142000_classified_point_cloud.laz","2018_MLBS_3_537000_4142000_image.tif","Tree",1,537000,537999.999,4142000,4142999.999
"11491",11491,537497.019,537505.985,4142400.014,4142405.993,"Silva","NEON_D07_MLBS_DP1_537000_4142000_classified_point_cloud.laz","2018_MLBS_3_537000_4142000_image.tif","Tree",1,537000,537999.999,4142000,4142999.999
"11492",11492,537574.501,537581.995,4142403.038,4142412.988,"Silva","NEON_D07_MLBS_DP1_537000_4142000_classified_point_cloud.laz","2018_MLBS_3_537000_4142000_image.tif","Tree",1,537000,537999.999,4142000,4142999.999
"11493",11493,537600.024,537607.432,4142405.068,4142413.998,"Silva","NEON_D07_MLBS_DP1_537000_4142000_classified_point_cloud.laz","2018_MLBS_3_537000_4142000_image.tif","Tree",1,537000,537999.999,4142000,4142999.999
"11494",11494,537504.019,537515.933,4142403.578,4142411.487,"Silva","NEON_D07_MLBS_DP1_537000_4142000_classified_point_cloud.laz","2018_MLBS_3_537000_4142000_image.tif","Tree",1,537000,537999.999,4142000,4142999.999
"11495",11495,537730.029,537742.102,4142174.519,4142182.414,"Silva","NEON_D07_MLBS_DP1_537000_4142000_classified_point_cloud.laz","2018_MLBS_3_537000_4142000_image.tif","Tree",1,537000,537999.999,4142000,4142999.999
"11496",11496,537722.019,537725.994,4142182.509,4142190.981,"Silva","NEON_D07_MLBS_DP1_537000_4142000_classified_point_cloud.laz","2018_MLBS_3_537000_4142000_image.tif","Tree",1,537000,537999.999,4142000,4142999.999
"11497",11497,537738.169,537748.475,4142176.216,4142187.477,"Silva","NEON_D07_MLBS_DP1_537000_4142000_classified_point_cloud.laz","2018_MLBS_3_537000_4142000_image.tif","Tree",1,537000,537999.999,4142000,4142999.999
"11498",11498,537726.739,537733.478,4142176.01,4142185.872,"Silva","NEON_D07_MLBS_DP1_537000_4142000_classified_point_cloud.laz","2018_MLBS_3_537000_4142000_image.tif","Tree",1,537000,537999.999,4142000,4142999.999
"11499",11499,537733.169,537738.979,4142188.016,4142195.895,"Silva","NEON_D07_MLBS_DP1_537000_4142000_classified_point_cloud.laz","2018_MLBS_3_537000_4142000_image.tif","Tree",1,537000,537999.999,4142000,4142999.999
"11500",11500,537737.505,537745.499,4142186.003,4142194.288,"Silva","NEON_D07_MLBS_DP1_537000_4142000_classified_point_cloud.laz","2018_MLBS_3_537000_4142000_image.tif","Tree",1,537000,537999.999,4142000,4142999.999
"11501",11501,537729.536,537735.931,4142191.633,4142196.99,"Silva","NEON_D07_MLBS_DP1_537000_4142000_classified_point_cloud.laz","2018_MLBS_3_537000_4142000_image.tif","Tree",1,537000,537999.999,4142000,4142999.999
"11502",11502,537717.652,537724.966,4142190.569,4142201.828,"Silva","NEON_D07_MLBS_DP1_537000_4142000_classified_point_cloud.laz","2018_MLBS_3_537000_4142000_image.tif","Tree",1,537000,537999.999,4142000,4142999.999
"11503",11503,537694.008,537704.407,4142191.553,4142202.866,"Silva","NEON_D07_MLBS_DP1_537000_4142000_classified_point_cloud.laz","2018_MLBS_3_537000_4142000_image.tif","Tree",1,537000,537999.999,4142000,4142999.999
"11504",11504,537743.036,537750.492,4142194.324,4142202.932,"Silva","NEON_D07_MLBS_DP1_537000_4142000_classified_point_cloud.laz","2018_MLBS_3_537000_4142000_image.tif","Tree",1,537000,537999.999,4142000,4142999.999
"11505",11505,537719.045,537731.49,4142199.668,4142211.49,"Silva","NEON_D07_MLBS_DP1_537000_4142000_classified_point_cloud.laz","2018_MLBS_3_537000_4142000_image.tif","Tree",1,537000,537999.999,4142000,4142999.999
"11506",11506,537744.723,537753.994,4142205.792,4142214.486,"Silva","NEON_D07_MLBS_DP1_537000_4142000_classified_point_cloud.laz","2018_MLBS_3_537000_4142000_image.tif","Tree",1,537000,537999.999,4142000,4142999.999
"11507",11507,537705.093,537715.499,4142205.257,4142212.966,"Silva","NEON_D07_MLBS_DP1_537000_4142000_classified_point_cloud.laz","2018_MLBS_3_537000_4142000_image.tif","Tree",1,537000,537999.999,4142000,4142999.999
"11508",11508,537713.566,537721.952,4142204.018,4142213.773,"Silva","NEON_D07_MLBS_DP1_537000_4142000_classified_point_cloud.laz","2018_MLBS_3_537000_4142000_image.tif","Tree",1,537000,537999.999,4142000,4142999.999
"11509",11509,537716.523,537729.971,4142211.587,4142227.38,"Silva","NEON_D07_MLBS_DP1_537000_4142000_classified_point_cloud.laz","2018_MLBS_3_537000_4142000_image.tif","Tree",1,537000,537999.999,4142000,4142999.999
"11510",11510,537745.501,537756.994,4142218.532,4142226.97,"Silva","NEON_D07_MLBS_DP1_537000_4142000_classified_point_cloud.laz","2018_MLBS_3_537000_4142000_image.tif","Tree",1,537000,537999.999,4142000,4142999.999
"11511",11511,537742.199,537751.958,4142220.509,4142228.905,"Silva","NEON_D07_MLBS_DP1_537000_4142000_classified_point_cloud.laz","2018_MLBS_3_537000_4142000_image.tif","Tree",1,537000,537999.999,4142000,4142999.999
"11512",11512,537688.025,537697.91,4142221.584,4142228.499,"Silva","NEON_D07_MLBS_DP1_537000_4142000_classified_point_cloud.laz","2018_MLBS_3_537000_4142000_image.tif","Tree",1,537000,537999.999,4142000,4142999.999
"11513",11513,537695.02,537703.713,4142223.063,4142231.929,"Silva","NEON_D07_MLBS_DP1_537000_4142000_classified_point_cloud.laz","2018_MLBS_3_537000_4142000_image.tif","Tree",1,537000,537999.999,4142000,4142999.999
"11514",11514,537675.501,537682.976,4142222.56,4142231.492,"Silva","NEON_D07_MLBS_DP1_537000_4142000_classified_point_cloud.laz","2018_MLBS_3_537000_4142000_image.tif","Tree",1,537000,537999.999,4142000,4142999.999
"11515",11515,537730.603,537745.895,4142224.545,4142240.002,"Silva","NEON_D07_MLBS_DP1_537000_4142000_classified_point_cloud.laz","2018_MLBS_3_537000_4142000_image.tif","Tree",1,537000,537999.999,4142000,4142999.999
"11516",11516,537689.566,537696.949,4142228.038,4142236.497,"Silva","NEON_D07_MLBS_DP1_537000_4142000_classified_point_cloud.laz","2018_MLBS_3_537000_4142000_image.tif","Tree",1,537000,537999.999,4142000,4142999.999
"11517",11517,537695.116,537702.442,4142245.087,4142252.94,"Silva","NEON_D07_MLBS_DP1_537000_4142000_classified_point_cloud.laz","2018_MLBS_3_537000_4142000_image.tif","Tree",1,537000,537999.999,4142000,4142999.999
"11518",11518,537701.139,537708.416,4142245.101,4142254.916,"Silva","NEON_D07_MLBS_DP1_537000_4142000_classified_point_cloud.laz","2018_MLBS_3_537000_4142000_image.tif","Tree",1,537000,537999.999,4142000,4142999.999
"11519",11519,537695.573,537703.992,4142258.504,4142266.767,"Silva","NEON_D07_MLBS_DP1_537000_4142000_classified_point_cloud.laz","2018_MLBS_3_537000_4142000_image.tif","Tree",1,537000,537999.999,4142000,4142999.999
"11520",11520,537706.555,537719.907,4142259.233,4142272.136,"Silva","NEON_D07_MLBS_DP1_537000_4142000_classified_point_cloud.laz","2018_MLBS_3_537000_4142000_image.tif","Tree",1,537000,537999.999,4142000,4142999.999
"11521",11521,537699.015,537706.98,4142259.069,4142270.364,"Silva","NEON_D07_MLBS_DP1_537000_4142000_classified_point_cloud.laz","2018_MLBS_3_537000_4142000_image.tif","Tree",1,537000,537999.999,4142000,4142999.999
"11522",11522,537688.617,537693.941,4142267.548,4142275.072,"Silva","NEON_D07_MLBS_DP1_537000_4142000_classified_point_cloud.laz","2018_MLBS_3_537000_4142000_image.tif","Tree",1,537000,537999.999,4142000,4142999.999
"11523",11523,537674.01,537678.889,4142268.015,4142275.966,"Silva","NEON_D07_MLBS_DP1_537000_4142000_classified_point_cloud.laz","2018_MLBS_3_537000_4142000_image.tif","Tree",1,537000,537999.999,4142000,4142999.999
"11524",11524,537691.052,537699.933,4142271.011,4142277.478,"Silva","NEON_D07_MLBS_DP1_537000_4142000_classified_point_cloud.laz","2018_MLBS_3_537000_4142000_image.tif","Tree",1,537000,537999.999,4142000,4142999.999
"11525",11525,537677.034,537683.482,4142272.042,4142279.387,"Silva","NEON_D07_MLBS_DP1_537000_4142000_classified_point_cloud.laz","2018_MLBS_3_537000_4142000_image.tif","Tree",1,537000,537999.999,4142000,4142999.999
"11526",11526,537672.042,537679.332,4142275.529,4142281.96,"Silva","NEON_D07_MLBS_DP1_537000_4142000_classified_point_cloud.laz","2018_MLBS_3_537000_4142000_image.tif","Tree",1,537000,537999.999,4142000,4142999.999
"11527",11527,537677.043,537687.463,4142278.188,4142287.983,"Silva","NEON_D07_MLBS_DP1_537000_4142000_classified_point_cloud.laz","2018_MLBS_3_537000_4142000_image.tif","Tree",1,537000,537999.999,4142000,4142999.999
"11528",11528,537687.003,537697.955,4142279.802,4142289.875,"Silva","NEON_D07_MLBS_DP1_537000_4142000_classified_point_cloud.laz","2018_MLBS_3_537000_4142000_image.tif","Tree",1,537000,537999.999,4142000,4142999.999
"11529",11529,537768.501,537774.49,4142167.508,4142173.493,"Silva","NEON_D07_MLBS_DP1_537000_4142000_classified_point_cloud.laz","2018_MLBS_3_537000_4142000_image.tif","Tree",1,537000,537999.999,4142000,4142999.999
"11530",11530,537758.604,537765.38,4142180.533,4142188.453,"Silva","NEON_D07_MLBS_DP1_537000_4142000_classified_point_cloud.laz","2018_MLBS_3_537000_4142000_image.tif","Tree",1,537000,537999.999,4142000,4142999.999
"11531",11531,537749.168,537758.961,4142174.089,4142182.851,"Silva","NEON_D07_MLBS_DP1_537000_4142000_classified_point_cloud.laz","2018_MLBS_3_537000_4142000_image.tif","Tree",1,537000,537999.999,4142000,4142999.999
"11532",11532,537770.009,537776.959,4142181.035,4142186.955,"Silva","NEON_D07_MLBS_DP1_537000_4142000_classified_point_cloud.laz","2018_MLBS_3_537000_4142000_image.tif","Tree",1,537000,537999.999,4142000,4142999.999
"11533",11533,537756.601,537764.103,4142186.568,4142193.468,"Silva","NEON_D07_MLBS_DP1_537000_4142000_classified_point_cloud.laz","2018_MLBS_3_537000_4142000_image.tif","Tree",1,537000,537999.999,4142000,4142999.999
"11534",11534,537786.009,537789.989,4142195.578,4142203.942,"Silva","NEON_D07_MLBS_DP1_537000_4142000_classified_point_cloud.laz","2018_MLBS_3_537000_4142000_image.tif","Tree",1,537000,537999.999,4142000,4142999.999
"11535",11535,537766.207,537771.985,4142194.042,4142201.494,"Silva","NEON_D07_MLBS_DP1_537000_4142000_classified_point_cloud.laz","2018_MLBS_3_537000_4142000_image.tif","Tree",1,537000,537999.999,4142000,4142999.999
"11536",11536,537750.05,537755.995,4142193.826,4142201.928,"Silva","NEON_D07_MLBS_DP1_537000_4142000_classified_point_cloud.laz","2018_MLBS_3_537000_4142000_image.tif","Tree",1,537000,537999.999,4142000,4142999.999
"11537",11537,537793.015,537807.453,4142201.589,4142214.998,"Silva","NEON_D07_MLBS_DP1_537000_4142000_classified_point_cloud.laz","2018_MLBS_3_537000_4142000_image.tif","Tree",1,537000,537999.999,4142000,4142999.999
"11538",11538,537756.568,537762.998,4142201.511,4142208.612,"Silva","NEON_D07_MLBS_DP1_537000_4142000_classified_point_cloud.laz","2018_MLBS_3_537000_4142000_image.tif","Tree",1,537000,537999.999,4142000,4142999.999
"11539",11539,537751.662,537758.489,4142206.016,4142210.969,"Silva","NEON_D07_MLBS_DP1_537000_4142000_classified_point_cloud.laz","2018_MLBS_3_537000_4142000_image.tif","Tree",1,537000,537999.999,4142000,4142999.999
"11540",11540,537823.033,537831.984,4142204.523,4142214.374,"Silva","NEON_D07_MLBS_DP1_537000_4142000_classified_point_cloud.laz","2018_MLBS_3_537000_4142000_image.tif","Tree",1,537000,537999.999,4142000,4142999.999
"11541",11541,537768.542,537780.475,4142205.019,4142213.689,"Silva","NEON_D07_MLBS_DP1_537000_4142000_classified_point_cloud.laz","2018_MLBS_3_537000_4142000_image.tif","Tree",1,537000,537999.999,4142000,4142999.999
"11542",11542,537779.793,537793.466,4142204.129,4142215.866,"Silva","NEON_D07_MLBS_DP1_537000_4142000_classified_point_cloud.laz","2018_MLBS_3_537000_4142000_image.tif","Tree",1,537000,537999.999,4142000,4142999.999
"11543",11543,537758.594,537764.14,4142206.126,4142212.455,"Silva","NEON_D07_MLBS_DP1_537000_4142000_classified_point_cloud.laz","2018_MLBS_3_537000_4142000_image.tif","Tree",1,537000,537999.999,4142000,4142999.999
"11544",11544,537783.638,537799.474,4142209.518,4142219.483,"Silva","NEON_D07_MLBS_DP1_537000_4142000_classified_point_cloud.laz","2018_MLBS_3_537000_4142000_image.tif","Tree",1,537000,537999.999,4142000,4142999.999
"11545",11545,537751.026,537757.471,4142211.006,4142218.947,"Silva","NEON_D07_MLBS_DP1_537000_4142000_classified_point_cloud.laz","2018_MLBS_3_537000_4142000_image.tif","Tree",1,537000,537999.999,4142000,4142999.999
"11546",11546,537757.003,537764.409,4142213.59,4142219.841,"Silva","NEON_D07_MLBS_DP1_537000_4142000_classified_point_cloud.laz","2018_MLBS_3_537000_4142000_image.tif","Tree",1,537000,537999.999,4142000,4142999.999
"11547",11547,537771.045,537777.969,4142222.01,4142227.494,"Silva","NEON_D07_MLBS_DP1_537000_4142000_classified_point_cloud.laz","2018_MLBS_3_537000_4142000_image.tif","Tree",1,537000,537999.999,4142000,4142999.999
"11548",11548,537784.022,537791.973,4142226.32,4142234.963,"Silva","NEON_D07_MLBS_DP1_537000_4142000_classified_point_cloud.laz","2018_MLBS_3_537000_4142000_image.tif","Tree",1,537000,537999.999,4142000,4142999.999
"11549",11549,537753.007,537759.372,4142224.559,4142236.489,"Silva","NEON_D07_MLBS_DP1_537000_4142000_classified_point_cloud.laz","2018_MLBS_3_537000_4142000_image.tif","Tree",1,537000,537999.999,4142000,4142999.999
"11550",11550,537777,537784.723,4142236.534,4142245.61,"Silva","NEON_D07_MLBS_DP1_537000_4142000_classified_point_cloud.laz","2018_MLBS_3_537000_4142000_image.tif","Tree",1,537000,537999.999,4142000,4142999.999
"11551",11551,537770.007,537779.975,4142235.507,4142247.987,"Silva","NEON_D07_MLBS_DP1_537000_4142000_classified_point_cloud.laz","2018_MLBS_3_537000_4142000_image.tif","Tree",1,537000,537999.999,4142000,4142999.999
"11552",11552,537744.499,537757.985,4142236.008,4142247.836,"Silva","NEON_D07_MLBS_DP1_537000_4142000_classified_point_cloud.laz","2018_MLBS_3_537000_4142000_image.tif","Tree",1,537000,537999.999,4142000,4142999.999
"11553",11553,537788.064,537794.456,4142246.502,4142253.991,"Silva","NEON_D07_MLBS_DP1_537000_4142000_classified_point_cloud.laz","2018_MLBS_3_537000_4142000_image.tif","Tree",1,537000,537999.999,4142000,4142999.999
"11554",11554,537763.029,537771.898,4142243.049,4142252.481,"Silva","NEON_D07_MLBS_DP1_537000_4142000_classified_point_cloud.laz","2018_MLBS_3_537000_4142000_image.tif","Tree",1,537000,537999.999,4142000,4142999.999
"11555",11555,537765.522,537773.421,4142246.086,4142255.475,"Silva","NEON_D07_MLBS_DP1_537000_4142000_classified_point_cloud.laz","2018_MLBS_3_537000_4142000_image.tif","Tree",1,537000,537999.999,4142000,4142999.999
"11556",11556,537753.23,537763.988,4142254.165,4142266.846,"Silva","NEON_D07_MLBS_DP1_537000_4142000_classified_point_cloud.laz","2018_MLBS_3_537000_4142000_image.tif","Tree",1,537000,537999.999,4142000,4142999.999
"11557",11557,537769.536,537783.461,4142269.633,4142278.091,"Silva","NEON_D07_MLBS_DP1_537000_4142000_classified_point_cloud.laz","2018_MLBS_3_537000_4142000_image.tif","Tree",1,537000,537999.999,4142000,4142999.999
"11558",11558,537776.501,537785.986,4142272.577,4142285.779,"Silva","NEON_D07_MLBS_DP1_537000_4142000_classified_point_cloud.laz","2018_MLBS_3_537000_4142000_image.tif","Tree",1,537000,537999.999,4142000,4142999.999
"11559",11559,537778.517,537787.484,4142277.568,4142286.463,"Silva","NEON_D07_MLBS_DP1_537000_4142000_classified_point_cloud.laz","2018_MLBS_3_537000_4142000_image.tif","Tree",1,537000,537999.999,4142000,4142999.999
"11560",11560,537787.141,537795.412,4142280.023,4142287.395,"Silva","NEON_D07_MLBS_DP1_537000_4142000_classified_point_cloud.laz","2018_MLBS_3_537000_4142000_image.tif","Tree",1,537000,537999.999,4142000,4142999.999
"11561",11561,537696.511,537702.976,4142406.005,4142417.5,"Silva","NEON_D07_MLBS_DP1_537000_4142000_classified_point_cloud.laz","2018_MLBS_3_537000_4142000_image.tif","Tree",1,537000,537999.999,4142000,4142999.999
"11562",11562,537702.001,537706.495,4142405.65,4142417.471,"Silva","NEON_D07_MLBS_DP1_537000_4142000_classified_point_cloud.laz","2018_MLBS_3_537000_4142000_image.tif","Tree",1,537000,537999.999,4142000,4142999.999
"11563",11563,537653.721,537659.963,4142406.02,4142413.992,"Silva","NEON_D07_MLBS_DP1_537000_4142000_classified_point_cloud.laz","2018_MLBS_3_537000_4142000_image.tif","Tree",1,537000,537999.999,4142000,4142999.999
"11564",11564,537664.627,537671.995,4142401.509,4142410.764,"Silva","NEON_D07_MLBS_DP1_537000_4142000_classified_point_cloud.laz","2018_MLBS_3_537000_4142000_image.tif","Tree",1,537000,537999.999,4142000,4142999.999
"11565",11565,537709.095,537715.967,4142404.578,4142413.338,"Silva","NEON_D07_MLBS_DP1_537000_4142000_classified_point_cloud.laz","2018_MLBS_3_537000_4142000_image.tif","Tree",1,537000,537999.999,4142000,4142999.999
"11566",11566,537689.593,537701.583,4142405.521,4142414.975,"Silva","NEON_D07_MLBS_DP1_537000_4142000_classified_point_cloud.laz","2018_MLBS_3_537000_4142000_image.tif","Tree",1,537000,537999.999,4142000,4142999.999
"11567",11567,537622.016,537626.952,4142398.228,4142406.906,"Silva","NEON_D07_MLBS_DP1_537000_4142000_classified_point_cloud.laz","2018_MLBS_3_537000_4142000_image.tif","Tree",1,537000,537999.999,4142000,4142999.999
"11568",11568,537688.707,537696.986,4142403.034,4142408.612,"Silva","NEON_D07_MLBS_DP1_537000_4142000_classified_point_cloud.laz","2018_MLBS_3_537000_4142000_image.tif","Tree",1,537000,537999.999,4142000,4142999.999
"11569",11569,537669.536,537680.482,4142396.517,4142403.491,"Silva","NEON_D07_MLBS_DP1_537000_4142000_classified_point_cloud.laz","2018_MLBS_3_537000_4142000_image.tif","Tree",1,537000,537999.999,4142000,4142999.999
"11570",11570,537728.526,537734.949,4142398.591,4142408.415,"Silva","NEON_D07_MLBS_DP1_537000_4142000_classified_point_cloud.laz","2018_MLBS_3_537000_4142000_image.tif","Tree",1,537000,537999.999,4142000,4142999.999
"11571",11571,537702.799,537714.453,4142393.522,4142404.811,"Silva","NEON_D07_MLBS_DP1_537000_4142000_classified_point_cloud.laz","2018_MLBS_3_537000_4142000_image.tif","Tree",1,537000,537999.999,4142000,4142999.999
"11572",11572,537673.737,537679.992,4142391.537,4142400.991,"Silva","NEON_D07_MLBS_DP1_537000_4142000_classified_point_cloud.laz","2018_MLBS_3_537000_4142000_image.tif","Tree",1,537000,537999.999,4142000,4142999.999
"11573",11573,537664.003,537672.977,4142389.532,4142399.358,"Silva","NEON_D07_MLBS_DP1_537000_4142000_classified_point_cloud.laz","2018_MLBS_3_537000_4142000_image.tif","Tree",1,537000,537999.999,4142000,4142999.999
"11574",11574,537697.023,537709.274,4142386.104,4142398.378,"Silva","NEON_D07_MLBS_DP1_537000_4142000_classified_point_cloud.laz","2018_MLBS_3_537000_4142000_image.tif","Tree",1,537000,537999.999,4142000,4142999.999
"11575",11575,537737.519,537745.963,4142389.012,4142399.5,"Silva","NEON_D07_MLBS_DP1_537000_4142000_classified_point_cloud.laz","2018_MLBS_3_537000_4142000_image.tif","Tree",1,537000,537999.999,4142000,4142999.999
"11576",11576,537731.86,537738.446,4142390.053,4142398.952,"Silva","NEON_D07_MLBS_DP1_537000_4142000_classified_point_cloud.laz","2018_MLBS_3_537000_4142000_image.tif","Tree",1,537000,537999.999,4142000,4142999.999
"11577",11577,537724.072,537730.493,4142388.503,4142398.965,"Silva","NEON_D07_MLBS_DP1_537000_4142000_classified_point_cloud.laz","2018_MLBS_3_537000_4142000_image.tif","Tree",1,537000,537999.999,4142000,4142999.999
"11578",11578,537715.629,537724.489,4142389.007,4142396.479,"Silva","NEON_D07_MLBS_DP1_537000_4142000_classified_point_cloud.laz","2018_MLBS_3_537000_4142000_image.tif","Tree",1,537000,537999.999,4142000,4142999.999
"11579",11579,537671.042,537679.365,4142383.182,4142392.417,"Silva","NEON_D07_MLBS_DP1_537000_4142000_classified_point_cloud.laz","2018_MLBS_3_537000_4142000_image.tif","Tree",1,537000,537999.999,4142000,4142999.999
"11580",11580,537679.503,537692.486,4142386.049,4142394.889,"Silva","NEON_D07_MLBS_DP1_537000_4142000_classified_point_cloud.laz","2018_MLBS_3_537000_4142000_image.tif","Tree",1,537000,537999.999,4142000,4142999.999
"11581",11581,537707.534,537716.454,4142380.005,4142394.889,"Silva","NEON_D07_MLBS_DP1_537000_4142000_classified_point_cloud.laz","2018_MLBS_3_537000_4142000_image.tif","Tree",1,537000,537999.999,4142000,4142999.999
"11582",11582,537654.502,537666.391,4142381.506,4142388.49,"Silva","NEON_D07_MLBS_DP1_537000_4142000_classified_point_cloud.laz","2018_MLBS_3_537000_4142000_image.tif","Tree",1,537000,537999.999,4142000,4142999.999
"11583",11583,537743.161,537756.939,4142382.001,4142394.927,"Silva","NEON_D07_MLBS_DP1_537000_4142000_classified_point_cloud.laz","2018_MLBS_3_537000_4142000_image.tif","Tree",1,537000,537999.999,4142000,4142999.999
"11584",11584,537685.6,537694.926,4142379.505,4142390.937,"Silva","NEON_D07_MLBS_DP1_537000_4142000_classified_point_cloud.laz","2018_MLBS_3_537000_4142000_image.tif","Tree",1,537000,537999.999,4142000,4142999.999
"11585",11585,537699.023,537713.465,4142380.002,4142388.936,"Silva","NEON_D07_MLBS_DP1_537000_4142000_classified_point_cloud.laz","2018_MLBS_3_537000_4142000_image.tif","Tree",1,537000,537999.999,4142000,4142999.999
"11586",11586,537734.009,537744.441,4142375.144,4142389.999,"Silva","NEON_D07_MLBS_DP1_537000_4142000_classified_point_cloud.laz","2018_MLBS_3_537000_4142000_image.tif","Tree",1,537000,537999.999,4142000,4142999.999
"11587",11587,537621.657,537629.493,4142368.683,4142377.899,"Silva","NEON_D07_MLBS_DP1_537000_4142000_classified_point_cloud.laz","2018_MLBS_3_537000_4142000_image.tif","Tree",1,537000,537999.999,4142000,4142999.999
"11588",11588,537716.055,537732.49,4142371.683,4142381.466,"Silva","NEON_D07_MLBS_DP1_537000_4142000_classified_point_cloud.laz","2018_MLBS_3_537000_4142000_image.tif","Tree",1,537000,537999.999,4142000,4142999.999
"11589",11589,537701.617,537713.435,4142374.029,4142379.99,"Silva","NEON_D07_MLBS_DP1_537000_4142000_classified_point_cloud.laz","2018_MLBS_3_537000_4142000_image.tif","Tree",1,537000,537999.999,4142000,4142999.999
"11590",11590,537690.088,537700.362,4142371.576,4142381.482,"Silva","NEON_D07_MLBS_DP1_537000_4142000_classified_point_cloud.laz","2018_MLBS_3_537000_4142000_image.tif","Tree",1,537000,537999.999,4142000,4142999.999
"11591",11591,537647.58,537655.907,4142282.561,4142292.388,"Silva","NEON_D07_MLBS_DP1_537000_4142000_classified_point_cloud.laz","2018_MLBS_3_537000_4142000_image.tif","Tree",1,537000,537999.999,4142000,4142999.999
"11592",11592,537669.525,537681.444,4142285.517,4142297.969,"Silva","NEON_D07_MLBS_DP1_537000_4142000_classified_point_cloud.laz","2018_MLBS_3_537000_4142000_image.tif","Tree",1,537000,537999.999,4142000,4142999.999
"11593",11593,537645.517,537657.954,4142291.502,4142300.422,"Silva","NEON_D07_MLBS_DP1_537000_4142000_classified_point_cloud.laz","2018_MLBS_3_537000_4142000_image.tif","Tree",1,537000,537999.999,4142000,4142999.999
"11594",11594,537660.117,537673.998,4142289.7,4142302.982,"Silva","NEON_D07_MLBS_DP1_537000_4142000_classified_point_cloud.laz","2018_MLBS_3_537000_4142000_image.tif","Tree",1,537000,537999.999,4142000,4142999.999
"11595",11595,537677.196,537685.496,4142294.503,4142300.465,"Silva","NEON_D07_MLBS_DP1_537000_4142000_classified_point_cloud.laz","2018_MLBS_3_537000_4142000_image.tif","Tree",1,537000,537999.999,4142000,4142999.999
"11596",11596,537685.012,537692.438,4142299.515,4142306.826,"Silva","NEON_D07_MLBS_DP1_537000_4142000_classified_point_cloud.laz","2018_MLBS_3_537000_4142000_image.tif","Tree",1,537000,537999.999,4142000,4142999.999
"11597",11597,537745.018,537752.89,4142298.764,4142313.533,"Silva","NEON_D07_MLBS_DP1_537000_4142000_classified_point_cloud.laz","2018_MLBS_3_537000_4142000_image.tif","Tree",1,537000,537999.999,4142000,4142999.999
"11598",11598,537679.031,537685.491,4142299.192,4142305.356,"Silva","NEON_D07_MLBS_DP1_537000_4142000_classified_point_cloud.laz","2018_MLBS_3_537000_4142000_image.tif","Tree",1,537000,537999.999,4142000,4142999.999
"11599",11599,537676.007,537681.93,4142297.599,4142309.357,"Silva","NEON_D07_MLBS_DP1_537000_4142000_classified_point_cloud.laz","2018_MLBS_3_537000_4142000_image.tif","Tree",1,537000,537999.999,4142000,4142999.999
"11600",11600,537669.359,537677.998,4142297.525,4142310.392,"Silva","NEON_D07_MLBS_DP1_537000_4142000_classified_point_cloud.laz","2018_MLBS_3_537000_4142000_image.tif","Tree",1,537000,537999.999,4142000,4142999.999
"11601",11601,537645.001,537651.969,4142308.605,4142318.469,"Silva","NEON_D07_MLBS_DP1_537000_4142000_classified_point_cloud.laz","2018_MLBS_3_537000_4142000_image.tif","Tree",1,537000,537999.999,4142000,4142999.999
"11602",11602,537640.064,537645.984,4142307.013,4142314.488,"Silva","NEON_D07_MLBS_DP1_537000_4142000_classified_point_cloud.laz","2018_MLBS_3_537000_4142000_image.tif","Tree",1,537000,537999.999,4142000,4142999.999
"11603",11603,537639.127,537649.956,4142316.01,4142322.991,"Silva","NEON_D07_MLBS_DP1_537000_4142000_classified_point_cloud.laz","2018_MLBS_3_537000_4142000_image.tif","Tree",1,537000,537999.999,4142000,4142999.999
"11604",11604,537740.699,537753.311,4142322.136,4142332.369,"Silva","NEON_D07_MLBS_DP1_537000_4142000_classified_point_cloud.laz","2018_MLBS_3_537000_4142000_image.tif","Tree",1,537000,537999.999,4142000,4142999.999
"11605",11605,537636.562,537643.998,4142321.031,4142326.826,"Silva","NEON_D07_MLBS_DP1_537000_4142000_classified_point_cloud.laz","2018_MLBS_3_537000_4142000_image.tif","Tree",1,537000,537999.999,4142000,4142999.999
"11606",11606,537682.537,537694.948,4142317.045,4142329.992,"Silva","NEON_D07_MLBS_DP1_537000_4142000_classified_point_cloud.laz","2018_MLBS_3_537000_4142000_image.tif","Tree",1,537000,537999.999,4142000,4142999.999
"11607",11607,537681.021,537686.901,4142324.767,4142332.36,"Silva","NEON_D07_MLBS_DP1_537000_4142000_classified_point_cloud.laz","2018_MLBS_3_537000_4142000_image.tif","Tree",1,537000,537999.999,4142000,4142999.999
"11608",11608,537692.504,537700.936,4142326.514,4142338.625,"Silva","NEON_D07_MLBS_DP1_537000_4142000_classified_point_cloud.laz","2018_MLBS_3_537000_4142000_image.tif","Tree",1,537000,537999.999,4142000,4142999.999
"11609",11609,537686.014,537692.995,4142328.438,4142339.495,"Silva","NEON_D07_MLBS_DP1_537000_4142000_classified_point_cloud.laz","2018_MLBS_3_537000_4142000_image.tif","Tree",1,537000,537999.999,4142000,4142999.999
"11610",11610,537736.504,537746.945,4142333.503,4142345.993,"Silva","NEON_D07_MLBS_DP1_537000_4142000_classified_point_cloud.laz","2018_MLBS_3_537000_4142000_image.tif","Tree",1,537000,537999.999,4142000,4142999.999
"11611",11611,537694.626,537710.307,4142328.017,4142337.966,"Silva","NEON_D07_MLBS_DP1_537000_4142000_classified_point_cloud.laz","2018_MLBS_3_537000_4142000_image.tif","Tree",1,537000,537999.999,4142000,4142999.999
"11612",11612,537723.512,537736.987,4142330.081,4142340,"Silva","NEON_D07_MLBS_DP1_537000_4142000_classified_point_cloud.laz","2018_MLBS_3_537000_4142000_image.tif","Tree",1,537000,537999.999,4142000,4142999.999
"11613",11613,537644.139,537653.918,4142328.739,4142340.422,"Silva","NEON_D07_MLBS_DP1_537000_4142000_classified_point_cloud.laz","2018_MLBS_3_537000_4142000_image.tif","Tree",1,537000,537999.999,4142000,4142999.999
"11614",11614,537728.027,537739.379,4142340.012,4142348.868,"Silva","NEON_D07_MLBS_DP1_537000_4142000_classified_point_cloud.laz","2018_MLBS_3_537000_4142000_image.tif","Tree",1,537000,537999.999,4142000,4142999.999
"11615",11615,537676.013,537684.086,4142335.017,4142345.975,"Silva","NEON_D07_MLBS_DP1_537000_4142000_classified_point_cloud.laz","2018_MLBS_3_537000_4142000_image.tif","Tree",1,537000,537999.999,4142000,4142999.999
"11616",11616,537672.54,537676.499,4142334.073,4142344.997,"Silva","NEON_D07_MLBS_DP1_537000_4142000_classified_point_cloud.laz","2018_MLBS_3_537000_4142000_image.tif","Tree",1,537000,537999.999,4142000,4142999.999
"11617",11617,537704.501,537715.408,4142332.727,4142347.464,"Silva","NEON_D07_MLBS_DP1_537000_4142000_classified_point_cloud.laz","2018_MLBS_3_537000_4142000_image.tif","Tree",1,537000,537999.999,4142000,4142999.999
"11618",11618,537661.537,537668.976,4142338.185,4142345.888,"Silva","NEON_D07_MLBS_DP1_537000_4142000_classified_point_cloud.laz","2018_MLBS_3_537000_4142000_image.tif","Tree",1,537000,537999.999,4142000,4142999.999
"11619",11619,537739.023,537752.871,4142341.691,4142351.486,"Silva","NEON_D07_MLBS_DP1_537000_4142000_classified_point_cloud.laz","2018_MLBS_3_537000_4142000_image.tif","Tree",1,537000,537999.999,4142000,4142999.999
"11620",11620,537716.042,537723.475,4142339.008,4142350.917,"Silva","NEON_D07_MLBS_DP1_537000_4142000_classified_point_cloud.laz","2018_MLBS_3_537000_4142000_image.tif","Tree",1,537000,537999.999,4142000,4142999.999
"11621",11621,537651.504,537657.994,4142341.52,4142349.394,"Silva","NEON_D07_MLBS_DP1_537000_4142000_classified_point_cloud.laz","2018_MLBS_3_537000_4142000_image.tif","Tree",1,537000,537999.999,4142000,4142999.999
"11622",11622,537709.582,537716.974,4142340.12,4142351.476,"Silva","NEON_D07_MLBS_DP1_537000_4142000_classified_point_cloud.laz","2018_MLBS_3_537000_4142000_image.tif","Tree",1,537000,537999.999,4142000,4142999.999
"11623",11623,537719.5,537726.878,4142344.513,4142353.455,"Silva","NEON_D07_MLBS_DP1_537000_4142000_classified_point_cloud.laz","2018_MLBS_3_537000_4142000_image.tif","Tree",1,537000,537999.999,4142000,4142999.999
"11624",11624,537683.537,537694.495,4142339.009,4142349.464,"Silva","NEON_D07_MLBS_DP1_537000_4142000_classified_point_cloud.laz","2018_MLBS_3_537000_4142000_image.tif","Tree",1,537000,537999.999,4142000,4142999.999
"11625",11625,537679.106,537687.39,4142342.508,4142352.33,"Silva","NEON_D07_MLBS_DP1_537000_4142000_classified_point_cloud.laz","2018_MLBS_3_537000_4142000_image.tif","Tree",1,537000,537999.999,4142000,4142999.999
"11626",11626,537706.074,537714.805,4142347.502,4142354.991,"Silva","NEON_D07_MLBS_DP1_537000_4142000_classified_point_cloud.laz","2018_MLBS_3_537000_4142000_image.tif","Tree",1,537000,537999.999,4142000,4142999.999
"11627",11627,537664.598,537671.968,4142344.098,4142355,"Silva","NEON_D07_MLBS_DP1_537000_4142000_classified_point_cloud.laz","2018_MLBS_3_537000_4142000_image.tif","Tree",1,537000,537999.999,4142000,4142999.999
"11628",11628,537743.712,537754.964,4142351.505,4142361.5,"Silva","NEON_D07_MLBS_DP1_537000_4142000_classified_point_cloud.laz","2018_MLBS_3_537000_4142000_image.tif","Tree",1,537000,537999.999,4142000,4142999.999
"11629",11629,537657.037,537667.977,4142346.18,4142355.499,"Silva","NEON_D07_MLBS_DP1_537000_4142000_classified_point_cloud.laz","2018_MLBS_3_537000_4142000_image.tif","Tree",1,537000,537999.999,4142000,4142999.999
"11630",11630,537684.07,537692.489,4142349.516,4142357.691,"Silva","NEON_D07_MLBS_DP1_537000_4142000_classified_point_cloud.laz","2018_MLBS_3_537000_4142000_image.tif","Tree",1,537000,537999.999,4142000,4142999.999
"11631",11631,537714.502,537723.987,4142350.749,4142359.99,"Silva","NEON_D07_MLBS_DP1_537000_4142000_classified_point_cloud.laz","2018_MLBS_3_537000_4142000_image.tif","Tree",1,537000,537999.999,4142000,4142999.999
"11632",11632,537622.011,537628.426,4142346.655,4142354.582,"Silva","NEON_D07_MLBS_DP1_537000_4142000_classified_point_cloud.laz","2018_MLBS_3_537000_4142000_image.tif","Tree",1,537000,537999.999,4142000,4142999.999
"11633",11633,537688.073,537695.936,4142352.083,4142361.995,"Silva","NEON_D07_MLBS_DP1_537000_4142000_classified_point_cloud.laz","2018_MLBS_3_537000_4142000_image.tif","Tree",1,537000,537999.999,4142000,4142999.999
"11634",11634,537692.506,537698.438,4142354.061,4142362.968,"Silva","NEON_D07_MLBS_DP1_537000_4142000_classified_point_cloud.laz","2018_MLBS_3_537000_4142000_image.tif","Tree",1,537000,537999.999,4142000,4142999.999
"11635",11635,537721.009,537731.482,4142355.003,4142363.985,"Silva","NEON_D07_MLBS_DP1_537000_4142000_classified_point_cloud.laz","2018_MLBS_3_537000_4142000_image.tif","Tree",1,537000,537999.999,4142000,4142999.999
"11636",11636,537711.663,537720.997,4142359.123,4142364.972,"Silva","NEON_D07_MLBS_DP1_537000_4142000_classified_point_cloud.laz","2018_MLBS_3_537000_4142000_image.tif","Tree",1,537000,537999.999,4142000,4142999.999
"11637",11637,537704.019,537711.977,4142356.52,4142365.937,"Silva","NEON_D07_MLBS_DP1_537000_4142000_classified_point_cloud.laz","2018_MLBS_3_537000_4142000_image.tif","Tree",1,537000,537999.999,4142000,4142999.999
"11638",11638,537697.09,537704.948,4142357.095,4142364.979,"Silva","NEON_D07_MLBS_DP1_537000_4142000_classified_point_cloud.laz","2018_MLBS_3_537000_4142000_image.tif","Tree",1,537000,537999.999,4142000,4142999.999
"11639",11639,537737.501,537745.494,4142361.527,4142369.929,"Silva","NEON_D07_MLBS_DP1_537000_4142000_classified_point_cloud.laz","2018_MLBS_3_537000_4142000_image.tif","Tree",1,537000,537999.999,4142000,4142999.999
"11640",11640,537732.014,537737.999,4142361.001,4142373.474,"Silva","NEON_D07_MLBS_DP1_537000_4142000_classified_point_cloud.laz","2018_MLBS_3_537000_4142000_image.tif","Tree",1,537000,537999.999,4142000,4142999.999
"11641",11641,537745.503,537755.976,4142361.185,4142372.897,"Silva","NEON_D07_MLBS_DP1_537000_4142000_classified_point_cloud.laz","2018_MLBS_3_537000_4142000_image.tif","Tree",1,537000,537999.999,4142000,4142999.999
"11642",11642,537726.504,537734.415,4142361.002,4142374.993,"Silva","NEON_D07_MLBS_DP1_537000_4142000_classified_point_cloud.laz","2018_MLBS_3_537000_4142000_image.tif","Tree",1,537000,537999.999,4142000,4142999.999
"11643",11643,537719.028,537726.497,4142361.023,4142371.962,"Silva","NEON_D07_MLBS_DP1_537000_4142000_classified_point_cloud.laz","2018_MLBS_3_537000_4142000_image.tif","Tree",1,537000,537999.999,4142000,4142999.999
"11644",11644,537709.038,537716.883,4142363.008,4142370.986,"Silva","NEON_D07_MLBS_DP1_537000_4142000_classified_point_cloud.laz","2018_MLBS_3_537000_4142000_image.tif","Tree",1,537000,537999.999,4142000,4142999.999
"11645",11645,537689.005,537697.974,4142362.001,4142372.498,"Silva","NEON_D07_MLBS_DP1_537000_4142000_classified_point_cloud.laz","2018_MLBS_3_537000_4142000_image.tif","Tree",1,537000,537999.999,4142000,4142999.999
"11646",11646,537680.172,537689.434,4142361.506,4142371.99,"Silva","NEON_D07_MLBS_DP1_537000_4142000_classified_point_cloud.laz","2018_MLBS_3_537000_4142000_image.tif","Tree",1,537000,537999.999,4142000,4142999.999
"11647",11647,537734.02,537748.975,4142366.154,4142378.988,"Silva","NEON_D07_MLBS_DP1_537000_4142000_classified_point_cloud.laz","2018_MLBS_3_537000_4142000_image.tif","Tree",1,537000,537999.999,4142000,4142999.999
"11648",11648,537707.106,537716.988,4142367.523,4142379.952,"Silva","NEON_D07_MLBS_DP1_537000_4142000_classified_point_cloud.laz","2018_MLBS_3_537000_4142000_image.tif","Tree",1,537000,537999.999,4142000,4142999.999
"11649",11649,537752.006,537761.781,4142410.145,4142419.764,"Silva","NEON_D07_MLBS_DP1_537000_4142000_classified_point_cloud.laz","2018_MLBS_3_537000_4142000_image.tif","Tree",1,537000,537999.999,4142000,4142999.999
"11650",11650,537773.537,537785.883,4142411.511,4142420.968,"Silva","NEON_D07_MLBS_DP1_537000_4142000_classified_point_cloud.laz","2018_MLBS_3_537000_4142000_image.tif","Tree",1,537000,537999.999,4142000,4142999.999
"11651",11651,537809.003,537818.48,4142409.095,4142420.985,"Silva","NEON_D07_MLBS_DP1_537000_4142000_classified_point_cloud.laz","2018_MLBS_3_537000_4142000_image.tif","Tree",1,537000,537999.999,4142000,4142999.999
"11652",11652,537780.055,537789.998,4142409.002,4142417.495,"Silva","NEON_D07_MLBS_DP1_537000_4142000_classified_point_cloud.laz","2018_MLBS_3_537000_4142000_image.tif","Tree",1,537000,537999.999,4142000,4142999.999
"11653",11653,537760.034,537771.488,4142404.564,4142414.473,"Silva","NEON_D07_MLBS_DP1_537000_4142000_classified_point_cloud.laz","2018_MLBS_3_537000_4142000_image.tif","Tree",1,537000,537999.999,4142000,4142999.999
"11654",11654,537833.525,537842.991,4142407.523,4142421.476,"Silva","NEON_D07_MLBS_DP1_537000_4142000_classified_point_cloud.laz","2018_MLBS_3_537000_4142000_image.tif","Tree",1,537000,537999.999,4142000,4142999.999
"11655",11655,537802.014,537813.477,4142404.502,4142416,"Silva","NEON_D07_MLBS_DP1_537000_4142000_classified_point_cloud.laz","2018_MLBS_3_537000_4142000_image.tif","Tree",1,537000,537999.999,4142000,4142999.999
"11656",11656,537750.554,537760.946,4142400.515,4142410.984,"Silva","NEON_D07_MLBS_DP1_537000_4142000_classified_point_cloud.laz","2018_MLBS_3_537000_4142000_image.tif","Tree",1,537000,537999.999,4142000,4142999.999
"11657",11657,537815.565,537826.482,4142407.319,4142416.488,"Silva","NEON_D07_MLBS_DP1_537000_4142000_classified_point_cloud.laz","2018_MLBS_3_537000_4142000_image.tif","Tree",1,537000,537999.999,4142000,4142999.999
"11658",11658,537841.005,537852.365,4142404.62,4142415.46,"Silva","NEON_D07_MLBS_DP1_537000_4142000_classified_point_cloud.laz","2018_MLBS_3_537000_4142000_image.tif","Tree",1,537000,537999.999,4142000,4142999.999
"11659",11659,537788.021,537795.877,4142401.579,4142413.401,"Silva","NEON_D07_MLBS_DP1_537000_4142000_classified_point_cloud.laz","2018_MLBS_3_537000_4142000_image.tif","Tree",1,537000,537999.999,4142000,4142999.999
"11660",11660,537779.52,537788.478,4142401.004,4142409.991,"Silva","NEON_D07_MLBS_DP1_537000_4142000_classified_point_cloud.laz","2018_MLBS_3_537000_4142000_image.tif","Tree",1,537000,537999.999,4142000,4142999.999
"11661",11661,537863.03,537871.491,4142408.383,4142417.49,"Silva","NEON_D07_MLBS_DP1_537000_4142000_classified_point_cloud.laz","2018_MLBS_3_537000_4142000_image.tif","Tree",1,537000,537999.999,4142000,4142999.999
"11662",11662,537851.571,537860.91,4142405.004,4142414.459,"Silva","NEON_D07_MLBS_DP1_537000_4142000_classified_point_cloud.laz","2018_MLBS_3_537000_4142000_image.tif","Tree",1,537000,537999.999,4142000,4142999.999
"11663",11663,537877.056,537885.398,4142407.007,4142414.907,"Silva","NEON_D07_MLBS_DP1_537000_4142000_classified_point_cloud.laz","2018_MLBS_3_537000_4142000_image.tif","Tree",1,537000,537999.999,4142000,4142999.999
"11664",11664,537768.059,537779.435,4142399.028,4142408.436,"Silva","NEON_D07_MLBS_DP1_537000_4142000_classified_point_cloud.laz","2018_MLBS_3_537000_4142000_image.tif","Tree",1,537000,537999.999,4142000,4142999.999
"11665",11665,537755.083,537765.268,4142398.511,4142406.959,"Silva","NEON_D07_MLBS_DP1_537000_4142000_classified_point_cloud.laz","2018_MLBS_3_537000_4142000_image.tif","Tree",1,537000,537999.999,4142000,4142999.999
"11666",11666,537824.016,537837.851,4142399.533,4142412.993,"Silva","NEON_D07_MLBS_DP1_537000_4142000_classified_point_cloud.laz","2018_MLBS_3_537000_4142000_image.tif","Tree",1,537000,537999.999,4142000,4142999.999
"11667",11667,537782.009,537792.929,4142400.506,4142407.449,"Silva","NEON_D07_MLBS_DP1_537000_4142000_classified_point_cloud.laz","2018_MLBS_3_537000_4142000_image.tif","Tree",1,537000,537999.999,4142000,4142999.999
"11668",11668,537863.564,537869.983,4142404.036,4142412.493,"Silva","NEON_D07_MLBS_DP1_537000_4142000_classified_point_cloud.laz","2018_MLBS_3_537000_4142000_image.tif","Tree",1,537000,537999.999,4142000,4142999.999
"11669",11669,537760.026,537769.73,4142394.573,4142404.461,"Silva","NEON_D07_MLBS_DP1_537000_4142000_classified_point_cloud.laz","2018_MLBS_3_537000_4142000_image.tif","Tree",1,537000,537999.999,4142000,4142999.999
"11670",11670,537769.508,537780.999,4142388.043,4142401.861,"Silva","NEON_D07_MLBS_DP1_537000_4142000_classified_point_cloud.laz","2018_MLBS_3_537000_4142000_image.tif","Tree",1,537000,537999.999,4142000,4142999.999
"11671",11671,537867.03,537874.422,4142399.005,4142407.9,"Silva","NEON_D07_MLBS_DP1_537000_4142000_classified_point_cloud.laz","2018_MLBS_3_537000_4142000_image.tif","Tree",1,537000,537999.999,4142000,4142999.999
"11672",11672,537812.637,537827.495,4142395.002,4142405.497,"Silva","NEON_D07_MLBS_DP1_537000_4142000_classified_point_cloud.laz","2018_MLBS_3_537000_4142000_image.tif","Tree",1,537000,537999.999,4142000,4142999.999
"11673",11673,537846.506,537854.479,4142392.677,4142404.999,"Silva","NEON_D07_MLBS_DP1_537000_4142000_classified_point_cloud.laz","2018_MLBS_3_537000_4142000_image.tif","Tree",1,537000,537999.999,4142000,4142999.999
"11674",11674,537758.039,537773.481,4142385.639,4142395.488,"Silva","NEON_D07_MLBS_DP1_537000_4142000_classified_point_cloud.laz","2018_MLBS_3_537000_4142000_image.tif","Tree",1,537000,537999.999,4142000,4142999.999
"11675",11675,537863.554,537871.445,4142391.512,4142399.902,"Silva","NEON_D07_MLBS_DP1_537000_4142000_classified_point_cloud.laz","2018_MLBS_3_537000_4142000_image.tif","Tree",1,537000,537999.999,4142000,4142999.999
"11676",11676,537857.119,537866.462,4142388.64,4142398.471,"Silva","NEON_D07_MLBS_DP1_537000_4142000_classified_point_cloud.laz","2018_MLBS_3_537000_4142000_image.tif","Tree",1,537000,537999.999,4142000,4142999.999
"11677",11677,537814.548,537824.345,4142385.512,4142394.99,"Silva","NEON_D07_MLBS_DP1_537000_4142000_classified_point_cloud.laz","2018_MLBS_3_537000_4142000_image.tif","Tree",1,537000,537999.999,4142000,4142999.999
"11678",11678,537762.569,537775.969,4142382.072,4142389.438,"Silva","NEON_D07_MLBS_DP1_537000_4142000_classified_point_cloud.laz","2018_MLBS_3_537000_4142000_image.tif","Tree",1,537000,537999.999,4142000,4142999.999
"11679",11679,537778.615,537789.477,4142377.549,4142390.493,"Silva","NEON_D07_MLBS_DP1_537000_4142000_classified_point_cloud.laz","2018_MLBS_3_537000_4142000_image.tif","Tree",1,537000,537999.999,4142000,4142999.999
"11680",11680,537853.532,537863.997,4142384.028,4142393.99,"Silva","NEON_D07_MLBS_DP1_537000_4142000_classified_point_cloud.laz","2018_MLBS_3_537000_4142000_image.tif","Tree",1,537000,537999.999,4142000,4142999.999
"11681",11681,537764.109,537771.967,4142377.517,4142383.494,"Silva","NEON_D07_MLBS_DP1_537000_4142000_classified_point_cloud.laz","2018_MLBS_3_537000_4142000_image.tif","Tree",1,537000,537999.999,4142000,4142999.999
"11682",11682,537869.571,537877.232,4142386.025,4142391.497,"Silva","NEON_D07_MLBS_DP1_537000_4142000_classified_point_cloud.laz","2018_MLBS_3_537000_4142000_image.tif","Tree",1,537000,537999.999,4142000,4142999.999
"11683",11683,537743.51,537757.498,4142374.116,4142385.993,"Silva","NEON_D07_MLBS_DP1_537000_4142000_classified_point_cloud.laz","2018_MLBS_3_537000_4142000_image.tif","Tree",1,537000,537999.999,4142000,4142999.999
"11684",11684,537757,537765.987,4142375.528,4142386.487,"Silva","NEON_D07_MLBS_DP1_537000_4142000_classified_point_cloud.laz","2018_MLBS_3_537000_4142000_image.tif","Tree",1,537000,537999.999,4142000,4142999.999
"11685",11685,537809.535,537818.989,4142283.004,4142290.5,"Silva","NEON_D07_MLBS_DP1_537000_4142000_classified_point_cloud.laz","2018_MLBS_3_537000_4142000_image.tif","Tree",1,537000,537999.999,4142000,4142999.999
"11686",11686,537790.373,537797.987,4142281.512,4142289.976,"Silva","NEON_D07_MLBS_DP1_537000_4142000_classified_point_cloud.laz","2018_MLBS_3_537000_4142000_image.tif","Tree",1,537000,537999.999,4142000,4142999.999
"11687",11687,537777.612,537788.992,4142284.01,4142295.983,"Silva","NEON_D07_MLBS_DP1_537000_4142000_classified_point_cloud.laz","2018_MLBS_3_537000_4142000_image.tif","Tree",1,537000,537999.999,4142000,4142999.999
"11688",11688,537804.135,537818.43,4142289.516,4142299.402,"Silva","NEON_D07_MLBS_DP1_537000_4142000_classified_point_cloud.laz","2018_MLBS_3_537000_4142000_image.tif","Tree",1,537000,537999.999,4142000,4142999.999
"11689",11689,537759.002,537769.343,4142292.058,4142300.493,"Silva","NEON_D07_MLBS_DP1_537000_4142000_classified_point_cloud.laz","2018_MLBS_3_537000_4142000_image.tif","Tree",1,537000,537999.999,4142000,4142999.999
"11690",11690,537843.527,537850.999,4142299.061,4142308.477,"Silva","NEON_D07_MLBS_DP1_537000_4142000_classified_point_cloud.laz","2018_MLBS_3_537000_4142000_image.tif","Tree",1,537000,537999.999,4142000,4142999.999
"11691",11691,537746.576,537758.997,4142290.058,4142300.901,"Silva","NEON_D07_MLBS_DP1_537000_4142000_classified_point_cloud.laz","2018_MLBS_3_537000_4142000_image.tif","Tree",1,537000,537999.999,4142000,4142999.999
"11692",11692,537757.571,537763.846,4142297.011,4142305.358,"Silva","NEON_D07_MLBS_DP1_537000_4142000_classified_point_cloud.laz","2018_MLBS_3_537000_4142000_image.tif","Tree",1,537000,537999.999,4142000,4142999.999
"11693",11693,537750.826,537757.995,4142298.201,4142304.483,"Silva","NEON_D07_MLBS_DP1_537000_4142000_classified_point_cloud.laz","2018_MLBS_3_537000_4142000_image.tif","Tree",1,537000,537999.999,4142000,4142999.999
"11694",11694,537761.038,537768.986,4142300.556,4142309.489,"Silva","NEON_D07_MLBS_DP1_537000_4142000_classified_point_cloud.laz","2018_MLBS_3_537000_4142000_image.tif","Tree",1,537000,537999.999,4142000,4142999.999
"11695",11695,537771.514,537779.945,4142301.586,4142310.302,"Silva","NEON_D07_MLBS_DP1_537000_4142000_classified_point_cloud.laz","2018_MLBS_3_537000_4142000_image.tif","Tree",1,537000,537999.999,4142000,4142999.999
"11696",11696,537757.072,537769.233,4142308.551,4142316.492,"Silva","NEON_D07_MLBS_DP1_537000_4142000_classified_point_cloud.laz","2018_MLBS_3_537000_4142000_image.tif","Tree",1,537000,537999.999,4142000,4142999.999
"11697",11697,537808.001,537818.349,4142312.093,4142325.966,"Silva","NEON_D07_MLBS_DP1_537000_4142000_classified_point_cloud.laz","2018_MLBS_3_537000_4142000_image.tif","Tree",1,537000,537999.999,4142000,4142999.999
"11698",11698,537792.228,537798.985,4142312.754,4142318.995,"Silva","NEON_D07_MLBS_DP1_537000_4142000_classified_point_cloud.laz","2018_MLBS_3_537000_4142000_image.tif","Tree",1,537000,537999.999,4142000,4142999.999
"11699",11699,537762.001,537767.977,4142316.022,4142325.233,"Silva","NEON_D07_MLBS_DP1_537000_4142000_classified_point_cloud.laz","2018_MLBS_3_537000_4142000_image.tif","Tree",1,537000,537999.999,4142000,4142999.999
"11700",11700,537785.568,537794.98,4142317.005,4142324.974,"Silva","NEON_D07_MLBS_DP1_537000_4142000_classified_point_cloud.laz","2018_MLBS_3_537000_4142000_image.tif","Tree",1,537000,537999.999,4142000,4142999.999
"11701",11701,537754.764,537762.488,4142314.095,4142325.866,"Silva","NEON_D07_MLBS_DP1_537000_4142000_classified_point_cloud.laz","2018_MLBS_3_537000_4142000_image.tif","Tree",1,537000,537999.999,4142000,4142999.999
"11702",11702,537744.004,537756.457,4142314.013,4142325.228,"Silva","NEON_D07_MLBS_DP1_537000_4142000_classified_point_cloud.laz","2018_MLBS_3_537000_4142000_image.tif","Tree",1,537000,537999.999,4142000,4142999.999
"11703",11703,537855.09,537863.38,4142327.028,4142333.926,"Silva","NEON_D07_MLBS_DP1_537000_4142000_classified_point_cloud.laz","2018_MLBS_3_537000_4142000_image.tif","Tree",1,537000,537999.999,4142000,4142999.999
"11704",11704,537751.804,537761.957,4142322.003,4142330.969,"Silva","NEON_D07_MLBS_DP1_537000_4142000_classified_point_cloud.laz","2018_MLBS_3_537000_4142000_image.tif","Tree",1,537000,537999.999,4142000,4142999.999
"11705",11705,537855.006,537862.325,4142331.62,4142339.793,"Silva","NEON_D07_MLBS_DP1_537000_4142000_classified_point_cloud.laz","2018_MLBS_3_537000_4142000_image.tif","Tree",1,537000,537999.999,4142000,4142999.999
"11706",11706,537784.005,537788.279,4142326.147,4142333.492,"Silva","NEON_D07_MLBS_DP1_537000_4142000_classified_point_cloud.laz","2018_MLBS_3_537000_4142000_image.tif","Tree",1,537000,537999.999,4142000,4142999.999
"11707",11707,537776.621,537784.318,4142325.741,4142334.991,"Silva","NEON_D07_MLBS_DP1_537000_4142000_classified_point_cloud.laz","2018_MLBS_3_537000_4142000_image.tif","Tree",1,537000,537999.999,4142000,4142999.999
"11708",11708,537806.028,537812.994,4142325.005,4142338.963,"Silva","NEON_D07_MLBS_DP1_537000_4142000_classified_point_cloud.laz","2018_MLBS_3_537000_4142000_image.tif","Tree",1,537000,537999.999,4142000,4142999.999
"11709",11709,537787.07,537795.669,4142331.001,4142338.717,"Silva","NEON_D07_MLBS_DP1_537000_4142000_classified_point_cloud.laz","2018_MLBS_3_537000_4142000_image.tif","Tree",1,537000,537999.999,4142000,4142999.999
"11710",11710,537766.025,537777.996,4142327.008,4142336.956,"Silva","NEON_D07_MLBS_DP1_537000_4142000_classified_point_cloud.laz","2018_MLBS_3_537000_4142000_image.tif","Tree",1,537000,537999.999,4142000,4142999.999
"11711",11711,537778.076,537789.181,4142333.022,4142340.498,"Silva","NEON_D07_MLBS_DP1_537000_4142000_classified_point_cloud.laz","2018_MLBS_3_537000_4142000_image.tif","Tree",1,537000,537999.999,4142000,4142999.999
"11712",11712,537767.586,537779.469,4142336.532,4142347.868,"Silva","NEON_D07_MLBS_DP1_537000_4142000_classified_point_cloud.laz","2018_MLBS_3_537000_4142000_image.tif","Tree",1,537000,537999.999,4142000,4142999.999
"11713",11713,537829.812,537837.8,4142345.004,4142355.26,"Silva","NEON_D07_MLBS_DP1_537000_4142000_classified_point_cloud.laz","2018_MLBS_3_537000_4142000_image.tif","Tree",1,537000,537999.999,4142000,4142999.999
"11714",11714,537779.621,537788.995,4142353.004,4142361.989,"Silva","NEON_D07_MLBS_DP1_537000_4142000_classified_point_cloud.laz","2018_MLBS_3_537000_4142000_image.tif","Tree",1,537000,537999.999,4142000,4142999.999
"11715",11715,537759.574,537767.423,4142352.58,4142359.242,"Silva","NEON_D07_MLBS_DP1_537000_4142000_classified_point_cloud.laz","2018_MLBS_3_537000_4142000_image.tif","Tree",1,537000,537999.999,4142000,4142999.999
"11716",11716,537756.644,537767.18,4142355.501,4142362.702,"Silva","NEON_D07_MLBS_DP1_537000_4142000_classified_point_cloud.laz","2018_MLBS_3_537000_4142000_image.tif","Tree",1,537000,537999.999,4142000,4142999.999
"11717",11717,537754.534,537765.983,4142358.05,4142366.991,"Silva","NEON_D07_MLBS_DP1_537000_4142000_classified_point_cloud.laz","2018_MLBS_3_537000_4142000_image.tif","Tree",1,537000,537999.999,4142000,4142999.999
"11718",11718,537824.519,537836.493,4142362.131,4142371.437,"Silva","NEON_D07_MLBS_DP1_537000_4142000_classified_point_cloud.laz","2018_MLBS_3_537000_4142000_image.tif","Tree",1,537000,537999.999,4142000,4142999.999
"11719",11719,537821.068,537828.83,4142366.385,4142375.497,"Silva","NEON_D07_MLBS_DP1_537000_4142000_classified_point_cloud.laz","2018_MLBS_3_537000_4142000_image.tif","Tree",1,537000,537999.999,4142000,4142999.999
"11720",11720,537759.554,537769.462,4142365.368,4142373.929,"Silva","NEON_D07_MLBS_DP1_537000_4142000_classified_point_cloud.laz","2018_MLBS_3_537000_4142000_image.tif","Tree",1,537000,537999.999,4142000,4142999.999
"11721",11721,537867.534,537879.986,4142369.013,4142380.359,"Silva","NEON_D07_MLBS_DP1_537000_4142000_classified_point_cloud.laz","2018_MLBS_3_537000_4142000_image.tif","Tree",1,537000,537999.999,4142000,4142999.999
"11722",11722,537752.109,537759.963,4142365.235,4142372.479,"Silva","NEON_D07_MLBS_DP1_537000_4142000_classified_point_cloud.laz","2018_MLBS_3_537000_4142000_image.tif","Tree",1,537000,537999.999,4142000,4142999.999
"11723",11723,537854.06,537866.719,4142374.53,4142383.916,"Silva","NEON_D07_MLBS_DP1_537000_4142000_classified_point_cloud.laz","2018_MLBS_3_537000_4142000_image.tif","Tree",1,537000,537999.999,4142000,4142999.999
"11724",11724,537757.537,537765.455,4142368.571,4142377.4,"Silva","NEON_D07_MLBS_DP1_537000_4142000_classified_point_cloud.laz","2018_MLBS_3_537000_4142000_image.tif","Tree",1,537000,537999.999,4142000,4142999.999
"11725",11725,537868.522,537874.986,4142377.205,4142385.911,"Silva","NEON_D07_MLBS_DP1_537000_4142000_classified_point_cloud.laz","2018_MLBS_3_537000_4142000_image.tif","Tree",1,537000,537999.999,4142000,4142999.999
"11726",11726,537748.51,537758.965,4142371.107,4142378.891,"Silva","NEON_D07_MLBS_DP1_537000_4142000_classified_point_cloud.laz","2018_MLBS_3_537000_4142000_image.tif","Tree",1,537000,537999.999,4142000,4142999.999
"11727",11727,537765.009,537775.634,4142371.012,4142383.319,"Silva","NEON_D07_MLBS_DP1_537000_4142000_classified_point_cloud.laz","2018_MLBS_3_537000_4142000_image.tif","Tree",1,537000,537999.999,4142000,4142999.999
"11728",11728,537939.744,537949.981,4142011.618,4142025.943,"Silva","NEON_D07_MLBS_DP1_537000_4142000_classified_point_cloud.laz","2018_MLBS_3_537000_4142000_image.tif","Tree",1,537000,537999.999,4142000,4142999.999
"11729",11729,537879.505,537885.936,4142000.069,4142006.435,"Silva","NEON_D07_MLBS_DP1_537000_4142000_classified_point_cloud.laz","2018_MLBS_3_537000_4142000_image.tif","Tree",1,537000,537999.999,4142000,4142999.999
"11730",11730,537907.003,537918.492,4142000.013,4142003.773,"Silva","NEON_D07_MLBS_DP1_537000_4142000_classified_point_cloud.laz","2018_MLBS_3_537000_4142000_image.tif","Tree",1,537000,537999.999,4142000,4142999.999
"11731",11731,537931.007,537934.495,4142000.029,4142002.151,"Silva","NEON_D07_MLBS_DP1_537000_4142000_classified_point_cloud.laz","2018_MLBS_3_537000_4142000_image.tif","Tree",1,537000,537999.999,4142000,4142999.999
"11732",11732,537942.012,537945.687,4142000.02,4142001.487,"Silva","NEON_D07_MLBS_DP1_537000_4142000_classified_point_cloud.laz","2018_MLBS_3_537000_4142000_image.tif","Tree",1,537000,537999.999,4142000,4142999.999
"11733",11733,537938.139,537941.427,4142000.078,4142000.915,"Silva","NEON_D07_MLBS_DP1_537000_4142000_classified_point_cloud.laz","2018_MLBS_3_537000_4142000_image.tif","Tree",1,537000,537999.999,4142000,4142999.999
"11734",11734,537935.003,537937.784,4142000.022,4142000.878,"Silva","NEON_D07_MLBS_DP1_537000_4142000_classified_point_cloud.laz","2018_MLBS_3_537000_4142000_image.tif","Tree",1,537000,537999.999,4142000,4142999.999
"11735",11735,537927.567,537931.406,4142000.033,4142001.935,"Silva","NEON_D07_MLBS_DP1_537000_4142000_classified_point_cloud.laz","2018_MLBS_3_537000_4142000_image.tif","Tree",1,537000,537999.999,4142000,4142999.999
"11736",11736,537919.634,537927.411,4142000.018,4142001.822,"Silva","NEON_D07_MLBS_DP1_537000_4142000_classified_point_cloud.laz","2018_MLBS_3_537000_4142000_image.tif","Tree",1,537000,537999.999,4142000,4142999.999
"11737",11737,537946.632,537954.158,4142000.01,4142002.332,"Silva","NEON_D07_MLBS_DP1_537000_4142000_classified_point_cloud.laz","2018_MLBS_3_537000_4142000_image.tif","Tree",1,537000,537999.999,4142000,4142999.999
"11738",11738,537991.711,537995.992,4142022.178,4142025.984,"Silva","NEON_D07_MLBS_DP1_537000_4142000_classified_point_cloud.laz","2018_MLBS_3_537000_4142000_image.tif","Tree",1,537000,537999.999,4142000,4142999.999
"11739",11739,537970.243,537978.489,4142018.043,4142025.346,"Silva","NEON_D07_MLBS_DP1_537000_4142000_classified_point_cloud.laz","2018_MLBS_3_537000_4142000_image.tif","Tree",1,537000,537999.999,4142000,4142999.999
"11740",11740,537956.579,537966.777,4142015.599,4142025.977,"Silva","NEON_D07_MLBS_DP1_537000_4142000_classified_point_cloud.laz","2018_MLBS_3_537000_4142000_image.tif","Tree",1,537000,537999.999,4142000,4142999.999
"11741",11741,537948.024,537957.396,4142010.092,4142023.952,"Silva","NEON_D07_MLBS_DP1_537000_4142000_classified_point_cloud.laz","2018_MLBS_3_537000_4142000_image.tif","Tree",1,537000,537999.999,4142000,4142999.999
"11742",11742,537955.544,537964.472,4142008.248,4142016.478,"Silva","NEON_D07_MLBS_DP1_537000_4142000_classified_point_cloud.laz","2018_MLBS_3_537000_4142000_image.tif","Tree",1,537000,537999.999,4142000,4142999.999
"11743",11743,537998.078,537999.941,4142012.192,4142015.15,"Silva","NEON_D07_MLBS_DP1_537000_4142000_classified_point_cloud.laz","2018_MLBS_3_537000_4142000_image.tif","Tree",1,537000,537999.999,4142000,4142999.999
"11744",11744,537993.067,537996.904,4142010.872,4142014.311,"Silva","NEON_D07_MLBS_DP1_537000_4142000_classified_point_cloud.laz","2018_MLBS_3_537000_4142000_image.tif","Tree",1,537000,537999.999,4142000,4142999.999
"11745",11745,537983.098,537988.499,4142005.62,4142012.951,"Silva","NEON_D07_MLBS_DP1_537000_4142000_classified_point_cloud.laz","2018_MLBS_3_537000_4142000_image.tif","Tree",1,537000,537999.999,4142000,4142999.999
"11746",11746,537967.034,537985.322,4142000.016,4142008.935,"Silva","NEON_D07_MLBS_DP1_537000_4142000_classified_point_cloud.laz","2018_MLBS_3_537000_4142000_image.tif","Tree",1,537000,537999.999,4142000,4142999.999
"11747",11747,537996.237,537999.977,4142000.013,4142000.991,"Silva","NEON_D07_MLBS_DP1_537000_4142000_classified_point_cloud.laz","2018_MLBS_3_537000_4142000_image.tif","Tree",1,537000,537999.999,4142000,4142999.999
"11748",11748,537887.884,537899.964,4142019.064,4142028,"Silva","NEON_D07_MLBS_DP1_537000_4142000_classified_point_cloud.laz","2018_MLBS_3_537000_4142000_image.tif","Tree",1,537000,537999.999,4142000,4142999.999
"11749",11749,537908.541,537911.47,4142025.554,4142030.052,"Silva","NEON_D07_MLBS_DP1_537000_4142000_classified_point_cloud.laz","2018_MLBS_3_537000_4142000_image.tif","Tree",1,537000,537999.999,4142000,4142999.999
"11750",11750,537910.536,537912.968,4142026.088,4142029.879,"Silva","NEON_D07_MLBS_DP1_537000_4142000_classified_point_cloud.laz","2018_MLBS_3_537000_4142000_image.tif","Tree",1,537000,537999.999,4142000,4142999.999
"11751",11751,537897.008,537911.898,4142038.473,4142052.99,"Silva","NEON_D07_MLBS_DP1_537000_4142000_classified_point_cloud.laz","2018_MLBS_3_537000_4142000_image.tif","Tree",1,537000,537999.999,4142000,4142999.999
"11752",11752,537921.01,537927.862,4142046.049,4142058.475,"Silva","NEON_D07_MLBS_DP1_537000_4142000_classified_point_cloud.laz","2018_MLBS_3_537000_4142000_image.tif","Tree",1,537000,537999.999,4142000,4142999.999
"11753",11753,537923.562,537931.486,4142050.144,4142058.977,"Silva","NEON_D07_MLBS_DP1_537000_4142000_classified_point_cloud.laz","2018_MLBS_3_537000_4142000_image.tif","Tree",1,537000,537999.999,4142000,4142999.999
"11754",11754,537884.504,537892.82,4142067.008,4142074.957,"Silva","NEON_D07_MLBS_DP1_537000_4142000_classified_point_cloud.laz","2018_MLBS_3_537000_4142000_image.tif","Tree",1,537000,537999.999,4142000,4142999.999
"11755",11755,537897.705,537898.997,4142075.595,4142076.954,"Silva","NEON_D07_MLBS_DP1_537000_4142000_classified_point_cloud.laz","2018_MLBS_3_537000_4142000_image.tif","Tree",1,537000,537999.999,4142000,4142999.999
"11756",11756,537910.113,537911.96,4142081.721,4142083.96,"Silva","NEON_D07_MLBS_DP1_537000_4142000_classified_point_cloud.laz","2018_MLBS_3_537000_4142000_image.tif","Tree",1,537000,537999.999,4142000,4142999.999
"11757",11757,537939.064,537947.488,4142083.567,4142092.407,"Silva","NEON_D07_MLBS_DP1_537000_4142000_classified_point_cloud.laz","2018_MLBS_3_537000_4142000_image.tif","Tree",1,537000,537999.999,4142000,4142999.999
"11758",11758,537999.401,537999.995,4142029.608,4142031.431,"Silva","NEON_D07_MLBS_DP1_537000_4142000_classified_point_cloud.laz","2018_MLBS_3_537000_4142000_image.tif","Tree",1,537000,537999.999,4142000,4142999.999
"11759",11759,537956.351,537959.932,4142038.732,4142041.919,"Silva","NEON_D07_MLBS_DP1_537000_4142000_classified_point_cloud.laz","2018_MLBS_3_537000_4142000_image.tif","Tree",1,537000,537999.999,4142000,4142999.999
"11760",11760,537982.511,537986.398,4142044.532,4142047.392,"Silva","NEON_D07_MLBS_DP1_537000_4142000_classified_point_cloud.laz","2018_MLBS_3_537000_4142000_image.tif","Tree",1,537000,537999.999,4142000,4142999.999
"11761",11761,537989.51,537999.998,4142044.58,4142058.486,"Silva","NEON_D07_MLBS_DP1_537000_4142000_classified_point_cloud.laz","2018_MLBS_3_537000_4142000_image.tif","Tree",1,537000,537999.999,4142000,4142999.999
"11762",11762,537979.505,537983.868,4142046.035,4142052.492,"Silva","NEON_D07_MLBS_DP1_537000_4142000_classified_point_cloud.laz","2018_MLBS_3_537000_4142000_image.tif","Tree",1,537000,537999.999,4142000,4142999.999
"11763",11763,537947.608,537963.387,4142048.105,4142058.494,"Silva","NEON_D07_MLBS_DP1_537000_4142000_classified_point_cloud.laz","2018_MLBS_3_537000_4142000_image.tif","Tree",1,537000,537999.999,4142000,4142999.999
"11764",11764,537982.002,537995.471,4142058.674,4142072.28,"Silva","NEON_D07_MLBS_DP1_537000_4142000_classified_point_cloud.laz","2018_MLBS_3_537000_4142000_image.tif","Tree",1,537000,537999.999,4142000,4142999.999
"11765",11765,537968.116,537976.971,4142059.509,4142066.493,"Silva","NEON_D07_MLBS_DP1_537000_4142000_classified_point_cloud.laz","2018_MLBS_3_537000_4142000_image.tif","Tree",1,537000,537999.999,4142000,4142999.999
"11766",11766,537979.571,537993.49,4142072.004,4142083.999,"Silva","NEON_D07_MLBS_DP1_537000_4142000_classified_point_cloud.laz","2018_MLBS_3_537000_4142000_image.tif","Tree",1,537000,537999.999,4142000,4142999.999
"11767",11767,537892.022,537904.959,4142151.052,4142157.492,"Silva","NEON_D07_MLBS_DP1_537000_4142000_classified_point_cloud.laz","2018_MLBS_3_537000_4142000_image.tif","Tree",1,537000,537999.999,4142000,4142999.999
"11768",11768,537887.745,537892.386,4142148.774,4142152.454,"Silva","NEON_D07_MLBS_DP1_537000_4142000_classified_point_cloud.laz","2018_MLBS_3_537000_4142000_image.tif","Tree",1,537000,537999.999,4142000,4142999.999
"11769",11769,537888.501,537893.899,4142144.716,4142147.927,"Silva","NEON_D07_MLBS_DP1_537000_4142000_classified_point_cloud.laz","2018_MLBS_3_537000_4142000_image.tif","Tree",1,537000,537999.999,4142000,4142999.999
"11770",11770,537899.501,537905.842,4142143.028,4142151.955,"Silva","NEON_D07_MLBS_DP1_537000_4142000_classified_point_cloud.laz","2018_MLBS_3_537000_4142000_image.tif","Tree",1,537000,537999.999,4142000,4142999.999
"11771",11771,537934.543,537946.948,4142140.504,4142147.973,"Silva","NEON_D07_MLBS_DP1_537000_4142000_classified_point_cloud.laz","2018_MLBS_3_537000_4142000_image.tif","Tree",1,537000,537999.999,4142000,4142999.999
"11772",11772,537894.21,537897.489,4142137.512,4142139.853,"Silva","NEON_D07_MLBS_DP1_537000_4142000_classified_point_cloud.laz","2018_MLBS_3_537000_4142000_image.tif","Tree",1,537000,537999.999,4142000,4142999.999
"11773",11773,537903.003,537908.94,4142138.027,4142144.342,"Silva","NEON_D07_MLBS_DP1_537000_4142000_classified_point_cloud.laz","2018_MLBS_3_537000_4142000_image.tif","Tree",1,537000,537999.999,4142000,4142999.999
"11774",11774,537881.518,537889.997,4142132.028,4142139.982,"Silva","NEON_D07_MLBS_DP1_537000_4142000_classified_point_cloud.laz","2018_MLBS_3_537000_4142000_image.tif","Tree",1,537000,537999.999,4142000,4142999.999
"11775",11775,537890.007,537898.983,4142131.51,4142138.472,"Silva","NEON_D07_MLBS_DP1_537000_4142000_classified_point_cloud.laz","2018_MLBS_3_537000_4142000_image.tif","Tree",1,537000,537999.999,4142000,4142999.999
"11776",11776,537911.894,537916.98,4142136.109,4142140.947,"Silva","NEON_D07_MLBS_DP1_537000_4142000_classified_point_cloud.laz","2018_MLBS_3_537000_4142000_image.tif","Tree",1,537000,537999.999,4142000,4142999.999
"11777",11777,537902.517,537905.767,4142131.524,4142134.459,"Silva","NEON_D07_MLBS_DP1_537000_4142000_classified_point_cloud.laz","2018_MLBS_3_537000_4142000_image.tif","Tree",1,537000,537999.999,4142000,4142999.999
"11778",11778,537919.236,537922.99,4142130.021,4142133.481,"Silva","NEON_D07_MLBS_DP1_537000_4142000_classified_point_cloud.laz","2018_MLBS_3_537000_4142000_image.tif","Tree",1,537000,537999.999,4142000,4142999.999
"11779",11779,537913.579,537917.272,4142129.034,4142131.989,"Silva","NEON_D07_MLBS_DP1_537000_4142000_classified_point_cloud.laz","2018_MLBS_3_537000_4142000_image.tif","Tree",1,537000,537999.999,4142000,4142999.999
"11780",11780,537887.075,537894.486,4142126.593,4142133.985,"Silva","NEON_D07_MLBS_DP1_537000_4142000_classified_point_cloud.laz","2018_MLBS_3_537000_4142000_image.tif","Tree",1,537000,537999.999,4142000,4142999.999
"11781",11781,537902.161,537907.497,4142119.943,4142123.995,"Silva","NEON_D07_MLBS_DP1_537000_4142000_classified_point_cloud.laz","2018_MLBS_3_537000_4142000_image.tif","Tree",1,537000,537999.999,4142000,4142999.999
"11782",11782,537907.539,537912.84,4142115.173,4142121.923,"Silva","NEON_D07_MLBS_DP1_537000_4142000_classified_point_cloud.laz","2018_MLBS_3_537000_4142000_image.tif","Tree",1,537000,537999.999,4142000,4142999.999
"11783",11783,537916.529,537918.461,4142118.534,4142121.879,"Silva","NEON_D07_MLBS_DP1_537000_4142000_classified_point_cloud.laz","2018_MLBS_3_537000_4142000_image.tif","Tree",1,537000,537999.999,4142000,4142999.999
"11784",11784,537909.111,537913.495,4142110.57,4142115.499,"Silva","NEON_D07_MLBS_DP1_537000_4142000_classified_point_cloud.laz","2018_MLBS_3_537000_4142000_image.tif","Tree",1,537000,537999.999,4142000,4142999.999
"11785",11785,537913.559,537919.349,4142106.634,4142114.994,"Silva","NEON_D07_MLBS_DP1_537000_4142000_classified_point_cloud.laz","2018_MLBS_3_537000_4142000_image.tif","Tree",1,537000,537999.999,4142000,4142999.999
"11786",11786,537916.521,537922.973,4142088.523,4142096.877,"Silva","NEON_D07_MLBS_DP1_537000_4142000_classified_point_cloud.laz","2018_MLBS_3_537000_4142000_image.tif","Tree",1,537000,537999.999,4142000,4142999.999
"11787",11787,537894.616,537899.986,4142089.065,4142094.978,"Silva","NEON_D07_MLBS_DP1_537000_4142000_classified_point_cloud.laz","2018_MLBS_3_537000_4142000_image.tif","Tree",1,537000,537999.999,4142000,4142999.999
"11788",11788,537886.009,537891.428,4142091.006,4142095.267,"Silva","NEON_D07_MLBS_DP1_537000_4142000_classified_point_cloud.laz","2018_MLBS_3_537000_4142000_image.tif","Tree",1,537000,537999.999,4142000,4142999.999
"11789",11789,537925.007,537927.919,4142094.019,4142097.956,"Silva","NEON_D07_MLBS_DP1_537000_4142000_classified_point_cloud.laz","2018_MLBS_3_537000_4142000_image.tif","Tree",1,537000,537999.999,4142000,4142999.999
"11790",11790,537927.181,537928.917,4142106.518,4142107.994,"Silva","NEON_D07_MLBS_DP1_537000_4142000_classified_point_cloud.laz","2018_MLBS_3_537000_4142000_image.tif","Tree",1,537000,537999.999,4142000,4142999.999
"11791",11791,537918.071,537921.48,4142102.087,4142106.454,"Silva","NEON_D07_MLBS_DP1_537000_4142000_classified_point_cloud.laz","2018_MLBS_3_537000_4142000_image.tif","Tree",1,537000,537999.999,4142000,4142999.999
"11792",11792,537966.503,537970.442,4142150.013,4142155.492,"Silva","NEON_D07_MLBS_DP1_537000_4142000_classified_point_cloud.laz","2018_MLBS_3_537000_4142000_image.tif","Tree",1,537000,537999.999,4142000,4142999.999
"11793",11793,537985.541,537995.891,4142142.531,4142154.461,"Silva","NEON_D07_MLBS_DP1_537000_4142000_classified_point_cloud.laz","2018_MLBS_3_537000_4142000_image.tif","Tree",1,537000,537999.999,4142000,4142999.999
"11794",11794,537959.041,537966.933,4142136.604,4142144.963,"Silva","NEON_D07_MLBS_DP1_537000_4142000_classified_point_cloud.laz","2018_MLBS_3_537000_4142000_image.tif","Tree",1,537000,537999.999,4142000,4142999.999
"11795",11795,537997.083,537999.994,4142135.6,4142140.888,"Silva","NEON_D07_MLBS_DP1_537000_4142000_classified_point_cloud.laz","2018_MLBS_3_537000_4142000_image.tif","Tree",1,537000,537999.999,4142000,4142999.999
"11796",11796,537976.621,537987.495,4142120.542,4142126.48,"Silva","NEON_D07_MLBS_DP1_537000_4142000_classified_point_cloud.laz","2018_MLBS_3_537000_4142000_image.tif","Tree",1,537000,537999.999,4142000,4142999.999
"11797",11797,537958.631,537964.472,4142124.72,4142127.459,"Silva","NEON_D07_MLBS_DP1_537000_4142000_classified_point_cloud.laz","2018_MLBS_3_537000_4142000_image.tif","Tree",1,537000,537999.999,4142000,4142999.999
"11798",11798,537947.509,537954.835,4142107.333,4142118.919,"Silva","NEON_D07_MLBS_DP1_537000_4142000_classified_point_cloud.laz","2018_MLBS_3_537000_4142000_image.tif","Tree",1,537000,537999.999,4142000,4142999.999
"11799",11799,537985.046,537990.483,4142109.1,4142118.391,"Silva","NEON_D07_MLBS_DP1_537000_4142000_classified_point_cloud.laz","2018_MLBS_3_537000_4142000_image.tif","Tree",1,537000,537999.999,4142000,4142999.999
"11800",11800,537966.008,537979.496,4142105.574,4142114.907,"Silva","NEON_D07_MLBS_DP1_537000_4142000_classified_point_cloud.laz","2018_MLBS_3_537000_4142000_image.tif","Tree",1,537000,537999.999,4142000,4142999.999
"11801",11801,537989.005,537995.991,4142107.005,4142111.488,"Silva","NEON_D07_MLBS_DP1_537000_4142000_classified_point_cloud.laz","2018_MLBS_3_537000_4142000_image.tif","Tree",1,537000,537999.999,4142000,4142999.999
"11802",11802,537980.057,537985.903,4142093.529,4142102.886,"Silva","NEON_D07_MLBS_DP1_537000_4142000_classified_point_cloud.laz","2018_MLBS_3_537000_4142000_image.tif","Tree",1,537000,537999.999,4142000,4142999.999
"11803",11803,537952.138,537961.879,4142098.535,4142106.994,"Silva","NEON_D07_MLBS_DP1_537000_4142000_classified_point_cloud.laz","2018_MLBS_3_537000_4142000_image.tif","Tree",1,537000,537999.999,4142000,4142999.999
"11804",11804,537952.627,537966.473,4142102.871,4142113.495,"Silva","NEON_D07_MLBS_DP1_537000_4142000_classified_point_cloud.laz","2018_MLBS_3_537000_4142000_image.tif","Tree",1,537000,537999.999,4142000,4142999.999
"11805",11805,537926.003,537930.498,4142183.019,4142187.876,"Silva","NEON_D07_MLBS_DP1_537000_4142000_classified_point_cloud.laz","2018_MLBS_3_537000_4142000_image.tif","Tree",1,537000,537999.999,4142000,4142999.999
"11806",11806,537908.054,537917.274,4142178.513,4142185.493,"Silva","NEON_D07_MLBS_DP1_537000_4142000_classified_point_cloud.laz","2018_MLBS_3_537000_4142000_image.tif","Tree",1,537000,537999.999,4142000,4142999.999
"11807",11807,537941.569,537945.471,4142179.513,4142184.472,"Silva","NEON_D07_MLBS_DP1_537000_4142000_classified_point_cloud.laz","2018_MLBS_3_537000_4142000_image.tif","Tree",1,537000,537999.999,4142000,4142999.999
"11808",11808,537939.014,537941.778,4142176.053,4142178.996,"Silva","NEON_D07_MLBS_DP1_537000_4142000_classified_point_cloud.laz","2018_MLBS_3_537000_4142000_image.tif","Tree",1,537000,537999.999,4142000,4142999.999
"11809",11809,537944.01,537949.493,4142174.527,4142178.458,"Silva","NEON_D07_MLBS_DP1_537000_4142000_classified_point_cloud.laz","2018_MLBS_3_537000_4142000_image.tif","Tree",1,537000,537999.999,4142000,4142999.999
"11810",11810,537913.521,537920.923,4142169.013,4142178.485,"Silva","NEON_D07_MLBS_DP1_537000_4142000_classified_point_cloud.laz","2018_MLBS_3_537000_4142000_image.tif","Tree",1,537000,537999.999,4142000,4142999.999
"11811",11811,537945.013,537947.905,4142165.671,4142168.277,"Silva","NEON_D07_MLBS_DP1_537000_4142000_classified_point_cloud.laz","2018_MLBS_3_537000_4142000_image.tif","Tree",1,537000,537999.999,4142000,4142999.999
"11812",11812,537885.586,537888.984,4142157.686,4142159.91,"Silva","NEON_D07_MLBS_DP1_537000_4142000_classified_point_cloud.laz","2018_MLBS_3_537000_4142000_image.tif","Tree",1,537000,537999.999,4142000,4142999.999
"11813",11813,537916.098,537927.906,4142183.599,4142195.996,"Silva","NEON_D07_MLBS_DP1_537000_4142000_classified_point_cloud.laz","2018_MLBS_3_537000_4142000_image.tif","Tree",1,537000,537999.999,4142000,4142999.999
"11814",11814,537943.021,537943.893,4142186.618,4142187.418,"Silva","NEON_D07_MLBS_DP1_537000_4142000_classified_point_cloud.laz","2018_MLBS_3_537000_4142000_image.tif","Tree",1,537000,537999.999,4142000,4142999.999
"11815",11815,537896.118,537908.899,4142188.057,4142201.794,"Silva","NEON_D07_MLBS_DP1_537000_4142000_classified_point_cloud.laz","2018_MLBS_3_537000_4142000_image.tif","Tree",1,537000,537999.999,4142000,4142999.999
"11816",11816,537923.133,537924.092,4142211.969,4142212.782,"Silva","NEON_D07_MLBS_DP1_537000_4142000_classified_point_cloud.laz","2018_MLBS_3_537000_4142000_image.tif","Tree",1,537000,537999.999,4142000,4142999.999
"11817",11817,537886.517,537888.433,4142213.074,4142215.976,"Silva","NEON_D07_MLBS_DP1_537000_4142000_classified_point_cloud.laz","2018_MLBS_3_537000_4142000_image.tif","Tree",1,537000,537999.999,4142000,4142999.999
"11818",11818,537925.174,537926.427,4142215.014,4142217.455,"Silva","NEON_D07_MLBS_DP1_537000_4142000_classified_point_cloud.laz","2018_MLBS_3_537000_4142000_image.tif","Tree",1,537000,537999.999,4142000,4142999.999
"11819",11819,537943.52,537950.943,4142178.541,4142187.382,"Silva","NEON_D07_MLBS_DP1_537000_4142000_classified_point_cloud.laz","2018_MLBS_3_537000_4142000_image.tif","Tree",1,537000,537999.999,4142000,4142999.999
"11820",11820,537983.087,537985.983,4142183.073,4142186.426,"Silva","NEON_D07_MLBS_DP1_537000_4142000_classified_point_cloud.laz","2018_MLBS_3_537000_4142000_image.tif","Tree",1,537000,537999.999,4142000,4142999.999
"11821",11821,537955.515,537959.446,4142179.029,4142182.904,"Silva","NEON_D07_MLBS_DP1_537000_4142000_classified_point_cloud.laz","2018_MLBS_3_537000_4142000_image.tif","Tree",1,537000,537999.999,4142000,4142999.999
"11822",11822,537955.156,537960.463,4142164.659,4142170.479,"Silva","NEON_D07_MLBS_DP1_537000_4142000_classified_point_cloud.laz","2018_MLBS_3_537000_4142000_image.tif","Tree",1,537000,537999.999,4142000,4142999.999
"11823",11823,537955.571,537958.489,4142160.561,4142163.438,"Silva","NEON_D07_MLBS_DP1_537000_4142000_classified_point_cloud.laz","2018_MLBS_3_537000_4142000_image.tif","Tree",1,537000,537999.999,4142000,4142999.999
"11824",11824,537993.005,537998.372,4142157.075,4142162.474,"Silva","NEON_D07_MLBS_DP1_537000_4142000_classified_point_cloud.laz","2018_MLBS_3_537000_4142000_image.tif","Tree",1,537000,537999.999,4142000,4142999.999
"11825",11825,537988.062,537995.876,4142152.561,4142160.352,"Silva","NEON_D07_MLBS_DP1_537000_4142000_classified_point_cloud.laz","2018_MLBS_3_537000_4142000_image.tif","Tree",1,537000,537999.999,4142000,4142999.999
"11826",11826,537957.513,537960.838,4142185.682,4142189.358,"Silva","NEON_D07_MLBS_DP1_537000_4142000_classified_point_cloud.laz","2018_MLBS_3_537000_4142000_image.tif","Tree",1,537000,537999.999,4142000,4142999.999
"11827",11827,537968.27,537968.973,4142183.67,4142184.725,"Silva","NEON_D07_MLBS_DP1_537000_4142000_classified_point_cloud.laz","2018_MLBS_3_537000_4142000_image.tif","Tree",1,537000,537999.999,4142000,4142999.999
"11828",11828,537948.086,537952.959,4142194.518,4142198.559,"Silva","NEON_D07_MLBS_DP1_537000_4142000_classified_point_cloud.laz","2018_MLBS_3_537000_4142000_image.tif","Tree",1,537000,537999.999,4142000,4142999.999
"11829",11829,537948.834,537957.437,4142213.849,4142224.126,"Silva","NEON_D07_MLBS_DP1_537000_4142000_classified_point_cloud.laz","2018_MLBS_3_537000_4142000_image.tif","Tree",1,537000,537999.999,4142000,4142999.999
"11830",11830,537910.506,537922.482,4142278.501,4142289.987,"Silva","NEON_D07_MLBS_DP1_537000_4142000_classified_point_cloud.laz","2018_MLBS_3_537000_4142000_image.tif","Tree",1,537000,537999.999,4142000,4142999.999
"11831",11831,537886.624,537889.394,4142277.08,4142279.443,"Silva","NEON_D07_MLBS_DP1_537000_4142000_classified_point_cloud.laz","2018_MLBS_3_537000_4142000_image.tif","Tree",1,537000,537999.999,4142000,4142999.999
"11832",11832,537912.578,537924.481,4142264.021,4142278.486,"Silva","NEON_D07_MLBS_DP1_537000_4142000_classified_point_cloud.laz","2018_MLBS_3_537000_4142000_image.tif","Tree",1,537000,537999.999,4142000,4142999.999
"11833",11833,537887.02,537890.861,4142266.013,4142269.346,"Silva","NEON_D07_MLBS_DP1_537000_4142000_classified_point_cloud.laz","2018_MLBS_3_537000_4142000_image.tif","Tree",1,537000,537999.999,4142000,4142999.999
"11834",11834,537917.008,537922.482,4142218.071,4142223.956,"Silva","NEON_D07_MLBS_DP1_537000_4142000_classified_point_cloud.laz","2018_MLBS_3_537000_4142000_image.tif","Tree",1,537000,537999.999,4142000,4142999.999
"11835",11835,537930.512,537937.484,4142221.035,4142228.467,"Silva","NEON_D07_MLBS_DP1_537000_4142000_classified_point_cloud.laz","2018_MLBS_3_537000_4142000_image.tif","Tree",1,537000,537999.999,4142000,4142999.999
"11836",11836,537883.537,537886.498,4142221.538,4142223.959,"Silva","NEON_D07_MLBS_DP1_537000_4142000_classified_point_cloud.laz","2018_MLBS_3_537000_4142000_image.tif","Tree",1,537000,537999.999,4142000,4142999.999
"11837",11837,537936.504,537943.471,4142223.046,4142229.401,"Silva","NEON_D07_MLBS_DP1_537000_4142000_classified_point_cloud.laz","2018_MLBS_3_537000_4142000_image.tif","Tree",1,537000,537999.999,4142000,4142999.999
"11838",11838,537906.015,537909.453,4142224.089,4142227.459,"Silva","NEON_D07_MLBS_DP1_537000_4142000_classified_point_cloud.laz","2018_MLBS_3_537000_4142000_image.tif","Tree",1,537000,537999.999,4142000,4142999.999
"11839",11839,537886.248,537886.446,4142230.084,4142230.685,"Silva","NEON_D07_MLBS_DP1_537000_4142000_classified_point_cloud.laz","2018_MLBS_3_537000_4142000_image.tif","Tree",1,537000,537999.999,4142000,4142999.999
"11840",11840,537902.602,537904.29,4142229.556,4142230.491,"Silva","NEON_D07_MLBS_DP1_537000_4142000_classified_point_cloud.laz","2018_MLBS_3_537000_4142000_image.tif","Tree",1,537000,537999.999,4142000,4142999.999
"11841",11841,537904.508,537907.463,4142232.082,4142233.845,"Silva","NEON_D07_MLBS_DP1_537000_4142000_classified_point_cloud.laz","2018_MLBS_3_537000_4142000_image.tif","Tree",1,537000,537999.999,4142000,4142999.999
"11842",11842,537907.521,537909.656,4142233.544,4142236.999,"Silva","NEON_D07_MLBS_DP1_537000_4142000_classified_point_cloud.laz","2018_MLBS_3_537000_4142000_image.tif","Tree",1,537000,537999.999,4142000,4142999.999
"11843",11843,537895.949,537900.44,4142232.586,4142237.497,"Silva","NEON_D07_MLBS_DP1_537000_4142000_classified_point_cloud.laz","2018_MLBS_3_537000_4142000_image.tif","Tree",1,537000,537999.999,4142000,4142999.999
"11844",11844,537942.865,537951.891,4142252.509,4142254.998,"Silva","NEON_D07_MLBS_DP1_537000_4142000_classified_point_cloud.laz","2018_MLBS_3_537000_4142000_image.tif","Tree",1,537000,537999.999,4142000,4142999.999
"11845",11845,537911.019,537919.866,4142255.584,4142264.976,"Silva","NEON_D07_MLBS_DP1_537000_4142000_classified_point_cloud.laz","2018_MLBS_3_537000_4142000_image.tif","Tree",1,537000,537999.999,4142000,4142999.999
"11846",11846,537996.001,537999.992,4142279.612,4142283.901,"Silva","NEON_D07_MLBS_DP1_537000_4142000_classified_point_cloud.laz","2018_MLBS_3_537000_4142000_image.tif","Tree",1,537000,537999.999,4142000,4142999.999
"11847",11847,537990.02,537996.441,4142277.031,4142285.927,"Silva","NEON_D07_MLBS_DP1_537000_4142000_classified_point_cloud.laz","2018_MLBS_3_537000_4142000_image.tif","Tree",1,537000,537999.999,4142000,4142999.999
"11848",11848,537986.631,537994.989,4142272.502,4142277.5,"Silva","NEON_D07_MLBS_DP1_537000_4142000_classified_point_cloud.laz","2018_MLBS_3_537000_4142000_image.tif","Tree",1,537000,537999.999,4142000,4142999.999
"11849",11849,537951.76,537953.997,4142268.05,4142271.974,"Silva","NEON_D07_MLBS_DP1_537000_4142000_classified_point_cloud.laz","2018_MLBS_3_537000_4142000_image.tif","Tree",1,537000,537999.999,4142000,4142999.999
"11850",11850,537992.222,537999.999,4142232.028,4142238.967,"Silva","NEON_D07_MLBS_DP1_537000_4142000_classified_point_cloud.laz","2018_MLBS_3_537000_4142000_image.tif","Tree",1,537000,537999.999,4142000,4142999.999
"11851",11851,537947.049,537948.399,4142243.001,4142243.879,"Silva","NEON_D07_MLBS_DP1_537000_4142000_classified_point_cloud.laz","2018_MLBS_3_537000_4142000_image.tif","Tree",1,537000,537999.999,4142000,4142999.999
"11852",11852,537995.002,537999.996,4142239.008,4142247.985,"Silva","NEON_D07_MLBS_DP1_537000_4142000_classified_point_cloud.laz","2018_MLBS_3_537000_4142000_image.tif","Tree",1,537000,537999.999,4142000,4142999.999
"11853",11853,537985.513,537996.486,4142241.519,4142248.5,"Silva","NEON_D07_MLBS_DP1_537000_4142000_classified_point_cloud.laz","2018_MLBS_3_537000_4142000_image.tif","Tree",1,537000,537999.999,4142000,4142999.999
"11854",11854,537974.008,537976.903,4142244.545,4142250.304,"Silva","NEON_D07_MLBS_DP1_537000_4142000_classified_point_cloud.laz","2018_MLBS_3_537000_4142000_image.tif","Tree",1,537000,537999.999,4142000,4142999.999
"11855",11855,537995.014,537999.995,4142255.523,4142262.5,"Silva","NEON_D07_MLBS_DP1_537000_4142000_classified_point_cloud.laz","2018_MLBS_3_537000_4142000_image.tif","Tree",1,537000,537999.999,4142000,4142999.999
"11856",11856,537929.665,537932.982,4142281.539,4142286.914,"Silva","NEON_D07_MLBS_DP1_537000_4142000_classified_point_cloud.laz","2018_MLBS_3_537000_4142000_image.tif","Tree",1,537000,537999.999,4142000,4142999.999
"11857",11857,537924.211,537929.459,4142282.344,4142284.482,"Silva","NEON_D07_MLBS_DP1_537000_4142000_classified_point_cloud.laz","2018_MLBS_3_537000_4142000_image.tif","Tree",1,537000,537999.999,4142000,4142999.999
"11858",11858,537922.183,537924.489,4142281.676,4142289.451,"Silva","NEON_D07_MLBS_DP1_537000_4142000_classified_point_cloud.laz","2018_MLBS_3_537000_4142000_image.tif","Tree",1,537000,537999.999,4142000,4142999.999
"11859",11859,537928.09,537931.789,4142286.634,4142291.229,"Silva","NEON_D07_MLBS_DP1_537000_4142000_classified_point_cloud.laz","2018_MLBS_3_537000_4142000_image.tif","Tree",1,537000,537999.999,4142000,4142999.999
"11860",11860,537889.595,537895.319,4142288.502,4142292.428,"Silva","NEON_D07_MLBS_DP1_537000_4142000_classified_point_cloud.laz","2018_MLBS_3_537000_4142000_image.tif","Tree",1,537000,537999.999,4142000,4142999.999
"11861",11861,537899.624,537908.83,4142287.646,4142293.905,"Silva","NEON_D07_MLBS_DP1_537000_4142000_classified_point_cloud.laz","2018_MLBS_3_537000_4142000_image.tif","Tree",1,537000,537999.999,4142000,4142999.999
"11862",11862,537917.015,537921.905,4142289.11,4142295.899,"Silva","NEON_D07_MLBS_DP1_537000_4142000_classified_point_cloud.laz","2018_MLBS_3_537000_4142000_image.tif","Tree",1,537000,537999.999,4142000,4142999.999
"11863",11863,537926.086,537935.438,4142292.192,4142299.963,"Silva","NEON_D07_MLBS_DP1_537000_4142000_classified_point_cloud.laz","2018_MLBS_3_537000_4142000_image.tif","Tree",1,537000,537999.999,4142000,4142999.999
"11864",11864,537903.055,537910.969,4142289.609,4142298.48,"Silva","NEON_D07_MLBS_DP1_537000_4142000_classified_point_cloud.laz","2018_MLBS_3_537000_4142000_image.tif","Tree",1,537000,537999.999,4142000,4142999.999
"11865",11865,537898.192,537901.485,4142294.837,4142298.458,"Silva","NEON_D07_MLBS_DP1_537000_4142000_classified_point_cloud.laz","2018_MLBS_3_537000_4142000_image.tif","Tree",1,537000,537999.999,4142000,4142999.999
"11866",11866,537888.03,537891.964,4142297.641,4142302.958,"Silva","NEON_D07_MLBS_DP1_537000_4142000_classified_point_cloud.laz","2018_MLBS_3_537000_4142000_image.tif","Tree",1,537000,537999.999,4142000,4142999.999
"11867",11867,537927.514,537936.993,4142299.532,4142308.333,"Silva","NEON_D07_MLBS_DP1_537000_4142000_classified_point_cloud.laz","2018_MLBS_3_537000_4142000_image.tif","Tree",1,537000,537999.999,4142000,4142999.999
"11868",11868,537913.023,537924.28,4142301.259,4142309.381,"Silva","NEON_D07_MLBS_DP1_537000_4142000_classified_point_cloud.laz","2018_MLBS_3_537000_4142000_image.tif","Tree",1,537000,537999.999,4142000,4142999.999
"11869",11869,537882.528,537890.895,4142302.022,4142308.381,"Silva","NEON_D07_MLBS_DP1_537000_4142000_classified_point_cloud.laz","2018_MLBS_3_537000_4142000_image.tif","Tree",1,537000,537999.999,4142000,4142999.999
"11870",11870,537896.509,537899.332,4142307.521,4142309.482,"Silva","NEON_D07_MLBS_DP1_537000_4142000_classified_point_cloud.laz","2018_MLBS_3_537000_4142000_image.tif","Tree",1,537000,537999.999,4142000,4142999.999
"11871",11871,537912.554,537922.991,4142305.087,4142311.722,"Silva","NEON_D07_MLBS_DP1_537000_4142000_classified_point_cloud.laz","2018_MLBS_3_537000_4142000_image.tif","Tree",1,537000,537999.999,4142000,4142999.999
"11872",11872,537937.547,537948.481,4142307.707,4142316.993,"Silva","NEON_D07_MLBS_DP1_537000_4142000_classified_point_cloud.laz","2018_MLBS_3_537000_4142000_image.tif","Tree",1,537000,537999.999,4142000,4142999.999
"11873",11873,537912.202,537913.944,4142307.347,4142309.124,"Silva","NEON_D07_MLBS_DP1_537000_4142000_classified_point_cloud.laz","2018_MLBS_3_537000_4142000_image.tif","Tree",1,537000,537999.999,4142000,4142999.999
"11874",11874,537937.734,537946.946,4142319.702,4142328.395,"Silva","NEON_D07_MLBS_DP1_537000_4142000_classified_point_cloud.laz","2018_MLBS_3_537000_4142000_image.tif","Tree",1,537000,537999.999,4142000,4142999.999
"11875",11875,537886.463,537887.999,4142321.15,4142325.977,"Silva","NEON_D07_MLBS_DP1_537000_4142000_classified_point_cloud.laz","2018_MLBS_3_537000_4142000_image.tif","Tree",1,537000,537999.999,4142000,4142999.999
"11876",11876,537923.527,537935.169,4142321.049,4142331.816,"Silva","NEON_D07_MLBS_DP1_537000_4142000_classified_point_cloud.laz","2018_MLBS_3_537000_4142000_image.tif","Tree",1,537000,537999.999,4142000,4142999.999
"11877",11877,537911.37,537921.855,4142321.725,4142330.491,"Silva","NEON_D07_MLBS_DP1_537000_4142000_classified_point_cloud.laz","2018_MLBS_3_537000_4142000_image.tif","Tree",1,537000,537999.999,4142000,4142999.999
"11878",11878,537935.001,537947.992,4142326.032,4142333.978,"Silva","NEON_D07_MLBS_DP1_537000_4142000_classified_point_cloud.laz","2018_MLBS_3_537000_4142000_image.tif","Tree",1,537000,537999.999,4142000,4142999.999
"11879",11879,537906.065,537909.488,4142336.152,4142338.944,"Silva","NEON_D07_MLBS_DP1_537000_4142000_classified_point_cloud.laz","2018_MLBS_3_537000_4142000_image.tif","Tree",1,537000,537999.999,4142000,4142999.999
"11880",11880,537929.658,537942.455,4142331.595,4142344.497,"Silva","NEON_D07_MLBS_DP1_537000_4142000_classified_point_cloud.laz","2018_MLBS_3_537000_4142000_image.tif","Tree",1,537000,537999.999,4142000,4142999.999
"11881",11881,537916.045,537924.961,4142340.974,4142346.333,"Silva","NEON_D07_MLBS_DP1_537000_4142000_classified_point_cloud.laz","2018_MLBS_3_537000_4142000_image.tif","Tree",1,537000,537999.999,4142000,4142999.999
"11882",11882,537961.066,537965.667,4142285.516,4142289.25,"Silva","NEON_D07_MLBS_DP1_537000_4142000_classified_point_cloud.laz","2018_MLBS_3_537000_4142000_image.tif","Tree",1,537000,537999.999,4142000,4142999.999
"11883",11883,537955.083,537957.933,4142287.132,4142289.959,"Silva","NEON_D07_MLBS_DP1_537000_4142000_classified_point_cloud.laz","2018_MLBS_3_537000_4142000_image.tif","Tree",1,537000,537999.999,4142000,4142999.999
"11884",11884,537995.01,537999.998,4142289.006,4142299.312,"Silva","NEON_D07_MLBS_DP1_537000_4142000_classified_point_cloud.laz","2018_MLBS_3_537000_4142000_image.tif","Tree",1,537000,537999.999,4142000,4142999.999
"11885",11885,537982.874,537994.973,4142286.538,4142298.885,"Silva","NEON_D07_MLBS_DP1_537000_4142000_classified_point_cloud.laz","2018_MLBS_3_537000_4142000_image.tif","Tree",1,537000,537999.999,4142000,4142999.999
"11886",11886,537968.059,537977.468,4142292.748,4142300.996,"Silva","NEON_D07_MLBS_DP1_537000_4142000_classified_point_cloud.laz","2018_MLBS_3_537000_4142000_image.tif","Tree",1,537000,537999.999,4142000,4142999.999
"11887",11887,537978.014,537985.431,4142299.54,4142309.439,"Silva","NEON_D07_MLBS_DP1_537000_4142000_classified_point_cloud.laz","2018_MLBS_3_537000_4142000_image.tif","Tree",1,537000,537999.999,4142000,4142999.999
"11888",11888,537951.123,537960.978,4142302.577,4142312.862,"Silva","NEON_D07_MLBS_DP1_537000_4142000_classified_point_cloud.laz","2018_MLBS_3_537000_4142000_image.tif","Tree",1,537000,537999.999,4142000,4142999.999
"11889",11889,537960.573,537970.962,4142300.558,4142312.283,"Silva","NEON_D07_MLBS_DP1_537000_4142000_classified_point_cloud.laz","2018_MLBS_3_537000_4142000_image.tif","Tree",1,537000,537999.999,4142000,4142999.999
"11890",11890,537969.075,537976.458,4142310.002,4142319.468,"Silva","NEON_D07_MLBS_DP1_537000_4142000_classified_point_cloud.laz","2018_MLBS_3_537000_4142000_image.tif","Tree",1,537000,537999.999,4142000,4142999.999
"11891",11891,537973.607,537983.403,4142309.004,4142319.396,"Silva","NEON_D07_MLBS_DP1_537000_4142000_classified_point_cloud.laz","2018_MLBS_3_537000_4142000_image.tif","Tree",1,537000,537999.999,4142000,4142999.999
"11892",11892,537954.055,537962.999,4142311.648,4142323.498,"Silva","NEON_D07_MLBS_DP1_537000_4142000_classified_point_cloud.laz","2018_MLBS_3_537000_4142000_image.tif","Tree",1,537000,537999.999,4142000,4142999.999
"11893",11893,537945.745,537955.49,4142317.023,4142326.42,"Silva","NEON_D07_MLBS_DP1_537000_4142000_classified_point_cloud.laz","2018_MLBS_3_537000_4142000_image.tif","Tree",1,537000,537999.999,4142000,4142999.999
"11894",11894,537971.068,537978.397,4142319.005,4142327.141,"Silva","NEON_D07_MLBS_DP1_537000_4142000_classified_point_cloud.laz","2018_MLBS_3_537000_4142000_image.tif","Tree",1,537000,537999.999,4142000,4142999.999
"11895",11895,537976.048,537987.979,4142323.01,4142329.498,"Silva","NEON_D07_MLBS_DP1_537000_4142000_classified_point_cloud.laz","2018_MLBS_3_537000_4142000_image.tif","Tree",1,537000,537999.999,4142000,4142999.999
"11896",11896,537974.629,537985.949,4142329.51,4142337.449,"Silva","NEON_D07_MLBS_DP1_537000_4142000_classified_point_cloud.laz","2018_MLBS_3_537000_4142000_image.tif","Tree",1,537000,537999.999,4142000,4142999.999
"11897",11897,537991.613,537996.956,4142329.225,4142337.326,"Silva","NEON_D07_MLBS_DP1_537000_4142000_classified_point_cloud.laz","2018_MLBS_3_537000_4142000_image.tif","Tree",1,537000,537999.999,4142000,4142999.999
"11898",11898,537996.53,537999.997,4142334.001,4142338.931,"Silva","NEON_D07_MLBS_DP1_537000_4142000_classified_point_cloud.laz","2018_MLBS_3_537000_4142000_image.tif","Tree",1,537000,537999.999,4142000,4142999.999
"11899",11899,537984.038,537989.98,4142338.845,4142343.467,"Silva","NEON_D07_MLBS_DP1_537000_4142000_classified_point_cloud.laz","2018_MLBS_3_537000_4142000_image.tif","Tree",1,537000,537999.999,4142000,4142999.999
"11900",11900,537978.634,537985.339,4142343.04,4142349.982,"Silva","NEON_D07_MLBS_DP1_537000_4142000_classified_point_cloud.laz","2018_MLBS_3_537000_4142000_image.tif","Tree",1,537000,537999.999,4142000,4142999.999
"11901",11901,537955.217,537964.407,4142340.509,4142352.396,"Silva","NEON_D07_MLBS_DP1_537000_4142000_classified_point_cloud.laz","2018_MLBS_3_537000_4142000_image.tif","Tree",1,537000,537999.999,4142000,4142999.999
"11902",11902,537969.192,537976.777,4142349.516,4142357.415,"Silva","NEON_D07_MLBS_DP1_537000_4142000_classified_point_cloud.laz","2018_MLBS_3_537000_4142000_image.tif","Tree",1,537000,537999.999,4142000,4142999.999
"11903",11903,537924.546,537937.381,4142384.851,4142395.38,"Silva","NEON_D07_MLBS_DP1_537000_4142000_classified_point_cloud.laz","2018_MLBS_3_537000_4142000_image.tif","Tree",1,537000,537999.999,4142000,4142999.999
"11904",11904,537927.022,537939.496,4142370.503,4142382.447,"Silva","NEON_D07_MLBS_DP1_537000_4142000_classified_point_cloud.laz","2018_MLBS_3_537000_4142000_image.tif","Tree",1,537000,537999.999,4142000,4142999.999
"11905",11905,537929.532,537938.483,4142356.596,4142364.208,"Silva","NEON_D07_MLBS_DP1_537000_4142000_classified_point_cloud.laz","2018_MLBS_3_537000_4142000_image.tif","Tree",1,537000,537999.999,4142000,4142999.999
"11906",11906,537989.02,537995.99,4142403.552,4142416.488,"Silva","NEON_D07_MLBS_DP1_537000_4142000_classified_point_cloud.laz","2018_MLBS_3_537000_4142000_image.tif","Tree",1,537000,537999.999,4142000,4142999.999
"11907",11907,537980.108,537993.92,4142397.575,4142403.997,"Silva","NEON_D07_MLBS_DP1_537000_4142000_classified_point_cloud.laz","2018_MLBS_3_537000_4142000_image.tif","Tree",1,537000,537999.999,4142000,4142999.999
"11908",11908,537982.014,537992.487,4142389.003,4142397.999,"Silva","NEON_D07_MLBS_DP1_537000_4142000_classified_point_cloud.laz","2018_MLBS_3_537000_4142000_image.tif","Tree",1,537000,537999.999,4142000,4142999.999
"11909",11909,537949.118,537960.477,4142384.129,4142393.491,"Silva","NEON_D07_MLBS_DP1_537000_4142000_classified_point_cloud.laz","2018_MLBS_3_537000_4142000_image.tif","Tree",1,537000,537999.999,4142000,4142999.999
"11910",11910,537995.254,537999.988,4142384.511,4142391.95,"Silva","NEON_D07_MLBS_DP1_537000_4142000_classified_point_cloud.laz","2018_MLBS_3_537000_4142000_image.tif","Tree",1,537000,537999.999,4142000,4142999.999
"11911",11911,537980.507,537991.35,4142378.022,4142389.453,"Silva","NEON_D07_MLBS_DP1_537000_4142000_classified_point_cloud.laz","2018_MLBS_3_537000_4142000_image.tif","Tree",1,537000,537999.999,4142000,4142999.999
"11912",11912,537994.57,537999.991,4142378.867,4142384.936,"Silva","NEON_D07_MLBS_DP1_537000_4142000_classified_point_cloud.laz","2018_MLBS_3_537000_4142000_image.tif","Tree",1,537000,537999.999,4142000,4142999.999
"11913",11913,537992.555,537999.978,4142366.508,4142375.492,"Silva","NEON_D07_MLBS_DP1_537000_4142000_classified_point_cloud.laz","2018_MLBS_3_537000_4142000_image.tif","Tree",1,537000,537999.999,4142000,4142999.999
"11914",11914,537953.5,537960.478,4142362.504,4142368.257,"Silva","NEON_D07_MLBS_DP1_537000_4142000_classified_point_cloud.laz","2018_MLBS_3_537000_4142000_image.tif","Tree",1,537000,537999.999,4142000,4142999.999
"11915",11915,537993.181,537999.995,4142356.184,4142366.484,"Silva","NEON_D07_MLBS_DP1_537000_4142000_classified_point_cloud.laz","2018_MLBS_3_537000_4142000_image.tif","Tree",1,537000,537999.999,4142000,4142999.999
"11916",11916,537960.576,537972.908,4142350.067,4142357.463,"Silva","NEON_D07_MLBS_DP1_537000_4142000_classified_point_cloud.laz","2018_MLBS_3_537000_4142000_image.tif","Tree",1,537000,537999.999,4142000,4142999.999
"11917",11917,537882.007,537889.982,4142409.507,4142416.494,"Silva","NEON_D07_MLBS_DP1_537000_4142000_classified_point_cloud.laz","2018_MLBS_3_537000_4142000_image.tif","Tree",1,537000,537999.999,4142000,4142999.999
"11918",11918,537899.543,537906.327,4142411.233,4142416.962,"Silva","NEON_D07_MLBS_DP1_537000_4142000_classified_point_cloud.laz","2018_MLBS_3_537000_4142000_image.tif","Tree",1,537000,537999.999,4142000,4142999.999
"11919",11919,537913.054,537918.993,4142411.045,4142418.902,"Silva","NEON_D07_MLBS_DP1_537000_4142000_classified_point_cloud.laz","2018_MLBS_3_537000_4142000_image.tif","Tree",1,537000,537999.999,4142000,4142999.999
"11920",11920,537895.516,537901.496,4142408.084,4142414.961,"Silva","NEON_D07_MLBS_DP1_537000_4142000_classified_point_cloud.laz","2018_MLBS_3_537000_4142000_image.tif","Tree",1,537000,537999.999,4142000,4142999.999
"11921",11921,537939.032,537942.491,4142410.119,4142415.934,"Silva","NEON_D07_MLBS_DP1_537000_4142000_classified_point_cloud.laz","2018_MLBS_3_537000_4142000_image.tif","Tree",1,537000,537999.999,4142000,4142999.999
"11922",11922,537971.033,537979.791,4142413.105,4142417.45,"Silva","NEON_D07_MLBS_DP1_537000_4142000_classified_point_cloud.laz","2018_MLBS_3_537000_4142000_image.tif","Tree",1,537000,537999.999,4142000,4142999.999
"11923",11923,537963.509,537970.994,4142409.012,4142417.718,"Silva","NEON_D07_MLBS_DP1_537000_4142000_classified_point_cloud.laz","2018_MLBS_3_537000_4142000_image.tif","Tree",1,537000,537999.999,4142000,4142999.999
"11924",11924,537913.853,537922.127,4142403.501,4142412.482,"Silva","NEON_D07_MLBS_DP1_537000_4142000_classified_point_cloud.laz","2018_MLBS_3_537000_4142000_image.tif","Tree",1,537000,537999.999,4142000,4142999.999
"11925",11925,537901.153,537908.968,4142407.062,4142413.414,"Silva","NEON_D07_MLBS_DP1_537000_4142000_classified_point_cloud.laz","2018_MLBS_3_537000_4142000_image.tif","Tree",1,537000,537999.999,4142000,4142999.999
"11926",11926,537889.141,537899.483,4142404.503,4142411.21,"Silva","NEON_D07_MLBS_DP1_537000_4142000_classified_point_cloud.laz","2018_MLBS_3_537000_4142000_image.tif","Tree",1,537000,537999.999,4142000,4142999.999
"11927",11927,537981.57,537992.355,4142410.069,4142416.961,"Silva","NEON_D07_MLBS_DP1_537000_4142000_classified_point_cloud.laz","2018_MLBS_3_537000_4142000_image.tif","Tree",1,537000,537999.999,4142000,4142999.999
"11928",11928,537949.508,537955.998,4142408.534,4142414.911,"Silva","NEON_D07_MLBS_DP1_537000_4142000_classified_point_cloud.laz","2018_MLBS_3_537000_4142000_image.tif","Tree",1,537000,537999.999,4142000,4142999.999
"11929",11929,537940.55,537949.466,4142407.042,4142412.763,"Silva","NEON_D07_MLBS_DP1_537000_4142000_classified_point_cloud.laz","2018_MLBS_3_537000_4142000_image.tif","Tree",1,537000,537999.999,4142000,4142999.999
"11930",11930,537960.51,537967.926,4142407.009,4142414.95,"Silva","NEON_D07_MLBS_DP1_537000_4142000_classified_point_cloud.laz","2018_MLBS_3_537000_4142000_image.tif","Tree",1,537000,537999.999,4142000,4142999.999
"11931",11931,537956.002,537960.497,4142409.05,4142414.322,"Silva","NEON_D07_MLBS_DP1_537000_4142000_classified_point_cloud.laz","2018_MLBS_3_537000_4142000_image.tif","Tree",1,537000,537999.999,4142000,4142999.999
"11932",11932,537907.598,537918.482,4142401.554,4142409.488,"Silva","NEON_D07_MLBS_DP1_537000_4142000_classified_point_cloud.laz","2018_MLBS_3_537000_4142000_image.tif","Tree",1,537000,537999.999,4142000,4142999.999
"11933",11933,537882,537889.977,4142398.004,4142409.47,"Silva","NEON_D07_MLBS_DP1_537000_4142000_classified_point_cloud.laz","2018_MLBS_3_537000_4142000_image.tif","Tree",1,537000,537999.999,4142000,4142999.999
"11934",11934,537951.504,537956.485,4142402.602,4142409.493,"Silva","NEON_D07_MLBS_DP1_537000_4142000_classified_point_cloud.laz","2018_MLBS_3_537000_4142000_image.tif","Tree",1,537000,537999.999,4142000,4142999.999
"11935",11935,537936.257,537944.48,4142403.578,4142409.895,"Silva","NEON_D07_MLBS_DP1_537000_4142000_classified_point_cloud.laz","2018_MLBS_3_537000_4142000_image.tif","Tree",1,537000,537999.999,4142000,4142999.999
"11936",11936,537889.022,537895.882,4142399.009,4142406.992,"Silva","NEON_D07_MLBS_DP1_537000_4142000_classified_point_cloud.laz","2018_MLBS_3_537000_4142000_image.tif","Tree",1,537000,537999.999,4142000,4142999.999
"11937",11937,537920.508,537933.991,4142399.1,4142407.554,"Silva","NEON_D07_MLBS_DP1_537000_4142000_classified_point_cloud.laz","2018_MLBS_3_537000_4142000_image.tif","Tree",1,537000,537999.999,4142000,4142999.999
"11938",11938,537895.039,537899.476,4142398.034,4142404.992,"Silva","NEON_D07_MLBS_DP1_537000_4142000_classified_point_cloud.laz","2018_MLBS_3_537000_4142000_image.tif","Tree",1,537000,537999.999,4142000,4142999.999
"11939",11939,537933.676,537943.459,4142395.509,4142407.914,"Silva","NEON_D07_MLBS_DP1_537000_4142000_classified_point_cloud.laz","2018_MLBS_3_537000_4142000_image.tif","Tree",1,537000,537999.999,4142000,4142999.999
"11940",11940,537898.523,537905.459,4142394.008,4142401.482,"Silva","NEON_D07_MLBS_DP1_537000_4142000_classified_point_cloud.laz","2018_MLBS_3_537000_4142000_image.tif","Tree",1,537000,537999.999,4142000,4142999.999
"11941",11941,537957.101,537964.996,4142401.009,4142406.902,"Silva","NEON_D07_MLBS_DP1_537000_4142000_classified_point_cloud.laz","2018_MLBS_3_537000_4142000_image.tif","Tree",1,537000,537999.999,4142000,4142999.999
"11942",11942,537891.255,537898.955,4142394.135,4142400.499,"Silva","NEON_D07_MLBS_DP1_537000_4142000_classified_point_cloud.laz","2018_MLBS_3_537000_4142000_image.tif","Tree",1,537000,537999.999,4142000,4142999.999
"11943",11943,537923.023,537937.462,4142393.503,4142403,"Silva","NEON_D07_MLBS_DP1_537000_4142000_classified_point_cloud.laz","2018_MLBS_3_537000_4142000_image.tif","Tree",1,537000,537999.999,4142000,4142999.999
"11944",11944,537946.041,537953.999,4142393.345,4142401.999,"Silva","NEON_D07_MLBS_DP1_537000_4142000_classified_point_cloud.laz","2018_MLBS_3_537000_4142000_image.tif","Tree",1,537000,537999.999,4142000,4142999.999
"11945",11945,537892.013,537902.801,4142388.169,4142395.907,"Silva","NEON_D07_MLBS_DP1_537000_4142000_classified_point_cloud.laz","2018_MLBS_3_537000_4142000_image.tif","Tree",1,537000,537999.999,4142000,4142999.999
"11946",11946,537939.165,537950.129,4142391.021,4142399.973,"Silva","NEON_D07_MLBS_DP1_537000_4142000_classified_point_cloud.laz","2018_MLBS_3_537000_4142000_image.tif","Tree",1,537000,537999.999,4142000,4142999.999
"11947",11947,537966.545,537972.974,4142391.672,4142400.983,"Silva","NEON_D07_MLBS_DP1_537000_4142000_classified_point_cloud.laz","2018_MLBS_3_537000_4142000_image.tif","Tree",1,537000,537999.999,4142000,4142999.999
"11948",11948,537971.541,537979.464,4142392.318,4142401.963,"Silva","NEON_D07_MLBS_DP1_537000_4142000_classified_point_cloud.laz","2018_MLBS_3_537000_4142000_image.tif","Tree",1,537000,537999.999,4142000,4142999.999
"11949",11949,537903.033,537913.45,4142388.526,4142396.98,"Silva","NEON_D07_MLBS_DP1_537000_4142000_classified_point_cloud.laz","2018_MLBS_3_537000_4142000_image.tif","Tree",1,537000,537999.999,4142000,4142999.999
"11950",11950,537964.57,537972.419,4142389.525,4142397.989,"Silva","NEON_D07_MLBS_DP1_537000_4142000_classified_point_cloud.laz","2018_MLBS_3_537000_4142000_image.tif","Tree",1,537000,537999.999,4142000,4142999.999
"11951",11951,537975.537,537982.946,4142389.518,4142399.951,"Silva","NEON_D07_MLBS_DP1_537000_4142000_classified_point_cloud.laz","2018_MLBS_3_537000_4142000_image.tif","Tree",1,537000,537999.999,4142000,4142999.999
"11952",11952,537901.016,537906.49,4142380.504,4142392.994,"Silva","NEON_D07_MLBS_DP1_537000_4142000_classified_point_cloud.laz","2018_MLBS_3_537000_4142000_image.tif","Tree",1,537000,537999.999,4142000,4142999.999
"11953",11953,537960.51,537971.298,4142383.009,4142391.5,"Silva","NEON_D07_MLBS_DP1_537000_4142000_classified_point_cloud.laz","2018_MLBS_3_537000_4142000_image.tif","Tree",1,537000,537999.999,4142000,4142999.999
"11954",11954,537942.079,537948.994,4142383.509,4142390.984,"Silva","NEON_D07_MLBS_DP1_537000_4142000_classified_point_cloud.laz","2018_MLBS_3_537000_4142000_image.tif","Tree",1,537000,537999.999,4142000,4142999.999
"11955",11955,537921.939,537934.456,4142379.037,4142390.965,"Silva","NEON_D07_MLBS_DP1_537000_4142000_classified_point_cloud.laz","2018_MLBS_3_537000_4142000_image.tif","Tree",1,537000,537999.999,4142000,4142999.999
"11956",11956,537947.545,537954.488,4142382.026,4142390.455,"Silva","NEON_D07_MLBS_DP1_537000_4142000_classified_point_cloud.laz","2018_MLBS_3_537000_4142000_image.tif","Tree",1,537000,537999.999,4142000,4142999.999
"11957",11957,537970.516,537981.494,4142380.016,4142389.494,"Silva","NEON_D07_MLBS_DP1_537000_4142000_classified_point_cloud.laz","2018_MLBS_3_537000_4142000_image.tif","Tree",1,537000,537999.999,4142000,4142999.999
"11958",11958,537944.599,537950.966,4142378.585,4142384.867,"Silva","NEON_D07_MLBS_DP1_537000_4142000_classified_point_cloud.laz","2018_MLBS_3_537000_4142000_image.tif","Tree",1,537000,537999.999,4142000,4142999.999
"11959",11959,537934.656,537944.962,4142375.027,4142385.321,"Silva","NEON_D07_MLBS_DP1_537000_4142000_classified_point_cloud.laz","2018_MLBS_3_537000_4142000_image.tif","Tree",1,537000,537999.999,4142000,4142999.999
"11960",11960,537888.031,537898.697,4142374.512,4142382.489,"Silva","NEON_D07_MLBS_DP1_537000_4142000_classified_point_cloud.laz","2018_MLBS_3_537000_4142000_image.tif","Tree",1,537000,537999.999,4142000,4142999.999
"11961",11961,537962.511,537970.372,4142377.568,4142385.091,"Silva","NEON_D07_MLBS_DP1_537000_4142000_classified_point_cloud.laz","2018_MLBS_3_537000_4142000_image.tif","Tree",1,537000,537999.999,4142000,4142999.999
"11962",11962,537919,537927.454,4142370.849,4142379.336,"Silva","NEON_D07_MLBS_DP1_537000_4142000_classified_point_cloud.laz","2018_MLBS_3_537000_4142000_image.tif","Tree",1,537000,537999.999,4142000,4142999.999
"11963",11963,537992.569,537999.998,4142374.031,4142383,"Silva","NEON_D07_MLBS_DP1_537000_4142000_classified_point_cloud.laz","2018_MLBS_3_537000_4142000_image.tif","Tree",1,537000,537999.999,4142000,4142999.999
"11964",11964,537967.199,537978.981,4142372.512,4142382.551,"Silva","NEON_D07_MLBS_DP1_537000_4142000_classified_point_cloud.laz","2018_MLBS_3_537000_4142000_image.tif","Tree",1,537000,537999.999,4142000,4142999.999
"11965",11965,537987.014,537995.977,4142369.932,4142378.489,"Silva","NEON_D07_MLBS_DP1_537000_4142000_classified_point_cloud.laz","2018_MLBS_3_537000_4142000_image.tif","Tree",1,537000,537999.999,4142000,4142999.999
"11966",11966,537959.501,537964.999,4142365.66,4142374.72,"Silva","NEON_D07_MLBS_DP1_537000_4142000_classified_point_cloud.laz","2018_MLBS_3_537000_4142000_image.tif","Tree",1,537000,537999.999,4142000,4142999.999
"11967",11967,537981.652,537992.444,4142366.65,4142376.471,"Silva","NEON_D07_MLBS_DP1_537000_4142000_classified_point_cloud.laz","2018_MLBS_3_537000_4142000_image.tif","Tree",1,537000,537999.999,4142000,4142999.999
"11968",11968,537965.001,537971.474,4142366.544,4142375.46,"Silva","NEON_D07_MLBS_DP1_537000_4142000_classified_point_cloud.laz","2018_MLBS_3_537000_4142000_image.tif","Tree",1,537000,537999.999,4142000,4142999.999
"11969",11969,537907.5,537918.471,4142363.007,4142369.995,"Silva","NEON_D07_MLBS_DP1_537000_4142000_classified_point_cloud.laz","2018_MLBS_3_537000_4142000_image.tif","Tree",1,537000,537999.999,4142000,4142999.999
"11970",11970,537948.099,537953.937,4142363.002,4142371.287,"Silva","NEON_D07_MLBS_DP1_537000_4142000_classified_point_cloud.laz","2018_MLBS_3_537000_4142000_image.tif","Tree",1,537000,537999.999,4142000,4142999.999
"11971",11971,537940.549,537949.467,4142360.556,4142367.497,"Silva","NEON_D07_MLBS_DP1_537000_4142000_classified_point_cloud.laz","2018_MLBS_3_537000_4142000_image.tif","Tree",1,537000,537999.999,4142000,4142999.999
"11972",11972,537922.036,537929.919,4142358.532,4142366.998,"Silva","NEON_D07_MLBS_DP1_537000_4142000_classified_point_cloud.laz","2018_MLBS_3_537000_4142000_image.tif","Tree",1,537000,537999.999,4142000,4142999.999
"11973",11973,537906.508,537915.479,4142357.255,4142363.492,"Silva","NEON_D07_MLBS_DP1_537000_4142000_classified_point_cloud.laz","2018_MLBS_3_537000_4142000_image.tif","Tree",1,537000,537999.999,4142000,4142999.999
"11974",11974,537921.01,537929.997,4142354.04,4142361.985,"Silva","NEON_D07_MLBS_DP1_537000_4142000_classified_point_cloud.laz","2018_MLBS_3_537000_4142000_image.tif","Tree",1,537000,537999.999,4142000,4142999.999
"11975",11975,537938.003,537947.325,4142356.569,4142365.987,"Silva","NEON_D07_MLBS_DP1_537000_4142000_classified_point_cloud.laz","2018_MLBS_3_537000_4142000_image.tif","Tree",1,537000,537999.999,4142000,4142999.999
"11976",11976,537907.22,537914.994,4142352.017,4142360.401,"Silva","NEON_D07_MLBS_DP1_537000_4142000_classified_point_cloud.laz","2018_MLBS_3_537000_4142000_image.tif","Tree",1,537000,537999.999,4142000,4142999.999
"11977",11977,537941,537947.496,4142351.503,4142359.989,"Silva","NEON_D07_MLBS_DP1_537000_4142000_classified_point_cloud.laz","2018_MLBS_3_537000_4142000_image.tif","Tree",1,537000,537999.999,4142000,4142999.999
"11978",11978,537878.62,537889.957,4142343.544,4142354.738,"Silva","NEON_D07_MLBS_DP1_537000_4142000_classified_point_cloud.laz","2018_MLBS_3_537000_4142000_image.tif","Tree",1,537000,537999.999,4142000,4142999.999
"11979",11979,537926.538,537932.442,4142350.977,4142356.999,"Silva","NEON_D07_MLBS_DP1_537000_4142000_classified_point_cloud.laz","2018_MLBS_3_537000_4142000_image.tif","Tree",1,537000,537999.999,4142000,4142999.999
"11980",11980,537936.042,537942.989,4142349.011,4142355.462,"Silva","NEON_D07_MLBS_DP1_537000_4142000_classified_point_cloud.laz","2018_MLBS_3_537000_4142000_image.tif","Tree",1,537000,537999.999,4142000,4142999.999
"11981",11981,537924.011,537932.485,4142337.324,4142346.485,"Silva","NEON_D07_MLBS_DP1_537000_4142000_classified_point_cloud.laz","2018_MLBS_3_537000_4142000_image.tif","Tree",1,537000,537999.999,4142000,4142999.999
"11982",11982,537941.504,537948.975,4142340.541,4142351.488,"Silva","NEON_D07_MLBS_DP1_537000_4142000_classified_point_cloud.laz","2018_MLBS_3_537000_4142000_image.tif","Tree",1,537000,537999.999,4142000,4142999.999
"11983",11983,537972.787,537979.968,4142340.024,4142349.998,"Silva","NEON_D07_MLBS_DP1_537000_4142000_classified_point_cloud.laz","2018_MLBS_3_537000_4142000_image.tif","Tree",1,537000,537999.999,4142000,4142999.999
"11984",11984,537995.075,537999.994,4142330.012,4142333.986,"Silva","NEON_D07_MLBS_DP1_537000_4142000_classified_point_cloud.laz","2018_MLBS_3_537000_4142000_image.tif","Tree",1,537000,537999.999,4142000,4142999.999
"11985",11985,537969.503,537976.34,4142324.69,4142333.496,"Silva","NEON_D07_MLBS_DP1_537000_4142000_classified_point_cloud.laz","2018_MLBS_3_537000_4142000_image.tif","Tree",1,537000,537999.999,4142000,4142999.999
"11986",11986,537963.5,537970.978,4142325.563,4142333.495,"Silva","NEON_D07_MLBS_DP1_537000_4142000_classified_point_cloud.laz","2018_MLBS_3_537000_4142000_image.tif","Tree",1,537000,537999.999,4142000,4142999.999
"11987",11987,537962.61,537971.909,4142320.688,4142326.789,"Silva","NEON_D07_MLBS_DP1_537000_4142000_classified_point_cloud.laz","2018_MLBS_3_537000_4142000_image.tif","Tree",1,537000,537999.999,4142000,4142999.999
"11988",11988,537985.003,537995.291,4142312.662,4142327.354,"Silva","NEON_D07_MLBS_DP1_537000_4142000_classified_point_cloud.laz","2018_MLBS_3_537000_4142000_image.tif","Tree",1,537000,537999.999,4142000,4142999.999
"11989",11989,537956.628,537963.925,4142192.58,4142199.499,"Silva","NEON_D07_MLBS_DP1_537000_4142000_classified_point_cloud.laz","2018_MLBS_3_537000_4142000_image.tif","Tree",1,537000,537999.999,4142000,4142999.999
"11990",11990,537954.58,537958.973,4142194.003,4142201.472,"Silva","NEON_D07_MLBS_DP1_537000_4142000_classified_point_cloud.laz","2018_MLBS_3_537000_4142000_image.tif","Tree",1,537000,537999.999,4142000,4142999.999
"11991",11991,537958,537965.719,4142198.641,4142206.964,"Silva","NEON_D07_MLBS_DP1_537000_4142000_classified_point_cloud.laz","2018_MLBS_3_537000_4142000_image.tif","Tree",1,537000,537999.999,4142000,4142999.999
"11992",11992,537542.005,537550.909,4142413.023,4142422.474,"Silva","NEON_D07_MLBS_DP1_537000_4142000_classified_point_cloud.laz","2018_MLBS_3_537000_4142000_image.tif","Tree",1,537000,537999.999,4142000,4142999.999
"11993",11993,537535.705,537543.471,4142415.528,4142423.303,"Silva","NEON_D07_MLBS_DP1_537000_4142000_classified_point_cloud.laz","2018_MLBS_3_537000_4142000_image.tif","Tree",1,537000,537999.999,4142000,4142999.999
"11994",11994,537521.025,537533.92,4142418.014,4142425.463,"Silva","NEON_D07_MLBS_DP1_537000_4142000_classified_point_cloud.laz","2018_MLBS_3_537000_4142000_image.tif","Tree",1,537000,537999.999,4142000,4142999.999
"11995",11995,537533.5,537542.485,4142419.514,4142427.499,"Silva","NEON_D07_MLBS_DP1_537000_4142000_classified_point_cloud.laz","2018_MLBS_3_537000_4142000_image.tif","Tree",1,537000,537999.999,4142000,4142999.999
"11996",11996,537643.243,537648.907,4142443.963,4142450.225,"Silva","NEON_D07_MLBS_DP1_537000_4142000_classified_point_cloud.laz","2018_MLBS_3_537000_4142000_image.tif","Tree",1,537000,537999.999,4142000,4142999.999
"11997",11997,537652.539,537659.461,4142439.04,4142445.223,"Silva","NEON_D07_MLBS_DP1_537000_4142000_classified_point_cloud.laz","2018_MLBS_3_537000_4142000_image.tif","Tree",1,537000,537999.999,4142000,4142999.999
"11998",11998,537666.562,537672.469,4142417.517,4142422.121,"Silva","NEON_D07_MLBS_DP1_537000_4142000_classified_point_cloud.laz","2018_MLBS_3_537000_4142000_image.tif","Tree",1,537000,537999.999,4142000,4142999.999
"11999",11999,537645.182,537656.406,4142427.87,4142434.466,"Silva","NEON_D07_MLBS_DP1_537000_4142000_classified_point_cloud.laz","2018_MLBS_3_537000_4142000_image.tif","Tree",1,537000,537999.999,4142000,4142999.999
"12000",12000,537517.202,537527.459,4142446.501,4142452.98,"Silva","NEON_D07_MLBS_DP1_537000_4142000_classified_point_cloud.laz","2018_MLBS_3_537000_4142000_image.tif","Tree",1,537000,537999.999,4142000,4142999.999
"12001",12001,537535.507,537541.991,4142445.585,4142452.981,"Silva","NEON_D07_MLBS_DP1_537000_4142000_classified_point_cloud.laz","2018_MLBS_3_537000_4142000_image.tif","Tree",1,537000,537999.999,4142000,4142999.999
"12002",12002,537504.024,537512.906,4142440.516,4142450.988,"Silva","NEON_D07_MLBS_DP1_537000_4142000_classified_point_cloud.laz","2018_MLBS_3_537000_4142000_image.tif","Tree",1,537000,537999.999,4142000,4142999.999
"12003",12003,537549.505,537555.988,4142445.51,4142453.929,"Silva","NEON_D07_MLBS_DP1_537000_4142000_classified_point_cloud.laz","2018_MLBS_3_537000_4142000_image.tif","Tree",1,537000,537999.999,4142000,4142999.999
"12004",12004,537498.532,537505.98,4142440.122,4142450.959,"Silva","NEON_D07_MLBS_DP1_537000_4142000_classified_point_cloud.laz","2018_MLBS_3_537000_4142000_image.tif","Tree",1,537000,537999.999,4142000,4142999.999
"12005",12005,537533.506,537538.451,4142440.553,4142447.906,"Silva","NEON_D07_MLBS_DP1_537000_4142000_classified_point_cloud.laz","2018_MLBS_3_537000_4142000_image.tif","Tree",1,537000,537999.999,4142000,4142999.999
"12006",12006,537537.527,537545.488,4142437.533,4142445.998,"Silva","NEON_D07_MLBS_DP1_537000_4142000_classified_point_cloud.laz","2018_MLBS_3_537000_4142000_image.tif","Tree",1,537000,537999.999,4142000,4142999.999
"12007",12007,537506.526,537515.977,4142435.511,4142445.488,"Silva","NEON_D07_MLBS_DP1_537000_4142000_classified_point_cloud.laz","2018_MLBS_3_537000_4142000_image.tif","Tree",1,537000,537999.999,4142000,4142999.999
"12008",12008,537512.502,537518.834,4142431.204,4142443.908,"Silva","NEON_D07_MLBS_DP1_537000_4142000_classified_point_cloud.laz","2018_MLBS_3_537000_4142000_image.tif","Tree",1,537000,537999.999,4142000,4142999.999
"12009",12009,537528.683,537539.499,4142432.012,4142440.881,"Silva","NEON_D07_MLBS_DP1_537000_4142000_classified_point_cloud.laz","2018_MLBS_3_537000_4142000_image.tif","Tree",1,537000,537999.999,4142000,4142999.999
"12010",12010,537540.003,537546.684,4142428.511,4142437.989,"Silva","NEON_D07_MLBS_DP1_537000_4142000_classified_point_cloud.laz","2018_MLBS_3_537000_4142000_image.tif","Tree",1,537000,537999.999,4142000,4142999.999
"12011",12011,537541.535,537550.995,4142422.511,4142429.972,"Silva","NEON_D07_MLBS_DP1_537000_4142000_classified_point_cloud.laz","2018_MLBS_3_537000_4142000_image.tif","Tree",1,537000,537999.999,4142000,4142999.999
"12012",12012,537505.654,537517.978,4142420.007,4142427.977,"Silva","NEON_D07_MLBS_DP1_537000_4142000_classified_point_cloud.laz","2018_MLBS_3_537000_4142000_image.tif","Tree",1,537000,537999.999,4142000,4142999.999
"12013",12013,537539.128,537546.755,4142450.529,4142457.39,"Silva","NEON_D07_MLBS_DP1_537000_4142000_classified_point_cloud.laz","2018_MLBS_3_537000_4142000_image.tif","Tree",1,537000,537999.999,4142000,4142999.999
"12014",12014,537523.504,537532.994,4142450.062,4142460.478,"Silva","NEON_D07_MLBS_DP1_537000_4142000_classified_point_cloud.laz","2018_MLBS_3_537000_4142000_image.tif","Tree",1,537000,537999.999,4142000,4142999.999
"12015",12015,537551.023,537557.49,4142454.034,4142463.748,"Silva","NEON_D07_MLBS_DP1_537000_4142000_classified_point_cloud.laz","2018_MLBS_3_537000_4142000_image.tif","Tree",1,537000,537999.999,4142000,4142999.999
"12016",12016,537545.098,537551.487,4142455.04,4142460.493,"Silva","NEON_D07_MLBS_DP1_537000_4142000_classified_point_cloud.laz","2018_MLBS_3_537000_4142000_image.tif","Tree",1,537000,537999.999,4142000,4142999.999
"12017",12017,537501.553,537512.333,4142451.014,4142461.487,"Silva","NEON_D07_MLBS_DP1_537000_4142000_classified_point_cloud.laz","2018_MLBS_3_537000_4142000_image.tif","Tree",1,537000,537999.999,4142000,4142999.999
"12018",12018,537512.566,537524.463,4142456.25,4142461.489,"Silva","NEON_D07_MLBS_DP1_537000_4142000_classified_point_cloud.laz","2018_MLBS_3_537000_4142000_image.tif","Tree",1,537000,537999.999,4142000,4142999.999
"12019",12019,537537.508,537541.49,4142458.579,4142464.817,"Silva","NEON_D07_MLBS_DP1_537000_4142000_classified_point_cloud.laz","2018_MLBS_3_537000_4142000_image.tif","Tree",1,537000,537999.999,4142000,4142999.999
"12020",12020,537545.58,537552.472,4142460.032,4142464.918,"Silva","NEON_D07_MLBS_DP1_537000_4142000_classified_point_cloud.laz","2018_MLBS_3_537000_4142000_image.tif","Tree",1,537000,537999.999,4142000,4142999.999
"12021",12021,537528.649,537534.497,4142456.512,4142466.325,"Silva","NEON_D07_MLBS_DP1_537000_4142000_classified_point_cloud.laz","2018_MLBS_3_537000_4142000_image.tif","Tree",1,537000,537999.999,4142000,4142999.999
"12022",12022,537514.039,537523.462,4142461.001,4142465.495,"Silva","NEON_D07_MLBS_DP1_537000_4142000_classified_point_cloud.laz","2018_MLBS_3_537000_4142000_image.tif","Tree",1,537000,537999.999,4142000,4142999.999
"12023",12023,537523.028,537531.993,4142460.073,4142468.487,"Silva","NEON_D07_MLBS_DP1_537000_4142000_classified_point_cloud.laz","2018_MLBS_3_537000_4142000_image.tif","Tree",1,537000,537999.999,4142000,4142999.999
"12024",12024,537505.033,537513.98,4142458.078,4142468.994,"Silva","NEON_D07_MLBS_DP1_537000_4142000_classified_point_cloud.laz","2018_MLBS_3_537000_4142000_image.tif","Tree",1,537000,537999.999,4142000,4142999.999
"12025",12025,537547.009,537554.928,4142463.148,4142471.447,"Silva","NEON_D07_MLBS_DP1_537000_4142000_classified_point_cloud.laz","2018_MLBS_3_537000_4142000_image.tif","Tree",1,537000,537999.999,4142000,4142999.999
"12026",12026,537539.045,537547.483,4142463.018,4142469.999,"Silva","NEON_D07_MLBS_DP1_537000_4142000_classified_point_cloud.laz","2018_MLBS_3_537000_4142000_image.tif","Tree",1,537000,537999.999,4142000,4142999.999
"12027",12027,537497.097,537506.285,4142461.519,4142468.426,"Silva","NEON_D07_MLBS_DP1_537000_4142000_classified_point_cloud.laz","2018_MLBS_3_537000_4142000_image.tif","Tree",1,537000,537999.999,4142000,4142999.999
"12028",12028,537515.432,537523.44,4142465.062,4142470.495,"Silva","NEON_D07_MLBS_DP1_537000_4142000_classified_point_cloud.laz","2018_MLBS_3_537000_4142000_image.tif","Tree",1,537000,537999.999,4142000,4142999.999
"12029",12029,537536.534,537543.418,4142466.074,4142472.457,"Silva","NEON_D07_MLBS_DP1_537000_4142000_classified_point_cloud.laz","2018_MLBS_3_537000_4142000_image.tif","Tree",1,537000,537999.999,4142000,4142999.999
"12030",12030,537533.036,537538.937,4142467.006,4142476.558,"Silva","NEON_D07_MLBS_DP1_537000_4142000_classified_point_cloud.laz","2018_MLBS_3_537000_4142000_image.tif","Tree",1,537000,537999.999,4142000,4142999.999
"12031",12031,537538.521,537547.985,4142469.535,4142477.487,"Silva","NEON_D07_MLBS_DP1_537000_4142000_classified_point_cloud.laz","2018_MLBS_3_537000_4142000_image.tif","Tree",1,537000,537999.999,4142000,4142999.999
"12032",12032,537514.505,537520.491,4142470.541,4142477.994,"Silva","NEON_D07_MLBS_DP1_537000_4142000_classified_point_cloud.laz","2018_MLBS_3_537000_4142000_image.tif","Tree",1,537000,537999.999,4142000,4142999.999
"12033",12033,537507.506,537514.954,4142469.604,4142481.5,"Silva","NEON_D07_MLBS_DP1_537000_4142000_classified_point_cloud.laz","2018_MLBS_3_537000_4142000_image.tif","Tree",1,537000,537999.999,4142000,4142999.999
"12034",12034,537529.579,537538.479,4142474.562,4142480.411,"Silva","NEON_D07_MLBS_DP1_537000_4142000_classified_point_cloud.laz","2018_MLBS_3_537000_4142000_image.tif","Tree",1,537000,537999.999,4142000,4142999.999
"12035",12035,537513.53,537524.979,4142476.087,4142483.471,"Silva","NEON_D07_MLBS_DP1_537000_4142000_classified_point_cloud.laz","2018_MLBS_3_537000_4142000_image.tif","Tree",1,537000,537999.999,4142000,4142999.999
"12036",12036,537568.556,537577.989,4142449.014,4142456.996,"Silva","NEON_D07_MLBS_DP1_537000_4142000_classified_point_cloud.laz","2018_MLBS_3_537000_4142000_image.tif","Tree",1,537000,537999.999,4142000,4142999.999
"12037",12037,537601.507,537610.94,4142451.009,4142457.982,"Silva","NEON_D07_MLBS_DP1_537000_4142000_classified_point_cloud.laz","2018_MLBS_3_537000_4142000_image.tif","Tree",1,537000,537999.999,4142000,4142999.999
"12038",12038,537554.544,537563.486,4142445.641,4142455.989,"Silva","NEON_D07_MLBS_DP1_537000_4142000_classified_point_cloud.laz","2018_MLBS_3_537000_4142000_image.tif","Tree",1,537000,537999.999,4142000,4142999.999
"12039",12039,537575.581,537590.481,4142446.213,4142455.983,"Silva","NEON_D07_MLBS_DP1_537000_4142000_classified_point_cloud.laz","2018_MLBS_3_537000_4142000_image.tif","Tree",1,537000,537999.999,4142000,4142999.999
"12040",12040,537562.025,537573.814,4142442.051,4142452.491,"Silva","NEON_D07_MLBS_DP1_537000_4142000_classified_point_cloud.laz","2018_MLBS_3_537000_4142000_image.tif","Tree",1,537000,537999.999,4142000,4142999.999
"12041",12041,537609.007,537619.987,4142445.066,4142455.887,"Silva","NEON_D07_MLBS_DP1_537000_4142000_classified_point_cloud.laz","2018_MLBS_3_537000_4142000_image.tif","Tree",1,537000,537999.999,4142000,4142999.999
"12042",12042,537552.002,537563.452,4142438.031,4142447.225,"Silva","NEON_D07_MLBS_DP1_537000_4142000_classified_point_cloud.laz","2018_MLBS_3_537000_4142000_image.tif","Tree",1,537000,537999.999,4142000,4142999.999
"12043",12043,537604.032,537609.719,4142440.087,4142448.393,"Silva","NEON_D07_MLBS_DP1_537000_4142000_classified_point_cloud.laz","2018_MLBS_3_537000_4142000_image.tif","Tree",1,537000,537999.999,4142000,4142999.999
"12044",12044,537574.107,537583.999,4142433.507,4142445.887,"Silva","NEON_D07_MLBS_DP1_537000_4142000_classified_point_cloud.laz","2018_MLBS_3_537000_4142000_image.tif","Tree",1,537000,537999.999,4142000,4142999.999
"12045",12045,537588.063,537595.981,4142434.001,4142446.878,"Silva","NEON_D07_MLBS_DP1_537000_4142000_classified_point_cloud.laz","2018_MLBS_3_537000_4142000_image.tif","Tree",1,537000,537999.999,4142000,4142999.999
"12046",12046,537596.011,537601.747,4142434.512,4142441.499,"Silva","NEON_D07_MLBS_DP1_537000_4142000_classified_point_cloud.laz","2018_MLBS_3_537000_4142000_image.tif","Tree",1,537000,537999.999,4142000,4142999.999
"12047",12047,537600.509,537609.455,4142434.097,4142440.99,"Silva","NEON_D07_MLBS_DP1_537000_4142000_classified_point_cloud.laz","2018_MLBS_3_537000_4142000_image.tif","Tree",1,537000,537999.999,4142000,4142999.999
"12048",12048,537581.029,537590.999,4142430.559,4142440.432,"Silva","NEON_D07_MLBS_DP1_537000_4142000_classified_point_cloud.laz","2018_MLBS_3_537000_4142000_image.tif","Tree",1,537000,537999.999,4142000,4142999.999
"12049",12049,537554.531,537567.917,4142430.004,4142441.97,"Silva","NEON_D07_MLBS_DP1_537000_4142000_classified_point_cloud.laz","2018_MLBS_3_537000_4142000_image.tif","Tree",1,537000,537999.999,4142000,4142999.999
"12050",12050,537612.003,537621.479,4142427.548,4142436.426,"Silva","NEON_D07_MLBS_DP1_537000_4142000_classified_point_cloud.laz","2018_MLBS_3_537000_4142000_image.tif","Tree",1,537000,537999.999,4142000,4142999.999
"12051",12051,537597.008,537603.491,4142424.603,4142434.449,"Silva","NEON_D07_MLBS_DP1_537000_4142000_classified_point_cloud.laz","2018_MLBS_3_537000_4142000_image.tif","Tree",1,537000,537999.999,4142000,4142999.999
"12052",12052,537550.555,537559.962,4142422.544,4142432.997,"Silva","NEON_D07_MLBS_DP1_537000_4142000_classified_point_cloud.laz","2018_MLBS_3_537000_4142000_image.tif","Tree",1,537000,537999.999,4142000,4142999.999
"12053",12053,537583.546,537592.996,4142411.213,4142421.964,"Silva","NEON_D07_MLBS_DP1_537000_4142000_classified_point_cloud.laz","2018_MLBS_3_537000_4142000_image.tif","Tree",1,537000,537999.999,4142000,4142999.999
"12054",12054,537593.011,537600.946,4142415.501,4142424.995,"Silva","NEON_D07_MLBS_DP1_537000_4142000_classified_point_cloud.laz","2018_MLBS_3_537000_4142000_image.tif","Tree",1,537000,537999.999,4142000,4142999.999
"12055",12055,537601.15,537608.498,4142419.547,4142426.474,"Silva","NEON_D07_MLBS_DP1_537000_4142000_classified_point_cloud.laz","2018_MLBS_3_537000_4142000_image.tif","Tree",1,537000,537999.999,4142000,4142999.999
"12056",12056,537603.024,537612.999,4142425.056,4142431.408,"Silva","NEON_D07_MLBS_DP1_537000_4142000_classified_point_cloud.laz","2018_MLBS_3_537000_4142000_image.tif","Tree",1,537000,537999.999,4142000,4142999.999
"12057",12057,537586.129,537595.373,4142450.012,4142462.483,"Silva","NEON_D07_MLBS_DP1_537000_4142000_classified_point_cloud.laz","2018_MLBS_3_537000_4142000_image.tif","Tree",1,537000,537999.999,4142000,4142999.999
"12058",12058,537562.513,537569.99,4142452.511,4142459.942,"Silva","NEON_D07_MLBS_DP1_537000_4142000_classified_point_cloud.laz","2018_MLBS_3_537000_4142000_image.tif","Tree",1,537000,537999.999,4142000,4142999.999
"12059",12059,537606.5,537615.985,4142454.03,4142462.411,"Silva","NEON_D07_MLBS_DP1_537000_4142000_classified_point_cloud.laz","2018_MLBS_3_537000_4142000_image.tif","Tree",1,537000,537999.999,4142000,4142999.999
"12060",12060,537568.133,537576.963,4142457.005,4142461.995,"Silva","NEON_D07_MLBS_DP1_537000_4142000_classified_point_cloud.laz","2018_MLBS_3_537000_4142000_image.tif","Tree",1,537000,537999.999,4142000,4142999.999
"12061",12061,537604.545,537611.925,4142460.002,4142465.902,"Silva","NEON_D07_MLBS_DP1_537000_4142000_classified_point_cloud.laz","2018_MLBS_3_537000_4142000_image.tif","Tree",1,537000,537999.999,4142000,4142999.999
"12062",12062,537591.699,537600.965,4142458.519,4142468.843,"Silva","NEON_D07_MLBS_DP1_537000_4142000_classified_point_cloud.laz","2018_MLBS_3_537000_4142000_image.tif","Tree",1,537000,537999.999,4142000,4142999.999
"12063",12063,537610.519,537618.949,4142460.015,4142472.473,"Silva","NEON_D07_MLBS_DP1_537000_4142000_classified_point_cloud.laz","2018_MLBS_3_537000_4142000_image.tif","Tree",1,537000,537999.999,4142000,4142999.999
"12064",12064,537558.267,537564.986,4142460.502,4142467.974,"Silva","NEON_D07_MLBS_DP1_537000_4142000_classified_point_cloud.laz","2018_MLBS_3_537000_4142000_image.tif","Tree",1,537000,537999.999,4142000,4142999.999
"12065",12065,537579.043,537587.977,4142463.507,4142472.323,"Silva","NEON_D07_MLBS_DP1_537000_4142000_classified_point_cloud.laz","2018_MLBS_3_537000_4142000_image.tif","Tree",1,537000,537999.999,4142000,4142999.999
"12066",12066,537596.058,537604.98,4142464.514,4142473.924,"Silva","NEON_D07_MLBS_DP1_537000_4142000_classified_point_cloud.laz","2018_MLBS_3_537000_4142000_image.tif","Tree",1,537000,537999.999,4142000,4142999.999
"12067",12067,537553.543,537559.893,4142467.087,4142472.427,"Silva","NEON_D07_MLBS_DP1_537000_4142000_classified_point_cloud.laz","2018_MLBS_3_537000_4142000_image.tif","Tree",1,537000,537999.999,4142000,4142999.999
"12068",12068,537588.036,537595.98,4142468.51,4142478.559,"Silva","NEON_D07_MLBS_DP1_537000_4142000_classified_point_cloud.laz","2018_MLBS_3_537000_4142000_image.tif","Tree",1,537000,537999.999,4142000,4142999.999
"12069",12069,537573.5,537581.844,4142465.619,4142473.991,"Silva","NEON_D07_MLBS_DP1_537000_4142000_classified_point_cloud.laz","2018_MLBS_3_537000_4142000_image.tif","Tree",1,537000,537999.999,4142000,4142999.999
"12070",12070,537560.546,537568.995,4142467.052,4142475,"Silva","NEON_D07_MLBS_DP1_537000_4142000_classified_point_cloud.laz","2018_MLBS_3_537000_4142000_image.tif","Tree",1,537000,537999.999,4142000,4142999.999
"12071",12071,537548.027,537556.394,4142469.003,4142474.987,"Silva","NEON_D07_MLBS_DP1_537000_4142000_classified_point_cloud.laz","2018_MLBS_3_537000_4142000_image.tif","Tree",1,537000,537999.999,4142000,4142999.999
"12072",12072,537568.127,537575.461,4142467.568,4142476.457,"Silva","NEON_D07_MLBS_DP1_537000_4142000_classified_point_cloud.laz","2018_MLBS_3_537000_4142000_image.tif","Tree",1,537000,537999.999,4142000,4142999.999
"12073",12073,537581.58,537592.495,4142471.519,4142482.714,"Silva","NEON_D07_MLBS_DP1_537000_4142000_classified_point_cloud.laz","2018_MLBS_3_537000_4142000_image.tif","Tree",1,537000,537999.999,4142000,4142999.999
"12074",12074,537562.004,537569.98,4142473.523,4142481.449,"Silva","NEON_D07_MLBS_DP1_537000_4142000_classified_point_cloud.laz","2018_MLBS_3_537000_4142000_image.tif","Tree",1,537000,537999.999,4142000,4142999.999
"12075",12075,537601.509,537606.967,4142474.091,4142483.814,"Silva","NEON_D07_MLBS_DP1_537000_4142000_classified_point_cloud.laz","2018_MLBS_3_537000_4142000_image.tif","Tree",1,537000,537999.999,4142000,4142999.999
"12076",12076,537612.507,537618.322,4142474.835,4142484.864,"Silva","NEON_D07_MLBS_DP1_537000_4142000_classified_point_cloud.laz","2018_MLBS_3_537000_4142000_image.tif","Tree",1,537000,537999.999,4142000,4142999.999
"12077",12077,537549.516,537558.463,4142474.509,4142481.982,"Silva","NEON_D07_MLBS_DP1_537000_4142000_classified_point_cloud.laz","2018_MLBS_3_537000_4142000_image.tif","Tree",1,537000,537999.999,4142000,4142999.999
"12078",12078,537496.502,537504.917,4142495.705,4142502.487,"Silva","NEON_D07_MLBS_DP1_537000_4142000_classified_point_cloud.laz","2018_MLBS_3_537000_4142000_image.tif","Tree",1,537000,537999.999,4142000,4142999.999
"12079",12079,537509.549,537514.966,4142494.01,4142504.404,"Silva","NEON_D07_MLBS_DP1_537000_4142000_classified_point_cloud.laz","2018_MLBS_3_537000_4142000_image.tif","Tree",1,537000,537999.999,4142000,4142999.999
"12080",12080,537514.513,537519.961,4142495.009,4142503.436,"Silva","NEON_D07_MLBS_DP1_537000_4142000_classified_point_cloud.laz","2018_MLBS_3_537000_4142000_image.tif","Tree",1,537000,537999.999,4142000,4142999.999
"12081",12081,537533.225,537541.492,4142493.086,4142500.313,"Silva","NEON_D07_MLBS_DP1_537000_4142000_classified_point_cloud.laz","2018_MLBS_3_537000_4142000_image.tif","Tree",1,537000,537999.999,4142000,4142999.999
"12082",12082,537547.032,537558.297,4142494.549,4142501.96,"Silva","NEON_D07_MLBS_DP1_537000_4142000_classified_point_cloud.laz","2018_MLBS_3_537000_4142000_image.tif","Tree",1,537000,537999.999,4142000,4142999.999
"12083",12083,537525.025,537533.489,4142489.529,4142498.486,"Silva","NEON_D07_MLBS_DP1_537000_4142000_classified_point_cloud.laz","2018_MLBS_3_537000_4142000_image.tif","Tree",1,537000,537999.999,4142000,4142999.999
"12084",12084,537545.513,537552.43,4142490.526,4142497.753,"Silva","NEON_D07_MLBS_DP1_537000_4142000_classified_point_cloud.laz","2018_MLBS_3_537000_4142000_image.tif","Tree",1,537000,537999.999,4142000,4142999.999
"12085",12085,537539.015,537545.944,4142489.504,4142496.496,"Silva","NEON_D07_MLBS_DP1_537000_4142000_classified_point_cloud.laz","2018_MLBS_3_537000_4142000_image.tif","Tree",1,537000,537999.999,4142000,4142999.999
"12086",12086,537509.648,537520.894,4142487.04,4142495.478,"Silva","NEON_D07_MLBS_DP1_537000_4142000_classified_point_cloud.laz","2018_MLBS_3_537000_4142000_image.tif","Tree",1,537000,537999.999,4142000,4142999.999
"12087",12087,537536.501,537542.996,4142487.058,4142493.911,"Silva","NEON_D07_MLBS_DP1_537000_4142000_classified_point_cloud.laz","2018_MLBS_3_537000_4142000_image.tif","Tree",1,537000,537999.999,4142000,4142999.999
"12088",12088,537543.02,537549.474,4142485.138,4142492.884,"Silva","NEON_D07_MLBS_DP1_537000_4142000_classified_point_cloud.laz","2018_MLBS_3_537000_4142000_image.tif","Tree",1,537000,537999.999,4142000,4142999.999
"12089",12089,537530.516,537538.498,4142486.007,4142493.418,"Silva","NEON_D07_MLBS_DP1_537000_4142000_classified_point_cloud.laz","2018_MLBS_3_537000_4142000_image.tif","Tree",1,537000,537999.999,4142000,4142999.999
"12090",12090,537498.091,537505.969,4142481.005,4142490.5,"Silva","NEON_D07_MLBS_DP1_537000_4142000_classified_point_cloud.laz","2018_MLBS_3_537000_4142000_image.tif","Tree",1,537000,537999.999,4142000,4142999.999
"12091",12091,537511.578,537524.947,4142481.026,4142489.367,"Silva","NEON_D07_MLBS_DP1_537000_4142000_classified_point_cloud.laz","2018_MLBS_3_537000_4142000_image.tif","Tree",1,537000,537999.999,4142000,4142999.999
"12092",12092,537524.213,537533.47,4142477.006,4142484.959,"Silva","NEON_D07_MLBS_DP1_537000_4142000_classified_point_cloud.laz","2018_MLBS_3_537000_4142000_image.tif","Tree",1,537000,537999.999,4142000,4142999.999
"12093",12093,537538.035,537547.835,4142477.583,4142484.878,"Silva","NEON_D07_MLBS_DP1_537000_4142000_classified_point_cloud.laz","2018_MLBS_3_537000_4142000_image.tif","Tree",1,537000,537999.999,4142000,4142999.999
"12094",12094,537533.021,537538.93,4142479.126,4142486,"Silva","NEON_D07_MLBS_DP1_537000_4142000_classified_point_cloud.laz","2018_MLBS_3_537000_4142000_image.tif","Tree",1,537000,537999.999,4142000,4142999.999
"12095",12095,537571,537580.738,4142494.568,4142502.489,"Silva","NEON_D07_MLBS_DP1_537000_4142000_classified_point_cloud.laz","2018_MLBS_3_537000_4142000_image.tif","Tree",1,537000,537999.999,4142000,4142999.999
"12096",12096,537599.504,537607.991,4142495.002,4142502.88,"Silva","NEON_D07_MLBS_DP1_537000_4142000_classified_point_cloud.laz","2018_MLBS_3_537000_4142000_image.tif","Tree",1,537000,537999.999,4142000,4142999.999
"12097",12097,537577.001,537584.479,4142493.428,4142501.663,"Silva","NEON_D07_MLBS_DP1_537000_4142000_classified_point_cloud.laz","2018_MLBS_3_537000_4142000_image.tif","Tree",1,537000,537999.999,4142000,4142999.999
"12098",12098,537591.054,537599.497,4142492.502,4142503.974,"Silva","NEON_D07_MLBS_DP1_537000_4142000_classified_point_cloud.laz","2018_MLBS_3_537000_4142000_image.tif","Tree",1,537000,537999.999,4142000,4142999.999
"12099",12099,537584.653,537592.956,4142493.037,4142501.285,"Silva","NEON_D07_MLBS_DP1_537000_4142000_classified_point_cloud.laz","2018_MLBS_3_537000_4142000_image.tif","Tree",1,537000,537999.999,4142000,4142999.999
"12100",12100,537558.11,537569.466,4142489.532,4142500.418,"Silva","NEON_D07_MLBS_DP1_537000_4142000_classified_point_cloud.laz","2018_MLBS_3_537000_4142000_image.tif","Tree",1,537000,537999.999,4142000,4142999.999
"12101",12101,537596.683,537605.234,4142489.528,4142497.955,"Silva","NEON_D07_MLBS_DP1_537000_4142000_classified_point_cloud.laz","2018_MLBS_3_537000_4142000_image.tif","Tree",1,537000,537999.999,4142000,4142999.999
"12102",12102,537565.555,537572.465,4142488.546,4142498.915,"Silva","NEON_D07_MLBS_DP1_537000_4142000_classified_point_cloud.laz","2018_MLBS_3_537000_4142000_image.tif","Tree",1,537000,537999.999,4142000,4142999.999
"12103",12103,537584.567,537592.648,4142487.032,4142495.055,"Silva","NEON_D07_MLBS_DP1_537000_4142000_classified_point_cloud.laz","2018_MLBS_3_537000_4142000_image.tif","Tree",1,537000,537999.999,4142000,4142999.999
"12104",12104,537571.009,537578.482,4142487.592,4142496.145,"Silva","NEON_D07_MLBS_DP1_537000_4142000_classified_point_cloud.laz","2018_MLBS_3_537000_4142000_image.tif","Tree",1,537000,537999.999,4142000,4142999.999
"12105",12105,537603.061,537610.485,4142488.002,4142494.45,"Silva","NEON_D07_MLBS_DP1_537000_4142000_classified_point_cloud.laz","2018_MLBS_3_537000_4142000_image.tif","Tree",1,537000,537999.999,4142000,4142999.999
"12106",12106,537606.517,537613.406,4142478.504,4142485.494,"Silva","NEON_D07_MLBS_DP1_537000_4142000_classified_point_cloud.laz","2018_MLBS_3_537000_4142000_image.tif","Tree",1,537000,537999.999,4142000,4142999.999
"12107",12107,537601.687,537610.477,4142481.503,4142488.491,"Silva","NEON_D07_MLBS_DP1_537000_4142000_classified_point_cloud.laz","2018_MLBS_3_537000_4142000_image.tif","Tree",1,537000,537999.999,4142000,4142999.999
"12108",12108,537558.023,537567.499,4142478.543,4142488.459,"Silva","NEON_D07_MLBS_DP1_537000_4142000_classified_point_cloud.laz","2018_MLBS_3_537000_4142000_image.tif","Tree",1,537000,537999.999,4142000,4142999.999
"12109",12109,537574.761,537584.945,4142480.001,4142490.394,"Silva","NEON_D07_MLBS_DP1_537000_4142000_classified_point_cloud.laz","2018_MLBS_3_537000_4142000_image.tif","Tree",1,537000,537999.999,4142000,4142999.999
"12110",12110,537609.634,537622.998,4142484.504,4142493.491,"Silva","NEON_D07_MLBS_DP1_537000_4142000_classified_point_cloud.laz","2018_MLBS_3_537000_4142000_image.tif","Tree",1,537000,537999.999,4142000,4142999.999
"12111",12111,537552.524,537560.999,4142481.529,4142490.491,"Silva","NEON_D07_MLBS_DP1_537000_4142000_classified_point_cloud.laz","2018_MLBS_3_537000_4142000_image.tif","Tree",1,537000,537999.999,4142000,4142999.999
"12112",12112,537584.507,537595.489,4142480.512,4142492.47,"Silva","NEON_D07_MLBS_DP1_537000_4142000_classified_point_cloud.laz","2018_MLBS_3_537000_4142000_image.tif","Tree",1,537000,537999.999,4142000,4142999.999
"12113",12113,537627.52,537635.333,4142448.548,4142457.085,"Silva","NEON_D07_MLBS_DP1_537000_4142000_classified_point_cloud.laz","2018_MLBS_3_537000_4142000_image.tif","Tree",1,537000,537999.999,4142000,4142999.999
"12114",12114,537620.025,537628.415,4142447.551,4142455.986,"Silva","NEON_D07_MLBS_DP1_537000_4142000_classified_point_cloud.laz","2018_MLBS_3_537000_4142000_image.tif","Tree",1,537000,537999.999,4142000,4142999.999
"12115",12115,537638.214,537647.929,4142447.513,4142457.126,"Silva","NEON_D07_MLBS_DP1_537000_4142000_classified_point_cloud.laz","2018_MLBS_3_537000_4142000_image.tif","Tree",1,537000,537999.999,4142000,4142999.999
"12116",12116,537656.533,537666.346,4142444.729,4142454.91,"Silva","NEON_D07_MLBS_DP1_537000_4142000_classified_point_cloud.laz","2018_MLBS_3_537000_4142000_image.tif","Tree",1,537000,537999.999,4142000,4142999.999
"12117",12117,537649.091,537655.797,4142446.035,4142451.408,"Silva","NEON_D07_MLBS_DP1_537000_4142000_classified_point_cloud.laz","2018_MLBS_3_537000_4142000_image.tif","Tree",1,537000,537999.999,4142000,4142999.999
"12118",12118,537669.507,537679.973,4142441.599,4142453.49,"Silva","NEON_D07_MLBS_DP1_537000_4142000_classified_point_cloud.laz","2018_MLBS_3_537000_4142000_image.tif","Tree",1,537000,537999.999,4142000,4142999.999
"12119",12119,537615.021,537623.266,4142440.469,4142449.486,"Silva","NEON_D07_MLBS_DP1_537000_4142000_classified_point_cloud.laz","2018_MLBS_3_537000_4142000_image.tif","Tree",1,537000,537999.999,4142000,4142999.999
"12120",12120,537647.512,537652.424,4142442.083,4142444.906,"Silva","NEON_D07_MLBS_DP1_537000_4142000_classified_point_cloud.laz","2018_MLBS_3_537000_4142000_image.tif","Tree",1,537000,537999.999,4142000,4142999.999
"12121",12121,537678.029,537685.951,4142440.015,4142450.994,"Silva","NEON_D07_MLBS_DP1_537000_4142000_classified_point_cloud.laz","2018_MLBS_3_537000_4142000_image.tif","Tree",1,537000,537999.999,4142000,4142999.999
"12122",12122,537633.026,537639.926,4142438.549,4142445.892,"Silva","NEON_D07_MLBS_DP1_537000_4142000_classified_point_cloud.laz","2018_MLBS_3_537000_4142000_image.tif","Tree",1,537000,537999.999,4142000,4142999.999
"12123",12123,537658.541,537668.378,4142435.564,4142444.936,"Silva","NEON_D07_MLBS_DP1_537000_4142000_classified_point_cloud.laz","2018_MLBS_3_537000_4142000_image.tif","Tree",1,537000,537999.999,4142000,4142999.999
"12124",12124,537647.508,537657.446,4142434.035,4142440.951,"Silva","NEON_D07_MLBS_DP1_537000_4142000_classified_point_cloud.laz","2018_MLBS_3_537000_4142000_image.tif","Tree",1,537000,537999.999,4142000,4142999.999
"12125",12125,537672.007,537681.497,4142432.513,4142442.731,"Silva","NEON_D07_MLBS_DP1_537000_4142000_classified_point_cloud.laz","2018_MLBS_3_537000_4142000_image.tif","Tree",1,537000,537999.999,4142000,4142999.999
"12126",12126,537664.04,537672.908,4142432.002,4142440.991,"Silva","NEON_D07_MLBS_DP1_537000_4142000_classified_point_cloud.laz","2018_MLBS_3_537000_4142000_image.tif","Tree",1,537000,537999.999,4142000,4142999.999
"12127",12127,537627.554,537633.898,4142430.527,4142439.498,"Silva","NEON_D07_MLBS_DP1_537000_4142000_classified_point_cloud.laz","2018_MLBS_3_537000_4142000_image.tif","Tree",1,537000,537999.999,4142000,4142999.999
"12128",12128,537678.045,537686.986,4142431.519,4142439.859,"Silva","NEON_D07_MLBS_DP1_537000_4142000_classified_point_cloud.laz","2018_MLBS_3_537000_4142000_image.tif","Tree",1,537000,537999.999,4142000,4142999.999
"12129",12129,537672.507,537679.995,4142415.879,4142422.993,"Silva","NEON_D07_MLBS_DP1_537000_4142000_classified_point_cloud.laz","2018_MLBS_3_537000_4142000_image.tif","Tree",1,537000,537999.999,4142000,4142999.999
"12130",12130,537640.009,537646.814,4142420.223,4142430.491,"Silva","NEON_D07_MLBS_DP1_537000_4142000_classified_point_cloud.laz","2018_MLBS_3_537000_4142000_image.tif","Tree",1,537000,537999.999,4142000,4142999.999
"12131",12131,537662.063,537670.497,4142422.126,4142430.406,"Silva","NEON_D07_MLBS_DP1_537000_4142000_classified_point_cloud.laz","2018_MLBS_3_537000_4142000_image.tif","Tree",1,537000,537999.999,4142000,4142999.999
"12132",12132,537623.004,537630.776,4142421.002,4142430.491,"Silva","NEON_D07_MLBS_DP1_537000_4142000_classified_point_cloud.laz","2018_MLBS_3_537000_4142000_image.tif","Tree",1,537000,537999.999,4142000,4142999.999
"12133",12133,537628.056,537637.496,4142424.52,4142431.442,"Silva","NEON_D07_MLBS_DP1_537000_4142000_classified_point_cloud.laz","2018_MLBS_3_537000_4142000_image.tif","Tree",1,537000,537999.999,4142000,4142999.999
"12134",12134,537628.609,537640.807,4142452.104,4142461.435,"Silva","NEON_D07_MLBS_DP1_537000_4142000_classified_point_cloud.laz","2018_MLBS_3_537000_4142000_image.tif","Tree",1,537000,537999.999,4142000,4142999.999
"12135",12135,537615.513,537627.937,4142451.006,4142459.287,"Silva","NEON_D07_MLBS_DP1_537000_4142000_classified_point_cloud.laz","2018_MLBS_3_537000_4142000_image.tif","Tree",1,537000,537999.999,4142000,4142999.999
"12136",12136,537642.12,537652.473,4142455.559,4142463.985,"Silva","NEON_D07_MLBS_DP1_537000_4142000_classified_point_cloud.laz","2018_MLBS_3_537000_4142000_image.tif","Tree",1,537000,537999.999,4142000,4142999.999
"12137",12137,537678.009,537686.47,4142454.07,4142466.998,"Silva","NEON_D07_MLBS_DP1_537000_4142000_classified_point_cloud.laz","2018_MLBS_3_537000_4142000_image.tif","Tree",1,537000,537999.999,4142000,4142999.999
"12138",12138,537670.055,537678.45,4142453.501,4142463.491,"Silva","NEON_D07_MLBS_DP1_537000_4142000_classified_point_cloud.laz","2018_MLBS_3_537000_4142000_image.tif","Tree",1,537000,537999.999,4142000,4142999.999
"12139",12139,537654.214,537663.416,4142456.262,4142463.477,"Silva","NEON_D07_MLBS_DP1_537000_4142000_classified_point_cloud.laz","2018_MLBS_3_537000_4142000_image.tif","Tree",1,537000,537999.999,4142000,4142999.999
"12140",12140,537616.063,537628.487,4142457.068,4142462.487,"Silva","NEON_D07_MLBS_DP1_537000_4142000_classified_point_cloud.laz","2018_MLBS_3_537000_4142000_image.tif","Tree",1,537000,537999.999,4142000,4142999.999
"12141",12141,537665.688,537673.383,4142458.753,4142467.712,"Silva","NEON_D07_MLBS_DP1_537000_4142000_classified_point_cloud.laz","2018_MLBS_3_537000_4142000_image.tif","Tree",1,537000,537999.999,4142000,4142999.999
"12142",12142,537635.061,537642.328,4142458.118,4142467.974,"Silva","NEON_D07_MLBS_DP1_537000_4142000_classified_point_cloud.laz","2018_MLBS_3_537000_4142000_image.tif","Tree",1,537000,537999.999,4142000,4142999.999
"12143",12143,537651.187,537661.189,4142462.035,4142469.92,"Silva","NEON_D07_MLBS_DP1_537000_4142000_classified_point_cloud.laz","2018_MLBS_3_537000_4142000_image.tif","Tree",1,537000,537999.999,4142000,4142999.999
"12144",12144,537668.03,537677.476,4142464.078,4142470.299,"Silva","NEON_D07_MLBS_DP1_537000_4142000_classified_point_cloud.laz","2018_MLBS_3_537000_4142000_image.tif","Tree",1,537000,537999.999,4142000,4142999.999
"12145",12145,537625.005,537631.481,4142458.123,4142467.352,"Silva","NEON_D07_MLBS_DP1_537000_4142000_classified_point_cloud.laz","2018_MLBS_3_537000_4142000_image.tif","Tree",1,537000,537999.999,4142000,4142999.999
"12146",12146,537660.007,537667.393,4142461.586,4142471.912,"Silva","NEON_D07_MLBS_DP1_537000_4142000_classified_point_cloud.laz","2018_MLBS_3_537000_4142000_image.tif","Tree",1,537000,537999.999,4142000,4142999.999
"12147",12147,537630.518,537636.498,4142461.11,4142469.452,"Silva","NEON_D07_MLBS_DP1_537000_4142000_classified_point_cloud.laz","2018_MLBS_3_537000_4142000_image.tif","Tree",1,537000,537999.999,4142000,4142999.999
"12148",12148,537618.011,537625.245,4142462.001,4142470,"Silva","NEON_D07_MLBS_DP1_537000_4142000_classified_point_cloud.laz","2018_MLBS_3_537000_4142000_image.tif","Tree",1,537000,537999.999,4142000,4142999.999
"12149",12149,537640.012,537650.982,4142464.523,4142471.114,"Silva","NEON_D07_MLBS_DP1_537000_4142000_classified_point_cloud.laz","2018_MLBS_3_537000_4142000_image.tif","Tree",1,537000,537999.999,4142000,4142999.999
"12150",12150,537665.034,537674.497,4142468.051,4142475.982,"Silva","NEON_D07_MLBS_DP1_537000_4142000_classified_point_cloud.laz","2018_MLBS_3_537000_4142000_image.tif","Tree",1,537000,537999.999,4142000,4142999.999
"12151",12151,537622.055,537631.429,4142466.032,4142473.483,"Silva","NEON_D07_MLBS_DP1_537000_4142000_classified_point_cloud.laz","2018_MLBS_3_537000_4142000_image.tif","Tree",1,537000,537999.999,4142000,4142999.999
"12152",12152,537639.015,537647.492,4142467.502,4142473.961,"Silva","NEON_D07_MLBS_DP1_537000_4142000_classified_point_cloud.laz","2018_MLBS_3_537000_4142000_image.tif","Tree",1,537000,537999.999,4142000,4142999.999
"12153",12153,537654.645,537664.977,4142469.041,4142474.991,"Silva","NEON_D07_MLBS_DP1_537000_4142000_classified_point_cloud.laz","2018_MLBS_3_537000_4142000_image.tif","Tree",1,537000,537999.999,4142000,4142999.999
"12154",12154,537646.534,537655.953,4142468.036,4142478.401,"Silva","NEON_D07_MLBS_DP1_537000_4142000_classified_point_cloud.laz","2018_MLBS_3_537000_4142000_image.tif","Tree",1,537000,537999.999,4142000,4142999.999
"12155",12155,537629.001,537636.307,4142470.51,4142477.968,"Silva","NEON_D07_MLBS_DP1_537000_4142000_classified_point_cloud.laz","2018_MLBS_3_537000_4142000_image.tif","Tree",1,537000,537999.999,4142000,4142999.999
"12156",12156,537622.505,537628.959,4142471.127,4142478.648,"Silva","NEON_D07_MLBS_DP1_537000_4142000_classified_point_cloud.laz","2018_MLBS_3_537000_4142000_image.tif","Tree",1,537000,537999.999,4142000,4142999.999
"12157",12157,537615.038,537622.99,4142469.517,4142477.975,"Silva","NEON_D07_MLBS_DP1_537000_4142000_classified_point_cloud.laz","2018_MLBS_3_537000_4142000_image.tif","Tree",1,537000,537999.999,4142000,4142999.999
"12158",12158,537639.508,537646.486,4142473.516,4142479.986,"Silva","NEON_D07_MLBS_DP1_537000_4142000_classified_point_cloud.laz","2018_MLBS_3_537000_4142000_image.tif","Tree",1,537000,537999.999,4142000,4142999.999
"12159",12159,537633.506,537639.468,4142473.652,4142479.971,"Silva","NEON_D07_MLBS_DP1_537000_4142000_classified_point_cloud.laz","2018_MLBS_3_537000_4142000_image.tif","Tree",1,537000,537999.999,4142000,4142999.999
"12160",12160,537663.552,537672.851,4142474.016,4142481.49,"Silva","NEON_D07_MLBS_DP1_537000_4142000_classified_point_cloud.laz","2018_MLBS_3_537000_4142000_image.tif","Tree",1,537000,537999.999,4142000,4142999.999
"12161",12161,537646.532,537655.444,4142475.539,4142483.486,"Silva","NEON_D07_MLBS_DP1_537000_4142000_classified_point_cloud.laz","2018_MLBS_3_537000_4142000_image.tif","Tree",1,537000,537999.999,4142000,4142999.999
"12162",12162,537635.037,537642.483,4142477.572,4142486.483,"Silva","NEON_D07_MLBS_DP1_537000_4142000_classified_point_cloud.laz","2018_MLBS_3_537000_4142000_image.tif","Tree",1,537000,537999.999,4142000,4142999.999
"12163",12163,537616.574,537624.497,4142476.08,4142487.918,"Silva","NEON_D07_MLBS_DP1_537000_4142000_classified_point_cloud.laz","2018_MLBS_3_537000_4142000_image.tif","Tree",1,537000,537999.999,4142000,4142999.999
"12164",12164,537624.509,537635.311,4142477.516,4142486.994,"Silva","NEON_D07_MLBS_DP1_537000_4142000_classified_point_cloud.laz","2018_MLBS_3_537000_4142000_image.tif","Tree",1,537000,537999.999,4142000,4142999.999
"12165",12165,537737.002,537748.466,4142455.11,4142464.962,"Silva","NEON_D07_MLBS_DP1_537000_4142000_classified_point_cloud.laz","2018_MLBS_3_537000_4142000_image.tif","Tree",1,537000,537999.999,4142000,4142999.999
"12166",12166,537727.018,537737.497,4142452.644,4142465.878,"Silva","NEON_D07_MLBS_DP1_537000_4142000_classified_point_cloud.laz","2018_MLBS_3_537000_4142000_image.tif","Tree",1,537000,537999.999,4142000,4142999.999
"12167",12167,537693.503,537702.925,4142450.022,4142459.928,"Silva","NEON_D07_MLBS_DP1_537000_4142000_classified_point_cloud.laz","2018_MLBS_3_537000_4142000_image.tif","Tree",1,537000,537999.999,4142000,4142999.999
"12168",12168,537678.51,537689.828,4142450.331,4142458.999,"Silva","NEON_D07_MLBS_DP1_537000_4142000_classified_point_cloud.laz","2018_MLBS_3_537000_4142000_image.tif","Tree",1,537000,537999.999,4142000,4142999.999
"12169",12169,537710.052,537717.995,4142452.634,4142457.991,"Silva","NEON_D07_MLBS_DP1_537000_4142000_classified_point_cloud.laz","2018_MLBS_3_537000_4142000_image.tif","Tree",1,537000,537999.999,4142000,4142999.999
"12170",12170,537717.504,537725.956,4142449.618,4142457.963,"Silva","NEON_D07_MLBS_DP1_537000_4142000_classified_point_cloud.laz","2018_MLBS_3_537000_4142000_image.tif","Tree",1,537000,537999.999,4142000,4142999.999
"12171",12171,537702.544,537710.329,4142450.078,4142457.998,"Silva","NEON_D07_MLBS_DP1_537000_4142000_classified_point_cloud.laz","2018_MLBS_3_537000_4142000_image.tif","Tree",1,537000,537999.999,4142000,4142999.999
"12172",12172,537746.566,537753.94,4142452.299,4142459.484,"Silva","NEON_D07_MLBS_DP1_537000_4142000_classified_point_cloud.laz","2018_MLBS_3_537000_4142000_image.tif","Tree",1,537000,537999.999,4142000,4142999.999
"12173",12173,537718.521,537727.449,4142448.506,4142454.994,"Silva","NEON_D07_MLBS_DP1_537000_4142000_classified_point_cloud.laz","2018_MLBS_3_537000_4142000_image.tif","Tree",1,537000,537999.999,4142000,4142999.999
"12174",12174,537708.772,537718.433,4142444.525,4142453.412,"Silva","NEON_D07_MLBS_DP1_537000_4142000_classified_point_cloud.laz","2018_MLBS_3_537000_4142000_image.tif","Tree",1,537000,537999.999,4142000,4142999.999
"12175",12175,537734.521,537743.986,4142449.006,4142456.977,"Silva","NEON_D07_MLBS_DP1_537000_4142000_classified_point_cloud.laz","2018_MLBS_3_537000_4142000_image.tif","Tree",1,537000,537999.999,4142000,4142999.999
"12176",12176,537726.008,537734.97,4142443.571,4142454.423,"Silva","NEON_D07_MLBS_DP1_537000_4142000_classified_point_cloud.laz","2018_MLBS_3_537000_4142000_image.tif","Tree",1,537000,537999.999,4142000,4142999.999
"12177",12177,537700.005,537709.98,4142442.062,4142451.876,"Silva","NEON_D07_MLBS_DP1_537000_4142000_classified_point_cloud.laz","2018_MLBS_3_537000_4142000_image.tif","Tree",1,537000,537999.999,4142000,4142999.999
"12178",12178,537742.008,537747.486,4142447.039,4142453.38,"Silva","NEON_D07_MLBS_DP1_537000_4142000_classified_point_cloud.laz","2018_MLBS_3_537000_4142000_image.tif","Tree",1,537000,537999.999,4142000,4142999.999
"12179",12179,537734.035,537743.492,4142441.702,4142448.998,"Silva","NEON_D07_MLBS_DP1_537000_4142000_classified_point_cloud.laz","2018_MLBS_3_537000_4142000_image.tif","Tree",1,537000,537999.999,4142000,4142999.999
"12180",12180,537683.038,537690.998,4142437.544,4142446.492,"Silva","NEON_D07_MLBS_DP1_537000_4142000_classified_point_cloud.laz","2018_MLBS_3_537000_4142000_image.tif","Tree",1,537000,537999.999,4142000,4142999.999
"12181",12181,537691.014,537701.471,4142435.545,4142445.459,"Silva","NEON_D07_MLBS_DP1_537000_4142000_classified_point_cloud.laz","2018_MLBS_3_537000_4142000_image.tif","Tree",1,537000,537999.999,4142000,4142999.999
"12182",12182,537714.013,537724.975,4142436.51,4142446.915,"Silva","NEON_D07_MLBS_DP1_537000_4142000_classified_point_cloud.laz","2018_MLBS_3_537000_4142000_image.tif","Tree",1,537000,537999.999,4142000,4142999.999
"12183",12183,537701.024,537709.96,4142435.039,4142443.953,"Silva","NEON_D07_MLBS_DP1_537000_4142000_classified_point_cloud.laz","2018_MLBS_3_537000_4142000_image.tif","Tree",1,537000,537999.999,4142000,4142999.999
"12184",12184,537724.008,537735.478,4142432.035,4142443.972,"Silva","NEON_D07_MLBS_DP1_537000_4142000_classified_point_cloud.laz","2018_MLBS_3_537000_4142000_image.tif","Tree",1,537000,537999.999,4142000,4142999.999
"12185",12185,537690.514,537700.932,4142413.52,4142425.318,"Silva","NEON_D07_MLBS_DP1_537000_4142000_classified_point_cloud.laz","2018_MLBS_3_537000_4142000_image.tif","Tree",1,537000,537999.999,4142000,4142999.999
"12186",12186,537697.547,537703.319,4142417.272,4142422.979,"Silva","NEON_D07_MLBS_DP1_537000_4142000_classified_point_cloud.laz","2018_MLBS_3_537000_4142000_image.tif","Tree",1,537000,537999.999,4142000,4142999.999
"12187",12187,537715.031,537721.992,4142416.629,4142426.481,"Silva","NEON_D07_MLBS_DP1_537000_4142000_classified_point_cloud.laz","2018_MLBS_3_537000_4142000_image.tif","Tree",1,537000,537999.999,4142000,4142999.999
"12188",12188,537702,537707.461,4142418.175,4142426.986,"Silva","NEON_D07_MLBS_DP1_537000_4142000_classified_point_cloud.laz","2018_MLBS_3_537000_4142000_image.tif","Tree",1,537000,537999.999,4142000,4142999.999
"12189",12189,537742.003,537754.965,4142421.007,4142429.994,"Silva","NEON_D07_MLBS_DP1_537000_4142000_classified_point_cloud.laz","2018_MLBS_3_537000_4142000_image.tif","Tree",1,537000,537999.999,4142000,4142999.999
"12190",12190,537725.599,537734.492,4142423.171,4142429.924,"Silva","NEON_D07_MLBS_DP1_537000_4142000_classified_point_cloud.laz","2018_MLBS_3_537000_4142000_image.tif","Tree",1,537000,537999.999,4142000,4142999.999
"12191",12191,537735.043,537743.455,4142423.01,4142430.902,"Silva","NEON_D07_MLBS_DP1_537000_4142000_classified_point_cloud.laz","2018_MLBS_3_537000_4142000_image.tif","Tree",1,537000,537999.999,4142000,4142999.999
"12192",12192,537716.538,537726.457,4142424.204,4142433.436,"Silva","NEON_D07_MLBS_DP1_537000_4142000_classified_point_cloud.laz","2018_MLBS_3_537000_4142000_image.tif","Tree",1,537000,537999.999,4142000,4142999.999
"12193",12193,537726.283,537737.98,4142426.534,4142435.999,"Silva","NEON_D07_MLBS_DP1_537000_4142000_classified_point_cloud.laz","2018_MLBS_3_537000_4142000_image.tif","Tree",1,537000,537999.999,4142000,4142999.999
"12194",12194,537739.017,537752.95,4142430.049,4142440.49,"Silva","NEON_D07_MLBS_DP1_537000_4142000_classified_point_cloud.laz","2018_MLBS_3_537000_4142000_image.tif","Tree",1,537000,537999.999,4142000,4142999.999
"12195",12195,537684.071,537693.994,4142425.711,4142437.496,"Silva","NEON_D07_MLBS_DP1_537000_4142000_classified_point_cloud.laz","2018_MLBS_3_537000_4142000_image.tif","Tree",1,537000,537999.999,4142000,4142999.999
"12196",12196,537704.016,537712.851,4142428.776,4142436.48,"Silva","NEON_D07_MLBS_DP1_537000_4142000_classified_point_cloud.laz","2018_MLBS_3_537000_4142000_image.tif","Tree",1,537000,537999.999,4142000,4142999.999
"12197",12197,537693.503,537704.474,4142428.636,4142439.791,"Silva","NEON_D07_MLBS_DP1_537000_4142000_classified_point_cloud.laz","2018_MLBS_3_537000_4142000_image.tif","Tree",1,537000,537999.999,4142000,4142999.999
"12198",12198,537705.036,537712.439,4142455.504,4142464.753,"Silva","NEON_D07_MLBS_DP1_537000_4142000_classified_point_cloud.laz","2018_MLBS_3_537000_4142000_image.tif","Tree",1,537000,537999.999,4142000,4142999.999
"12199",12199,537721.531,537727.988,4142455.074,4142461.988,"Silva","NEON_D07_MLBS_DP1_537000_4142000_classified_point_cloud.laz","2018_MLBS_3_537000_4142000_image.tif","Tree",1,537000,537999.999,4142000,4142999.999
"12200",12200,537716.575,537722.948,4142457.629,4142467.456,"Silva","NEON_D07_MLBS_DP1_537000_4142000_classified_point_cloud.laz","2018_MLBS_3_537000_4142000_image.tif","Tree",1,537000,537999.999,4142000,4142999.999
"12201",12201,537720.027,537732.89,4142461.54,4142470.465,"Silva","NEON_D07_MLBS_DP1_537000_4142000_classified_point_cloud.laz","2018_MLBS_3_537000_4142000_image.tif","Tree",1,537000,537999.999,4142000,4142999.999
"12202",12202,537686.014,537695.996,4142460.007,4142465.49,"Silva","NEON_D07_MLBS_DP1_537000_4142000_classified_point_cloud.laz","2018_MLBS_3_537000_4142000_image.tif","Tree",1,537000,537999.999,4142000,4142999.999
"12203",12203,537693.309,537701.663,4142459.662,4142469.913,"Silva","NEON_D07_MLBS_DP1_537000_4142000_classified_point_cloud.laz","2018_MLBS_3_537000_4142000_image.tif","Tree",1,537000,537999.999,4142000,4142999.999
"12204",12204,537745.508,537754.115,4142464.544,4142474.983,"Silva","NEON_D07_MLBS_DP1_537000_4142000_classified_point_cloud.laz","2018_MLBS_3_537000_4142000_image.tif","Tree",1,537000,537999.999,4142000,4142999.999
"12205",12205,537733.179,537745.973,4142462.154,4142470.465,"Silva","NEON_D07_MLBS_DP1_537000_4142000_classified_point_cloud.laz","2018_MLBS_3_537000_4142000_image.tif","Tree",1,537000,537999.999,4142000,4142999.999
"12206",12206,537682.625,537693.367,4142463.568,4142471.943,"Silva","NEON_D07_MLBS_DP1_537000_4142000_classified_point_cloud.laz","2018_MLBS_3_537000_4142000_image.tif","Tree",1,537000,537999.999,4142000,4142999.999
"12207",12207,537734.609,537741.279,4142468.098,4142476.968,"Silva","NEON_D07_MLBS_DP1_537000_4142000_classified_point_cloud.laz","2018_MLBS_3_537000_4142000_image.tif","Tree",1,537000,537999.999,4142000,4142999.999
"12208",12208,537739.543,537746.99,4142470.078,4142477.993,"Silva","NEON_D07_MLBS_DP1_537000_4142000_classified_point_cloud.laz","2018_MLBS_3_537000_4142000_image.tif","Tree",1,537000,537999.999,4142000,4142999.999
"12209",12209,537698.189,537709.956,4142466.549,4142475.381,"Silva","NEON_D07_MLBS_DP1_537000_4142000_classified_point_cloud.laz","2018_MLBS_3_537000_4142000_image.tif","Tree",1,537000,537999.999,4142000,4142999.999
"12210",12210,537684.509,537695.423,4142470.519,4142480.927,"Silva","NEON_D07_MLBS_DP1_537000_4142000_classified_point_cloud.laz","2018_MLBS_3_537000_4142000_image.tif","Tree",1,537000,537999.999,4142000,4142999.999
"12211",12211,537740.182,537751.94,4142473.015,4142481.976,"Silva","NEON_D07_MLBS_DP1_537000_4142000_classified_point_cloud.laz","2018_MLBS_3_537000_4142000_image.tif","Tree",1,537000,537999.999,4142000,4142999.999
"12212",12212,537727.008,537734.342,4142470.079,4142481.215,"Silva","NEON_D07_MLBS_DP1_537000_4142000_classified_point_cloud.laz","2018_MLBS_3_537000_4142000_image.tif","Tree",1,537000,537999.999,4142000,4142999.999
"12213",12213,537718.001,537727.483,4142470.027,4142480.491,"Silva","NEON_D07_MLBS_DP1_537000_4142000_classified_point_cloud.laz","2018_MLBS_3_537000_4142000_image.tif","Tree",1,537000,537999.999,4142000,4142999.999
"12214",12214,537707.546,537717.927,4142468.603,4142480,"Silva","NEON_D07_MLBS_DP1_537000_4142000_classified_point_cloud.laz","2018_MLBS_3_537000_4142000_image.tif","Tree",1,537000,537999.999,4142000,4142999.999
"12215",12215,537729.022,537738.359,4142477.351,4142483.439,"Silva","NEON_D07_MLBS_DP1_537000_4142000_classified_point_cloud.laz","2018_MLBS_3_537000_4142000_image.tif","Tree",1,537000,537999.999,4142000,4142999.999
"12216",12216,537719.034,537728.95,4142477.055,4142486.263,"Silva","NEON_D07_MLBS_DP1_537000_4142000_classified_point_cloud.laz","2018_MLBS_3_537000_4142000_image.tif","Tree",1,537000,537999.999,4142000,4142999.999
"12217",12217,537626.032,537634.986,4142494.004,4142502.974,"Silva","NEON_D07_MLBS_DP1_537000_4142000_classified_point_cloud.laz","2018_MLBS_3_537000_4142000_image.tif","Tree",1,537000,537999.999,4142000,4142999.999
"12218",12218,537671.017,537681.471,4142476.563,4142486.992,"Silva","NEON_D07_MLBS_DP1_537000_4142000_classified_point_cloud.laz","2018_MLBS_3_537000_4142000_image.tif","Tree",1,537000,537999.999,4142000,4142999.999
"12219",12219,537661.522,537667.973,4142479.61,4142487.804,"Silva","NEON_D07_MLBS_DP1_537000_4142000_classified_point_cloud.laz","2018_MLBS_3_537000_4142000_image.tif","Tree",1,537000,537999.999,4142000,4142999.999
"12220",12220,537667.001,537673.975,4142480.567,4142487.929,"Silva","NEON_D07_MLBS_DP1_537000_4142000_classified_point_cloud.laz","2018_MLBS_3_537000_4142000_image.tif","Tree",1,537000,537999.999,4142000,4142999.999
"12221",12221,537653.016,537662.928,4142480.007,4142489.443,"Silva","NEON_D07_MLBS_DP1_537000_4142000_classified_point_cloud.laz","2018_MLBS_3_537000_4142000_image.tif","Tree",1,537000,537999.999,4142000,4142999.999
"12222",12222,537673.524,537682.455,4142485.001,4142495.315,"Silva","NEON_D07_MLBS_DP1_537000_4142000_classified_point_cloud.laz","2018_MLBS_3_537000_4142000_image.tif","Tree",1,537000,537999.999,4142000,4142999.999
"12223",12223,537662.01,537673.494,4142487.004,4142496.378,"Silva","NEON_D07_MLBS_DP1_537000_4142000_classified_point_cloud.laz","2018_MLBS_3_537000_4142000_image.tif","Tree",1,537000,537999.999,4142000,4142999.999
"12224",12224,537650.028,537661.998,4142487.007,4142494.494,"Silva","NEON_D07_MLBS_DP1_537000_4142000_classified_point_cloud.laz","2018_MLBS_3_537000_4142000_image.tif","Tree",1,537000,537999.999,4142000,4142999.999
"12225",12225,537677.645,537687.204,4142489.19,4142496.497,"Silva","NEON_D07_MLBS_DP1_537000_4142000_classified_point_cloud.laz","2018_MLBS_3_537000_4142000_image.tif","Tree",1,537000,537999.999,4142000,4142999.999
"12226",12226,537632.503,537640.498,4142486.024,4142498.148,"Silva","NEON_D07_MLBS_DP1_537000_4142000_classified_point_cloud.laz","2018_MLBS_3_537000_4142000_image.tif","Tree",1,537000,537999.999,4142000,4142999.999
"12227",12227,537650.03,537663.441,4142490.527,4142499.989,"Silva","NEON_D07_MLBS_DP1_537000_4142000_classified_point_cloud.laz","2018_MLBS_3_537000_4142000_image.tif","Tree",1,537000,537999.999,4142000,4142999.999
"12228",12228,537676.021,537685.488,4142496.012,4142502.473,"Silva","NEON_D07_MLBS_DP1_537000_4142000_classified_point_cloud.laz","2018_MLBS_3_537000_4142000_image.tif","Tree",1,537000,537999.999,4142000,4142999.999
"12229",12229,537618.546,537628.971,4142488.004,4142499.416,"Silva","NEON_D07_MLBS_DP1_537000_4142000_classified_point_cloud.laz","2018_MLBS_3_537000_4142000_image.tif","Tree",1,537000,537999.999,4142000,4142999.999
"12230",12230,537730.048,537741.402,4142478.121,4142488.399,"Silva","NEON_D07_MLBS_DP1_537000_4142000_classified_point_cloud.laz","2018_MLBS_3_537000_4142000_image.tif","Tree",1,537000,537999.999,4142000,4142999.999
"12231",12231,537705.035,537711.457,4142478.231,4142486.999,"Silva","NEON_D07_MLBS_DP1_537000_4142000_classified_point_cloud.laz","2018_MLBS_3_537000_4142000_image.tif","Tree",1,537000,537999.999,4142000,4142999.999
"12232",12232,537710.233,537719.139,4142479.515,4142489.494,"Silva","NEON_D07_MLBS_DP1_537000_4142000_classified_point_cloud.laz","2018_MLBS_3_537000_4142000_image.tif","Tree",1,537000,537999.999,4142000,4142999.999
"12233",12233,537739.055,537748.977,4142482.022,4142492.445,"Silva","NEON_D07_MLBS_DP1_537000_4142000_classified_point_cloud.laz","2018_MLBS_3_537000_4142000_image.tif","Tree",1,537000,537999.999,4142000,4142999.999
"12234",12234,537699.528,537707.47,4142482.518,4142489.946,"Silva","NEON_D07_MLBS_DP1_537000_4142000_classified_point_cloud.laz","2018_MLBS_3_537000_4142000_image.tif","Tree",1,537000,537999.999,4142000,4142999.999
"12235",12235,537680.148,537690.725,4142478.62,4142490.39,"Silva","NEON_D07_MLBS_DP1_537000_4142000_classified_point_cloud.laz","2018_MLBS_3_537000_4142000_image.tif","Tree",1,537000,537999.999,4142000,4142999.999
"12236",12236,537725.026,537737.498,4142483.64,4142494.955,"Silva","NEON_D07_MLBS_DP1_537000_4142000_classified_point_cloud.laz","2018_MLBS_3_537000_4142000_image.tif","Tree",1,537000,537999.999,4142000,4142999.999
"12237",12237,537685.966,537694.484,4142484.034,4142494.489,"Silva","NEON_D07_MLBS_DP1_537000_4142000_classified_point_cloud.laz","2018_MLBS_3_537000_4142000_image.tif","Tree",1,537000,537999.999,4142000,4142999.999
"12238",12238,537723.531,537731.918,4142486.806,4142496.997,"Silva","NEON_D07_MLBS_DP1_537000_4142000_classified_point_cloud.laz","2018_MLBS_3_537000_4142000_image.tif","Tree",1,537000,537999.999,4142000,4142999.999
"12239",12239,537711.516,537719.985,4142488.1,4142500.355,"Silva","NEON_D07_MLBS_DP1_537000_4142000_classified_point_cloud.laz","2018_MLBS_3_537000_4142000_image.tif","Tree",1,537000,537999.999,4142000,4142999.999
"12240",12240,537700.614,537708.607,4142489.513,4142496.987,"Silva","NEON_D07_MLBS_DP1_537000_4142000_classified_point_cloud.laz","2018_MLBS_3_537000_4142000_image.tif","Tree",1,537000,537999.999,4142000,4142999.999
"12241",12241,537733.624,537744.48,4142488.679,4142502.029,"Silva","NEON_D07_MLBS_DP1_537000_4142000_classified_point_cloud.laz","2018_MLBS_3_537000_4142000_image.tif","Tree",1,537000,537999.999,4142000,4142999.999
"12242",12242,537705.001,537712.4,4142493.354,4142502.664,"Silva","NEON_D07_MLBS_DP1_537000_4142000_classified_point_cloud.laz","2018_MLBS_3_537000_4142000_image.tif","Tree",1,537000,537999.999,4142000,4142999.999
"12243",12243,537730.002,537741.014,4142494.542,4142504.973,"Silva","NEON_D07_MLBS_DP1_537000_4142000_classified_point_cloud.laz","2018_MLBS_3_537000_4142000_image.tif","Tree",1,537000,537999.999,4142000,4142999.999
"12244",12244,537697.128,537705.364,4142495.692,4142503.709,"Silva","NEON_D07_MLBS_DP1_537000_4142000_classified_point_cloud.laz","2018_MLBS_3_537000_4142000_image.tif","Tree",1,537000,537999.999,4142000,4142999.999
"12245",12245,537685.505,537695.433,4142494.505,4142504.892,"Silva","NEON_D07_MLBS_DP1_537000_4142000_classified_point_cloud.laz","2018_MLBS_3_537000_4142000_image.tif","Tree",1,537000,537999.999,4142000,4142999.999
"12246",12246,537781.598,537792.494,4142458.501,4142467.46,"Silva","NEON_D07_MLBS_DP1_537000_4142000_classified_point_cloud.laz","2018_MLBS_3_537000_4142000_image.tif","Tree",1,537000,537999.999,4142000,4142999.999
"12247",12247,537769.515,537781.952,4142455.531,4142466.381,"Silva","NEON_D07_MLBS_DP1_537000_4142000_classified_point_cloud.laz","2018_MLBS_3_537000_4142000_image.tif","Tree",1,537000,537999.999,4142000,4142999.999
"12248",12248,537792.035,537801.495,4142458.504,4142465.982,"Silva","NEON_D07_MLBS_DP1_537000_4142000_classified_point_cloud.laz","2018_MLBS_3_537000_4142000_image.tif","Tree",1,537000,537999.999,4142000,4142999.999
"12249",12249,537760.004,537770.995,4142451.058,4142463.212,"Silva","NEON_D07_MLBS_DP1_537000_4142000_classified_point_cloud.laz","2018_MLBS_3_537000_4142000_image.tif","Tree",1,537000,537999.999,4142000,4142999.999
"12250",12250,537808.001,537815.997,4142458.011,4142464.497,"Silva","NEON_D07_MLBS_DP1_537000_4142000_classified_point_cloud.laz","2018_MLBS_3_537000_4142000_image.tif","Tree",1,537000,537999.999,4142000,4142999.999
"12251",12251,537753.524,537760.983,4142453.176,4142459.454,"Silva","NEON_D07_MLBS_DP1_537000_4142000_classified_point_cloud.laz","2018_MLBS_3_537000_4142000_image.tif","Tree",1,537000,537999.999,4142000,4142999.999
"12252",12252,537781.061,537791.363,4142452.561,4142459.442,"Silva","NEON_D07_MLBS_DP1_537000_4142000_classified_point_cloud.laz","2018_MLBS_3_537000_4142000_image.tif","Tree",1,537000,537999.999,4142000,4142999.999
"12253",12253,537806.502,537816.488,4142452.035,4142458.478,"Silva","NEON_D07_MLBS_DP1_537000_4142000_classified_point_cloud.laz","2018_MLBS_3_537000_4142000_image.tif","Tree",1,537000,537999.999,4142000,4142999.999
"12254",12254,537751.602,537757.982,4142447.559,4142454.992,"Silva","NEON_D07_MLBS_DP1_537000_4142000_classified_point_cloud.laz","2018_MLBS_3_537000_4142000_image.tif","Tree",1,537000,537999.999,4142000,4142999.999
"12255",12255,537770.534,537782.409,4142449.589,4142457.724,"Silva","NEON_D07_MLBS_DP1_537000_4142000_classified_point_cloud.laz","2018_MLBS_3_537000_4142000_image.tif","Tree",1,537000,537999.999,4142000,4142999.999
"12256",12256,537757.073,537767.894,4142448.005,4142454.862,"Silva","NEON_D07_MLBS_DP1_537000_4142000_classified_point_cloud.laz","2018_MLBS_3_537000_4142000_image.tif","Tree",1,537000,537999.999,4142000,4142999.999
"12257",12257,537781.509,537790.875,4142446.072,4142454.403,"Silva","NEON_D07_MLBS_DP1_537000_4142000_classified_point_cloud.laz","2018_MLBS_3_537000_4142000_image.tif","Tree",1,537000,537999.999,4142000,4142999.999
"12258",12258,537748.033,537756.391,4142440.732,4142451.433,"Silva","NEON_D07_MLBS_DP1_537000_4142000_classified_point_cloud.laz","2018_MLBS_3_537000_4142000_image.tif","Tree",1,537000,537999.999,4142000,4142999.999
"12259",12259,537755.527,537767.479,4142441.549,4142449.441,"Silva","NEON_D07_MLBS_DP1_537000_4142000_classified_point_cloud.laz","2018_MLBS_3_537000_4142000_image.tif","Tree",1,537000,537999.999,4142000,4142999.999
"12260",12260,537774.005,537784.991,4142443.51,4142450.467,"Silva","NEON_D07_MLBS_DP1_537000_4142000_classified_point_cloud.laz","2018_MLBS_3_537000_4142000_image.tif","Tree",1,537000,537999.999,4142000,4142999.999
"12261",12261,537801.067,537808.958,4142441.545,4142452.353,"Silva","NEON_D07_MLBS_DP1_537000_4142000_classified_point_cloud.laz","2018_MLBS_3_537000_4142000_image.tif","Tree",1,537000,537999.999,4142000,4142999.999
"12262",12262,537766.019,537775.906,4142437.514,4142451.869,"Silva","NEON_D07_MLBS_DP1_537000_4142000_classified_point_cloud.laz","2018_MLBS_3_537000_4142000_image.tif","Tree",1,537000,537999.999,4142000,4142999.999
"12263",12263,537787.029,537795.894,4142440.002,4142449.983,"Silva","NEON_D07_MLBS_DP1_537000_4142000_classified_point_cloud.laz","2018_MLBS_3_537000_4142000_image.tif","Tree",1,537000,537999.999,4142000,4142999.999
"12264",12264,537781.011,537788.492,4142436.033,4142446.474,"Silva","NEON_D07_MLBS_DP1_537000_4142000_classified_point_cloud.laz","2018_MLBS_3_537000_4142000_image.tif","Tree",1,537000,537999.999,4142000,4142999.999
"12265",12265,537751.503,537761.977,4142434.521,4142443.483,"Silva","NEON_D07_MLBS_DP1_537000_4142000_classified_point_cloud.laz","2018_MLBS_3_537000_4142000_image.tif","Tree",1,537000,537999.999,4142000,4142999.999
"12266",12266,537763.004,537773.928,4142413.505,4142421.857,"Silva","NEON_D07_MLBS_DP1_537000_4142000_classified_point_cloud.laz","2018_MLBS_3_537000_4142000_image.tif","Tree",1,537000,537999.999,4142000,4142999.999
"12267",12267,537785.043,537793.93,4142417.506,4142427.978,"Silva","NEON_D07_MLBS_DP1_537000_4142000_classified_point_cloud.laz","2018_MLBS_3_537000_4142000_image.tif","Tree",1,537000,537999.999,4142000,4142999.999
"12268",12268,537757.064,537766.976,4142418.208,4142423.434,"Silva","NEON_D07_MLBS_DP1_537000_4142000_classified_point_cloud.laz","2018_MLBS_3_537000_4142000_image.tif","Tree",1,537000,537999.999,4142000,4142999.999
"12269",12269,537780.01,537789.449,4142418.554,4142428.387,"Silva","NEON_D07_MLBS_DP1_537000_4142000_classified_point_cloud.laz","2018_MLBS_3_537000_4142000_image.tif","Tree",1,537000,537999.999,4142000,4142999.999
"12270",12270,537755.643,537767.402,4142422.502,4142427.4,"Silva","NEON_D07_MLBS_DP1_537000_4142000_classified_point_cloud.laz","2018_MLBS_3_537000_4142000_image.tif","Tree",1,537000,537999.999,4142000,4142999.999
"12271",12271,537774.018,537784.474,4142420.507,4142430.462,"Silva","NEON_D07_MLBS_DP1_537000_4142000_classified_point_cloud.laz","2018_MLBS_3_537000_4142000_image.tif","Tree",1,537000,537999.999,4142000,4142999.999
"12272",12272,537761.021,537769.381,4142426.011,4142431.459,"Silva","NEON_D07_MLBS_DP1_537000_4142000_classified_point_cloud.laz","2018_MLBS_3_537000_4142000_image.tif","Tree",1,537000,537999.999,4142000,4142999.999
"12273",12273,537802.531,537813.98,4142426.503,4142436.917,"Silva","NEON_D07_MLBS_DP1_537000_4142000_classified_point_cloud.laz","2018_MLBS_3_537000_4142000_image.tif","Tree",1,537000,537999.999,4142000,4142999.999
"12274",12274,537767.504,537773.99,4142427.501,4142437.483,"Silva","NEON_D07_MLBS_DP1_537000_4142000_classified_point_cloud.laz","2018_MLBS_3_537000_4142000_image.tif","Tree",1,537000,537999.999,4142000,4142999.999
"12275",12275,537791.027,537802.467,4142431.508,4142437.479,"Silva","NEON_D07_MLBS_DP1_537000_4142000_classified_point_cloud.laz","2018_MLBS_3_537000_4142000_image.tif","Tree",1,537000,537999.999,4142000,4142999.999
"12276",12276,537781.523,537790.991,4142428.018,4142437.448,"Silva","NEON_D07_MLBS_DP1_537000_4142000_classified_point_cloud.laz","2018_MLBS_3_537000_4142000_image.tif","Tree",1,537000,537999.999,4142000,4142999.999
"12277",12277,537752.087,537762.993,4142424.515,4142435.921,"Silva","NEON_D07_MLBS_DP1_537000_4142000_classified_point_cloud.laz","2018_MLBS_3_537000_4142000_image.tif","Tree",1,537000,537999.999,4142000,4142999.999
"12278",12278,537762.602,537769.927,4142431.012,4142437.73,"Silva","NEON_D07_MLBS_DP1_537000_4142000_classified_point_cloud.laz","2018_MLBS_3_537000_4142000_image.tif","Tree",1,537000,537999.999,4142000,4142999.999
"12279",12279,537802.025,537812.476,4142433.011,4142440.092,"Silva","NEON_D07_MLBS_DP1_537000_4142000_classified_point_cloud.laz","2018_MLBS_3_537000_4142000_image.tif","Tree",1,537000,537999.999,4142000,4142999.999
"12280",12280,537787.045,537795.484,4142432.505,4142440.786,"Silva","NEON_D07_MLBS_DP1_537000_4142000_classified_point_cloud.laz","2018_MLBS_3_537000_4142000_image.tif","Tree",1,537000,537999.999,4142000,4142999.999
"12281",12281,537812.016,537823.499,4142435.571,4142444,"Silva","NEON_D07_MLBS_DP1_537000_4142000_classified_point_cloud.laz","2018_MLBS_3_537000_4142000_image.tif","Tree",1,537000,537999.999,4142000,4142999.999
"12282",12282,537755.534,537761.957,4142458.558,4142466.897,"Silva","NEON_D07_MLBS_DP1_537000_4142000_classified_point_cloud.laz","2018_MLBS_3_537000_4142000_image.tif","Tree",1,537000,537999.999,4142000,4142999.999
"12283",12283,537747.014,537755.49,4142458.538,4142466.491,"Silva","NEON_D07_MLBS_DP1_537000_4142000_classified_point_cloud.laz","2018_MLBS_3_537000_4142000_image.tif","Tree",1,537000,537999.999,4142000,4142999.999
"12284",12284,537807.093,537815.975,4142464.031,4142474.992,"Silva","NEON_D07_MLBS_DP1_537000_4142000_classified_point_cloud.laz","2018_MLBS_3_537000_4142000_image.tif","Tree",1,537000,537999.999,4142000,4142999.999
"12285",12285,537792.501,537801.415,4142465.007,4142474.908,"Silva","NEON_D07_MLBS_DP1_537000_4142000_classified_point_cloud.laz","2018_MLBS_3_537000_4142000_image.tif","Tree",1,537000,537999.999,4142000,4142999.999
"12286",12286,537766.517,537773.931,4142463.243,4142475.493,"Silva","NEON_D07_MLBS_DP1_537000_4142000_classified_point_cloud.laz","2018_MLBS_3_537000_4142000_image.tif","Tree",1,537000,537999.999,4142000,4142999.999
"12287",12287,537779.512,537787.477,4142467.543,4142477.265,"Silva","NEON_D07_MLBS_DP1_537000_4142000_classified_point_cloud.laz","2018_MLBS_3_537000_4142000_image.tif","Tree",1,537000,537999.999,4142000,4142999.999
"12288",12288,537771.599,537779.996,4142466.876,4142476.865,"Silva","NEON_D07_MLBS_DP1_537000_4142000_classified_point_cloud.laz","2018_MLBS_3_537000_4142000_image.tif","Tree",1,537000,537999.999,4142000,4142999.999
"12289",12289,537786.049,537795.329,4142473.029,4142478.234,"Silva","NEON_D07_MLBS_DP1_537000_4142000_classified_point_cloud.laz","2018_MLBS_3_537000_4142000_image.tif","Tree",1,537000,537999.999,4142000,4142999.999
"12290",12290,537752.682,537763.71,4142471.052,4142479.437,"Silva","NEON_D07_MLBS_DP1_537000_4142000_classified_point_cloud.laz","2018_MLBS_3_537000_4142000_image.tif","Tree",1,537000,537999.999,4142000,4142999.999
"12291",12291,537769.519,537779.826,4142474.093,4142481.917,"Silva","NEON_D07_MLBS_DP1_537000_4142000_classified_point_cloud.laz","2018_MLBS_3_537000_4142000_image.tif","Tree",1,537000,537999.999,4142000,4142999.999
"12292",12292,537780.086,537789.499,4142475.587,4142481.495,"Silva","NEON_D07_MLBS_DP1_537000_4142000_classified_point_cloud.laz","2018_MLBS_3_537000_4142000_image.tif","Tree",1,537000,537999.999,4142000,4142999.999
"12293",12293,537758.625,537765.992,4142475.088,4142484.846,"Silva","NEON_D07_MLBS_DP1_537000_4142000_classified_point_cloud.laz","2018_MLBS_3_537000_4142000_image.tif","Tree",1,537000,537999.999,4142000,4142999.999
"12294",12294,537766.015,537773.481,4142475.512,4142484.991,"Silva","NEON_D07_MLBS_DP1_537000_4142000_classified_point_cloud.laz","2018_MLBS_3_537000_4142000_image.tif","Tree",1,537000,537999.999,4142000,4142999.999
"12295",12295,537864.519,537872.956,4142460.11,4142468.358,"Silva","NEON_D07_MLBS_DP1_537000_4142000_classified_point_cloud.laz","2018_MLBS_3_537000_4142000_image.tif","Tree",1,537000,537999.999,4142000,4142999.999
"12296",12296,537871.2,537881.949,4142458.035,4142467.48,"Silva","NEON_D07_MLBS_DP1_537000_4142000_classified_point_cloud.laz","2018_MLBS_3_537000_4142000_image.tif","Tree",1,537000,537999.999,4142000,4142999.999
"12297",12297,537851.18,537861.128,4142457.021,4142464.486,"Silva","NEON_D07_MLBS_DP1_537000_4142000_classified_point_cloud.laz","2018_MLBS_3_537000_4142000_image.tif","Tree",1,537000,537999.999,4142000,4142999.999
"12298",12298,537840.007,537848.483,4142452.035,4142460.967,"Silva","NEON_D07_MLBS_DP1_537000_4142000_classified_point_cloud.laz","2018_MLBS_3_537000_4142000_image.tif","Tree",1,537000,537999.999,4142000,4142999.999
"12299",12299,537855.63,537862.492,4142450.582,4142460.499,"Silva","NEON_D07_MLBS_DP1_537000_4142000_classified_point_cloud.laz","2018_MLBS_3_537000_4142000_image.tif","Tree",1,537000,537999.999,4142000,4142999.999
"12300",12300,537862.507,537870.495,4142451.555,4142460.98,"Silva","NEON_D07_MLBS_DP1_537000_4142000_classified_point_cloud.laz","2018_MLBS_3_537000_4142000_image.tif","Tree",1,537000,537999.999,4142000,4142999.999
"12301",12301,537849.504,537856.465,4142448.653,4142460.491,"Silva","NEON_D07_MLBS_DP1_537000_4142000_classified_point_cloud.laz","2018_MLBS_3_537000_4142000_image.tif","Tree",1,537000,537999.999,4142000,4142999.999
"12302",12302,537845.023,537853.498,4142445.34,4142458.884,"Silva","NEON_D07_MLBS_DP1_537000_4142000_classified_point_cloud.laz","2018_MLBS_3_537000_4142000_image.tif","Tree",1,537000,537999.999,4142000,4142999.999
"12303",12303,537821.004,537831.94,4142440.58,4142454.943,"Silva","NEON_D07_MLBS_DP1_537000_4142000_classified_point_cloud.laz","2018_MLBS_3_537000_4142000_image.tif","Tree",1,537000,537999.999,4142000,4142999.999
"12304",12304,537839.06,537851.436,4142444.016,4142452.497,"Silva","NEON_D07_MLBS_DP1_537000_4142000_classified_point_cloud.laz","2018_MLBS_3_537000_4142000_image.tif","Tree",1,537000,537999.999,4142000,4142999.999
"12305",12305,537851.511,537863.95,4142435.052,4142451.473,"Silva","NEON_D07_MLBS_DP1_537000_4142000_classified_point_cloud.laz","2018_MLBS_3_537000_4142000_image.tif","Tree",1,537000,537999.999,4142000,4142999.999
"12306",12306,537852.512,537863.952,4142413.039,4142420.444,"Silva","NEON_D07_MLBS_DP1_537000_4142000_classified_point_cloud.laz","2018_MLBS_3_537000_4142000_image.tif","Tree",1,537000,537999.999,4142000,4142999.999
"12307",12307,537871.03,537878.416,4142416.006,4142425.982,"Silva","NEON_D07_MLBS_DP1_537000_4142000_classified_point_cloud.laz","2018_MLBS_3_537000_4142000_image.tif","Tree",1,537000,537999.999,4142000,4142999.999
"12308",12308,537863.507,537876.476,4142416.081,4142426.459,"Silva","NEON_D07_MLBS_DP1_537000_4142000_classified_point_cloud.laz","2018_MLBS_3_537000_4142000_image.tif","Tree",1,537000,537999.999,4142000,4142999.999
"12309",12309,537846.672,537854.82,4142417.601,4142424.425,"Silva","NEON_D07_MLBS_DP1_537000_4142000_classified_point_cloud.laz","2018_MLBS_3_537000_4142000_image.tif","Tree",1,537000,537999.999,4142000,4142999.999
"12310",12310,537853.125,537863.494,4142420.004,4142433.408,"Silva","NEON_D07_MLBS_DP1_537000_4142000_classified_point_cloud.laz","2018_MLBS_3_537000_4142000_image.tif","Tree",1,537000,537999.999,4142000,4142999.999
"12311",12311,537813.533,537825.974,4142416.508,4142427.431,"Silva","NEON_D07_MLBS_DP1_537000_4142000_classified_point_cloud.laz","2018_MLBS_3_537000_4142000_image.tif","Tree",1,537000,537999.999,4142000,4142999.999
"12312",12312,537826.037,537837.757,4142419.211,4142428.446,"Silva","NEON_D07_MLBS_DP1_537000_4142000_classified_point_cloud.laz","2018_MLBS_3_537000_4142000_image.tif","Tree",1,537000,537999.999,4142000,4142999.999
"12313",12313,537846.124,537858.472,4142422.504,4142435.457,"Silva","NEON_D07_MLBS_DP1_537000_4142000_classified_point_cloud.laz","2018_MLBS_3_537000_4142000_image.tif","Tree",1,537000,537999.999,4142000,4142999.999
"12314",12314,537874.074,537883.478,4142426.003,4142437.973,"Silva","NEON_D07_MLBS_DP1_537000_4142000_classified_point_cloud.laz","2018_MLBS_3_537000_4142000_image.tif","Tree",1,537000,537999.999,4142000,4142999.999
"12315",12315,537823.069,537837.483,4142432.506,4142442.256,"Silva","NEON_D07_MLBS_DP1_537000_4142000_classified_point_cloud.laz","2018_MLBS_3_537000_4142000_image.tif","Tree",1,537000,537999.999,4142000,4142999.999
"12316",12316,537829.502,537839.451,4142437.507,4142448.983,"Silva","NEON_D07_MLBS_DP1_537000_4142000_classified_point_cloud.laz","2018_MLBS_3_537000_4142000_image.tif","Tree",1,537000,537999.999,4142000,4142999.999
"12317",12317,537861.824,537871.97,4142467.501,4142473.982,"Silva","NEON_D07_MLBS_DP1_537000_4142000_classified_point_cloud.laz","2018_MLBS_3_537000_4142000_image.tif","Tree",1,537000,537999.999,4142000,4142999.999
"12318",12318,537846.552,537858.435,4142464.569,4142476.956,"Silva","NEON_D07_MLBS_DP1_537000_4142000_classified_point_cloud.laz","2018_MLBS_3_537000_4142000_image.tif","Tree",1,537000,537999.999,4142000,4142999.999
"12319",12319,537819.011,537824.997,4142467.09,4142476.49,"Silva","NEON_D07_MLBS_DP1_537000_4142000_classified_point_cloud.laz","2018_MLBS_3_537000_4142000_image.tif","Tree",1,537000,537999.999,4142000,4142999.999
"12320",12320,537859.591,537869.486,4142476.53,4142480.496,"Silva","NEON_D07_MLBS_DP1_537000_4142000_classified_point_cloud.laz","2018_MLBS_3_537000_4142000_image.tif","Tree",1,537000,537999.999,4142000,4142999.999
"12321",12321,537823.032,537829.263,4142473.009,4142478.989,"Silva","NEON_D07_MLBS_DP1_537000_4142000_classified_point_cloud.laz","2018_MLBS_3_537000_4142000_image.tif","Tree",1,537000,537999.999,4142000,4142999.999
"12322",12322,537832.007,537841.886,4142471.505,4142479.999,"Silva","NEON_D07_MLBS_DP1_537000_4142000_classified_point_cloud.laz","2018_MLBS_3_537000_4142000_image.tif","Tree",1,537000,537999.999,4142000,4142999.999
"12323",12323,537817.5,537824.97,4142475.531,4142482.975,"Silva","NEON_D07_MLBS_DP1_537000_4142000_classified_point_cloud.laz","2018_MLBS_3_537000_4142000_image.tif","Tree",1,537000,537999.999,4142000,4142999.999
"12324",12324,537860.154,537867.442,4142480.528,4142484.467,"Silva","NEON_D07_MLBS_DP1_537000_4142000_classified_point_cloud.laz","2018_MLBS_3_537000_4142000_image.tif","Tree",1,537000,537999.999,4142000,4142999.999
"12325",12325,537848.683,537860.289,4142475.021,4142485.729,"Silva","NEON_D07_MLBS_DP1_537000_4142000_classified_point_cloud.laz","2018_MLBS_3_537000_4142000_image.tif","Tree",1,537000,537999.999,4142000,4142999.999
"12326",12326,537754.685,537763.922,4142497.006,4142503.172,"Silva","NEON_D07_MLBS_DP1_537000_4142000_classified_point_cloud.laz","2018_MLBS_3_537000_4142000_image.tif","Tree",1,537000,537999.999,4142000,4142999.999
"12327",12327,537781.129,537789.435,4142495.05,4142502.462,"Silva","NEON_D07_MLBS_DP1_537000_4142000_classified_point_cloud.laz","2018_MLBS_3_537000_4142000_image.tif","Tree",1,537000,537999.999,4142000,4142999.999
"12328",12328,537764.503,537772.725,4142493.054,4142500.998,"Silva","NEON_D07_MLBS_DP1_537000_4142000_classified_point_cloud.laz","2018_MLBS_3_537000_4142000_image.tif","Tree",1,537000,537999.999,4142000,4142999.999
"12329",12329,537788.528,537795.965,4142493.556,4142502.923,"Silva","NEON_D07_MLBS_DP1_537000_4142000_classified_point_cloud.laz","2018_MLBS_3_537000_4142000_image.tif","Tree",1,537000,537999.999,4142000,4142999.999
"12330",12330,537770.655,537780.327,4142490.504,4142498.978,"Silva","NEON_D07_MLBS_DP1_537000_4142000_classified_point_cloud.laz","2018_MLBS_3_537000_4142000_image.tif","Tree",1,537000,537999.999,4142000,4142999.999
"12331",12331,537784.026,537794.497,4142487.507,4142497.402,"Silva","NEON_D07_MLBS_DP1_537000_4142000_classified_point_cloud.laz","2018_MLBS_3_537000_4142000_image.tif","Tree",1,537000,537999.999,4142000,4142999.999
"12332",12332,537794.508,537802.987,4142491.013,4142497.995,"Silva","NEON_D07_MLBS_DP1_537000_4142000_classified_point_cloud.laz","2018_MLBS_3_537000_4142000_image.tif","Tree",1,537000,537999.999,4142000,4142999.999
"12333",12333,537803.012,537812.447,4142489.506,4142498.884,"Silva","NEON_D07_MLBS_DP1_537000_4142000_classified_point_cloud.laz","2018_MLBS_3_537000_4142000_image.tif","Tree",1,537000,537999.999,4142000,4142999.999
"12334",12334,537776.15,537785.894,4142487.544,4142496.377,"Silva","NEON_D07_MLBS_DP1_537000_4142000_classified_point_cloud.laz","2018_MLBS_3_537000_4142000_image.tif","Tree",1,537000,537999.999,4142000,4142999.999
"12335",12335,537783.008,537791.442,4142481.026,4142488.448,"Silva","NEON_D07_MLBS_DP1_537000_4142000_classified_point_cloud.laz","2018_MLBS_3_537000_4142000_image.tif","Tree",1,537000,537999.999,4142000,4142999.999
"12336",12336,537776.51,537784.909,4142478.112,4142487.98,"Silva","NEON_D07_MLBS_DP1_537000_4142000_classified_point_cloud.laz","2018_MLBS_3_537000_4142000_image.tif","Tree",1,537000,537999.999,4142000,4142999.999
"12337",12337,537752.014,537756.994,4142478.1,4142487.475,"Silva","NEON_D07_MLBS_DP1_537000_4142000_classified_point_cloud.laz","2018_MLBS_3_537000_4142000_image.tif","Tree",1,537000,537999.999,4142000,4142999.999
"12338",12338,537770.449,537777.906,4142481.511,4142490.472,"Silva","NEON_D07_MLBS_DP1_537000_4142000_classified_point_cloud.laz","2018_MLBS_3_537000_4142000_image.tif","Tree",1,537000,537999.999,4142000,4142999.999
"12339",12339,537792.546,537803.457,4142484.017,4142491.972,"Silva","NEON_D07_MLBS_DP1_537000_4142000_classified_point_cloud.laz","2018_MLBS_3_537000_4142000_image.tif","Tree",1,537000,537999.999,4142000,4142999.999
"12340",12340,537747.521,537755.086,4142484.61,4142491.593,"Silva","NEON_D07_MLBS_DP1_537000_4142000_classified_point_cloud.laz","2018_MLBS_3_537000_4142000_image.tif","Tree",1,537000,537999.999,4142000,4142999.999
"12341",12341,537763.044,537772.438,4142484.503,4142493.466,"Silva","NEON_D07_MLBS_DP1_537000_4142000_classified_point_cloud.laz","2018_MLBS_3_537000_4142000_image.tif","Tree",1,537000,537999.999,4142000,4142999.999
"12342",12342,537828.131,537834.731,4142479.14,4142487.973,"Silva","NEON_D07_MLBS_DP1_537000_4142000_classified_point_cloud.laz","2018_MLBS_3_537000_4142000_image.tif","Tree",1,537000,537999.999,4142000,4142999.999
"12343",12343,537846.6,537856.926,4142481.084,4142492.255,"Silva","NEON_D07_MLBS_DP1_537000_4142000_classified_point_cloud.laz","2018_MLBS_3_537000_4142000_image.tif","Tree",1,537000,537999.999,4142000,4142999.999
"12344",12344,537823.005,537830.318,4142484.027,4142487.998,"Silva","NEON_D07_MLBS_DP1_537000_4142000_classified_point_cloud.laz","2018_MLBS_3_537000_4142000_image.tif","Tree",1,537000,537999.999,4142000,4142999.999
"12345",12345,537844.508,537853.236,4142482.548,4142496.443,"Silva","NEON_D07_MLBS_DP1_537000_4142000_classified_point_cloud.laz","2018_MLBS_3_537000_4142000_image.tif","Tree",1,537000,537999.999,4142000,4142999.999
"12346",12346,537823.08,537831.498,4142487.575,4142492.998,"Silva","NEON_D07_MLBS_DP1_537000_4142000_classified_point_cloud.laz","2018_MLBS_3_537000_4142000_image.tif","Tree",1,537000,537999.999,4142000,4142999.999
"12347",12347,537839.514,537847.99,4142486.043,4142496.455,"Silva","NEON_D07_MLBS_DP1_537000_4142000_classified_point_cloud.laz","2018_MLBS_3_537000_4142000_image.tif","Tree",1,537000,537999.999,4142000,4142999.999
"12348",12348,537985.021,537998.964,4142416.519,4142425.987,"Silva","NEON_D07_MLBS_DP1_537000_4142000_classified_point_cloud.laz","2018_MLBS_3_537000_4142000_image.tif","Tree",1,537000,537999.999,4142000,4142999.999
"12349",12349,537976.013,537988.493,4142454.524,4142464.481,"Silva","NEON_D07_MLBS_DP1_537000_4142000_classified_point_cloud.laz","2018_MLBS_3_537000_4142000_image.tif","Tree",1,537000,537999.999,4142000,4142999.999
"12350",12350,537897.512,537907.936,4142476.524,4142488.483,"Silva","NEON_D07_MLBS_DP1_537000_4142000_classified_point_cloud.laz","2018_MLBS_3_537000_4142000_image.tif","Tree",1,537000,537999.999,4142000,4142999.999
"12351",12351,537878.279,537886.378,4142474.104,4142484.94,"Silva","NEON_D07_MLBS_DP1_537000_4142000_classified_point_cloud.laz","2018_MLBS_3_537000_4142000_image.tif","Tree",1,537000,537999.999,4142000,4142999.999
"12352",12352,537916.005,537923.49,4142476.501,4142487.972,"Silva","NEON_D07_MLBS_DP1_537000_4142000_classified_point_cloud.laz","2018_MLBS_3_537000_4142000_image.tif","Tree",1,537000,537999.999,4142000,4142999.999
"12353",12353,537885.047,537892.623,4142473.507,4142483.971,"Silva","NEON_D07_MLBS_DP1_537000_4142000_classified_point_cloud.laz","2018_MLBS_3_537000_4142000_image.tif","Tree",1,537000,537999.999,4142000,4142999.999
"12354",12354,537930.613,537941.938,4142476.502,4142483.987,"Silva","NEON_D07_MLBS_DP1_537000_4142000_classified_point_cloud.laz","2018_MLBS_3_537000_4142000_image.tif","Tree",1,537000,537999.999,4142000,4142999.999
"12355",12355,537893.618,537903.998,4142471.773,4142481.998,"Silva","NEON_D07_MLBS_DP1_537000_4142000_classified_point_cloud.laz","2018_MLBS_3_537000_4142000_image.tif","Tree",1,537000,537999.999,4142000,4142999.999
"12356",12356,537922.037,537931.408,4142474.513,4142480.993,"Silva","NEON_D07_MLBS_DP1_537000_4142000_classified_point_cloud.laz","2018_MLBS_3_537000_4142000_image.tif","Tree",1,537000,537999.999,4142000,4142999.999
"12357",12357,537909.537,537920.131,4142471.544,4142480.239,"Silva","NEON_D07_MLBS_DP1_537000_4142000_classified_point_cloud.laz","2018_MLBS_3_537000_4142000_image.tif","Tree",1,537000,537999.999,4142000,4142999.999
"12358",12358,537881.017,537888.464,4142464.522,4142474.996,"Silva","NEON_D07_MLBS_DP1_537000_4142000_classified_point_cloud.laz","2018_MLBS_3_537000_4142000_image.tif","Tree",1,537000,537999.999,4142000,4142999.999
"12359",12359,537932.745,537941.988,4142470.503,4142477.949,"Silva","NEON_D07_MLBS_DP1_537000_4142000_classified_point_cloud.laz","2018_MLBS_3_537000_4142000_image.tif","Tree",1,537000,537999.999,4142000,4142999.999
"12360",12360,537887.033,537895.982,4142463.725,4142474.918,"Silva","NEON_D07_MLBS_DP1_537000_4142000_classified_point_cloud.laz","2018_MLBS_3_537000_4142000_image.tif","Tree",1,537000,537999.999,4142000,4142999.999
"12361",12361,537929.026,537934.976,4142468.632,4142476.495,"Silva","NEON_D07_MLBS_DP1_537000_4142000_classified_point_cloud.laz","2018_MLBS_3_537000_4142000_image.tif","Tree",1,537000,537999.999,4142000,4142999.999
"12362",12362,537921.541,537928.982,4142465.771,4142474.496,"Silva","NEON_D07_MLBS_DP1_537000_4142000_classified_point_cloud.laz","2018_MLBS_3_537000_4142000_image.tif","Tree",1,537000,537999.999,4142000,4142999.999
"12363",12363,537896.042,537904.975,4142465.066,4142472.693,"Silva","NEON_D07_MLBS_DP1_537000_4142000_classified_point_cloud.laz","2018_MLBS_3_537000_4142000_image.tif","Tree",1,537000,537999.999,4142000,4142999.999
"12364",12364,537921.554,537929.999,4142464.08,4142470.982,"Silva","NEON_D07_MLBS_DP1_537000_4142000_classified_point_cloud.laz","2018_MLBS_3_537000_4142000_image.tif","Tree",1,537000,537999.999,4142000,4142999.999
"12365",12365,537928.226,537933.989,4142462.548,4142469.42,"Silva","NEON_D07_MLBS_DP1_537000_4142000_classified_point_cloud.laz","2018_MLBS_3_537000_4142000_image.tif","Tree",1,537000,537999.999,4142000,4142999.999
"12366",12366,537904.01,537911.464,4142460.618,4142469.688,"Silva","NEON_D07_MLBS_DP1_537000_4142000_classified_point_cloud.laz","2018_MLBS_3_537000_4142000_image.tif","Tree",1,537000,537999.999,4142000,4142999.999
"12367",12367,537897.522,537909.499,4142453.515,4142461.948,"Silva","NEON_D07_MLBS_DP1_537000_4142000_classified_point_cloud.laz","2018_MLBS_3_537000_4142000_image.tif","Tree",1,537000,537999.999,4142000,4142999.999
"12368",12368,537935.502,537947.363,4142451.609,4142462.981,"Silva","NEON_D07_MLBS_DP1_537000_4142000_classified_point_cloud.laz","2018_MLBS_3_537000_4142000_image.tif","Tree",1,537000,537999.999,4142000,4142999.999
"12369",12369,537878.65,537885.975,4142449.598,4142459.49,"Silva","NEON_D07_MLBS_DP1_537000_4142000_classified_point_cloud.laz","2018_MLBS_3_537000_4142000_image.tif","Tree",1,537000,537999.999,4142000,4142999.999
"12370",12370,537908.006,537915.29,4142449.045,4142459.489,"Silva","NEON_D07_MLBS_DP1_537000_4142000_classified_point_cloud.laz","2018_MLBS_3_537000_4142000_image.tif","Tree",1,537000,537999.999,4142000,4142999.999
"12371",12371,537921.53,537931.986,4142448.033,4142457.551,"Silva","NEON_D07_MLBS_DP1_537000_4142000_classified_point_cloud.laz","2018_MLBS_3_537000_4142000_image.tif","Tree",1,537000,537999.999,4142000,4142999.999
"12372",12372,537896.5,537910.495,4142444.512,4142454.495,"Silva","NEON_D07_MLBS_DP1_537000_4142000_classified_point_cloud.laz","2018_MLBS_3_537000_4142000_image.tif","Tree",1,537000,537999.999,4142000,4142999.999
"12373",12373,537913.092,537922.289,4142444.011,4142450.987,"Silva","NEON_D07_MLBS_DP1_537000_4142000_classified_point_cloud.laz","2018_MLBS_3_537000_4142000_image.tif","Tree",1,537000,537999.999,4142000,4142999.999
"12374",12374,537919.006,537927.977,4142441.185,4142449.464,"Silva","NEON_D07_MLBS_DP1_537000_4142000_classified_point_cloud.laz","2018_MLBS_3_537000_4142000_image.tif","Tree",1,537000,537999.999,4142000,4142999.999
"12375",12375,537887.398,537895.478,4142439.543,4142450.479,"Silva","NEON_D07_MLBS_DP1_537000_4142000_classified_point_cloud.laz","2018_MLBS_3_537000_4142000_image.tif","Tree",1,537000,537999.999,4142000,4142999.999
"12376",12376,537894.003,537903.459,4142441.015,4142450.838,"Silva","NEON_D07_MLBS_DP1_537000_4142000_classified_point_cloud.laz","2018_MLBS_3_537000_4142000_image.tif","Tree",1,537000,537999.999,4142000,4142999.999
"12377",12377,537904.62,537913.995,4142440.731,4142448.959,"Silva","NEON_D07_MLBS_DP1_537000_4142000_classified_point_cloud.laz","2018_MLBS_3_537000_4142000_image.tif","Tree",1,537000,537999.999,4142000,4142999.999
"12378",12378,537913.008,537919.278,4142439.163,4142446.459,"Silva","NEON_D07_MLBS_DP1_537000_4142000_classified_point_cloud.laz","2018_MLBS_3_537000_4142000_image.tif","Tree",1,537000,537999.999,4142000,4142999.999
"12379",12379,537893,537902.479,4142434.015,4142441.496,"Silva","NEON_D07_MLBS_DP1_537000_4142000_classified_point_cloud.laz","2018_MLBS_3_537000_4142000_image.tif","Tree",1,537000,537999.999,4142000,4142999.999
"12380",12380,537884.539,537892.809,4142436.803,4142442.965,"Silva","NEON_D07_MLBS_DP1_537000_4142000_classified_point_cloud.laz","2018_MLBS_3_537000_4142000_image.tif","Tree",1,537000,537999.999,4142000,4142999.999
"12381",12381,537909.536,537914.993,4142436.164,4142441.992,"Silva","NEON_D07_MLBS_DP1_537000_4142000_classified_point_cloud.laz","2018_MLBS_3_537000_4142000_image.tif","Tree",1,537000,537999.999,4142000,4142999.999
"12382",12382,537883.065,537889.9,4142430.533,4142439.458,"Silva","NEON_D07_MLBS_DP1_537000_4142000_classified_point_cloud.laz","2018_MLBS_3_537000_4142000_image.tif","Tree",1,537000,537999.999,4142000,4142999.999
"12383",12383,537888.552,537897.842,4142430.028,4142438.924,"Silva","NEON_D07_MLBS_DP1_537000_4142000_classified_point_cloud.laz","2018_MLBS_3_537000_4142000_image.tif","Tree",1,537000,537999.999,4142000,4142999.999
"12384",12384,537912.12,537921.16,4142429.037,4142437.972,"Silva","NEON_D07_MLBS_DP1_537000_4142000_classified_point_cloud.laz","2018_MLBS_3_537000_4142000_image.tif","Tree",1,537000,537999.999,4142000,4142999.999
"12385",12385,537898.01,537907.496,4142429.519,4142437.893,"Silva","NEON_D07_MLBS_DP1_537000_4142000_classified_point_cloud.laz","2018_MLBS_3_537000_4142000_image.tif","Tree",1,537000,537999.999,4142000,4142999.999
"12386",12386,537921.572,537931.998,4142430.508,4142436.499,"Silva","NEON_D07_MLBS_DP1_537000_4142000_classified_point_cloud.laz","2018_MLBS_3_537000_4142000_image.tif","Tree",1,537000,537999.999,4142000,4142999.999
"12387",12387,537938.001,537946.49,4142429.501,4142439.842,"Silva","NEON_D07_MLBS_DP1_537000_4142000_classified_point_cloud.laz","2018_MLBS_3_537000_4142000_image.tif","Tree",1,537000,537999.999,4142000,4142999.999
"12388",12388,537931.531,537940.485,4142427.546,4142435.478,"Silva","NEON_D07_MLBS_DP1_537000_4142000_classified_point_cloud.laz","2018_MLBS_3_537000_4142000_image.tif","Tree",1,537000,537999.999,4142000,4142999.999
"12389",12389,537893.686,537901.912,4142422.017,4142433.48,"Silva","NEON_D07_MLBS_DP1_537000_4142000_classified_point_cloud.laz","2018_MLBS_3_537000_4142000_image.tif","Tree",1,537000,537999.999,4142000,4142999.999
"12390",12390,537925.536,537932.461,4142424.03,4142430.907,"Silva","NEON_D07_MLBS_DP1_537000_4142000_classified_point_cloud.laz","2018_MLBS_3_537000_4142000_image.tif","Tree",1,537000,537999.999,4142000,4142999.999
"12391",12391,537905.086,537915.324,4142420.525,4142428.95,"Silva","NEON_D07_MLBS_DP1_537000_4142000_classified_point_cloud.laz","2018_MLBS_3_537000_4142000_image.tif","Tree",1,537000,537999.999,4142000,4142999.999
"12392",12392,537939.009,537945.464,4142422.024,4142429.475,"Silva","NEON_D07_MLBS_DP1_537000_4142000_classified_point_cloud.laz","2018_MLBS_3_537000_4142000_image.tif","Tree",1,537000,537999.999,4142000,4142999.999
"12393",12393,537931.523,537939.912,4142419.513,4142427.987,"Silva","NEON_D07_MLBS_DP1_537000_4142000_classified_point_cloud.laz","2018_MLBS_3_537000_4142000_image.tif","Tree",1,537000,537999.999,4142000,4142999.999
"12394",12394,537922.605,537932.45,4142416.533,4142425.481,"Silva","NEON_D07_MLBS_DP1_537000_4142000_classified_point_cloud.laz","2018_MLBS_3_537000_4142000_image.tif","Tree",1,537000,537999.999,4142000,4142999.999
"12395",12395,537913.028,537922.485,4142418.013,4142428.442,"Silva","NEON_D07_MLBS_DP1_537000_4142000_classified_point_cloud.laz","2018_MLBS_3_537000_4142000_image.tif","Tree",1,537000,537999.999,4142000,4142999.999
"12396",12396,537942.005,537949.34,4142419.022,4142426.465,"Silva","NEON_D07_MLBS_DP1_537000_4142000_classified_point_cloud.laz","2018_MLBS_3_537000_4142000_image.tif","Tree",1,537000,537999.999,4142000,4142999.999
"12397",12397,537882.5,537890.786,4142416.507,4142423.325,"Silva","NEON_D07_MLBS_DP1_537000_4142000_classified_point_cloud.laz","2018_MLBS_3_537000_4142000_image.tif","Tree",1,537000,537999.999,4142000,4142999.999
"12398",12398,537894.518,537903.994,4142415.044,4142422.977,"Silva","NEON_D07_MLBS_DP1_537000_4142000_classified_point_cloud.laz","2018_MLBS_3_537000_4142000_image.tif","Tree",1,537000,537999.999,4142000,4142999.999
"12399",12399,537917.018,537926.978,4142415.503,4142422.446,"Silva","NEON_D07_MLBS_DP1_537000_4142000_classified_point_cloud.laz","2018_MLBS_3_537000_4142000_image.tif","Tree",1,537000,537999.999,4142000,4142999.999
"12400",12400,537904.02,537913.424,4142413.548,4142421.999,"Silva","NEON_D07_MLBS_DP1_537000_4142000_classified_point_cloud.laz","2018_MLBS_3_537000_4142000_image.tif","Tree",1,537000,537999.999,4142000,4142999.999
"12401",12401,537954.041,537963.993,4142481.003,4142487.459,"Silva","NEON_D07_MLBS_DP1_537000_4142000_classified_point_cloud.laz","2018_MLBS_3_537000_4142000_image.tif","Tree",1,537000,537999.999,4142000,4142999.999
"12402",12402,537992.039,537997.496,4142477.538,4142484.971,"Silva","NEON_D07_MLBS_DP1_537000_4142000_classified_point_cloud.laz","2018_MLBS_3_537000_4142000_image.tif","Tree",1,537000,537999.999,4142000,4142999.999
"12403",12403,537976.009,537986.954,4142472.843,4142481.942,"Silva","NEON_D07_MLBS_DP1_537000_4142000_classified_point_cloud.laz","2018_MLBS_3_537000_4142000_image.tif","Tree",1,537000,537999.999,4142000,4142999.999
"12404",12404,537951.059,537961.96,4142468.019,4142481.306,"Silva","NEON_D07_MLBS_DP1_537000_4142000_classified_point_cloud.laz","2018_MLBS_3_537000_4142000_image.tif","Tree",1,537000,537999.999,4142000,4142999.999
"12405",12405,537992.51,537999.991,4142470.036,4142477.937,"Silva","NEON_D07_MLBS_DP1_537000_4142000_classified_point_cloud.laz","2018_MLBS_3_537000_4142000_image.tif","Tree",1,537000,537999.999,4142000,4142999.999
"12406",12406,537943.56,537956.295,4142466.504,4142474.496,"Silva","NEON_D07_MLBS_DP1_537000_4142000_classified_point_cloud.laz","2018_MLBS_3_537000_4142000_image.tif","Tree",1,537000,537999.999,4142000,4142999.999
"12407",12407,537987.533,537994.997,4142467.186,4142474.936,"Silva","NEON_D07_MLBS_DP1_537000_4142000_classified_point_cloud.laz","2018_MLBS_3_537000_4142000_image.tif","Tree",1,537000,537999.999,4142000,4142999.999
"12408",12408,537977.05,537987.997,4142467.082,4142474.136,"Silva","NEON_D07_MLBS_DP1_537000_4142000_classified_point_cloud.laz","2018_MLBS_3_537000_4142000_image.tif","Tree",1,537000,537999.999,4142000,4142999.999
"12409",12409,537968.524,537977.982,4142460.556,4142472.617,"Silva","NEON_D07_MLBS_DP1_537000_4142000_classified_point_cloud.laz","2018_MLBS_3_537000_4142000_image.tif","Tree",1,537000,537999.999,4142000,4142999.999
"12410",12410,537985.038,537993.392,4142459.008,4142469.957,"Silva","NEON_D07_MLBS_DP1_537000_4142000_classified_point_cloud.laz","2018_MLBS_3_537000_4142000_image.tif","Tree",1,537000,537999.999,4142000,4142999.999
"12411",12411,537978.007,537986.427,4142461.643,4142468.579,"Silva","NEON_D07_MLBS_DP1_537000_4142000_classified_point_cloud.laz","2018_MLBS_3_537000_4142000_image.tif","Tree",1,537000,537999.999,4142000,4142999.999
"12412",12412,537944.033,537952.498,4142451.517,4142458.979,"Silva","NEON_D07_MLBS_DP1_537000_4142000_classified_point_cloud.laz","2018_MLBS_3_537000_4142000_image.tif","Tree",1,537000,537999.999,4142000,4142999.999
"12413",12413,537951.165,537958.459,4142448.512,4142455.489,"Silva","NEON_D07_MLBS_DP1_537000_4142000_classified_point_cloud.laz","2018_MLBS_3_537000_4142000_image.tif","Tree",1,537000,537999.999,4142000,4142999.999
"12414",12414,537972.087,537983.97,4142450.182,4142460.499,"Silva","NEON_D07_MLBS_DP1_537000_4142000_classified_point_cloud.laz","2018_MLBS_3_537000_4142000_image.tif","Tree",1,537000,537999.999,4142000,4142999.999
"12415",12415,537944.029,537953.47,4142443.02,4142451.475,"Silva","NEON_D07_MLBS_DP1_537000_4142000_classified_point_cloud.laz","2018_MLBS_3_537000_4142000_image.tif","Tree",1,537000,537999.999,4142000,4142999.999
"12416",12416,537958.042,537967.484,4142443.04,4142452.471,"Silva","NEON_D07_MLBS_DP1_537000_4142000_classified_point_cloud.laz","2018_MLBS_3_537000_4142000_image.tif","Tree",1,537000,537999.999,4142000,4142999.999
"12417",12417,537967.528,537977.753,4142443.026,4142452.489,"Silva","NEON_D07_MLBS_DP1_537000_4142000_classified_point_cloud.laz","2018_MLBS_3_537000_4142000_image.tif","Tree",1,537000,537999.999,4142000,4142999.999
"12418",12418,537984.059,537997.993,4142446.529,4142457.496,"Silva","NEON_D07_MLBS_DP1_537000_4142000_classified_point_cloud.laz","2018_MLBS_3_537000_4142000_image.tif","Tree",1,537000,537999.999,4142000,4142999.999
"12419",12419,537977.075,537985.999,4142444.512,4142453.434,"Silva","NEON_D07_MLBS_DP1_537000_4142000_classified_point_cloud.laz","2018_MLBS_3_537000_4142000_image.tif","Tree",1,537000,537999.999,4142000,4142999.999
"12420",12420,537955.881,537964.932,4142442.539,4142449.966,"Silva","NEON_D07_MLBS_DP1_537000_4142000_classified_point_cloud.laz","2018_MLBS_3_537000_4142000_image.tif","Tree",1,537000,537999.999,4142000,4142999.999
"12421",12421,537971.085,537978.998,4142439.148,4142445.779,"Silva","NEON_D07_MLBS_DP1_537000_4142000_classified_point_cloud.laz","2018_MLBS_3_537000_4142000_image.tif","Tree",1,537000,537999.999,4142000,4142999.999
"12422",12422,537948.43,537955.959,4142436.077,4142442.978,"Silva","NEON_D07_MLBS_DP1_537000_4142000_classified_point_cloud.laz","2018_MLBS_3_537000_4142000_image.tif","Tree",1,537000,537999.999,4142000,4142999.999
"12423",12423,537976.014,537982.886,4142433.58,4142441.312,"Silva","NEON_D07_MLBS_DP1_537000_4142000_classified_point_cloud.laz","2018_MLBS_3_537000_4142000_image.tif","Tree",1,537000,537999.999,4142000,4142999.999
"12424",12424,537953.522,537962.358,4142429.067,4142437.447,"Silva","NEON_D07_MLBS_DP1_537000_4142000_classified_point_cloud.laz","2018_MLBS_3_537000_4142000_image.tif","Tree",1,537000,537999.999,4142000,4142999.999
"12425",12425,537982.32,537994.36,4142432.579,4142439.988,"Silva","NEON_D07_MLBS_DP1_537000_4142000_classified_point_cloud.laz","2018_MLBS_3_537000_4142000_image.tif","Tree",1,537000,537999.999,4142000,4142999.999
"12426",12426,537969.568,537979.934,4142425.109,4142434.493,"Silva","NEON_D07_MLBS_DP1_537000_4142000_classified_point_cloud.laz","2018_MLBS_3_537000_4142000_image.tif","Tree",1,537000,537999.999,4142000,4142999.999
"12427",12427,537984.505,537999.948,4142425.511,4142435.907,"Silva","NEON_D07_MLBS_DP1_537000_4142000_classified_point_cloud.laz","2018_MLBS_3_537000_4142000_image.tif","Tree",1,537000,537999.999,4142000,4142999.999
"12428",12428,537977.572,537987.496,4142423.272,4142433.77,"Silva","NEON_D07_MLBS_DP1_537000_4142000_classified_point_cloud.laz","2018_MLBS_3_537000_4142000_image.tif","Tree",1,537000,537999.999,4142000,4142999.999
"12429",12429,537965.09,537970.946,4142418.004,4142426.769,"Silva","NEON_D07_MLBS_DP1_537000_4142000_classified_point_cloud.laz","2018_MLBS_3_537000_4142000_image.tif","Tree",1,537000,537999.999,4142000,4142999.999
"12430",12430,537946.531,537954.461,4142414.764,4142422.445,"Silva","NEON_D07_MLBS_DP1_537000_4142000_classified_point_cloud.laz","2018_MLBS_3_537000_4142000_image.tif","Tree",1,537000,537999.999,4142000,4142999.999
"12431",12431,537971.003,537976.995,4142419.538,4142424.487,"Silva","NEON_D07_MLBS_DP1_537000_4142000_classified_point_cloud.laz","2018_MLBS_3_537000_4142000_image.tif","Tree",1,537000,537999.999,4142000,4142999.999
"12432",12432,537953.662,537961.447,4142414.001,4142422.009,"Silva","NEON_D07_MLBS_DP1_537000_4142000_classified_point_cloud.laz","2018_MLBS_3_537000_4142000_image.tif","Tree",1,537000,537999.999,4142000,4142999.999
"12433",12433,537875.504,537889.933,4142485.047,4142496.459,"Silva","NEON_D07_MLBS_DP1_537000_4142000_classified_point_cloud.laz","2018_MLBS_3_537000_4142000_image.tif","Tree",1,537000,537999.999,4142000,4142999.999
"12434",12434,537936.504,537945.964,4142480.011,4142493.466,"Silva","NEON_D07_MLBS_DP1_537000_4142000_classified_point_cloud.laz","2018_MLBS_3_537000_4142000_image.tif","Tree",1,537000,537999.999,4142000,4142999.999
"12435",12435,537900.041,537908.457,4142478.625,4142492.466,"Silva","NEON_D07_MLBS_DP1_537000_4142000_classified_point_cloud.laz","2018_MLBS_3_537000_4142000_image.tif","Tree",1,537000,537999.999,4142000,4142999.999
"12436",12436,537921.596,537929.482,4142480.514,4142488.769,"Silva","NEON_D07_MLBS_DP1_537000_4142000_classified_point_cloud.laz","2018_MLBS_3_537000_4142000_image.tif","Tree",1,537000,537999.999,4142000,4142999.999
"12437",12437,537962,537974.462,4142494.558,4142504.497,"Silva","NEON_D07_MLBS_DP1_537000_4142000_classified_point_cloud.laz","2018_MLBS_3_537000_4142000_image.tif","Tree",1,537000,537999.999,4142000,4142999.999
"12438",12438,537956.008,537962.496,4142497.033,4142503.748,"Silva","NEON_D07_MLBS_DP1_537000_4142000_classified_point_cloud.laz","2018_MLBS_3_537000_4142000_image.tif","Tree",1,537000,537999.999,4142000,4142999.999
"12439",12439,537995.516,537999.998,4142493.52,4142505.455,"Silva","NEON_D07_MLBS_DP1_537000_4142000_classified_point_cloud.laz","2018_MLBS_3_537000_4142000_image.tif","Tree",1,537000,537999.999,4142000,4142999.999
"12440",12440,537947.575,537957.72,4142492.511,4142500.495,"Silva","NEON_D07_MLBS_DP1_537000_4142000_classified_point_cloud.laz","2018_MLBS_3_537000_4142000_image.tif","Tree",1,537000,537999.999,4142000,4142999.999
"12441",12441,537982.012,537992.212,4142487.519,4142498.989,"Silva","NEON_D07_MLBS_DP1_537000_4142000_classified_point_cloud.laz","2018_MLBS_3_537000_4142000_image.tif","Tree",1,537000,537999.999,4142000,4142999.999
"12442",12442,537967.008,537977.963,4142486.565,4142501.971,"Silva","NEON_D07_MLBS_DP1_537000_4142000_classified_point_cloud.laz","2018_MLBS_3_537000_4142000_image.tif","Tree",1,537000,537999.999,4142000,4142999.999
"12443",12443,537941.144,537950.976,4142482.507,4142496.943,"Silva","NEON_D07_MLBS_DP1_537000_4142000_classified_point_cloud.laz","2018_MLBS_3_537000_4142000_image.tif","Tree",1,537000,537999.999,4142000,4142999.999
"12444",12444,537975.208,537985.989,4142488.032,4142500.357,"Silva","NEON_D07_MLBS_DP1_537000_4142000_classified_point_cloud.laz","2018_MLBS_3_537000_4142000_image.tif","Tree",1,537000,537999.999,4142000,4142999.999
"12445",12445,537949.536,537957.959,4142481.158,4142493.429,"Silva","NEON_D07_MLBS_DP1_537000_4142000_classified_point_cloud.laz","2018_MLBS_3_537000_4142000_image.tif","Tree",1,537000,537999.999,4142000,4142999.999
"12446",12446,537989.015,537999.978,4142485.006,4142493.888,"Silva","NEON_D07_MLBS_DP1_537000_4142000_classified_point_cloud.laz","2018_MLBS_3_537000_4142000_image.tif","Tree",1,537000,537999.999,4142000,4142999.999
"12447",12447,537854.932,537866.417,4142016.009,4142027.95,"Silva","NEON_D07_MLBS_DP1_537000_4142000_classified_point_cloud.laz","2018_MLBS_3_537000_4142000_image.tif","Tree",1,537000,537999.999,4142000,4142999.999
"12448",12448,537823.009,537839.492,4142013.503,4142019.418,"Silva","NEON_D07_MLBS_DP1_537000_4142000_classified_point_cloud.laz","2018_MLBS_3_537000_4142000_image.tif","Tree",1,537000,537999.999,4142000,4142999.999
"12449",12449,537843.062,537853.465,4142009.319,4142021.96,"Silva","NEON_D07_MLBS_DP1_537000_4142000_classified_point_cloud.laz","2018_MLBS_3_537000_4142000_image.tif","Tree",1,537000,537999.999,4142000,4142999.999
"12450",12450,537841.004,537848.49,4142000.519,4142009.485,"Silva","NEON_D07_MLBS_DP1_537000_4142000_classified_point_cloud.laz","2018_MLBS_3_537000_4142000_image.tif","Tree",1,537000,537999.999,4142000,4142999.999
"12451",12451,537863.523,537873.46,4142000.001,4142006.484,"Silva","NEON_D07_MLBS_DP1_537000_4142000_classified_point_cloud.laz","2018_MLBS_3_537000_4142000_image.tif","Tree",1,537000,537999.999,4142000,4142999.999
"12452",12452,537873.023,537879.496,4142000.003,4142005.492,"Silva","NEON_D07_MLBS_DP1_537000_4142000_classified_point_cloud.laz","2018_MLBS_3_537000_4142000_image.tif","Tree",1,537000,537999.999,4142000,4142999.999
"12453",12453,537816.154,537824.716,4142005.542,4142016.385,"Silva","NEON_D07_MLBS_DP1_537000_4142000_classified_point_cloud.laz","2018_MLBS_3_537000_4142000_image.tif","Tree",1,537000,537999.999,4142000,4142999.999
"12454",12454,537811.509,537824.491,4142000.004,4142003.879,"Silva","NEON_D07_MLBS_DP1_537000_4142000_classified_point_cloud.laz","2018_MLBS_3_537000_4142000_image.tif","Tree",1,537000,537999.999,4142000,4142999.999
"12455",12455,537803.738,537814.445,4142022.593,4142030.488,"Silva","NEON_D07_MLBS_DP1_537000_4142000_classified_point_cloud.laz","2018_MLBS_3_537000_4142000_image.tif","Tree",1,537000,537999.999,4142000,4142999.999
"12456",12456,537806.598,537813.466,4142058.678,4142065.495,"Silva","NEON_D07_MLBS_DP1_537000_4142000_classified_point_cloud.laz","2018_MLBS_3_537000_4142000_image.tif","Tree",1,537000,537999.999,4142000,4142999.999
"12457",12457,537801.514,537807.985,4142084.057,4142092.49,"Silva","NEON_D07_MLBS_DP1_537000_4142000_classified_point_cloud.laz","2018_MLBS_3_537000_4142000_image.tif","Tree",1,537000,537999.999,4142000,4142999.999
"12458",12458,537808.025,537814.956,4142084.001,4142090.411,"Silva","NEON_D07_MLBS_DP1_537000_4142000_classified_point_cloud.laz","2018_MLBS_3_537000_4142000_image.tif","Tree",1,537000,537999.999,4142000,4142999.999
"12459",12459,537805.53,537812.983,4142075.153,4142080,"Silva","NEON_D07_MLBS_DP1_537000_4142000_classified_point_cloud.laz","2018_MLBS_3_537000_4142000_image.tif","Tree",1,537000,537999.999,4142000,4142999.999
"12460",12460,537816.121,537827.699,4142028.027,4142036.42,"Silva","NEON_D07_MLBS_DP1_537000_4142000_classified_point_cloud.laz","2018_MLBS_3_537000_4142000_image.tif","Tree",1,537000,537999.999,4142000,4142999.999
"12461",12461,537845.071,537854.589,4142041.055,4142053.48,"Silva","NEON_D07_MLBS_DP1_537000_4142000_classified_point_cloud.laz","2018_MLBS_3_537000_4142000_image.tif","Tree",1,537000,537999.999,4142000,4142999.999
"12462",12462,537833.511,537837.497,4142048.016,4142053.977,"Silva","NEON_D07_MLBS_DP1_537000_4142000_classified_point_cloud.laz","2018_MLBS_3_537000_4142000_image.tif","Tree",1,537000,537999.999,4142000,4142999.999
"12463",12463,537852.529,537860.449,4142043.057,4142053.799,"Silva","NEON_D07_MLBS_DP1_537000_4142000_classified_point_cloud.laz","2018_MLBS_3_537000_4142000_image.tif","Tree",1,537000,537999.999,4142000,4142999.999
"12464",12464,537837.5,537840.991,4142047.548,4142055.277,"Silva","NEON_D07_MLBS_DP1_537000_4142000_classified_point_cloud.laz","2018_MLBS_3_537000_4142000_image.tif","Tree",1,537000,537999.999,4142000,4142999.999
"12465",12465,537823.117,537831.499,4142055.15,4142060.4,"Silva","NEON_D07_MLBS_DP1_537000_4142000_classified_point_cloud.laz","2018_MLBS_3_537000_4142000_image.tif","Tree",1,537000,537999.999,4142000,4142999.999
"12466",12466,537823.671,537832.476,4142058.021,4142064.982,"Silva","NEON_D07_MLBS_DP1_537000_4142000_classified_point_cloud.laz","2018_MLBS_3_537000_4142000_image.tif","Tree",1,537000,537999.999,4142000,4142999.999
"12467",12467,537872.607,537874.888,4142056.184,4142058.43,"Silva","NEON_D07_MLBS_DP1_537000_4142000_classified_point_cloud.laz","2018_MLBS_3_537000_4142000_image.tif","Tree",1,537000,537999.999,4142000,4142999.999
"12468",12468,537853.526,537860.473,4142056.511,4142067.834,"Silva","NEON_D07_MLBS_DP1_537000_4142000_classified_point_cloud.laz","2018_MLBS_3_537000_4142000_image.tif","Tree",1,537000,537999.999,4142000,4142999.999
"12469",12469,537816.243,537822.448,4142065.007,4142072.946,"Silva","NEON_D07_MLBS_DP1_537000_4142000_classified_point_cloud.laz","2018_MLBS_3_537000_4142000_image.tif","Tree",1,537000,537999.999,4142000,4142999.999
"12470",12470,537851.514,537857.921,4142060.523,4142069.414,"Silva","NEON_D07_MLBS_DP1_537000_4142000_classified_point_cloud.laz","2018_MLBS_3_537000_4142000_image.tif","Tree",1,537000,537999.999,4142000,4142999.999
"12471",12471,537866.507,537868.342,4142061.706,4142064.938,"Silva","NEON_D07_MLBS_DP1_537000_4142000_classified_point_cloud.laz","2018_MLBS_3_537000_4142000_image.tif","Tree",1,537000,537999.999,4142000,4142999.999
"12472",12472,537826.121,537831.919,4142064.526,4142072.982,"Silva","NEON_D07_MLBS_DP1_537000_4142000_classified_point_cloud.laz","2018_MLBS_3_537000_4142000_image.tif","Tree",1,537000,537999.999,4142000,4142999.999
"12473",12473,537869.019,537870.994,4142063.09,4142065.359,"Silva","NEON_D07_MLBS_DP1_537000_4142000_classified_point_cloud.laz","2018_MLBS_3_537000_4142000_image.tif","Tree",1,537000,537999.999,4142000,4142999.999
"12474",12474,537829.501,537836.448,4142068.729,4142078.425,"Silva","NEON_D07_MLBS_DP1_537000_4142000_classified_point_cloud.laz","2018_MLBS_3_537000_4142000_image.tif","Tree",1,537000,537999.999,4142000,4142999.999
"12475",12475,537821.007,537829.479,4142071.023,4142078.964,"Silva","NEON_D07_MLBS_DP1_537000_4142000_classified_point_cloud.laz","2018_MLBS_3_537000_4142000_image.tif","Tree",1,537000,537999.999,4142000,4142999.999
"12476",12476,537844.037,537850.499,4142084.543,4142093.463,"Silva","NEON_D07_MLBS_DP1_537000_4142000_classified_point_cloud.laz","2018_MLBS_3_537000_4142000_image.tif","Tree",1,537000,537999.999,4142000,4142999.999
"12477",12477,537848.035,537856.015,4142084.041,4142089.173,"Silva","NEON_D07_MLBS_DP1_537000_4142000_classified_point_cloud.laz","2018_MLBS_3_537000_4142000_image.tif","Tree",1,537000,537999.999,4142000,4142999.999
"12478",12478,537867.513,537875.938,4142077.684,4142087.726,"Silva","NEON_D07_MLBS_DP1_537000_4142000_classified_point_cloud.laz","2018_MLBS_3_537000_4142000_image.tif","Tree",1,537000,537999.999,4142000,4142999.999
"12479",12479,537837.598,537844.441,4142082.109,4142088.487,"Silva","NEON_D07_MLBS_DP1_537000_4142000_classified_point_cloud.laz","2018_MLBS_3_537000_4142000_image.tif","Tree",1,537000,537999.999,4142000,4142999.999
"12480",12480,537831,537836.947,4142085.005,4142091.464,"Silva","NEON_D07_MLBS_DP1_537000_4142000_classified_point_cloud.laz","2018_MLBS_3_537000_4142000_image.tif","Tree",1,537000,537999.999,4142000,4142999.999
"12481",12481,537856.083,537861.49,4142076.018,4142085.474,"Silva","NEON_D07_MLBS_DP1_537000_4142000_classified_point_cloud.laz","2018_MLBS_3_537000_4142000_image.tif","Tree",1,537000,537999.999,4142000,4142999.999
"12482",12482,537816.68,537823.986,4142083.247,4142089.33,"Silva","NEON_D07_MLBS_DP1_537000_4142000_classified_point_cloud.laz","2018_MLBS_3_537000_4142000_image.tif","Tree",1,537000,537999.999,4142000,4142999.999
"12483",12483,537859.027,537863.927,4142073.541,4142075.48,"Silva","NEON_D07_MLBS_DP1_537000_4142000_classified_point_cloud.laz","2018_MLBS_3_537000_4142000_image.tif","Tree",1,537000,537999.999,4142000,4142999.999
"12484",12484,537819.097,537824.487,4142075.675,4142080.986,"Silva","NEON_D07_MLBS_DP1_537000_4142000_classified_point_cloud.laz","2018_MLBS_3_537000_4142000_image.tif","Tree",1,537000,537999.999,4142000,4142999.999
"12485",12485,537846.007,537855.308,4142068.011,4142075.485,"Silva","NEON_D07_MLBS_DP1_537000_4142000_classified_point_cloud.laz","2018_MLBS_3_537000_4142000_image.tif","Tree",1,537000,537999.999,4142000,4142999.999
"12486",12486,537837.69,537846.459,4142068.548,4142076.489,"Silva","NEON_D07_MLBS_DP1_537000_4142000_classified_point_cloud.laz","2018_MLBS_3_537000_4142000_image.tif","Tree",1,537000,537999.999,4142000,4142999.999
"12487",12487,537801.037,537809.471,4142105.022,4142111.381,"Silva","NEON_D07_MLBS_DP1_537000_4142000_classified_point_cloud.laz","2018_MLBS_3_537000_4142000_image.tif","Tree",1,537000,537999.999,4142000,4142999.999
"12488",12488,537808.677,537814.744,4142107.01,4142114.384,"Silva","NEON_D07_MLBS_DP1_537000_4142000_classified_point_cloud.laz","2018_MLBS_3_537000_4142000_image.tif","Tree",1,537000,537999.999,4142000,4142999.999
"12489",12489,537798.112,537805.379,4142108.057,4142115.49,"Silva","NEON_D07_MLBS_DP1_537000_4142000_classified_point_cloud.laz","2018_MLBS_3_537000_4142000_image.tif","Tree",1,537000,537999.999,4142000,4142999.999
"12490",12490,537813.09,537817.945,4142123.533,4142128.847,"Silva","NEON_D07_MLBS_DP1_537000_4142000_classified_point_cloud.laz","2018_MLBS_3_537000_4142000_image.tif","Tree",1,537000,537999.999,4142000,4142999.999
"12491",12491,537803.145,537810.445,4142129.644,4142133.813,"Silva","NEON_D07_MLBS_DP1_537000_4142000_classified_point_cloud.laz","2018_MLBS_3_537000_4142000_image.tif","Tree",1,537000,537999.999,4142000,4142999.999
"12492",12492,537809.509,537813.952,4142132.549,4142138.45,"Silva","NEON_D07_MLBS_DP1_537000_4142000_classified_point_cloud.laz","2018_MLBS_3_537000_4142000_image.tif","Tree",1,537000,537999.999,4142000,4142999.999
"12493",12493,537808.542,537816.493,4142137.601,4142144.989,"Silva","NEON_D07_MLBS_DP1_537000_4142000_classified_point_cloud.laz","2018_MLBS_3_537000_4142000_image.tif","Tree",1,537000,537999.999,4142000,4142999.999
"12494",12494,537811.068,537820.422,4142146.534,4142156.98,"Silva","NEON_D07_MLBS_DP1_537000_4142000_classified_point_cloud.laz","2018_MLBS_3_537000_4142000_image.tif","Tree",1,537000,537999.999,4142000,4142999.999
"12495",12495,537808.014,537814.99,4142101.551,4142107.466,"Silva","NEON_D07_MLBS_DP1_537000_4142000_classified_point_cloud.laz","2018_MLBS_3_537000_4142000_image.tif","Tree",1,537000,537999.999,4142000,4142999.999
"12496",12496,537802.016,537807.818,4142092.518,4142099.989,"Silva","NEON_D07_MLBS_DP1_537000_4142000_classified_point_cloud.laz","2018_MLBS_3_537000_4142000_image.tif","Tree",1,537000,537999.999,4142000,4142999.999
"12497",12497,537815.086,537820.802,4142087.049,4142094.662,"Silva","NEON_D07_MLBS_DP1_537000_4142000_classified_point_cloud.laz","2018_MLBS_3_537000_4142000_image.tif","Tree",1,537000,537999.999,4142000,4142999.999
"12498",12498,537816.001,537820.994,4142101.072,4142105.865,"Silva","NEON_D07_MLBS_DP1_537000_4142000_classified_point_cloud.laz","2018_MLBS_3_537000_4142000_image.tif","Tree",1,537000,537999.999,4142000,4142999.999
"12499",12499,537882.052,537883.978,4142095.039,4142097.893,"Silva","NEON_D07_MLBS_DP1_537000_4142000_classified_point_cloud.laz","2018_MLBS_3_537000_4142000_image.tif","Tree",1,537000,537999.999,4142000,4142999.999
"12500",12500,537847.63,537856.465,4142100.002,4142110.49,"Silva","NEON_D07_MLBS_DP1_537000_4142000_classified_point_cloud.laz","2018_MLBS_3_537000_4142000_image.tif","Tree",1,537000,537999.999,4142000,4142999.999
"12501",12501,537826.739,537829.872,4142110.504,4142113.473,"Silva","NEON_D07_MLBS_DP1_537000_4142000_classified_point_cloud.laz","2018_MLBS_3_537000_4142000_image.tif","Tree",1,537000,537999.999,4142000,4142999.999
"12502",12502,537829.577,537833.487,4142110.511,4142115.491,"Silva","NEON_D07_MLBS_DP1_537000_4142000_classified_point_cloud.laz","2018_MLBS_3_537000_4142000_image.tif","Tree",1,537000,537999.999,4142000,4142999.999
"12503",12503,537868.004,537874.946,4142107.029,4142114.933,"Silva","NEON_D07_MLBS_DP1_537000_4142000_classified_point_cloud.laz","2018_MLBS_3_537000_4142000_image.tif","Tree",1,537000,537999.999,4142000,4142999.999
"12504",12504,537846.175,537849.285,4142117.201,4142120.456,"Silva","NEON_D07_MLBS_DP1_537000_4142000_classified_point_cloud.laz","2018_MLBS_3_537000_4142000_image.tif","Tree",1,537000,537999.999,4142000,4142999.999
"12505",12505,537826.537,537830.902,4142121.087,4142125.475,"Silva","NEON_D07_MLBS_DP1_537000_4142000_classified_point_cloud.laz","2018_MLBS_3_537000_4142000_image.tif","Tree",1,537000,537999.999,4142000,4142999.999
"12506",12506,537864.62,537865.708,4142119.266,4142121.238,"Silva","NEON_D07_MLBS_DP1_537000_4142000_classified_point_cloud.laz","2018_MLBS_3_537000_4142000_image.tif","Tree",1,537000,537999.999,4142000,4142999.999
"12507",12507,537852.52,537859.392,4142118.914,4142126.953,"Silva","NEON_D07_MLBS_DP1_537000_4142000_classified_point_cloud.laz","2018_MLBS_3_537000_4142000_image.tif","Tree",1,537000,537999.999,4142000,4142999.999
"12508",12508,537819.517,537821.973,4142126.517,4142128.48,"Silva","NEON_D07_MLBS_DP1_537000_4142000_classified_point_cloud.laz","2018_MLBS_3_537000_4142000_image.tif","Tree",1,537000,537999.999,4142000,4142999.999
"12509",12509,537853.043,537863.834,4142123.763,4142133.467,"Silva","NEON_D07_MLBS_DP1_537000_4142000_classified_point_cloud.laz","2018_MLBS_3_537000_4142000_image.tif","Tree",1,537000,537999.999,4142000,4142999.999
"12510",12510,537870.566,537876.376,4142123.507,4142129.489,"Silva","NEON_D07_MLBS_DP1_537000_4142000_classified_point_cloud.laz","2018_MLBS_3_537000_4142000_image.tif","Tree",1,537000,537999.999,4142000,4142999.999
"12511",12511,537863.536,537871.479,4142126.005,4142134.991,"Silva","NEON_D07_MLBS_DP1_537000_4142000_classified_point_cloud.laz","2018_MLBS_3_537000_4142000_image.tif","Tree",1,537000,537999.999,4142000,4142999.999
"12512",12512,537874.011,537877.494,4142125.598,4142132.806,"Silva","NEON_D07_MLBS_DP1_537000_4142000_classified_point_cloud.laz","2018_MLBS_3_537000_4142000_image.tif","Tree",1,537000,537999.999,4142000,4142999.999
"12513",12513,537877.502,537881.992,4142125.943,4142135.72,"Silva","NEON_D07_MLBS_DP1_537000_4142000_classified_point_cloud.laz","2018_MLBS_3_537000_4142000_image.tif","Tree",1,537000,537999.999,4142000,4142999.999
"12514",12514,537829.649,537838.773,4142133.102,4142140.467,"Silva","NEON_D07_MLBS_DP1_537000_4142000_classified_point_cloud.laz","2018_MLBS_3_537000_4142000_image.tif","Tree",1,537000,537999.999,4142000,4142999.999
"12515",12515,537870.052,537877.91,4142130.531,4142136.494,"Silva","NEON_D07_MLBS_DP1_537000_4142000_classified_point_cloud.laz","2018_MLBS_3_537000_4142000_image.tif","Tree",1,537000,537999.999,4142000,4142999.999
"12516",12516,537816.5,537826.416,4142137.52,4142146.301,"Silva","NEON_D07_MLBS_DP1_537000_4142000_classified_point_cloud.laz","2018_MLBS_3_537000_4142000_image.tif","Tree",1,537000,537999.999,4142000,4142999.999
"12517",12517,537845.585,537853.885,4142133.629,4142144.421,"Silva","NEON_D07_MLBS_DP1_537000_4142000_classified_point_cloud.laz","2018_MLBS_3_537000_4142000_image.tif","Tree",1,537000,537999.999,4142000,4142999.999
"12518",12518,537853.508,537858.455,4142131.547,4142141.958,"Silva","NEON_D07_MLBS_DP1_537000_4142000_classified_point_cloud.laz","2018_MLBS_3_537000_4142000_image.tif","Tree",1,537000,537999.999,4142000,4142999.999
"12519",12519,537830.062,537840.401,4142140.001,4142148.885,"Silva","NEON_D07_MLBS_DP1_537000_4142000_classified_point_cloud.laz","2018_MLBS_3_537000_4142000_image.tif","Tree",1,537000,537999.999,4142000,4142999.999
"12520",12520,537820.539,537831.992,4142139.594,4142152.482,"Silva","NEON_D07_MLBS_DP1_537000_4142000_classified_point_cloud.laz","2018_MLBS_3_537000_4142000_image.tif","Tree",1,537000,537999.999,4142000,4142999.999
"12521",12521,537856.768,537864.499,4142133.668,4142142.475,"Silva","NEON_D07_MLBS_DP1_537000_4142000_classified_point_cloud.laz","2018_MLBS_3_537000_4142000_image.tif","Tree",1,537000,537999.999,4142000,4142999.999
"12522",12522,537816.693,537827.485,4142147.077,4142157.483,"Silva","NEON_D07_MLBS_DP1_537000_4142000_classified_point_cloud.laz","2018_MLBS_3_537000_4142000_image.tif","Tree",1,537000,537999.999,4142000,4142999.999
"12523",12523,537873.527,537879.967,4142136.117,4142146.463,"Silva","NEON_D07_MLBS_DP1_537000_4142000_classified_point_cloud.laz","2018_MLBS_3_537000_4142000_image.tif","Tree",1,537000,537999.999,4142000,4142999.999
"12524",12524,537861.685,537869.46,4142142.538,4142152.35,"Silva","NEON_D07_MLBS_DP1_537000_4142000_classified_point_cloud.laz","2018_MLBS_3_537000_4142000_image.tif","Tree",1,537000,537999.999,4142000,4142999.999
"12525",12525,537843.534,537851.999,4142144.17,4142155.843,"Silva","NEON_D07_MLBS_DP1_537000_4142000_classified_point_cloud.laz","2018_MLBS_3_537000_4142000_image.tif","Tree",1,537000,537999.999,4142000,4142999.999
"12526",12526,537864.652,537872.49,4142147.144,4142155.496,"Silva","NEON_D07_MLBS_DP1_537000_4142000_classified_point_cloud.laz","2018_MLBS_3_537000_4142000_image.tif","Tree",1,537000,537999.999,4142000,4142999.999
"12527",12527,537871.542,537877.998,4142147.523,4142156.412,"Silva","NEON_D07_MLBS_DP1_537000_4142000_classified_point_cloud.laz","2018_MLBS_3_537000_4142000_image.tif","Tree",1,537000,537999.999,4142000,4142999.999
"12528",12528,537846.065,537852.971,4142093.003,4142102.998,"Silva","NEON_D07_MLBS_DP1_537000_4142000_classified_point_cloud.laz","2018_MLBS_3_537000_4142000_image.tif","Tree",1,537000,537999.999,4142000,4142999.999
"12529",12529,537868.625,537875.942,4142087.503,4142090.392,"Silva","NEON_D07_MLBS_DP1_537000_4142000_classified_point_cloud.laz","2018_MLBS_3_537000_4142000_image.tif","Tree",1,537000,537999.999,4142000,4142999.999
"12530",12530,537820.022,537824.883,4142093.024,4142101.433,"Silva","NEON_D07_MLBS_DP1_537000_4142000_classified_point_cloud.laz","2018_MLBS_3_537000_4142000_image.tif","Tree",1,537000,537999.999,4142000,4142999.999
"12531",12531,537829.622,537837.49,4142091.016,4142098.3,"Silva","NEON_D07_MLBS_DP1_537000_4142000_classified_point_cloud.laz","2018_MLBS_3_537000_4142000_image.tif","Tree",1,537000,537999.999,4142000,4142999.999
"12532",12532,537858.038,537868.479,4142084.625,4142095.437,"Silva","NEON_D07_MLBS_DP1_537000_4142000_classified_point_cloud.laz","2018_MLBS_3_537000_4142000_image.tif","Tree",1,537000,537999.999,4142000,4142999.999
"12533",12533,537799.508,537807.49,4142182.028,4142187.493,"Silva","NEON_D07_MLBS_DP1_537000_4142000_classified_point_cloud.laz","2018_MLBS_3_537000_4142000_image.tif","Tree",1,537000,537999.999,4142000,4142999.999
"12534",12534,537806.53,537816.458,4142174.525,4142184.984,"Silva","NEON_D07_MLBS_DP1_537000_4142000_classified_point_cloud.laz","2018_MLBS_3_537000_4142000_image.tif","Tree",1,537000,537999.999,4142000,4142999.999
"12535",12535,537812.6,537818.488,4142165.041,4142172.869,"Silva","NEON_D07_MLBS_DP1_537000_4142000_classified_point_cloud.laz","2018_MLBS_3_537000_4142000_image.tif","Tree",1,537000,537999.999,4142000,4142999.999
"12536",12536,537798.658,537802.694,4142172.508,4142174.496,"Silva","NEON_D07_MLBS_DP1_537000_4142000_classified_point_cloud.laz","2018_MLBS_3_537000_4142000_image.tif","Tree",1,537000,537999.999,4142000,4142999.999
"12537",12537,537806.059,537814.961,4142162.024,4142169.486,"Silva","NEON_D07_MLBS_DP1_537000_4142000_classified_point_cloud.laz","2018_MLBS_3_537000_4142000_image.tif","Tree",1,537000,537999.999,4142000,4142999.999
"12538",12538,537801.114,537812.998,4142189.505,4142202.996,"Silva","NEON_D07_MLBS_DP1_537000_4142000_classified_point_cloud.laz","2018_MLBS_3_537000_4142000_image.tif","Tree",1,537000,537999.999,4142000,4142999.999
"12539",12539,537798,537802.998,4142186.516,4142194.449,"Silva","NEON_D07_MLBS_DP1_537000_4142000_classified_point_cloud.laz","2018_MLBS_3_537000_4142000_image.tif","Tree",1,537000,537999.999,4142000,4142999.999
"12540",12540,537818.503,537829.499,4142152.01,4142163.487,"Silva","NEON_D07_MLBS_DP1_537000_4142000_classified_point_cloud.laz","2018_MLBS_3_537000_4142000_image.tif","Tree",1,537000,537999.999,4142000,4142999.999
"12541",12541,537815.021,537824.432,4142157.037,4142165.414,"Silva","NEON_D07_MLBS_DP1_537000_4142000_classified_point_cloud.laz","2018_MLBS_3_537000_4142000_image.tif","Tree",1,537000,537999.999,4142000,4142999.999
"12542",12542,537826.177,537834.46,4142152.002,4142162.999,"Silva","NEON_D07_MLBS_DP1_537000_4142000_classified_point_cloud.laz","2018_MLBS_3_537000_4142000_image.tif","Tree",1,537000,537999.999,4142000,4142999.999
"12543",12543,537817.527,537825.495,4142164.534,4142169.499,"Silva","NEON_D07_MLBS_DP1_537000_4142000_classified_point_cloud.laz","2018_MLBS_3_537000_4142000_image.tif","Tree",1,537000,537999.999,4142000,4142999.999
"12544",12544,537841.51,537850.425,4142179.511,4142187.953,"Silva","NEON_D07_MLBS_DP1_537000_4142000_classified_point_cloud.laz","2018_MLBS_3_537000_4142000_image.tif","Tree",1,537000,537999.999,4142000,4142999.999
"12545",12545,537845.534,537852.499,4142171.002,4142178.987,"Silva","NEON_D07_MLBS_DP1_537000_4142000_classified_point_cloud.laz","2018_MLBS_3_537000_4142000_image.tif","Tree",1,537000,537999.999,4142000,4142999.999
"12546",12546,537846.503,537853.979,4142161.15,4142170.983,"Silva","NEON_D07_MLBS_DP1_537000_4142000_classified_point_cloud.laz","2018_MLBS_3_537000_4142000_image.tif","Tree",1,537000,537999.999,4142000,4142999.999
"12547",12547,537839.007,537847.459,4142162.019,4142171.991,"Silva","NEON_D07_MLBS_DP1_537000_4142000_classified_point_cloud.laz","2018_MLBS_3_537000_4142000_image.tif","Tree",1,537000,537999.999,4142000,4142999.999
"12548",12548,537816.575,537824.497,4142169.004,4142176.489,"Silva","NEON_D07_MLBS_DP1_537000_4142000_classified_point_cloud.laz","2018_MLBS_3_537000_4142000_image.tif","Tree",1,537000,537999.999,4142000,4142999.999
"12549",12549,537854.115,537861.477,4142152.528,4142160.277,"Silva","NEON_D07_MLBS_DP1_537000_4142000_classified_point_cloud.laz","2018_MLBS_3_537000_4142000_image.tif","Tree",1,537000,537999.999,4142000,4142999.999
"12550",12550,537864.229,537874.953,4142182.529,4142190.898,"Silva","NEON_D07_MLBS_DP1_537000_4142000_classified_point_cloud.laz","2018_MLBS_3_537000_4142000_image.tif","Tree",1,537000,537999.999,4142000,4142999.999
"12551",12551,537874.029,537883.988,4142180.524,4142188.988,"Silva","NEON_D07_MLBS_DP1_537000_4142000_classified_point_cloud.laz","2018_MLBS_3_537000_4142000_image.tif","Tree",1,537000,537999.999,4142000,4142999.999
"12552",12552,537857.594,537866.971,4142180.511,4142189.998,"Silva","NEON_D07_MLBS_DP1_537000_4142000_classified_point_cloud.laz","2018_MLBS_3_537000_4142000_image.tif","Tree",1,537000,537999.999,4142000,4142999.999
"12553",12553,537877.524,537882.457,4142178.041,4142181.493,"Silva","NEON_D07_MLBS_DP1_537000_4142000_classified_point_cloud.laz","2018_MLBS_3_537000_4142000_image.tif","Tree",1,537000,537999.999,4142000,4142999.999
"12554",12554,537865.534,537873.983,4142175.006,4142184.493,"Silva","NEON_D07_MLBS_DP1_537000_4142000_classified_point_cloud.laz","2018_MLBS_3_537000_4142000_image.tif","Tree",1,537000,537999.999,4142000,4142999.999
"12555",12555,537874.01,537877.479,4142176.1,4142183.999,"Silva","NEON_D07_MLBS_DP1_537000_4142000_classified_point_cloud.laz","2018_MLBS_3_537000_4142000_image.tif","Tree",1,537000,537999.999,4142000,4142999.999
"12556",12556,537855.009,537861.991,4142175.504,4142186,"Silva","NEON_D07_MLBS_DP1_537000_4142000_classified_point_cloud.laz","2018_MLBS_3_537000_4142000_image.tif","Tree",1,537000,537999.999,4142000,4142999.999
"12557",12557,537847.019,537855.48,4142177.52,4142183.997,"Silva","NEON_D07_MLBS_DP1_537000_4142000_classified_point_cloud.laz","2018_MLBS_3_537000_4142000_image.tif","Tree",1,537000,537999.999,4142000,4142999.999
"12558",12558,537850,537857.923,4142170.557,4142178.495,"Silva","NEON_D07_MLBS_DP1_537000_4142000_classified_point_cloud.laz","2018_MLBS_3_537000_4142000_image.tif","Tree",1,537000,537999.999,4142000,4142999.999
"12559",12559,537857.51,537867.997,4142169.019,4142176.997,"Silva","NEON_D07_MLBS_DP1_537000_4142000_classified_point_cloud.laz","2018_MLBS_3_537000_4142000_image.tif","Tree",1,537000,537999.999,4142000,4142999.999
"12560",12560,537873.521,537878.959,4142166.525,4142172.468,"Silva","NEON_D07_MLBS_DP1_537000_4142000_classified_point_cloud.laz","2018_MLBS_3_537000_4142000_image.tif","Tree",1,537000,537999.999,4142000,4142999.999
"12561",12561,537867.503,537873.493,4142167.003,4142175.441,"Silva","NEON_D07_MLBS_DP1_537000_4142000_classified_point_cloud.laz","2018_MLBS_3_537000_4142000_image.tif","Tree",1,537000,537999.999,4142000,4142999.999
"12562",12562,537874.504,537875.995,4142163.124,4142164.411,"Silva","NEON_D07_MLBS_DP1_537000_4142000_classified_point_cloud.laz","2018_MLBS_3_537000_4142000_image.tif","Tree",1,537000,537999.999,4142000,4142999.999
"12563",12563,537866,537874.961,4142160.51,4142166.993,"Silva","NEON_D07_MLBS_DP1_537000_4142000_classified_point_cloud.laz","2018_MLBS_3_537000_4142000_image.tif","Tree",1,537000,537999.999,4142000,4142999.999
"12564",12564,537847.502,537855.807,4142159.039,4142162.96,"Silva","NEON_D07_MLBS_DP1_537000_4142000_classified_point_cloud.laz","2018_MLBS_3_537000_4142000_image.tif","Tree",1,537000,537999.999,4142000,4142999.999
"12565",12565,537839.245,537846.497,4142214.523,4142224.492,"Silva","NEON_D07_MLBS_DP1_537000_4142000_classified_point_cloud.laz","2018_MLBS_3_537000_4142000_image.tif","Tree",1,537000,537999.999,4142000,4142999.999
"12566",12566,537841.58,537855.9,4142198.015,4142210.482,"Silva","NEON_D07_MLBS_DP1_537000_4142000_classified_point_cloud.laz","2018_MLBS_3_537000_4142000_image.tif","Tree",1,537000,537999.999,4142000,4142999.999
"12567",12567,537834.02,537842.498,4142196.554,4142205.972,"Silva","NEON_D07_MLBS_DP1_537000_4142000_classified_point_cloud.laz","2018_MLBS_3_537000_4142000_image.tif","Tree",1,537000,537999.999,4142000,4142999.999
"12568",12568,537836.5,537843.984,4142191.137,4142197.984,"Silva","NEON_D07_MLBS_DP1_537000_4142000_classified_point_cloud.laz","2018_MLBS_3_537000_4142000_image.tif","Tree",1,537000,537999.999,4142000,4142999.999
"12569",12569,537814.577,537824.95,4142194.039,4142202.997,"Silva","NEON_D07_MLBS_DP1_537000_4142000_classified_point_cloud.laz","2018_MLBS_3_537000_4142000_image.tif","Tree",1,537000,537999.999,4142000,4142999.999
"12570",12570,537821.043,537828.491,4142190.013,4142201.977,"Silva","NEON_D07_MLBS_DP1_537000_4142000_classified_point_cloud.laz","2018_MLBS_3_537000_4142000_image.tif","Tree",1,537000,537999.999,4142000,4142999.999
"12571",12571,537844.011,537854.992,4142187.001,4142197.477,"Silva","NEON_D07_MLBS_DP1_537000_4142000_classified_point_cloud.laz","2018_MLBS_3_537000_4142000_image.tif","Tree",1,537000,537999.999,4142000,4142999.999
"12572",12572,537839.024,537845.891,4142184.691,4142192.466,"Silva","NEON_D07_MLBS_DP1_537000_4142000_classified_point_cloud.laz","2018_MLBS_3_537000_4142000_image.tif","Tree",1,537000,537999.999,4142000,4142999.999
"12573",12573,537812.503,537826.987,4142181.512,4142192.976,"Silva","NEON_D07_MLBS_DP1_537000_4142000_classified_point_cloud.laz","2018_MLBS_3_537000_4142000_image.tif","Tree",1,537000,537999.999,4142000,4142999.999
"12574",12574,537860.113,537863.395,4142207.094,4142211.905,"Silva","NEON_D07_MLBS_DP1_537000_4142000_classified_point_cloud.laz","2018_MLBS_3_537000_4142000_image.tif","Tree",1,537000,537999.999,4142000,4142999.999
"12575",12575,537863.053,537868.744,4142205.225,4142211.999,"Silva","NEON_D07_MLBS_DP1_537000_4142000_classified_point_cloud.laz","2018_MLBS_3_537000_4142000_image.tif","Tree",1,537000,537999.999,4142000,4142999.999
"12576",12576,537850.245,537854.48,4142214.152,4142218.765,"Silva","NEON_D07_MLBS_DP1_537000_4142000_classified_point_cloud.laz","2018_MLBS_3_537000_4142000_image.tif","Tree",1,537000,537999.999,4142000,4142999.999
"12577",12577,537862.015,537864.493,4142214.044,4142215.95,"Silva","NEON_D07_MLBS_DP1_537000_4142000_classified_point_cloud.laz","2018_MLBS_3_537000_4142000_image.tif","Tree",1,537000,537999.999,4142000,4142999.999
"12578",12578,537879.538,537882.471,4142218.015,4142221.303,"Silva","NEON_D07_MLBS_DP1_537000_4142000_classified_point_cloud.laz","2018_MLBS_3_537000_4142000_image.tif","Tree",1,537000,537999.999,4142000,4142999.999
"12579",12579,537865.547,537876.982,4142195.002,4142203.995,"Silva","NEON_D07_MLBS_DP1_537000_4142000_classified_point_cloud.laz","2018_MLBS_3_537000_4142000_image.tif","Tree",1,537000,537999.999,4142000,4142999.999
"12580",12580,537875.05,537887.491,4142188.522,4142203.482,"Silva","NEON_D07_MLBS_DP1_537000_4142000_classified_point_cloud.laz","2018_MLBS_3_537000_4142000_image.tif","Tree",1,537000,537999.999,4142000,4142999.999
"12581",12581,537865.14,537876.43,4142188.002,4142196.316,"Silva","NEON_D07_MLBS_DP1_537000_4142000_classified_point_cloud.laz","2018_MLBS_3_537000_4142000_image.tif","Tree",1,537000,537999.999,4142000,4142999.999
"12582",12582,537809.011,537811.962,4142256.743,4142259.613,"Silva","NEON_D07_MLBS_DP1_537000_4142000_classified_point_cloud.laz","2018_MLBS_3_537000_4142000_image.tif","Tree",1,537000,537999.999,4142000,4142999.999
"12583",12583,537795.011,537803.905,4142256.536,4142265.871,"Silva","NEON_D07_MLBS_DP1_537000_4142000_classified_point_cloud.laz","2018_MLBS_3_537000_4142000_image.tif","Tree",1,537000,537999.999,4142000,4142999.999
"12584",12584,537800.191,537807.334,4142243.53,4142252.277,"Silva","NEON_D07_MLBS_DP1_537000_4142000_classified_point_cloud.laz","2018_MLBS_3_537000_4142000_image.tif","Tree",1,537000,537999.999,4142000,4142999.999
"12585",12585,537810.647,537817.455,4142240.011,4142247.456,"Silva","NEON_D07_MLBS_DP1_537000_4142000_classified_point_cloud.laz","2018_MLBS_3_537000_4142000_image.tif","Tree",1,537000,537999.999,4142000,4142999.999
"12586",12586,537800.001,537813.481,4142226.462,4142239.906,"Silva","NEON_D07_MLBS_DP1_537000_4142000_classified_point_cloud.laz","2018_MLBS_3_537000_4142000_image.tif","Tree",1,537000,537999.999,4142000,4142999.999
"12587",12587,537845.018,537855.493,4142277.661,4142284.952,"Silva","NEON_D07_MLBS_DP1_537000_4142000_classified_point_cloud.laz","2018_MLBS_3_537000_4142000_image.tif","Tree",1,537000,537999.999,4142000,4142999.999
"12588",12588,537846.018,537848.479,4142266.54,4142271.997,"Silva","NEON_D07_MLBS_DP1_537000_4142000_classified_point_cloud.laz","2018_MLBS_3_537000_4142000_image.tif","Tree",1,537000,537999.999,4142000,4142999.999
"12589",12589,537863.078,537872.478,4142260.51,4142268.397,"Silva","NEON_D07_MLBS_DP1_537000_4142000_classified_point_cloud.laz","2018_MLBS_3_537000_4142000_image.tif","Tree",1,537000,537999.999,4142000,4142999.999
"12590",12590,537861.109,537864.392,4142257.043,4142263.566,"Silva","NEON_D07_MLBS_DP1_537000_4142000_classified_point_cloud.laz","2018_MLBS_3_537000_4142000_image.tif","Tree",1,537000,537999.999,4142000,4142999.999
"12591",12591,537864.698,537870.967,4142257.247,4142261.476,"Silva","NEON_D07_MLBS_DP1_537000_4142000_classified_point_cloud.laz","2018_MLBS_3_537000_4142000_image.tif","Tree",1,537000,537999.999,4142000,4142999.999
"12592",12592,537875.508,537878.462,4142250.047,4142252.558,"Silva","NEON_D07_MLBS_DP1_537000_4142000_classified_point_cloud.laz","2018_MLBS_3_537000_4142000_image.tif","Tree",1,537000,537999.999,4142000,4142999.999
"12593",12593,537834.57,537837.872,4142254.528,4142257.5,"Silva","NEON_D07_MLBS_DP1_537000_4142000_classified_point_cloud.laz","2018_MLBS_3_537000_4142000_image.tif","Tree",1,537000,537999.999,4142000,4142999.999
"12594",12594,537844.656,537847.371,4142258.007,4142261.666,"Silva","NEON_D07_MLBS_DP1_537000_4142000_classified_point_cloud.laz","2018_MLBS_3_537000_4142000_image.tif","Tree",1,537000,537999.999,4142000,4142999.999
"12595",12595,537832.002,537835.296,4142252.501,4142255.877,"Silva","NEON_D07_MLBS_DP1_537000_4142000_classified_point_cloud.laz","2018_MLBS_3_537000_4142000_image.tif","Tree",1,537000,537999.999,4142000,4142999.999
"12596",12596,537834.013,537836.483,4142250.01,4142253.413,"Silva","NEON_D07_MLBS_DP1_537000_4142000_classified_point_cloud.laz","2018_MLBS_3_537000_4142000_image.tif","Tree",1,537000,537999.999,4142000,4142999.999
"12597",12597,537829.073,537831.971,4142249.516,4142251.484,"Silva","NEON_D07_MLBS_DP1_537000_4142000_classified_point_cloud.laz","2018_MLBS_3_537000_4142000_image.tif","Tree",1,537000,537999.999,4142000,4142999.999
"12598",12598,537861.167,537868.926,4142239.072,4142250.949,"Silva","NEON_D07_MLBS_DP1_537000_4142000_classified_point_cloud.laz","2018_MLBS_3_537000_4142000_image.tif","Tree",1,537000,537999.999,4142000,4142999.999
"12599",12599,537873.522,537876.423,4142239.522,4142241.995,"Silva","NEON_D07_MLBS_DP1_537000_4142000_classified_point_cloud.laz","2018_MLBS_3_537000_4142000_image.tif","Tree",1,537000,537999.999,4142000,4142999.999
"12600",12600,537842.559,537845.98,4142242.01,4142245.5,"Silva","NEON_D07_MLBS_DP1_537000_4142000_classified_point_cloud.laz","2018_MLBS_3_537000_4142000_image.tif","Tree",1,537000,537999.999,4142000,4142999.999
"12601",12601,537836.52,537840.962,4142241.509,4142244.984,"Silva","NEON_D07_MLBS_DP1_537000_4142000_classified_point_cloud.laz","2018_MLBS_3_537000_4142000_image.tif","Tree",1,537000,537999.999,4142000,4142999.999
"12602",12602,537822.08,537829.976,4142234.506,4142237.496,"Silva","NEON_D07_MLBS_DP1_537000_4142000_classified_point_cloud.laz","2018_MLBS_3_537000_4142000_image.tif","Tree",1,537000,537999.999,4142000,4142999.999
"12603",12603,537830.015,537835.983,4142232.603,4142241.459,"Silva","NEON_D07_MLBS_DP1_537000_4142000_classified_point_cloud.laz","2018_MLBS_3_537000_4142000_image.tif","Tree",1,537000,537999.999,4142000,4142999.999
"12604",12604,537861.698,537867.569,4142232.107,4142238.975,"Silva","NEON_D07_MLBS_DP1_537000_4142000_classified_point_cloud.laz","2018_MLBS_3_537000_4142000_image.tif","Tree",1,537000,537999.999,4142000,4142999.999
"12605",12605,537883.077,537885.994,4142230.586,4142232.564,"Silva","NEON_D07_MLBS_DP1_537000_4142000_classified_point_cloud.laz","2018_MLBS_3_537000_4142000_image.tif","Tree",1,537000,537999.999,4142000,4142999.999
"12606",12606,537853.698,537858.496,4142223.505,4142230.487,"Silva","NEON_D07_MLBS_DP1_537000_4142000_classified_point_cloud.laz","2018_MLBS_3_537000_4142000_image.tif","Tree",1,537000,537999.999,4142000,4142999.999
"12607",12607,537868.188,537871.992,4142224.564,4142229.957,"Silva","NEON_D07_MLBS_DP1_537000_4142000_classified_point_cloud.laz","2018_MLBS_3_537000_4142000_image.tif","Tree",1,537000,537999.999,4142000,4142999.999
"12608",12608,537830.511,537836.985,4142221.023,4142232.483,"Silva","NEON_D07_MLBS_DP1_537000_4142000_classified_point_cloud.laz","2018_MLBS_3_537000_4142000_image.tif","Tree",1,537000,537999.999,4142000,4142999.999
"12609",12609,537817.513,537825.999,4142222.045,4142231.899,"Silva","NEON_D07_MLBS_DP1_537000_4142000_classified_point_cloud.laz","2018_MLBS_3_537000_4142000_image.tif","Tree",1,537000,537999.999,4142000,4142999.999
"12610",12610,537823.027,537825.458,4142297.08,4142298.994,"Silva","NEON_D07_MLBS_DP1_537000_4142000_classified_point_cloud.laz","2018_MLBS_3_537000_4142000_image.tif","Tree",1,537000,537999.999,4142000,4142999.999
"12611",12611,537834.112,537839.37,4142300.101,4142304.967,"Silva","NEON_D07_MLBS_DP1_537000_4142000_classified_point_cloud.laz","2018_MLBS_3_537000_4142000_image.tif","Tree",1,537000,537999.999,4142000,4142999.999
"12612",12612,537868.739,537875.308,4142295.652,4142301.411,"Silva","NEON_D07_MLBS_DP1_537000_4142000_classified_point_cloud.laz","2018_MLBS_3_537000_4142000_image.tif","Tree",1,537000,537999.999,4142000,4142999.999
"12613",12613,537850.584,537857.998,4142302.554,4142310.994,"Silva","NEON_D07_MLBS_DP1_537000_4142000_classified_point_cloud.laz","2018_MLBS_3_537000_4142000_image.tif","Tree",1,537000,537999.999,4142000,4142999.999
"12614",12614,537868.056,537870.991,4142303.745,4142305.987,"Silva","NEON_D07_MLBS_DP1_537000_4142000_classified_point_cloud.laz","2018_MLBS_3_537000_4142000_image.tif","Tree",1,537000,537999.999,4142000,4142999.999
"12615",12615,537875.221,537881.233,4142299.001,4142306.479,"Silva","NEON_D07_MLBS_DP1_537000_4142000_classified_point_cloud.laz","2018_MLBS_3_537000_4142000_image.tif","Tree",1,537000,537999.999,4142000,4142999.999
"12616",12616,537828.66,537830.568,4142320.715,4142321.991,"Silva","NEON_D07_MLBS_DP1_537000_4142000_classified_point_cloud.laz","2018_MLBS_3_537000_4142000_image.tif","Tree",1,537000,537999.999,4142000,4142999.999
"12617",12617,537863.214,537866.792,4142319.012,4142320.74,"Silva","NEON_D07_MLBS_DP1_537000_4142000_classified_point_cloud.laz","2018_MLBS_3_537000_4142000_image.tif","Tree",1,537000,537999.999,4142000,4142999.999
"12618",12618,537878.554,537883.331,4142316.588,4142321.477,"Silva","NEON_D07_MLBS_DP1_537000_4142000_classified_point_cloud.laz","2018_MLBS_3_537000_4142000_image.tif","Tree",1,537000,537999.999,4142000,4142999.999
"12619",12619,537874.546,537879.972,4142356.513,4142362.877,"Silva","NEON_D07_MLBS_DP1_537000_4142000_classified_point_cloud.laz","2018_MLBS_3_537000_4142000_image.tif","Tree",1,537000,537999.999,4142000,4142999.999
"12620",12620,537853.013,537861.826,4142359.119,4142367.488,"Silva","NEON_D07_MLBS_DP1_537000_4142000_classified_point_cloud.laz","2018_MLBS_3_537000_4142000_image.tif","Tree",1,537000,537999.999,4142000,4142999.999
"12621",12621,537786.104,537796.986,4142376.032,4142384.995,"Silva","NEON_D07_MLBS_DP1_537000_4142000_classified_point_cloud.laz","2018_MLBS_3_537000_4142000_image.tif","Tree",1,537000,537999.999,4142000,4142999.999
"12622",12622,537847.029,537857.96,4142372.093,4142380.434,"Silva","NEON_D07_MLBS_DP1_537000_4142000_classified_point_cloud.laz","2018_MLBS_3_537000_4142000_image.tif","Tree",1,537000,537999.999,4142000,4142999.999
"12623",12623,537792.029,537804.497,4142380.516,4142391.998,"Silva","NEON_D07_MLBS_DP1_537000_4142000_classified_point_cloud.laz","2018_MLBS_3_537000_4142000_image.tif","Tree",1,537000,537999.999,4142000,4142999.999
"12624",12624,537865.311,537869.383,4142347.738,4142350.739,"Silva","NEON_D07_MLBS_DP1_537000_4142000_classified_point_cloud.laz","2018_MLBS_3_537000_4142000_image.tif","Tree",1,537000,537999.999,4142000,4142999.999
"12625",12625,537855.162,537855.927,4142347.564,4142348.474,"Silva","NEON_D07_MLBS_DP1_537000_4142000_classified_point_cloud.laz","2018_MLBS_3_537000_4142000_image.tif","Tree",1,537000,537999.999,4142000,4142999.999
"12626",12626,537876.947,537883.787,4142335.73,4142344.667,"Silva","NEON_D07_MLBS_DP1_537000_4142000_classified_point_cloud.laz","2018_MLBS_3_537000_4142000_image.tif","Tree",1,537000,537999.999,4142000,4142999.999
"12627",12627,537847.076,537851.473,4142319.138,4142325.939,"Silva","NEON_D07_MLBS_DP1_537000_4142000_classified_point_cloud.laz","2018_MLBS_3_537000_4142000_image.tif","Tree",1,537000,537999.999,4142000,4142999.999
"12628",12628,537839.004,537847.318,4142153.511,4142162.489,"Silva","NEON_D07_MLBS_DP1_537000_4142000_classified_point_cloud.laz","2018_MLBS_3_537000_4142000_image.tif","Tree",1,537000,537999.999,4142000,4142999.999
"12629",12629,537831.229,537841.967,4142151.016,4142158.381,"Silva","NEON_D07_MLBS_DP1_537000_4142000_classified_point_cloud.laz","2018_MLBS_3_537000_4142000_image.tif","Tree",1,537000,537999.999,4142000,4142999.999
"12630",12630,537833.005,537839.429,4142155.502,4142163.459,"Silva","NEON_D07_MLBS_DP1_537000_4142000_classified_point_cloud.laz","2018_MLBS_3_537000_4142000_image.tif","Tree",1,537000,537999.999,4142000,4142999.999
"12631",12631,537824.044,537834.995,4142178.002,4142190.492,"Silva","NEON_D07_MLBS_DP1_537000_4142000_classified_point_cloud.laz","2018_MLBS_3_537000_4142000_image.tif","Tree",1,537000,537999.999,4142000,4142999.999
"12632",12632,537835.025,537841.964,4142181.051,4142189.461,"Silva","NEON_D07_MLBS_DP1_537000_4142000_classified_point_cloud.laz","2018_MLBS_3_537000_4142000_image.tif","Tree",1,537000,537999.999,4142000,4142999.999
"12633",12633,537830.596,537839.978,4142188.019,4142194.998,"Silva","NEON_D07_MLBS_DP1_537000_4142000_classified_point_cloud.laz","2018_MLBS_3_537000_4142000_image.tif","Tree",1,537000,537999.999,4142000,4142999.999
"12634",12634,537828.5,537836.492,4142190.503,4142199.954,"Silva","NEON_D07_MLBS_DP1_537000_4142000_classified_point_cloud.laz","2018_MLBS_3_537000_4142000_image.tif","Tree",1,537000,537999.999,4142000,4142999.999
"12635",12635,537799.507,537814.491,4142203.045,4142217.886,"Silva","NEON_D07_MLBS_DP1_537000_4142000_classified_point_cloud.laz","2018_MLBS_3_537000_4142000_image.tif","Tree",1,537000,537999.999,4142000,4142999.999
"12636",12636,537823.3,537831.907,4142213.003,4142219.98,"Silva","NEON_D07_MLBS_DP1_537000_4142000_classified_point_cloud.laz","2018_MLBS_3_537000_4142000_image.tif","Tree",1,537000,537999.999,4142000,4142999.999
"12637",12637,537803.002,537817.909,4142223.011,4142235.474,"Silva","NEON_D07_MLBS_DP1_537000_4142000_classified_point_cloud.laz","2018_MLBS_3_537000_4142000_image.tif","Tree",1,537000,537999.999,4142000,4142999.999
"12638",12638,537789,537799.995,4142230.013,4142238.976,"Silva","NEON_D07_MLBS_DP1_537000_4142000_classified_point_cloud.laz","2018_MLBS_3_537000_4142000_image.tif","Tree",1,537000,537999.999,4142000,4142999.999
"12639",12639,537791.518,537798.274,4142243.059,4142250.121,"Silva","NEON_D07_MLBS_DP1_537000_4142000_classified_point_cloud.laz","2018_MLBS_3_537000_4142000_image.tif","Tree",1,537000,537999.999,4142000,4142999.999
"12640",12640,537794.005,537802.484,4142252.621,4142256.98,"Silva","NEON_D07_MLBS_DP1_537000_4142000_classified_point_cloud.laz","2018_MLBS_3_537000_4142000_image.tif","Tree",1,537000,537999.999,4142000,4142999.999
"12641",12641,537833.732,537848.318,4142260.503,4142271.45,"Silva","NEON_D07_MLBS_DP1_537000_4142000_classified_point_cloud.laz","2018_MLBS_3_537000_4142000_image.tif","Tree",1,537000,537999.999,4142000,4142999.999
"12642",12642,537819.03,537831.426,4142263.566,4142271.912,"Silva","NEON_D07_MLBS_DP1_537000_4142000_classified_point_cloud.laz","2018_MLBS_3_537000_4142000_image.tif","Tree",1,537000,537999.999,4142000,4142999.999
"12643",12643,537817.187,537829.984,4142266.55,4142276.407,"Silva","NEON_D07_MLBS_DP1_537000_4142000_classified_point_cloud.laz","2018_MLBS_3_537000_4142000_image.tif","Tree",1,537000,537999.999,4142000,4142999.999
"12644",12644,537829.568,537841.441,4142268.637,4142279.49,"Silva","NEON_D07_MLBS_DP1_537000_4142000_classified_point_cloud.laz","2018_MLBS_3_537000_4142000_image.tif","Tree",1,537000,537999.999,4142000,4142999.999
"12645",12645,537810.047,537820.456,4142273.548,4142282.998,"Silva","NEON_D07_MLBS_DP1_537000_4142000_classified_point_cloud.laz","2018_MLBS_3_537000_4142000_image.tif","Tree",1,537000,537999.999,4142000,4142999.999
"12646",12646,537797.022,537807.632,4142281.158,4142289.71,"Silva","NEON_D07_MLBS_DP1_537000_4142000_classified_point_cloud.laz","2018_MLBS_3_537000_4142000_image.tif","Tree",1,537000,537999.999,4142000,4142999.999
"12647",12647,537795.532,537801.495,4142365.689,4142372.969,"Silva","NEON_D07_MLBS_DP1_537000_4142000_classified_point_cloud.laz","2018_MLBS_3_537000_4142000_image.tif","Tree",1,537000,537999.999,4142000,4142999.999
"12648",12648,537789.608,537796.99,4142369.032,4142375.757,"Silva","NEON_D07_MLBS_DP1_537000_4142000_classified_point_cloud.laz","2018_MLBS_3_537000_4142000_image.tif","Tree",1,537000,537999.999,4142000,4142999.999
"12649",12649,537801.002,537811.467,4142367.093,4142377.993,"Silva","NEON_D07_MLBS_DP1_537000_4142000_classified_point_cloud.laz","2018_MLBS_3_537000_4142000_image.tif","Tree",1,537000,537999.999,4142000,4142999.999
"12650",12650,537793.048,537804.985,4142373.03,4142381.5,"Silva","NEON_D07_MLBS_DP1_537000_4142000_classified_point_cloud.laz","2018_MLBS_3_537000_4142000_image.tif","Tree",1,537000,537999.999,4142000,4142999.999
"12651",12651,537843.013,537854.887,4142379.042,4142385.477,"Silva","NEON_D07_MLBS_DP1_537000_4142000_classified_point_cloud.laz","2018_MLBS_3_537000_4142000_image.tif","Tree",1,537000,537999.999,4142000,4142999.999
"12652",12652,537855.737,537866.268,4142376.619,4142386.414,"Silva","NEON_D07_MLBS_DP1_537000_4142000_classified_point_cloud.laz","2018_MLBS_3_537000_4142000_image.tif","Tree",1,537000,537999.999,4142000,4142999.999
"12653",12653,537863.036,537869.493,4142375.564,4142388.375,"Silva","NEON_D07_MLBS_DP1_537000_4142000_classified_point_cloud.laz","2018_MLBS_3_537000_4142000_image.tif","Tree",1,537000,537999.999,4142000,4142999.999
"12654",12654,537844.512,537854.938,4142384.01,4142391.479,"Silva","NEON_D07_MLBS_DP1_537000_4142000_classified_point_cloud.laz","2018_MLBS_3_537000_4142000_image.tif","Tree",1,537000,537999.999,4142000,4142999.999
"12655",12655,537874.528,537883.492,4142379.506,4142388.938,"Silva","NEON_D07_MLBS_DP1_537000_4142000_classified_point_cloud.laz","2018_MLBS_3_537000_4142000_image.tif","Tree",1,537000,537999.999,4142000,4142999.999
"12656",12656,537807.52,537818.99,4142389.601,4142401.462,"Silva","NEON_D07_MLBS_DP1_537000_4142000_classified_point_cloud.laz","2018_MLBS_3_537000_4142000_image.tif","Tree",1,537000,537999.999,4142000,4142999.999
"12657",12657,537822.502,537834.981,4142389.005,4142399.979,"Silva","NEON_D07_MLBS_DP1_537000_4142000_classified_point_cloud.laz","2018_MLBS_3_537000_4142000_image.tif","Tree",1,537000,537999.999,4142000,4142999.999
"12658",12658,537792.5,537802.998,4142391.511,4142402.303,"Silva","NEON_D07_MLBS_DP1_537000_4142000_classified_point_cloud.laz","2018_MLBS_3_537000_4142000_image.tif","Tree",1,537000,537999.999,4142000,4142999.999
"12659",12659,537864.652,537872.179,4142384.03,4142391.893,"Silva","NEON_D07_MLBS_DP1_537000_4142000_classified_point_cloud.laz","2018_MLBS_3_537000_4142000_image.tif","Tree",1,537000,537999.999,4142000,4142999.999
"12660",12660,537842.012,537853.479,4142390.003,4142396.908,"Silva","NEON_D07_MLBS_DP1_537000_4142000_classified_point_cloud.laz","2018_MLBS_3_537000_4142000_image.tif","Tree",1,537000,537999.999,4142000,4142999.999
"12661",12661,537837.583,537847.902,4142392.511,4142406.979,"Silva","NEON_D07_MLBS_DP1_537000_4142000_classified_point_cloud.laz","2018_MLBS_3_537000_4142000_image.tif","Tree",1,537000,537999.999,4142000,4142999.999
"12662",12662,537869.061,537879.864,4142391.503,4142399.474,"Silva","NEON_D07_MLBS_DP1_537000_4142000_classified_point_cloud.laz","2018_MLBS_3_537000_4142000_image.tif","Tree",1,537000,537999.999,4142000,4142999.999
"12663",12663,537793.522,537801.99,4142402.007,4142410.708,"Silva","NEON_D07_MLBS_DP1_537000_4142000_classified_point_cloud.laz","2018_MLBS_3_537000_4142000_image.tif","Tree",1,537000,537999.999,4142000,4142999.999
"12664",12664,537829.52,537841.393,4142392.054,4142407.969,"Silva","NEON_D07_MLBS_DP1_537000_4142000_classified_point_cloud.laz","2018_MLBS_3_537000_4142000_image.tif","Tree",1,537000,537999.999,4142000,4142999.999
"12665",12665,537849.571,537859.98,4142393.673,4142405.854,"Silva","NEON_D07_MLBS_DP1_537000_4142000_classified_point_cloud.laz","2018_MLBS_3_537000_4142000_image.tif","Tree",1,537000,537999.999,4142000,4142999.999
"12666",12666,537859.529,537868.97,4142397.014,4142403.963,"Silva","NEON_D07_MLBS_DP1_537000_4142000_classified_point_cloud.laz","2018_MLBS_3_537000_4142000_image.tif","Tree",1,537000,537999.999,4142000,4142999.999
"12667",12667,537874.502,537882.47,4142396.103,4142406.977,"Silva","NEON_D07_MLBS_DP1_537000_4142000_classified_point_cloud.laz","2018_MLBS_3_537000_4142000_image.tif","Tree",1,537000,537999.999,4142000,4142999.999
"12668",12668,537858.14,537866.378,4142401.527,4142408.368,"Silva","NEON_D07_MLBS_DP1_537000_4142000_classified_point_cloud.laz","2018_MLBS_3_537000_4142000_image.tif","Tree",1,537000,537999.999,4142000,4142999.999
"12669",12669,537872.531,537879.957,4142401.012,4142408.982,"Silva","NEON_D07_MLBS_DP1_537000_4142000_classified_point_cloud.laz","2018_MLBS_3_537000_4142000_image.tif","Tree",1,537000,537999.999,4142000,4142999.999
"12670",12670,537871.017,537876.999,4142407.552,4142414.713,"Silva","NEON_D07_MLBS_DP1_537000_4142000_classified_point_cloud.laz","2018_MLBS_3_537000_4142000_image.tif","Tree",1,537000,537999.999,4142000,4142999.999
"12671",12671,537871.515,537878.422,4142412.542,4142417.937,"Silva","NEON_D07_MLBS_DP1_537000_4142000_classified_point_cloud.laz","2018_MLBS_3_537000_4142000_image.tif","Tree",1,537000,537999.999,4142000,4142999.999
"12672",12672,537789.005,537795.47,4142366.566,4142372.469,"Silva","NEON_D07_MLBS_DP1_537000_4142000_classified_point_cloud.laz","2018_MLBS_3_537000_4142000_image.tif","Tree",1,537000,537999.999,4142000,4142999.999
"12673",12673,537791.527,537798.477,4142364.507,4142367.996,"Silva","NEON_D07_MLBS_DP1_537000_4142000_classified_point_cloud.laz","2018_MLBS_3_537000_4142000_image.tif","Tree",1,537000,537999.999,4142000,4142999.999
"12674",12674,537809.055,537816.362,4142356.13,4142367.464,"Silva","NEON_D07_MLBS_DP1_537000_4142000_classified_point_cloud.laz","2018_MLBS_3_537000_4142000_image.tif","Tree",1,537000,537999.999,4142000,4142999.999
"12675",12675,537804.582,537814.926,4142353.015,4142360.989,"Silva","NEON_D07_MLBS_DP1_537000_4142000_classified_point_cloud.laz","2018_MLBS_3_537000_4142000_image.tif","Tree",1,537000,537999.999,4142000,4142999.999
"12676",12676,537833.014,537839.44,4142349.072,4142356.5,"Silva","NEON_D07_MLBS_DP1_537000_4142000_classified_point_cloud.laz","2018_MLBS_3_537000_4142000_image.tif","Tree",1,537000,537999.999,4142000,4142999.999
"12677",12677,537877.028,537888.326,4142330.209,4142339.419,"Silva","NEON_D07_MLBS_DP1_537000_4142000_classified_point_cloud.laz","2018_MLBS_3_537000_4142000_image.tif","Tree",1,537000,537999.999,4142000,4142999.999
"12678",12678,537816.064,537822.442,4142338.507,4142348.492,"Silva","NEON_D07_MLBS_DP1_537000_4142000_classified_point_cloud.laz","2018_MLBS_3_537000_4142000_image.tif","Tree",1,537000,537999.999,4142000,4142999.999
"12679",12679,537819.62,537826.929,4142337.521,4142347.998,"Silva","NEON_D07_MLBS_DP1_537000_4142000_classified_point_cloud.laz","2018_MLBS_3_537000_4142000_image.tif","Tree",1,537000,537999.999,4142000,4142999.999
"12680",12680,537828.582,537836.473,4142334.575,4142345.442,"Silva","NEON_D07_MLBS_DP1_537000_4142000_classified_point_cloud.laz","2018_MLBS_3_537000_4142000_image.tif","Tree",1,537000,537999.999,4142000,4142999.999
"12681",12681,537857.15,537865.179,4142331.227,4142340.334,"Silva","NEON_D07_MLBS_DP1_537000_4142000_classified_point_cloud.laz","2018_MLBS_3_537000_4142000_image.tif","Tree",1,537000,537999.999,4142000,4142999.999
"12682",12682,537796.207,537803.98,4142339.516,4142348.456,"Silva","NEON_D07_MLBS_DP1_537000_4142000_classified_point_cloud.laz","2018_MLBS_3_537000_4142000_image.tif","Tree",1,537000,537999.999,4142000,4142999.999
"12683",12683,537832.628,537839.489,4142331.126,4142342.839,"Silva","NEON_D07_MLBS_DP1_537000_4142000_classified_point_cloud.laz","2018_MLBS_3_537000_4142000_image.tif","Tree",1,537000,537999.999,4142000,4142999.999
"12684",12684,537791.115,537800.496,4142336.529,4142346.457,"Silva","NEON_D07_MLBS_DP1_537000_4142000_classified_point_cloud.laz","2018_MLBS_3_537000_4142000_image.tif","Tree",1,537000,537999.999,4142000,4142999.999
"12685",12685,537813.003,537821.92,4142326.001,4142339.98,"Silva","NEON_D07_MLBS_DP1_537000_4142000_classified_point_cloud.laz","2018_MLBS_3_537000_4142000_image.tif","Tree",1,537000,537999.999,4142000,4142999.999
"12686",12686,537799.096,537805.917,4142330.694,4142339.5,"Silva","NEON_D07_MLBS_DP1_537000_4142000_classified_point_cloud.laz","2018_MLBS_3_537000_4142000_image.tif","Tree",1,537000,537999.999,4142000,4142999.999
"12687",12687,537851.095,537861.256,4142314.077,4142323.893,"Silva","NEON_D07_MLBS_DP1_537000_4142000_classified_point_cloud.laz","2018_MLBS_3_537000_4142000_image.tif","Tree",1,537000,537999.999,4142000,4142999.999
"12688",12688,537786.434,537795.963,4142324.054,4142330.992,"Silva","NEON_D07_MLBS_DP1_537000_4142000_classified_point_cloud.laz","2018_MLBS_3_537000_4142000_image.tif","Tree",1,537000,537999.999,4142000,4142999.999
"12689",12689,537793.028,537797.462,4142320.159,4142327.455,"Silva","NEON_D07_MLBS_DP1_537000_4142000_classified_point_cloud.laz","2018_MLBS_3_537000_4142000_image.tif","Tree",1,537000,537999.999,4142000,4142999.999
"12690",12690,537795.029,537803.498,4142316.522,4142320.467,"Silva","NEON_D07_MLBS_DP1_537000_4142000_classified_point_cloud.laz","2018_MLBS_3_537000_4142000_image.tif","Tree",1,537000,537999.999,4142000,4142999.999
"12691",12691,537787.022,537795.893,4142308.051,4142317.343,"Silva","NEON_D07_MLBS_DP1_537000_4142000_classified_point_cloud.laz","2018_MLBS_3_537000_4142000_image.tif","Tree",1,537000,537999.999,4142000,4142999.999
"12692",12692,537794.031,537803.834,4142299.61,4142311.495,"Silva","NEON_D07_MLBS_DP1_537000_4142000_classified_point_cloud.laz","2018_MLBS_3_537000_4142000_image.tif","Tree",1,537000,537999.999,4142000,4142999.999
"12693",12693,537868.839,537879.984,4142288.061,4142299.495,"Silva","NEON_D07_MLBS_DP1_537000_4142000_classified_point_cloud.laz","2018_MLBS_3_537000_4142000_image.tif","Tree",1,537000,537999.999,4142000,4142999.999
"12694",12694,537796.005,537807.473,4142286.018,4142299.479,"Silva","NEON_D07_MLBS_DP1_537000_4142000_classified_point_cloud.laz","2018_MLBS_3_537000_4142000_image.tif","Tree",1,537000,537999.999,4142000,4142999.999
"12695",12695,537785.143,537795.996,4142287.51,4142295.926,"Silva","NEON_D07_MLBS_DP1_537000_4142000_classified_point_cloud.laz","2018_MLBS_3_537000_4142000_image.tif","Tree",1,537000,537999.999,4142000,4142999.999
"12696",12696,537903.301,537905.786,4142017.658,4142021.923,"Silva","NEON_D07_MLBS_DP1_537000_4142000_classified_point_cloud.laz","2018_MLBS_3_537000_4142000_image.tif","Tree",1,537000,537999.999,4142000,4142999.999
"12697",12697,537883.5,537895.494,4142006.524,4142020.461,"Silva","NEON_D07_MLBS_DP1_537000_4142000_classified_point_cloud.laz","2018_MLBS_3_537000_4142000_image.tif","Tree",1,537000,537999.999,4142000,4142999.999
"12698",12698,537890.184,537896.986,4142001.066,4142014.476,"Silva","NEON_D07_MLBS_DP1_537000_4142000_classified_point_cloud.laz","2018_MLBS_3_537000_4142000_image.tif","Tree",1,537000,537999.999,4142000,4142999.999
"12699",12699,537886.031,537892.379,4142000.102,4142007.492,"Silva","NEON_D07_MLBS_DP1_537000_4142000_classified_point_cloud.laz","2018_MLBS_3_537000_4142000_image.tif","Tree",1,537000,537999.999,4142000,4142999.999
"12700",12700,537896.534,537906.989,4142000.001,4142003.721,"Silva","NEON_D07_MLBS_DP1_537000_4142000_classified_point_cloud.laz","2018_MLBS_3_537000_4142000_image.tif","Tree",1,537000,537999.999,4142000,4142999.999
"12701",12701,537890.051,537896.484,4142000.003,4142002.978,"Silva","NEON_D07_MLBS_DP1_537000_4142000_classified_point_cloud.laz","2018_MLBS_3_537000_4142000_image.tif","Tree",1,537000,537999.999,4142000,4142999.999
"12702",12702,537983.095,537987.825,4142012.19,4142016.89,"Silva","NEON_D07_MLBS_DP1_537000_4142000_classified_point_cloud.laz","2018_MLBS_3_537000_4142000_image.tif","Tree",1,537000,537999.999,4142000,4142999.999
"12703",12703,537973.504,537982.903,4142011.008,4142016.992,"Silva","NEON_D07_MLBS_DP1_537000_4142000_classified_point_cloud.laz","2018_MLBS_3_537000_4142000_image.tif","Tree",1,537000,537999.999,4142000,4142999.999
"12704",12704,537963.558,537973.48,4142004.061,4142021.493,"Silva","NEON_D07_MLBS_DP1_537000_4142000_classified_point_cloud.laz","2018_MLBS_3_537000_4142000_image.tif","Tree",1,537000,537999.999,4142000,4142999.999
"12705",12705,537972.542,537986.83,4142000.219,4142011.444,"Silva","NEON_D07_MLBS_DP1_537000_4142000_classified_point_cloud.laz","2018_MLBS_3_537000_4142000_image.tif","Tree",1,537000,537999.999,4142000,4142999.999
"12706",12706,537905.514,537908.378,4142026.015,4142028.487,"Silva","NEON_D07_MLBS_DP1_537000_4142000_classified_point_cloud.laz","2018_MLBS_3_537000_4142000_image.tif","Tree",1,537000,537999.999,4142000,4142999.999
"12707",12707,537887.58,537899.457,4142025.816,4142038.933,"Silva","NEON_D07_MLBS_DP1_537000_4142000_classified_point_cloud.laz","2018_MLBS_3_537000_4142000_image.tif","Tree",1,537000,537999.999,4142000,4142999.999
"12708",12708,537936.186,537947.743,4142022.652,4142030.943,"Silva","NEON_D07_MLBS_DP1_537000_4142000_classified_point_cloud.laz","2018_MLBS_3_537000_4142000_image.tif","Tree",1,537000,537999.999,4142000,4142999.999
"12709",12709,537906.022,537912.989,4142036.005,4142043.695,"Silva","NEON_D07_MLBS_DP1_537000_4142000_classified_point_cloud.laz","2018_MLBS_3_537000_4142000_image.tif","Tree",1,537000,537999.999,4142000,4142999.999
"12710",12710,537916.164,537922.469,4142046.033,4142055.344,"Silva","NEON_D07_MLBS_DP1_537000_4142000_classified_point_cloud.laz","2018_MLBS_3_537000_4142000_image.tif","Tree",1,537000,537999.999,4142000,4142999.999
"12711",12711,537892.538,537901.417,4142060.043,4142069.947,"Silva","NEON_D07_MLBS_DP1_537000_4142000_classified_point_cloud.laz","2018_MLBS_3_537000_4142000_image.tif","Tree",1,537000,537999.999,4142000,4142999.999
"12712",12712,537937.061,537948.356,4142054.078,4142063.474,"Silva","NEON_D07_MLBS_DP1_537000_4142000_classified_point_cloud.laz","2018_MLBS_3_537000_4142000_image.tif","Tree",1,537000,537999.999,4142000,4142999.999
"12713",12713,537909.886,537919.44,4142064.565,4142070.466,"Silva","NEON_D07_MLBS_DP1_537000_4142000_classified_point_cloud.laz","2018_MLBS_3_537000_4142000_image.tif","Tree",1,537000,537999.999,4142000,4142999.999
"12714",12714,537908.577,537920.431,4142068.004,4142076.76,"Silva","NEON_D07_MLBS_DP1_537000_4142000_classified_point_cloud.laz","2018_MLBS_3_537000_4142000_image.tif","Tree",1,537000,537999.999,4142000,4142999.999
"12715",12715,537883.689,537888.472,4142072.509,4142074.978,"Silva","NEON_D07_MLBS_DP1_537000_4142000_classified_point_cloud.laz","2018_MLBS_3_537000_4142000_image.tif","Tree",1,537000,537999.999,4142000,4142999.999
"12716",12716,537933.65,537937.426,4142073.148,4142074.473,"Silva","NEON_D07_MLBS_DP1_537000_4142000_classified_point_cloud.laz","2018_MLBS_3_537000_4142000_image.tif","Tree",1,537000,537999.999,4142000,4142999.999
"12717",12717,537887.119,537890.958,4142081.058,4142083.787,"Silva","NEON_D07_MLBS_DP1_537000_4142000_classified_point_cloud.laz","2018_MLBS_3_537000_4142000_image.tif","Tree",1,537000,537999.999,4142000,4142999.999
"12718",12718,537944.518,537947.992,4142073.56,4142076.929,"Silva","NEON_D07_MLBS_DP1_537000_4142000_classified_point_cloud.laz","2018_MLBS_3_537000_4142000_image.tif","Tree",1,537000,537999.999,4142000,4142999.999
"12719",12719,537895.034,537898.406,4142082.607,4142087.451,"Silva","NEON_D07_MLBS_DP1_537000_4142000_classified_point_cloud.laz","2018_MLBS_3_537000_4142000_image.tif","Tree",1,537000,537999.999,4142000,4142999.999
"12720",12720,537891.559,537896.991,4142085.149,4142089.918,"Silva","NEON_D07_MLBS_DP1_537000_4142000_classified_point_cloud.laz","2018_MLBS_3_537000_4142000_image.tif","Tree",1,537000,537999.999,4142000,4142999.999
"12721",12721,537902.028,537906.496,4142085.202,4142087.969,"Silva","NEON_D07_MLBS_DP1_537000_4142000_classified_point_cloud.laz","2018_MLBS_3_537000_4142000_image.tif","Tree",1,537000,537999.999,4142000,4142999.999
"12722",12722,537919.129,537924.966,4142076.257,4142082.48,"Silva","NEON_D07_MLBS_DP1_537000_4142000_classified_point_cloud.laz","2018_MLBS_3_537000_4142000_image.tif","Tree",1,537000,537999.999,4142000,4142999.999
"12723",12723,537939.501,537941.329,4142083.743,4142085.49,"Silva","NEON_D07_MLBS_DP1_537000_4142000_classified_point_cloud.laz","2018_MLBS_3_537000_4142000_image.tif","Tree",1,537000,537999.999,4142000,4142999.999
"12724",12724,537974.004,537978.456,4142025.031,4142028.398,"Silva","NEON_D07_MLBS_DP1_537000_4142000_classified_point_cloud.laz","2018_MLBS_3_537000_4142000_image.tif","Tree",1,537000,537999.999,4142000,4142999.999
"12725",12725,537989.781,537993.817,4142025.508,4142031.929,"Silva","NEON_D07_MLBS_DP1_537000_4142000_classified_point_cloud.laz","2018_MLBS_3_537000_4142000_image.tif","Tree",1,537000,537999.999,4142000,4142999.999
"12726",12726,537986.53,537991.965,4142031.099,4142035.455,"Silva","NEON_D07_MLBS_DP1_537000_4142000_classified_point_cloud.laz","2018_MLBS_3_537000_4142000_image.tif","Tree",1,537000,537999.999,4142000,4142999.999
"12727",12727,537999.034,537999.833,4142041.052,4142042.5,"Silva","NEON_D07_MLBS_DP1_537000_4142000_classified_point_cloud.laz","2018_MLBS_3_537000_4142000_image.tif","Tree",1,537000,537999.999,4142000,4142999.999
"12728",12728,537961.01,537962.801,4142041.376,4142043.999,"Silva","NEON_D07_MLBS_DP1_537000_4142000_classified_point_cloud.laz","2018_MLBS_3_537000_4142000_image.tif","Tree",1,537000,537999.999,4142000,4142999.999
"12729",12729,537953.013,537955.968,4142047.013,4142048.489,"Silva","NEON_D07_MLBS_DP1_537000_4142000_classified_point_cloud.laz","2018_MLBS_3_537000_4142000_image.tif","Tree",1,537000,537999.999,4142000,4142999.999
"12730",12730,537996.001,537999.991,4142042.069,4142045.303,"Silva","NEON_D07_MLBS_DP1_537000_4142000_classified_point_cloud.laz","2018_MLBS_3_537000_4142000_image.tif","Tree",1,537000,537999.999,4142000,4142999.999
"12731",12731,537973.522,537979.485,4142047.511,4142054.348,"Silva","NEON_D07_MLBS_DP1_537000_4142000_classified_point_cloud.laz","2018_MLBS_3_537000_4142000_image.tif","Tree",1,537000,537999.999,4142000,4142999.999
"12732",12732,537983.512,537984.498,4142050.052,4142052.798,"Silva","NEON_D07_MLBS_DP1_537000_4142000_classified_point_cloud.laz","2018_MLBS_3_537000_4142000_image.tif","Tree",1,537000,537999.999,4142000,4142999.999
"12733",12733,537959.501,537971.971,4142052.073,4142064.964,"Silva","NEON_D07_MLBS_DP1_537000_4142000_classified_point_cloud.laz","2018_MLBS_3_537000_4142000_image.tif","Tree",1,537000,537999.999,4142000,4142999.999
"12734",12734,537992.161,537999.998,4142049.072,4142060.879,"Silva","NEON_D07_MLBS_DP1_537000_4142000_classified_point_cloud.laz","2018_MLBS_3_537000_4142000_image.tif","Tree",1,537000,537999.999,4142000,4142999.999
"12735",12735,537971.501,537983.402,4142055.61,4142063.985,"Silva","NEON_D07_MLBS_DP1_537000_4142000_classified_point_cloud.laz","2018_MLBS_3_537000_4142000_image.tif","Tree",1,537000,537999.999,4142000,4142999.999
"12736",12736,537975.012,537982.453,4142063.501,4142071.495,"Silva","NEON_D07_MLBS_DP1_537000_4142000_classified_point_cloud.laz","2018_MLBS_3_537000_4142000_image.tif","Tree",1,537000,537999.999,4142000,4142999.999
"12737",12737,537967.721,537976.444,4142064.532,4142071.466,"Silva","NEON_D07_MLBS_DP1_537000_4142000_classified_point_cloud.laz","2018_MLBS_3_537000_4142000_image.tif","Tree",1,537000,537999.999,4142000,4142999.999
"12738",12738,537966.563,537980.437,4142075.008,4142085.457,"Silva","NEON_D07_MLBS_DP1_537000_4142000_classified_point_cloud.laz","2018_MLBS_3_537000_4142000_image.tif","Tree",1,537000,537999.999,4142000,4142999.999
"12739",12739,537993.007,537999.996,4142069.519,4142083.996,"Silva","NEON_D07_MLBS_DP1_537000_4142000_classified_point_cloud.laz","2018_MLBS_3_537000_4142000_image.tif","Tree",1,537000,537999.999,4142000,4142999.999
"12740",12740,537980.607,537991.185,4142083.507,4142092.983,"Silva","NEON_D07_MLBS_DP1_537000_4142000_classified_point_cloud.laz","2018_MLBS_3_537000_4142000_image.tif","Tree",1,537000,537999.999,4142000,4142999.999
"12741",12741,537959.509,537971.412,4142081.074,4142090.99,"Silva","NEON_D07_MLBS_DP1_537000_4142000_classified_point_cloud.laz","2018_MLBS_3_537000_4142000_image.tif","Tree",1,537000,537999.999,4142000,4142999.999
"12742",12742,537898.188,537904.975,4142086.53,4142093.426,"Silva","NEON_D07_MLBS_DP1_537000_4142000_classified_point_cloud.laz","2018_MLBS_3_537000_4142000_image.tif","Tree",1,537000,537999.999,4142000,4142999.999
"12743",12743,537893.535,537899.463,4142093.083,4142099.982,"Silva","NEON_D07_MLBS_DP1_537000_4142000_classified_point_cloud.laz","2018_MLBS_3_537000_4142000_image.tif","Tree",1,537000,537999.999,4142000,4142999.999
"12744",12744,537884.024,537885.947,4142097.517,4142099.798,"Silva","NEON_D07_MLBS_DP1_537000_4142000_classified_point_cloud.laz","2018_MLBS_3_537000_4142000_image.tif","Tree",1,537000,537999.999,4142000,4142999.999
"12745",12745,537926.05,537935.481,4142143.046,4142151.399,"Silva","NEON_D07_MLBS_DP1_537000_4142000_classified_point_cloud.laz","2018_MLBS_3_537000_4142000_image.tif","Tree",1,537000,537999.999,4142000,4142999.999
"12746",12746,537904.506,537916.49,4142140.541,4142153.99,"Silva","NEON_D07_MLBS_DP1_537000_4142000_classified_point_cloud.laz","2018_MLBS_3_537000_4142000_image.tif","Tree",1,537000,537999.999,4142000,4142999.999
"12747",12747,537892.007,537896.452,4142145.661,4142151.975,"Silva","NEON_D07_MLBS_DP1_537000_4142000_classified_point_cloud.laz","2018_MLBS_3_537000_4142000_image.tif","Tree",1,537000,537999.999,4142000,4142999.999
"12748",12748,537922.003,537930.467,4142136.623,4142145.487,"Silva","NEON_D07_MLBS_DP1_537000_4142000_classified_point_cloud.laz","2018_MLBS_3_537000_4142000_image.tif","Tree",1,537000,537999.999,4142000,4142999.999
"12749",12749,537931.004,537940.986,4142132.501,4142141.434,"Silva","NEON_D07_MLBS_DP1_537000_4142000_classified_point_cloud.laz","2018_MLBS_3_537000_4142000_image.tif","Tree",1,537000,537999.999,4142000,4142999.999
"12750",12750,537913.83,537923.95,4142137.124,4142141.477,"Silva","NEON_D07_MLBS_DP1_537000_4142000_classified_point_cloud.laz","2018_MLBS_3_537000_4142000_image.tif","Tree",1,537000,537999.999,4142000,4142999.999
"12751",12751,537880.527,537885.488,4142140.007,4142149.258,"Silva","NEON_D07_MLBS_DP1_537000_4142000_classified_point_cloud.laz","2018_MLBS_3_537000_4142000_image.tif","Tree",1,537000,537999.999,4142000,4142999.999
"12752",12752,537888.071,537892.962,4142138.018,4142143.44,"Silva","NEON_D07_MLBS_DP1_537000_4142000_classified_point_cloud.laz","2018_MLBS_3_537000_4142000_image.tif","Tree",1,537000,537999.999,4142000,4142999.999
"12753",12753,537907.567,537909.358,4142131.003,4142132.5,"Silva","NEON_D07_MLBS_DP1_537000_4142000_classified_point_cloud.laz","2018_MLBS_3_537000_4142000_image.tif","Tree",1,537000,537999.999,4142000,4142999.999
"12754",12754,537897.507,537903.35,4142125.51,4142131.801,"Silva","NEON_D07_MLBS_DP1_537000_4142000_classified_point_cloud.laz","2018_MLBS_3_537000_4142000_image.tif","Tree",1,537000,537999.999,4142000,4142999.999
"12755",12755,537900.041,537904.996,4142122.555,4142126.922,"Silva","NEON_D07_MLBS_DP1_537000_4142000_classified_point_cloud.laz","2018_MLBS_3_537000_4142000_image.tif","Tree",1,537000,537999.999,4142000,4142999.999
"12756",12756,537896.562,537899.939,4142121.549,4142124.985,"Silva","NEON_D07_MLBS_DP1_537000_4142000_classified_point_cloud.laz","2018_MLBS_3_537000_4142000_image.tif","Tree",1,537000,537999.999,4142000,4142999.999
"12757",12757,537889.775,537891.412,4142121.511,4142124.979,"Silva","NEON_D07_MLBS_DP1_537000_4142000_classified_point_cloud.laz","2018_MLBS_3_537000_4142000_image.tif","Tree",1,537000,537999.999,4142000,4142999.999
"12758",12758,537941.528,537944.986,4142111.824,4142114.474,"Silva","NEON_D07_MLBS_DP1_537000_4142000_classified_point_cloud.laz","2018_MLBS_3_537000_4142000_image.tif","Tree",1,537000,537999.999,4142000,4142999.999
"12759",12759,537896.52,537903.975,4142115.209,4142121.833,"Silva","NEON_D07_MLBS_DP1_537000_4142000_classified_point_cloud.laz","2018_MLBS_3_537000_4142000_image.tif","Tree",1,537000,537999.999,4142000,4142999.999
"12760",12760,537928.507,537936.961,4142106.003,4142113.879,"Silva","NEON_D07_MLBS_DP1_537000_4142000_classified_point_cloud.laz","2018_MLBS_3_537000_4142000_image.tif","Tree",1,537000,537999.999,4142000,4142999.999
"12761",12761,537920.045,537928.495,4142105.104,4142111.944,"Silva","NEON_D07_MLBS_DP1_537000_4142000_classified_point_cloud.laz","2018_MLBS_3_537000_4142000_image.tif","Tree",1,537000,537999.999,4142000,4142999.999
"12762",12762,537976.086,537985.315,4142150.582,4142156.494,"Silva","NEON_D07_MLBS_DP1_537000_4142000_classified_point_cloud.laz","2018_MLBS_3_537000_4142000_image.tif","Tree",1,537000,537999.999,4142000,4142999.999
"12763",12763,537998.619,537999.997,4142154.017,4142156.902,"Silva","NEON_D07_MLBS_DP1_537000_4142000_classified_point_cloud.laz","2018_MLBS_3_537000_4142000_image.tif","Tree",1,537000,537999.999,4142000,4142999.999
"12764",12764,537969.946,537970.41,4142148.176,4142151.442,"Silva","NEON_D07_MLBS_DP1_537000_4142000_classified_point_cloud.laz","2018_MLBS_3_537000_4142000_image.tif","Tree",1,537000,537999.999,4142000,4142999.999
"12765",12765,537959.565,537966.907,4142147.639,4142152.801,"Silva","NEON_D07_MLBS_DP1_537000_4142000_classified_point_cloud.laz","2018_MLBS_3_537000_4142000_image.tif","Tree",1,537000,537999.999,4142000,4142999.999
"12766",12766,537960.01,537969.954,4142142.109,4142151,"Silva","NEON_D07_MLBS_DP1_537000_4142000_classified_point_cloud.laz","2018_MLBS_3_537000_4142000_image.tif","Tree",1,537000,537999.999,4142000,4142999.999
"12767",12767,537945.041,537956.98,4142142.555,4142150.971,"Silva","NEON_D07_MLBS_DP1_537000_4142000_classified_point_cloud.laz","2018_MLBS_3_537000_4142000_image.tif","Tree",1,537000,537999.999,4142000,4142999.999
"12768",12768,537950.099,537960.957,4142138.025,4142146.372,"Silva","NEON_D07_MLBS_DP1_537000_4142000_classified_point_cloud.laz","2018_MLBS_3_537000_4142000_image.tif","Tree",1,537000,537999.999,4142000,4142999.999
"12769",12769,537962.001,537969.996,4142132.087,4142139.459,"Silva","NEON_D07_MLBS_DP1_537000_4142000_classified_point_cloud.laz","2018_MLBS_3_537000_4142000_image.tif","Tree",1,537000,537999.999,4142000,4142999.999
"12770",12770,537955.554,537961.99,4142131.523,4142138.974,"Silva","NEON_D07_MLBS_DP1_537000_4142000_classified_point_cloud.laz","2018_MLBS_3_537000_4142000_image.tif","Tree",1,537000,537999.999,4142000,4142999.999
"12771",12771,537965.008,537971.995,4142124.828,4142134.411,"Silva","NEON_D07_MLBS_DP1_537000_4142000_classified_point_cloud.laz","2018_MLBS_3_537000_4142000_image.tif","Tree",1,537000,537999.999,4142000,4142999.999
"12772",12772,537975.02,537983.998,4142123.005,4142133.499,"Silva","NEON_D07_MLBS_DP1_537000_4142000_classified_point_cloud.laz","2018_MLBS_3_537000_4142000_image.tif","Tree",1,537000,537999.999,4142000,4142999.999
"12773",12773,537957.088,537964.995,4142125.121,4142133.47,"Silva","NEON_D07_MLBS_DP1_537000_4142000_classified_point_cloud.laz","2018_MLBS_3_537000_4142000_image.tif","Tree",1,537000,537999.999,4142000,4142999.999
"12774",12774,537980.003,537991.479,4142116.059,4142124.444,"Silva","NEON_D07_MLBS_DP1_537000_4142000_classified_point_cloud.laz","2018_MLBS_3_537000_4142000_image.tif","Tree",1,537000,537999.999,4142000,4142999.999
"12775",12775,537972.032,537981.985,4142112.53,4142122.987,"Silva","NEON_D07_MLBS_DP1_537000_4142000_classified_point_cloud.laz","2018_MLBS_3_537000_4142000_image.tif","Tree",1,537000,537999.999,4142000,4142999.999
"12776",12776,537990.505,537996.992,4142111.085,4142119.934,"Silva","NEON_D07_MLBS_DP1_537000_4142000_classified_point_cloud.laz","2018_MLBS_3_537000_4142000_image.tif","Tree",1,537000,537999.999,4142000,4142999.999
"12777",12777,537994.001,537999.999,4142106.603,4142117.491,"Silva","NEON_D07_MLBS_DP1_537000_4142000_classified_point_cloud.laz","2018_MLBS_3_537000_4142000_image.tif","Tree",1,537000,537999.999,4142000,4142999.999
"12778",12778,537979.034,537986.479,4142108.559,4142115.998,"Silva","NEON_D07_MLBS_DP1_537000_4142000_classified_point_cloud.laz","2018_MLBS_3_537000_4142000_image.tif","Tree",1,537000,537999.999,4142000,4142999.999
"12779",12779,537952.09,537965.988,4142107.016,4142115.483,"Silva","NEON_D07_MLBS_DP1_537000_4142000_classified_point_cloud.laz","2018_MLBS_3_537000_4142000_image.tif","Tree",1,537000,537999.999,4142000,4142999.999
"12780",12780,537979.032,537988.991,4142102.502,4142110.423,"Silva","NEON_D07_MLBS_DP1_537000_4142000_classified_point_cloud.laz","2018_MLBS_3_537000_4142000_image.tif","Tree",1,537000,537999.999,4142000,4142999.999
"12781",12781,537988.534,537994.78,4142102.763,4142107.479,"Silva","NEON_D07_MLBS_DP1_537000_4142000_classified_point_cloud.laz","2018_MLBS_3_537000_4142000_image.tif","Tree",1,537000,537999.999,4142000,4142999.999
"12782",12782,537986.502,537994.925,4142098.371,4142104.497,"Silva","NEON_D07_MLBS_DP1_537000_4142000_classified_point_cloud.laz","2018_MLBS_3_537000_4142000_image.tif","Tree",1,537000,537999.999,4142000,4142999.999
"12783",12783,537983.019,537990.843,4142093.051,4142102.985,"Silva","NEON_D07_MLBS_DP1_537000_4142000_classified_point_cloud.laz","2018_MLBS_3_537000_4142000_image.tif","Tree",1,537000,537999.999,4142000,4142999.999
"12784",12784,537989.017,537999.49,4142087.017,4142096.959,"Silva","NEON_D07_MLBS_DP1_537000_4142000_classified_point_cloud.laz","2018_MLBS_3_537000_4142000_image.tif","Tree",1,537000,537999.999,4142000,4142999.999
"12785",12785,537980.013,537987.479,4142085.711,4142093.939,"Silva","NEON_D07_MLBS_DP1_537000_4142000_classified_point_cloud.laz","2018_MLBS_3_537000_4142000_image.tif","Tree",1,537000,537999.999,4142000,4142999.999
"12786",12786,537959.06,537966.973,4142088.032,4142096.975,"Silva","NEON_D07_MLBS_DP1_537000_4142000_classified_point_cloud.laz","2018_MLBS_3_537000_4142000_image.tif","Tree",1,537000,537999.999,4142000,4142999.999
"12787",12787,537890.582,537896.775,4142157.595,4142163.492,"Silva","NEON_D07_MLBS_DP1_537000_4142000_classified_point_cloud.laz","2018_MLBS_3_537000_4142000_image.tif","Tree",1,537000,537999.999,4142000,4142999.999
"12788",12788,537897.568,537907.998,4142161.044,4142168.451,"Silva","NEON_D07_MLBS_DP1_537000_4142000_classified_point_cloud.laz","2018_MLBS_3_537000_4142000_image.tif","Tree",1,537000,537999.999,4142000,4142999.999
"12789",12789,537929.094,537932.48,4142161.521,4142164.944,"Silva","NEON_D07_MLBS_DP1_537000_4142000_classified_point_cloud.laz","2018_MLBS_3_537000_4142000_image.tif","Tree",1,537000,537999.999,4142000,4142999.999
"12790",12790,537898.001,537910.448,4142167.004,4142175.396,"Silva","NEON_D07_MLBS_DP1_537000_4142000_classified_point_cloud.laz","2018_MLBS_3_537000_4142000_image.tif","Tree",1,537000,537999.999,4142000,4142999.999
"12791",12791,537883.757,537889.481,4142169.024,4142175.316,"Silva","NEON_D07_MLBS_DP1_537000_4142000_classified_point_cloud.laz","2018_MLBS_3_537000_4142000_image.tif","Tree",1,537000,537999.999,4142000,4142999.999
"12792",12792,537905.549,537914.498,4142168.127,4142176.495,"Silva","NEON_D07_MLBS_DP1_537000_4142000_classified_point_cloud.laz","2018_MLBS_3_537000_4142000_image.tif","Tree",1,537000,537999.999,4142000,4142999.999
"12793",12793,537905.323,537916.992,4142176.005,4142180.975,"Silva","NEON_D07_MLBS_DP1_537000_4142000_classified_point_cloud.laz","2018_MLBS_3_537000_4142000_image.tif","Tree",1,537000,537999.999,4142000,4142999.999
"12794",12794,537936.015,537938.972,4142181.502,4142184.497,"Silva","NEON_D07_MLBS_DP1_537000_4142000_classified_point_cloud.laz","2018_MLBS_3_537000_4142000_image.tif","Tree",1,537000,537999.999,4142000,4142999.999
"12795",12795,537891.051,537898.978,4142188.027,4142199.988,"Silva","NEON_D07_MLBS_DP1_537000_4142000_classified_point_cloud.laz","2018_MLBS_3_537000_4142000_image.tif","Tree",1,537000,537999.999,4142000,4142999.999
"12796",12796,537941.002,537943.71,4142183.561,4142187.458,"Silva","NEON_D07_MLBS_DP1_537000_4142000_classified_point_cloud.laz","2018_MLBS_3_537000_4142000_image.tif","Tree",1,537000,537999.999,4142000,4142999.999
"12797",12797,537932.603,537935.491,4142189.514,4142192.933,"Silva","NEON_D07_MLBS_DP1_537000_4142000_classified_point_cloud.laz","2018_MLBS_3_537000_4142000_image.tif","Tree",1,537000,537999.999,4142000,4142999.999
"12798",12798,537935.537,537938.994,4142189.064,4142192.959,"Silva","NEON_D07_MLBS_DP1_537000_4142000_classified_point_cloud.laz","2018_MLBS_3_537000_4142000_image.tif","Tree",1,537000,537999.999,4142000,4142999.999
"12799",12799,537931.536,537934.893,4142192.511,4142195.424,"Silva","NEON_D07_MLBS_DP1_537000_4142000_classified_point_cloud.laz","2018_MLBS_3_537000_4142000_image.tif","Tree",1,537000,537999.999,4142000,4142999.999
"12800",12800,537921.155,537927.279,4142191.507,4142196.346,"Silva","NEON_D07_MLBS_DP1_537000_4142000_classified_point_cloud.laz","2018_MLBS_3_537000_4142000_image.tif","Tree",1,537000,537999.999,4142000,4142999.999
"12801",12801,537939.648,537943.469,4142195.511,4142198.967,"Silva","NEON_D07_MLBS_DP1_537000_4142000_classified_point_cloud.laz","2018_MLBS_3_537000_4142000_image.tif","Tree",1,537000,537999.999,4142000,4142999.999
"12802",12802,537940.038,537943.49,4142198.7,4142202.447,"Silva","NEON_D07_MLBS_DP1_537000_4142000_classified_point_cloud.laz","2018_MLBS_3_537000_4142000_image.tif","Tree",1,537000,537999.999,4142000,4142999.999
"12803",12803,537943.5,537947.308,4142198.571,4142202.941,"Silva","NEON_D07_MLBS_DP1_537000_4142000_classified_point_cloud.laz","2018_MLBS_3_537000_4142000_image.tif","Tree",1,537000,537999.999,4142000,4142999.999
"12804",12804,537916.593,537918.485,4142195.033,4142196.779,"Silva","NEON_D07_MLBS_DP1_537000_4142000_classified_point_cloud.laz","2018_MLBS_3_537000_4142000_image.tif","Tree",1,537000,537999.999,4142000,4142999.999
"12805",12805,537918.659,537928.178,4142196.016,4142207.546,"Silva","NEON_D07_MLBS_DP1_537000_4142000_classified_point_cloud.laz","2018_MLBS_3_537000_4142000_image.tif","Tree",1,537000,537999.999,4142000,4142999.999
"12806",12806,537899.009,537910.997,4142201.533,4142216.454,"Silva","NEON_D07_MLBS_DP1_537000_4142000_classified_point_cloud.laz","2018_MLBS_3_537000_4142000_image.tif","Tree",1,537000,537999.999,4142000,4142999.999
"12807",12807,537918.091,537919.435,4142206.006,4142207.488,"Silva","NEON_D07_MLBS_DP1_537000_4142000_classified_point_cloud.laz","2018_MLBS_3_537000_4142000_image.tif","Tree",1,537000,537999.999,4142000,4142999.999
"12808",12808,537929.094,537932.914,4142207.039,4142209.976,"Silva","NEON_D07_MLBS_DP1_537000_4142000_classified_point_cloud.laz","2018_MLBS_3_537000_4142000_image.tif","Tree",1,537000,537999.999,4142000,4142999.999
"12809",12809,537936.034,537941.948,4142202.175,4142206.493,"Silva","NEON_D07_MLBS_DP1_537000_4142000_classified_point_cloud.laz","2018_MLBS_3_537000_4142000_image.tif","Tree",1,537000,537999.999,4142000,4142999.999
"12810",12810,537914.036,537918.324,4142207.76,4142213.358,"Silva","NEON_D07_MLBS_DP1_537000_4142000_classified_point_cloud.laz","2018_MLBS_3_537000_4142000_image.tif","Tree",1,537000,537999.999,4142000,4142999.999
"12811",12811,537936.093,537941.367,4142206.522,4142210.982,"Silva","NEON_D07_MLBS_DP1_537000_4142000_classified_point_cloud.laz","2018_MLBS_3_537000_4142000_image.tif","Tree",1,537000,537999.999,4142000,4142999.999
"12812",12812,537923.511,537932.68,4142207.579,4142214.975,"Silva","NEON_D07_MLBS_DP1_537000_4142000_classified_point_cloud.laz","2018_MLBS_3_537000_4142000_image.tif","Tree",1,537000,537999.999,4142000,4142999.999
"12813",12813,537926.019,537932.487,4142212.273,4142218.95,"Silva","NEON_D07_MLBS_DP1_537000_4142000_classified_point_cloud.laz","2018_MLBS_3_537000_4142000_image.tif","Tree",1,537000,537999.999,4142000,4142999.999
"12814",12814,537910.042,537912.979,4142212.572,4142215.968,"Silva","NEON_D07_MLBS_DP1_537000_4142000_classified_point_cloud.laz","2018_MLBS_3_537000_4142000_image.tif","Tree",1,537000,537999.999,4142000,4142999.999
"12815",12815,537938.254,537942.441,4142210.654,4142214.986,"Silva","NEON_D07_MLBS_DP1_537000_4142000_classified_point_cloud.laz","2018_MLBS_3_537000_4142000_image.tif","Tree",1,537000,537999.999,4142000,4142999.999
"12816",12816,537948.073,537948.991,4142215.684,4142216.738,"Silva","NEON_D07_MLBS_DP1_537000_4142000_classified_point_cloud.laz","2018_MLBS_3_537000_4142000_image.tif","Tree",1,537000,537999.999,4142000,4142999.999
"12817",12817,537908.5,537912.159,4142214.032,4142218.303,"Silva","NEON_D07_MLBS_DP1_537000_4142000_classified_point_cloud.laz","2018_MLBS_3_537000_4142000_image.tif","Tree",1,537000,537999.999,4142000,4142999.999
"12818",12818,537934.136,537938.458,4142214.068,4142220.991,"Silva","NEON_D07_MLBS_DP1_537000_4142000_classified_point_cloud.laz","2018_MLBS_3_537000_4142000_image.tif","Tree",1,537000,537999.999,4142000,4142999.999
"12819",12819,537938.615,537941.968,4142215.022,4142218.398,"Silva","NEON_D07_MLBS_DP1_537000_4142000_classified_point_cloud.laz","2018_MLBS_3_537000_4142000_image.tif","Tree",1,537000,537999.999,4142000,4142999.999
"12820",12820,537928.049,537929.085,4142218.24,4142219.447,"Silva","NEON_D07_MLBS_DP1_537000_4142000_classified_point_cloud.laz","2018_MLBS_3_537000_4142000_image.tif","Tree",1,537000,537999.999,4142000,4142999.999
"12821",12821,537976.04,537986.648,4142155.117,4142163.982,"Silva","NEON_D07_MLBS_DP1_537000_4142000_classified_point_cloud.laz","2018_MLBS_3_537000_4142000_image.tif","Tree",1,537000,537999.999,4142000,4142999.999
"12822",12822,537967.143,537972.484,4142157.078,4142161.455,"Silva","NEON_D07_MLBS_DP1_537000_4142000_classified_point_cloud.laz","2018_MLBS_3_537000_4142000_image.tif","Tree",1,537000,537999.999,4142000,4142999.999
"12823",12823,537959.08,537963.495,4142160.552,4142165.976,"Silva","NEON_D07_MLBS_DP1_537000_4142000_classified_point_cloud.laz","2018_MLBS_3_537000_4142000_image.tif","Tree",1,537000,537999.999,4142000,4142999.999
"12824",12824,537952.01,537955.335,4142163.535,4142166.954,"Silva","NEON_D07_MLBS_DP1_537000_4142000_classified_point_cloud.laz","2018_MLBS_3_537000_4142000_image.tif","Tree",1,537000,537999.999,4142000,4142999.999
"12825",12825,537962.517,537966.448,4142161.005,4142166.998,"Silva","NEON_D07_MLBS_DP1_537000_4142000_classified_point_cloud.laz","2018_MLBS_3_537000_4142000_image.tif","Tree",1,537000,537999.999,4142000,4142999.999
"12826",12826,537967.005,537969.993,4142162.059,4142164.991,"Silva","NEON_D07_MLBS_DP1_537000_4142000_classified_point_cloud.laz","2018_MLBS_3_537000_4142000_image.tif","Tree",1,537000,537999.999,4142000,4142999.999
"12827",12827,537948.525,537952.782,4142164.001,4142168.467,"Silva","NEON_D07_MLBS_DP1_537000_4142000_classified_point_cloud.laz","2018_MLBS_3_537000_4142000_image.tif","Tree",1,537000,537999.999,4142000,4142999.999
"12828",12828,537984.091,537992.995,4142158.247,4142169.998,"Silva","NEON_D07_MLBS_DP1_537000_4142000_classified_point_cloud.laz","2018_MLBS_3_537000_4142000_image.tif","Tree",1,537000,537999.999,4142000,4142999.999
"12829",12829,537992.002,537997.92,4142161.062,4142169.942,"Silva","NEON_D07_MLBS_DP1_537000_4142000_classified_point_cloud.laz","2018_MLBS_3_537000_4142000_image.tif","Tree",1,537000,537999.999,4142000,4142999.999
"12830",12830,537947.071,537951.973,4142167.61,4142172.496,"Silva","NEON_D07_MLBS_DP1_537000_4142000_classified_point_cloud.laz","2018_MLBS_3_537000_4142000_image.tif","Tree",1,537000,537999.999,4142000,4142999.999
"12831",12831,537958.517,537963.862,4142167.052,4142171.408,"Silva","NEON_D07_MLBS_DP1_537000_4142000_classified_point_cloud.laz","2018_MLBS_3_537000_4142000_image.tif","Tree",1,537000,537999.999,4142000,4142999.999
"12832",12832,537978.068,537985.977,4142163.012,4142170.425,"Silva","NEON_D07_MLBS_DP1_537000_4142000_classified_point_cloud.laz","2018_MLBS_3_537000_4142000_image.tif","Tree",1,537000,537999.999,4142000,4142999.999
"12833",12833,537950.031,537953.744,4142170.561,4142174.384,"Silva","NEON_D07_MLBS_DP1_537000_4142000_classified_point_cloud.laz","2018_MLBS_3_537000_4142000_image.tif","Tree",1,537000,537999.999,4142000,4142999.999
"12834",12834,537966.559,537969.483,4142172.516,4142174.775,"Silva","NEON_D07_MLBS_DP1_537000_4142000_classified_point_cloud.laz","2018_MLBS_3_537000_4142000_image.tif","Tree",1,537000,537999.999,4142000,4142999.999
"12835",12835,537959.53,537963.957,4142171.01,4142174.337,"Silva","NEON_D07_MLBS_DP1_537000_4142000_classified_point_cloud.laz","2018_MLBS_3_537000_4142000_image.tif","Tree",1,537000,537999.999,4142000,4142999.999
"12836",12836,537965.057,537974.44,4142172.595,4142183.357,"Silva","NEON_D07_MLBS_DP1_537000_4142000_classified_point_cloud.laz","2018_MLBS_3_537000_4142000_image.tif","Tree",1,537000,537999.999,4142000,4142999.999
"12837",12837,537997.551,537999.998,4142173.733,4142180.232,"Silva","NEON_D07_MLBS_DP1_537000_4142000_classified_point_cloud.laz","2018_MLBS_3_537000_4142000_image.tif","Tree",1,537000,537999.999,4142000,4142999.999
"12838",12838,537964.141,537966.499,4142180.606,4142182.974,"Silva","NEON_D07_MLBS_DP1_537000_4142000_classified_point_cloud.laz","2018_MLBS_3_537000_4142000_image.tif","Tree",1,537000,537999.999,4142000,4142999.999
"12839",12839,537964.657,537968.487,4142182.011,4142184.813,"Silva","NEON_D07_MLBS_DP1_537000_4142000_classified_point_cloud.laz","2018_MLBS_3_537000_4142000_image.tif","Tree",1,537000,537999.999,4142000,4142999.999
"12840",12840,537954,537958.49,4142186.533,4142191.456,"Silva","NEON_D07_MLBS_DP1_537000_4142000_classified_point_cloud.laz","2018_MLBS_3_537000_4142000_image.tif","Tree",1,537000,537999.999,4142000,4142999.999
"12841",12841,537964.586,537966.989,4142190.018,4142191.881,"Silva","NEON_D07_MLBS_DP1_537000_4142000_classified_point_cloud.laz","2018_MLBS_3_537000_4142000_image.tif","Tree",1,537000,537999.999,4142000,4142999.999
"12842",12842,537948.011,537953.998,4142189.545,4142194.49,"Silva","NEON_D07_MLBS_DP1_537000_4142000_classified_point_cloud.laz","2018_MLBS_3_537000_4142000_image.tif","Tree",1,537000,537999.999,4142000,4142999.999
"12843",12843,537996.023,537999.971,4142186.101,4142190.48,"Silva","NEON_D07_MLBS_DP1_537000_4142000_classified_point_cloud.laz","2018_MLBS_3_537000_4142000_image.tif","Tree",1,537000,537999.999,4142000,4142999.999
"12844",12844,537973.526,537976.97,4142193.277,4142195.987,"Silva","NEON_D07_MLBS_DP1_537000_4142000_classified_point_cloud.laz","2018_MLBS_3_537000_4142000_image.tif","Tree",1,537000,537999.999,4142000,4142999.999
"12845",12845,537978.582,537979.42,4142200.304,4142201.925,"Silva","NEON_D07_MLBS_DP1_537000_4142000_classified_point_cloud.laz","2018_MLBS_3_537000_4142000_image.tif","Tree",1,537000,537999.999,4142000,4142999.999
"12846",12846,537951.628,537955.995,4142199.642,4142204.989,"Silva","NEON_D07_MLBS_DP1_537000_4142000_classified_point_cloud.laz","2018_MLBS_3_537000_4142000_image.tif","Tree",1,537000,537999.999,4142000,4142999.999
"12847",12847,537979.049,537990.81,4142198.511,4142202.994,"Silva","NEON_D07_MLBS_DP1_537000_4142000_classified_point_cloud.laz","2018_MLBS_3_537000_4142000_image.tif","Tree",1,537000,537999.999,4142000,4142999.999
"12848",12848,537946.613,537950.474,4142205.005,4142207.999,"Silva","NEON_D07_MLBS_DP1_537000_4142000_classified_point_cloud.laz","2018_MLBS_3_537000_4142000_image.tif","Tree",1,537000,537999.999,4142000,4142999.999
"12849",12849,537978.298,537989.42,4142201.642,4142209.996,"Silva","NEON_D07_MLBS_DP1_537000_4142000_classified_point_cloud.laz","2018_MLBS_3_537000_4142000_image.tif","Tree",1,537000,537999.999,4142000,4142999.999
"12850",12850,537950.659,537952.49,4142206.582,4142208.707,"Silva","NEON_D07_MLBS_DP1_537000_4142000_classified_point_cloud.laz","2018_MLBS_3_537000_4142000_image.tif","Tree",1,537000,537999.999,4142000,4142999.999
"12851",12851,537956.062,537959.398,4142213.109,4142215.458,"Silva","NEON_D07_MLBS_DP1_537000_4142000_classified_point_cloud.laz","2018_MLBS_3_537000_4142000_image.tif","Tree",1,537000,537999.999,4142000,4142999.999
"12852",12852,537988.503,537999.959,4142201.648,4142214.958,"Silva","NEON_D07_MLBS_DP1_537000_4142000_classified_point_cloud.laz","2018_MLBS_3_537000_4142000_image.tif","Tree",1,537000,537999.999,4142000,4142999.999
"12853",12853,537954.504,537961.962,4142214.661,4142222.84,"Silva","NEON_D07_MLBS_DP1_537000_4142000_classified_point_cloud.laz","2018_MLBS_3_537000_4142000_image.tif","Tree",1,537000,537999.999,4142000,4142999.999
"12854",12854,537993.085,537999.998,4142213.504,4142223.468,"Silva","NEON_D07_MLBS_DP1_537000_4142000_classified_point_cloud.laz","2018_MLBS_3_537000_4142000_image.tif","Tree",1,537000,537999.999,4142000,4142999.999
"12855",12855,537977.53,537985.46,4142214.921,4142223.977,"Silva","NEON_D07_MLBS_DP1_537000_4142000_classified_point_cloud.laz","2018_MLBS_3_537000_4142000_image.tif","Tree",1,537000,537999.999,4142000,4142999.999
"12856",12856,537984.599,537993.96,4142209.633,4142219.476,"Silva","NEON_D07_MLBS_DP1_537000_4142000_classified_point_cloud.laz","2018_MLBS_3_537000_4142000_image.tif","Tree",1,537000,537999.999,4142000,4142999.999
"12857",12857,537886.4,537888.964,4142219.572,4142222.923,"Silva","NEON_D07_MLBS_DP1_537000_4142000_classified_point_cloud.laz","2018_MLBS_3_537000_4142000_image.tif","Tree",1,537000,537999.999,4142000,4142999.999
"12858",12858,537903.268,537910.318,4142215.506,4142218.972,"Silva","NEON_D07_MLBS_DP1_537000_4142000_classified_point_cloud.laz","2018_MLBS_3_537000_4142000_image.tif","Tree",1,537000,537999.999,4142000,4142999.999
"12859",12859,537910.572,537914.888,4142220.184,4142223.484,"Silva","NEON_D07_MLBS_DP1_537000_4142000_classified_point_cloud.laz","2018_MLBS_3_537000_4142000_image.tif","Tree",1,537000,537999.999,4142000,4142999.999
"12860",12860,537935.023,537939.429,4142283.094,4142287.876,"Silva","NEON_D07_MLBS_DP1_537000_4142000_classified_point_cloud.laz","2018_MLBS_3_537000_4142000_image.tif","Tree",1,537000,537999.999,4142000,4142999.999
"12861",12861,537902.564,537910.488,4142282.53,4142289.414,"Silva","NEON_D07_MLBS_DP1_537000_4142000_classified_point_cloud.laz","2018_MLBS_3_537000_4142000_image.tif","Tree",1,537000,537999.999,4142000,4142999.999
"12862",12862,537898.525,537900.908,4142281.135,4142287.956,"Silva","NEON_D07_MLBS_DP1_537000_4142000_classified_point_cloud.laz","2018_MLBS_3_537000_4142000_image.tif","Tree",1,537000,537999.999,4142000,4142999.999
"12863",12863,537920.515,537933.417,4142272.001,4142282.942,"Silva","NEON_D07_MLBS_DP1_537000_4142000_classified_point_cloud.laz","2018_MLBS_3_537000_4142000_image.tif","Tree",1,537000,537999.999,4142000,4142999.999
"12864",12864,537894.366,537898.491,4142277.542,4142282.48,"Silva","NEON_D07_MLBS_DP1_537000_4142000_classified_point_cloud.laz","2018_MLBS_3_537000_4142000_image.tif","Tree",1,537000,537999.999,4142000,4142999.999
"12865",12865,537909.006,537909.373,4142278.542,4142279.457,"Silva","NEON_D07_MLBS_DP1_537000_4142000_classified_point_cloud.laz","2018_MLBS_3_537000_4142000_image.tif","Tree",1,537000,537999.999,4142000,4142999.999
"12866",12866,537897.512,537904.232,4142277.16,4142280.951,"Silva","NEON_D07_MLBS_DP1_537000_4142000_classified_point_cloud.laz","2018_MLBS_3_537000_4142000_image.tif","Tree",1,537000,537999.999,4142000,4142999.999
"12867",12867,537908.056,537909.461,4142275.02,4142276.424,"Silva","NEON_D07_MLBS_DP1_537000_4142000_classified_point_cloud.laz","2018_MLBS_3_537000_4142000_image.tif","Tree",1,537000,537999.999,4142000,4142999.999
"12868",12868,537945.014,537946.806,4142270.006,4142272.938,"Silva","NEON_D07_MLBS_DP1_537000_4142000_classified_point_cloud.laz","2018_MLBS_3_537000_4142000_image.tif","Tree",1,537000,537999.999,4142000,4142999.999
"12869",12869,537901.824,537904.265,4142276.061,4142277.976,"Silva","NEON_D07_MLBS_DP1_537000_4142000_classified_point_cloud.laz","2018_MLBS_3_537000_4142000_image.tif","Tree",1,537000,537999.999,4142000,4142999.999
"12870",12870,537903.08,537906.403,4142271.027,4142274.48,"Silva","NEON_D07_MLBS_DP1_537000_4142000_classified_point_cloud.laz","2018_MLBS_3_537000_4142000_image.tif","Tree",1,537000,537999.999,4142000,4142999.999
"12871",12871,537911.5,537912.987,4142265.109,4142271.891,"Silva","NEON_D07_MLBS_DP1_537000_4142000_classified_point_cloud.laz","2018_MLBS_3_537000_4142000_image.tif","Tree",1,537000,537999.999,4142000,4142999.999
"12872",12872,537893.215,537898.47,4142270.562,4142274.421,"Silva","NEON_D07_MLBS_DP1_537000_4142000_classified_point_cloud.laz","2018_MLBS_3_537000_4142000_image.tif","Tree",1,537000,537999.999,4142000,4142999.999
"12873",12873,537886.067,537888.427,4142271.458,4142274.447,"Silva","NEON_D07_MLBS_DP1_537000_4142000_classified_point_cloud.laz","2018_MLBS_3_537000_4142000_image.tif","Tree",1,537000,537999.999,4142000,4142999.999
"12874",12874,537902.52,537906.871,4142265.028,4142270.969,"Silva","NEON_D07_MLBS_DP1_537000_4142000_classified_point_cloud.laz","2018_MLBS_3_537000_4142000_image.tif","Tree",1,537000,537999.999,4142000,4142999.999
"12875",12875,537922.034,537932.981,4142260.065,4142270.232,"Silva","NEON_D07_MLBS_DP1_537000_4142000_classified_point_cloud.laz","2018_MLBS_3_537000_4142000_image.tif","Tree",1,537000,537999.999,4142000,4142999.999
"12876",12876,537891.627,537894.755,4142262.198,4142265.923,"Silva","NEON_D07_MLBS_DP1_537000_4142000_classified_point_cloud.laz","2018_MLBS_3_537000_4142000_image.tif","Tree",1,537000,537999.999,4142000,4142999.999
"12877",12877,537883.631,537885.82,4142262.035,4142265.493,"Silva","NEON_D07_MLBS_DP1_537000_4142000_classified_point_cloud.laz","2018_MLBS_3_537000_4142000_image.tif","Tree",1,537000,537999.999,4142000,4142999.999
"12878",12878,537896,537899.583,4142260.6,4142264.427,"Silva","NEON_D07_MLBS_DP1_537000_4142000_classified_point_cloud.laz","2018_MLBS_3_537000_4142000_image.tif","Tree",1,537000,537999.999,4142000,4142999.999
"12879",12879,537907.515,537912.493,4142252.502,4142259.937,"Silva","NEON_D07_MLBS_DP1_537000_4142000_classified_point_cloud.laz","2018_MLBS_3_537000_4142000_image.tif","Tree",1,537000,537999.999,4142000,4142999.999
"12880",12880,537911.545,537916.462,4142251.01,4142256.418,"Silva","NEON_D07_MLBS_DP1_537000_4142000_classified_point_cloud.laz","2018_MLBS_3_537000_4142000_image.tif","Tree",1,537000,537999.999,4142000,4142999.999
"12881",12881,537920.517,537930.216,4142248.037,4142256.422,"Silva","NEON_D07_MLBS_DP1_537000_4142000_classified_point_cloud.laz","2018_MLBS_3_537000_4142000_image.tif","Tree",1,537000,537999.999,4142000,4142999.999
"12882",12882,537941.523,537944.985,4142244.432,4142250.868,"Silva","NEON_D07_MLBS_DP1_537000_4142000_classified_point_cloud.laz","2018_MLBS_3_537000_4142000_image.tif","Tree",1,537000,537999.999,4142000,4142999.999
"12883",12883,537932.36,537935.301,4142240.107,4142241.859,"Silva","NEON_D07_MLBS_DP1_537000_4142000_classified_point_cloud.laz","2018_MLBS_3_537000_4142000_image.tif","Tree",1,537000,537999.999,4142000,4142999.999
"12884",12884,537906.721,537909.896,4142243.049,4142245.958,"Silva","NEON_D07_MLBS_DP1_537000_4142000_classified_point_cloud.laz","2018_MLBS_3_537000_4142000_image.tif","Tree",1,537000,537999.999,4142000,4142999.999
"12885",12885,537925.153,537929.792,4142238.515,4142244.29,"Silva","NEON_D07_MLBS_DP1_537000_4142000_classified_point_cloud.laz","2018_MLBS_3_537000_4142000_image.tif","Tree",1,537000,537999.999,4142000,4142999.999
"12886",12886,537898.59,537900.946,4142243.209,4142246.497,"Silva","NEON_D07_MLBS_DP1_537000_4142000_classified_point_cloud.laz","2018_MLBS_3_537000_4142000_image.tif","Tree",1,537000,537999.999,4142000,4142999.999
"12887",12887,537943.502,537946.888,4142238.066,4142244.979,"Silva","NEON_D07_MLBS_DP1_537000_4142000_classified_point_cloud.laz","2018_MLBS_3_537000_4142000_image.tif","Tree",1,537000,537999.999,4142000,4142999.999
"12888",12888,537929.045,537931.896,4142238.515,4142241.939,"Silva","NEON_D07_MLBS_DP1_537000_4142000_classified_point_cloud.laz","2018_MLBS_3_537000_4142000_image.tif","Tree",1,537000,537999.999,4142000,4142999.999
"12889",12889,537889.047,537894.967,4142238.348,4142243.344,"Silva","NEON_D07_MLBS_DP1_537000_4142000_classified_point_cloud.laz","2018_MLBS_3_537000_4142000_image.tif","Tree",1,537000,537999.999,4142000,4142999.999
"12890",12890,537928.112,537932.479,4142233.59,4142237.472,"Silva","NEON_D07_MLBS_DP1_537000_4142000_classified_point_cloud.laz","2018_MLBS_3_537000_4142000_image.tif","Tree",1,537000,537999.999,4142000,4142999.999
"12891",12891,537940.523,537947.473,4142233.039,4142237.465,"Silva","NEON_D07_MLBS_DP1_537000_4142000_classified_point_cloud.laz","2018_MLBS_3_537000_4142000_image.tif","Tree",1,537000,537999.999,4142000,4142999.999
"12892",12892,537939.513,537944.454,4142228.585,4142235.28,"Silva","NEON_D07_MLBS_DP1_537000_4142000_classified_point_cloud.laz","2018_MLBS_3_537000_4142000_image.tif","Tree",1,537000,537999.999,4142000,4142999.999
"12893",12893,537935.115,537939.991,4142228.771,4142237.479,"Silva","NEON_D07_MLBS_DP1_537000_4142000_classified_point_cloud.laz","2018_MLBS_3_537000_4142000_image.tif","Tree",1,537000,537999.999,4142000,4142999.999
"12894",12894,537930.648,537935.493,4142228.529,4142235.985,"Silva","NEON_D07_MLBS_DP1_537000_4142000_classified_point_cloud.laz","2018_MLBS_3_537000_4142000_image.tif","Tree",1,537000,537999.999,4142000,4142999.999
"12895",12895,537942.001,537948.493,4142226.666,4142232.992,"Silva","NEON_D07_MLBS_DP1_537000_4142000_classified_point_cloud.laz","2018_MLBS_3_537000_4142000_image.tif","Tree",1,537000,537999.999,4142000,4142999.999
"12896",12896,537924.762,537929.464,4142229.515,4142234.498,"Silva","NEON_D07_MLBS_DP1_537000_4142000_classified_point_cloud.laz","2018_MLBS_3_537000_4142000_image.tif","Tree",1,537000,537999.999,4142000,4142999.999
"12897",12897,537882.087,537890.497,4142231.009,4142242.227,"Silva","NEON_D07_MLBS_DP1_537000_4142000_classified_point_cloud.laz","2018_MLBS_3_537000_4142000_image.tif","Tree",1,537000,537999.999,4142000,4142999.999
"12898",12898,537928.355,537933.883,4142225.185,4142230.946,"Silva","NEON_D07_MLBS_DP1_537000_4142000_classified_point_cloud.laz","2018_MLBS_3_537000_4142000_image.tif","Tree",1,537000,537999.999,4142000,4142999.999
"12899",12899,537950.171,537951.013,4142222.024,4142223.417,"Silva","NEON_D07_MLBS_DP1_537000_4142000_classified_point_cloud.laz","2018_MLBS_3_537000_4142000_image.tif","Tree",1,537000,537999.999,4142000,4142999.999
"12900",12900,537913.573,537916.998,4142227.556,4142231.406,"Silva","NEON_D07_MLBS_DP1_537000_4142000_classified_point_cloud.laz","2018_MLBS_3_537000_4142000_image.tif","Tree",1,537000,537999.999,4142000,4142999.999
"12901",12901,537888.523,537893.989,4142232.66,4142237.885,"Silva","NEON_D07_MLBS_DP1_537000_4142000_classified_point_cloud.laz","2018_MLBS_3_537000_4142000_image.tif","Tree",1,537000,537999.999,4142000,4142999.999
"12902",12902,537923.679,537928.946,4142224.21,4142228.933,"Silva","NEON_D07_MLBS_DP1_537000_4142000_classified_point_cloud.laz","2018_MLBS_3_537000_4142000_image.tif","Tree",1,537000,537999.999,4142000,4142999.999
"12903",12903,537914.502,537917.977,4142224.002,4142227.426,"Silva","NEON_D07_MLBS_DP1_537000_4142000_classified_point_cloud.laz","2018_MLBS_3_537000_4142000_image.tif","Tree",1,537000,537999.999,4142000,4142999.999
"12904",12904,537902.034,537906.982,4142225.036,4142228.912,"Silva","NEON_D07_MLBS_DP1_537000_4142000_classified_point_cloud.laz","2018_MLBS_3_537000_4142000_image.tif","Tree",1,537000,537999.999,4142000,4142999.999
"12905",12905,537920.547,537927.917,4142220.783,4142226.478,"Silva","NEON_D07_MLBS_DP1_537000_4142000_classified_point_cloud.laz","2018_MLBS_3_537000_4142000_image.tif","Tree",1,537000,537999.999,4142000,4142999.999
"12906",12906,537936.7,537944.46,4142219.031,4142223.689,"Silva","NEON_D07_MLBS_DP1_537000_4142000_classified_point_cloud.laz","2018_MLBS_3_537000_4142000_image.tif","Tree",1,537000,537999.999,4142000,4142999.999
"12907",12907,537910.206,537913.416,4142222.608,4142225.471,"Silva","NEON_D07_MLBS_DP1_537000_4142000_classified_point_cloud.laz","2018_MLBS_3_537000_4142000_image.tif","Tree",1,537000,537999.999,4142000,4142999.999
"12908",12908,537892.048,537893.893,4142225.513,4142227.491,"Silva","NEON_D07_MLBS_DP1_537000_4142000_classified_point_cloud.laz","2018_MLBS_3_537000_4142000_image.tif","Tree",1,537000,537999.999,4142000,4142999.999
"12909",12909,537992.716,537999.998,4142283.018,4142289.479,"Silva","NEON_D07_MLBS_DP1_537000_4142000_classified_point_cloud.laz","2018_MLBS_3_537000_4142000_image.tif","Tree",1,537000,537999.999,4142000,4142999.999
"12910",12910,537983.074,537992.489,4142277.005,4142287.497,"Silva","NEON_D07_MLBS_DP1_537000_4142000_classified_point_cloud.laz","2018_MLBS_3_537000_4142000_image.tif","Tree",1,537000,537999.999,4142000,4142999.999
"12911",12911,537995.048,537999.994,4142275.05,4142280.487,"Silva","NEON_D07_MLBS_DP1_537000_4142000_classified_point_cloud.laz","2018_MLBS_3_537000_4142000_image.tif","Tree",1,537000,537999.999,4142000,4142999.999
"12912",12912,537981.514,537987.998,4142271.515,4142282.647,"Silva","NEON_D07_MLBS_DP1_537000_4142000_classified_point_cloud.laz","2018_MLBS_3_537000_4142000_image.tif","Tree",1,537000,537999.999,4142000,4142999.999
"12913",12913,537964.223,537971.953,4142271.068,4142280.939,"Silva","NEON_D07_MLBS_DP1_537000_4142000_classified_point_cloud.laz","2018_MLBS_3_537000_4142000_image.tif","Tree",1,537000,537999.999,4142000,4142999.999
"12914",12914,537994.55,537999.999,4142270.021,4142276.912,"Silva","NEON_D07_MLBS_DP1_537000_4142000_classified_point_cloud.laz","2018_MLBS_3_537000_4142000_image.tif","Tree",1,537000,537999.999,4142000,4142999.999
"12915",12915,537952.595,537960.473,4142273.196,4142277.36,"Silva","NEON_D07_MLBS_DP1_537000_4142000_classified_point_cloud.laz","2018_MLBS_3_537000_4142000_image.tif","Tree",1,537000,537999.999,4142000,4142999.999
"12916",12916,537960.122,537968.495,4142269.076,4142275.145,"Silva","NEON_D07_MLBS_DP1_537000_4142000_classified_point_cloud.laz","2018_MLBS_3_537000_4142000_image.tif","Tree",1,537000,537999.999,4142000,4142999.999
"12917",12917,537985.655,537996.179,4142266.519,4142272.915,"Silva","NEON_D07_MLBS_DP1_537000_4142000_classified_point_cloud.laz","2018_MLBS_3_537000_4142000_image.tif","Tree",1,537000,537999.999,4142000,4142999.999
"12918",12918,537958.561,537961.998,4142268.553,4142272.861,"Silva","NEON_D07_MLBS_DP1_537000_4142000_classified_point_cloud.laz","2018_MLBS_3_537000_4142000_image.tif","Tree",1,537000,537999.999,4142000,4142999.999
"12919",12919,537995.501,537999.999,4142262.547,4142270.936,"Silva","NEON_D07_MLBS_DP1_537000_4142000_classified_point_cloud.laz","2018_MLBS_3_537000_4142000_image.tif","Tree",1,537000,537999.999,4142000,4142999.999
"12920",12920,537947.598,537950.988,4142269.2,4142273.987,"Silva","NEON_D07_MLBS_DP1_537000_4142000_classified_point_cloud.laz","2018_MLBS_3_537000_4142000_image.tif","Tree",1,537000,537999.999,4142000,4142999.999
"12921",12921,537979.519,537990.495,4142258.514,4142271.996,"Silva","NEON_D07_MLBS_DP1_537000_4142000_classified_point_cloud.laz","2018_MLBS_3_537000_4142000_image.tif","Tree",1,537000,537999.999,4142000,4142999.999
"12922",12922,537956.595,537961.353,4142265.249,4142267.471,"Silva","NEON_D07_MLBS_DP1_537000_4142000_classified_point_cloud.laz","2018_MLBS_3_537000_4142000_image.tif","Tree",1,537000,537999.999,4142000,4142999.999
"12923",12923,537967.047,537979.589,4142263.513,4142272.904,"Silva","NEON_D07_MLBS_DP1_537000_4142000_classified_point_cloud.laz","2018_MLBS_3_537000_4142000_image.tif","Tree",1,537000,537999.999,4142000,4142999.999
"12924",12924,537989.085,537997.977,4142259.544,4142267.478,"Silva","NEON_D07_MLBS_DP1_537000_4142000_classified_point_cloud.laz","2018_MLBS_3_537000_4142000_image.tif","Tree",1,537000,537999.999,4142000,4142999.999
"12925",12925,537951.775,537954.466,4142260.521,4142263.956,"Silva","NEON_D07_MLBS_DP1_537000_4142000_classified_point_cloud.laz","2018_MLBS_3_537000_4142000_image.tif","Tree",1,537000,537999.999,4142000,4142999.999
"12926",12926,537966.093,537977.54,4142256.178,4142264.278,"Silva","NEON_D07_MLBS_DP1_537000_4142000_classified_point_cloud.laz","2018_MLBS_3_537000_4142000_image.tif","Tree",1,537000,537999.999,4142000,4142999.999
"12927",12927,537996.008,537999.999,4142247.524,4142255.964,"Silva","NEON_D07_MLBS_DP1_537000_4142000_classified_point_cloud.laz","2018_MLBS_3_537000_4142000_image.tif","Tree",1,537000,537999.999,4142000,4142999.999
"12928",12928,537990.378,537995.991,4142248.539,4142255.874,"Silva","NEON_D07_MLBS_DP1_537000_4142000_classified_point_cloud.laz","2018_MLBS_3_537000_4142000_image.tif","Tree",1,537000,537999.999,4142000,4142999.999
"12929",12929,537974.014,537985.968,4142244.533,4142257.493,"Silva","NEON_D07_MLBS_DP1_537000_4142000_classified_point_cloud.laz","2018_MLBS_3_537000_4142000_image.tif","Tree",1,537000,537999.999,4142000,4142999.999
"12930",12930,537956.169,537958.999,4142247.511,4142251.857,"Silva","NEON_D07_MLBS_DP1_537000_4142000_classified_point_cloud.laz","2018_MLBS_3_537000_4142000_image.tif","Tree",1,537000,537999.999,4142000,4142999.999
"12931",12931,537942.568,537951.95,4142244.023,4142253.984,"Silva","NEON_D07_MLBS_DP1_537000_4142000_classified_point_cloud.laz","2018_MLBS_3_537000_4142000_image.tif","Tree",1,537000,537999.999,4142000,4142999.999
"12932",12932,537990.621,537997.893,4142236.076,4142242.954,"Silva","NEON_D07_MLBS_DP1_537000_4142000_classified_point_cloud.laz","2018_MLBS_3_537000_4142000_image.tif","Tree",1,537000,537999.999,4142000,4142999.999
"12933",12933,537981.66,537992.464,4142230.579,4142245.489,"Silva","NEON_D07_MLBS_DP1_537000_4142000_classified_point_cloud.laz","2018_MLBS_3_537000_4142000_image.tif","Tree",1,537000,537999.999,4142000,4142999.999
"12934",12934,537965.825,537971.438,4142237.575,4142241.792,"Silva","NEON_D07_MLBS_DP1_537000_4142000_classified_point_cloud.laz","2018_MLBS_3_537000_4142000_image.tif","Tree",1,537000,537999.999,4142000,4142999.999
"12935",12935,537972.142,537972.865,4142228.026,4142230.357,"Silva","NEON_D07_MLBS_DP1_537000_4142000_classified_point_cloud.laz","2018_MLBS_3_537000_4142000_image.tif","Tree",1,537000,537999.999,4142000,4142999.999
"12936",12936,537989.5,537999.987,4142226.174,4142232.834,"Silva","NEON_D07_MLBS_DP1_537000_4142000_classified_point_cloud.laz","2018_MLBS_3_537000_4142000_image.tif","Tree",1,537000,537999.999,4142000,4142999.999
"12937",12937,537947.511,537952.728,4142231.035,4142236.875,"Silva","NEON_D07_MLBS_DP1_537000_4142000_classified_point_cloud.laz","2018_MLBS_3_537000_4142000_image.tif","Tree",1,537000,537999.999,4142000,4142999.999
"12938",12938,537952.546,537956.449,4142231.592,4142235.959,"Silva","NEON_D07_MLBS_DP1_537000_4142000_classified_point_cloud.laz","2018_MLBS_3_537000_4142000_image.tif","Tree",1,537000,537999.999,4142000,4142999.999
"12939",12939,537956.597,537960.965,4142231.518,4142235.497,"Silva","NEON_D07_MLBS_DP1_537000_4142000_classified_point_cloud.laz","2018_MLBS_3_537000_4142000_image.tif","Tree",1,537000,537999.999,4142000,4142999.999
"12940",12940,537973.01,537983.743,4142223.526,4142234.182,"Silva","NEON_D07_MLBS_DP1_537000_4142000_classified_point_cloud.laz","2018_MLBS_3_537000_4142000_image.tif","Tree",1,537000,537999.999,4142000,4142999.999
"12941",12941,537953.568,537955.984,4142223.729,4142224.975,"Silva","NEON_D07_MLBS_DP1_537000_4142000_classified_point_cloud.laz","2018_MLBS_3_537000_4142000_image.tif","Tree",1,537000,537999.999,4142000,4142999.999
"12942",12942,537990.564,537999.991,4142220.064,4142227.495,"Silva","NEON_D07_MLBS_DP1_537000_4142000_classified_point_cloud.laz","2018_MLBS_3_537000_4142000_image.tif","Tree",1,537000,537999.999,4142000,4142999.999
"12943",12943,537981.215,537991.454,4142219.01,4142225.983,"Silva","NEON_D07_MLBS_DP1_537000_4142000_classified_point_cloud.laz","2018_MLBS_3_537000_4142000_image.tif","Tree",1,537000,537999.999,4142000,4142999.999
"12944",12944,537922.267,537925.496,4142289.085,4142292.969,"Silva","NEON_D07_MLBS_DP1_537000_4142000_classified_point_cloud.laz","2018_MLBS_3_537000_4142000_image.tif","Tree",1,537000,537999.999,4142000,4142999.999
"12945",12945,537939.517,537947.874,4142289.213,4142296.973,"Silva","NEON_D07_MLBS_DP1_537000_4142000_classified_point_cloud.laz","2018_MLBS_3_537000_4142000_image.tif","Tree",1,537000,537999.999,4142000,4142999.999
"12946",12946,537878.532,537888.842,4142296.157,4142302.465,"Silva","NEON_D07_MLBS_DP1_537000_4142000_classified_point_cloud.laz","2018_MLBS_3_537000_4142000_image.tif","Tree",1,537000,537999.999,4142000,4142999.999
"12947",12947,537912.689,537919.423,4142290.032,4142296.498,"Silva","NEON_D07_MLBS_DP1_537000_4142000_classified_point_cloud.laz","2018_MLBS_3_537000_4142000_image.tif","Tree",1,537000,537999.999,4142000,4142999.999
"12948",12948,537878.104,537885.978,4142298.588,4142305.872,"Silva","NEON_D07_MLBS_DP1_537000_4142000_classified_point_cloud.laz","2018_MLBS_3_537000_4142000_image.tif","Tree",1,537000,537999.999,4142000,4142999.999
"12949",12949,537919.552,537925.466,4142296.621,4142302.816,"Silva","NEON_D07_MLBS_DP1_537000_4142000_classified_point_cloud.laz","2018_MLBS_3_537000_4142000_image.tif","Tree",1,537000,537999.999,4142000,4142999.999
"12950",12950,537898.696,537901.749,4142303.094,4142305.738,"Silva","NEON_D07_MLBS_DP1_537000_4142000_classified_point_cloud.laz","2018_MLBS_3_537000_4142000_image.tif","Tree",1,537000,537999.999,4142000,4142999.999
"12951",12951,537879.229,537884.695,4142312.353,4142319.976,"Silva","NEON_D07_MLBS_DP1_537000_4142000_classified_point_cloud.laz","2018_MLBS_3_537000_4142000_image.tif","Tree",1,537000,537999.999,4142000,4142999.999
"12952",12952,537892.101,537898.721,4142316.118,4142326.819,"Silva","NEON_D07_MLBS_DP1_537000_4142000_classified_point_cloud.laz","2018_MLBS_3_537000_4142000_image.tif","Tree",1,537000,537999.999,4142000,4142999.999
"12953",12953,537938.649,537950.437,4142331.552,4142340.924,"Silva","NEON_D07_MLBS_DP1_537000_4142000_classified_point_cloud.laz","2018_MLBS_3_537000_4142000_image.tif","Tree",1,537000,537999.999,4142000,4142999.999
"12954",12954,537962.696,537965.276,4142299.582,4142300.988,"Silva","NEON_D07_MLBS_DP1_537000_4142000_classified_point_cloud.laz","2018_MLBS_3_537000_4142000_image.tif","Tree",1,537000,537999.999,4142000,4142999.999
"12955",12955,537979.051,537989.387,4142288.598,4142301.444,"Silva","NEON_D07_MLBS_DP1_537000_4142000_classified_point_cloud.laz","2018_MLBS_3_537000_4142000_image.tif","Tree",1,537000,537999.999,4142000,4142999.999
"12956",12956,537977.032,537981.93,4142291.177,4142300.489,"Silva","NEON_D07_MLBS_DP1_537000_4142000_classified_point_cloud.laz","2018_MLBS_3_537000_4142000_image.tif","Tree",1,537000,537999.999,4142000,4142999.999
"12957",12957,537944.559,537952.351,4142302.576,4142307.924,"Silva","NEON_D07_MLBS_DP1_537000_4142000_classified_point_cloud.laz","2018_MLBS_3_537000_4142000_image.tif","Tree",1,537000,537999.999,4142000,4142999.999
"12958",12958,537970.541,537978.97,4142300.003,4142308.997,"Silva","NEON_D07_MLBS_DP1_537000_4142000_classified_point_cloud.laz","2018_MLBS_3_537000_4142000_image.tif","Tree",1,537000,537999.999,4142000,4142999.999
"12959",12959,537946.581,537954.979,4142306.513,4142314.356,"Silva","NEON_D07_MLBS_DP1_537000_4142000_classified_point_cloud.laz","2018_MLBS_3_537000_4142000_image.tif","Tree",1,537000,537999.999,4142000,4142999.999
"12960",12960,537965.089,537977.861,4142300.01,4142310.988,"Silva","NEON_D07_MLBS_DP1_537000_4142000_classified_point_cloud.laz","2018_MLBS_3_537000_4142000_image.tif","Tree",1,537000,537999.999,4142000,4142999.999
"12961",12961,537988.528,537999.993,4142297.506,4142310.486,"Silva","NEON_D07_MLBS_DP1_537000_4142000_classified_point_cloud.laz","2018_MLBS_3_537000_4142000_image.tif","Tree",1,537000,537999.999,4142000,4142999.999
"12962",12962,537980.513,537992.404,4142300.505,4142313.942,"Silva","NEON_D07_MLBS_DP1_537000_4142000_classified_point_cloud.laz","2018_MLBS_3_537000_4142000_image.tif","Tree",1,537000,537999.999,4142000,4142999.999
"12963",12963,537959.135,537969.436,4142308.027,4142315.989,"Silva","NEON_D07_MLBS_DP1_537000_4142000_classified_point_cloud.laz","2018_MLBS_3_537000_4142000_image.tif","Tree",1,537000,537999.999,4142000,4142999.999
"12964",12964,537992.06,537999.997,4142305.743,4142314.491,"Silva","NEON_D07_MLBS_DP1_537000_4142000_classified_point_cloud.laz","2018_MLBS_3_537000_4142000_image.tif","Tree",1,537000,537999.999,4142000,4142999.999
"12965",12965,537963.023,537971.309,4142315.006,4142322.911,"Silva","NEON_D07_MLBS_DP1_537000_4142000_classified_point_cloud.laz","2018_MLBS_3_537000_4142000_image.tif","Tree",1,537000,537999.999,4142000,4142999.999
"12966",12966,537992.061,537999.997,4142313.012,4142322.914,"Silva","NEON_D07_MLBS_DP1_537000_4142000_classified_point_cloud.laz","2018_MLBS_3_537000_4142000_image.tif","Tree",1,537000,537999.999,4142000,4142999.999
"12967",12967,537976.587,537985.403,4142313.508,4142322.988,"Silva","NEON_D07_MLBS_DP1_537000_4142000_classified_point_cloud.laz","2018_MLBS_3_537000_4142000_image.tif","Tree",1,537000,537999.999,4142000,4142999.999
"12968",12968,537954.025,537963.496,4142323.503,4142333.239,"Silva","NEON_D07_MLBS_DP1_537000_4142000_classified_point_cloud.laz","2018_MLBS_3_537000_4142000_image.tif","Tree",1,537000,537999.999,4142000,4142999.999
"12969",12969,537947.529,537955.989,4142325.504,4142336.422,"Silva","NEON_D07_MLBS_DP1_537000_4142000_classified_point_cloud.laz","2018_MLBS_3_537000_4142000_image.tif","Tree",1,537000,537999.999,4142000,4142999.999
"12970",12970,537993.519,537999.991,4142345.122,4142355.941,"Silva","NEON_D07_MLBS_DP1_537000_4142000_classified_point_cloud.laz","2018_MLBS_3_537000_4142000_image.tif","Tree",1,537000,537999.999,4142000,4142999.999
"12971",12971,537991.059,537999.457,4142342.023,4142352.452,"Silva","NEON_D07_MLBS_DP1_537000_4142000_classified_point_cloud.laz","2018_MLBS_3_537000_4142000_image.tif","Tree",1,537000,537999.999,4142000,4142999.999
"12972",12972,537970.016,537977.4,4142343.079,4142350.378,"Silva","NEON_D07_MLBS_DP1_537000_4142000_classified_point_cloud.laz","2018_MLBS_3_537000_4142000_image.tif","Tree",1,537000,537999.999,4142000,4142999.999
"12973",12973,537961.555,537969.999,4142342.008,4142351.996,"Silva","NEON_D07_MLBS_DP1_537000_4142000_classified_point_cloud.laz","2018_MLBS_3_537000_4142000_image.tif","Tree",1,537000,537999.999,4142000,4142999.999
"12974",12974,537995.037,537999.976,4142338.514,4142344.986,"Silva","NEON_D07_MLBS_DP1_537000_4142000_classified_point_cloud.laz","2018_MLBS_3_537000_4142000_image.tif","Tree",1,537000,537999.999,4142000,4142999.999
"12975",12975,537987.659,537991.835,4142336.505,4142342.628,"Silva","NEON_D07_MLBS_DP1_537000_4142000_classified_point_cloud.laz","2018_MLBS_3_537000_4142000_image.tif","Tree",1,537000,537999.999,4142000,4142999.999
"12976",12976,537985.53,537991.871,4142327.511,4142336.994,"Silva","NEON_D07_MLBS_DP1_537000_4142000_classified_point_cloud.laz","2018_MLBS_3_537000_4142000_image.tif","Tree",1,537000,537999.999,4142000,4142999.999
"12977",12977,537958.918,537965.785,4142333.028,4142342.99,"Silva","NEON_D07_MLBS_DP1_537000_4142000_classified_point_cloud.laz","2018_MLBS_3_537000_4142000_image.tif","Tree",1,537000,537999.999,4142000,4142999.999
"12978",12978,537962.023,537971.479,4142331.577,4142341.981,"Silva","NEON_D07_MLBS_DP1_537000_4142000_classified_point_cloud.laz","2018_MLBS_3_537000_4142000_image.tif","Tree",1,537000,537999.999,4142000,4142999.999
"12979",12979,537951.59,537960.296,4142332.046,4142340.5,"Silva","NEON_D07_MLBS_DP1_537000_4142000_classified_point_cloud.laz","2018_MLBS_3_537000_4142000_image.tif","Tree",1,537000,537999.999,4142000,4142999.999
"12980",12980,537991.609,537999.989,4142322.014,4142329.992,"Silva","NEON_D07_MLBS_DP1_537000_4142000_classified_point_cloud.laz","2018_MLBS_3_537000_4142000_image.tif","Tree",1,537000,537999.999,4142000,4142999.999
"12981",12981,537940.505,537948.988,4142375.017,4142382.39,"Silva","NEON_D07_MLBS_DP1_537000_4142000_classified_point_cloud.laz","2018_MLBS_3_537000_4142000_image.tif","Tree",1,537000,537999.999,4142000,4142999.999
"12982",12982,537937.597,537950.964,4142366.032,4142375.477,"Silva","NEON_D07_MLBS_DP1_537000_4142000_classified_point_cloud.laz","2018_MLBS_3_537000_4142000_image.tif","Tree",1,537000,537999.999,4142000,4142999.999
"12983",12983,537923.226,537933.975,4142366.528,4142375.44,"Silva","NEON_D07_MLBS_DP1_537000_4142000_classified_point_cloud.laz","2018_MLBS_3_537000_4142000_image.tif","Tree",1,537000,537999.999,4142000,4142999.999
"12984",12984,537927.657,537938.981,4142362.514,4142370.437,"Silva","NEON_D07_MLBS_DP1_537000_4142000_classified_point_cloud.laz","2018_MLBS_3_537000_4142000_image.tif","Tree",1,537000,537999.999,4142000,4142999.999
"12985",12985,537904.354,537907.491,4142361.288,4142367.452,"Silva","NEON_D07_MLBS_DP1_537000_4142000_classified_point_cloud.laz","2018_MLBS_3_537000_4142000_image.tif","Tree",1,537000,537999.999,4142000,4142999.999
"12986",12986,537988.516,537998.394,4142384.042,4142395.466,"Silva","NEON_D07_MLBS_DP1_537000_4142000_classified_point_cloud.laz","2018_MLBS_3_537000_4142000_image.tif","Tree",1,537000,537999.999,4142000,4142999.999
"12987",12987,537992.523,537999.999,4142391.519,4142403.462,"Silva","NEON_D07_MLBS_DP1_537000_4142000_classified_point_cloud.laz","2018_MLBS_3_537000_4142000_image.tif","Tree",1,537000,537999.999,4142000,4142999.999
"12988",12988,537970.563,537979.991,4142401.003,4142409.987,"Silva","NEON_D07_MLBS_DP1_537000_4142000_classified_point_cloud.laz","2018_MLBS_3_537000_4142000_image.tif","Tree",1,537000,537999.999,4142000,4142999.999
"12989",12989,537994.02,537999.983,4142411.114,4142425.414,"Silva","NEON_D07_MLBS_DP1_537000_4142000_classified_point_cloud.laz","2018_MLBS_3_537000_4142000_image.tif","Tree",1,537000,537999.999,4142000,4142999.999
"12990",12990,537951.007,537959.499,4142367.008,4142375.487,"Silva","NEON_D07_MLBS_DP1_537000_4142000_classified_point_cloud.laz","2018_MLBS_3_537000_4142000_image.tif","Tree",1,537000,537999.999,4142000,4142999.999
"12991",12991,537974.014,537983.493,4142356.503,4142360.492,"Silva","NEON_D07_MLBS_DP1_537000_4142000_classified_point_cloud.laz","2018_MLBS_3_537000_4142000_image.tif","Tree",1,537000,537999.999,4142000,4142999.999
"12992",12992,537959.543,537971.789,4142353.092,4142361.982,"Silva","NEON_D07_MLBS_DP1_537000_4142000_classified_point_cloud.laz","2018_MLBS_3_537000_4142000_image.tif","Tree",1,537000,537999.999,4142000,4142999.999
"12993",12993,537974.87,537982.767,4142349.761,4142356.926,"Silva","NEON_D07_MLBS_DP1_537000_4142000_classified_point_cloud.laz","2018_MLBS_3_537000_4142000_image.tif","Tree",1,537000,537999.999,4142000,4142999.999
"12994",12994,537985.502,537993.488,4142349.227,4142356.49,"Silva","NEON_D07_MLBS_DP1_537000_4142000_classified_point_cloud.laz","2018_MLBS_3_537000_4142000_image.tif","Tree",1,537000,537999.999,4142000,4142999.999
"12995",12995,537981.071,537985.482,4142349.545,4142357.459,"Silva","NEON_D07_MLBS_DP1_537000_4142000_classified_point_cloud.laz","2018_MLBS_3_537000_4142000_image.tif","Tree",1,537000,537999.999,4142000,4142999.999
"12996",12996,537955.607,537963.94,4142200.56,4142207.985,"Silva","NEON_D07_MLBS_DP1_537000_4142000_classified_point_cloud.laz","2018_MLBS_3_537000_4142000_image.tif","Tree",1,537000,537999.999,4142000,4142999.999
"12997",12997,537889.602,537899.493,4142167.05,4142178.321,"Silva","NEON_D07_MLBS_DP1_537000_4142000_classified_point_cloud.laz","2018_MLBS_3_537000_4142000_image.tif","Tree",1,537000,537999.999,4142000,4142999.999
"12998",12998,537888.006,537895.241,4142319.025,4142328.983,"Silva","NEON_D07_MLBS_DP1_537000_4142000_classified_point_cloud.laz","2018_MLBS_3_537000_4142000_image.tif","Tree",1,537000,537999.999,4142000,4142999.999
"12999",12999,537892.159,537901.981,4142326.522,4142337.477,"Silva","NEON_D07_MLBS_DP1_537000_4142000_classified_point_cloud.laz","2018_MLBS_3_537000_4142000_image.tif","Tree",1,537000,537999.999,4142000,4142999.999
"13000",13000,537948.783,537958.467,4142336.944,4142344.775,"Silva","NEON_D07_MLBS_DP1_537000_4142000_classified_point_cloud.laz","2018_MLBS_3_537000_4142000_image.tif","Tree",1,537000,537999.999,4142000,4142999.999
"13001",13001,537894.162,537902.962,4142340.516,4142351.981,"Silva","NEON_D07_MLBS_DP1_537000_4142000_classified_point_cloud.laz","2018_MLBS_3_537000_4142000_image.tif","Tree",1,537000,537999.999,4142000,4142999.999
"13002",13002,537969.044,537978.955,4142333.057,4142343.449,"Silva","NEON_D07_MLBS_DP1_537000_4142000_classified_point_cloud.laz","2018_MLBS_3_537000_4142000_image.tif","Tree",1,537000,537999.999,4142000,4142999.999
"13003",13003,537947.52,537955.476,4142340.05,4142347.969,"Silva","NEON_D07_MLBS_DP1_537000_4142000_classified_point_cloud.laz","2018_MLBS_3_537000_4142000_image.tif","Tree",1,537000,537999.999,4142000,4142999.999
"13004",13004,537901.009,537909.783,4142347.007,4142355.174,"Silva","NEON_D07_MLBS_DP1_537000_4142000_classified_point_cloud.laz","2018_MLBS_3_537000_4142000_image.tif","Tree",1,537000,537999.999,4142000,4142999.999
"13005",13005,537978.001,537983.962,4142338.061,4142343.998,"Silva","NEON_D07_MLBS_DP1_537000_4142000_classified_point_cloud.laz","2018_MLBS_3_537000_4142000_image.tif","Tree",1,537000,537999.999,4142000,4142999.999
"13006",13006,537913.324,537919.488,4142345.265,4142353.371,"Silva","NEON_D07_MLBS_DP1_537000_4142000_classified_point_cloud.laz","2018_MLBS_3_537000_4142000_image.tif","Tree",1,537000,537999.999,4142000,4142999.999
"13007",13007,537923.512,537927.99,4142346.526,4142353.984,"Silva","NEON_D07_MLBS_DP1_537000_4142000_classified_point_cloud.laz","2018_MLBS_3_537000_4142000_image.tif","Tree",1,537000,537999.999,4142000,4142999.999
"13008",13008,537927.595,537931.417,4142345.54,4142351.467,"Silva","NEON_D07_MLBS_DP1_537000_4142000_classified_point_cloud.laz","2018_MLBS_3_537000_4142000_image.tif","Tree",1,537000,537999.999,4142000,4142999.999
"13009",13009,537917.599,537923.488,4142345.577,4142353.493,"Silva","NEON_D07_MLBS_DP1_537000_4142000_classified_point_cloud.laz","2018_MLBS_3_537000_4142000_image.tif","Tree",1,537000,537999.999,4142000,4142999.999
"13010",13010,537933.013,537941.872,4142343.13,4142349.475,"Silva","NEON_D07_MLBS_DP1_537000_4142000_classified_point_cloud.laz","2018_MLBS_3_537000_4142000_image.tif","Tree",1,537000,537999.999,4142000,4142999.999
"13011",13011,537931.029,537934.414,4142344.61,4142352.361,"Silva","NEON_D07_MLBS_DP1_537000_4142000_classified_point_cloud.laz","2018_MLBS_3_537000_4142000_image.tif","Tree",1,537000,537999.999,4142000,4142999.999
"13012",13012,537934,537937.354,4142346.552,4142351.463,"Silva","NEON_D07_MLBS_DP1_537000_4142000_classified_point_cloud.laz","2018_MLBS_3_537000_4142000_image.tif","Tree",1,537000,537999.999,4142000,4142999.999
"13013",13013,537944.055,537950.981,4142347.529,4142353.495,"Silva","NEON_D07_MLBS_DP1_537000_4142000_classified_point_cloud.laz","2018_MLBS_3_537000_4142000_image.tif","Tree",1,537000,537999.999,4142000,4142999.999
"13014",13014,537914.5,537923.478,4142352.023,4142358.465,"Silva","NEON_D07_MLBS_DP1_537000_4142000_classified_point_cloud.laz","2018_MLBS_3_537000_4142000_image.tif","Tree",1,537000,537999.999,4142000,4142999.999
"13015",13015,537950.075,537960.43,4142347.54,4142355.979,"Silva","NEON_D07_MLBS_DP1_537000_4142000_classified_point_cloud.laz","2018_MLBS_3_537000_4142000_image.tif","Tree",1,537000,537999.999,4142000,4142999.999
"13016",13016,537932.511,537939.438,4142351.074,4142357.966,"Silva","NEON_D07_MLBS_DP1_537000_4142000_classified_point_cloud.laz","2018_MLBS_3_537000_4142000_image.tif","Tree",1,537000,537999.999,4142000,4142999.999
"13017",13017,537915.023,537921.954,4142357.512,4142366.849,"Silva","NEON_D07_MLBS_DP1_537000_4142000_classified_point_cloud.laz","2018_MLBS_3_537000_4142000_image.tif","Tree",1,537000,537999.999,4142000,4142999.999
"13018",13018,537947.501,537953.996,4142353.533,4142360.5,"Silva","NEON_D07_MLBS_DP1_537000_4142000_classified_point_cloud.laz","2018_MLBS_3_537000_4142000_image.tif","Tree",1,537000,537999.999,4142000,4142999.999
"13019",13019,537948.525,537955.471,4142356.086,4142363.499,"Silva","NEON_D07_MLBS_DP1_537000_4142000_classified_point_cloud.laz","2018_MLBS_3_537000_4142000_image.tif","Tree",1,537000,537999.999,4142000,4142999.999
"13020",13020,537983.503,537989.961,4142356.009,4142360.485,"Silva","NEON_D07_MLBS_DP1_537000_4142000_classified_point_cloud.laz","2018_MLBS_3_537000_4142000_image.tif","Tree",1,537000,537999.999,4142000,4142999.999
"13021",13021,537904.118,537910.933,4142365.259,4142373.95,"Silva","NEON_D07_MLBS_DP1_537000_4142000_classified_point_cloud.laz","2018_MLBS_3_537000_4142000_image.tif","Tree",1,537000,537999.999,4142000,4142999.999
"13022",13022,537988.547,537996.474,4142353.666,4142365.989,"Silva","NEON_D07_MLBS_DP1_537000_4142000_classified_point_cloud.laz","2018_MLBS_3_537000_4142000_image.tif","Tree",1,537000,537999.999,4142000,4142999.999
"13023",13023,537897.258,537906.992,4142370.506,4142380.489,"Silva","NEON_D07_MLBS_DP1_537000_4142000_classified_point_cloud.laz","2018_MLBS_3_537000_4142000_image.tif","Tree",1,537000,537999.999,4142000,4142999.999
"13024",13024,537907.001,537914.993,4142369.001,4142380.985,"Silva","NEON_D07_MLBS_DP1_537000_4142000_classified_point_cloud.laz","2018_MLBS_3_537000_4142000_image.tif","Tree",1,537000,537999.999,4142000,4142999.999
"13025",13025,537914.522,537923.481,4142366.532,4142376.86,"Silva","NEON_D07_MLBS_DP1_537000_4142000_classified_point_cloud.laz","2018_MLBS_3_537000_4142000_image.tif","Tree",1,537000,537999.999,4142000,4142999.999
"13026",13026,537960.518,537969.455,4142361.012,4142367.799,"Silva","NEON_D07_MLBS_DP1_537000_4142000_classified_point_cloud.laz","2018_MLBS_3_537000_4142000_image.tif","Tree",1,537000,537999.999,4142000,4142999.999
"13027",13027,537969.005,537976.443,4142357.135,4142366.449,"Silva","NEON_D07_MLBS_DP1_537000_4142000_classified_point_cloud.laz","2018_MLBS_3_537000_4142000_image.tif","Tree",1,537000,537999.999,4142000,4142999.999
"13028",13028,537976.505,537983.998,4142360.004,4142367.87,"Silva","NEON_D07_MLBS_DP1_537000_4142000_classified_point_cloud.laz","2018_MLBS_3_537000_4142000_image.tif","Tree",1,537000,537999.999,4142000,4142999.999
"13029",13029,537880.03,537888.403,4142371.562,4142384.47,"Silva","NEON_D07_MLBS_DP1_537000_4142000_classified_point_cloud.laz","2018_MLBS_3_537000_4142000_image.tif","Tree",1,537000,537999.999,4142000,4142999.999
"13030",13030,537984.001,537992.967,4142360.509,4142367.96,"Silva","NEON_D07_MLBS_DP1_537000_4142000_classified_point_cloud.laz","2018_MLBS_3_537000_4142000_image.tif","Tree",1,537000,537999.999,4142000,4142999.999
"13031",13031,537973.623,537980.494,4142363.028,4142368,"Silva","NEON_D07_MLBS_DP1_537000_4142000_classified_point_cloud.laz","2018_MLBS_3_537000_4142000_image.tif","Tree",1,537000,537999.999,4142000,4142999.999
"13032",13032,537970.101,537975.462,4142366.007,4142372.438,"Silva","NEON_D07_MLBS_DP1_537000_4142000_classified_point_cloud.laz","2018_MLBS_3_537000_4142000_image.tif","Tree",1,537000,537999.999,4142000,4142999.999
"13033",13033,537972.611,537981.456,4142367.504,4142374.456,"Silva","NEON_D07_MLBS_DP1_537000_4142000_classified_point_cloud.laz","2018_MLBS_3_537000_4142000_image.tif","Tree",1,537000,537999.999,4142000,4142999.999
"13034",13034,537883.575,537894.498,4142381.048,4142389.893,"Silva","NEON_D07_MLBS_DP1_537000_4142000_classified_point_cloud.laz","2018_MLBS_3_537000_4142000_image.tif","Tree",1,537000,537999.999,4142000,4142999.999
"13035",13035,537913.009,537925.457,4142376.015,4142384.989,"Silva","NEON_D07_MLBS_DP1_537000_4142000_classified_point_cloud.laz","2018_MLBS_3_537000_4142000_image.tif","Tree",1,537000,537999.999,4142000,4142999.999
"13036",13036,537894.025,537903.14,4142378.511,4142389.368,"Silva","NEON_D07_MLBS_DP1_537000_4142000_classified_point_cloud.laz","2018_MLBS_3_537000_4142000_image.tif","Tree",1,537000,537999.999,4142000,4142999.999
"13037",13037,537949.025,537957.988,4142373.099,4142383.892,"Silva","NEON_D07_MLBS_DP1_537000_4142000_classified_point_cloud.laz","2018_MLBS_3_537000_4142000_image.tif","Tree",1,537000,537999.999,4142000,4142999.999
"13038",13038,537977.613,537986.783,4142369.024,4142380.462,"Silva","NEON_D07_MLBS_DP1_537000_4142000_classified_point_cloud.laz","2018_MLBS_3_537000_4142000_image.tif","Tree",1,537000,537999.999,4142000,4142999.999
"13039",13039,537906.001,537913.488,4142380.037,4142389.901,"Silva","NEON_D07_MLBS_DP1_537000_4142000_classified_point_cloud.laz","2018_MLBS_3_537000_4142000_image.tif","Tree",1,537000,537999.999,4142000,4142999.999
"13040",13040,537957.506,537966.879,4142374.511,4142381.415,"Silva","NEON_D07_MLBS_DP1_537000_4142000_classified_point_cloud.laz","2018_MLBS_3_537000_4142000_image.tif","Tree",1,537000,537999.999,4142000,4142999.999
"13041",13041,537879.543,537890.463,4142386.525,4142397.983,"Silva","NEON_D07_MLBS_DP1_537000_4142000_classified_point_cloud.laz","2018_MLBS_3_537000_4142000_image.tif","Tree",1,537000,537999.999,4142000,4142999.999
"13042",13042,537912.584,537924.493,4142383.001,4142392.978,"Silva","NEON_D07_MLBS_DP1_537000_4142000_classified_point_cloud.laz","2018_MLBS_3_537000_4142000_image.tif","Tree",1,537000,537999.999,4142000,4142999.999
"13043",13043,537885.501,537893.38,4142390.039,4142399.454,"Silva","NEON_D07_MLBS_DP1_537000_4142000_classified_point_cloud.laz","2018_MLBS_3_537000_4142000_image.tif","Tree",1,537000,537999.999,4142000,4142999.999
"13044",13044,537955.508,537963.214,4142380.077,4142388.911,"Silva","NEON_D07_MLBS_DP1_537000_4142000_classified_point_cloud.laz","2018_MLBS_3_537000_4142000_image.tif","Tree",1,537000,537999.999,4142000,4142999.999
"13045",13045,537986.657,537994.482,4142377.552,4142384.939,"Silva","NEON_D07_MLBS_DP1_537000_4142000_classified_point_cloud.laz","2018_MLBS_3_537000_4142000_image.tif","Tree",1,537000,537999.999,4142000,4142999.999
"13046",13046,537934.536,537944.49,4142383.54,4142395.472,"Silva","NEON_D07_MLBS_DP1_537000_4142000_classified_point_cloud.laz","2018_MLBS_3_537000_4142000_image.tif","Tree",1,537000,537999.999,4142000,4142999.999
"13047",13047,537912.513,537924.428,4142391.744,4142399.58,"Silva","NEON_D07_MLBS_DP1_537000_4142000_classified_point_cloud.laz","2018_MLBS_3_537000_4142000_image.tif","Tree",1,537000,537999.999,4142000,4142999.999
"13048",13048,537910.684,537921.97,4142395.547,4142403.975,"Silva","NEON_D07_MLBS_DP1_537000_4142000_classified_point_cloud.laz","2018_MLBS_3_537000_4142000_image.tif","Tree",1,537000,537999.999,4142000,4142999.999
"13049",13049,537971.563,537983.398,4142386.125,4142392.877,"Silva","NEON_D07_MLBS_DP1_537000_4142000_classified_point_cloud.laz","2018_MLBS_3_537000_4142000_image.tif","Tree",1,537000,537999.999,4142000,4142999.999
"13050",13050,537898.535,537905.989,4142400.601,4142405.498,"Silva","NEON_D07_MLBS_DP1_537000_4142000_classified_point_cloud.laz","2018_MLBS_3_537000_4142000_image.tif","Tree",1,537000,537999.999,4142000,4142999.999
"13051",13051,537905.51,537912.451,4142397.01,4142405.478,"Silva","NEON_D07_MLBS_DP1_537000_4142000_classified_point_cloud.laz","2018_MLBS_3_537000_4142000_image.tif","Tree",1,537000,537999.999,4142000,4142999.999
"13052",13052,537951.54,537958.979,4142392.565,4142402.498,"Silva","NEON_D07_MLBS_DP1_537000_4142000_classified_point_cloud.laz","2018_MLBS_3_537000_4142000_image.tif","Tree",1,537000,537999.999,4142000,4142999.999
"13053",13053,537958.51,537965.927,4142390.102,4142397.5,"Silva","NEON_D07_MLBS_DP1_537000_4142000_classified_point_cloud.laz","2018_MLBS_3_537000_4142000_image.tif","Tree",1,537000,537999.999,4142000,4142999.999
"13054",13054,537899.046,537907.47,4142404.609,4142409.973,"Silva","NEON_D07_MLBS_DP1_537000_4142000_classified_point_cloud.laz","2018_MLBS_3_537000_4142000_image.tif","Tree",1,537000,537999.999,4142000,4142999.999
"13055",13055,537958.05,537966.979,4142397.039,4142401.462,"Silva","NEON_D07_MLBS_DP1_537000_4142000_classified_point_cloud.laz","2018_MLBS_3_537000_4142000_image.tif","Tree",1,537000,537999.999,4142000,4142999.999
"13056",13056,537942.524,537947.836,4142400.01,4142407.478,"Silva","NEON_D07_MLBS_DP1_537000_4142000_classified_point_cloud.laz","2018_MLBS_3_537000_4142000_image.tif","Tree",1,537000,537999.999,4142000,4142999.999
"13057",13057,537889.503,537897.499,4142410.03,4142420.93,"Silva","NEON_D07_MLBS_DP1_537000_4142000_classified_point_cloud.laz","2018_MLBS_3_537000_4142000_image.tif","Tree",1,537000,537999.999,4142000,4142999.999
"13058",13058,537947.458,537954.951,4142402.005,4142409.437,"Silva","NEON_D07_MLBS_DP1_537000_4142000_classified_point_cloud.laz","2018_MLBS_3_537000_4142000_image.tif","Tree",1,537000,537999.999,4142000,4142999.999
"13059",13059,537907.038,537913.99,4142408.743,4142416.968,"Silva","NEON_D07_MLBS_DP1_537000_4142000_classified_point_cloud.laz","2018_MLBS_3_537000_4142000_image.tif","Tree",1,537000,537999.999,4142000,4142999.999
"13060",13060,537964.081,537971.942,4142399.805,4142408.851,"Silva","NEON_D07_MLBS_DP1_537000_4142000_classified_point_cloud.laz","2018_MLBS_3_537000_4142000_image.tif","Tree",1,537000,537999.999,4142000,4142999.999
"13061",13061,537924.029,537934.638,4142407.021,4142416.857,"Silva","NEON_D07_MLBS_DP1_537000_4142000_classified_point_cloud.laz","2018_MLBS_3_537000_4142000_image.tif","Tree",1,537000,537999.999,4142000,4142999.999
"13062",13062,537918.507,537925.895,4142407.042,4142415.493,"Silva","NEON_D07_MLBS_DP1_537000_4142000_classified_point_cloud.laz","2018_MLBS_3_537000_4142000_image.tif","Tree",1,537000,537999.999,4142000,4142999.999
"13063",13063,537956.507,537961.893,4142402.51,4142409.49,"Silva","NEON_D07_MLBS_DP1_537000_4142000_classified_point_cloud.laz","2018_MLBS_3_537000_4142000_image.tif","Tree",1,537000,537999.999,4142000,4142999.999
"13064",13064,537979.006,537986.478,4142400.049,4142411.447,"Silva","NEON_D07_MLBS_DP1_537000_4142000_classified_point_cloud.laz","2018_MLBS_3_537000_4142000_image.tif","Tree",1,537000,537999.999,4142000,4142999.999
"13065",13065,537931.014,537939.327,4142408.006,4142419.441,"Silva","NEON_D07_MLBS_DP1_537000_4142000_classified_point_cloud.laz","2018_MLBS_3_537000_4142000_image.tif","Tree",1,537000,537999.999,4142000,4142999.999
"13066",13066,537942.01,537945.999,4142412.578,4142418.988,"Silva","NEON_D07_MLBS_DP1_537000_4142000_classified_point_cloud.laz","2018_MLBS_3_537000_4142000_image.tif","Tree",1,537000,537999.999,4142000,4142999.999
"13067",13067,537946.013,537952.428,4142410.53,4142418.967,"Silva","NEON_D07_MLBS_DP1_537000_4142000_classified_point_cloud.laz","2018_MLBS_3_537000_4142000_image.tif","Tree",1,537000,537999.999,4142000,4142999.999
"13068",13068,537981.501,537992.78,4142403.509,4142412.962,"Silva","NEON_D07_MLBS_DP1_537000_4142000_classified_point_cloud.laz","2018_MLBS_3_537000_4142000_image.tif","Tree",1,537000,537999.999,4142000,4142999.999
"13069",13069,537970.054,537981.949,4142408.518,4142414.469,"Silva","NEON_D07_MLBS_DP1_537000_4142000_classified_point_cloud.laz","2018_MLBS_3_537000_4142000_image.tif","Tree",1,537000,537999.999,4142000,4142999.999
"13070",13070,537994.984,537999.983,4142403.63,4142411.978,"Silva","NEON_D07_MLBS_DP1_537000_4142000_classified_point_cloud.laz","2018_MLBS_3_537000_4142000_image.tif","Tree",1,537000,537999.999,4142000,4142999.999
"13071",13071,537801.078,537813.991,4142416.006,4142426.932,"Silva","NEON_D07_MLBS_DP1_537000_4142000_classified_point_cloud.laz","2018_MLBS_3_537000_4142000_image.tif","Tree",1,537000,537999.999,4142000,4142999.999
"13072",13072,537790.06,537803.494,4142423.005,4142431.998,"Silva","NEON_D07_MLBS_DP1_537000_4142000_classified_point_cloud.laz","2018_MLBS_3_537000_4142000_image.tif","Tree",1,537000,537999.999,4142000,4142999.999
"13073",13073,537795.057,537803.977,4142433.508,4142442.974,"Silva","NEON_D07_MLBS_DP1_537000_4142000_classified_point_cloud.laz","2018_MLBS_3_537000_4142000_image.tif","Tree",1,537000,537999.999,4142000,4142999.999
"13074",13074,537804.067,537811.986,4142438.071,4142445.486,"Silva","NEON_D07_MLBS_DP1_537000_4142000_classified_point_cloud.laz","2018_MLBS_3_537000_4142000_image.tif","Tree",1,537000,537999.999,4142000,4142999.999
"13075",13075,537794.51,537801.932,4142441.559,4142448.479,"Silva","NEON_D07_MLBS_DP1_537000_4142000_classified_point_cloud.laz","2018_MLBS_3_537000_4142000_image.tif","Tree",1,537000,537999.999,4142000,4142999.999
"13076",13076,537810.552,537815.493,4142444.017,4142450.48,"Silva","NEON_D07_MLBS_DP1_537000_4142000_classified_point_cloud.laz","2018_MLBS_3_537000_4142000_image.tif","Tree",1,537000,537999.999,4142000,4142999.999
"13077",13077,537790.553,537797.985,4142449.011,4142458.932,"Silva","NEON_D07_MLBS_DP1_537000_4142000_classified_point_cloud.laz","2018_MLBS_3_537000_4142000_image.tif","Tree",1,537000,537999.999,4142000,4142999.999
"13078",13078,537807.508,537817.979,4142475.057,4142486.158,"Silva","NEON_D07_MLBS_DP1_537000_4142000_classified_point_cloud.laz","2018_MLBS_3_537000_4142000_image.tif","Tree",1,537000,537999.999,4142000,4142999.999
"13079",13079,537795.502,537801.496,4142475.028,4142483.984,"Silva","NEON_D07_MLBS_DP1_537000_4142000_classified_point_cloud.laz","2018_MLBS_3_537000_4142000_image.tif","Tree",1,537000,537999.999,4142000,4142999.999
"13080",13080,537796.205,537803.492,4142468.609,4142475.981,"Silva","NEON_D07_MLBS_DP1_537000_4142000_classified_point_cloud.laz","2018_MLBS_3_537000_4142000_image.tif","Tree",1,537000,537999.999,4142000,4142999.999
"13081",13081,537801.039,537809.92,4142467.004,4142475.981,"Silva","NEON_D07_MLBS_DP1_537000_4142000_classified_point_cloud.laz","2018_MLBS_3_537000_4142000_image.tif","Tree",1,537000,537999.999,4142000,4142999.999
"13082",13082,537800.148,537808.996,4142456.511,4142467.489,"Silva","NEON_D07_MLBS_DP1_537000_4142000_classified_point_cloud.laz","2018_MLBS_3_537000_4142000_image.tif","Tree",1,537000,537999.999,4142000,4142999.999
"13083",13083,537823.573,537834.479,4142412.047,4142423.981,"Silva","NEON_D07_MLBS_DP1_537000_4142000_classified_point_cloud.laz","2018_MLBS_3_537000_4142000_image.tif","Tree",1,537000,537999.999,4142000,4142999.999
"13084",13084,537840.542,537846.979,4142413.667,4142423.429,"Silva","NEON_D07_MLBS_DP1_537000_4142000_classified_point_cloud.laz","2018_MLBS_3_537000_4142000_image.tif","Tree",1,537000,537999.999,4142000,4142999.999
"13085",13085,537847.016,537852.968,4142413.058,4142420.941,"Silva","NEON_D07_MLBS_DP1_537000_4142000_classified_point_cloud.laz","2018_MLBS_3_537000_4142000_image.tif","Tree",1,537000,537999.999,4142000,4142999.999
"13086",13086,537877.531,537882.95,4142414.503,4142425.86,"Silva","NEON_D07_MLBS_DP1_537000_4142000_classified_point_cloud.laz","2018_MLBS_3_537000_4142000_image.tif","Tree",1,537000,537999.999,4142000,4142999.999
"13087",13087,537811.07,537822.98,4142424.515,4142436.975,"Silva","NEON_D07_MLBS_DP1_537000_4142000_classified_point_cloud.laz","2018_MLBS_3_537000_4142000_image.tif","Tree",1,537000,537999.999,4142000,4142999.999
"13088",13088,537833.017,537842.415,4142421.047,4142433.461,"Silva","NEON_D07_MLBS_DP1_537000_4142000_classified_point_cloud.laz","2018_MLBS_3_537000_4142000_image.tif","Tree",1,537000,537999.999,4142000,4142999.999
"13089",13089,537823.011,537834.483,4142426.083,4142436.82,"Silva","NEON_D07_MLBS_DP1_537000_4142000_classified_point_cloud.laz","2018_MLBS_3_537000_4142000_image.tif","Tree",1,537000,537999.999,4142000,4142999.999
"13090",13090,537841.505,537848.982,4142423.003,4142431.483,"Silva","NEON_D07_MLBS_DP1_537000_4142000_classified_point_cloud.laz","2018_MLBS_3_537000_4142000_image.tif","Tree",1,537000,537999.999,4142000,4142999.999
"13091",13091,537859.7,537875.691,4142422.093,4142432.441,"Silva","NEON_D07_MLBS_DP1_537000_4142000_classified_point_cloud.laz","2018_MLBS_3_537000_4142000_image.tif","Tree",1,537000,537999.999,4142000,4142999.999
"13092",13092,537836.56,537844.928,4142430.001,4142437.99,"Silva","NEON_D07_MLBS_DP1_537000_4142000_classified_point_cloud.laz","2018_MLBS_3_537000_4142000_image.tif","Tree",1,537000,537999.999,4142000,4142999.999
"13093",13093,537843.538,537856.983,4142431.003,4142440.991,"Silva","NEON_D07_MLBS_DP1_537000_4142000_classified_point_cloud.laz","2018_MLBS_3_537000_4142000_image.tif","Tree",1,537000,537999.999,4142000,4142999.999
"13094",13094,537858.502,537875.388,4142427.139,4142435.474,"Silva","NEON_D07_MLBS_DP1_537000_4142000_classified_point_cloud.laz","2018_MLBS_3_537000_4142000_image.tif","Tree",1,537000,537999.999,4142000,4142999.999
"13095",13095,537860.089,537873.99,4142431.523,4142440.987,"Silva","NEON_D07_MLBS_DP1_537000_4142000_classified_point_cloud.laz","2018_MLBS_3_537000_4142000_image.tif","Tree",1,537000,537999.999,4142000,4142999.999
"13096",13096,537838.543,537852.425,4142437.52,4142444.484,"Silva","NEON_D07_MLBS_DP1_537000_4142000_classified_point_cloud.laz","2018_MLBS_3_537000_4142000_image.tif","Tree",1,537000,537999.999,4142000,4142999.999
"13097",13097,537868.714,537876.905,4142432.284,4142442.488,"Silva","NEON_D07_MLBS_DP1_537000_4142000_classified_point_cloud.laz","2018_MLBS_3_537000_4142000_image.tif","Tree",1,537000,537999.999,4142000,4142999.999
"13098",13098,537813.502,537820.189,4142447.009,4142452.466,"Silva","NEON_D07_MLBS_DP1_537000_4142000_classified_point_cloud.laz","2018_MLBS_3_537000_4142000_image.tif","Tree",1,537000,537999.999,4142000,4142999.999
"13099",13099,537874.5,537885.467,4142477.755,4142490.886,"Silva","NEON_D07_MLBS_DP1_537000_4142000_classified_point_cloud.laz","2018_MLBS_3_537000_4142000_image.tif","Tree",1,537000,537999.999,4142000,4142999.999
"13100",13100,537869.556,537877.469,4142475.008,4142486.779,"Silva","NEON_D07_MLBS_DP1_537000_4142000_classified_point_cloud.laz","2018_MLBS_3_537000_4142000_image.tif","Tree",1,537000,537999.999,4142000,4142999.999
"13101",13101,537833.252,537844.431,4142479.06,4142484.935,"Silva","NEON_D07_MLBS_DP1_537000_4142000_classified_point_cloud.laz","2018_MLBS_3_537000_4142000_image.tif","Tree",1,537000,537999.999,4142000,4142999.999
"13102",13102,537858.165,537870.813,4142471.551,4142477.481,"Silva","NEON_D07_MLBS_DP1_537000_4142000_classified_point_cloud.laz","2018_MLBS_3_537000_4142000_image.tif","Tree",1,537000,537999.999,4142000,4142999.999
"13103",13103,537870.692,537880.935,4142467.567,4142477.18,"Silva","NEON_D07_MLBS_DP1_537000_4142000_classified_point_cloud.laz","2018_MLBS_3_537000_4142000_image.tif","Tree",1,537000,537999.999,4142000,4142999.999
"13104",13104,537875.137,537884.468,4142462.749,4142473.958,"Silva","NEON_D07_MLBS_DP1_537000_4142000_classified_point_cloud.laz","2018_MLBS_3_537000_4142000_image.tif","Tree",1,537000,537999.999,4142000,4142999.999
"13105",13105,537825.055,537831.994,4142476.517,4142481.466,"Silva","NEON_D07_MLBS_DP1_537000_4142000_classified_point_cloud.laz","2018_MLBS_3_537000_4142000_image.tif","Tree",1,537000,537999.999,4142000,4142999.999
"13106",13106,537838.637,537850.466,4142469.014,4142482.429,"Silva","NEON_D07_MLBS_DP1_537000_4142000_classified_point_cloud.laz","2018_MLBS_3_537000_4142000_image.tif","Tree",1,537000,537999.999,4142000,4142999.999
"13107",13107,537861.012,537866.475,4142460.598,4142471.365,"Silva","NEON_D07_MLBS_DP1_537000_4142000_classified_point_cloud.laz","2018_MLBS_3_537000_4142000_image.tif","Tree",1,537000,537999.999,4142000,4142999.999
"13108",13108,537825.002,537833.794,4142469.001,4142476.959,"Silva","NEON_D07_MLBS_DP1_537000_4142000_classified_point_cloud.laz","2018_MLBS_3_537000_4142000_image.tif","Tree",1,537000,537999.999,4142000,4142999.999
"13109",13109,537853.088,537861.499,4142461.704,4142472.976,"Silva","NEON_D07_MLBS_DP1_537000_4142000_classified_point_cloud.laz","2018_MLBS_3_537000_4142000_image.tif","Tree",1,537000,537999.999,4142000,4142999.999
"13110",13110,537812.005,537818.996,4142469.011,4142478.402,"Silva","NEON_D07_MLBS_DP1_537000_4142000_classified_point_cloud.laz","2018_MLBS_3_537000_4142000_image.tif","Tree",1,537000,537999.999,4142000,4142999.999
"13111",13111,537824.528,537835.329,4142467.006,4142473.472,"Silva","NEON_D07_MLBS_DP1_537000_4142000_classified_point_cloud.laz","2018_MLBS_3_537000_4142000_image.tif","Tree",1,537000,537999.999,4142000,4142999.999
"13112",13112,537830.622,537840.474,4142463.001,4142472.271,"Silva","NEON_D07_MLBS_DP1_537000_4142000_classified_point_cloud.laz","2018_MLBS_3_537000_4142000_image.tif","Tree",1,537000,537999.999,4142000,4142999.999
"13113",13113,537869.147,537879.259,4142454.535,4142461.966,"Silva","NEON_D07_MLBS_DP1_537000_4142000_classified_point_cloud.laz","2018_MLBS_3_537000_4142000_image.tif","Tree",1,537000,537999.999,4142000,4142999.999
"13114",13114,537839.51,537852.499,4142459.206,4142469.485,"Silva","NEON_D07_MLBS_DP1_537000_4142000_classified_point_cloud.laz","2018_MLBS_3_537000_4142000_image.tif","Tree",1,537000,537999.999,4142000,4142999.999
"13115",13115,537825.539,537835.482,4142459.524,4142466.993,"Silva","NEON_D07_MLBS_DP1_537000_4142000_classified_point_cloud.laz","2018_MLBS_3_537000_4142000_image.tif","Tree",1,537000,537999.999,4142000,4142999.999
"13116",13116,537812.683,537821.954,4142462.047,4142468.979,"Silva","NEON_D07_MLBS_DP1_537000_4142000_classified_point_cloud.laz","2018_MLBS_3_537000_4142000_image.tif","Tree",1,537000,537999.999,4142000,4142999.999
"13117",13117,537874.502,537881.976,4142446.532,4142455.967,"Silva","NEON_D07_MLBS_DP1_537000_4142000_classified_point_cloud.laz","2018_MLBS_3_537000_4142000_image.tif","Tree",1,537000,537999.999,4142000,4142999.999
"13118",13118,537834.095,537842.469,4142452.501,4142465.496,"Silva","NEON_D07_MLBS_DP1_537000_4142000_classified_point_cloud.laz","2018_MLBS_3_537000_4142000_image.tif","Tree",1,537000,537999.999,4142000,4142999.999
"13119",13119,537867.03,537875.495,4142445.081,4142455.995,"Silva","NEON_D07_MLBS_DP1_537000_4142000_classified_point_cloud.laz","2018_MLBS_3_537000_4142000_image.tif","Tree",1,537000,537999.999,4142000,4142999.999
"13120",13120,537815.003,537820.488,4142457.022,4142462.443,"Silva","NEON_D07_MLBS_DP1_537000_4142000_classified_point_cloud.laz","2018_MLBS_3_537000_4142000_image.tif","Tree",1,537000,537999.999,4142000,4142999.999
"13121",13121,537862.012,537871.477,4142439.028,4142451.995,"Silva","NEON_D07_MLBS_DP1_537000_4142000_classified_point_cloud.laz","2018_MLBS_3_537000_4142000_image.tif","Tree",1,537000,537999.999,4142000,4142999.999
"13122",13122,537815.016,537822.476,4142451.509,4142457.91,"Silva","NEON_D07_MLBS_DP1_537000_4142000_classified_point_cloud.laz","2018_MLBS_3_537000_4142000_image.tif","Tree",1,537000,537999.999,4142000,4142999.999
"13123",13123,537871.74,537882.906,4142438.529,4142446.991,"Silva","NEON_D07_MLBS_DP1_537000_4142000_classified_point_cloud.laz","2018_MLBS_3_537000_4142000_image.tif","Tree",1,537000,537999.999,4142000,4142999.999
"13124",13124,537818.006,537826.317,4142447.023,4142456.5,"Silva","NEON_D07_MLBS_DP1_537000_4142000_classified_point_cloud.laz","2018_MLBS_3_537000_4142000_image.tif","Tree",1,537000,537999.999,4142000,4142999.999
"13125",13125,537834,537842.472,4142442.517,4142452.29,"Silva","NEON_D07_MLBS_DP1_537000_4142000_classified_point_cloud.laz","2018_MLBS_3_537000_4142000_image.tif","Tree",1,537000,537999.999,4142000,4142999.999
"13126",13126,537877.003,537884.875,4142433.036,4142442.48,"Silva","NEON_D07_MLBS_DP1_537000_4142000_classified_point_cloud.laz","2018_MLBS_3_537000_4142000_image.tif","Tree",1,537000,537999.999,4142000,4142999.999
"13127",13127,537799.571,537808.484,4142493.573,4142501.484,"Silva","NEON_D07_MLBS_DP1_537000_4142000_classified_point_cloud.laz","2018_MLBS_3_537000_4142000_image.tif","Tree",1,537000,537999.999,4142000,4142999.999
"13128",13128,537810.003,537819.96,4142486.017,4142498.475,"Silva","NEON_D07_MLBS_DP1_537000_4142000_classified_point_cloud.laz","2018_MLBS_3_537000_4142000_image.tif","Tree",1,537000,537999.999,4142000,4142999.999
"13129",13129,537801.101,537811.479,4142481.624,4142489.995,"Silva","NEON_D07_MLBS_DP1_537000_4142000_classified_point_cloud.laz","2018_MLBS_3_537000_4142000_image.tif","Tree",1,537000,537999.999,4142000,4142999.999
"13130",13130,537854.011,537865.475,4142494.653,4142504.387,"Silva","NEON_D07_MLBS_DP1_537000_4142000_classified_point_cloud.laz","2018_MLBS_3_537000_4142000_image.tif","Tree",1,537000,537999.999,4142000,4142999.999
"13131",13131,537835.533,537848.487,4142494.519,4142501.981,"Silva","NEON_D07_MLBS_DP1_537000_4142000_classified_point_cloud.laz","2018_MLBS_3_537000_4142000_image.tif","Tree",1,537000,537999.999,4142000,4142999.999
"13132",13132,537854.093,537865.972,4142485.037,4142496.464,"Silva","NEON_D07_MLBS_DP1_537000_4142000_classified_point_cloud.laz","2018_MLBS_3_537000_4142000_image.tif","Tree",1,537000,537999.999,4142000,4142999.999
"13133",13133,537860.01,537872.885,4142484.017,4142495.038,"Silva","NEON_D07_MLBS_DP1_537000_4142000_classified_point_cloud.laz","2018_MLBS_3_537000_4142000_image.tif","Tree",1,537000,537999.999,4142000,4142999.999
"13134",13134,537819.539,537832.478,4142490.503,4142498,"Silva","NEON_D07_MLBS_DP1_537000_4142000_classified_point_cloud.laz","2018_MLBS_3_537000_4142000_image.tif","Tree",1,537000,537999.999,4142000,4142999.999
"13135",13135,537866.002,537874.489,4142479.188,4142491.393,"Silva","NEON_D07_MLBS_DP1_537000_4142000_classified_point_cloud.laz","2018_MLBS_3_537000_4142000_image.tif","Tree",1,537000,537999.999,4142000,4142999.999
"13136",13136,537831.092,537839.484,4142486.096,4142497.453,"Silva","NEON_D07_MLBS_DP1_537000_4142000_classified_point_cloud.laz","2018_MLBS_3_537000_4142000_image.tif","Tree",1,537000,537999.999,4142000,4142999.999
"13137",13137,537834.606,537844.921,4142483.031,4142491.451,"Silva","NEON_D07_MLBS_DP1_537000_4142000_classified_point_cloud.laz","2018_MLBS_3_537000_4142000_image.tif","Tree",1,537000,537999.999,4142000,4142999.999
"13138",13138,537814.615,537823.475,4142482.015,4142493.41,"Silva","NEON_D07_MLBS_DP1_537000_4142000_classified_point_cloud.laz","2018_MLBS_3_537000_4142000_image.tif","Tree",1,537000,537999.999,4142000,4142999.999
"13139",13139,537979.677,537989.745,4142415.521,4142426.992,"Silva","NEON_D07_MLBS_DP1_537000_4142000_classified_point_cloud.laz","2018_MLBS_3_537000_4142000_image.tif","Tree",1,537000,537999.999,4142000,4142999.999
"13140",13140,537993.63,537999.999,4142428.043,4142441.452,"Silva","NEON_D07_MLBS_DP1_537000_4142000_classified_point_cloud.laz","2018_MLBS_3_537000_4142000_image.tif","Tree",1,537000,537999.999,4142000,4142999.999
"13141",13141,537995.508,537999.99,4142441.503,4142453.49,"Silva","NEON_D07_MLBS_DP1_537000_4142000_classified_point_cloud.laz","2018_MLBS_3_537000_4142000_image.tif","Tree",1,537000,537999.999,4142000,4142999.999
"13142",13142,537880.233,537894.482,4142419.504,4142428.695,"Silva","NEON_D07_MLBS_DP1_537000_4142000_classified_point_cloud.laz","2018_MLBS_3_537000_4142000_image.tif","Tree",1,537000,537999.999,4142000,4142999.999
"13143",13143,537935.036,537944.314,4142416.027,4142422.47,"Silva","NEON_D07_MLBS_DP1_537000_4142000_classified_point_cloud.laz","2018_MLBS_3_537000_4142000_image.tif","Tree",1,537000,537999.999,4142000,4142999.999
"13144",13144,537901.504,537908.926,4142421.79,4142430.484,"Silva","NEON_D07_MLBS_DP1_537000_4142000_classified_point_cloud.laz","2018_MLBS_3_537000_4142000_image.tif","Tree",1,537000,537999.999,4142000,4142999.999
"13145",13145,537960.094,537967.948,4142415.082,4142423.4,"Silva","NEON_D07_MLBS_DP1_537000_4142000_classified_point_cloud.laz","2018_MLBS_3_537000_4142000_image.tif","Tree",1,537000,537999.999,4142000,4142999.999
"13146",13146,537968.573,537974.483,4142415.068,4142419.989,"Silva","NEON_D07_MLBS_DP1_537000_4142000_classified_point_cloud.laz","2018_MLBS_3_537000_4142000_image.tif","Tree",1,537000,537999.999,4142000,4142999.999
"13147",13147,537917.555,537925.982,4142423.53,4142433.473,"Silva","NEON_D07_MLBS_DP1_537000_4142000_classified_point_cloud.laz","2018_MLBS_3_537000_4142000_image.tif","Tree",1,537000,537999.999,4142000,4142999.999
"13148",13148,537974.029,537981.95,4142414.52,4142424.359,"Silva","NEON_D07_MLBS_DP1_537000_4142000_classified_point_cloud.laz","2018_MLBS_3_537000_4142000_image.tif","Tree",1,537000,537999.999,4142000,4142999.999
"13149",13149,537907.077,537915.488,4142428.013,4142436.465,"Silva","NEON_D07_MLBS_DP1_537000_4142000_classified_point_cloud.laz","2018_MLBS_3_537000_4142000_image.tif","Tree",1,537000,537999.999,4142000,4142999.999
"13150",13150,537949.543,537956.496,4142421.522,4142427.471,"Silva","NEON_D07_MLBS_DP1_537000_4142000_classified_point_cloud.laz","2018_MLBS_3_537000_4142000_image.tif","Tree",1,537000,537999.999,4142000,4142999.999
"13151",13151,537945.198,537950.782,4142423.179,4142430.453,"Silva","NEON_D07_MLBS_DP1_537000_4142000_classified_point_cloud.laz","2018_MLBS_3_537000_4142000_image.tif","Tree",1,537000,537999.999,4142000,4142999.999
"13152",13152,537956.557,537965.994,4142421.071,4142430.959,"Silva","NEON_D07_MLBS_DP1_537000_4142000_classified_point_cloud.laz","2018_MLBS_3_537000_4142000_image.tif","Tree",1,537000,537999.999,4142000,4142999.999
"13153",13153,537952.06,537958.433,4142425.533,4142431.941,"Silva","NEON_D07_MLBS_DP1_537000_4142000_classified_point_cloud.laz","2018_MLBS_3_537000_4142000_image.tif","Tree",1,537000,537999.999,4142000,4142999.999
"13154",13154,537966.037,537977.072,4142423.374,4142429.975,"Silva","NEON_D07_MLBS_DP1_537000_4142000_classified_point_cloud.laz","2018_MLBS_3_537000_4142000_image.tif","Tree",1,537000,537999.999,4142000,4142999.999
"13155",13155,537946.039,537953.433,4142427.523,4142431.924,"Silva","NEON_D07_MLBS_DP1_537000_4142000_classified_point_cloud.laz","2018_MLBS_3_537000_4142000_image.tif","Tree",1,537000,537999.999,4142000,4142999.999
"13156",13156,537902.004,537910.468,4142435.012,4142444.479,"Silva","NEON_D07_MLBS_DP1_537000_4142000_classified_point_cloud.laz","2018_MLBS_3_537000_4142000_image.tif","Tree",1,537000,537999.999,4142000,4142999.999
"13157",13157,537915.254,537922.497,4142434.003,4142442.488,"Silva","NEON_D07_MLBS_DP1_537000_4142000_classified_point_cloud.laz","2018_MLBS_3_537000_4142000_image.tif","Tree",1,537000,537999.999,4142000,4142999.999
"13158",13158,537927.56,537934.956,4142432.018,4142440.323,"Silva","NEON_D07_MLBS_DP1_537000_4142000_classified_point_cloud.laz","2018_MLBS_3_537000_4142000_image.tif","Tree",1,537000,537999.999,4142000,4142999.999
"13159",13159,537946.002,537953.492,4142431.031,4142435.982,"Silva","NEON_D07_MLBS_DP1_537000_4142000_classified_point_cloud.laz","2018_MLBS_3_537000_4142000_image.tif","Tree",1,537000,537999.999,4142000,4142999.999
"13160",13160,537922.503,537930.648,4142436.226,4142444.969,"Silva","NEON_D07_MLBS_DP1_537000_4142000_classified_point_cloud.laz","2018_MLBS_3_537000_4142000_image.tif","Tree",1,537000,537999.999,4142000,4142999.999
"13161",13161,537881.172,537890.987,4142442.149,4142450.934,"Silva","NEON_D07_MLBS_DP1_537000_4142000_classified_point_cloud.laz","2018_MLBS_3_537000_4142000_image.tif","Tree",1,537000,537999.999,4142000,4142999.999
"13162",13162,537930.528,537941.494,4142435.217,4142442.997,"Silva","NEON_D07_MLBS_DP1_537000_4142000_classified_point_cloud.laz","2018_MLBS_3_537000_4142000_image.tif","Tree",1,537000,537999.999,4142000,4142999.999
"13163",13163,537943.026,537952.999,4142434.564,4142442.997,"Silva","NEON_D07_MLBS_DP1_537000_4142000_classified_point_cloud.laz","2018_MLBS_3_537000_4142000_image.tif","Tree",1,537000,537999.999,4142000,4142999.999
"13164",13164,537956.83,537962.336,4142432.272,4142439.877,"Silva","NEON_D07_MLBS_DP1_537000_4142000_classified_point_cloud.laz","2018_MLBS_3_537000_4142000_image.tif","Tree",1,537000,537999.999,4142000,4142999.999
"13165",13165,537962.002,537967.841,4142430.139,4142443.279,"Silva","NEON_D07_MLBS_DP1_537000_4142000_classified_point_cloud.laz","2018_MLBS_3_537000_4142000_image.tif","Tree",1,537000,537999.999,4142000,4142999.999
"13166",13166,537965.014,537972.465,4142429.75,4142442.896,"Silva","NEON_D07_MLBS_DP1_537000_4142000_classified_point_cloud.laz","2018_MLBS_3_537000_4142000_image.tif","Tree",1,537000,537999.999,4142000,4142999.999
"13167",13167,537933.004,537942.404,4142439.514,4142446.398,"Silva","NEON_D07_MLBS_DP1_537000_4142000_classified_point_cloud.laz","2018_MLBS_3_537000_4142000_image.tif","Tree",1,537000,537999.999,4142000,4142999.999
"13168",13168,537955.504,537963.225,4142437.525,4142443.985,"Silva","NEON_D07_MLBS_DP1_537000_4142000_classified_point_cloud.laz","2018_MLBS_3_537000_4142000_image.tif","Tree",1,537000,537999.999,4142000,4142999.999
"13169",13169,537969,537976.982,4142433.506,4142442.816,"Silva","NEON_D07_MLBS_DP1_537000_4142000_classified_point_cloud.laz","2018_MLBS_3_537000_4142000_image.tif","Tree",1,537000,537999.999,4142000,4142999.999
"13170",13170,537928.019,537936.987,4142443.025,4142454.963,"Silva","NEON_D07_MLBS_DP1_537000_4142000_classified_point_cloud.laz","2018_MLBS_3_537000_4142000_image.tif","Tree",1,537000,537999.999,4142000,4142999.999
"13171",13171,537887.574,537897.477,4142450.004,4142459.942,"Silva","NEON_D07_MLBS_DP1_537000_4142000_classified_point_cloud.laz","2018_MLBS_3_537000_4142000_image.tif","Tree",1,537000,537999.999,4142000,4142999.999
"13172",13172,537936.552,537945.473,4142440.113,4142453.497,"Silva","NEON_D07_MLBS_DP1_537000_4142000_classified_point_cloud.laz","2018_MLBS_3_537000_4142000_image.tif","Tree",1,537000,537999.999,4142000,4142999.999
"13173",13173,537948.656,537956.976,4142441.524,4142448.47,"Silva","NEON_D07_MLBS_DP1_537000_4142000_classified_point_cloud.laz","2018_MLBS_3_537000_4142000_image.tif","Tree",1,537000,537999.999,4142000,4142999.999
"13174",13174,537881.56,537894.488,4142457.017,4142464.494,"Silva","NEON_D07_MLBS_DP1_537000_4142000_classified_point_cloud.laz","2018_MLBS_3_537000_4142000_image.tif","Tree",1,537000,537999.999,4142000,4142999.999
"13175",13175,537915.002,537922.42,4142451.006,4142460.204,"Silva","NEON_D07_MLBS_DP1_537000_4142000_classified_point_cloud.laz","2018_MLBS_3_537000_4142000_image.tif","Tree",1,537000,537999.999,4142000,4142999.999
"13176",13176,537978.525,537985.437,4142437.062,4142444.493,"Silva","NEON_D07_MLBS_DP1_537000_4142000_classified_point_cloud.laz","2018_MLBS_3_537000_4142000_image.tif","Tree",1,537000,537999.999,4142000,4142999.999
"13177",13177,537984.511,537991.99,4142439.508,4142447.495,"Silva","NEON_D07_MLBS_DP1_537000_4142000_classified_point_cloud.laz","2018_MLBS_3_537000_4142000_image.tif","Tree",1,537000,537999.999,4142000,4142999.999
"13178",13178,537989.01,537996.978,4142439.577,4142450.336,"Silva","NEON_D07_MLBS_DP1_537000_4142000_classified_point_cloud.laz","2018_MLBS_3_537000_4142000_image.tif","Tree",1,537000,537999.999,4142000,4142999.999
"13179",13179,537909.537,537921.497,4142457.508,4142466.335,"Silva","NEON_D07_MLBS_DP1_537000_4142000_classified_point_cloud.laz","2018_MLBS_3_537000_4142000_image.tif","Tree",1,537000,537999.999,4142000,4142999.999
"13180",13180,537893.024,537903.993,4142457.148,4142468.824,"Silva","NEON_D07_MLBS_DP1_537000_4142000_classified_point_cloud.laz","2018_MLBS_3_537000_4142000_image.tif","Tree",1,537000,537999.999,4142000,4142999.999
"13181",13181,537921.001,537934.484,4142454.008,4142464.492,"Silva","NEON_D07_MLBS_DP1_537000_4142000_classified_point_cloud.laz","2018_MLBS_3_537000_4142000_image.tif","Tree",1,537000,537999.999,4142000,4142999.999
"13182",13182,537965.696,537973.493,4142447.135,4142457.499,"Silva","NEON_D07_MLBS_DP1_537000_4142000_classified_point_cloud.laz","2018_MLBS_3_537000_4142000_image.tif","Tree",1,537000,537999.999,4142000,4142999.999
"13183",13183,537957.051,537962.491,4142451.148,4142459.434,"Silva","NEON_D07_MLBS_DP1_537000_4142000_classified_point_cloud.laz","2018_MLBS_3_537000_4142000_image.tif","Tree",1,537000,537999.999,4142000,4142999.999
"13184",13184,537962.504,537969.968,4142451.044,4142459.949,"Silva","NEON_D07_MLBS_DP1_537000_4142000_classified_point_cloud.laz","2018_MLBS_3_537000_4142000_image.tif","Tree",1,537000,537999.999,4142000,4142999.999
"13185",13185,537951.056,537958.91,4142455.026,4142462.989,"Silva","NEON_D07_MLBS_DP1_537000_4142000_classified_point_cloud.laz","2018_MLBS_3_537000_4142000_image.tif","Tree",1,537000,537999.999,4142000,4142999.999
"13186",13186,537908.56,537917.462,4142464.016,4142473.419,"Silva","NEON_D07_MLBS_DP1_537000_4142000_classified_point_cloud.laz","2018_MLBS_3_537000_4142000_image.tif","Tree",1,537000,537999.999,4142000,4142999.999
"13187",13187,537933.096,537944.482,4142455.062,4142466.429,"Silva","NEON_D07_MLBS_DP1_537000_4142000_classified_point_cloud.laz","2018_MLBS_3_537000_4142000_image.tif","Tree",1,537000,537999.999,4142000,4142999.999
"13188",13188,537900.678,537910.399,4142468.058,4142477.463,"Silva","NEON_D07_MLBS_DP1_537000_4142000_classified_point_cloud.laz","2018_MLBS_3_537000_4142000_image.tif","Tree",1,537000,537999.999,4142000,4142999.999
"13189",13189,537944.035,537955.994,4142458.694,4142466.884,"Silva","NEON_D07_MLBS_DP1_537000_4142000_classified_point_cloud.laz","2018_MLBS_3_537000_4142000_image.tif","Tree",1,537000,537999.999,4142000,4142999.999
"13190",13190,537934.011,537943.958,4142464.519,4142470.93,"Silva","NEON_D07_MLBS_DP1_537000_4142000_classified_point_cloud.laz","2018_MLBS_3_537000_4142000_image.tif","Tree",1,537000,537999.999,4142000,4142999.999
"13191",13191,537955.613,537965.972,4142459.011,4142470.393,"Silva","NEON_D07_MLBS_DP1_537000_4142000_classified_point_cloud.laz","2018_MLBS_3_537000_4142000_image.tif","Tree",1,537000,537999.999,4142000,4142999.999
"13192",13192,537914.756,537922.961,4142465.104,4142476.493,"Silva","NEON_D07_MLBS_DP1_537000_4142000_classified_point_cloud.laz","2018_MLBS_3_537000_4142000_image.tif","Tree",1,537000,537999.999,4142000,4142999.999
"13193",13193,537965.506,537974.981,4142457.508,4142466.979,"Silva","NEON_D07_MLBS_DP1_537000_4142000_classified_point_cloud.laz","2018_MLBS_3_537000_4142000_image.tif","Tree",1,537000,537999.999,4142000,4142999.999
"13194",13194,537886.607,537897.482,4142475.512,4142485.465,"Silva","NEON_D07_MLBS_DP1_537000_4142000_classified_point_cloud.laz","2018_MLBS_3_537000_4142000_image.tif","Tree",1,537000,537999.999,4142000,4142999.999
"13195",13195,537988.545,537999.991,4142453.028,4142467.455,"Silva","NEON_D07_MLBS_DP1_537000_4142000_classified_point_cloud.laz","2018_MLBS_3_537000_4142000_image.tif","Tree",1,537000,537999.999,4142000,4142999.999
"13196",13196,537941,537950.984,4142469.665,4142482.472,"Silva","NEON_D07_MLBS_DP1_537000_4142000_classified_point_cloud.laz","2018_MLBS_3_537000_4142000_image.tif","Tree",1,537000,537999.999,4142000,4142999.999
"13197",13197,537908.006,537916.867,4142476.526,4142486.783,"Silva","NEON_D07_MLBS_DP1_537000_4142000_classified_point_cloud.laz","2018_MLBS_3_537000_4142000_image.tif","Tree",1,537000,537999.999,4142000,4142999.999
"13198",13198,537961.507,537975.989,4142467.018,4142475.499,"Silva","NEON_D07_MLBS_DP1_537000_4142000_classified_point_cloud.laz","2018_MLBS_3_537000_4142000_image.tif","Tree",1,537000,537999.999,4142000,4142999.999
"13199",13199,537905.154,537917.462,4142483.032,4142491.981,"Silva","NEON_D07_MLBS_DP1_537000_4142000_classified_point_cloud.laz","2018_MLBS_3_537000_4142000_image.tif","Tree",1,537000,537999.999,4142000,4142999.999
"13200",13200,537887.018,537901.382,4142485.002,4142495.499,"Silva","NEON_D07_MLBS_DP1_537000_4142000_classified_point_cloud.laz","2018_MLBS_3_537000_4142000_image.tif","Tree",1,537000,537999.999,4142000,4142999.999
"13201",13201,537994.599,537999.999,4142464.07,4142473.477,"Silva","NEON_D07_MLBS_DP1_537000_4142000_classified_point_cloud.laz","2018_MLBS_3_537000_4142000_image.tif","Tree",1,537000,537999.999,4142000,4142999.999
"13202",13202,537926.617,537933.472,4142480.552,4142490.763,"Silva","NEON_D07_MLBS_DP1_537000_4142000_classified_point_cloud.laz","2018_MLBS_3_537000_4142000_image.tif","Tree",1,537000,537999.999,4142000,4142999.999
"13203",13203,537965.022,537975.982,4142473.615,4142483.889,"Silva","NEON_D07_MLBS_DP1_537000_4142000_classified_point_cloud.laz","2018_MLBS_3_537000_4142000_image.tif","Tree",1,537000,537999.999,4142000,4142999.999
"13204",13204,537955.031,537963.487,4142473.636,4142480.998,"Silva","NEON_D07_MLBS_DP1_537000_4142000_classified_point_cloud.laz","2018_MLBS_3_537000_4142000_image.tif","Tree",1,537000,537999.999,4142000,4142999.999
"13205",13205,537929.08,537936.992,4142483.528,4142492.488,"Silva","NEON_D07_MLBS_DP1_537000_4142000_classified_point_cloud.laz","2018_MLBS_3_537000_4142000_image.tif","Tree",1,537000,537999.999,4142000,4142999.999
"13206",13206,537963.121,537970.822,4142475.038,4142483.97,"Silva","NEON_D07_MLBS_DP1_537000_4142000_classified_point_cloud.laz","2018_MLBS_3_537000_4142000_image.tif","Tree",1,537000,537999.999,4142000,4142999.999
"13207",13207,537985.614,537992.631,4142472.836,4142480.484,"Silva","NEON_D07_MLBS_DP1_537000_4142000_classified_point_cloud.laz","2018_MLBS_3_537000_4142000_image.tif","Tree",1,537000,537999.999,4142000,4142999.999
"13208",13208,537881.65,537892.993,4142494.04,4142500.982,"Silva","NEON_D07_MLBS_DP1_537000_4142000_classified_point_cloud.laz","2018_MLBS_3_537000_4142000_image.tif","Tree",1,537000,537999.999,4142000,4142999.999
"13209",13209,537916.018,537928.99,4142487.565,4142498.996,"Silva","NEON_D07_MLBS_DP1_537000_4142000_classified_point_cloud.laz","2018_MLBS_3_537000_4142000_image.tif","Tree",1,537000,537999.999,4142000,4142999.999
"13210",13210,537974.585,537986.49,4142477.03,4142487.219,"Silva","NEON_D07_MLBS_DP1_537000_4142000_classified_point_cloud.laz","2018_MLBS_3_537000_4142000_image.tif","Tree",1,537000,537999.999,4142000,4142999.999
"13211",13211,537904.008,537914.924,4142491.51,4142502.486,"Silva","NEON_D07_MLBS_DP1_537000_4142000_classified_point_cloud.laz","2018_MLBS_3_537000_4142000_image.tif","Tree",1,537000,537999.999,4142000,4142999.999
"13212",13212,537986.503,537993.993,4142478.57,4142487.945,"Silva","NEON_D07_MLBS_DP1_537000_4142000_classified_point_cloud.laz","2018_MLBS_3_537000_4142000_image.tif","Tree",1,537000,537999.999,4142000,4142999.999
"13213",13213,537996.724,537999.998,4142476.014,4142485.891,"Silva","NEON_D07_MLBS_DP1_537000_4142000_classified_point_cloud.laz","2018_MLBS_3_537000_4142000_image.tif","Tree",1,537000,537999.999,4142000,4142999.999
"13214",13214,537962.558,537972.488,4142483.502,4142491.464,"Silva","NEON_D07_MLBS_DP1_537000_4142000_classified_point_cloud.laz","2018_MLBS_3_537000_4142000_image.tif","Tree",1,537000,537999.999,4142000,4142999.999
"13215",13215,537911.506,537920.413,4142493.048,4142504.853,"Silva","NEON_D07_MLBS_DP1_537000_4142000_classified_point_cloud.laz","2018_MLBS_3_537000_4142000_image.tif","Tree",1,537000,537999.999,4142000,4142999.999
"13216",13216,537958.076,537967.481,4142486.373,4142494.822,"Silva","NEON_D07_MLBS_DP1_537000_4142000_classified_point_cloud.laz","2018_MLBS_3_537000_4142000_image.tif","Tree",1,537000,537999.999,4142000,4142999.999
"13217",13217,537972.524,537986.487,4142481.616,4142488.928,"Silva","NEON_D07_MLBS_DP1_537000_4142000_classified_point_cloud.laz","2018_MLBS_3_537000_4142000_image.tif","Tree",1,537000,537999.999,4142000,4142999.999
"13218",13218,537927.024,537937.051,4142491.502,4142501.985,"Silva","NEON_D07_MLBS_DP1_537000_4142000_classified_point_cloud.laz","2018_MLBS_3_537000_4142000_image.tif","Tree",1,537000,537999.999,4142000,4142999.999
"13219",13219,537956.025,537964.959,4142490.084,4142497.5,"Silva","NEON_D07_MLBS_DP1_537000_4142000_classified_point_cloud.laz","2018_MLBS_3_537000_4142000_image.tif","Tree",1,537000,537999.999,4142000,4142999.999
"13220",13220,537988.511,537996.055,4142492.518,4142500.497,"Silva","NEON_D07_MLBS_DP1_537000_4142000_classified_point_cloud.laz","2018_MLBS_3_537000_4142000_image.tif","Tree",1,537000,537999.999,4142000,4142999.999
"13221",13221,537990.631,537997.241,4142494.27,4142503.967,"Silva","NEON_D07_MLBS_DP1_537000_4142000_classified_point_cloud.laz","2018_MLBS_3_537000_4142000_image.tif","Tree",1,537000,537999.999,4142000,4142999.999
"13222",13222,537823.004,537823.992,4142103.048,4142105.433,"Silva","NEON_D07_MLBS_DP1_537000_4142000_classified_point_cloud.laz","2018_MLBS_3_537000_4142000_image.tif","Tree",1,537000,537999.999,4142000,4142999.999
"13223",13223,537600.077,537600.589,4142128.689,4142129.304,"Silva","NEON_D07_MLBS_DP1_537000_4142000_classified_point_cloud.laz","2018_MLBS_3_537000_4142000_image.tif","Tree",1,537000,537999.999,4142000,4142999.999
"13224",13224,537813.164,537813.807,4142121.014,4142121.492,"Silva","NEON_D07_MLBS_DP1_537000_4142000_classified_point_cloud.laz","2018_MLBS_3_537000_4142000_image.tif","Tree",1,537000,537999.999,4142000,4142999.999
"13225",13225,537637.059,537637.903,4142013.005,4142013.935,"Silva","NEON_D07_MLBS_DP1_537000_4142000_classified_point_cloud.laz","2018_MLBS_3_537000_4142000_image.tif","Tree",1,537000,537999.999,4142000,4142999.999
"13226",13226,537568.029,537568.69,4142195.977,4142196.497,"Silva","NEON_D07_MLBS_DP1_537000_4142000_classified_point_cloud.laz","2018_MLBS_3_537000_4142000_image.tif","Tree",1,537000,537999.999,4142000,4142999.999
"13227",13227,537644,537645.342,4142326.051,4142326.969,"Silva","NEON_D07_MLBS_DP1_537000_4142000_classified_point_cloud.laz","2018_MLBS_3_537000_4142000_image.tif","Tree",1,537000,537999.999,4142000,4142999.999
"13228",13228,537663.107,537663.485,4142333.627,4142334.407,"Silva","NEON_D07_MLBS_DP1_537000_4142000_classified_point_cloud.laz","2018_MLBS_3_537000_4142000_image.tif","Tree",1,537000,537999.999,4142000,4142999.999
"13229",13229,537726.555,537727.4,4142350.121,4142350.392,"Silva","NEON_D07_MLBS_DP1_537000_4142000_classified_point_cloud.laz","2018_MLBS_3_537000_4142000_image.tif","Tree",1,537000,537999.999,4142000,4142999.999
"13230",13230,537713.511,537724.498,4142393.502,4142401.922,"Silva","NEON_D07_MLBS_DP1_537000_4142000_classified_point_cloud.laz","2018_MLBS_3_537000_4142000_image.tif","Tree",1,537000,537999.999,4142000,4142999.999
"13231",13231,537680.006,537689.93,4142392.018,4142401.888,"Silva","NEON_D07_MLBS_DP1_537000_4142000_classified_point_cloud.laz","2018_MLBS_3_537000_4142000_image.tif","Tree",1,537000,537999.999,4142000,4142999.999
"13232",13232,537669.093,537669.914,4142203.101,4142203.867,"Silva","NEON_D07_MLBS_DP1_537000_4142000_classified_point_cloud.laz","2018_MLBS_3_537000_4142000_image.tif","Tree",1,537000,537999.999,4142000,4142999.999
"13233",13233,537615.446,537628.578,4142105.037,4142113.963,"Silva","NEON_D07_MLBS_DP1_537000_4142000_classified_point_cloud.laz","2018_MLBS_3_537000_4142000_image.tif","Tree",1,537000,537999.999,4142000,4142999.999
"13234",13234,537649.322,537656.978,4142097.524,4142104.658,"Silva","NEON_D07_MLBS_DP1_537000_4142000_classified_point_cloud.laz","2018_MLBS_3_537000_4142000_image.tif","Tree",1,537000,537999.999,4142000,4142999.999
"13235",13235,537859.651,537864.894,4142027.843,4142035.984,"Silva","NEON_D07_MLBS_DP1_537000_4142000_classified_point_cloud.laz","2018_MLBS_3_537000_4142000_image.tif","Tree",1,537000,537999.999,4142000,4142999.999
"13236",13236,537829.033,537830.489,4142102.092,4142104.217,"Silva","NEON_D07_MLBS_DP1_537000_4142000_classified_point_cloud.laz","2018_MLBS_3_537000_4142000_image.tif","Tree",1,537000,537999.999,4142000,4142999.999
"13237",13237,537603.044,537609.997,4142048.019,4142053.957,"Silva","NEON_D07_MLBS_DP1_537000_4142000_classified_point_cloud.laz","2018_MLBS_3_537000_4142000_image.tif","Tree",1,537000,537999.999,4142000,4142999.999
"13238",13238,537527.009,537527.395,4142072.027,4142072.979,"Silva","NEON_D07_MLBS_DP1_537000_4142000_classified_point_cloud.laz","2018_MLBS_3_537000_4142000_image.tif","Tree",1,537000,537999.999,4142000,4142999.999
"13239",13239,537706.553,537716.844,4142023.002,4142031.41,"Silva","NEON_D07_MLBS_DP1_537000_4142000_classified_point_cloud.laz","2018_MLBS_3_537000_4142000_image.tif","Tree",1,537000,537999.999,4142000,4142999.999
"13240",13240,537761.77,537762.467,4142049.219,4142049.937,"Silva","NEON_D07_MLBS_DP1_537000_4142000_classified_point_cloud.laz","2018_MLBS_3_537000_4142000_image.tif","Tree",1,537000,537999.999,4142000,4142999.999
"13241",13241,537728.62,537729.472,4142094.017,4142094.76,"Silva","NEON_D07_MLBS_DP1_537000_4142000_classified_point_cloud.laz","2018_MLBS_3_537000_4142000_image.tif","Tree",1,537000,537999.999,4142000,4142999.999
"13242",13242,537634.072,537634.429,4142148.514,4142148.994,"Silva","NEON_D07_MLBS_DP1_537000_4142000_classified_point_cloud.laz","2018_MLBS_3_537000_4142000_image.tif","Tree",1,537000,537999.999,4142000,4142999.999
"13243",13243,537569.006,537573.448,4142388.528,4142393.888,"Silva","NEON_D07_MLBS_DP1_537000_4142000_classified_point_cloud.laz","2018_MLBS_3_537000_4142000_image.tif","Tree",1,537000,537999.999,4142000,4142999.999
"13244",13244,537588.521,537589.454,4142172.082,4142172.473,"Silva","NEON_D07_MLBS_DP1_537000_4142000_classified_point_cloud.laz","2018_MLBS_3_537000_4142000_image.tif","Tree",1,537000,537999.999,4142000,4142999.999
"13245",13245,537640.034,537640.988,4142370.01,4142370.998,"Silva","NEON_D07_MLBS_DP1_537000_4142000_classified_point_cloud.laz","2018_MLBS_3_537000_4142000_image.tif","Tree",1,537000,537999.999,4142000,4142999.999
"13246",13246,537783.511,537792.976,4142392.68,4142401.487,"Silva","NEON_D07_MLBS_DP1_537000_4142000_classified_point_cloud.laz","2018_MLBS_3_537000_4142000_image.tif","Tree",1,537000,537999.999,4142000,4142999.999
"13247",13247,537819.55,537822.831,4142383.008,4142386.473,"Silva","NEON_D07_MLBS_DP1_537000_4142000_classified_point_cloud.laz","2018_MLBS_3_537000_4142000_image.tif","Tree",1,537000,537999.999,4142000,4142999.999
"13248",13248,537803.004,537810.981,4142308.517,4142318.427,"Silva","NEON_D07_MLBS_DP1_537000_4142000_classified_point_cloud.laz","2018_MLBS_3_537000_4142000_image.tif","Tree",1,537000,537999.999,4142000,4142999.999
"13249",13249,537856.093,537856.348,4142323.539,4142323.853,"Silva","NEON_D07_MLBS_DP1_537000_4142000_classified_point_cloud.laz","2018_MLBS_3_537000_4142000_image.tif","Tree",1,537000,537999.999,4142000,4142999.999
"13250",13250,537681.056,537682.99,4142333.037,4142335.341,"Silva","NEON_D07_MLBS_DP1_537000_4142000_classified_point_cloud.laz","2018_MLBS_3_537000_4142000_image.tif","Tree",1,537000,537999.999,4142000,4142999.999
"13251",13251,537936.054,537943.997,4142029.522,4142034.296,"Silva","NEON_D07_MLBS_DP1_537000_4142000_classified_point_cloud.laz","2018_MLBS_3_537000_4142000_image.tif","Tree",1,537000,537999.999,4142000,4142999.999
"13252",13252,537941.085,537941.896,4142166.012,4142167.452,"Silva","NEON_D07_MLBS_DP1_537000_4142000_classified_point_cloud.laz","2018_MLBS_3_537000_4142000_image.tif","Tree",1,537000,537999.999,4142000,4142999.999
"13253",13253,537890.131,537890.611,4142288.098,4142288.977,"Silva","NEON_D07_MLBS_DP1_537000_4142000_classified_point_cloud.laz","2018_MLBS_3_537000_4142000_image.tif","Tree",1,537000,537999.999,4142000,4142999.999
"13254",13254,537554.569,537561.97,4142463.034,4142470.765,"Silva","NEON_D07_MLBS_DP1_537000_4142000_classified_point_cloud.laz","2018_MLBS_3_537000_4142000_image.tif","Tree",1,537000,537999.999,4142000,4142999.999
"13255",13255,537519.529,537520.425,4142437.522,4142438.991,"Silva","NEON_D07_MLBS_DP1_537000_4142000_classified_point_cloud.laz","2018_MLBS_3_537000_4142000_image.tif","Tree",1,537000,537999.999,4142000,4142999.999
"13256",13256,537648.071,537652.471,4142439.038,4142442.473,"Silva","NEON_D07_MLBS_DP1_537000_4142000_classified_point_cloud.laz","2018_MLBS_3_537000_4142000_image.tif","Tree",1,537000,537999.999,4142000,4142999.999
"13257",13257,537630.655,537630.79,4142445.291,4142445.393,"Silva","NEON_D07_MLBS_DP1_537000_4142000_classified_point_cloud.laz","2018_MLBS_3_537000_4142000_image.tif","Tree",1,537000,537999.999,4142000,4142999.999
"13258",13258,537712.003,537712.499,4142427.581,4142428.485,"Silva","NEON_D07_MLBS_DP1_537000_4142000_classified_point_cloud.laz","2018_MLBS_3_537000_4142000_image.tif","Tree",1,537000,537999.999,4142000,4142999.999
"13259",13259,537883.11,537890.456,4142450.024,4142457.816,"Silva","NEON_D07_MLBS_DP1_537000_4142000_classified_point_cloud.laz","2018_MLBS_3_537000_4142000_image.tif","Tree",1,537000,537999.999,4142000,4142999.999
"13260",13260,537838.512,537849.803,4142025.036,4142035.908,"Silva","NEON_D07_MLBS_DP1_537000_4142000_classified_point_cloud.laz","2018_MLBS_3_537000_4142000_image.tif","Tree",1,537000,537999.999,4142000,4142999.999
"13261",13261,537849.119,537857.394,4142142.042,4142147.962,"Silva","NEON_D07_MLBS_DP1_537000_4142000_classified_point_cloud.laz","2018_MLBS_3_537000_4142000_image.tif","Tree",1,537000,537999.999,4142000,4142999.999
"13262",13262,537809.221,537817.97,4142199.572,4142210.917,"Silva","NEON_D07_MLBS_DP1_537000_4142000_classified_point_cloud.laz","2018_MLBS_3_537000_4142000_image.tif","Tree",1,537000,537999.999,4142000,4142999.999
"13263",13263,537827.531,537828.493,4142225.59,4142226.476,"Silva","NEON_D07_MLBS_DP1_537000_4142000_classified_point_cloud.laz","2018_MLBS_3_537000_4142000_image.tif","Tree",1,537000,537999.999,4142000,4142999.999
"13264",13264,537860.213,537863.458,4142408.081,4142409.396,"Silva","NEON_D07_MLBS_DP1_537000_4142000_classified_point_cloud.laz","2018_MLBS_3_537000_4142000_image.tif","Tree",1,537000,537999.999,4142000,4142999.999
"13265",13265,537919.654,537919.997,4142238.179,4142238.371,"Silva","NEON_D07_MLBS_DP1_537000_4142000_classified_point_cloud.laz","2018_MLBS_3_537000_4142000_image.tif","Tree",1,537000,537999.999,4142000,4142999.999
"13266",13266,537955.545,537955.966,4142281.211,4142281.925,"Silva","NEON_D07_MLBS_DP1_537000_4142000_classified_point_cloud.laz","2018_MLBS_3_537000_4142000_image.tif","Tree",1,537000,537999.999,4142000,4142999.999
"13267",13267,537981.06,537981.877,4142279.041,4142279.986,"Silva","NEON_D07_MLBS_DP1_537000_4142000_classified_point_cloud.laz","2018_MLBS_3_537000_4142000_image.tif","Tree",1,537000,537999.999,4142000,4142999.999
"13268",13268,537902.28,537902.456,4142254.372,4142254.488,"Silva","NEON_D07_MLBS_DP1_537000_4142000_classified_point_cloud.laz","2018_MLBS_3_537000_4142000_image.tif","Tree",1,537000,537999.999,4142000,4142999.999
"13269",13269,537981.585,537982.495,4142231.586,4142232.434,"Silva","NEON_D07_MLBS_DP1_537000_4142000_classified_point_cloud.laz","2018_MLBS_3_537000_4142000_image.tif","Tree",1,537000,537999.999,4142000,4142999.999
"13270",13270,537893.67,537894.371,4142223.102,4142223.872,"Silva","NEON_D07_MLBS_DP1_537000_4142000_classified_point_cloud.laz","2018_MLBS_3_537000_4142000_image.tif","Tree",1,537000,537999.999,4142000,4142999.999
"13271",13271,537886.517,537893.497,4142316.01,4142321.448,"Silva","NEON_D07_MLBS_DP1_537000_4142000_classified_point_cloud.laz","2018_MLBS_3_537000_4142000_image.tif","Tree",1,537000,537999.999,4142000,4142999.999
"13272",13272,537889.618,537890.473,4142426.645,4142427.284,"Silva","NEON_D07_MLBS_DP1_537000_4142000_classified_point_cloud.laz","2018_MLBS_3_537000_4142000_image.tif","Tree",1,537000,537999.999,4142000,4142999.999
"13273",13273,537546.505,537553.464,4142532.52,4142546.362,"Silva","NEON_D07_MLBS_DP1_537000_4142000_classified_point_cloud.laz","2018_MLBS_3_537000_4142000_image.tif","Tree",1,537000,537999.999,4142000,4142999.999
"13274",13274,537525.577,537533.499,4142533.023,4142545.986,"Silva","NEON_D07_MLBS_DP1_537000_4142000_classified_point_cloud.laz","2018_MLBS_3_537000_4142000_image.tif","Tree",1,537000,537999.999,4142000,4142999.999
"13275",13275,537520.508,537526.494,4142533.2,4142543.438,"Silva","NEON_D07_MLBS_DP1_537000_4142000_classified_point_cloud.laz","2018_MLBS_3_537000_4142000_image.tif","Tree",1,537000,537999.999,4142000,4142999.999
"13276",13276,537499.531,537507.434,4142527.084,4142536.395,"Silva","NEON_D07_MLBS_DP1_537000_4142000_classified_point_cloud.laz","2018_MLBS_3_537000_4142000_image.tif","Tree",1,537000,537999.999,4142000,4142999.999
"13277",13277,537522.027,537529.375,4142527.08,4142534.428,"Silva","NEON_D07_MLBS_DP1_537000_4142000_classified_point_cloud.laz","2018_MLBS_3_537000_4142000_image.tif","Tree",1,537000,537999.999,4142000,4142999.999
"13278",13278,537511.52,537520.477,4142521.104,4142532.4,"Silva","NEON_D07_MLBS_DP1_537000_4142000_classified_point_cloud.laz","2018_MLBS_3_537000_4142000_image.tif","Tree",1,537000,537999.999,4142000,4142999.999
"13279",13279,537494.017,537505.987,4142521.489,4142531.497,"Silva","NEON_D07_MLBS_DP1_537000_4142000_classified_point_cloud.laz","2018_MLBS_3_537000_4142000_image.tif","Tree",1,537000,537999.999,4142000,4142999.999
"13280",13280,537506.002,537513.903,4142522.003,4142529.939,"Silva","NEON_D07_MLBS_DP1_537000_4142000_classified_point_cloud.laz","2018_MLBS_3_537000_4142000_image.tif","Tree",1,537000,537999.999,4142000,4142999.999
"13281",13281,537548.01,537554.489,4142514.008,4142521.965,"Silva","NEON_D07_MLBS_DP1_537000_4142000_classified_point_cloud.laz","2018_MLBS_3_537000_4142000_image.tif","Tree",1,537000,537999.999,4142000,4142999.999
"13282",13282,537542.616,537548.492,4142515.171,4142519.932,"Silva","NEON_D07_MLBS_DP1_537000_4142000_classified_point_cloud.laz","2018_MLBS_3_537000_4142000_image.tif","Tree",1,537000,537999.999,4142000,4142999.999
"13283",13283,537531.642,537541.996,4142511.515,4142521.46,"Silva","NEON_D07_MLBS_DP1_537000_4142000_classified_point_cloud.laz","2018_MLBS_3_537000_4142000_image.tif","Tree",1,537000,537999.999,4142000,4142999.999
"13284",13284,537513.525,537523.977,4142502.185,4142513.938,"Silva","NEON_D07_MLBS_DP1_537000_4142000_classified_point_cloud.laz","2018_MLBS_3_537000_4142000_image.tif","Tree",1,537000,537999.999,4142000,4142999.999
"13285",13285,537496.532,537507.307,4142501.254,4142510.803,"Silva","NEON_D07_MLBS_DP1_537000_4142000_classified_point_cloud.laz","2018_MLBS_3_537000_4142000_image.tif","Tree",1,537000,537999.999,4142000,4142999.999
"13286",13286,537540.031,537547.99,4142496.509,4142503.822,"Silva","NEON_D07_MLBS_DP1_537000_4142000_classified_point_cloud.laz","2018_MLBS_3_537000_4142000_image.tif","Tree",1,537000,537999.999,4142000,4142999.999
"13287",13287,537604.604,537610.987,4142534.533,4142540.422,"Silva","NEON_D07_MLBS_DP1_537000_4142000_classified_point_cloud.laz","2018_MLBS_3_537000_4142000_image.tif","Tree",1,537000,537999.999,4142000,4142999.999
"13288",13288,537609.216,537614.491,4142531.075,4142537.482,"Silva","NEON_D07_MLBS_DP1_537000_4142000_classified_point_cloud.laz","2018_MLBS_3_537000_4142000_image.tif","Tree",1,537000,537999.999,4142000,4142999.999
"13289",13289,537551.023,537559.485,4142530.824,4142540.965,"Silva","NEON_D07_MLBS_DP1_537000_4142000_classified_point_cloud.laz","2018_MLBS_3_537000_4142000_image.tif","Tree",1,537000,537999.999,4142000,4142999.999
"13290",13290,537603.023,537609.303,4142531.516,4142534.477,"Silva","NEON_D07_MLBS_DP1_537000_4142000_classified_point_cloud.laz","2018_MLBS_3_537000_4142000_image.tif","Tree",1,537000,537999.999,4142000,4142999.999
"13291",13291,537572.21,537582.74,4142529.028,4142538.453,"Silva","NEON_D07_MLBS_DP1_537000_4142000_classified_point_cloud.laz","2018_MLBS_3_537000_4142000_image.tif","Tree",1,537000,537999.999,4142000,4142999.999
"13292",13292,537584.621,537595.289,4142530.533,4142537.927,"Silva","NEON_D07_MLBS_DP1_537000_4142000_classified_point_cloud.laz","2018_MLBS_3_537000_4142000_image.tif","Tree",1,537000,537999.999,4142000,4142999.999
"13293",13293,537607.763,537613.49,4142524.513,4142532.469,"Silva","NEON_D07_MLBS_DP1_537000_4142000_classified_point_cloud.laz","2018_MLBS_3_537000_4142000_image.tif","Tree",1,537000,537999.999,4142000,4142999.999
"13294",13294,537610.559,537621.908,4142522.526,4142532.786,"Silva","NEON_D07_MLBS_DP1_537000_4142000_classified_point_cloud.laz","2018_MLBS_3_537000_4142000_image.tif","Tree",1,537000,537999.999,4142000,4142999.999
"13295",13295,537570.539,537579.947,4142520.506,4142528.301,"Silva","NEON_D07_MLBS_DP1_537000_4142000_classified_point_cloud.laz","2018_MLBS_3_537000_4142000_image.tif","Tree",1,537000,537999.999,4142000,4142999.999
"13296",13296,537552.816,537559.383,4142512.507,4142521.461,"Silva","NEON_D07_MLBS_DP1_537000_4142000_classified_point_cloud.laz","2018_MLBS_3_537000_4142000_image.tif","Tree",1,537000,537999.999,4142000,4142999.999
"13297",13297,537590.667,537600.593,4142509.06,4142519.492,"Silva","NEON_D07_MLBS_DP1_537000_4142000_classified_point_cloud.laz","2018_MLBS_3_537000_4142000_image.tif","Tree",1,537000,537999.999,4142000,4142999.999
"13298",13298,537576.089,537584.989,4142509.208,4142516.986,"Silva","NEON_D07_MLBS_DP1_537000_4142000_classified_point_cloud.laz","2018_MLBS_3_537000_4142000_image.tif","Tree",1,537000,537999.999,4142000,4142999.999
"13299",13299,537586.519,537594.491,4142502.658,4142511.498,"Silva","NEON_D07_MLBS_DP1_537000_4142000_classified_point_cloud.laz","2018_MLBS_3_537000_4142000_image.tif","Tree",1,537000,537999.999,4142000,4142999.999
"13300",13300,537605.003,537614.927,4142501.501,4142512.497,"Silva","NEON_D07_MLBS_DP1_537000_4142000_classified_point_cloud.laz","2018_MLBS_3_537000_4142000_image.tif","Tree",1,537000,537999.999,4142000,4142999.999
"13301",13301,537572.022,537580.993,4142502.504,4142509.89,"Silva","NEON_D07_MLBS_DP1_537000_4142000_classified_point_cloud.laz","2018_MLBS_3_537000_4142000_image.tif","Tree",1,537000,537999.999,4142000,4142999.999
"13302",13302,537501.029,537507.478,4142544.508,4142553.473,"Silva","NEON_D07_MLBS_DP1_537000_4142000_classified_point_cloud.laz","2018_MLBS_3_537000_4142000_image.tif","Tree",1,537000,537999.999,4142000,4142999.999
"13303",13303,537507.024,537515.495,4142544.079,4142551.497,"Silva","NEON_D07_MLBS_DP1_537000_4142000_classified_point_cloud.laz","2018_MLBS_3_537000_4142000_image.tif","Tree",1,537000,537999.999,4142000,4142999.999
"13304",13304,537500.164,537508.974,4142553.036,4142561.385,"Silva","NEON_D07_MLBS_DP1_537000_4142000_classified_point_cloud.laz","2018_MLBS_3_537000_4142000_image.tif","Tree",1,537000,537999.999,4142000,4142999.999
"13305",13305,537539.267,537546.485,4142547.748,4142558.457,"Silva","NEON_D07_MLBS_DP1_537000_4142000_classified_point_cloud.laz","2018_MLBS_3_537000_4142000_image.tif","Tree",1,537000,537999.999,4142000,4142999.999
"13306",13306,537525.534,537534.999,4142559.039,4142565.97,"Silva","NEON_D07_MLBS_DP1_537000_4142000_classified_point_cloud.laz","2018_MLBS_3_537000_4142000_image.tif","Tree",1,537000,537999.999,4142000,4142999.999
"13307",13307,537502.031,537511.988,4142559.675,4142570.968,"Silva","NEON_D07_MLBS_DP1_537000_4142000_classified_point_cloud.laz","2018_MLBS_3_537000_4142000_image.tif","Tree",1,537000,537999.999,4142000,4142999.999
"13308",13308,537547.508,537555.986,4142565.502,4142573.272,"Silva","NEON_D07_MLBS_DP1_537000_4142000_classified_point_cloud.laz","2018_MLBS_3_537000_4142000_image.tif","Tree",1,537000,537999.999,4142000,4142999.999
"13309",13309,537508.501,537514.484,4142571.562,4142578.488,"Silva","NEON_D07_MLBS_DP1_537000_4142000_classified_point_cloud.laz","2018_MLBS_3_537000_4142000_image.tif","Tree",1,537000,537999.999,4142000,4142999.999
"13310",13310,537504.597,537513.469,4142578.504,4142585.39,"Silva","NEON_D07_MLBS_DP1_537000_4142000_classified_point_cloud.laz","2018_MLBS_3_537000_4142000_image.tif","Tree",1,537000,537999.999,4142000,4142999.999
"13311",13311,537526.559,537536.329,4142576.559,4142589.441,"Silva","NEON_D07_MLBS_DP1_537000_4142000_classified_point_cloud.laz","2018_MLBS_3_537000_4142000_image.tif","Tree",1,537000,537999.999,4142000,4142999.999
"13312",13312,537496.514,537505.981,4142579.735,4142588.456,"Silva","NEON_D07_MLBS_DP1_537000_4142000_classified_point_cloud.laz","2018_MLBS_3_537000_4142000_image.tif","Tree",1,537000,537999.999,4142000,4142999.999
"13313",13313,537519.556,537532.481,4142582.512,4142590.957,"Silva","NEON_D07_MLBS_DP1_537000_4142000_classified_point_cloud.laz","2018_MLBS_3_537000_4142000_image.tif","Tree",1,537000,537999.999,4142000,4142999.999
"13314",13314,537504.046,537511.686,4142583.705,4142589.987,"Silva","NEON_D07_MLBS_DP1_537000_4142000_classified_point_cloud.laz","2018_MLBS_3_537000_4142000_image.tif","Tree",1,537000,537999.999,4142000,4142999.999
"13315",13315,537493.573,537503.955,4142584.524,4142591.972,"Silva","NEON_D07_MLBS_DP1_537000_4142000_classified_point_cloud.laz","2018_MLBS_3_537000_4142000_image.tif","Tree",1,537000,537999.999,4142000,4142999.999
"13316",13316,537519.097,537531.495,4142590.505,4142598.497,"Silva","NEON_D07_MLBS_DP1_537000_4142000_classified_point_cloud.laz","2018_MLBS_3_537000_4142000_image.tif","Tree",1,537000,537999.999,4142000,4142999.999
"13317",13317,537509.405,537519.424,4142592.52,4142601.825,"Silva","NEON_D07_MLBS_DP1_537000_4142000_classified_point_cloud.laz","2018_MLBS_3_537000_4142000_image.tif","Tree",1,537000,537999.999,4142000,4142999.999
"13318",13318,537530.526,537541.493,4142593.035,4142602.988,"Silva","NEON_D07_MLBS_DP1_537000_4142000_classified_point_cloud.laz","2018_MLBS_3_537000_4142000_image.tif","Tree",1,537000,537999.999,4142000,4142999.999
"13319",13319,537512.541,537520.999,4142596.032,4142606.494,"Silva","NEON_D07_MLBS_DP1_537000_4142000_classified_point_cloud.laz","2018_MLBS_3_537000_4142000_image.tif","Tree",1,537000,537999.999,4142000,4142999.999
"13320",13320,537520.51,537527.395,4142597.258,4142605.918,"Silva","NEON_D07_MLBS_DP1_537000_4142000_classified_point_cloud.laz","2018_MLBS_3_537000_4142000_image.tif","Tree",1,537000,537999.999,4142000,4142999.999
"13321",13321,537526.267,537534.999,4142596.65,4142604.472,"Silva","NEON_D07_MLBS_DP1_537000_4142000_classified_point_cloud.laz","2018_MLBS_3_537000_4142000_image.tif","Tree",1,537000,537999.999,4142000,4142999.999
"13322",13322,537534.649,537545.723,4142608.531,4142614.43,"Silva","NEON_D07_MLBS_DP1_537000_4142000_classified_point_cloud.laz","2018_MLBS_3_537000_4142000_image.tif","Tree",1,537000,537999.999,4142000,4142999.999
"13323",13323,537535.085,537543.49,4142601.13,4142608.499,"Silva","NEON_D07_MLBS_DP1_537000_4142000_classified_point_cloud.laz","2018_MLBS_3_537000_4142000_image.tif","Tree",1,537000,537999.999,4142000,4142999.999
"13324",13324,537524.661,537534.41,4142603.513,4142609.433,"Silva","NEON_D07_MLBS_DP1_537000_4142000_classified_point_cloud.laz","2018_MLBS_3_537000_4142000_image.tif","Tree",1,537000,537999.999,4142000,4142999.999
"13325",13325,537541.004,537551.444,4142597.531,4142610.97,"Silva","NEON_D07_MLBS_DP1_537000_4142000_classified_point_cloud.laz","2018_MLBS_3_537000_4142000_image.tif","Tree",1,537000,537999.999,4142000,4142999.999
"13326",13326,537581.03,537590.49,4142543.033,4142551.951,"Silva","NEON_D07_MLBS_DP1_537000_4142000_classified_point_cloud.laz","2018_MLBS_3_537000_4142000_image.tif","Tree",1,537000,537999.999,4142000,4142999.999
"13327",13327,537589.023,537599.981,4142541.515,4142553.456,"Silva","NEON_D07_MLBS_DP1_537000_4142000_classified_point_cloud.laz","2018_MLBS_3_537000_4142000_image.tif","Tree",1,537000,537999.999,4142000,4142999.999
"13328",13328,537556.582,537566.961,4142545.033,4142553.992,"Silva","NEON_D07_MLBS_DP1_537000_4142000_classified_point_cloud.laz","2018_MLBS_3_537000_4142000_image.tif","Tree",1,537000,537999.999,4142000,4142999.999
"13329",13329,537600.01,537610.45,4142546.026,4142554,"Silva","NEON_D07_MLBS_DP1_537000_4142000_classified_point_cloud.laz","2018_MLBS_3_537000_4142000_image.tif","Tree",1,537000,537999.999,4142000,4142999.999
"13330",13330,537574.143,537585.491,4142548.056,4142558.976,"Silva","NEON_D07_MLBS_DP1_537000_4142000_classified_point_cloud.laz","2018_MLBS_3_537000_4142000_image.tif","Tree",1,537000,537999.999,4142000,4142999.999
"13331",13331,537584.788,537592.452,4142551.507,4142559.975,"Silva","NEON_D07_MLBS_DP1_537000_4142000_classified_point_cloud.laz","2018_MLBS_3_537000_4142000_image.tif","Tree",1,537000,537999.999,4142000,4142999.999
"13332",13332,537567.5,537578.963,4142552.022,4142565.671,"Silva","NEON_D07_MLBS_DP1_537000_4142000_classified_point_cloud.laz","2018_MLBS_3_537000_4142000_image.tif","Tree",1,537000,537999.999,4142000,4142999.999
"13333",13333,537596.036,537602.441,4142554.504,4142563.468,"Silva","NEON_D07_MLBS_DP1_537000_4142000_classified_point_cloud.laz","2018_MLBS_3_537000_4142000_image.tif","Tree",1,537000,537999.999,4142000,4142999.999
"13334",13334,537587.551,537596.968,4142560.006,4142567.477,"Silva","NEON_D07_MLBS_DP1_537000_4142000_classified_point_cloud.laz","2018_MLBS_3_537000_4142000_image.tif","Tree",1,537000,537999.999,4142000,4142999.999
"13335",13335,537593.519,537601.948,4142566.067,4142576.499,"Silva","NEON_D07_MLBS_DP1_537000_4142000_classified_point_cloud.laz","2018_MLBS_3_537000_4142000_image.tif","Tree",1,537000,537999.999,4142000,4142999.999
"13336",13336,537585.014,537594.945,4142569.504,4142579.777,"Silva","NEON_D07_MLBS_DP1_537000_4142000_classified_point_cloud.laz","2018_MLBS_3_537000_4142000_image.tif","Tree",1,537000,537999.999,4142000,4142999.999
"13337",13337,537598.655,537604.49,4142572.688,4142578.445,"Silva","NEON_D07_MLBS_DP1_537000_4142000_classified_point_cloud.laz","2018_MLBS_3_537000_4142000_image.tif","Tree",1,537000,537999.999,4142000,4142999.999
"13338",13338,537604.501,537607.945,4142573.004,4142578.497,"Silva","NEON_D07_MLBS_DP1_537000_4142000_classified_point_cloud.laz","2018_MLBS_3_537000_4142000_image.tif","Tree",1,537000,537999.999,4142000,4142999.999
"13339",13339,537606.073,537611.426,4142575.367,4142581.623,"Silva","NEON_D07_MLBS_DP1_537000_4142000_classified_point_cloud.laz","2018_MLBS_3_537000_4142000_image.tif","Tree",1,537000,537999.999,4142000,4142999.999
"13340",13340,537600.515,537606.979,4142578.016,4142586.393,"Silva","NEON_D07_MLBS_DP1_537000_4142000_classified_point_cloud.laz","2018_MLBS_3_537000_4142000_image.tif","Tree",1,537000,537999.999,4142000,4142999.999
"13341",13341,537550.504,537558.451,4142578.067,4142588.792,"Silva","NEON_D07_MLBS_DP1_537000_4142000_classified_point_cloud.laz","2018_MLBS_3_537000_4142000_image.tif","Tree",1,537000,537999.999,4142000,4142999.999
"13342",13342,537572.51,537581.994,4142576.013,4142589.414,"Silva","NEON_D07_MLBS_DP1_537000_4142000_classified_point_cloud.laz","2018_MLBS_3_537000_4142000_image.tif","Tree",1,537000,537999.999,4142000,4142999.999
"13343",13343,537607.524,537619.495,4142581.521,4142587.995,"Silva","NEON_D07_MLBS_DP1_537000_4142000_classified_point_cloud.laz","2018_MLBS_3_537000_4142000_image.tif","Tree",1,537000,537999.999,4142000,4142999.999
"13344",13344,537588.555,537599.497,4142584.006,4142589.804,"Silva","NEON_D07_MLBS_DP1_537000_4142000_classified_point_cloud.laz","2018_MLBS_3_537000_4142000_image.tif","Tree",1,537000,537999.999,4142000,4142999.999
"13345",13345,537575.021,537584.936,4142586.123,4142593.983,"Silva","NEON_D07_MLBS_DP1_537000_4142000_classified_point_cloud.laz","2018_MLBS_3_537000_4142000_image.tif","Tree",1,537000,537999.999,4142000,4142999.999
"13346",13346,537563.591,537572.937,4142588.125,4142595.459,"Silva","NEON_D07_MLBS_DP1_537000_4142000_classified_point_cloud.laz","2018_MLBS_3_537000_4142000_image.tif","Tree",1,537000,537999.999,4142000,4142999.999
"13347",13347,537608,537620.488,4142588.016,4142596.994,"Silva","NEON_D07_MLBS_DP1_537000_4142000_classified_point_cloud.laz","2018_MLBS_3_537000_4142000_image.tif","Tree",1,537000,537999.999,4142000,4142999.999
"13348",13348,537560.152,537568.344,4142592.016,4142599.479,"Silva","NEON_D07_MLBS_DP1_537000_4142000_classified_point_cloud.laz","2018_MLBS_3_537000_4142000_image.tif","Tree",1,537000,537999.999,4142000,4142999.999
"13349",13349,537576.668,537584.467,4142594.008,4142601.998,"Silva","NEON_D07_MLBS_DP1_537000_4142000_classified_point_cloud.laz","2018_MLBS_3_537000_4142000_image.tif","Tree",1,537000,537999.999,4142000,4142999.999
"13350",13350,537607.026,537615.479,4142590.131,4142599.486,"Silva","NEON_D07_MLBS_DP1_537000_4142000_classified_point_cloud.laz","2018_MLBS_3_537000_4142000_image.tif","Tree",1,537000,537999.999,4142000,4142999.999
"13351",13351,537570.561,537577.49,4142592.506,4142604.465,"Silva","NEON_D07_MLBS_DP1_537000_4142000_classified_point_cloud.laz","2018_MLBS_3_537000_4142000_image.tif","Tree",1,537000,537999.999,4142000,4142999.999
"13352",13352,537588.007,537596.883,4142594.629,4142601.433,"Silva","NEON_D07_MLBS_DP1_537000_4142000_classified_point_cloud.laz","2018_MLBS_3_537000_4142000_image.tif","Tree",1,537000,537999.999,4142000,4142999.999
"13353",13353,537556.001,537564.463,4142596.54,4142606.499,"Silva","NEON_D07_MLBS_DP1_537000_4142000_classified_point_cloud.laz","2018_MLBS_3_537000_4142000_image.tif","Tree",1,537000,537999.999,4142000,4142999.999
"13354",13354,537580.586,537588.478,4142594.426,4142604.303,"Silva","NEON_D07_MLBS_DP1_537000_4142000_classified_point_cloud.laz","2018_MLBS_3_537000_4142000_image.tif","Tree",1,537000,537999.999,4142000,4142999.999
"13355",13355,537611.04,537622.938,4142601.079,4142613.48,"Silva","NEON_D07_MLBS_DP1_537000_4142000_classified_point_cloud.laz","2018_MLBS_3_537000_4142000_image.tif","Tree",1,537000,537999.999,4142000,4142999.999
"13356",13356,537572.565,537584.902,4142602.003,4142613.41,"Silva","NEON_D07_MLBS_DP1_537000_4142000_classified_point_cloud.laz","2018_MLBS_3_537000_4142000_image.tif","Tree",1,537000,537999.999,4142000,4142999.999
"13357",13357,537559.533,537572.478,4142602.558,4142612.457,"Silva","NEON_D07_MLBS_DP1_537000_4142000_classified_point_cloud.laz","2018_MLBS_3_537000_4142000_image.tif","Tree",1,537000,537999.999,4142000,4142999.999
"13358",13358,537607.339,537620.965,4142596.539,4142605.423,"Silva","NEON_D07_MLBS_DP1_537000_4142000_classified_point_cloud.laz","2018_MLBS_3_537000_4142000_image.tif","Tree",1,537000,537999.999,4142000,4142999.999
"13359",13359,537546.005,537553.476,4142615.124,4142625.953,"Silva","NEON_D07_MLBS_DP1_537000_4142000_classified_point_cloud.laz","2018_MLBS_3_537000_4142000_image.tif","Tree",1,537000,537999.999,4142000,4142999.999
"13360",13360,537534.062,537545.865,4142611.132,4142620.497,"Silva","NEON_D07_MLBS_DP1_537000_4142000_classified_point_cloud.laz","2018_MLBS_3_537000_4142000_image.tif","Tree",1,537000,537999.999,4142000,4142999.999
"13361",13361,537610.534,537620.191,4142633.606,4142641.467,"Silva","NEON_D07_MLBS_DP1_537000_4142000_classified_point_cloud.laz","2018_MLBS_3_537000_4142000_image.tif","Tree",1,537000,537999.999,4142000,4142999.999
"13362",13362,537584.107,537592.996,4142636.043,4142646.389,"Silva","NEON_D07_MLBS_DP1_537000_4142000_classified_point_cloud.laz","2018_MLBS_3_537000_4142000_image.tif","Tree",1,537000,537999.999,4142000,4142999.999
"13363",13363,537606.505,537614.346,4142637.031,4142645.488,"Silva","NEON_D07_MLBS_DP1_537000_4142000_classified_point_cloud.laz","2018_MLBS_3_537000_4142000_image.tif","Tree",1,537000,537999.999,4142000,4142999.999
"13364",13364,537599.009,537606.993,4142641.048,4142647.93,"Silva","NEON_D07_MLBS_DP1_537000_4142000_classified_point_cloud.laz","2018_MLBS_3_537000_4142000_image.tif","Tree",1,537000,537999.999,4142000,4142999.999
"13365",13365,537597.586,537606.441,4142655.007,4142663.388,"Silva","NEON_D07_MLBS_DP1_537000_4142000_classified_point_cloud.laz","2018_MLBS_3_537000_4142000_image.tif","Tree",1,537000,537999.999,4142000,4142999.999
"13366",13366,537589.009,537598.991,4142657.055,4142666.901,"Silva","NEON_D07_MLBS_DP1_537000_4142000_classified_point_cloud.laz","2018_MLBS_3_537000_4142000_image.tif","Tree",1,537000,537999.999,4142000,4142999.999
"13367",13367,537601.014,537612.499,4142658.537,4142665.84,"Silva","NEON_D07_MLBS_DP1_537000_4142000_classified_point_cloud.laz","2018_MLBS_3_537000_4142000_image.tif","Tree",1,537000,537999.999,4142000,4142999.999
"13368",13368,537596.5,537604.998,4142663.551,4142676.488,"Silva","NEON_D07_MLBS_DP1_537000_4142000_classified_point_cloud.laz","2018_MLBS_3_537000_4142000_image.tif","Tree",1,537000,537999.999,4142000,4142999.999
"13369",13369,537603.107,537616.484,4142671.53,4142681.211,"Silva","NEON_D07_MLBS_DP1_537000_4142000_classified_point_cloud.laz","2018_MLBS_3_537000_4142000_image.tif","Tree",1,537000,537999.999,4142000,4142999.999
"13370",13370,537574.04,537582.404,4142631.034,4142637.477,"Silva","NEON_D07_MLBS_DP1_537000_4142000_classified_point_cloud.laz","2018_MLBS_3_537000_4142000_image.tif","Tree",1,537000,537999.999,4142000,4142999.999
"13371",13371,537614.161,537620.409,4142628.13,4142633.871,"Silva","NEON_D07_MLBS_DP1_537000_4142000_classified_point_cloud.laz","2018_MLBS_3_537000_4142000_image.tif","Tree",1,537000,537999.999,4142000,4142999.999
"13372",13372,537602.516,537610.995,4142627.047,4142635.996,"Silva","NEON_D07_MLBS_DP1_537000_4142000_classified_point_cloud.laz","2018_MLBS_3_537000_4142000_image.tif","Tree",1,537000,537999.999,4142000,4142999.999
"13373",13373,537610.013,537617.475,4142624.009,4142634.39,"Silva","NEON_D07_MLBS_DP1_537000_4142000_classified_point_cloud.laz","2018_MLBS_3_537000_4142000_image.tif","Tree",1,537000,537999.999,4142000,4142999.999
"13374",13374,537596.59,537605.41,4142624.192,4142632.856,"Silva","NEON_D07_MLBS_DP1_537000_4142000_classified_point_cloud.laz","2018_MLBS_3_537000_4142000_image.tif","Tree",1,537000,537999.999,4142000,4142999.999
"13375",13375,537572,537576.998,4142623.039,4142632.933,"Silva","NEON_D07_MLBS_DP1_537000_4142000_classified_point_cloud.laz","2018_MLBS_3_537000_4142000_image.tif","Tree",1,537000,537999.999,4142000,4142999.999
"13376",13376,537586.052,537597.487,4142624.002,4142628.495,"Silva","NEON_D07_MLBS_DP1_537000_4142000_classified_point_cloud.laz","2018_MLBS_3_537000_4142000_image.tif","Tree",1,537000,537999.999,4142000,4142999.999
"13377",13377,537604.029,537615.47,4142617.016,4142628.423,"Silva","NEON_D07_MLBS_DP1_537000_4142000_classified_point_cloud.laz","2018_MLBS_3_537000_4142000_image.tif","Tree",1,537000,537999.999,4142000,4142999.999
"13378",13378,537557.5,537566.185,4142617.152,4142628.465,"Silva","NEON_D07_MLBS_DP1_537000_4142000_classified_point_cloud.laz","2018_MLBS_3_537000_4142000_image.tif","Tree",1,537000,537999.999,4142000,4142999.999
"13379",13379,537595.526,537603.985,4142619.708,4142626.419,"Silva","NEON_D07_MLBS_DP1_537000_4142000_classified_point_cloud.laz","2018_MLBS_3_537000_4142000_image.tif","Tree",1,537000,537999.999,4142000,4142999.999
"13380",13380,537611.515,537623.298,4142613.051,4142623.804,"Silva","NEON_D07_MLBS_DP1_537000_4142000_classified_point_cloud.laz","2018_MLBS_3_537000_4142000_image.tif","Tree",1,537000,537999.999,4142000,4142999.999
"13381",13381,537592.012,537597.466,4142615.015,4142621.458,"Silva","NEON_D07_MLBS_DP1_537000_4142000_classified_point_cloud.laz","2018_MLBS_3_537000_4142000_image.tif","Tree",1,537000,537999.999,4142000,4142999.999
"13382",13382,537597.608,537607.488,4142614.005,4142618.957,"Silva","NEON_D07_MLBS_DP1_537000_4142000_classified_point_cloud.laz","2018_MLBS_3_537000_4142000_image.tif","Tree",1,537000,537999.999,4142000,4142999.999
"13383",13383,537505.546,537512.939,4142590.028,4142599.489,"Silva","NEON_D07_MLBS_DP1_537000_4142000_classified_point_cloud.laz","2018_MLBS_3_537000_4142000_image.tif","Tree",1,537000,537999.999,4142000,4142999.999
"13384",13384,537502.595,537513.875,4142600.538,4142613.486,"Silva","NEON_D07_MLBS_DP1_537000_4142000_classified_point_cloud.laz","2018_MLBS_3_537000_4142000_image.tif","Tree",1,537000,537999.999,4142000,4142999.999
"13385",13385,537500.012,537507.425,4142659.551,4142664.471,"Silva","NEON_D07_MLBS_DP1_537000_4142000_classified_point_cloud.laz","2018_MLBS_3_537000_4142000_image.tif","Tree",1,537000,537999.999,4142000,4142999.999
"13386",13386,537522.511,537533.498,4142655.753,4142666.988,"Silva","NEON_D07_MLBS_DP1_537000_4142000_classified_point_cloud.laz","2018_MLBS_3_537000_4142000_image.tif","Tree",1,537000,537999.999,4142000,4142999.999
"13387",13387,537509.188,537517.482,4142658.259,4142667.477,"Silva","NEON_D07_MLBS_DP1_537000_4142000_classified_point_cloud.laz","2018_MLBS_3_537000_4142000_image.tif","Tree",1,537000,537999.999,4142000,4142999.999
"13388",13388,537547.509,537556.883,4142663.008,4142671.287,"Silva","NEON_D07_MLBS_DP1_537000_4142000_classified_point_cloud.laz","2018_MLBS_3_537000_4142000_image.tif","Tree",1,537000,537999.999,4142000,4142999.999
"13389",13389,537512.003,537518.939,4142667.504,4142677.398,"Silva","NEON_D07_MLBS_DP1_537000_4142000_classified_point_cloud.laz","2018_MLBS_3_537000_4142000_image.tif","Tree",1,537000,537999.999,4142000,4142999.999
"13390",13390,537511.579,537523.488,4142669.093,4142680.472,"Silva","NEON_D07_MLBS_DP1_537000_4142000_classified_point_cloud.laz","2018_MLBS_3_537000_4142000_image.tif","Tree",1,537000,537999.999,4142000,4142999.999
"13391",13391,537517.019,537527.495,4142634.001,4142643.301,"Silva","NEON_D07_MLBS_DP1_537000_4142000_classified_point_cloud.laz","2018_MLBS_3_537000_4142000_image.tif","Tree",1,537000,537999.999,4142000,4142999.999
"13392",13392,537532.028,537537.367,4142634.06,4142638.84,"Silva","NEON_D07_MLBS_DP1_537000_4142000_classified_point_cloud.laz","2018_MLBS_3_537000_4142000_image.tif","Tree",1,537000,537999.999,4142000,4142999.999
"13393",13393,537539.681,537545.496,4142629.002,4142636.473,"Silva","NEON_D07_MLBS_DP1_537000_4142000_classified_point_cloud.laz","2018_MLBS_3_537000_4142000_image.tif","Tree",1,537000,537999.999,4142000,4142999.999
"13394",13394,537531.047,537536.978,4142627.644,4142633.996,"Silva","NEON_D07_MLBS_DP1_537000_4142000_classified_point_cloud.laz","2018_MLBS_3_537000_4142000_image.tif","Tree",1,537000,537999.999,4142000,4142999.999
"13395",13395,537525.518,537530.993,4142623.539,4142633.368,"Silva","NEON_D07_MLBS_DP1_537000_4142000_classified_point_cloud.laz","2018_MLBS_3_537000_4142000_image.tif","Tree",1,537000,537999.999,4142000,4142999.999
"13396",13396,537498.191,537507.492,4142628.184,4142635.429,"Silva","NEON_D07_MLBS_DP1_537000_4142000_classified_point_cloud.laz","2018_MLBS_3_537000_4142000_image.tif","Tree",1,537000,537999.999,4142000,4142999.999
"13397",13397,537496.013,537506.999,4142623.002,4142629.487,"Silva","NEON_D07_MLBS_DP1_537000_4142000_classified_point_cloud.laz","2018_MLBS_3_537000_4142000_image.tif","Tree",1,537000,537999.999,4142000,4142999.999
"13398",13398,537538.724,537547.922,4142620.049,4142628.992,"Silva","NEON_D07_MLBS_DP1_537000_4142000_classified_point_cloud.laz","2018_MLBS_3_537000_4142000_image.tif","Tree",1,537000,537999.999,4142000,4142999.999
"13399",13399,537528.106,537537.977,4142618.127,4142627.962,"Silva","NEON_D07_MLBS_DP1_537000_4142000_classified_point_cloud.laz","2018_MLBS_3_537000_4142000_image.tif","Tree",1,537000,537999.999,4142000,4142999.999
"13400",13400,537507.197,537518.148,4142605.661,4142616.689,"Silva","NEON_D07_MLBS_DP1_537000_4142000_classified_point_cloud.laz","2018_MLBS_3_537000_4142000_image.tif","Tree",1,537000,537999.999,4142000,4142999.999
"13401",13401,537551.508,537558.856,4142637.536,4142646.498,"Silva","NEON_D07_MLBS_DP1_537000_4142000_classified_point_cloud.laz","2018_MLBS_3_537000_4142000_image.tif","Tree",1,537000,537999.999,4142000,4142999.999
"13402",13402,537563.007,537573.951,4142634.747,4142644.99,"Silva","NEON_D07_MLBS_DP1_537000_4142000_classified_point_cloud.laz","2018_MLBS_3_537000_4142000_image.tif","Tree",1,537000,537999.999,4142000,4142999.999
"13403",13403,537573.504,537583.492,4142649.583,4142656.492,"Silva","NEON_D07_MLBS_DP1_537000_4142000_classified_point_cloud.laz","2018_MLBS_3_537000_4142000_image.tif","Tree",1,537000,537999.999,4142000,4142999.999
"13404",13404,537557.5,537566.491,4142647.583,4142656.989,"Silva","NEON_D07_MLBS_DP1_537000_4142000_classified_point_cloud.laz","2018_MLBS_3_537000_4142000_image.tif","Tree",1,537000,537999.999,4142000,4142999.999
"13405",13405,537560.003,537566.382,4142656.546,4142662.204,"Silva","NEON_D07_MLBS_DP1_537000_4142000_classified_point_cloud.laz","2018_MLBS_3_537000_4142000_image.tif","Tree",1,537000,537999.999,4142000,4142999.999
"13406",13406,537573.543,537581.98,4142656.004,4142661.835,"Silva","NEON_D07_MLBS_DP1_537000_4142000_classified_point_cloud.laz","2018_MLBS_3_537000_4142000_image.tif","Tree",1,537000,537999.999,4142000,4142999.999
"13407",13407,537573.022,537580.992,4142659.528,4142667.973,"Silva","NEON_D07_MLBS_DP1_537000_4142000_classified_point_cloud.laz","2018_MLBS_3_537000_4142000_image.tif","Tree",1,537000,537999.999,4142000,4142999.999
"13408",13408,537576.019,537582.821,4142667.603,4142674.435,"Silva","NEON_D07_MLBS_DP1_537000_4142000_classified_point_cloud.laz","2018_MLBS_3_537000_4142000_image.tif","Tree",1,537000,537999.999,4142000,4142999.999
"13409",13409,537581.505,537587.465,4142672.045,4142679.468,"Silva","NEON_D07_MLBS_DP1_537000_4142000_classified_point_cloud.laz","2018_MLBS_3_537000_4142000_image.tif","Tree",1,537000,537999.999,4142000,4142999.999
"13410",13410,537552.206,537559.974,4142673.172,4142678.467,"Silva","NEON_D07_MLBS_DP1_537000_4142000_classified_point_cloud.laz","2018_MLBS_3_537000_4142000_image.tif","Tree",1,537000,537999.999,4142000,4142999.999
"13411",13411,537573.013,537576.99,4142670.062,4142678.296,"Silva","NEON_D07_MLBS_DP1_537000_4142000_classified_point_cloud.laz","2018_MLBS_3_537000_4142000_image.tif","Tree",1,537000,537999.999,4142000,4142999.999
"13412",13412,537554.107,537562.441,4142631.039,4142638.47,"Silva","NEON_D07_MLBS_DP1_537000_4142000_classified_point_cloud.laz","2018_MLBS_3_537000_4142000_image.tif","Tree",1,537000,537999.999,4142000,4142999.999
"13413",13413,537627.527,537633.991,4142540.564,4142547.491,"Silva","NEON_D07_MLBS_DP1_537000_4142000_classified_point_cloud.laz","2018_MLBS_3_537000_4142000_image.tif","Tree",1,537000,537999.999,4142000,4142999.999
"13414",13414,537629.782,537637.979,4142532.003,4142539.965,"Silva","NEON_D07_MLBS_DP1_537000_4142000_classified_point_cloud.laz","2018_MLBS_3_537000_4142000_image.tif","Tree",1,537000,537999.999,4142000,4142999.999
"13415",13415,537666.519,537674.37,4142531.512,4142537.997,"Silva","NEON_D07_MLBS_DP1_537000_4142000_classified_point_cloud.laz","2018_MLBS_3_537000_4142000_image.tif","Tree",1,537000,537999.999,4142000,4142999.999
"13416",13416,537620.525,537631.997,4142531.504,4142539.465,"Silva","NEON_D07_MLBS_DP1_537000_4142000_classified_point_cloud.laz","2018_MLBS_3_537000_4142000_image.tif","Tree",1,537000,537999.999,4142000,4142999.999
"13417",13417,537676.011,537683.485,4142522.015,4142534.33,"Silva","NEON_D07_MLBS_DP1_537000_4142000_classified_point_cloud.laz","2018_MLBS_3_537000_4142000_image.tif","Tree",1,537000,537999.999,4142000,4142999.999
"13418",13418,537665.513,537672.97,4142520.521,4142527.93,"Silva","NEON_D07_MLBS_DP1_537000_4142000_classified_point_cloud.laz","2018_MLBS_3_537000_4142000_image.tif","Tree",1,537000,537999.999,4142000,4142999.999
"13419",13419,537652.561,537661.428,4142514.953,4142527.477,"Silva","NEON_D07_MLBS_DP1_537000_4142000_classified_point_cloud.laz","2018_MLBS_3_537000_4142000_image.tif","Tree",1,537000,537999.999,4142000,4142999.999
"13420",13420,537643.038,537653.933,4142518.125,4142525.997,"Silva","NEON_D07_MLBS_DP1_537000_4142000_classified_point_cloud.laz","2018_MLBS_3_537000_4142000_image.tif","Tree",1,537000,537999.999,4142000,4142999.999
"13421",13421,537661.056,537672.386,4142505.126,4142516.499,"Silva","NEON_D07_MLBS_DP1_537000_4142000_classified_point_cloud.laz","2018_MLBS_3_537000_4142000_image.tif","Tree",1,537000,537999.999,4142000,4142999.999
"13422",13422,537639.566,537648.487,4142497.552,4142506.901,"Silva","NEON_D07_MLBS_DP1_537000_4142000_classified_point_cloud.laz","2018_MLBS_3_537000_4142000_image.tif","Tree",1,537000,537999.999,4142000,4142999.999
"13423",13423,537721.007,537729.491,4142540.601,4142550.494,"Silva","NEON_D07_MLBS_DP1_537000_4142000_classified_point_cloud.laz","2018_MLBS_3_537000_4142000_image.tif","Tree",1,537000,537999.999,4142000,4142999.999
"13424",13424,537729.001,537737.999,4142541.019,4142550.461,"Silva","NEON_D07_MLBS_DP1_537000_4142000_classified_point_cloud.laz","2018_MLBS_3_537000_4142000_image.tif","Tree",1,537000,537999.999,4142000,4142999.999
"13425",13425,537702.506,537711.101,4142541.524,4142555.497,"Silva","NEON_D07_MLBS_DP1_537000_4142000_classified_point_cloud.laz","2018_MLBS_3_537000_4142000_image.tif","Tree",1,537000,537999.999,4142000,4142999.999
"13426",13426,537737.594,537749.863,4142535.018,4142547.481,"Silva","NEON_D07_MLBS_DP1_537000_4142000_classified_point_cloud.laz","2018_MLBS_3_537000_4142000_image.tif","Tree",1,537000,537999.999,4142000,4142999.999
"13427",13427,537696.011,537703.97,4142539.506,4142546.781,"Silva","NEON_D07_MLBS_DP1_537000_4142000_classified_point_cloud.laz","2018_MLBS_3_537000_4142000_image.tif","Tree",1,537000,537999.999,4142000,4142999.999
"13428",13428,537733.103,537745.938,4142533.111,4142543.485,"Silva","NEON_D07_MLBS_DP1_537000_4142000_classified_point_cloud.laz","2018_MLBS_3_537000_4142000_image.tif","Tree",1,537000,537999.999,4142000,4142999.999
"13429",13429,537711.073,537719.992,4142531.1,4142540.978,"Silva","NEON_D07_MLBS_DP1_537000_4142000_classified_point_cloud.laz","2018_MLBS_3_537000_4142000_image.tif","Tree",1,537000,537999.999,4142000,4142999.999
"13430",13430,537689.53,537698.474,4142526.036,4142535.965,"Silva","NEON_D07_MLBS_DP1_537000_4142000_classified_point_cloud.laz","2018_MLBS_3_537000_4142000_image.tif","Tree",1,537000,537999.999,4142000,4142999.999
"13431",13431,537715.024,537720.648,4142525.628,4142532.443,"Silva","NEON_D07_MLBS_DP1_537000_4142000_classified_point_cloud.laz","2018_MLBS_3_537000_4142000_image.tif","Tree",1,537000,537999.999,4142000,4142999.999
"13432",13432,537708.523,537716.397,4142525.019,4142531.992,"Silva","NEON_D07_MLBS_DP1_537000_4142000_classified_point_cloud.laz","2018_MLBS_3_537000_4142000_image.tif","Tree",1,537000,537999.999,4142000,4142999.999
"13433",13433,537738.023,537747.952,4142521.016,4142534,"Silva","NEON_D07_MLBS_DP1_537000_4142000_classified_point_cloud.laz","2018_MLBS_3_537000_4142000_image.tif","Tree",1,537000,537999.999,4142000,4142999.999
"13434",13434,537716.091,537721.437,4142516.622,4142525.274,"Silva","NEON_D07_MLBS_DP1_537000_4142000_classified_point_cloud.laz","2018_MLBS_3_537000_4142000_image.tif","Tree",1,537000,537999.999,4142000,4142999.999
"13435",13435,537721.007,537728.453,4142516.621,4142524.731,"Silva","NEON_D07_MLBS_DP1_537000_4142000_classified_point_cloud.laz","2018_MLBS_3_537000_4142000_image.tif","Tree",1,537000,537999.999,4142000,4142999.999
"13436",13436,537724.538,537731.979,4142513.566,4142522.989,"Silva","NEON_D07_MLBS_DP1_537000_4142000_classified_point_cloud.laz","2018_MLBS_3_537000_4142000_image.tif","Tree",1,537000,537999.999,4142000,4142999.999
"13437",13437,537728.622,537735.317,4142514.099,4142519.875,"Silva","NEON_D07_MLBS_DP1_537000_4142000_classified_point_cloud.laz","2018_MLBS_3_537000_4142000_image.tif","Tree",1,537000,537999.999,4142000,4142999.999
"13438",13438,537700,537709.489,4142508.503,4142517.945,"Silva","NEON_D07_MLBS_DP1_537000_4142000_classified_point_cloud.laz","2018_MLBS_3_537000_4142000_image.tif","Tree",1,537000,537999.999,4142000,4142999.999
"13439",13439,537705.568,537719.948,4142503.04,4142515.475,"Silva","NEON_D07_MLBS_DP1_537000_4142000_classified_point_cloud.laz","2018_MLBS_3_537000_4142000_image.tif","Tree",1,537000,537999.999,4142000,4142999.999
"13440",13440,537694.004,537705.962,4142500.009,4142509.996,"Silva","NEON_D07_MLBS_DP1_537000_4142000_classified_point_cloud.laz","2018_MLBS_3_537000_4142000_image.tif","Tree",1,537000,537999.999,4142000,4142999.999
"13441",13441,537800.009,537808.486,4142543.549,4142549.452,"Silva","NEON_D07_MLBS_DP1_537000_4142000_classified_point_cloud.laz","2018_MLBS_3_537000_4142000_image.tif","Tree",1,537000,537999.999,4142000,4142999.999
"13442",13442,537759.506,537768.999,4142540.52,4142552.479,"Silva","NEON_D07_MLBS_DP1_537000_4142000_classified_point_cloud.laz","2018_MLBS_3_537000_4142000_image.tif","Tree",1,537000,537999.999,4142000,4142999.999
"13443",13443,537790.059,537801.994,4142538.588,4142546.465,"Silva","NEON_D07_MLBS_DP1_537000_4142000_classified_point_cloud.laz","2018_MLBS_3_537000_4142000_image.tif","Tree",1,537000,537999.999,4142000,4142999.999
"13444",13444,537779.715,537792.495,4142530.602,4142543.955,"Silva","NEON_D07_MLBS_DP1_537000_4142000_classified_point_cloud.laz","2018_MLBS_3_537000_4142000_image.tif","Tree",1,537000,537999.999,4142000,4142999.999
"13445",13445,537787.002,537800.979,4142526.602,4142535.946,"Silva","NEON_D07_MLBS_DP1_537000_4142000_classified_point_cloud.laz","2018_MLBS_3_537000_4142000_image.tif","Tree",1,537000,537999.999,4142000,4142999.999
"13446",13446,537769.015,537778.352,4142522.523,4142530.757,"Silva","NEON_D07_MLBS_DP1_537000_4142000_classified_point_cloud.laz","2018_MLBS_3_537000_4142000_image.tif","Tree",1,537000,537999.999,4142000,4142999.999
"13447",13447,537764.371,537774.971,4142518.255,4142530.236,"Silva","NEON_D07_MLBS_DP1_537000_4142000_classified_point_cloud.laz","2018_MLBS_3_537000_4142000_image.tif","Tree",1,537000,537999.999,4142000,4142999.999
"13448",13448,537781.262,537788.456,4142518.005,4142526.919,"Silva","NEON_D07_MLBS_DP1_537000_4142000_classified_point_cloud.laz","2018_MLBS_3_537000_4142000_image.tif","Tree",1,537000,537999.999,4142000,4142999.999
"13449",13449,537779.01,537789.94,4142511.03,4142519.427,"Silva","NEON_D07_MLBS_DP1_537000_4142000_classified_point_cloud.laz","2018_MLBS_3_537000_4142000_image.tif","Tree",1,537000,537999.999,4142000,4142999.999
"13450",13450,537748.535,537755.499,4142509.358,4142517.902,"Silva","NEON_D07_MLBS_DP1_537000_4142000_classified_point_cloud.laz","2018_MLBS_3_537000_4142000_image.tif","Tree",1,537000,537999.999,4142000,4142999.999
"13451",13451,537805.04,537816.477,4142498.578,4142512.879,"Silva","NEON_D07_MLBS_DP1_537000_4142000_classified_point_cloud.laz","2018_MLBS_3_537000_4142000_image.tif","Tree",1,537000,537999.999,4142000,4142999.999
"13452",13452,537813.517,537822.48,4142539.419,4142548.993,"Silva","NEON_D07_MLBS_DP1_537000_4142000_classified_point_cloud.laz","2018_MLBS_3_537000_4142000_image.tif","Tree",1,537000,537999.999,4142000,4142999.999
"13453",13453,537653.002,537659.138,4142545.124,4142551.49,"Silva","NEON_D07_MLBS_DP1_537000_4142000_classified_point_cloud.laz","2018_MLBS_3_537000_4142000_image.tif","Tree",1,537000,537999.999,4142000,4142999.999
"13454",13454,537663.545,537675.406,4142546.501,4142552.476,"Silva","NEON_D07_MLBS_DP1_537000_4142000_classified_point_cloud.laz","2018_MLBS_3_537000_4142000_image.tif","Tree",1,537000,537999.999,4142000,4142999.999
"13455",13455,537630.6,537638.894,4142547.584,4142555.886,"Silva","NEON_D07_MLBS_DP1_537000_4142000_classified_point_cloud.laz","2018_MLBS_3_537000_4142000_image.tif","Tree",1,537000,537999.999,4142000,4142999.999
"13456",13456,537639.002,537648.975,4142547.82,4142558.448,"Silva","NEON_D07_MLBS_DP1_537000_4142000_classified_point_cloud.laz","2018_MLBS_3_537000_4142000_image.tif","Tree",1,537000,537999.999,4142000,4142999.999
"13457",13457,537667.531,537676.492,4142546.542,4142557.91,"Silva","NEON_D07_MLBS_DP1_537000_4142000_classified_point_cloud.laz","2018_MLBS_3_537000_4142000_image.tif","Tree",1,537000,537999.999,4142000,4142999.999
"13458",13458,537634.012,537644.467,4142551.505,4142561.946,"Silva","NEON_D07_MLBS_DP1_537000_4142000_classified_point_cloud.laz","2018_MLBS_3_537000_4142000_image.tif","Tree",1,537000,537999.999,4142000,4142999.999
"13459",13459,537678.57,537687.351,4142551.526,4142557.976,"Silva","NEON_D07_MLBS_DP1_537000_4142000_classified_point_cloud.laz","2018_MLBS_3_537000_4142000_image.tif","Tree",1,537000,537999.999,4142000,4142999.999
"13460",13460,537617.718,537626.404,4142557.598,4142564.997,"Silva","NEON_D07_MLBS_DP1_537000_4142000_classified_point_cloud.laz","2018_MLBS_3_537000_4142000_image.tif","Tree",1,537000,537999.999,4142000,4142999.999
"13461",13461,537672.513,537684.355,4142556.503,4142564.995,"Silva","NEON_D07_MLBS_DP1_537000_4142000_classified_point_cloud.laz","2018_MLBS_3_537000_4142000_image.tif","Tree",1,537000,537999.999,4142000,4142999.999
"13462",13462,537617.507,537624.992,4142564.015,4142572.947,"Silva","NEON_D07_MLBS_DP1_537000_4142000_classified_point_cloud.laz","2018_MLBS_3_537000_4142000_image.tif","Tree",1,537000,537999.999,4142000,4142999.999
"13463",13463,537631.57,537640.454,4142561.513,4142570.491,"Silva","NEON_D07_MLBS_DP1_537000_4142000_classified_point_cloud.laz","2018_MLBS_3_537000_4142000_image.tif","Tree",1,537000,537999.999,4142000,4142999.999
"13464",13464,537673.107,537685.589,4142564.006,4142570.496,"Silva","NEON_D07_MLBS_DP1_537000_4142000_classified_point_cloud.laz","2018_MLBS_3_537000_4142000_image.tif","Tree",1,537000,537999.999,4142000,4142999.999
"13465",13465,537654.51,537660.352,4142564.013,4142571.426,"Silva","NEON_D07_MLBS_DP1_537000_4142000_classified_point_cloud.laz","2018_MLBS_3_537000_4142000_image.tif","Tree",1,537000,537999.999,4142000,4142999.999
"13466",13466,537628.003,537635.466,4142565.009,4142576.457,"Silva","NEON_D07_MLBS_DP1_537000_4142000_classified_point_cloud.laz","2018_MLBS_3_537000_4142000_image.tif","Tree",1,537000,537999.999,4142000,4142999.999
"13467",13467,537665.501,537674.987,4142563.008,4142576.375,"Silva","NEON_D07_MLBS_DP1_537000_4142000_classified_point_cloud.laz","2018_MLBS_3_537000_4142000_image.tif","Tree",1,537000,537999.999,4142000,4142999.999
"13468",13468,537639.133,537645.956,4142568.156,4142575.454,"Silva","NEON_D07_MLBS_DP1_537000_4142000_classified_point_cloud.laz","2018_MLBS_3_537000_4142000_image.tif","Tree",1,537000,537999.999,4142000,4142999.999
"13469",13469,537650.537,537658.455,4142569.762,4142577.997,"Silva","NEON_D07_MLBS_DP1_537000_4142000_classified_point_cloud.laz","2018_MLBS_3_537000_4142000_image.tif","Tree",1,537000,537999.999,4142000,4142999.999
"13470",13470,537623.023,537631.382,4142571.108,4142576.804,"Silva","NEON_D07_MLBS_DP1_537000_4142000_classified_point_cloud.laz","2018_MLBS_3_537000_4142000_image.tif","Tree",1,537000,537999.999,4142000,4142999.999
"13471",13471,537617.361,537624.467,4142572.517,4142581.948,"Silva","NEON_D07_MLBS_DP1_537000_4142000_classified_point_cloud.laz","2018_MLBS_3_537000_4142000_image.tif","Tree",1,537000,537999.999,4142000,4142999.999
"13472",13472,537644.037,537651.973,4142570.508,4142580.276,"Silva","NEON_D07_MLBS_DP1_537000_4142000_classified_point_cloud.laz","2018_MLBS_3_537000_4142000_image.tif","Tree",1,537000,537999.999,4142000,4142999.999
"13473",13473,537681.005,537689.397,4142567.001,4142580.366,"Silva","NEON_D07_MLBS_DP1_537000_4142000_classified_point_cloud.laz","2018_MLBS_3_537000_4142000_image.tif","Tree",1,537000,537999.999,4142000,4142999.999
"13474",13474,537656.02,537667.494,4142573.001,4142580.908,"Silva","NEON_D07_MLBS_DP1_537000_4142000_classified_point_cloud.laz","2018_MLBS_3_537000_4142000_image.tif","Tree",1,537000,537999.999,4142000,4142999.999
"13475",13475,537623.528,537632.404,4142576.149,4142583.487,"Silva","NEON_D07_MLBS_DP1_537000_4142000_classified_point_cloud.laz","2018_MLBS_3_537000_4142000_image.tif","Tree",1,537000,537999.999,4142000,4142999.999
"13476",13476,537632.554,537640.479,4142575.028,4142580.44,"Silva","NEON_D07_MLBS_DP1_537000_4142000_classified_point_cloud.laz","2018_MLBS_3_537000_4142000_image.tif","Tree",1,537000,537999.999,4142000,4142999.999
"13477",13477,537640.504,537646.997,4142574.563,4142581.999,"Silva","NEON_D07_MLBS_DP1_537000_4142000_classified_point_cloud.laz","2018_MLBS_3_537000_4142000_image.tif","Tree",1,537000,537999.999,4142000,4142999.999
"13478",13478,537638.142,537644.379,4142579.286,4142583.976,"Silva","NEON_D07_MLBS_DP1_537000_4142000_classified_point_cloud.laz","2018_MLBS_3_537000_4142000_image.tif","Tree",1,537000,537999.999,4142000,4142999.999
"13479",13479,537653.512,537661.998,4142578.044,4142590.445,"Silva","NEON_D07_MLBS_DP1_537000_4142000_classified_point_cloud.laz","2018_MLBS_3_537000_4142000_image.tif","Tree",1,537000,537999.999,4142000,4142999.999
"13480",13480,537646.068,537653.991,4142577.501,4142586.498,"Silva","NEON_D07_MLBS_DP1_537000_4142000_classified_point_cloud.laz","2018_MLBS_3_537000_4142000_image.tif","Tree",1,537000,537999.999,4142000,4142999.999
"13481",13481,537619.015,537630.474,4142581.006,4142589.996,"Silva","NEON_D07_MLBS_DP1_537000_4142000_classified_point_cloud.laz","2018_MLBS_3_537000_4142000_image.tif","Tree",1,537000,537999.999,4142000,4142999.999
"13482",13482,537661.51,537673.479,4142576.028,4142589.209,"Silva","NEON_D07_MLBS_DP1_537000_4142000_classified_point_cloud.laz","2018_MLBS_3_537000_4142000_image.tif","Tree",1,537000,537999.999,4142000,4142999.999
"13483",13483,537630.555,537639.966,4142584.005,4142591.922,"Silva","NEON_D07_MLBS_DP1_537000_4142000_classified_point_cloud.laz","2018_MLBS_3_537000_4142000_image.tif","Tree",1,537000,537999.999,4142000,4142999.999
"13484",13484,537678.016,537685.678,4142583.511,4142590.794,"Silva","NEON_D07_MLBS_DP1_537000_4142000_classified_point_cloud.laz","2018_MLBS_3_537000_4142000_image.tif","Tree",1,537000,537999.999,4142000,4142999.999
"13485",13485,537625.148,537634.456,4142584.552,4142598.397,"Silva","NEON_D07_MLBS_DP1_537000_4142000_classified_point_cloud.laz","2018_MLBS_3_537000_4142000_image.tif","Tree",1,537000,537999.999,4142000,4142999.999
"13486",13486,537648.01,537659.403,4142586.504,4142595.817,"Silva","NEON_D07_MLBS_DP1_537000_4142000_classified_point_cloud.laz","2018_MLBS_3_537000_4142000_image.tif","Tree",1,537000,537999.999,4142000,4142999.999
"13487",13487,537644.009,537651.46,4142589.222,4142599.424,"Silva","NEON_D07_MLBS_DP1_537000_4142000_classified_point_cloud.laz","2018_MLBS_3_537000_4142000_image.tif","Tree",1,537000,537999.999,4142000,4142999.999
"13488",13488,537633.563,537643.988,4142588.508,4142599.486,"Silva","NEON_D07_MLBS_DP1_537000_4142000_classified_point_cloud.laz","2018_MLBS_3_537000_4142000_image.tif","Tree",1,537000,537999.999,4142000,4142999.999
"13489",13489,537674.098,537682.456,4142590.005,4142598.901,"Silva","NEON_D07_MLBS_DP1_537000_4142000_classified_point_cloud.laz","2018_MLBS_3_537000_4142000_image.tif","Tree",1,537000,537999.999,4142000,4142999.999
"13490",13490,537666.63,537674.39,4142591.722,4142597.412,"Silva","NEON_D07_MLBS_DP1_537000_4142000_classified_point_cloud.laz","2018_MLBS_3_537000_4142000_image.tif","Tree",1,537000,537999.999,4142000,4142999.999
"13491",13491,537659.723,537666.999,4142591.02,4142604.324,"Silva","NEON_D07_MLBS_DP1_537000_4142000_classified_point_cloud.laz","2018_MLBS_3_537000_4142000_image.tif","Tree",1,537000,537999.999,4142000,4142999.999
"13492",13492,537647.628,537656.402,4142595.057,4142606.966,"Silva","NEON_D07_MLBS_DP1_537000_4142000_classified_point_cloud.laz","2018_MLBS_3_537000_4142000_image.tif","Tree",1,537000,537999.999,4142000,4142999.999
"13493",13493,537649.052,537660.989,4142607.025,4142617.487,"Silva","NEON_D07_MLBS_DP1_537000_4142000_classified_point_cloud.laz","2018_MLBS_3_537000_4142000_image.tif","Tree",1,537000,537999.999,4142000,4142999.999
"13494",13494,537659.017,537664.997,4142605.026,4142614.985,"Silva","NEON_D07_MLBS_DP1_537000_4142000_classified_point_cloud.laz","2018_MLBS_3_537000_4142000_image.tif","Tree",1,537000,537999.999,4142000,4142999.999
"13495",13495,537666.194,537673.951,4142603.509,4142615.482,"Silva","NEON_D07_MLBS_DP1_537000_4142000_classified_point_cloud.laz","2018_MLBS_3_537000_4142000_image.tif","Tree",1,537000,537999.999,4142000,4142999.999
"13496",13496,537662.509,537667.945,4142603.004,4142614.995,"Silva","NEON_D07_MLBS_DP1_537000_4142000_classified_point_cloud.laz","2018_MLBS_3_537000_4142000_image.tif","Tree",1,537000,537999.999,4142000,4142999.999
"13497",13497,537674.115,537685.468,4142606.503,4142611.364,"Silva","NEON_D07_MLBS_DP1_537000_4142000_classified_point_cloud.laz","2018_MLBS_3_537000_4142000_image.tif","Tree",1,537000,537999.999,4142000,4142999.999
"13498",13498,537619.041,537627.995,4142602.05,4142613.494,"Silva","NEON_D07_MLBS_DP1_537000_4142000_classified_point_cloud.laz","2018_MLBS_3_537000_4142000_image.tif","Tree",1,537000,537999.999,4142000,4142999.999
"13499",13499,537627.528,537635.997,4142603.045,4142614.955,"Silva","NEON_D07_MLBS_DP1_537000_4142000_classified_point_cloud.laz","2018_MLBS_3_537000_4142000_image.tif","Tree",1,537000,537999.999,4142000,4142999.999
"13500",13500,537669.071,537676.494,4142601.151,4142609.98,"Silva","NEON_D07_MLBS_DP1_537000_4142000_classified_point_cloud.laz","2018_MLBS_3_537000_4142000_image.tif","Tree",1,537000,537999.999,4142000,4142999.999
"13501",13501,537676.511,537684.933,4142599.053,4142606.499,"Silva","NEON_D07_MLBS_DP1_537000_4142000_classified_point_cloud.laz","2018_MLBS_3_537000_4142000_image.tif","Tree",1,537000,537999.999,4142000,4142999.999
"13502",13502,537639.536,537650.574,4142598.563,4142613.367,"Silva","NEON_D07_MLBS_DP1_537000_4142000_classified_point_cloud.laz","2018_MLBS_3_537000_4142000_image.tif","Tree",1,537000,537999.999,4142000,4142999.999
"13503",13503,537653.027,537662.886,4142601.006,4142606.989,"Silva","NEON_D07_MLBS_DP1_537000_4142000_classified_point_cloud.laz","2018_MLBS_3_537000_4142000_image.tif","Tree",1,537000,537999.999,4142000,4142999.999
"13504",13504,537729.699,537737.946,4142548.005,4142557.476,"Silva","NEON_D07_MLBS_DP1_537000_4142000_classified_point_cloud.laz","2018_MLBS_3_537000_4142000_image.tif","Tree",1,537000,537999.999,4142000,4142999.999
"13505",13505,537693.047,537707.407,4142550.043,4142559.44,"Silva","NEON_D07_MLBS_DP1_537000_4142000_classified_point_cloud.laz","2018_MLBS_3_537000_4142000_image.tif","Tree",1,537000,537999.999,4142000,4142999.999
"13506",13506,537686.52,537693.938,4142550.502,4142558.935,"Silva","NEON_D07_MLBS_DP1_537000_4142000_classified_point_cloud.laz","2018_MLBS_3_537000_4142000_image.tif","Tree",1,537000,537999.999,4142000,4142999.999
"13507",13507,537720.568,537730.98,4142550.51,4142558.247,"Silva","NEON_D07_MLBS_DP1_537000_4142000_classified_point_cloud.laz","2018_MLBS_3_537000_4142000_image.tif","Tree",1,537000,537999.999,4142000,4142999.999
"13508",13508,537681.097,537687.988,4142555.531,4142562.423,"Silva","NEON_D07_MLBS_DP1_537000_4142000_classified_point_cloud.laz","2018_MLBS_3_537000_4142000_image.tif","Tree",1,537000,537999.999,4142000,4142999.999
"13509",13509,537731.047,537743.469,4142553.005,4142565.452,"Silva","NEON_D07_MLBS_DP1_537000_4142000_classified_point_cloud.laz","2018_MLBS_3_537000_4142000_image.tif","Tree",1,537000,537999.999,4142000,4142999.999
"13510",13510,537684.023,537693.448,4142557.58,4142566.966,"Silva","NEON_D07_MLBS_DP1_537000_4142000_classified_point_cloud.laz","2018_MLBS_3_537000_4142000_image.tif","Tree",1,537000,537999.999,4142000,4142999.999
"13511",13511,537718.013,537726.985,4142555.001,4142567.448,"Silva","NEON_D07_MLBS_DP1_537000_4142000_classified_point_cloud.laz","2018_MLBS_3_537000_4142000_image.tif","Tree",1,537000,537999.999,4142000,4142999.999
"13512",13512,537690.024,537699.98,4142558.629,4142569.149,"Silva","NEON_D07_MLBS_DP1_537000_4142000_classified_point_cloud.laz","2018_MLBS_3_537000_4142000_image.tif","Tree",1,537000,537999.999,4142000,4142999.999
"13513",13513,537706.257,537717.499,4142565.075,4142574.909,"Silva","NEON_D07_MLBS_DP1_537000_4142000_classified_point_cloud.laz","2018_MLBS_3_537000_4142000_image.tif","Tree",1,537000,537999.999,4142000,4142999.999
"13514",13514,537686.528,537697.476,4142566.128,4142578.995,"Silva","NEON_D07_MLBS_DP1_537000_4142000_classified_point_cloud.laz","2018_MLBS_3_537000_4142000_image.tif","Tree",1,537000,537999.999,4142000,4142999.999
"13515",13515,537697.029,537706.938,4142568.516,4142576.417,"Silva","NEON_D07_MLBS_DP1_537000_4142000_classified_point_cloud.laz","2018_MLBS_3_537000_4142000_image.tif","Tree",1,537000,537999.999,4142000,4142999.999
"13516",13516,537728.503,537737.997,4142565.53,4142578.409,"Silva","NEON_D07_MLBS_DP1_537000_4142000_classified_point_cloud.laz","2018_MLBS_3_537000_4142000_image.tif","Tree",1,537000,537999.999,4142000,4142999.999
"13517",13517,537715.533,537725.498,4142573.006,4142584.392,"Silva","NEON_D07_MLBS_DP1_537000_4142000_classified_point_cloud.laz","2018_MLBS_3_537000_4142000_image.tif","Tree",1,537000,537999.999,4142000,4142999.999
"13518",13518,537697.646,537705.998,4142575.039,4142581.917,"Silva","NEON_D07_MLBS_DP1_537000_4142000_classified_point_cloud.laz","2018_MLBS_3_537000_4142000_image.tif","Tree",1,537000,537999.999,4142000,4142999.999
"13519",13519,537740.668,537752.975,4142572.034,4142584.49,"Silva","NEON_D07_MLBS_DP1_537000_4142000_classified_point_cloud.laz","2018_MLBS_3_537000_4142000_image.tif","Tree",1,537000,537999.999,4142000,4142999.999
"13520",13520,537692.072,537701.48,4142574.574,4142584.903,"Silva","NEON_D07_MLBS_DP1_537000_4142000_classified_point_cloud.laz","2018_MLBS_3_537000_4142000_image.tif","Tree",1,537000,537999.999,4142000,4142999.999
"13521",13521,537701.064,537711.416,4142577.742,4142586.459,"Silva","NEON_D07_MLBS_DP1_537000_4142000_classified_point_cloud.laz","2018_MLBS_3_537000_4142000_image.tif","Tree",1,537000,537999.999,4142000,4142999.999
"13522",13522,537686.901,537698.44,4142579.031,4142592.464,"Silva","NEON_D07_MLBS_DP1_537000_4142000_classified_point_cloud.laz","2018_MLBS_3_537000_4142000_image.tif","Tree",1,537000,537999.999,4142000,4142999.999
"13523",13523,537720.094,537733.953,4142581.011,4142592.656,"Silva","NEON_D07_MLBS_DP1_537000_4142000_classified_point_cloud.laz","2018_MLBS_3_537000_4142000_image.tif","Tree",1,537000,537999.999,4142000,4142999.999
"13524",13524,537710.515,537717.709,4142582.506,4142593.493,"Silva","NEON_D07_MLBS_DP1_537000_4142000_classified_point_cloud.laz","2018_MLBS_3_537000_4142000_image.tif","Tree",1,537000,537999.999,4142000,4142999.999
"13525",13525,537682.211,537692.912,4142584.006,4142593.45,"Silva","NEON_D07_MLBS_DP1_537000_4142000_classified_point_cloud.laz","2018_MLBS_3_537000_4142000_image.tif","Tree",1,537000,537999.999,4142000,4142999.999
"13526",13526,537711.508,537722.81,4142583.544,4142596.487,"Silva","NEON_D07_MLBS_DP1_537000_4142000_classified_point_cloud.laz","2018_MLBS_3_537000_4142000_image.tif","Tree",1,537000,537999.999,4142000,4142999.999
"13527",13527,537736.522,537747.173,4142585.333,4142597.49,"Silva","NEON_D07_MLBS_DP1_537000_4142000_classified_point_cloud.laz","2018_MLBS_3_537000_4142000_image.tif","Tree",1,537000,537999.999,4142000,4142999.999
"13528",13528,537681.001,537692.444,4142592.503,4142599.446,"Silva","NEON_D07_MLBS_DP1_537000_4142000_classified_point_cloud.laz","2018_MLBS_3_537000_4142000_image.tif","Tree",1,537000,537999.999,4142000,4142999.999
"13529",13529,537704.026,537717.994,4142593.677,4142604.845,"Silva","NEON_D07_MLBS_DP1_537000_4142000_classified_point_cloud.laz","2018_MLBS_3_537000_4142000_image.tif","Tree",1,537000,537999.999,4142000,4142999.999
"13530",13530,537691.064,537702.386,4142592.561,4142603,"Silva","NEON_D07_MLBS_DP1_537000_4142000_classified_point_cloud.laz","2018_MLBS_3_537000_4142000_image.tif","Tree",1,537000,537999.999,4142000,4142999.999
"13531",13531,537703.072,537709.988,4142609.262,4142615.935,"Silva","NEON_D07_MLBS_DP1_537000_4142000_classified_point_cloud.laz","2018_MLBS_3_537000_4142000_image.tif","Tree",1,537000,537999.999,4142000,4142999.999
"13532",13532,537725.048,537734.939,4142605.505,4142612.489,"Silva","NEON_D07_MLBS_DP1_537000_4142000_classified_point_cloud.laz","2018_MLBS_3_537000_4142000_image.tif","Tree",1,537000,537999.999,4142000,4142999.999
"13533",13533,537742.107,537746.996,4142605.519,4142612.463,"Silva","NEON_D07_MLBS_DP1_537000_4142000_classified_point_cloud.laz","2018_MLBS_3_537000_4142000_image.tif","Tree",1,537000,537999.999,4142000,4142999.999
"13534",13534,537685.509,537695.374,4142603.054,4142613.973,"Silva","NEON_D07_MLBS_DP1_537000_4142000_classified_point_cloud.laz","2018_MLBS_3_537000_4142000_image.tif","Tree",1,537000,537999.999,4142000,4142999.999
"13535",13535,537707.004,537715.926,4142602.066,4142610.432,"Silva","NEON_D07_MLBS_DP1_537000_4142000_classified_point_cloud.laz","2018_MLBS_3_537000_4142000_image.tif","Tree",1,537000,537999.999,4142000,4142999.999
"13536",13536,537703.504,537708.463,4142599.308,4142609.491,"Silva","NEON_D07_MLBS_DP1_537000_4142000_classified_point_cloud.laz","2018_MLBS_3_537000_4142000_image.tif","Tree",1,537000,537999.999,4142000,4142999.999
"13537",13537,537715.534,537727.419,4142603.011,4142611.899,"Silva","NEON_D07_MLBS_DP1_537000_4142000_classified_point_cloud.laz","2018_MLBS_3_537000_4142000_image.tif","Tree",1,537000,537999.999,4142000,4142999.999
"13538",13538,537691.685,537698.484,4142602.113,4142608.5,"Silva","NEON_D07_MLBS_DP1_537000_4142000_classified_point_cloud.laz","2018_MLBS_3_537000_4142000_image.tif","Tree",1,537000,537999.999,4142000,4142999.999
"13539",13539,537717.003,537726.967,4142593.023,4142602.999,"Silva","NEON_D07_MLBS_DP1_537000_4142000_classified_point_cloud.laz","2018_MLBS_3_537000_4142000_image.tif","Tree",1,537000,537999.999,4142000,4142999.999
"13540",13540,537616,537624.493,4142649.01,4142659.368,"Silva","NEON_D07_MLBS_DP1_537000_4142000_classified_point_cloud.laz","2018_MLBS_3_537000_4142000_image.tif","Tree",1,537000,537999.999,4142000,4142999.999
"13541",13541,537646.008,537650.905,4142649.524,4142656.798,"Silva","NEON_D07_MLBS_DP1_537000_4142000_classified_point_cloud.laz","2018_MLBS_3_537000_4142000_image.tif","Tree",1,537000,537999.999,4142000,4142999.999
"13542",13542,537649.506,537655.735,4142653.286,4142659.487,"Silva","NEON_D07_MLBS_DP1_537000_4142000_classified_point_cloud.laz","2018_MLBS_3_537000_4142000_image.tif","Tree",1,537000,537999.999,4142000,4142999.999
"13543",13543,537673.014,537683.42,4142649.011,4142658.701,"Silva","NEON_D07_MLBS_DP1_537000_4142000_classified_point_cloud.laz","2018_MLBS_3_537000_4142000_image.tif","Tree",1,537000,537999.999,4142000,4142999.999
"13544",13544,537627.581,537634.928,4142653.695,4142662.459,"Silva","NEON_D07_MLBS_DP1_537000_4142000_classified_point_cloud.laz","2018_MLBS_3_537000_4142000_image.tif","Tree",1,537000,537999.999,4142000,4142999.999
"13545",13545,537630.521,537639.454,4142657.554,4142670.423,"Silva","NEON_D07_MLBS_DP1_537000_4142000_classified_point_cloud.laz","2018_MLBS_3_537000_4142000_image.tif","Tree",1,537000,537999.999,4142000,4142999.999
"13546",13546,537669.523,537677.471,4142659.036,4142666.446,"Silva","NEON_D07_MLBS_DP1_537000_4142000_classified_point_cloud.laz","2018_MLBS_3_537000_4142000_image.tif","Tree",1,537000,537999.999,4142000,4142999.999
"13547",13547,537645.683,537653.993,4142659.546,4142667.803,"Silva","NEON_D07_MLBS_DP1_537000_4142000_classified_point_cloud.laz","2018_MLBS_3_537000_4142000_image.tif","Tree",1,537000,537999.999,4142000,4142999.999
"13548",13548,537653.552,537662.492,4142658.574,4142668.767,"Silva","NEON_D07_MLBS_DP1_537000_4142000_classified_point_cloud.laz","2018_MLBS_3_537000_4142000_image.tif","Tree",1,537000,537999.999,4142000,4142999.999
"13549",13549,537616.643,537626.975,4142672.511,4142679.956,"Silva","NEON_D07_MLBS_DP1_537000_4142000_classified_point_cloud.laz","2018_MLBS_3_537000_4142000_image.tif","Tree",1,537000,537999.999,4142000,4142999.999
"13550",13550,537657.052,537664.494,4142667.592,4142677.95,"Silva","NEON_D07_MLBS_DP1_537000_4142000_classified_point_cloud.laz","2018_MLBS_3_537000_4142000_image.tif","Tree",1,537000,537999.999,4142000,4142999.999
"13551",13551,537644.586,537653.166,4142636.664,4142649.485,"Silva","NEON_D07_MLBS_DP1_537000_4142000_classified_point_cloud.laz","2018_MLBS_3_537000_4142000_image.tif","Tree",1,537000,537999.999,4142000,4142999.999
"13552",13552,537669.086,537677.409,4142635.009,4142648.405,"Silva","NEON_D07_MLBS_DP1_537000_4142000_classified_point_cloud.laz","2018_MLBS_3_537000_4142000_image.tif","Tree",1,537000,537999.999,4142000,4142999.999
"13553",13553,537650.019,537659.936,4142634.524,4142645.489,"Silva","NEON_D07_MLBS_DP1_537000_4142000_classified_point_cloud.laz","2018_MLBS_3_537000_4142000_image.tif","Tree",1,537000,537999.999,4142000,4142999.999
"13554",13554,537673.009,537684.429,4142633.191,4142642.476,"Silva","NEON_D07_MLBS_DP1_537000_4142000_classified_point_cloud.laz","2018_MLBS_3_537000_4142000_image.tif","Tree",1,537000,537999.999,4142000,4142999.999
"13555",13555,537615.501,537625.952,4142637.612,4142645.759,"Silva","NEON_D07_MLBS_DP1_537000_4142000_classified_point_cloud.laz","2018_MLBS_3_537000_4142000_image.tif","Tree",1,537000,537999.999,4142000,4142999.999
"13556",13556,537637.17,537646.409,4142635.045,4142642.493,"Silva","NEON_D07_MLBS_DP1_537000_4142000_classified_point_cloud.laz","2018_MLBS_3_537000_4142000_image.tif","Tree",1,537000,537999.999,4142000,4142999.999
"13557",13557,537660.134,537670.993,4142632.567,4142643.268,"Silva","NEON_D07_MLBS_DP1_537000_4142000_classified_point_cloud.laz","2018_MLBS_3_537000_4142000_image.tif","Tree",1,537000,537999.999,4142000,4142999.999
"13558",13558,537631.986,537637.983,4142635.616,4142642.471,"Silva","NEON_D07_MLBS_DP1_537000_4142000_classified_point_cloud.laz","2018_MLBS_3_537000_4142000_image.tif","Tree",1,537000,537999.999,4142000,4142999.999
"13559",13559,537622.025,537627.992,4142631.507,4142642.999,"Silva","NEON_D07_MLBS_DP1_537000_4142000_classified_point_cloud.laz","2018_MLBS_3_537000_4142000_image.tif","Tree",1,537000,537999.999,4142000,4142999.999
"13560",13560,537627.876,537632.998,4142631.544,4142640.983,"Silva","NEON_D07_MLBS_DP1_537000_4142000_classified_point_cloud.laz","2018_MLBS_3_537000_4142000_image.tif","Tree",1,537000,537999.999,4142000,4142999.999
"13561",13561,537617.035,537624.388,4142630.517,4142637.5,"Silva","NEON_D07_MLBS_DP1_537000_4142000_classified_point_cloud.laz","2018_MLBS_3_537000_4142000_image.tif","Tree",1,537000,537999.999,4142000,4142999.999
"13562",13562,537634.528,537642.179,4142626.552,4142634.999,"Silva","NEON_D07_MLBS_DP1_537000_4142000_classified_point_cloud.laz","2018_MLBS_3_537000_4142000_image.tif","Tree",1,537000,537999.999,4142000,4142999.999
"13563",13563,537664.004,537673.989,4142624.527,4142635.174,"Silva","NEON_D07_MLBS_DP1_537000_4142000_classified_point_cloud.laz","2018_MLBS_3_537000_4142000_image.tif","Tree",1,537000,537999.999,4142000,4142999.999
"13564",13564,537674.034,537681.814,4142626.032,4142633.996,"Silva","NEON_D07_MLBS_DP1_537000_4142000_classified_point_cloud.laz","2018_MLBS_3_537000_4142000_image.tif","Tree",1,537000,537999.999,4142000,4142999.999
"13565",13565,537641.094,537651.796,4142627.031,4142636.989,"Silva","NEON_D07_MLBS_DP1_537000_4142000_classified_point_cloud.laz","2018_MLBS_3_537000_4142000_image.tif","Tree",1,537000,537999.999,4142000,4142999.999
"13566",13566,537672.657,537679.98,4142618.091,4142626.396,"Silva","NEON_D07_MLBS_DP1_537000_4142000_classified_point_cloud.laz","2018_MLBS_3_537000_4142000_image.tif","Tree",1,537000,537999.999,4142000,4142999.999
"13567",13567,537624.526,537630.956,4142623.035,4142631.971,"Silva","NEON_D07_MLBS_DP1_537000_4142000_classified_point_cloud.laz","2018_MLBS_3_537000_4142000_image.tif","Tree",1,537000,537999.999,4142000,4142999.999
"13568",13568,537616.007,537624.888,4142621.526,4142631.443,"Silva","NEON_D07_MLBS_DP1_537000_4142000_classified_point_cloud.laz","2018_MLBS_3_537000_4142000_image.tif","Tree",1,537000,537999.999,4142000,4142999.999
"13569",13569,537639.012,537647.994,4142620.536,4142627.657,"Silva","NEON_D07_MLBS_DP1_537000_4142000_classified_point_cloud.laz","2018_MLBS_3_537000_4142000_image.tif","Tree",1,537000,537999.999,4142000,4142999.999
"13570",13570,537664.257,537674.382,4142615.533,4142626.498,"Silva","NEON_D07_MLBS_DP1_537000_4142000_classified_point_cloud.laz","2018_MLBS_3_537000_4142000_image.tif","Tree",1,537000,537999.999,4142000,4142999.999
"13571",13571,537623.583,537632.323,4142618.629,4142624.933,"Silva","NEON_D07_MLBS_DP1_537000_4142000_classified_point_cloud.laz","2018_MLBS_3_537000_4142000_image.tif","Tree",1,537000,537999.999,4142000,4142999.999
"13572",13572,537655.027,537665.962,4142615.006,4142626.747,"Silva","NEON_D07_MLBS_DP1_537000_4142000_classified_point_cloud.laz","2018_MLBS_3_537000_4142000_image.tif","Tree",1,537000,537999.999,4142000,4142999.999
"13573",13573,537630.092,537636.891,4142615.006,4142621.911,"Silva","NEON_D07_MLBS_DP1_537000_4142000_classified_point_cloud.laz","2018_MLBS_3_537000_4142000_image.tif","Tree",1,537000,537999.999,4142000,4142999.999
"13574",13574,537636.015,537646.137,4142613.746,4142622.998,"Silva","NEON_D07_MLBS_DP1_537000_4142000_classified_point_cloud.laz","2018_MLBS_3_537000_4142000_image.tif","Tree",1,537000,537999.999,4142000,4142999.999
"13575",13575,537617.823,537624.983,4142612.027,4142620.947,"Silva","NEON_D07_MLBS_DP1_537000_4142000_classified_point_cloud.laz","2018_MLBS_3_537000_4142000_image.tif","Tree",1,537000,537999.999,4142000,4142999.999
"13576",13576,537673.005,537686.348,4142609.589,4142618.491,"Silva","NEON_D07_MLBS_DP1_537000_4142000_classified_point_cloud.laz","2018_MLBS_3_537000_4142000_image.tif","Tree",1,537000,537999.999,4142000,4142999.999
"13577",13577,537634.039,537646.368,4142608.005,4142615.845,"Silva","NEON_D07_MLBS_DP1_537000_4142000_classified_point_cloud.laz","2018_MLBS_3_537000_4142000_image.tif","Tree",1,537000,537999.999,4142000,4142999.999
"13578",13578,537688.511,537697.414,4142645.535,4142654.276,"Silva","NEON_D07_MLBS_DP1_537000_4142000_classified_point_cloud.laz","2018_MLBS_3_537000_4142000_image.tif","Tree",1,537000,537999.999,4142000,4142999.999
"13579",13579,537680.076,537691.978,4142649.504,4142658.972,"Silva","NEON_D07_MLBS_DP1_537000_4142000_classified_point_cloud.laz","2018_MLBS_3_537000_4142000_image.tif","Tree",1,537000,537999.999,4142000,4142999.999
"13580",13580,537742.338,537752.427,4142647.017,4142653.991,"Silva","NEON_D07_MLBS_DP1_537000_4142000_classified_point_cloud.laz","2018_MLBS_3_537000_4142000_image.tif","Tree",1,537000,537999.999,4142000,4142999.999
"13581",13581,537704.555,537716.999,4142648.015,4142659.49,"Silva","NEON_D07_MLBS_DP1_537000_4142000_classified_point_cloud.laz","2018_MLBS_3_537000_4142000_image.tif","Tree",1,537000,537999.999,4142000,4142999.999
"13582",13582,537724.501,537730.991,4142652.754,4142665.981,"Silva","NEON_D07_MLBS_DP1_537000_4142000_classified_point_cloud.laz","2018_MLBS_3_537000_4142000_image.tif","Tree",1,537000,537999.999,4142000,4142999.999
"13583",13583,537729.5,537738.471,4142655.507,4142666.702,"Silva","NEON_D07_MLBS_DP1_537000_4142000_classified_point_cloud.laz","2018_MLBS_3_537000_4142000_image.tif","Tree",1,537000,537999.999,4142000,4142999.999
"13584",13584,537735.524,537747.418,4142659.038,4142668.457,"Silva","NEON_D07_MLBS_DP1_537000_4142000_classified_point_cloud.laz","2018_MLBS_3_537000_4142000_image.tif","Tree",1,537000,537999.999,4142000,4142999.999
"13585",13585,537728.239,537741.487,4142664.599,4142675.726,"Silva","NEON_D07_MLBS_DP1_537000_4142000_classified_point_cloud.laz","2018_MLBS_3_537000_4142000_image.tif","Tree",1,537000,537999.999,4142000,4142999.999
"13586",13586,537684.507,537696.458,4142665.024,4142676.991,"Silva","NEON_D07_MLBS_DP1_537000_4142000_classified_point_cloud.laz","2018_MLBS_3_537000_4142000_image.tif","Tree",1,537000,537999.999,4142000,4142999.999
"13587",13587,537685.51,537690.956,4142639.117,4142647.346,"Silva","NEON_D07_MLBS_DP1_537000_4142000_classified_point_cloud.laz","2018_MLBS_3_537000_4142000_image.tif","Tree",1,537000,537999.999,4142000,4142999.999
"13588",13588,537689.011,537696.465,4142638.517,4142645.933,"Silva","NEON_D07_MLBS_DP1_537000_4142000_classified_point_cloud.laz","2018_MLBS_3_537000_4142000_image.tif","Tree",1,537000,537999.999,4142000,4142999.999
"13589",13589,537706.557,537714.498,4142635.008,4142645.492,"Silva","NEON_D07_MLBS_DP1_537000_4142000_classified_point_cloud.laz","2018_MLBS_3_537000_4142000_image.tif","Tree",1,537000,537999.999,4142000,4142999.999
"13590",13590,537695.652,537706.499,4142634.501,4142643.953,"Silva","NEON_D07_MLBS_DP1_537000_4142000_classified_point_cloud.laz","2018_MLBS_3_537000_4142000_image.tif","Tree",1,537000,537999.999,4142000,4142999.999
"13591",13591,537714.59,537723.996,4142632.549,4142640.708,"Silva","NEON_D07_MLBS_DP1_537000_4142000_classified_point_cloud.laz","2018_MLBS_3_537000_4142000_image.tif","Tree",1,537000,537999.999,4142000,4142999.999
"13592",13592,537723.516,537733.873,4142632.511,4142639.495,"Silva","NEON_D07_MLBS_DP1_537000_4142000_classified_point_cloud.laz","2018_MLBS_3_537000_4142000_image.tif","Tree",1,537000,537999.999,4142000,4142999.999
"13593",13593,537692.53,537702.496,4142630.554,4142639.924,"Silva","NEON_D07_MLBS_DP1_537000_4142000_classified_point_cloud.laz","2018_MLBS_3_537000_4142000_image.tif","Tree",1,537000,537999.999,4142000,4142999.999
"13594",13594,537682.513,537692.993,4142628.661,4142639.378,"Silva","NEON_D07_MLBS_DP1_537000_4142000_classified_point_cloud.laz","2018_MLBS_3_537000_4142000_image.tif","Tree",1,537000,537999.999,4142000,4142999.999
"13595",13595,537718.517,537726.345,4142623.921,4142634.491,"Silva","NEON_D07_MLBS_DP1_537000_4142000_classified_point_cloud.laz","2018_MLBS_3_537000_4142000_image.tif","Tree",1,537000,537999.999,4142000,4142999.999
"13596",13596,537731.503,537739.405,4142624.01,4142630.728,"Silva","NEON_D07_MLBS_DP1_537000_4142000_classified_point_cloud.laz","2018_MLBS_3_537000_4142000_image.tif","Tree",1,537000,537999.999,4142000,4142999.999
"13597",13597,537686.587,537696.987,4142621.022,4142632.246,"Silva","NEON_D07_MLBS_DP1_537000_4142000_classified_point_cloud.laz","2018_MLBS_3_537000_4142000_image.tif","Tree",1,537000,537999.999,4142000,4142999.999
"13598",13598,537700.553,537709.833,4142620.094,4142628.903,"Silva","NEON_D07_MLBS_DP1_537000_4142000_classified_point_cloud.laz","2018_MLBS_3_537000_4142000_image.tif","Tree",1,537000,537999.999,4142000,4142999.999
"13599",13599,537708.576,537718.942,4142617.511,4142623.998,"Silva","NEON_D07_MLBS_DP1_537000_4142000_classified_point_cloud.laz","2018_MLBS_3_537000_4142000_image.tif","Tree",1,537000,537999.999,4142000,4142999.999
"13600",13600,537723.524,537730.493,4142617.134,4142624.324,"Silva","NEON_D07_MLBS_DP1_537000_4142000_classified_point_cloud.laz","2018_MLBS_3_537000_4142000_image.tif","Tree",1,537000,537999.999,4142000,4142999.999
"13601",13601,537739.504,537746.453,4142613.664,4142622.439,"Silva","NEON_D07_MLBS_DP1_537000_4142000_classified_point_cloud.laz","2018_MLBS_3_537000_4142000_image.tif","Tree",1,537000,537999.999,4142000,4142999.999
"13602",13602,537678.547,537691.493,4142613.03,4142625.333,"Silva","NEON_D07_MLBS_DP1_537000_4142000_classified_point_cloud.laz","2018_MLBS_3_537000_4142000_image.tif","Tree",1,537000,537999.999,4142000,4142999.999
"13603",13603,537718.001,537727.428,4142611.099,4142623.993,"Silva","NEON_D07_MLBS_DP1_537000_4142000_classified_point_cloud.laz","2018_MLBS_3_537000_4142000_image.tif","Tree",1,537000,537999.999,4142000,4142999.999
"13604",13604,537697.537,537707.441,4142614.144,4142622.304,"Silva","NEON_D07_MLBS_DP1_537000_4142000_classified_point_cloud.laz","2018_MLBS_3_537000_4142000_image.tif","Tree",1,537000,537999.999,4142000,4142999.999
"13605",13605,537707.586,537718.405,4142608.755,4142616.487,"Silva","NEON_D07_MLBS_DP1_537000_4142000_classified_point_cloud.laz","2018_MLBS_3_537000_4142000_image.tif","Tree",1,537000,537999.999,4142000,4142999.999
"13606",13606,537688.533,537699.309,4142611.049,4142621.4,"Silva","NEON_D07_MLBS_DP1_537000_4142000_classified_point_cloud.laz","2018_MLBS_3_537000_4142000_image.tif","Tree",1,537000,537999.999,4142000,4142999.999
"13607",13607,537777.556,537790.147,4142542.02,4142554.93,"Silva","NEON_D07_MLBS_DP1_537000_4142000_classified_point_cloud.laz","2018_MLBS_3_537000_4142000_image.tif","Tree",1,537000,537999.999,4142000,4142999.999
"13608",13608,537773.508,537782.859,4142542.518,4142556.49,"Silva","NEON_D07_MLBS_DP1_537000_4142000_classified_point_cloud.laz","2018_MLBS_3_537000_4142000_image.tif","Tree",1,537000,537999.999,4142000,4142999.999
"13609",13609,537746.543,537759.484,4142550.02,4142557.47,"Silva","NEON_D07_MLBS_DP1_537000_4142000_classified_point_cloud.laz","2018_MLBS_3_537000_4142000_image.tif","Tree",1,537000,537999.999,4142000,4142999.999
"13610",13610,537810.501,537820.92,4142549.002,4142557.987,"Silva","NEON_D07_MLBS_DP1_537000_4142000_classified_point_cloud.laz","2018_MLBS_3_537000_4142000_image.tif","Tree",1,537000,537999.999,4142000,4142999.999
"13611",13611,537772.018,537780.332,4142555.501,4142564.365,"Silva","NEON_D07_MLBS_DP1_537000_4142000_classified_point_cloud.laz","2018_MLBS_3_537000_4142000_image.tif","Tree",1,537000,537999.999,4142000,4142999.999
"13612",13612,537780.001,537789.494,4142554.555,4142564.894,"Silva","NEON_D07_MLBS_DP1_537000_4142000_classified_point_cloud.laz","2018_MLBS_3_537000_4142000_image.tif","Tree",1,537000,537999.999,4142000,4142999.999
"13613",13613,537789.521,537796.986,4142556.52,4142566.472,"Silva","NEON_D07_MLBS_DP1_537000_4142000_classified_point_cloud.laz","2018_MLBS_3_537000_4142000_image.tif","Tree",1,537000,537999.999,4142000,4142999.999
"13614",13614,537796.025,537801.998,4142556.546,4142563.987,"Silva","NEON_D07_MLBS_DP1_537000_4142000_classified_point_cloud.laz","2018_MLBS_3_537000_4142000_image.tif","Tree",1,537000,537999.999,4142000,4142999.999
"13615",13615,537801.522,537806.991,4142558.001,4142563.923,"Silva","NEON_D07_MLBS_DP1_537000_4142000_classified_point_cloud.laz","2018_MLBS_3_537000_4142000_image.tif","Tree",1,537000,537999.999,4142000,4142999.999
"13616",13616,537745.101,537755.402,4142561.034,4142568.266,"Silva","NEON_D07_MLBS_DP1_537000_4142000_classified_point_cloud.laz","2018_MLBS_3_537000_4142000_image.tif","Tree",1,537000,537999.999,4142000,4142999.999
"13617",13617,537806.066,537811.999,4142556.551,4142565.793,"Silva","NEON_D07_MLBS_DP1_537000_4142000_classified_point_cloud.laz","2018_MLBS_3_537000_4142000_image.tif","Tree",1,537000,537999.999,4142000,4142999.999
"13618",13618,537799.608,537804.999,4142561.557,4142568.144,"Silva","NEON_D07_MLBS_DP1_537000_4142000_classified_point_cloud.laz","2018_MLBS_3_537000_4142000_image.tif","Tree",1,537000,537999.999,4142000,4142999.999
"13619",13619,537762.005,537771.761,4142564.517,4142576.452,"Silva","NEON_D07_MLBS_DP1_537000_4142000_classified_point_cloud.laz","2018_MLBS_3_537000_4142000_image.tif","Tree",1,537000,537999.999,4142000,4142999.999
"13620",13620,537753.046,537762.978,4142566.021,4142577.47,"Silva","NEON_D07_MLBS_DP1_537000_4142000_classified_point_cloud.laz","2018_MLBS_3_537000_4142000_image.tif","Tree",1,537000,537999.999,4142000,4142999.999
"13621",13621,537780.518,537785.98,4142566.225,4142574.993,"Silva","NEON_D07_MLBS_DP1_537000_4142000_classified_point_cloud.laz","2018_MLBS_3_537000_4142000_image.tif","Tree",1,537000,537999.999,4142000,4142999.999
"13622",13622,537776.074,537783.445,4142570.626,4142576.803,"Silva","NEON_D07_MLBS_DP1_537000_4142000_classified_point_cloud.laz","2018_MLBS_3_537000_4142000_image.tif","Tree",1,537000,537999.999,4142000,4142999.999
"13623",13623,537785.838,537796.397,4142570.026,4142578.471,"Silva","NEON_D07_MLBS_DP1_537000_4142000_classified_point_cloud.laz","2018_MLBS_3_537000_4142000_image.tif","Tree",1,537000,537999.999,4142000,4142999.999
"13624",13624,537801.151,537810.459,4142570.023,4142579.489,"Silva","NEON_D07_MLBS_DP1_537000_4142000_classified_point_cloud.laz","2018_MLBS_3_537000_4142000_image.tif","Tree",1,537000,537999.999,4142000,4142999.999
"13625",13625,537772.001,537780.399,4142573.553,4142580.482,"Silva","NEON_D07_MLBS_DP1_537000_4142000_classified_point_cloud.laz","2018_MLBS_3_537000_4142000_image.tif","Tree",1,537000,537999.999,4142000,4142999.999
"13626",13626,537787.502,537794.995,4142575.292,4142583.99,"Silva","NEON_D07_MLBS_DP1_537000_4142000_classified_point_cloud.laz","2018_MLBS_3_537000_4142000_image.tif","Tree",1,537000,537999.999,4142000,4142999.999
"13627",13627,537751.179,537765.941,4142574.539,4142587.971,"Silva","NEON_D07_MLBS_DP1_537000_4142000_classified_point_cloud.laz","2018_MLBS_3_537000_4142000_image.tif","Tree",1,537000,537999.999,4142000,4142999.999
"13628",13628,537794.039,537802.834,4142572.625,4142582.93,"Silva","NEON_D07_MLBS_DP1_537000_4142000_classified_point_cloud.laz","2018_MLBS_3_537000_4142000_image.tif","Tree",1,537000,537999.999,4142000,4142999.999
"13629",13629,537808.119,537815.915,4142579.536,4142588.993,"Silva","NEON_D07_MLBS_DP1_537000_4142000_classified_point_cloud.laz","2018_MLBS_3_537000_4142000_image.tif","Tree",1,537000,537999.999,4142000,4142999.999
"13630",13630,537799.515,537808.977,4142578.507,4142589.969,"Silva","NEON_D07_MLBS_DP1_537000_4142000_classified_point_cloud.laz","2018_MLBS_3_537000_4142000_image.tif","Tree",1,537000,537999.999,4142000,4142999.999
"13631",13631,537791.548,537801.462,4142583.081,4142591.459,"Silva","NEON_D07_MLBS_DP1_537000_4142000_classified_point_cloud.laz","2018_MLBS_3_537000_4142000_image.tif","Tree",1,537000,537999.999,4142000,4142999.999
"13632",13632,537783.848,537794.456,4142583.524,4142594.438,"Silva","NEON_D07_MLBS_DP1_537000_4142000_classified_point_cloud.laz","2018_MLBS_3_537000_4142000_image.tif","Tree",1,537000,537999.999,4142000,4142999.999
"13633",13633,537746.003,537757.956,4142584.065,4142596.743,"Silva","NEON_D07_MLBS_DP1_537000_4142000_classified_point_cloud.laz","2018_MLBS_3_537000_4142000_image.tif","Tree",1,537000,537999.999,4142000,4142999.999
"13634",13634,537782.028,537792.978,4142587.52,4142596.937,"Silva","NEON_D07_MLBS_DP1_537000_4142000_classified_point_cloud.laz","2018_MLBS_3_537000_4142000_image.tif","Tree",1,537000,537999.999,4142000,4142999.999
"13635",13635,537759.033,537771.477,4142590.505,4142596.346,"Silva","NEON_D07_MLBS_DP1_537000_4142000_classified_point_cloud.laz","2018_MLBS_3_537000_4142000_image.tif","Tree",1,537000,537999.999,4142000,4142999.999
"13636",13636,537793.07,537803.497,4142589.014,4142597.993,"Silva","NEON_D07_MLBS_DP1_537000_4142000_classified_point_cloud.laz","2018_MLBS_3_537000_4142000_image.tif","Tree",1,537000,537999.999,4142000,4142999.999
"13637",13637,537803.51,537811.999,4142588.13,4142596.998,"Silva","NEON_D07_MLBS_DP1_537000_4142000_classified_point_cloud.laz","2018_MLBS_3_537000_4142000_image.tif","Tree",1,537000,537999.999,4142000,4142999.999
"13638",13638,537759.104,537770.986,4142594.516,4142604.968,"Silva","NEON_D07_MLBS_DP1_537000_4142000_classified_point_cloud.laz","2018_MLBS_3_537000_4142000_image.tif","Tree",1,537000,537999.999,4142000,4142999.999
"13639",13639,537801.543,537807.458,4142592.513,4142599.203,"Silva","NEON_D07_MLBS_DP1_537000_4142000_classified_point_cloud.laz","2018_MLBS_3_537000_4142000_image.tif","Tree",1,537000,537999.999,4142000,4142999.999
"13640",13640,537750.509,537761.353,4142596.077,4142606.81,"Silva","NEON_D07_MLBS_DP1_537000_4142000_classified_point_cloud.laz","2018_MLBS_3_537000_4142000_image.tif","Tree",1,537000,537999.999,4142000,4142999.999
"13641",13641,537804.066,537811.986,4142596.614,4142604.495,"Silva","NEON_D07_MLBS_DP1_537000_4142000_classified_point_cloud.laz","2018_MLBS_3_537000_4142000_image.tif","Tree",1,537000,537999.999,4142000,4142999.999
"13642",13642,537769.057,537779.802,4142595.56,4142606.426,"Silva","NEON_D07_MLBS_DP1_537000_4142000_classified_point_cloud.laz","2018_MLBS_3_537000_4142000_image.tif","Tree",1,537000,537999.999,4142000,4142999.999
"13643",13643,537791.51,537798.07,4142596.744,4142605.301,"Silva","NEON_D07_MLBS_DP1_537000_4142000_classified_point_cloud.laz","2018_MLBS_3_537000_4142000_image.tif","Tree",1,537000,537999.999,4142000,4142999.999
"13644",13644,537788.529,537794.931,4142601.081,4142607.971,"Silva","NEON_D07_MLBS_DP1_537000_4142000_classified_point_cloud.laz","2018_MLBS_3_537000_4142000_image.tif","Tree",1,537000,537999.999,4142000,4142999.999
"13645",13645,537801.621,537810.989,4142606.544,4142616.936,"Silva","NEON_D07_MLBS_DP1_537000_4142000_classified_point_cloud.laz","2018_MLBS_3_537000_4142000_image.tif","Tree",1,537000,537999.999,4142000,4142999.999
"13646",13646,537810.115,537818.971,4142605.018,4142616.457,"Silva","NEON_D07_MLBS_DP1_537000_4142000_classified_point_cloud.laz","2018_MLBS_3_537000_4142000_image.tif","Tree",1,537000,537999.999,4142000,4142999.999
"13647",13647,537754.152,537765.955,4142603.506,4142612,"Silva","NEON_D07_MLBS_DP1_537000_4142000_classified_point_cloud.laz","2018_MLBS_3_537000_4142000_image.tif","Tree",1,537000,537999.999,4142000,4142999.999
"13648",13648,537794.237,537803.986,4142603.513,4142610.927,"Silva","NEON_D07_MLBS_DP1_537000_4142000_classified_point_cloud.laz","2018_MLBS_3_537000_4142000_image.tif","Tree",1,537000,537999.999,4142000,4142999.999
"13649",13649,537828.011,537836.987,4142553.006,4142560.495,"Silva","NEON_D07_MLBS_DP1_537000_4142000_classified_point_cloud.laz","2018_MLBS_3_537000_4142000_image.tif","Tree",1,537000,537999.999,4142000,4142999.999
"13650",13650,537817.038,537823.497,4142571.012,4142576.497,"Silva","NEON_D07_MLBS_DP1_537000_4142000_classified_point_cloud.laz","2018_MLBS_3_537000_4142000_image.tif","Tree",1,537000,537999.999,4142000,4142999.999
"13651",13651,537818.237,537825.444,4142576.001,4142583.49,"Silva","NEON_D07_MLBS_DP1_537000_4142000_classified_point_cloud.laz","2018_MLBS_3_537000_4142000_image.tif","Tree",1,537000,537999.999,4142000,4142999.999
"13652",13652,537825.541,537836.881,4142574.266,4142581.998,"Silva","NEON_D07_MLBS_DP1_537000_4142000_classified_point_cloud.laz","2018_MLBS_3_537000_4142000_image.tif","Tree",1,537000,537999.999,4142000,4142999.999
"13653",13653,537829.006,537838.988,4142581.039,4142592.299,"Silva","NEON_D07_MLBS_DP1_537000_4142000_classified_point_cloud.laz","2018_MLBS_3_537000_4142000_image.tif","Tree",1,537000,537999.999,4142000,4142999.999
"13654",13654,537819.029,537828.458,4142583.503,4142593.495,"Silva","NEON_D07_MLBS_DP1_537000_4142000_classified_point_cloud.laz","2018_MLBS_3_537000_4142000_image.tif","Tree",1,537000,537999.999,4142000,4142999.999
"13655",13655,537819.531,537829.478,4142593.505,4142603.471,"Silva","NEON_D07_MLBS_DP1_537000_4142000_classified_point_cloud.laz","2018_MLBS_3_537000_4142000_image.tif","Tree",1,537000,537999.999,4142000,4142999.999
"13656",13656,537811.05,537820.453,4142596.502,4142605.99,"Silva","NEON_D07_MLBS_DP1_537000_4142000_classified_point_cloud.laz","2018_MLBS_3_537000_4142000_image.tif","Tree",1,537000,537999.999,4142000,4142999.999
"13657",13657,537820.044,537831.459,4142598.004,4142606.474,"Silva","NEON_D07_MLBS_DP1_537000_4142000_classified_point_cloud.laz","2018_MLBS_3_537000_4142000_image.tif","Tree",1,537000,537999.999,4142000,4142999.999
"13658",13658,537824.503,537831.338,4142608.52,4142616.403,"Silva","NEON_D07_MLBS_DP1_537000_4142000_classified_point_cloud.laz","2018_MLBS_3_537000_4142000_image.tif","Tree",1,537000,537999.999,4142000,4142999.999
"13659",13659,537794.816,537801.394,4142638.513,4142644.444,"Silva","NEON_D07_MLBS_DP1_537000_4142000_classified_point_cloud.laz","2018_MLBS_3_537000_4142000_image.tif","Tree",1,537000,537999.999,4142000,4142999.999
"13660",13660,537785.539,537793.966,4142640.021,4142646.481,"Silva","NEON_D07_MLBS_DP1_537000_4142000_classified_point_cloud.laz","2018_MLBS_3_537000_4142000_image.tif","Tree",1,537000,537999.999,4142000,4142999.999
"13661",13661,537791.523,537797.968,4142640.007,4142651.177,"Silva","NEON_D07_MLBS_DP1_537000_4142000_classified_point_cloud.laz","2018_MLBS_3_537000_4142000_image.tif","Tree",1,537000,537999.999,4142000,4142999.999
"13662",13662,537781.529,537793.456,4142643.511,4142653.494,"Silva","NEON_D07_MLBS_DP1_537000_4142000_classified_point_cloud.laz","2018_MLBS_3_537000_4142000_image.tif","Tree",1,537000,537999.999,4142000,4142999.999
"13663",13663,537779.113,537789.477,4142651.158,4142661.147,"Silva","NEON_D07_MLBS_DP1_537000_4142000_classified_point_cloud.laz","2018_MLBS_3_537000_4142000_image.tif","Tree",1,537000,537999.999,4142000,4142999.999
"13664",13664,537759.146,537770.858,4142656.035,4142663.676,"Silva","NEON_D07_MLBS_DP1_537000_4142000_classified_point_cloud.laz","2018_MLBS_3_537000_4142000_image.tif","Tree",1,537000,537999.999,4142000,4142999.999
"13665",13665,537800.112,537810.971,4142651.832,4142662.485,"Silva","NEON_D07_MLBS_DP1_537000_4142000_classified_point_cloud.laz","2018_MLBS_3_537000_4142000_image.tif","Tree",1,537000,537999.999,4142000,4142999.999
"13666",13666,537793.507,537801.996,4142658.305,4142669.277,"Silva","NEON_D07_MLBS_DP1_537000_4142000_classified_point_cloud.laz","2018_MLBS_3_537000_4142000_image.tif","Tree",1,537000,537999.999,4142000,4142999.999
"13667",13667,537757.734,537765.932,4142659.505,4142671.276,"Silva","NEON_D07_MLBS_DP1_537000_4142000_classified_point_cloud.laz","2018_MLBS_3_537000_4142000_image.tif","Tree",1,537000,537999.999,4142000,4142999.999
"13668",13668,537780.015,537788.485,4142661.502,4142667.874,"Silva","NEON_D07_MLBS_DP1_537000_4142000_classified_point_cloud.laz","2018_MLBS_3_537000_4142000_image.tif","Tree",1,537000,537999.999,4142000,4142999.999
"13669",13669,537771.004,537780.417,4142661.507,4142669.992,"Silva","NEON_D07_MLBS_DP1_537000_4142000_classified_point_cloud.laz","2018_MLBS_3_537000_4142000_image.tif","Tree",1,537000,537999.999,4142000,4142999.999
"13670",13670,537800.521,537809.991,4142662.072,4142672.301,"Silva","NEON_D07_MLBS_DP1_537000_4142000_classified_point_cloud.laz","2018_MLBS_3_537000_4142000_image.tif","Tree",1,537000,537999.999,4142000,4142999.999
"13671",13671,537763.018,537771.917,4142663.511,4142672.804,"Silva","NEON_D07_MLBS_DP1_537000_4142000_classified_point_cloud.laz","2018_MLBS_3_537000_4142000_image.tif","Tree",1,537000,537999.999,4142000,4142999.999
"13672",13672,537785.006,537790.48,4142663.653,4142672.933,"Silva","NEON_D07_MLBS_DP1_537000_4142000_classified_point_cloud.laz","2018_MLBS_3_537000_4142000_image.tif","Tree",1,537000,537999.999,4142000,4142999.999
"13673",13673,537789.322,537797.374,4142664.508,4142673.439,"Silva","NEON_D07_MLBS_DP1_537000_4142000_classified_point_cloud.laz","2018_MLBS_3_537000_4142000_image.tif","Tree",1,537000,537999.999,4142000,4142999.999
"13674",13674,537808.505,537819.183,4142666.501,4142673.478,"Silva","NEON_D07_MLBS_DP1_537000_4142000_classified_point_cloud.laz","2018_MLBS_3_537000_4142000_image.tif","Tree",1,537000,537999.999,4142000,4142999.999
"13675",13675,537764.004,537773.382,4142671.072,4142680.358,"Silva","NEON_D07_MLBS_DP1_537000_4142000_classified_point_cloud.laz","2018_MLBS_3_537000_4142000_image.tif","Tree",1,537000,537999.999,4142000,4142999.999
"13676",13676,537780,537785.494,4142674.512,4142685.467,"Silva","NEON_D07_MLBS_DP1_537000_4142000_classified_point_cloud.laz","2018_MLBS_3_537000_4142000_image.tif","Tree",1,537000,537999.999,4142000,4142999.999
"13677",13677,537766.144,537774.478,4142636.65,4142645.981,"Silva","NEON_D07_MLBS_DP1_537000_4142000_classified_point_cloud.laz","2018_MLBS_3_537000_4142000_image.tif","Tree",1,537000,537999.999,4142000,4142999.999
"13678",13678,537768.57,537774.491,4142635.167,4142642.337,"Silva","NEON_D07_MLBS_DP1_537000_4142000_classified_point_cloud.laz","2018_MLBS_3_537000_4142000_image.tif","Tree",1,537000,537999.999,4142000,4142999.999
"13679",13679,537774.235,537781.332,4142633.63,4142642.303,"Silva","NEON_D07_MLBS_DP1_537000_4142000_classified_point_cloud.laz","2018_MLBS_3_537000_4142000_image.tif","Tree",1,537000,537999.999,4142000,4142999.999
"13680",13680,537794,537802.157,4142634.017,4142639.358,"Silva","NEON_D07_MLBS_DP1_537000_4142000_classified_point_cloud.laz","2018_MLBS_3_537000_4142000_image.tif","Tree",1,537000,537999.999,4142000,4142999.999
"13681",13681,537784.1,537793.981,4142629.731,4142636.498,"Silva","NEON_D07_MLBS_DP1_537000_4142000_classified_point_cloud.laz","2018_MLBS_3_537000_4142000_image.tif","Tree",1,537000,537999.999,4142000,4142999.999
"13682",13682,537801.023,537808.981,4142629.048,4142637.477,"Silva","NEON_D07_MLBS_DP1_537000_4142000_classified_point_cloud.laz","2018_MLBS_3_537000_4142000_image.tif","Tree",1,537000,537999.999,4142000,4142999.999
"13683",13683,537781.595,537791.477,4142624.011,4142633.433,"Silva","NEON_D07_MLBS_DP1_537000_4142000_classified_point_cloud.laz","2018_MLBS_3_537000_4142000_image.tif","Tree",1,537000,537999.999,4142000,4142999.999
"13684",13684,537756.1,537762.988,4142624.054,4142634.975,"Silva","NEON_D07_MLBS_DP1_537000_4142000_classified_point_cloud.laz","2018_MLBS_3_537000_4142000_image.tif","Tree",1,537000,537999.999,4142000,4142999.999
"13685",13685,537760.516,537770.494,4142624.005,4142633.034,"Silva","NEON_D07_MLBS_DP1_537000_4142000_classified_point_cloud.laz","2018_MLBS_3_537000_4142000_image.tif","Tree",1,537000,537999.999,4142000,4142999.999
"13686",13686,537777.045,537785.347,4142622.024,4142628.467,"Silva","NEON_D07_MLBS_DP1_537000_4142000_classified_point_cloud.laz","2018_MLBS_3_537000_4142000_image.tif","Tree",1,537000,537999.999,4142000,4142999.999
"13687",13687,537805.557,537815.48,4142616.542,4142626.456,"Silva","NEON_D07_MLBS_DP1_537000_4142000_classified_point_cloud.laz","2018_MLBS_3_537000_4142000_image.tif","Tree",1,537000,537999.999,4142000,4142999.999
"13688",13688,537761.269,537769.475,4142620.525,4142626.969,"Silva","NEON_D07_MLBS_DP1_537000_4142000_classified_point_cloud.laz","2018_MLBS_3_537000_4142000_image.tif","Tree",1,537000,537999.999,4142000,4142999.999
"13689",13689,537769.516,537776.987,4142618.537,4142627.995,"Silva","NEON_D07_MLBS_DP1_537000_4142000_classified_point_cloud.laz","2018_MLBS_3_537000_4142000_image.tif","Tree",1,537000,537999.999,4142000,4142999.999
"13690",13690,537780.746,537787.442,4142618.121,4142624.944,"Silva","NEON_D07_MLBS_DP1_537000_4142000_classified_point_cloud.laz","2018_MLBS_3_537000_4142000_image.tif","Tree",1,537000,537999.999,4142000,4142999.999
"13691",13691,537797.992,537807.389,4142614.869,4142622.952,"Silva","NEON_D07_MLBS_DP1_537000_4142000_classified_point_cloud.laz","2018_MLBS_3_537000_4142000_image.tif","Tree",1,537000,537999.999,4142000,4142999.999
"13692",13692,537766.047,537772.912,4142614.636,4142621.559,"Silva","NEON_D07_MLBS_DP1_537000_4142000_classified_point_cloud.laz","2018_MLBS_3_537000_4142000_image.tif","Tree",1,537000,537999.999,4142000,4142999.999
"13693",13693,537756.535,537764.496,4142614.675,4142623.983,"Silva","NEON_D07_MLBS_DP1_537000_4142000_classified_point_cloud.laz","2018_MLBS_3_537000_4142000_image.tif","Tree",1,537000,537999.999,4142000,4142999.999
"13694",13694,537746.525,537756.424,4142616.14,4142623.902,"Silva","NEON_D07_MLBS_DP1_537000_4142000_classified_point_cloud.laz","2018_MLBS_3_537000_4142000_image.tif","Tree",1,537000,537999.999,4142000,4142999.999
"13695",13695,537792.012,537802.437,4142610.505,4142620.486,"Silva","NEON_D07_MLBS_DP1_537000_4142000_classified_point_cloud.laz","2018_MLBS_3_537000_4142000_image.tif","Tree",1,537000,537999.999,4142000,4142999.999
"13696",13696,537778.521,537784.466,4142608.539,4142617.808,"Silva","NEON_D07_MLBS_DP1_537000_4142000_classified_point_cloud.laz","2018_MLBS_3_537000_4142000_image.tif","Tree",1,537000,537999.999,4142000,4142999.999
"13697",13697,537749,537755.994,4142610.115,4142618.969,"Silva","NEON_D07_MLBS_DP1_537000_4142000_classified_point_cloud.laz","2018_MLBS_3_537000_4142000_image.tif","Tree",1,537000,537999.999,4142000,4142999.999
"13698",13698,537818.065,537827.413,4142633.544,4142642.338,"Silva","NEON_D07_MLBS_DP1_537000_4142000_classified_point_cloud.laz","2018_MLBS_3_537000_4142000_image.tif","Tree",1,537000,537999.999,4142000,4142999.999
"13699",13699,537826.078,537832.388,4142626.514,4142635.989,"Silva","NEON_D07_MLBS_DP1_537000_4142000_classified_point_cloud.laz","2018_MLBS_3_537000_4142000_image.tif","Tree",1,537000,537999.999,4142000,4142999.999
"13700",13700,537812.579,537820.907,4142622.509,4142630.976,"Silva","NEON_D07_MLBS_DP1_537000_4142000_classified_point_cloud.laz","2018_MLBS_3_537000_4142000_image.tif","Tree",1,537000,537999.999,4142000,4142999.999
"13701",13701,537813.091,537823.257,4142613.392,4142622.496,"Silva","NEON_D07_MLBS_DP1_537000_4142000_classified_point_cloud.laz","2018_MLBS_3_537000_4142000_image.tif","Tree",1,537000,537999.999,4142000,4142999.999
"13702",13702,537817.506,537826.341,4142609.511,4142617.952,"Silva","NEON_D07_MLBS_DP1_537000_4142000_classified_point_cloud.laz","2018_MLBS_3_537000_4142000_image.tif","Tree",1,537000,537999.999,4142000,4142999.999
"13703",13703,537594.002,537601.979,4142675.525,4142684.482,"Silva","NEON_D07_MLBS_DP1_537000_4142000_classified_point_cloud.laz","2018_MLBS_3_537000_4142000_image.tif","Tree",1,537000,537999.999,4142000,4142999.999
"13704",13704,537587.011,537594.998,4142679.009,4142685.402,"Silva","NEON_D07_MLBS_DP1_537000_4142000_classified_point_cloud.laz","2018_MLBS_3_537000_4142000_image.tif","Tree",1,537000,537999.999,4142000,4142999.999
"13705",13705,537577,537585.491,4142679.045,4142689.998,"Silva","NEON_D07_MLBS_DP1_537000_4142000_classified_point_cloud.laz","2018_MLBS_3_537000_4142000_image.tif","Tree",1,537000,537999.999,4142000,4142999.999
"13706",13706,537581.073,537587.986,4142679.537,4142690.991,"Silva","NEON_D07_MLBS_DP1_537000_4142000_classified_point_cloud.laz","2018_MLBS_3_537000_4142000_image.tif","Tree",1,537000,537999.999,4142000,4142999.999
"13707",13707,537585.518,537592.391,4142681.615,4142693.476,"Silva","NEON_D07_MLBS_DP1_537000_4142000_classified_point_cloud.laz","2018_MLBS_3_537000_4142000_image.tif","Tree",1,537000,537999.999,4142000,4142999.999
"13708",13708,537590.057,537598.918,4142684.539,4142693.472,"Silva","NEON_D07_MLBS_DP1_537000_4142000_classified_point_cloud.laz","2018_MLBS_3_537000_4142000_image.tif","Tree",1,537000,537999.999,4142000,4142999.999
"13709",13709,537607.502,537619.494,4142687.502,4142695.459,"Silva","NEON_D07_MLBS_DP1_537000_4142000_classified_point_cloud.laz","2018_MLBS_3_537000_4142000_image.tif","Tree",1,537000,537999.999,4142000,4142999.999
"13710",13710,537592.717,537604.475,4142687.757,4142695.434,"Silva","NEON_D07_MLBS_DP1_537000_4142000_classified_point_cloud.laz","2018_MLBS_3_537000_4142000_image.tif","Tree",1,537000,537999.999,4142000,4142999.999
"13711",13711,537596.633,537607.85,4142690.521,4142701.469,"Silva","NEON_D07_MLBS_DP1_537000_4142000_classified_point_cloud.laz","2018_MLBS_3_537000_4142000_image.tif","Tree",1,537000,537999.999,4142000,4142999.999
"13712",13712,537589.023,537599.955,4142693.503,4142704.97,"Silva","NEON_D07_MLBS_DP1_537000_4142000_classified_point_cloud.laz","2018_MLBS_3_537000_4142000_image.tif","Tree",1,537000,537999.999,4142000,4142999.999
"13713",13713,537583.519,537591.419,4142695.665,4142705.928,"Silva","NEON_D07_MLBS_DP1_537000_4142000_classified_point_cloud.laz","2018_MLBS_3_537000_4142000_image.tif","Tree",1,537000,537999.999,4142000,4142999.999
"13714",13714,537581.502,537590.488,4142702.506,4142710.992,"Silva","NEON_D07_MLBS_DP1_537000_4142000_classified_point_cloud.laz","2018_MLBS_3_537000_4142000_image.tif","Tree",1,537000,537999.999,4142000,4142999.999
"13715",13715,537598.002,537608.996,4142700.542,4142710.991,"Silva","NEON_D07_MLBS_DP1_537000_4142000_classified_point_cloud.laz","2018_MLBS_3_537000_4142000_image.tif","Tree",1,537000,537999.999,4142000,4142999.999
"13716",13716,537588.508,537600.47,4142704.022,4142715.365,"Silva","NEON_D07_MLBS_DP1_537000_4142000_classified_point_cloud.laz","2018_MLBS_3_537000_4142000_image.tif","Tree",1,537000,537999.999,4142000,4142999.999
"13717",13717,537573.526,537588.38,4142710.003,4142714.99,"Silva","NEON_D07_MLBS_DP1_537000_4142000_classified_point_cloud.laz","2018_MLBS_3_537000_4142000_image.tif","Tree",1,537000,537999.999,4142000,4142999.999
"13718",13718,537603.542,537609.982,4142708.206,4142715.773,"Silva","NEON_D07_MLBS_DP1_537000_4142000_classified_point_cloud.laz","2018_MLBS_3_537000_4142000_image.tif","Tree",1,537000,537999.999,4142000,4142999.999
"13719",13719,537593.002,537603.498,4142710.002,4142719.993,"Silva","NEON_D07_MLBS_DP1_537000_4142000_classified_point_cloud.laz","2018_MLBS_3_537000_4142000_image.tif","Tree",1,537000,537999.999,4142000,4142999.999
"13720",13720,537608.011,537615.997,4142714.006,4142721.74,"Silva","NEON_D07_MLBS_DP1_537000_4142000_classified_point_cloud.laz","2018_MLBS_3_537000_4142000_image.tif","Tree",1,537000,537999.999,4142000,4142999.999
"13721",13721,537600.519,537608.382,4142712.123,4142722.482,"Silva","NEON_D07_MLBS_DP1_537000_4142000_classified_point_cloud.laz","2018_MLBS_3_537000_4142000_image.tif","Tree",1,537000,537999.999,4142000,4142999.999
"13722",13722,537575.016,537582.48,4142716.616,4142724.5,"Silva","NEON_D07_MLBS_DP1_537000_4142000_classified_point_cloud.laz","2018_MLBS_3_537000_4142000_image.tif","Tree",1,537000,537999.999,4142000,4142999.999
"13723",13723,537582.512,537594.471,4142711.516,4142723.496,"Silva","NEON_D07_MLBS_DP1_537000_4142000_classified_point_cloud.laz","2018_MLBS_3_537000_4142000_image.tif","Tree",1,537000,537999.999,4142000,4142999.999
"13724",13724,537558.631,537567.996,4142718.002,4142726.437,"Silva","NEON_D07_MLBS_DP1_537000_4142000_classified_point_cloud.laz","2018_MLBS_3_537000_4142000_image.tif","Tree",1,537000,537999.999,4142000,4142999.999
"13725",13725,537563,537571.427,4142723.133,4142732.999,"Silva","NEON_D07_MLBS_DP1_537000_4142000_classified_point_cloud.laz","2018_MLBS_3_537000_4142000_image.tif","Tree",1,537000,537999.999,4142000,4142999.999
"13726",13726,537610.047,537620.994,4142717.542,4142730.452,"Silva","NEON_D07_MLBS_DP1_537000_4142000_classified_point_cloud.laz","2018_MLBS_3_537000_4142000_image.tif","Tree",1,537000,537999.999,4142000,4142999.999
"13727",13727,537582.037,537593.386,4142722.312,4142730.974,"Silva","NEON_D07_MLBS_DP1_537000_4142000_classified_point_cloud.laz","2018_MLBS_3_537000_4142000_image.tif","Tree",1,537000,537999.999,4142000,4142999.999
"13728",13728,537570.511,537582.497,4142724.006,4142734.885,"Silva","NEON_D07_MLBS_DP1_537000_4142000_classified_point_cloud.laz","2018_MLBS_3_537000_4142000_image.tif","Tree",1,537000,537999.999,4142000,4142999.999
"13729",13729,537591.505,537602.994,4142726.538,4142736.497,"Silva","NEON_D07_MLBS_DP1_537000_4142000_classified_point_cloud.laz","2018_MLBS_3_537000_4142000_image.tif","Tree",1,537000,537999.999,4142000,4142999.999
"13730",13730,537581.501,537591.995,4142727.581,4142736.495,"Silva","NEON_D07_MLBS_DP1_537000_4142000_classified_point_cloud.laz","2018_MLBS_3_537000_4142000_image.tif","Tree",1,537000,537999.999,4142000,4142999.999
"13731",13731,537575.059,537585.801,4142731.095,4142739.308,"Silva","NEON_D07_MLBS_DP1_537000_4142000_classified_point_cloud.laz","2018_MLBS_3_537000_4142000_image.tif","Tree",1,537000,537999.999,4142000,4142999.999
"13732",13732,537605.564,537616.492,4142729.046,4142739.327,"Silva","NEON_D07_MLBS_DP1_537000_4142000_classified_point_cloud.laz","2018_MLBS_3_537000_4142000_image.tif","Tree",1,537000,537999.999,4142000,4142999.999
"13733",13733,537584.504,537595.478,4142734.189,4142742.487,"Silva","NEON_D07_MLBS_DP1_537000_4142000_classified_point_cloud.laz","2018_MLBS_3_537000_4142000_image.tif","Tree",1,537000,537999.999,4142000,4142999.999
"13734",13734,537585.523,537592.33,4142803.011,4142810.483,"Silva","NEON_D07_MLBS_DP1_537000_4142000_classified_point_cloud.laz","2018_MLBS_3_537000_4142000_image.tif","Tree",1,537000,537999.999,4142000,4142999.999
"13735",13735,537577.048,537582.485,4142795.71,4142801.953,"Silva","NEON_D07_MLBS_DP1_537000_4142000_classified_point_cloud.laz","2018_MLBS_3_537000_4142000_image.tif","Tree",1,537000,537999.999,4142000,4142999.999
"13736",13736,537591.51,537595.471,4142793.027,4142801.811,"Silva","NEON_D07_MLBS_DP1_537000_4142000_classified_point_cloud.laz","2018_MLBS_3_537000_4142000_image.tif","Tree",1,537000,537999.999,4142000,4142999.999
"13737",13737,537591.566,537599.36,4142791.553,4142799.469,"Silva","NEON_D07_MLBS_DP1_537000_4142000_classified_point_cloud.laz","2018_MLBS_3_537000_4142000_image.tif","Tree",1,537000,537999.999,4142000,4142999.999
"13738",13738,537562.518,537569.488,4142795.573,4142803.922,"Silva","NEON_D07_MLBS_DP1_537000_4142000_classified_point_cloud.laz","2018_MLBS_3_537000_4142000_image.tif","Tree",1,537000,537999.999,4142000,4142999.999
"13739",13739,537574.025,537580.444,4142794.517,4142801.495,"Silva","NEON_D07_MLBS_DP1_537000_4142000_classified_point_cloud.laz","2018_MLBS_3_537000_4142000_image.tif","Tree",1,537000,537999.999,4142000,4142999.999
"13740",13740,537580.027,537591.927,4142788.009,4142795.981,"Silva","NEON_D07_MLBS_DP1_537000_4142000_classified_point_cloud.laz","2018_MLBS_3_537000_4142000_image.tif","Tree",1,537000,537999.999,4142000,4142999.999
"13741",13741,537571.543,537579.969,4142790.513,4142795.301,"Silva","NEON_D07_MLBS_DP1_537000_4142000_classified_point_cloud.laz","2018_MLBS_3_537000_4142000_image.tif","Tree",1,537000,537999.999,4142000,4142999.999
"13742",13742,537569.512,537580.467,4142783.517,4142791.97,"Silva","NEON_D07_MLBS_DP1_537000_4142000_classified_point_cloud.laz","2018_MLBS_3_537000_4142000_image.tif","Tree",1,537000,537999.999,4142000,4142999.999
"13743",13743,537601.664,537612.907,4142759.506,4142770.98,"Silva","NEON_D07_MLBS_DP1_537000_4142000_classified_point_cloud.laz","2018_MLBS_3_537000_4142000_image.tif","Tree",1,537000,537999.999,4142000,4142999.999
"13744",13744,537583.629,537591.445,4142764.007,4142771.486,"Silva","NEON_D07_MLBS_DP1_537000_4142000_classified_point_cloud.laz","2018_MLBS_3_537000_4142000_image.tif","Tree",1,537000,537999.999,4142000,4142999.999
"13745",13745,537596.001,537604.991,4142762.009,4142769.99,"Silva","NEON_D07_MLBS_DP1_537000_4142000_classified_point_cloud.laz","2018_MLBS_3_537000_4142000_image.tif","Tree",1,537000,537999.999,4142000,4142999.999
"13746",13746,537577.002,537581.439,4142755.62,4142763.453,"Silva","NEON_D07_MLBS_DP1_537000_4142000_classified_point_cloud.laz","2018_MLBS_3_537000_4142000_image.tif","Tree",1,537000,537999.999,4142000,4142999.999
"13747",13747,537582.023,537591.428,4142748.64,4142757.173,"Silva","NEON_D07_MLBS_DP1_537000_4142000_classified_point_cloud.laz","2018_MLBS_3_537000_4142000_image.tif","Tree",1,537000,537999.999,4142000,4142999.999
"13748",13748,537578.088,537584.962,4142747.121,4142755.915,"Silva","NEON_D07_MLBS_DP1_537000_4142000_classified_point_cloud.laz","2018_MLBS_3_537000_4142000_image.tif","Tree",1,537000,537999.999,4142000,4142999.999
"13749",13749,537598.519,537607.786,4142744.138,4142752.412,"Silva","NEON_D07_MLBS_DP1_537000_4142000_classified_point_cloud.laz","2018_MLBS_3_537000_4142000_image.tif","Tree",1,537000,537999.999,4142000,4142999.999
"13750",13750,537587.511,537594.992,4142744.519,4142752.386,"Silva","NEON_D07_MLBS_DP1_537000_4142000_classified_point_cloud.laz","2018_MLBS_3_537000_4142000_image.tif","Tree",1,537000,537999.999,4142000,4142999.999
"13751",13751,537583.014,537589.956,4142741.013,4142749.487,"Silva","NEON_D07_MLBS_DP1_537000_4142000_classified_point_cloud.laz","2018_MLBS_3_537000_4142000_image.tif","Tree",1,537000,537999.999,4142000,4142999.999
"13752",13752,537594.002,537598.977,4142736.549,4142747.409,"Silva","NEON_D07_MLBS_DP1_537000_4142000_classified_point_cloud.laz","2018_MLBS_3_537000_4142000_image.tif","Tree",1,537000,537999.999,4142000,4142999.999
"13753",13753,537589.502,537593.988,4142740.002,4142744.987,"Silva","NEON_D07_MLBS_DP1_537000_4142000_classified_point_cloud.laz","2018_MLBS_3_537000_4142000_image.tif","Tree",1,537000,537999.999,4142000,4142999.999
"13754",13754,537500.048,537512.456,4142676.004,4142687.378,"Silva","NEON_D07_MLBS_DP1_537000_4142000_classified_point_cloud.laz","2018_MLBS_3_537000_4142000_image.tif","Tree",1,537000,537999.999,4142000,4142999.999
"13755",13755,537534.5,537542.952,4142674.55,4142688.899,"Silva","NEON_D07_MLBS_DP1_537000_4142000_classified_point_cloud.laz","2018_MLBS_3_537000_4142000_image.tif","Tree",1,537000,537999.999,4142000,4142999.999
"13756",13756,537512.508,537522.999,4142679.016,4142686.339,"Silva","NEON_D07_MLBS_DP1_537000_4142000_classified_point_cloud.laz","2018_MLBS_3_537000_4142000_image.tif","Tree",1,537000,537999.999,4142000,4142999.999
"13757",13757,537522.526,537527.389,4142680.037,4142687.454,"Silva","NEON_D07_MLBS_DP1_537000_4142000_classified_point_cloud.laz","2018_MLBS_3_537000_4142000_image.tif","Tree",1,537000,537999.999,4142000,4142999.999
"13758",13758,537541.027,537548.309,4142679.001,4142684.998,"Silva","NEON_D07_MLBS_DP1_537000_4142000_classified_point_cloud.laz","2018_MLBS_3_537000_4142000_image.tif","Tree",1,537000,537999.999,4142000,4142999.999
"13759",13759,537535.575,537549.456,4142684.503,4142693.487,"Silva","NEON_D07_MLBS_DP1_537000_4142000_classified_point_cloud.laz","2018_MLBS_3_537000_4142000_image.tif","Tree",1,537000,537999.999,4142000,4142999.999
"13760",13760,537515.709,537524.354,4142685.013,4142691.496,"Silva","NEON_D07_MLBS_DP1_537000_4142000_classified_point_cloud.laz","2018_MLBS_3_537000_4142000_image.tif","Tree",1,537000,537999.999,4142000,4142999.999
"13761",13761,537509.052,537517.999,4142682.534,4142695.816,"Silva","NEON_D07_MLBS_DP1_537000_4142000_classified_point_cloud.laz","2018_MLBS_3_537000_4142000_image.tif","Tree",1,537000,537999.999,4142000,4142999.999
"13762",13762,537522.573,537535.918,4142687.007,4142694.147,"Silva","NEON_D07_MLBS_DP1_537000_4142000_classified_point_cloud.laz","2018_MLBS_3_537000_4142000_image.tif","Tree",1,537000,537999.999,4142000,4142999.999
"13763",13763,537496.565,537510.957,4142687.001,4142698.498,"Silva","NEON_D07_MLBS_DP1_537000_4142000_classified_point_cloud.laz","2018_MLBS_3_537000_4142000_image.tif","Tree",1,537000,537999.999,4142000,4142999.999
"13764",13764,537513.04,537522.978,4142690.515,4142695.493,"Silva","NEON_D07_MLBS_DP1_537000_4142000_classified_point_cloud.laz","2018_MLBS_3_537000_4142000_image.tif","Tree",1,537000,537999.999,4142000,4142999.999
"13765",13765,537523.114,537535.4,4142691.589,4142699.997,"Silva","NEON_D07_MLBS_DP1_537000_4142000_classified_point_cloud.laz","2018_MLBS_3_537000_4142000_image.tif","Tree",1,537000,537999.999,4142000,4142999.999
"13766",13766,537511.075,537523.985,4142695.011,4142702.386,"Silva","NEON_D07_MLBS_DP1_537000_4142000_classified_point_cloud.laz","2018_MLBS_3_537000_4142000_image.tif","Tree",1,537000,537999.999,4142000,4142999.999
"13767",13767,537534.513,537542.464,4142691.321,4142708.249,"Silva","NEON_D07_MLBS_DP1_537000_4142000_classified_point_cloud.laz","2018_MLBS_3_537000_4142000_image.tif","Tree",1,537000,537999.999,4142000,4142999.999
"13768",13768,537543.108,537551.961,4142692.51,4142701.992,"Silva","NEON_D07_MLBS_DP1_537000_4142000_classified_point_cloud.laz","2018_MLBS_3_537000_4142000_image.tif","Tree",1,537000,537999.999,4142000,4142999.999
"13769",13769,537540.505,537545.958,4142693.576,4142704.359,"Silva","NEON_D07_MLBS_DP1_537000_4142000_classified_point_cloud.laz","2018_MLBS_3_537000_4142000_image.tif","Tree",1,537000,537999.999,4142000,4142999.999
"13770",13770,537506.528,537513.487,4142697.697,4142708.992,"Silva","NEON_D07_MLBS_DP1_537000_4142000_classified_point_cloud.laz","2018_MLBS_3_537000_4142000_image.tif","Tree",1,537000,537999.999,4142000,4142999.999
"13771",13771,537500.14,537506.296,4142702.261,4142709.752,"Silva","NEON_D07_MLBS_DP1_537000_4142000_classified_point_cloud.laz","2018_MLBS_3_537000_4142000_image.tif","Tree",1,537000,537999.999,4142000,4142999.999
"13772",13772,537519.001,537527.05,4142700.506,4142709.97,"Silva","NEON_D07_MLBS_DP1_537000_4142000_classified_point_cloud.laz","2018_MLBS_3_537000_4142000_image.tif","Tree",1,537000,537999.999,4142000,4142999.999
"13773",13773,537538.015,537551.991,4142705.015,4142712.308,"Silva","NEON_D07_MLBS_DP1_537000_4142000_classified_point_cloud.laz","2018_MLBS_3_537000_4142000_image.tif","Tree",1,537000,537999.999,4142000,4142999.999
"13774",13774,537521.519,537533.482,4142704.506,4142713.775,"Silva","NEON_D07_MLBS_DP1_537000_4142000_classified_point_cloud.laz","2018_MLBS_3_537000_4142000_image.tif","Tree",1,537000,537999.999,4142000,4142999.999
"13775",13775,537503.032,537514.473,4142708.507,4142720.5,"Silva","NEON_D07_MLBS_DP1_537000_4142000_classified_point_cloud.laz","2018_MLBS_3_537000_4142000_image.tif","Tree",1,537000,537999.999,4142000,4142999.999
"13776",13776,537514.001,537525.955,4142709.524,4142719.998,"Silva","NEON_D07_MLBS_DP1_537000_4142000_classified_point_cloud.laz","2018_MLBS_3_537000_4142000_image.tif","Tree",1,537000,537999.999,4142000,4142999.999
"13777",13777,537525.004,537535.976,4142707.515,4142721.793,"Silva","NEON_D07_MLBS_DP1_537000_4142000_classified_point_cloud.laz","2018_MLBS_3_537000_4142000_image.tif","Tree",1,537000,537999.999,4142000,4142999.999
"13778",13778,537499.085,537513.179,4142712.502,4142723.963,"Silva","NEON_D07_MLBS_DP1_537000_4142000_classified_point_cloud.laz","2018_MLBS_3_537000_4142000_image.tif","Tree",1,537000,537999.999,4142000,4142999.999
"13779",13779,537532.518,537542.993,4142708.587,4142728.997,"Silva","NEON_D07_MLBS_DP1_537000_4142000_classified_point_cloud.laz","2018_MLBS_3_537000_4142000_image.tif","Tree",1,537000,537999.999,4142000,4142999.999
"13780",13780,537497.039,537511.491,4142717.627,4142730.411,"Silva","NEON_D07_MLBS_DP1_537000_4142000_classified_point_cloud.laz","2018_MLBS_3_537000_4142000_image.tif","Tree",1,537000,537999.999,4142000,4142999.999
"13781",13781,537543.07,537554.985,4142713.618,4142730.356,"Silva","NEON_D07_MLBS_DP1_537000_4142000_classified_point_cloud.laz","2018_MLBS_3_537000_4142000_image.tif","Tree",1,537000,537999.999,4142000,4142999.999
"13782",13782,537520.531,537534.964,4142718.03,4142727.461,"Silva","NEON_D07_MLBS_DP1_537000_4142000_classified_point_cloud.laz","2018_MLBS_3_537000_4142000_image.tif","Tree",1,537000,537999.999,4142000,4142999.999
"13783",13783,537511.515,537523.967,4142720.002,4142731.463,"Silva","NEON_D07_MLBS_DP1_537000_4142000_classified_point_cloud.laz","2018_MLBS_3_537000_4142000_image.tif","Tree",1,537000,537999.999,4142000,4142999.999
"13784",13784,537517.01,537528.45,4142729.006,4142737.461,"Silva","NEON_D07_MLBS_DP1_537000_4142000_classified_point_cloud.laz","2018_MLBS_3_537000_4142000_image.tif","Tree",1,537000,537999.999,4142000,4142999.999
"13785",13785,537504.033,537517.494,4142725.561,4142739.495,"Silva","NEON_D07_MLBS_DP1_537000_4142000_classified_point_cloud.laz","2018_MLBS_3_537000_4142000_image.tif","Tree",1,537000,537999.999,4142000,4142999.999
"13786",13786,537514.504,537524.977,4142734.009,4142745.486,"Silva","NEON_D07_MLBS_DP1_537000_4142000_classified_point_cloud.laz","2018_MLBS_3_537000_4142000_image.tif","Tree",1,537000,537999.999,4142000,4142999.999
"13787",13787,537574.526,537580.383,4142678.094,4142687.397,"Silva","NEON_D07_MLBS_DP1_537000_4142000_classified_point_cloud.laz","2018_MLBS_3_537000_4142000_image.tif","Tree",1,537000,537999.999,4142000,4142999.999
"13788",13788,537554.007,537565.496,4142680.59,4142688.498,"Silva","NEON_D07_MLBS_DP1_537000_4142000_classified_point_cloud.laz","2018_MLBS_3_537000_4142000_image.tif","Tree",1,537000,537999.999,4142000,4142999.999
"13789",13789,537547.586,537558.737,4142685.505,4142695.998,"Silva","NEON_D07_MLBS_DP1_537000_4142000_classified_point_cloud.laz","2018_MLBS_3_537000_4142000_image.tif","Tree",1,537000,537999.999,4142000,4142999.999
"13790",13790,537571,537579.49,4142687.67,4142698.428,"Silva","NEON_D07_MLBS_DP1_537000_4142000_classified_point_cloud.laz","2018_MLBS_3_537000_4142000_image.tif","Tree",1,537000,537999.999,4142000,4142999.999
"13791",13791,537554.508,537563.998,4142688.502,4142698.389,"Silva","NEON_D07_MLBS_DP1_537000_4142000_classified_point_cloud.laz","2018_MLBS_3_537000_4142000_image.tif","Tree",1,537000,537999.999,4142000,4142999.999
"13792",13792,537563.51,537571.31,4142686.519,4142696.317,"Silva","NEON_D07_MLBS_DP1_537000_4142000_classified_point_cloud.laz","2018_MLBS_3_537000_4142000_image.tif","Tree",1,537000,537999.999,4142000,4142999.999
"13793",13793,537576.75,537588.949,4142690.002,4142698.969,"Silva","NEON_D07_MLBS_DP1_537000_4142000_classified_point_cloud.laz","2018_MLBS_3_537000_4142000_image.tif","Tree",1,537000,537999.999,4142000,4142999.999
"13794",13794,537551.665,537561.95,4142695.581,4142702.491,"Silva","NEON_D07_MLBS_DP1_537000_4142000_classified_point_cloud.laz","2018_MLBS_3_537000_4142000_image.tif","Tree",1,537000,537999.999,4142000,4142999.999
"13795",13795,537577.073,537583.482,4142698.502,4142703.82,"Silva","NEON_D07_MLBS_DP1_537000_4142000_classified_point_cloud.laz","2018_MLBS_3_537000_4142000_image.tif","Tree",1,537000,537999.999,4142000,4142999.999
"13796",13796,537550.011,537555.984,4142698.004,4142706.963,"Silva","NEON_D07_MLBS_DP1_537000_4142000_classified_point_cloud.laz","2018_MLBS_3_537000_4142000_image.tif","Tree",1,537000,537999.999,4142000,4142999.999
"13797",13797,537553.036,537563.471,4142701.038,4142708.41,"Silva","NEON_D07_MLBS_DP1_537000_4142000_classified_point_cloud.laz","2018_MLBS_3_537000_4142000_image.tif","Tree",1,537000,537999.999,4142000,4142999.999
"13798",13798,537576.502,537581.498,4142701.522,4142706.888,"Silva","NEON_D07_MLBS_DP1_537000_4142000_classified_point_cloud.laz","2018_MLBS_3_537000_4142000_image.tif","Tree",1,537000,537999.999,4142000,4142999.999
"13799",13799,537563.505,537573.978,4142699.631,4142710.43,"Silva","NEON_D07_MLBS_DP1_537000_4142000_classified_point_cloud.laz","2018_MLBS_3_537000_4142000_image.tif","Tree",1,537000,537999.999,4142000,4142999.999
"13800",13800,537574.158,537585.349,4142706.017,4142709.996,"Silva","NEON_D07_MLBS_DP1_537000_4142000_classified_point_cloud.laz","2018_MLBS_3_537000_4142000_image.tif","Tree",1,537000,537999.999,4142000,4142999.999
"13801",13801,537550.5,537563.966,4142707.001,4142715.493,"Silva","NEON_D07_MLBS_DP1_537000_4142000_classified_point_cloud.laz","2018_MLBS_3_537000_4142000_image.tif","Tree",1,537000,537999.999,4142000,4142999.999
"13802",13802,537562.044,537574.487,4142710.007,4142721.434,"Silva","NEON_D07_MLBS_DP1_537000_4142000_classified_point_cloud.laz","2018_MLBS_3_537000_4142000_image.tif","Tree",1,537000,537999.999,4142000,4142999.999
"13803",13803,537567.664,537575.999,4142715.037,4142725.997,"Silva","NEON_D07_MLBS_DP1_537000_4142000_classified_point_cloud.laz","2018_MLBS_3_537000_4142000_image.tif","Tree",1,537000,537999.999,4142000,4142999.999
"13804",13804,537554.578,537562.987,4142715.012,4142724.956,"Silva","NEON_D07_MLBS_DP1_537000_4142000_classified_point_cloud.laz","2018_MLBS_3_537000_4142000_image.tif","Tree",1,537000,537999.999,4142000,4142999.999
"13805",13805,537503.528,537515.362,4142739.003,4142746.491,"Silva","NEON_D07_MLBS_DP1_537000_4142000_classified_point_cloud.laz","2018_MLBS_3_537000_4142000_image.tif","Tree",1,537000,537999.999,4142000,4142999.999
"13806",13806,537506.17,537516.491,4142744.556,4142753.56,"Silva","NEON_D07_MLBS_DP1_537000_4142000_classified_point_cloud.laz","2018_MLBS_3_537000_4142000_image.tif","Tree",1,537000,537999.999,4142000,4142999.999
"13807",13807,537531.503,537538.446,4142740.514,4142750.446,"Silva","NEON_D07_MLBS_DP1_537000_4142000_classified_point_cloud.laz","2018_MLBS_3_537000_4142000_image.tif","Tree",1,537000,537999.999,4142000,4142999.999
"13808",13808,537535.011,537542.498,4142800.512,4142809.473,"Silva","NEON_D07_MLBS_DP1_537000_4142000_classified_point_cloud.laz","2018_MLBS_3_537000_4142000_image.tif","Tree",1,537000,537999.999,4142000,4142999.999
"13809",13809,537547.264,537553.893,4142803.185,4142807.999,"Silva","NEON_D07_MLBS_DP1_537000_4142000_classified_point_cloud.laz","2018_MLBS_3_537000_4142000_image.tif","Tree",1,537000,537999.999,4142000,4142999.999
"13810",13810,537511.502,537523.493,4142800.162,4142812.499,"Silva","NEON_D07_MLBS_DP1_537000_4142000_classified_point_cloud.laz","2018_MLBS_3_537000_4142000_image.tif","Tree",1,537000,537999.999,4142000,4142999.999
"13811",13811,537520.516,537531.982,4142798.502,4142806.483,"Silva","NEON_D07_MLBS_DP1_537000_4142000_classified_point_cloud.laz","2018_MLBS_3_537000_4142000_image.tif","Tree",1,537000,537999.999,4142000,4142999.999
"13812",13812,537499.022,537508.748,4142802.57,4142811.479,"Silva","NEON_D07_MLBS_DP1_537000_4142000_classified_point_cloud.laz","2018_MLBS_3_537000_4142000_image.tif","Tree",1,537000,537999.999,4142000,4142999.999
"13813",13813,537526.847,537537.952,4142791.006,4142801.962,"Silva","NEON_D07_MLBS_DP1_537000_4142000_classified_point_cloud.laz","2018_MLBS_3_537000_4142000_image.tif","Tree",1,537000,537999.999,4142000,4142999.999
"13814",13814,537505.562,537520.492,4142788.857,4142802.935,"Silva","NEON_D07_MLBS_DP1_537000_4142000_classified_point_cloud.laz","2018_MLBS_3_537000_4142000_image.tif","Tree",1,537000,537999.999,4142000,4142999.999
"13815",13815,537545.512,537555.409,4142782.502,4142792.699,"Silva","NEON_D07_MLBS_DP1_537000_4142000_classified_point_cloud.laz","2018_MLBS_3_537000_4142000_image.tif","Tree",1,537000,537999.999,4142000,4142999.999
"13816",13816,537527.001,537538.496,4142782.68,4142791.489,"Silva","NEON_D07_MLBS_DP1_537000_4142000_classified_point_cloud.laz","2018_MLBS_3_537000_4142000_image.tif","Tree",1,537000,537999.999,4142000,4142999.999
"13817",13817,537528.514,537538.946,4142774.01,4142788.386,"Silva","NEON_D07_MLBS_DP1_537000_4142000_classified_point_cloud.laz","2018_MLBS_3_537000_4142000_image.tif","Tree",1,537000,537999.999,4142000,4142999.999
"13818",13818,537508.018,537515.471,4142769.04,4142777.473,"Silva","NEON_D07_MLBS_DP1_537000_4142000_classified_point_cloud.laz","2018_MLBS_3_537000_4142000_image.tif","Tree",1,537000,537999.999,4142000,4142999.999
"13819",13819,537530.507,537543.359,4142761.598,4142774.924,"Silva","NEON_D07_MLBS_DP1_537000_4142000_classified_point_cloud.laz","2018_MLBS_3_537000_4142000_image.tif","Tree",1,537000,537999.999,4142000,4142999.999
"13820",13820,537514.534,537521.487,4142761.055,4142769.959,"Silva","NEON_D07_MLBS_DP1_537000_4142000_classified_point_cloud.laz","2018_MLBS_3_537000_4142000_image.tif","Tree",1,537000,537999.999,4142000,4142999.999
"13821",13821,537535.004,537545.945,4142755.503,4142763.97,"Silva","NEON_D07_MLBS_DP1_537000_4142000_classified_point_cloud.laz","2018_MLBS_3_537000_4142000_image.tif","Tree",1,537000,537999.999,4142000,4142999.999
"13822",13822,537524.606,537535.982,4142754.145,4142763.975,"Silva","NEON_D07_MLBS_DP1_537000_4142000_classified_point_cloud.laz","2018_MLBS_3_537000_4142000_image.tif","Tree",1,537000,537999.999,4142000,4142999.999
"13823",13823,537535.233,537540.914,4142750.068,4142755.985,"Silva","NEON_D07_MLBS_DP1_537000_4142000_classified_point_cloud.laz","2018_MLBS_3_537000_4142000_image.tif","Tree",1,537000,537999.999,4142000,4142999.999
"13824",13824,537545.51,537553.467,4142744.001,4142755.433,"Silva","NEON_D07_MLBS_DP1_537000_4142000_classified_point_cloud.laz","2018_MLBS_3_537000_4142000_image.tif","Tree",1,537000,537999.999,4142000,4142999.999
"13825",13825,537551.013,537559.486,4142788.093,4142797.944,"Silva","NEON_D07_MLBS_DP1_537000_4142000_classified_point_cloud.laz","2018_MLBS_3_537000_4142000_image.tif","Tree",1,537000,537999.999,4142000,4142999.999
"13826",13826,537556.034,537563.48,4142783.599,4142791.373,"Silva","NEON_D07_MLBS_DP1_537000_4142000_classified_point_cloud.laz","2018_MLBS_3_537000_4142000_image.tif","Tree",1,537000,537999.999,4142000,4142999.999
"13827",13827,537553.03,537557.982,4142767.576,4142778.167,"Silva","NEON_D07_MLBS_DP1_537000_4142000_classified_point_cloud.laz","2018_MLBS_3_537000_4142000_image.tif","Tree",1,537000,537999.999,4142000,4142999.999
"13828",13828,537553.105,537566.96,4142761.044,4142768.973,"Silva","NEON_D07_MLBS_DP1_537000_4142000_classified_point_cloud.laz","2018_MLBS_3_537000_4142000_image.tif","Tree",1,537000,537999.999,4142000,4142999.999
"13829",13829,537546.001,537556.473,4142760.019,4142766.989,"Silva","NEON_D07_MLBS_DP1_537000_4142000_classified_point_cloud.laz","2018_MLBS_3_537000_4142000_image.tif","Tree",1,537000,537999.999,4142000,4142999.999
"13830",13830,537555.015,537562.944,4142756.004,4142761.981,"Silva","NEON_D07_MLBS_DP1_537000_4142000_classified_point_cloud.laz","2018_MLBS_3_537000_4142000_image.tif","Tree",1,537000,537999.999,4142000,4142999.999
"13831",13831,537561.009,537567.456,4142749.513,4142761.944,"Silva","NEON_D07_MLBS_DP1_537000_4142000_classified_point_cloud.laz","2018_MLBS_3_537000_4142000_image.tif","Tree",1,537000,537999.999,4142000,4142999.999
"13832",13832,537553.016,537561.948,4142750.095,4142755.993,"Silva","NEON_D07_MLBS_DP1_537000_4142000_classified_point_cloud.laz","2018_MLBS_3_537000_4142000_image.tif","Tree",1,537000,537999.999,4142000,4142999.999
"13833",13833,537545.519,537554.961,4142808.003,4142815.999,"Silva","NEON_D07_MLBS_DP1_537000_4142000_classified_point_cloud.laz","2018_MLBS_3_537000_4142000_image.tif","Tree",1,537000,537999.999,4142000,4142999.999
"13834",13834,537534.549,537542.994,4142840.502,4142849.875,"Silva","NEON_D07_MLBS_DP1_537000_4142000_classified_point_cloud.laz","2018_MLBS_3_537000_4142000_image.tif","Tree",1,537000,537999.999,4142000,4142999.999
"13835",13835,537580.529,537586.969,4142804.502,4142813.284,"Silva","NEON_D07_MLBS_DP1_537000_4142000_classified_point_cloud.laz","2018_MLBS_3_537000_4142000_image.tif","Tree",1,537000,537999.999,4142000,4142999.999
"13836",13836,537571.157,537581.99,4142807.093,4142815.937,"Silva","NEON_D07_MLBS_DP1_537000_4142000_classified_point_cloud.laz","2018_MLBS_3_537000_4142000_image.tif","Tree",1,537000,537999.999,4142000,4142999.999
"13837",13837,537548.098,537559.493,4142809.6,4142820.988,"Silva","NEON_D07_MLBS_DP1_537000_4142000_classified_point_cloud.laz","2018_MLBS_3_537000_4142000_image.tif","Tree",1,537000,537999.999,4142000,4142999.999
"13838",13838,537559.519,537570.955,4142810.183,4142816.978,"Silva","NEON_D07_MLBS_DP1_537000_4142000_classified_point_cloud.laz","2018_MLBS_3_537000_4142000_image.tif","Tree",1,537000,537999.999,4142000,4142999.999
"13839",13839,537582.035,537592.989,4142810.663,4142818.354,"Silva","NEON_D07_MLBS_DP1_537000_4142000_classified_point_cloud.laz","2018_MLBS_3_537000_4142000_image.tif","Tree",1,537000,537999.999,4142000,4142999.999
"13840",13840,537597.57,537611.478,4142809.021,4142818.984,"Silva","NEON_D07_MLBS_DP1_537000_4142000_classified_point_cloud.laz","2018_MLBS_3_537000_4142000_image.tif","Tree",1,537000,537999.999,4142000,4142999.999
"13841",13841,537558.072,537568.49,4142816.519,4142824.851,"Silva","NEON_D07_MLBS_DP1_537000_4142000_classified_point_cloud.laz","2018_MLBS_3_537000_4142000_image.tif","Tree",1,537000,537999.999,4142000,4142999.999
"13842",13842,537576.514,537585.47,4142814.017,4142825.493,"Silva","NEON_D07_MLBS_DP1_537000_4142000_classified_point_cloud.laz","2018_MLBS_3_537000_4142000_image.tif","Tree",1,537000,537999.999,4142000,4142999.999
"13843",13843,537567.095,537577.806,4142820.547,4142827.996,"Silva","NEON_D07_MLBS_DP1_537000_4142000_classified_point_cloud.laz","2018_MLBS_3_537000_4142000_image.tif","Tree",1,537000,537999.999,4142000,4142999.999
"13844",13844,537590.513,537602.976,4142815.01,4142825.999,"Silva","NEON_D07_MLBS_DP1_537000_4142000_classified_point_cloud.laz","2018_MLBS_3_537000_4142000_image.tif","Tree",1,537000,537999.999,4142000,4142999.999
"13845",13845,537565.138,537569.455,4142833.027,4142839.99,"Silva","NEON_D07_MLBS_DP1_537000_4142000_classified_point_cloud.laz","2018_MLBS_3_537000_4142000_image.tif","Tree",1,537000,537999.999,4142000,4142999.999
"13846",13846,537568.521,537574.979,4142832.016,4142839.927,"Silva","NEON_D07_MLBS_DP1_537000_4142000_classified_point_cloud.laz","2018_MLBS_3_537000_4142000_image.tif","Tree",1,537000,537999.999,4142000,4142999.999
"13847",13847,537600.502,537609.97,4142827.024,4142836.482,"Silva","NEON_D07_MLBS_DP1_537000_4142000_classified_point_cloud.laz","2018_MLBS_3_537000_4142000_image.tif","Tree",1,537000,537999.999,4142000,4142999.999
"13848",13848,537575.006,537583.99,4142829.821,4142839.49,"Silva","NEON_D07_MLBS_DP1_537000_4142000_classified_point_cloud.laz","2018_MLBS_3_537000_4142000_image.tif","Tree",1,537000,537999.999,4142000,4142999.999
"13849",13849,537590.5,537598.413,4142832.117,4142841.493,"Silva","NEON_D07_MLBS_DP1_537000_4142000_classified_point_cloud.laz","2018_MLBS_3_537000_4142000_image.tif","Tree",1,537000,537999.999,4142000,4142999.999
"13850",13850,537608.578,537614.886,4142831.531,4142838,"Silva","NEON_D07_MLBS_DP1_537000_4142000_classified_point_cloud.laz","2018_MLBS_3_537000_4142000_image.tif","Tree",1,537000,537999.999,4142000,4142999.999
"13851",13851,537594.233,537603.946,4142833.02,4142842.636,"Silva","NEON_D07_MLBS_DP1_537000_4142000_classified_point_cloud.laz","2018_MLBS_3_537000_4142000_image.tif","Tree",1,537000,537999.999,4142000,4142999.999
"13852",13852,537562.168,537569.429,4142839.531,4142844.843,"Silva","NEON_D07_MLBS_DP1_537000_4142000_classified_point_cloud.laz","2018_MLBS_3_537000_4142000_image.tif","Tree",1,537000,537999.999,4142000,4142999.999
"13853",13853,537609.131,537617.471,4142834.512,4142844.483,"Silva","NEON_D07_MLBS_DP1_537000_4142000_classified_point_cloud.laz","2018_MLBS_3_537000_4142000_image.tif","Tree",1,537000,537999.999,4142000,4142999.999
"13854",13854,537570.033,537575.992,4142838.503,4142846.65,"Silva","NEON_D07_MLBS_DP1_537000_4142000_classified_point_cloud.laz","2018_MLBS_3_537000_4142000_image.tif","Tree",1,537000,537999.999,4142000,4142999.999
"13855",13855,537559.502,537567.474,4142842.506,4142848.987,"Silva","NEON_D07_MLBS_DP1_537000_4142000_classified_point_cloud.laz","2018_MLBS_3_537000_4142000_image.tif","Tree",1,537000,537999.999,4142000,4142999.999
"13856",13856,537591.51,537601.496,4142840.502,4142848.968,"Silva","NEON_D07_MLBS_DP1_537000_4142000_classified_point_cloud.laz","2018_MLBS_3_537000_4142000_image.tif","Tree",1,537000,537999.999,4142000,4142999.999
"13857",13857,537580.001,537585.474,4142843.542,4142849.997,"Silva","NEON_D07_MLBS_DP1_537000_4142000_classified_point_cloud.laz","2018_MLBS_3_537000_4142000_image.tif","Tree",1,537000,537999.999,4142000,4142999.999
"13858",13858,537560.088,537570.98,4142846.522,4142855.469,"Silva","NEON_D07_MLBS_DP1_537000_4142000_classified_point_cloud.laz","2018_MLBS_3_537000_4142000_image.tif","Tree",1,537000,537999.999,4142000,4142999.999
"13859",13859,537547.017,537559.913,4142848.002,4142856.713,"Silva","NEON_D07_MLBS_DP1_537000_4142000_classified_point_cloud.laz","2018_MLBS_3_537000_4142000_image.tif","Tree",1,537000,537999.999,4142000,4142999.999
"13860",13860,537585.012,537592.467,4142842.22,4142853.796,"Silva","NEON_D07_MLBS_DP1_537000_4142000_classified_point_cloud.laz","2018_MLBS_3_537000_4142000_image.tif","Tree",1,537000,537999.999,4142000,4142999.999
"13861",13861,537569.517,537580.486,4142848.507,4142857.922,"Silva","NEON_D07_MLBS_DP1_537000_4142000_classified_point_cloud.laz","2018_MLBS_3_537000_4142000_image.tif","Tree",1,537000,537999.999,4142000,4142999.999
"13862",13862,537549.541,537561.406,4142850.009,4142858.992,"Silva","NEON_D07_MLBS_DP1_537000_4142000_classified_point_cloud.laz","2018_MLBS_3_537000_4142000_image.tif","Tree",1,537000,537999.999,4142000,4142999.999
"13863",13863,537604.531,537614.476,4142846.521,4142854.921,"Silva","NEON_D07_MLBS_DP1_537000_4142000_classified_point_cloud.laz","2018_MLBS_3_537000_4142000_image.tif","Tree",1,537000,537999.999,4142000,4142999.999
"13864",13864,537581.517,537588.999,4142854.071,4142861.994,"Silva","NEON_D07_MLBS_DP1_537000_4142000_classified_point_cloud.laz","2018_MLBS_3_537000_4142000_image.tif","Tree",1,537000,537999.999,4142000,4142999.999
"13865",13865,537588.539,537597.996,4142853.508,4142860.984,"Silva","NEON_D07_MLBS_DP1_537000_4142000_classified_point_cloud.laz","2018_MLBS_3_537000_4142000_image.tif","Tree",1,537000,537999.999,4142000,4142999.999
"13866",13866,537561,537571.936,4142855.134,4142866.465,"Silva","NEON_D07_MLBS_DP1_537000_4142000_classified_point_cloud.laz","2018_MLBS_3_537000_4142000_image.tif","Tree",1,537000,537999.999,4142000,4142999.999
"13867",13867,537551.005,537561.492,4142858.045,4142867.987,"Silva","NEON_D07_MLBS_DP1_537000_4142000_classified_point_cloud.laz","2018_MLBS_3_537000_4142000_image.tif","Tree",1,537000,537999.999,4142000,4142999.999
"13868",13868,537602.511,537610.444,4142855.04,4142861.467,"Silva","NEON_D07_MLBS_DP1_537000_4142000_classified_point_cloud.laz","2018_MLBS_3_537000_4142000_image.tif","Tree",1,537000,537999.999,4142000,4142999.999
"13869",13869,537594.005,537600.99,4142854.574,4142864.367,"Silva","NEON_D07_MLBS_DP1_537000_4142000_classified_point_cloud.laz","2018_MLBS_3_537000_4142000_image.tif","Tree",1,537000,537999.999,4142000,4142999.999
"13870",13870,537594.559,537601.955,4142864.007,4142872.992,"Silva","NEON_D07_MLBS_DP1_537000_4142000_classified_point_cloud.laz","2018_MLBS_3_537000_4142000_image.tif","Tree",1,537000,537999.999,4142000,4142999.999
"13871",13871,537558.519,537571.364,4142865.003,4142877.936,"Silva","NEON_D07_MLBS_DP1_537000_4142000_classified_point_cloud.laz","2018_MLBS_3_537000_4142000_image.tif","Tree",1,537000,537999.999,4142000,4142999.999
"13872",13872,537599.527,537609.491,4142866.003,4142872.996,"Silva","NEON_D07_MLBS_DP1_537000_4142000_classified_point_cloud.laz","2018_MLBS_3_537000_4142000_image.tif","Tree",1,537000,537999.999,4142000,4142999.999
"13873",13873,537609.506,537619.869,4142865.013,4142874.495,"Silva","NEON_D07_MLBS_DP1_537000_4142000_classified_point_cloud.laz","2018_MLBS_3_537000_4142000_image.tif","Tree",1,537000,537999.999,4142000,4142999.999
"13874",13874,537588.563,537598.493,4142869.503,4142877.961,"Silva","NEON_D07_MLBS_DP1_537000_4142000_classified_point_cloud.laz","2018_MLBS_3_537000_4142000_image.tif","Tree",1,537000,537999.999,4142000,4142999.999
"13875",13875,537600.001,537610.491,4142871.015,4142877.999,"Silva","NEON_D07_MLBS_DP1_537000_4142000_classified_point_cloud.laz","2018_MLBS_3_537000_4142000_image.tif","Tree",1,537000,537999.999,4142000,4142999.999
"13876",13876,537545.515,537555.451,4142877.198,4142887.449,"Silva","NEON_D07_MLBS_DP1_537000_4142000_classified_point_cloud.laz","2018_MLBS_3_537000_4142000_image.tif","Tree",1,537000,537999.999,4142000,4142999.999
"13877",13877,537544.011,537554.495,4142905.522,4142913.995,"Silva","NEON_D07_MLBS_DP1_537000_4142000_classified_point_cloud.laz","2018_MLBS_3_537000_4142000_image.tif","Tree",1,537000,537999.999,4142000,4142999.999
"13878",13878,537549.509,537561.478,4142870.063,4142880.986,"Silva","NEON_D07_MLBS_DP1_537000_4142000_classified_point_cloud.laz","2018_MLBS_3_537000_4142000_image.tif","Tree",1,537000,537999.999,4142000,4142999.999
"13879",13879,537578.035,537587.491,4142870.042,4142879.493,"Silva","NEON_D07_MLBS_DP1_537000_4142000_classified_point_cloud.laz","2018_MLBS_3_537000_4142000_image.tif","Tree",1,537000,537999.999,4142000,4142999.999
"13880",13880,537571.016,537579.995,4142872.516,4142884.495,"Silva","NEON_D07_MLBS_DP1_537000_4142000_classified_point_cloud.laz","2018_MLBS_3_537000_4142000_image.tif","Tree",1,537000,537999.999,4142000,4142999.999
"13881",13881,537563.519,537576.482,4142875.005,4142889,"Silva","NEON_D07_MLBS_DP1_537000_4142000_classified_point_cloud.laz","2018_MLBS_3_537000_4142000_image.tif","Tree",1,537000,537999.999,4142000,4142999.999
"13882",13882,537557.551,537566.447,4142893.615,4142904.993,"Silva","NEON_D07_MLBS_DP1_537000_4142000_classified_point_cloud.laz","2018_MLBS_3_537000_4142000_image.tif","Tree",1,537000,537999.999,4142000,4142999.999
"13883",13883,537575.569,537584.497,4142892.599,4142901.937,"Silva","NEON_D07_MLBS_DP1_537000_4142000_classified_point_cloud.laz","2018_MLBS_3_537000_4142000_image.tif","Tree",1,537000,537999.999,4142000,4142999.999
"13884",13884,537551.516,537559.49,4142890.53,4142904.954,"Silva","NEON_D07_MLBS_DP1_537000_4142000_classified_point_cloud.laz","2018_MLBS_3_537000_4142000_image.tif","Tree",1,537000,537999.999,4142000,4142999.999
"13885",13885,537559.057,537568.489,4142888.006,4142900.449,"Silva","NEON_D07_MLBS_DP1_537000_4142000_classified_point_cloud.laz","2018_MLBS_3_537000_4142000_image.tif","Tree",1,537000,537999.999,4142000,4142999.999
"13886",13886,537576.506,537588.977,4142881.504,4142887.499,"Silva","NEON_D07_MLBS_DP1_537000_4142000_classified_point_cloud.laz","2018_MLBS_3_537000_4142000_image.tif","Tree",1,537000,537999.999,4142000,4142999.999
"13887",13887,537554.038,537565.992,4142877.507,4142891.498,"Silva","NEON_D07_MLBS_DP1_537000_4142000_classified_point_cloud.laz","2018_MLBS_3_537000_4142000_image.tif","Tree",1,537000,537999.999,4142000,4142999.999
"13888",13888,537594.512,537603.473,4142873.01,4142881.956,"Silva","NEON_D07_MLBS_DP1_537000_4142000_classified_point_cloud.laz","2018_MLBS_3_537000_4142000_image.tif","Tree",1,537000,537999.999,4142000,4142999.999
"13889",13889,537579.529,537587.499,4142874.516,4142881.999,"Silva","NEON_D07_MLBS_DP1_537000_4142000_classified_point_cloud.laz","2018_MLBS_3_537000_4142000_image.tif","Tree",1,537000,537999.999,4142000,4142999.999
"13890",13890,537612.095,537621.469,4142890.007,4142900.997,"Silva","NEON_D07_MLBS_DP1_537000_4142000_classified_point_cloud.laz","2018_MLBS_3_537000_4142000_image.tif","Tree",1,537000,537999.999,4142000,4142999.999
"13891",13891,537596.09,537602.961,4142896.509,4142906.962,"Silva","NEON_D07_MLBS_DP1_537000_4142000_classified_point_cloud.laz","2018_MLBS_3_537000_4142000_image.tif","Tree",1,537000,537999.999,4142000,4142999.999
"13892",13892,537589.643,537598.969,4142899.01,4142906.962,"Silva","NEON_D07_MLBS_DP1_537000_4142000_classified_point_cloud.laz","2018_MLBS_3_537000_4142000_image.tif","Tree",1,537000,537999.999,4142000,4142999.999
"13893",13893,537599.538,537605.484,4142896.001,4142908.914,"Silva","NEON_D07_MLBS_DP1_537000_4142000_classified_point_cloud.laz","2018_MLBS_3_537000_4142000_image.tif","Tree",1,537000,537999.999,4142000,4142999.999
"13894",13894,537582.507,537591.463,4142900.735,4142910.439,"Silva","NEON_D07_MLBS_DP1_537000_4142000_classified_point_cloud.laz","2018_MLBS_3_537000_4142000_image.tif","Tree",1,537000,537999.999,4142000,4142999.999
"13895",13895,537611.503,537619.995,4142900.563,4142911.499,"Silva","NEON_D07_MLBS_DP1_537000_4142000_classified_point_cloud.laz","2018_MLBS_3_537000_4142000_image.tif","Tree",1,537000,537999.999,4142000,4142999.999
"13896",13896,537589.514,537596.989,4142892.015,4142899.967,"Silva","NEON_D07_MLBS_DP1_537000_4142000_classified_point_cloud.laz","2018_MLBS_3_537000_4142000_image.tif","Tree",1,537000,537999.999,4142000,4142999.999
"13897",13897,537595.009,537603.387,4142891.006,4142897.472,"Silva","NEON_D07_MLBS_DP1_537000_4142000_classified_point_cloud.laz","2018_MLBS_3_537000_4142000_image.tif","Tree",1,537000,537999.999,4142000,4142999.999
"13898",13898,537584.568,537592.952,4142891.513,4142899.882,"Silva","NEON_D07_MLBS_DP1_537000_4142000_classified_point_cloud.laz","2018_MLBS_3_537000_4142000_image.tif","Tree",1,537000,537999.999,4142000,4142999.999
"13899",13899,537591.509,537597.971,4142882.506,4142892.459,"Silva","NEON_D07_MLBS_DP1_537000_4142000_classified_point_cloud.laz","2018_MLBS_3_537000_4142000_image.tif","Tree",1,537000,537999.999,4142000,4142999.999
"13900",13900,537596.508,537603.467,4142883.002,4142891,"Silva","NEON_D07_MLBS_DP1_537000_4142000_classified_point_cloud.laz","2018_MLBS_3_537000_4142000_image.tif","Tree",1,537000,537999.999,4142000,4142999.999
"13901",13901,537606.51,537617.981,4142881.508,4142889.976,"Silva","NEON_D07_MLBS_DP1_537000_4142000_classified_point_cloud.laz","2018_MLBS_3_537000_4142000_image.tif","Tree",1,537000,537999.999,4142000,4142999.999
"13902",13902,537603.003,537610.994,4142877.005,4142886.491,"Silva","NEON_D07_MLBS_DP1_537000_4142000_classified_point_cloud.laz","2018_MLBS_3_537000_4142000_image.tif","Tree",1,537000,537999.999,4142000,4142999.999
"13903",13903,537596.033,537605.441,4142877.508,4142885.48,"Silva","NEON_D07_MLBS_DP1_537000_4142000_classified_point_cloud.laz","2018_MLBS_3_537000_4142000_image.tif","Tree",1,537000,537999.999,4142000,4142999.999
"13904",13904,537609.015,537622.968,4142874.012,4142885.959,"Silva","NEON_D07_MLBS_DP1_537000_4142000_classified_point_cloud.laz","2018_MLBS_3_537000_4142000_image.tif","Tree",1,537000,537999.999,4142000,4142999.999
"13905",13905,537587.025,537595.883,4142874.552,4142885.495,"Silva","NEON_D07_MLBS_DP1_537000_4142000_classified_point_cloud.laz","2018_MLBS_3_537000_4142000_image.tif","Tree",1,537000,537999.999,4142000,4142999.999
"13906",13906,537569.002,537576.399,4142901.509,4142912.495,"Silva","NEON_D07_MLBS_DP1_537000_4142000_classified_point_cloud.laz","2018_MLBS_3_537000_4142000_image.tif","Tree",1,537000,537999.999,4142000,4142999.999
"13907",13907,537563.006,537570.996,4142902.523,4142912.494,"Silva","NEON_D07_MLBS_DP1_537000_4142000_classified_point_cloud.laz","2018_MLBS_3_537000_4142000_image.tif","Tree",1,537000,537999.999,4142000,4142999.999
"13908",13908,537552.007,537560.997,4142930.517,4142940.999,"Silva","NEON_D07_MLBS_DP1_537000_4142000_classified_point_cloud.laz","2018_MLBS_3_537000_4142000_image.tif","Tree",1,537000,537999.999,4142000,4142999.999
"13909",13909,537571.106,537577.864,4142931.531,4142938.47,"Silva","NEON_D07_MLBS_DP1_537000_4142000_classified_point_cloud.laz","2018_MLBS_3_537000_4142000_image.tif","Tree",1,537000,537999.999,4142000,4142999.999
"13910",13910,537577.044,537583.948,4142932.005,4142940.327,"Silva","NEON_D07_MLBS_DP1_537000_4142000_classified_point_cloud.laz","2018_MLBS_3_537000_4142000_image.tif","Tree",1,537000,537999.999,4142000,4142999.999
"13911",13911,537579.506,537588.48,4142924.511,4142933.252,"Silva","NEON_D07_MLBS_DP1_537000_4142000_classified_point_cloud.laz","2018_MLBS_3_537000_4142000_image.tif","Tree",1,537000,537999.999,4142000,4142999.999
"13912",13912,537573.061,537580.498,4142922.122,4142931.985,"Silva","NEON_D07_MLBS_DP1_537000_4142000_classified_point_cloud.laz","2018_MLBS_3_537000_4142000_image.tif","Tree",1,537000,537999.999,4142000,4142999.999
"13913",13913,537558.508,537567.498,4142921.033,4142931.495,"Silva","NEON_D07_MLBS_DP1_537000_4142000_classified_point_cloud.laz","2018_MLBS_3_537000_4142000_image.tif","Tree",1,537000,537999.999,4142000,4142999.999
"13914",13914,537551.611,537559.485,4142920.648,4142926.433,"Silva","NEON_D07_MLBS_DP1_537000_4142000_classified_point_cloud.laz","2018_MLBS_3_537000_4142000_image.tif","Tree",1,537000,537999.999,4142000,4142999.999
"13915",13915,537576.037,537586.448,4142913.001,4142924.499,"Silva","NEON_D07_MLBS_DP1_537000_4142000_classified_point_cloud.laz","2018_MLBS_3_537000_4142000_image.tif","Tree",1,537000,537999.999,4142000,4142999.999
"13916",13916,537566.591,537576.994,4142912.505,4142922.47,"Silva","NEON_D07_MLBS_DP1_537000_4142000_classified_point_cloud.laz","2018_MLBS_3_537000_4142000_image.tif","Tree",1,537000,537999.999,4142000,4142999.999
"13917",13917,537550.006,537558.756,4142911.59,4142921.498,"Silva","NEON_D07_MLBS_DP1_537000_4142000_classified_point_cloud.laz","2018_MLBS_3_537000_4142000_image.tif","Tree",1,537000,537999.999,4142000,4142999.999
"13918",13918,537561.003,537570.449,4142910.708,4142920.47,"Silva","NEON_D07_MLBS_DP1_537000_4142000_classified_point_cloud.laz","2018_MLBS_3_537000_4142000_image.tif","Tree",1,537000,537999.999,4142000,4142999.999
"13919",13919,537612.022,537615.976,4142928.017,4142935.484,"Silva","NEON_D07_MLBS_DP1_537000_4142000_classified_point_cloud.laz","2018_MLBS_3_537000_4142000_image.tif","Tree",1,537000,537999.999,4142000,4142999.999
"13920",13920,537605.647,537612.998,4142927.002,4142934.973,"Silva","NEON_D07_MLBS_DP1_537000_4142000_classified_point_cloud.laz","2018_MLBS_3_537000_4142000_image.tif","Tree",1,537000,537999.999,4142000,4142999.999
"13921",13921,537583.626,537593.472,4142931.504,4142940.766,"Silva","NEON_D07_MLBS_DP1_537000_4142000_classified_point_cloud.laz","2018_MLBS_3_537000_4142000_image.tif","Tree",1,537000,537999.999,4142000,4142999.999
"13922",13922,537604.569,537613.192,4142934.525,4142942.996,"Silva","NEON_D07_MLBS_DP1_537000_4142000_classified_point_cloud.laz","2018_MLBS_3_537000_4142000_image.tif","Tree",1,537000,537999.999,4142000,4142999.999
"13923",13923,537587.518,537596.96,4142926.509,4142935.941,"Silva","NEON_D07_MLBS_DP1_537000_4142000_classified_point_cloud.laz","2018_MLBS_3_537000_4142000_image.tif","Tree",1,537000,537999.999,4142000,4142999.999
"13924",13924,537598.523,537606.182,4142926.62,4142933.482,"Silva","NEON_D07_MLBS_DP1_537000_4142000_classified_point_cloud.laz","2018_MLBS_3_537000_4142000_image.tif","Tree",1,537000,537999.999,4142000,4142999.999
"13925",13925,537598.028,537603.967,4142923.503,4142929.18,"Silva","NEON_D07_MLBS_DP1_537000_4142000_classified_point_cloud.laz","2018_MLBS_3_537000_4142000_image.tif","Tree",1,537000,537999.999,4142000,4142999.999
"13926",13926,537609.337,537615.325,4142921.538,4142928.492,"Silva","NEON_D07_MLBS_DP1_537000_4142000_classified_point_cloud.laz","2018_MLBS_3_537000_4142000_image.tif","Tree",1,537000,537999.999,4142000,4142999.999
"13927",13927,537603.515,537610.271,4142919.817,4142928.498,"Silva","NEON_D07_MLBS_DP1_537000_4142000_classified_point_cloud.laz","2018_MLBS_3_537000_4142000_image.tif","Tree",1,537000,537999.999,4142000,4142999.999
"13928",13928,537590.003,537598.318,4142919.502,4142926.969,"Silva","NEON_D07_MLBS_DP1_537000_4142000_classified_point_cloud.laz","2018_MLBS_3_537000_4142000_image.tif","Tree",1,537000,537999.999,4142000,4142999.999
"13929",13929,537598.033,537606.915,4142917.005,4142924.922,"Silva","NEON_D07_MLBS_DP1_537000_4142000_classified_point_cloud.laz","2018_MLBS_3_537000_4142000_image.tif","Tree",1,537000,537999.999,4142000,4142999.999
"13930",13930,537580.689,537589.997,4142916.544,4142926.984,"Silva","NEON_D07_MLBS_DP1_537000_4142000_classified_point_cloud.laz","2018_MLBS_3_537000_4142000_image.tif","Tree",1,537000,537999.999,4142000,4142999.999
"13931",13931,537607.006,537614.991,4142912.661,4142921.983,"Silva","NEON_D07_MLBS_DP1_537000_4142000_classified_point_cloud.laz","2018_MLBS_3_537000_4142000_image.tif","Tree",1,537000,537999.999,4142000,4142999.999
"13932",13932,537594.007,537601.475,4142909.515,4142920.39,"Silva","NEON_D07_MLBS_DP1_537000_4142000_classified_point_cloud.laz","2018_MLBS_3_537000_4142000_image.tif","Tree",1,537000,537999.999,4142000,4142999.999
"13933",13933,537587.023,537595.479,4142913.015,4142919.468,"Silva","NEON_D07_MLBS_DP1_537000_4142000_classified_point_cloud.laz","2018_MLBS_3_537000_4142000_image.tif","Tree",1,537000,537999.999,4142000,4142999.999
"13934",13934,537600.115,537609.839,4142909.005,4142918.921,"Silva","NEON_D07_MLBS_DP1_537000_4142000_classified_point_cloud.laz","2018_MLBS_3_537000_4142000_image.tif","Tree",1,537000,537999.999,4142000,4142999.999
"13935",13935,537588.023,537598.929,4142909.501,4142914.415,"Silva","NEON_D07_MLBS_DP1_537000_4142000_classified_point_cloud.laz","2018_MLBS_3_537000_4142000_image.tif","Tree",1,537000,537999.999,4142000,4142999.999
"13936",13936,537603.549,537615.322,4142906.519,4142913.944,"Silva","NEON_D07_MLBS_DP1_537000_4142000_classified_point_cloud.laz","2018_MLBS_3_537000_4142000_image.tif","Tree",1,537000,537999.999,4142000,4142999.999
"13937",13937,537589.215,537599.99,4142904.542,4142909.998,"Silva","NEON_D07_MLBS_DP1_537000_4142000_classified_point_cloud.laz","2018_MLBS_3_537000_4142000_image.tif","Tree",1,537000,537999.999,4142000,4142999.999
"13938",13938,537522.519,537531.475,4142805.236,4142817.937,"Silva","NEON_D07_MLBS_DP1_537000_4142000_classified_point_cloud.laz","2018_MLBS_3_537000_4142000_image.tif","Tree",1,537000,537999.999,4142000,4142999.999
"13939",13939,537538.54,537545.496,4142804.523,4142815.926,"Silva","NEON_D07_MLBS_DP1_537000_4142000_classified_point_cloud.laz","2018_MLBS_3_537000_4142000_image.tif","Tree",1,537000,537999.999,4142000,4142999.999
"13940",13940,537498.571,537507.921,4142811.635,4142819.303,"Silva","NEON_D07_MLBS_DP1_537000_4142000_classified_point_cloud.laz","2018_MLBS_3_537000_4142000_image.tif","Tree",1,537000,537999.999,4142000,4142999.999
"13941",13941,537500.002,537507.497,4142815.583,4142823.492,"Silva","NEON_D07_MLBS_DP1_537000_4142000_classified_point_cloud.laz","2018_MLBS_3_537000_4142000_image.tif","Tree",1,537000,537999.999,4142000,4142999.999
"13942",13942,537507.001,537515.765,4142812.532,4142825.49,"Silva","NEON_D07_MLBS_DP1_537000_4142000_classified_point_cloud.laz","2018_MLBS_3_537000_4142000_image.tif","Tree",1,537000,537999.999,4142000,4142999.999
"13943",13943,537509.681,537518.966,4142819.508,4142828.39,"Silva","NEON_D07_MLBS_DP1_537000_4142000_classified_point_cloud.laz","2018_MLBS_3_537000_4142000_image.tif","Tree",1,537000,537999.999,4142000,4142999.999
"13944",13944,537498.015,537508.809,4142823.031,4142831.793,"Silva","NEON_D07_MLBS_DP1_537000_4142000_classified_point_cloud.laz","2018_MLBS_3_537000_4142000_image.tif","Tree",1,537000,537999.999,4142000,4142999.999
"13945",13945,537519.032,537530.473,4142817.506,4142827.449,"Silva","NEON_D07_MLBS_DP1_537000_4142000_classified_point_cloud.laz","2018_MLBS_3_537000_4142000_image.tif","Tree",1,537000,537999.999,4142000,4142999.999
"13946",13946,537543.052,537553.476,4142815.516,4142831.984,"Silva","NEON_D07_MLBS_DP1_537000_4142000_classified_point_cloud.laz","2018_MLBS_3_537000_4142000_image.tif","Tree",1,537000,537999.999,4142000,4142999.999
"13947",13947,537530.02,537539.943,4142818.501,4142830,"Silva","NEON_D07_MLBS_DP1_537000_4142000_classified_point_cloud.laz","2018_MLBS_3_537000_4142000_image.tif","Tree",1,537000,537999.999,4142000,4142999.999
"13948",13948,537523.01,537532.324,4142823.003,4142831.976,"Silva","NEON_D07_MLBS_DP1_537000_4142000_classified_point_cloud.laz","2018_MLBS_3_537000_4142000_image.tif","Tree",1,537000,537999.999,4142000,4142999.999
"13949",13949,537506.003,537515.96,4142825.894,4142835.878,"Silva","NEON_D07_MLBS_DP1_537000_4142000_classified_point_cloud.laz","2018_MLBS_3_537000_4142000_image.tif","Tree",1,537000,537999.999,4142000,4142999.999
"13950",13950,537532.9,537539.893,4142827.577,4142833.984,"Silva","NEON_D07_MLBS_DP1_537000_4142000_classified_point_cloud.laz","2018_MLBS_3_537000_4142000_image.tif","Tree",1,537000,537999.999,4142000,4142999.999
"13951",13951,537539.528,537549.9,4142826.55,4142833.485,"Silva","NEON_D07_MLBS_DP1_537000_4142000_classified_point_cloud.laz","2018_MLBS_3_537000_4142000_image.tif","Tree",1,537000,537999.999,4142000,4142999.999
"13952",13952,537501.591,537509.414,4142830.086,4142840.881,"Silva","NEON_D07_MLBS_DP1_537000_4142000_classified_point_cloud.laz","2018_MLBS_3_537000_4142000_image.tif","Tree",1,537000,537999.999,4142000,4142999.999
"13953",13953,537523.055,537532.478,4142830.506,4142838.99,"Silva","NEON_D07_MLBS_DP1_537000_4142000_classified_point_cloud.laz","2018_MLBS_3_537000_4142000_image.tif","Tree",1,537000,537999.999,4142000,4142999.999
"13954",13954,537515.041,537526.446,4142832.033,4142839.495,"Silva","NEON_D07_MLBS_DP1_537000_4142000_classified_point_cloud.laz","2018_MLBS_3_537000_4142000_image.tif","Tree",1,537000,537999.999,4142000,4142999.999
"13955",13955,537504.152,537515.496,4142835.01,4142845.5,"Silva","NEON_D07_MLBS_DP1_537000_4142000_classified_point_cloud.laz","2018_MLBS_3_537000_4142000_image.tif","Tree",1,537000,537999.999,4142000,4142999.999
"13956",13956,537538.005,537547.297,4142833.508,4142840.983,"Silva","NEON_D07_MLBS_DP1_537000_4142000_classified_point_cloud.laz","2018_MLBS_3_537000_4142000_image.tif","Tree",1,537000,537999.999,4142000,4142999.999
"13957",13957,537514.502,537525.98,4142839.502,4142848.494,"Silva","NEON_D07_MLBS_DP1_537000_4142000_classified_point_cloud.laz","2018_MLBS_3_537000_4142000_image.tif","Tree",1,537000,537999.999,4142000,4142999.999
"13958",13958,537525.069,537535.499,4142838.113,4142849.48,"Silva","NEON_D07_MLBS_DP1_537000_4142000_classified_point_cloud.laz","2018_MLBS_3_537000_4142000_image.tif","Tree",1,537000,537999.999,4142000,4142999.999
"13959",13959,537505.585,537516.455,4142843.396,4142852.944,"Silva","NEON_D07_MLBS_DP1_537000_4142000_classified_point_cloud.laz","2018_MLBS_3_537000_4142000_image.tif","Tree",1,537000,537999.999,4142000,4142999.999
"13960",13960,537508.551,537515.491,4142851.542,4142862.904,"Silva","NEON_D07_MLBS_DP1_537000_4142000_classified_point_cloud.laz","2018_MLBS_3_537000_4142000_image.tif","Tree",1,537000,537999.999,4142000,4142999.999
"13961",13961,537502.565,537511.994,4142849.158,4142863.993,"Silva","NEON_D07_MLBS_DP1_537000_4142000_classified_point_cloud.laz","2018_MLBS_3_537000_4142000_image.tif","Tree",1,537000,537999.999,4142000,4142999.999
"13962",13962,537497.135,537505.979,4142851.133,4142864.964,"Silva","NEON_D07_MLBS_DP1_537000_4142000_classified_point_cloud.laz","2018_MLBS_3_537000_4142000_image.tif","Tree",1,537000,537999.999,4142000,4142999.999
"13963",13963,537514.054,537523.994,4142854.028,4142863.485,"Silva","NEON_D07_MLBS_DP1_537000_4142000_classified_point_cloud.laz","2018_MLBS_3_537000_4142000_image.tif","Tree",1,537000,537999.999,4142000,4142999.999
"13964",13964,537534.542,537548.962,4142852.064,4142861.996,"Silva","NEON_D07_MLBS_DP1_537000_4142000_classified_point_cloud.laz","2018_MLBS_3_537000_4142000_image.tif","Tree",1,537000,537999.999,4142000,4142999.999
"13965",13965,537518.233,537526.982,4142857.125,4142865.999,"Silva","NEON_D07_MLBS_DP1_537000_4142000_classified_point_cloud.laz","2018_MLBS_3_537000_4142000_image.tif","Tree",1,537000,537999.999,4142000,4142999.999
"13966",13966,537540.032,537550.49,4142857.11,4142866.38,"Silva","NEON_D07_MLBS_DP1_537000_4142000_classified_point_cloud.laz","2018_MLBS_3_537000_4142000_image.tif","Tree",1,537000,537999.999,4142000,4142999.999
"13967",13967,537511.519,537519.999,4142862.532,4142874.49,"Silva","NEON_D07_MLBS_DP1_537000_4142000_classified_point_cloud.laz","2018_MLBS_3_537000_4142000_image.tif","Tree",1,537000,537999.999,4142000,4142999.999
"13968",13968,537541.032,537547.491,4142865.126,4142869.952,"Silva","NEON_D07_MLBS_DP1_537000_4142000_classified_point_cloud.laz","2018_MLBS_3_537000_4142000_image.tif","Tree",1,537000,537999.999,4142000,4142999.999
"13969",13969,537520.003,537527.495,4142865.524,4142873.484,"Silva","NEON_D07_MLBS_DP1_537000_4142000_classified_point_cloud.laz","2018_MLBS_3_537000_4142000_image.tif","Tree",1,537000,537999.999,4142000,4142999.999
"13970",13970,537531,537538.989,4142866.514,4142875.999,"Silva","NEON_D07_MLBS_DP1_537000_4142000_classified_point_cloud.laz","2018_MLBS_3_537000_4142000_image.tif","Tree",1,537000,537999.999,4142000,4142999.999
"13971",13971,537542.048,537550.456,4142869.512,4142878.963,"Silva","NEON_D07_MLBS_DP1_537000_4142000_classified_point_cloud.laz","2018_MLBS_3_537000_4142000_image.tif","Tree",1,537000,537999.999,4142000,4142999.999
"13972",13972,537512.532,537523.345,4142872.764,4142880.466,"Silva","NEON_D07_MLBS_DP1_537000_4142000_classified_point_cloud.laz","2018_MLBS_3_537000_4142000_image.tif","Tree",1,537000,537999.999,4142000,4142999.999
"13973",13973,537535.577,537545.939,4142874.009,4142882.37,"Silva","NEON_D07_MLBS_DP1_537000_4142000_classified_point_cloud.laz","2018_MLBS_3_537000_4142000_image.tif","Tree",1,537000,537999.999,4142000,4142999.999
"13974",13974,537516.535,537527.49,4142876.009,4142886.498,"Silva","NEON_D07_MLBS_DP1_537000_4142000_classified_point_cloud.laz","2018_MLBS_3_537000_4142000_image.tif","Tree",1,537000,537999.999,4142000,4142999.999
"13975",13975,537501.509,537510.496,4142874.689,4142885.992,"Silva","NEON_D07_MLBS_DP1_537000_4142000_classified_point_cloud.laz","2018_MLBS_3_537000_4142000_image.tif","Tree",1,537000,537999.999,4142000,4142999.999
"13976",13976,537508.525,537515.497,4142876.005,4142887.901,"Silva","NEON_D07_MLBS_DP1_537000_4142000_classified_point_cloud.laz","2018_MLBS_3_537000_4142000_image.tif","Tree",1,537000,537999.999,4142000,4142999.999
"13977",13977,537529.527,537540.977,4142876.009,4142886.475,"Silva","NEON_D07_MLBS_DP1_537000_4142000_classified_point_cloud.laz","2018_MLBS_3_537000_4142000_image.tif","Tree",1,537000,537999.999,4142000,4142999.999
"13978",13978,537499.002,537505.961,4142879.617,4142887.989,"Silva","NEON_D07_MLBS_DP1_537000_4142000_classified_point_cloud.laz","2018_MLBS_3_537000_4142000_image.tif","Tree",1,537000,537999.999,4142000,4142999.999
"13979",13979,537511.013,537520.919,4142880.098,4142889.497,"Silva","NEON_D07_MLBS_DP1_537000_4142000_classified_point_cloud.laz","2018_MLBS_3_537000_4142000_image.tif","Tree",1,537000,537999.999,4142000,4142999.999
"13980",13980,537525.005,537536.985,4142878.008,4142889.5,"Silva","NEON_D07_MLBS_DP1_537000_4142000_classified_point_cloud.laz","2018_MLBS_3_537000_4142000_image.tif","Tree",1,537000,537999.999,4142000,4142999.999
"13981",13981,537538.51,537547.441,4142880.506,4142889.481,"Silva","NEON_D07_MLBS_DP1_537000_4142000_classified_point_cloud.laz","2018_MLBS_3_537000_4142000_image.tif","Tree",1,537000,537999.999,4142000,4142999.999
"13982",13982,537499.53,537511.856,4142885.504,4142893.434,"Silva","NEON_D07_MLBS_DP1_537000_4142000_classified_point_cloud.laz","2018_MLBS_3_537000_4142000_image.tif","Tree",1,537000,537999.999,4142000,4142999.999
"13983",13983,537512.016,537522.486,4142886.514,4142894,"Silva","NEON_D07_MLBS_DP1_537000_4142000_classified_point_cloud.laz","2018_MLBS_3_537000_4142000_image.tif","Tree",1,537000,537999.999,4142000,4142999.999
"13984",13984,537522.016,537530.497,4142885.501,4142897.5,"Silva","NEON_D07_MLBS_DP1_537000_4142000_classified_point_cloud.laz","2018_MLBS_3_537000_4142000_image.tif","Tree",1,537000,537999.999,4142000,4142999.999
"13985",13985,537544.513,537554.497,4142890.009,4142898,"Silva","NEON_D07_MLBS_DP1_537000_4142000_classified_point_cloud.laz","2018_MLBS_3_537000_4142000_image.tif","Tree",1,537000,537999.999,4142000,4142999.999
"13986",13986,537516.009,537522.499,4142893.503,4142897.999,"Silva","NEON_D07_MLBS_DP1_537000_4142000_classified_point_cloud.laz","2018_MLBS_3_537000_4142000_image.tif","Tree",1,537000,537999.999,4142000,4142999.999
"13987",13987,537509.563,537516.997,4142892.031,4142899.995,"Silva","NEON_D07_MLBS_DP1_537000_4142000_classified_point_cloud.laz","2018_MLBS_3_537000_4142000_image.tif","Tree",1,537000,537999.999,4142000,4142999.999
"13988",13988,537500.002,537509.958,4142895.008,4142905.971,"Silva","NEON_D07_MLBS_DP1_537000_4142000_classified_point_cloud.laz","2018_MLBS_3_537000_4142000_image.tif","Tree",1,537000,537999.999,4142000,4142999.999
"13989",13989,537534.5,537540.823,4142894.062,4142902.498,"Silva","NEON_D07_MLBS_DP1_537000_4142000_classified_point_cloud.laz","2018_MLBS_3_537000_4142000_image.tif","Tree",1,537000,537999.999,4142000,4142999.999
"13990",13990,537528.014,537534.989,4142893.507,4142902.499,"Silva","NEON_D07_MLBS_DP1_537000_4142000_classified_point_cloud.laz","2018_MLBS_3_537000_4142000_image.tif","Tree",1,537000,537999.999,4142000,4142999.999
"13991",13991,537514.551,537518.998,4142897.509,4142901.975,"Silva","NEON_D07_MLBS_DP1_537000_4142000_classified_point_cloud.laz","2018_MLBS_3_537000_4142000_image.tif","Tree",1,537000,537999.999,4142000,4142999.999
"13992",13992,537519.014,537525.414,4142895.512,4142903.968,"Silva","NEON_D07_MLBS_DP1_537000_4142000_classified_point_cloud.laz","2018_MLBS_3_537000_4142000_image.tif","Tree",1,537000,537999.999,4142000,4142999.999
"13993",13993,537498.573,537506.476,4142897.059,4142907.477,"Silva","NEON_D07_MLBS_DP1_537000_4142000_classified_point_cloud.laz","2018_MLBS_3_537000_4142000_image.tif","Tree",1,537000,537999.999,4142000,4142999.999
"13994",13994,537512.051,537520.326,4142900.051,4142906.39,"Silva","NEON_D07_MLBS_DP1_537000_4142000_classified_point_cloud.laz","2018_MLBS_3_537000_4142000_image.tif","Tree",1,537000,537999.999,4142000,4142999.999
"13995",13995,537520.515,537527.448,4142897.515,4142905.921,"Silva","NEON_D07_MLBS_DP1_537000_4142000_classified_point_cloud.laz","2018_MLBS_3_537000_4142000_image.tif","Tree",1,537000,537999.999,4142000,4142999.999
"13996",13996,537546.505,537556.852,4142896.007,4142907.493,"Silva","NEON_D07_MLBS_DP1_537000_4142000_classified_point_cloud.laz","2018_MLBS_3_537000_4142000_image.tif","Tree",1,537000,537999.999,4142000,4142999.999
"13997",13997,537507.004,537517.426,4142900.088,4142907.469,"Silva","NEON_D07_MLBS_DP1_537000_4142000_classified_point_cloud.laz","2018_MLBS_3_537000_4142000_image.tif","Tree",1,537000,537999.999,4142000,4142999.999
"13998",13998,537522.058,537528.498,4142911.003,4142915.973,"Silva","NEON_D07_MLBS_DP1_537000_4142000_classified_point_cloud.laz","2018_MLBS_3_537000_4142000_image.tif","Tree",1,537000,537999.999,4142000,4142999.999
"13999",13999,537538.053,537546.491,4142910.512,4142914.497,"Silva","NEON_D07_MLBS_DP1_537000_4142000_classified_point_cloud.laz","2018_MLBS_3_537000_4142000_image.tif","Tree",1,537000,537999.999,4142000,4142999.999
"14000",14000,537525.658,537532.975,4142914.002,4142920.938,"Silva","NEON_D07_MLBS_DP1_537000_4142000_classified_point_cloud.laz","2018_MLBS_3_537000_4142000_image.tif","Tree",1,537000,537999.999,4142000,4142999.999
"14001",14001,537502.009,537516.977,4142911.509,4142923.981,"Silva","NEON_D07_MLBS_DP1_537000_4142000_classified_point_cloud.laz","2018_MLBS_3_537000_4142000_image.tif","Tree",1,537000,537999.999,4142000,4142999.999
"14002",14002,537538.507,537547.465,4142913.512,4142918.847,"Silva","NEON_D07_MLBS_DP1_537000_4142000_classified_point_cloud.laz","2018_MLBS_3_537000_4142000_image.tif","Tree",1,537000,537999.999,4142000,4142999.999
"14003",14003,537516.511,537526.999,4142914.002,4142925.487,"Silva","NEON_D07_MLBS_DP1_537000_4142000_classified_point_cloud.laz","2018_MLBS_3_537000_4142000_image.tif","Tree",1,537000,537999.999,4142000,4142999.999
"14004",14004,537536.044,537543.474,4142916.517,4142925.493,"Silva","NEON_D07_MLBS_DP1_537000_4142000_classified_point_cloud.laz","2018_MLBS_3_537000_4142000_image.tif","Tree",1,537000,537999.999,4142000,4142999.999
"14005",14005,537501.002,537514.486,4142918.012,4142929.485,"Silva","NEON_D07_MLBS_DP1_537000_4142000_classified_point_cloud.laz","2018_MLBS_3_537000_4142000_image.tif","Tree",1,537000,537999.999,4142000,4142999.999
"14006",14006,537524.008,537537.161,4142920.037,4142931.489,"Silva","NEON_D07_MLBS_DP1_537000_4142000_classified_point_cloud.laz","2018_MLBS_3_537000_4142000_image.tif","Tree",1,537000,537999.999,4142000,4142999.999
"14007",14007,537543.01,537552.488,4142922.502,4142931.48,"Silva","NEON_D07_MLBS_DP1_537000_4142000_classified_point_cloud.laz","2018_MLBS_3_537000_4142000_image.tif","Tree",1,537000,537999.999,4142000,4142999.999
"14008",14008,537512.069,537524.477,4142923.042,4142933.49,"Silva","NEON_D07_MLBS_DP1_537000_4142000_classified_point_cloud.laz","2018_MLBS_3_537000_4142000_image.tif","Tree",1,537000,537999.999,4142000,4142999.999
"14009",14009,537502.072,537512.477,4142928.606,4142938.494,"Silva","NEON_D07_MLBS_DP1_537000_4142000_classified_point_cloud.laz","2018_MLBS_3_537000_4142000_image.tif","Tree",1,537000,537999.999,4142000,4142999.999
"14010",14010,537519.038,537526.982,4142927.044,4142937.945,"Silva","NEON_D07_MLBS_DP1_537000_4142000_classified_point_cloud.laz","2018_MLBS_3_537000_4142000_image.tif","Tree",1,537000,537999.999,4142000,4142999.999
"14011",14011,537521.532,537532.493,4142930.034,4142941.484,"Silva","NEON_D07_MLBS_DP1_537000_4142000_classified_point_cloud.laz","2018_MLBS_3_537000_4142000_image.tif","Tree",1,537000,537999.999,4142000,4142999.999
"14012",14012,537538.012,537549.7,4142931.565,4142942.443,"Silva","NEON_D07_MLBS_DP1_537000_4142000_classified_point_cloud.laz","2018_MLBS_3_537000_4142000_image.tif","Tree",1,537000,537999.999,4142000,4142999.999
"14013",14013,537527.053,537533.496,4142908.525,4142914.48,"Silva","NEON_D07_MLBS_DP1_537000_4142000_classified_point_cloud.laz","2018_MLBS_3_537000_4142000_image.tif","Tree",1,537000,537999.999,4142000,4142999.999
"14014",14014,537532.5,537538.981,4142905.52,4142914.419,"Silva","NEON_D07_MLBS_DP1_537000_4142000_classified_point_cloud.laz","2018_MLBS_3_537000_4142000_image.tif","Tree",1,537000,537999.999,4142000,4142999.999
"14015",14015,537538.003,537544.48,4142906.509,4142911,"Silva","NEON_D07_MLBS_DP1_537000_4142000_classified_point_cloud.laz","2018_MLBS_3_537000_4142000_image.tif","Tree",1,537000,537999.999,4142000,4142999.999
"14016",14016,537516.501,537523.223,4142905.017,4142914.998,"Silva","NEON_D07_MLBS_DP1_537000_4142000_classified_point_cloud.laz","2018_MLBS_3_537000_4142000_image.tif","Tree",1,537000,537999.999,4142000,4142999.999
"14017",14017,537543.011,537550.478,4142900.52,4142907.487,"Silva","NEON_D07_MLBS_DP1_537000_4142000_classified_point_cloud.laz","2018_MLBS_3_537000_4142000_image.tif","Tree",1,537000,537999.999,4142000,4142999.999
"14018",14018,537528.003,537535.99,4142902.016,4142909.447,"Silva","NEON_D07_MLBS_DP1_537000_4142000_classified_point_cloud.laz","2018_MLBS_3_537000_4142000_image.tif","Tree",1,537000,537999.999,4142000,4142999.999
"14019",14019,537535.595,537543.499,4142901.512,4142906.99,"Silva","NEON_D07_MLBS_DP1_537000_4142000_classified_point_cloud.laz","2018_MLBS_3_537000_4142000_image.tif","Tree",1,537000,537999.999,4142000,4142999.999
"14020",14020,537618.509,537630.431,4142679.527,4142685.5,"Silva","NEON_D07_MLBS_DP1_537000_4142000_classified_point_cloud.laz","2018_MLBS_3_537000_4142000_image.tif","Tree",1,537000,537999.999,4142000,4142999.999
"14021",14021,537630.011,537637.994,4142672.658,4142685.955,"Silva","NEON_D07_MLBS_DP1_537000_4142000_classified_point_cloud.laz","2018_MLBS_3_537000_4142000_image.tif","Tree",1,537000,537999.999,4142000,4142999.999
"14022",14022,537650.005,537655.494,4142676.579,4142685.474,"Silva","NEON_D07_MLBS_DP1_537000_4142000_classified_point_cloud.laz","2018_MLBS_3_537000_4142000_image.tif","Tree",1,537000,537999.999,4142000,4142999.999
"14023",14023,537654.53,537661.966,4142680.06,4142687.965,"Silva","NEON_D07_MLBS_DP1_537000_4142000_classified_point_cloud.laz","2018_MLBS_3_537000_4142000_image.tif","Tree",1,537000,537999.999,4142000,4142999.999
"14024",14024,537634.531,537643.348,4142682.015,4142690.633,"Silva","NEON_D07_MLBS_DP1_537000_4142000_classified_point_cloud.laz","2018_MLBS_3_537000_4142000_image.tif","Tree",1,537000,537999.999,4142000,4142999.999
"14025",14025,537644.044,537651.95,4142681.516,4142686.997,"Silva","NEON_D07_MLBS_DP1_537000_4142000_classified_point_cloud.laz","2018_MLBS_3_537000_4142000_image.tif","Tree",1,537000,537999.999,4142000,4142999.999
"14026",14026,537619.504,537627.988,4142685.004,4142693.495,"Silva","NEON_D07_MLBS_DP1_537000_4142000_classified_point_cloud.laz","2018_MLBS_3_537000_4142000_image.tif","Tree",1,537000,537999.999,4142000,4142999.999
"14027",14027,537651.056,537662.487,4142685.02,4142695.892,"Silva","NEON_D07_MLBS_DP1_537000_4142000_classified_point_cloud.laz","2018_MLBS_3_537000_4142000_image.tif","Tree",1,537000,537999.999,4142000,4142999.999
"14028",14028,537627.024,537638.473,4142683.598,4142693.998,"Silva","NEON_D07_MLBS_DP1_537000_4142000_classified_point_cloud.laz","2018_MLBS_3_537000_4142000_image.tif","Tree",1,537000,537999.999,4142000,4142999.999
"14029",14029,537646.508,537652.983,4142686.52,4142695.988,"Silva","NEON_D07_MLBS_DP1_537000_4142000_classified_point_cloud.laz","2018_MLBS_3_537000_4142000_image.tif","Tree",1,537000,537999.999,4142000,4142999.999
"14030",14030,537662.594,537671.991,4142690.501,4142698.459,"Silva","NEON_D07_MLBS_DP1_537000_4142000_classified_point_cloud.laz","2018_MLBS_3_537000_4142000_image.tif","Tree",1,537000,537999.999,4142000,4142999.999
"14031",14031,537621.064,537628.995,4142693.008,4142707.974,"Silva","NEON_D07_MLBS_DP1_537000_4142000_classified_point_cloud.laz","2018_MLBS_3_537000_4142000_image.tif","Tree",1,537000,537999.999,4142000,4142999.999
"14032",14032,537628.501,537639.493,4142693.502,4142707.973,"Silva","NEON_D07_MLBS_DP1_537000_4142000_classified_point_cloud.laz","2018_MLBS_3_537000_4142000_image.tif","Tree",1,537000,537999.999,4142000,4142999.999
"14033",14033,537652.515,537664.976,4142691.552,4142706.49,"Silva","NEON_D07_MLBS_DP1_537000_4142000_classified_point_cloud.laz","2018_MLBS_3_537000_4142000_image.tif","Tree",1,537000,537999.999,4142000,4142999.999
"14034",14034,537638.003,537652.499,4142695.507,4142704.493,"Silva","NEON_D07_MLBS_DP1_537000_4142000_classified_point_cloud.laz","2018_MLBS_3_537000_4142000_image.tif","Tree",1,537000,537999.999,4142000,4142999.999
"14035",14035,537663.037,537671.494,4142697.057,4142705.476,"Silva","NEON_D07_MLBS_DP1_537000_4142000_classified_point_cloud.laz","2018_MLBS_3_537000_4142000_image.tif","Tree",1,537000,537999.999,4142000,4142999.999
"14036",14036,537613.022,537628.461,4142700.013,4142710.48,"Silva","NEON_D07_MLBS_DP1_537000_4142000_classified_point_cloud.laz","2018_MLBS_3_537000_4142000_image.tif","Tree",1,537000,537999.999,4142000,4142999.999
"14037",14037,537645.591,537651.499,4142702.037,4142710.984,"Silva","NEON_D07_MLBS_DP1_537000_4142000_classified_point_cloud.laz","2018_MLBS_3_537000_4142000_image.tif","Tree",1,537000,537999.999,4142000,4142999.999
"14038",14038,537662.536,537673.429,4142702.203,4142710,"Silva","NEON_D07_MLBS_DP1_537000_4142000_classified_point_cloud.laz","2018_MLBS_3_537000_4142000_image.tif","Tree",1,537000,537999.999,4142000,4142999.999
"14039",14039,537635.671,537648.962,4142703.507,4142711.491,"Silva","NEON_D07_MLBS_DP1_537000_4142000_classified_point_cloud.laz","2018_MLBS_3_537000_4142000_image.tif","Tree",1,537000,537999.999,4142000,4142999.999
"14040",14040,537678.002,537686.495,4142698.581,4142712.962,"Silva","NEON_D07_MLBS_DP1_537000_4142000_classified_point_cloud.laz","2018_MLBS_3_537000_4142000_image.tif","Tree",1,537000,537999.999,4142000,4142999.999
"14041",14041,537670.059,537677.99,4142704.537,4142710.464,"Silva","NEON_D07_MLBS_DP1_537000_4142000_classified_point_cloud.laz","2018_MLBS_3_537000_4142000_image.tif","Tree",1,537000,537999.999,4142000,4142999.999
"14042",14042,537650.019,537663.467,4142706.042,4142717.414,"Silva","NEON_D07_MLBS_DP1_537000_4142000_classified_point_cloud.laz","2018_MLBS_3_537000_4142000_image.tif","Tree",1,537000,537999.999,4142000,4142999.999
"14043",14043,537640.015,537651.95,4142710.506,4142722.489,"Silva","NEON_D07_MLBS_DP1_537000_4142000_classified_point_cloud.laz","2018_MLBS_3_537000_4142000_image.tif","Tree",1,537000,537999.999,4142000,4142999.999
"14044",14044,537627.006,537634.489,4142708.012,4142723.954,"Silva","NEON_D07_MLBS_DP1_537000_4142000_classified_point_cloud.laz","2018_MLBS_3_537000_4142000_image.tif","Tree",1,537000,537999.999,4142000,4142999.999
"14045",14045,537662.513,537672.995,4142710.004,4142722,"Silva","NEON_D07_MLBS_DP1_537000_4142000_classified_point_cloud.laz","2018_MLBS_3_537000_4142000_image.tif","Tree",1,537000,537999.999,4142000,4142999.999
"14046",14046,537673.002,537680.921,4142712.127,4142722.497,"Silva","NEON_D07_MLBS_DP1_537000_4142000_classified_point_cloud.laz","2018_MLBS_3_537000_4142000_image.tif","Tree",1,537000,537999.999,4142000,4142999.999
"14047",14047,537618.759,537629.385,4142715.515,4142723.982,"Silva","NEON_D07_MLBS_DP1_537000_4142000_classified_point_cloud.laz","2018_MLBS_3_537000_4142000_image.tif","Tree",1,537000,537999.999,4142000,4142999.999
"14048",14048,537619.116,537630.936,4142722.526,4142731.998,"Silva","NEON_D07_MLBS_DP1_537000_4142000_classified_point_cloud.laz","2018_MLBS_3_537000_4142000_image.tif","Tree",1,537000,537999.999,4142000,4142999.999
"14049",14049,537653.505,537661.994,4142723.027,4142731.712,"Silva","NEON_D07_MLBS_DP1_537000_4142000_classified_point_cloud.laz","2018_MLBS_3_537000_4142000_image.tif","Tree",1,537000,537999.999,4142000,4142999.999
"14050",14050,537662.01,537667.997,4142724.505,4142732.31,"Silva","NEON_D07_MLBS_DP1_537000_4142000_classified_point_cloud.laz","2018_MLBS_3_537000_4142000_image.tif","Tree",1,537000,537999.999,4142000,4142999.999
"14051",14051,537668.002,537675.894,4142722.034,4142733.903,"Silva","NEON_D07_MLBS_DP1_537000_4142000_classified_point_cloud.laz","2018_MLBS_3_537000_4142000_image.tif","Tree",1,537000,537999.999,4142000,4142999.999
"14052",14052,537634.006,537643.954,4142724.043,4142737.493,"Silva","NEON_D07_MLBS_DP1_537000_4142000_classified_point_cloud.laz","2018_MLBS_3_537000_4142000_image.tif","Tree",1,537000,537999.999,4142000,4142999.999
"14053",14053,537675.528,537684.454,4142728.004,4142734.986,"Silva","NEON_D07_MLBS_DP1_537000_4142000_classified_point_cloud.laz","2018_MLBS_3_537000_4142000_image.tif","Tree",1,537000,537999.999,4142000,4142999.999
"14054",14054,537662.012,537673.992,4142731.537,4142739.423,"Silva","NEON_D07_MLBS_DP1_537000_4142000_classified_point_cloud.laz","2018_MLBS_3_537000_4142000_image.tif","Tree",1,537000,537999.999,4142000,4142999.999
"14055",14055,537629.516,537638.981,4142735.037,4142745.46,"Silva","NEON_D07_MLBS_DP1_537000_4142000_classified_point_cloud.laz","2018_MLBS_3_537000_4142000_image.tif","Tree",1,537000,537999.999,4142000,4142999.999
"14056",14056,537624.513,537631.945,4142735.509,4142746.929,"Silva","NEON_D07_MLBS_DP1_537000_4142000_classified_point_cloud.laz","2018_MLBS_3_537000_4142000_image.tif","Tree",1,537000,537999.999,4142000,4142999.999
"14057",14057,537649.565,537658.442,4142734.564,4142741.405,"Silva","NEON_D07_MLBS_DP1_537000_4142000_classified_point_cloud.laz","2018_MLBS_3_537000_4142000_image.tif","Tree",1,537000,537999.999,4142000,4142999.999
"14058",14058,537677.586,537688.496,4142734.534,4142745.495,"Silva","NEON_D07_MLBS_DP1_537000_4142000_classified_point_cloud.laz","2018_MLBS_3_537000_4142000_image.tif","Tree",1,537000,537999.999,4142000,4142999.999
"14059",14059,537655.126,537663.482,4142737.005,4142744.455,"Silva","NEON_D07_MLBS_DP1_537000_4142000_classified_point_cloud.laz","2018_MLBS_3_537000_4142000_image.tif","Tree",1,537000,537999.999,4142000,4142999.999
"14060",14060,537670.079,537679.492,4142733.557,4142745.994,"Silva","NEON_D07_MLBS_DP1_537000_4142000_classified_point_cloud.laz","2018_MLBS_3_537000_4142000_image.tif","Tree",1,537000,537999.999,4142000,4142999.999
"14061",14061,537697.019,537707.991,4142703.005,4142714.477,"Silva","NEON_D07_MLBS_DP1_537000_4142000_classified_point_cloud.laz","2018_MLBS_3_537000_4142000_image.tif","Tree",1,537000,537999.999,4142000,4142999.999
"14062",14062,537685.001,537691.983,4142700.19,4142711.997,"Silva","NEON_D07_MLBS_DP1_537000_4142000_classified_point_cloud.laz","2018_MLBS_3_537000_4142000_image.tif","Tree",1,537000,537999.999,4142000,4142999.999
"14063",14063,537709.54,537721.485,4142701.555,4142711.461,"Silva","NEON_D07_MLBS_DP1_537000_4142000_classified_point_cloud.laz","2018_MLBS_3_537000_4142000_image.tif","Tree",1,537000,537999.999,4142000,4142999.999
"14064",14064,537686.007,537695.95,4142697.501,4142710.979,"Silva","NEON_D07_MLBS_DP1_537000_4142000_classified_point_cloud.laz","2018_MLBS_3_537000_4142000_image.tif","Tree",1,537000,537999.999,4142000,4142999.999
"14065",14065,537692.508,537706.989,4142696.506,4142704.99,"Silva","NEON_D07_MLBS_DP1_537000_4142000_classified_point_cloud.laz","2018_MLBS_3_537000_4142000_image.tif","Tree",1,537000,537999.999,4142000,4142999.999
"14066",14066,537705.519,537714.993,4142690.036,4142699.498,"Silva","NEON_D07_MLBS_DP1_537000_4142000_classified_point_cloud.laz","2018_MLBS_3_537000_4142000_image.tif","Tree",1,537000,537999.999,4142000,4142999.999
"14067",14067,537727.057,537739.465,4142704.583,4142713.994,"Silva","NEON_D07_MLBS_DP1_537000_4142000_classified_point_cloud.laz","2018_MLBS_3_537000_4142000_image.tif","Tree",1,537000,537999.999,4142000,4142999.999
"14068",14068,537718.535,537726.999,4142702.383,4142712.984,"Silva","NEON_D07_MLBS_DP1_537000_4142000_classified_point_cloud.laz","2018_MLBS_3_537000_4142000_image.tif","Tree",1,537000,537999.999,4142000,4142999.999
"14069",14069,537721.525,537735.989,4142699.006,4142707.92,"Silva","NEON_D07_MLBS_DP1_537000_4142000_classified_point_cloud.laz","2018_MLBS_3_537000_4142000_image.tif","Tree",1,537000,537999.999,4142000,4142999.999
"14070",14070,537743,537752.998,4142694.525,4142701.976,"Silva","NEON_D07_MLBS_DP1_537000_4142000_classified_point_cloud.laz","2018_MLBS_3_537000_4142000_image.tif","Tree",1,537000,537999.999,4142000,4142999.999
"14071",14071,537733.02,537742.948,4142692.556,4142705.44,"Silva","NEON_D07_MLBS_DP1_537000_4142000_classified_point_cloud.laz","2018_MLBS_3_537000_4142000_image.tif","Tree",1,537000,537999.999,4142000,4142999.999
"14072",14072,537723.032,537732.489,4142687.008,4142698.998,"Silva","NEON_D07_MLBS_DP1_537000_4142000_classified_point_cloud.laz","2018_MLBS_3_537000_4142000_image.tif","Tree",1,537000,537999.999,4142000,4142999.999
"14073",14073,537714.015,537723.486,4142687.101,4142700.433,"Silva","NEON_D07_MLBS_DP1_537000_4142000_classified_point_cloud.laz","2018_MLBS_3_537000_4142000_image.tif","Tree",1,537000,537999.999,4142000,4142999.999
"14074",14074,537717.5,537731.425,4142675.004,4142691.475,"Silva","NEON_D07_MLBS_DP1_537000_4142000_classified_point_cloud.laz","2018_MLBS_3_537000_4142000_image.tif","Tree",1,537000,537999.999,4142000,4142999.999
"14075",14075,537731.524,537743.997,4142678.248,4142690.475,"Silva","NEON_D07_MLBS_DP1_537000_4142000_classified_point_cloud.laz","2018_MLBS_3_537000_4142000_image.tif","Tree",1,537000,537999.999,4142000,4142999.999
"14076",14076,537741.522,537752.499,4142675.161,4142687.454,"Silva","NEON_D07_MLBS_DP1_537000_4142000_classified_point_cloud.laz","2018_MLBS_3_537000_4142000_image.tif","Tree",1,537000,537999.999,4142000,4142999.999
"14077",14077,537704.092,537712.377,4142737.563,4142742.489,"Silva","NEON_D07_MLBS_DP1_537000_4142000_classified_point_cloud.laz","2018_MLBS_3_537000_4142000_image.tif","Tree",1,537000,537999.999,4142000,4142999.999
"14078",14078,537709.509,537716.983,4142731.717,4142741.477,"Silva","NEON_D07_MLBS_DP1_537000_4142000_classified_point_cloud.laz","2018_MLBS_3_537000_4142000_image.tif","Tree",1,537000,537999.999,4142000,4142999.999
"14079",14079,537702.007,537709.971,4142730.53,4142739.986,"Silva","NEON_D07_MLBS_DP1_537000_4142000_classified_point_cloud.laz","2018_MLBS_3_537000_4142000_image.tif","Tree",1,537000,537999.999,4142000,4142999.999
"14080",14080,537710.079,537719.982,4142727.6,4142736.914,"Silva","NEON_D07_MLBS_DP1_537000_4142000_classified_point_cloud.laz","2018_MLBS_3_537000_4142000_image.tif","Tree",1,537000,537999.999,4142000,4142999.999
"14081",14081,537683.501,537692.411,4142727.03,4142736.985,"Silva","NEON_D07_MLBS_DP1_537000_4142000_classified_point_cloud.laz","2018_MLBS_3_537000_4142000_image.tif","Tree",1,537000,537999.999,4142000,4142999.999
"14082",14082,537703.025,537712.97,4142721.045,4142730.491,"Silva","NEON_D07_MLBS_DP1_537000_4142000_classified_point_cloud.laz","2018_MLBS_3_537000_4142000_image.tif","Tree",1,537000,537999.999,4142000,4142999.999
"14083",14083,537688.52,537699.489,4142717.015,4142724.994,"Silva","NEON_D07_MLBS_DP1_537000_4142000_classified_point_cloud.laz","2018_MLBS_3_537000_4142000_image.tif","Tree",1,537000,537999.999,4142000,4142999.999
"14084",14084,537711.035,537719.383,4142712.707,4142721.463,"Silva","NEON_D07_MLBS_DP1_537000_4142000_classified_point_cloud.laz","2018_MLBS_3_537000_4142000_image.tif","Tree",1,537000,537999.999,4142000,4142999.999
"14085",14085,537678.574,537688.985,4142713.115,4142722.5,"Silva","NEON_D07_MLBS_DP1_537000_4142000_classified_point_cloud.laz","2018_MLBS_3_537000_4142000_image.tif","Tree",1,537000,537999.999,4142000,4142999.999
"14086",14086,537689.007,537699.498,4142711.207,4142720.374,"Silva","NEON_D07_MLBS_DP1_537000_4142000_classified_point_cloud.laz","2018_MLBS_3_537000_4142000_image.tif","Tree",1,537000,537999.999,4142000,4142999.999
"14087",14087,537682.049,537689.497,4142711.013,4142719.459,"Silva","NEON_D07_MLBS_DP1_537000_4142000_classified_point_cloud.laz","2018_MLBS_3_537000_4142000_image.tif","Tree",1,537000,537999.999,4142000,4142999.999
"14088",14088,537688.059,537695.387,4142710.501,4142716.972,"Silva","NEON_D07_MLBS_DP1_537000_4142000_classified_point_cloud.laz","2018_MLBS_3_537000_4142000_image.tif","Tree",1,537000,537999.999,4142000,4142999.999
"14089",14089,537706.553,537716.491,4142705.048,4142714.981,"Silva","NEON_D07_MLBS_DP1_537000_4142000_classified_point_cloud.laz","2018_MLBS_3_537000_4142000_image.tif","Tree",1,537000,537999.999,4142000,4142999.999
"14090",14090,537717.03,537726.999,4142740.046,4142747.966,"Silva","NEON_D07_MLBS_DP1_537000_4142000_classified_point_cloud.laz","2018_MLBS_3_537000_4142000_image.tif","Tree",1,537000,537999.999,4142000,4142999.999
"14091",14091,537739.514,537750.446,4142732.507,4142741.493,"Silva","NEON_D07_MLBS_DP1_537000_4142000_classified_point_cloud.laz","2018_MLBS_3_537000_4142000_image.tif","Tree",1,537000,537999.999,4142000,4142999.999
"14092",14092,537730.033,537738.919,4142733.569,4142742.488,"Silva","NEON_D07_MLBS_DP1_537000_4142000_classified_point_cloud.laz","2018_MLBS_3_537000_4142000_image.tif","Tree",1,537000,537999.999,4142000,4142999.999
"14093",14093,537735.525,537743.925,4142731.04,4142738.94,"Silva","NEON_D07_MLBS_DP1_537000_4142000_classified_point_cloud.laz","2018_MLBS_3_537000_4142000_image.tif","Tree",1,537000,537999.999,4142000,4142999.999
"14094",14094,537720.003,537726.337,4142725.531,4142735.895,"Silva","NEON_D07_MLBS_DP1_537000_4142000_classified_point_cloud.laz","2018_MLBS_3_537000_4142000_image.tif","Tree",1,537000,537999.999,4142000,4142999.999
"14095",14095,537737.504,537748.703,4142726.611,4142733.476,"Silva","NEON_D07_MLBS_DP1_537000_4142000_classified_point_cloud.laz","2018_MLBS_3_537000_4142000_image.tif","Tree",1,537000,537999.999,4142000,4142999.999
"14096",14096,537712.54,537723.499,4142725.005,4142731.395,"Silva","NEON_D07_MLBS_DP1_537000_4142000_classified_point_cloud.laz","2018_MLBS_3_537000_4142000_image.tif","Tree",1,537000,537999.999,4142000,4142999.999
"14097",14097,537737.008,537743.498,4142721.516,4142727.481,"Silva","NEON_D07_MLBS_DP1_537000_4142000_classified_point_cloud.laz","2018_MLBS_3_537000_4142000_image.tif","Tree",1,537000,537999.999,4142000,4142999.999
"14098",14098,537742.08,537748.969,4142718.505,4142727.99,"Silva","NEON_D07_MLBS_DP1_537000_4142000_classified_point_cloud.laz","2018_MLBS_3_537000_4142000_image.tif","Tree",1,537000,537999.999,4142000,4142999.999
"14099",14099,537712.501,537723.491,4142718.003,4142725.499,"Silva","NEON_D07_MLBS_DP1_537000_4142000_classified_point_cloud.laz","2018_MLBS_3_537000_4142000_image.tif","Tree",1,537000,537999.999,4142000,4142999.999
"14100",14100,537722.5,537733.985,4142716.007,4142725.496,"Silva","NEON_D07_MLBS_DP1_537000_4142000_classified_point_cloud.laz","2018_MLBS_3_537000_4142000_image.tif","Tree",1,537000,537999.999,4142000,4142999.999
"14101",14101,537733.545,537744.488,4142712.508,4142721.989,"Silva","NEON_D07_MLBS_DP1_537000_4142000_classified_point_cloud.laz","2018_MLBS_3_537000_4142000_image.tif","Tree",1,537000,537999.999,4142000,4142999.999
"14102",14102,537738.012,537750.476,4142708.502,4142718.997,"Silva","NEON_D07_MLBS_DP1_537000_4142000_classified_point_cloud.laz","2018_MLBS_3_537000_4142000_image.tif","Tree",1,537000,537999.999,4142000,4142999.999
"14103",14103,537725.509,537735.976,4142709.566,4142717.748,"Silva","NEON_D07_MLBS_DP1_537000_4142000_classified_point_cloud.laz","2018_MLBS_3_537000_4142000_image.tif","Tree",1,537000,537999.999,4142000,4142999.999
"14104",14104,537716.509,537725.499,4142710.084,4142718.992,"Silva","NEON_D07_MLBS_DP1_537000_4142000_classified_point_cloud.laz","2018_MLBS_3_537000_4142000_image.tif","Tree",1,537000,537999.999,4142000,4142999.999
"14105",14105,537614.002,537625.975,4142739.032,4142751.908,"Silva","NEON_D07_MLBS_DP1_537000_4142000_classified_point_cloud.laz","2018_MLBS_3_537000_4142000_image.tif","Tree",1,537000,537999.999,4142000,4142999.999
"14106",14106,537644.168,537650.995,4142740.566,4142749.483,"Silva","NEON_D07_MLBS_DP1_537000_4142000_classified_point_cloud.laz","2018_MLBS_3_537000_4142000_image.tif","Tree",1,537000,537999.999,4142000,4142999.999
"14107",14107,537650.572,537656.497,4142743.738,4142749.976,"Silva","NEON_D07_MLBS_DP1_537000_4142000_classified_point_cloud.laz","2018_MLBS_3_537000_4142000_image.tif","Tree",1,537000,537999.999,4142000,4142999.999
"14108",14108,537656.111,537665.967,4142743.003,4142755.963,"Silva","NEON_D07_MLBS_DP1_537000_4142000_classified_point_cloud.laz","2018_MLBS_3_537000_4142000_image.tif","Tree",1,537000,537999.999,4142000,4142999.999
"14109",14109,537635.522,537644.469,4142745.277,4142756.031,"Silva","NEON_D07_MLBS_DP1_537000_4142000_classified_point_cloud.laz","2018_MLBS_3_537000_4142000_image.tif","Tree",1,537000,537999.999,4142000,4142999.999
"14110",14110,537648.503,537659.996,4142748.019,4142756.438,"Silva","NEON_D07_MLBS_DP1_537000_4142000_classified_point_cloud.laz","2018_MLBS_3_537000_4142000_image.tif","Tree",1,537000,537999.999,4142000,4142999.999
"14111",14111,537655.066,537664.955,4142800.517,4142806.896,"Silva","NEON_D07_MLBS_DP1_537000_4142000_classified_point_cloud.laz","2018_MLBS_3_537000_4142000_image.tif","Tree",1,537000,537999.999,4142000,4142999.999
"14112",14112,537619.583,537627.479,4142799.596,4142809.979,"Silva","NEON_D07_MLBS_DP1_537000_4142000_classified_point_cloud.laz","2018_MLBS_3_537000_4142000_image.tif","Tree",1,537000,537999.999,4142000,4142999.999
"14113",14113,537649.204,537655.989,4142796.101,4142804.473,"Silva","NEON_D07_MLBS_DP1_537000_4142000_classified_point_cloud.laz","2018_MLBS_3_537000_4142000_image.tif","Tree",1,537000,537999.999,4142000,4142999.999
"14114",14114,537673.504,537681.46,4142792.557,4142801.96,"Silva","NEON_D07_MLBS_DP1_537000_4142000_classified_point_cloud.laz","2018_MLBS_3_537000_4142000_image.tif","Tree",1,537000,537999.999,4142000,4142999.999
"14115",14115,537627.535,537639.99,4142797.008,4142802.448,"Silva","NEON_D07_MLBS_DP1_537000_4142000_classified_point_cloud.laz","2018_MLBS_3_537000_4142000_image.tif","Tree",1,537000,537999.999,4142000,4142999.999
"14116",14116,537641.137,537649.448,4142796.501,4142802.496,"Silva","NEON_D07_MLBS_DP1_537000_4142000_classified_point_cloud.laz","2018_MLBS_3_537000_4142000_image.tif","Tree",1,537000,537999.999,4142000,4142999.999
"14117",14117,537645.974,537651.492,4142791.62,4142797.945,"Silva","NEON_D07_MLBS_DP1_537000_4142000_classified_point_cloud.laz","2018_MLBS_3_537000_4142000_image.tif","Tree",1,537000,537999.999,4142000,4142999.999
"14118",14118,537675.085,537684.403,4142789.018,4142796.397,"Silva","NEON_D07_MLBS_DP1_537000_4142000_classified_point_cloud.laz","2018_MLBS_3_537000_4142000_image.tif","Tree",1,537000,537999.999,4142000,4142999.999
"14119",14119,537653.523,537658.943,4142790.599,4142797.231,"Silva","NEON_D07_MLBS_DP1_537000_4142000_classified_point_cloud.laz","2018_MLBS_3_537000_4142000_image.tif","Tree",1,537000,537999.999,4142000,4142999.999
"14120",14120,537678.063,537682.889,4142785.073,4142790.317,"Silva","NEON_D07_MLBS_DP1_537000_4142000_classified_point_cloud.laz","2018_MLBS_3_537000_4142000_image.tif","Tree",1,537000,537999.999,4142000,4142999.999
"14121",14121,537673.513,537679.99,4142780.006,4142789.976,"Silva","NEON_D07_MLBS_DP1_537000_4142000_classified_point_cloud.laz","2018_MLBS_3_537000_4142000_image.tif","Tree",1,537000,537999.999,4142000,4142999.999
"14122",14122,537625.515,537633.959,4142784.038,4142794.997,"Silva","NEON_D07_MLBS_DP1_537000_4142000_classified_point_cloud.laz","2018_MLBS_3_537000_4142000_image.tif","Tree",1,537000,537999.999,4142000,4142999.999
"14123",14123,537678.529,537686.958,4142777.553,4142786,"Silva","NEON_D07_MLBS_DP1_537000_4142000_classified_point_cloud.laz","2018_MLBS_3_537000_4142000_image.tif","Tree",1,537000,537999.999,4142000,4142999.999
"14124",14124,537654.062,537663.988,4142782.523,4142787.697,"Silva","NEON_D07_MLBS_DP1_537000_4142000_classified_point_cloud.laz","2018_MLBS_3_537000_4142000_image.tif","Tree",1,537000,537999.999,4142000,4142999.999
"14125",14125,537663.569,537674.986,4142775.525,4142787.346,"Silva","NEON_D07_MLBS_DP1_537000_4142000_classified_point_cloud.laz","2018_MLBS_3_537000_4142000_image.tif","Tree",1,537000,537999.999,4142000,4142999.999
"14126",14126,537644.519,537652.984,4142773.514,4142785.984,"Silva","NEON_D07_MLBS_DP1_537000_4142000_classified_point_cloud.laz","2018_MLBS_3_537000_4142000_image.tif","Tree",1,537000,537999.999,4142000,4142999.999
"14127",14127,537656.043,537668.881,4142772.017,4142780.959,"Silva","NEON_D07_MLBS_DP1_537000_4142000_classified_point_cloud.laz","2018_MLBS_3_537000_4142000_image.tif","Tree",1,537000,537999.999,4142000,4142999.999
"14128",14128,537679.005,537685.968,4142765.083,4142773.491,"Silva","NEON_D07_MLBS_DP1_537000_4142000_classified_point_cloud.laz","2018_MLBS_3_537000_4142000_image.tif","Tree",1,537000,537999.999,4142000,4142999.999
"14129",14129,537672.004,537678.994,4142763.502,4142772.966,"Silva","NEON_D07_MLBS_DP1_537000_4142000_classified_point_cloud.laz","2018_MLBS_3_537000_4142000_image.tif","Tree",1,537000,537999.999,4142000,4142999.999
"14130",14130,537657.017,537665.998,4142761.533,4142772.495,"Silva","NEON_D07_MLBS_DP1_537000_4142000_classified_point_cloud.laz","2018_MLBS_3_537000_4142000_image.tif","Tree",1,537000,537999.999,4142000,4142999.999
"14131",14131,537677.041,537684.472,4142760.077,4142767.876,"Silva","NEON_D07_MLBS_DP1_537000_4142000_classified_point_cloud.laz","2018_MLBS_3_537000_4142000_image.tif","Tree",1,537000,537999.999,4142000,4142999.999
"14132",14132,537649.095,537658.992,4142759.188,4142773.479,"Silva","NEON_D07_MLBS_DP1_537000_4142000_classified_point_cloud.laz","2018_MLBS_3_537000_4142000_image.tif","Tree",1,537000,537999.999,4142000,4142999.999
"14133",14133,537658.554,537669.445,4142756.571,4142766.977,"Silva","NEON_D07_MLBS_DP1_537000_4142000_classified_point_cloud.laz","2018_MLBS_3_537000_4142000_image.tif","Tree",1,537000,537999.999,4142000,4142999.999
"14134",14134,537636.554,537646.98,4142759.084,4142769.405,"Silva","NEON_D07_MLBS_DP1_537000_4142000_classified_point_cloud.laz","2018_MLBS_3_537000_4142000_image.tif","Tree",1,537000,537999.999,4142000,4142999.999
"14135",14135,537614.516,537625.487,4142760.027,4142773.426,"Silva","NEON_D07_MLBS_DP1_537000_4142000_classified_point_cloud.laz","2018_MLBS_3_537000_4142000_image.tif","Tree",1,537000,537999.999,4142000,4142999.999
"14136",14136,537660.019,537673.497,4142752.028,4142763.964,"Silva","NEON_D07_MLBS_DP1_537000_4142000_classified_point_cloud.laz","2018_MLBS_3_537000_4142000_image.tif","Tree",1,537000,537999.999,4142000,4142999.999
"14137",14137,537644.019,537659.498,4142754.013,4142761.999,"Silva","NEON_D07_MLBS_DP1_537000_4142000_classified_point_cloud.laz","2018_MLBS_3_537000_4142000_image.tif","Tree",1,537000,537999.999,4142000,4142999.999
"14138",14138,537676.531,537688.425,4142745.557,4142755.968,"Silva","NEON_D07_MLBS_DP1_537000_4142000_classified_point_cloud.laz","2018_MLBS_3_537000_4142000_image.tif","Tree",1,537000,537999.999,4142000,4142999.999
"14139",14139,537688.022,537696.896,4142738.884,4142749.926,"Silva","NEON_D07_MLBS_DP1_537000_4142000_classified_point_cloud.laz","2018_MLBS_3_537000_4142000_image.tif","Tree",1,537000,537999.999,4142000,4142999.999
"14140",14140,537702.071,537707.959,4142739.518,4142747.989,"Silva","NEON_D07_MLBS_DP1_537000_4142000_classified_point_cloud.laz","2018_MLBS_3_537000_4142000_image.tif","Tree",1,537000,537999.999,4142000,4142999.999
"14141",14141,537707.517,537715.963,4142741.019,4142748.458,"Silva","NEON_D07_MLBS_DP1_537000_4142000_classified_point_cloud.laz","2018_MLBS_3_537000_4142000_image.tif","Tree",1,537000,537999.999,4142000,4142999.999
"14142",14142,537689.054,537699.988,4142802.515,4142812.998,"Silva","NEON_D07_MLBS_DP1_537000_4142000_classified_point_cloud.laz","2018_MLBS_3_537000_4142000_image.tif","Tree",1,537000,537999.999,4142000,4142999.999
"14143",14143,537724.531,537733.918,4142797.001,4142806.986,"Silva","NEON_D07_MLBS_DP1_537000_4142000_classified_point_cloud.laz","2018_MLBS_3_537000_4142000_image.tif","Tree",1,537000,537999.999,4142000,4142999.999
"14144",14144,537714.512,537725.488,4142795.537,4142803.882,"Silva","NEON_D07_MLBS_DP1_537000_4142000_classified_point_cloud.laz","2018_MLBS_3_537000_4142000_image.tif","Tree",1,537000,537999.999,4142000,4142999.999
"14145",14145,537727.578,537737.432,4142793.065,4142800.471,"Silva","NEON_D07_MLBS_DP1_537000_4142000_classified_point_cloud.laz","2018_MLBS_3_537000_4142000_image.tif","Tree",1,537000,537999.999,4142000,4142999.999
"14146",14146,537680.598,537690.461,4142794.053,4142803.313,"Silva","NEON_D07_MLBS_DP1_537000_4142000_classified_point_cloud.laz","2018_MLBS_3_537000_4142000_image.tif","Tree",1,537000,537999.999,4142000,4142999.999
"14147",14147,537692.059,537700.988,4142794.57,4142802.374,"Silva","NEON_D07_MLBS_DP1_537000_4142000_classified_point_cloud.laz","2018_MLBS_3_537000_4142000_image.tif","Tree",1,537000,537999.999,4142000,4142999.999
"14148",14148,537730.003,537738.396,4142785.503,4142795.5,"Silva","NEON_D07_MLBS_DP1_537000_4142000_classified_point_cloud.laz","2018_MLBS_3_537000_4142000_image.tif","Tree",1,537000,537999.999,4142000,4142999.999
"14149",14149,537723.032,537729.998,4142787.197,4142797.497,"Silva","NEON_D07_MLBS_DP1_537000_4142000_classified_point_cloud.laz","2018_MLBS_3_537000_4142000_image.tif","Tree",1,537000,537999.999,4142000,4142999.999
"14150",14150,537686.605,537693.955,4142788.515,4142798.49,"Silva","NEON_D07_MLBS_DP1_537000_4142000_classified_point_cloud.laz","2018_MLBS_3_537000_4142000_image.tif","Tree",1,537000,537999.999,4142000,4142999.999
"14151",14151,537691.569,537697.992,4142786.52,4142795.897,"Silva","NEON_D07_MLBS_DP1_537000_4142000_classified_point_cloud.laz","2018_MLBS_3_537000_4142000_image.tif","Tree",1,537000,537999.999,4142000,4142999.999
"14152",14152,537682.508,537689.985,4142787.521,4142794.487,"Silva","NEON_D07_MLBS_DP1_537000_4142000_classified_point_cloud.laz","2018_MLBS_3_537000_4142000_image.tif","Tree",1,537000,537999.999,4142000,4142999.999
"14153",14153,537740.572,537747.446,4142777.51,4142784.5,"Silva","NEON_D07_MLBS_DP1_537000_4142000_classified_point_cloud.laz","2018_MLBS_3_537000_4142000_image.tif","Tree",1,537000,537999.999,4142000,4142999.999
"14154",14154,537717.005,537726.893,4142774.553,4142785.488,"Silva","NEON_D07_MLBS_DP1_537000_4142000_classified_point_cloud.laz","2018_MLBS_3_537000_4142000_image.tif","Tree",1,537000,537999.999,4142000,4142999.999
"14155",14155,537686.505,537696.413,4142781.002,4142789,"Silva","NEON_D07_MLBS_DP1_537000_4142000_classified_point_cloud.laz","2018_MLBS_3_537000_4142000_image.tif","Tree",1,537000,537999.999,4142000,4142999.999
"14156",14156,537692.015,537696.99,4142776.632,4142785,"Silva","NEON_D07_MLBS_DP1_537000_4142000_classified_point_cloud.laz","2018_MLBS_3_537000_4142000_image.tif","Tree",1,537000,537999.999,4142000,4142999.999
"14157",14157,537721,537730.969,4142764.551,4142776.491,"Silva","NEON_D07_MLBS_DP1_537000_4142000_classified_point_cloud.laz","2018_MLBS_3_537000_4142000_image.tif","Tree",1,537000,537999.999,4142000,4142999.999
"14158",14158,537732.612,537740.351,4142764.507,4142769.819,"Silva","NEON_D07_MLBS_DP1_537000_4142000_classified_point_cloud.laz","2018_MLBS_3_537000_4142000_image.tif","Tree",1,537000,537999.999,4142000,4142999.999
"14159",14159,537728.504,537737.976,4142759.031,4142767.96,"Silva","NEON_D07_MLBS_DP1_537000_4142000_classified_point_cloud.laz","2018_MLBS_3_537000_4142000_image.tif","Tree",1,537000,537999.999,4142000,4142999.999
"14160",14160,537742,537749.363,4142756.519,4142769.491,"Silva","NEON_D07_MLBS_DP1_537000_4142000_classified_point_cloud.laz","2018_MLBS_3_537000_4142000_image.tif","Tree",1,537000,537999.999,4142000,4142999.999
"14161",14161,537719.001,537728.412,4142760.021,4142770.489,"Silva","NEON_D07_MLBS_DP1_537000_4142000_classified_point_cloud.laz","2018_MLBS_3_537000_4142000_image.tif","Tree",1,537000,537999.999,4142000,4142999.999
"14162",14162,537737.048,537742.963,4142759.504,4142767.485,"Silva","NEON_D07_MLBS_DP1_537000_4142000_classified_point_cloud.laz","2018_MLBS_3_537000_4142000_image.tif","Tree",1,537000,537999.999,4142000,4142999.999
"14163",14163,537694.168,537704.872,4142758.523,4142770.946,"Silva","NEON_D07_MLBS_DP1_537000_4142000_classified_point_cloud.laz","2018_MLBS_3_537000_4142000_image.tif","Tree",1,537000,537999.999,4142000,4142999.999
"14164",14164,537724.05,537734.498,4142754.007,4142763.488,"Silva","NEON_D07_MLBS_DP1_537000_4142000_classified_point_cloud.laz","2018_MLBS_3_537000_4142000_image.tif","Tree",1,537000,537999.999,4142000,4142999.999
"14165",14165,537734.01,537747.498,4142750.024,4142760.491,"Silva","NEON_D07_MLBS_DP1_537000_4142000_classified_point_cloud.laz","2018_MLBS_3_537000_4142000_image.tif","Tree",1,537000,537999.999,4142000,4142999.999
"14166",14166,537714.6,537723.962,4142755.521,4142761.075,"Silva","NEON_D07_MLBS_DP1_537000_4142000_classified_point_cloud.laz","2018_MLBS_3_537000_4142000_image.tif","Tree",1,537000,537999.999,4142000,4142999.999
"14167",14167,537700.507,537709.948,4142755.027,4142764.482,"Silva","NEON_D07_MLBS_DP1_537000_4142000_classified_point_cloud.laz","2018_MLBS_3_537000_4142000_image.tif","Tree",1,537000,537999.999,4142000,4142999.999
"14168",14168,537707.603,537714.983,4142751.84,4142761.491,"Silva","NEON_D07_MLBS_DP1_537000_4142000_classified_point_cloud.laz","2018_MLBS_3_537000_4142000_image.tif","Tree",1,537000,537999.999,4142000,4142999.999
"14169",14169,537685.515,537695.499,4142750.016,4142761.417,"Silva","NEON_D07_MLBS_DP1_537000_4142000_classified_point_cloud.laz","2018_MLBS_3_537000_4142000_image.tif","Tree",1,537000,537999.999,4142000,4142999.999
"14170",14170,537724.007,537734.926,4142747.517,4142753.995,"Silva","NEON_D07_MLBS_DP1_537000_4142000_classified_point_cloud.laz","2018_MLBS_3_537000_4142000_image.tif","Tree",1,537000,537999.999,4142000,4142999.999
"14171",14171,537692.511,537700.976,4142748.019,4142758.985,"Silva","NEON_D07_MLBS_DP1_537000_4142000_classified_point_cloud.laz","2018_MLBS_3_537000_4142000_image.tif","Tree",1,537000,537999.999,4142000,4142999.999
"14172",14172,537699.511,537705.487,4142749.005,4142757.498,"Silva","NEON_D07_MLBS_DP1_537000_4142000_classified_point_cloud.laz","2018_MLBS_3_537000_4142000_image.tif","Tree",1,537000,537999.999,4142000,4142999.999
"14173",14173,537703.037,537710.457,4142748.002,4142754.911,"Silva","NEON_D07_MLBS_DP1_537000_4142000_classified_point_cloud.laz","2018_MLBS_3_537000_4142000_image.tif","Tree",1,537000,537999.999,4142000,4142999.999
"14174",14174,537709.516,537719.48,4142742.515,4142751.999,"Silva","NEON_D07_MLBS_DP1_537000_4142000_classified_point_cloud.laz","2018_MLBS_3_537000_4142000_image.tif","Tree",1,537000,537999.999,4142000,4142999.999
"14175",14175,537736.512,537743.955,4142804.014,4142811.983,"Silva","NEON_D07_MLBS_DP1_537000_4142000_classified_point_cloud.laz","2018_MLBS_3_537000_4142000_image.tif","Tree",1,537000,537999.999,4142000,4142999.999
"14176",14176,537738.562,537749.979,4142789.587,4142797.42,"Silva","NEON_D07_MLBS_DP1_537000_4142000_classified_point_cloud.laz","2018_MLBS_3_537000_4142000_image.tif","Tree",1,537000,537999.999,4142000,4142999.999
"14177",14177,537746.571,537750.807,4142774.67,4142779.997,"Silva","NEON_D07_MLBS_DP1_537000_4142000_classified_point_cloud.laz","2018_MLBS_3_537000_4142000_image.tif","Tree",1,537000,537999.999,4142000,4142999.999
"14178",14178,537790.036,537795.474,4142677.025,4142683.899,"Silva","NEON_D07_MLBS_DP1_537000_4142000_classified_point_cloud.laz","2018_MLBS_3_537000_4142000_image.tif","Tree",1,537000,537999.999,4142000,4142999.999
"14179",14179,537783.031,537791.964,4142679.169,4142687.291,"Silva","NEON_D07_MLBS_DP1_537000_4142000_classified_point_cloud.laz","2018_MLBS_3_537000_4142000_image.tif","Tree",1,537000,537999.999,4142000,4142999.999
"14180",14180,537806.542,537816.979,4142679.006,4142688.489,"Silva","NEON_D07_MLBS_DP1_537000_4142000_classified_point_cloud.laz","2018_MLBS_3_537000_4142000_image.tif","Tree",1,537000,537999.999,4142000,4142999.999
"14181",14181,537762.007,537773.985,4142679.096,4142689.5,"Silva","NEON_D07_MLBS_DP1_537000_4142000_classified_point_cloud.laz","2018_MLBS_3_537000_4142000_image.tif","Tree",1,537000,537999.999,4142000,4142999.999
"14182",14182,537793.025,537799.974,4142678.623,4142685.493,"Silva","NEON_D07_MLBS_DP1_537000_4142000_classified_point_cloud.laz","2018_MLBS_3_537000_4142000_image.tif","Tree",1,537000,537999.999,4142000,4142999.999
"14183",14183,537788.056,537795.499,4142684.02,4142695.49,"Silva","NEON_D07_MLBS_DP1_537000_4142000_classified_point_cloud.laz","2018_MLBS_3_537000_4142000_image.tif","Tree",1,537000,537999.999,4142000,4142999.999
"14184",14184,537768.02,537780.487,4142682.542,4142693.998,"Silva","NEON_D07_MLBS_DP1_537000_4142000_classified_point_cloud.laz","2018_MLBS_3_537000_4142000_image.tif","Tree",1,537000,537999.999,4142000,4142999.999
"14185",14185,537795.021,537800.479,4142685.048,4142695.463,"Silva","NEON_D07_MLBS_DP1_537000_4142000_classified_point_cloud.laz","2018_MLBS_3_537000_4142000_image.tif","Tree",1,537000,537999.999,4142000,4142999.999
"14186",14186,537754.03,537763.428,4142689.519,4142696.496,"Silva","NEON_D07_MLBS_DP1_537000_4142000_classified_point_cloud.laz","2018_MLBS_3_537000_4142000_image.tif","Tree",1,537000,537999.999,4142000,4142999.999
"14187",14187,537768.5,537777.985,4142689.72,4142697.437,"Silva","NEON_D07_MLBS_DP1_537000_4142000_classified_point_cloud.laz","2018_MLBS_3_537000_4142000_image.tif","Tree",1,537000,537999.999,4142000,4142999.999
"14188",14188,537778.001,537783.975,4142685.023,4142694.855,"Silva","NEON_D07_MLBS_DP1_537000_4142000_classified_point_cloud.laz","2018_MLBS_3_537000_4142000_image.tif","Tree",1,537000,537999.999,4142000,4142999.999
"14189",14189,537795.727,537809.978,4142687.524,4142698.948,"Silva","NEON_D07_MLBS_DP1_537000_4142000_classified_point_cloud.laz","2018_MLBS_3_537000_4142000_image.tif","Tree",1,537000,537999.999,4142000,4142999.999
"14190",14190,537782.03,537791.8,4142686.519,4142698.411,"Silva","NEON_D07_MLBS_DP1_537000_4142000_classified_point_cloud.laz","2018_MLBS_3_537000_4142000_image.tif","Tree",1,537000,537999.999,4142000,4142999.999
"14191",14191,537774.641,537782.955,4142694.529,4142700.281,"Silva","NEON_D07_MLBS_DP1_537000_4142000_classified_point_cloud.laz","2018_MLBS_3_537000_4142000_image.tif","Tree",1,537000,537999.999,4142000,4142999.999
"14192",14192,537802.004,537815.957,4142690.548,4142705.998,"Silva","NEON_D07_MLBS_DP1_537000_4142000_classified_point_cloud.laz","2018_MLBS_3_537000_4142000_image.tif","Tree",1,537000,537999.999,4142000,4142999.999
"14193",14193,537752.516,537760.995,4142700.038,4142708.349,"Silva","NEON_D07_MLBS_DP1_537000_4142000_classified_point_cloud.laz","2018_MLBS_3_537000_4142000_image.tif","Tree",1,537000,537999.999,4142000,4142999.999
"14194",14194,537768.51,537777.992,4142696.205,4142705.494,"Silva","NEON_D07_MLBS_DP1_537000_4142000_classified_point_cloud.laz","2018_MLBS_3_537000_4142000_image.tif","Tree",1,537000,537999.999,4142000,4142999.999
"14195",14195,537778.071,537784.976,4142698.011,4142704.493,"Silva","NEON_D07_MLBS_DP1_537000_4142000_classified_point_cloud.laz","2018_MLBS_3_537000_4142000_image.tif","Tree",1,537000,537999.999,4142000,4142999.999
"14196",14196,537760.501,537768.996,4142696.191,4142708.993,"Silva","NEON_D07_MLBS_DP1_537000_4142000_classified_point_cloud.laz","2018_MLBS_3_537000_4142000_image.tif","Tree",1,537000,537999.999,4142000,4142999.999
"14197",14197,537784.004,537789.499,4142697.506,4142707.421,"Silva","NEON_D07_MLBS_DP1_537000_4142000_classified_point_cloud.laz","2018_MLBS_3_537000_4142000_image.tif","Tree",1,537000,537999.999,4142000,4142999.999
"14198",14198,537789.024,537796.444,4142695.501,4142707.493,"Silva","NEON_D07_MLBS_DP1_537000_4142000_classified_point_cloud.laz","2018_MLBS_3_537000_4142000_image.tif","Tree",1,537000,537999.999,4142000,4142999.999
"14199",14199,537748.05,537757.971,4142701.05,4142708.992,"Silva","NEON_D07_MLBS_DP1_537000_4142000_classified_point_cloud.laz","2018_MLBS_3_537000_4142000_image.tif","Tree",1,537000,537999.999,4142000,4142999.999
"14200",14200,537793.518,537804.45,4142697.015,4142707.947,"Silva","NEON_D07_MLBS_DP1_537000_4142000_classified_point_cloud.laz","2018_MLBS_3_537000_4142000_image.tif","Tree",1,537000,537999.999,4142000,4142999.999
"14201",14201,537771.529,537778.489,4142702.541,4142709.785,"Silva","NEON_D07_MLBS_DP1_537000_4142000_classified_point_cloud.laz","2018_MLBS_3_537000_4142000_image.tif","Tree",1,537000,537999.999,4142000,4142999.999
"14202",14202,537778.534,537785.494,4142703.548,4142711.436,"Silva","NEON_D07_MLBS_DP1_537000_4142000_classified_point_cloud.laz","2018_MLBS_3_537000_4142000_image.tif","Tree",1,537000,537999.999,4142000,4142999.999
"14203",14203,537762.504,537772.487,4142703.554,4142712.971,"Silva","NEON_D07_MLBS_DP1_537000_4142000_classified_point_cloud.laz","2018_MLBS_3_537000_4142000_image.tif","Tree",1,537000,537999.999,4142000,4142999.999
"14204",14204,537794.001,537805.985,4142704.689,4142714.99,"Silva","NEON_D07_MLBS_DP1_537000_4142000_classified_point_cloud.laz","2018_MLBS_3_537000_4142000_image.tif","Tree",1,537000,537999.999,4142000,4142999.999
"14205",14205,537772.508,537783.491,4142708.501,4142714.987,"Silva","NEON_D07_MLBS_DP1_537000_4142000_classified_point_cloud.laz","2018_MLBS_3_537000_4142000_image.tif","Tree",1,537000,537999.999,4142000,4142999.999
"14206",14206,537753.511,537764.492,4142708.053,4142718.485,"Silva","NEON_D07_MLBS_DP1_537000_4142000_classified_point_cloud.laz","2018_MLBS_3_537000_4142000_image.tif","Tree",1,537000,537999.999,4142000,4142999.999
"14207",14207,537772.508,537778.809,4142711.038,4142718.838,"Silva","NEON_D07_MLBS_DP1_537000_4142000_classified_point_cloud.laz","2018_MLBS_3_537000_4142000_image.tif","Tree",1,537000,537999.999,4142000,4142999.999
"14208",14208,537764.005,537772.972,4142711.063,4142720.388,"Silva","NEON_D07_MLBS_DP1_537000_4142000_classified_point_cloud.laz","2018_MLBS_3_537000_4142000_image.tif","Tree",1,537000,537999.999,4142000,4142999.999
"14209",14209,537804.525,537815.988,4142705.011,4142715.935,"Silva","NEON_D07_MLBS_DP1_537000_4142000_classified_point_cloud.laz","2018_MLBS_3_537000_4142000_image.tif","Tree",1,537000,537999.999,4142000,4142999.999
"14210",14210,537808.038,537817.659,4142711.002,4142718.424,"Silva","NEON_D07_MLBS_DP1_537000_4142000_classified_point_cloud.laz","2018_MLBS_3_537000_4142000_image.tif","Tree",1,537000,537999.999,4142000,4142999.999
"14211",14211,537764.517,537776.983,4142717.513,4142722.998,"Silva","NEON_D07_MLBS_DP1_537000_4142000_classified_point_cloud.laz","2018_MLBS_3_537000_4142000_image.tif","Tree",1,537000,537999.999,4142000,4142999.999
"14212",14212,537747.064,537756.476,4142718.011,4142731.952,"Silva","NEON_D07_MLBS_DP1_537000_4142000_classified_point_cloud.laz","2018_MLBS_3_537000_4142000_image.tif","Tree",1,537000,537999.999,4142000,4142999.999
"14213",14213,537809.507,537818.985,4142717.502,4142726.494,"Silva","NEON_D07_MLBS_DP1_537000_4142000_classified_point_cloud.laz","2018_MLBS_3_537000_4142000_image.tif","Tree",1,537000,537999.999,4142000,4142999.999
"14214",14214,537786.522,537796.975,4142722.524,4142733.481,"Silva","NEON_D07_MLBS_DP1_537000_4142000_classified_point_cloud.laz","2018_MLBS_3_537000_4142000_image.tif","Tree",1,537000,537999.999,4142000,4142999.999
"14215",14215,537776.537,537784.985,4142726.005,4142734.955,"Silva","NEON_D07_MLBS_DP1_537000_4142000_classified_point_cloud.laz","2018_MLBS_3_537000_4142000_image.tif","Tree",1,537000,537999.999,4142000,4142999.999
"14216",14216,537749.008,537761.496,4142727.001,4142737.956,"Silva","NEON_D07_MLBS_DP1_537000_4142000_classified_point_cloud.laz","2018_MLBS_3_537000_4142000_image.tif","Tree",1,537000,537999.999,4142000,4142999.999
"14217",14217,537760.503,537767.732,4142727.008,4142739.486,"Silva","NEON_D07_MLBS_DP1_537000_4142000_classified_point_cloud.laz","2018_MLBS_3_537000_4142000_image.tif","Tree",1,537000,537999.999,4142000,4142999.999
"14218",14218,537805.106,537813.99,4142728.519,4142735.972,"Silva","NEON_D07_MLBS_DP1_537000_4142000_classified_point_cloud.laz","2018_MLBS_3_537000_4142000_image.tif","Tree",1,537000,537999.999,4142000,4142999.999
"14219",14219,537811.502,537817.956,4142730.063,4142738.447,"Silva","NEON_D07_MLBS_DP1_537000_4142000_classified_point_cloud.laz","2018_MLBS_3_537000_4142000_image.tif","Tree",1,537000,537999.999,4142000,4142999.999
"14220",14220,537815.005,537824.471,4142673.028,4142683.992,"Silva","NEON_D07_MLBS_DP1_537000_4142000_classified_point_cloud.laz","2018_MLBS_3_537000_4142000_image.tif","Tree",1,537000,537999.999,4142000,4142999.999
"14221",14221,537810.001,537821.995,4142684.019,4142690.999,"Silva","NEON_D07_MLBS_DP1_537000_4142000_classified_point_cloud.laz","2018_MLBS_3_537000_4142000_image.tif","Tree",1,537000,537999.999,4142000,4142999.999
"14222",14222,537821.032,537829.967,4142684.547,4142696.95,"Silva","NEON_D07_MLBS_DP1_537000_4142000_classified_point_cloud.laz","2018_MLBS_3_537000_4142000_image.tif","Tree",1,537000,537999.999,4142000,4142999.999
"14223",14223,537811.598,537823.903,4142690.543,4142699.496,"Silva","NEON_D07_MLBS_DP1_537000_4142000_classified_point_cloud.laz","2018_MLBS_3_537000_4142000_image.tif","Tree",1,537000,537999.999,4142000,4142999.999
"14224",14224,537811.599,537823.438,4142699.506,4142710.454,"Silva","NEON_D07_MLBS_DP1_537000_4142000_classified_point_cloud.laz","2018_MLBS_3_537000_4142000_image.tif","Tree",1,537000,537999.999,4142000,4142999.999
"14225",14225,537821.081,537826.476,4142704.536,4142711.976,"Silva","NEON_D07_MLBS_DP1_537000_4142000_classified_point_cloud.laz","2018_MLBS_3_537000_4142000_image.tif","Tree",1,537000,537999.999,4142000,4142999.999
"14226",14226,537816.023,537822.489,4142708.063,4142714.999,"Silva","NEON_D07_MLBS_DP1_537000_4142000_classified_point_cloud.laz","2018_MLBS_3_537000_4142000_image.tif","Tree",1,537000,537999.999,4142000,4142999.999
"14227",14227,537825.517,537831.983,4142706.505,4142714.483,"Silva","NEON_D07_MLBS_DP1_537000_4142000_classified_point_cloud.laz","2018_MLBS_3_537000_4142000_image.tif","Tree",1,537000,537999.999,4142000,4142999.999
"14228",14228,537821.555,537828.477,4142711.001,4142717.424,"Silva","NEON_D07_MLBS_DP1_537000_4142000_classified_point_cloud.laz","2018_MLBS_3_537000_4142000_image.tif","Tree",1,537000,537999.999,4142000,4142999.999
"14229",14229,537813.501,537823.388,4142723.501,4142732,"Silva","NEON_D07_MLBS_DP1_537000_4142000_classified_point_cloud.laz","2018_MLBS_3_537000_4142000_image.tif","Tree",1,537000,537999.999,4142000,4142999.999
"14230",14230,537805.182,537814.491,4142742.514,4142751.995,"Silva","NEON_D07_MLBS_DP1_537000_4142000_classified_point_cloud.laz","2018_MLBS_3_537000_4142000_image.tif","Tree",1,537000,537999.999,4142000,4142999.999
"14231",14231,537797.508,537807.996,4142806.15,4142811.475,"Silva","NEON_D07_MLBS_DP1_537000_4142000_classified_point_cloud.laz","2018_MLBS_3_537000_4142000_image.tif","Tree",1,537000,537999.999,4142000,4142999.999
"14232",14232,537807.003,537815.441,4142801.106,4142807.995,"Silva","NEON_D07_MLBS_DP1_537000_4142000_classified_point_cloud.laz","2018_MLBS_3_537000_4142000_image.tif","Tree",1,537000,537999.999,4142000,4142999.999
"14233",14233,537802.014,537808.329,4142799.528,4142806.498,"Silva","NEON_D07_MLBS_DP1_537000_4142000_classified_point_cloud.laz","2018_MLBS_3_537000_4142000_image.tif","Tree",1,537000,537999.999,4142000,4142999.999
"14234",14234,537783.553,537789.989,4142802.518,4142807.368,"Silva","NEON_D07_MLBS_DP1_537000_4142000_classified_point_cloud.laz","2018_MLBS_3_537000_4142000_image.tif","Tree",1,537000,537999.999,4142000,4142999.999
"14235",14235,537789.677,537795.969,4142798.501,4142808.961,"Silva","NEON_D07_MLBS_DP1_537000_4142000_classified_point_cloud.laz","2018_MLBS_3_537000_4142000_image.tif","Tree",1,537000,537999.999,4142000,4142999.999
"14236",14236,537795,537802.498,4142797.503,4142809.487,"Silva","NEON_D07_MLBS_DP1_537000_4142000_classified_point_cloud.laz","2018_MLBS_3_537000_4142000_image.tif","Tree",1,537000,537999.999,4142000,4142999.999
"14237",14237,537767.516,537776.487,4142799.518,4142807.99,"Silva","NEON_D07_MLBS_DP1_537000_4142000_classified_point_cloud.laz","2018_MLBS_3_537000_4142000_image.tif","Tree",1,537000,537999.999,4142000,4142999.999
"14238",14238,537806.001,537810.951,4142795.503,4142801.491,"Silva","NEON_D07_MLBS_DP1_537000_4142000_classified_point_cloud.laz","2018_MLBS_3_537000_4142000_image.tif","Tree",1,537000,537999.999,4142000,4142999.999
"14239",14239,537760.511,537768.94,4142797.005,4142805.998,"Silva","NEON_D07_MLBS_DP1_537000_4142000_classified_point_cloud.laz","2018_MLBS_3_537000_4142000_image.tif","Tree",1,537000,537999.999,4142000,4142999.999
"14240",14240,537775.523,537784.928,4142792.506,4142799.998,"Silva","NEON_D07_MLBS_DP1_537000_4142000_classified_point_cloud.laz","2018_MLBS_3_537000_4142000_image.tif","Tree",1,537000,537999.999,4142000,4142999.999
"14241",14241,537766.534,537776.492,4142791.007,4142799.942,"Silva","NEON_D07_MLBS_DP1_537000_4142000_classified_point_cloud.laz","2018_MLBS_3_537000_4142000_image.tif","Tree",1,537000,537999.999,4142000,4142999.999
"14242",14242,537756.668,537766.998,4142788.502,4142797.465,"Silva","NEON_D07_MLBS_DP1_537000_4142000_classified_point_cloud.laz","2018_MLBS_3_537000_4142000_image.tif","Tree",1,537000,537999.999,4142000,4142999.999
"14243",14243,537803.549,537814.932,4142780.544,4142790.056,"Silva","NEON_D07_MLBS_DP1_537000_4142000_classified_point_cloud.laz","2018_MLBS_3_537000_4142000_image.tif","Tree",1,537000,537999.999,4142000,4142999.999
"14244",14244,537775.616,537785.978,4142781.705,4142792.992,"Silva","NEON_D07_MLBS_DP1_537000_4142000_classified_point_cloud.laz","2018_MLBS_3_537000_4142000_image.tif","Tree",1,537000,537999.999,4142000,4142999.999
"14245",14245,537784.546,537791.95,4142783.088,4142789.966,"Silva","NEON_D07_MLBS_DP1_537000_4142000_classified_point_cloud.laz","2018_MLBS_3_537000_4142000_image.tif","Tree",1,537000,537999.999,4142000,4142999.999
"14246",14246,537791.52,537799.486,4142783.019,4142790.783,"Silva","NEON_D07_MLBS_DP1_537000_4142000_classified_point_cloud.laz","2018_MLBS_3_537000_4142000_image.tif","Tree",1,537000,537999.999,4142000,4142999.999
"14247",14247,537760.516,537769.389,4142781.528,4142792.485,"Silva","NEON_D07_MLBS_DP1_537000_4142000_classified_point_cloud.laz","2018_MLBS_3_537000_4142000_image.tif","Tree",1,537000,537999.999,4142000,4142999.999
"14248",14248,537773.018,537781.469,4142781.032,4142790.063,"Silva","NEON_D07_MLBS_DP1_537000_4142000_classified_point_cloud.laz","2018_MLBS_3_537000_4142000_image.tif","Tree",1,537000,537999.999,4142000,4142999.999
"14249",14249,537751.06,537760.497,4142782.027,4142792.474,"Silva","NEON_D07_MLBS_DP1_537000_4142000_classified_point_cloud.laz","2018_MLBS_3_537000_4142000_image.tif","Tree",1,537000,537999.999,4142000,4142999.999
"14250",14250,537794.507,537804.497,4142778.007,4142786.463,"Silva","NEON_D07_MLBS_DP1_537000_4142000_classified_point_cloud.laz","2018_MLBS_3_537000_4142000_image.tif","Tree",1,537000,537999.999,4142000,4142999.999
"14251",14251,537783.542,537794.971,4142776.517,4142784.377,"Silva","NEON_D07_MLBS_DP1_537000_4142000_classified_point_cloud.laz","2018_MLBS_3_537000_4142000_image.tif","Tree",1,537000,537999.999,4142000,4142999.999
"14252",14252,537800.502,537808.908,4142774.016,4142782.775,"Silva","NEON_D07_MLBS_DP1_537000_4142000_classified_point_cloud.laz","2018_MLBS_3_537000_4142000_image.tif","Tree",1,537000,537999.999,4142000,4142999.999
"14253",14253,537756.142,537766.984,4142778.038,4142786.958,"Silva","NEON_D07_MLBS_DP1_537000_4142000_classified_point_cloud.laz","2018_MLBS_3_537000_4142000_image.tif","Tree",1,537000,537999.999,4142000,4142999.999
"14254",14254,537807.022,537818.999,4142768.611,4142780.487,"Silva","NEON_D07_MLBS_DP1_537000_4142000_classified_point_cloud.laz","2018_MLBS_3_537000_4142000_image.tif","Tree",1,537000,537999.999,4142000,4142999.999
"14255",14255,537793.617,537801.988,4142771.501,4142777.989,"Silva","NEON_D07_MLBS_DP1_537000_4142000_classified_point_cloud.laz","2018_MLBS_3_537000_4142000_image.tif","Tree",1,537000,537999.999,4142000,4142999.999
"14256",14256,537750.538,537756.492,4142774.09,4142782.484,"Silva","NEON_D07_MLBS_DP1_537000_4142000_classified_point_cloud.laz","2018_MLBS_3_537000_4142000_image.tif","Tree",1,537000,537999.999,4142000,4142999.999
"14257",14257,537800.511,537809.447,4142766.526,4142774.495,"Silva","NEON_D07_MLBS_DP1_537000_4142000_classified_point_cloud.laz","2018_MLBS_3_537000_4142000_image.tif","Tree",1,537000,537999.999,4142000,4142999.999
"14258",14258,537789.507,537796.493,4142767.681,4142776.979,"Silva","NEON_D07_MLBS_DP1_537000_4142000_classified_point_cloud.laz","2018_MLBS_3_537000_4142000_image.tif","Tree",1,537000,537999.999,4142000,4142999.999
"14259",14259,537771.508,537781.83,4142768.022,4142773.667,"Silva","NEON_D07_MLBS_DP1_537000_4142000_classified_point_cloud.laz","2018_MLBS_3_537000_4142000_image.tif","Tree",1,537000,537999.999,4142000,4142999.999
"14260",14260,537772.03,537780.991,4142762.015,4142769.4,"Silva","NEON_D07_MLBS_DP1_537000_4142000_classified_point_cloud.laz","2018_MLBS_3_537000_4142000_image.tif","Tree",1,537000,537999.999,4142000,4142999.999
"14261",14261,537753.534,537759.495,4142762.547,4142772.834,"Silva","NEON_D07_MLBS_DP1_537000_4142000_classified_point_cloud.laz","2018_MLBS_3_537000_4142000_image.tif","Tree",1,537000,537999.999,4142000,4142999.999
"14262",14262,537788.019,537796.998,4142750.589,4142761.43,"Silva","NEON_D07_MLBS_DP1_537000_4142000_classified_point_cloud.laz","2018_MLBS_3_537000_4142000_image.tif","Tree",1,537000,537999.999,4142000,4142999.999
"14263",14263,537747.502,537760.452,4142752.002,4142762.955,"Silva","NEON_D07_MLBS_DP1_537000_4142000_classified_point_cloud.laz","2018_MLBS_3_537000_4142000_image.tif","Tree",1,537000,537999.999,4142000,4142999.999
"14264",14264,537766.528,537774.499,4142748.036,4142758.497,"Silva","NEON_D07_MLBS_DP1_537000_4142000_classified_point_cloud.laz","2018_MLBS_3_537000_4142000_image.tif","Tree",1,537000,537999.999,4142000,4142999.999
"14265",14265,537773.046,537782.995,4142746.502,4142756.978,"Silva","NEON_D07_MLBS_DP1_537000_4142000_classified_point_cloud.laz","2018_MLBS_3_537000_4142000_image.tif","Tree",1,537000,537999.999,4142000,4142999.999
"14266",14266,537814.51,537822.257,4142802.553,4142811.497,"Silva","NEON_D07_MLBS_DP1_537000_4142000_classified_point_cloud.laz","2018_MLBS_3_537000_4142000_image.tif","Tree",1,537000,537999.999,4142000,4142999.999
"14267",14267,537812.05,537822.986,4142774.593,4142786.951,"Silva","NEON_D07_MLBS_DP1_537000_4142000_classified_point_cloud.laz","2018_MLBS_3_537000_4142000_image.tif","Tree",1,537000,537999.999,4142000,4142999.999
"14268",14268,537817.239,537826.856,4142759.505,4142771.372,"Silva","NEON_D07_MLBS_DP1_537000_4142000_classified_point_cloud.laz","2018_MLBS_3_537000_4142000_image.tif","Tree",1,537000,537999.999,4142000,4142999.999
"14269",14269,537643.553,537650.991,4142808.737,4142817.722,"Silva","NEON_D07_MLBS_DP1_537000_4142000_classified_point_cloud.laz","2018_MLBS_3_537000_4142000_image.tif","Tree",1,537000,537999.999,4142000,4142999.999
"14270",14270,537637.514,537647.86,4142809.199,4142820.97,"Silva","NEON_D07_MLBS_DP1_537000_4142000_classified_point_cloud.laz","2018_MLBS_3_537000_4142000_image.tif","Tree",1,537000,537999.999,4142000,4142999.999
"14271",14271,537630.5,537639.461,4142812.009,4142821.479,"Silva","NEON_D07_MLBS_DP1_537000_4142000_classified_point_cloud.laz","2018_MLBS_3_537000_4142000_image.tif","Tree",1,537000,537999.999,4142000,4142999.999
"14272",14272,537673.007,537680.117,4142811.023,4142821.496,"Silva","NEON_D07_MLBS_DP1_537000_4142000_classified_point_cloud.laz","2018_MLBS_3_537000_4142000_image.tif","Tree",1,537000,537999.999,4142000,4142999.999
"14273",14273,537649.013,537659.385,4142816.002,4142822.991,"Silva","NEON_D07_MLBS_DP1_537000_4142000_classified_point_cloud.laz","2018_MLBS_3_537000_4142000_image.tif","Tree",1,537000,537999.999,4142000,4142999.999
"14274",14274,537616.03,537622.958,4142818.514,4142827.902,"Silva","NEON_D07_MLBS_DP1_537000_4142000_classified_point_cloud.laz","2018_MLBS_3_537000_4142000_image.tif","Tree",1,537000,537999.999,4142000,4142999.999
"14275",14275,537655.066,537662.972,4142818.017,4142824.991,"Silva","NEON_D07_MLBS_DP1_537000_4142000_classified_point_cloud.laz","2018_MLBS_3_537000_4142000_image.tif","Tree",1,537000,537999.999,4142000,4142999.999
"14276",14276,537670.069,537680.961,4142828.003,4142836.904,"Silva","NEON_D07_MLBS_DP1_537000_4142000_classified_point_cloud.laz","2018_MLBS_3_537000_4142000_image.tif","Tree",1,537000,537999.999,4142000,4142999.999
"14277",14277,537624.528,537634.496,4142831.004,4142841.848,"Silva","NEON_D07_MLBS_DP1_537000_4142000_classified_point_cloud.laz","2018_MLBS_3_537000_4142000_image.tif","Tree",1,537000,537999.999,4142000,4142999.999
"14278",14278,537644.527,537654.476,4142832.516,4142841.972,"Silva","NEON_D07_MLBS_DP1_537000_4142000_classified_point_cloud.laz","2018_MLBS_3_537000_4142000_image.tif","Tree",1,537000,537999.999,4142000,4142999.999
"14279",14279,537627.533,537635.998,4142837.137,4142845.471,"Silva","NEON_D07_MLBS_DP1_537000_4142000_classified_point_cloud.laz","2018_MLBS_3_537000_4142000_image.tif","Tree",1,537000,537999.999,4142000,4142999.999
"14280",14280,537612.001,537623.475,4142837.013,4142849.982,"Silva","NEON_D07_MLBS_DP1_537000_4142000_classified_point_cloud.laz","2018_MLBS_3_537000_4142000_image.tif","Tree",1,537000,537999.999,4142000,4142999.999
"14281",14281,537636.549,537644.975,4142839.022,4142845.978,"Silva","NEON_D07_MLBS_DP1_537000_4142000_classified_point_cloud.laz","2018_MLBS_3_537000_4142000_image.tif","Tree",1,537000,537999.999,4142000,4142999.999
"14282",14282,537661.502,537668.355,4142836.01,4142845.333,"Silva","NEON_D07_MLBS_DP1_537000_4142000_classified_point_cloud.laz","2018_MLBS_3_537000_4142000_image.tif","Tree",1,537000,537999.999,4142000,4142999.999
"14283",14283,537667.564,537675.472,4142837.023,4142845.997,"Silva","NEON_D07_MLBS_DP1_537000_4142000_classified_point_cloud.laz","2018_MLBS_3_537000_4142000_image.tif","Tree",1,537000,537999.999,4142000,4142999.999
"14284",14284,537643.04,537648.996,4142840.505,4142849.862,"Silva","NEON_D07_MLBS_DP1_537000_4142000_classified_point_cloud.laz","2018_MLBS_3_537000_4142000_image.tif","Tree",1,537000,537999.999,4142000,4142999.999
"14285",14285,537638.505,537645.986,4142845.042,4142857.282,"Silva","NEON_D07_MLBS_DP1_537000_4142000_classified_point_cloud.laz","2018_MLBS_3_537000_4142000_image.tif","Tree",1,537000,537999.999,4142000,4142999.999
"14286",14286,537623.176,537631.49,4142845.536,4142852.484,"Silva","NEON_D07_MLBS_DP1_537000_4142000_classified_point_cloud.laz","2018_MLBS_3_537000_4142000_image.tif","Tree",1,537000,537999.999,4142000,4142999.999
"14287",14287,537656.594,537665.964,4142845.116,4142854.377,"Silva","NEON_D07_MLBS_DP1_537000_4142000_classified_point_cloud.laz","2018_MLBS_3_537000_4142000_image.tif","Tree",1,537000,537999.999,4142000,4142999.999
"14288",14288,537667.644,537676.458,4142846.01,4142853.895,"Silva","NEON_D07_MLBS_DP1_537000_4142000_classified_point_cloud.laz","2018_MLBS_3_537000_4142000_image.tif","Tree",1,537000,537999.999,4142000,4142999.999
"14289",14289,537618.623,537629.499,4142850.524,4142861.992,"Silva","NEON_D07_MLBS_DP1_537000_4142000_classified_point_cloud.laz","2018_MLBS_3_537000_4142000_image.tif","Tree",1,537000,537999.999,4142000,4142999.999
"14290",14290,537663,537671.48,4142851.017,4142861,"Silva","NEON_D07_MLBS_DP1_537000_4142000_classified_point_cloud.laz","2018_MLBS_3_537000_4142000_image.tif","Tree",1,537000,537999.999,4142000,4142999.999
"14291",14291,537671.504,537681.46,4142850.523,4142860,"Silva","NEON_D07_MLBS_DP1_537000_4142000_classified_point_cloud.laz","2018_MLBS_3_537000_4142000_image.tif","Tree",1,537000,537999.999,4142000,4142999.999
"14292",14292,537638.011,537642.99,4142857.616,4142871.99,"Silva","NEON_D07_MLBS_DP1_537000_4142000_classified_point_cloud.laz","2018_MLBS_3_537000_4142000_image.tif","Tree",1,537000,537999.999,4142000,4142999.999
"14293",14293,537617.027,537628.454,4142859.615,4142870.998,"Silva","NEON_D07_MLBS_DP1_537000_4142000_classified_point_cloud.laz","2018_MLBS_3_537000_4142000_image.tif","Tree",1,537000,537999.999,4142000,4142999.999
"14294",14294,537643.002,537650.917,4142858.048,4142870.491,"Silva","NEON_D07_MLBS_DP1_537000_4142000_classified_point_cloud.laz","2018_MLBS_3_537000_4142000_image.tif","Tree",1,537000,537999.999,4142000,4142999.999
"14295",14295,537628.516,537639.484,4142863.091,4142870.991,"Silva","NEON_D07_MLBS_DP1_537000_4142000_classified_point_cloud.laz","2018_MLBS_3_537000_4142000_image.tif","Tree",1,537000,537999.999,4142000,4142999.999
"14296",14296,537670.547,537680.943,4142859.502,4142868.868,"Silva","NEON_D07_MLBS_DP1_537000_4142000_classified_point_cloud.laz","2018_MLBS_3_537000_4142000_image.tif","Tree",1,537000,537999.999,4142000,4142999.999
"14297",14297,537651.034,537661.995,4142860.668,4142871.935,"Silva","NEON_D07_MLBS_DP1_537000_4142000_classified_point_cloud.laz","2018_MLBS_3_537000_4142000_image.tif","Tree",1,537000,537999.999,4142000,4142999.999
"14298",14298,537668.026,537674.941,4142860.04,4142868.983,"Silva","NEON_D07_MLBS_DP1_537000_4142000_classified_point_cloud.laz","2018_MLBS_3_537000_4142000_image.tif","Tree",1,537000,537999.999,4142000,4142999.999
"14299",14299,537661.502,537668.981,4142860.519,4142871.481,"Silva","NEON_D07_MLBS_DP1_537000_4142000_classified_point_cloud.laz","2018_MLBS_3_537000_4142000_image.tif","Tree",1,537000,537999.999,4142000,4142999.999
"14300",14300,537644.616,537654.462,4142864.61,4142873.967,"Silva","NEON_D07_MLBS_DP1_537000_4142000_classified_point_cloud.laz","2018_MLBS_3_537000_4142000_image.tif","Tree",1,537000,537999.999,4142000,4142999.999
"14301",14301,537665.588,537671.498,4142868.07,4142877.457,"Silva","NEON_D07_MLBS_DP1_537000_4142000_classified_point_cloud.laz","2018_MLBS_3_537000_4142000_image.tif","Tree",1,537000,537999.999,4142000,4142999.999
"14302",14302,537671.014,537678.495,4142868.502,4142876.995,"Silva","NEON_D07_MLBS_DP1_537000_4142000_classified_point_cloud.laz","2018_MLBS_3_537000_4142000_image.tif","Tree",1,537000,537999.999,4142000,4142999.999
"14303",14303,537640.519,537651.434,4142870.007,4142879.5,"Silva","NEON_D07_MLBS_DP1_537000_4142000_classified_point_cloud.laz","2018_MLBS_3_537000_4142000_image.tif","Tree",1,537000,537999.999,4142000,4142999.999
"14304",14304,537656.607,537666.979,4142869.138,4142879.474,"Silva","NEON_D07_MLBS_DP1_537000_4142000_classified_point_cloud.laz","2018_MLBS_3_537000_4142000_image.tif","Tree",1,537000,537999.999,4142000,4142999.999
"14305",14305,537701.526,537713.233,4142811.003,4142816.499,"Silva","NEON_D07_MLBS_DP1_537000_4142000_classified_point_cloud.laz","2018_MLBS_3_537000_4142000_image.tif","Tree",1,537000,537999.999,4142000,4142999.999
"14306",14306,537718.023,537726.486,4142810.079,4142817.908,"Silva","NEON_D07_MLBS_DP1_537000_4142000_classified_point_cloud.laz","2018_MLBS_3_537000_4142000_image.tif","Tree",1,537000,537999.999,4142000,4142999.999
"14307",14307,537684.118,537691.492,4142816.055,4142823.98,"Silva","NEON_D07_MLBS_DP1_537000_4142000_classified_point_cloud.laz","2018_MLBS_3_537000_4142000_image.tif","Tree",1,537000,537999.999,4142000,4142999.999
"14308",14308,537691.504,537701.994,4142812.505,4142825.441,"Silva","NEON_D07_MLBS_DP1_537000_4142000_classified_point_cloud.laz","2018_MLBS_3_537000_4142000_image.tif","Tree",1,537000,537999.999,4142000,4142999.999
"14309",14309,537679.505,537687.945,4142820.513,4142830.478,"Silva","NEON_D07_MLBS_DP1_537000_4142000_classified_point_cloud.laz","2018_MLBS_3_537000_4142000_image.tif","Tree",1,537000,537999.999,4142000,4142999.999
"14310",14310,537702.025,537708.934,4142820.712,4142831.289,"Silva","NEON_D07_MLBS_DP1_537000_4142000_classified_point_cloud.laz","2018_MLBS_3_537000_4142000_image.tif","Tree",1,537000,537999.999,4142000,4142999.999
"14311",14311,537695.548,537705.446,4142826.568,4142832.956,"Silva","NEON_D07_MLBS_DP1_537000_4142000_classified_point_cloud.laz","2018_MLBS_3_537000_4142000_image.tif","Tree",1,537000,537999.999,4142000,4142999.999
"14312",14312,537722.289,537730.411,4142829.526,4142836.478,"Silva","NEON_D07_MLBS_DP1_537000_4142000_classified_point_cloud.laz","2018_MLBS_3_537000_4142000_image.tif","Tree",1,537000,537999.999,4142000,4142999.999
"14313",14313,537692.518,537699.977,4142831.58,4142840.992,"Silva","NEON_D07_MLBS_DP1_537000_4142000_classified_point_cloud.laz","2018_MLBS_3_537000_4142000_image.tif","Tree",1,537000,537999.999,4142000,4142999.999
"14314",14314,537707.633,537715.978,4142832.508,4142839.496,"Silva","NEON_D07_MLBS_DP1_537000_4142000_classified_point_cloud.laz","2018_MLBS_3_537000_4142000_image.tif","Tree",1,537000,537999.999,4142000,4142999.999
"14315",14315,537685.587,537691.494,4142834.076,4142843.91,"Silva","NEON_D07_MLBS_DP1_537000_4142000_classified_point_cloud.laz","2018_MLBS_3_537000_4142000_image.tif","Tree",1,537000,537999.999,4142000,4142999.999
"14316",14316,537682.004,537688.356,4142834.018,4142846.2,"Silva","NEON_D07_MLBS_DP1_537000_4142000_classified_point_cloud.laz","2018_MLBS_3_537000_4142000_image.tif","Tree",1,537000,537999.999,4142000,4142999.999
"14317",14317,537688,537696.995,4142838.006,4142845.494,"Silva","NEON_D07_MLBS_DP1_537000_4142000_classified_point_cloud.laz","2018_MLBS_3_537000_4142000_image.tif","Tree",1,537000,537999.999,4142000,4142999.999
"14318",14318,537695.59,537702.974,4142839.05,4142847.448,"Silva","NEON_D07_MLBS_DP1_537000_4142000_classified_point_cloud.laz","2018_MLBS_3_537000_4142000_image.tif","Tree",1,537000,537999.999,4142000,4142999.999
"14319",14319,537698.08,537707.481,4142846.027,4142853,"Silva","NEON_D07_MLBS_DP1_537000_4142000_classified_point_cloud.laz","2018_MLBS_3_537000_4142000_image.tif","Tree",1,537000,537999.999,4142000,4142999.999
"14320",14320,537680.519,537691.976,4142856.546,4142862.997,"Silva","NEON_D07_MLBS_DP1_537000_4142000_classified_point_cloud.laz","2018_MLBS_3_537000_4142000_image.tif","Tree",1,537000,537999.999,4142000,4142999.999
"14321",14321,537678.008,537686.981,4142862.02,4142872.413,"Silva","NEON_D07_MLBS_DP1_537000_4142000_classified_point_cloud.laz","2018_MLBS_3_537000_4142000_image.tif","Tree",1,537000,537999.999,4142000,4142999.999
"14322",14322,537618.004,537626.994,4142870.062,4142883.429,"Silva","NEON_D07_MLBS_DP1_537000_4142000_classified_point_cloud.laz","2018_MLBS_3_537000_4142000_image.tif","Tree",1,537000,537999.999,4142000,4142999.999
"14323",14323,537629.513,537640.98,4142870.521,4142882.909,"Silva","NEON_D07_MLBS_DP1_537000_4142000_classified_point_cloud.laz","2018_MLBS_3_537000_4142000_image.tif","Tree",1,537000,537999.999,4142000,4142999.999
"14324",14324,537620.002,537630.494,4142898.504,4142911.481,"Silva","NEON_D07_MLBS_DP1_537000_4142000_classified_point_cloud.laz","2018_MLBS_3_537000_4142000_image.tif","Tree",1,537000,537999.999,4142000,4142999.999
"14325",14325,537630.502,537641.922,4142899.723,4142908.993,"Silva","NEON_D07_MLBS_DP1_537000_4142000_classified_point_cloud.laz","2018_MLBS_3_537000_4142000_image.tif","Tree",1,537000,537999.999,4142000,4142999.999
"14326",14326,537646.031,537652.476,4142902.602,4142908.994,"Silva","NEON_D07_MLBS_DP1_537000_4142000_classified_point_cloud.laz","2018_MLBS_3_537000_4142000_image.tif","Tree",1,537000,537999.999,4142000,4142999.999
"14327",14327,537638.01,537646.962,4142897.503,4142905.913,"Silva","NEON_D07_MLBS_DP1_537000_4142000_classified_point_cloud.laz","2018_MLBS_3_537000_4142000_image.tif","Tree",1,537000,537999.999,4142000,4142999.999
"14328",14328,537625.014,537638.456,4142893.018,4142903.941,"Silva","NEON_D07_MLBS_DP1_537000_4142000_classified_point_cloud.laz","2018_MLBS_3_537000_4142000_image.tif","Tree",1,537000,537999.999,4142000,4142999.999
"14329",14329,537637.521,537647.499,4142890.002,4142898.489,"Silva","NEON_D07_MLBS_DP1_537000_4142000_classified_point_cloud.laz","2018_MLBS_3_537000_4142000_image.tif","Tree",1,537000,537999.999,4142000,4142999.999
"14330",14330,537647.001,537653.999,4142891.001,4142897.924,"Silva","NEON_D07_MLBS_DP1_537000_4142000_classified_point_cloud.laz","2018_MLBS_3_537000_4142000_image.tif","Tree",1,537000,537999.999,4142000,4142999.999
"14331",14331,537616.003,537626.999,4142883.521,4142898.999,"Silva","NEON_D07_MLBS_DP1_537000_4142000_classified_point_cloud.laz","2018_MLBS_3_537000_4142000_image.tif","Tree",1,537000,537999.999,4142000,4142999.999
"14332",14332,537623.586,537637.471,4142881.501,4142894.434,"Silva","NEON_D07_MLBS_DP1_537000_4142000_classified_point_cloud.laz","2018_MLBS_3_537000_4142000_image.tif","Tree",1,537000,537999.999,4142000,4142999.999
"14333",14333,537645.025,537653.287,4142885.501,4142890.99,"Silva","NEON_D07_MLBS_DP1_537000_4142000_classified_point_cloud.laz","2018_MLBS_3_537000_4142000_image.tif","Tree",1,537000,537999.999,4142000,4142999.999
"14334",14334,537634.507,537645.993,4142878.501,4142891.996,"Silva","NEON_D07_MLBS_DP1_537000_4142000_classified_point_cloud.laz","2018_MLBS_3_537000_4142000_image.tif","Tree",1,537000,537999.999,4142000,4142999.999
"14335",14335,537647.647,537657.48,4142900.056,4142907.492,"Silva","NEON_D07_MLBS_DP1_537000_4142000_classified_point_cloud.laz","2018_MLBS_3_537000_4142000_image.tif","Tree",1,537000,537999.999,4142000,4142999.999
"14336",14336,537666.522,537671.988,4142901.617,4142908.496,"Silva","NEON_D07_MLBS_DP1_537000_4142000_classified_point_cloud.laz","2018_MLBS_3_537000_4142000_image.tif","Tree",1,537000,537999.999,4142000,4142999.999
"14337",14337,537664.506,537670.999,4142895.581,4142902.732,"Silva","NEON_D07_MLBS_DP1_537000_4142000_classified_point_cloud.laz","2018_MLBS_3_537000_4142000_image.tif","Tree",1,537000,537999.999,4142000,4142999.999
"14338",14338,537657.001,537664.483,4142896.003,4142905.455,"Silva","NEON_D07_MLBS_DP1_537000_4142000_classified_point_cloud.laz","2018_MLBS_3_537000_4142000_image.tif","Tree",1,537000,537999.999,4142000,4142999.999
"14339",14339,537651.007,537657.974,4142894.027,4142903.499,"Silva","NEON_D07_MLBS_DP1_537000_4142000_classified_point_cloud.laz","2018_MLBS_3_537000_4142000_image.tif","Tree",1,537000,537999.999,4142000,4142999.999
"14340",14340,537665,537672.992,4142887.606,4142897.491,"Silva","NEON_D07_MLBS_DP1_537000_4142000_classified_point_cloud.laz","2018_MLBS_3_537000_4142000_image.tif","Tree",1,537000,537999.999,4142000,4142999.999
"14341",14341,537656.613,537665.996,4142888.01,4142895.997,"Silva","NEON_D07_MLBS_DP1_537000_4142000_classified_point_cloud.laz","2018_MLBS_3_537000_4142000_image.tif","Tree",1,537000,537999.999,4142000,4142999.999
"14342",14342,537658.518,537668.849,4142882.019,4142889.999,"Silva","NEON_D07_MLBS_DP1_537000_4142000_classified_point_cloud.laz","2018_MLBS_3_537000_4142000_image.tif","Tree",1,537000,537999.999,4142000,4142999.999
"14343",14343,537650.509,537657.474,4142883.018,4142890.901,"Silva","NEON_D07_MLBS_DP1_537000_4142000_classified_point_cloud.laz","2018_MLBS_3_537000_4142000_image.tif","Tree",1,537000,537999.999,4142000,4142999.999
"14344",14344,537671.019,537676.998,4142878.511,4142888.452,"Silva","NEON_D07_MLBS_DP1_537000_4142000_classified_point_cloud.laz","2018_MLBS_3_537000_4142000_image.tif","Tree",1,537000,537999.999,4142000,4142999.999
"14345",14345,537660.005,537668.983,4142877.518,4142887.444,"Silva","NEON_D07_MLBS_DP1_537000_4142000_classified_point_cloud.laz","2018_MLBS_3_537000_4142000_image.tif","Tree",1,537000,537999.999,4142000,4142999.999
"14346",14346,537652,537659.999,4142880.514,4142888.416,"Silva","NEON_D07_MLBS_DP1_537000_4142000_classified_point_cloud.laz","2018_MLBS_3_537000_4142000_image.tif","Tree",1,537000,537999.999,4142000,4142999.999
"14347",14347,537668.006,537675.875,4142877.003,4142887.949,"Silva","NEON_D07_MLBS_DP1_537000_4142000_classified_point_cloud.laz","2018_MLBS_3_537000_4142000_image.tif","Tree",1,537000,537999.999,4142000,4142999.999
"14348",14348,537675.509,537685.93,4142871.611,4142880.968,"Silva","NEON_D07_MLBS_DP1_537000_4142000_classified_point_cloud.laz","2018_MLBS_3_537000_4142000_image.tif","Tree",1,537000,537999.999,4142000,4142999.999
"14349",14349,537649.507,537660.439,4142872.062,4142880.997,"Silva","NEON_D07_MLBS_DP1_537000_4142000_classified_point_cloud.laz","2018_MLBS_3_537000_4142000_image.tif","Tree",1,537000,537999.999,4142000,4142999.999
"14350",14350,537641.511,537649.956,4142904.642,4142910.495,"Silva","NEON_D07_MLBS_DP1_537000_4142000_classified_point_cloud.laz","2018_MLBS_3_537000_4142000_image.tif","Tree",1,537000,537999.999,4142000,4142999.999
"14351",14351,537622.003,537630.496,4142908.507,4142920.957,"Silva","NEON_D07_MLBS_DP1_537000_4142000_classified_point_cloud.laz","2018_MLBS_3_537000_4142000_image.tif","Tree",1,537000,537999.999,4142000,4142999.999
"14352",14352,537630.501,537637.949,4142908.539,4142918.479,"Silva","NEON_D07_MLBS_DP1_537000_4142000_classified_point_cloud.laz","2018_MLBS_3_537000_4142000_image.tif","Tree",1,537000,537999.999,4142000,4142999.999
"14353",14353,537614.021,537624.976,4142919.006,4142925.997,"Silva","NEON_D07_MLBS_DP1_537000_4142000_classified_point_cloud.laz","2018_MLBS_3_537000_4142000_image.tif","Tree",1,537000,537999.999,4142000,4142999.999
"14354",14354,537643.063,537651.88,4142918.016,4142925,"Silva","NEON_D07_MLBS_DP1_537000_4142000_classified_point_cloud.laz","2018_MLBS_3_537000_4142000_image.tif","Tree",1,537000,537999.999,4142000,4142999.999
"14355",14355,537627.553,537636.974,4142931.103,4142938.951,"Silva","NEON_D07_MLBS_DP1_537000_4142000_classified_point_cloud.laz","2018_MLBS_3_537000_4142000_image.tif","Tree",1,537000,537999.999,4142000,4142999.999
"14356",14356,537657.036,537664.499,4142905.522,4142917.493,"Silva","NEON_D07_MLBS_DP1_537000_4142000_classified_point_cloud.laz","2018_MLBS_3_537000_4142000_image.tif","Tree",1,537000,537999.999,4142000,4142999.999
"14357",14357,537649.016,537655.494,4142907.507,4142915.988,"Silva","NEON_D07_MLBS_DP1_537000_4142000_classified_point_cloud.laz","2018_MLBS_3_537000_4142000_image.tif","Tree",1,537000,537999.999,4142000,4142999.999
"14358",14358,537654.505,537661.209,4142906.054,4142916.978,"Silva","NEON_D07_MLBS_DP1_537000_4142000_classified_point_cloud.laz","2018_MLBS_3_537000_4142000_image.tif","Tree",1,537000,537999.999,4142000,4142999.999
"14359",14359,537647.042,537655.445,4142915.038,4142923.46,"Silva","NEON_D07_MLBS_DP1_537000_4142000_classified_point_cloud.laz","2018_MLBS_3_537000_4142000_image.tif","Tree",1,537000,537999.999,4142000,4142999.999
"14360",14360,537725.102,537731.978,4142807.009,4142816.326,"Silva","NEON_D07_MLBS_DP1_537000_4142000_classified_point_cloud.laz","2018_MLBS_3_537000_4142000_image.tif","Tree",1,537000,537999.999,4142000,4142999.999
"14361",14361,537736.613,537743.993,4142811.62,4142818.495,"Silva","NEON_D07_MLBS_DP1_537000_4142000_classified_point_cloud.laz","2018_MLBS_3_537000_4142000_image.tif","Tree",1,537000,537999.999,4142000,4142999.999
"14362",14362,537733.527,537739.912,4142815.315,4142822.977,"Silva","NEON_D07_MLBS_DP1_537000_4142000_classified_point_cloud.laz","2018_MLBS_3_537000_4142000_image.tif","Tree",1,537000,537999.999,4142000,4142999.999
"14363",14363,537728.572,537737.342,4142819.106,4142826.435,"Silva","NEON_D07_MLBS_DP1_537000_4142000_classified_point_cloud.laz","2018_MLBS_3_537000_4142000_image.tif","Tree",1,537000,537999.999,4142000,4142999.999
"14364",14364,537742.569,537747.467,4142822.152,4142829.497,"Silva","NEON_D07_MLBS_DP1_537000_4142000_classified_point_cloud.laz","2018_MLBS_3_537000_4142000_image.tif","Tree",1,537000,537999.999,4142000,4142999.999
"14365",14365,537727.051,537734.499,4142832.059,4142838.901,"Silva","NEON_D07_MLBS_DP1_537000_4142000_classified_point_cloud.laz","2018_MLBS_3_537000_4142000_image.tif","Tree",1,537000,537999.999,4142000,4142999.999
"14366",14366,537724.047,537731.487,4142836.002,4142842.936,"Silva","NEON_D07_MLBS_DP1_537000_4142000_classified_point_cloud.laz","2018_MLBS_3_537000_4142000_image.tif","Tree",1,537000,537999.999,4142000,4142999.999
"14367",14367,537731.504,537739.494,4142834.05,4142843.909,"Silva","NEON_D07_MLBS_DP1_537000_4142000_classified_point_cloud.laz","2018_MLBS_3_537000_4142000_image.tif","Tree",1,537000,537999.999,4142000,4142999.999
"14368",14368,537739.509,537747.996,4142834.156,4142841.499,"Silva","NEON_D07_MLBS_DP1_537000_4142000_classified_point_cloud.laz","2018_MLBS_3_537000_4142000_image.tif","Tree",1,537000,537999.999,4142000,4142999.999
"14369",14369,537709.027,537717.969,4142837.018,4142848.935,"Silva","NEON_D07_MLBS_DP1_537000_4142000_classified_point_cloud.laz","2018_MLBS_3_537000_4142000_image.tif","Tree",1,537000,537999.999,4142000,4142999.999
"14370",14370,537726.011,537736.473,4142841.505,4142848.972,"Silva","NEON_D07_MLBS_DP1_537000_4142000_classified_point_cloud.laz","2018_MLBS_3_537000_4142000_image.tif","Tree",1,537000,537999.999,4142000,4142999.999
"14371",14371,537692.085,537699.447,4142847.312,4142855.996,"Silva","NEON_D07_MLBS_DP1_537000_4142000_classified_point_cloud.laz","2018_MLBS_3_537000_4142000_image.tif","Tree",1,537000,537999.999,4142000,4142999.999
"14372",14372,537705.529,537715.99,4142848.138,4142857.866,"Silva","NEON_D07_MLBS_DP1_537000_4142000_classified_point_cloud.laz","2018_MLBS_3_537000_4142000_image.tif","Tree",1,537000,537999.999,4142000,4142999.999
"14373",14373,537716.004,537726.435,4142849.01,4142858,"Silva","NEON_D07_MLBS_DP1_537000_4142000_classified_point_cloud.laz","2018_MLBS_3_537000_4142000_image.tif","Tree",1,537000,537999.999,4142000,4142999.999
"14374",14374,537729.516,537737.991,4142851.613,4142858.475,"Silva","NEON_D07_MLBS_DP1_537000_4142000_classified_point_cloud.laz","2018_MLBS_3_537000_4142000_image.tif","Tree",1,537000,537999.999,4142000,4142999.999
"14375",14375,537723.508,537730.994,4142852.022,4142862.977,"Silva","NEON_D07_MLBS_DP1_537000_4142000_classified_point_cloud.laz","2018_MLBS_3_537000_4142000_image.tif","Tree",1,537000,537999.999,4142000,4142999.999
"14376",14376,537691.618,537701.495,4142856.01,4142865.99,"Silva","NEON_D07_MLBS_DP1_537000_4142000_classified_point_cloud.laz","2018_MLBS_3_537000_4142000_image.tif","Tree",1,537000,537999.999,4142000,4142999.999
"14377",14377,537701.502,537708.989,4142855.239,4142864.961,"Silva","NEON_D07_MLBS_DP1_537000_4142000_classified_point_cloud.laz","2018_MLBS_3_537000_4142000_image.tif","Tree",1,537000,537999.999,4142000,4142999.999
"14378",14378,537715.008,537723.99,4142854.556,4142862.499,"Silva","NEON_D07_MLBS_DP1_537000_4142000_classified_point_cloud.laz","2018_MLBS_3_537000_4142000_image.tif","Tree",1,537000,537999.999,4142000,4142999.999
"14379",14379,537742.026,537753.961,4142854.506,4142865.492,"Silva","NEON_D07_MLBS_DP1_537000_4142000_classified_point_cloud.laz","2018_MLBS_3_537000_4142000_image.tif","Tree",1,537000,537999.999,4142000,4142999.999
"14380",14380,537735.017,537744.462,4142858.3,4142867.467,"Silva","NEON_D07_MLBS_DP1_537000_4142000_classified_point_cloud.laz","2018_MLBS_3_537000_4142000_image.tif","Tree",1,537000,537999.999,4142000,4142999.999
"14381",14381,537714.589,537725.498,4142862.003,4142868.498,"Silva","NEON_D07_MLBS_DP1_537000_4142000_classified_point_cloud.laz","2018_MLBS_3_537000_4142000_image.tif","Tree",1,537000,537999.999,4142000,4142999.999
"14382",14382,537707.507,537714.901,4142864.094,4142873.996,"Silva","NEON_D07_MLBS_DP1_537000_4142000_classified_point_cloud.laz","2018_MLBS_3_537000_4142000_image.tif","Tree",1,537000,537999.999,4142000,4142999.999
"14383",14383,537690.005,537698.997,4142865.52,4142871.999,"Silva","NEON_D07_MLBS_DP1_537000_4142000_classified_point_cloud.laz","2018_MLBS_3_537000_4142000_image.tif","Tree",1,537000,537999.999,4142000,4142999.999
"14384",14384,537701.633,537709.496,4142864.504,4142875.429,"Silva","NEON_D07_MLBS_DP1_537000_4142000_classified_point_cloud.laz","2018_MLBS_3_537000_4142000_image.tif","Tree",1,537000,537999.999,4142000,4142999.999
"14385",14385,537713.502,537719.991,4142865.005,4142873.497,"Silva","NEON_D07_MLBS_DP1_537000_4142000_classified_point_cloud.laz","2018_MLBS_3_537000_4142000_image.tif","Tree",1,537000,537999.999,4142000,4142999.999
"14386",14386,537698.003,537706.471,4142866.028,4142875.443,"Silva","NEON_D07_MLBS_DP1_537000_4142000_classified_point_cloud.laz","2018_MLBS_3_537000_4142000_image.tif","Tree",1,537000,537999.999,4142000,4142999.999
"14387",14387,537736.501,537741.999,4142866.599,4142875.497,"Silva","NEON_D07_MLBS_DP1_537000_4142000_classified_point_cloud.laz","2018_MLBS_3_537000_4142000_image.tif","Tree",1,537000,537999.999,4142000,4142999.999
"14388",14388,537684.087,537690.993,4142870.013,4142877.494,"Silva","NEON_D07_MLBS_DP1_537000_4142000_classified_point_cloud.laz","2018_MLBS_3_537000_4142000_image.tif","Tree",1,537000,537999.999,4142000,4142999.999
"14389",14389,537723.202,537728.968,4142866.55,4142874.924,"Silva","NEON_D07_MLBS_DP1_537000_4142000_classified_point_cloud.laz","2018_MLBS_3_537000_4142000_image.tif","Tree",1,537000,537999.999,4142000,4142999.999
"14390",14390,537742.005,537752.498,4142864.082,4142873.977,"Silva","NEON_D07_MLBS_DP1_537000_4142000_classified_point_cloud.laz","2018_MLBS_3_537000_4142000_image.tif","Tree",1,537000,537999.999,4142000,4142999.999
"14391",14391,537691.025,537697.998,4142872.004,4142877,"Silva","NEON_D07_MLBS_DP1_537000_4142000_classified_point_cloud.laz","2018_MLBS_3_537000_4142000_image.tif","Tree",1,537000,537999.999,4142000,4142999.999
"14392",14392,537719.061,537727.474,4142872.005,4142879.92,"Silva","NEON_D07_MLBS_DP1_537000_4142000_classified_point_cloud.laz","2018_MLBS_3_537000_4142000_image.tif","Tree",1,537000,537999.999,4142000,4142999.999
"14393",14393,537676.035,537681.498,4142879.125,4142886.989,"Silva","NEON_D07_MLBS_DP1_537000_4142000_classified_point_cloud.laz","2018_MLBS_3_537000_4142000_image.tif","Tree",1,537000,537999.999,4142000,4142999.999
"14394",14394,537672,537682.499,4142887.022,4142893.493,"Silva","NEON_D07_MLBS_DP1_537000_4142000_classified_point_cloud.laz","2018_MLBS_3_537000_4142000_image.tif","Tree",1,537000,537999.999,4142000,4142999.999
"14395",14395,537674.005,537682.422,4142927.554,4142938.993,"Silva","NEON_D07_MLBS_DP1_537000_4142000_classified_point_cloud.laz","2018_MLBS_3_537000_4142000_image.tif","Tree",1,537000,537999.999,4142000,4142999.999
"14396",14396,537668.249,537674.474,4142928.538,4142937.468,"Silva","NEON_D07_MLBS_DP1_537000_4142000_classified_point_cloud.laz","2018_MLBS_3_537000_4142000_image.tif","Tree",1,537000,537999.999,4142000,4142999.999
"14397",14397,537671,537678.983,4142922.526,4142928.986,"Silva","NEON_D07_MLBS_DP1_537000_4142000_classified_point_cloud.laz","2018_MLBS_3_537000_4142000_image.tif","Tree",1,537000,537999.999,4142000,4142999.999
"14398",14398,537671.632,537677.487,4142915.54,4142922.985,"Silva","NEON_D07_MLBS_DP1_537000_4142000_classified_point_cloud.laz","2018_MLBS_3_537000_4142000_image.tif","Tree",1,537000,537999.999,4142000,4142999.999
"14399",14399,537663.078,537671.473,4142919.55,4142928.986,"Silva","NEON_D07_MLBS_DP1_537000_4142000_classified_point_cloud.laz","2018_MLBS_3_537000_4142000_image.tif","Tree",1,537000,537999.999,4142000,4142999.999
"14400",14400,537677.015,537683.996,4142917.024,4142924.942,"Silva","NEON_D07_MLBS_DP1_537000_4142000_classified_point_cloud.laz","2018_MLBS_3_537000_4142000_image.tif","Tree",1,537000,537999.999,4142000,4142999.999
"14401",14401,537653.508,537663.978,4142917.015,4142925.982,"Silva","NEON_D07_MLBS_DP1_537000_4142000_classified_point_cloud.laz","2018_MLBS_3_537000_4142000_image.tif","Tree",1,537000,537999.999,4142000,4142999.999
"14402",14402,537664,537674.45,4142914.047,4142922.455,"Silva","NEON_D07_MLBS_DP1_537000_4142000_classified_point_cloud.laz","2018_MLBS_3_537000_4142000_image.tif","Tree",1,537000,537999.999,4142000,4142999.999
"14403",14403,537674.032,537681.983,4142910.614,4142917.488,"Silva","NEON_D07_MLBS_DP1_537000_4142000_classified_point_cloud.laz","2018_MLBS_3_537000_4142000_image.tif","Tree",1,537000,537999.999,4142000,4142999.999
"14404",14404,537675.052,537681.393,4142903.51,4142910.99,"Silva","NEON_D07_MLBS_DP1_537000_4142000_classified_point_cloud.laz","2018_MLBS_3_537000_4142000_image.tif","Tree",1,537000,537999.999,4142000,4142999.999
"14405",14405,537678.018,537686.386,4142902.508,4142907.49,"Silva","NEON_D07_MLBS_DP1_537000_4142000_classified_point_cloud.laz","2018_MLBS_3_537000_4142000_image.tif","Tree",1,537000,537999.999,4142000,4142999.999
"14406",14406,537677.045,537682.978,4142898.023,4142903.48,"Silva","NEON_D07_MLBS_DP1_537000_4142000_classified_point_cloud.laz","2018_MLBS_3_537000_4142000_image.tif","Tree",1,537000,537999.999,4142000,4142999.999
"14407",14407,537670.022,537677.377,4142898.51,4142905.492,"Silva","NEON_D07_MLBS_DP1_537000_4142000_classified_point_cloud.laz","2018_MLBS_3_537000_4142000_image.tif","Tree",1,537000,537999.999,4142000,4142999.999
"14408",14408,537697.004,537706.484,4142872.507,4142878.486,"Silva","NEON_D07_MLBS_DP1_537000_4142000_classified_point_cloud.laz","2018_MLBS_3_537000_4142000_image.tif","Tree",1,537000,537999.999,4142000,4142999.999
"14409",14409,537688.001,537693.994,4142875.123,4142880.951,"Silva","NEON_D07_MLBS_DP1_537000_4142000_classified_point_cloud.laz","2018_MLBS_3_537000_4142000_image.tif","Tree",1,537000,537999.999,4142000,4142999.999
"14410",14410,537712.507,537722.496,4142873.006,4142880.5,"Silva","NEON_D07_MLBS_DP1_537000_4142000_classified_point_cloud.laz","2018_MLBS_3_537000_4142000_image.tif","Tree",1,537000,537999.999,4142000,4142999.999
"14411",14411,537691.514,537697.443,4142877.006,4142882.99,"Silva","NEON_D07_MLBS_DP1_537000_4142000_classified_point_cloud.laz","2018_MLBS_3_537000_4142000_image.tif","Tree",1,537000,537999.999,4142000,4142999.999
"14412",14412,537697.523,537705.992,4142878.002,4142885.994,"Silva","NEON_D07_MLBS_DP1_537000_4142000_classified_point_cloud.laz","2018_MLBS_3_537000_4142000_image.tif","Tree",1,537000,537999.999,4142000,4142999.999
"14413",14413,537738.501,537748.847,4142873.501,4142882.498,"Silva","NEON_D07_MLBS_DP1_537000_4142000_classified_point_cloud.laz","2018_MLBS_3_537000_4142000_image.tif","Tree",1,537000,537999.999,4142000,4142999.999
"14414",14414,537729.005,537739.455,4142875.008,4142884.978,"Silva","NEON_D07_MLBS_DP1_537000_4142000_classified_point_cloud.laz","2018_MLBS_3_537000_4142000_image.tif","Tree",1,537000,537999.999,4142000,4142999.999
"14415",14415,537681.018,537688.995,4142879.501,4142888.412,"Silva","NEON_D07_MLBS_DP1_537000_4142000_classified_point_cloud.laz","2018_MLBS_3_537000_4142000_image.tif","Tree",1,537000,537999.999,4142000,4142999.999
"14416",14416,537694.5,537701.982,4142879.101,4142885.993,"Silva","NEON_D07_MLBS_DP1_537000_4142000_classified_point_cloud.laz","2018_MLBS_3_537000_4142000_image.tif","Tree",1,537000,537999.999,4142000,4142999.999
"14417",14417,537689.006,537696.499,4142883.002,4142887.997,"Silva","NEON_D07_MLBS_DP1_537000_4142000_classified_point_cloud.laz","2018_MLBS_3_537000_4142000_image.tif","Tree",1,537000,537999.999,4142000,4142999.999
"14418",14418,537722.502,537729.975,4142878.012,4142888.464,"Silva","NEON_D07_MLBS_DP1_537000_4142000_classified_point_cloud.laz","2018_MLBS_3_537000_4142000_image.tif","Tree",1,537000,537999.999,4142000,4142999.999
"14419",14419,537710.502,537718.992,4142881.549,4142889.495,"Silva","NEON_D07_MLBS_DP1_537000_4142000_classified_point_cloud.laz","2018_MLBS_3_537000_4142000_image.tif","Tree",1,537000,537999.999,4142000,4142999.999
"14420",14420,537728.007,537736.494,4142881.043,4142890,"Silva","NEON_D07_MLBS_DP1_537000_4142000_classified_point_cloud.laz","2018_MLBS_3_537000_4142000_image.tif","Tree",1,537000,537999.999,4142000,4142999.999
"14421",14421,537743.003,537750.999,4142879.566,4142890.362,"Silva","NEON_D07_MLBS_DP1_537000_4142000_classified_point_cloud.laz","2018_MLBS_3_537000_4142000_image.tif","Tree",1,537000,537999.999,4142000,4142999.999
"14422",14422,537736.508,537746.451,4142882.022,4142891.461,"Silva","NEON_D07_MLBS_DP1_537000_4142000_classified_point_cloud.laz","2018_MLBS_3_537000_4142000_image.tif","Tree",1,537000,537999.999,4142000,4142999.999
"14423",14423,537682.002,537690.497,4142887.038,4142895.941,"Silva","NEON_D07_MLBS_DP1_537000_4142000_classified_point_cloud.laz","2018_MLBS_3_537000_4142000_image.tif","Tree",1,537000,537999.999,4142000,4142999.999
"14424",14424,537718.518,537727.911,4142885.506,4142892.49,"Silva","NEON_D07_MLBS_DP1_537000_4142000_classified_point_cloud.laz","2018_MLBS_3_537000_4142000_image.tif","Tree",1,537000,537999.999,4142000,4142999.999
"14425",14425,537694.038,537700.474,4142891.502,4142901.451,"Silva","NEON_D07_MLBS_DP1_537000_4142000_classified_point_cloud.laz","2018_MLBS_3_537000_4142000_image.tif","Tree",1,537000,537999.999,4142000,4142999.999
"14426",14426,537724.005,537730.486,4142889.082,4142900.941,"Silva","NEON_D07_MLBS_DP1_537000_4142000_classified_point_cloud.laz","2018_MLBS_3_537000_4142000_image.tif","Tree",1,537000,537999.999,4142000,4142999.999
"14427",14427,537717.534,537725.481,4142891.018,4142901.481,"Silva","NEON_D07_MLBS_DP1_537000_4142000_classified_point_cloud.laz","2018_MLBS_3_537000_4142000_image.tif","Tree",1,537000,537999.999,4142000,4142999.999
"14428",14428,537730.011,537736.996,4142888.501,4142896.479,"Silva","NEON_D07_MLBS_DP1_537000_4142000_classified_point_cloud.laz","2018_MLBS_3_537000_4142000_image.tif","Tree",1,537000,537999.999,4142000,4142999.999
"14429",14429,537737.007,537745.452,4142889.028,4142898.447,"Silva","NEON_D07_MLBS_DP1_537000_4142000_classified_point_cloud.laz","2018_MLBS_3_537000_4142000_image.tif","Tree",1,537000,537999.999,4142000,4142999.999
"14430",14430,537706.519,537712.47,4142914.002,4142921.97,"Silva","NEON_D07_MLBS_DP1_537000_4142000_classified_point_cloud.laz","2018_MLBS_3_537000_4142000_image.tif","Tree",1,537000,537999.999,4142000,4142999.999
"14431",14431,537716.065,537723.964,4142916.003,4142921.947,"Silva","NEON_D07_MLBS_DP1_537000_4142000_classified_point_cloud.laz","2018_MLBS_3_537000_4142000_image.tif","Tree",1,537000,537999.999,4142000,4142999.999
"14432",14432,537701.086,537707.464,4142917.517,4142924.163,"Silva","NEON_D07_MLBS_DP1_537000_4142000_classified_point_cloud.laz","2018_MLBS_3_537000_4142000_image.tif","Tree",1,537000,537999.999,4142000,4142999.999
"14433",14433,537737.512,537744.992,4142935.505,4142943.361,"Silva","NEON_D07_MLBS_DP1_537000_4142000_classified_point_cloud.laz","2018_MLBS_3_537000_4142000_image.tif","Tree",1,537000,537999.999,4142000,4142999.999
"14434",14434,537728.001,537736.926,4142932.572,4142940.958,"Silva","NEON_D07_MLBS_DP1_537000_4142000_classified_point_cloud.laz","2018_MLBS_3_537000_4142000_image.tif","Tree",1,537000,537999.999,4142000,4142999.999
"14435",14435,537699.055,537707.978,4142936.526,4142943.442,"Silva","NEON_D07_MLBS_DP1_537000_4142000_classified_point_cloud.laz","2018_MLBS_3_537000_4142000_image.tif","Tree",1,537000,537999.999,4142000,4142999.999
"14436",14436,537696.541,537702.972,4142932.526,4142940.935,"Silva","NEON_D07_MLBS_DP1_537000_4142000_classified_point_cloud.laz","2018_MLBS_3_537000_4142000_image.tif","Tree",1,537000,537999.999,4142000,4142999.999
"14437",14437,537735.035,537743.479,4142927.128,4142934.291,"Silva","NEON_D07_MLBS_DP1_537000_4142000_classified_point_cloud.laz","2018_MLBS_3_537000_4142000_image.tif","Tree",1,537000,537999.999,4142000,4142999.999
"14438",14438,537688.621,537698.487,4142929.503,4142937.488,"Silva","NEON_D07_MLBS_DP1_537000_4142000_classified_point_cloud.laz","2018_MLBS_3_537000_4142000_image.tif","Tree",1,537000,537999.999,4142000,4142999.999
"14439",14439,537698.523,537705.475,4142927.515,4142935.496,"Silva","NEON_D07_MLBS_DP1_537000_4142000_classified_point_cloud.laz","2018_MLBS_3_537000_4142000_image.tif","Tree",1,537000,537999.999,4142000,4142999.999
"14440",14440,537716.528,537721.963,4142926.576,4142933.964,"Silva","NEON_D07_MLBS_DP1_537000_4142000_classified_point_cloud.laz","2018_MLBS_3_537000_4142000_image.tif","Tree",1,537000,537999.999,4142000,4142999.999
"14441",14441,537721.04,537727.386,4142926.041,4142932.91,"Silva","NEON_D07_MLBS_DP1_537000_4142000_classified_point_cloud.laz","2018_MLBS_3_537000_4142000_image.tif","Tree",1,537000,537999.999,4142000,4142999.999
"14442",14442,537725.581,537731.928,4142923.511,4142931.751,"Silva","NEON_D07_MLBS_DP1_537000_4142000_classified_point_cloud.laz","2018_MLBS_3_537000_4142000_image.tif","Tree",1,537000,537999.999,4142000,4142999.999
"14443",14443,537703.018,537710.496,4142922.53,4142930.972,"Silva","NEON_D07_MLBS_DP1_537000_4142000_classified_point_cloud.laz","2018_MLBS_3_537000_4142000_image.tif","Tree",1,537000,537999.999,4142000,4142999.999
"14444",14444,537710.028,537714.959,4142923.528,4142929.431,"Silva","NEON_D07_MLBS_DP1_537000_4142000_classified_point_cloud.laz","2018_MLBS_3_537000_4142000_image.tif","Tree",1,537000,537999.999,4142000,4142999.999
"14445",14445,537714.501,537720.967,4142921.033,4142927.478,"Silva","NEON_D07_MLBS_DP1_537000_4142000_classified_point_cloud.laz","2018_MLBS_3_537000_4142000_image.tif","Tree",1,537000,537999.999,4142000,4142999.999
"14446",14446,537721.008,537728.483,4142922.038,4142926.992,"Silva","NEON_D07_MLBS_DP1_537000_4142000_classified_point_cloud.laz","2018_MLBS_3_537000_4142000_image.tif","Tree",1,537000,537999.999,4142000,4142999.999
"14447",14447,537681.128,537691.993,4142923.565,4142933.5,"Silva","NEON_D07_MLBS_DP1_537000_4142000_classified_point_cloud.laz","2018_MLBS_3_537000_4142000_image.tif","Tree",1,537000,537999.999,4142000,4142999.999
"14448",14448,537707.581,537713.417,4142920.53,4142925.428,"Silva","NEON_D07_MLBS_DP1_537000_4142000_classified_point_cloud.laz","2018_MLBS_3_537000_4142000_image.tif","Tree",1,537000,537999.999,4142000,4142999.999
"14449",14449,537720.005,537726.456,4142917.023,4142923.996,"Silva","NEON_D07_MLBS_DP1_537000_4142000_classified_point_cloud.laz","2018_MLBS_3_537000_4142000_image.tif","Tree",1,537000,537999.999,4142000,4142999.999
"14450",14450,537731.002,537740.478,4142915.506,4142923.987,"Silva","NEON_D07_MLBS_DP1_537000_4142000_classified_point_cloud.laz","2018_MLBS_3_537000_4142000_image.tif","Tree",1,537000,537999.999,4142000,4142999.999
"14451",14451,537679.006,537687.876,4142920.06,4142928.488,"Silva","NEON_D07_MLBS_DP1_537000_4142000_classified_point_cloud.laz","2018_MLBS_3_537000_4142000_image.tif","Tree",1,537000,537999.999,4142000,4142999.999
"14452",14452,537711.105,537717.481,4142917.006,4142923.481,"Silva","NEON_D07_MLBS_DP1_537000_4142000_classified_point_cloud.laz","2018_MLBS_3_537000_4142000_image.tif","Tree",1,537000,537999.999,4142000,4142999.999
"14453",14453,537724.594,537731.493,4142916.021,4142923.475,"Silva","NEON_D07_MLBS_DP1_537000_4142000_classified_point_cloud.laz","2018_MLBS_3_537000_4142000_image.tif","Tree",1,537000,537999.999,4142000,4142999.999
"14454",14454,537683.691,537692.452,4142916.01,4142923.855,"Silva","NEON_D07_MLBS_DP1_537000_4142000_classified_point_cloud.laz","2018_MLBS_3_537000_4142000_image.tif","Tree",1,537000,537999.999,4142000,4142999.999
"14455",14455,537726.502,537733.989,4142912.501,4142918.413,"Silva","NEON_D07_MLBS_DP1_537000_4142000_classified_point_cloud.laz","2018_MLBS_3_537000_4142000_image.tif","Tree",1,537000,537999.999,4142000,4142999.999
"14456",14456,537691.063,537698.47,4142913.027,4142920.999,"Silva","NEON_D07_MLBS_DP1_537000_4142000_classified_point_cloud.laz","2018_MLBS_3_537000_4142000_image.tif","Tree",1,537000,537999.999,4142000,4142999.999
"14457",14457,537717.509,537722.96,4142910.503,4142916.353,"Silva","NEON_D07_MLBS_DP1_537000_4142000_classified_point_cloud.laz","2018_MLBS_3_537000_4142000_image.tif","Tree",1,537000,537999.999,4142000,4142999.999
"14458",14458,537686.003,537691.998,4142908.016,4142916.974,"Silva","NEON_D07_MLBS_DP1_537000_4142000_classified_point_cloud.laz","2018_MLBS_3_537000_4142000_image.tif","Tree",1,537000,537999.999,4142000,4142999.999
"14459",14459,537723.001,537729.494,4142903.52,4142913.499,"Silva","NEON_D07_MLBS_DP1_537000_4142000_classified_point_cloud.laz","2018_MLBS_3_537000_4142000_image.tif","Tree",1,537000,537999.999,4142000,4142999.999
"14460",14460,537680.038,537685.999,4142910.554,4142917.921,"Silva","NEON_D07_MLBS_DP1_537000_4142000_classified_point_cloud.laz","2018_MLBS_3_537000_4142000_image.tif","Tree",1,537000,537999.999,4142000,4142999.999
"14461",14461,537689.561,537698.481,4142904.034,4142914.47,"Silva","NEON_D07_MLBS_DP1_537000_4142000_classified_point_cloud.laz","2018_MLBS_3_537000_4142000_image.tif","Tree",1,537000,537999.999,4142000,4142999.999
"14462",14462,537709.009,537715.467,4142904.515,4142913.992,"Silva","NEON_D07_MLBS_DP1_537000_4142000_classified_point_cloud.laz","2018_MLBS_3_537000_4142000_image.tif","Tree",1,537000,537999.999,4142000,4142999.999
"14463",14463,537704.549,537709.49,4142906.608,4142914.476,"Silva","NEON_D07_MLBS_DP1_537000_4142000_classified_point_cloud.laz","2018_MLBS_3_537000_4142000_image.tif","Tree",1,537000,537999.999,4142000,4142999.999
"14464",14464,537729.046,537738.475,4142904.512,4142910.951,"Silva","NEON_D07_MLBS_DP1_537000_4142000_classified_point_cloud.laz","2018_MLBS_3_537000_4142000_image.tif","Tree",1,537000,537999.999,4142000,4142999.999
"14465",14465,537697.614,537705.223,4142907.054,4142912.92,"Silva","NEON_D07_MLBS_DP1_537000_4142000_classified_point_cloud.laz","2018_MLBS_3_537000_4142000_image.tif","Tree",1,537000,537999.999,4142000,4142999.999
"14466",14466,537715.019,537725.981,4142901.004,4142910.983,"Silva","NEON_D07_MLBS_DP1_537000_4142000_classified_point_cloud.laz","2018_MLBS_3_537000_4142000_image.tif","Tree",1,537000,537999.999,4142000,4142999.999
"14467",14467,537738.067,537747.481,4142902.011,4142909.464,"Silva","NEON_D07_MLBS_DP1_537000_4142000_classified_point_cloud.laz","2018_MLBS_3_537000_4142000_image.tif","Tree",1,537000,537999.999,4142000,4142999.999
"14468",14468,537694.507,537703.489,4142900.008,4142907.988,"Silva","NEON_D07_MLBS_DP1_537000_4142000_classified_point_cloud.laz","2018_MLBS_3_537000_4142000_image.tif","Tree",1,537000,537999.999,4142000,4142999.999
"14469",14469,537703.001,537707.974,4142900.01,4142907.991,"Silva","NEON_D07_MLBS_DP1_537000_4142000_classified_point_cloud.laz","2018_MLBS_3_537000_4142000_image.tif","Tree",1,537000,537999.999,4142000,4142999.999
"14470",14470,537725.568,537737.986,4142900.007,4142905.492,"Silva","NEON_D07_MLBS_DP1_537000_4142000_classified_point_cloud.laz","2018_MLBS_3_537000_4142000_image.tif","Tree",1,537000,537999.999,4142000,4142999.999
"14471",14471,537737.506,537748.486,4142896.013,4142903.498,"Silva","NEON_D07_MLBS_DP1_537000_4142000_classified_point_cloud.laz","2018_MLBS_3_537000_4142000_image.tif","Tree",1,537000,537999.999,4142000,4142999.999
"14472",14472,537727.013,537737.976,4142895.511,4142900.498,"Silva","NEON_D07_MLBS_DP1_537000_4142000_classified_point_cloud.laz","2018_MLBS_3_537000_4142000_image.tif","Tree",1,537000,537999.999,4142000,4142999.999
"14473",14473,537708.038,537719.904,4142896.002,4142904.496,"Silva","NEON_D07_MLBS_DP1_537000_4142000_classified_point_cloud.laz","2018_MLBS_3_537000_4142000_image.tif","Tree",1,537000,537999.999,4142000,4142999.999
"14474",14474,537763.009,537769.456,4142810.603,4142816.969,"Silva","NEON_D07_MLBS_DP1_537000_4142000_classified_point_cloud.laz","2018_MLBS_3_537000_4142000_image.tif","Tree",1,537000,537999.999,4142000,4142999.999
"14475",14475,537753.506,537760.487,4142814.019,4142818.495,"Silva","NEON_D07_MLBS_DP1_537000_4142000_classified_point_cloud.laz","2018_MLBS_3_537000_4142000_image.tif","Tree",1,537000,537999.999,4142000,4142999.999
"14476",14476,537773.506,537782.987,4142812.005,4142819.355,"Silva","NEON_D07_MLBS_DP1_537000_4142000_classified_point_cloud.laz","2018_MLBS_3_537000_4142000_image.tif","Tree",1,537000,537999.999,4142000,4142999.999
"14477",14477,537783.511,537789.834,4142813.019,4142818.342,"Silva","NEON_D07_MLBS_DP1_537000_4142000_classified_point_cloud.laz","2018_MLBS_3_537000_4142000_image.tif","Tree",1,537000,537999.999,4142000,4142999.999
"14478",14478,537749.559,537757.497,4142816.503,4142822.993,"Silva","NEON_D07_MLBS_DP1_537000_4142000_classified_point_cloud.laz","2018_MLBS_3_537000_4142000_image.tif","Tree",1,537000,537999.999,4142000,4142999.999
"14479",14479,537758.692,537763.392,4142817.544,4142822.393,"Silva","NEON_D07_MLBS_DP1_537000_4142000_classified_point_cloud.laz","2018_MLBS_3_537000_4142000_image.tif","Tree",1,537000,537999.999,4142000,4142999.999
"14480",14480,537763.033,537767.998,4142816.503,4142822.982,"Silva","NEON_D07_MLBS_DP1_537000_4142000_classified_point_cloud.laz","2018_MLBS_3_537000_4142000_image.tif","Tree",1,537000,537999.999,4142000,4142999.999
"14481",14481,537780.318,537787.479,4142813.156,4142821.822,"Silva","NEON_D07_MLBS_DP1_537000_4142000_classified_point_cloud.laz","2018_MLBS_3_537000_4142000_image.tif","Tree",1,537000,537999.999,4142000,4142999.999
"14482",14482,537755.552,537759.972,4142818.52,4142824.887,"Silva","NEON_D07_MLBS_DP1_537000_4142000_classified_point_cloud.laz","2018_MLBS_3_537000_4142000_image.tif","Tree",1,537000,537999.999,4142000,4142999.999
"14483",14483,537787.63,537794.949,4142816.028,4142820.479,"Silva","NEON_D07_MLBS_DP1_537000_4142000_classified_point_cloud.laz","2018_MLBS_3_537000_4142000_image.tif","Tree",1,537000,537999.999,4142000,4142999.999
"14484",14484,537774.513,537779.49,4142819.037,4142827.473,"Silva","NEON_D07_MLBS_DP1_537000_4142000_classified_point_cloud.laz","2018_MLBS_3_537000_4142000_image.tif","Tree",1,537000,537999.999,4142000,4142999.999
"14485",14485,537751.515,537758.452,4142823.025,4142830.97,"Silva","NEON_D07_MLBS_DP1_537000_4142000_classified_point_cloud.laz","2018_MLBS_3_537000_4142000_image.tif","Tree",1,537000,537999.999,4142000,4142999.999
"14486",14486,537779.518,537786.492,4142819.576,4142826.251,"Silva","NEON_D07_MLBS_DP1_537000_4142000_classified_point_cloud.laz","2018_MLBS_3_537000_4142000_image.tif","Tree",1,537000,537999.999,4142000,4142999.999
"14487",14487,537799.011,537808.478,4142817.572,4142825.955,"Silva","NEON_D07_MLBS_DP1_537000_4142000_classified_point_cloud.laz","2018_MLBS_3_537000_4142000_image.tif","Tree",1,537000,537999.999,4142000,4142999.999
"14488",14488,537791.015,537799.992,4142817.527,4142826.991,"Silva","NEON_D07_MLBS_DP1_537000_4142000_classified_point_cloud.laz","2018_MLBS_3_537000_4142000_image.tif","Tree",1,537000,537999.999,4142000,4142999.999
"14489",14489,537807.535,537817.871,4142818.001,4142825.454,"Silva","NEON_D07_MLBS_DP1_537000_4142000_classified_point_cloud.laz","2018_MLBS_3_537000_4142000_image.tif","Tree",1,537000,537999.999,4142000,4142999.999
"14490",14490,537752.627,537762.479,4142825.069,4142832,"Silva","NEON_D07_MLBS_DP1_537000_4142000_classified_point_cloud.laz","2018_MLBS_3_537000_4142000_image.tif","Tree",1,537000,537999.999,4142000,4142999.999
"14491",14491,537780.009,537786.498,4142825.081,4142831.956,"Silva","NEON_D07_MLBS_DP1_537000_4142000_classified_point_cloud.laz","2018_MLBS_3_537000_4142000_image.tif","Tree",1,537000,537999.999,4142000,4142999.999
"14492",14492,537800.617,537808.463,4142823.836,4142831.439,"Silva","NEON_D07_MLBS_DP1_537000_4142000_classified_point_cloud.laz","2018_MLBS_3_537000_4142000_image.tif","Tree",1,537000,537999.999,4142000,4142999.999
"14493",14493,537786.532,537793.989,4142824.515,4142831.962,"Silva","NEON_D07_MLBS_DP1_537000_4142000_classified_point_cloud.laz","2018_MLBS_3_537000_4142000_image.tif","Tree",1,537000,537999.999,4142000,4142999.999
"14494",14494,537766.555,537773.918,4142827.005,4142835.496,"Silva","NEON_D07_MLBS_DP1_537000_4142000_classified_point_cloud.laz","2018_MLBS_3_537000_4142000_image.tif","Tree",1,537000,537999.999,4142000,4142999.999
"14495",14495,537761.003,537768.992,4142830.008,4142838.234,"Silva","NEON_D07_MLBS_DP1_537000_4142000_classified_point_cloud.laz","2018_MLBS_3_537000_4142000_image.tif","Tree",1,537000,537999.999,4142000,4142999.999
"14496",14496,537772.006,537780.983,4142829.561,4142838.254,"Silva","NEON_D07_MLBS_DP1_537000_4142000_classified_point_cloud.laz","2018_MLBS_3_537000_4142000_image.tif","Tree",1,537000,537999.999,4142000,4142999.999
"14497",14497,537752.013,537761.492,4142831.504,4142839.992,"Silva","NEON_D07_MLBS_DP1_537000_4142000_classified_point_cloud.laz","2018_MLBS_3_537000_4142000_image.tif","Tree",1,537000,537999.999,4142000,4142999.999
"14498",14498,537796.508,537801.983,4142826.002,4142836.757,"Silva","NEON_D07_MLBS_DP1_537000_4142000_classified_point_cloud.laz","2018_MLBS_3_537000_4142000_image.tif","Tree",1,537000,537999.999,4142000,4142999.999
"14499",14499,537748.005,537755.47,4142833.075,4142841.48,"Silva","NEON_D07_MLBS_DP1_537000_4142000_classified_point_cloud.laz","2018_MLBS_3_537000_4142000_image.tif","Tree",1,537000,537999.999,4142000,4142999.999
"14500",14500,537785.501,537791.41,4142832.064,4142839.962,"Silva","NEON_D07_MLBS_DP1_537000_4142000_classified_point_cloud.laz","2018_MLBS_3_537000_4142000_image.tif","Tree",1,537000,537999.999,4142000,4142999.999
"14501",14501,537803.017,537811.44,4142831.018,4142840.476,"Silva","NEON_D07_MLBS_DP1_537000_4142000_classified_point_cloud.laz","2018_MLBS_3_537000_4142000_image.tif","Tree",1,537000,537999.999,4142000,4142999.999
"14502",14502,537766.004,537775.45,4142835.56,4142842.457,"Silva","NEON_D07_MLBS_DP1_537000_4142000_classified_point_cloud.laz","2018_MLBS_3_537000_4142000_image.tif","Tree",1,537000,537999.999,4142000,4142999.999
"14503",14503,537757.631,537766.847,4142837.269,4142844.934,"Silva","NEON_D07_MLBS_DP1_537000_4142000_classified_point_cloud.laz","2018_MLBS_3_537000_4142000_image.tif","Tree",1,537000,537999.999,4142000,4142999.999
"14504",14504,537781.036,537788.954,4142836.004,4142843.83,"Silva","NEON_D07_MLBS_DP1_537000_4142000_classified_point_cloud.laz","2018_MLBS_3_537000_4142000_image.tif","Tree",1,537000,537999.999,4142000,4142999.999
"14505",14505,537789.02,537798.497,4142837.008,4142845.277,"Silva","NEON_D07_MLBS_DP1_537000_4142000_classified_point_cloud.laz","2018_MLBS_3_537000_4142000_image.tif","Tree",1,537000,537999.999,4142000,4142999.999
"14506",14506,537805.588,537813.891,4142834.565,4142843.907,"Silva","NEON_D07_MLBS_DP1_537000_4142000_classified_point_cloud.laz","2018_MLBS_3_537000_4142000_image.tif","Tree",1,537000,537999.999,4142000,4142999.999
"14507",14507,537748.108,537753.483,4142841.006,4142847.479,"Silva","NEON_D07_MLBS_DP1_537000_4142000_classified_point_cloud.laz","2018_MLBS_3_537000_4142000_image.tif","Tree",1,537000,537999.999,4142000,4142999.999
"14508",14508,537752.074,537758.963,4142839.52,4142848.968,"Silva","NEON_D07_MLBS_DP1_537000_4142000_classified_point_cloud.laz","2018_MLBS_3_537000_4142000_image.tif","Tree",1,537000,537999.999,4142000,4142999.999
"14509",14509,537768.159,537773.984,4142840.142,4142847.402,"Silva","NEON_D07_MLBS_DP1_537000_4142000_classified_point_cloud.laz","2018_MLBS_3_537000_4142000_image.tif","Tree",1,537000,537999.999,4142000,4142999.999
"14510",14510,537773.036,537778.495,4142838.651,4142848.376,"Silva","NEON_D07_MLBS_DP1_537000_4142000_classified_point_cloud.laz","2018_MLBS_3_537000_4142000_image.tif","Tree",1,537000,537999.999,4142000,4142999.999
"14511",14511,537785.513,537794.942,4142840.509,4142849.465,"Silva","NEON_D07_MLBS_DP1_537000_4142000_classified_point_cloud.laz","2018_MLBS_3_537000_4142000_image.tif","Tree",1,537000,537999.999,4142000,4142999.999
"14512",14512,537795.013,537805.477,4142838.11,4142847.474,"Silva","NEON_D07_MLBS_DP1_537000_4142000_classified_point_cloud.laz","2018_MLBS_3_537000_4142000_image.tif","Tree",1,537000,537999.999,4142000,4142999.999
"14513",14513,537760.525,537765.474,4142844.072,4142849.405,"Silva","NEON_D07_MLBS_DP1_537000_4142000_classified_point_cloud.laz","2018_MLBS_3_537000_4142000_image.tif","Tree",1,537000,537999.999,4142000,4142999.999
"14514",14514,537777.681,537785.291,4142843.574,4142849.999,"Silva","NEON_D07_MLBS_DP1_537000_4142000_classified_point_cloud.laz","2018_MLBS_3_537000_4142000_image.tif","Tree",1,537000,537999.999,4142000,4142999.999
"14515",14515,537801.547,537809.919,4142841.561,4142850.982,"Silva","NEON_D07_MLBS_DP1_537000_4142000_classified_point_cloud.laz","2018_MLBS_3_537000_4142000_image.tif","Tree",1,537000,537999.999,4142000,4142999.999
"14516",14516,537745.505,537753.989,4142847.502,4142855.879,"Silva","NEON_D07_MLBS_DP1_537000_4142000_classified_point_cloud.laz","2018_MLBS_3_537000_4142000_image.tif","Tree",1,537000,537999.999,4142000,4142999.999
"14517",14517,537760.518,537765.495,4142849.529,4142855.89,"Silva","NEON_D07_MLBS_DP1_537000_4142000_classified_point_cloud.laz","2018_MLBS_3_537000_4142000_image.tif","Tree",1,537000,537999.999,4142000,4142999.999
"14518",14518,537769.501,537775.964,4142847.519,4142855.469,"Silva","NEON_D07_MLBS_DP1_537000_4142000_classified_point_cloud.laz","2018_MLBS_3_537000_4142000_image.tif","Tree",1,537000,537999.999,4142000,4142999.999
"14519",14519,537751.004,537758.429,4142849.249,4142858.86,"Silva","NEON_D07_MLBS_DP1_537000_4142000_classified_point_cloud.laz","2018_MLBS_3_537000_4142000_image.tif","Tree",1,537000,537999.999,4142000,4142999.999
"14520",14520,537780.54,537786.398,4142849.71,4142856.486,"Silva","NEON_D07_MLBS_DP1_537000_4142000_classified_point_cloud.laz","2018_MLBS_3_537000_4142000_image.tif","Tree",1,537000,537999.999,4142000,4142999.999
"14521",14521,537775.013,537780.992,4142848.264,4142857.422,"Silva","NEON_D07_MLBS_DP1_537000_4142000_classified_point_cloud.laz","2018_MLBS_3_537000_4142000_image.tif","Tree",1,537000,537999.999,4142000,4142999.999
"14522",14522,537804.156,537813.933,4142847.884,4142855.495,"Silva","NEON_D07_MLBS_DP1_537000_4142000_classified_point_cloud.laz","2018_MLBS_3_537000_4142000_image.tif","Tree",1,537000,537999.999,4142000,4142999.999
"14523",14523,537792.044,537798.454,4142848.006,4142857.484,"Silva","NEON_D07_MLBS_DP1_537000_4142000_classified_point_cloud.laz","2018_MLBS_3_537000_4142000_image.tif","Tree",1,537000,537999.999,4142000,4142999.999
"14524",14524,537801.014,537808.984,4142851.515,4142860.452,"Silva","NEON_D07_MLBS_DP1_537000_4142000_classified_point_cloud.laz","2018_MLBS_3_537000_4142000_image.tif","Tree",1,537000,537999.999,4142000,4142999.999
"14525",14525,537771.553,537778.997,4142854.505,4142860.449,"Silva","NEON_D07_MLBS_DP1_537000_4142000_classified_point_cloud.laz","2018_MLBS_3_537000_4142000_image.tif","Tree",1,537000,537999.999,4142000,4142999.999
"14526",14526,537781.011,537789.478,4142854.526,4142861.398,"Silva","NEON_D07_MLBS_DP1_537000_4142000_classified_point_cloud.laz","2018_MLBS_3_537000_4142000_image.tif","Tree",1,537000,537999.999,4142000,4142999.999
"14527",14527,537760.514,537767.999,4142856.031,4142866.461,"Silva","NEON_D07_MLBS_DP1_537000_4142000_classified_point_cloud.laz","2018_MLBS_3_537000_4142000_image.tif","Tree",1,537000,537999.999,4142000,4142999.999
"14528",14528,537778.501,537787.493,4142857.063,4142865.901,"Silva","NEON_D07_MLBS_DP1_537000_4142000_classified_point_cloud.laz","2018_MLBS_3_537000_4142000_image.tif","Tree",1,537000,537999.999,4142000,4142999.999
"14529",14529,537751.505,537763.494,4142858.562,4142868.49,"Silva","NEON_D07_MLBS_DP1_537000_4142000_classified_point_cloud.laz","2018_MLBS_3_537000_4142000_image.tif","Tree",1,537000,537999.999,4142000,4142999.999
"14530",14530,537802.017,537811.998,4142855.541,4142866.424,"Silva","NEON_D07_MLBS_DP1_537000_4142000_classified_point_cloud.laz","2018_MLBS_3_537000_4142000_image.tif","Tree",1,537000,537999.999,4142000,4142999.999
"14531",14531,537787.506,537798.436,4142857.04,4142865.499,"Silva","NEON_D07_MLBS_DP1_537000_4142000_classified_point_cloud.laz","2018_MLBS_3_537000_4142000_image.tif","Tree",1,537000,537999.999,4142000,4142999.999
"14532",14532,537773.561,537782.995,4142860.528,4142870.465,"Silva","NEON_D07_MLBS_DP1_537000_4142000_classified_point_cloud.laz","2018_MLBS_3_537000_4142000_image.tif","Tree",1,537000,537999.999,4142000,4142999.999
"14533",14533,537788.514,537797.496,4142864.015,4142869.967,"Silva","NEON_D07_MLBS_DP1_537000_4142000_classified_point_cloud.laz","2018_MLBS_3_537000_4142000_image.tif","Tree",1,537000,537999.999,4142000,4142999.999
"14534",14534,537782.522,537789.989,4142863.006,4142871.485,"Silva","NEON_D07_MLBS_DP1_537000_4142000_classified_point_cloud.laz","2018_MLBS_3_537000_4142000_image.tif","Tree",1,537000,537999.999,4142000,4142999.999
"14535",14535,537762.501,537773.997,4142864.015,4142872.969,"Silva","NEON_D07_MLBS_DP1_537000_4142000_classified_point_cloud.laz","2018_MLBS_3_537000_4142000_image.tif","Tree",1,537000,537999.999,4142000,4142999.999
"14536",14536,537798.073,537809.484,4142863.028,4142873.487,"Silva","NEON_D07_MLBS_DP1_537000_4142000_classified_point_cloud.laz","2018_MLBS_3_537000_4142000_image.tif","Tree",1,537000,537999.999,4142000,4142999.999
"14537",14537,537771.049,537780.495,4142867.503,4142877.985,"Silva","NEON_D07_MLBS_DP1_537000_4142000_classified_point_cloud.laz","2018_MLBS_3_537000_4142000_image.tif","Tree",1,537000,537999.999,4142000,4142999.999
"14538",14538,537788.022,537796.49,4142868.001,4142876.486,"Silva","NEON_D07_MLBS_DP1_537000_4142000_classified_point_cloud.laz","2018_MLBS_3_537000_4142000_image.tif","Tree",1,537000,537999.999,4142000,4142999.999
"14539",14539,537796.006,537803.48,4142865.518,4142878.453,"Silva","NEON_D07_MLBS_DP1_537000_4142000_classified_point_cloud.laz","2018_MLBS_3_537000_4142000_image.tif","Tree",1,537000,537999.999,4142000,4142999.999
"14540",14540,537803.509,537810.852,4142866.504,4142875.999,"Silva","NEON_D07_MLBS_DP1_537000_4142000_classified_point_cloud.laz","2018_MLBS_3_537000_4142000_image.tif","Tree",1,537000,537999.999,4142000,4142999.999
"14541",14541,537779.001,537788.989,4142869.139,4142878.996,"Silva","NEON_D07_MLBS_DP1_537000_4142000_classified_point_cloud.laz","2018_MLBS_3_537000_4142000_image.tif","Tree",1,537000,537999.999,4142000,4142999.999
"14542",14542,537809.585,537816.936,4142826.188,4142834.469,"Silva","NEON_D07_MLBS_DP1_537000_4142000_classified_point_cloud.laz","2018_MLBS_3_537000_4142000_image.tif","Tree",1,537000,537999.999,4142000,4142999.999
"14543",14543,537812.094,537819.493,4142832.004,4142837.48,"Silva","NEON_D07_MLBS_DP1_537000_4142000_classified_point_cloud.laz","2018_MLBS_3_537000_4142000_image.tif","Tree",1,537000,537999.999,4142000,4142999.999
"14544",14544,537818.62,537828.886,4142831.807,4142839.849,"Silva","NEON_D07_MLBS_DP1_537000_4142000_classified_point_cloud.laz","2018_MLBS_3_537000_4142000_image.tif","Tree",1,537000,537999.999,4142000,4142999.999
"14545",14545,537809.642,537817.99,4142842.023,4142851.923,"Silva","NEON_D07_MLBS_DP1_537000_4142000_classified_point_cloud.laz","2018_MLBS_3_537000_4142000_image.tif","Tree",1,537000,537999.999,4142000,4142999.999
"14546",14546,537814.051,537820.972,4142845.582,4142853.978,"Silva","NEON_D07_MLBS_DP1_537000_4142000_classified_point_cloud.laz","2018_MLBS_3_537000_4142000_image.tif","Tree",1,537000,537999.999,4142000,4142999.999
"14547",14547,537820.001,537827.991,4142845.579,4142853.994,"Silva","NEON_D07_MLBS_DP1_537000_4142000_classified_point_cloud.laz","2018_MLBS_3_537000_4142000_image.tif","Tree",1,537000,537999.999,4142000,4142999.999
"14548",14548,537810.544,537817.978,4142853.016,4142864.995,"Silva","NEON_D07_MLBS_DP1_537000_4142000_classified_point_cloud.laz","2018_MLBS_3_537000_4142000_image.tif","Tree",1,537000,537999.999,4142000,4142999.999
"14549",14549,537820.04,537827.919,4142856.103,4142862.988,"Silva","NEON_D07_MLBS_DP1_537000_4142000_classified_point_cloud.laz","2018_MLBS_3_537000_4142000_image.tif","Tree",1,537000,537999.999,4142000,4142999.999
"14550",14550,537817.148,537825.981,4142861.51,4142867.996,"Silva","NEON_D07_MLBS_DP1_537000_4142000_classified_point_cloud.laz","2018_MLBS_3_537000_4142000_image.tif","Tree",1,537000,537999.999,4142000,4142999.999
"14551",14551,537811.003,537820.969,4142863.505,4142873.489,"Silva","NEON_D07_MLBS_DP1_537000_4142000_classified_point_cloud.laz","2018_MLBS_3_537000_4142000_image.tif","Tree",1,537000,537999.999,4142000,4142999.999
"14552",14552,537819.038,537826.956,4142868.013,4142874.467,"Silva","NEON_D07_MLBS_DP1_537000_4142000_classified_point_cloud.laz","2018_MLBS_3_537000_4142000_image.tif","Tree",1,537000,537999.999,4142000,4142999.999
"14553",14553,537762.524,537770.97,4142871.053,4142877.93,"Silva","NEON_D07_MLBS_DP1_537000_4142000_classified_point_cloud.laz","2018_MLBS_3_537000_4142000_image.tif","Tree",1,537000,537999.999,4142000,4142999.999
"14554",14554,537752.507,537762.498,4142874.502,4142880.496,"Silva","NEON_D07_MLBS_DP1_537000_4142000_classified_point_cloud.laz","2018_MLBS_3_537000_4142000_image.tif","Tree",1,537000,537999.999,4142000,4142999.999
"14555",14555,537769.502,537778.976,4142873.043,4142881,"Silva","NEON_D07_MLBS_DP1_537000_4142000_classified_point_cloud.laz","2018_MLBS_3_537000_4142000_image.tif","Tree",1,537000,537999.999,4142000,4142999.999
"14556",14556,537762.037,537770.465,4142876.655,4142885.47,"Silva","NEON_D07_MLBS_DP1_537000_4142000_classified_point_cloud.laz","2018_MLBS_3_537000_4142000_image.tif","Tree",1,537000,537999.999,4142000,4142999.999
"14557",14557,537804.87,537813.397,4142875.022,4142881.393,"Silva","NEON_D07_MLBS_DP1_537000_4142000_classified_point_cloud.laz","2018_MLBS_3_537000_4142000_image.tif","Tree",1,537000,537999.999,4142000,4142999.999
"14558",14558,537749.004,537756.494,4142877.264,4142886.49,"Silva","NEON_D07_MLBS_DP1_537000_4142000_classified_point_cloud.laz","2018_MLBS_3_537000_4142000_image.tif","Tree",1,537000,537999.999,4142000,4142999.999
"14559",14559,537756,537764.932,4142879.024,4142887.995,"Silva","NEON_D07_MLBS_DP1_537000_4142000_classified_point_cloud.laz","2018_MLBS_3_537000_4142000_image.tif","Tree",1,537000,537999.999,4142000,4142999.999
"14560",14560,537797.513,537807.374,4142876.019,4142883.957,"Silva","NEON_D07_MLBS_DP1_537000_4142000_classified_point_cloud.laz","2018_MLBS_3_537000_4142000_image.tif","Tree",1,537000,537999.999,4142000,4142999.999
"14561",14561,537781.021,537790.496,4142878.013,4142886.348,"Silva","NEON_D07_MLBS_DP1_537000_4142000_classified_point_cloud.laz","2018_MLBS_3_537000_4142000_image.tif","Tree",1,537000,537999.999,4142000,4142999.999
"14562",14562,537765.725,537776.45,4142880.013,4142887,"Silva","NEON_D07_MLBS_DP1_537000_4142000_classified_point_cloud.laz","2018_MLBS_3_537000_4142000_image.tif","Tree",1,537000,537999.999,4142000,4142999.999
"14563",14563,537776.537,537782.867,4142878.505,4142889.449,"Silva","NEON_D07_MLBS_DP1_537000_4142000_classified_point_cloud.laz","2018_MLBS_3_537000_4142000_image.tif","Tree",1,537000,537999.999,4142000,4142999.999
"14564",14564,537782.052,537789.485,4142882.548,4142890.343,"Silva","NEON_D07_MLBS_DP1_537000_4142000_classified_point_cloud.laz","2018_MLBS_3_537000_4142000_image.tif","Tree",1,537000,537999.999,4142000,4142999.999
"14565",14565,537811.512,537815.452,4142879.012,4142888.497,"Silva","NEON_D07_MLBS_DP1_537000_4142000_classified_point_cloud.laz","2018_MLBS_3_537000_4142000_image.tif","Tree",1,537000,537999.999,4142000,4142999.999
"14566",14566,537791.531,537799.991,4142879.018,4142888.499,"Silva","NEON_D07_MLBS_DP1_537000_4142000_classified_point_cloud.laz","2018_MLBS_3_537000_4142000_image.tif","Tree",1,537000,537999.999,4142000,4142999.999
"14567",14567,537799.502,537806.342,4142882.006,4142889.806,"Silva","NEON_D07_MLBS_DP1_537000_4142000_classified_point_cloud.laz","2018_MLBS_3_537000_4142000_image.tif","Tree",1,537000,537999.999,4142000,4142999.999
"14568",14568,537774.031,537780.457,4142882.549,4142891.957,"Silva","NEON_D07_MLBS_DP1_537000_4142000_classified_point_cloud.laz","2018_MLBS_3_537000_4142000_image.tif","Tree",1,537000,537999.999,4142000,4142999.999
"14569",14569,537749.031,537758.487,4142886.024,4142895.348,"Silva","NEON_D07_MLBS_DP1_537000_4142000_classified_point_cloud.laz","2018_MLBS_3_537000_4142000_image.tif","Tree",1,537000,537999.999,4142000,4142999.999
"14570",14570,537769.58,537776.482,4142885.661,4142893.967,"Silva","NEON_D07_MLBS_DP1_537000_4142000_classified_point_cloud.laz","2018_MLBS_3_537000_4142000_image.tif","Tree",1,537000,537999.999,4142000,4142999.999
"14571",14571,537762.576,537771.325,4142885.598,4142892.984,"Silva","NEON_D07_MLBS_DP1_537000_4142000_classified_point_cloud.laz","2018_MLBS_3_537000_4142000_image.tif","Tree",1,537000,537999.999,4142000,4142999.999
"14572",14572,537788.612,537797.824,4142885.541,4142895.992,"Silva","NEON_D07_MLBS_DP1_537000_4142000_classified_point_cloud.laz","2018_MLBS_3_537000_4142000_image.tif","Tree",1,537000,537999.999,4142000,4142999.999
"14573",14573,537755.504,537763.851,4142887.507,4142895.498,"Silva","NEON_D07_MLBS_DP1_537000_4142000_classified_point_cloud.laz","2018_MLBS_3_537000_4142000_image.tif","Tree",1,537000,537999.999,4142000,4142999.999
"14574",14574,537803.582,537810.625,4142885.016,4142894.417,"Silva","NEON_D07_MLBS_DP1_537000_4142000_classified_point_cloud.laz","2018_MLBS_3_537000_4142000_image.tif","Tree",1,537000,537999.999,4142000,4142999.999
"14575",14575,537779.516,537785.188,4142909.532,4142915.948,"Silva","NEON_D07_MLBS_DP1_537000_4142000_classified_point_cloud.laz","2018_MLBS_3_537000_4142000_image.tif","Tree",1,537000,537999.999,4142000,4142999.999
"14576",14576,537784.692,537789.976,4142908.554,4142915.453,"Silva","NEON_D07_MLBS_DP1_537000_4142000_classified_point_cloud.laz","2018_MLBS_3_537000_4142000_image.tif","Tree",1,537000,537999.999,4142000,4142999.999
"14577",14577,537808.003,537815.476,4142935.546,4142944.487,"Silva","NEON_D07_MLBS_DP1_537000_4142000_classified_point_cloud.laz","2018_MLBS_3_537000_4142000_image.tif","Tree",1,537000,537999.999,4142000,4142999.999
"14578",14578,537792.502,537797.983,4142937.123,4142943.999,"Silva","NEON_D07_MLBS_DP1_537000_4142000_classified_point_cloud.laz","2018_MLBS_3_537000_4142000_image.tif","Tree",1,537000,537999.999,4142000,4142999.999
"14579",14579,537781.512,537787.483,4142938.516,4142944.372,"Silva","NEON_D07_MLBS_DP1_537000_4142000_classified_point_cloud.laz","2018_MLBS_3_537000_4142000_image.tif","Tree",1,537000,537999.999,4142000,4142999.999
"14580",14580,537799.111,537807.991,4142934.509,4142942.339,"Silva","NEON_D07_MLBS_DP1_537000_4142000_classified_point_cloud.laz","2018_MLBS_3_537000_4142000_image.tif","Tree",1,537000,537999.999,4142000,4142999.999
"14581",14581,537780.098,537788.263,4142933.153,4142938.47,"Silva","NEON_D07_MLBS_DP1_537000_4142000_classified_point_cloud.laz","2018_MLBS_3_537000_4142000_image.tif","Tree",1,537000,537999.999,4142000,4142999.999
"14582",14582,537767.085,537775.391,4142930.609,4142939.375,"Silva","NEON_D07_MLBS_DP1_537000_4142000_classified_point_cloud.laz","2018_MLBS_3_537000_4142000_image.tif","Tree",1,537000,537999.999,4142000,4142999.999
"14583",14583,537776.066,537784.495,4142926.506,4142935.989,"Silva","NEON_D07_MLBS_DP1_537000_4142000_classified_point_cloud.laz","2018_MLBS_3_537000_4142000_image.tif","Tree",1,537000,537999.999,4142000,4142999.999
"14584",14584,537769.029,537775.321,4142927.041,4142934.989,"Silva","NEON_D07_MLBS_DP1_537000_4142000_classified_point_cloud.laz","2018_MLBS_3_537000_4142000_image.tif","Tree",1,537000,537999.999,4142000,4142999.999
"14585",14585,537806.507,537817.956,4142919.522,4142926.992,"Silva","NEON_D07_MLBS_DP1_537000_4142000_classified_point_cloud.laz","2018_MLBS_3_537000_4142000_image.tif","Tree",1,537000,537999.999,4142000,4142999.999
"14586",14586,537782.51,537791.474,4142920.006,4142927.992,"Silva","NEON_D07_MLBS_DP1_537000_4142000_classified_point_cloud.laz","2018_MLBS_3_537000_4142000_image.tif","Tree",1,537000,537999.999,4142000,4142999.999
"14587",14587,537760.006,537766.995,4142922.501,4142929.464,"Silva","NEON_D07_MLBS_DP1_537000_4142000_classified_point_cloud.laz","2018_MLBS_3_537000_4142000_image.tif","Tree",1,537000,537999.999,4142000,4142999.999
"14588",14588,537766.559,537775.999,4142919.62,4142927.47,"Silva","NEON_D07_MLBS_DP1_537000_4142000_classified_point_cloud.laz","2018_MLBS_3_537000_4142000_image.tif","Tree",1,537000,537999.999,4142000,4142999.999
"14589",14589,537791.5,537799.497,4142918.504,4142924.944,"Silva","NEON_D07_MLBS_DP1_537000_4142000_classified_point_cloud.laz","2018_MLBS_3_537000_4142000_image.tif","Tree",1,537000,537999.999,4142000,4142999.999
"14590",14590,537798.521,537806.49,4142915.506,4142922.991,"Silva","NEON_D07_MLBS_DP1_537000_4142000_classified_point_cloud.laz","2018_MLBS_3_537000_4142000_image.tif","Tree",1,537000,537999.999,4142000,4142999.999
"14591",14591,537778.016,537784.879,4142917.86,4142926.473,"Silva","NEON_D07_MLBS_DP1_537000_4142000_classified_point_cloud.laz","2018_MLBS_3_537000_4142000_image.tif","Tree",1,537000,537999.999,4142000,4142999.999
"14592",14592,537768.504,537776.487,4142915.507,4142924.446,"Silva","NEON_D07_MLBS_DP1_537000_4142000_classified_point_cloud.laz","2018_MLBS_3_537000_4142000_image.tif","Tree",1,537000,537999.999,4142000,4142999.999
"14593",14593,537775.033,537780.468,4142916.569,4142924.317,"Silva","NEON_D07_MLBS_DP1_537000_4142000_classified_point_cloud.laz","2018_MLBS_3_537000_4142000_image.tif","Tree",1,537000,537999.999,4142000,4142999.999
"14594",14594,537780.577,537786.491,4142915.016,4142920.912,"Silva","NEON_D07_MLBS_DP1_537000_4142000_classified_point_cloud.laz","2018_MLBS_3_537000_4142000_image.tif","Tree",1,537000,537999.999,4142000,4142999.999
"14595",14595,537759.099,537768.48,4142915.521,4142922.955,"Silva","NEON_D07_MLBS_DP1_537000_4142000_classified_point_cloud.laz","2018_MLBS_3_537000_4142000_image.tif","Tree",1,537000,537999.999,4142000,4142999.999
"14596",14596,537788.509,537794.437,4142909.515,4142917.886,"Silva","NEON_D07_MLBS_DP1_537000_4142000_classified_point_cloud.laz","2018_MLBS_3_537000_4142000_image.tif","Tree",1,537000,537999.999,4142000,4142999.999
"14597",14597,537745.046,537754.46,4142915.014,4142921.979,"Silva","NEON_D07_MLBS_DP1_537000_4142000_classified_point_cloud.laz","2018_MLBS_3_537000_4142000_image.tif","Tree",1,537000,537999.999,4142000,4142999.999
"14598",14598,537804.502,537812.971,4142906.509,4142913.976,"Silva","NEON_D07_MLBS_DP1_537000_4142000_classified_point_cloud.laz","2018_MLBS_3_537000_4142000_image.tif","Tree",1,537000,537999.999,4142000,4142999.999
"14599",14599,537770.948,537780.458,4142909.087,4142917.467,"Silva","NEON_D07_MLBS_DP1_537000_4142000_classified_point_cloud.laz","2018_MLBS_3_537000_4142000_image.tif","Tree",1,537000,537999.999,4142000,4142999.999
"14600",14600,537759.5,537765.459,4142907.508,4142915.972,"Silva","NEON_D07_MLBS_DP1_537000_4142000_classified_point_cloud.laz","2018_MLBS_3_537000_4142000_image.tif","Tree",1,537000,537999.999,4142000,4142999.999
"14601",14601,537753.5,537759.492,4142907.501,4142915,"Silva","NEON_D07_MLBS_DP1_537000_4142000_classified_point_cloud.laz","2018_MLBS_3_537000_4142000_image.tif","Tree",1,537000,537999.999,4142000,4142999.999
"14602",14602,537764.048,537772.445,4142906.555,4142916.408,"Silva","NEON_D07_MLBS_DP1_537000_4142000_classified_point_cloud.laz","2018_MLBS_3_537000_4142000_image.tif","Tree",1,537000,537999.999,4142000,4142999.999
"14603",14603,537773.508,537782.945,4142905.001,4142911.93,"Silva","NEON_D07_MLBS_DP1_537000_4142000_classified_point_cloud.laz","2018_MLBS_3_537000_4142000_image.tif","Tree",1,537000,537999.999,4142000,4142999.999
"14604",14604,537801.518,537810.478,4142901.52,4142908.493,"Silva","NEON_D07_MLBS_DP1_537000_4142000_classified_point_cloud.laz","2018_MLBS_3_537000_4142000_image.tif","Tree",1,537000,537999.999,4142000,4142999.999
"14605",14605,537788.532,537796.968,4142901.108,4142910.473,"Silva","NEON_D07_MLBS_DP1_537000_4142000_classified_point_cloud.laz","2018_MLBS_3_537000_4142000_image.tif","Tree",1,537000,537999.999,4142000,4142999.999
"14606",14606,537781.513,537788.999,4142903.009,4142909.498,"Silva","NEON_D07_MLBS_DP1_537000_4142000_classified_point_cloud.laz","2018_MLBS_3_537000_4142000_image.tif","Tree",1,537000,537999.999,4142000,4142999.999
"14607",14607,537797.035,537802.893,4142898.738,4142907.859,"Silva","NEON_D07_MLBS_DP1_537000_4142000_classified_point_cloud.laz","2018_MLBS_3_537000_4142000_image.tif","Tree",1,537000,537999.999,4142000,4142999.999
"14608",14608,537747.502,537755.968,4142900.069,4142909.444,"Silva","NEON_D07_MLBS_DP1_537000_4142000_classified_point_cloud.laz","2018_MLBS_3_537000_4142000_image.tif","Tree",1,537000,537999.999,4142000,4142999.999
"14609",14609,537790.009,537799.96,4142896.015,4142904.675,"Silva","NEON_D07_MLBS_DP1_537000_4142000_classified_point_cloud.laz","2018_MLBS_3_537000_4142000_image.tif","Tree",1,537000,537999.999,4142000,4142999.999
"14610",14610,537767.511,537775.48,4142899.514,4142909.449,"Silva","NEON_D07_MLBS_DP1_537000_4142000_classified_point_cloud.laz","2018_MLBS_3_537000_4142000_image.tif","Tree",1,537000,537999.999,4142000,4142999.999
"14611",14611,537761.505,537767.499,4142900.512,4142907.978,"Silva","NEON_D07_MLBS_DP1_537000_4142000_classified_point_cloud.laz","2018_MLBS_3_537000_4142000_image.tif","Tree",1,537000,537999.999,4142000,4142999.999
"14612",14612,537754.542,537761.972,4142901.001,4142908.498,"Silva","NEON_D07_MLBS_DP1_537000_4142000_classified_point_cloud.laz","2018_MLBS_3_537000_4142000_image.tif","Tree",1,537000,537999.999,4142000,4142999.999
"14613",14613,537800.029,537808.999,4142894.003,4142903.481,"Silva","NEON_D07_MLBS_DP1_537000_4142000_classified_point_cloud.laz","2018_MLBS_3_537000_4142000_image.tif","Tree",1,537000,537999.999,4142000,4142999.999
"14614",14614,537780.612,537789.457,4142896.674,4142903.464,"Silva","NEON_D07_MLBS_DP1_537000_4142000_classified_point_cloud.laz","2018_MLBS_3_537000_4142000_image.tif","Tree",1,537000,537999.999,4142000,4142999.999
"14615",14615,537768.103,537777.498,4142893.53,4142901.991,"Silva","NEON_D07_MLBS_DP1_537000_4142000_classified_point_cloud.laz","2018_MLBS_3_537000_4142000_image.tif","Tree",1,537000,537999.999,4142000,4142999.999
"14616",14616,537761.5,537767.493,4142894.539,4142901.481,"Silva","NEON_D07_MLBS_DP1_537000_4142000_classified_point_cloud.laz","2018_MLBS_3_537000_4142000_image.tif","Tree",1,537000,537999.999,4142000,4142999.999
"14617",14617,537754.035,537761.499,4142895.517,4142901.461,"Silva","NEON_D07_MLBS_DP1_537000_4142000_classified_point_cloud.laz","2018_MLBS_3_537000_4142000_image.tif","Tree",1,537000,537999.999,4142000,4142999.999
"14618",14618,537784.121,537793.764,4142889.538,4142900.985,"Silva","NEON_D07_MLBS_DP1_537000_4142000_classified_point_cloud.laz","2018_MLBS_3_537000_4142000_image.tif","Tree",1,537000,537999.999,4142000,4142999.999
"14619",14619,537775.564,537784.994,4142889.506,4142897.988,"Silva","NEON_D07_MLBS_DP1_537000_4142000_classified_point_cloud.laz","2018_MLBS_3_537000_4142000_image.tif","Tree",1,537000,537999.999,4142000,4142999.999
"14620",14620,537763.559,537771.976,4142892.508,4142899.469,"Silva","NEON_D07_MLBS_DP1_537000_4142000_classified_point_cloud.laz","2018_MLBS_3_537000_4142000_image.tif","Tree",1,537000,537999.999,4142000,4142999.999
"14621",14621,537807.56,537815.488,4142887.045,4142895.493,"Silva","NEON_D07_MLBS_DP1_537000_4142000_classified_point_cloud.laz","2018_MLBS_3_537000_4142000_image.tif","Tree",1,537000,537999.999,4142000,4142999.999
"14622",14622,537795.019,537804.48,4142888.117,4142897.971,"Silva","NEON_D07_MLBS_DP1_537000_4142000_classified_point_cloud.laz","2018_MLBS_3_537000_4142000_image.tif","Tree",1,537000,537999.999,4142000,4142999.999
"14623",14623,537745.023,537755.284,4142889.508,4142900.49,"Silva","NEON_D07_MLBS_DP1_537000_4142000_classified_point_cloud.laz","2018_MLBS_3_537000_4142000_image.tif","Tree",1,537000,537999.999,4142000,4142999.999
"14624",14624,537813.51,537822.498,4142873.508,4142881.972,"Silva","NEON_D07_MLBS_DP1_537000_4142000_classified_point_cloud.laz","2018_MLBS_3_537000_4142000_image.tif","Tree",1,537000,537999.999,4142000,4142999.999
"14625",14625,537815.001,537821.472,4142880.543,4142888.478,"Silva","NEON_D07_MLBS_DP1_537000_4142000_classified_point_cloud.laz","2018_MLBS_3_537000_4142000_image.tif","Tree",1,537000,537999.999,4142000,4142999.999
"14626",14626,537810.22,537816.752,4142912.544,4142921.477,"Silva","NEON_D07_MLBS_DP1_537000_4142000_classified_point_cloud.laz","2018_MLBS_3_537000_4142000_image.tif","Tree",1,537000,537999.999,4142000,4142999.999
"14627",14627,537814.722,537821.487,4142912.521,4142922.999,"Silva","NEON_D07_MLBS_DP1_537000_4142000_classified_point_cloud.laz","2018_MLBS_3_537000_4142000_image.tif","Tree",1,537000,537999.999,4142000,4142999.999
"14628",14628,537810.523,537821.968,4142903.141,4142912.486,"Silva","NEON_D07_MLBS_DP1_537000_4142000_classified_point_cloud.laz","2018_MLBS_3_537000_4142000_image.tif","Tree",1,537000,537999.999,4142000,4142999.999
"14629",14629,537815.002,537821.433,4142896.617,4142903.792,"Silva","NEON_D07_MLBS_DP1_537000_4142000_classified_point_cloud.laz","2018_MLBS_3_537000_4142000_image.tif","Tree",1,537000,537999.999,4142000,4142999.999
"14630",14630,537809.022,537817.949,4142892.523,4142899.492,"Silva","NEON_D07_MLBS_DP1_537000_4142000_classified_point_cloud.laz","2018_MLBS_3_537000_4142000_image.tif","Tree",1,537000,537999.999,4142000,4142999.999
"14631",14631,537815.5,537824.426,4142886.022,4142894,"Silva","NEON_D07_MLBS_DP1_537000_4142000_classified_point_cloud.laz","2018_MLBS_3_537000_4142000_image.tif","Tree",1,537000,537999.999,4142000,4142999.999
"14632",14632,537579.645,537589.999,4142937.112,4142946.903,"Silva","NEON_D07_MLBS_DP1_537000_4142000_classified_point_cloud.laz","2018_MLBS_3_537000_4142000_image.tif","Tree",1,537000,537999.999,4142000,4142999.999
"14633",14633,537589.509,537600.48,4142936.045,4142946.417,"Silva","NEON_D07_MLBS_DP1_537000_4142000_classified_point_cloud.laz","2018_MLBS_3_537000_4142000_image.tif","Tree",1,537000,537999.999,4142000,4142999.999
"14634",14634,537565.588,537573.49,4142940.034,4142949.995,"Silva","NEON_D07_MLBS_DP1_537000_4142000_classified_point_cloud.laz","2018_MLBS_3_537000_4142000_image.tif","Tree",1,537000,537999.999,4142000,4142999.999
"14635",14635,537551.766,537560.921,4142941.015,4142949.487,"Silva","NEON_D07_MLBS_DP1_537000_4142000_classified_point_cloud.laz","2018_MLBS_3_537000_4142000_image.tif","Tree",1,537000,537999.999,4142000,4142999.999
"14636",14636,537609.527,537617.423,4142935.514,4142945.287,"Silva","NEON_D07_MLBS_DP1_537000_4142000_classified_point_cloud.laz","2018_MLBS_3_537000_4142000_image.tif","Tree",1,537000,537999.999,4142000,4142999.999
"14637",14637,537553.736,537562.916,4142945.07,4142951.41,"Silva","NEON_D07_MLBS_DP1_537000_4142000_classified_point_cloud.laz","2018_MLBS_3_537000_4142000_image.tif","Tree",1,537000,537999.999,4142000,4142999.999
"14638",14638,537569.549,537578.466,4142944.003,4142950.992,"Silva","NEON_D07_MLBS_DP1_537000_4142000_classified_point_cloud.laz","2018_MLBS_3_537000_4142000_image.tif","Tree",1,537000,537999.999,4142000,4142999.999
"14639",14639,537605.578,537613.933,4142942.506,4142952.987,"Silva","NEON_D07_MLBS_DP1_537000_4142000_classified_point_cloud.laz","2018_MLBS_3_537000_4142000_image.tif","Tree",1,537000,537999.999,4142000,4142999.999
"14640",14640,537593.501,537601.498,4142944.046,4142951.939,"Silva","NEON_D07_MLBS_DP1_537000_4142000_classified_point_cloud.laz","2018_MLBS_3_537000_4142000_image.tif","Tree",1,537000,537999.999,4142000,4142999.999
"14641",14641,537576.603,537581.486,4142951.549,4142957.467,"Silva","NEON_D07_MLBS_DP1_537000_4142000_classified_point_cloud.laz","2018_MLBS_3_537000_4142000_image.tif","Tree",1,537000,537999.999,4142000,4142999.999
"14642",14642,537566.591,537575.497,4142950.503,4142958.951,"Silva","NEON_D07_MLBS_DP1_537000_4142000_classified_point_cloud.laz","2018_MLBS_3_537000_4142000_image.tif","Tree",1,537000,537999.999,4142000,4142999.999
"14643",14643,537585.504,537591.871,4142951.289,4142960.468,"Silva","NEON_D07_MLBS_DP1_537000_4142000_classified_point_cloud.laz","2018_MLBS_3_537000_4142000_image.tif","Tree",1,537000,537999.999,4142000,4142999.999
"14644",14644,537573.188,537580.33,4142955.578,4142961.495,"Silva","NEON_D07_MLBS_DP1_537000_4142000_classified_point_cloud.laz","2018_MLBS_3_537000_4142000_image.tif","Tree",1,537000,537999.999,4142000,4142999.999
"14645",14645,537611.518,537620.994,4142952.001,4142960.998,"Silva","NEON_D07_MLBS_DP1_537000_4142000_classified_point_cloud.laz","2018_MLBS_3_537000_4142000_image.tif","Tree",1,537000,537999.999,4142000,4142999.999
"14646",14646,537574.022,537581.479,4142960.093,4142967.951,"Silva","NEON_D07_MLBS_DP1_537000_4142000_classified_point_cloud.laz","2018_MLBS_3_537000_4142000_image.tif","Tree",1,537000,537999.999,4142000,4142999.999
"14647",14647,537583.502,537592.389,4142960.618,4142970.974,"Silva","NEON_D07_MLBS_DP1_537000_4142000_classified_point_cloud.laz","2018_MLBS_3_537000_4142000_image.tif","Tree",1,537000,537999.999,4142000,4142999.999
"14648",14648,537568.502,537575.466,4142964.005,4142970.475,"Silva","NEON_D07_MLBS_DP1_537000_4142000_classified_point_cloud.laz","2018_MLBS_3_537000_4142000_image.tif","Tree",1,537000,537999.999,4142000,4142999.999
"14649",14649,537578.027,537585.874,4142963.092,4142969.498,"Silva","NEON_D07_MLBS_DP1_537000_4142000_classified_point_cloud.laz","2018_MLBS_3_537000_4142000_image.tif","Tree",1,537000,537999.999,4142000,4142999.999
"14650",14650,537559.508,537569.474,4142962.512,4142972.975,"Silva","NEON_D07_MLBS_DP1_537000_4142000_classified_point_cloud.laz","2018_MLBS_3_537000_4142000_image.tif","Tree",1,537000,537999.999,4142000,4142999.999
"14651",14651,537581.038,537588.498,4142975.507,4142984.478,"Silva","NEON_D07_MLBS_DP1_537000_4142000_classified_point_cloud.laz","2018_MLBS_3_537000_4142000_image.tif","Tree",1,537000,537999.999,4142000,4142999.999
"14652",14652,537505.51,537512.952,4142935.043,4142943.849,"Silva","NEON_D07_MLBS_DP1_537000_4142000_classified_point_cloud.laz","2018_MLBS_3_537000_4142000_image.tif","Tree",1,537000,537999.999,4142000,4142999.999
"14653",14653,537511.502,537517.978,4142937.138,4142943.984,"Silva","NEON_D07_MLBS_DP1_537000_4142000_classified_point_cloud.laz","2018_MLBS_3_537000_4142000_image.tif","Tree",1,537000,537999.999,4142000,4142999.999
"14654",14654,537527.509,537538.928,4142934.508,4142947.476,"Silva","NEON_D07_MLBS_DP1_537000_4142000_classified_point_cloud.laz","2018_MLBS_3_537000_4142000_image.tif","Tree",1,537000,537999.999,4142000,4142999.999
"14655",14655,537517.55,537528.487,4142939.056,4142948.5,"Silva","NEON_D07_MLBS_DP1_537000_4142000_classified_point_cloud.laz","2018_MLBS_3_537000_4142000_image.tif","Tree",1,537000,537999.999,4142000,4142999.999
"14656",14656,537503.16,537510.486,4142941.041,4142949.998,"Silva","NEON_D07_MLBS_DP1_537000_4142000_classified_point_cloud.laz","2018_MLBS_3_537000_4142000_image.tif","Tree",1,537000,537999.999,4142000,4142999.999
"14657",14657,537510.5,537517.965,4142943.526,4142949.431,"Silva","NEON_D07_MLBS_DP1_537000_4142000_classified_point_cloud.laz","2018_MLBS_3_537000_4142000_image.tif","Tree",1,537000,537999.999,4142000,4142999.999
"14658",14658,537520.031,537532.412,4142945.505,4142953.919,"Silva","NEON_D07_MLBS_DP1_537000_4142000_classified_point_cloud.laz","2018_MLBS_3_537000_4142000_image.tif","Tree",1,537000,537999.999,4142000,4142999.999
"14659",14659,537504.089,537510.972,4142950.008,4142956.746,"Silva","NEON_D07_MLBS_DP1_537000_4142000_classified_point_cloud.laz","2018_MLBS_3_537000_4142000_image.tif","Tree",1,537000,537999.999,4142000,4142999.999
"14660",14660,537500.5,537505.98,4142954.508,4142961.499,"Silva","NEON_D07_MLBS_DP1_537000_4142000_classified_point_cloud.laz","2018_MLBS_3_537000_4142000_image.tif","Tree",1,537000,537999.999,4142000,4142999.999
"14661",14661,537508.612,537514.481,4142958.093,4142964.44,"Silva","NEON_D07_MLBS_DP1_537000_4142000_classified_point_cloud.laz","2018_MLBS_3_537000_4142000_image.tif","Tree",1,537000,537999.999,4142000,4142999.999
"14662",14662,537514.507,537521.497,4142954.001,4142964.977,"Silva","NEON_D07_MLBS_DP1_537000_4142000_classified_point_cloud.laz","2018_MLBS_3_537000_4142000_image.tif","Tree",1,537000,537999.999,4142000,4142999.999
"14663",14663,537520.535,537526.957,4142958.548,4142965.5,"Silva","NEON_D07_MLBS_DP1_537000_4142000_classified_point_cloud.laz","2018_MLBS_3_537000_4142000_image.tif","Tree",1,537000,537999.999,4142000,4142999.999
"14664",14664,537542.019,537552.489,4142954.003,4142965.5,"Silva","NEON_D07_MLBS_DP1_537000_4142000_classified_point_cloud.laz","2018_MLBS_3_537000_4142000_image.tif","Tree",1,537000,537999.999,4142000,4142999.999
"14665",14665,537526.519,537532.962,4142958.01,4142963.967,"Silva","NEON_D07_MLBS_DP1_537000_4142000_classified_point_cloud.laz","2018_MLBS_3_537000_4142000_image.tif","Tree",1,537000,537999.999,4142000,4142999.999
"14666",14666,537533.01,537543.997,4142954.015,4142967.457,"Silva","NEON_D07_MLBS_DP1_537000_4142000_classified_point_cloud.laz","2018_MLBS_3_537000_4142000_image.tif","Tree",1,537000,537999.999,4142000,4142999.999
"14667",14667,537525.512,537533.986,4142960.544,4142968.434,"Silva","NEON_D07_MLBS_DP1_537000_4142000_classified_point_cloud.laz","2018_MLBS_3_537000_4142000_image.tif","Tree",1,537000,537999.999,4142000,4142999.999
"14668",14668,537510.015,537520.495,4142966.01,4142974.498,"Silva","NEON_D07_MLBS_DP1_537000_4142000_classified_point_cloud.laz","2018_MLBS_3_537000_4142000_image.tif","Tree",1,537000,537999.999,4142000,4142999.999
"14669",14669,537528.509,537539.486,4142968.538,4142978.331,"Silva","NEON_D07_MLBS_DP1_537000_4142000_classified_point_cloud.laz","2018_MLBS_3_537000_4142000_image.tif","Tree",1,537000,537999.999,4142000,4142999.999
"14670",14670,537543.067,537554.956,4142965.501,4142975.49,"Silva","NEON_D07_MLBS_DP1_537000_4142000_classified_point_cloud.laz","2018_MLBS_3_537000_4142000_image.tif","Tree",1,537000,537999.999,4142000,4142999.999
"14671",14671,537521.017,537531.493,4142973.512,4142981.977,"Silva","NEON_D07_MLBS_DP1_537000_4142000_classified_point_cloud.laz","2018_MLBS_3_537000_4142000_image.tif","Tree",1,537000,537999.999,4142000,4142999.999
"14672",14672,537534.072,537544.981,4142975.502,4142983.996,"Silva","NEON_D07_MLBS_DP1_537000_4142000_classified_point_cloud.laz","2018_MLBS_3_537000_4142000_image.tif","Tree",1,537000,537999.999,4142000,4142999.999
"14673",14673,537545.013,537551.442,4142975.005,4142982.495,"Silva","NEON_D07_MLBS_DP1_537000_4142000_classified_point_cloud.laz","2018_MLBS_3_537000_4142000_image.tif","Tree",1,537000,537999.999,4142000,4142999.999
"14674",14674,537511.575,537519.969,4142978.103,4142986.442,"Silva","NEON_D07_MLBS_DP1_537000_4142000_classified_point_cloud.laz","2018_MLBS_3_537000_4142000_image.tif","Tree",1,537000,537999.999,4142000,4142999.999
"14675",14675,537502.593,537511.466,4142981.505,4142987.45,"Silva","NEON_D07_MLBS_DP1_537000_4142000_classified_point_cloud.laz","2018_MLBS_3_537000_4142000_image.tif","Tree",1,537000,537999.999,4142000,4142999.999
"14676",14676,537498.502,537508.972,4142983.043,4142990.493,"Silva","NEON_D07_MLBS_DP1_537000_4142000_classified_point_cloud.laz","2018_MLBS_3_537000_4142000_image.tif","Tree",1,537000,537999.999,4142000,4142999.999
"14677",14677,537528.049,537536.499,4142978.06,4142985.992,"Silva","NEON_D07_MLBS_DP1_537000_4142000_classified_point_cloud.laz","2018_MLBS_3_537000_4142000_image.tif","Tree",1,537000,537999.999,4142000,4142999.999
"14678",14678,537509.031,537515.973,4142982.562,4142991.828,"Silva","NEON_D07_MLBS_DP1_537000_4142000_classified_point_cloud.laz","2018_MLBS_3_537000_4142000_image.tif","Tree",1,537000,537999.999,4142000,4142999.999
"14679",14679,537514.003,537524.466,4142986.047,4142993.45,"Silva","NEON_D07_MLBS_DP1_537000_4142000_classified_point_cloud.laz","2018_MLBS_3_537000_4142000_image.tif","Tree",1,537000,537999.999,4142000,4142999.999
"14680",14680,537498.002,537505.993,4142987.517,4142995.989,"Silva","NEON_D07_MLBS_DP1_537000_4142000_classified_point_cloud.laz","2018_MLBS_3_537000_4142000_image.tif","Tree",1,537000,537999.999,4142000,4142999.999
"14681",14681,537533.508,537544.443,4142987.52,4142995.96,"Silva","NEON_D07_MLBS_DP1_537000_4142000_classified_point_cloud.laz","2018_MLBS_3_537000_4142000_image.tif","Tree",1,537000,537999.999,4142000,4142999.999
"14682",14682,537511.037,537521.465,4142991.531,4142999.996,"Silva","NEON_D07_MLBS_DP1_537000_4142000_classified_point_cloud.laz","2018_MLBS_3_537000_4142000_image.tif","Tree",1,537000,537999.999,4142000,4142999.999
"14683",14683,537525.606,537534.931,4142991.027,4142999.812,"Silva","NEON_D07_MLBS_DP1_537000_4142000_classified_point_cloud.laz","2018_MLBS_3_537000_4142000_image.tif","Tree",1,537000,537999.999,4142000,4142999.999
"14684",14684,537519.023,537529.37,4142992.039,4142999.988,"Silva","NEON_D07_MLBS_DP1_537000_4142000_classified_point_cloud.laz","2018_MLBS_3_537000_4142000_image.tif","Tree",1,537000,537999.999,4142000,4142999.999
"14685",14685,537530.598,537537.847,4142994.537,4142999.995,"Silva","NEON_D07_MLBS_DP1_537000_4142000_classified_point_cloud.laz","2018_MLBS_3_537000_4142000_image.tif","Tree",1,537000,537999.999,4142000,4142999.999
"14686",14686,537553.51,537560.959,4142950.178,4142956.48,"Silva","NEON_D07_MLBS_DP1_537000_4142000_classified_point_cloud.laz","2018_MLBS_3_537000_4142000_image.tif","Tree",1,537000,537999.999,4142000,4142999.999
"14687",14687,537552.507,537559.495,4142955.531,4142961.48,"Silva","NEON_D07_MLBS_DP1_537000_4142000_classified_point_cloud.laz","2018_MLBS_3_537000_4142000_image.tif","Tree",1,537000,537999.999,4142000,4142999.999
"14688",14688,537551.012,537563.42,4142960.507,4142969.495,"Silva","NEON_D07_MLBS_DP1_537000_4142000_classified_point_cloud.laz","2018_MLBS_3_537000_4142000_image.tif","Tree",1,537000,537999.999,4142000,4142999.999
"14689",14689,537590.526,537601.982,4142959.529,4142967.977,"Silva","NEON_D07_MLBS_DP1_537000_4142000_classified_point_cloud.laz","2018_MLBS_3_537000_4142000_image.tif","Tree",1,537000,537999.999,4142000,4142999.999
"14690",14690,537592.536,537604.875,4142962.561,4142969.998,"Silva","NEON_D07_MLBS_DP1_537000_4142000_classified_point_cloud.laz","2018_MLBS_3_537000_4142000_image.tif","Tree",1,537000,537999.999,4142000,4142999.999
"14691",14691,537563.049,537570.999,4142970.012,4142976.995,"Silva","NEON_D07_MLBS_DP1_537000_4142000_classified_point_cloud.laz","2018_MLBS_3_537000_4142000_image.tif","Tree",1,537000,537999.999,4142000,4142999.999
"14692",14692,537568.025,537577.407,4142972.24,4142977.911,"Silva","NEON_D07_MLBS_DP1_537000_4142000_classified_point_cloud.laz","2018_MLBS_3_537000_4142000_image.tif","Tree",1,537000,537999.999,4142000,4142999.999
"14693",14693,537604.017,537612.493,4142967.525,4142976.475,"Silva","NEON_D07_MLBS_DP1_537000_4142000_classified_point_cloud.laz","2018_MLBS_3_537000_4142000_image.tif","Tree",1,537000,537999.999,4142000,4142999.999
"14694",14694,537589.002,537598.447,4142968.549,4142977.902,"Silva","NEON_D07_MLBS_DP1_537000_4142000_classified_point_cloud.laz","2018_MLBS_3_537000_4142000_image.tif","Tree",1,537000,537999.999,4142000,4142999.999
"14695",14695,537601.016,537611.97,4142974.055,4142979.886,"Silva","NEON_D07_MLBS_DP1_537000_4142000_classified_point_cloud.laz","2018_MLBS_3_537000_4142000_image.tif","Tree",1,537000,537999.999,4142000,4142999.999
"14696",14696,537553.03,537561.442,4142978.506,4142985.907,"Silva","NEON_D07_MLBS_DP1_537000_4142000_classified_point_cloud.laz","2018_MLBS_3_537000_4142000_image.tif","Tree",1,537000,537999.999,4142000,4142999.999
"14697",14697,537566.011,537575.494,4142977.005,4142987.997,"Silva","NEON_D07_MLBS_DP1_537000_4142000_classified_point_cloud.laz","2018_MLBS_3_537000_4142000_image.tif","Tree",1,537000,537999.999,4142000,4142999.999
"14698",14698,537587.557,537594.99,4142974.078,4142983,"Silva","NEON_D07_MLBS_DP1_537000_4142000_classified_point_cloud.laz","2018_MLBS_3_537000_4142000_image.tif","Tree",1,537000,537999.999,4142000,4142999.999
"14699",14699,537548.54,537556.955,4142983.908,4142989.942,"Silva","NEON_D07_MLBS_DP1_537000_4142000_classified_point_cloud.laz","2018_MLBS_3_537000_4142000_image.tif","Tree",1,537000,537999.999,4142000,4142999.999
"14700",14700,537593.517,537599.965,4142981.011,4142986.995,"Silva","NEON_D07_MLBS_DP1_537000_4142000_classified_point_cloud.laz","2018_MLBS_3_537000_4142000_image.tif","Tree",1,537000,537999.999,4142000,4142999.999
"14701",14701,537605.007,537614.936,4142976.517,4142988.44,"Silva","NEON_D07_MLBS_DP1_537000_4142000_classified_point_cloud.laz","2018_MLBS_3_537000_4142000_image.tif","Tree",1,537000,537999.999,4142000,4142999.999
"14702",14702,537600.549,537608.994,4142980.003,4142990.974,"Silva","NEON_D07_MLBS_DP1_537000_4142000_classified_point_cloud.laz","2018_MLBS_3_537000_4142000_image.tif","Tree",1,537000,537999.999,4142000,4142999.999
"14703",14703,537555.051,537566.401,4142984.562,4142992.493,"Silva","NEON_D07_MLBS_DP1_537000_4142000_classified_point_cloud.laz","2018_MLBS_3_537000_4142000_image.tif","Tree",1,537000,537999.999,4142000,4142999.999
"14704",14704,537544.794,537554.928,4142988.506,4142996.492,"Silva","NEON_D07_MLBS_DP1_537000_4142000_classified_point_cloud.laz","2018_MLBS_3_537000_4142000_image.tif","Tree",1,537000,537999.999,4142000,4142999.999
"14705",14705,537558,537567.497,4142987.059,4142994.922,"Silva","NEON_D07_MLBS_DP1_537000_4142000_classified_point_cloud.laz","2018_MLBS_3_537000_4142000_image.tif","Tree",1,537000,537999.999,4142000,4142999.999
"14706",14706,537568.505,537579.497,4142985.009,4142996.37,"Silva","NEON_D07_MLBS_DP1_537000_4142000_classified_point_cloud.laz","2018_MLBS_3_537000_4142000_image.tif","Tree",1,537000,537999.999,4142000,4142999.999
"14707",14707,537608.585,537619.445,4142980.519,4142991.764,"Silva","NEON_D07_MLBS_DP1_537000_4142000_classified_point_cloud.laz","2018_MLBS_3_537000_4142000_image.tif","Tree",1,537000,537999.999,4142000,4142999.999
"14708",14708,537592.531,537602.495,4142986.609,4142995.921,"Silva","NEON_D07_MLBS_DP1_537000_4142000_classified_point_cloud.laz","2018_MLBS_3_537000_4142000_image.tif","Tree",1,537000,537999.999,4142000,4142999.999
"14709",14709,537557.596,537565.994,4142993.535,4142999.995,"Silva","NEON_D07_MLBS_DP1_537000_4142000_classified_point_cloud.laz","2018_MLBS_3_537000_4142000_image.tif","Tree",1,537000,537999.999,4142000,4142999.999
"14710",14710,537584.007,537593.484,4142989.533,4142997.468,"Silva","NEON_D07_MLBS_DP1_537000_4142000_classified_point_cloud.laz","2018_MLBS_3_537000_4142000_image.tif","Tree",1,537000,537999.999,4142000,4142999.999
"14711",14711,537545.509,537557.495,4142996.126,4142999.99,"Silva","NEON_D07_MLBS_DP1_537000_4142000_classified_point_cloud.laz","2018_MLBS_3_537000_4142000_image.tif","Tree",1,537000,537999.999,4142000,4142999.999
"14712",14712,537597.125,537608.944,4142989.538,4142997.482,"Silva","NEON_D07_MLBS_DP1_537000_4142000_classified_point_cloud.laz","2018_MLBS_3_537000_4142000_image.tif","Tree",1,537000,537999.999,4142000,4142999.999
"14713",14713,537591.505,537596.988,4142995.558,4142999.996,"Silva","NEON_D07_MLBS_DP1_537000_4142000_classified_point_cloud.laz","2018_MLBS_3_537000_4142000_image.tif","Tree",1,537000,537999.999,4142000,4142999.999
"14714",14714,537597.001,537602.468,4142996.501,4142999.973,"Silva","NEON_D07_MLBS_DP1_537000_4142000_classified_point_cloud.laz","2018_MLBS_3_537000_4142000_image.tif","Tree",1,537000,537999.999,4142000,4142999.999
"14715",14715,537602.511,537605.991,4142996.518,4142999.986,"Silva","NEON_D07_MLBS_DP1_537000_4142000_classified_point_cloud.laz","2018_MLBS_3_537000_4142000_image.tif","Tree",1,537000,537999.999,4142000,4142999.999
"14716",14716,537606.026,537614.996,4142992.018,4142999.998,"Silva","NEON_D07_MLBS_DP1_537000_4142000_classified_point_cloud.laz","2018_MLBS_3_537000_4142000_image.tif","Tree",1,537000,537999.999,4142000,4142999.999
"14717",14717,537619.539,537628.891,4142935.018,4142947.428,"Silva","NEON_D07_MLBS_DP1_537000_4142000_classified_point_cloud.laz","2018_MLBS_3_537000_4142000_image.tif","Tree",1,537000,537999.999,4142000,4142999.999
"14718",14718,537627.052,537638.468,4142938.507,4142947.473,"Silva","NEON_D07_MLBS_DP1_537000_4142000_classified_point_cloud.laz","2018_MLBS_3_537000_4142000_image.tif","Tree",1,537000,537999.999,4142000,4142999.999
"14719",14719,537641.009,537650.986,4142941.361,4142952.941,"Silva","NEON_D07_MLBS_DP1_537000_4142000_classified_point_cloud.laz","2018_MLBS_3_537000_4142000_image.tif","Tree",1,537000,537999.999,4142000,4142999.999
"14720",14720,537636.186,537646.942,4142949.041,4142958.862,"Silva","NEON_D07_MLBS_DP1_537000_4142000_classified_point_cloud.laz","2018_MLBS_3_537000_4142000_image.tif","Tree",1,537000,537999.999,4142000,4142999.999
"14721",14721,537618.009,537627.965,4142952.006,4142961.392,"Silva","NEON_D07_MLBS_DP1_537000_4142000_classified_point_cloud.laz","2018_MLBS_3_537000_4142000_image.tif","Tree",1,537000,537999.999,4142000,4142999.999
"14722",14722,537667.509,537676.488,4142939.014,4142950.872,"Silva","NEON_D07_MLBS_DP1_537000_4142000_classified_point_cloud.laz","2018_MLBS_3_537000_4142000_image.tif","Tree",1,537000,537999.999,4142000,4142999.999
"14723",14723,537663.004,537670.805,4142943.524,4142951.49,"Silva","NEON_D07_MLBS_DP1_537000_4142000_classified_point_cloud.laz","2018_MLBS_3_537000_4142000_image.tif","Tree",1,537000,537999.999,4142000,4142999.999
"14724",14724,537672.001,537683.993,4142947.51,4142956.981,"Silva","NEON_D07_MLBS_DP1_537000_4142000_classified_point_cloud.laz","2018_MLBS_3_537000_4142000_image.tif","Tree",1,537000,537999.999,4142000,4142999.999
"14725",14725,537618.529,537628.986,4142958.017,4142968.497,"Silva","NEON_D07_MLBS_DP1_537000_4142000_classified_point_cloud.laz","2018_MLBS_3_537000_4142000_image.tif","Tree",1,537000,537999.999,4142000,4142999.999
"14726",14726,537676.58,537687.49,4142952.009,4142962.973,"Silva","NEON_D07_MLBS_DP1_537000_4142000_classified_point_cloud.laz","2018_MLBS_3_537000_4142000_image.tif","Tree",1,537000,537999.999,4142000,4142999.999
"14727",14727,537656.506,537664.471,4142954.504,4142962.473,"Silva","NEON_D07_MLBS_DP1_537000_4142000_classified_point_cloud.laz","2018_MLBS_3_537000_4142000_image.tif","Tree",1,537000,537999.999,4142000,4142999.999
"14728",14728,537664.511,537673.472,4142958.039,4142966.999,"Silva","NEON_D07_MLBS_DP1_537000_4142000_classified_point_cloud.laz","2018_MLBS_3_537000_4142000_image.tif","Tree",1,537000,537999.999,4142000,4142999.999
"14729",14729,537649.546,537657.984,4142960.052,4142969.428,"Silva","NEON_D07_MLBS_DP1_537000_4142000_classified_point_cloud.laz","2018_MLBS_3_537000_4142000_image.tif","Tree",1,537000,537999.999,4142000,4142999.999
"14730",14730,537624.52,537634.998,4142963.524,4142972.982,"Silva","NEON_D07_MLBS_DP1_537000_4142000_classified_point_cloud.laz","2018_MLBS_3_537000_4142000_image.tif","Tree",1,537000,537999.999,4142000,4142999.999
"14731",14731,537639.048,537647.935,4142968.501,4142977.99,"Silva","NEON_D07_MLBS_DP1_537000_4142000_classified_point_cloud.laz","2018_MLBS_3_537000_4142000_image.tif","Tree",1,537000,537999.999,4142000,4142999.999
"14732",14732,537664.547,537675.487,4142967.001,4142975.784,"Silva","NEON_D07_MLBS_DP1_537000_4142000_classified_point_cloud.laz","2018_MLBS_3_537000_4142000_image.tif","Tree",1,537000,537999.999,4142000,4142999.999
"14733",14733,537658.056,537666.966,4142971.001,4142977.485,"Silva","NEON_D07_MLBS_DP1_537000_4142000_classified_point_cloud.laz","2018_MLBS_3_537000_4142000_image.tif","Tree",1,537000,537999.999,4142000,4142999.999
"14734",14734,537646.565,537655.954,4142972.059,4142981,"Silva","NEON_D07_MLBS_DP1_537000_4142000_classified_point_cloud.laz","2018_MLBS_3_537000_4142000_image.tif","Tree",1,537000,537999.999,4142000,4142999.999
"14735",14735,537622.003,537630.97,4142977.597,4142983.471,"Silva","NEON_D07_MLBS_DP1_537000_4142000_classified_point_cloud.laz","2018_MLBS_3_537000_4142000_image.tif","Tree",1,537000,537999.999,4142000,4142999.999
"14736",14736,537674.008,537681.481,4142970.517,4142981.406,"Silva","NEON_D07_MLBS_DP1_537000_4142000_classified_point_cloud.laz","2018_MLBS_3_537000_4142000_image.tif","Tree",1,537000,537999.999,4142000,4142999.999
"14737",14737,537631.015,537637.46,4142978.052,4142984.996,"Silva","NEON_D07_MLBS_DP1_537000_4142000_classified_point_cloud.laz","2018_MLBS_3_537000_4142000_image.tif","Tree",1,537000,537999.999,4142000,4142999.999
"14738",14738,537636.511,537642.999,4142979.505,4142988.963,"Silva","NEON_D07_MLBS_DP1_537000_4142000_classified_point_cloud.laz","2018_MLBS_3_537000_4142000_image.tif","Tree",1,537000,537999.999,4142000,4142999.999
"14739",14739,537664.724,537673.483,4142976.092,4142983.95,"Silva","NEON_D07_MLBS_DP1_537000_4142000_classified_point_cloud.laz","2018_MLBS_3_537000_4142000_image.tif","Tree",1,537000,537999.999,4142000,4142999.999
"14740",14740,537615.514,537624.496,4142979.559,4142988.992,"Silva","NEON_D07_MLBS_DP1_537000_4142000_classified_point_cloud.laz","2018_MLBS_3_537000_4142000_image.tif","Tree",1,537000,537999.999,4142000,4142999.999
"14741",14741,537675.023,537682.478,4142977.093,4142984.488,"Silva","NEON_D07_MLBS_DP1_537000_4142000_classified_point_cloud.laz","2018_MLBS_3_537000_4142000_image.tif","Tree",1,537000,537999.999,4142000,4142999.999
"14742",14742,537624.509,537630.487,4142983.043,4142992.999,"Silva","NEON_D07_MLBS_DP1_537000_4142000_classified_point_cloud.laz","2018_MLBS_3_537000_4142000_image.tif","Tree",1,537000,537999.999,4142000,4142999.999
"14743",14743,537646.754,537655.971,4142980.504,4142987.498,"Silva","NEON_D07_MLBS_DP1_537000_4142000_classified_point_cloud.laz","2018_MLBS_3_537000_4142000_image.tif","Tree",1,537000,537999.999,4142000,4142999.999
"14744",14744,537667.669,537676.974,4142981.001,4142989,"Silva","NEON_D07_MLBS_DP1_537000_4142000_classified_point_cloud.laz","2018_MLBS_3_537000_4142000_image.tif","Tree",1,537000,537999.999,4142000,4142999.999
"14745",14745,537653.072,537663.485,4142982.034,4142990.483,"Silva","NEON_D07_MLBS_DP1_537000_4142000_classified_point_cloud.laz","2018_MLBS_3_537000_4142000_image.tif","Tree",1,537000,537999.999,4142000,4142999.999
"14746",14746,537619.002,537627.963,4142989.275,4142994.954,"Silva","NEON_D07_MLBS_DP1_537000_4142000_classified_point_cloud.laz","2018_MLBS_3_537000_4142000_image.tif","Tree",1,537000,537999.999,4142000,4142999.999
"14747",14747,537646.534,537653.927,4142987.038,4142991.99,"Silva","NEON_D07_MLBS_DP1_537000_4142000_classified_point_cloud.laz","2018_MLBS_3_537000_4142000_image.tif","Tree",1,537000,537999.999,4142000,4142999.999
"14748",14748,537637.501,537646.94,4142986.237,4142994.945,"Silva","NEON_D07_MLBS_DP1_537000_4142000_classified_point_cloud.laz","2018_MLBS_3_537000_4142000_image.tif","Tree",1,537000,537999.999,4142000,4142999.999
"14749",14749,537645.119,537652.467,4142992.01,4142999.96,"Silva","NEON_D07_MLBS_DP1_537000_4142000_classified_point_cloud.laz","2018_MLBS_3_537000_4142000_image.tif","Tree",1,537000,537999.999,4142000,4142999.999
"14750",14750,537640.018,537648.926,4142996.563,4142999.995,"Silva","NEON_D07_MLBS_DP1_537000_4142000_classified_point_cloud.laz","2018_MLBS_3_537000_4142000_image.tif","Tree",1,537000,537999.999,4142000,4142999.999
"14751",14751,537655.526,537661.434,4142995.021,4142999.992,"Silva","NEON_D07_MLBS_DP1_537000_4142000_classified_point_cloud.laz","2018_MLBS_3_537000_4142000_image.tif","Tree",1,537000,537999.999,4142000,4142999.999
"14752",14752,537666.01,537673.937,4142995.269,4142999.999,"Silva","NEON_D07_MLBS_DP1_537000_4142000_classified_point_cloud.laz","2018_MLBS_3_537000_4142000_image.tif","Tree",1,537000,537999.999,4142000,4142999.999
"14753",14753,537674.021,537680.975,4142995.027,4142999.988,"Silva","NEON_D07_MLBS_DP1_537000_4142000_classified_point_cloud.laz","2018_MLBS_3_537000_4142000_image.tif","Tree",1,537000,537999.999,4142000,4142999.999
"14754",14754,537689.508,537698.992,4142936.211,4142944.498,"Silva","NEON_D07_MLBS_DP1_537000_4142000_classified_point_cloud.laz","2018_MLBS_3_537000_4142000_image.tif","Tree",1,537000,537999.999,4142000,4142999.999
"14755",14755,537711,537720.994,4142937.507,4142944.433,"Silva","NEON_D07_MLBS_DP1_537000_4142000_classified_point_cloud.laz","2018_MLBS_3_537000_4142000_image.tif","Tree",1,537000,537999.999,4142000,4142999.999
"14756",14756,537688.511,537698.924,4142944.511,4142953.35,"Silva","NEON_D07_MLBS_DP1_537000_4142000_classified_point_cloud.laz","2018_MLBS_3_537000_4142000_image.tif","Tree",1,537000,537999.999,4142000,4142999.999
"14757",14757,537704.01,537710.465,4142945.154,4142950.457,"Silva","NEON_D07_MLBS_DP1_537000_4142000_classified_point_cloud.laz","2018_MLBS_3_537000_4142000_image.tif","Tree",1,537000,537999.999,4142000,4142999.999
"14758",14758,537736.03,537741.95,4142942.52,4142949.42,"Silva","NEON_D07_MLBS_DP1_537000_4142000_classified_point_cloud.laz","2018_MLBS_3_537000_4142000_image.tif","Tree",1,537000,537999.999,4142000,4142999.999
"14759",14759,537709.569,537715.993,4142944.016,4142953.309,"Silva","NEON_D07_MLBS_DP1_537000_4142000_classified_point_cloud.laz","2018_MLBS_3_537000_4142000_image.tif","Tree",1,537000,537999.999,4142000,4142999.999
"14760",14760,537706.009,537712.987,4142950.099,4142958.486,"Silva","NEON_D07_MLBS_DP1_537000_4142000_classified_point_cloud.laz","2018_MLBS_3_537000_4142000_image.tif","Tree",1,537000,537999.999,4142000,4142999.999
"14761",14761,537698.501,537709.494,4142952.554,4142961.967,"Silva","NEON_D07_MLBS_DP1_537000_4142000_classified_point_cloud.laz","2018_MLBS_3_537000_4142000_image.tif","Tree",1,537000,537999.999,4142000,4142999.999
"14762",14762,537727.503,537736.923,4142954.557,4142961.423,"Silva","NEON_D07_MLBS_DP1_537000_4142000_classified_point_cloud.laz","2018_MLBS_3_537000_4142000_image.tif","Tree",1,537000,537999.999,4142000,4142999.999
"14763",14763,537689.088,537699.93,4142957.547,4142964.999,"Silva","NEON_D07_MLBS_DP1_537000_4142000_classified_point_cloud.laz","2018_MLBS_3_537000_4142000_image.tif","Tree",1,537000,537999.999,4142000,4142999.999
"14764",14764,537678.145,537689.444,4142958.531,4142966.487,"Silva","NEON_D07_MLBS_DP1_537000_4142000_classified_point_cloud.laz","2018_MLBS_3_537000_4142000_image.tif","Tree",1,537000,537999.999,4142000,4142999.999
"14765",14765,537692,537700.965,4142960.07,4142969.487,"Silva","NEON_D07_MLBS_DP1_537000_4142000_classified_point_cloud.laz","2018_MLBS_3_537000_4142000_image.tif","Tree",1,537000,537999.999,4142000,4142999.999
"14766",14766,537717.505,537723.912,4142959.516,4142965.497,"Silva","NEON_D07_MLBS_DP1_537000_4142000_classified_point_cloud.laz","2018_MLBS_3_537000_4142000_image.tif","Tree",1,537000,537999.999,4142000,4142999.999
"14767",14767,537717.512,537725.911,4142963.506,4142970.954,"Silva","NEON_D07_MLBS_DP1_537000_4142000_classified_point_cloud.laz","2018_MLBS_3_537000_4142000_image.tif","Tree",1,537000,537999.999,4142000,4142999.999
"14768",14768,537705.563,537710.999,4142963.106,4142973.98,"Silva","NEON_D07_MLBS_DP1_537000_4142000_classified_point_cloud.laz","2018_MLBS_3_537000_4142000_image.tif","Tree",1,537000,537999.999,4142000,4142999.999
"14769",14769,537700.025,537709.493,4142968.544,4142976.492,"Silva","NEON_D07_MLBS_DP1_537000_4142000_classified_point_cloud.laz","2018_MLBS_3_537000_4142000_image.tif","Tree",1,537000,537999.999,4142000,4142999.999
"14770",14770,537688.076,537699.458,4142968.505,4142978.479,"Silva","NEON_D07_MLBS_DP1_537000_4142000_classified_point_cloud.laz","2018_MLBS_3_537000_4142000_image.tif","Tree",1,537000,537999.999,4142000,4142999.999
"14771",14771,537714.728,537724.413,4142969.071,4142976.979,"Silva","NEON_D07_MLBS_DP1_537000_4142000_classified_point_cloud.laz","2018_MLBS_3_537000_4142000_image.tif","Tree",1,537000,537999.999,4142000,4142999.999
"14772",14772,537737.514,537744.999,4142967.188,4142977.486,"Silva","NEON_D07_MLBS_DP1_537000_4142000_classified_point_cloud.laz","2018_MLBS_3_537000_4142000_image.tif","Tree",1,537000,537999.999,4142000,4142999.999
"14773",14773,537698.18,537704.999,4142972.826,4142981.776,"Silva","NEON_D07_MLBS_DP1_537000_4142000_classified_point_cloud.laz","2018_MLBS_3_537000_4142000_image.tif","Tree",1,537000,537999.999,4142000,4142999.999
"14774",14774,537703.525,537709.96,4142976.009,4142984.96,"Silva","NEON_D07_MLBS_DP1_537000_4142000_classified_point_cloud.laz","2018_MLBS_3_537000_4142000_image.tif","Tree",1,537000,537999.999,4142000,4142999.999
"14775",14775,537725.112,537733.934,4142976.629,4142981.941,"Silva","NEON_D07_MLBS_DP1_537000_4142000_classified_point_cloud.laz","2018_MLBS_3_537000_4142000_image.tif","Tree",1,537000,537999.999,4142000,4142999.999
"14776",14776,537706.584,537713.963,4142979.51,4142986.455,"Silva","NEON_D07_MLBS_DP1_537000_4142000_classified_point_cloud.laz","2018_MLBS_3_537000_4142000_image.tif","Tree",1,537000,537999.999,4142000,4142999.999
"14777",14777,537740.5,537750.419,4142976.007,4142985.493,"Silva","NEON_D07_MLBS_DP1_537000_4142000_classified_point_cloud.laz","2018_MLBS_3_537000_4142000_image.tif","Tree",1,537000,537999.999,4142000,4142999.999
"14778",14778,537691.501,537696.488,4142979.531,4142986.411,"Silva","NEON_D07_MLBS_DP1_537000_4142000_classified_point_cloud.laz","2018_MLBS_3_537000_4142000_image.tif","Tree",1,537000,537999.999,4142000,4142999.999
"14779",14779,537728.516,537734.98,4142980.003,4142987.393,"Silva","NEON_D07_MLBS_DP1_537000_4142000_classified_point_cloud.laz","2018_MLBS_3_537000_4142000_image.tif","Tree",1,537000,537999.999,4142000,4142999.999
"14780",14780,537687.627,537695.487,4142985.567,4142993.473,"Silva","NEON_D07_MLBS_DP1_537000_4142000_classified_point_cloud.laz","2018_MLBS_3_537000_4142000_image.tif","Tree",1,537000,537999.999,4142000,4142999.999
"14781",14781,537723.017,537731.47,4142980.562,4142989.957,"Silva","NEON_D07_MLBS_DP1_537000_4142000_classified_point_cloud.laz","2018_MLBS_3_537000_4142000_image.tif","Tree",1,537000,537999.999,4142000,4142999.999
"14782",14782,537709.006,537718.953,4142985.008,4142993.13,"Silva","NEON_D07_MLBS_DP1_537000_4142000_classified_point_cloud.laz","2018_MLBS_3_537000_4142000_image.tif","Tree",1,537000,537999.999,4142000,4142999.999
"14783",14783,537731.014,537741.994,4142985.018,4142993.384,"Silva","NEON_D07_MLBS_DP1_537000_4142000_classified_point_cloud.laz","2018_MLBS_3_537000_4142000_image.tif","Tree",1,537000,537999.999,4142000,4142999.999
"14784",14784,537700.029,537707.976,4142991.506,4142996.98,"Silva","NEON_D07_MLBS_DP1_537000_4142000_classified_point_cloud.laz","2018_MLBS_3_537000_4142000_image.tif","Tree",1,537000,537999.999,4142000,4142999.999
"14785",14785,537680.05,537686.888,4142995.079,4142999.992,"Silva","NEON_D07_MLBS_DP1_537000_4142000_classified_point_cloud.laz","2018_MLBS_3_537000_4142000_image.tif","Tree",1,537000,537999.999,4142000,4142999.999
"14786",14786,537708.012,537714.985,4142992.006,4142999.492,"Silva","NEON_D07_MLBS_DP1_537000_4142000_classified_point_cloud.laz","2018_MLBS_3_537000_4142000_image.tif","Tree",1,537000,537999.999,4142000,4142999.999
"14787",14787,537715.599,537722.813,4142989.762,4142998.687,"Silva","NEON_D07_MLBS_DP1_537000_4142000_classified_point_cloud.laz","2018_MLBS_3_537000_4142000_image.tif","Tree",1,537000,537999.999,4142000,4142999.999
"14788",14788,537691.009,537699.485,4142993.512,4142999.999,"Silva","NEON_D07_MLBS_DP1_537000_4142000_classified_point_cloud.laz","2018_MLBS_3_537000_4142000_image.tif","Tree",1,537000,537999.999,4142000,4142999.999
"14789",14789,537705.527,537710.857,4142996.147,4142999.998,"Silva","NEON_D07_MLBS_DP1_537000_4142000_classified_point_cloud.laz","2018_MLBS_3_537000_4142000_image.tif","Tree",1,537000,537999.999,4142000,4142999.999
"14790",14790,537721.005,537726.99,4142995.541,4142999.998,"Silva","NEON_D07_MLBS_DP1_537000_4142000_classified_point_cloud.laz","2018_MLBS_3_537000_4142000_image.tif","Tree",1,537000,537999.999,4142000,4142999.999
"14791",14791,537738.047,537749.973,4142993.013,4142999.998,"Silva","NEON_D07_MLBS_DP1_537000_4142000_classified_point_cloud.laz","2018_MLBS_3_537000_4142000_image.tif","Tree",1,537000,537999.999,4142000,4142999.999
"14792",14792,537787.532,537793.497,4142936.51,4142943.495,"Silva","NEON_D07_MLBS_DP1_537000_4142000_classified_point_cloud.laz","2018_MLBS_3_537000_4142000_image.tif","Tree",1,537000,537999.999,4142000,4142999.999
"14793",14793,537795.7,537801.98,4142937.003,4142943.985,"Silva","NEON_D07_MLBS_DP1_537000_4142000_classified_point_cloud.laz","2018_MLBS_3_537000_4142000_image.tif","Tree",1,537000,537999.999,4142000,4142999.999
"14794",14794,537770.628,537780.469,4142939.592,4142947.937,"Silva","NEON_D07_MLBS_DP1_537000_4142000_classified_point_cloud.laz","2018_MLBS_3_537000_4142000_image.tif","Tree",1,537000,537999.999,4142000,4142999.999
"14795",14795,537805.515,537812.483,4142938.511,4142948.494,"Silva","NEON_D07_MLBS_DP1_537000_4142000_classified_point_cloud.laz","2018_MLBS_3_537000_4142000_image.tif","Tree",1,537000,537999.999,4142000,4142999.999
"14796",14796,537777.024,537783.928,4142943.111,4142948.992,"Silva","NEON_D07_MLBS_DP1_537000_4142000_classified_point_cloud.laz","2018_MLBS_3_537000_4142000_image.tif","Tree",1,537000,537999.999,4142000,4142999.999
"14797",14797,537748.575,537758.462,4142946.543,4142953.998,"Silva","NEON_D07_MLBS_DP1_537000_4142000_classified_point_cloud.laz","2018_MLBS_3_537000_4142000_image.tif","Tree",1,537000,537999.999,4142000,4142999.999
"14798",14798,537794.548,537802.933,4142944.003,4142952.498,"Silva","NEON_D07_MLBS_DP1_537000_4142000_classified_point_cloud.laz","2018_MLBS_3_537000_4142000_image.tif","Tree",1,537000,537999.999,4142000,4142999.999
"14799",14799,537758.508,537764.995,4142944.534,4142953.499,"Silva","NEON_D07_MLBS_DP1_537000_4142000_classified_point_cloud.laz","2018_MLBS_3_537000_4142000_image.tif","Tree",1,537000,537999.999,4142000,4142999.999
"14800",14800,537764.002,537771.919,4142944.154,4142953.979,"Silva","NEON_D07_MLBS_DP1_537000_4142000_classified_point_cloud.laz","2018_MLBS_3_537000_4142000_image.tif","Tree",1,537000,537999.999,4142000,4142999.999
"14801",14801,537774.505,537783.445,4142947.055,4142954.993,"Silva","NEON_D07_MLBS_DP1_537000_4142000_classified_point_cloud.laz","2018_MLBS_3_537000_4142000_image.tif","Tree",1,537000,537999.999,4142000,4142999.999
"14802",14802,537754.581,537760.477,4142948.003,4142954.492,"Silva","NEON_D07_MLBS_DP1_537000_4142000_classified_point_cloud.laz","2018_MLBS_3_537000_4142000_image.tif","Tree",1,537000,537999.999,4142000,4142999.999
"14803",14803,537769.379,537777.936,4142947.051,4142956.79,"Silva","NEON_D07_MLBS_DP1_537000_4142000_classified_point_cloud.laz","2018_MLBS_3_537000_4142000_image.tif","Tree",1,537000,537999.999,4142000,4142999.999
"14804",14804,537787.521,537791.996,4142952.012,4142960.441,"Silva","NEON_D07_MLBS_DP1_537000_4142000_classified_point_cloud.laz","2018_MLBS_3_537000_4142000_image.tif","Tree",1,537000,537999.999,4142000,4142999.999
"14805",14805,537765.007,537772.957,4142953.504,4142960.415,"Silva","NEON_D07_MLBS_DP1_537000_4142000_classified_point_cloud.laz","2018_MLBS_3_537000_4142000_image.tif","Tree",1,537000,537999.999,4142000,4142999.999
"14806",14806,537803.15,537814.471,4142948.693,4142955.997,"Silva","NEON_D07_MLBS_DP1_537000_4142000_classified_point_cloud.laz","2018_MLBS_3_537000_4142000_image.tif","Tree",1,537000,537999.999,4142000,4142999.999
"14807",14807,537777.029,537784.978,4142955.016,4142963.911,"Silva","NEON_D07_MLBS_DP1_537000_4142000_classified_point_cloud.laz","2018_MLBS_3_537000_4142000_image.tif","Tree",1,537000,537999.999,4142000,4142999.999
"14808",14808,537767.536,537772.998,4142958.008,4142964.983,"Silva","NEON_D07_MLBS_DP1_537000_4142000_classified_point_cloud.laz","2018_MLBS_3_537000_4142000_image.tif","Tree",1,537000,537999.999,4142000,4142999.999
"14809",14809,537796.008,537805.456,4142952.015,4142962,"Silva","NEON_D07_MLBS_DP1_537000_4142000_classified_point_cloud.laz","2018_MLBS_3_537000_4142000_image.tif","Tree",1,537000,537999.999,4142000,4142999.999
"14810",14810,537790.583,537798.805,4142959.103,4142965.944,"Silva","NEON_D07_MLBS_DP1_537000_4142000_classified_point_cloud.laz","2018_MLBS_3_537000_4142000_image.tif","Tree",1,537000,537999.999,4142000,4142999.999
"14811",14811,537775.507,537782.983,4142962.523,4142970.246,"Silva","NEON_D07_MLBS_DP1_537000_4142000_classified_point_cloud.laz","2018_MLBS_3_537000_4142000_image.tif","Tree",1,537000,537999.999,4142000,4142999.999
"14812",14812,537770.533,537777.364,4142964.012,4142971.981,"Silva","NEON_D07_MLBS_DP1_537000_4142000_classified_point_cloud.laz","2018_MLBS_3_537000_4142000_image.tif","Tree",1,537000,537999.999,4142000,4142999.999
"14813",14813,537806.054,537812.976,4142960.511,4142967.49,"Silva","NEON_D07_MLBS_DP1_537000_4142000_classified_point_cloud.laz","2018_MLBS_3_537000_4142000_image.tif","Tree",1,537000,537999.999,4142000,4142999.999
"14814",14814,537803.552,537808.468,4142960.688,4142968.852,"Silva","NEON_D07_MLBS_DP1_537000_4142000_classified_point_cloud.laz","2018_MLBS_3_537000_4142000_image.tif","Tree",1,537000,537999.999,4142000,4142999.999
"14815",14815,537790.003,537795.988,4142963.025,4142969.912,"Silva","NEON_D07_MLBS_DP1_537000_4142000_classified_point_cloud.laz","2018_MLBS_3_537000_4142000_image.tif","Tree",1,537000,537999.999,4142000,4142999.999
"14816",14816,537764.748,537772.473,4142965.667,4142973.476,"Silva","NEON_D07_MLBS_DP1_537000_4142000_classified_point_cloud.laz","2018_MLBS_3_537000_4142000_image.tif","Tree",1,537000,537999.999,4142000,4142999.999
"14817",14817,537796.047,537800.999,4142964.502,4142970.962,"Silva","NEON_D07_MLBS_DP1_537000_4142000_classified_point_cloud.laz","2018_MLBS_3_537000_4142000_image.tif","Tree",1,537000,537999.999,4142000,4142999.999
"14818",14818,537783.504,537792.477,4142965.504,4142974.988,"Silva","NEON_D07_MLBS_DP1_537000_4142000_classified_point_cloud.laz","2018_MLBS_3_537000_4142000_image.tif","Tree",1,537000,537999.999,4142000,4142999.999
"14819",14819,537801.051,537809.436,4142969.551,4142976.845,"Silva","NEON_D07_MLBS_DP1_537000_4142000_classified_point_cloud.laz","2018_MLBS_3_537000_4142000_image.tif","Tree",1,537000,537999.999,4142000,4142999.999
"14820",14820,537759.53,537769.942,4142975.133,4142982.419,"Silva","NEON_D07_MLBS_DP1_537000_4142000_classified_point_cloud.laz","2018_MLBS_3_537000_4142000_image.tif","Tree",1,537000,537999.999,4142000,4142999.999
"14821",14821,537779.137,537787.492,4142974.613,4142985.921,"Silva","NEON_D07_MLBS_DP1_537000_4142000_classified_point_cloud.laz","2018_MLBS_3_537000_4142000_image.tif","Tree",1,537000,537999.999,4142000,4142999.999
"14822",14822,537749.022,537758.953,4142978.617,4142986.962,"Silva","NEON_D07_MLBS_DP1_537000_4142000_classified_point_cloud.laz","2018_MLBS_3_537000_4142000_image.tif","Tree",1,537000,537999.999,4142000,4142999.999
"14823",14823,537770.035,537782.465,4142978.187,4142987.813,"Silva","NEON_D07_MLBS_DP1_537000_4142000_classified_point_cloud.laz","2018_MLBS_3_537000_4142000_image.tif","Tree",1,537000,537999.999,4142000,4142999.999
"14824",14824,537758.032,537768.994,4142983.511,4142990.492,"Silva","NEON_D07_MLBS_DP1_537000_4142000_classified_point_cloud.laz","2018_MLBS_3_537000_4142000_image.tif","Tree",1,537000,537999.999,4142000,4142999.999
"14825",14825,537784.506,537794.98,4142981.031,4142988.817,"Silva","NEON_D07_MLBS_DP1_537000_4142000_classified_point_cloud.laz","2018_MLBS_3_537000_4142000_image.tif","Tree",1,537000,537999.999,4142000,4142999.999
"14826",14826,537747.541,537758.484,4142984.006,4142991.938,"Silva","NEON_D07_MLBS_DP1_537000_4142000_classified_point_cloud.laz","2018_MLBS_3_537000_4142000_image.tif","Tree",1,537000,537999.999,4142000,4142999.999
"14827",14827,537800.02,537806.495,4142979.512,4142989.485,"Silva","NEON_D07_MLBS_DP1_537000_4142000_classified_point_cloud.laz","2018_MLBS_3_537000_4142000_image.tif","Tree",1,537000,537999.999,4142000,4142999.999
"14828",14828,537775.527,537785.999,4142985.506,4142994.445,"Silva","NEON_D07_MLBS_DP1_537000_4142000_classified_point_cloud.laz","2018_MLBS_3_537000_4142000_image.tif","Tree",1,537000,537999.999,4142000,4142999.999
"14829",14829,537749.155,537759.497,4142989.563,4142999.292,"Silva","NEON_D07_MLBS_DP1_537000_4142000_classified_point_cloud.laz","2018_MLBS_3_537000_4142000_image.tif","Tree",1,537000,537999.999,4142000,4142999.999
"14830",14830,537786.509,537796.499,4142986.536,4142995.47,"Silva","NEON_D07_MLBS_DP1_537000_4142000_classified_point_cloud.laz","2018_MLBS_3_537000_4142000_image.tif","Tree",1,537000,537999.999,4142000,4142999.999
"14831",14831,537806.592,537814.989,4142986.014,4142993.862,"Silva","NEON_D07_MLBS_DP1_537000_4142000_classified_point_cloud.laz","2018_MLBS_3_537000_4142000_image.tif","Tree",1,537000,537999.999,4142000,4142999.999
"14832",14832,537769,537776.974,4142990.588,4142996.986,"Silva","NEON_D07_MLBS_DP1_537000_4142000_classified_point_cloud.laz","2018_MLBS_3_537000_4142000_image.tif","Tree",1,537000,537999.999,4142000,4142999.999
"14833",14833,537774.503,537780.493,4142993.188,4142999.99,"Silva","NEON_D07_MLBS_DP1_537000_4142000_classified_point_cloud.laz","2018_MLBS_3_537000_4142000_image.tif","Tree",1,537000,537999.999,4142000,4142999.999
"14834",14834,537805.064,537813.98,4142989.527,4142998.877,"Silva","NEON_D07_MLBS_DP1_537000_4142000_classified_point_cloud.laz","2018_MLBS_3_537000_4142000_image.tif","Tree",1,537000,537999.999,4142000,4142999.999
"14835",14835,537767.518,537776.353,4142997.022,4142999.994,"Silva","NEON_D07_MLBS_DP1_537000_4142000_classified_point_cloud.laz","2018_MLBS_3_537000_4142000_image.tif","Tree",1,537000,537999.999,4142000,4142999.999
"14836",14836,537800.516,537808.932,4142993.039,4142999.999,"Silva","NEON_D07_MLBS_DP1_537000_4142000_classified_point_cloud.laz","2018_MLBS_3_537000_4142000_image.tif","Tree",1,537000,537999.999,4142000,4142999.999
"14837",14837,537792.057,537801.413,4142994.026,4142999.998,"Silva","NEON_D07_MLBS_DP1_537000_4142000_classified_point_cloud.laz","2018_MLBS_3_537000_4142000_image.tif","Tree",1,537000,537999.999,4142000,4142999.999
"14838",14838,537814.065,537819.991,4142939.021,4142944.496,"Silva","NEON_D07_MLBS_DP1_537000_4142000_classified_point_cloud.laz","2018_MLBS_3_537000_4142000_image.tif","Tree",1,537000,537999.999,4142000,4142999.999
"14839",14839,537810.019,537816.835,4142944.503,4142952.887,"Silva","NEON_D07_MLBS_DP1_537000_4142000_classified_point_cloud.laz","2018_MLBS_3_537000_4142000_image.tif","Tree",1,537000,537999.999,4142000,4142999.999
"14840",14840,537813.017,537818.409,4142966.29,4142972.492,"Silva","NEON_D07_MLBS_DP1_537000_4142000_classified_point_cloud.laz","2018_MLBS_3_537000_4142000_image.tif","Tree",1,537000,537999.999,4142000,4142999.999
"14841",14841,537809.665,537816.48,4142972.55,4142978.897,"Silva","NEON_D07_MLBS_DP1_537000_4142000_classified_point_cloud.laz","2018_MLBS_3_537000_4142000_image.tif","Tree",1,537000,537999.999,4142000,4142999.999
"14842",14842,537809.008,537816.485,4142994.527,4142999.996,"Silva","NEON_D07_MLBS_DP1_537000_4142000_classified_point_cloud.laz","2018_MLBS_3_537000_4142000_image.tif","Tree",1,537000,537999.999,4142000,4142999.999
"14843",14843,537501.071,537509.966,4142536.536,4142545.484,"Silva","NEON_D07_MLBS_DP1_537000_4142000_classified_point_cloud.laz","2018_MLBS_3_537000_4142000_image.tif","Tree",1,537000,537999.999,4142000,4142999.999
"14844",14844,537536.164,537546.439,4142538.015,4142547.494,"Silva","NEON_D07_MLBS_DP1_537000_4142000_classified_point_cloud.laz","2018_MLBS_3_537000_4142000_image.tif","Tree",1,537000,537999.999,4142000,4142999.999
"14845",14845,537508.065,537516.98,4142535.112,4142545,"Silva","NEON_D07_MLBS_DP1_537000_4142000_classified_point_cloud.laz","2018_MLBS_3_537000_4142000_image.tif","Tree",1,537000,537999.999,4142000,4142999.999
"14846",14846,537530.255,537540.442,4142534.535,4142545.49,"Silva","NEON_D07_MLBS_DP1_537000_4142000_classified_point_cloud.laz","2018_MLBS_3_537000_4142000_image.tif","Tree",1,537000,537999.999,4142000,4142999.999
"14847",14847,537540.081,537547.408,4142534.501,4142546.989,"Silva","NEON_D07_MLBS_DP1_537000_4142000_classified_point_cloud.laz","2018_MLBS_3_537000_4142000_image.tif","Tree",1,537000,537999.999,4142000,4142999.999
"14848",14848,537513.045,537520.998,4142532.089,4142542.853,"Silva","NEON_D07_MLBS_DP1_537000_4142000_classified_point_cloud.laz","2018_MLBS_3_537000_4142000_image.tif","Tree",1,537000,537999.999,4142000,4142999.999
"14849",14849,537505.07,537513.978,4142528.531,4142536.99,"Silva","NEON_D07_MLBS_DP1_537000_4142000_classified_point_cloud.laz","2018_MLBS_3_537000_4142000_image.tif","Tree",1,537000,537999.999,4142000,4142999.999
"14850",14850,537529.008,537538.992,4142527.508,4142536.401,"Silva","NEON_D07_MLBS_DP1_537000_4142000_classified_point_cloud.laz","2018_MLBS_3_537000_4142000_image.tif","Tree",1,537000,537999.999,4142000,4142999.999
"14851",14851,537538.567,537550.384,4142528.011,4142535.464,"Silva","NEON_D07_MLBS_DP1_537000_4142000_classified_point_cloud.laz","2018_MLBS_3_537000_4142000_image.tif","Tree",1,537000,537999.999,4142000,4142999.999
"14852",14852,537515.527,537522.944,4142522.003,4142533.377,"Silva","NEON_D07_MLBS_DP1_537000_4142000_classified_point_cloud.laz","2018_MLBS_3_537000_4142000_image.tif","Tree",1,537000,537999.999,4142000,4142999.999
"14853",14853,537537.027,537544.267,4142523.568,4142532.458,"Silva","NEON_D07_MLBS_DP1_537000_4142000_classified_point_cloud.laz","2018_MLBS_3_537000_4142000_image.tif","Tree",1,537000,537999.999,4142000,4142999.999
"14854",14854,537521.608,537531.491,4142522.523,4142529.981,"Silva","NEON_D07_MLBS_DP1_537000_4142000_classified_point_cloud.laz","2018_MLBS_3_537000_4142000_image.tif","Tree",1,537000,537999.999,4142000,4142999.999
"14855",14855,537531.505,537539.459,4142519.652,4142529.272,"Silva","NEON_D07_MLBS_DP1_537000_4142000_classified_point_cloud.laz","2018_MLBS_3_537000_4142000_image.tif","Tree",1,537000,537999.999,4142000,4142999.999
"14856",14856,537540.124,537547.474,4142522.074,4142527.958,"Silva","NEON_D07_MLBS_DP1_537000_4142000_classified_point_cloud.laz","2018_MLBS_3_537000_4142000_image.tif","Tree",1,537000,537999.999,4142000,4142999.999
"14857",14857,537520.5,537532.989,4142517.002,4142525.974,"Silva","NEON_D07_MLBS_DP1_537000_4142000_classified_point_cloud.laz","2018_MLBS_3_537000_4142000_image.tif","Tree",1,537000,537999.999,4142000,4142999.999
"14858",14858,537498.005,537508.99,4142515.018,4142525.998,"Silva","NEON_D07_MLBS_DP1_537000_4142000_classified_point_cloud.laz","2018_MLBS_3_537000_4142000_image.tif","Tree",1,537000,537999.999,4142000,4142999.999
"14859",14859,537545.512,537552.397,4142520.023,4142528.289,"Silva","NEON_D07_MLBS_DP1_537000_4142000_classified_point_cloud.laz","2018_MLBS_3_537000_4142000_image.tif","Tree",1,537000,537999.999,4142000,4142999.999
"14860",14860,537508.015,537520.998,4142516.003,4142522.919,"Silva","NEON_D07_MLBS_DP1_537000_4142000_classified_point_cloud.laz","2018_MLBS_3_537000_4142000_image.tif","Tree",1,537000,537999.999,4142000,4142999.999
"14861",14861,537539.002,537546.486,4142516.129,4142523.235,"Silva","NEON_D07_MLBS_DP1_537000_4142000_classified_point_cloud.laz","2018_MLBS_3_537000_4142000_image.tif","Tree",1,537000,537999.999,4142000,4142999.999
"14862",14862,537509.51,537520.482,4142511.523,4142517.959,"Silva","NEON_D07_MLBS_DP1_537000_4142000_classified_point_cloud.laz","2018_MLBS_3_537000_4142000_image.tif","Tree",1,537000,537999.999,4142000,4142999.999
"14863",14863,537501.03,537511.171,4142510.192,4142518.951,"Silva","NEON_D07_MLBS_DP1_537000_4142000_classified_point_cloud.laz","2018_MLBS_3_537000_4142000_image.tif","Tree",1,537000,537999.999,4142000,4142999.999
"14864",14864,537541.519,537549.966,4142509.542,4142515.983,"Silva","NEON_D07_MLBS_DP1_537000_4142000_classified_point_cloud.laz","2018_MLBS_3_537000_4142000_image.tif","Tree",1,537000,537999.999,4142000,4142999.999
"14865",14865,537520.054,537534.486,4142506.025,4142516.995,"Silva","NEON_D07_MLBS_DP1_537000_4142000_classified_point_cloud.laz","2018_MLBS_3_537000_4142000_image.tif","Tree",1,537000,537999.999,4142000,4142999.999
"14866",14866,537504.029,537515.278,4142503.795,4142511.974,"Silva","NEON_D07_MLBS_DP1_537000_4142000_classified_point_cloud.laz","2018_MLBS_3_537000_4142000_image.tif","Tree",1,537000,537999.999,4142000,4142999.999
"14867",14867,537547.51,537554.977,4142507.548,4142514.483,"Silva","NEON_D07_MLBS_DP1_537000_4142000_classified_point_cloud.laz","2018_MLBS_3_537000_4142000_image.tif","Tree",1,537000,537999.999,4142000,4142999.999
"14868",14868,537534.023,537544.434,4142505.026,4142512.989,"Silva","NEON_D07_MLBS_DP1_537000_4142000_classified_point_cloud.laz","2018_MLBS_3_537000_4142000_image.tif","Tree",1,537000,537999.999,4142000,4142999.999
"14869",14869,537542.09,537548.978,4142501.045,4142509.498,"Silva","NEON_D07_MLBS_DP1_537000_4142000_classified_point_cloud.laz","2018_MLBS_3_537000_4142000_image.tif","Tree",1,537000,537999.999,4142000,4142999.999
"14870",14870,537549.004,537555.473,4142501.002,4142507.997,"Silva","NEON_D07_MLBS_DP1_537000_4142000_classified_point_cloud.laz","2018_MLBS_3_537000_4142000_image.tif","Tree",1,537000,537999.999,4142000,4142999.999
"14871",14871,537528.153,537535.414,4142500.076,4142508.916,"Silva","NEON_D07_MLBS_DP1_537000_4142000_classified_point_cloud.laz","2018_MLBS_3_537000_4142000_image.tif","Tree",1,537000,537999.999,4142000,4142999.999
"14872",14872,537535.5,537541.952,4142499.791,4142506.49,"Silva","NEON_D07_MLBS_DP1_537000_4142000_classified_point_cloud.laz","2018_MLBS_3_537000_4142000_image.tif","Tree",1,537000,537999.999,4142000,4142999.999
"14873",14873,537522.585,537530.989,4142498.044,4142506,"Silva","NEON_D07_MLBS_DP1_537000_4142000_classified_point_cloud.laz","2018_MLBS_3_537000_4142000_image.tif","Tree",1,537000,537999.999,4142000,4142999.999
"14874",14874,537547.58,537560.489,4142540.517,4142550.496,"Silva","NEON_D07_MLBS_DP1_537000_4142000_classified_point_cloud.laz","2018_MLBS_3_537000_4142000_image.tif","Tree",1,537000,537999.999,4142000,4142999.999
"14875",14875,537566.533,537576.466,4142539.716,4142551.212,"Silva","NEON_D07_MLBS_DP1_537000_4142000_classified_point_cloud.laz","2018_MLBS_3_537000_4142000_image.tif","Tree",1,537000,537999.999,4142000,4142999.999
"14876",14876,537597.52,537607.989,4142541.131,4142549.431,"Silva","NEON_D07_MLBS_DP1_537000_4142000_classified_point_cloud.laz","2018_MLBS_3_537000_4142000_image.tif","Tree",1,537000,537999.999,4142000,4142999.999
"14877",14877,537574.559,537581.885,4142538.038,4142548.998,"Silva","NEON_D07_MLBS_DP1_537000_4142000_classified_point_cloud.laz","2018_MLBS_3_537000_4142000_image.tif","Tree",1,537000,537999.999,4142000,4142999.999
"14878",14878,537614.537,537622.485,4142536.701,4142545.478,"Silva","NEON_D07_MLBS_DP1_537000_4142000_classified_point_cloud.laz","2018_MLBS_3_537000_4142000_image.tif","Tree",1,537000,537999.999,4142000,4142999.999
"14879",14879,537606.501,537614.995,4142538.503,4142544.986,"Silva","NEON_D07_MLBS_DP1_537000_4142000_classified_point_cloud.laz","2018_MLBS_3_537000_4142000_image.tif","Tree",1,537000,537999.999,4142000,4142999.999
"14880",14880,537578.161,537584.999,4142536.502,4142544.981,"Silva","NEON_D07_MLBS_DP1_537000_4142000_classified_point_cloud.laz","2018_MLBS_3_537000_4142000_image.tif","Tree",1,537000,537999.999,4142000,4142999.999
"14881",14881,537585.001,537595.999,4142537.003,4142544.982,"Silva","NEON_D07_MLBS_DP1_537000_4142000_classified_point_cloud.laz","2018_MLBS_3_537000_4142000_image.tif","Tree",1,537000,537999.999,4142000,4142999.999
"14882",14882,537565.032,537574.991,4142533.528,4142545.867,"Silva","NEON_D07_MLBS_DP1_537000_4142000_classified_point_cloud.laz","2018_MLBS_3_537000_4142000_image.tif","Tree",1,537000,537999.999,4142000,4142999.999
"14883",14883,537560.52,537568.252,4142534.001,4142544.97,"Silva","NEON_D07_MLBS_DP1_537000_4142000_classified_point_cloud.laz","2018_MLBS_3_537000_4142000_image.tif","Tree",1,537000,537999.999,4142000,4142999.999
"14884",14884,537557.615,537563.466,4142532.062,4142542.425,"Silva","NEON_D07_MLBS_DP1_537000_4142000_classified_point_cloud.laz","2018_MLBS_3_537000_4142000_image.tif","Tree",1,537000,537999.999,4142000,4142999.999
"14885",14885,537595.511,537606.473,4142531.551,4142542.469,"Silva","NEON_D07_MLBS_DP1_537000_4142000_classified_point_cloud.laz","2018_MLBS_3_537000_4142000_image.tif","Tree",1,537000,537999.999,4142000,4142999.999
"14886",14886,537611.061,537620.499,4142532.014,4142540.476,"Silva","NEON_D07_MLBS_DP1_537000_4142000_classified_point_cloud.laz","2018_MLBS_3_537000_4142000_image.tif","Tree",1,537000,537999.999,4142000,4142999.999
"14887",14887,537576.854,537585.475,4142528.264,4142536.494,"Silva","NEON_D07_MLBS_DP1_537000_4142000_classified_point_cloud.laz","2018_MLBS_3_537000_4142000_image.tif","Tree",1,537000,537999.999,4142000,4142999.999
"14888",14888,537558.52,537569.875,4142523.974,4142533.992,"Silva","NEON_D07_MLBS_DP1_537000_4142000_classified_point_cloud.laz","2018_MLBS_3_537000_4142000_image.tif","Tree",1,537000,537999.999,4142000,4142999.999
"14889",14889,537589.611,537599.475,4142527.071,4142537.441,"Silva","NEON_D07_MLBS_DP1_537000_4142000_classified_point_cloud.laz","2018_MLBS_3_537000_4142000_image.tif","Tree",1,537000,537999.999,4142000,4142999.999
"14890",14890,537599.519,537609.422,4142524.015,4142532.878,"Silva","NEON_D07_MLBS_DP1_537000_4142000_classified_point_cloud.laz","2018_MLBS_3_537000_4142000_image.tif","Tree",1,537000,537999.999,4142000,4142999.999
"14891",14891,537549.003,537559.474,4142521.209,4142532.37,"Silva","NEON_D07_MLBS_DP1_537000_4142000_classified_point_cloud.laz","2018_MLBS_3_537000_4142000_image.tif","Tree",1,537000,537999.999,4142000,4142999.999
"14892",14892,537577.524,537585.493,4142523.501,4142530.865,"Silva","NEON_D07_MLBS_DP1_537000_4142000_classified_point_cloud.laz","2018_MLBS_3_537000_4142000_image.tif","Tree",1,537000,537999.999,4142000,4142999.999
"14893",14893,537566.257,537576.443,4142520.628,4142533.4,"Silva","NEON_D07_MLBS_DP1_537000_4142000_classified_point_cloud.laz","2018_MLBS_3_537000_4142000_image.tif","Tree",1,537000,537999.999,4142000,4142999.999
"14894",14894,537585.511,537591.954,4142521.51,4142530.869,"Silva","NEON_D07_MLBS_DP1_537000_4142000_classified_point_cloud.laz","2018_MLBS_3_537000_4142000_image.tif","Tree",1,537000,537999.999,4142000,4142999.999
"14895",14895,537590.011,537601.903,4142519.012,4142529.441,"Silva","NEON_D07_MLBS_DP1_537000_4142000_classified_point_cloud.laz","2018_MLBS_3_537000_4142000_image.tif","Tree",1,537000,537999.999,4142000,4142999.999
"14896",14896,537556.259,537567.998,4142518.013,4142525.444,"Silva","NEON_D07_MLBS_DP1_537000_4142000_classified_point_cloud.laz","2018_MLBS_3_537000_4142000_image.tif","Tree",1,537000,537999.999,4142000,4142999.999
"14897",14897,537578.069,537587.498,4142515.601,4142523.953,"Silva","NEON_D07_MLBS_DP1_537000_4142000_classified_point_cloud.laz","2018_MLBS_3_537000_4142000_image.tif","Tree",1,537000,537999.999,4142000,4142999.999
"14898",14898,537612.516,537623.448,4142515.968,4142524.325,"Silva","NEON_D07_MLBS_DP1_537000_4142000_classified_point_cloud.laz","2018_MLBS_3_537000_4142000_image.tif","Tree",1,537000,537999.999,4142000,4142999.999
"14899",14899,537599.525,537612.477,4142512.038,4142524.493,"Silva","NEON_D07_MLBS_DP1_537000_4142000_classified_point_cloud.laz","2018_MLBS_3_537000_4142000_image.tif","Tree",1,537000,537999.999,4142000,4142999.999
"14900",14900,537558.568,537567.982,4142512.602,4142518.497,"Silva","NEON_D07_MLBS_DP1_537000_4142000_classified_point_cloud.laz","2018_MLBS_3_537000_4142000_image.tif","Tree",1,537000,537999.999,4142000,4142999.999
"14901",14901,537584.547,537593.497,4142511.502,4142521.49,"Silva","NEON_D07_MLBS_DP1_537000_4142000_classified_point_cloud.laz","2018_MLBS_3_537000_4142000_image.tif","Tree",1,537000,537999.999,4142000,4142999.999
"14902",14902,537568.044,537577.308,4142508.833,4142517.413,"Silva","NEON_D07_MLBS_DP1_537000_4142000_classified_point_cloud.laz","2018_MLBS_3_537000_4142000_image.tif","Tree",1,537000,537999.999,4142000,4142999.999
"14903",14903,537612.745,537621.885,4142513.53,4142519.782,"Silva","NEON_D07_MLBS_DP1_537000_4142000_classified_point_cloud.laz","2018_MLBS_3_537000_4142000_image.tif","Tree",1,537000,537999.999,4142000,4142999.999
"14904",14904,537606.603,537614.927,4142510.527,4142519.332,"Silva","NEON_D07_MLBS_DP1_537000_4142000_classified_point_cloud.laz","2018_MLBS_3_537000_4142000_image.tif","Tree",1,537000,537999.999,4142000,4142999.999
"14905",14905,537560.803,537570.447,4142506.589,4142516.458,"Silva","NEON_D07_MLBS_DP1_537000_4142000_classified_point_cloud.laz","2018_MLBS_3_537000_4142000_image.tif","Tree",1,537000,537999.999,4142000,4142999.999
"14906",14906,537554.011,537561.384,4142507.009,4142512.974,"Silva","NEON_D07_MLBS_DP1_537000_4142000_classified_point_cloud.laz","2018_MLBS_3_537000_4142000_image.tif","Tree",1,537000,537999.999,4142000,4142999.999
"14907",14907,537611.56,537616.976,4142506.806,4142513.928,"Silva","NEON_D07_MLBS_DP1_537000_4142000_classified_point_cloud.laz","2018_MLBS_3_537000_4142000_image.tif","Tree",1,537000,537999.999,4142000,4142999.999
"14908",14908,537615.5,537622.911,4142506.549,4142514.486,"Silva","NEON_D07_MLBS_DP1_537000_4142000_classified_point_cloud.laz","2018_MLBS_3_537000_4142000_image.tif","Tree",1,537000,537999.999,4142000,4142999.999
"14909",14909,537594.524,537604.798,4142502.303,4142514.937,"Silva","NEON_D07_MLBS_DP1_537000_4142000_classified_point_cloud.laz","2018_MLBS_3_537000_4142000_image.tif","Tree",1,537000,537999.999,4142000,4142999.999
"14910",14910,537580.063,537586.482,4142503.098,4142512.293,"Silva","NEON_D07_MLBS_DP1_537000_4142000_classified_point_cloud.laz","2018_MLBS_3_537000_4142000_image.tif","Tree",1,537000,537999.999,4142000,4142999.999
"14911",14911,537555.008,537562.498,4142498.765,4142507.948,"Silva","NEON_D07_MLBS_DP1_537000_4142000_classified_point_cloud.laz","2018_MLBS_3_537000_4142000_image.tif","Tree",1,537000,537999.999,4142000,4142999.999
"14912",14912,537562.506,537572.498,4142498.523,4142509.443,"Silva","NEON_D07_MLBS_DP1_537000_4142000_classified_point_cloud.laz","2018_MLBS_3_537000_4142000_image.tif","Tree",1,537000,537999.999,4142000,4142999.999
"14913",14913,537601.059,537609.903,4142501.264,4142511.489,"Silva","NEON_D07_MLBS_DP1_537000_4142000_classified_point_cloud.laz","2018_MLBS_3_537000_4142000_image.tif","Tree",1,537000,537999.999,4142000,4142999.999
"14914",14914,537581.127,537591.118,4142497.535,4142505.446,"Silva","NEON_D07_MLBS_DP1_537000_4142000_classified_point_cloud.laz","2018_MLBS_3_537000_4142000_image.tif","Tree",1,537000,537999.999,4142000,4142999.999
"14915",14915,537612.547,537621.174,4142496.076,4142506.479,"Silva","NEON_D07_MLBS_DP1_537000_4142000_classified_point_cloud.laz","2018_MLBS_3_537000_4142000_image.tif","Tree",1,537000,537999.999,4142000,4142999.999
"14916",14916,537532.517,537539.498,4142604.572,4142613.79,"Silva","NEON_D07_MLBS_DP1_537000_4142000_classified_point_cloud.laz","2018_MLBS_3_537000_4142000_image.tif","Tree",1,537000,537999.999,4142000,4142999.999
"14917",14917,537529.52,537544.867,4142544.586,4142553.499,"Silva","NEON_D07_MLBS_DP1_537000_4142000_classified_point_cloud.laz","2018_MLBS_3_537000_4142000_image.tif","Tree",1,537000,537999.999,4142000,4142999.999
"14918",14918,537515.504,537529.453,4142542.502,4142557.485,"Silva","NEON_D07_MLBS_DP1_537000_4142000_classified_point_cloud.laz","2018_MLBS_3_537000_4142000_image.tif","Tree",1,537000,537999.999,4142000,4142999.999
"14919",14919,537497.031,537504.468,4142545.024,4142554.499,"Silva","NEON_D07_MLBS_DP1_537000_4142000_classified_point_cloud.laz","2018_MLBS_3_537000_4142000_image.tif","Tree",1,537000,537999.999,4142000,4142999.999
"14920",14920,537546.007,537555.486,4142547.005,4142558.457,"Silva","NEON_D07_MLBS_DP1_537000_4142000_classified_point_cloud.laz","2018_MLBS_3_537000_4142000_image.tif","Tree",1,537000,537999.999,4142000,4142999.999
"14921",14921,537506.507,537518.474,4142550.635,4142560.446,"Silva","NEON_D07_MLBS_DP1_537000_4142000_classified_point_cloud.laz","2018_MLBS_3_537000_4142000_image.tif","Tree",1,537000,537999.999,4142000,4142999.999
"14922",14922,537524.506,537536.929,4142549.504,4142559.498,"Silva","NEON_D07_MLBS_DP1_537000_4142000_classified_point_cloud.laz","2018_MLBS_3_537000_4142000_image.tif","Tree",1,537000,537999.999,4142000,4142999.999
"14923",14923,537548.525,537557.488,4142556.011,4142566.44,"Silva","NEON_D07_MLBS_DP1_537000_4142000_classified_point_cloud.laz","2018_MLBS_3_537000_4142000_image.tif","Tree",1,537000,537999.999,4142000,4142999.999
"14924",14924,537541.004,537548.988,4142557.063,4142562.938,"Silva","NEON_D07_MLBS_DP1_537000_4142000_classified_point_cloud.laz","2018_MLBS_3_537000_4142000_image.tif","Tree",1,537000,537999.999,4142000,4142999.999
"14925",14925,537498.518,537504.925,4142555.293,4142563.454,"Silva","NEON_D07_MLBS_DP1_537000_4142000_classified_point_cloud.laz","2018_MLBS_3_537000_4142000_image.tif","Tree",1,537000,537999.999,4142000,4142999.999
"14926",14926,537534.516,537540.984,4142559.688,4142565.999,"Silva","NEON_D07_MLBS_DP1_537000_4142000_classified_point_cloud.laz","2018_MLBS_3_537000_4142000_image.tif","Tree",1,537000,537999.999,4142000,4142999.999
"14927",14927,537542.537,537550.445,4142562.127,4142566.997,"Silva","NEON_D07_MLBS_DP1_537000_4142000_classified_point_cloud.laz","2018_MLBS_3_537000_4142000_image.tif","Tree",1,537000,537999.999,4142000,4142999.999
"14928",14928,537518.519,537525.953,4142557.509,4142573.44,"Silva","NEON_D07_MLBS_DP1_537000_4142000_classified_point_cloud.laz","2018_MLBS_3_537000_4142000_image.tif","Tree",1,537000,537999.999,4142000,4142999.999
"14929",14929,537512.007,537518.996,4142557.031,4142571.477,"Silva","NEON_D07_MLBS_DP1_537000_4142000_classified_point_cloud.laz","2018_MLBS_3_537000_4142000_image.tif","Tree",1,537000,537999.999,4142000,4142999.999
"14930",14930,537537.577,537544.492,4142563.042,4142572.792,"Silva","NEON_D07_MLBS_DP1_537000_4142000_classified_point_cloud.laz","2018_MLBS_3_537000_4142000_image.tif","Tree",1,537000,537999.999,4142000,4142999.999
"14931",14931,537543.007,537548.927,4142566.566,4142573.488,"Silva","NEON_D07_MLBS_DP1_537000_4142000_classified_point_cloud.laz","2018_MLBS_3_537000_4142000_image.tif","Tree",1,537000,537999.999,4142000,4142999.999
"14932",14932,537524.141,537533.496,4142562.074,4142573.979,"Silva","NEON_D07_MLBS_DP1_537000_4142000_classified_point_cloud.laz","2018_MLBS_3_537000_4142000_image.tif","Tree",1,537000,537999.999,4142000,4142999.999
"14933",14933,537531.061,537539.438,4142565.545,4142573,"Silva","NEON_D07_MLBS_DP1_537000_4142000_classified_point_cloud.laz","2018_MLBS_3_537000_4142000_image.tif","Tree",1,537000,537999.999,4142000,4142999.999
"14934",14934,537508.125,537516.942,4142563.012,4142573.472,"Silva","NEON_D07_MLBS_DP1_537000_4142000_classified_point_cloud.laz","2018_MLBS_3_537000_4142000_image.tif","Tree",1,537000,537999.999,4142000,4142999.999
"14935",14935,537547.516,537557.796,4142569.019,4142578.979,"Silva","NEON_D07_MLBS_DP1_537000_4142000_classified_point_cloud.laz","2018_MLBS_3_537000_4142000_image.tif","Tree",1,537000,537999.999,4142000,4142999.999
"14936",14936,537529.067,537539.477,4142572.503,4142579.407,"Silva","NEON_D07_MLBS_DP1_537000_4142000_classified_point_cloud.laz","2018_MLBS_3_537000_4142000_image.tif","Tree",1,537000,537999.999,4142000,4142999.999
"14937",14937,537541.609,537550.499,4142572.638,4142581.465,"Silva","NEON_D07_MLBS_DP1_537000_4142000_classified_point_cloud.laz","2018_MLBS_3_537000_4142000_image.tif","Tree",1,537000,537999.999,4142000,4142999.999
"14938",14938,537533.537,537539.97,4142572.793,4142584.993,"Silva","NEON_D07_MLBS_DP1_537000_4142000_classified_point_cloud.laz","2018_MLBS_3_537000_4142000_image.tif","Tree",1,537000,537999.999,4142000,4142999.999
"14939",14939,537502.545,537508.997,4142571.007,4142580.355,"Silva","NEON_D07_MLBS_DP1_537000_4142000_classified_point_cloud.laz","2018_MLBS_3_537000_4142000_image.tif","Tree",1,537000,537999.999,4142000,4142999.999
"14940",14940,537537.559,537542.951,4142572.516,4142584.985,"Silva","NEON_D07_MLBS_DP1_537000_4142000_classified_point_cloud.laz","2018_MLBS_3_537000_4142000_image.tif","Tree",1,537000,537999.999,4142000,4142999.999
"14941",14941,537521.011,537529.486,4142572.681,4142582.986,"Silva","NEON_D07_MLBS_DP1_537000_4142000_classified_point_cloud.laz","2018_MLBS_3_537000_4142000_image.tif","Tree",1,537000,537999.999,4142000,4142999.999
"14942",14942,537513.516,537521.485,4142576.528,4142585.086,"Silva","NEON_D07_MLBS_DP1_537000_4142000_classified_point_cloud.laz","2018_MLBS_3_537000_4142000_image.tif","Tree",1,537000,537999.999,4142000,4142999.999
"14943",14943,537540.065,537550.493,4142579.038,4142589.015,"Silva","NEON_D07_MLBS_DP1_537000_4142000_classified_point_cloud.laz","2018_MLBS_3_537000_4142000_image.tif","Tree",1,537000,537999.999,4142000,4142999.999
"14944",14944,537511.056,537520.998,4142585.295,4142593,"Silva","NEON_D07_MLBS_DP1_537000_4142000_classified_point_cloud.laz","2018_MLBS_3_537000_4142000_image.tif","Tree",1,537000,537999.999,4142000,4142999.999
"14945",14945,537533.535,537545.795,4142585.014,4142596.417,"Silva","NEON_D07_MLBS_DP1_537000_4142000_classified_point_cloud.laz","2018_MLBS_3_537000_4142000_image.tif","Tree",1,537000,537999.999,4142000,4142999.999
"14946",14946,537544.006,537554.997,4142588.135,4142599.915,"Silva","NEON_D07_MLBS_DP1_537000_4142000_classified_point_cloud.laz","2018_MLBS_3_537000_4142000_image.tif","Tree",1,537000,537999.999,4142000,4142999.999
"14947",14947,537531.502,537543.909,4142589.278,4142599.96,"Silva","NEON_D07_MLBS_DP1_537000_4142000_classified_point_cloud.laz","2018_MLBS_3_537000_4142000_image.tif","Tree",1,537000,537999.999,4142000,4142999.999
"14948",14948,537547.103,537559.984,4142603.697,4142615.453,"Silva","NEON_D07_MLBS_DP1_537000_4142000_classified_point_cloud.laz","2018_MLBS_3_537000_4142000_image.tif","Tree",1,537000,537999.999,4142000,4142999.999
"14949",14949,537588.638,537597.992,4142606.515,4142614.995,"Silva","NEON_D07_MLBS_DP1_537000_4142000_classified_point_cloud.laz","2018_MLBS_3_537000_4142000_image.tif","Tree",1,537000,537999.999,4142000,4142999.999
"14950",14950,537604.502,537613.449,4142604.088,4142617.42,"Silva","NEON_D07_MLBS_DP1_537000_4142000_classified_point_cloud.laz","2018_MLBS_3_537000_4142000_image.tif","Tree",1,537000,537999.999,4142000,4142999.999
"14951",14951,537597.559,537606.222,4142603.012,4142610.5,"Silva","NEON_D07_MLBS_DP1_537000_4142000_classified_point_cloud.laz","2018_MLBS_3_537000_4142000_image.tif","Tree",1,537000,537999.999,4142000,4142999.999
"14952",14952,537584.025,537592.303,4142602.011,4142610.966,"Silva","NEON_D07_MLBS_DP1_537000_4142000_classified_point_cloud.laz","2018_MLBS_3_537000_4142000_image.tif","Tree",1,537000,537999.999,4142000,4142999.999
"14953",14953,537587.54,537593.478,4142599.008,4142606.474,"Silva","NEON_D07_MLBS_DP1_537000_4142000_classified_point_cloud.laz","2018_MLBS_3_537000_4142000_image.tif","Tree",1,537000,537999.999,4142000,4142999.999
"14954",14954,537608.032,537614.998,4142544.553,4142551.931,"Silva","NEON_D07_MLBS_DP1_537000_4142000_classified_point_cloud.laz","2018_MLBS_3_537000_4142000_image.tif","Tree",1,537000,537999.999,4142000,4142999.999
"14955",14955,537553.052,537563.293,4142543.496,4142553.963,"Silva","NEON_D07_MLBS_DP1_537000_4142000_classified_point_cloud.laz","2018_MLBS_3_537000_4142000_image.tif","Tree",1,537000,537999.999,4142000,4142999.999
"14956",14956,537563.506,537573.987,4142548.05,4142560.298,"Silva","NEON_D07_MLBS_DP1_537000_4142000_classified_point_cloud.laz","2018_MLBS_3_537000_4142000_image.tif","Tree",1,537000,537999.999,4142000,4142999.999
"14957",14957,537607.632,537615.491,4142552.046,4142561.421,"Silva","NEON_D07_MLBS_DP1_537000_4142000_classified_point_cloud.laz","2018_MLBS_3_537000_4142000_image.tif","Tree",1,537000,537999.999,4142000,4142999.999
"14958",14958,537594.54,537601.466,4142551.004,4142561.39,"Silva","NEON_D07_MLBS_DP1_537000_4142000_classified_point_cloud.laz","2018_MLBS_3_537000_4142000_image.tif","Tree",1,537000,537999.999,4142000,4142999.999
"14959",14959,537612.032,537619.496,4142552.522,4142563.954,"Silva","NEON_D07_MLBS_DP1_537000_4142000_classified_point_cloud.laz","2018_MLBS_3_537000_4142000_image.tif","Tree",1,537000,537999.999,4142000,4142999.999
"14960",14960,537601.13,537608.399,4142552.522,4142560.397,"Silva","NEON_D07_MLBS_DP1_537000_4142000_classified_point_cloud.laz","2018_MLBS_3_537000_4142000_image.tif","Tree",1,537000,537999.999,4142000,4142999.999
"14961",14961,537555.001,537565.39,4142553.508,4142560.984,"Silva","NEON_D07_MLBS_DP1_537000_4142000_classified_point_cloud.laz","2018_MLBS_3_537000_4142000_image.tif","Tree",1,537000,537999.999,4142000,4142999.999
"14962",14962,537589.571,537595.469,4142553.52,4142560.986,"Silva","NEON_D07_MLBS_DP1_537000_4142000_classified_point_cloud.laz","2018_MLBS_3_537000_4142000_image.tif","Tree",1,537000,537999.999,4142000,4142999.999
"14963",14963,537579.017,537588.443,4142556.044,4142562.995,"Silva","NEON_D07_MLBS_DP1_537000_4142000_classified_point_cloud.laz","2018_MLBS_3_537000_4142000_image.tif","Tree",1,537000,537999.999,4142000,4142999.999
"14964",14964,537603.006,537608.957,4142559.32,4142564.957,"Silva","NEON_D07_MLBS_DP1_537000_4142000_classified_point_cloud.laz","2018_MLBS_3_537000_4142000_image.tif","Tree",1,537000,537999.999,4142000,4142999.999
"14965",14965,537597.027,537605.45,4142560.571,4142567.396,"Silva","NEON_D07_MLBS_DP1_537000_4142000_classified_point_cloud.laz","2018_MLBS_3_537000_4142000_image.tif","Tree",1,537000,537999.999,4142000,4142999.999
"14966",14966,537605.151,537613.451,4142560.571,4142566.999,"Silva","NEON_D07_MLBS_DP1_537000_4142000_classified_point_cloud.laz","2018_MLBS_3_537000_4142000_image.tif","Tree",1,537000,537999.999,4142000,4142999.999
"14967",14967,537577.168,537586.486,4142559.742,4142567.328,"Silva","NEON_D07_MLBS_DP1_537000_4142000_classified_point_cloud.laz","2018_MLBS_3_537000_4142000_image.tif","Tree",1,537000,537999.999,4142000,4142999.999
"14968",14968,537556.313,537567.945,4142559.51,4142566.904,"Silva","NEON_D07_MLBS_DP1_537000_4142000_classified_point_cloud.laz","2018_MLBS_3_537000_4142000_image.tif","Tree",1,537000,537999.999,4142000,4142999.999
"14969",14969,537585.078,537594.449,4142562.507,4142569.998,"Silva","NEON_D07_MLBS_DP1_537000_4142000_classified_point_cloud.laz","2018_MLBS_3_537000_4142000_image.tif","Tree",1,537000,537999.999,4142000,4142999.999
"14970",14970,537610.531,537617.495,4142563.205,4142573.191,"Silva","NEON_D07_MLBS_DP1_537000_4142000_classified_point_cloud.laz","2018_MLBS_3_537000_4142000_image.tif","Tree",1,537000,537999.999,4142000,4142999.999
"14971",14971,537605.119,537610.412,4142566.013,4142571.343,"Silva","NEON_D07_MLBS_DP1_537000_4142000_classified_point_cloud.laz","2018_MLBS_3_537000_4142000_image.tif","Tree",1,537000,537999.999,4142000,4142999.999
"14972",14972,537564.049,537573.967,4142562.51,4142573.41,"Silva","NEON_D07_MLBS_DP1_537000_4142000_classified_point_cloud.laz","2018_MLBS_3_537000_4142000_image.tif","Tree",1,537000,537999.999,4142000,4142999.999
"14973",14973,537600.598,537606.972,4142566.116,4142572.985,"Silva","NEON_D07_MLBS_DP1_537000_4142000_classified_point_cloud.laz","2018_MLBS_3_537000_4142000_image.tif","Tree",1,537000,537999.999,4142000,4142999.999
"14974",14974,537573.511,537584.499,4142564.019,4142575.845,"Silva","NEON_D07_MLBS_DP1_537000_4142000_classified_point_cloud.laz","2018_MLBS_3_537000_4142000_image.tif","Tree",1,537000,537999.999,4142000,4142999.999
"14975",14975,537556.003,537565.472,4142566.505,4142573.978,"Silva","NEON_D07_MLBS_DP1_537000_4142000_classified_point_cloud.laz","2018_MLBS_3_537000_4142000_image.tif","Tree",1,537000,537999.999,4142000,4142999.999
"14976",14976,537606.552,537614.455,4142570.116,4142575.996,"Silva","NEON_D07_MLBS_DP1_537000_4142000_classified_point_cloud.laz","2018_MLBS_3_537000_4142000_image.tif","Tree",1,537000,537999.999,4142000,4142999.999
"14977",14977,537578.026,537587.458,4142567.608,4142578.976,"Silva","NEON_D07_MLBS_DP1_537000_4142000_classified_point_cloud.laz","2018_MLBS_3_537000_4142000_image.tif","Tree",1,537000,537999.999,4142000,4142999.999
"14978",14978,537562.092,537572.867,4142572.171,4142581.95,"Silva","NEON_D07_MLBS_DP1_537000_4142000_classified_point_cloud.laz","2018_MLBS_3_537000_4142000_image.tif","Tree",1,537000,537999.999,4142000,4142999.999
"14979",14979,537612.046,537618.992,4142573.106,4142581.5,"Silva","NEON_D07_MLBS_DP1_537000_4142000_classified_point_cloud.laz","2018_MLBS_3_537000_4142000_image.tif","Tree",1,537000,537999.999,4142000,4142999.999
"14980",14980,537607.002,537613.354,4142576.275,4142586.404,"Silva","NEON_D07_MLBS_DP1_537000_4142000_classified_point_cloud.laz","2018_MLBS_3_537000_4142000_image.tif","Tree",1,537000,537999.999,4142000,4142999.999
"14981",14981,537555.52,537564.912,4142574.015,4142583.391,"Silva","NEON_D07_MLBS_DP1_537000_4142000_classified_point_cloud.laz","2018_MLBS_3_537000_4142000_image.tif","Tree",1,537000,537999.999,4142000,4142999.999
"14982",14982,537595.536,537602.437,4142576.516,4142586.985,"Silva","NEON_D07_MLBS_DP1_537000_4142000_classified_point_cloud.laz","2018_MLBS_3_537000_4142000_image.tif","Tree",1,537000,537999.999,4142000,4142999.999
"14983",14983,537587.004,537595.962,4142576.046,4142583.975,"Silva","NEON_D07_MLBS_DP1_537000_4142000_classified_point_cloud.laz","2018_MLBS_3_537000_4142000_image.tif","Tree",1,537000,537999.999,4142000,4142999.999
"14984",14984,537567.919,537576.991,4142573.711,4142588.389,"Silva","NEON_D07_MLBS_DP1_537000_4142000_classified_point_cloud.laz","2018_MLBS_3_537000_4142000_image.tif","Tree",1,537000,537999.999,4142000,4142999.999
"14985",14985,537579.559,537588.494,4142579.001,4142589.967,"Silva","NEON_D07_MLBS_DP1_537000_4142000_classified_point_cloud.laz","2018_MLBS_3_537000_4142000_image.tif","Tree",1,537000,537999.999,4142000,4142999.999
"14986",14986,537562.052,537571.088,4142582.022,4142589.441,"Silva","NEON_D07_MLBS_DP1_537000_4142000_classified_point_cloud.laz","2018_MLBS_3_537000_4142000_image.tif","Tree",1,537000,537999.999,4142000,4142999.999
"14987",14987,537553.096,537561.879,4142582.557,4142591.421,"Silva","NEON_D07_MLBS_DP1_537000_4142000_classified_point_cloud.laz","2018_MLBS_3_537000_4142000_image.tif","Tree",1,537000,537999.999,4142000,4142999.999
"14988",14988,537585.023,537591.38,4142585.009,4142594.999,"Silva","NEON_D07_MLBS_DP1_537000_4142000_classified_point_cloud.laz","2018_MLBS_3_537000_4142000_image.tif","Tree",1,537000,537999.999,4142000,4142999.999
"14989",14989,537559.045,537564.215,4142586.1,4142591.992,"Silva","NEON_D07_MLBS_DP1_537000_4142000_classified_point_cloud.laz","2018_MLBS_3_537000_4142000_image.tif","Tree",1,537000,537999.999,4142000,4142999.999
"14990",14990,537587.094,537595.452,4142588.586,4142595.966,"Silva","NEON_D07_MLBS_DP1_537000_4142000_classified_point_cloud.laz","2018_MLBS_3_537000_4142000_image.tif","Tree",1,537000,537999.999,4142000,4142999.999
"14991",14991,537598.204,537607.999,4142586.01,4142595.441,"Silva","NEON_D07_MLBS_DP1_537000_4142000_classified_point_cloud.laz","2018_MLBS_3_537000_4142000_image.tif","Tree",1,537000,537999.999,4142000,4142999.999
"14992",14992,537595.019,537601.905,4142589.016,4142598.991,"Silva","NEON_D07_MLBS_DP1_537000_4142000_classified_point_cloud.laz","2018_MLBS_3_537000_4142000_image.tif","Tree",1,537000,537999.999,4142000,4142999.999
"14993",14993,537554.554,537562.976,4142589.694,4142596.351,"Silva","NEON_D07_MLBS_DP1_537000_4142000_classified_point_cloud.laz","2018_MLBS_3_537000_4142000_image.tif","Tree",1,537000,537999.999,4142000,4142999.999
"14994",14994,537572.513,537582.676,4142589.075,4142596.447,"Silva","NEON_D07_MLBS_DP1_537000_4142000_classified_point_cloud.laz","2018_MLBS_3_537000_4142000_image.tif","Tree",1,537000,537999.999,4142000,4142999.999
"14995",14995,537600.024,537608.439,4142593.089,4142603.912,"Silva","NEON_D07_MLBS_DP1_537000_4142000_classified_point_cloud.laz","2018_MLBS_3_537000_4142000_image.tif","Tree",1,537000,537999.999,4142000,4142999.999
"14996",14996,537564.522,537573.47,4142595.092,4142605.972,"Silva","NEON_D07_MLBS_DP1_537000_4142000_classified_point_cloud.laz","2018_MLBS_3_537000_4142000_image.tif","Tree",1,537000,537999.999,4142000,4142999.999
"14997",14997,537550.032,537559.313,4142594.019,4142603.974,"Silva","NEON_D07_MLBS_DP1_537000_4142000_classified_point_cloud.laz","2018_MLBS_3_537000_4142000_image.tif","Tree",1,537000,537999.999,4142000,4142999.999
"14998",14998,537593.016,537601.983,4142598.137,4142606.977,"Silva","NEON_D07_MLBS_DP1_537000_4142000_classified_point_cloud.laz","2018_MLBS_3_537000_4142000_image.tif","Tree",1,537000,537999.999,4142000,4142999.999
"14999",14999,537541.022,537551.348,4142611.019,4142621.951,"Silva","NEON_D07_MLBS_DP1_537000_4142000_classified_point_cloud.laz","2018_MLBS_3_537000_4142000_image.tif","Tree",1,537000,537999.999,4142000,4142999.999
"15000",15000,537585.517,537591.932,4142669.608,4142678.365,"Silva","NEON_D07_MLBS_DP1_537000_4142000_classified_point_cloud.laz","2018_MLBS_3_537000_4142000_image.tif","Tree",1,537000,537999.999,4142000,4142999.999
"15001",15001,537609.003,537617.493,4142667.238,4142677.873,"Silva","NEON_D07_MLBS_DP1_537000_4142000_classified_point_cloud.laz","2018_MLBS_3_537000_4142000_image.tif","Tree",1,537000,537999.999,4142000,4142999.999
"15002",15002,537587.024,537596.971,4142665.161,4142673.998,"Silva","NEON_D07_MLBS_DP1_537000_4142000_classified_point_cloud.laz","2018_MLBS_3_537000_4142000_image.tif","Tree",1,537000,537999.999,4142000,4142999.999
"15003",15003,537604.562,537612.972,4142664.513,4142673.408,"Silva","NEON_D07_MLBS_DP1_537000_4142000_classified_point_cloud.laz","2018_MLBS_3_537000_4142000_image.tif","Tree",1,537000,537999.999,4142000,4142999.999
"15004",15004,537581.032,537589.473,4142654.514,4142665.899,"Silva","NEON_D07_MLBS_DP1_537000_4142000_classified_point_cloud.laz","2018_MLBS_3_537000_4142000_image.tif","Tree",1,537000,537999.999,4142000,4142999.999
"15005",15005,537612.033,537622.461,4142658.519,4142669.499,"Silva","NEON_D07_MLBS_DP1_537000_4142000_classified_point_cloud.laz","2018_MLBS_3_537000_4142000_image.tif","Tree",1,537000,537999.999,4142000,4142999.999
"15006",15006,537591.51,537597.987,4142649.021,4142659.443,"Silva","NEON_D07_MLBS_DP1_537000_4142000_classified_point_cloud.laz","2018_MLBS_3_537000_4142000_image.tif","Tree",1,537000,537999.999,4142000,4142999.999
"15007",15007,537597.652,537603.91,4142651.074,4142658.489,"Silva","NEON_D07_MLBS_DP1_537000_4142000_classified_point_cloud.laz","2018_MLBS_3_537000_4142000_image.tif","Tree",1,537000,537999.999,4142000,4142999.999
"15008",15008,537606.091,537615.958,4142652.517,4142661.998,"Silva","NEON_D07_MLBS_DP1_537000_4142000_classified_point_cloud.laz","2018_MLBS_3_537000_4142000_image.tif","Tree",1,537000,537999.999,4142000,4142999.999
"15009",15009,537584.056,537594.995,4142646.039,4142657.839,"Silva","NEON_D07_MLBS_DP1_537000_4142000_classified_point_cloud.laz","2018_MLBS_3_537000_4142000_image.tif","Tree",1,537000,537999.999,4142000,4142999.999
"15010",15010,537610.073,537616.99,4142649.246,4142657.845,"Silva","NEON_D07_MLBS_DP1_537000_4142000_classified_point_cloud.laz","2018_MLBS_3_537000_4142000_image.tif","Tree",1,537000,537999.999,4142000,4142999.999
"15011",15011,537597.206,537606.932,4142647.55,4142654.996,"Silva","NEON_D07_MLBS_DP1_537000_4142000_classified_point_cloud.laz","2018_MLBS_3_537000_4142000_image.tif","Tree",1,537000,537999.999,4142000,4142999.999
"15012",15012,537577.015,537587.469,4142643.515,4142654.162,"Silva","NEON_D07_MLBS_DP1_537000_4142000_classified_point_cloud.laz","2018_MLBS_3_537000_4142000_image.tif","Tree",1,537000,537999.999,4142000,4142999.999
"15013",15013,537605.005,537612.497,4142645.502,4142652.977,"Silva","NEON_D07_MLBS_DP1_537000_4142000_classified_point_cloud.laz","2018_MLBS_3_537000_4142000_image.tif","Tree",1,537000,537999.999,4142000,4142999.999
"15014",15014,537573.595,537583.77,4142641.545,4142647.497,"Silva","NEON_D07_MLBS_DP1_537000_4142000_classified_point_cloud.laz","2018_MLBS_3_537000_4142000_image.tif","Tree",1,537000,537999.999,4142000,4142999.999
"15015",15015,537611.536,537617.46,4142641.514,4142650.35,"Silva","NEON_D07_MLBS_DP1_537000_4142000_classified_point_cloud.laz","2018_MLBS_3_537000_4142000_image.tif","Tree",1,537000,537999.999,4142000,4142999.999
"15016",15016,537616.538,537623.972,4142642.556,4142649.995,"Silva","NEON_D07_MLBS_DP1_537000_4142000_classified_point_cloud.laz","2018_MLBS_3_537000_4142000_image.tif","Tree",1,537000,537999.999,4142000,4142999.999
"15017",15017,537590.527,537599.89,4142639.062,4142649.489,"Silva","NEON_D07_MLBS_DP1_537000_4142000_classified_point_cloud.laz","2018_MLBS_3_537000_4142000_image.tif","Tree",1,537000,537999.999,4142000,4142999.999
"15018",15018,537574.206,537584.482,4142637.51,4142643.996,"Silva","NEON_D07_MLBS_DP1_537000_4142000_classified_point_cloud.laz","2018_MLBS_3_537000_4142000_image.tif","Tree",1,537000,537999.999,4142000,4142999.999
"15019",15019,537603.563,537610.895,4142636.104,4142643.432,"Silva","NEON_D07_MLBS_DP1_537000_4142000_classified_point_cloud.laz","2018_MLBS_3_537000_4142000_image.tif","Tree",1,537000,537999.999,4142000,4142999.999
"15020",15020,537571.532,537580.471,4142632.542,4142640.881,"Silva","NEON_D07_MLBS_DP1_537000_4142000_classified_point_cloud.laz","2018_MLBS_3_537000_4142000_image.tif","Tree",1,537000,537999.999,4142000,4142999.999
"15021",15021,537596.106,537601.965,4142637.154,4142642.431,"Silva","NEON_D07_MLBS_DP1_537000_4142000_classified_point_cloud.laz","2018_MLBS_3_537000_4142000_image.tif","Tree",1,537000,537999.999,4142000,4142999.999
"15022",15022,537601.516,537606.373,4142634.527,4142641.092,"Silva","NEON_D07_MLBS_DP1_537000_4142000_classified_point_cloud.laz","2018_MLBS_3_537000_4142000_image.tif","Tree",1,537000,537999.999,4142000,4142999.999
"15023",15023,537588.086,537595.991,4142633.007,4142640.419,"Silva","NEON_D07_MLBS_DP1_537000_4142000_classified_point_cloud.laz","2018_MLBS_3_537000_4142000_image.tif","Tree",1,537000,537999.999,4142000,4142999.999
"15024",15024,537561.526,537571.995,4142629.519,4142639.459,"Silva","NEON_D07_MLBS_DP1_537000_4142000_classified_point_cloud.laz","2018_MLBS_3_537000_4142000_image.tif","Tree",1,537000,537999.999,4142000,4142999.999
"15025",15025,537595.501,537602.96,4142631.677,4142638.455,"Silva","NEON_D07_MLBS_DP1_537000_4142000_classified_point_cloud.laz","2018_MLBS_3_537000_4142000_image.tif","Tree",1,537000,537999.999,4142000,4142999.999
"15026",15026,537581.517,537589.379,4142627.799,4142638.382,"Silva","NEON_D07_MLBS_DP1_537000_4142000_classified_point_cloud.laz","2018_MLBS_3_537000_4142000_image.tif","Tree",1,537000,537999.999,4142000,4142999.999
"15027",15027,537576.52,537586.497,4142624.236,4142632.143,"Silva","NEON_D07_MLBS_DP1_537000_4142000_classified_point_cloud.laz","2018_MLBS_3_537000_4142000_image.tif","Tree",1,537000,537999.999,4142000,4142999.999
"15028",15028,537563.511,537571.33,4142622.092,4142632.387,"Silva","NEON_D07_MLBS_DP1_537000_4142000_classified_point_cloud.laz","2018_MLBS_3_537000_4142000_image.tif","Tree",1,537000,537999.999,4142000,4142999.999
"15029",15029,537586.529,537596.909,4142626.507,4142633.488,"Silva","NEON_D07_MLBS_DP1_537000_4142000_classified_point_cloud.laz","2018_MLBS_3_537000_4142000_image.tif","Tree",1,537000,537999.999,4142000,4142999.999
"15030",15030,537567.734,537573.497,4142621.018,4142632.999,"Silva","NEON_D07_MLBS_DP1_537000_4142000_classified_point_cloud.laz","2018_MLBS_3_537000_4142000_image.tif","Tree",1,537000,537999.999,4142000,4142999.999
"15031",15031,537549.753,537557.382,4142623.263,4142629.954,"Silva","NEON_D07_MLBS_DP1_537000_4142000_classified_point_cloud.laz","2018_MLBS_3_537000_4142000_image.tif","Tree",1,537000,537999.999,4142000,4142999.999
"15032",15032,537576.001,537585.146,4142622.035,4142628.41,"Silva","NEON_D07_MLBS_DP1_537000_4142000_classified_point_cloud.laz","2018_MLBS_3_537000_4142000_image.tif","Tree",1,537000,537999.999,4142000,4142999.999
"15033",15033,537552.61,537560.493,4142615.563,4142624.48,"Silva","NEON_D07_MLBS_DP1_537000_4142000_classified_point_cloud.laz","2018_MLBS_3_537000_4142000_image.tif","Tree",1,537000,537999.999,4142000,4142999.999
"15034",15034,537586.549,537595.374,4142620.032,4142623.997,"Silva","NEON_D07_MLBS_DP1_537000_4142000_classified_point_cloud.laz","2018_MLBS_3_537000_4142000_image.tif","Tree",1,537000,537999.999,4142000,4142999.999
"15035",15035,537572.138,537582.482,4142613.842,4142623.92,"Silva","NEON_D07_MLBS_DP1_537000_4142000_classified_point_cloud.laz","2018_MLBS_3_537000_4142000_image.tif","Tree",1,537000,537999.999,4142000,4142999.999
"15036",15036,537561.019,537575.42,4142613.259,4142621.942,"Silva","NEON_D07_MLBS_DP1_537000_4142000_classified_point_cloud.laz","2018_MLBS_3_537000_4142000_image.tif","Tree",1,537000,537999.999,4142000,4142999.999
"15037",15037,537586.601,537592.875,4142612.565,4142623.253,"Silva","NEON_D07_MLBS_DP1_537000_4142000_classified_point_cloud.laz","2018_MLBS_3_537000_4142000_image.tif","Tree",1,537000,537999.999,4142000,4142999.999
"15038",15038,537584.54,537588.997,4142610.509,4142623.94,"Silva","NEON_D07_MLBS_DP1_537000_4142000_classified_point_cloud.laz","2018_MLBS_3_537000_4142000_image.tif","Tree",1,537000,537999.999,4142000,4142999.999
"15039",15039,537577.222,537585.439,4142610.539,4142622.992,"Silva","NEON_D07_MLBS_DP1_537000_4142000_classified_point_cloud.laz","2018_MLBS_3_537000_4142000_image.tif","Tree",1,537000,537999.999,4142000,4142999.999
"15040",15040,537597.066,537605.751,4142614.559,4142621.996,"Silva","NEON_D07_MLBS_DP1_537000_4142000_classified_point_cloud.laz","2018_MLBS_3_537000_4142000_image.tif","Tree",1,537000,537999.999,4142000,4142999.999
"15041",15041,537560.009,537574.555,4142609.046,4142616.994,"Silva","NEON_D07_MLBS_DP1_537000_4142000_classified_point_cloud.laz","2018_MLBS_3_537000_4142000_image.tif","Tree",1,537000,537999.999,4142000,4142999.999
"15042",15042,537597.536,537604.943,4142610.715,4142613.975,"Silva","NEON_D07_MLBS_DP1_537000_4142000_classified_point_cloud.laz","2018_MLBS_3_537000_4142000_image.tif","Tree",1,537000,537999.999,4142000,4142999.999
"15043",15043,537517.55,537526.486,4142605.502,4142613.965,"Silva","NEON_D07_MLBS_DP1_537000_4142000_classified_point_cloud.laz","2018_MLBS_3_537000_4142000_image.tif","Tree",1,537000,537999.999,4142000,4142999.999
"15044",15044,537500.513,537509.474,4142597.039,4142605.958,"Silva","NEON_D07_MLBS_DP1_537000_4142000_classified_point_cloud.laz","2018_MLBS_3_537000_4142000_image.tif","Tree",1,537000,537999.999,4142000,4142999.999
"15045",15045,537503.724,537509.824,4142589.542,4142595.997,"Silva","NEON_D07_MLBS_DP1_537000_4142000_classified_point_cloud.laz","2018_MLBS_3_537000_4142000_image.tif","Tree",1,537000,537999.999,4142000,4142999.999
"15046",15046,537498.547,537505.488,4142591.002,4142597.468,"Silva","NEON_D07_MLBS_DP1_537000_4142000_classified_point_cloud.laz","2018_MLBS_3_537000_4142000_image.tif","Tree",1,537000,537999.999,4142000,4142999.999
"15047",15047,537499.501,537506.94,4142671.567,4142677.687,"Silva","NEON_D07_MLBS_DP1_537000_4142000_classified_point_cloud.laz","2018_MLBS_3_537000_4142000_image.tif","Tree",1,537000,537999.999,4142000,4142999.999
"15048",15048,537537.897,537549.964,4142670.008,4142679.428,"Silva","NEON_D07_MLBS_DP1_537000_4142000_classified_point_cloud.laz","2018_MLBS_3_537000_4142000_image.tif","Tree",1,537000,537999.999,4142000,4142999.999
"15049",15049,537499.374,537506.984,4142668.609,4142675.425,"Silva","NEON_D07_MLBS_DP1_537000_4142000_classified_point_cloud.laz","2018_MLBS_3_537000_4142000_image.tif","Tree",1,537000,537999.999,4142000,4142999.999
"15050",15050,537507.005,537512.494,4142667.778,4142678.475,"Silva","NEON_D07_MLBS_DP1_537000_4142000_classified_point_cloud.laz","2018_MLBS_3_537000_4142000_image.tif","Tree",1,537000,537999.999,4142000,4142999.999
"15051",15051,537503.051,537506.939,4142663.522,4142670.483,"Silva","NEON_D07_MLBS_DP1_537000_4142000_classified_point_cloud.laz","2018_MLBS_3_537000_4142000_image.tif","Tree",1,537000,537999.999,4142000,4142999.999
"15052",15052,537495.157,537503.498,4142664.043,4142670.362,"Silva","NEON_D07_MLBS_DP1_537000_4142000_classified_point_cloud.laz","2018_MLBS_3_537000_4142000_image.tif","Tree",1,537000,537999.999,4142000,4142999.999
"15053",15053,537506.01,537511.485,4142661.232,4142669.998,"Silva","NEON_D07_MLBS_DP1_537000_4142000_classified_point_cloud.laz","2018_MLBS_3_537000_4142000_image.tif","Tree",1,537000,537999.999,4142000,4142999.999
"15054",15054,537519.001,537529.995,4142660.013,4142671.495,"Silva","NEON_D07_MLBS_DP1_537000_4142000_classified_point_cloud.laz","2018_MLBS_3_537000_4142000_image.tif","Tree",1,537000,537999.999,4142000,4142999.999
"15055",15055,537530.009,537541.444,4142661.001,4142673.911,"Silva","NEON_D07_MLBS_DP1_537000_4142000_classified_point_cloud.laz","2018_MLBS_3_537000_4142000_image.tif","Tree",1,537000,537999.999,4142000,4142999.999
"15056",15056,537513.087,537521.852,4142659.015,4142667.974,"Silva","NEON_D07_MLBS_DP1_537000_4142000_classified_point_cloud.laz","2018_MLBS_3_537000_4142000_image.tif","Tree",1,537000,537999.999,4142000,4142999.999
"15057",15057,537540.016,537549.469,4142662.034,4142670.462,"Silva","NEON_D07_MLBS_DP1_537000_4142000_classified_point_cloud.laz","2018_MLBS_3_537000_4142000_image.tif","Tree",1,537000,537999.999,4142000,4142999.999
"15058",15058,537500.501,537510.494,4142654.012,4142661.492,"Silva","NEON_D07_MLBS_DP1_537000_4142000_classified_point_cloud.laz","2018_MLBS_3_537000_4142000_image.tif","Tree",1,537000,537999.999,4142000,4142999.999
"15059",15059,537546.006,537552.464,4142656.054,4142664.336,"Silva","NEON_D07_MLBS_DP1_537000_4142000_classified_point_cloud.laz","2018_MLBS_3_537000_4142000_image.tif","Tree",1,537000,537999.999,4142000,4142999.999
"15060",15060,537539.506,537546.981,4142656.699,4142661.995,"Silva","NEON_D07_MLBS_DP1_537000_4142000_classified_point_cloud.laz","2018_MLBS_3_537000_4142000_image.tif","Tree",1,537000,537999.999,4142000,4142999.999
"15061",15061,537510.572,537523.451,4142654.504,4142660.5,"Silva","NEON_D07_MLBS_DP1_537000_4142000_classified_point_cloud.laz","2018_MLBS_3_537000_4142000_image.tif","Tree",1,537000,537999.999,4142000,4142999.999
"15062",15062,537531.008,537539.799,4142651.519,4142661,"Silva","NEON_D07_MLBS_DP1_537000_4142000_classified_point_cloud.laz","2018_MLBS_3_537000_4142000_image.tif","Tree",1,537000,537999.999,4142000,4142999.999
"15063",15063,537512.531,537521.999,4142650.013,4142655,"Silva","NEON_D07_MLBS_DP1_537000_4142000_classified_point_cloud.laz","2018_MLBS_3_537000_4142000_image.tif","Tree",1,537000,537999.999,4142000,4142999.999
"15064",15064,537521.577,537531.493,4142648.665,4142658,"Silva","NEON_D07_MLBS_DP1_537000_4142000_classified_point_cloud.laz","2018_MLBS_3_537000_4142000_image.tif","Tree",1,537000,537999.999,4142000,4142999.999
"15065",15065,537533.628,537540.59,4142649.06,4142657.276,"Silva","NEON_D07_MLBS_DP1_537000_4142000_classified_point_cloud.laz","2018_MLBS_3_537000_4142000_image.tif","Tree",1,537000,537999.999,4142000,4142999.999
"15066",15066,537541.521,537547.998,4142651.404,4142657.268,"Silva","NEON_D07_MLBS_DP1_537000_4142000_classified_point_cloud.laz","2018_MLBS_3_537000_4142000_image.tif","Tree",1,537000,537999.999,4142000,4142999.999
"15067",15067,537548.005,537557.473,4142648.522,4142658.769,"Silva","NEON_D07_MLBS_DP1_537000_4142000_classified_point_cloud.laz","2018_MLBS_3_537000_4142000_image.tif","Tree",1,537000,537999.999,4142000,4142999.999
"15068",15068,537501.057,537509.486,4142644.295,4142655.33,"Silva","NEON_D07_MLBS_DP1_537000_4142000_classified_point_cloud.laz","2018_MLBS_3_537000_4142000_image.tif","Tree",1,537000,537999.999,4142000,4142999.999
"15069",15069,537509.003,537515.462,4142644.657,4142656.5,"Silva","NEON_D07_MLBS_DP1_537000_4142000_classified_point_cloud.laz","2018_MLBS_3_537000_4142000_image.tif","Tree",1,537000,537999.999,4142000,4142999.999
"15070",15070,537536.033,537544.246,4142644.463,4142653.467,"Silva","NEON_D07_MLBS_DP1_537000_4142000_classified_point_cloud.laz","2018_MLBS_3_537000_4142000_image.tif","Tree",1,537000,537999.999,4142000,4142999.999
"15071",15071,537513.529,537518.993,4142641.504,4142650.493,"Silva","NEON_D07_MLBS_DP1_537000_4142000_classified_point_cloud.laz","2018_MLBS_3_537000_4142000_image.tif","Tree",1,537000,537999.999,4142000,4142999.999
"15072",15072,537517.012,537524.977,4142640.526,4142650.854,"Silva","NEON_D07_MLBS_DP1_537000_4142000_classified_point_cloud.laz","2018_MLBS_3_537000_4142000_image.tif","Tree",1,537000,537999.999,4142000,4142999.999
"15073",15073,537525.017,537536.452,4142644.544,4142652.402,"Silva","NEON_D07_MLBS_DP1_537000_4142000_classified_point_cloud.laz","2018_MLBS_3_537000_4142000_image.tif","Tree",1,537000,537999.999,4142000,4142999.999
"15074",15074,537541.527,537553.953,4142641.501,4142649.943,"Silva","NEON_D07_MLBS_DP1_537000_4142000_classified_point_cloud.laz","2018_MLBS_3_537000_4142000_image.tif","Tree",1,537000,537999.999,4142000,4142999.999
"15075",15075,537524.093,537532.919,4142639.539,4142645.993,"Silva","NEON_D07_MLBS_DP1_537000_4142000_classified_point_cloud.laz","2018_MLBS_3_537000_4142000_image.tif","Tree",1,537000,537999.999,4142000,4142999.999
"15076",15076,537506.588,537516.948,4142636.501,4142645.444,"Silva","NEON_D07_MLBS_DP1_537000_4142000_classified_point_cloud.laz","2018_MLBS_3_537000_4142000_image.tif","Tree",1,537000,537999.999,4142000,4142999.999
"15077",15077,537500.516,537507.409,4142635.798,4142645,"Silva","NEON_D07_MLBS_DP1_537000_4142000_classified_point_cloud.laz","2018_MLBS_3_537000_4142000_image.tif","Tree",1,537000,537999.999,4142000,4142999.999
"15078",15078,537531.003,537539.943,4142638.504,4142646.97,"Silva","NEON_D07_MLBS_DP1_537000_4142000_classified_point_cloud.laz","2018_MLBS_3_537000_4142000_image.tif","Tree",1,537000,537999.999,4142000,4142999.999
"15079",15079,537501.521,537510.484,4142632.071,4142639.419,"Silva","NEON_D07_MLBS_DP1_537000_4142000_classified_point_cloud.laz","2018_MLBS_3_537000_4142000_image.tif","Tree",1,537000,537999.999,4142000,4142999.999
"15080",15080,537546.525,537553.475,4142637.074,4142643.464,"Silva","NEON_D07_MLBS_DP1_537000_4142000_classified_point_cloud.laz","2018_MLBS_3_537000_4142000_image.tif","Tree",1,537000,537999.999,4142000,4142999.999
"15081",15081,537536.035,537542.212,4142635.01,4142644.299,"Silva","NEON_D07_MLBS_DP1_537000_4142000_classified_point_cloud.laz","2018_MLBS_3_537000_4142000_image.tif","Tree",1,537000,537999.999,4142000,4142999.999
"15082",15082,537525.501,537532.471,4142632.073,4142639.49,"Silva","NEON_D07_MLBS_DP1_537000_4142000_classified_point_cloud.laz","2018_MLBS_3_537000_4142000_image.tif","Tree",1,537000,537999.999,4142000,4142999.999
"15083",15083,537541.5,537548.495,4142633.522,4142642.44,"Silva","NEON_D07_MLBS_DP1_537000_4142000_classified_point_cloud.laz","2018_MLBS_3_537000_4142000_image.tif","Tree",1,537000,537999.999,4142000,4142999.999
"15084",15084,537548.509,537556.984,4142631.573,4142638.968,"Silva","NEON_D07_MLBS_DP1_537000_4142000_classified_point_cloud.laz","2018_MLBS_3_537000_4142000_image.tif","Tree",1,537000,537999.999,4142000,4142999.999
"15085",15085,537514.028,537521.95,4142627.03,4142639.26,"Silva","NEON_D07_MLBS_DP1_537000_4142000_classified_point_cloud.laz","2018_MLBS_3_537000_4142000_image.tif","Tree",1,537000,537999.999,4142000,4142999.999
"15086",15086,537507.003,537514.493,4142628.583,4142636.975,"Silva","NEON_D07_MLBS_DP1_537000_4142000_classified_point_cloud.laz","2018_MLBS_3_537000_4142000_image.tif","Tree",1,537000,537999.999,4142000,4142999.999
"15087",15087,537535.562,537540.993,4142628.744,4142634.974,"Silva","NEON_D07_MLBS_DP1_537000_4142000_classified_point_cloud.laz","2018_MLBS_3_537000_4142000_image.tif","Tree",1,537000,537999.999,4142000,4142999.999
"15088",15088,537518.508,537525.486,4142624.161,4142633.997,"Silva","NEON_D07_MLBS_DP1_537000_4142000_classified_point_cloud.laz","2018_MLBS_3_537000_4142000_image.tif","Tree",1,537000,537999.999,4142000,4142999.999
"15089",15089,537545.013,537553.967,4142626.582,4142635.49,"Silva","NEON_D07_MLBS_DP1_537000_4142000_classified_point_cloud.laz","2018_MLBS_3_537000_4142000_image.tif","Tree",1,537000,537999.999,4142000,4142999.999
"15090",15090,537507,537517.989,4142623.004,4142629.659,"Silva","NEON_D07_MLBS_DP1_537000_4142000_classified_point_cloud.laz","2018_MLBS_3_537000_4142000_image.tif","Tree",1,537000,537999.999,4142000,4142999.999
"15091",15091,537534.613,537540.888,4142620.523,4142629.41,"Silva","NEON_D07_MLBS_DP1_537000_4142000_classified_point_cloud.laz","2018_MLBS_3_537000_4142000_image.tif","Tree",1,537000,537999.999,4142000,4142999.999
"15092",15092,537515.007,537525.472,4142619.929,4142626.976,"Silva","NEON_D07_MLBS_DP1_537000_4142000_classified_point_cloud.laz","2018_MLBS_3_537000_4142000_image.tif","Tree",1,537000,537999.999,4142000,4142999.999
"15093",15093,537506.005,537515.196,4142614.991,4142624.978,"Silva","NEON_D07_MLBS_DP1_537000_4142000_classified_point_cloud.laz","2018_MLBS_3_537000_4142000_image.tif","Tree",1,537000,537999.999,4142000,4142999.999
"15094",15094,537497.035,537507.338,4142613.023,4142623.499,"Silva","NEON_D07_MLBS_DP1_537000_4142000_classified_point_cloud.laz","2018_MLBS_3_537000_4142000_image.tif","Tree",1,537000,537999.999,4142000,4142999.999
"15095",15095,537514.012,537520.938,4142615.104,4142621.881,"Silva","NEON_D07_MLBS_DP1_537000_4142000_classified_point_cloud.laz","2018_MLBS_3_537000_4142000_image.tif","Tree",1,537000,537999.999,4142000,4142999.999
"15096",15096,537521.013,537529.447,4142615.365,4142623.98,"Silva","NEON_D07_MLBS_DP1_537000_4142000_classified_point_cloud.laz","2018_MLBS_3_537000_4142000_image.tif","Tree",1,537000,537999.999,4142000,4142999.999
"15097",15097,537517.075,537524.788,4142612.62,4142617.938,"Silva","NEON_D07_MLBS_DP1_537000_4142000_classified_point_cloud.laz","2018_MLBS_3_537000_4142000_image.tif","Tree",1,537000,537999.999,4142000,4142999.999
"15098",15098,537525.022,537534.492,4142609.089,4142619.448,"Silva","NEON_D07_MLBS_DP1_537000_4142000_classified_point_cloud.laz","2018_MLBS_3_537000_4142000_image.tif","Tree",1,537000,537999.999,4142000,4142999.999
"15099",15099,537549.514,537557.902,4142669.061,4142675.943,"Silva","NEON_D07_MLBS_DP1_537000_4142000_classified_point_cloud.laz","2018_MLBS_3_537000_4142000_image.tif","Tree",1,537000,537999.999,4142000,4142999.999
"15100",15100,537577.004,537582.494,4142672.351,4142679.495,"Silva","NEON_D07_MLBS_DP1_537000_4142000_classified_point_cloud.laz","2018_MLBS_3_537000_4142000_image.tif","Tree",1,537000,537999.999,4142000,4142999.999
"15101",15101,537568.511,537575.964,4142669.028,4142677.44,"Silva","NEON_D07_MLBS_DP1_537000_4142000_classified_point_cloud.laz","2018_MLBS_3_537000_4142000_image.tif","Tree",1,537000,537999.999,4142000,4142999.999
"15102",15102,537562.524,537569.971,4142667.509,4142679.976,"Silva","NEON_D07_MLBS_DP1_537000_4142000_classified_point_cloud.laz","2018_MLBS_3_537000_4142000_image.tif","Tree",1,537000,537999.999,4142000,4142999.999
"15103",15103,537557.518,537565.445,4142666.519,4142675.996,"Silva","NEON_D07_MLBS_DP1_537000_4142000_classified_point_cloud.laz","2018_MLBS_3_537000_4142000_image.tif","Tree",1,537000,537999.999,4142000,4142999.999
"15104",15104,537578.586,537586.997,4142665.022,4142672.413,"Silva","NEON_D07_MLBS_DP1_537000_4142000_classified_point_cloud.laz","2018_MLBS_3_537000_4142000_image.tif","Tree",1,537000,537999.999,4142000,4142999.999
"15105",15105,537552.116,537560.953,4142661.501,4142668.838,"Silva","NEON_D07_MLBS_DP1_537000_4142000_classified_point_cloud.laz","2018_MLBS_3_537000_4142000_image.tif","Tree",1,537000,537999.999,4142000,4142999.999
"15106",15106,537567.509,537576.364,4142660.006,4142669,"Silva","NEON_D07_MLBS_DP1_537000_4142000_classified_point_cloud.laz","2018_MLBS_3_537000_4142000_image.tif","Tree",1,537000,537999.999,4142000,4142999.999
"15107",15107,537560.571,537568.484,4142660.007,4142667.493,"Silva","NEON_D07_MLBS_DP1_537000_4142000_classified_point_cloud.laz","2018_MLBS_3_537000_4142000_image.tif","Tree",1,537000,537999.999,4142000,4142999.999
"15108",15108,537552.537,537560.358,4142654.038,4142661.971,"Silva","NEON_D07_MLBS_DP1_537000_4142000_classified_point_cloud.laz","2018_MLBS_3_537000_4142000_image.tif","Tree",1,537000,537999.999,4142000,4142999.999
"15109",15109,537564.64,537569.995,4142653.512,4142660.975,"Silva","NEON_D07_MLBS_DP1_537000_4142000_classified_point_cloud.laz","2018_MLBS_3_537000_4142000_image.tif","Tree",1,537000,537999.999,4142000,4142999.999
"15110",15110,537569.061,537574.492,4142653.516,4142660.407,"Silva","NEON_D07_MLBS_DP1_537000_4142000_classified_point_cloud.laz","2018_MLBS_3_537000_4142000_image.tif","Tree",1,537000,537999.999,4142000,4142999.999
"15111",15111,537570.057,537575.405,4142649.073,4142653.968,"Silva","NEON_D07_MLBS_DP1_537000_4142000_classified_point_cloud.laz","2018_MLBS_3_537000_4142000_image.tif","Tree",1,537000,537999.999,4142000,4142999.999
"15112",15112,537563.531,537570.996,4142645.002,4142653.494,"Silva","NEON_D07_MLBS_DP1_537000_4142000_classified_point_cloud.laz","2018_MLBS_3_537000_4142000_image.tif","Tree",1,537000,537999.999,4142000,4142999.999
"15113",15113,537569.196,537576.998,4142643.119,4142650.317,"Silva","NEON_D07_MLBS_DP1_537000_4142000_classified_point_cloud.laz","2018_MLBS_3_537000_4142000_image.tif","Tree",1,537000,537999.999,4142000,4142999.999
"15114",15114,537553.521,537564.37,4142638.635,4142650.488,"Silva","NEON_D07_MLBS_DP1_537000_4142000_classified_point_cloud.laz","2018_MLBS_3_537000_4142000_image.tif","Tree",1,537000,537999.999,4142000,4142999.999
"15115",15115,537553.673,537563.457,4142626.734,4142631.486,"Silva","NEON_D07_MLBS_DP1_537000_4142000_classified_point_cloud.laz","2018_MLBS_3_537000_4142000_image.tif","Tree",1,537000,537999.999,4142000,4142999.999
"15116",15116,537648.039,537653.334,4142542.709,4142548.467,"Silva","NEON_D07_MLBS_DP1_537000_4142000_classified_point_cloud.laz","2018_MLBS_3_537000_4142000_image.tif","Tree",1,537000,537999.999,4142000,4142999.999
"15117",15117,537642.004,537648.908,4142539.743,4142549.982,"Silva","NEON_D07_MLBS_DP1_537000_4142000_classified_point_cloud.laz","2018_MLBS_3_537000_4142000_image.tif","Tree",1,537000,537999.999,4142000,4142999.999
"15118",15118,537655.179,537663.486,4142542.984,4142550.902,"Silva","NEON_D07_MLBS_DP1_537000_4142000_classified_point_cloud.laz","2018_MLBS_3_537000_4142000_image.tif","Tree",1,537000,537999.999,4142000,4142999.999
"15119",15119,537622.005,537627.988,4142538.806,4142547.87,"Silva","NEON_D07_MLBS_DP1_537000_4142000_classified_point_cloud.laz","2018_MLBS_3_537000_4142000_image.tif","Tree",1,537000,537999.999,4142000,4142999.999
"15120",15120,537666.135,537678.252,4142542.026,4142547.367,"Silva","NEON_D07_MLBS_DP1_537000_4142000_classified_point_cloud.laz","2018_MLBS_3_537000_4142000_image.tif","Tree",1,537000,537999.999,4142000,4142999.999
"15121",15121,537656.51,537662.495,4142538.054,4142547.945,"Silva","NEON_D07_MLBS_DP1_537000_4142000_classified_point_cloud.laz","2018_MLBS_3_537000_4142000_image.tif","Tree",1,537000,537999.999,4142000,4142999.999
"15122",15122,537661.543,537666.996,4142539.021,4142549.972,"Silva","NEON_D07_MLBS_DP1_537000_4142000_classified_point_cloud.laz","2018_MLBS_3_537000_4142000_image.tif","Tree",1,537000,537999.999,4142000,4142999.999
"15123",15123,537633.507,537643.471,4142537.512,4142544.914,"Silva","NEON_D07_MLBS_DP1_537000_4142000_classified_point_cloud.laz","2018_MLBS_3_537000_4142000_image.tif","Tree",1,537000,537999.999,4142000,4142999.999
"15124",15124,537648.008,537657.47,4142537.512,4142545.47,"Silva","NEON_D07_MLBS_DP1_537000_4142000_classified_point_cloud.laz","2018_MLBS_3_537000_4142000_image.tif","Tree",1,537000,537999.999,4142000,4142999.999
"15125",15125,537628.261,537634.977,4142538.035,4142543.436,"Silva","NEON_D07_MLBS_DP1_537000_4142000_classified_point_cloud.laz","2018_MLBS_3_537000_4142000_image.tif","Tree",1,537000,537999.999,4142000,4142999.999
"15126",15126,537665.13,537679.496,4142538.007,4142543.488,"Silva","NEON_D07_MLBS_DP1_537000_4142000_classified_point_cloud.laz","2018_MLBS_3_537000_4142000_image.tif","Tree",1,537000,537999.999,4142000,4142999.999
"15127",15127,537644.561,537653.447,4142533.026,4142540.5,"Silva","NEON_D07_MLBS_DP1_537000_4142000_classified_point_cloud.laz","2018_MLBS_3_537000_4142000_image.tif","Tree",1,537000,537999.999,4142000,4142999.999
"15128",15128,537660.041,537666.985,4142530.071,4142538.993,"Silva","NEON_D07_MLBS_DP1_537000_4142000_classified_point_cloud.laz","2018_MLBS_3_537000_4142000_image.tif","Tree",1,537000,537999.999,4142000,4142999.999
"15129",15129,537641.53,537647.415,4142529.638,4142539.488,"Silva","NEON_D07_MLBS_DP1_537000_4142000_classified_point_cloud.laz","2018_MLBS_3_537000_4142000_image.tif","Tree",1,537000,537999.999,4142000,4142999.999
"15130",15130,537632.604,537641.973,4142530.516,4142537.954,"Silva","NEON_D07_MLBS_DP1_537000_4142000_classified_point_cloud.laz","2018_MLBS_3_537000_4142000_image.tif","Tree",1,537000,537999.999,4142000,4142999.999
"15131",15131,537653.101,537660.898,4142527.595,4142538.949,"Silva","NEON_D07_MLBS_DP1_537000_4142000_classified_point_cloud.laz","2018_MLBS_3_537000_4142000_image.tif","Tree",1,537000,537999.999,4142000,4142999.999
"15132",15132,537649.529,537655.925,4142526.019,4142534.234,"Silva","NEON_D07_MLBS_DP1_537000_4142000_classified_point_cloud.laz","2018_MLBS_3_537000_4142000_image.tif","Tree",1,537000,537999.999,4142000,4142999.999
"15133",15133,537644.598,537650.906,4142525.017,4142532.952,"Silva","NEON_D07_MLBS_DP1_537000_4142000_classified_point_cloud.laz","2018_MLBS_3_537000_4142000_image.tif","Tree",1,537000,537999.999,4142000,4142999.999
"15134",15134,537670.694,537679.492,4142529.097,4142540.36,"Silva","NEON_D07_MLBS_DP1_537000_4142000_classified_point_cloud.laz","2018_MLBS_3_537000_4142000_image.tif","Tree",1,537000,537999.999,4142000,4142999.999
"15135",15135,537621.561,537632.362,4142525.098,4142531.978,"Silva","NEON_D07_MLBS_DP1_537000_4142000_classified_point_cloud.laz","2018_MLBS_3_537000_4142000_image.tif","Tree",1,537000,537999.999,4142000,4142999.999
"15136",15136,537639.07,537645.496,4142522.074,4142531.908,"Silva","NEON_D07_MLBS_DP1_537000_4142000_classified_point_cloud.laz","2018_MLBS_3_537000_4142000_image.tif","Tree",1,537000,537999.999,4142000,4142999.999
"15137",15137,537662.048,537670.498,4142527.023,4142532.978,"Silva","NEON_D07_MLBS_DP1_537000_4142000_classified_point_cloud.laz","2018_MLBS_3_537000_4142000_image.tif","Tree",1,537000,537999.999,4142000,4142999.999
"15138",15138,537635.025,537640.964,4142523.628,4142530.465,"Silva","NEON_D07_MLBS_DP1_537000_4142000_classified_point_cloud.laz","2018_MLBS_3_537000_4142000_image.tif","Tree",1,537000,537999.999,4142000,4142999.999
"15139",15139,537630.077,537636.971,4142522.597,4142531.31,"Silva","NEON_D07_MLBS_DP1_537000_4142000_classified_point_cloud.laz","2018_MLBS_3_537000_4142000_image.tif","Tree",1,537000,537999.999,4142000,4142999.999
"15140",15140,537669.899,537676.954,4142521.358,4142530.43,"Silva","NEON_D07_MLBS_DP1_537000_4142000_classified_point_cloud.laz","2018_MLBS_3_537000_4142000_image.tif","Tree",1,537000,537999.999,4142000,4142999.999
"15141",15141,537658.024,537665.481,4142520.529,4142529.906,"Silva","NEON_D07_MLBS_DP1_537000_4142000_classified_point_cloud.laz","2018_MLBS_3_537000_4142000_image.tif","Tree",1,537000,537999.999,4142000,4142999.999
"15142",15142,537620.5,537630.448,4142518.21,4142526.983,"Silva","NEON_D07_MLBS_DP1_537000_4142000_classified_point_cloud.laz","2018_MLBS_3_537000_4142000_image.tif","Tree",1,537000,537999.999,4142000,4142999.999
"15143",15143,537631.038,537642.943,4142516.702,4142525.172,"Silva","NEON_D07_MLBS_DP1_537000_4142000_classified_point_cloud.laz","2018_MLBS_3_537000_4142000_image.tif","Tree",1,537000,537999.999,4142000,4142999.999
"15144",15144,537661.538,537672.409,4142516.502,4142524.471,"Silva","NEON_D07_MLBS_DP1_537000_4142000_classified_point_cloud.laz","2018_MLBS_3_537000_4142000_image.tif","Tree",1,537000,537999.999,4142000,4142999.999
"15145",15145,537626.514,537632.41,4142513.503,4142522.282,"Silva","NEON_D07_MLBS_DP1_537000_4142000_classified_point_cloud.laz","2018_MLBS_3_537000_4142000_image.tif","Tree",1,537000,537999.999,4142000,4142999.999
"15146",15146,537631,537641.465,4142512.51,4142520.493,"Silva","NEON_D07_MLBS_DP1_537000_4142000_classified_point_cloud.laz","2018_MLBS_3_537000_4142000_image.tif","Tree",1,537000,537999.999,4142000,4142999.999
"15147",15147,537641.706,537655.922,4142512.018,4142521,"Silva","NEON_D07_MLBS_DP1_537000_4142000_classified_point_cloud.laz","2018_MLBS_3_537000_4142000_image.tif","Tree",1,537000,537999.999,4142000,4142999.999
"15148",15148,537621.722,537631.471,4142509.633,4142518.361,"Silva","NEON_D07_MLBS_DP1_537000_4142000_classified_point_cloud.laz","2018_MLBS_3_537000_4142000_image.tif","Tree",1,537000,537999.999,4142000,4142999.999
"15149",15149,537670.57,537682.998,4142511.025,4142522.31,"Silva","NEON_D07_MLBS_DP1_537000_4142000_classified_point_cloud.laz","2018_MLBS_3_537000_4142000_image.tif","Tree",1,537000,537999.999,4142000,4142999.999
"15150",15150,537656.133,537668.472,4142509.008,4142518.986,"Silva","NEON_D07_MLBS_DP1_537000_4142000_classified_point_cloud.laz","2018_MLBS_3_537000_4142000_image.tif","Tree",1,537000,537999.999,4142000,4142999.999
"15151",15151,537630.063,537641.069,4142507.503,4142514.968,"Silva","NEON_D07_MLBS_DP1_537000_4142000_classified_point_cloud.laz","2018_MLBS_3_537000_4142000_image.tif","Tree",1,537000,537999.999,4142000,4142999.999
"15152",15152,537622.081,537629.495,4142503.517,4142511.475,"Silva","NEON_D07_MLBS_DP1_537000_4142000_classified_point_cloud.laz","2018_MLBS_3_537000_4142000_image.tif","Tree",1,537000,537999.999,4142000,4142999.999
"15153",15153,537643.513,537652.927,4142504.607,4142513.476,"Silva","NEON_D07_MLBS_DP1_537000_4142000_classified_point_cloud.laz","2018_MLBS_3_537000_4142000_image.tif","Tree",1,537000,537999.999,4142000,4142999.999
"15154",15154,537638.005,537643.999,4142501.398,4142514.676,"Silva","NEON_D07_MLBS_DP1_537000_4142000_classified_point_cloud.laz","2018_MLBS_3_537000_4142000_image.tif","Tree",1,537000,537999.999,4142000,4142999.999
"15155",15155,537619.207,537626.994,4142502.504,4142508.952,"Silva","NEON_D07_MLBS_DP1_537000_4142000_classified_point_cloud.laz","2018_MLBS_3_537000_4142000_image.tif","Tree",1,537000,537999.999,4142000,4142999.999
"15156",15156,537633.016,537638.91,4142499.538,4142507.992,"Silva","NEON_D07_MLBS_DP1_537000_4142000_classified_point_cloud.laz","2018_MLBS_3_537000_4142000_image.tif","Tree",1,537000,537999.999,4142000,4142999.999
"15157",15157,537627.075,537634.967,4142499.513,4142509.377,"Silva","NEON_D07_MLBS_DP1_537000_4142000_classified_point_cloud.laz","2018_MLBS_3_537000_4142000_image.tif","Tree",1,537000,537999.999,4142000,4142999.999
"15158",15158,537652.047,537661.978,4142500.121,4142513.496,"Silva","NEON_D07_MLBS_DP1_537000_4142000_classified_point_cloud.laz","2018_MLBS_3_537000_4142000_image.tif","Tree",1,537000,537999.999,4142000,4142999.999
"15159",15159,537647.502,537654.454,4142496.584,4142507.415,"Silva","NEON_D07_MLBS_DP1_537000_4142000_classified_point_cloud.laz","2018_MLBS_3_537000_4142000_image.tif","Tree",1,537000,537999.999,4142000,4142999.999
"15160",15160,537678.5,537687.983,4142501.028,4142508.405,"Silva","NEON_D07_MLBS_DP1_537000_4142000_classified_point_cloud.laz","2018_MLBS_3_537000_4142000_image.tif","Tree",1,537000,537999.999,4142000,4142999.999
"15161",15161,537657.016,537669.985,4142495.107,4142506.981,"Silva","NEON_D07_MLBS_DP1_537000_4142000_classified_point_cloud.laz","2018_MLBS_3_537000_4142000_image.tif","Tree",1,537000,537999.999,4142000,4142999.999
"15162",15162,537693.007,537702.491,4142544.075,4142550.489,"Silva","NEON_D07_MLBS_DP1_537000_4142000_classified_point_cloud.laz","2018_MLBS_3_537000_4142000_image.tif","Tree",1,537000,537999.999,4142000,4142999.999
"15163",15163,537681.199,537692.955,4142540.563,4142550.493,"Silva","NEON_D07_MLBS_DP1_537000_4142000_classified_point_cloud.laz","2018_MLBS_3_537000_4142000_image.tif","Tree",1,537000,537999.999,4142000,4142999.999
"15164",15164,537691.535,537695.985,4142538.62,4142547.878,"Silva","NEON_D07_MLBS_DP1_537000_4142000_classified_point_cloud.laz","2018_MLBS_3_537000_4142000_image.tif","Tree",1,537000,537999.999,4142000,4142999.999
"15165",15165,537682.275,537692.955,4142536.036,4142544.981,"Silva","NEON_D07_MLBS_DP1_537000_4142000_classified_point_cloud.laz","2018_MLBS_3_537000_4142000_image.tif","Tree",1,537000,537999.999,4142000,4142999.999
"15166",15166,537707.534,537717.254,4142540.534,4142548.432,"Silva","NEON_D07_MLBS_DP1_537000_4142000_classified_point_cloud.laz","2018_MLBS_3_537000_4142000_image.tif","Tree",1,537000,537999.999,4142000,4142999.999
"15167",15167,537703.53,537715.446,4142536.706,4142542.981,"Silva","NEON_D07_MLBS_DP1_537000_4142000_classified_point_cloud.laz","2018_MLBS_3_537000_4142000_image.tif","Tree",1,537000,537999.999,4142000,4142999.999
"15168",15168,537691.091,537701.291,4142533.074,4142540.489,"Silva","NEON_D07_MLBS_DP1_537000_4142000_classified_point_cloud.laz","2018_MLBS_3_537000_4142000_image.tif","Tree",1,537000,537999.999,4142000,4142999.999
"15169",15169,537703.57,537711.455,4142529.051,4142539.399,"Silva","NEON_D07_MLBS_DP1_537000_4142000_classified_point_cloud.laz","2018_MLBS_3_537000_4142000_image.tif","Tree",1,537000,537999.999,4142000,4142999.999
"15170",15170,537697.004,537703.996,4142529.502,4142539.473,"Silva","NEON_D07_MLBS_DP1_537000_4142000_classified_point_cloud.laz","2018_MLBS_3_537000_4142000_image.tif","Tree",1,537000,537999.999,4142000,4142999.999
"15171",15171,537679.501,537689.98,4142527.667,4142540.918,"Silva","NEON_D07_MLBS_DP1_537000_4142000_classified_point_cloud.laz","2018_MLBS_3_537000_4142000_image.tif","Tree",1,537000,537999.999,4142000,4142999.999
"15172",15172,537727.508,537734.903,4142530.526,4142540.997,"Silva","NEON_D07_MLBS_DP1_537000_4142000_classified_point_cloud.laz","2018_MLBS_3_537000_4142000_image.tif","Tree",1,537000,537999.999,4142000,4142999.999
"15173",15173,537720.006,537726.993,4142530.021,4142540.993,"Silva","NEON_D07_MLBS_DP1_537000_4142000_classified_point_cloud.laz","2018_MLBS_3_537000_4142000_image.tif","Tree",1,537000,537999.999,4142000,4142999.999
"15174",15174,537726.107,537731.475,4142529.521,4142540.369,"Silva","NEON_D07_MLBS_DP1_537000_4142000_classified_point_cloud.laz","2018_MLBS_3_537000_4142000_image.tif","Tree",1,537000,537999.999,4142000,4142999.999
"15175",15175,537731.506,537741.843,4142527.501,4142535.486,"Silva","NEON_D07_MLBS_DP1_537000_4142000_classified_point_cloud.laz","2018_MLBS_3_537000_4142000_image.tif","Tree",1,537000,537999.999,4142000,4142999.999
"15176",15176,537683.511,537691.941,4142523.526,4142532.337,"Silva","NEON_D07_MLBS_DP1_537000_4142000_classified_point_cloud.laz","2018_MLBS_3_537000_4142000_image.tif","Tree",1,537000,537999.999,4142000,4142999.999
"15177",15177,537717.618,537723.988,4142524.129,4142530.948,"Silva","NEON_D07_MLBS_DP1_537000_4142000_classified_point_cloud.laz","2018_MLBS_3_537000_4142000_image.tif","Tree",1,537000,537999.999,4142000,4142999.999
"15178",15178,537724.001,537732.423,4142522.518,4142530.476,"Silva","NEON_D07_MLBS_DP1_537000_4142000_classified_point_cloud.laz","2018_MLBS_3_537000_4142000_image.tif","Tree",1,537000,537999.999,4142000,4142999.999
"15179",15179,537695.051,537702.991,4142520.116,4142529.989,"Silva","NEON_D07_MLBS_DP1_537000_4142000_classified_point_cloud.laz","2018_MLBS_3_537000_4142000_image.tif","Tree",1,537000,537999.999,4142000,4142999.999
"15180",15180,537686.543,537695.976,4142518.003,4142526.996,"Silva","NEON_D07_MLBS_DP1_537000_4142000_classified_point_cloud.laz","2018_MLBS_3_537000_4142000_image.tif","Tree",1,537000,537999.999,4142000,4142999.999
"15181",15181,537702.299,537710.367,4142518.059,4142529.841,"Silva","NEON_D07_MLBS_DP1_537000_4142000_classified_point_cloud.laz","2018_MLBS_3_537000_4142000_image.tif","Tree",1,537000,537999.999,4142000,4142999.999
"15182",15182,537732.09,537741.992,4142520.854,4142527.97,"Silva","NEON_D07_MLBS_DP1_537000_4142000_classified_point_cloud.laz","2018_MLBS_3_537000_4142000_image.tif","Tree",1,537000,537999.999,4142000,4142999.999
"15183",15183,537708.519,537716.979,4142515.002,4142524.991,"Silva","NEON_D07_MLBS_DP1_537000_4142000_classified_point_cloud.laz","2018_MLBS_3_537000_4142000_image.tif","Tree",1,537000,537999.999,4142000,4142999.999
"15184",15184,537681.563,537693.965,4142513.728,4142523.482,"Silva","NEON_D07_MLBS_DP1_537000_4142000_classified_point_cloud.laz","2018_MLBS_3_537000_4142000_image.tif","Tree",1,537000,537999.999,4142000,4142999.999
"15185",15185,537696.661,537707.484,4142517.506,4142522.489,"Silva","NEON_D07_MLBS_DP1_537000_4142000_classified_point_cloud.laz","2018_MLBS_3_537000_4142000_image.tif","Tree",1,537000,537999.999,4142000,4142999.999
"15186",15186,537732.113,537739.785,4142515.032,4142522.891,"Silva","NEON_D07_MLBS_DP1_537000_4142000_classified_point_cloud.laz","2018_MLBS_3_537000_4142000_image.tif","Tree",1,537000,537999.999,4142000,4142999.999
"15187",15187,537693.504,537701.436,4142510.123,4142519.974,"Silva","NEON_D07_MLBS_DP1_537000_4142000_classified_point_cloud.laz","2018_MLBS_3_537000_4142000_image.tif","Tree",1,537000,537999.999,4142000,4142999.999
"15188",15188,537743.522,537754.408,4142514.069,4142523.467,"Silva","NEON_D07_MLBS_DP1_537000_4142000_classified_point_cloud.laz","2018_MLBS_3_537000_4142000_image.tif","Tree",1,537000,537999.999,4142000,4142999.999
"15189",15189,537735.591,537743.996,4142511.501,4142520.976,"Silva","NEON_D07_MLBS_DP1_537000_4142000_classified_point_cloud.laz","2018_MLBS_3_537000_4142000_image.tif","Tree",1,537000,537999.999,4142000,4142999.999
"15190",15190,537680.066,537689.995,4142506.577,4142516.463,"Silva","NEON_D07_MLBS_DP1_537000_4142000_classified_point_cloud.laz","2018_MLBS_3_537000_4142000_image.tif","Tree",1,537000,537999.999,4142000,4142999.999
"15191",15191,537715.019,537725.996,4142505.524,4142517.469,"Silva","NEON_D07_MLBS_DP1_537000_4142000_classified_point_cloud.laz","2018_MLBS_3_537000_4142000_image.tif","Tree",1,537000,537999.999,4142000,4142999.999
"15192",15192,537726.065,537735.467,4142509.524,4142514.493,"Silva","NEON_D07_MLBS_DP1_537000_4142000_classified_point_cloud.laz","2018_MLBS_3_537000_4142000_image.tif","Tree",1,537000,537999.999,4142000,4142999.999
"15193",15193,537740.506,537748.454,4142505.651,4142516.981,"Silva","NEON_D07_MLBS_DP1_537000_4142000_classified_point_cloud.laz","2018_MLBS_3_537000_4142000_image.tif","Tree",1,537000,537999.999,4142000,4142999.999
"15194",15194,537687.549,537697.972,4142503.059,4142514.813,"Silva","NEON_D07_MLBS_DP1_537000_4142000_classified_point_cloud.laz","2018_MLBS_3_537000_4142000_image.tif","Tree",1,537000,537999.999,4142000,4142999.999
"15195",15195,537732.77,537741.985,4142503.549,4142513.467,"Silva","NEON_D07_MLBS_DP1_537000_4142000_classified_point_cloud.laz","2018_MLBS_3_537000_4142000_image.tif","Tree",1,537000,537999.999,4142000,4142999.999
"15196",15196,537723.018,537732.994,4142503.605,4142512.937,"Silva","NEON_D07_MLBS_DP1_537000_4142000_classified_point_cloud.laz","2018_MLBS_3_537000_4142000_image.tif","Tree",1,537000,537999.999,4142000,4142999.999
"15197",15197,537743.04,537751.933,4142506.001,4142512.89,"Silva","NEON_D07_MLBS_DP1_537000_4142000_classified_point_cloud.laz","2018_MLBS_3_537000_4142000_image.tif","Tree",1,537000,537999.999,4142000,4142999.999
"15198",15198,537741.183,537753.932,4142499.507,4142506.496,"Silva","NEON_D07_MLBS_DP1_537000_4142000_classified_point_cloud.laz","2018_MLBS_3_537000_4142000_image.tif","Tree",1,537000,537999.999,4142000,4142999.999
"15199",15199,537718.51,537730.475,4142496.164,4142506.38,"Silva","NEON_D07_MLBS_DP1_537000_4142000_classified_point_cloud.laz","2018_MLBS_3_537000_4142000_image.tif","Tree",1,537000,537999.999,4142000,4142999.999
"15200",15200,537746.573,537759.492,4142540.067,4142551,"Silva","NEON_D07_MLBS_DP1_537000_4142000_classified_point_cloud.laz","2018_MLBS_3_537000_4142000_image.tif","Tree",1,537000,537999.999,4142000,4142999.999
"15201",15201,537767.507,537777.479,4142538.516,4142550.421,"Silva","NEON_D07_MLBS_DP1_537000_4142000_classified_point_cloud.laz","2018_MLBS_3_537000_4142000_image.tif","Tree",1,537000,537999.999,4142000,4142999.999
"15202",15202,537807.536,537813.978,4142542.021,4142547.97,"Silva","NEON_D07_MLBS_DP1_537000_4142000_classified_point_cloud.laz","2018_MLBS_3_537000_4142000_image.tif","Tree",1,537000,537999.999,4142000,4142999.999
"15203",15203,537791.565,537803.476,4142527.502,4142540.832,"Silva","NEON_D07_MLBS_DP1_537000_4142000_classified_point_cloud.laz","2018_MLBS_3_537000_4142000_image.tif","Tree",1,537000,537999.999,4142000,4142999.999
"15204",15204,537746.019,537759.431,4142532.503,4142541.495,"Silva","NEON_D07_MLBS_DP1_537000_4142000_classified_point_cloud.laz","2018_MLBS_3_537000_4142000_image.tif","Tree",1,537000,537999.999,4142000,4142999.999
"15205",15205,537804.525,537817.997,4142528.533,4142537.973,"Silva","NEON_D07_MLBS_DP1_537000_4142000_classified_point_cloud.laz","2018_MLBS_3_537000_4142000_image.tif","Tree",1,537000,537999.999,4142000,4142999.999
"15206",15206,537769.568,537779.841,4142529.035,4142540.459,"Silva","NEON_D07_MLBS_DP1_537000_4142000_classified_point_cloud.laz","2018_MLBS_3_537000_4142000_image.tif","Tree",1,537000,537999.999,4142000,4142999.999
"15207",15207,537758.162,537768.493,4142524.801,4142534.421,"Silva","NEON_D07_MLBS_DP1_537000_4142000_classified_point_cloud.laz","2018_MLBS_3_537000_4142000_image.tif","Tree",1,537000,537999.999,4142000,4142999.999
"15208",15208,537747.026,537757.992,4142526.684,4142532.989,"Silva","NEON_D07_MLBS_DP1_537000_4142000_classified_point_cloud.laz","2018_MLBS_3_537000_4142000_image.tif","Tree",1,537000,537999.999,4142000,4142999.999
"15209",15209,537779.004,537786.994,4142526.573,4142537.399,"Silva","NEON_D07_MLBS_DP1_537000_4142000_classified_point_cloud.laz","2018_MLBS_3_537000_4142000_image.tif","Tree",1,537000,537999.999,4142000,4142999.999
"15210",15210,537755.678,537763.787,4142523.905,4142532.147,"Silva","NEON_D07_MLBS_DP1_537000_4142000_classified_point_cloud.laz","2018_MLBS_3_537000_4142000_image.tif","Tree",1,537000,537999.999,4142000,4142999.999
"15211",15211,537776.036,537783.461,4142522.594,4142528.87,"Silva","NEON_D07_MLBS_DP1_537000_4142000_classified_point_cloud.laz","2018_MLBS_3_537000_4142000_image.tif","Tree",1,537000,537999.999,4142000,4142999.999
"15212",15212,537754.512,537762.472,4142517.75,4142526.485,"Silva","NEON_D07_MLBS_DP1_537000_4142000_classified_point_cloud.laz","2018_MLBS_3_537000_4142000_image.tif","Tree",1,537000,537999.999,4142000,4142999.999
"15213",15213,537746.677,537754.989,4142518.102,4142527.966,"Silva","NEON_D07_MLBS_DP1_537000_4142000_classified_point_cloud.laz","2018_MLBS_3_537000_4142000_image.tif","Tree",1,537000,537999.999,4142000,4142999.999
"15214",15214,537787.585,537802.412,4142518.503,4142527.992,"Silva","NEON_D07_MLBS_DP1_537000_4142000_classified_point_cloud.laz","2018_MLBS_3_537000_4142000_image.tif","Tree",1,537000,537999.999,4142000,4142999.999
"15215",15215,537759.003,537768.796,4142513.071,4142523.986,"Silva","NEON_D07_MLBS_DP1_537000_4142000_classified_point_cloud.laz","2018_MLBS_3_537000_4142000_image.tif","Tree",1,537000,537999.999,4142000,4142999.999
"15216",15216,537763.516,537773.778,4142510.587,4142518.993,"Silva","NEON_D07_MLBS_DP1_537000_4142000_classified_point_cloud.laz","2018_MLBS_3_537000_4142000_image.tif","Tree",1,537000,537999.999,4142000,4142999.999
"15217",15217,537755.066,537763.404,4142508.243,4142517.995,"Silva","NEON_D07_MLBS_DP1_537000_4142000_classified_point_cloud.laz","2018_MLBS_3_537000_4142000_image.tif","Tree",1,537000,537999.999,4142000,4142999.999
"15218",15218,537789.077,537798.482,4142508.591,4142518.477,"Silva","NEON_D07_MLBS_DP1_537000_4142000_classified_point_cloud.laz","2018_MLBS_3_537000_4142000_image.tif","Tree",1,537000,537999.999,4142000,4142999.999
"15219",15219,537768.016,537778.496,4142506.008,4142516.972,"Silva","NEON_D07_MLBS_DP1_537000_4142000_classified_point_cloud.laz","2018_MLBS_3_537000_4142000_image.tif","Tree",1,537000,537999.999,4142000,4142999.999
"15220",15220,537785.159,537792.432,4142506.008,4142513.476,"Silva","NEON_D07_MLBS_DP1_537000_4142000_classified_point_cloud.laz","2018_MLBS_3_537000_4142000_image.tif","Tree",1,537000,537999.999,4142000,4142999.999
"15221",15221,537751.502,537760.964,4142501.005,4142510.288,"Silva","NEON_D07_MLBS_DP1_537000_4142000_classified_point_cloud.laz","2018_MLBS_3_537000_4142000_image.tif","Tree",1,537000,537999.999,4142000,4142999.999
"15222",15222,537777.275,537785.952,4142504.767,4142513.366,"Silva","NEON_D07_MLBS_DP1_537000_4142000_classified_point_cloud.laz","2018_MLBS_3_537000_4142000_image.tif","Tree",1,537000,537999.999,4142000,4142999.999
"15223",15223,537761.013,537771.967,4142504.505,4142510.974,"Silva","NEON_D07_MLBS_DP1_537000_4142000_classified_point_cloud.laz","2018_MLBS_3_537000_4142000_image.tif","Tree",1,537000,537999.999,4142000,4142999.999
"15224",15224,537783.061,537791.315,4142502.033,4142507.971,"Silva","NEON_D07_MLBS_DP1_537000_4142000_classified_point_cloud.laz","2018_MLBS_3_537000_4142000_image.tif","Tree",1,537000,537999.999,4142000,4142999.999
"15225",15225,537764.021,537771.493,4142500.002,4142504.922,"Silva","NEON_D07_MLBS_DP1_537000_4142000_classified_point_cloud.laz","2018_MLBS_3_537000_4142000_image.tif","Tree",1,537000,537999.999,4142000,4142999.999
"15226",15226,537771.514,537778.482,4142498.581,4142508.397,"Silva","NEON_D07_MLBS_DP1_537000_4142000_classified_point_cloud.laz","2018_MLBS_3_537000_4142000_image.tif","Tree",1,537000,537999.999,4142000,4142999.999
"15227",15227,537759.213,537765.884,4142498.091,4142506.42,"Silva","NEON_D07_MLBS_DP1_537000_4142000_classified_point_cloud.laz","2018_MLBS_3_537000_4142000_image.tif","Tree",1,537000,537999.999,4142000,4142999.999
"15228",15228,537778,537783.485,4142496.68,4142506.432,"Silva","NEON_D07_MLBS_DP1_537000_4142000_classified_point_cloud.laz","2018_MLBS_3_537000_4142000_image.tif","Tree",1,537000,537999.999,4142000,4142999.999
"15229",15229,537839.513,537848.958,4142544.516,4142550.971,"Silva","NEON_D07_MLBS_DP1_537000_4142000_classified_point_cloud.laz","2018_MLBS_3_537000_4142000_image.tif","Tree",1,537000,537999.999,4142000,4142999.999
"15230",15230,537837.511,537843.951,4142536.502,4142545.413,"Silva","NEON_D07_MLBS_DP1_537000_4142000_classified_point_cloud.laz","2018_MLBS_3_537000_4142000_image.tif","Tree",1,537000,537999.999,4142000,4142999.999
"15231",15231,537844.031,537850.476,4142536.045,4142548.31,"Silva","NEON_D07_MLBS_DP1_537000_4142000_classified_point_cloud.laz","2018_MLBS_3_537000_4142000_image.tif","Tree",1,537000,537999.999,4142000,4142999.999
"15232",15232,537828.596,537837.461,4142536.54,4142546.422,"Silva","NEON_D07_MLBS_DP1_537000_4142000_classified_point_cloud.laz","2018_MLBS_3_537000_4142000_image.tif","Tree",1,537000,537999.999,4142000,4142999.999
"15233",15233,537861.53,537873.984,4142533.022,4142544.964,"Silva","NEON_D07_MLBS_DP1_537000_4142000_classified_point_cloud.laz","2018_MLBS_3_537000_4142000_image.tif","Tree",1,537000,537999.999,4142000,4142999.999
"15234",15234,537874.01,537884.431,4142534.521,4142543.308,"Silva","NEON_D07_MLBS_DP1_537000_4142000_classified_point_cloud.laz","2018_MLBS_3_537000_4142000_image.tif","Tree",1,537000,537999.999,4142000,4142999.999
"15235",15235,537818.005,537830.479,4142530.316,4142536.981,"Silva","NEON_D07_MLBS_DP1_537000_4142000_classified_point_cloud.laz","2018_MLBS_3_537000_4142000_image.tif","Tree",1,537000,537999.999,4142000,4142999.999
"15236",15236,537863.05,537870.831,4142529.09,4142539.289,"Silva","NEON_D07_MLBS_DP1_537000_4142000_classified_point_cloud.laz","2018_MLBS_3_537000_4142000_image.tif","Tree",1,537000,537999.999,4142000,4142999.999
"15237",15237,537831.515,537844.497,4142529.019,4142538.475,"Silva","NEON_D07_MLBS_DP1_537000_4142000_classified_point_cloud.laz","2018_MLBS_3_537000_4142000_image.tif","Tree",1,537000,537999.999,4142000,4142999.999
"15238",15238,537855.055,537861.249,4142526.523,4142539.956,"Silva","NEON_D07_MLBS_DP1_537000_4142000_classified_point_cloud.laz","2018_MLBS_3_537000_4142000_image.tif","Tree",1,537000,537999.999,4142000,4142999.999
"15239",15239,537871.17,537880.999,4142527.001,4142538.41,"Silva","NEON_D07_MLBS_DP1_537000_4142000_classified_point_cloud.laz","2018_MLBS_3_537000_4142000_image.tif","Tree",1,537000,537999.999,4142000,4142999.999
"15240",15240,537817.111,537827.494,4142526.072,4142533.926,"Silva","NEON_D07_MLBS_DP1_537000_4142000_classified_point_cloud.laz","2018_MLBS_3_537000_4142000_image.tif","Tree",1,537000,537999.999,4142000,4142999.999
"15241",15241,537837.092,537845.449,4142524.795,4142534.552,"Silva","NEON_D07_MLBS_DP1_537000_4142000_classified_point_cloud.laz","2018_MLBS_3_537000_4142000_image.tif","Tree",1,537000,537999.999,4142000,4142999.999
"15242",15242,537807.615,537818.491,4142522.503,4142532.35,"Silva","NEON_D07_MLBS_DP1_537000_4142000_classified_point_cloud.laz","2018_MLBS_3_537000_4142000_image.tif","Tree",1,537000,537999.999,4142000,4142999.999
"15243",15243,537842.503,537849.954,4142523.04,4142532.956,"Silva","NEON_D07_MLBS_DP1_537000_4142000_classified_point_cloud.laz","2018_MLBS_3_537000_4142000_image.tif","Tree",1,537000,537999.999,4142000,4142999.999
"15244",15244,537837.025,537847.437,4142518.531,4142525.883,"Silva","NEON_D07_MLBS_DP1_537000_4142000_classified_point_cloud.laz","2018_MLBS_3_537000_4142000_image.tif","Tree",1,537000,537999.999,4142000,4142999.999
"15245",15245,537828.162,537836.496,4142516.598,4142524.499,"Silva","NEON_D07_MLBS_DP1_537000_4142000_classified_point_cloud.laz","2018_MLBS_3_537000_4142000_image.tif","Tree",1,537000,537999.999,4142000,4142999.999
"15246",15246,537847.041,537856.75,4142515.054,4142525.988,"Silva","NEON_D07_MLBS_DP1_537000_4142000_classified_point_cloud.laz","2018_MLBS_3_537000_4142000_image.tif","Tree",1,537000,537999.999,4142000,4142999.999
"15247",15247,537835.587,537845.482,4142515.135,4142523.361,"Silva","NEON_D07_MLBS_DP1_537000_4142000_classified_point_cloud.laz","2018_MLBS_3_537000_4142000_image.tif","Tree",1,537000,537999.999,4142000,4142999.999
"15248",15248,537854.017,537864.991,4142516.501,4142526.453,"Silva","NEON_D07_MLBS_DP1_537000_4142000_classified_point_cloud.laz","2018_MLBS_3_537000_4142000_image.tif","Tree",1,537000,537999.999,4142000,4142999.999
"15249",15249,537832.529,537841.477,4142509.008,4142518.441,"Silva","NEON_D07_MLBS_DP1_537000_4142000_classified_point_cloud.laz","2018_MLBS_3_537000_4142000_image.tif","Tree",1,537000,537999.999,4142000,4142999.999
"15250",15250,537862.516,537870.478,4142510.672,4142520.883,"Silva","NEON_D07_MLBS_DP1_537000_4142000_classified_point_cloud.laz","2018_MLBS_3_537000_4142000_image.tif","Tree",1,537000,537999.999,4142000,4142999.999
"15251",15251,537851.534,537859.955,4142507.574,4142514.942,"Silva","NEON_D07_MLBS_DP1_537000_4142000_classified_point_cloud.laz","2018_MLBS_3_537000_4142000_image.tif","Tree",1,537000,537999.999,4142000,4142999.999
"15252",15252,537847.522,537857.283,4142503.578,4142513.455,"Silva","NEON_D07_MLBS_DP1_537000_4142000_classified_point_cloud.laz","2018_MLBS_3_537000_4142000_image.tif","Tree",1,537000,537999.999,4142000,4142999.999
"15253",15253,537871.031,537878.421,4142503.74,4142512.972,"Silva","NEON_D07_MLBS_DP1_537000_4142000_classified_point_cloud.laz","2018_MLBS_3_537000_4142000_image.tif","Tree",1,537000,537999.999,4142000,4142999.999
"15254",15254,537839.086,537848.478,4142501.005,4142509.984,"Silva","NEON_D07_MLBS_DP1_537000_4142000_classified_point_cloud.laz","2018_MLBS_3_537000_4142000_image.tif","Tree",1,537000,537999.999,4142000,4142999.999
"15255",15255,537875.041,537882.494,4142501.608,4142510.483,"Silva","NEON_D07_MLBS_DP1_537000_4142000_classified_point_cloud.laz","2018_MLBS_3_537000_4142000_image.tif","Tree",1,537000,537999.999,4142000,4142999.999
"15256",15256,537848.005,537856.93,4142495.081,4142504.792,"Silva","NEON_D07_MLBS_DP1_537000_4142000_classified_point_cloud.laz","2018_MLBS_3_537000_4142000_image.tif","Tree",1,537000,537999.999,4142000,4142999.999
"15257",15257,537654.024,537660.457,4142590.757,4142600.998,"Silva","NEON_D07_MLBS_DP1_537000_4142000_classified_point_cloud.laz","2018_MLBS_3_537000_4142000_image.tif","Tree",1,537000,537999.999,4142000,4142999.999
"15258",15258,537633.502,537642.497,4142543.518,4142550.938,"Silva","NEON_D07_MLBS_DP1_537000_4142000_classified_point_cloud.laz","2018_MLBS_3_537000_4142000_image.tif","Tree",1,537000,537999.999,4142000,4142999.999
"15259",15259,537615.022,537623.864,4142545.006,4142552.449,"Silva","NEON_D07_MLBS_DP1_537000_4142000_classified_point_cloud.laz","2018_MLBS_3_537000_4142000_image.tif","Tree",1,537000,537999.999,4142000,4142999.999
"15260",15260,537647.011,537652.99,4142546.579,4142555.991,"Silva","NEON_D07_MLBS_DP1_537000_4142000_classified_point_cloud.laz","2018_MLBS_3_537000_4142000_image.tif","Tree",1,537000,537999.999,4142000,4142999.999
"15261",15261,537676.508,537683.465,4142541.756,4142556.474,"Silva","NEON_D07_MLBS_DP1_537000_4142000_classified_point_cloud.laz","2018_MLBS_3_537000_4142000_image.tif","Tree",1,537000,537999.999,4142000,4142999.999
"15262",15262,537623.527,537632.874,4142546.003,4142553,"Silva","NEON_D07_MLBS_DP1_537000_4142000_classified_point_cloud.laz","2018_MLBS_3_537000_4142000_image.tif","Tree",1,537000,537999.999,4142000,4142999.999
"15263",15263,537649.5,537662.392,4142550.503,4142557.91,"Silva","NEON_D07_MLBS_DP1_537000_4142000_classified_point_cloud.laz","2018_MLBS_3_537000_4142000_image.tif","Tree",1,537000,537999.999,4142000,4142999.999
"15264",15264,537616.528,537626.37,4142550.057,4142558.342,"Silva","NEON_D07_MLBS_DP1_537000_4142000_classified_point_cloud.laz","2018_MLBS_3_537000_4142000_image.tif","Tree",1,537000,537999.999,4142000,4142999.999
"15265",15265,537663.551,537672.994,4142551.033,4142558.997,"Silva","NEON_D07_MLBS_DP1_537000_4142000_classified_point_cloud.laz","2018_MLBS_3_537000_4142000_image.tif","Tree",1,537000,537999.999,4142000,4142999.999
"15266",15266,537658.516,537664.431,4142551.061,4142560.972,"Silva","NEON_D07_MLBS_DP1_537000_4142000_classified_point_cloud.laz","2018_MLBS_3_537000_4142000_image.tif","Tree",1,537000,537999.999,4142000,4142999.999
"15267",15267,537625.026,537634.497,4142552.634,4142562.933,"Silva","NEON_D07_MLBS_DP1_537000_4142000_classified_point_cloud.laz","2018_MLBS_3_537000_4142000_image.tif","Tree",1,537000,537999.999,4142000,4142999.999
"15268",15268,537663.073,537673.46,4142558.055,4142564.844,"Silva","NEON_D07_MLBS_DP1_537000_4142000_classified_point_cloud.laz","2018_MLBS_3_537000_4142000_image.tif","Tree",1,537000,537999.999,4142000,4142999.999
"15269",15269,537647.086,537657.493,4142556.053,4142565.878,"Silva","NEON_D07_MLBS_DP1_537000_4142000_classified_point_cloud.laz","2018_MLBS_3_537000_4142000_image.tif","Tree",1,537000,537999.999,4142000,4142999.999
"15270",15270,537622.679,537631.93,4142560.004,4142565.486,"Silva","NEON_D07_MLBS_DP1_537000_4142000_classified_point_cloud.laz","2018_MLBS_3_537000_4142000_image.tif","Tree",1,537000,537999.999,4142000,4142999.999
"15271",15271,537659.525,537667.49,4142562.883,4142570.959,"Silva","NEON_D07_MLBS_DP1_537000_4142000_classified_point_cloud.laz","2018_MLBS_3_537000_4142000_image.tif","Tree",1,537000,537999.999,4142000,4142999.999
"15272",15272,537638.607,537648.377,4142558.525,4142570.443,"Silva","NEON_D07_MLBS_DP1_537000_4142000_classified_point_cloud.laz","2018_MLBS_3_537000_4142000_image.tif","Tree",1,537000,537999.999,4142000,4142999.999
"15273",15273,537646.557,537654.488,4142563.142,4142572.458,"Silva","NEON_D07_MLBS_DP1_537000_4142000_classified_point_cloud.laz","2018_MLBS_3_537000_4142000_image.tif","Tree",1,537000,537999.999,4142000,4142999.999
"15274",15274,537658.067,537665.472,4142567.023,4142572.989,"Silva","NEON_D07_MLBS_DP1_537000_4142000_classified_point_cloud.laz","2018_MLBS_3_537000_4142000_image.tif","Tree",1,537000,537999.999,4142000,4142999.999
"15275",15275,537634.579,537639.765,4142569.022,4142574.963,"Silva","NEON_D07_MLBS_DP1_537000_4142000_classified_point_cloud.laz","2018_MLBS_3_537000_4142000_image.tif","Tree",1,537000,537999.999,4142000,4142999.999
"15276",15276,537671.031,537680.986,4142570.506,4142579.942,"Silva","NEON_D07_MLBS_DP1_537000_4142000_classified_point_cloud.laz","2018_MLBS_3_537000_4142000_image.tif","Tree",1,537000,537999.999,4142000,4142999.999
"15277",15277,537673.535,537687.856,4142577.014,4142583.989,"Silva","NEON_D07_MLBS_DP1_537000_4142000_classified_point_cloud.laz","2018_MLBS_3_537000_4142000_image.tif","Tree",1,537000,537999.999,4142000,4142999.999
"15278",15278,537630.017,537638.497,4142577.51,4142584.498,"Silva","NEON_D07_MLBS_DP1_537000_4142000_classified_point_cloud.laz","2018_MLBS_3_537000_4142000_image.tif","Tree",1,537000,537999.999,4142000,4142999.999
"15279",15279,537638.57,537646.385,4142582.11,4142588.484,"Silva","NEON_D07_MLBS_DP1_537000_4142000_classified_point_cloud.laz","2018_MLBS_3_537000_4142000_image.tif","Tree",1,537000,537999.999,4142000,4142999.999
"15280",15280,537670.535,537678.496,4142580.512,4142591.461,"Silva","NEON_D07_MLBS_DP1_537000_4142000_classified_point_cloud.laz","2018_MLBS_3_537000_4142000_image.tif","Tree",1,537000,537999.999,4142000,4142999.999
"15281",15281,537640.511,537648.459,4142584.541,4142592.356,"Silva","NEON_D07_MLBS_DP1_537000_4142000_classified_point_cloud.laz","2018_MLBS_3_537000_4142000_image.tif","Tree",1,537000,537999.999,4142000,4142999.999
"15282",15282,537660.507,537673.382,4142587.513,4142596.795,"Silva","NEON_D07_MLBS_DP1_537000_4142000_classified_point_cloud.laz","2018_MLBS_3_537000_4142000_image.tif","Tree",1,537000,537999.999,4142000,4142999.999
"15283",15283,537673.016,537679.991,4142593.046,4142600.991,"Silva","NEON_D07_MLBS_DP1_537000_4142000_classified_point_cloud.laz","2018_MLBS_3_537000_4142000_image.tif","Tree",1,537000,537999.999,4142000,4142999.999
"15284",15284,537619.5,537631.954,4142589.51,4142602.442,"Silva","NEON_D07_MLBS_DP1_537000_4142000_classified_point_cloud.laz","2018_MLBS_3_537000_4142000_image.tif","Tree",1,537000,537999.999,4142000,4142999.999
"15285",15285,537667,537674.979,4142597.017,4142603.49,"Silva","NEON_D07_MLBS_DP1_537000_4142000_classified_point_cloud.laz","2018_MLBS_3_537000_4142000_image.tif","Tree",1,537000,537999.999,4142000,4142999.999
"15286",15286,537732.147,537739.389,4142607.292,4142614.492,"Silva","NEON_D07_MLBS_DP1_537000_4142000_classified_point_cloud.laz","2018_MLBS_3_537000_4142000_image.tif","Tree",1,537000,537999.999,4142000,4142999.999
"15287",15287,537746.823,537754.476,4142604.014,4142611.981,"Silva","NEON_D07_MLBS_DP1_537000_4142000_classified_point_cloud.laz","2018_MLBS_3_537000_4142000_image.tif","Tree",1,537000,537999.999,4142000,4142999.999
"15288",15288,537698.52,537704.487,4142598.241,4142607.96,"Silva","NEON_D07_MLBS_DP1_537000_4142000_classified_point_cloud.laz","2018_MLBS_3_537000_4142000_image.tif","Tree",1,537000,537999.999,4142000,4142999.999
"15289",15289,537736.109,537743.497,4142604.086,4142612.939,"Silva","NEON_D07_MLBS_DP1_537000_4142000_classified_point_cloud.laz","2018_MLBS_3_537000_4142000_image.tif","Tree",1,537000,537999.999,4142000,4142999.999
"15290",15290,537681.601,537691.465,4142596.565,4142606.446,"Silva","NEON_D07_MLBS_DP1_537000_4142000_classified_point_cloud.laz","2018_MLBS_3_537000_4142000_image.tif","Tree",1,537000,537999.999,4142000,4142999.999
"15291",15291,537715.519,537722.998,4142540.611,4142554.885,"Silva","NEON_D07_MLBS_DP1_537000_4142000_classified_point_cloud.laz","2018_MLBS_3_537000_4142000_image.tif","Tree",1,537000,537999.999,4142000,4142999.999
"15292",15292,537708.102,537719.977,4142545.118,4142556.496,"Silva","NEON_D07_MLBS_DP1_537000_4142000_classified_point_cloud.laz","2018_MLBS_3_537000_4142000_image.tif","Tree",1,537000,537999.999,4142000,4142999.999
"15293",15293,537679.503,537689.975,4142541.001,4142552.238,"Silva","NEON_D07_MLBS_DP1_537000_4142000_classified_point_cloud.laz","2018_MLBS_3_537000_4142000_image.tif","Tree",1,537000,537999.999,4142000,4142999.999
"15294",15294,537742.042,537751.497,4142554.031,4142563.429,"Silva","NEON_D07_MLBS_DP1_537000_4142000_classified_point_cloud.laz","2018_MLBS_3_537000_4142000_image.tif","Tree",1,537000,537999.999,4142000,4142999.999
"15295",15295,537723.009,537735.985,4142557.746,4142568.883,"Silva","NEON_D07_MLBS_DP1_537000_4142000_classified_point_cloud.laz","2018_MLBS_3_537000_4142000_image.tif","Tree",1,537000,537999.999,4142000,4142999.999
"15296",15296,537708.5,537720.982,4142556.026,4142569.405,"Silva","NEON_D07_MLBS_DP1_537000_4142000_classified_point_cloud.laz","2018_MLBS_3_537000_4142000_image.tif","Tree",1,537000,537999.999,4142000,4142999.999
"15297",15297,537699.512,537709.473,4142555.501,4142568.998,"Silva","NEON_D07_MLBS_DP1_537000_4142000_classified_point_cloud.laz","2018_MLBS_3_537000_4142000_image.tif","Tree",1,537000,537999.999,4142000,4142999.999
"15298",15298,537736.582,537749.489,4142562.516,4142572.984,"Silva","NEON_D07_MLBS_DP1_537000_4142000_classified_point_cloud.laz","2018_MLBS_3_537000_4142000_image.tif","Tree",1,537000,537999.999,4142000,4142999.999
"15299",15299,537717,537725.739,4142567.508,4142576.465,"Silva","NEON_D07_MLBS_DP1_537000_4142000_classified_point_cloud.laz","2018_MLBS_3_537000_4142000_image.tif","Tree",1,537000,537999.999,4142000,4142999.999
"15300",15300,537724.521,537730.487,4142568.507,4142580.986,"Silva","NEON_D07_MLBS_DP1_537000_4142000_classified_point_cloud.laz","2018_MLBS_3_537000_4142000_image.tif","Tree",1,537000,537999.999,4142000,4142999.999
"15301",15301,537730.535,537740.996,4142570.657,4142583.998,"Silva","NEON_D07_MLBS_DP1_537000_4142000_classified_point_cloud.laz","2018_MLBS_3_537000_4142000_image.tif","Tree",1,537000,537999.999,4142000,4142999.999
"15302",15302,537706.026,537716.491,4142574.114,4142583,"Silva","NEON_D07_MLBS_DP1_537000_4142000_classified_point_cloud.laz","2018_MLBS_3_537000_4142000_image.tif","Tree",1,537000,537999.999,4142000,4142999.999
"15303",15303,537734.546,537748.167,4142575.563,4142586.989,"Silva","NEON_D07_MLBS_DP1_537000_4142000_classified_point_cloud.laz","2018_MLBS_3_537000_4142000_image.tif","Tree",1,537000,537999.999,4142000,4142999.999
"15304",15304,537723.51,537736.794,4142584.033,4142595.498,"Silva","NEON_D07_MLBS_DP1_537000_4142000_classified_point_cloud.laz","2018_MLBS_3_537000_4142000_image.tif","Tree",1,537000,537999.999,4142000,4142999.999
"15305",15305,537704.507,537710.996,4142584.534,4142594.946,"Silva","NEON_D07_MLBS_DP1_537000_4142000_classified_point_cloud.laz","2018_MLBS_3_537000_4142000_image.tif","Tree",1,537000,537999.999,4142000,4142999.999
"15306",15306,537694.526,537705.992,4142584.503,4142597.931,"Silva","NEON_D07_MLBS_DP1_537000_4142000_classified_point_cloud.laz","2018_MLBS_3_537000_4142000_image.tif","Tree",1,537000,537999.999,4142000,4142999.999
"15307",15307,537728.523,537739.93,4142592.037,4142601.972,"Silva","NEON_D07_MLBS_DP1_537000_4142000_classified_point_cloud.laz","2018_MLBS_3_537000_4142000_image.tif","Tree",1,537000,537999.999,4142000,4142999.999
"15308",15308,537741.512,537750.489,4142596.507,4142605.482,"Silva","NEON_D07_MLBS_DP1_537000_4142000_classified_point_cloud.laz","2018_MLBS_3_537000_4142000_image.tif","Tree",1,537000,537999.999,4142000,4142999.999
"15309",15309,537726.028,537733.91,4142595.55,4142605.475,"Silva","NEON_D07_MLBS_DP1_537000_4142000_classified_point_cloud.laz","2018_MLBS_3_537000_4142000_image.tif","Tree",1,537000,537999.999,4142000,4142999.999
"15310",15310,537733.625,537741.976,4142597.003,4142606.983,"Silva","NEON_D07_MLBS_DP1_537000_4142000_classified_point_cloud.laz","2018_MLBS_3_537000_4142000_image.tif","Tree",1,537000,537999.999,4142000,4142999.999
"15311",15311,537617.023,537631.411,4142666.051,4142673.468,"Silva","NEON_D07_MLBS_DP1_537000_4142000_classified_point_cloud.laz","2018_MLBS_3_537000_4142000_image.tif","Tree",1,537000,537999.999,4142000,4142999.999
"15312",15312,537664.5,537672.488,4142670.027,4142678.279,"Silva","NEON_D07_MLBS_DP1_537000_4142000_classified_point_cloud.laz","2018_MLBS_3_537000_4142000_image.tif","Tree",1,537000,537999.999,4142000,4142999.999
"15313",15313,537647.017,537657.933,4142667.01,4142676.496,"Silva","NEON_D07_MLBS_DP1_537000_4142000_classified_point_cloud.laz","2018_MLBS_3_537000_4142000_image.tif","Tree",1,537000,537999.999,4142000,4142999.999
"15314",15314,537633.066,537647.962,4142664.128,4142674.996,"Silva","NEON_D07_MLBS_DP1_537000_4142000_classified_point_cloud.laz","2018_MLBS_3_537000_4142000_image.tif","Tree",1,537000,537999.999,4142000,4142999.999
"15315",15315,537675.023,537684.477,4142666.059,4142676.49,"Silva","NEON_D07_MLBS_DP1_537000_4142000_classified_point_cloud.laz","2018_MLBS_3_537000_4142000_image.tif","Tree",1,537000,537999.999,4142000,4142999.999
"15316",15316,537667.581,537675.315,4142665.792,4142675.88,"Silva","NEON_D07_MLBS_DP1_537000_4142000_classified_point_cloud.laz","2018_MLBS_3_537000_4142000_image.tif","Tree",1,537000,537999.999,4142000,4142999.999
"15317",15317,537621.619,537631.99,4142659.512,4142670.986,"Silva","NEON_D07_MLBS_DP1_537000_4142000_classified_point_cloud.laz","2018_MLBS_3_537000_4142000_image.tif","Tree",1,537000,537999.999,4142000,4142999.999
"15318",15318,537632.059,537645.454,4142659.088,4142671.352,"Silva","NEON_D07_MLBS_DP1_537000_4142000_classified_point_cloud.laz","2018_MLBS_3_537000_4142000_image.tif","Tree",1,537000,537999.999,4142000,4142999.999
"15319",15319,537661.517,537672.433,4142659.037,4142669.976,"Silva","NEON_D07_MLBS_DP1_537000_4142000_classified_point_cloud.laz","2018_MLBS_3_537000_4142000_image.tif","Tree",1,537000,537999.999,4142000,4142999.999
"15320",15320,537652.04,537659.392,4142656.521,4142662.454,"Silva","NEON_D07_MLBS_DP1_537000_4142000_classified_point_cloud.laz","2018_MLBS_3_537000_4142000_image.tif","Tree",1,537000,537999.999,4142000,4142999.999
"15321",15321,537676.029,537686.498,4142657.574,4142666.986,"Silva","NEON_D07_MLBS_DP1_537000_4142000_classified_point_cloud.laz","2018_MLBS_3_537000_4142000_image.tif","Tree",1,537000,537999.999,4142000,4142999.999
"15322",15322,537621.5,537629.896,4142651.666,4142659.936,"Silva","NEON_D07_MLBS_DP1_537000_4142000_classified_point_cloud.laz","2018_MLBS_3_537000_4142000_image.tif","Tree",1,537000,537999.999,4142000,4142999.999
"15323",15323,537641.127,537649.776,4142655.547,4142663.158,"Silva","NEON_D07_MLBS_DP1_537000_4142000_classified_point_cloud.laz","2018_MLBS_3_537000_4142000_image.tif","Tree",1,537000,537999.999,4142000,4142999.999
"15324",15324,537668.053,537676.895,4142651.51,4142660.388,"Silva","NEON_D07_MLBS_DP1_537000_4142000_classified_point_cloud.laz","2018_MLBS_3_537000_4142000_image.tif","Tree",1,537000,537999.999,4142000,4142999.999
"15325",15325,537632.538,537640.993,4142650.032,4142658.974,"Silva","NEON_D07_MLBS_DP1_537000_4142000_classified_point_cloud.laz","2018_MLBS_3_537000_4142000_image.tif","Tree",1,537000,537999.999,4142000,4142999.999
"15326",15326,537640.519,537647.494,4142647.528,4142657.911,"Silva","NEON_D07_MLBS_DP1_537000_4142000_classified_point_cloud.laz","2018_MLBS_3_537000_4142000_image.tif","Tree",1,537000,537999.999,4142000,4142999.999
"15327",15327,537658.505,537669.458,4142649.004,4142660.757,"Silva","NEON_D07_MLBS_DP1_537000_4142000_classified_point_cloud.laz","2018_MLBS_3_537000_4142000_image.tif","Tree",1,537000,537999.999,4142000,4142999.999
"15328",15328,537651.032,537659.996,4142649.17,4142656.984,"Silva","NEON_D07_MLBS_DP1_537000_4142000_classified_point_cloud.laz","2018_MLBS_3_537000_4142000_image.tif","Tree",1,537000,537999.999,4142000,4142999.999
"15329",15329,537623.512,537634.378,4142644.173,4142653.975,"Silva","NEON_D07_MLBS_DP1_537000_4142000_classified_point_cloud.laz","2018_MLBS_3_537000_4142000_image.tif","Tree",1,537000,537999.999,4142000,4142999.999
"15330",15330,537648.032,537657.48,4142645.017,4142651.936,"Silva","NEON_D07_MLBS_DP1_537000_4142000_classified_point_cloud.laz","2018_MLBS_3_537000_4142000_image.tif","Tree",1,537000,537999.999,4142000,4142999.999
"15331",15331,537634.055,537643.871,4142642.52,4142650.497,"Silva","NEON_D07_MLBS_DP1_537000_4142000_classified_point_cloud.laz","2018_MLBS_3_537000_4142000_image.tif","Tree",1,537000,537999.999,4142000,4142999.999
"15332",15332,537626.089,537635.94,4142640.005,4142647.908,"Silva","NEON_D07_MLBS_DP1_537000_4142000_classified_point_cloud.laz","2018_MLBS_3_537000_4142000_image.tif","Tree",1,537000,537999.999,4142000,4142999.999
"15333",15333,537655.583,537664.498,4142640.013,4142649.804,"Silva","NEON_D07_MLBS_DP1_537000_4142000_classified_point_cloud.laz","2018_MLBS_3_537000_4142000_image.tif","Tree",1,537000,537999.999,4142000,4142999.999
"15334",15334,537664.023,537675.967,4142641.071,4142652.474,"Silva","NEON_D07_MLBS_DP1_537000_4142000_classified_point_cloud.laz","2018_MLBS_3_537000_4142000_image.tif","Tree",1,537000,537999.999,4142000,4142999.999
"15335",15335,537639.014,537647.913,4142636.508,4142647.319,"Silva","NEON_D07_MLBS_DP1_537000_4142000_classified_point_cloud.laz","2018_MLBS_3_537000_4142000_image.tif","Tree",1,537000,537999.999,4142000,4142999.999
"15336",15336,537676.025,537685.997,4142638.011,4142649.929,"Silva","NEON_D07_MLBS_DP1_537000_4142000_classified_point_cloud.laz","2018_MLBS_3_537000_4142000_image.tif","Tree",1,537000,537999.999,4142000,4142999.999
"15337",15337,537632.529,537641.938,4142631.71,4142637.881,"Silva","NEON_D07_MLBS_DP1_537000_4142000_classified_point_cloud.laz","2018_MLBS_3_537000_4142000_image.tif","Tree",1,537000,537999.999,4142000,4142999.999
"15338",15338,537653.222,537665.481,4142632.012,4142639.467,"Silva","NEON_D07_MLBS_DP1_537000_4142000_classified_point_cloud.laz","2018_MLBS_3_537000_4142000_image.tif","Tree",1,537000,537999.999,4142000,4142999.999
"15339",15339,537651.29,537665.467,4142625.114,4142635.256,"Silva","NEON_D07_MLBS_DP1_537000_4142000_classified_point_cloud.laz","2018_MLBS_3_537000_4142000_image.tif","Tree",1,537000,537999.999,4142000,4142999.999
"15340",15340,537630.072,537636.966,4142624.624,4142632.359,"Silva","NEON_D07_MLBS_DP1_537000_4142000_classified_point_cloud.laz","2018_MLBS_3_537000_4142000_image.tif","Tree",1,537000,537999.999,4142000,4142999.999
"15341",15341,537671.005,537675.864,4142623.237,4142630.876,"Silva","NEON_D07_MLBS_DP1_537000_4142000_classified_point_cloud.laz","2018_MLBS_3_537000_4142000_image.tif","Tree",1,537000,537999.999,4142000,4142999.999
"15342",15342,537678.025,537686.975,4142622.015,4142632.902,"Silva","NEON_D07_MLBS_DP1_537000_4142000_classified_point_cloud.laz","2018_MLBS_3_537000_4142000_image.tif","Tree",1,537000,537999.999,4142000,4142999.999
"15343",15343,537644.043,537655.983,4142612.73,4142628.76,"Silva","NEON_D07_MLBS_DP1_537000_4142000_classified_point_cloud.laz","2018_MLBS_3_537000_4142000_image.tif","Tree",1,537000,537999.999,4142000,4142999.999
"15344",15344,537624.018,537631.499,4142612.004,4142620.985,"Silva","NEON_D07_MLBS_DP1_537000_4142000_classified_point_cloud.laz","2018_MLBS_3_537000_4142000_image.tif","Tree",1,537000,537999.999,4142000,4142999.999
"15345",15345,537704.551,537717.956,4142672.693,4142680.987,"Silva","NEON_D07_MLBS_DP1_537000_4142000_classified_point_cloud.laz","2018_MLBS_3_537000_4142000_image.tif","Tree",1,537000,537999.999,4142000,4142999.999
"15346",15346,537710.501,537724.45,4142666.648,4142678.479,"Silva","NEON_D07_MLBS_DP1_537000_4142000_classified_point_cloud.laz","2018_MLBS_3_537000_4142000_image.tif","Tree",1,537000,537999.999,4142000,4142999.999
"15347",15347,537689.146,537700.493,4142664.54,4142675,"Silva","NEON_D07_MLBS_DP1_537000_4142000_classified_point_cloud.laz","2018_MLBS_3_537000_4142000_image.tif","Tree",1,537000,537999.999,4142000,4142999.999
"15348",15348,537740.54,537751.423,4142665.051,4142677.433,"Silva","NEON_D07_MLBS_DP1_537000_4142000_classified_point_cloud.laz","2018_MLBS_3_537000_4142000_image.tif","Tree",1,537000,537999.999,4142000,4142999.999
"15349",15349,537700.642,537710.991,4142664.64,4142673.998,"Silva","NEON_D07_MLBS_DP1_537000_4142000_classified_point_cloud.laz","2018_MLBS_3_537000_4142000_image.tif","Tree",1,537000,537999.999,4142000,4142999.999
"15350",15350,537695.505,537704.456,4142661.971,4142672.46,"Silva","NEON_D07_MLBS_DP1_537000_4142000_classified_point_cloud.laz","2018_MLBS_3_537000_4142000_image.tif","Tree",1,537000,537999.999,4142000,4142999.999
"15351",15351,537708.513,537715.984,4142659.501,4142668.304,"Silva","NEON_D07_MLBS_DP1_537000_4142000_classified_point_cloud.laz","2018_MLBS_3_537000_4142000_image.tif","Tree",1,537000,537999.999,4142000,4142999.999
"15352",15352,537720.012,537729.914,4142660.184,4142673.985,"Silva","NEON_D07_MLBS_DP1_537000_4142000_classified_point_cloud.laz","2018_MLBS_3_537000_4142000_image.tif","Tree",1,537000,537999.999,4142000,4142999.999
"15353",15353,537714.501,537720.495,4142659.521,4142667.961,"Silva","NEON_D07_MLBS_DP1_537000_4142000_classified_point_cloud.laz","2018_MLBS_3_537000_4142000_image.tif","Tree",1,537000,537999.999,4142000,4142999.999
"15354",15354,537686.516,537697.947,4142654.052,4142665.396,"Silva","NEON_D07_MLBS_DP1_537000_4142000_classified_point_cloud.laz","2018_MLBS_3_537000_4142000_image.tif","Tree",1,537000,537999.999,4142000,4142999.999
"15355",15355,537703.559,537711.884,4142655.186,4142664.976,"Silva","NEON_D07_MLBS_DP1_537000_4142000_classified_point_cloud.laz","2018_MLBS_3_537000_4142000_image.tif","Tree",1,537000,537999.999,4142000,4142999.999
"15356",15356,537696.132,537705.815,4142652.08,4142662.989,"Silva","NEON_D07_MLBS_DP1_537000_4142000_classified_point_cloud.laz","2018_MLBS_3_537000_4142000_image.tif","Tree",1,537000,537999.999,4142000,4142999.999
"15357",15357,537714.618,537724.489,4142655.243,4142661.799,"Silva","NEON_D07_MLBS_DP1_537000_4142000_classified_point_cloud.laz","2018_MLBS_3_537000_4142000_image.tif","Tree",1,537000,537999.999,4142000,4142999.999
"15358",15358,537741.289,537754.971,4142653.553,4142664.889,"Silva","NEON_D07_MLBS_DP1_537000_4142000_classified_point_cloud.laz","2018_MLBS_3_537000_4142000_image.tif","Tree",1,537000,537999.999,4142000,4142999.999
"15359",15359,537717.01,537728.435,4142647.658,4142657.569,"Silva","NEON_D07_MLBS_DP1_537000_4142000_classified_point_cloud.laz","2018_MLBS_3_537000_4142000_image.tif","Tree",1,537000,537999.999,4142000,4142999.999
"15360",15360,537738.09,537747.49,4142652.522,4142659.421,"Silva","NEON_D07_MLBS_DP1_537000_4142000_classified_point_cloud.laz","2018_MLBS_3_537000_4142000_image.tif","Tree",1,537000,537999.999,4142000,4142999.999
"15361",15361,537728.045,537738.467,4142650.166,4142657.742,"Silva","NEON_D07_MLBS_DP1_537000_4142000_classified_point_cloud.laz","2018_MLBS_3_537000_4142000_image.tif","Tree",1,537000,537999.999,4142000,4142999.999
"15362",15362,537737.508,537742.949,4142649.01,4142656.478,"Silva","NEON_D07_MLBS_DP1_537000_4142000_classified_point_cloud.laz","2018_MLBS_3_537000_4142000_image.tif","Tree",1,537000,537999.999,4142000,4142999.999
"15363",15363,537680.686,537688.982,4142643.043,4142649.497,"Silva","NEON_D07_MLBS_DP1_537000_4142000_classified_point_cloud.laz","2018_MLBS_3_537000_4142000_image.tif","Tree",1,537000,537999.999,4142000,4142999.999
"15364",15364,537729.144,537739.273,4142646.605,4142651.799,"Silva","NEON_D07_MLBS_DP1_537000_4142000_classified_point_cloud.laz","2018_MLBS_3_537000_4142000_image.tif","Tree",1,537000,537999.999,4142000,4142999.999
"15365",15365,537696.026,537705.95,4142643.254,4142652.489,"Silva","NEON_D07_MLBS_DP1_537000_4142000_classified_point_cloud.laz","2018_MLBS_3_537000_4142000_image.tif","Tree",1,537000,537999.999,4142000,4142999.999
"15366",15366,537739.048,537746.864,4142642.043,4142649.423,"Silva","NEON_D07_MLBS_DP1_537000_4142000_classified_point_cloud.laz","2018_MLBS_3_537000_4142000_image.tif","Tree",1,537000,537999.999,4142000,4142999.999
"15367",15367,537704.52,537713.335,4142637.808,4142649.986,"Silva","NEON_D07_MLBS_DP1_537000_4142000_classified_point_cloud.laz","2018_MLBS_3_537000_4142000_image.tif","Tree",1,537000,537999.999,4142000,4142999.999
"15368",15368,537729.242,537737.759,4142639.738,4142649.376,"Silva","NEON_D07_MLBS_DP1_537000_4142000_classified_point_cloud.laz","2018_MLBS_3_537000_4142000_image.tif","Tree",1,537000,537999.999,4142000,4142999.999
"15369",15369,537719.518,537729.314,4142642.155,4142650.494,"Silva","NEON_D07_MLBS_DP1_537000_4142000_classified_point_cloud.laz","2018_MLBS_3_537000_4142000_image.tif","Tree",1,537000,537999.999,4142000,4142999.999
"15370",15370,537726.019,537733.468,4142639.108,4142648.422,"Silva","NEON_D07_MLBS_DP1_537000_4142000_classified_point_cloud.laz","2018_MLBS_3_537000_4142000_image.tif","Tree",1,537000,537999.999,4142000,4142999.999
"15371",15371,537713.06,537719.492,4142636.671,4142648.885,"Silva","NEON_D07_MLBS_DP1_537000_4142000_classified_point_cloud.laz","2018_MLBS_3_537000_4142000_image.tif","Tree",1,537000,537999.999,4142000,4142999.999
"15372",15372,537733.515,537743.496,4142636.533,4142646.332,"Silva","NEON_D07_MLBS_DP1_537000_4142000_classified_point_cloud.laz","2018_MLBS_3_537000_4142000_image.tif","Tree",1,537000,537999.999,4142000,4142999.999
"15373",15373,537719.501,537726.415,4142637.714,4142645.413,"Silva","NEON_D07_MLBS_DP1_537000_4142000_classified_point_cloud.laz","2018_MLBS_3_537000_4142000_image.tif","Tree",1,537000,537999.999,4142000,4142999.999
"15374",15374,537740.052,537750.977,4142633.126,4142642.864,"Silva","NEON_D07_MLBS_DP1_537000_4142000_classified_point_cloud.laz","2018_MLBS_3_537000_4142000_image.tif","Tree",1,537000,537999.999,4142000,4142999.999
"15375",15375,537730.011,537741.495,4142629.593,4142638.452,"Silva","NEON_D07_MLBS_DP1_537000_4142000_classified_point_cloud.laz","2018_MLBS_3_537000_4142000_image.tif","Tree",1,537000,537999.999,4142000,4142999.999
"15376",15376,537711.002,537718.828,4142627.046,4142635.431,"Silva","NEON_D07_MLBS_DP1_537000_4142000_classified_point_cloud.laz","2018_MLBS_3_537000_4142000_image.tif","Tree",1,537000,537999.999,4142000,4142999.999
"15377",15377,537696.502,537705.985,4142621.506,4142634.5,"Silva","NEON_D07_MLBS_DP1_537000_4142000_classified_point_cloud.laz","2018_MLBS_3_537000_4142000_image.tif","Tree",1,537000,537999.999,4142000,4142999.999
"15378",15378,537706.027,537713.269,4142624.518,4142634.99,"Silva","NEON_D07_MLBS_DP1_537000_4142000_classified_point_cloud.laz","2018_MLBS_3_537000_4142000_image.tif","Tree",1,537000,537999.999,4142000,4142999.999
"15379",15379,537722.51,537731.989,4142623.54,4142632.471,"Silva","NEON_D07_MLBS_DP1_537000_4142000_classified_point_cloud.laz","2018_MLBS_3_537000_4142000_image.tif","Tree",1,537000,537999.999,4142000,4142999.999
"15380",15380,537742.016,537750.993,4142625.298,4142633.496,"Silva","NEON_D07_MLBS_DP1_537000_4142000_classified_point_cloud.laz","2018_MLBS_3_537000_4142000_image.tif","Tree",1,537000,537999.999,4142000,4142999.999
"15381",15381,537710.149,537720.978,4142621.042,4142627.495,"Silva","NEON_D07_MLBS_DP1_537000_4142000_classified_point_cloud.laz","2018_MLBS_3_537000_4142000_image.tif","Tree",1,537000,537999.999,4142000,4142999.999
"15382",15382,537737.181,537744.956,4142622.018,4142632.89,"Silva","NEON_D07_MLBS_DP1_537000_4142000_classified_point_cloud.laz","2018_MLBS_3_537000_4142000_image.tif","Tree",1,537000,537999.999,4142000,4142999.999
"15383",15383,537742.045,537750.912,4142618.541,4142625.479,"Silva","NEON_D07_MLBS_DP1_537000_4142000_classified_point_cloud.laz","2018_MLBS_3_537000_4142000_image.tif","Tree",1,537000,537999.999,4142000,4142999.999
"15384",15384,537733.568,537740.446,4142618.009,4142624.455,"Silva","NEON_D07_MLBS_DP1_537000_4142000_classified_point_cloud.laz","2018_MLBS_3_537000_4142000_image.tif","Tree",1,537000,537999.999,4142000,4142999.999
"15385",15385,537730.501,537734.49,4142616.603,4142624.985,"Silva","NEON_D07_MLBS_DP1_537000_4142000_classified_point_cloud.laz","2018_MLBS_3_537000_4142000_image.tif","Tree",1,537000,537999.999,4142000,4142999.999
"15386",15386,537707.521,537717.971,4142615.536,4142620.499,"Silva","NEON_D07_MLBS_DP1_537000_4142000_classified_point_cloud.laz","2018_MLBS_3_537000_4142000_image.tif","Tree",1,537000,537999.999,4142000,4142999.999
"15387",15387,537733.198,537740.947,4142612.731,4142617.984,"Silva","NEON_D07_MLBS_DP1_537000_4142000_classified_point_cloud.laz","2018_MLBS_3_537000_4142000_image.tif","Tree",1,537000,537999.999,4142000,4142999.999
"15388",15388,537725.515,537732.906,4142611.523,4142617.493,"Silva","NEON_D07_MLBS_DP1_537000_4142000_classified_point_cloud.laz","2018_MLBS_3_537000_4142000_image.tif","Tree",1,537000,537999.999,4142000,4142999.999
"15389",15389,537741.178,537748.999,4142611.701,4142618,"Silva","NEON_D07_MLBS_DP1_537000_4142000_classified_point_cloud.laz","2018_MLBS_3_537000_4142000_image.tif","Tree",1,537000,537999.999,4142000,4142999.999
"15390",15390,537786.689,537795.459,4142607.183,4142616.497,"Silva","NEON_D07_MLBS_DP1_537000_4142000_classified_point_cloud.laz","2018_MLBS_3_537000_4142000_image.tif","Tree",1,537000,537999.999,4142000,4142999.999
"15391",15391,537765.516,537778.904,4142603.589,4142613.428,"Silva","NEON_D07_MLBS_DP1_537000_4142000_classified_point_cloud.laz","2018_MLBS_3_537000_4142000_image.tif","Tree",1,537000,537999.999,4142000,4142999.999
"15392",15392,537804.022,537813.985,4142603.034,4142610.995,"Silva","NEON_D07_MLBS_DP1_537000_4142000_classified_point_cloud.laz","2018_MLBS_3_537000_4142000_image.tif","Tree",1,537000,537999.999,4142000,4142999.999
"15393",15393,537778.533,537788.988,4142601.009,4142609.432,"Silva","NEON_D07_MLBS_DP1_537000_4142000_classified_point_cloud.laz","2018_MLBS_3_537000_4142000_image.tif","Tree",1,537000,537999.999,4142000,4142999.999
"15394",15394,537784.522,537792.346,4142596.506,4142604.332,"Silva","NEON_D07_MLBS_DP1_537000_4142000_classified_point_cloud.laz","2018_MLBS_3_537000_4142000_image.tif","Tree",1,537000,537999.999,4142000,4142999.999
"15395",15395,537809.009,537816.857,4142547.003,4142552.67,"Silva","NEON_D07_MLBS_DP1_537000_4142000_classified_point_cloud.laz","2018_MLBS_3_537000_4142000_image.tif","Tree",1,537000,537999.999,4142000,4142999.999
"15396",15396,537793.006,537800.955,4142546.023,4142556.485,"Silva","NEON_D07_MLBS_DP1_537000_4142000_classified_point_cloud.laz","2018_MLBS_3_537000_4142000_image.tif","Tree",1,537000,537999.999,4142000,4142999.999
"15397",15397,537786.527,537796.471,4142545.118,4142557.835,"Silva","NEON_D07_MLBS_DP1_537000_4142000_classified_point_cloud.laz","2018_MLBS_3_537000_4142000_image.tif","Tree",1,537000,537999.999,4142000,4142999.999
"15398",15398,537766.016,537775.962,4142550.517,4142559.977,"Silva","NEON_D07_MLBS_DP1_537000_4142000_classified_point_cloud.laz","2018_MLBS_3_537000_4142000_image.tif","Tree",1,537000,537999.999,4142000,4142999.999
"15399",15399,537758.517,537766.846,4142550.504,4142559.974,"Silva","NEON_D07_MLBS_DP1_537000_4142000_classified_point_cloud.laz","2018_MLBS_3_537000_4142000_image.tif","Tree",1,537000,537999.999,4142000,4142999.999
"15400",15400,537763.043,537769.897,4142556.535,4142563.882,"Silva","NEON_D07_MLBS_DP1_537000_4142000_classified_point_cloud.laz","2018_MLBS_3_537000_4142000_image.tif","Tree",1,537000,537999.999,4142000,4142999.999
"15401",15401,537751.503,537757.979,4142556.557,4142564.972,"Silva","NEON_D07_MLBS_DP1_537000_4142000_classified_point_cloud.laz","2018_MLBS_3_537000_4142000_image.tif","Tree",1,537000,537999.999,4142000,4142999.999
"15402",15402,537756.533,537762.968,4142556.099,4142566.492,"Silva","NEON_D07_MLBS_DP1_537000_4142000_classified_point_cloud.laz","2018_MLBS_3_537000_4142000_image.tif","Tree",1,537000,537999.999,4142000,4142999.999
"15403",15403,537768.507,537776.996,4142559.519,4142567.49,"Silva","NEON_D07_MLBS_DP1_537000_4142000_classified_point_cloud.laz","2018_MLBS_3_537000_4142000_image.tif","Tree",1,537000,537999.999,4142000,4142999.999
"15404",15404,537759.584,537768.491,4142560.62,4142568.461,"Silva","NEON_D07_MLBS_DP1_537000_4142000_classified_point_cloud.laz","2018_MLBS_3_537000_4142000_image.tif","Tree",1,537000,537999.999,4142000,4142999.999
"15405",15405,537781.52,537792.312,4142561.541,4142568.484,"Silva","NEON_D07_MLBS_DP1_537000_4142000_classified_point_cloud.laz","2018_MLBS_3_537000_4142000_image.tif","Tree",1,537000,537999.999,4142000,4142999.999
"15406",15406,537802.048,537810.496,4142564.024,4142571.992,"Silva","NEON_D07_MLBS_DP1_537000_4142000_classified_point_cloud.laz","2018_MLBS_3_537000_4142000_image.tif","Tree",1,537000,537999.999,4142000,4142999.999
"15407",15407,537792.512,537801.98,4142564.01,4142573.268,"Silva","NEON_D07_MLBS_DP1_537000_4142000_classified_point_cloud.laz","2018_MLBS_3_537000_4142000_image.tif","Tree",1,537000,537999.999,4142000,4142999.999
"15408",15408,537773.045,537781.485,4142564.097,4142571.233,"Silva","NEON_D07_MLBS_DP1_537000_4142000_classified_point_cloud.laz","2018_MLBS_3_537000_4142000_image.tif","Tree",1,537000,537999.999,4142000,4142999.999
"15409",15409,537785.513,537793.3,4142566.567,4142574.974,"Silva","NEON_D07_MLBS_DP1_537000_4142000_classified_point_cloud.laz","2018_MLBS_3_537000_4142000_image.tif","Tree",1,537000,537999.999,4142000,4142999.999
"15410",15410,537809.014,537816.915,4142568.562,4142575.696,"Silva","NEON_D07_MLBS_DP1_537000_4142000_classified_point_cloud.laz","2018_MLBS_3_537000_4142000_image.tif","Tree",1,537000,537999.999,4142000,4142999.999
"15411",15411,537749.009,537757.44,4142565.042,4142576.87,"Silva","NEON_D07_MLBS_DP1_537000_4142000_classified_point_cloud.laz","2018_MLBS_3_537000_4142000_image.tif","Tree",1,537000,537999.999,4142000,4142999.999
"15412",15412,537767.277,537776.495,4142567.512,4142577.995,"Silva","NEON_D07_MLBS_DP1_537000_4142000_classified_point_cloud.laz","2018_MLBS_3_537000_4142000_image.tif","Tree",1,537000,537999.999,4142000,4142999.999
"15413",15413,537779.207,537787.936,4142575.028,4142585.856,"Silva","NEON_D07_MLBS_DP1_537000_4142000_classified_point_cloud.laz","2018_MLBS_3_537000_4142000_image.tif","Tree",1,537000,537999.999,4142000,4142999.999
"15414",15414,537773.5,537783.953,4142580.007,4142589.482,"Silva","NEON_D07_MLBS_DP1_537000_4142000_classified_point_cloud.laz","2018_MLBS_3_537000_4142000_image.tif","Tree",1,537000,537999.999,4142000,4142999.999
"15415",15415,537764.013,537773.475,4142576.542,4142587.968,"Silva","NEON_D07_MLBS_DP1_537000_4142000_classified_point_cloud.laz","2018_MLBS_3_537000_4142000_image.tif","Tree",1,537000,537999.999,4142000,4142999.999
"15416",15416,537757.652,537769.487,4142583.52,4142591.946,"Silva","NEON_D07_MLBS_DP1_537000_4142000_classified_point_cloud.laz","2018_MLBS_3_537000_4142000_image.tif","Tree",1,537000,537999.999,4142000,4142999.999
"15417",15417,537769.519,537779.235,4142585.553,4142595.413,"Silva","NEON_D07_MLBS_DP1_537000_4142000_classified_point_cloud.laz","2018_MLBS_3_537000_4142000_image.tif","Tree",1,537000,537999.999,4142000,4142999.999
"15418",15418,537774.195,537782.986,4142589.509,4142600.318,"Silva","NEON_D07_MLBS_DP1_537000_4142000_classified_point_cloud.laz","2018_MLBS_3_537000_4142000_image.tif","Tree",1,537000,537999.999,4142000,4142999.999
"15419",15419,537747.508,537759.315,4142590.719,4142599.967,"Silva","NEON_D07_MLBS_DP1_537000_4142000_classified_point_cloud.laz","2018_MLBS_3_537000_4142000_image.tif","Tree",1,537000,537999.999,4142000,4142999.999
"15420",15420,537780.029,537787.975,4142593.307,4142601.378,"Silva","NEON_D07_MLBS_DP1_537000_4142000_classified_point_cloud.laz","2018_MLBS_3_537000_4142000_image.tif","Tree",1,537000,537999.999,4142000,4142999.999
"15421",15421,537796.56,537805.455,4142596.506,4142605.975,"Silva","NEON_D07_MLBS_DP1_537000_4142000_classified_point_cloud.laz","2018_MLBS_3_537000_4142000_image.tif","Tree",1,537000,537999.999,4142000,4142999.999
"15422",15422,537866.011,537873.996,4142608.027,4142616.989,"Silva","NEON_D07_MLBS_DP1_537000_4142000_classified_point_cloud.laz","2018_MLBS_3_537000_4142000_image.tif","Tree",1,537000,537999.999,4142000,4142999.999
"15423",15423,537819.054,537829.941,4142605.503,4142612.43,"Silva","NEON_D07_MLBS_DP1_537000_4142000_classified_point_cloud.laz","2018_MLBS_3_537000_4142000_image.tif","Tree",1,537000,537999.999,4142000,4142999.999
"15424",15424,537843.718,537849.81,4142607.519,4142611.989,"Silva","NEON_D07_MLBS_DP1_537000_4142000_classified_point_cloud.laz","2018_MLBS_3_537000_4142000_image.tif","Tree",1,537000,537999.999,4142000,4142999.999
"15425",15425,537829.165,537837.473,4142600.578,4142608.963,"Silva","NEON_D07_MLBS_DP1_537000_4142000_classified_point_cloud.laz","2018_MLBS_3_537000_4142000_image.tif","Tree",1,537000,537999.999,4142000,4142999.999
"15426",15426,537855.513,537865.441,4142599.03,4142608.489,"Silva","NEON_D07_MLBS_DP1_537000_4142000_classified_point_cloud.laz","2018_MLBS_3_537000_4142000_image.tif","Tree",1,537000,537999.999,4142000,4142999.999
"15427",15427,537829.563,537839.495,4142546.151,4142554.858,"Silva","NEON_D07_MLBS_DP1_537000_4142000_classified_point_cloud.laz","2018_MLBS_3_537000_4142000_image.tif","Tree",1,537000,537999.999,4142000,4142999.999
"15428",15428,537864.039,537872.49,4142547.003,4142556.997,"Silva","NEON_D07_MLBS_DP1_537000_4142000_classified_point_cloud.laz","2018_MLBS_3_537000_4142000_image.tif","Tree",1,537000,537999.999,4142000,4142999.999
"15429",15429,537860.508,537868.417,4142551.18,4142560.96,"Silva","NEON_D07_MLBS_DP1_537000_4142000_classified_point_cloud.laz","2018_MLBS_3_537000_4142000_image.tif","Tree",1,537000,537999.999,4142000,4142999.999
"15430",15430,537837.007,537846.977,4142557.504,4142569.951,"Silva","NEON_D07_MLBS_DP1_537000_4142000_classified_point_cloud.laz","2018_MLBS_3_537000_4142000_image.tif","Tree",1,537000,537999.999,4142000,4142999.999
"15431",15431,537812.006,537821.97,4142557.004,4142565.49,"Silva","NEON_D07_MLBS_DP1_537000_4142000_classified_point_cloud.laz","2018_MLBS_3_537000_4142000_image.tif","Tree",1,537000,537999.999,4142000,4142999.999
"15432",15432,537858.696,537869.963,4142560.003,4142570.416,"Silva","NEON_D07_MLBS_DP1_537000_4142000_classified_point_cloud.laz","2018_MLBS_3_537000_4142000_image.tif","Tree",1,537000,537999.999,4142000,4142999.999
"15433",15433,537843.249,537855.962,4142560.504,4142570.49,"Silva","NEON_D07_MLBS_DP1_537000_4142000_classified_point_cloud.laz","2018_MLBS_3_537000_4142000_image.tif","Tree",1,537000,537999.999,4142000,4142999.999
"15434",15434,537826.069,537830.984,4142567.034,4142572.954,"Silva","NEON_D07_MLBS_DP1_537000_4142000_classified_point_cloud.laz","2018_MLBS_3_537000_4142000_image.tif","Tree",1,537000,537999.999,4142000,4142999.999
"15435",15435,537830.613,537841.497,4142566.516,4142571.5,"Silva","NEON_D07_MLBS_DP1_537000_4142000_classified_point_cloud.laz","2018_MLBS_3_537000_4142000_image.tif","Tree",1,537000,537999.999,4142000,4142999.999
"15436",15436,537822.006,537826.447,4142565.56,4142571.492,"Silva","NEON_D07_MLBS_DP1_537000_4142000_classified_point_cloud.laz","2018_MLBS_3_537000_4142000_image.tif","Tree",1,537000,537999.999,4142000,4142999.999
"15437",15437,537858,537864.992,4142564.55,4142575.458,"Silva","NEON_D07_MLBS_DP1_537000_4142000_classified_point_cloud.laz","2018_MLBS_3_537000_4142000_image.tif","Tree",1,537000,537999.999,4142000,4142999.999
"15438",15438,537852.172,537858.469,4142564.007,4142573.484,"Silva","NEON_D07_MLBS_DP1_537000_4142000_classified_point_cloud.laz","2018_MLBS_3_537000_4142000_image.tif","Tree",1,537000,537999.999,4142000,4142999.999
"15439",15439,537841,537851.999,4142569.02,4142576.916,"Silva","NEON_D07_MLBS_DP1_537000_4142000_classified_point_cloud.laz","2018_MLBS_3_537000_4142000_image.tif","Tree",1,537000,537999.999,4142000,4142999.999
"15440",15440,537822.53,537829.955,4142571.03,4142576.895,"Silva","NEON_D07_MLBS_DP1_537000_4142000_classified_point_cloud.laz","2018_MLBS_3_537000_4142000_image.tif","Tree",1,537000,537999.999,4142000,4142999.999
"15441",15441,537846.539,537852.988,4142571.653,4142579.413,"Silva","NEON_D07_MLBS_DP1_537000_4142000_classified_point_cloud.laz","2018_MLBS_3_537000_4142000_image.tif","Tree",1,537000,537999.999,4142000,4142999.999
"15442",15442,537851.344,537858.45,4142576.116,4142581.384,"Silva","NEON_D07_MLBS_DP1_537000_4142000_classified_point_cloud.laz","2018_MLBS_3_537000_4142000_image.tif","Tree",1,537000,537999.999,4142000,4142999.999
"15443",15443,537823.539,537830.96,4142578.505,4142583.97,"Silva","NEON_D07_MLBS_DP1_537000_4142000_classified_point_cloud.laz","2018_MLBS_3_537000_4142000_image.tif","Tree",1,537000,537999.999,4142000,4142999.999
"15444",15444,537847.557,537857.965,4142582.511,4142587.5,"Silva","NEON_D07_MLBS_DP1_537000_4142000_classified_point_cloud.laz","2018_MLBS_3_537000_4142000_image.tif","Tree",1,537000,537999.999,4142000,4142999.999
"15445",15445,537862.508,537869.493,4142584.555,4142592.988,"Silva","NEON_D07_MLBS_DP1_537000_4142000_classified_point_cloud.laz","2018_MLBS_3_537000_4142000_image.tif","Tree",1,537000,537999.999,4142000,4142999.999
"15446",15446,537847.001,537855.378,4142585.507,4142591.977,"Silva","NEON_D07_MLBS_DP1_537000_4142000_classified_point_cloud.laz","2018_MLBS_3_537000_4142000_image.tif","Tree",1,537000,537999.999,4142000,4142999.999
"15447",15447,537855.009,537862.974,4142585.091,4142591.997,"Silva","NEON_D07_MLBS_DP1_537000_4142000_classified_point_cloud.laz","2018_MLBS_3_537000_4142000_image.tif","Tree",1,537000,537999.999,4142000,4142999.999
"15448",15448,537838.019,537848.979,4142586.195,4142594.498,"Silva","NEON_D07_MLBS_DP1_537000_4142000_classified_point_cloud.laz","2018_MLBS_3_537000_4142000_image.tif","Tree",1,537000,537999.999,4142000,4142999.999
"15449",15449,537849.01,537855.467,4142591.04,4142598.636,"Silva","NEON_D07_MLBS_DP1_537000_4142000_classified_point_cloud.laz","2018_MLBS_3_537000_4142000_image.tif","Tree",1,537000,537999.999,4142000,4142999.999
"15450",15450,537870.5,537876.985,4142593.582,4142602.983,"Silva","NEON_D07_MLBS_DP1_537000_4142000_classified_point_cloud.laz","2018_MLBS_3_537000_4142000_image.tif","Tree",1,537000,537999.999,4142000,4142999.999
"15451",15451,537875.711,537882.957,4142595.552,4142606.442,"Silva","NEON_D07_MLBS_DP1_537000_4142000_classified_point_cloud.laz","2018_MLBS_3_537000_4142000_image.tif","Tree",1,537000,537999.999,4142000,4142999.999
"15452",15452,537835.568,537841.427,4142594.145,4142601.985,"Silva","NEON_D07_MLBS_DP1_537000_4142000_classified_point_cloud.laz","2018_MLBS_3_537000_4142000_image.tif","Tree",1,537000,537999.999,4142000,4142999.999
"15453",15453,537860.133,537867.426,4142597.526,4142604.982,"Silva","NEON_D07_MLBS_DP1_537000_4142000_classified_point_cloud.laz","2018_MLBS_3_537000_4142000_image.tif","Tree",1,537000,537999.999,4142000,4142999.999
"15454",15454,537843.515,537852.421,4142599.018,4142605.351,"Silva","NEON_D07_MLBS_DP1_537000_4142000_classified_point_cloud.laz","2018_MLBS_3_537000_4142000_image.tif","Tree",1,537000,537999.999,4142000,4142999.999
"15455",15455,537773.006,537780.498,4142673.608,4142684.478,"Silva","NEON_D07_MLBS_DP1_537000_4142000_classified_point_cloud.laz","2018_MLBS_3_537000_4142000_image.tif","Tree",1,537000,537999.999,4142000,4142999.999
"15456",15456,537785.512,537791.186,4142673.054,4142680.959,"Silva","NEON_D07_MLBS_DP1_537000_4142000_classified_point_cloud.laz","2018_MLBS_3_537000_4142000_image.tif","Tree",1,537000,537999.999,4142000,4142999.999
"15457",15457,537806.004,537815.989,4142672.141,4142680.496,"Silva","NEON_D07_MLBS_DP1_537000_4142000_classified_point_cloud.laz","2018_MLBS_3_537000_4142000_image.tif","Tree",1,537000,537999.999,4142000,4142999.999
"15458",15458,537790.019,537797.984,4142669.555,4142678.657,"Silva","NEON_D07_MLBS_DP1_537000_4142000_classified_point_cloud.laz","2018_MLBS_3_537000_4142000_image.tif","Tree",1,537000,537999.999,4142000,4142999.999
"15459",15459,537770.503,537778.969,4142669.037,4142676.985,"Silva","NEON_D07_MLBS_DP1_537000_4142000_classified_point_cloud.laz","2018_MLBS_3_537000_4142000_image.tif","Tree",1,537000,537999.999,4142000,4142999.999
"15460",15460,537798.002,537807.991,4142668.768,4142680,"Silva","NEON_D07_MLBS_DP1_537000_4142000_classified_point_cloud.laz","2018_MLBS_3_537000_4142000_image.tif","Tree",1,537000,537999.999,4142000,4142999.999
"15461",15461,537778.006,537786.952,4142667.025,4142674.436,"Silva","NEON_D07_MLBS_DP1_537000_4142000_classified_point_cloud.laz","2018_MLBS_3_537000_4142000_image.tif","Tree",1,537000,537999.999,4142000,4142999.999
"15462",15462,537748.004,537758.489,4142657.509,4142673.642,"Silva","NEON_D07_MLBS_DP1_537000_4142000_classified_point_cloud.laz","2018_MLBS_3_537000_4142000_image.tif","Tree",1,537000,537999.999,4142000,4142999.999
"15463",15463,537809.526,537821.479,4142659.515,4142666.495,"Silva","NEON_D07_MLBS_DP1_537000_4142000_classified_point_cloud.laz","2018_MLBS_3_537000_4142000_image.tif","Tree",1,537000,537999.999,4142000,4142999.999
"15464",15464,537778.121,537786.951,4142658.075,4142664.998,"Silva","NEON_D07_MLBS_DP1_537000_4142000_classified_point_cloud.laz","2018_MLBS_3_537000_4142000_image.tif","Tree",1,537000,537999.999,4142000,4142999.999
"15465",15465,537787.5,537794.376,4142656.232,4142664.482,"Silva","NEON_D07_MLBS_DP1_537000_4142000_classified_point_cloud.laz","2018_MLBS_3_537000_4142000_image.tif","Tree",1,537000,537999.999,4142000,4142999.999
"15466",15466,537770.019,537779.491,4142655.534,4142662.98,"Silva","NEON_D07_MLBS_DP1_537000_4142000_classified_point_cloud.laz","2018_MLBS_3_537000_4142000_image.tif","Tree",1,537000,537999.999,4142000,4142999.999
"15467",15467,537789.548,537799.485,4142651.517,4142660.867,"Silva","NEON_D07_MLBS_DP1_537000_4142000_classified_point_cloud.laz","2018_MLBS_3_537000_4142000_image.tif","Tree",1,537000,537999.999,4142000,4142999.999
"15468",15468,537754.528,537767.367,4142649.139,4142659.436,"Silva","NEON_D07_MLBS_DP1_537000_4142000_classified_point_cloud.laz","2018_MLBS_3_537000_4142000_image.tif","Tree",1,537000,537999.999,4142000,4142999.999
"15469",15469,537808.099,537818.977,4142647.068,4142660,"Silva","NEON_D07_MLBS_DP1_537000_4142000_classified_point_cloud.laz","2018_MLBS_3_537000_4142000_image.tif","Tree",1,537000,537999.999,4142000,4142999.999
"15470",15470,537771.513,537781.901,4142646.172,4142655.994,"Silva","NEON_D07_MLBS_DP1_537000_4142000_classified_point_cloud.laz","2018_MLBS_3_537000_4142000_image.tif","Tree",1,537000,537999.999,4142000,4142999.999
"15471",15471,537764.641,537772.982,4142646.006,4142656.494,"Silva","NEON_D07_MLBS_DP1_537000_4142000_classified_point_cloud.laz","2018_MLBS_3_537000_4142000_image.tif","Tree",1,537000,537999.999,4142000,4142999.999
"15472",15472,537794.032,537807.949,4142649.025,4142657.96,"Silva","NEON_D07_MLBS_DP1_537000_4142000_classified_point_cloud.laz","2018_MLBS_3_537000_4142000_image.tif","Tree",1,537000,537999.999,4142000,4142999.999
"15473",15473,537754.531,537764.992,4142642.133,4142654.991,"Silva","NEON_D07_MLBS_DP1_537000_4142000_classified_point_cloud.laz","2018_MLBS_3_537000_4142000_image.tif","Tree",1,537000,537999.999,4142000,4142999.999
"15474",15474,537752.502,537758.994,4142642.544,4142654.495,"Silva","NEON_D07_MLBS_DP1_537000_4142000_classified_point_cloud.laz","2018_MLBS_3_537000_4142000_image.tif","Tree",1,537000,537999.999,4142000,4142999.999
"15475",15475,537746.025,537752.961,4142641.368,4142652.894,"Silva","NEON_D07_MLBS_DP1_537000_4142000_classified_point_cloud.laz","2018_MLBS_3_537000_4142000_image.tif","Tree",1,537000,537999.999,4142000,4142999.999
"15476",15476,537797.507,537809.961,4142643.123,4142650.496,"Silva","NEON_D07_MLBS_DP1_537000_4142000_classified_point_cloud.laz","2018_MLBS_3_537000_4142000_image.tif","Tree",1,537000,537999.999,4142000,4142999.999
"15477",15477,537759.79,537768.861,4142639.725,4142647.457,"Silva","NEON_D07_MLBS_DP1_537000_4142000_classified_point_cloud.laz","2018_MLBS_3_537000_4142000_image.tif","Tree",1,537000,537999.999,4142000,4142999.999
"15478",15478,537774.028,537785.387,4142637.525,4142649.895,"Silva","NEON_D07_MLBS_DP1_537000_4142000_classified_point_cloud.laz","2018_MLBS_3_537000_4142000_image.tif","Tree",1,537000,537999.999,4142000,4142999.999
"15479",15479,537801.001,537810.985,4142636.508,4142646.939,"Silva","NEON_D07_MLBS_DP1_537000_4142000_classified_point_cloud.laz","2018_MLBS_3_537000_4142000_image.tif","Tree",1,537000,537999.999,4142000,4142999.999
"15480",15480,537759.005,537767.965,4142633.004,4142641.471,"Silva","NEON_D07_MLBS_DP1_537000_4142000_classified_point_cloud.laz","2018_MLBS_3_537000_4142000_image.tif","Tree",1,537000,537999.999,4142000,4142999.999
"15481",15481,537783.804,537794.478,4142636.028,4142640.464,"Silva","NEON_D07_MLBS_DP1_537000_4142000_classified_point_cloud.laz","2018_MLBS_3_537000_4142000_image.tif","Tree",1,537000,537999.999,4142000,4142999.999
"15482",15482,537750.011,537759.485,4142633.515,4142639.499,"Silva","NEON_D07_MLBS_DP1_537000_4142000_classified_point_cloud.laz","2018_MLBS_3_537000_4142000_image.tif","Tree",1,537000,537999.999,4142000,4142999.999
"15483",15483,537766.512,537775.483,4142628.24,4142636.487,"Silva","NEON_D07_MLBS_DP1_537000_4142000_classified_point_cloud.laz","2018_MLBS_3_537000_4142000_image.tif","Tree",1,537000,537999.999,4142000,4142999.999
"15484",15484,537749.503,537756.996,4142629.053,4142634.486,"Silva","NEON_D07_MLBS_DP1_537000_4142000_classified_point_cloud.laz","2018_MLBS_3_537000_4142000_image.tif","Tree",1,537000,537999.999,4142000,4142999.999
"15485",15485,537775.543,537784.363,4142628.528,4142637.497,"Silva","NEON_D07_MLBS_DP1_537000_4142000_classified_point_cloud.laz","2018_MLBS_3_537000_4142000_image.tif","Tree",1,537000,537999.999,4142000,4142999.999
"15486",15486,537793.019,537801.388,4142629.501,4142634.494,"Silva","NEON_D07_MLBS_DP1_537000_4142000_classified_point_cloud.laz","2018_MLBS_3_537000_4142000_image.tif","Tree",1,537000,537999.999,4142000,4142999.999
"15487",15487,537806.506,537813.926,4142626.519,4142638.364,"Silva","NEON_D07_MLBS_DP1_537000_4142000_classified_point_cloud.laz","2018_MLBS_3_537000_4142000_image.tif","Tree",1,537000,537999.999,4142000,4142999.999
"15488",15488,537750.545,537759.969,4142621.288,4142629.753,"Silva","NEON_D07_MLBS_DP1_537000_4142000_classified_point_cloud.laz","2018_MLBS_3_537000_4142000_image.tif","Tree",1,537000,537999.999,4142000,4142999.999
"15489",15489,537771.581,537780.289,4142623.53,4142631.924,"Silva","NEON_D07_MLBS_DP1_537000_4142000_classified_point_cloud.laz","2018_MLBS_3_537000_4142000_image.tif","Tree",1,537000,537999.999,4142000,4142999.999
"15490",15490,537791.035,537801.346,4142620.513,4142630.36,"Silva","NEON_D07_MLBS_DP1_537000_4142000_classified_point_cloud.laz","2018_MLBS_3_537000_4142000_image.tif","Tree",1,537000,537999.999,4142000,4142999.999
"15491",15491,537801.54,537809.427,4142622.509,4142629.307,"Silva","NEON_D07_MLBS_DP1_537000_4142000_classified_point_cloud.laz","2018_MLBS_3_537000_4142000_image.tif","Tree",1,537000,537999.999,4142000,4142999.999
"15492",15492,537794.722,537803.383,4142620.015,4142628.407,"Silva","NEON_D07_MLBS_DP1_537000_4142000_classified_point_cloud.laz","2018_MLBS_3_537000_4142000_image.tif","Tree",1,537000,537999.999,4142000,4142999.999
"15493",15493,537784.085,537793.477,4142616.009,4142624.487,"Silva","NEON_D07_MLBS_DP1_537000_4142000_classified_point_cloud.laz","2018_MLBS_3_537000_4142000_image.tif","Tree",1,537000,537999.999,4142000,4142999.999
"15494",15494,537775.595,537783.499,4142615.631,4142622.456,"Silva","NEON_D07_MLBS_DP1_537000_4142000_classified_point_cloud.laz","2018_MLBS_3_537000_4142000_image.tif","Tree",1,537000,537999.999,4142000,4142999.999
"15495",15495,537763.615,537769.8,4142611.506,4142620.458,"Silva","NEON_D07_MLBS_DP1_537000_4142000_classified_point_cloud.laz","2018_MLBS_3_537000_4142000_image.tif","Tree",1,537000,537999.999,4142000,4142999.999
"15496",15496,537755.665,537764.984,4142612.003,4142619.348,"Silva","NEON_D07_MLBS_DP1_537000_4142000_classified_point_cloud.laz","2018_MLBS_3_537000_4142000_image.tif","Tree",1,537000,537999.999,4142000,4142999.999
"15497",15497,537784.047,537790.842,4142609.035,4142616.952,"Silva","NEON_D07_MLBS_DP1_537000_4142000_classified_point_cloud.laz","2018_MLBS_3_537000_4142000_image.tif","Tree",1,537000,537999.999,4142000,4142999.999
"15498",15498,537769.571,537779.482,4142608.222,4142618.98,"Silva","NEON_D07_MLBS_DP1_537000_4142000_classified_point_cloud.laz","2018_MLBS_3_537000_4142000_image.tif","Tree",1,537000,537999.999,4142000,4142999.999
"15499",15499,537854.076,537863.464,4142674.502,4142681.977,"Silva","NEON_D07_MLBS_DP1_537000_4142000_classified_point_cloud.laz","2018_MLBS_3_537000_4142000_image.tif","Tree",1,537000,537999.999,4142000,4142999.999
"15500",15500,537871.575,537881.994,4142670.03,4142682.949,"Silva","NEON_D07_MLBS_DP1_537000_4142000_classified_point_cloud.laz","2018_MLBS_3_537000_4142000_image.tif","Tree",1,537000,537999.999,4142000,4142999.999
"15501",15501,537850.507,537862.904,4142666.054,4142675.447,"Silva","NEON_D07_MLBS_DP1_537000_4142000_classified_point_cloud.laz","2018_MLBS_3_537000_4142000_image.tif","Tree",1,537000,537999.999,4142000,4142999.999
"15502",15502,537858.53,537868.978,4142663.52,4142674.989,"Silva","NEON_D07_MLBS_DP1_537000_4142000_classified_point_cloud.laz","2018_MLBS_3_537000_4142000_image.tif","Tree",1,537000,537999.999,4142000,4142999.999
"15503",15503,537865.047,537875.447,4142659.027,4142669.974,"Silva","NEON_D07_MLBS_DP1_537000_4142000_classified_point_cloud.laz","2018_MLBS_3_537000_4142000_image.tif","Tree",1,537000,537999.999,4142000,4142999.999
"15504",15504,537811.723,537823.49,4142647.051,4142660.415,"Silva","NEON_D07_MLBS_DP1_537000_4142000_classified_point_cloud.laz","2018_MLBS_3_537000_4142000_image.tif","Tree",1,537000,537999.999,4142000,4142999.999
"15505",15505,537825.005,537834.949,4142648.53,4142656.962,"Silva","NEON_D07_MLBS_DP1_537000_4142000_classified_point_cloud.laz","2018_MLBS_3_537000_4142000_image.tif","Tree",1,537000,537999.999,4142000,4142999.999
"15506",15506,537845.513,537854.945,4142646.643,4142655.496,"Silva","NEON_D07_MLBS_DP1_537000_4142000_classified_point_cloud.laz","2018_MLBS_3_537000_4142000_image.tif","Tree",1,537000,537999.999,4142000,4142999.999
"15507",15507,537848.796,537856.499,4142642.558,4142649.983,"Silva","NEON_D07_MLBS_DP1_537000_4142000_classified_point_cloud.laz","2018_MLBS_3_537000_4142000_image.tif","Tree",1,537000,537999.999,4142000,4142999.999
"15508",15508,537832.513,537841.988,4142639.509,4142647.991,"Silva","NEON_D07_MLBS_DP1_537000_4142000_classified_point_cloud.laz","2018_MLBS_3_537000_4142000_image.tif","Tree",1,537000,537999.999,4142000,4142999.999
"15509",15509,537871.031,537880.494,4142642.881,4142650.91,"Silva","NEON_D07_MLBS_DP1_537000_4142000_classified_point_cloud.laz","2018_MLBS_3_537000_4142000_image.tif","Tree",1,537000,537999.999,4142000,4142999.999
"15510",15510,537841.525,537848.862,4142641.047,4142649.495,"Silva","NEON_D07_MLBS_DP1_537000_4142000_classified_point_cloud.laz","2018_MLBS_3_537000_4142000_image.tif","Tree",1,537000,537999.999,4142000,4142999.999
"15511",15511,537810.509,537822.271,4142637.504,4142647.986,"Silva","NEON_D07_MLBS_DP1_537000_4142000_classified_point_cloud.laz","2018_MLBS_3_537000_4142000_image.tif","Tree",1,537000,537999.999,4142000,4142999.999
"15512",15512,537862.055,537871.971,4142636.585,4142647.486,"Silva","NEON_D07_MLBS_DP1_537000_4142000_classified_point_cloud.laz","2018_MLBS_3_537000_4142000_image.tif","Tree",1,537000,537999.999,4142000,4142999.999
"15513",15513,537845.501,537852.467,4142636.511,4142644.89,"Silva","NEON_D07_MLBS_DP1_537000_4142000_classified_point_cloud.laz","2018_MLBS_3_537000_4142000_image.tif","Tree",1,537000,537999.999,4142000,4142999.999
"15514",15514,537869.028,537879.993,4142636.069,4142644.436,"Silva","NEON_D07_MLBS_DP1_537000_4142000_classified_point_cloud.laz","2018_MLBS_3_537000_4142000_image.tif","Tree",1,537000,537999.999,4142000,4142999.999
"15515",15515,537811.598,537821.388,4142630.003,4142637.98,"Silva","NEON_D07_MLBS_DP1_537000_4142000_classified_point_cloud.laz","2018_MLBS_3_537000_4142000_image.tif","Tree",1,537000,537999.999,4142000,4142999.999
"15516",15516,537843.003,537853.424,4142625.595,4142636.49,"Silva","NEON_D07_MLBS_DP1_537000_4142000_classified_point_cloud.laz","2018_MLBS_3_537000_4142000_image.tif","Tree",1,537000,537999.999,4142000,4142999.999
"15517",15517,537869.002,537880.373,4142629.545,4142636.962,"Silva","NEON_D07_MLBS_DP1_537000_4142000_classified_point_cloud.laz","2018_MLBS_3_537000_4142000_image.tif","Tree",1,537000,537999.999,4142000,4142999.999
"15518",15518,537820.507,537827.497,4142625.515,4142633.994,"Silva","NEON_D07_MLBS_DP1_537000_4142000_classified_point_cloud.laz","2018_MLBS_3_537000_4142000_image.tif","Tree",1,537000,537999.999,4142000,4142999.999
"15519",15519,537836.539,537844.86,4142626.084,4142632.497,"Silva","NEON_D07_MLBS_DP1_537000_4142000_classified_point_cloud.laz","2018_MLBS_3_537000_4142000_image.tif","Tree",1,537000,537999.999,4142000,4142999.999
"15520",15520,537846.367,537858.476,4142622.061,4142632.429,"Silva","NEON_D07_MLBS_DP1_537000_4142000_classified_point_cloud.laz","2018_MLBS_3_537000_4142000_image.tif","Tree",1,537000,537999.999,4142000,4142999.999
"15521",15521,537837.509,537845.474,4142621.532,4142627.482,"Silva","NEON_D07_MLBS_DP1_537000_4142000_classified_point_cloud.laz","2018_MLBS_3_537000_4142000_image.tif","Tree",1,537000,537999.999,4142000,4142999.999
"15522",15522,537872.861,537882.375,4142621.398,4142626.991,"Silva","NEON_D07_MLBS_DP1_537000_4142000_classified_point_cloud.laz","2018_MLBS_3_537000_4142000_image.tif","Tree",1,537000,537999.999,4142000,4142999.999
"15523",15523,537857.015,537864.998,4142616.053,4142627.417,"Silva","NEON_D07_MLBS_DP1_537000_4142000_classified_point_cloud.laz","2018_MLBS_3_537000_4142000_image.tif","Tree",1,537000,537999.999,4142000,4142999.999
"15524",15524,537860.803,537870.292,4142614.504,4142621.97,"Silva","NEON_D07_MLBS_DP1_537000_4142000_classified_point_cloud.laz","2018_MLBS_3_537000_4142000_image.tif","Tree",1,537000,537999.999,4142000,4142999.999
"15525",15525,537876.504,537884.945,4142613.548,4142622.872,"Silva","NEON_D07_MLBS_DP1_537000_4142000_classified_point_cloud.laz","2018_MLBS_3_537000_4142000_image.tif","Tree",1,537000,537999.999,4142000,4142999.999
"15526",15526,537870.007,537876.493,4142615.506,4142624.444,"Silva","NEON_D07_MLBS_DP1_537000_4142000_classified_point_cloud.laz","2018_MLBS_3_537000_4142000_image.tif","Tree",1,537000,537999.999,4142000,4142999.999
"15527",15527,537842.008,537851.402,4142611.507,4142618.413,"Silva","NEON_D07_MLBS_DP1_537000_4142000_classified_point_cloud.laz","2018_MLBS_3_537000_4142000_image.tif","Tree",1,537000,537999.999,4142000,4142999.999
"15528",15528,537596.51,537602.999,4142736.035,4142744.982,"Silva","NEON_D07_MLBS_DP1_537000_4142000_classified_point_cloud.laz","2018_MLBS_3_537000_4142000_image.tif","Tree",1,537000,537999.999,4142000,4142999.999
"15529",15529,537573.501,537584.482,4142735.009,4142743.246,"Silva","NEON_D07_MLBS_DP1_537000_4142000_classified_point_cloud.laz","2018_MLBS_3_537000_4142000_image.tif","Tree",1,537000,537999.999,4142000,4142999.999
"15530",15530,537603.037,537611.922,4142740.007,4142747.948,"Silva","NEON_D07_MLBS_DP1_537000_4142000_classified_point_cloud.laz","2018_MLBS_3_537000_4142000_image.tif","Tree",1,537000,537999.999,4142000,4142999.999
"15531",15531,537606.001,537615.395,4142735.047,4142745.457,"Silva","NEON_D07_MLBS_DP1_537000_4142000_classified_point_cloud.laz","2018_MLBS_3_537000_4142000_image.tif","Tree",1,537000,537999.999,4142000,4142999.999
"15532",15532,537598.582,537606.48,4142732.074,4142740.99,"Silva","NEON_D07_MLBS_DP1_537000_4142000_classified_point_cloud.laz","2018_MLBS_3_537000_4142000_image.tif","Tree",1,537000,537999.999,4142000,4142999.999
"15533",15533,537604.231,537616.462,4142693.001,4142706.492,"Silva","NEON_D07_MLBS_DP1_537000_4142000_classified_point_cloud.laz","2018_MLBS_3_537000_4142000_image.tif","Tree",1,537000,537999.999,4142000,4142999.999
"15534",15534,537597.511,537603.994,4142677.074,4142689.748,"Silva","NEON_D07_MLBS_DP1_537000_4142000_classified_point_cloud.laz","2018_MLBS_3_537000_4142000_image.tif","Tree",1,537000,537999.999,4142000,4142999.999
"15535",15535,537602.015,537610.497,4142676.557,4142691.363,"Silva","NEON_D07_MLBS_DP1_537000_4142000_classified_point_cloud.laz","2018_MLBS_3_537000_4142000_image.tif","Tree",1,537000,537999.999,4142000,4142999.999
"15536",15536,537609.502,537619.942,4142678.634,4142687.499,"Silva","NEON_D07_MLBS_DP1_537000_4142000_classified_point_cloud.laz","2018_MLBS_3_537000_4142000_image.tif","Tree",1,537000,537999.999,4142000,4142999.999
"15537",15537,537587.528,537599.927,4142672.522,4142679.942,"Silva","NEON_D07_MLBS_DP1_537000_4142000_classified_point_cloud.laz","2018_MLBS_3_537000_4142000_image.tif","Tree",1,537000,537999.999,4142000,4142999.999
"15538",15538,537608,537616.897,4142706.083,4142714.981,"Silva","NEON_D07_MLBS_DP1_537000_4142000_classified_point_cloud.laz","2018_MLBS_3_537000_4142000_image.tif","Tree",1,537000,537999.999,4142000,4142999.999
"15539",15539,537574.518,537583.907,4142713.509,4142719.996,"Silva","NEON_D07_MLBS_DP1_537000_4142000_classified_point_cloud.laz","2018_MLBS_3_537000_4142000_image.tif","Tree",1,537000,537999.999,4142000,4142999.999
"15540",15540,537593.028,537603.996,4142719.61,4142729.499,"Silva","NEON_D07_MLBS_DP1_537000_4142000_classified_point_cloud.laz","2018_MLBS_3_537000_4142000_image.tif","Tree",1,537000,537999.999,4142000,4142999.999
"15541",15541,537602.527,537613.481,4142721.501,4142732.998,"Silva","NEON_D07_MLBS_DP1_537000_4142000_classified_point_cloud.laz","2018_MLBS_3_537000_4142000_image.tif","Tree",1,537000,537999.999,4142000,4142999.999
"15542",15542,537537.524,537550.832,4142775.536,4142787.981,"Silva","NEON_D07_MLBS_DP1_537000_4142000_classified_point_cloud.laz","2018_MLBS_3_537000_4142000_image.tif","Tree",1,537000,537999.999,4142000,4142999.999
"15543",15543,537559.51,537569.86,4142802.671,4142810.972,"Silva","NEON_D07_MLBS_DP1_537000_4142000_classified_point_cloud.laz","2018_MLBS_3_537000_4142000_image.tif","Tree",1,537000,537999.999,4142000,4142999.999
"15544",15544,537553.535,537560.498,4142803.029,4142809.966,"Silva","NEON_D07_MLBS_DP1_537000_4142000_classified_point_cloud.laz","2018_MLBS_3_537000_4142000_image.tif","Tree",1,537000,537999.999,4142000,4142999.999
"15545",15545,537551.008,537557.473,4142798.156,4142805.486,"Silva","NEON_D07_MLBS_DP1_537000_4142000_classified_point_cloud.laz","2018_MLBS_3_537000_4142000_image.tif","Tree",1,537000,537999.999,4142000,4142999.999
"15546",15546,537574.008,537579.498,4142801.553,4142808.953,"Silva","NEON_D07_MLBS_DP1_537000_4142000_classified_point_cloud.laz","2018_MLBS_3_537000_4142000_image.tif","Tree",1,537000,537999.999,4142000,4142999.999
"15547",15547,537568.066,537574.902,4142801.704,4142811.473,"Silva","NEON_D07_MLBS_DP1_537000_4142000_classified_point_cloud.laz","2018_MLBS_3_537000_4142000_image.tif","Tree",1,537000,537999.999,4142000,4142999.999
"15548",15548,537598.005,537608.989,4142800.029,4142809.5,"Silva","NEON_D07_MLBS_DP1_537000_4142000_classified_point_cloud.laz","2018_MLBS_3_537000_4142000_image.tif","Tree",1,537000,537999.999,4142000,4142999.999
"15549",15549,537577.624,537584.638,4142801.516,4142807.461,"Silva","NEON_D07_MLBS_DP1_537000_4142000_classified_point_cloud.laz","2018_MLBS_3_537000_4142000_image.tif","Tree",1,537000,537999.999,4142000,4142999.999
"15550",15550,537553.078,537562.998,4142796.09,4142803.913,"Silva","NEON_D07_MLBS_DP1_537000_4142000_classified_point_cloud.laz","2018_MLBS_3_537000_4142000_image.tif","Tree",1,537000,537999.999,4142000,4142999.999
"15551",15551,537568.016,537574.973,4142798.027,4142803.932,"Silva","NEON_D07_MLBS_DP1_537000_4142000_classified_point_cloud.laz","2018_MLBS_3_537000_4142000_image.tif","Tree",1,537000,537999.999,4142000,4142999.999
"15552",15552,537608.044,537616.499,4142797.507,4142810.477,"Silva","NEON_D07_MLBS_DP1_537000_4142000_classified_point_cloud.laz","2018_MLBS_3_537000_4142000_image.tif","Tree",1,537000,537999.999,4142000,4142999.999
"15553",15553,537591.2,537600.407,4142799.017,4142807.924,"Silva","NEON_D07_MLBS_DP1_537000_4142000_classified_point_cloud.laz","2018_MLBS_3_537000_4142000_image.tif","Tree",1,537000,537999.999,4142000,4142999.999
"15554",15554,537613.056,537620.48,4142796.519,4142807.497,"Silva","NEON_D07_MLBS_DP1_537000_4142000_classified_point_cloud.laz","2018_MLBS_3_537000_4142000_image.tif","Tree",1,537000,537999.999,4142000,4142999.999
"15555",15555,537587.014,537591.984,4142793.066,4142803.862,"Silva","NEON_D07_MLBS_DP1_537000_4142000_classified_point_cloud.laz","2018_MLBS_3_537000_4142000_image.tif","Tree",1,537000,537999.999,4142000,4142999.999
"15556",15556,537572.006,537575.332,4142794.094,4142798.836,"Silva","NEON_D07_MLBS_DP1_537000_4142000_classified_point_cloud.laz","2018_MLBS_3_537000_4142000_image.tif","Tree",1,537000,537999.999,4142000,4142999.999
"15557",15557,537567.019,537571.999,4142791.099,4142798.474,"Silva","NEON_D07_MLBS_DP1_537000_4142000_classified_point_cloud.laz","2018_MLBS_3_537000_4142000_image.tif","Tree",1,537000,537999.999,4142000,4142999.999
"15558",15558,537581.531,537588.992,4142795.013,4142799.109,"Silva","NEON_D07_MLBS_DP1_537000_4142000_classified_point_cloud.laz","2018_MLBS_3_537000_4142000_image.tif","Tree",1,537000,537999.999,4142000,4142999.999
"15559",15559,537559.534,537567.449,4142790.571,4142798.474,"Silva","NEON_D07_MLBS_DP1_537000_4142000_classified_point_cloud.laz","2018_MLBS_3_537000_4142000_image.tif","Tree",1,537000,537999.999,4142000,4142999.999
"15560",15560,537598.603,537608.496,4142794.028,4142802.993,"Silva","NEON_D07_MLBS_DP1_537000_4142000_classified_point_cloud.laz","2018_MLBS_3_537000_4142000_image.tif","Tree",1,537000,537999.999,4142000,4142999.999
"15561",15561,537591.503,537602.984,4142786.033,4142794.999,"Silva","NEON_D07_MLBS_DP1_537000_4142000_classified_point_cloud.laz","2018_MLBS_3_537000_4142000_image.tif","Tree",1,537000,537999.999,4142000,4142999.999
"15562",15562,537602.511,537611.398,4142785.016,4142798.767,"Silva","NEON_D07_MLBS_DP1_537000_4142000_classified_point_cloud.laz","2018_MLBS_3_537000_4142000_image.tif","Tree",1,537000,537999.999,4142000,4142999.999
"15563",15563,537607.011,537617.48,4142782.734,4142797.471,"Silva","NEON_D07_MLBS_DP1_537000_4142000_classified_point_cloud.laz","2018_MLBS_3_537000_4142000_image.tif","Tree",1,537000,537999.999,4142000,4142999.999
"15564",15564,537579.522,537591.829,4142779.741,4142788.963,"Silva","NEON_D07_MLBS_DP1_537000_4142000_classified_point_cloud.laz","2018_MLBS_3_537000_4142000_image.tif","Tree",1,537000,537999.999,4142000,4142999.999
"15565",15565,537560.086,537568.951,4142774.084,4142783.5,"Silva","NEON_D07_MLBS_DP1_537000_4142000_classified_point_cloud.laz","2018_MLBS_3_537000_4142000_image.tif","Tree",1,537000,537999.999,4142000,4142999.999
"15566",15566,537576.149,537584.48,4142777.005,4142785.913,"Silva","NEON_D07_MLBS_DP1_537000_4142000_classified_point_cloud.laz","2018_MLBS_3_537000_4142000_image.tif","Tree",1,537000,537999.999,4142000,4142999.999
"15567",15567,537568.505,537575.958,4142776.151,4142784.491,"Silva","NEON_D07_MLBS_DP1_537000_4142000_classified_point_cloud.laz","2018_MLBS_3_537000_4142000_image.tif","Tree",1,537000,537999.999,4142000,4142999.999
"15568",15568,537595.287,537607.997,4142778.044,4142786.99,"Silva","NEON_D07_MLBS_DP1_537000_4142000_classified_point_cloud.laz","2018_MLBS_3_537000_4142000_image.tif","Tree",1,537000,537999.999,4142000,4142999.999
"15569",15569,537575.031,537581.994,4142774.011,4142781.987,"Silva","NEON_D07_MLBS_DP1_537000_4142000_classified_point_cloud.laz","2018_MLBS_3_537000_4142000_image.tif","Tree",1,537000,537999.999,4142000,4142999.999
"15570",15570,537584.062,537590.997,4142774.52,4142784.484,"Silva","NEON_D07_MLBS_DP1_537000_4142000_classified_point_cloud.laz","2018_MLBS_3_537000_4142000_image.tif","Tree",1,537000,537999.999,4142000,4142999.999
"15571",15571,537591.004,537597.96,4142776.003,4142786.042,"Silva","NEON_D07_MLBS_DP1_537000_4142000_classified_point_cloud.laz","2018_MLBS_3_537000_4142000_image.tif","Tree",1,537000,537999.999,4142000,4142999.999
"15572",15572,537566.01,537573.497,4142765.514,4142776.94,"Silva","NEON_D07_MLBS_DP1_537000_4142000_classified_point_cloud.laz","2018_MLBS_3_537000_4142000_image.tif","Tree",1,537000,537999.999,4142000,4142999.999
"15573",15573,537586.5,537592.47,4142771.022,4142778.378,"Silva","NEON_D07_MLBS_DP1_537000_4142000_classified_point_cloud.laz","2018_MLBS_3_537000_4142000_image.tif","Tree",1,537000,537999.999,4142000,4142999.999
"15574",15574,537572.112,537578.975,4142768.032,4142776.371,"Silva","NEON_D07_MLBS_DP1_537000_4142000_classified_point_cloud.laz","2018_MLBS_3_537000_4142000_image.tif","Tree",1,537000,537999.999,4142000,4142999.999
"15575",15575,537610.589,537621.497,4142770.502,4142784.904,"Silva","NEON_D07_MLBS_DP1_537000_4142000_classified_point_cloud.laz","2018_MLBS_3_537000_4142000_image.tif","Tree",1,537000,537999.999,4142000,4142999.999
"15576",15576,537597.739,537604.998,4142770.004,4142779.468,"Silva","NEON_D07_MLBS_DP1_537000_4142000_classified_point_cloud.laz","2018_MLBS_3_537000_4142000_image.tif","Tree",1,537000,537999.999,4142000,4142999.999
"15577",15577,537579.007,537587.49,4142768.01,4142777.322,"Silva","NEON_D07_MLBS_DP1_537000_4142000_classified_point_cloud.laz","2018_MLBS_3_537000_4142000_image.tif","Tree",1,537000,537999.999,4142000,4142999.999
"15578",15578,537604.014,537613.495,4142770.528,4142782.986,"Silva","NEON_D07_MLBS_DP1_537000_4142000_classified_point_cloud.laz","2018_MLBS_3_537000_4142000_image.tif","Tree",1,537000,537999.999,4142000,4142999.999
"15579",15579,537590.037,537599.383,4142768.009,4142775.997,"Silva","NEON_D07_MLBS_DP1_537000_4142000_classified_point_cloud.laz","2018_MLBS_3_537000_4142000_image.tif","Tree",1,537000,537999.999,4142000,4142999.999
"15580",15580,537570.599,537583.46,4142763.041,4142770.481,"Silva","NEON_D07_MLBS_DP1_537000_4142000_classified_point_cloud.laz","2018_MLBS_3_537000_4142000_image.tif","Tree",1,537000,537999.999,4142000,4142999.999
"15581",15581,537589.009,537596.496,4142762.003,4142769.885,"Silva","NEON_D07_MLBS_DP1_537000_4142000_classified_point_cloud.laz","2018_MLBS_3_537000_4142000_image.tif","Tree",1,537000,537999.999,4142000,4142999.999
"15582",15582,537582.523,537589.98,4142758.524,4142766.234,"Silva","NEON_D07_MLBS_DP1_537000_4142000_classified_point_cloud.laz","2018_MLBS_3_537000_4142000_image.tif","Tree",1,537000,537999.999,4142000,4142999.999
"15583",15583,537568.657,537577.476,4142755.007,4142765.882,"Silva","NEON_D07_MLBS_DP1_537000_4142000_classified_point_cloud.laz","2018_MLBS_3_537000_4142000_image.tif","Tree",1,537000,537999.999,4142000,4142999.999
"15584",15584,537580.53,537586.48,4142756.003,4142764.443,"Silva","NEON_D07_MLBS_DP1_537000_4142000_classified_point_cloud.laz","2018_MLBS_3_537000_4142000_image.tif","Tree",1,537000,537999.999,4142000,4142999.999
"15585",15585,537608.381,537620.961,4142755.512,4142770.465,"Silva","NEON_D07_MLBS_DP1_537000_4142000_classified_point_cloud.laz","2018_MLBS_3_537000_4142000_image.tif","Tree",1,537000,537999.999,4142000,4142999.999
"15586",15586,537586.513,537594.976,4142753.011,4142762.496,"Silva","NEON_D07_MLBS_DP1_537000_4142000_classified_point_cloud.laz","2018_MLBS_3_537000_4142000_image.tif","Tree",1,537000,537999.999,4142000,4142999.999
"15587",15587,537596.044,537607.965,4142754.042,4142762.487,"Silva","NEON_D07_MLBS_DP1_537000_4142000_classified_point_cloud.laz","2018_MLBS_3_537000_4142000_image.tif","Tree",1,537000,537999.999,4142000,4142999.999
"15588",15588,537591.536,537601.425,4142751.52,4142762.427,"Silva","NEON_D07_MLBS_DP1_537000_4142000_classified_point_cloud.laz","2018_MLBS_3_537000_4142000_image.tif","Tree",1,537000,537999.999,4142000,4142999.999
"15589",15589,537571.532,537579.992,4142747.51,4142755.473,"Silva","NEON_D07_MLBS_DP1_537000_4142000_classified_point_cloud.laz","2018_MLBS_3_537000_4142000_image.tif","Tree",1,537000,537999.999,4142000,4142999.999
"15590",15590,537605.025,537620.472,4142745.143,4142758.985,"Silva","NEON_D07_MLBS_DP1_537000_4142000_classified_point_cloud.laz","2018_MLBS_3_537000_4142000_image.tif","Tree",1,537000,537999.999,4142000,4142999.999
"15591",15591,537571.077,537582.995,4142741.501,4142748.367,"Silva","NEON_D07_MLBS_DP1_537000_4142000_classified_point_cloud.laz","2018_MLBS_3_537000_4142000_image.tif","Tree",1,537000,537999.999,4142000,4142999.999
"15592",15592,537500.005,537509.894,4142730.519,4142745.988,"Silva","NEON_D07_MLBS_DP1_537000_4142000_classified_point_cloud.laz","2018_MLBS_3_537000_4142000_image.tif","Tree",1,537000,537999.999,4142000,4142999.999
"15593",15593,537526.003,537545.498,4142727.007,4142741.482,"Silva","NEON_D07_MLBS_DP1_537000_4142000_classified_point_cloud.laz","2018_MLBS_3_537000_4142000_image.tif","Tree",1,537000,537999.999,4142000,4142999.999
"15594",15594,537522.649,537532.817,4142725.512,4142731.497,"Silva","NEON_D07_MLBS_DP1_537000_4142000_classified_point_cloud.laz","2018_MLBS_3_537000_4142000_image.tif","Tree",1,537000,537999.999,4142000,4142999.999
"15595",15595,537538.523,537550.49,4142701.502,4142707.967,"Silva","NEON_D07_MLBS_DP1_537000_4142000_classified_point_cloud.laz","2018_MLBS_3_537000_4142000_image.tif","Tree",1,537000,537999.999,4142000,4142999.999
"15596",15596,537524.392,537534.499,4142695.058,4142707.305,"Silva","NEON_D07_MLBS_DP1_537000_4142000_classified_point_cloud.laz","2018_MLBS_3_537000_4142000_image.tif","Tree",1,537000,537999.999,4142000,4142999.999
"15597",15597,537526.521,537534.494,4142679.672,4142687.495,"Silva","NEON_D07_MLBS_DP1_537000_4142000_classified_point_cloud.laz","2018_MLBS_3_537000_4142000_image.tif","Tree",1,537000,537999.999,4142000,4142999.999
"15598",15598,537527.003,537537.48,4142671.08,4142683.435,"Silva","NEON_D07_MLBS_DP1_537000_4142000_classified_point_cloud.laz","2018_MLBS_3_537000_4142000_image.tif","Tree",1,537000,537999.999,4142000,4142999.999
"15599",15599,537519.522,537528.827,4142671.505,4142680.498,"Silva","NEON_D07_MLBS_DP1_537000_4142000_classified_point_cloud.laz","2018_MLBS_3_537000_4142000_image.tif","Tree",1,537000,537999.999,4142000,4142999.999
"15600",15600,537548.232,537555.962,4142676.538,4142685.852,"Silva","NEON_D07_MLBS_DP1_537000_4142000_classified_point_cloud.laz","2018_MLBS_3_537000_4142000_image.tif","Tree",1,537000,537999.999,4142000,4142999.999
"15601",15601,537545.034,537551.98,4142674.051,4142682.993,"Silva","NEON_D07_MLBS_DP1_537000_4142000_classified_point_cloud.laz","2018_MLBS_3_537000_4142000_image.tif","Tree",1,537000,537999.999,4142000,4142999.999
"15602",15602,537503.077,537509.988,4142698.008,4142707.997,"Silva","NEON_D07_MLBS_DP1_537000_4142000_classified_point_cloud.laz","2018_MLBS_3_537000_4142000_image.tif","Tree",1,537000,537999.999,4142000,4142999.999
"15603",15603,537512.01,537518.989,4142701.585,4142712.782,"Silva","NEON_D07_MLBS_DP1_537000_4142000_classified_point_cloud.laz","2018_MLBS_3_537000_4142000_image.tif","Tree",1,537000,537999.999,4142000,4142999.999
"15604",15604,537541.01,537550.977,4142711.502,4142726.992,"Silva","NEON_D07_MLBS_DP1_537000_4142000_classified_point_cloud.laz","2018_MLBS_3_537000_4142000_image.tif","Tree",1,537000,537999.999,4142000,4142999.999
"15605",15605,537560.076,537568.985,4142733.013,4142740.988,"Silva","NEON_D07_MLBS_DP1_537000_4142000_classified_point_cloud.laz","2018_MLBS_3_537000_4142000_image.tif","Tree",1,537000,537999.999,4142000,4142999.999
"15606",15606,537565.532,537573.902,4142733.081,4142746.321,"Silva","NEON_D07_MLBS_DP1_537000_4142000_classified_point_cloud.laz","2018_MLBS_3_537000_4142000_image.tif","Tree",1,537000,537999.999,4142000,4142999.999
"15607",15607,537552.044,537566.952,4142732.007,4142740.474,"Silva","NEON_D07_MLBS_DP1_537000_4142000_classified_point_cloud.laz","2018_MLBS_3_537000_4142000_image.tif","Tree",1,537000,537999.999,4142000,4142999.999
"15608",15608,537551.101,537563.487,4142724.561,4142732.958,"Silva","NEON_D07_MLBS_DP1_537000_4142000_classified_point_cloud.laz","2018_MLBS_3_537000_4142000_image.tif","Tree",1,537000,537999.999,4142000,4142999.999
"15609",15609,537571.516,537577.626,4142698.136,4142709.399,"Silva","NEON_D07_MLBS_DP1_537000_4142000_classified_point_cloud.laz","2018_MLBS_3_537000_4142000_image.tif","Tree",1,537000,537999.999,4142000,4142999.999
"15610",15610,537561.558,537571.809,4142693.146,4142702.479,"Silva","NEON_D07_MLBS_DP1_537000_4142000_classified_point_cloud.laz","2018_MLBS_3_537000_4142000_image.tif","Tree",1,537000,537999.999,4142000,4142999.999
"15611",15611,537565.505,537576.442,4142679.784,4142688.478,"Silva","NEON_D07_MLBS_DP1_537000_4142000_classified_point_cloud.laz","2018_MLBS_3_537000_4142000_image.tif","Tree",1,537000,537999.999,4142000,4142999.999
"15612",15612,537555.001,537565.265,4142675.258,4142681.998,"Silva","NEON_D07_MLBS_DP1_537000_4142000_classified_point_cloud.laz","2018_MLBS_3_537000_4142000_image.tif","Tree",1,537000,537999.999,4142000,4142999.999
"15613",15613,537567.045,537575.972,4142677.001,4142681.893,"Silva","NEON_D07_MLBS_DP1_537000_4142000_classified_point_cloud.laz","2018_MLBS_3_537000_4142000_image.tif","Tree",1,537000,537999.999,4142000,4142999.999
"15614",15614,537544.593,537556.99,4142718.538,4142732.977,"Silva","NEON_D07_MLBS_DP1_537000_4142000_classified_point_cloud.laz","2018_MLBS_3_537000_4142000_image.tif","Tree",1,537000,537999.999,4142000,4142999.999
"15615",15615,537529.009,537535.483,4142802.005,4142811.998,"Silva","NEON_D07_MLBS_DP1_537000_4142000_classified_point_cloud.laz","2018_MLBS_3_537000_4142000_image.tif","Tree",1,537000,537999.999,4142000,4142999.999
"15616",15616,537502.033,537513.476,4142794.503,4142809.926,"Silva","NEON_D07_MLBS_DP1_537000_4142000_classified_point_cloud.laz","2018_MLBS_3_537000_4142000_image.tif","Tree",1,537000,537999.999,4142000,4142999.999
"15617",15617,537542.003,537550.993,4142801.039,4142808.407,"Silva","NEON_D07_MLBS_DP1_537000_4142000_classified_point_cloud.laz","2018_MLBS_3_537000_4142000_image.tif","Tree",1,537000,537999.999,4142000,4142999.999
"15618",15618,537542.163,537552.486,4142795.565,4142802.44,"Silva","NEON_D07_MLBS_DP1_537000_4142000_classified_point_cloud.laz","2018_MLBS_3_537000_4142000_image.tif","Tree",1,537000,537999.999,4142000,4142999.999
"15619",15619,537537.022,537547.787,4142788.506,4142802.421,"Silva","NEON_D07_MLBS_DP1_537000_4142000_classified_point_cloud.laz","2018_MLBS_3_537000_4142000_image.tif","Tree",1,537000,537999.999,4142000,4142999.999
"15620",15620,537520.026,537532.907,4142789.508,4142798.963,"Silva","NEON_D07_MLBS_DP1_537000_4142000_classified_point_cloud.laz","2018_MLBS_3_537000_4142000_image.tif","Tree",1,537000,537999.999,4142000,4142999.999
"15621",15621,537539.001,537551.738,4142786.009,4142795.478,"Silva","NEON_D07_MLBS_DP1_537000_4142000_classified_point_cloud.laz","2018_MLBS_3_537000_4142000_image.tif","Tree",1,537000,537999.999,4142000,4142999.999
"15622",15622,537513.501,537524.448,4142782.638,4142794.449,"Silva","NEON_D07_MLBS_DP1_537000_4142000_classified_point_cloud.laz","2018_MLBS_3_537000_4142000_image.tif","Tree",1,537000,537999.999,4142000,4142999.999
"15623",15623,537501.008,537513.476,4142782.011,4142793.953,"Silva","NEON_D07_MLBS_DP1_537000_4142000_classified_point_cloud.laz","2018_MLBS_3_537000_4142000_image.tif","Tree",1,537000,537999.999,4142000,4142999.999
"15624",15624,537521.021,537527.488,4142781.028,4142789.489,"Silva","NEON_D07_MLBS_DP1_537000_4142000_classified_point_cloud.laz","2018_MLBS_3_537000_4142000_image.tif","Tree",1,537000,537999.999,4142000,4142999.999
"15625",15625,537499.138,537506.935,4142778.077,4142785.167,"Silva","NEON_D07_MLBS_DP1_537000_4142000_classified_point_cloud.laz","2018_MLBS_3_537000_4142000_image.tif","Tree",1,537000,537999.999,4142000,4142999.999
"15626",15626,537510.526,537521.749,4142775.521,4142786.867,"Silva","NEON_D07_MLBS_DP1_537000_4142000_classified_point_cloud.laz","2018_MLBS_3_537000_4142000_image.tif","Tree",1,537000,537999.999,4142000,4142999.999
"15627",15627,537503.527,537511.493,4142773.035,4142781.981,"Silva","NEON_D07_MLBS_DP1_537000_4142000_classified_point_cloud.laz","2018_MLBS_3_537000_4142000_image.tif","Tree",1,537000,537999.999,4142000,4142999.999
"15628",15628,537498.038,537503.926,4142770.78,4142780.36,"Silva","NEON_D07_MLBS_DP1_537000_4142000_classified_point_cloud.laz","2018_MLBS_3_537000_4142000_image.tif","Tree",1,537000,537999.999,4142000,4142999.999
"15629",15629,537522.632,537533.757,4142772.638,4142782.465,"Silva","NEON_D07_MLBS_DP1_537000_4142000_classified_point_cloud.laz","2018_MLBS_3_537000_4142000_image.tif","Tree",1,537000,537999.999,4142000,4142999.999
"15630",15630,537520.523,537531.956,4142771.533,4142780.937,"Silva","NEON_D07_MLBS_DP1_537000_4142000_classified_point_cloud.laz","2018_MLBS_3_537000_4142000_image.tif","Tree",1,537000,537999.999,4142000,4142999.999
"15631",15631,537537.562,537551.483,4142773.006,4142780.458,"Silva","NEON_D07_MLBS_DP1_537000_4142000_classified_point_cloud.laz","2018_MLBS_3_537000_4142000_image.tif","Tree",1,537000,537999.999,4142000,4142999.999
"15632",15632,537515.022,537522.488,4142769.036,4142776.364,"Silva","NEON_D07_MLBS_DP1_537000_4142000_classified_point_cloud.laz","2018_MLBS_3_537000_4142000_image.tif","Tree",1,537000,537999.999,4142000,4142999.999
"15633",15633,537499.523,537510.942,4142760.528,4142773.495,"Silva","NEON_D07_MLBS_DP1_537000_4142000_classified_point_cloud.laz","2018_MLBS_3_537000_4142000_image.tif","Tree",1,537000,537999.999,4142000,4142999.999
"15634",15634,537509.507,537515.994,4142759.537,4142770.976,"Silva","NEON_D07_MLBS_DP1_537000_4142000_classified_point_cloud.laz","2018_MLBS_3_537000_4142000_image.tif","Tree",1,537000,537999.999,4142000,4142999.999
"15635",15635,537548.029,537553.493,4142766.566,4142778.951,"Silva","NEON_D07_MLBS_DP1_537000_4142000_classified_point_cloud.laz","2018_MLBS_3_537000_4142000_image.tif","Tree",1,537000,537999.999,4142000,4142999.999
"15636",15636,537520.57,537531.444,4142760.821,4142772.487,"Silva","NEON_D07_MLBS_DP1_537000_4142000_classified_point_cloud.laz","2018_MLBS_3_537000_4142000_image.tif","Tree",1,537000,537999.999,4142000,4142999.999
"15637",15637,537539.503,537550.482,4142763.047,4142772.979,"Silva","NEON_D07_MLBS_DP1_537000_4142000_classified_point_cloud.laz","2018_MLBS_3_537000_4142000_image.tif","Tree",1,537000,537999.999,4142000,4142999.999
"15638",15638,537497.68,537506.499,4142745.501,4142760.956,"Silva","NEON_D07_MLBS_DP1_537000_4142000_classified_point_cloud.laz","2018_MLBS_3_537000_4142000_image.tif","Tree",1,537000,537999.999,4142000,4142999.999
"15639",15639,537512.005,537525.485,4142750.514,4142761.649,"Silva","NEON_D07_MLBS_DP1_537000_4142000_classified_point_cloud.laz","2018_MLBS_3_537000_4142000_image.tif","Tree",1,537000,537999.999,4142000,4142999.999
"15640",15640,537503.563,537512.995,4142746.009,4142760.494,"Silva","NEON_D07_MLBS_DP1_537000_4142000_classified_point_cloud.laz","2018_MLBS_3_537000_4142000_image.tif","Tree",1,537000,537999.999,4142000,4142999.999
"15641",15641,537542.02,537549.396,4142752.062,4142761.604,"Silva","NEON_D07_MLBS_DP1_537000_4142000_classified_point_cloud.laz","2018_MLBS_3_537000_4142000_image.tif","Tree",1,537000,537999.999,4142000,4142999.999
"15642",15642,537540.545,537546.498,4142748.505,4142756.226,"Silva","NEON_D07_MLBS_DP1_537000_4142000_classified_point_cloud.laz","2018_MLBS_3_537000_4142000_image.tif","Tree",1,537000,537999.999,4142000,4142999.999
"15643",15643,537525.526,537535.499,4142747.008,4142754.668,"Silva","NEON_D07_MLBS_DP1_537000_4142000_classified_point_cloud.laz","2018_MLBS_3_537000_4142000_image.tif","Tree",1,537000,537999.999,4142000,4142999.999
"15644",15644,537537.58,537544.442,4142748.504,4142752.467,"Silva","NEON_D07_MLBS_DP1_537000_4142000_classified_point_cloud.laz","2018_MLBS_3_537000_4142000_image.tif","Tree",1,537000,537999.999,4142000,4142999.999
"15645",15645,537519.018,537527.924,4142742.015,4142750.972,"Silva","NEON_D07_MLBS_DP1_537000_4142000_classified_point_cloud.laz","2018_MLBS_3_537000_4142000_image.tif","Tree",1,537000,537999.999,4142000,4142999.999
"15646",15646,537537.092,537547.495,4142734.187,4142748.499,"Silva","NEON_D07_MLBS_DP1_537000_4142000_classified_point_cloud.laz","2018_MLBS_3_537000_4142000_image.tif","Tree",1,537000,537999.999,4142000,4142999.999
"15647",15647,537524.002,537533.967,4142737.634,4142748.421,"Silva","NEON_D07_MLBS_DP1_537000_4142000_classified_point_cloud.laz","2018_MLBS_3_537000_4142000_image.tif","Tree",1,537000,537999.999,4142000,4142999.999
"15648",15648,537563.017,537570.466,4142783.051,4142791.966,"Silva","NEON_D07_MLBS_DP1_537000_4142000_classified_point_cloud.laz","2018_MLBS_3_537000_4142000_image.tif","Tree",1,537000,537999.999,4142000,4142999.999
"15649",15649,537550.538,537561.937,4142777.507,4142787.975,"Silva","NEON_D07_MLBS_DP1_537000_4142000_classified_point_cloud.laz","2018_MLBS_3_537000_4142000_image.tif","Tree",1,537000,537999.999,4142000,4142999.999
"15650",15650,537558,537566.969,4142766.012,4142777.994,"Silva","NEON_D07_MLBS_DP1_537000_4142000_classified_point_cloud.laz","2018_MLBS_3_537000_4142000_image.tif","Tree",1,537000,537999.999,4142000,4142999.999
"15651",15651,537547.502,537554.991,4142754.553,4142760.488,"Silva","NEON_D07_MLBS_DP1_537000_4142000_classified_point_cloud.laz","2018_MLBS_3_537000_4142000_image.tif","Tree",1,537000,537999.999,4142000,4142999.999
"15652",15652,537565.15,537574.483,4142754.025,4142765.499,"Silva","NEON_D07_MLBS_DP1_537000_4142000_classified_point_cloud.laz","2018_MLBS_3_537000_4142000_image.tif","Tree",1,537000,537999.999,4142000,4142999.999
"15653",15653,537565.513,537573.836,4142747.103,4142755.488,"Silva","NEON_D07_MLBS_DP1_537000_4142000_classified_point_cloud.laz","2018_MLBS_3_537000_4142000_image.tif","Tree",1,537000,537999.999,4142000,4142999.999
"15654",15654,537553.02,537561.942,4142746.011,4142752.46,"Silva","NEON_D07_MLBS_DP1_537000_4142000_classified_point_cloud.laz","2018_MLBS_3_537000_4142000_image.tif","Tree",1,537000,537999.999,4142000,4142999.999
"15655",15655,537547.515,537558.478,4142742.584,4142749.092,"Silva","NEON_D07_MLBS_DP1_537000_4142000_classified_point_cloud.laz","2018_MLBS_3_537000_4142000_image.tif","Tree",1,537000,537999.999,4142000,4142999.999
"15656",15656,537545.519,537559.998,4142732.501,4142745.983,"Silva","NEON_D07_MLBS_DP1_537000_4142000_classified_point_cloud.laz","2018_MLBS_3_537000_4142000_image.tif","Tree",1,537000,537999.999,4142000,4142999.999
"15657",15657,537559.613,537570.773,4142741.026,4142749.485,"Silva","NEON_D07_MLBS_DP1_537000_4142000_classified_point_cloud.laz","2018_MLBS_3_537000_4142000_image.tif","Tree",1,537000,537999.999,4142000,4142999.999
"15658",15658,537541.578,537554.494,4142832.03,4142842.999,"Silva","NEON_D07_MLBS_DP1_537000_4142000_classified_point_cloud.laz","2018_MLBS_3_537000_4142000_image.tif","Tree",1,537000,537999.999,4142000,4142999.999
"15659",15659,537543,537549.996,4142842.546,4142852.495,"Silva","NEON_D07_MLBS_DP1_537000_4142000_classified_point_cloud.laz","2018_MLBS_3_537000_4142000_image.tif","Tree",1,537000,537999.999,4142000,4142999.999
"15660",15660,537569.019,537579.966,4142861.532,4142873.488,"Silva","NEON_D07_MLBS_DP1_537000_4142000_classified_point_cloud.laz","2018_MLBS_3_537000_4142000_image.tif","Tree",1,537000,537999.999,4142000,4142999.999
"15661",15661,537586.507,537594.991,4142866.501,4142874.437,"Silva","NEON_D07_MLBS_DP1_537000_4142000_classified_point_cloud.laz","2018_MLBS_3_537000_4142000_image.tif","Tree",1,537000,537999.999,4142000,4142999.999
"15662",15662,537578.521,537587.984,4142861.879,4142871.944,"Silva","NEON_D07_MLBS_DP1_537000_4142000_classified_point_cloud.laz","2018_MLBS_3_537000_4142000_image.tif","Tree",1,537000,537999.999,4142000,4142999.999
"15663",15663,537586.027,537595.928,4142858.573,4142866.474,"Silva","NEON_D07_MLBS_DP1_537000_4142000_classified_point_cloud.laz","2018_MLBS_3_537000_4142000_image.tif","Tree",1,537000,537999.999,4142000,4142999.999
"15664",15664,537604.557,537610.497,4142860.149,4142868.991,"Silva","NEON_D07_MLBS_DP1_537000_4142000_classified_point_cloud.laz","2018_MLBS_3_537000_4142000_image.tif","Tree",1,537000,537999.999,4142000,4142999.999
"15665",15665,537610.003,537618.978,4142859.508,4142867.777,"Silva","NEON_D07_MLBS_DP1_537000_4142000_classified_point_cloud.laz","2018_MLBS_3_537000_4142000_image.tif","Tree",1,537000,537999.999,4142000,4142999.999
"15666",15666,537599.01,537605.96,4142857.064,4142865.991,"Silva","NEON_D07_MLBS_DP1_537000_4142000_classified_point_cloud.laz","2018_MLBS_3_537000_4142000_image.tif","Tree",1,537000,537999.999,4142000,4142999.999
"15667",15667,537588.521,537598.468,4142805.587,4142815.994,"Silva","NEON_D07_MLBS_DP1_537000_4142000_classified_point_cloud.laz","2018_MLBS_3_537000_4142000_image.tif","Tree",1,537000,537999.999,4142000,4142999.999
"15668",15668,537611.539,537621.996,4142807.501,4142818.464,"Silva","NEON_D07_MLBS_DP1_537000_4142000_classified_point_cloud.laz","2018_MLBS_3_537000_4142000_image.tif","Tree",1,537000,537999.999,4142000,4142999.999
"15669",15669,537602.017,537614.168,4142814.135,4142824.453,"Silva","NEON_D07_MLBS_DP1_537000_4142000_classified_point_cloud.laz","2018_MLBS_3_537000_4142000_image.tif","Tree",1,537000,537999.999,4142000,4142999.999
"15670",15670,537610.106,537617.457,4142817.502,4142827.927,"Silva","NEON_D07_MLBS_DP1_537000_4142000_classified_point_cloud.laz","2018_MLBS_3_537000_4142000_image.tif","Tree",1,537000,537999.999,4142000,4142999.999
"15671",15671,537568.522,537576.993,4142813.119,4142823.487,"Silva","NEON_D07_MLBS_DP1_537000_4142000_classified_point_cloud.laz","2018_MLBS_3_537000_4142000_image.tif","Tree",1,537000,537999.999,4142000,4142999.999
"15672",15672,537579.504,537590.495,4142817.567,4142829.477,"Silva","NEON_D07_MLBS_DP1_537000_4142000_classified_point_cloud.laz","2018_MLBS_3_537000_4142000_image.tif","Tree",1,537000,537999.999,4142000,4142999.999
"15673",15673,537602.53,537615.434,4142823.654,4142831.49,"Silva","NEON_D07_MLBS_DP1_537000_4142000_classified_point_cloud.laz","2018_MLBS_3_537000_4142000_image.tif","Tree",1,537000,537999.999,4142000,4142999.999
"15674",15674,537585.237,537594.496,4142823.549,4142831.91,"Silva","NEON_D07_MLBS_DP1_537000_4142000_classified_point_cloud.laz","2018_MLBS_3_537000_4142000_image.tif","Tree",1,537000,537999.999,4142000,4142999.999
"15675",15675,537551.664,537563.968,4142819.599,4142833.496,"Silva","NEON_D07_MLBS_DP1_537000_4142000_classified_point_cloud.laz","2018_MLBS_3_537000_4142000_image.tif","Tree",1,537000,537999.999,4142000,4142999.999
"15676",15676,537592.725,537602.483,4142826.002,4142833.479,"Silva","NEON_D07_MLBS_DP1_537000_4142000_classified_point_cloud.laz","2018_MLBS_3_537000_4142000_image.tif","Tree",1,537000,537999.999,4142000,4142999.999
"15677",15677,537564.043,537572.479,4142823.775,4142831.992,"Silva","NEON_D07_MLBS_DP1_537000_4142000_classified_point_cloud.laz","2018_MLBS_3_537000_4142000_image.tif","Tree",1,537000,537999.999,4142000,4142999.999
"15678",15678,537560.576,537569.414,4142825.801,4142833.304,"Silva","NEON_D07_MLBS_DP1_537000_4142000_classified_point_cloud.laz","2018_MLBS_3_537000_4142000_image.tif","Tree",1,537000,537999.999,4142000,4142999.999
"15679",15679,537571.142,537582.985,4142825.019,4142835.425,"Silva","NEON_D07_MLBS_DP1_537000_4142000_classified_point_cloud.laz","2018_MLBS_3_537000_4142000_image.tif","Tree",1,537000,537999.999,4142000,4142999.999
"15680",15680,537583.538,537591.934,4142829.523,4142840.462,"Silva","NEON_D07_MLBS_DP1_537000_4142000_classified_point_cloud.laz","2018_MLBS_3_537000_4142000_image.tif","Tree",1,537000,537999.999,4142000,4142999.999
"15681",15681,537603.018,537609.984,4142834.549,4142840.903,"Silva","NEON_D07_MLBS_DP1_537000_4142000_classified_point_cloud.laz","2018_MLBS_3_537000_4142000_image.tif","Tree",1,537000,537999.999,4142000,4142999.999
"15682",15682,537553.509,537566.258,4142830.549,4142837.979,"Silva","NEON_D07_MLBS_DP1_537000_4142000_classified_point_cloud.laz","2018_MLBS_3_537000_4142000_image.tif","Tree",1,537000,537999.999,4142000,4142999.999
"15683",15683,537579.008,537586.443,4142835.541,4142842.935,"Silva","NEON_D07_MLBS_DP1_537000_4142000_classified_point_cloud.laz","2018_MLBS_3_537000_4142000_image.tif","Tree",1,537000,537999.999,4142000,4142999.999
"15684",15684,537556.039,537566.486,4142836.075,4142842.458,"Silva","NEON_D07_MLBS_DP1_537000_4142000_classified_point_cloud.laz","2018_MLBS_3_537000_4142000_image.tif","Tree",1,537000,537999.999,4142000,4142999.999
"15685",15685,537601.511,537611.987,4142839.525,4142847.99,"Silva","NEON_D07_MLBS_DP1_537000_4142000_classified_point_cloud.laz","2018_MLBS_3_537000_4142000_image.tif","Tree",1,537000,537999.999,4142000,4142999.999
"15686",15686,537576.003,537581.963,4142839.518,4142844.934,"Silva","NEON_D07_MLBS_DP1_537000_4142000_classified_point_cloud.laz","2018_MLBS_3_537000_4142000_image.tif","Tree",1,537000,537999.999,4142000,4142999.999
"15687",15687,537582.125,537591.483,4142839.034,4142847,"Silva","NEON_D07_MLBS_DP1_537000_4142000_classified_point_cloud.laz","2018_MLBS_3_537000_4142000_image.tif","Tree",1,537000,537999.999,4142000,4142999.999
"15688",15688,537574.148,537579.472,4142841.112,4142845.948,"Silva","NEON_D07_MLBS_DP1_537000_4142000_classified_point_cloud.laz","2018_MLBS_3_537000_4142000_image.tif","Tree",1,537000,537999.999,4142000,4142999.999
"15689",15689,537572.566,537580.46,4142845.037,4142849.994,"Silva","NEON_D07_MLBS_DP1_537000_4142000_classified_point_cloud.laz","2018_MLBS_3_537000_4142000_image.tif","Tree",1,537000,537999.999,4142000,4142999.999
"15690",15690,537549.518,537559.488,4142837.121,4142848.492,"Silva","NEON_D07_MLBS_DP1_537000_4142000_classified_point_cloud.laz","2018_MLBS_3_537000_4142000_image.tif","Tree",1,537000,537999.999,4142000,4142999.999
"15691",15691,537590.023,537598.97,4142845.522,4142853.984,"Silva","NEON_D07_MLBS_DP1_537000_4142000_classified_point_cloud.laz","2018_MLBS_3_537000_4142000_image.tif","Tree",1,537000,537999.999,4142000,4142999.999
"15692",15692,537598.016,537605.425,4142847.582,4142856.931,"Silva","NEON_D07_MLBS_DP1_537000_4142000_classified_point_cloud.laz","2018_MLBS_3_537000_4142000_image.tif","Tree",1,537000,537999.999,4142000,4142999.999
"15693",15693,537609.004,537619.49,4142849.057,4142859.987,"Silva","NEON_D07_MLBS_DP1_537000_4142000_classified_point_cloud.laz","2018_MLBS_3_537000_4142000_image.tif","Tree",1,537000,537999.999,4142000,4142999.999
"15694",15694,537579.026,537588.498,4142850.01,4142855.779,"Silva","NEON_D07_MLBS_DP1_537000_4142000_classified_point_cloud.laz","2018_MLBS_3_537000_4142000_image.tif","Tree",1,537000,537999.999,4142000,4142999.999
"15695",15695,537571.5,537582.479,4142854.51,4142863.499,"Silva","NEON_D07_MLBS_DP1_537000_4142000_classified_point_cloud.laz","2018_MLBS_3_537000_4142000_image.tif","Tree",1,537000,537999.999,4142000,4142999.999
"15696",15696,537558.025,537566.439,4142852.036,4142859.323,"Silva","NEON_D07_MLBS_DP1_537000_4142000_classified_point_cloud.laz","2018_MLBS_3_537000_4142000_image.tif","Tree",1,537000,537999.999,4142000,4142999.999
"15697",15697,537543.016,537551.496,4142914.004,4142925.49,"Silva","NEON_D07_MLBS_DP1_537000_4142000_classified_point_cloud.laz","2018_MLBS_3_537000_4142000_image.tif","Tree",1,537000,537999.999,4142000,4142999.999
"15698",15698,537566.585,537573.49,4142932.003,4142941.488,"Silva","NEON_D07_MLBS_DP1_537000_4142000_classified_point_cloud.laz","2018_MLBS_3_537000_4142000_image.tif","Tree",1,537000,537999.999,4142000,4142999.999
"15699",15699,537594.637,537602.979,4142933.008,4142943.48,"Silva","NEON_D07_MLBS_DP1_537000_4142000_classified_point_cloud.laz","2018_MLBS_3_537000_4142000_image.tif","Tree",1,537000,537999.999,4142000,4142999.999
"15700",15700,537560.013,537567.984,4142931.234,4142939.497,"Silva","NEON_D07_MLBS_DP1_537000_4142000_classified_point_cloud.laz","2018_MLBS_3_537000_4142000_image.tif","Tree",1,537000,537999.999,4142000,4142999.999
"15701",15701,537601.067,537607.416,4142932.524,4142942.474,"Silva","NEON_D07_MLBS_DP1_537000_4142000_classified_point_cloud.laz","2018_MLBS_3_537000_4142000_image.tif","Tree",1,537000,537999.999,4142000,4142999.999
"15702",15702,537567.021,537573.979,4142922.007,4142932.486,"Silva","NEON_D07_MLBS_DP1_537000_4142000_classified_point_cloud.laz","2018_MLBS_3_537000_4142000_image.tif","Tree",1,537000,537999.999,4142000,4142999.999
"15703",15703,537593.548,537599.477,4142924.031,4142932.988,"Silva","NEON_D07_MLBS_DP1_537000_4142000_classified_point_cloud.laz","2018_MLBS_3_537000_4142000_image.tif","Tree",1,537000,537999.999,4142000,4142999.999
"15704",15704,537614.055,537622.409,4142923.505,4142928.494,"Silva","NEON_D07_MLBS_DP1_537000_4142000_classified_point_cloud.laz","2018_MLBS_3_537000_4142000_image.tif","Tree",1,537000,537999.999,4142000,4142999.999
"15705",15705,537556.526,537566.45,4142915.51,4142924.957,"Silva","NEON_D07_MLBS_DP1_537000_4142000_classified_point_cloud.laz","2018_MLBS_3_537000_4142000_image.tif","Tree",1,537000,537999.999,4142000,4142999.999
"15706",15706,537554.019,537564.484,4142905.003,4142915.923,"Silva","NEON_D07_MLBS_DP1_537000_4142000_classified_point_cloud.laz","2018_MLBS_3_537000_4142000_image.tif","Tree",1,537000,537999.999,4142000,4142999.999
"15707",15707,537577.558,537587.949,4142905.586,4142916.498,"Silva","NEON_D07_MLBS_DP1_537000_4142000_classified_point_cloud.laz","2018_MLBS_3_537000_4142000_image.tif","Tree",1,537000,537999.999,4142000,4142999.999
"15708",15708,537573.036,537581.995,4142900.503,4142912.966,"Silva","NEON_D07_MLBS_DP1_537000_4142000_classified_point_cloud.laz","2018_MLBS_3_537000_4142000_image.tif","Tree",1,537000,537999.999,4142000,4142999.999
"15709",15709,537601.089,537611.453,4142903.022,4142908.994,"Silva","NEON_D07_MLBS_DP1_537000_4142000_classified_point_cloud.laz","2018_MLBS_3_537000_4142000_image.tif","Tree",1,537000,537999.999,4142000,4142999.999
"15710",15710,537579.052,537589.108,4142895.155,4142905.46,"Silva","NEON_D07_MLBS_DP1_537000_4142000_classified_point_cloud.laz","2018_MLBS_3_537000_4142000_image.tif","Tree",1,537000,537999.999,4142000,4142999.999
"15711",15711,537605.504,537611.937,4142897.079,4142903.491,"Silva","NEON_D07_MLBS_DP1_537000_4142000_classified_point_cloud.laz","2018_MLBS_3_537000_4142000_image.tif","Tree",1,537000,537999.999,4142000,4142999.999
"15712",15712,537605.021,537613.979,4142893.2,4142902.47,"Silva","NEON_D07_MLBS_DP1_537000_4142000_classified_point_cloud.laz","2018_MLBS_3_537000_4142000_image.tif","Tree",1,537000,537999.999,4142000,4142999.999
"15713",15713,537571.505,537581.481,4142886.534,4142900.434,"Silva","NEON_D07_MLBS_DP1_537000_4142000_classified_point_cloud.laz","2018_MLBS_3_537000_4142000_image.tif","Tree",1,537000,537999.999,4142000,4142999.999
"15714",15714,537586.504,537592.91,4142885.512,4142892.465,"Silva","NEON_D07_MLBS_DP1_537000_4142000_classified_point_cloud.laz","2018_MLBS_3_537000_4142000_image.tif","Tree",1,537000,537999.999,4142000,4142999.999
"15715",15715,537599.519,537606.496,4142886.521,4142895.999,"Silva","NEON_D07_MLBS_DP1_537000_4142000_classified_point_cloud.laz","2018_MLBS_3_537000_4142000_image.tif","Tree",1,537000,537999.999,4142000,4142999.999
"15716",15716,537578.54,537587.975,4142886.004,4142893.95,"Silva","NEON_D07_MLBS_DP1_537000_4142000_classified_point_cloud.laz","2018_MLBS_3_537000_4142000_image.tif","Tree",1,537000,537999.999,4142000,4142999.999
"15717",15717,537604.531,537614.915,4142886.02,4142893.981,"Silva","NEON_D07_MLBS_DP1_537000_4142000_classified_point_cloud.laz","2018_MLBS_3_537000_4142000_image.tif","Tree",1,537000,537999.999,4142000,4142999.999
"15718",15718,537502.038,537513.47,4142863.51,4142876.499,"Silva","NEON_D07_MLBS_DP1_537000_4142000_classified_point_cloud.laz","2018_MLBS_3_537000_4142000_image.tif","Tree",1,537000,537999.999,4142000,4142999.999
"15719",15719,537521.717,537530.998,4142866.629,4142878.493,"Silva","NEON_D07_MLBS_DP1_537000_4142000_classified_point_cloud.laz","2018_MLBS_3_537000_4142000_image.tif","Tree",1,537000,537999.999,4142000,4142999.999
"15720",15720,537539.005,537544.92,4142868.507,4142874.468,"Silva","NEON_D07_MLBS_DP1_537000_4142000_classified_point_cloud.laz","2018_MLBS_3_537000_4142000_image.tif","Tree",1,537000,537999.999,4142000,4142999.999
"15721",15721,537533.084,537540.973,4142861.764,4142869.497,"Silva","NEON_D07_MLBS_DP1_537000_4142000_classified_point_cloud.laz","2018_MLBS_3_537000_4142000_image.tif","Tree",1,537000,537999.999,4142000,4142999.999
"15722",15722,537547.523,537558.947,4142859.058,4142872.46,"Silva","NEON_D07_MLBS_DP1_537000_4142000_classified_point_cloud.laz","2018_MLBS_3_537000_4142000_image.tif","Tree",1,537000,537999.999,4142000,4142999.999
"15723",15723,537527,537535.453,4142857.504,4142867.988,"Silva","NEON_D07_MLBS_DP1_537000_4142000_classified_point_cloud.laz","2018_MLBS_3_537000_4142000_image.tif","Tree",1,537000,537999.999,4142000,4142999.999
"15724",15724,537523.002,537533.477,4142848.277,4142858.465,"Silva","NEON_D07_MLBS_DP1_537000_4142000_classified_point_cloud.laz","2018_MLBS_3_537000_4142000_image.tif","Tree",1,537000,537999.999,4142000,4142999.999
"15725",15725,537514.534,537523.463,4142850.502,4142855.996,"Silva","NEON_D07_MLBS_DP1_537000_4142000_classified_point_cloud.laz","2018_MLBS_3_537000_4142000_image.tif","Tree",1,537000,537999.999,4142000,4142999.999
"15726",15726,537530.503,537542.849,4142809.045,4142818.472,"Silva","NEON_D07_MLBS_DP1_537000_4142000_classified_point_cloud.laz","2018_MLBS_3_537000_4142000_image.tif","Tree",1,537000,537999.999,4142000,4142999.999
"15727",15727,537508.032,537519.973,4142808.03,4142818.995,"Silva","NEON_D07_MLBS_DP1_537000_4142000_classified_point_cloud.laz","2018_MLBS_3_537000_4142000_image.tif","Tree",1,537000,537999.999,4142000,4142999.999
"15728",15728,537516.106,537528.307,4142812.169,4142821.311,"Silva","NEON_D07_MLBS_DP1_537000_4142000_classified_point_cloud.laz","2018_MLBS_3_537000_4142000_image.tif","Tree",1,537000,537999.999,4142000,4142999.999
"15729",15729,537533.039,537543.487,4142816.194,4142826.933,"Silva","NEON_D07_MLBS_DP1_537000_4142000_classified_point_cloud.laz","2018_MLBS_3_537000_4142000_image.tif","Tree",1,537000,537999.999,4142000,4142999.999
"15730",15730,537515.017,537522.983,4142825.149,4142833.915,"Silva","NEON_D07_MLBS_DP1_537000_4142000_classified_point_cloud.laz","2018_MLBS_3_537000_4142000_image.tif","Tree",1,537000,537999.999,4142000,4142999.999
"15731",15731,537530.02,537538.475,4142831.08,4142841.466,"Silva","NEON_D07_MLBS_DP1_537000_4142000_classified_point_cloud.laz","2018_MLBS_3_537000_4142000_image.tif","Tree",1,537000,537999.999,4142000,4142999.999
"15732",15732,537514.024,537524.393,4142842.558,4142850.489,"Silva","NEON_D07_MLBS_DP1_537000_4142000_classified_point_cloud.laz","2018_MLBS_3_537000_4142000_image.tif","Tree",1,537000,537999.999,4142000,4142999.999
"15733",15733,537533.008,537544.996,4142848.009,4142857.988,"Silva","NEON_D07_MLBS_DP1_537000_4142000_classified_point_cloud.laz","2018_MLBS_3_537000_4142000_image.tif","Tree",1,537000,537999.999,4142000,4142999.999
"15734",15734,537511.648,537521.493,4142932.506,4142940.762,"Silva","NEON_D07_MLBS_DP1_537000_4142000_classified_point_cloud.laz","2018_MLBS_3_537000_4142000_image.tif","Tree",1,537000,537999.999,4142000,4142999.999
"15735",15735,537497.037,537504.29,4142922.509,4142932.469,"Silva","NEON_D07_MLBS_DP1_537000_4142000_classified_point_cloud.laz","2018_MLBS_3_537000_4142000_image.tif","Tree",1,537000,537999.999,4142000,4142999.999
"15736",15736,537531.005,537544.978,4142925.024,4142936.973,"Silva","NEON_D07_MLBS_DP1_537000_4142000_classified_point_cloud.laz","2018_MLBS_3_537000_4142000_image.tif","Tree",1,537000,537999.999,4142000,4142999.999
"15737",15737,537531.506,537538.99,4142914.006,4142922.478,"Silva","NEON_D07_MLBS_DP1_537000_4142000_classified_point_cloud.laz","2018_MLBS_3_537000_4142000_image.tif","Tree",1,537000,537999.999,4142000,4142999.999
"15738",15738,537505.5,537516.998,4142906.001,4142914.489,"Silva","NEON_D07_MLBS_DP1_537000_4142000_classified_point_cloud.laz","2018_MLBS_3_537000_4142000_image.tif","Tree",1,537000,537999.999,4142000,4142999.999
"15739",15739,537522.007,537528.913,4142905.525,4142911.453,"Silva","NEON_D07_MLBS_DP1_537000_4142000_classified_point_cloud.laz","2018_MLBS_3_537000_4142000_image.tif","Tree",1,537000,537999.999,4142000,4142999.999
"15740",15740,537526.503,537533.235,4142898.094,4142905.853,"Silva","NEON_D07_MLBS_DP1_537000_4142000_classified_point_cloud.laz","2018_MLBS_3_537000_4142000_image.tif","Tree",1,537000,537999.999,4142000,4142999.999
"15741",15741,537500.019,537511.996,4142890.007,4142897.487,"Silva","NEON_D07_MLBS_DP1_537000_4142000_classified_point_cloud.laz","2018_MLBS_3_537000_4142000_image.tif","Tree",1,537000,537999.999,4142000,4142999.999
"15742",15742,537530.508,537539.493,4142886.512,4142894.496,"Silva","NEON_D07_MLBS_DP1_537000_4142000_classified_point_cloud.laz","2018_MLBS_3_537000_4142000_image.tif","Tree",1,537000,537999.999,4142000,4142999.999
"15743",15743,537539.004,537545.47,4142888.012,4142896.954,"Silva","NEON_D07_MLBS_DP1_537000_4142000_classified_point_cloud.laz","2018_MLBS_3_537000_4142000_image.tif","Tree",1,537000,537999.999,4142000,4142999.999
"15744",15744,537545.013,537554.981,4142884.003,4142890.495,"Silva","NEON_D07_MLBS_DP1_537000_4142000_classified_point_cloud.laz","2018_MLBS_3_537000_4142000_image.tif","Tree",1,537000,537999.999,4142000,4142999.999
"15745",15745,537551.512,537558.97,4142923.053,4142930.399,"Silva","NEON_D07_MLBS_DP1_537000_4142000_classified_point_cloud.laz","2018_MLBS_3_537000_4142000_image.tif","Tree",1,537000,537999.999,4142000,4142999.999
"15746",15746,537545.569,537557.997,4142927.53,4142935.973,"Silva","NEON_D07_MLBS_DP1_537000_4142000_classified_point_cloud.laz","2018_MLBS_3_537000_4142000_image.tif","Tree",1,537000,537999.999,4142000,4142999.999
"15747",15747,537663.017,537671.472,4142738.508,4142749.483,"Silva","NEON_D07_MLBS_DP1_537000_4142000_classified_point_cloud.laz","2018_MLBS_3_537000_4142000_image.tif","Tree",1,537000,537999.999,4142000,4142999.999
"15748",15748,537647.515,537654.967,4142735.577,4142743.993,"Silva","NEON_D07_MLBS_DP1_537000_4142000_classified_point_cloud.laz","2018_MLBS_3_537000_4142000_image.tif","Tree",1,537000,537999.999,4142000,4142999.999
"15749",15749,537615.004,537626.99,4142729.501,4142739.999,"Silva","NEON_D07_MLBS_DP1_537000_4142000_classified_point_cloud.laz","2018_MLBS_3_537000_4142000_image.tif","Tree",1,537000,537999.999,4142000,4142999.999
"15750",15750,537637.597,537648.95,4142732.077,4142742.997,"Silva","NEON_D07_MLBS_DP1_537000_4142000_classified_point_cloud.laz","2018_MLBS_3_537000_4142000_image.tif","Tree",1,537000,537999.999,4142000,4142999.999
"15751",15751,537625.606,537636.49,4142723.636,4142735.89,"Silva","NEON_D07_MLBS_DP1_537000_4142000_classified_point_cloud.laz","2018_MLBS_3_537000_4142000_image.tif","Tree",1,537000,537999.999,4142000,4142999.999
"15752",15752,537651.024,537662.463,4142730.513,4142736.994,"Silva","NEON_D07_MLBS_DP1_537000_4142000_classified_point_cloud.laz","2018_MLBS_3_537000_4142000_image.tif","Tree",1,537000,537999.999,4142000,4142999.999
"15753",15753,537641.506,537653.493,4142722.171,4142735.482,"Silva","NEON_D07_MLBS_DP1_537000_4142000_classified_point_cloud.laz","2018_MLBS_3_537000_4142000_image.tif","Tree",1,537000,537999.999,4142000,4142999.999
"15754",15754,537674.52,537684.475,4142721.018,4142728.499,"Silva","NEON_D07_MLBS_DP1_537000_4142000_classified_point_cloud.laz","2018_MLBS_3_537000_4142000_image.tif","Tree",1,537000,537999.999,4142000,4142999.999
"15755",15755,537645.504,537658.467,4142716.512,4142727.343,"Silva","NEON_D07_MLBS_DP1_537000_4142000_classified_point_cloud.laz","2018_MLBS_3_537000_4142000_image.tif","Tree",1,537000,537999.999,4142000,4142999.999
"15756",15756,537671.511,537678.487,4142689.513,4142697.956,"Silva","NEON_D07_MLBS_DP1_537000_4142000_classified_point_cloud.laz","2018_MLBS_3_537000_4142000_image.tif","Tree",1,537000,537999.999,4142000,4142999.999
"15757",15757,537638.501,537646.988,4142684.515,4142695.497,"Silva","NEON_D07_MLBS_DP1_537000_4142000_classified_point_cloud.laz","2018_MLBS_3_537000_4142000_image.tif","Tree",1,537000,537999.999,4142000,4142999.999
"15758",15758,537673.521,537686.985,4142686.015,4142698.974,"Silva","NEON_D07_MLBS_DP1_537000_4142000_classified_point_cloud.laz","2018_MLBS_3_537000_4142000_image.tif","Tree",1,537000,537999.999,4142000,4142999.999
"15759",15759,537662.502,537675.431,4142683.044,4142690.97,"Silva","NEON_D07_MLBS_DP1_537000_4142000_classified_point_cloud.laz","2018_MLBS_3_537000_4142000_image.tif","Tree",1,537000,537999.999,4142000,4142999.999
"15760",15760,537637.503,537644.379,4142674.505,4142684.448,"Silva","NEON_D07_MLBS_DP1_537000_4142000_classified_point_cloud.laz","2018_MLBS_3_537000_4142000_image.tif","Tree",1,537000,537999.999,4142000,4142999.999
"15761",15761,537676.113,537686.437,4142676.024,4142690.376,"Silva","NEON_D07_MLBS_DP1_537000_4142000_classified_point_cloud.laz","2018_MLBS_3_537000_4142000_image.tif","Tree",1,537000,537999.999,4142000,4142999.999
"15762",15762,537621.573,537632.986,4142671.183,4142680.466,"Silva","NEON_D07_MLBS_DP1_537000_4142000_classified_point_cloud.laz","2018_MLBS_3_537000_4142000_image.tif","Tree",1,537000,537999.999,4142000,4142999.999
"15763",15763,537661.065,537668.395,4142677.582,4142688.459,"Silva","NEON_D07_MLBS_DP1_537000_4142000_classified_point_cloud.laz","2018_MLBS_3_537000_4142000_image.tif","Tree",1,537000,537999.999,4142000,4142999.999
"15764",15764,537642.5,537651.999,4142673.335,4142682.432,"Silva","NEON_D07_MLBS_DP1_537000_4142000_classified_point_cloud.laz","2018_MLBS_3_537000_4142000_image.tif","Tree",1,537000,537999.999,4142000,4142999.999
"15765",15765,537668.021,537674.992,4142676.027,4142685.299,"Silva","NEON_D07_MLBS_DP1_537000_4142000_classified_point_cloud.laz","2018_MLBS_3_537000_4142000_image.tif","Tree",1,537000,537999.999,4142000,4142999.999
"15766",15766,537673.02,537682.392,4142675.336,4142685.971,"Silva","NEON_D07_MLBS_DP1_537000_4142000_classified_point_cloud.laz","2018_MLBS_3_537000_4142000_image.tif","Tree",1,537000,537999.999,4142000,4142999.999
"15767",15767,537653.054,537662.483,4142674.262,4142680.974,"Silva","NEON_D07_MLBS_DP1_537000_4142000_classified_point_cloud.laz","2018_MLBS_3_537000_4142000_image.tif","Tree",1,537000,537999.999,4142000,4142999.999
"15768",15768,537614.08,537624.928,4142690.5,4142700.449,"Silva","NEON_D07_MLBS_DP1_537000_4142000_classified_point_cloud.laz","2018_MLBS_3_537000_4142000_image.tif","Tree",1,537000,537999.999,4142000,4142999.999
"15769",15769,537671.519,537682.988,4142697.53,4142704.997,"Silva","NEON_D07_MLBS_DP1_537000_4142000_classified_point_cloud.laz","2018_MLBS_3_537000_4142000_image.tif","Tree",1,537000,537999.999,4142000,4142999.999
"15770",15770,537650.512,537659.968,4142696.674,4142708.416,"Silva","NEON_D07_MLBS_DP1_537000_4142000_classified_point_cloud.laz","2018_MLBS_3_537000_4142000_image.tif","Tree",1,537000,537999.999,4142000,4142999.999
"15771",15771,537616,537628.449,4142708.509,4142718.954,"Silva","NEON_D07_MLBS_DP1_537000_4142000_classified_point_cloud.laz","2018_MLBS_3_537000_4142000_image.tif","Tree",1,537000,537999.999,4142000,4142999.999
"15772",15772,537634.001,537642.423,4142707.521,4142724.493,"Silva","NEON_D07_MLBS_DP1_537000_4142000_classified_point_cloud.laz","2018_MLBS_3_537000_4142000_image.tif","Tree",1,537000,537999.999,4142000,4142999.999
"15773",15773,537657.538,537670.971,4142713.508,4142725.49,"Silva","NEON_D07_MLBS_DP1_537000_4142000_classified_point_cloud.laz","2018_MLBS_3_537000_4142000_image.tif","Tree",1,537000,537999.999,4142000,4142999.999
"15774",15774,537734.092,537741.973,4142739.033,4142749.985,"Silva","NEON_D07_MLBS_DP1_537000_4142000_classified_point_cloud.laz","2018_MLBS_3_537000_4142000_image.tif","Tree",1,537000,537999.999,4142000,4142999.999
"15775",15775,537716.002,537725.975,4142735.007,4142742.998,"Silva","NEON_D07_MLBS_DP1_537000_4142000_classified_point_cloud.laz","2018_MLBS_3_537000_4142000_image.tif","Tree",1,537000,537999.999,4142000,4142999.999
"15776",15776,537688.545,537697.486,4142731.647,4142741.438,"Silva","NEON_D07_MLBS_DP1_537000_4142000_classified_point_cloud.laz","2018_MLBS_3_537000_4142000_image.tif","Tree",1,537000,537999.999,4142000,4142999.999
"15777",15777,537694.021,537702.498,4142730.508,4142740.948,"Silva","NEON_D07_MLBS_DP1_537000_4142000_classified_point_cloud.laz","2018_MLBS_3_537000_4142000_image.tif","Tree",1,537000,537999.999,4142000,4142999.999
"15778",15778,537724.022,537731.98,4142733.016,4142740.484,"Silva","NEON_D07_MLBS_DP1_537000_4142000_classified_point_cloud.laz","2018_MLBS_3_537000_4142000_image.tif","Tree",1,537000,537999.999,4142000,4142999.999
"15779",15779,537724.044,537730.879,4142725.508,4142732.992,"Silva","NEON_D07_MLBS_DP1_537000_4142000_classified_point_cloud.laz","2018_MLBS_3_537000_4142000_image.tif","Tree",1,537000,537999.999,4142000,4142999.999
"15780",15780,537730.016,537737.471,4142727.114,4142733.996,"Silva","NEON_D07_MLBS_DP1_537000_4142000_classified_point_cloud.laz","2018_MLBS_3_537000_4142000_image.tif","Tree",1,537000,537999.999,4142000,4142999.999
"15781",15781,537682.509,537689.989,4142722.006,4142729.487,"Silva","NEON_D07_MLBS_DP1_537000_4142000_classified_point_cloud.laz","2018_MLBS_3_537000_4142000_image.tif","Tree",1,537000,537999.999,4142000,4142999.999
"15782",15782,537690.016,537700.394,4142724.027,4142731.495,"Silva","NEON_D07_MLBS_DP1_537000_4142000_classified_point_cloud.laz","2018_MLBS_3_537000_4142000_image.tif","Tree",1,537000,537999.999,4142000,4142999.999
"15783",15783,537697.515,537704.486,4142718.013,4142730.915,"Silva","NEON_D07_MLBS_DP1_537000_4142000_classified_point_cloud.laz","2018_MLBS_3_537000_4142000_image.tif","Tree",1,537000,537999.999,4142000,4142999.999
"15784",15784,537728.516,537737.971,4142720.018,4142728.494,"Silva","NEON_D07_MLBS_DP1_537000_4142000_classified_point_cloud.laz","2018_MLBS_3_537000_4142000_image.tif","Tree",1,537000,537999.999,4142000,4142999.999
"15785",15785,537731.002,537738.497,4142688.056,4142699.894,"Silva","NEON_D07_MLBS_DP1_537000_4142000_classified_point_cloud.laz","2018_MLBS_3_537000_4142000_image.tif","Tree",1,537000,537999.999,4142000,4142999.999
"15786",15786,537698.004,537707.424,4142686.508,4142697.93,"Silva","NEON_D07_MLBS_DP1_537000_4142000_classified_point_cloud.laz","2018_MLBS_3_537000_4142000_image.tif","Tree",1,537000,537999.999,4142000,4142999.999
"15787",15787,537687.098,537699.491,4142686.549,4142698.429,"Silva","NEON_D07_MLBS_DP1_537000_4142000_classified_point_cloud.laz","2018_MLBS_3_537000_4142000_image.tif","Tree",1,537000,537999.999,4142000,4142999.999
"15788",15788,537686.026,537697.966,4142684.563,4142696.987,"Silva","NEON_D07_MLBS_DP1_537000_4142000_classified_point_cloud.laz","2018_MLBS_3_537000_4142000_image.tif","Tree",1,537000,537999.999,4142000,4142999.999
"15789",15789,537738.034,537748.926,4142685.044,4142695.392,"Silva","NEON_D07_MLBS_DP1_537000_4142000_classified_point_cloud.laz","2018_MLBS_3_537000_4142000_image.tif","Tree",1,537000,537999.999,4142000,4142999.999
"15790",15790,537705,537717.495,4142680.001,4142690.427,"Silva","NEON_D07_MLBS_DP1_537000_4142000_classified_point_cloud.laz","2018_MLBS_3_537000_4142000_image.tif","Tree",1,537000,537999.999,4142000,4142999.999
"15791",15791,537685.015,537692.965,4142677.033,4142688.886,"Silva","NEON_D07_MLBS_DP1_537000_4142000_classified_point_cloud.laz","2018_MLBS_3_537000_4142000_image.tif","Tree",1,537000,537999.999,4142000,4142999.999
"15792",15792,537696.511,537704.485,4142674.132,4142687,"Silva","NEON_D07_MLBS_DP1_537000_4142000_classified_point_cloud.laz","2018_MLBS_3_537000_4142000_image.tif","Tree",1,537000,537999.999,4142000,4142999.999
"15793",15793,537688.021,537697.867,4142675.004,4142684.48,"Silva","NEON_D07_MLBS_DP1_537000_4142000_classified_point_cloud.laz","2018_MLBS_3_537000_4142000_image.tif","Tree",1,537000,537999.999,4142000,4142999.999
"15794",15794,537704.537,537711.432,4142678.531,4142686.43,"Silva","NEON_D07_MLBS_DP1_537000_4142000_classified_point_cloud.laz","2018_MLBS_3_537000_4142000_image.tif","Tree",1,537000,537999.999,4142000,4142999.999
"15795",15795,537700.053,537706.491,4142673.526,4142683.947,"Silva","NEON_D07_MLBS_DP1_537000_4142000_classified_point_cloud.laz","2018_MLBS_3_537000_4142000_image.tif","Tree",1,537000,537999.999,4142000,4142999.999
"15796",15796,537724.505,537741.458,4142671.507,4142686,"Silva","NEON_D07_MLBS_DP1_537000_4142000_classified_point_cloud.laz","2018_MLBS_3_537000_4142000_image.tif","Tree",1,537000,537999.999,4142000,4142999.999
"15797",15797,537706.5,537721.496,4142696.02,4142704.989,"Silva","NEON_D07_MLBS_DP1_537000_4142000_classified_point_cloud.laz","2018_MLBS_3_537000_4142000_image.tif","Tree",1,537000,537999.999,4142000,4142999.999
"15798",15798,537738.5,537750.46,4142699.586,4142709.483,"Silva","NEON_D07_MLBS_DP1_537000_4142000_classified_point_cloud.laz","2018_MLBS_3_537000_4142000_image.tif","Tree",1,537000,537999.999,4142000,4142999.999
"15799",15799,537694.58,537700.97,4142702.607,4142711.376,"Silva","NEON_D07_MLBS_DP1_537000_4142000_classified_point_cloud.laz","2018_MLBS_3_537000_4142000_image.tif","Tree",1,537000,537999.999,4142000,4142999.999
"15800",15800,537699.51,537709.857,4142711.014,4142720.475,"Silva","NEON_D07_MLBS_DP1_537000_4142000_classified_point_cloud.laz","2018_MLBS_3_537000_4142000_image.tif","Tree",1,537000,537999.999,4142000,4142999.999
"15801",15801,537704.503,537712.985,4142715.004,4142722.994,"Silva","NEON_D07_MLBS_DP1_537000_4142000_classified_point_cloud.laz","2018_MLBS_3_537000_4142000_image.tif","Tree",1,537000,537999.999,4142000,4142999.999
"15802",15802,537629.605,537638.917,4142805.074,4142812.5,"Silva","NEON_D07_MLBS_DP1_537000_4142000_classified_point_cloud.laz","2018_MLBS_3_537000_4142000_image.tif","Tree",1,537000,537999.999,4142000,4142999.999
"15803",15803,537625.099,537631.495,4142799.897,4142811.928,"Silva","NEON_D07_MLBS_DP1_537000_4142000_classified_point_cloud.laz","2018_MLBS_3_537000_4142000_image.tif","Tree",1,537000,537999.999,4142000,4142999.999
"15804",15804,537643.074,537650.98,4142802.003,4142809.442,"Silva","NEON_D07_MLBS_DP1_537000_4142000_classified_point_cloud.laz","2018_MLBS_3_537000_4142000_image.tif","Tree",1,537000,537999.999,4142000,4142999.999
"15805",15805,537656.565,537667.489,4142802.169,4142812.983,"Silva","NEON_D07_MLBS_DP1_537000_4142000_classified_point_cloud.laz","2018_MLBS_3_537000_4142000_image.tif","Tree",1,537000,537999.999,4142000,4142999.999
"15806",15806,537638.004,537644.413,4142798.03,4142809.764,"Silva","NEON_D07_MLBS_DP1_537000_4142000_classified_point_cloud.laz","2018_MLBS_3_537000_4142000_image.tif","Tree",1,537000,537999.999,4142000,4142999.999
"15807",15807,537631.017,537637.99,4142801.536,4142806.964,"Silva","NEON_D07_MLBS_DP1_537000_4142000_classified_point_cloud.laz","2018_MLBS_3_537000_4142000_image.tif","Tree",1,537000,537999.999,4142000,4142999.999
"15808",15808,537667.507,537678.491,4142800.534,4142811.425,"Silva","NEON_D07_MLBS_DP1_537000_4142000_classified_point_cloud.laz","2018_MLBS_3_537000_4142000_image.tif","Tree",1,537000,537999.999,4142000,4142999.999
"15809",15809,537678.005,537687.494,4142801.096,4142808.936,"Silva","NEON_D07_MLBS_DP1_537000_4142000_classified_point_cloud.laz","2018_MLBS_3_537000_4142000_image.tif","Tree",1,537000,537999.999,4142000,4142999.999
"15810",15810,537615.121,537627.478,4142795.141,4142803.481,"Silva","NEON_D07_MLBS_DP1_537000_4142000_classified_point_cloud.laz","2018_MLBS_3_537000_4142000_image.tif","Tree",1,537000,537999.999,4142000,4142999.999
"15811",15811,537656.012,537662.459,4142795.861,4142801.97,"Silva","NEON_D07_MLBS_DP1_537000_4142000_classified_point_cloud.laz","2018_MLBS_3_537000_4142000_image.tif","Tree",1,537000,537999.999,4142000,4142999.999
"15812",15812,537628.01,537640.466,4142791.031,4142798.377,"Silva","NEON_D07_MLBS_DP1_537000_4142000_classified_point_cloud.laz","2018_MLBS_3_537000_4142000_image.tif","Tree",1,537000,537999.999,4142000,4142999.999
"15813",15813,537659.509,537666.998,4142790.526,4142801.936,"Silva","NEON_D07_MLBS_DP1_537000_4142000_classified_point_cloud.laz","2018_MLBS_3_537000_4142000_image.tif","Tree",1,537000,537999.999,4142000,4142999.999
"15814",15814,537667,537673.832,4142792.512,4142802.47,"Silva","NEON_D07_MLBS_DP1_537000_4142000_classified_point_cloud.laz","2018_MLBS_3_537000_4142000_image.tif","Tree",1,537000,537999.999,4142000,4142999.999
"15815",15815,537640,537648.48,4142791.021,4142798.431,"Silva","NEON_D07_MLBS_DP1_537000_4142000_classified_point_cloud.laz","2018_MLBS_3_537000_4142000_image.tif","Tree",1,537000,537999.999,4142000,4142999.999
"15816",15816,537616.503,537628.47,4142787.023,4142797.277,"Silva","NEON_D07_MLBS_DP1_537000_4142000_classified_point_cloud.laz","2018_MLBS_3_537000_4142000_image.tif","Tree",1,537000,537999.999,4142000,4142999.999
"15817",15817,537637.073,537644.938,4142789.221,4142796.355,"Silva","NEON_D07_MLBS_DP1_537000_4142000_classified_point_cloud.laz","2018_MLBS_3_537000_4142000_image.tif","Tree",1,537000,537999.999,4142000,4142999.999
"15818",15818,537648.622,537654.979,4142787.58,4142795.987,"Silva","NEON_D07_MLBS_DP1_537000_4142000_classified_point_cloud.laz","2018_MLBS_3_537000_4142000_image.tif","Tree",1,537000,537999.999,4142000,4142999.999
"15819",15819,537656.055,537664.982,4142787.103,4142795.467,"Silva","NEON_D07_MLBS_DP1_537000_4142000_classified_point_cloud.laz","2018_MLBS_3_537000_4142000_image.tif","Tree",1,537000,537999.999,4142000,4142999.999
"15820",15820,537642.53,537649.991,4142782.399,4142791,"Silva","NEON_D07_MLBS_DP1_537000_4142000_classified_point_cloud.laz","2018_MLBS_3_537000_4142000_image.tif","Tree",1,537000,537999.999,4142000,4142999.999
"15821",15821,537637.008,537643.945,4142782.032,4142790.873,"Silva","NEON_D07_MLBS_DP1_537000_4142000_classified_point_cloud.laz","2018_MLBS_3_537000_4142000_image.tif","Tree",1,537000,537999.999,4142000,4142999.999
"15822",15822,537630.025,537637.464,4142779.531,4142790.994,"Silva","NEON_D07_MLBS_DP1_537000_4142000_classified_point_cloud.laz","2018_MLBS_3_537000_4142000_image.tif","Tree",1,537000,537999.999,4142000,4142999.999
"15823",15823,537650.025,537659.991,4142784.549,4142790.465,"Silva","NEON_D07_MLBS_DP1_537000_4142000_classified_point_cloud.laz","2018_MLBS_3_537000_4142000_image.tif","Tree",1,537000,537999.999,4142000,4142999.999
"15824",15824,537664.511,537675.494,4142785.006,4142792.995,"Silva","NEON_D07_MLBS_DP1_537000_4142000_classified_point_cloud.laz","2018_MLBS_3_537000_4142000_image.tif","Tree",1,537000,537999.999,4142000,4142999.999
"15825",15825,537620.008,537629.942,4142781.524,4142788.411,"Silva","NEON_D07_MLBS_DP1_537000_4142000_classified_point_cloud.laz","2018_MLBS_3_537000_4142000_image.tif","Tree",1,537000,537999.999,4142000,4142999.999
"15826",15826,537617.024,537625.956,4142777.898,4142786.974,"Silva","NEON_D07_MLBS_DP1_537000_4142000_classified_point_cloud.laz","2018_MLBS_3_537000_4142000_image.tif","Tree",1,537000,537999.999,4142000,4142999.999
"15827",15827,537651.007,537654.997,4142773.544,4142785.423,"Silva","NEON_D07_MLBS_DP1_537000_4142000_classified_point_cloud.laz","2018_MLBS_3_537000_4142000_image.tif","Tree",1,537000,537999.999,4142000,4142999.999
"15828",15828,537654.54,537659.491,4142774.208,4142782.917,"Silva","NEON_D07_MLBS_DP1_537000_4142000_classified_point_cloud.laz","2018_MLBS_3_537000_4142000_image.tif","Tree",1,537000,537999.999,4142000,4142999.999
"15829",15829,537621.525,537633.484,4142772.501,4142782.5,"Silva","NEON_D07_MLBS_DP1_537000_4142000_classified_point_cloud.laz","2018_MLBS_3_537000_4142000_image.tif","Tree",1,537000,537999.999,4142000,4142999.999
"15830",15830,537654.638,537664.428,4142773.004,4142783.99,"Silva","NEON_D07_MLBS_DP1_537000_4142000_classified_point_cloud.laz","2018_MLBS_3_537000_4142000_image.tif","Tree",1,537000,537999.999,4142000,4142999.999
"15831",15831,537634.103,537645.488,4142773.161,4142781.971,"Silva","NEON_D07_MLBS_DP1_537000_4142000_classified_point_cloud.laz","2018_MLBS_3_537000_4142000_image.tif","Tree",1,537000,537999.999,4142000,4142999.999
"15832",15832,537624.516,537634.957,4142768.017,4142779.403,"Silva","NEON_D07_MLBS_DP1_537000_4142000_classified_point_cloud.laz","2018_MLBS_3_537000_4142000_image.tif","Tree",1,537000,537999.999,4142000,4142999.999
"15833",15833,537641.504,537652.354,4142769.54,4142777.949,"Silva","NEON_D07_MLBS_DP1_537000_4142000_classified_point_cloud.laz","2018_MLBS_3_537000_4142000_image.tif","Tree",1,537000,537999.999,4142000,4142999.999
"15834",15834,537670.012,537682.989,4142770.595,4142780.417,"Silva","NEON_D07_MLBS_DP1_537000_4142000_classified_point_cloud.laz","2018_MLBS_3_537000_4142000_image.tif","Tree",1,537000,537999.999,4142000,4142999.999
"15835",15835,537634.532,537641.93,4142767.006,4142776.45,"Silva","NEON_D07_MLBS_DP1_537000_4142000_classified_point_cloud.laz","2018_MLBS_3_537000_4142000_image.tif","Tree",1,537000,537999.999,4142000,4142999.999
"15836",15836,537629.557,537637.448,4142764.058,4142773.98,"Silva","NEON_D07_MLBS_DP1_537000_4142000_classified_point_cloud.laz","2018_MLBS_3_537000_4142000_image.tif","Tree",1,537000,537999.999,4142000,4142999.999
"15837",15837,537643.56,537652.447,4142762.013,4142772.991,"Silva","NEON_D07_MLBS_DP1_537000_4142000_classified_point_cloud.laz","2018_MLBS_3_537000_4142000_image.tif","Tree",1,537000,537999.999,4142000,4142999.999
"15838",15838,537621.035,537630.98,4142758.589,4142769.999,"Silva","NEON_D07_MLBS_DP1_537000_4142000_classified_point_cloud.laz","2018_MLBS_3_537000_4142000_image.tif","Tree",1,537000,537999.999,4142000,4142999.999
"15839",15839,537666.025,537671.996,4142764.049,4142775.42,"Silva","NEON_D07_MLBS_DP1_537000_4142000_classified_point_cloud.laz","2018_MLBS_3_537000_4142000_image.tif","Tree",1,537000,537999.999,4142000,4142999.999
"15840",15840,537620.57,537633.497,4142755.501,4142764.946,"Silva","NEON_D07_MLBS_DP1_537000_4142000_classified_point_cloud.laz","2018_MLBS_3_537000_4142000_image.tif","Tree",1,537000,537999.999,4142000,4142999.999
"15841",15841,537633.025,537643.991,4142754.522,4142764.988,"Silva","NEON_D07_MLBS_DP1_537000_4142000_classified_point_cloud.laz","2018_MLBS_3_537000_4142000_image.tif","Tree",1,537000,537999.999,4142000,4142999.999
"15842",15842,537673.014,537681.814,4142755.028,4142764.653,"Silva","NEON_D07_MLBS_DP1_537000_4142000_classified_point_cloud.laz","2018_MLBS_3_537000_4142000_image.tif","Tree",1,537000,537999.999,4142000,4142999.999
"15843",15843,537620.54,537635.499,4142748.506,4142756.494,"Silva","NEON_D07_MLBS_DP1_537000_4142000_classified_point_cloud.laz","2018_MLBS_3_537000_4142000_image.tif","Tree",1,537000,537999.999,4142000,4142999.999
"15844",15844,537673.121,537685.481,4142751.364,4142760.493,"Silva","NEON_D07_MLBS_DP1_537000_4142000_classified_point_cloud.laz","2018_MLBS_3_537000_4142000_image.tif","Tree",1,537000,537999.999,4142000,4142999.999
"15845",15845,537643.126,537650.457,4142749.539,4142757.822,"Silva","NEON_D07_MLBS_DP1_537000_4142000_classified_point_cloud.laz","2018_MLBS_3_537000_4142000_image.tif","Tree",1,537000,537999.999,4142000,4142999.999
"15846",15846,537625.584,537636.956,4142745.012,4142753.889,"Silva","NEON_D07_MLBS_DP1_537000_4142000_classified_point_cloud.laz","2018_MLBS_3_537000_4142000_image.tif","Tree",1,537000,537999.999,4142000,4142999.999
"15847",15847,537638.007,537647.396,4142742.534,4142751.452,"Silva","NEON_D07_MLBS_DP1_537000_4142000_classified_point_cloud.laz","2018_MLBS_3_537000_4142000_image.tif","Tree",1,537000,537999.999,4142000,4142999.999
"15848",15848,537665.621,537678.995,4142743.05,4142753.47,"Silva","NEON_D07_MLBS_DP1_537000_4142000_classified_point_cloud.laz","2018_MLBS_3_537000_4142000_image.tif","Tree",1,537000,537999.999,4142000,4142999.999
"15849",15849,537717.569,537726.937,4142803.012,4142811.461,"Silva","NEON_D07_MLBS_DP1_537000_4142000_classified_point_cloud.laz","2018_MLBS_3_537000_4142000_image.tif","Tree",1,537000,537999.999,4142000,4142999.999
"15850",15850,537710.689,537718.494,4142800.565,4142808.852,"Silva","NEON_D07_MLBS_DP1_537000_4142000_classified_point_cloud.laz","2018_MLBS_3_537000_4142000_image.tif","Tree",1,537000,537999.999,4142000,4142999.999
"15851",15851,537686.505,537694.996,4142798.506,4142807.912,"Silva","NEON_D07_MLBS_DP1_537000_4142000_classified_point_cloud.laz","2018_MLBS_3_537000_4142000_image.tif","Tree",1,537000,537999.999,4142000,4142999.999
"15852",15852,537707.737,537714.447,4142799.515,4142807.999,"Silva","NEON_D07_MLBS_DP1_537000_4142000_classified_point_cloud.laz","2018_MLBS_3_537000_4142000_image.tif","Tree",1,537000,537999.999,4142000,4142999.999
"15853",15853,537703.537,537708.983,4142797.018,4142806.499,"Silva","NEON_D07_MLBS_DP1_537000_4142000_classified_point_cloud.laz","2018_MLBS_3_537000_4142000_image.tif","Tree",1,537000,537999.999,4142000,4142999.999
"15854",15854,537696.59,537704.994,4142797.522,4142808.479,"Silva","NEON_D07_MLBS_DP1_537000_4142000_classified_point_cloud.laz","2018_MLBS_3_537000_4142000_image.tif","Tree",1,537000,537999.999,4142000,4142999.999
"15855",15855,537733.519,537740.478,4142795.514,4142804.994,"Silva","NEON_D07_MLBS_DP1_537000_4142000_classified_point_cloud.laz","2018_MLBS_3_537000_4142000_image.tif","Tree",1,537000,537999.999,4142000,4142999.999
"15856",15856,537705.514,537716.775,4142791.006,4142800.246,"Silva","NEON_D07_MLBS_DP1_537000_4142000_classified_point_cloud.laz","2018_MLBS_3_537000_4142000_image.tif","Tree",1,537000,537999.999,4142000,4142999.999
"15857",15857,537698.004,537706.941,4142788.52,4142797.492,"Silva","NEON_D07_MLBS_DP1_537000_4142000_classified_point_cloud.laz","2018_MLBS_3_537000_4142000_image.tif","Tree",1,537000,537999.999,4142000,4142999.999
"15858",15858,537716.059,537724.483,4142790.527,4142796.984,"Silva","NEON_D07_MLBS_DP1_537000_4142000_classified_point_cloud.laz","2018_MLBS_3_537000_4142000_image.tif","Tree",1,537000,537999.999,4142000,4142999.999
"15859",15859,537716.503,537725.958,4142784.613,4142790.933,"Silva","NEON_D07_MLBS_DP1_537000_4142000_classified_point_cloud.laz","2018_MLBS_3_537000_4142000_image.tif","Tree",1,537000,537999.999,4142000,4142999.999
"15860",15860,537682.54,537688.894,4142783.066,4142787.475,"Silva","NEON_D07_MLBS_DP1_537000_4142000_classified_point_cloud.laz","2018_MLBS_3_537000_4142000_image.tif","Tree",1,537000,537999.999,4142000,4142999.999
"15861",15861,537706.533,537717.496,4142784.038,4142791.481,"Silva","NEON_D07_MLBS_DP1_537000_4142000_classified_point_cloud.laz","2018_MLBS_3_537000_4142000_image.tif","Tree",1,537000,537999.999,4142000,4142999.999
"15862",15862,537696.536,537707.438,4142780.62,4142789.982,"Silva","NEON_D07_MLBS_DP1_537000_4142000_classified_point_cloud.laz","2018_MLBS_3_537000_4142000_image.tif","Tree",1,537000,537999.999,4142000,4142999.999
"15863",15863,537706.567,537717.445,4142779.048,4142784.991,"Silva","NEON_D07_MLBS_DP1_537000_4142000_classified_point_cloud.laz","2018_MLBS_3_537000_4142000_image.tif","Tree",1,537000,537999.999,4142000,4142999.999
"15864",15864,537733.505,537742.469,4142776.544,4142786.257,"Silva","NEON_D07_MLBS_DP1_537000_4142000_classified_point_cloud.laz","2018_MLBS_3_537000_4142000_image.tif","Tree",1,537000,537999.999,4142000,4142999.999
"15865",15865,537696.502,537703.946,4142772.085,4142784.943,"Silva","NEON_D07_MLBS_DP1_537000_4142000_classified_point_cloud.laz","2018_MLBS_3_537000_4142000_image.tif","Tree",1,537000,537999.999,4142000,4142999.999
"15866",15866,537685.321,537692.959,4142775.01,4142780.998,"Silva","NEON_D07_MLBS_DP1_537000_4142000_classified_point_cloud.laz","2018_MLBS_3_537000_4142000_image.tif","Tree",1,537000,537999.999,4142000,4142999.999
"15867",15867,537701.523,537710.993,4142771.016,4142781.435,"Silva","NEON_D07_MLBS_DP1_537000_4142000_classified_point_cloud.laz","2018_MLBS_3_537000_4142000_image.tif","Tree",1,537000,537999.999,4142000,4142999.999
"15868",15868,537690.506,537700.461,4142770.581,4142777.245,"Silva","NEON_D07_MLBS_DP1_537000_4142000_classified_point_cloud.laz","2018_MLBS_3_537000_4142000_image.tif","Tree",1,537000,537999.999,4142000,4142999.999
"15869",15869,537710.512,537719.494,4142773.001,4142779.959,"Silva","NEON_D07_MLBS_DP1_537000_4142000_classified_point_cloud.laz","2018_MLBS_3_537000_4142000_image.tif","Tree",1,537000,537999.999,4142000,4142999.999
"15870",15870,537706.585,537711.962,4142772.512,4142777.902,"Silva","NEON_D07_MLBS_DP1_537000_4142000_classified_point_cloud.laz","2018_MLBS_3_537000_4142000_image.tif","Tree",1,537000,537999.999,4142000,4142999.999
"15871",15871,537682.513,537691.463,4142770.501,4142778.498,"Silva","NEON_D07_MLBS_DP1_537000_4142000_classified_point_cloud.laz","2018_MLBS_3_537000_4142000_image.tif","Tree",1,537000,537999.999,4142000,4142999.999
"15872",15872,537739.518,537748.487,4142769.511,4142778.5,"Silva","NEON_D07_MLBS_DP1_537000_4142000_classified_point_cloud.laz","2018_MLBS_3_537000_4142000_image.tif","Tree",1,537000,537999.999,4142000,4142999.999
"15873",15873,537728.09,537737.175,4142767.557,4142778.481,"Silva","NEON_D07_MLBS_DP1_537000_4142000_classified_point_cloud.laz","2018_MLBS_3_537000_4142000_image.tif","Tree",1,537000,537999.999,4142000,4142999.999
"15874",15874,537712.504,537720.994,4142766.706,4142775.416,"Silva","NEON_D07_MLBS_DP1_537000_4142000_classified_point_cloud.laz","2018_MLBS_3_537000_4142000_image.tif","Tree",1,537000,537999.999,4142000,4142999.999
"15875",15875,537685.008,537691.957,4142765.007,4142770.493,"Silva","NEON_D07_MLBS_DP1_537000_4142000_classified_point_cloud.laz","2018_MLBS_3_537000_4142000_image.tif","Tree",1,537000,537999.999,4142000,4142999.999
"15876",15876,537691.525,537701.979,4142761.504,4142772.406,"Silva","NEON_D07_MLBS_DP1_537000_4142000_classified_point_cloud.laz","2018_MLBS_3_537000_4142000_image.tif","Tree",1,537000,537999.999,4142000,4142999.999
"15877",15877,537703.087,537711.989,4142763.016,4142770.989,"Silva","NEON_D07_MLBS_DP1_537000_4142000_classified_point_cloud.laz","2018_MLBS_3_537000_4142000_image.tif","Tree",1,537000,537999.999,4142000,4142999.999
"15878",15878,537708.608,537715.977,4142761.115,4142768.956,"Silva","NEON_D07_MLBS_DP1_537000_4142000_classified_point_cloud.laz","2018_MLBS_3_537000_4142000_image.tif","Tree",1,537000,537999.999,4142000,4142999.999
"15879",15879,537683.523,537693.417,4142758.079,4142765,"Silva","NEON_D07_MLBS_DP1_537000_4142000_classified_point_cloud.laz","2018_MLBS_3_537000_4142000_image.tif","Tree",1,537000,537999.999,4142000,4142999.999
"15880",15880,537713.07,537721.426,4142760.002,4142767.498,"Silva","NEON_D07_MLBS_DP1_537000_4142000_classified_point_cloud.laz","2018_MLBS_3_537000_4142000_image.tif","Tree",1,537000,537999.999,4142000,4142999.999
"15881",15881,537713.056,537719.972,4142750.258,4142757.996,"Silva","NEON_D07_MLBS_DP1_537000_4142000_classified_point_cloud.laz","2018_MLBS_3_537000_4142000_image.tif","Tree",1,537000,537999.999,4142000,4142999.999
"15882",15882,537723.505,537729.437,4142750.174,4142758.433,"Silva","NEON_D07_MLBS_DP1_537000_4142000_classified_point_cloud.laz","2018_MLBS_3_537000_4142000_image.tif","Tree",1,537000,537999.999,4142000,4142999.999
"15883",15883,537718.511,537724.493,4142748.003,4142757.913,"Silva","NEON_D07_MLBS_DP1_537000_4142000_classified_point_cloud.laz","2018_MLBS_3_537000_4142000_image.tif","Tree",1,537000,537999.999,4142000,4142999.999
"15884",15884,537681.028,537691.448,4142740.055,4142750.991,"Silva","NEON_D07_MLBS_DP1_537000_4142000_classified_point_cloud.laz","2018_MLBS_3_537000_4142000_image.tif","Tree",1,537000,537999.999,4142000,4142999.999
"15885",15885,537695.503,537703.498,4142739.564,4142749.457,"Silva","NEON_D07_MLBS_DP1_537000_4142000_classified_point_cloud.laz","2018_MLBS_3_537000_4142000_image.tif","Tree",1,537000,537999.999,4142000,4142999.999
"15886",15886,537729.082,537737.852,4142742.603,4142752.428,"Silva","NEON_D07_MLBS_DP1_537000_4142000_classified_point_cloud.laz","2018_MLBS_3_537000_4142000_image.tif","Tree",1,537000,537999.999,4142000,4142999.999
"15887",15887,537738.502,537750.967,4142746.001,4142754.899,"Silva","NEON_D07_MLBS_DP1_537000_4142000_classified_point_cloud.laz","2018_MLBS_3_537000_4142000_image.tif","Tree",1,537000,537999.999,4142000,4142999.999
"15888",15888,537725.011,537733.474,4142740.016,4142747.489,"Silva","NEON_D07_MLBS_DP1_537000_4142000_classified_point_cloud.laz","2018_MLBS_3_537000_4142000_image.tif","Tree",1,537000,537999.999,4142000,4142999.999
"15889",15889,537741.5,537749.498,4142740.014,4142745.995,"Silva","NEON_D07_MLBS_DP1_537000_4142000_classified_point_cloud.laz","2018_MLBS_3_537000_4142000_image.tif","Tree",1,537000,537999.999,4142000,4142999.999
"15890",15890,537728.518,537737.978,4142804.505,4142812.983,"Silva","NEON_D07_MLBS_DP1_537000_4142000_classified_point_cloud.laz","2018_MLBS_3_537000_4142000_image.tif","Tree",1,537000,537999.999,4142000,4142999.999
"15891",15891,537738.53,537745.471,4142798.125,4142805.46,"Silva","NEON_D07_MLBS_DP1_537000_4142000_classified_point_cloud.laz","2018_MLBS_3_537000_4142000_image.tif","Tree",1,537000,537999.999,4142000,4142999.999
"15892",15892,537745.51,537752.857,4142793.527,4142804.379,"Silva","NEON_D07_MLBS_DP1_537000_4142000_classified_point_cloud.laz","2018_MLBS_3_537000_4142000_image.tif","Tree",1,537000,537999.999,4142000,4142999.999
"15893",15893,537740.528,537746.99,4142797.003,4142804.993,"Silva","NEON_D07_MLBS_DP1_537000_4142000_classified_point_cloud.laz","2018_MLBS_3_537000_4142000_image.tif","Tree",1,537000,537999.999,4142000,4142999.999
"15894",15894,537737.027,537744.429,4142787.524,4142794.39,"Silva","NEON_D07_MLBS_DP1_537000_4142000_classified_point_cloud.laz","2018_MLBS_3_537000_4142000_image.tif","Tree",1,537000,537999.999,4142000,4142999.999
"15895",15895,537736.051,537744.495,4142784.012,4142788.999,"Silva","NEON_D07_MLBS_DP1_537000_4142000_classified_point_cloud.laz","2018_MLBS_3_537000_4142000_image.tif","Tree",1,537000,537999.999,4142000,4142999.999
"15896",15896,537735.512,537744.408,4142767.032,4142776.474,"Silva","NEON_D07_MLBS_DP1_537000_4142000_classified_point_cloud.laz","2018_MLBS_3_537000_4142000_image.tif","Tree",1,537000,537999.999,4142000,4142999.999
"15897",15897,537724.536,537733.495,4142776.547,4142788.326,"Silva","NEON_D07_MLBS_DP1_537000_4142000_classified_point_cloud.laz","2018_MLBS_3_537000_4142000_image.tif","Tree",1,537000,537999.999,4142000,4142999.999
"15898",15898,537775.503,537786.983,4142735.011,4142746.964,"Silva","NEON_D07_MLBS_DP1_537000_4142000_classified_point_cloud.laz","2018_MLBS_3_537000_4142000_image.tif","Tree",1,537000,537999.999,4142000,4142999.999
"15899",15899,537751.508,537762.97,4142734.601,4142742.996,"Silva","NEON_D07_MLBS_DP1_537000_4142000_classified_point_cloud.laz","2018_MLBS_3_537000_4142000_image.tif","Tree",1,537000,537999.999,4142000,4142999.999
"15900",15900,537770.016,537777.461,4142734.519,4142738.497,"Silva","NEON_D07_MLBS_DP1_537000_4142000_classified_point_cloud.laz","2018_MLBS_3_537000_4142000_image.tif","Tree",1,537000,537999.999,4142000,4142999.999
"15901",15901,537805.084,537814.463,4142735.503,4142742.463,"Silva","NEON_D07_MLBS_DP1_537000_4142000_classified_point_cloud.laz","2018_MLBS_3_537000_4142000_image.tif","Tree",1,537000,537999.999,4142000,4142999.999
"15902",15902,537770.519,537778.98,4142729.009,4142735.989,"Silva","NEON_D07_MLBS_DP1_537000_4142000_classified_point_cloud.laz","2018_MLBS_3_537000_4142000_image.tif","Tree",1,537000,537999.999,4142000,4142999.999
"15903",15903,537780.214,537790.499,4142729.107,4142739.349,"Silva","NEON_D07_MLBS_DP1_537000_4142000_classified_point_cloud.laz","2018_MLBS_3_537000_4142000_image.tif","Tree",1,537000,537999.999,4142000,4142999.999
"15904",15904,537765.195,537777.959,4142723.004,4142728.994,"Silva","NEON_D07_MLBS_DP1_537000_4142000_classified_point_cloud.laz","2018_MLBS_3_537000_4142000_image.tif","Tree",1,537000,537999.999,4142000,4142999.999
"15905",15905,537778.014,537787.976,4142721.054,4142728.87,"Silva","NEON_D07_MLBS_DP1_537000_4142000_classified_point_cloud.laz","2018_MLBS_3_537000_4142000_image.tif","Tree",1,537000,537999.999,4142000,4142999.999
"15906",15906,537804.573,537813.49,4142723.097,4142731.684,"Silva","NEON_D07_MLBS_DP1_537000_4142000_classified_point_cloud.laz","2018_MLBS_3_537000_4142000_image.tif","Tree",1,537000,537999.999,4142000,4142999.999
"15907",15907,537750.54,537764.487,4142716.505,4142727.483,"Silva","NEON_D07_MLBS_DP1_537000_4142000_classified_point_cloud.laz","2018_MLBS_3_537000_4142000_image.tif","Tree",1,537000,537999.999,4142000,4142999.999
"15908",15908,537752.516,537763.856,4142694.774,4142700.492,"Silva","NEON_D07_MLBS_DP1_537000_4142000_classified_point_cloud.laz","2018_MLBS_3_537000_4142000_image.tif","Tree",1,537000,537999.999,4142000,4142999.999
"15909",15909,537745.175,537753.953,4142687.511,4142696.947,"Silva","NEON_D07_MLBS_DP1_537000_4142000_classified_point_cloud.laz","2018_MLBS_3_537000_4142000_image.tif","Tree",1,537000,537999.999,4142000,4142999.999
"15910",15910,537759.019,537768.976,4142685.01,4142696.842,"Silva","NEON_D07_MLBS_DP1_537000_4142000_classified_point_cloud.laz","2018_MLBS_3_537000_4142000_image.tif","Tree",1,537000,537999.999,4142000,4142999.999
"15911",15911,537798.603,537808.886,4142680.005,4142688.489,"Silva","NEON_D07_MLBS_DP1_537000_4142000_classified_point_cloud.laz","2018_MLBS_3_537000_4142000_image.tif","Tree",1,537000,537999.999,4142000,4142999.999
"15912",15912,537751.503,537762.49,4142675.514,4142684,"Silva","NEON_D07_MLBS_DP1_537000_4142000_classified_point_cloud.laz","2018_MLBS_3_537000_4142000_image.tif","Tree",1,537000,537999.999,4142000,4142999.999
"15913",15913,537783.507,537794.474,4142706.07,4142713.498,"Silva","NEON_D07_MLBS_DP1_537000_4142000_classified_point_cloud.laz","2018_MLBS_3_537000_4142000_image.tif","Tree",1,537000,537999.999,4142000,4142999.999
"15914",15914,537747.506,537757.449,4142709.005,4142717.454,"Silva","NEON_D07_MLBS_DP1_537000_4142000_classified_point_cloud.laz","2018_MLBS_3_537000_4142000_image.tif","Tree",1,537000,537999.999,4142000,4142999.999
"15915",15915,537784.01,537794.394,4142713.507,4142722.463,"Silva","NEON_D07_MLBS_DP1_537000_4142000_classified_point_cloud.laz","2018_MLBS_3_537000_4142000_image.tif","Tree",1,537000,537999.999,4142000,4142999.999
"15916",15916,537800.514,537809.949,4142713.504,4142724.984,"Silva","NEON_D07_MLBS_DP1_537000_4142000_classified_point_cloud.laz","2018_MLBS_3_537000_4142000_image.tif","Tree",1,537000,537999.999,4142000,4142999.999
"15917",15917,537791.039,537800.986,4142714.001,4142726.482,"Silva","NEON_D07_MLBS_DP1_537000_4142000_classified_point_cloud.laz","2018_MLBS_3_537000_4142000_image.tif","Tree",1,537000,537999.999,4142000,4142999.999
"15918",15918,537776.505,537785.498,4142713.091,4142723.863,"Silva","NEON_D07_MLBS_DP1_537000_4142000_classified_point_cloud.laz","2018_MLBS_3_537000_4142000_image.tif","Tree",1,537000,537999.999,4142000,4142999.999
"15919",15919,537816.545,537822.488,4142738.501,4142747.94,"Silva","NEON_D07_MLBS_DP1_537000_4142000_classified_point_cloud.laz","2018_MLBS_3_537000_4142000_image.tif","Tree",1,537000,537999.999,4142000,4142999.999
"15920",15920,537844.005,537852.439,4142737.504,4142747.892,"Silva","NEON_D07_MLBS_DP1_537000_4142000_classified_point_cloud.laz","2018_MLBS_3_537000_4142000_image.tif","Tree",1,537000,537999.999,4142000,4142999.999
"15921",15921,537814.506,537822.465,4142734.508,4142741.893,"Silva","NEON_D07_MLBS_DP1_537000_4142000_classified_point_cloud.laz","2018_MLBS_3_537000_4142000_image.tif","Tree",1,537000,537999.999,4142000,4142999.999
"15922",15922,537822.513,537832.897,4142734.511,4142742.392,"Silva","NEON_D07_MLBS_DP1_537000_4142000_classified_point_cloud.laz","2018_MLBS_3_537000_4142000_image.tif","Tree",1,537000,537999.999,4142000,4142999.999
"15923",15923,537863.009,537872.498,4142735.014,4142746.969,"Silva","NEON_D07_MLBS_DP1_537000_4142000_classified_point_cloud.laz","2018_MLBS_3_537000_4142000_image.tif","Tree",1,537000,537999.999,4142000,4142999.999
"15924",15924,537824.56,537835.438,4142728.059,4142740.439,"Silva","NEON_D07_MLBS_DP1_537000_4142000_classified_point_cloud.laz","2018_MLBS_3_537000_4142000_image.tif","Tree",1,537000,537999.999,4142000,4142999.999
"15925",15925,537852.186,537860.996,4142730.532,4142741.497,"Silva","NEON_D07_MLBS_DP1_537000_4142000_classified_point_cloud.laz","2018_MLBS_3_537000_4142000_image.tif","Tree",1,537000,537999.999,4142000,4142999.999
"15926",15926,537848.088,537857.983,4142729.055,4142739.981,"Silva","NEON_D07_MLBS_DP1_537000_4142000_classified_point_cloud.laz","2018_MLBS_3_537000_4142000_image.tif","Tree",1,537000,537999.999,4142000,4142999.999
"15927",15927,537872.584,537880.499,4142734.544,4142742.779,"Silva","NEON_D07_MLBS_DP1_537000_4142000_classified_point_cloud.laz","2018_MLBS_3_537000_4142000_image.tif","Tree",1,537000,537999.999,4142000,4142999.999
"15928",15928,537817.591,537826.942,4142727.144,4142736.417,"Silva","NEON_D07_MLBS_DP1_537000_4142000_classified_point_cloud.laz","2018_MLBS_3_537000_4142000_image.tif","Tree",1,537000,537999.999,4142000,4142999.999
"15929",15929,537832.036,537843.407,4142727.017,4142737.463,"Silva","NEON_D07_MLBS_DP1_537000_4142000_classified_point_cloud.laz","2018_MLBS_3_537000_4142000_image.tif","Tree",1,537000,537999.999,4142000,4142999.999
"15930",15930,537842.512,537854.961,4142722.525,4142729.5,"Silva","NEON_D07_MLBS_DP1_537000_4142000_classified_point_cloud.laz","2018_MLBS_3_537000_4142000_image.tif","Tree",1,537000,537999.999,4142000,4142999.999
"15931",15931,537868.518,537877.986,4142725.003,4142733.755,"Silva","NEON_D07_MLBS_DP1_537000_4142000_classified_point_cloud.laz","2018_MLBS_3_537000_4142000_image.tif","Tree",1,537000,537999.999,4142000,4142999.999
"15932",15932,537821.642,537833.403,4142696.581,4142706.993,"Silva","NEON_D07_MLBS_DP1_537000_4142000_classified_point_cloud.laz","2018_MLBS_3_537000_4142000_image.tif","Tree",1,537000,537999.999,4142000,4142999.999
"15933",15933,537873.519,537883.989,4142702.665,4142710.499,"Silva","NEON_D07_MLBS_DP1_537000_4142000_classified_point_cloud.laz","2018_MLBS_3_537000_4142000_image.tif","Tree",1,537000,537999.999,4142000,4142999.999
"15934",15934,537848.551,537856.453,4142694.296,4142705.298,"Silva","NEON_D07_MLBS_DP1_537000_4142000_classified_point_cloud.laz","2018_MLBS_3_537000_4142000_image.tif","Tree",1,537000,537999.999,4142000,4142999.999
"15935",15935,537872.59,537881.959,4142697.003,4142703.45,"Silva","NEON_D07_MLBS_DP1_537000_4142000_classified_point_cloud.laz","2018_MLBS_3_537000_4142000_image.tif","Tree",1,537000,537999.999,4142000,4142999.999
"15936",15936,537841.007,537850.48,4142688.503,4142698.496,"Silva","NEON_D07_MLBS_DP1_537000_4142000_classified_point_cloud.laz","2018_MLBS_3_537000_4142000_image.tif","Tree",1,537000,537999.999,4142000,4142999.999
"15937",15937,537863.018,537873.486,4142693.003,4142701.488,"Silva","NEON_D07_MLBS_DP1_537000_4142000_classified_point_cloud.laz","2018_MLBS_3_537000_4142000_image.tif","Tree",1,537000,537999.999,4142000,4142999.999
"15938",15938,537845.032,537853.466,4142681.517,4142692.493,"Silva","NEON_D07_MLBS_DP1_537000_4142000_classified_point_cloud.laz","2018_MLBS_3_537000_4142000_image.tif","Tree",1,537000,537999.999,4142000,4142999.999
"15939",15939,537852.588,537859.409,4142681.578,4142689.952,"Silva","NEON_D07_MLBS_DP1_537000_4142000_classified_point_cloud.laz","2018_MLBS_3_537000_4142000_image.tif","Tree",1,537000,537999.999,4142000,4142999.999
"15940",15940,537869.554,537878.48,4142680.665,4142688,"Silva","NEON_D07_MLBS_DP1_537000_4142000_classified_point_cloud.laz","2018_MLBS_3_537000_4142000_image.tif","Tree",1,537000,537999.999,4142000,4142999.999
"15941",15941,537863.513,537871.982,4142678.515,4142686,"Silva","NEON_D07_MLBS_DP1_537000_4142000_classified_point_cloud.laz","2018_MLBS_3_537000_4142000_image.tif","Tree",1,537000,537999.999,4142000,4142999.999
"15942",15942,537847.032,537854.978,4142672.19,4142680.407,"Silva","NEON_D07_MLBS_DP1_537000_4142000_classified_point_cloud.laz","2018_MLBS_3_537000_4142000_image.tif","Tree",1,537000,537999.999,4142000,4142999.999
"15943",15943,537860.571,537867.839,4142710.506,4142718,"Silva","NEON_D07_MLBS_DP1_537000_4142000_classified_point_cloud.laz","2018_MLBS_3_537000_4142000_image.tif","Tree",1,537000,537999.999,4142000,4142999.999
"15944",15944,537833.54,537842.943,4142708.015,4142715.426,"Silva","NEON_D07_MLBS_DP1_537000_4142000_classified_point_cloud.laz","2018_MLBS_3_537000_4142000_image.tif","Tree",1,537000,537999.999,4142000,4142999.999
"15945",15945,537874.51,537885.924,4142710.536,4142719.489,"Silva","NEON_D07_MLBS_DP1_537000_4142000_classified_point_cloud.laz","2018_MLBS_3_537000_4142000_image.tif","Tree",1,537000,537999.999,4142000,4142999.999
"15946",15946,537863.06,537871.39,4142714.072,4142720.872,"Silva","NEON_D07_MLBS_DP1_537000_4142000_classified_point_cloud.laz","2018_MLBS_3_537000_4142000_image.tif","Tree",1,537000,537999.999,4142000,4142999.999
"15947",15947,537827.663,537836.946,4142711.327,4142721.487,"Silva","NEON_D07_MLBS_DP1_537000_4142000_classified_point_cloud.laz","2018_MLBS_3_537000_4142000_image.tif","Tree",1,537000,537999.999,4142000,4142999.999
"15948",15948,537836.526,537847.339,4142710.531,4142722.82,"Silva","NEON_D07_MLBS_DP1_537000_4142000_classified_point_cloud.laz","2018_MLBS_3_537000_4142000_image.tif","Tree",1,537000,537999.999,4142000,4142999.999
"15949",15949,537853.335,537862.444,4142716.512,4142722.478,"Silva","NEON_D07_MLBS_DP1_537000_4142000_classified_point_cloud.laz","2018_MLBS_3_537000_4142000_image.tif","Tree",1,537000,537999.999,4142000,4142999.999
"15950",15950,537867.51,537874.46,4142716.533,4142723.086,"Silva","NEON_D07_MLBS_DP1_537000_4142000_classified_point_cloud.laz","2018_MLBS_3_537000_4142000_image.tif","Tree",1,537000,537999.999,4142000,4142999.999
"15951",15951,537817.022,537825.452,4142714.513,4142723.43,"Silva","NEON_D07_MLBS_DP1_537000_4142000_classified_point_cloud.laz","2018_MLBS_3_537000_4142000_image.tif","Tree",1,537000,537999.999,4142000,4142999.999
"15952",15952,537844.031,537853.97,4142715.527,4142724.435,"Silva","NEON_D07_MLBS_DP1_537000_4142000_classified_point_cloud.laz","2018_MLBS_3_537000_4142000_image.tif","Tree",1,537000,537999.999,4142000,4142999.999
"15953",15953,537875.536,537883.995,4142722.544,4142728.879,"Silva","NEON_D07_MLBS_DP1_537000_4142000_classified_point_cloud.laz","2018_MLBS_3_537000_4142000_image.tif","Tree",1,537000,537999.999,4142000,4142999.999
"15954",15954,537746.608,537753.985,4142761.56,4142769.724,"Silva","NEON_D07_MLBS_DP1_537000_4142000_classified_point_cloud.laz","2018_MLBS_3_537000_4142000_image.tif","Tree",1,537000,537999.999,4142000,4142999.999
"15955",15955,537751.004,537761.494,4142743.029,4142753.429,"Silva","NEON_D07_MLBS_DP1_537000_4142000_classified_point_cloud.laz","2018_MLBS_3_537000_4142000_image.tif","Tree",1,537000,537999.999,4142000,4142999.999
"15956",15956,537749.502,537758.476,4142738.037,4142749.961,"Silva","NEON_D07_MLBS_DP1_537000_4142000_classified_point_cloud.laz","2018_MLBS_3_537000_4142000_image.tif","Tree",1,537000,537999.999,4142000,4142999.999
"15957",15957,537760.075,537769.993,4142739.522,4142746.895,"Silva","NEON_D07_MLBS_DP1_537000_4142000_classified_point_cloud.laz","2018_MLBS_3_537000_4142000_image.tif","Tree",1,537000,537999.999,4142000,4142999.999
"15958",15958,537811.042,537818.969,4142740.501,4142749.492,"Silva","NEON_D07_MLBS_DP1_537000_4142000_classified_point_cloud.laz","2018_MLBS_3_537000_4142000_image.tif","Tree",1,537000,537999.999,4142000,4142999.999
"15959",15959,537868.565,537876.494,4142767.008,4142774.866,"Silva","NEON_D07_MLBS_DP1_537000_4142000_classified_point_cloud.laz","2018_MLBS_3_537000_4142000_image.tif","Tree",1,537000,537999.999,4142000,4142999.999
"15960",15960,537860.51,537872.49,4142760.157,4142771.463,"Silva","NEON_D07_MLBS_DP1_537000_4142000_classified_point_cloud.laz","2018_MLBS_3_537000_4142000_image.tif","Tree",1,537000,537999.999,4142000,4142999.999
"15961",15961,537873.529,537878.947,4142755.552,4142766.996,"Silva","NEON_D07_MLBS_DP1_537000_4142000_classified_point_cloud.laz","2018_MLBS_3_537000_4142000_image.tif","Tree",1,537000,537999.999,4142000,4142999.999
"15962",15962,537853.51,537864.496,4142749.001,4142762.5,"Silva","NEON_D07_MLBS_DP1_537000_4142000_classified_point_cloud.laz","2018_MLBS_3_537000_4142000_image.tif","Tree",1,537000,537999.999,4142000,4142999.999
"15963",15963,537862.037,537872.953,4142745.562,4142755.987,"Silva","NEON_D07_MLBS_DP1_537000_4142000_classified_point_cloud.laz","2018_MLBS_3_537000_4142000_image.tif","Tree",1,537000,537999.999,4142000,4142999.999
"15964",15964,537874.116,537882.964,4142749.514,4142755.985,"Silva","NEON_D07_MLBS_DP1_537000_4142000_classified_point_cloud.laz","2018_MLBS_3_537000_4142000_image.tif","Tree",1,537000,537999.999,4142000,4142999.999
"15965",15965,537876.013,537881.979,4142743.022,4142750.958,"Silva","NEON_D07_MLBS_DP1_537000_4142000_classified_point_cloud.laz","2018_MLBS_3_537000_4142000_image.tif","Tree",1,537000,537999.999,4142000,4142999.999
"15966",15966,537870.045,537878.817,4142742.502,4142752.474,"Silva","NEON_D07_MLBS_DP1_537000_4142000_classified_point_cloud.laz","2018_MLBS_3_537000_4142000_image.tif","Tree",1,537000,537999.999,4142000,4142999.999
"15967",15967,537796.5,537806.467,4142724.162,4142736.453,"Silva","NEON_D07_MLBS_DP1_537000_4142000_classified_point_cloud.laz","2018_MLBS_3_537000_4142000_image.tif","Tree",1,537000,537999.999,4142000,4142999.999
"15968",15968,537762.614,537773.77,4142723.197,4142731.987,"Silva","NEON_D07_MLBS_DP1_537000_4142000_classified_point_cloud.laz","2018_MLBS_3_537000_4142000_image.tif","Tree",1,537000,537999.999,4142000,4142999.999
"15969",15969,537766.54,537771.499,4142732.047,4142739.903,"Silva","NEON_D07_MLBS_DP1_537000_4142000_classified_point_cloud.laz","2018_MLBS_3_537000_4142000_image.tif","Tree",1,537000,537999.999,4142000,4142999.999
"15970",15970,537788.02,537801.466,4142731.05,4142742.911,"Silva","NEON_D07_MLBS_DP1_537000_4142000_classified_point_cloud.laz","2018_MLBS_3_537000_4142000_image.tif","Tree",1,537000,537999.999,4142000,4142999.999
"15971",15971,537800.003,537809.425,4142735.518,4142748.487,"Silva","NEON_D07_MLBS_DP1_537000_4142000_classified_point_cloud.laz","2018_MLBS_3_537000_4142000_image.tif","Tree",1,537000,537999.999,4142000,4142999.999
"15972",15972,537768.013,537776.997,4142737.569,4142747.38,"Silva","NEON_D07_MLBS_DP1_537000_4142000_classified_point_cloud.laz","2018_MLBS_3_537000_4142000_image.tif","Tree",1,537000,537999.999,4142000,4142999.999
"15973",15973,537832.606,537844.48,4142736.112,4142747.462,"Silva","NEON_D07_MLBS_DP1_537000_4142000_classified_point_cloud.laz","2018_MLBS_3_537000_4142000_image.tif","Tree",1,537000,537999.999,4142000,4142999.999
"15974",15974,537822.5,537832.457,4142739.027,4142744.979,"Silva","NEON_D07_MLBS_DP1_537000_4142000_classified_point_cloud.laz","2018_MLBS_3_537000_4142000_image.tif","Tree",1,537000,537999.999,4142000,4142999.999
"15975",15975,537747.194,537757.881,4142801.521,4142809.493,"Silva","NEON_D07_MLBS_DP1_537000_4142000_classified_point_cloud.laz","2018_MLBS_3_537000_4142000_image.tif","Tree",1,537000,537999.999,4142000,4142999.999
"15976",15976,537776.002,537784.482,4142800.005,4142807.126,"Silva","NEON_D07_MLBS_DP1_537000_4142000_classified_point_cloud.laz","2018_MLBS_3_537000_4142000_image.tif","Tree",1,537000,537999.999,4142000,4142999.999
"15977",15977,537757.003,537764.369,4142797.122,4142805.954,"Silva","NEON_D07_MLBS_DP1_537000_4142000_classified_point_cloud.laz","2018_MLBS_3_537000_4142000_image.tif","Tree",1,537000,537999.999,4142000,4142999.999
"15978",15978,537783.545,537791.969,4142797.043,4142802.968,"Silva","NEON_D07_MLBS_DP1_537000_4142000_classified_point_cloud.laz","2018_MLBS_3_537000_4142000_image.tif","Tree",1,537000,537999.999,4142000,4142999.999
"15979",15979,537751,537759.46,4142792.007,4142803.381,"Silva","NEON_D07_MLBS_DP1_537000_4142000_classified_point_cloud.laz","2018_MLBS_3_537000_4142000_image.tif","Tree",1,537000,537999.999,4142000,4142999.999
"15980",15980,537811.024,537817.457,4142793.551,4142802.976,"Silva","NEON_D07_MLBS_DP1_537000_4142000_classified_point_cloud.laz","2018_MLBS_3_537000_4142000_image.tif","Tree",1,537000,537999.999,4142000,4142999.999
"15981",15981,537800.524,537807.465,4142792.026,4142799.476,"Silva","NEON_D07_MLBS_DP1_537000_4142000_classified_point_cloud.laz","2018_MLBS_3_537000_4142000_image.tif","Tree",1,537000,537999.999,4142000,4142999.999
"15982",15982,537804.584,537812.402,4142788.591,4142795.902,"Silva","NEON_D07_MLBS_DP1_537000_4142000_classified_point_cloud.laz","2018_MLBS_3_537000_4142000_image.tif","Tree",1,537000,537999.999,4142000,4142999.999
"15983",15983,537785.586,537795.497,4142789.503,4142795.448,"Silva","NEON_D07_MLBS_DP1_537000_4142000_classified_point_cloud.laz","2018_MLBS_3_537000_4142000_image.tif","Tree",1,537000,537999.999,4142000,4142999.999
"15984",15984,537795.513,537804.959,4142786.073,4142797.999,"Silva","NEON_D07_MLBS_DP1_537000_4142000_classified_point_cloud.laz","2018_MLBS_3_537000_4142000_image.tif","Tree",1,537000,537999.999,4142000,4142999.999
"15985",15985,537768.561,537775.438,4142784.033,4142791.492,"Silva","NEON_D07_MLBS_DP1_537000_4142000_classified_point_cloud.laz","2018_MLBS_3_537000_4142000_image.tif","Tree",1,537000,537999.999,4142000,4142999.999
"15986",15986,537746.11,537753.344,4142780.005,4142785.498,"Silva","NEON_D07_MLBS_DP1_537000_4142000_classified_point_cloud.laz","2018_MLBS_3_537000_4142000_image.tif","Tree",1,537000,537999.999,4142000,4142999.999
"15987",15987,537766.543,537774.986,4142779.03,4142784.998,"Silva","NEON_D07_MLBS_DP1_537000_4142000_classified_point_cloud.laz","2018_MLBS_3_537000_4142000_image.tif","Tree",1,537000,537999.999,4142000,4142999.999
"15988",15988,537756.505,537764.497,4142774.531,4142780.48,"Silva","NEON_D07_MLBS_DP1_537000_4142000_classified_point_cloud.laz","2018_MLBS_3_537000_4142000_image.tif","Tree",1,537000,537999.999,4142000,4142999.999
"15989",15989,537770.619,537778.964,4142774.594,4142781.31,"Silva","NEON_D07_MLBS_DP1_537000_4142000_classified_point_cloud.laz","2018_MLBS_3_537000_4142000_image.tif","Tree",1,537000,537999.999,4142000,4142999.999
"15990",15990,537775.021,537783.979,4142772.052,4142781.492,"Silva","NEON_D07_MLBS_DP1_537000_4142000_classified_point_cloud.laz","2018_MLBS_3_537000_4142000_image.tif","Tree",1,537000,537999.999,4142000,4142999.999
"15991",15991,537766.114,537774.986,4142770.034,4142779.419,"Silva","NEON_D07_MLBS_DP1_537000_4142000_classified_point_cloud.laz","2018_MLBS_3_537000_4142000_image.tif","Tree",1,537000,537999.999,4142000,4142999.999
"15992",15992,537756.119,537766.495,4142770.591,4142777.908,"Silva","NEON_D07_MLBS_DP1_537000_4142000_classified_point_cloud.laz","2018_MLBS_3_537000_4142000_image.tif","Tree",1,537000,537999.999,4142000,4142999.999
"15993",15993,537745.511,537755.976,4142768.551,4142774.999,"Silva","NEON_D07_MLBS_DP1_537000_4142000_classified_point_cloud.laz","2018_MLBS_3_537000_4142000_image.tif","Tree",1,537000,537999.999,4142000,4142999.999
"15994",15994,537781.655,537789.983,4142770.173,4142779.274,"Silva","NEON_D07_MLBS_DP1_537000_4142000_classified_point_cloud.laz","2018_MLBS_3_537000_4142000_image.tif","Tree",1,537000,537999.999,4142000,4142999.999
"15995",15995,537759.008,537765.493,4142761.691,4142771.488,"Silva","NEON_D07_MLBS_DP1_537000_4142000_classified_point_cloud.laz","2018_MLBS_3_537000_4142000_image.tif","Tree",1,537000,537999.999,4142000,4142999.999
"15996",15996,537781.506,537790.946,4142765.735,4142770.969,"Silva","NEON_D07_MLBS_DP1_537000_4142000_classified_point_cloud.laz","2018_MLBS_3_537000_4142000_image.tif","Tree",1,537000,537999.999,4142000,4142999.999
"15997",15997,537764.082,537771.998,4142762.505,4142771.963,"Silva","NEON_D07_MLBS_DP1_537000_4142000_classified_point_cloud.laz","2018_MLBS_3_537000_4142000_image.tif","Tree",1,537000,537999.999,4142000,4142999.999
"15998",15998,537791.018,537798.48,4142765.524,4142771.906,"Silva","NEON_D07_MLBS_DP1_537000_4142000_classified_point_cloud.laz","2018_MLBS_3_537000_4142000_image.tif","Tree",1,537000,537999.999,4142000,4142999.999
"15999",15999,537797.513,537803.995,4142762.634,4142771.482,"Silva","NEON_D07_MLBS_DP1_537000_4142000_classified_point_cloud.laz","2018_MLBS_3_537000_4142000_image.tif","Tree",1,537000,537999.999,4142000,4142999.999
"16000",16000,537778.181,537783.495,4142760.007,4142769.481,"Silva","NEON_D07_MLBS_DP1_537000_4142000_classified_point_cloud.laz","2018_MLBS_3_537000_4142000_image.tif","Tree",1,537000,537999.999,4142000,4142999.999
"16001",16001,537783.503,537790.992,4142760.008,4142766.861,"Silva","NEON_D07_MLBS_DP1_537000_4142000_classified_point_cloud.laz","2018_MLBS_3_537000_4142000_image.tif","Tree",1,537000,537999.999,4142000,4142999.999
"16002",16002,537764.033,537774.449,4142758.016,4142765.885,"Silva","NEON_D07_MLBS_DP1_537000_4142000_classified_point_cloud.laz","2018_MLBS_3_537000_4142000_image.tif","Tree",1,537000,537999.999,4142000,4142999.999
"16003",16003,537790.536,537800.496,4142757.757,4142765.499,"Silva","NEON_D07_MLBS_DP1_537000_4142000_classified_point_cloud.laz","2018_MLBS_3_537000_4142000_image.tif","Tree",1,537000,537999.999,4142000,4142999.999
"16004",16004,537802.502,537812.917,4142760.004,4142768.267,"Silva","NEON_D07_MLBS_DP1_537000_4142000_classified_point_cloud.laz","2018_MLBS_3_537000_4142000_image.tif","Tree",1,537000,537999.999,4142000,4142999.999
"16005",16005,537772.032,537780.891,4142754.127,4142762.49,"Silva","NEON_D07_MLBS_DP1_537000_4142000_classified_point_cloud.laz","2018_MLBS_3_537000_4142000_image.tif","Tree",1,537000,537999.999,4142000,4142999.999
"16006",16006,537758.586,537767.987,4142751.504,4142761.862,"Silva","NEON_D07_MLBS_DP1_537000_4142000_classified_point_cloud.laz","2018_MLBS_3_537000_4142000_image.tif","Tree",1,537000,537999.999,4142000,4142999.999
"16007",16007,537797.721,537805.968,4142755.195,4142762.935,"Silva","NEON_D07_MLBS_DP1_537000_4142000_classified_point_cloud.laz","2018_MLBS_3_537000_4142000_image.tif","Tree",1,537000,537999.999,4142000,4142999.999
"16008",16008,537780.033,537788.479,4142751.005,4142760.497,"Silva","NEON_D07_MLBS_DP1_537000_4142000_classified_point_cloud.laz","2018_MLBS_3_537000_4142000_image.tif","Tree",1,537000,537999.999,4142000,4142999.999
"16009",16009,537810.004,537817.935,4142753.042,4142762.874,"Silva","NEON_D07_MLBS_DP1_537000_4142000_classified_point_cloud.laz","2018_MLBS_3_537000_4142000_image.tif","Tree",1,537000,537999.999,4142000,4142999.999
"16010",16010,537805.01,537810.986,4142750.773,4142759.989,"Silva","NEON_D07_MLBS_DP1_537000_4142000_classified_point_cloud.laz","2018_MLBS_3_537000_4142000_image.tif","Tree",1,537000,537999.999,4142000,4142999.999
"16011",16011,537796.5,537806.909,4142747.534,4142757.497,"Silva","NEON_D07_MLBS_DP1_537000_4142000_classified_point_cloud.laz","2018_MLBS_3_537000_4142000_image.tif","Tree",1,537000,537999.999,4142000,4142999.999
"16012",16012,537761.503,537772.905,4142744.674,4142751.984,"Silva","NEON_D07_MLBS_DP1_537000_4142000_classified_point_cloud.laz","2018_MLBS_3_537000_4142000_image.tif","Tree",1,537000,537999.999,4142000,4142999.999
"16013",16013,537779.506,537787.966,4142741.021,4142751.466,"Silva","NEON_D07_MLBS_DP1_537000_4142000_classified_point_cloud.laz","2018_MLBS_3_537000_4142000_image.tif","Tree",1,537000,537999.999,4142000,4142999.999
"16014",16014,537792.003,537802.346,4142742.002,4142752.47,"Silva","NEON_D07_MLBS_DP1_537000_4142000_classified_point_cloud.laz","2018_MLBS_3_537000_4142000_image.tif","Tree",1,537000,537999.999,4142000,4142999.999
"16015",16015,537786.152,537792.986,4142739.032,4142751.497,"Silva","NEON_D07_MLBS_DP1_537000_4142000_classified_point_cloud.laz","2018_MLBS_3_537000_4142000_image.tif","Tree",1,537000,537999.999,4142000,4142999.999
"16016",16016,537826.001,537835.456,4142804.041,4142811.447,"Silva","NEON_D07_MLBS_DP1_537000_4142000_classified_point_cloud.laz","2018_MLBS_3_537000_4142000_image.tif","Tree",1,537000,537999.999,4142000,4142999.999
"16017",16017,537821.084,537826.473,4142803.006,4142812.49,"Silva","NEON_D07_MLBS_DP1_537000_4142000_classified_point_cloud.laz","2018_MLBS_3_537000_4142000_image.tif","Tree",1,537000,537999.999,4142000,4142999.999
"16018",16018,537840.063,537851.992,4142800.551,4142811.981,"Silva","NEON_D07_MLBS_DP1_537000_4142000_classified_point_cloud.laz","2018_MLBS_3_537000_4142000_image.tif","Tree",1,537000,537999.999,4142000,4142999.999
"16019",16019,537863.008,537870.954,4142802.035,4142810.485,"Silva","NEON_D07_MLBS_DP1_537000_4142000_classified_point_cloud.laz","2018_MLBS_3_537000_4142000_image.tif","Tree",1,537000,537999.999,4142000,4142999.999
"16020",16020,537858.032,537865.484,4142801.632,4142811.429,"Silva","NEON_D07_MLBS_DP1_537000_4142000_classified_point_cloud.laz","2018_MLBS_3_537000_4142000_image.tif","Tree",1,537000,537999.999,4142000,4142999.999
"16021",16021,537825.52,537838.928,4142795.645,4142808.496,"Silva","NEON_D07_MLBS_DP1_537000_4142000_classified_point_cloud.laz","2018_MLBS_3_537000_4142000_image.tif","Tree",1,537000,537999.999,4142000,4142999.999
"16022",16022,537873.613,537880.979,4142802.008,4142809.725,"Silva","NEON_D07_MLBS_DP1_537000_4142000_classified_point_cloud.laz","2018_MLBS_3_537000_4142000_image.tif","Tree",1,537000,537999.999,4142000,4142999.999
"16023",16023,537817.019,537827.31,4142794.506,4142803.68,"Silva","NEON_D07_MLBS_DP1_537000_4142000_classified_point_cloud.laz","2018_MLBS_3_537000_4142000_image.tif","Tree",1,537000,537999.999,4142000,4142999.999
"16024",16024,537815.728,537824.407,4142791.101,4142798.396,"Silva","NEON_D07_MLBS_DP1_537000_4142000_classified_point_cloud.laz","2018_MLBS_3_537000_4142000_image.tif","Tree",1,537000,537999.999,4142000,4142999.999
"16025",16025,537838.163,537846.491,4142792.13,4142798.977,"Silva","NEON_D07_MLBS_DP1_537000_4142000_classified_point_cloud.laz","2018_MLBS_3_537000_4142000_image.tif","Tree",1,537000,537999.999,4142000,4142999.999
"16026",16026,537863.519,537870.484,4142790.016,4142801.945,"Silva","NEON_D07_MLBS_DP1_537000_4142000_classified_point_cloud.laz","2018_MLBS_3_537000_4142000_image.tif","Tree",1,537000,537999.999,4142000,4142999.999
"16027",16027,537811.503,537819.465,4142786.65,4142794.446,"Silva","NEON_D07_MLBS_DP1_537000_4142000_classified_point_cloud.laz","2018_MLBS_3_537000_4142000_image.tif","Tree",1,537000,537999.999,4142000,4142999.999
"16028",16028,537823.534,537827.973,4142787.501,4142795.264,"Silva","NEON_D07_MLBS_DP1_537000_4142000_classified_point_cloud.laz","2018_MLBS_3_537000_4142000_image.tif","Tree",1,537000,537999.999,4142000,4142999.999
"16029",16029,537818.022,537823.863,4142784.519,4142792.919,"Silva","NEON_D07_MLBS_DP1_537000_4142000_classified_point_cloud.laz","2018_MLBS_3_537000_4142000_image.tif","Tree",1,537000,537999.999,4142000,4142999.999
"16030",16030,537828.012,537833.959,4142786.556,4142794.438,"Silva","NEON_D07_MLBS_DP1_537000_4142000_classified_point_cloud.laz","2018_MLBS_3_537000_4142000_image.tif","Tree",1,537000,537999.999,4142000,4142999.999
"16031",16031,537842.043,537849.965,4142785.525,4142792.994,"Silva","NEON_D07_MLBS_DP1_537000_4142000_classified_point_cloud.laz","2018_MLBS_3_537000_4142000_image.tif","Tree",1,537000,537999.999,4142000,4142999.999
"16032",16032,537821.09,537827.749,4142781.168,4142787.473,"Silva","NEON_D07_MLBS_DP1_537000_4142000_classified_point_cloud.laz","2018_MLBS_3_537000_4142000_image.tif","Tree",1,537000,537999.999,4142000,4142999.999
"16033",16033,537829.527,537836.493,4142784.018,4142788.47,"Silva","NEON_D07_MLBS_DP1_537000_4142000_classified_point_cloud.laz","2018_MLBS_3_537000_4142000_image.tif","Tree",1,537000,537999.999,4142000,4142999.999
"16034",16034,537823.005,537829.968,4142780.061,4142786.946,"Silva","NEON_D07_MLBS_DP1_537000_4142000_classified_point_cloud.laz","2018_MLBS_3_537000_4142000_image.tif","Tree",1,537000,537999.999,4142000,4142999.999
"16035",16035,537867.505,537877.95,4142784.538,4142792.47,"Silva","NEON_D07_MLBS_DP1_537000_4142000_classified_point_cloud.laz","2018_MLBS_3_537000_4142000_image.tif","Tree",1,537000,537999.999,4142000,4142999.999
"16036",16036,537856.582,537867.455,4142780.545,4142792.732,"Silva","NEON_D07_MLBS_DP1_537000_4142000_classified_point_cloud.laz","2018_MLBS_3_537000_4142000_image.tif","Tree",1,537000,537999.999,4142000,4142999.999
"16037",16037,537836.007,537843.997,4142777.553,4142786.494,"Silva","NEON_D07_MLBS_DP1_537000_4142000_classified_point_cloud.laz","2018_MLBS_3_537000_4142000_image.tif","Tree",1,537000,537999.999,4142000,4142999.999
"16038",16038,537830.509,537836.421,4142778.515,4142784.49,"Silva","NEON_D07_MLBS_DP1_537000_4142000_classified_point_cloud.laz","2018_MLBS_3_537000_4142000_image.tif","Tree",1,537000,537999.999,4142000,4142999.999
"16039",16039,537823.285,537830.992,4142778.518,4142783.961,"Silva","NEON_D07_MLBS_DP1_537000_4142000_classified_point_cloud.laz","2018_MLBS_3_537000_4142000_image.tif","Tree",1,537000,537999.999,4142000,4142999.999
"16040",16040,537877.515,537882.498,4142780.501,4142786.986,"Silva","NEON_D07_MLBS_DP1_537000_4142000_classified_point_cloud.laz","2018_MLBS_3_537000_4142000_image.tif","Tree",1,537000,537999.999,4142000,4142999.999
"16041",16041,537872.509,537878.865,4142780.522,4142786.957,"Silva","NEON_D07_MLBS_DP1_537000_4142000_classified_point_cloud.laz","2018_MLBS_3_537000_4142000_image.tif","Tree",1,537000,537999.999,4142000,4142999.999
"16042",16042,537863.594,537872.455,4142778.552,4142788.465,"Silva","NEON_D07_MLBS_DP1_537000_4142000_classified_point_cloud.laz","2018_MLBS_3_537000_4142000_image.tif","Tree",1,537000,537999.999,4142000,4142999.999
"16043",16043,537820.002,537830.998,4142769.051,4142779.486,"Silva","NEON_D07_MLBS_DP1_537000_4142000_classified_point_cloud.laz","2018_MLBS_3_537000_4142000_image.tif","Tree",1,537000,537999.999,4142000,4142999.999
"16044",16044,537831.001,537839.964,4142768.754,4142779.999,"Silva","NEON_D07_MLBS_DP1_537000_4142000_classified_point_cloud.laz","2018_MLBS_3_537000_4142000_image.tif","Tree",1,537000,537999.999,4142000,4142999.999
"16045",16045,537875.613,537881.439,4142775.63,4142780.983,"Silva","NEON_D07_MLBS_DP1_537000_4142000_classified_point_cloud.laz","2018_MLBS_3_537000_4142000_image.tif","Tree",1,537000,537999.999,4142000,4142999.999
"16046",16046,537872.529,537876.468,4142774.601,4142780.456,"Silva","NEON_D07_MLBS_DP1_537000_4142000_classified_point_cloud.laz","2018_MLBS_3_537000_4142000_image.tif","Tree",1,537000,537999.999,4142000,4142999.999
"16047",16047,537810.587,537821.964,4142761.52,4142774.468,"Silva","NEON_D07_MLBS_DP1_537000_4142000_classified_point_cloud.laz","2018_MLBS_3_537000_4142000_image.tif","Tree",1,537000,537999.999,4142000,4142999.999
"16048",16048,537860.004,537868.448,4142765.518,4142773.987,"Silva","NEON_D07_MLBS_DP1_537000_4142000_classified_point_cloud.laz","2018_MLBS_3_537000_4142000_image.tif","Tree",1,537000,537999.999,4142000,4142999.999
"16049",16049,537834.503,537846.968,4142761.503,4142771.49,"Silva","NEON_D07_MLBS_DP1_537000_4142000_classified_point_cloud.laz","2018_MLBS_3_537000_4142000_image.tif","Tree",1,537000,537999.999,4142000,4142999.999
"16050",16050,537826.553,537835.492,4142758.037,4142769.5,"Silva","NEON_D07_MLBS_DP1_537000_4142000_classified_point_cloud.laz","2018_MLBS_3_537000_4142000_image.tif","Tree",1,537000,537999.999,4142000,4142999.999
"16051",16051,537846.537,537860.477,4142757.609,4142770.994,"Silva","NEON_D07_MLBS_DP1_537000_4142000_classified_point_cloud.laz","2018_MLBS_3_537000_4142000_image.tif","Tree",1,537000,537999.999,4142000,4142999.999
"16052",16052,537819.004,537827.979,4142755.719,4142765.286,"Silva","NEON_D07_MLBS_DP1_537000_4142000_classified_point_cloud.laz","2018_MLBS_3_537000_4142000_image.tif","Tree",1,537000,537999.999,4142000,4142999.999
"16053",16053,537811.059,537822.471,4142748.57,4142759.924,"Silva","NEON_D07_MLBS_DP1_537000_4142000_classified_point_cloud.laz","2018_MLBS_3_537000_4142000_image.tif","Tree",1,537000,537999.999,4142000,4142999.999
"16054",16054,537830.524,537837.91,4142751.013,4142755.992,"Silva","NEON_D07_MLBS_DP1_537000_4142000_classified_point_cloud.laz","2018_MLBS_3_537000_4142000_image.tif","Tree",1,537000,537999.999,4142000,4142999.999
"16055",16055,537821.589,537830.481,4142748.034,4142756.943,"Silva","NEON_D07_MLBS_DP1_537000_4142000_classified_point_cloud.laz","2018_MLBS_3_537000_4142000_image.tif","Tree",1,537000,537999.999,4142000,4142999.999
"16056",16056,537829.556,537836.983,4142742.517,4142752.492,"Silva","NEON_D07_MLBS_DP1_537000_4142000_classified_point_cloud.laz","2018_MLBS_3_537000_4142000_image.tif","Tree",1,537000,537999.999,4142000,4142999.999
"16057",16057,537819.052,537829.941,4142745.011,4142752.477,"Silva","NEON_D07_MLBS_DP1_537000_4142000_classified_point_cloud.laz","2018_MLBS_3_537000_4142000_image.tif","Tree",1,537000,537999.999,4142000,4142999.999
"16058",16058,537625.004,537631.959,4142866.066,4142881.49,"Silva","NEON_D07_MLBS_DP1_537000_4142000_classified_point_cloud.laz","2018_MLBS_3_537000_4142000_image.tif","Tree",1,537000,537999.999,4142000,4142999.999
"16059",16059,537627.038,537642.416,4142854.567,4142864.387,"Silva","NEON_D07_MLBS_DP1_537000_4142000_classified_point_cloud.laz","2018_MLBS_3_537000_4142000_image.tif","Tree",1,537000,537999.999,4142000,4142999.999
"16060",16060,537676.029,537685.966,4142808.048,4142814.474,"Silva","NEON_D07_MLBS_DP1_537000_4142000_classified_point_cloud.laz","2018_MLBS_3_537000_4142000_image.tif","Tree",1,537000,537999.999,4142000,4142999.999
"16061",16061,537648.55,537656.606,4142804.005,4142811.826,"Silva","NEON_D07_MLBS_DP1_537000_4142000_classified_point_cloud.laz","2018_MLBS_3_537000_4142000_image.tif","Tree",1,537000,537999.999,4142000,4142999.999
"16062",16062,537662.528,537674.961,4142806.062,4142815.434,"Silva","NEON_D07_MLBS_DP1_537000_4142000_classified_point_cloud.laz","2018_MLBS_3_537000_4142000_image.tif","Tree",1,537000,537999.999,4142000,4142999.999
"16063",16063,537650.521,537660.923,4142808.533,4142816.496,"Silva","NEON_D07_MLBS_DP1_537000_4142000_classified_point_cloud.laz","2018_MLBS_3_537000_4142000_image.tif","Tree",1,537000,537999.999,4142000,4142999.999
"16064",16064,537618.105,537627.369,4142809.7,4142819.437,"Silva","NEON_D07_MLBS_DP1_537000_4142000_classified_point_cloud.laz","2018_MLBS_3_537000_4142000_image.tif","Tree",1,537000,537999.999,4142000,4142999.999
"16065",16065,537667.002,537672.993,4142814.054,4142823.378,"Silva","NEON_D07_MLBS_DP1_537000_4142000_classified_point_cloud.laz","2018_MLBS_3_537000_4142000_image.tif","Tree",1,537000,537999.999,4142000,4142999.999
"16066",16066,537659.508,537668.951,4142813.013,4142825.499,"Silva","NEON_D07_MLBS_DP1_537000_4142000_classified_point_cloud.laz","2018_MLBS_3_537000_4142000_image.tif","Tree",1,537000,537999.999,4142000,4142999.999
"16067",16067,537622.041,537630.497,4142811.501,4142820.986,"Silva","NEON_D07_MLBS_DP1_537000_4142000_classified_point_cloud.laz","2018_MLBS_3_537000_4142000_image.tif","Tree",1,537000,537999.999,4142000,4142999.999
"16068",16068,537627.041,537635.498,4142818.553,4142829.972,"Silva","NEON_D07_MLBS_DP1_537000_4142000_classified_point_cloud.laz","2018_MLBS_3_537000_4142000_image.tif","Tree",1,537000,537999.999,4142000,4142999.999
"16069",16069,537668.169,537679.497,4142821.002,4142828.495,"Silva","NEON_D07_MLBS_DP1_537000_4142000_classified_point_cloud.laz","2018_MLBS_3_537000_4142000_image.tif","Tree",1,537000,537999.999,4142000,4142999.999
"16070",16070,537643.004,537651.968,4142818.04,4142828.984,"Silva","NEON_D07_MLBS_DP1_537000_4142000_classified_point_cloud.laz","2018_MLBS_3_537000_4142000_image.tif","Tree",1,537000,537999.999,4142000,4142999.999
"16071",16071,537650.529,537656.969,4142823.013,4142832.995,"Silva","NEON_D07_MLBS_DP1_537000_4142000_classified_point_cloud.laz","2018_MLBS_3_537000_4142000_image.tif","Tree",1,537000,537999.999,4142000,4142999.999
"16072",16072,537655.52,537664.991,4142824.116,4142833.49,"Silva","NEON_D07_MLBS_DP1_537000_4142000_classified_point_cloud.laz","2018_MLBS_3_537000_4142000_image.tif","Tree",1,537000,537999.999,4142000,4142999.999
"16073",16073,537632.503,537643.348,4142819.525,4142831.498,"Silva","NEON_D07_MLBS_DP1_537000_4142000_classified_point_cloud.laz","2018_MLBS_3_537000_4142000_image.tif","Tree",1,537000,537999.999,4142000,4142999.999
"16074",16074,537622.501,537630.819,4142820.63,4142829.491,"Silva","NEON_D07_MLBS_DP1_537000_4142000_classified_point_cloud.laz","2018_MLBS_3_537000_4142000_image.tif","Tree",1,537000,537999.999,4142000,4142999.999
"16075",16075,537638.551,537648.418,4142824.055,4142833.394,"Silva","NEON_D07_MLBS_DP1_537000_4142000_classified_point_cloud.laz","2018_MLBS_3_537000_4142000_image.tif","Tree",1,537000,537999.999,4142000,4142999.999
"16076",16076,537616.53,537626.388,4142826.17,4142832.415,"Silva","NEON_D07_MLBS_DP1_537000_4142000_classified_point_cloud.laz","2018_MLBS_3_537000_4142000_image.tif","Tree",1,537000,537999.999,4142000,4142999.999
"16077",16077,537658.617,537669.391,4142825.514,4142835.98,"Silva","NEON_D07_MLBS_DP1_537000_4142000_classified_point_cloud.laz","2018_MLBS_3_537000_4142000_image.tif","Tree",1,537000,537999.999,4142000,4142999.999
"16078",16078,537665.536,537673.492,4142828.243,4142838.5,"Silva","NEON_D07_MLBS_DP1_537000_4142000_classified_point_cloud.laz","2018_MLBS_3_537000_4142000_image.tif","Tree",1,537000,537999.999,4142000,4142999.999
"16079",16079,537642.014,537652.734,4142829.008,4142838.49,"Silva","NEON_D07_MLBS_DP1_537000_4142000_classified_point_cloud.laz","2018_MLBS_3_537000_4142000_image.tif","Tree",1,537000,537999.999,4142000,4142999.999
"16080",16080,537614.001,537622.95,4142828.009,4142837.47,"Silva","NEON_D07_MLBS_DP1_537000_4142000_classified_point_cloud.laz","2018_MLBS_3_537000_4142000_image.tif","Tree",1,537000,537999.999,4142000,4142999.999
"16081",16081,537621.526,537632.972,4142829.507,4142840.308,"Silva","NEON_D07_MLBS_DP1_537000_4142000_classified_point_cloud.laz","2018_MLBS_3_537000_4142000_image.tif","Tree",1,537000,537999.999,4142000,4142999.999
"16082",16082,537634.004,537644.499,4142831.507,4142840.265,"Silva","NEON_D07_MLBS_DP1_537000_4142000_classified_point_cloud.laz","2018_MLBS_3_537000_4142000_image.tif","Tree",1,537000,537999.999,4142000,4142999.999
"16083",16083,537650.09,537656.993,4142833.049,4142843.897,"Silva","NEON_D07_MLBS_DP1_537000_4142000_classified_point_cloud.laz","2018_MLBS_3_537000_4142000_image.tif","Tree",1,537000,537999.999,4142000,4142999.999
"16084",16084,537674.095,537681.941,4142836.123,4142844.888,"Silva","NEON_D07_MLBS_DP1_537000_4142000_classified_point_cloud.laz","2018_MLBS_3_537000_4142000_image.tif","Tree",1,537000,537999.999,4142000,4142999.999
"16085",16085,537655.852,537661.499,4142833.518,4142846.465,"Silva","NEON_D07_MLBS_DP1_537000_4142000_classified_point_cloud.laz","2018_MLBS_3_537000_4142000_image.tif","Tree",1,537000,537999.999,4142000,4142999.999
"16086",16086,537675.018,537686.449,4142843.079,4142852.967,"Silva","NEON_D07_MLBS_DP1_537000_4142000_classified_point_cloud.laz","2018_MLBS_3_537000_4142000_image.tif","Tree",1,537000,537999.999,4142000,4142999.999
"16087",16087,537649.006,537656.992,4142842.013,4142847.998,"Silva","NEON_D07_MLBS_DP1_537000_4142000_classified_point_cloud.laz","2018_MLBS_3_537000_4142000_image.tif","Tree",1,537000,537999.999,4142000,4142999.999
"16088",16088,537662.035,537670.714,4142842.587,4142850.941,"Silva","NEON_D07_MLBS_DP1_537000_4142000_classified_point_cloud.laz","2018_MLBS_3_537000_4142000_image.tif","Tree",1,537000,537999.999,4142000,4142999.999
"16089",16089,537618.015,537629.484,4142840.846,4142850.996,"Silva","NEON_D07_MLBS_DP1_537000_4142000_classified_point_cloud.laz","2018_MLBS_3_537000_4142000_image.tif","Tree",1,537000,537999.999,4142000,4142999.999
"16090",16090,537631.511,537639.494,4142846.515,4142854.988,"Silva","NEON_D07_MLBS_DP1_537000_4142000_classified_point_cloud.laz","2018_MLBS_3_537000_4142000_image.tif","Tree",1,537000,537999.999,4142000,4142999.999
"16091",16091,537650.525,537657.775,4142848.033,4142856.494,"Silva","NEON_D07_MLBS_DP1_537000_4142000_classified_point_cloud.laz","2018_MLBS_3_537000_4142000_image.tif","Tree",1,537000,537999.999,4142000,4142999.999
"16092",16092,537627.541,537634.492,4142849.516,4142857.985,"Silva","NEON_D07_MLBS_DP1_537000_4142000_classified_point_cloud.laz","2018_MLBS_3_537000_4142000_image.tif","Tree",1,537000,537999.999,4142000,4142999.999
"16093",16093,537655.272,537663.489,4142852.046,4142861.499,"Silva","NEON_D07_MLBS_DP1_537000_4142000_classified_point_cloud.laz","2018_MLBS_3_537000_4142000_image.tif","Tree",1,537000,537999.999,4142000,4142999.999
"16094",16094,537643.05,537655.966,4142854.013,4142863.906,"Silva","NEON_D07_MLBS_DP1_537000_4142000_classified_point_cloud.laz","2018_MLBS_3_537000_4142000_image.tif","Tree",1,537000,537999.999,4142000,4142999.999
"16095",16095,537683.522,537690.473,4142863.005,4142870,"Silva","NEON_D07_MLBS_DP1_537000_4142000_classified_point_cloud.laz","2018_MLBS_3_537000_4142000_image.tif","Tree",1,537000,537999.999,4142000,4142999.999
"16096",16096,537711.548,537719.99,4142808.016,4142815.992,"Silva","NEON_D07_MLBS_DP1_537000_4142000_classified_point_cloud.laz","2018_MLBS_3_537000_4142000_image.tif","Tree",1,537000,537999.999,4142000,4142999.999
"16097",16097,537699.016,537711.448,4142806.504,4142815.496,"Silva","NEON_D07_MLBS_DP1_537000_4142000_classified_point_cloud.laz","2018_MLBS_3_537000_4142000_image.tif","Tree",1,537000,537999.999,4142000,4142999.999
"16098",16098,537685.039,537693.988,4142807.587,4142815.985,"Silva","NEON_D07_MLBS_DP1_537000_4142000_classified_point_cloud.laz","2018_MLBS_3_537000_4142000_image.tif","Tree",1,537000,537999.999,4142000,4142999.999
"16099",16099,537702.009,537711.903,4142816.003,4142823.391,"Silva","NEON_D07_MLBS_DP1_537000_4142000_classified_point_cloud.laz","2018_MLBS_3_537000_4142000_image.tif","Tree",1,537000,537999.999,4142000,4142999.999
"16100",16100,537679.53,537686.978,4142813.049,4142820.495,"Silva","NEON_D07_MLBS_DP1_537000_4142000_classified_point_cloud.laz","2018_MLBS_3_537000_4142000_image.tif","Tree",1,537000,537999.999,4142000,4142999.999
"16101",16101,537720.03,537729.831,4142816.157,4142823.492,"Silva","NEON_D07_MLBS_DP1_537000_4142000_classified_point_cloud.laz","2018_MLBS_3_537000_4142000_image.tif","Tree",1,537000,537999.999,4142000,4142999.999
"16102",16102,537709,537717.808,4142815.007,4142824.448,"Silva","NEON_D07_MLBS_DP1_537000_4142000_classified_point_cloud.laz","2018_MLBS_3_537000_4142000_image.tif","Tree",1,537000,537999.999,4142000,4142999.999
"16103",16103,537712.503,537721.497,4142816.558,4142825.996,"Silva","NEON_D07_MLBS_DP1_537000_4142000_classified_point_cloud.laz","2018_MLBS_3_537000_4142000_image.tif","Tree",1,537000,537999.999,4142000,4142999.999
"16104",16104,537693.074,537703.471,4142819.361,4142829.771,"Silva","NEON_D07_MLBS_DP1_537000_4142000_classified_point_cloud.laz","2018_MLBS_3_537000_4142000_image.tif","Tree",1,537000,537999.999,4142000,4142999.999
"16105",16105,537706.051,537714.484,4142823.541,4142832.994,"Silva","NEON_D07_MLBS_DP1_537000_4142000_classified_point_cloud.laz","2018_MLBS_3_537000_4142000_image.tif","Tree",1,537000,537999.999,4142000,4142999.999
"16106",16106,537681.002,537693.495,4142823.726,4142833.421,"Silva","NEON_D07_MLBS_DP1_537000_4142000_classified_point_cloud.laz","2018_MLBS_3_537000_4142000_image.tif","Tree",1,537000,537999.999,4142000,4142999.999
"16107",16107,537716.002,537725.358,4142831.025,4142839.491,"Silva","NEON_D07_MLBS_DP1_537000_4142000_classified_point_cloud.laz","2018_MLBS_3_537000_4142000_image.tif","Tree",1,537000,537999.999,4142000,4142999.999
"16108",16108,537698.565,537706.49,4142831.582,4142839.379,"Silva","NEON_D07_MLBS_DP1_537000_4142000_classified_point_cloud.laz","2018_MLBS_3_537000_4142000_image.tif","Tree",1,537000,537999.999,4142000,4142999.999
"16109",16109,537685.007,537695.913,4142828.657,4142837.882,"Silva","NEON_D07_MLBS_DP1_537000_4142000_classified_point_cloud.laz","2018_MLBS_3_537000_4142000_image.tif","Tree",1,537000,537999.999,4142000,4142999.999
"16110",16110,537702.556,537708.304,4142832.745,4142838.983,"Silva","NEON_D07_MLBS_DP1_537000_4142000_classified_point_cloud.laz","2018_MLBS_3_537000_4142000_image.tif","Tree",1,537000,537999.999,4142000,4142999.999
"16111",16111,537701.028,537709.136,4142838.503,4142842.495,"Silva","NEON_D07_MLBS_DP1_537000_4142000_classified_point_cloud.laz","2018_MLBS_3_537000_4142000_image.tif","Tree",1,537000,537999.999,4142000,4142999.999
"16112",16112,537703.001,537710.944,4142842.004,4142849.43,"Silva","NEON_D07_MLBS_DP1_537000_4142000_classified_point_cloud.laz","2018_MLBS_3_537000_4142000_image.tif","Tree",1,537000,537999.999,4142000,4142999.999
"16113",16113,537686.512,537696.412,4142845.503,4142853.393,"Silva","NEON_D07_MLBS_DP1_537000_4142000_classified_point_cloud.laz","2018_MLBS_3_537000_4142000_image.tif","Tree",1,537000,537999.999,4142000,4142999.999
"16114",16114,537697.147,537705.947,4142853.001,4142861.373,"Silva","NEON_D07_MLBS_DP1_537000_4142000_classified_point_cloud.laz","2018_MLBS_3_537000_4142000_image.tif","Tree",1,537000,537999.999,4142000,4142999.999
"16115",16115,537635.593,537647.995,4142931.001,4142943.499,"Silva","NEON_D07_MLBS_DP1_537000_4142000_classified_point_cloud.laz","2018_MLBS_3_537000_4142000_image.tif","Tree",1,537000,537999.999,4142000,4142999.999
"16116",16116,537648.001,537659.985,4142932.022,4142942.494,"Silva","NEON_D07_MLBS_DP1_537000_4142000_classified_point_cloud.laz","2018_MLBS_3_537000_4142000_image.tif","Tree",1,537000,537999.999,4142000,4142999.999
"16117",16117,537622.054,537630.41,4142926.003,4142937.359,"Silva","NEON_D07_MLBS_DP1_537000_4142000_classified_point_cloud.laz","2018_MLBS_3_537000_4142000_image.tif","Tree",1,537000,537999.999,4142000,4142999.999
"16118",16118,537615.015,537623.894,4142926.006,4142936.492,"Silva","NEON_D07_MLBS_DP1_537000_4142000_classified_point_cloud.laz","2018_MLBS_3_537000_4142000_image.tif","Tree",1,537000,537999.999,4142000,4142999.999
"16119",16119,537642.513,537650.979,4142924.503,4142934.5,"Silva","NEON_D07_MLBS_DP1_537000_4142000_classified_point_cloud.laz","2018_MLBS_3_537000_4142000_image.tif","Tree",1,537000,537999.999,4142000,4142999.999
"16120",16120,537624.511,537637.474,4142924.007,4142931.819,"Silva","NEON_D07_MLBS_DP1_537000_4142000_classified_point_cloud.laz","2018_MLBS_3_537000_4142000_image.tif","Tree",1,537000,537999.999,4142000,4142999.999
"16121",16121,537636.198,537644.973,4142920.023,4142930.989,"Silva","NEON_D07_MLBS_DP1_537000_4142000_classified_point_cloud.laz","2018_MLBS_3_537000_4142000_image.tif","Tree",1,537000,537999.999,4142000,4142999.999
"16122",16122,537625.06,537638.458,4142917.547,4142923.994,"Silva","NEON_D07_MLBS_DP1_537000_4142000_classified_point_cloud.laz","2018_MLBS_3_537000_4142000_image.tif","Tree",1,537000,537999.999,4142000,4142999.999
"16123",16123,537642.628,537649.959,4142910.501,4142917.345,"Silva","NEON_D07_MLBS_DP1_537000_4142000_classified_point_cloud.laz","2018_MLBS_3_537000_4142000_image.tif","Tree",1,537000,537999.999,4142000,4142999.999
"16124",16124,537631.585,537641.858,4142909.001,4142917.487,"Silva","NEON_D07_MLBS_DP1_537000_4142000_classified_point_cloud.laz","2018_MLBS_3_537000_4142000_image.tif","Tree",1,537000,537999.999,4142000,4142999.999
"16125",16125,537664.507,537673.362,4142908.528,4142916.957,"Silva","NEON_D07_MLBS_DP1_537000_4142000_classified_point_cloud.laz","2018_MLBS_3_537000_4142000_image.tif","Tree",1,537000,537999.999,4142000,4142999.999
"16126",16126,537668.609,537675.95,4142905.012,4142913.999,"Silva","NEON_D07_MLBS_DP1_537000_4142000_classified_point_cloud.laz","2018_MLBS_3_537000_4142000_image.tif","Tree",1,537000,537999.999,4142000,4142999.999
"16127",16127,537659.513,537667.496,4142902.503,4142909.98,"Silva","NEON_D07_MLBS_DP1_537000_4142000_classified_point_cloud.laz","2018_MLBS_3_537000_4142000_image.tif","Tree",1,537000,537999.999,4142000,4142999.999
"16128",16128,537645.006,537650.97,4142896.517,4142902.427,"Silva","NEON_D07_MLBS_DP1_537000_4142000_classified_point_cloud.laz","2018_MLBS_3_537000_4142000_image.tif","Tree",1,537000,537999.999,4142000,4142999.999
"16129",16129,537654,537661.35,4142890.015,4142899.47,"Silva","NEON_D07_MLBS_DP1_537000_4142000_classified_point_cloud.laz","2018_MLBS_3_537000_4142000_image.tif","Tree",1,537000,537999.999,4142000,4142999.999
"16130",16130,537670.504,537677.494,4142891.014,4142898.49,"Silva","NEON_D07_MLBS_DP1_537000_4142000_classified_point_cloud.laz","2018_MLBS_3_537000_4142000_image.tif","Tree",1,537000,537999.999,4142000,4142999.999
"16131",16131,537644.003,537651.989,4142878.507,4142885.5,"Silva","NEON_D07_MLBS_DP1_537000_4142000_classified_point_cloud.laz","2018_MLBS_3_537000_4142000_image.tif","Tree",1,537000,537999.999,4142000,4142999.999
"16132",16132,537727.003,537735.497,4142868.508,4142878.452,"Silva","NEON_D07_MLBS_DP1_537000_4142000_classified_point_cloud.laz","2018_MLBS_3_537000_4142000_image.tif","Tree",1,537000,537999.999,4142000,4142999.999
"16133",16133,537744.025,537752.978,4142869.003,4142878.978,"Silva","NEON_D07_MLBS_DP1_537000_4142000_classified_point_cloud.laz","2018_MLBS_3_537000_4142000_image.tif","Tree",1,537000,537999.999,4142000,4142999.999
"16134",16134,537719.52,537725.954,4142865.224,4142871.997,"Silva","NEON_D07_MLBS_DP1_537000_4142000_classified_point_cloud.laz","2018_MLBS_3_537000_4142000_image.tif","Tree",1,537000,537999.999,4142000,4142999.999
"16135",16135,537731.01,537736.498,4142866.003,4142874.977,"Silva","NEON_D07_MLBS_DP1_537000_4142000_classified_point_cloud.laz","2018_MLBS_3_537000_4142000_image.tif","Tree",1,537000,537999.999,4142000,4142999.999
"16136",16136,537725.008,537734.978,4142860.155,4142868.497,"Silva","NEON_D07_MLBS_DP1_537000_4142000_classified_point_cloud.laz","2018_MLBS_3_537000_4142000_image.tif","Tree",1,537000,537999.999,4142000,4142999.999
"16137",16137,537708.009,537715.923,4142857.063,4142864.498,"Silva","NEON_D07_MLBS_DP1_537000_4142000_classified_point_cloud.laz","2018_MLBS_3_537000_4142000_image.tif","Tree",1,537000,537999.999,4142000,4142999.999
"16138",16138,537741.724,537749.497,4142805.041,4142813.494,"Silva","NEON_D07_MLBS_DP1_537000_4142000_classified_point_cloud.laz","2018_MLBS_3_537000_4142000_image.tif","Tree",1,537000,537999.999,4142000,4142999.999
"16139",16139,537728.003,537736.941,4142812.065,4142819.486,"Silva","NEON_D07_MLBS_DP1_537000_4142000_classified_point_cloud.laz","2018_MLBS_3_537000_4142000_image.tif","Tree",1,537000,537999.999,4142000,4142999.999
"16140",16140,537743.009,537750.987,4142813.517,4142821.982,"Silva","NEON_D07_MLBS_DP1_537000_4142000_classified_point_cloud.laz","2018_MLBS_3_537000_4142000_image.tif","Tree",1,537000,537999.999,4142000,4142999.999
"16141",16141,537739.007,537745.869,4142818.526,4142823.385,"Silva","NEON_D07_MLBS_DP1_537000_4142000_classified_point_cloud.laz","2018_MLBS_3_537000_4142000_image.tif","Tree",1,537000,537999.999,4142000,4142999.999
"16142",16142,537738.132,537743.997,4142822.51,4142828.95,"Silva","NEON_D07_MLBS_DP1_537000_4142000_classified_point_cloud.laz","2018_MLBS_3_537000_4142000_image.tif","Tree",1,537000,537999.999,4142000,4142999.999
"16143",16143,537721.033,537729.994,4142823.02,4142829.969,"Silva","NEON_D07_MLBS_DP1_537000_4142000_classified_point_cloud.laz","2018_MLBS_3_537000_4142000_image.tif","Tree",1,537000,537999.999,4142000,4142999.999
"16144",16144,537735.009,537739.998,4142823.328,4142829.999,"Silva","NEON_D07_MLBS_DP1_537000_4142000_classified_point_cloud.laz","2018_MLBS_3_537000_4142000_image.tif","Tree",1,537000,537999.999,4142000,4142999.999
"16145",16145,537743.063,537752.436,4142828.035,4142834.468,"Silva","NEON_D07_MLBS_DP1_537000_4142000_classified_point_cloud.laz","2018_MLBS_3_537000_4142000_image.tif","Tree",1,537000,537999.999,4142000,4142999.999
"16146",16146,537729.516,537736.921,4142826.046,4142833.912,"Silva","NEON_D07_MLBS_DP1_537000_4142000_classified_point_cloud.laz","2018_MLBS_3_537000_4142000_image.tif","Tree",1,537000,537999.999,4142000,4142999.999
"16147",16147,537714.078,537722.418,4142825.004,4142833.933,"Silva","NEON_D07_MLBS_DP1_537000_4142000_classified_point_cloud.laz","2018_MLBS_3_537000_4142000_image.tif","Tree",1,537000,537999.999,4142000,4142999.999
"16148",16148,537735.646,537743.972,4142828.644,4142837.316,"Silva","NEON_D07_MLBS_DP1_537000_4142000_classified_point_cloud.laz","2018_MLBS_3_537000_4142000_image.tif","Tree",1,537000,537999.999,4142000,4142999.999
"16149",16149,537739.121,537748.491,4142841.503,4142849.483,"Silva","NEON_D07_MLBS_DP1_537000_4142000_classified_point_cloud.laz","2018_MLBS_3_537000_4142000_image.tif","Tree",1,537000,537999.999,4142000,4142999.999
"16150",16150,537716.04,537726.47,4142839.118,4142849.489,"Silva","NEON_D07_MLBS_DP1_537000_4142000_classified_point_cloud.laz","2018_MLBS_3_537000_4142000_image.tif","Tree",1,537000,537999.999,4142000,4142999.999
"16151",16151,537735.52,537744.487,4142843.129,4142851.781,"Silva","NEON_D07_MLBS_DP1_537000_4142000_classified_point_cloud.laz","2018_MLBS_3_537000_4142000_image.tif","Tree",1,537000,537999.999,4142000,4142999.999
"16152",16152,537736.541,537745.49,4142849.129,4142857.984,"Silva","NEON_D07_MLBS_DP1_537000_4142000_classified_point_cloud.laz","2018_MLBS_3_537000_4142000_image.tif","Tree",1,537000,537999.999,4142000,4142999.999
"16153",16153,537681.501,537692.987,4142848.61,4142857.495,"Silva","NEON_D07_MLBS_DP1_537000_4142000_classified_point_cloud.laz","2018_MLBS_3_537000_4142000_image.tif","Tree",1,537000,537999.999,4142000,4142999.999
"16154",16154,537731.019,537740.936,4142856.537,4142863.979,"Silva","NEON_D07_MLBS_DP1_537000_4142000_classified_point_cloud.laz","2018_MLBS_3_537000_4142000_image.tif","Tree",1,537000,537999.999,4142000,4142999.999
"16155",16155,537665.516,537674.934,4142934.591,4142942.48,"Silva","NEON_D07_MLBS_DP1_537000_4142000_classified_point_cloud.laz","2018_MLBS_3_537000_4142000_image.tif","Tree",1,537000,537999.999,4142000,4142999.999
"16156",16156,537660.003,537668.984,4142930.603,4142937.492,"Silva","NEON_D07_MLBS_DP1_537000_4142000_classified_point_cloud.laz","2018_MLBS_3_537000_4142000_image.tif","Tree",1,537000,537999.999,4142000,4142999.999
"16157",16157,537659.02,537668.923,4142923.515,4142932.985,"Silva","NEON_D07_MLBS_DP1_537000_4142000_classified_point_cloud.laz","2018_MLBS_3_537000_4142000_image.tif","Tree",1,537000,537999.999,4142000,4142999.999
"16158",16158,537650.518,537659.869,4142923.039,4142931.972,"Silva","NEON_D07_MLBS_DP1_537000_4142000_classified_point_cloud.laz","2018_MLBS_3_537000_4142000_image.tif","Tree",1,537000,537999.999,4142000,4142999.999
"16159",16159,537677.523,537684.465,4142891.021,4142897.995,"Silva","NEON_D07_MLBS_DP1_537000_4142000_classified_point_cloud.laz","2018_MLBS_3_537000_4142000_image.tif","Tree",1,537000,537999.999,4142000,4142999.999
"16160",16160,537673.771,537679.418,4142895.045,4142901.492,"Silva","NEON_D07_MLBS_DP1_537000_4142000_classified_point_cloud.laz","2018_MLBS_3_537000_4142000_image.tif","Tree",1,537000,537999.999,4142000,4142999.999
"16161",16161,537677.506,537688.982,4142931.642,4142940.407,"Silva","NEON_D07_MLBS_DP1_537000_4142000_classified_point_cloud.laz","2018_MLBS_3_537000_4142000_image.tif","Tree",1,537000,537999.999,4142000,4142999.999
"16162",16162,537718.518,537728.49,4142932.524,4142941.491,"Silva","NEON_D07_MLBS_DP1_537000_4142000_classified_point_cloud.laz","2018_MLBS_3_537000_4142000_image.tif","Tree",1,537000,537999.999,4142000,4142999.999
"16163",16163,537741.512,537751.968,4142931.008,4142939.992,"Silva","NEON_D07_MLBS_DP1_537000_4142000_classified_point_cloud.laz","2018_MLBS_3_537000_4142000_image.tif","Tree",1,537000,537999.999,4142000,4142999.999
"16164",16164,537734.006,537741.489,4142931.532,4142938.924,"Silva","NEON_D07_MLBS_DP1_537000_4142000_classified_point_cloud.laz","2018_MLBS_3_537000_4142000_image.tif","Tree",1,537000,537999.999,4142000,4142999.999
"16165",16165,537710.553,537719.479,4142931.002,4142937.957,"Silva","NEON_D07_MLBS_DP1_537000_4142000_classified_point_cloud.laz","2018_MLBS_3_537000_4142000_image.tif","Tree",1,537000,537999.999,4142000,4142999.999
"16166",16166,537727.109,537735.492,4142925.015,4142934.477,"Silva","NEON_D07_MLBS_DP1_537000_4142000_classified_point_cloud.laz","2018_MLBS_3_537000_4142000_image.tif","Tree",1,537000,537999.999,4142000,4142999.999
"16167",16167,537710.503,537717.473,4142926.507,4142931.987,"Silva","NEON_D07_MLBS_DP1_537000_4142000_classified_point_cloud.laz","2018_MLBS_3_537000_4142000_image.tif","Tree",1,537000,537999.999,4142000,4142999.999
"16168",16168,537738.556,537747.385,4142924.54,4142931.957,"Silva","NEON_D07_MLBS_DP1_537000_4142000_classified_point_cloud.laz","2018_MLBS_3_537000_4142000_image.tif","Tree",1,537000,537999.999,4142000,4142999.999
"16169",16169,537695.501,537702.986,4142922.043,4142930.771,"Silva","NEON_D07_MLBS_DP1_537000_4142000_classified_point_cloud.laz","2018_MLBS_3_537000_4142000_image.tif","Tree",1,537000,537999.999,4142000,4142999.999
"16170",16170,537690.566,537698.911,4142920.512,4142929.496,"Silva","NEON_D07_MLBS_DP1_537000_4142000_classified_point_cloud.laz","2018_MLBS_3_537000_4142000_image.tif","Tree",1,537000,537999.999,4142000,4142999.999
"16171",16171,537732.011,537740.49,4142919.259,4142927.989,"Silva","NEON_D07_MLBS_DP1_537000_4142000_classified_point_cloud.laz","2018_MLBS_3_537000_4142000_image.tif","Tree",1,537000,537999.999,4142000,4142999.999
"16172",16172,537740.536,537749.423,4142916.161,4142926.496,"Silva","NEON_D07_MLBS_DP1_537000_4142000_classified_point_cloud.laz","2018_MLBS_3_537000_4142000_image.tif","Tree",1,537000,537999.999,4142000,4142999.999
"16173",16173,537697.004,537702.988,4142912.514,4142921.986,"Silva","NEON_D07_MLBS_DP1_537000_4142000_classified_point_cloud.laz","2018_MLBS_3_537000_4142000_image.tif","Tree",1,537000,537999.999,4142000,4142999.999
"16174",16174,537700.528,537707.931,4142912.084,4142917.923,"Silva","NEON_D07_MLBS_DP1_537000_4142000_classified_point_cloud.laz","2018_MLBS_3_537000_4142000_image.tif","Tree",1,537000,537999.999,4142000,4142999.999
"16175",16175,537721.531,537726.906,4142910.026,4142916.983,"Silva","NEON_D07_MLBS_DP1_537000_4142000_classified_point_cloud.laz","2018_MLBS_3_537000_4142000_image.tif","Tree",1,537000,537999.999,4142000,4142999.999
"16176",16176,537710.076,537717.982,4142908.537,4142916.988,"Silva","NEON_D07_MLBS_DP1_537000_4142000_classified_point_cloud.laz","2018_MLBS_3_537000_4142000_image.tif","Tree",1,537000,537999.999,4142000,4142999.999
"16177",16177,537728.508,537735.473,4142908.609,4142915.616,"Silva","NEON_D07_MLBS_DP1_537000_4142000_classified_point_cloud.laz","2018_MLBS_3_537000_4142000_image.tif","Tree",1,537000,537999.999,4142000,4142999.999
"16178",16178,537735.505,537744.809,4142907.013,4142917.985,"Silva","NEON_D07_MLBS_DP1_537000_4142000_classified_point_cloud.laz","2018_MLBS_3_537000_4142000_image.tif","Tree",1,537000,537999.999,4142000,4142999.999
"16179",16179,537680.514,537689.979,4142905.008,4142911.998,"Silva","NEON_D07_MLBS_DP1_537000_4142000_classified_point_cloud.laz","2018_MLBS_3_537000_4142000_image.tif","Tree",1,537000,537999.999,4142000,4142999.999
"16180",16180,537743.5,537751.45,4142905.52,4142915.289,"Silva","NEON_D07_MLBS_DP1_537000_4142000_classified_point_cloud.laz","2018_MLBS_3_537000_4142000_image.tif","Tree",1,537000,537999.999,4142000,4142999.999
"16181",16181,537704.508,537714.496,4142897.062,4142906.491,"Silva","NEON_D07_MLBS_DP1_537000_4142000_classified_point_cloud.laz","2018_MLBS_3_537000_4142000_image.tif","Tree",1,537000,537999.999,4142000,4142999.999
"16182",16182,537682.113,537690.991,4142895.563,4142904.985,"Silva","NEON_D07_MLBS_DP1_537000_4142000_classified_point_cloud.laz","2018_MLBS_3_537000_4142000_image.tif","Tree",1,537000,537999.999,4142000,4142999.999
"16183",16183,537687.058,537695.986,4142892.56,4142903.991,"Silva","NEON_D07_MLBS_DP1_537000_4142000_classified_point_cloud.laz","2018_MLBS_3_537000_4142000_image.tif","Tree",1,537000,537999.999,4142000,4142999.999
"16184",16184,537700.003,537708.496,4142889.638,4142899.987,"Silva","NEON_D07_MLBS_DP1_537000_4142000_classified_point_cloud.laz","2018_MLBS_3_537000_4142000_image.tif","Tree",1,537000,537999.999,4142000,4142999.999
"16185",16185,537710.035,537718.495,4142886.513,4142891.996,"Silva","NEON_D07_MLBS_DP1_537000_4142000_classified_point_cloud.laz","2018_MLBS_3_537000_4142000_image.tif","Tree",1,537000,537999.999,4142000,4142999.999
"16186",16186,537688.505,537694.992,4142886.005,4142893,"Silva","NEON_D07_MLBS_DP1_537000_4142000_classified_point_cloud.laz","2018_MLBS_3_537000_4142000_image.tif","Tree",1,537000,537999.999,4142000,4142999.999
"16187",16187,537695.014,537701.995,4142885.505,4142891.5,"Silva","NEON_D07_MLBS_DP1_537000_4142000_classified_point_cloud.laz","2018_MLBS_3_537000_4142000_image.tif","Tree",1,537000,537999.999,4142000,4142999.999
"16188",16188,537715.01,537722.495,4142880.501,4142888.495,"Silva","NEON_D07_MLBS_DP1_537000_4142000_classified_point_cloud.laz","2018_MLBS_3_537000_4142000_image.tif","Tree",1,537000,537999.999,4142000,4142999.999
"16189",16189,537685.009,537691.483,4142877.002,4142885.438,"Silva","NEON_D07_MLBS_DP1_537000_4142000_classified_point_cloud.laz","2018_MLBS_3_537000_4142000_image.tif","Tree",1,537000,537999.999,4142000,4142999.999
"16190",16190,537705.5,537714.974,4142874.001,4142884.987,"Silva","NEON_D07_MLBS_DP1_537000_4142000_classified_point_cloud.laz","2018_MLBS_3_537000_4142000_image.tif","Tree",1,537000,537999.999,4142000,4142999.999
"16191",16191,537752.033,537762.977,4142867.51,4142875.99,"Silva","NEON_D07_MLBS_DP1_537000_4142000_classified_point_cloud.laz","2018_MLBS_3_537000_4142000_image.tif","Tree",1,537000,537999.999,4142000,4142999.999
"16192",16192,537809.001,537815.986,4142867.049,4142878.442,"Silva","NEON_D07_MLBS_DP1_537000_4142000_classified_point_cloud.laz","2018_MLBS_3_537000_4142000_image.tif","Tree",1,537000,537999.999,4142000,4142999.999
"16193",16193,537769.561,537777.489,4142859.528,4142865.933,"Silva","NEON_D07_MLBS_DP1_537000_4142000_classified_point_cloud.laz","2018_MLBS_3_537000_4142000_image.tif","Tree",1,537000,537999.999,4142000,4142999.999
"16194",16194,537767.005,537772.391,4142855.519,4142863.996,"Silva","NEON_D07_MLBS_DP1_537000_4142000_classified_point_cloud.laz","2018_MLBS_3_537000_4142000_image.tif","Tree",1,537000,537999.999,4142000,4142999.999
"16195",16195,537807.514,537815.415,4142806.566,4142811.956,"Silva","NEON_D07_MLBS_DP1_537000_4142000_classified_point_cloud.laz","2018_MLBS_3_537000_4142000_image.tif","Tree",1,537000,537999.999,4142000,4142999.999
"16196",16196,537783.025,537791.984,4142807.007,4142812.993,"Silva","NEON_D07_MLBS_DP1_537000_4142000_classified_point_cloud.laz","2018_MLBS_3_537000_4142000_image.tif","Tree",1,537000,537999.999,4142000,4142999.999
"16197",16197,537774.527,537782.945,4142805.514,4142812.47,"Silva","NEON_D07_MLBS_DP1_537000_4142000_classified_point_cloud.laz","2018_MLBS_3_537000_4142000_image.tif","Tree",1,537000,537999.999,4142000,4142999.999
"16198",16198,537758.036,537768.497,4142805.512,4142812.304,"Silva","NEON_D07_MLBS_DP1_537000_4142000_classified_point_cloud.laz","2018_MLBS_3_537000_4142000_image.tif","Tree",1,537000,537999.999,4142000,4142999.999
"16199",16199,537808.014,537814.967,4142810.735,4142818.5,"Silva","NEON_D07_MLBS_DP1_537000_4142000_classified_point_cloud.laz","2018_MLBS_3_537000_4142000_image.tif","Tree",1,537000,537999.999,4142000,4142999.999
"16200",16200,537797.552,537807.988,4142810.133,4142818.49,"Silva","NEON_D07_MLBS_DP1_537000_4142000_classified_point_cloud.laz","2018_MLBS_3_537000_4142000_image.tif","Tree",1,537000,537999.999,4142000,4142999.999
"16201",16201,537768.041,537775.475,4142807.527,4142815.969,"Silva","NEON_D07_MLBS_DP1_537000_4142000_classified_point_cloud.laz","2018_MLBS_3_537000_4142000_image.tif","Tree",1,537000,537999.999,4142000,4142999.999
"16202",16202,537788.538,537797.991,4142809.037,4142817.919,"Silva","NEON_D07_MLBS_DP1_537000_4142000_classified_point_cloud.laz","2018_MLBS_3_537000_4142000_image.tif","Tree",1,537000,537999.999,4142000,4142999.999
"16203",16203,537748.194,537755.493,4142808.503,4142816.971,"Silva","NEON_D07_MLBS_DP1_537000_4142000_classified_point_cloud.laz","2018_MLBS_3_537000_4142000_image.tif","Tree",1,537000,537999.999,4142000,4142999.999
"16204",16204,537754.518,537760.453,4142807.052,4142814.994,"Silva","NEON_D07_MLBS_DP1_537000_4142000_classified_point_cloud.laz","2018_MLBS_3_537000_4142000_image.tif","Tree",1,537000,537999.999,4142000,4142999.999
"16205",16205,537759.839,537764.992,4142812.015,4142817.972,"Silva","NEON_D07_MLBS_DP1_537000_4142000_classified_point_cloud.laz","2018_MLBS_3_537000_4142000_image.tif","Tree",1,537000,537999.999,4142000,4142999.999
"16206",16206,537768.01,537774.949,4142815.349,4142823.442,"Silva","NEON_D07_MLBS_DP1_537000_4142000_classified_point_cloud.laz","2018_MLBS_3_537000_4142000_image.tif","Tree",1,537000,537999.999,4142000,4142999.999
"16207",16207,537785.566,537792.467,4142819.501,4142824.9,"Silva","NEON_D07_MLBS_DP1_537000_4142000_classified_point_cloud.laz","2018_MLBS_3_537000_4142000_image.tif","Tree",1,537000,537999.999,4142000,4142999.999
"16208",16208,537808.017,537815.979,4142825.003,4142831.461,"Silva","NEON_D07_MLBS_DP1_537000_4142000_classified_point_cloud.laz","2018_MLBS_3_537000_4142000_image.tif","Tree",1,537000,537999.999,4142000,4142999.999
"16209",16209,537769.01,537774.998,4142820.538,4142828.495,"Silva","NEON_D07_MLBS_DP1_537000_4142000_classified_point_cloud.laz","2018_MLBS_3_537000_4142000_image.tif","Tree",1,537000,537999.999,4142000,4142999.999
"16210",16210,537759.077,537765.464,4142821.514,4142827.894,"Silva","NEON_D07_MLBS_DP1_537000_4142000_classified_point_cloud.laz","2018_MLBS_3_537000_4142000_image.tif","Tree",1,537000,537999.999,4142000,4142999.999
"16211",16211,537762.019,537769.485,4142823.016,4142830.489,"Silva","NEON_D07_MLBS_DP1_537000_4142000_classified_point_cloud.laz","2018_MLBS_3_537000_4142000_image.tif","Tree",1,537000,537999.999,4142000,4142999.999
"16212",16212,537747.028,537751.998,4142821.522,4142830.367,"Silva","NEON_D07_MLBS_DP1_537000_4142000_classified_point_cloud.laz","2018_MLBS_3_537000_4142000_image.tif","Tree",1,537000,537999.999,4142000,4142999.999
"16213",16213,537792.188,537797.428,4142827.021,4142834.352,"Silva","NEON_D07_MLBS_DP1_537000_4142000_classified_point_cloud.laz","2018_MLBS_3_537000_4142000_image.tif","Tree",1,537000,537999.999,4142000,4142999.999
"16214",16214,537774.218,537781.944,4142826.515,4142833.802,"Silva","NEON_D07_MLBS_DP1_537000_4142000_classified_point_cloud.laz","2018_MLBS_3_537000_4142000_image.tif","Tree",1,537000,537999.999,4142000,4142999.999
"16215",16215,537798.15,537805.963,4142828.506,4142838.488,"Silva","NEON_D07_MLBS_DP1_537000_4142000_classified_point_cloud.laz","2018_MLBS_3_537000_4142000_image.tif","Tree",1,537000,537999.999,4142000,4142999.999
"16216",16216,537781.023,537789.469,4142829.599,4142836.864,"Silva","NEON_D07_MLBS_DP1_537000_4142000_classified_point_cloud.laz","2018_MLBS_3_537000_4142000_image.tif","Tree",1,537000,537999.999,4142000,4142999.999
"16217",16217,537790.013,537797.494,4142831.505,4142837.471,"Silva","NEON_D07_MLBS_DP1_537000_4142000_classified_point_cloud.laz","2018_MLBS_3_537000_4142000_image.tif","Tree",1,537000,537999.999,4142000,4142999.999
"16218",16218,537776.158,537782.973,4142836.084,4142845.039,"Silva","NEON_D07_MLBS_DP1_537000_4142000_classified_point_cloud.laz","2018_MLBS_3_537000_4142000_image.tif","Tree",1,537000,537999.999,4142000,4142999.999
"16219",16219,537783.532,537789.367,4142844.548,4142850.962,"Silva","NEON_D07_MLBS_DP1_537000_4142000_classified_point_cloud.laz","2018_MLBS_3_537000_4142000_image.tif","Tree",1,537000,537999.999,4142000,4142999.999
"16220",16220,537765.506,537771.982,4142842.636,4142849.474,"Silva","NEON_D07_MLBS_DP1_537000_4142000_classified_point_cloud.laz","2018_MLBS_3_537000_4142000_image.tif","Tree",1,537000,537999.999,4142000,4142999.999
"16221",16221,537794.514,537803.972,4142846.553,4142854.882,"Silva","NEON_D07_MLBS_DP1_537000_4142000_classified_point_cloud.laz","2018_MLBS_3_537000_4142000_image.tif","Tree",1,537000,537999.999,4142000,4142999.999
"16222",16222,537755.519,537762.473,4142844.845,4142852.434,"Silva","NEON_D07_MLBS_DP1_537000_4142000_classified_point_cloud.laz","2018_MLBS_3_537000_4142000_image.tif","Tree",1,537000,537999.999,4142000,4142999.999
"16223",16223,537765.503,537769.493,4142849.057,4142856.36,"Silva","NEON_D07_MLBS_DP1_537000_4142000_classified_point_cloud.laz","2018_MLBS_3_537000_4142000_image.tif","Tree",1,537000,537999.999,4142000,4142999.999
"16224",16224,537785.738,537792.491,4142849.507,4142857.957,"Silva","NEON_D07_MLBS_DP1_537000_4142000_classified_point_cloud.laz","2018_MLBS_3_537000_4142000_image.tif","Tree",1,537000,537999.999,4142000,4142999.999
"16225",16225,537793.526,537802.495,4142854.053,4142864.487,"Silva","NEON_D07_MLBS_DP1_537000_4142000_classified_point_cloud.laz","2018_MLBS_3_537000_4142000_image.tif","Tree",1,537000,537999.999,4142000,4142999.999
"16226",16226,537756.055,537764.394,4142852.505,4142859.944,"Silva","NEON_D07_MLBS_DP1_537000_4142000_classified_point_cloud.laz","2018_MLBS_3_537000_4142000_image.tif","Tree",1,537000,537999.999,4142000,4142999.999
"16227",16227,537834.501,537841.934,4142870.532,4142878.932,"Silva","NEON_D07_MLBS_DP1_537000_4142000_classified_point_cloud.laz","2018_MLBS_3_537000_4142000_image.tif","Tree",1,537000,537999.999,4142000,4142999.999
"16228",16228,537826.516,537833.941,4142870.023,4142876.92,"Silva","NEON_D07_MLBS_DP1_537000_4142000_classified_point_cloud.laz","2018_MLBS_3_537000_4142000_image.tif","Tree",1,537000,537999.999,4142000,4142999.999
"16229",16229,537837.521,537847.443,4142867.506,4142874.885,"Silva","NEON_D07_MLBS_DP1_537000_4142000_classified_point_cloud.laz","2018_MLBS_3_537000_4142000_image.tif","Tree",1,537000,537999.999,4142000,4142999.999
"16230",16230,537832.004,537836.987,4142865.512,4142872.208,"Silva","NEON_D07_MLBS_DP1_537000_4142000_classified_point_cloud.laz","2018_MLBS_3_537000_4142000_image.tif","Tree",1,537000,537999.999,4142000,4142999.999
"16231",16231,537826.101,537832.603,4142864.076,4142870.496,"Silva","NEON_D07_MLBS_DP1_537000_4142000_classified_point_cloud.laz","2018_MLBS_3_537000_4142000_image.tif","Tree",1,537000,537999.999,4142000,4142999.999
"16232",16232,537837.005,537846.979,4142864.003,4142870.389,"Silva","NEON_D07_MLBS_DP1_537000_4142000_classified_point_cloud.laz","2018_MLBS_3_537000_4142000_image.tif","Tree",1,537000,537999.999,4142000,4142999.999
"16233",16233,537825.018,537831.448,4142858.537,4142866.791,"Silva","NEON_D07_MLBS_DP1_537000_4142000_classified_point_cloud.laz","2018_MLBS_3_537000_4142000_image.tif","Tree",1,537000,537999.999,4142000,4142999.999
"16234",16234,537831.515,537838.977,4142859.007,4142865.895,"Silva","NEON_D07_MLBS_DP1_537000_4142000_classified_point_cloud.laz","2018_MLBS_3_537000_4142000_image.tif","Tree",1,537000,537999.999,4142000,4142999.999
"16235",16235,537869.513,537876.894,4142807.002,4142815.462,"Silva","NEON_D07_MLBS_DP1_537000_4142000_classified_point_cloud.laz","2018_MLBS_3_537000_4142000_image.tif","Tree",1,537000,537999.999,4142000,4142999.999
"16236",16236,537846.576,537858.443,4142808.501,4142813.993,"Silva","NEON_D07_MLBS_DP1_537000_4142000_classified_point_cloud.laz","2018_MLBS_3_537000_4142000_image.tif","Tree",1,537000,537999.999,4142000,4142999.999
"16237",16237,537873.013,537883.736,4142809.516,4142817.682,"Silva","NEON_D07_MLBS_DP1_537000_4142000_classified_point_cloud.laz","2018_MLBS_3_537000_4142000_image.tif","Tree",1,537000,537999.999,4142000,4142999.999
"16238",16238,537861.663,537872.454,4142810.507,4142817.398,"Silva","NEON_D07_MLBS_DP1_537000_4142000_classified_point_cloud.laz","2018_MLBS_3_537000_4142000_image.tif","Tree",1,537000,537999.999,4142000,4142999.999
"16239",16239,537825.039,537837.993,4142808.038,4142815.978,"Silva","NEON_D07_MLBS_DP1_537000_4142000_classified_point_cloud.laz","2018_MLBS_3_537000_4142000_image.tif","Tree",1,537000,537999.999,4142000,4142999.999
"16240",16240,537849.101,537859.484,4142812.026,4142819.482,"Silva","NEON_D07_MLBS_DP1_537000_4142000_classified_point_cloud.laz","2018_MLBS_3_537000_4142000_image.tif","Tree",1,537000,537999.999,4142000,4142999.999
"16241",16241,537814.131,537820.855,4142810.017,4142819.978,"Silva","NEON_D07_MLBS_DP1_537000_4142000_classified_point_cloud.laz","2018_MLBS_3_537000_4142000_image.tif","Tree",1,537000,537999.999,4142000,4142999.999
"16242",16242,537859.002,537867.936,4142811.573,4142820.419,"Silva","NEON_D07_MLBS_DP1_537000_4142000_classified_point_cloud.laz","2018_MLBS_3_537000_4142000_image.tif","Tree",1,537000,537999.999,4142000,4142999.999
"16243",16243,537824.501,537834.342,4142812.505,4142820.394,"Silva","NEON_D07_MLBS_DP1_537000_4142000_classified_point_cloud.laz","2018_MLBS_3_537000_4142000_image.tif","Tree",1,537000,537999.999,4142000,4142999.999
"16244",16244,537816.552,537825.496,4142811.539,4142822.412,"Silva","NEON_D07_MLBS_DP1_537000_4142000_classified_point_cloud.laz","2018_MLBS_3_537000_4142000_image.tif","Tree",1,537000,537999.999,4142000,4142999.999
"16245",16245,537844.001,537850.975,4142812.016,4142821.512,"Silva","NEON_D07_MLBS_DP1_537000_4142000_classified_point_cloud.laz","2018_MLBS_3_537000_4142000_image.tif","Tree",1,537000,537999.999,4142000,4142999.999
"16246",16246,537862.005,537868.828,4142817.516,4142823.969,"Silva","NEON_D07_MLBS_DP1_537000_4142000_classified_point_cloud.laz","2018_MLBS_3_537000_4142000_image.tif","Tree",1,537000,537999.999,4142000,4142999.999
"16247",16247,537854.63,537862.46,4142816.2,4142827.946,"Silva","NEON_D07_MLBS_DP1_537000_4142000_classified_point_cloud.laz","2018_MLBS_3_537000_4142000_image.tif","Tree",1,537000,537999.999,4142000,4142999.999
"16248",16248,537841.196,537848.485,4142819.51,4142827.925,"Silva","NEON_D07_MLBS_DP1_537000_4142000_classified_point_cloud.laz","2018_MLBS_3_537000_4142000_image.tif","Tree",1,537000,537999.999,4142000,4142999.999
"16249",16249,537829.524,537838.467,4142817.59,4142827.483,"Silva","NEON_D07_MLBS_DP1_537000_4142000_classified_point_cloud.laz","2018_MLBS_3_537000_4142000_image.tif","Tree",1,537000,537999.999,4142000,4142999.999
"16250",16250,537859.639,537867.921,4142823.013,4142829.76,"Silva","NEON_D07_MLBS_DP1_537000_4142000_classified_point_cloud.laz","2018_MLBS_3_537000_4142000_image.tif","Tree",1,537000,537999.999,4142000,4142999.999
"16251",16251,537819.03,537829.948,4142820.022,4142831.915,"Silva","NEON_D07_MLBS_DP1_537000_4142000_classified_point_cloud.laz","2018_MLBS_3_537000_4142000_image.tif","Tree",1,537000,537999.999,4142000,4142999.999
"16252",16252,537867.559,537875.48,4142825.018,4142832.971,"Silva","NEON_D07_MLBS_DP1_537000_4142000_classified_point_cloud.laz","2018_MLBS_3_537000_4142000_image.tif","Tree",1,537000,537999.999,4142000,4142999.999
"16253",16253,537827.025,537836.173,4142824.136,4142834.951,"Silva","NEON_D07_MLBS_DP1_537000_4142000_classified_point_cloud.laz","2018_MLBS_3_537000_4142000_image.tif","Tree",1,537000,537999.999,4142000,4142999.999
"16254",16254,537816.026,537825.466,4142822.587,4142833.49,"Silva","NEON_D07_MLBS_DP1_537000_4142000_classified_point_cloud.laz","2018_MLBS_3_537000_4142000_image.tif","Tree",1,537000,537999.999,4142000,4142999.999
"16255",16255,537832.07,537841.423,4142827.04,4142836.473,"Silva","NEON_D07_MLBS_DP1_537000_4142000_classified_point_cloud.laz","2018_MLBS_3_537000_4142000_image.tif","Tree",1,537000,537999.999,4142000,4142999.999
"16256",16256,537865.527,537872.225,4142833.134,4142838.203,"Silva","NEON_D07_MLBS_DP1_537000_4142000_classified_point_cloud.laz","2018_MLBS_3_537000_4142000_image.tif","Tree",1,537000,537999.999,4142000,4142999.999
"16257",16257,537858.545,537865.905,4142833.601,4142841.218,"Silva","NEON_D07_MLBS_DP1_537000_4142000_classified_point_cloud.laz","2018_MLBS_3_537000_4142000_image.tif","Tree",1,537000,537999.999,4142000,4142999.999
"16258",16258,537867.53,537876.347,4142835.697,4142844.791,"Silva","NEON_D07_MLBS_DP1_537000_4142000_classified_point_cloud.laz","2018_MLBS_3_537000_4142000_image.tif","Tree",1,537000,537999.999,4142000,4142999.999
"16259",16259,537852.511,537862.977,4142835.78,4142845.49,"Silva","NEON_D07_MLBS_DP1_537000_4142000_classified_point_cloud.laz","2018_MLBS_3_537000_4142000_image.tif","Tree",1,537000,537999.999,4142000,4142999.999
"16260",16260,537830.171,537840.469,4142834.562,4142844.499,"Silva","NEON_D07_MLBS_DP1_537000_4142000_classified_point_cloud.laz","2018_MLBS_3_537000_4142000_image.tif","Tree",1,537000,537999.999,4142000,4142999.999
"16261",16261,537813.512,537819.836,4142837.061,4142843.467,"Silva","NEON_D07_MLBS_DP1_537000_4142000_classified_point_cloud.laz","2018_MLBS_3_537000_4142000_image.tif","Tree",1,537000,537999.999,4142000,4142999.999
"16262",16262,537823.501,537829.99,4142834.539,4142847.196,"Silva","NEON_D07_MLBS_DP1_537000_4142000_classified_point_cloud.laz","2018_MLBS_3_537000_4142000_image.tif","Tree",1,537000,537999.999,4142000,4142999.999
"16263",16263,537828.018,537834.331,4142836.407,4142847.849,"Silva","NEON_D07_MLBS_DP1_537000_4142000_classified_point_cloud.laz","2018_MLBS_3_537000_4142000_image.tif","Tree",1,537000,537999.999,4142000,4142999.999
"16264",16264,537817.112,537823.475,4142839.067,4142845.989,"Silva","NEON_D07_MLBS_DP1_537000_4142000_classified_point_cloud.laz","2018_MLBS_3_537000_4142000_image.tif","Tree",1,537000,537999.999,4142000,4142999.999
"16265",16265,537828.591,537838.922,4142844.127,4142851.912,"Silva","NEON_D07_MLBS_DP1_537000_4142000_classified_point_cloud.laz","2018_MLBS_3_537000_4142000_image.tif","Tree",1,537000,537999.999,4142000,4142999.999
"16266",16266,537855.55,537866.462,4142844.518,4142853.71,"Silva","NEON_D07_MLBS_DP1_537000_4142000_classified_point_cloud.laz","2018_MLBS_3_537000_4142000_image.tif","Tree",1,537000,537999.999,4142000,4142999.999
"16267",16267,537850.032,537857.943,4142845.014,4142856.395,"Silva","NEON_D07_MLBS_DP1_537000_4142000_classified_point_cloud.laz","2018_MLBS_3_537000_4142000_image.tif","Tree",1,537000,537999.999,4142000,4142999.999
"16268",16268,537841.518,537849.996,4142846.533,4142856.324,"Silva","NEON_D07_MLBS_DP1_537000_4142000_classified_point_cloud.laz","2018_MLBS_3_537000_4142000_image.tif","Tree",1,537000,537999.999,4142000,4142999.999
"16269",16269,537834.34,537841.674,4142846.074,4142853.429,"Silva","NEON_D07_MLBS_DP1_537000_4142000_classified_point_cloud.laz","2018_MLBS_3_537000_4142000_image.tif","Tree",1,537000,537999.999,4142000,4142999.999
"16270",16270,537856.002,537864.456,4142851.087,4142860.985,"Silva","NEON_D07_MLBS_DP1_537000_4142000_classified_point_cloud.laz","2018_MLBS_3_537000_4142000_image.tif","Tree",1,537000,537999.999,4142000,4142999.999
"16271",16271,537838.003,537845.059,4142851.64,4142857.983,"Silva","NEON_D07_MLBS_DP1_537000_4142000_classified_point_cloud.laz","2018_MLBS_3_537000_4142000_image.tif","Tree",1,537000,537999.999,4142000,4142999.999
"16272",16272,537824.526,537833.397,4142848.371,4142858.466,"Silva","NEON_D07_MLBS_DP1_537000_4142000_classified_point_cloud.laz","2018_MLBS_3_537000_4142000_image.tif","Tree",1,537000,537999.999,4142000,4142999.999
"16273",16273,537831.647,537838.925,4142852.095,4142859.497,"Silva","NEON_D07_MLBS_DP1_537000_4142000_classified_point_cloud.laz","2018_MLBS_3_537000_4142000_image.tif","Tree",1,537000,537999.999,4142000,4142999.999
"16274",16274,537845.502,537856.494,4142853.117,4142864.982,"Silva","NEON_D07_MLBS_DP1_537000_4142000_classified_point_cloud.laz","2018_MLBS_3_537000_4142000_image.tif","Tree",1,537000,537999.999,4142000,4142999.999
"16275",16275,537817.175,537825.391,4142853.517,4142861.482,"Silva","NEON_D07_MLBS_DP1_537000_4142000_classified_point_cloud.laz","2018_MLBS_3_537000_4142000_image.tif","Tree",1,537000,537999.999,4142000,4142999.999
"16276",16276,537759.625,537771.874,4142936.041,4142944.992,"Silva","NEON_D07_MLBS_DP1_537000_4142000_classified_point_cloud.laz","2018_MLBS_3_537000_4142000_image.tif","Tree",1,537000,537999.999,4142000,4142999.999
"16277",16277,537772.534,537781.494,4142935.508,4142942.928,"Silva","NEON_D07_MLBS_DP1_537000_4142000_classified_point_cloud.laz","2018_MLBS_3_537000_4142000_image.tif","Tree",1,537000,537999.999,4142000,4142999.999
"16278",16278,537790.113,537797.968,4142933.002,4142937.987,"Silva","NEON_D07_MLBS_DP1_537000_4142000_classified_point_cloud.laz","2018_MLBS_3_537000_4142000_image.tif","Tree",1,537000,537999.999,4142000,4142999.999
"16279",16279,537761.014,537767.46,4142930.038,4142936.909,"Silva","NEON_D07_MLBS_DP1_537000_4142000_classified_point_cloud.laz","2018_MLBS_3_537000_4142000_image.tif","Tree",1,537000,537999.999,4142000,4142999.999
"16280",16280,537752.029,537761.91,4142928.035,4142937.992,"Silva","NEON_D07_MLBS_DP1_537000_4142000_classified_point_cloud.laz","2018_MLBS_3_537000_4142000_image.tif","Tree",1,537000,537999.999,4142000,4142999.999
"16281",16281,537784.045,537791.45,4142928.037,4142936.986,"Silva","NEON_D07_MLBS_DP1_537000_4142000_classified_point_cloud.laz","2018_MLBS_3_537000_4142000_image.tif","Tree",1,537000,537999.999,4142000,4142999.999
"16282",16282,537796.136,537802.952,4142929.187,4142937,"Silva","NEON_D07_MLBS_DP1_537000_4142000_classified_point_cloud.laz","2018_MLBS_3_537000_4142000_image.tif","Tree",1,537000,537999.999,4142000,4142999.999
"16283",16283,537773.5,537780.492,4142924.595,4142935.411,"Silva","NEON_D07_MLBS_DP1_537000_4142000_classified_point_cloud.laz","2018_MLBS_3_537000_4142000_image.tif","Tree",1,537000,537999.999,4142000,4142999.999
"16284",16284,537801.689,537808.992,4142924.645,4142935.988,"Silva","NEON_D07_MLBS_DP1_537000_4142000_classified_point_cloud.laz","2018_MLBS_3_537000_4142000_image.tif","Tree",1,537000,537999.999,4142000,4142999.999
"16285",16285,537790.584,537797.947,4142926.24,4142932.982,"Silva","NEON_D07_MLBS_DP1_537000_4142000_classified_point_cloud.laz","2018_MLBS_3_537000_4142000_image.tif","Tree",1,537000,537999.999,4142000,4142999.999
"16286",16286,537808.539,537816.987,4142926.502,4142935.94,"Silva","NEON_D07_MLBS_DP1_537000_4142000_classified_point_cloud.laz","2018_MLBS_3_537000_4142000_image.tif","Tree",1,537000,537999.999,4142000,4142999.999
"16287",16287,537762.202,537769.731,4142925.072,4142931.482,"Silva","NEON_D07_MLBS_DP1_537000_4142000_classified_point_cloud.laz","2018_MLBS_3_537000_4142000_image.tif","Tree",1,537000,537999.999,4142000,4142999.999
"16288",16288,537787.088,537795.665,4142922.17,4142930.466,"Silva","NEON_D07_MLBS_DP1_537000_4142000_classified_point_cloud.laz","2018_MLBS_3_537000_4142000_image.tif","Tree",1,537000,537999.999,4142000,4142999.999
"16289",16289,537753.089,537760.48,4142921.507,4142928.955,"Silva","NEON_D07_MLBS_DP1_537000_4142000_classified_point_cloud.laz","2018_MLBS_3_537000_4142000_image.tif","Tree",1,537000,537999.999,4142000,4142999.999
"16290",16290,537795.533,537806.458,4142922.509,4142929.486,"Silva","NEON_D07_MLBS_DP1_537000_4142000_classified_point_cloud.laz","2018_MLBS_3_537000_4142000_image.tif","Tree",1,537000,537999.999,4142000,4142999.999
"16291",16291,537753.066,537759.99,4142915.007,4142921.962,"Silva","NEON_D07_MLBS_DP1_537000_4142000_classified_point_cloud.laz","2018_MLBS_3_537000_4142000_image.tif","Tree",1,537000,537999.999,4142000,4142999.999
"16292",16292,537786.006,537792.438,4142914.56,4142920.971,"Silva","NEON_D07_MLBS_DP1_537000_4142000_classified_point_cloud.laz","2018_MLBS_3_537000_4142000_image.tif","Tree",1,537000,537999.999,4142000,4142999.999
"16293",16293,537792.508,537799.637,4142913.012,4142918.499,"Silva","NEON_D07_MLBS_DP1_537000_4142000_classified_point_cloud.laz","2018_MLBS_3_537000_4142000_image.tif","Tree",1,537000,537999.999,4142000,4142999.999
"16294",16294,537747.257,537754.487,4142909.507,4142914.995,"Silva","NEON_D07_MLBS_DP1_537000_4142000_classified_point_cloud.laz","2018_MLBS_3_537000_4142000_image.tif","Tree",1,537000,537999.999,4142000,4142999.999
"16295",16295,537803.503,537812.482,4142912.764,4142921.93,"Silva","NEON_D07_MLBS_DP1_537000_4142000_classified_point_cloud.laz","2018_MLBS_3_537000_4142000_image.tif","Tree",1,537000,537999.999,4142000,4142999.999
"16296",16296,537799.542,537804.495,4142908.005,4142915.487,"Silva","NEON_D07_MLBS_DP1_537000_4142000_classified_point_cloud.laz","2018_MLBS_3_537000_4142000_image.tif","Tree",1,537000,537999.999,4142000,4142999.999
"16297",16297,537793.541,537800.997,4142906.698,4142914.199,"Silva","NEON_D07_MLBS_DP1_537000_4142000_classified_point_cloud.laz","2018_MLBS_3_537000_4142000_image.tif","Tree",1,537000,537999.999,4142000,4142999.999
"16298",16298,537775.51,537782.405,4142898.062,4142904.987,"Silva","NEON_D07_MLBS_DP1_537000_4142000_classified_point_cloud.laz","2018_MLBS_3_537000_4142000_image.tif","Tree",1,537000,537999.999,4142000,4142999.999
"16299",16299,537809.006,537815.48,4142896.043,4142906,"Silva","NEON_D07_MLBS_DP1_537000_4142000_classified_point_cloud.laz","2018_MLBS_3_537000_4142000_image.tif","Tree",1,537000,537999.999,4142000,4142999.999
"16300",16300,537806.515,537812.968,4142879.547,4142886.96,"Silva","NEON_D07_MLBS_DP1_537000_4142000_classified_point_cloud.laz","2018_MLBS_3_537000_4142000_image.tif","Tree",1,537000,537999.999,4142000,4142999.999
"16301",16301,537787.593,537797.487,4142875.549,4142885.494,"Silva","NEON_D07_MLBS_DP1_537000_4142000_classified_point_cloud.laz","2018_MLBS_3_537000_4142000_image.tif","Tree",1,537000,537999.999,4142000,4142999.999
"16302",16302,537818.571,537824.994,4142935.585,4142943.473,"Silva","NEON_D07_MLBS_DP1_537000_4142000_classified_point_cloud.laz","2018_MLBS_3_537000_4142000_image.tif","Tree",1,537000,537999.999,4142000,4142999.999
"16303",16303,537873.008,537880.941,4142935.515,4142944.949,"Silva","NEON_D07_MLBS_DP1_537000_4142000_classified_point_cloud.laz","2018_MLBS_3_537000_4142000_image.tif","Tree",1,537000,537999.999,4142000,4142999.999
"16304",16304,537824.036,537831.805,4142934.733,4142941.475,"Silva","NEON_D07_MLBS_DP1_537000_4142000_classified_point_cloud.laz","2018_MLBS_3_537000_4142000_image.tif","Tree",1,537000,537999.999,4142000,4142999.999
"16305",16305,537838.743,537847.492,4142933.515,4142940.358,"Silva","NEON_D07_MLBS_DP1_537000_4142000_classified_point_cloud.laz","2018_MLBS_3_537000_4142000_image.tif","Tree",1,537000,537999.999,4142000,4142999.999
"16306",16306,537813.191,537820.93,4142932.044,4142938.997,"Silva","NEON_D07_MLBS_DP1_537000_4142000_classified_point_cloud.laz","2018_MLBS_3_537000_4142000_image.tif","Tree",1,537000,537999.999,4142000,4142999.999
"16307",16307,537830.558,537840.491,4142929.534,4142937.915,"Silva","NEON_D07_MLBS_DP1_537000_4142000_classified_point_cloud.laz","2018_MLBS_3_537000_4142000_image.tif","Tree",1,537000,537999.999,4142000,4142999.999
"16308",16308,537860.117,537870.483,4142930.529,4142938.499,"Silva","NEON_D07_MLBS_DP1_537000_4142000_classified_point_cloud.laz","2018_MLBS_3_537000_4142000_image.tif","Tree",1,537000,537999.999,4142000,4142999.999
"16309",16309,537816.503,537823.973,4142929.509,4142935.965,"Silva","NEON_D07_MLBS_DP1_537000_4142000_classified_point_cloud.laz","2018_MLBS_3_537000_4142000_image.tif","Tree",1,537000,537999.999,4142000,4142999.999
"16310",16310,537824.022,537830.944,4142928.69,4142935.476,"Silva","NEON_D07_MLBS_DP1_537000_4142000_classified_point_cloud.laz","2018_MLBS_3_537000_4142000_image.tif","Tree",1,537000,537999.999,4142000,4142999.999
"16311",16311,537869.253,537876.947,4142930.666,4142937.484,"Silva","NEON_D07_MLBS_DP1_537000_4142000_classified_point_cloud.laz","2018_MLBS_3_537000_4142000_image.tif","Tree",1,537000,537999.999,4142000,4142999.999
"16312",16312,537845.786,537856.931,4142928.002,4142934.987,"Silva","NEON_D07_MLBS_DP1_537000_4142000_classified_point_cloud.laz","2018_MLBS_3_537000_4142000_image.tif","Tree",1,537000,537999.999,4142000,4142999.999
"16313",16313,537825.135,537831.956,4142926.633,4142931.737,"Silva","NEON_D07_MLBS_DP1_537000_4142000_classified_point_cloud.laz","2018_MLBS_3_537000_4142000_image.tif","Tree",1,537000,537999.999,4142000,4142999.999
"16314",16314,537815.552,537824.327,4142922.52,4142930.487,"Silva","NEON_D07_MLBS_DP1_537000_4142000_classified_point_cloud.laz","2018_MLBS_3_537000_4142000_image.tif","Tree",1,537000,537999.999,4142000,4142999.999
"16315",16315,537838.573,537847.438,4142926.561,4142933.978,"Silva","NEON_D07_MLBS_DP1_537000_4142000_classified_point_cloud.laz","2018_MLBS_3_537000_4142000_image.tif","Tree",1,537000,537999.999,4142000,4142999.999
"16316",16316,537869.045,537876.996,4142925.835,4142933.328,"Silva","NEON_D07_MLBS_DP1_537000_4142000_classified_point_cloud.laz","2018_MLBS_3_537000_4142000_image.tif","Tree",1,537000,537999.999,4142000,4142999.999
"16317",16317,537830.555,537838.383,4142923.171,4142930.837,"Silva","NEON_D07_MLBS_DP1_537000_4142000_classified_point_cloud.laz","2018_MLBS_3_537000_4142000_image.tif","Tree",1,537000,537999.999,4142000,4142999.999
"16318",16318,537822.629,537828.906,4142922.118,4142928.369,"Silva","NEON_D07_MLBS_DP1_537000_4142000_classified_point_cloud.laz","2018_MLBS_3_537000_4142000_image.tif","Tree",1,537000,537999.999,4142000,4142999.999
"16319",16319,537828.01,537833.935,4142919.515,4142926.977,"Silva","NEON_D07_MLBS_DP1_537000_4142000_classified_point_cloud.laz","2018_MLBS_3_537000_4142000_image.tif","Tree",1,537000,537999.999,4142000,4142999.999
"16320",16320,537853.032,537861.339,4142919.792,4142933.952,"Silva","NEON_D07_MLBS_DP1_537000_4142000_classified_point_cloud.laz","2018_MLBS_3_537000_4142000_image.tif","Tree",1,537000,537999.999,4142000,4142999.999
"16321",16321,537847.175,537854.486,4142920.012,4142928.449,"Silva","NEON_D07_MLBS_DP1_537000_4142000_classified_point_cloud.laz","2018_MLBS_3_537000_4142000_image.tif","Tree",1,537000,537999.999,4142000,4142999.999
"16322",16322,537833.644,537842.971,4142919.004,4142927.878,"Silva","NEON_D07_MLBS_DP1_537000_4142000_classified_point_cloud.laz","2018_MLBS_3_537000_4142000_image.tif","Tree",1,537000,537999.999,4142000,4142999.999
"16323",16323,537873.025,537880.498,4142918.505,4142926.493,"Silva","NEON_D07_MLBS_DP1_537000_4142000_classified_point_cloud.laz","2018_MLBS_3_537000_4142000_image.tif","Tree",1,537000,537999.999,4142000,4142999.999
"16324",16324,537866.129,537873.447,4142918.116,4142925.988,"Silva","NEON_D07_MLBS_DP1_537000_4142000_classified_point_cloud.laz","2018_MLBS_3_537000_4142000_image.tif","Tree",1,537000,537999.999,4142000,4142999.999
"16325",16325,537821.5,537830.46,4142915.185,4142922.694,"Silva","NEON_D07_MLBS_DP1_537000_4142000_classified_point_cloud.laz","2018_MLBS_3_537000_4142000_image.tif","Tree",1,537000,537999.999,4142000,4142999.999
"16326",16326,537857.027,537866.935,4142915.046,4142924.414,"Silva","NEON_D07_MLBS_DP1_537000_4142000_classified_point_cloud.laz","2018_MLBS_3_537000_4142000_image.tif","Tree",1,537000,537999.999,4142000,4142999.999
"16327",16327,537835.101,537843.487,4142914.047,4142920.796,"Silva","NEON_D07_MLBS_DP1_537000_4142000_classified_point_cloud.laz","2018_MLBS_3_537000_4142000_image.tif","Tree",1,537000,537999.999,4142000,4142999.999
"16328",16328,537817.528,537825.421,4142909.553,4142918.994,"Silva","NEON_D07_MLBS_DP1_537000_4142000_classified_point_cloud.laz","2018_MLBS_3_537000_4142000_image.tif","Tree",1,537000,537999.999,4142000,4142999.999
"16329",16329,537825.583,537833.376,4142911.637,4142919.472,"Silva","NEON_D07_MLBS_DP1_537000_4142000_classified_point_cloud.laz","2018_MLBS_3_537000_4142000_image.tif","Tree",1,537000,537999.999,4142000,4142999.999
"16330",16330,537833.015,537839.996,4142909.075,4142918.982,"Silva","NEON_D07_MLBS_DP1_537000_4142000_classified_point_cloud.laz","2018_MLBS_3_537000_4142000_image.tif","Tree",1,537000,537999.999,4142000,4142999.999
"16331",16331,537848.121,537859.392,4142909.502,4142920.49,"Silva","NEON_D07_MLBS_DP1_537000_4142000_classified_point_cloud.laz","2018_MLBS_3_537000_4142000_image.tif","Tree",1,537000,537999.999,4142000,4142999.999
"16332",16332,537865.522,537873.478,4142910.001,4142918.492,"Silva","NEON_D07_MLBS_DP1_537000_4142000_classified_point_cloud.laz","2018_MLBS_3_537000_4142000_image.tif","Tree",1,537000,537999.999,4142000,4142999.999
"16333",16333,537829.963,537837.867,4142907.517,4142915.467,"Silva","NEON_D07_MLBS_DP1_537000_4142000_classified_point_cloud.laz","2018_MLBS_3_537000_4142000_image.tif","Tree",1,537000,537999.999,4142000,4142999.999
"16334",16334,537822.108,537830.944,4142905.182,4142912.435,"Silva","NEON_D07_MLBS_DP1_537000_4142000_classified_point_cloud.laz","2018_MLBS_3_537000_4142000_image.tif","Tree",1,537000,537999.999,4142000,4142999.999
"16335",16335,537859.011,537866.969,4142908.047,4142915.482,"Silva","NEON_D07_MLBS_DP1_537000_4142000_classified_point_cloud.laz","2018_MLBS_3_537000_4142000_image.tif","Tree",1,537000,537999.999,4142000,4142999.999
"16336",16336,537866.007,537873.929,4142904.028,4142912.308,"Silva","NEON_D07_MLBS_DP1_537000_4142000_classified_point_cloud.laz","2018_MLBS_3_537000_4142000_image.tif","Tree",1,537000,537999.999,4142000,4142999.999
"16337",16337,537857.016,537863.381,4142905.01,4142912.979,"Silva","NEON_D07_MLBS_DP1_537000_4142000_classified_point_cloud.laz","2018_MLBS_3_537000_4142000_image.tif","Tree",1,537000,537999.999,4142000,4142999.999
"16338",16338,537828.217,537836.379,4142902.556,4142908.145,"Silva","NEON_D07_MLBS_DP1_537000_4142000_classified_point_cloud.laz","2018_MLBS_3_537000_4142000_image.tif","Tree",1,537000,537999.999,4142000,4142999.999
"16339",16339,537863.03,537869.39,4142902.063,4142908.871,"Silva","NEON_D07_MLBS_DP1_537000_4142000_classified_point_cloud.laz","2018_MLBS_3_537000_4142000_image.tif","Tree",1,537000,537999.999,4142000,4142999.999
"16340",16340,537853.507,537859.875,4142902.506,4142910.42,"Silva","NEON_D07_MLBS_DP1_537000_4142000_classified_point_cloud.laz","2018_MLBS_3_537000_4142000_image.tif","Tree",1,537000,537999.999,4142000,4142999.999
"16341",16341,537819.516,537825.918,4142900.123,4142907.91,"Silva","NEON_D07_MLBS_DP1_537000_4142000_classified_point_cloud.laz","2018_MLBS_3_537000_4142000_image.tif","Tree",1,537000,537999.999,4142000,4142999.999
"16342",16342,537836.147,537846.424,4142901.058,4142909.132,"Silva","NEON_D07_MLBS_DP1_537000_4142000_classified_point_cloud.laz","2018_MLBS_3_537000_4142000_image.tif","Tree",1,537000,537999.999,4142000,4142999.999
"16343",16343,537825.524,537830.447,4142898.507,4142904.775,"Silva","NEON_D07_MLBS_DP1_537000_4142000_classified_point_cloud.laz","2018_MLBS_3_537000_4142000_image.tif","Tree",1,537000,537999.999,4142000,4142999.999
"16344",16344,537829.542,537834.969,4142897.63,4142902.772,"Silva","NEON_D07_MLBS_DP1_537000_4142000_classified_point_cloud.laz","2018_MLBS_3_537000_4142000_image.tif","Tree",1,537000,537999.999,4142000,4142999.999
"16345",16345,537844.508,537851.793,4142897.628,4142906.974,"Silva","NEON_D07_MLBS_DP1_537000_4142000_classified_point_cloud.laz","2018_MLBS_3_537000_4142000_image.tif","Tree",1,537000,537999.999,4142000,4142999.999
"16346",16346,537835.003,537840.97,4142895.469,4142904.464,"Silva","NEON_D07_MLBS_DP1_537000_4142000_classified_point_cloud.laz","2018_MLBS_3_537000_4142000_image.tif","Tree",1,537000,537999.999,4142000,4142999.999
"16347",16347,537821.009,537827.47,4142895.192,4142900.898,"Silva","NEON_D07_MLBS_DP1_537000_4142000_classified_point_cloud.laz","2018_MLBS_3_537000_4142000_image.tif","Tree",1,537000,537999.999,4142000,4142999.999
"16348",16348,537851.507,537859.306,4142895.501,4142902.972,"Silva","NEON_D07_MLBS_DP1_537000_4142000_classified_point_cloud.laz","2018_MLBS_3_537000_4142000_image.tif","Tree",1,537000,537999.999,4142000,4142999.999
"16349",16349,537838.576,537845.496,4142894.155,4142901.44,"Silva","NEON_D07_MLBS_DP1_537000_4142000_classified_point_cloud.laz","2018_MLBS_3_537000_4142000_image.tif","Tree",1,537000,537999.999,4142000,4142999.999
"16350",16350,537827.511,537835.626,4142894.526,4142899.478,"Silva","NEON_D07_MLBS_DP1_537000_4142000_classified_point_cloud.laz","2018_MLBS_3_537000_4142000_image.tif","Tree",1,537000,537999.999,4142000,4142999.999
"16351",16351,537865.5,537875.444,4142894.028,4142903.936,"Silva","NEON_D07_MLBS_DP1_537000_4142000_classified_point_cloud.laz","2018_MLBS_3_537000_4142000_image.tif","Tree",1,537000,537999.999,4142000,4142999.999
"16352",16352,537817.532,537825.122,4142891.51,4142897.806,"Silva","NEON_D07_MLBS_DP1_537000_4142000_classified_point_cloud.laz","2018_MLBS_3_537000_4142000_image.tif","Tree",1,537000,537999.999,4142000,4142999.999
"16353",16353,537843.02,537851.494,4142891.561,4142898.948,"Silva","NEON_D07_MLBS_DP1_537000_4142000_classified_point_cloud.laz","2018_MLBS_3_537000_4142000_image.tif","Tree",1,537000,537999.999,4142000,4142999.999
"16354",16354,537824.065,537830.817,4142889.043,4142895.97,"Silva","NEON_D07_MLBS_DP1_537000_4142000_classified_point_cloud.laz","2018_MLBS_3_537000_4142000_image.tif","Tree",1,537000,537999.999,4142000,4142999.999
"16355",16355,537830.124,537836.484,4142889.088,4142895.457,"Silva","NEON_D07_MLBS_DP1_537000_4142000_classified_point_cloud.laz","2018_MLBS_3_537000_4142000_image.tif","Tree",1,537000,537999.999,4142000,4142999.999
"16356",16356,537836.019,537844.968,4142887.01,4142895.486,"Silva","NEON_D07_MLBS_DP1_537000_4142000_classified_point_cloud.laz","2018_MLBS_3_537000_4142000_image.tif","Tree",1,537000,537999.999,4142000,4142999.999
"16357",16357,537827.521,537836.43,4142885.686,4142889.993,"Silva","NEON_D07_MLBS_DP1_537000_4142000_classified_point_cloud.laz","2018_MLBS_3_537000_4142000_image.tif","Tree",1,537000,537999.999,4142000,4142999.999
"16358",16358,537844.2,537851.982,4142882.744,4142891.997,"Silva","NEON_D07_MLBS_DP1_537000_4142000_classified_point_cloud.laz","2018_MLBS_3_537000_4142000_image.tif","Tree",1,537000,537999.999,4142000,4142999.999
"16359",16359,537820.577,537827.67,4142880.536,4142890.402,"Silva","NEON_D07_MLBS_DP1_537000_4142000_classified_point_cloud.laz","2018_MLBS_3_537000_4142000_image.tif","Tree",1,537000,537999.999,4142000,4142999.999
"16360",16360,537866.112,537874.454,4142883.074,4142894.396,"Silva","NEON_D07_MLBS_DP1_537000_4142000_classified_point_cloud.laz","2018_MLBS_3_537000_4142000_image.tif","Tree",1,537000,537999.999,4142000,4142999.999
"16361",16361,537826.502,537831.953,4142881.523,4142886.976,"Silva","NEON_D07_MLBS_DP1_537000_4142000_classified_point_cloud.laz","2018_MLBS_3_537000_4142000_image.tif","Tree",1,537000,537999.999,4142000,4142999.999
"16362",16362,537831.507,537837.465,4142880.514,4142887.5,"Silva","NEON_D07_MLBS_DP1_537000_4142000_classified_point_cloud.laz","2018_MLBS_3_537000_4142000_image.tif","Tree",1,537000,537999.999,4142000,4142999.999
"16363",16363,537837.556,537846.411,4142878.74,4142887.968,"Silva","NEON_D07_MLBS_DP1_537000_4142000_classified_point_cloud.laz","2018_MLBS_3_537000_4142000_image.tif","Tree",1,537000,537999.999,4142000,4142999.999
"16364",16364,537826.187,537833.881,4142877.211,4142882.486,"Silva","NEON_D07_MLBS_DP1_537000_4142000_classified_point_cloud.laz","2018_MLBS_3_537000_4142000_image.tif","Tree",1,537000,537999.999,4142000,4142999.999
"16365",16365,537847.037,537856.85,4142875.079,4142884.428,"Silva","NEON_D07_MLBS_DP1_537000_4142000_classified_point_cloud.laz","2018_MLBS_3_537000_4142000_image.tif","Tree",1,537000,537999.999,4142000,4142999.999
"16366",16366,537830.294,537835.996,4142874.629,4142880.461,"Silva","NEON_D07_MLBS_DP1_537000_4142000_classified_point_cloud.laz","2018_MLBS_3_537000_4142000_image.tif","Tree",1,537000,537999.999,4142000,4142999.999
"16367",16367,537833.095,537839.871,4142872.557,4142880.98,"Silva","NEON_D07_MLBS_DP1_537000_4142000_classified_point_cloud.laz","2018_MLBS_3_537000_4142000_image.tif","Tree",1,537000,537999.999,4142000,4142999.999
"16368",16368,537820.518,537827.976,4142873.064,4142880.996,"Silva","NEON_D07_MLBS_DP1_537000_4142000_classified_point_cloud.laz","2018_MLBS_3_537000_4142000_image.tif","Tree",1,537000,537999.999,4142000,4142999.999
"16369",16369,537841.029,537851.481,4142871.001,4142882.489,"Silva","NEON_D07_MLBS_DP1_537000_4142000_classified_point_cloud.laz","2018_MLBS_3_537000_4142000_image.tif","Tree",1,537000,537999.999,4142000,4142999.999
"16370",16370,537872.016,537879.988,4142870.032,4142881.473,"Silva","NEON_D07_MLBS_DP1_537000_4142000_classified_point_cloud.laz","2018_MLBS_3_537000_4142000_image.tif","Tree",1,537000,537999.999,4142000,4142999.999
"16371",16371,537930.613,537938.475,4142543.038,4142552.949,"Silva","NEON_D07_MLBS_DP1_537000_4142000_classified_point_cloud.laz","2018_MLBS_3_537000_4142000_image.tif","Tree",1,537000,537999.999,4142000,4142999.999
"16372",16372,537936.572,537944.809,4142540.062,4142546.991,"Silva","NEON_D07_MLBS_DP1_537000_4142000_classified_point_cloud.laz","2018_MLBS_3_537000_4142000_image.tif","Tree",1,537000,537999.999,4142000,4142999.999
"16373",16373,537883.018,537889.978,4142534.59,4142544.859,"Silva","NEON_D07_MLBS_DP1_537000_4142000_classified_point_cloud.laz","2018_MLBS_3_537000_4142000_image.tif","Tree",1,537000,537999.999,4142000,4142999.999
"16374",16374,537905.003,537914.47,4142536.009,4142544.953,"Silva","NEON_D07_MLBS_DP1_537000_4142000_classified_point_cloud.laz","2018_MLBS_3_537000_4142000_image.tif","Tree",1,537000,537999.999,4142000,4142999.999
"16375",16375,537890.009,537897.409,4142534.61,4142545.486,"Silva","NEON_D07_MLBS_DP1_537000_4142000_classified_point_cloud.laz","2018_MLBS_3_537000_4142000_image.tif","Tree",1,537000,537999.999,4142000,4142999.999
"16376",16376,537930.106,537939.805,4142532.568,4142542.951,"Silva","NEON_D07_MLBS_DP1_537000_4142000_classified_point_cloud.laz","2018_MLBS_3_537000_4142000_image.tif","Tree",1,537000,537999.999,4142000,4142999.999
"16377",16377,537939.024,537949.491,4142529.001,4142536.973,"Silva","NEON_D07_MLBS_DP1_537000_4142000_classified_point_cloud.laz","2018_MLBS_3_537000_4142000_image.tif","Tree",1,537000,537999.999,4142000,4142999.999
"16378",16378,537907.594,537916.498,4142527.006,4142535.991,"Silva","NEON_D07_MLBS_DP1_537000_4142000_classified_point_cloud.laz","2018_MLBS_3_537000_4142000_image.tif","Tree",1,537000,537999.999,4142000,4142999.999
"16379",16379,537902.102,537908.992,4142526.582,4142534.402,"Silva","NEON_D07_MLBS_DP1_537000_4142000_classified_point_cloud.laz","2018_MLBS_3_537000_4142000_image.tif","Tree",1,537000,537999.999,4142000,4142999.999
"16380",16380,537877.536,537886.725,4142512.519,4142522.287,"Silva","NEON_D07_MLBS_DP1_537000_4142000_classified_point_cloud.laz","2018_MLBS_3_537000_4142000_image.tif","Tree",1,537000,537999.999,4142000,4142999.999
"16381",16381,537916.703,537924.47,4142512.534,4142519.422,"Silva","NEON_D07_MLBS_DP1_537000_4142000_classified_point_cloud.laz","2018_MLBS_3_537000_4142000_image.tif","Tree",1,537000,537999.999,4142000,4142999.999
"16382",16382,537878.001,537887.984,4142507.507,4142513.954,"Silva","NEON_D07_MLBS_DP1_537000_4142000_classified_point_cloud.laz","2018_MLBS_3_537000_4142000_image.tif","Tree",1,537000,537999.999,4142000,4142999.999
"16383",16383,537896.03,537904.984,4142505.062,4142513.782,"Silva","NEON_D07_MLBS_DP1_537000_4142000_classified_point_cloud.laz","2018_MLBS_3_537000_4142000_image.tif","Tree",1,537000,537999.999,4142000,4142999.999
"16384",16384,537928.021,537936.983,4142508.512,4142517.495,"Silva","NEON_D07_MLBS_DP1_537000_4142000_classified_point_cloud.laz","2018_MLBS_3_537000_4142000_image.tif","Tree",1,537000,537999.999,4142000,4142999.999
"16385",16385,537939.017,537948.423,4142503.51,4142511.481,"Silva","NEON_D07_MLBS_DP1_537000_4142000_classified_point_cloud.laz","2018_MLBS_3_537000_4142000_image.tif","Tree",1,537000,537999.999,4142000,4142999.999
"16386",16386,537928.033,537935.496,4142501.533,4142509.489,"Silva","NEON_D07_MLBS_DP1_537000_4142000_classified_point_cloud.laz","2018_MLBS_3_537000_4142000_image.tif","Tree",1,537000,537999.999,4142000,4142999.999
"16387",16387,537919.017,537925.78,4142498.511,4142508.285,"Silva","NEON_D07_MLBS_DP1_537000_4142000_classified_point_cloud.laz","2018_MLBS_3_537000_4142000_image.tif","Tree",1,537000,537999.999,4142000,4142999.999
"16388",16388,537901.637,537911.479,4142492.582,4142506.362,"Silva","NEON_D07_MLBS_DP1_537000_4142000_classified_point_cloud.laz","2018_MLBS_3_537000_4142000_image.tif","Tree",1,537000,537999.999,4142000,4142999.999
"16389",16389,537935.586,537948.431,4142493.532,4142503.987,"Silva","NEON_D07_MLBS_DP1_537000_4142000_classified_point_cloud.laz","2018_MLBS_3_537000_4142000_image.tif","Tree",1,537000,537999.999,4142000,4142999.999
"16390",16390,537916.593,537921.443,4142517.184,4142522.988,"Silva","NEON_D07_MLBS_DP1_537000_4142000_classified_point_cloud.laz","2018_MLBS_3_537000_4142000_image.tif","Tree",1,537000,537999.999,4142000,4142999.999
"16391",16391,537920.536,537928.376,4142517.037,4142525.799,"Silva","NEON_D07_MLBS_DP1_537000_4142000_classified_point_cloud.laz","2018_MLBS_3_537000_4142000_image.tif","Tree",1,537000,537999.999,4142000,4142999.999
"16392",16392,537886.115,537899.484,4142518.031,4142524.459,"Silva","NEON_D07_MLBS_DP1_537000_4142000_classified_point_cloud.laz","2018_MLBS_3_537000_4142000_image.tif","Tree",1,537000,537999.999,4142000,4142999.999
"16393",16393,537911.525,537917.497,4142520.057,4142526.811,"Silva","NEON_D07_MLBS_DP1_537000_4142000_classified_point_cloud.laz","2018_MLBS_3_537000_4142000_image.tif","Tree",1,537000,537999.999,4142000,4142999.999
"16394",16394,537932.027,537939.473,4142516.574,4142524.991,"Silva","NEON_D07_MLBS_DP1_537000_4142000_classified_point_cloud.laz","2018_MLBS_3_537000_4142000_image.tif","Tree",1,537000,537999.999,4142000,4142999.999
"16395",16395,537926.514,537932.491,4142517.58,4142527.919,"Silva","NEON_D07_MLBS_DP1_537000_4142000_classified_point_cloud.laz","2018_MLBS_3_537000_4142000_image.tif","Tree",1,537000,537999.999,4142000,4142999.999
"16396",16396,537940.07,537949.197,4142519.056,4142528.93,"Silva","NEON_D07_MLBS_DP1_537000_4142000_classified_point_cloud.laz","2018_MLBS_3_537000_4142000_image.tif","Tree",1,537000,537999.999,4142000,4142999.999
"16397",16397,537907.005,537914.985,4142521.017,4142527.493,"Silva","NEON_D07_MLBS_DP1_537000_4142000_classified_point_cloud.laz","2018_MLBS_3_537000_4142000_image.tif","Tree",1,537000,537999.999,4142000,4142999.999
"16398",16398,537899.28,537907.859,4142519.641,4142528.835,"Silva","NEON_D07_MLBS_DP1_537000_4142000_classified_point_cloud.laz","2018_MLBS_3_537000_4142000_image.tif","Tree",1,537000,537999.999,4142000,4142999.999
"16399",16399,537928,537936.993,4142525.009,4142530.436,"Silva","NEON_D07_MLBS_DP1_537000_4142000_classified_point_cloud.laz","2018_MLBS_3_537000_4142000_image.tif","Tree",1,537000,537999.999,4142000,4142999.999
"16400",16400,537915,537924.47,4142522.688,4142530.894,"Silva","NEON_D07_MLBS_DP1_537000_4142000_classified_point_cloud.laz","2018_MLBS_3_537000_4142000_image.tif","Tree",1,537000,537999.999,4142000,4142999.999
"16401",16401,537937.003,537943.972,4142520.806,4142532.996,"Silva","NEON_D07_MLBS_DP1_537000_4142000_classified_point_cloud.laz","2018_MLBS_3_537000_4142000_image.tif","Tree",1,537000,537999.999,4142000,4142999.999
"16402",16402,537948.143,537956.98,4142544.028,4142551.477,"Silva","NEON_D07_MLBS_DP1_537000_4142000_classified_point_cloud.laz","2018_MLBS_3_537000_4142000_image.tif","Tree",1,537000,537999.999,4142000,4142999.999
"16403",16403,537996.049,537999.994,4142546.021,4142552.524,"Silva","NEON_D07_MLBS_DP1_537000_4142000_classified_point_cloud.laz","2018_MLBS_3_537000_4142000_image.tif","Tree",1,537000,537999.999,4142000,4142999.999
"16404",16404,537990.677,537997.49,4142542.516,4142550.816,"Silva","NEON_D07_MLBS_DP1_537000_4142000_classified_point_cloud.laz","2018_MLBS_3_537000_4142000_image.tif","Tree",1,537000,537999.999,4142000,4142999.999
"16405",16405,537954.758,537962.999,4142539.003,4142549,"Silva","NEON_D07_MLBS_DP1_537000_4142000_classified_point_cloud.laz","2018_MLBS_3_537000_4142000_image.tif","Tree",1,537000,537999.999,4142000,4142999.999
"16406",16406,537944.599,537950.941,4142536.502,4142545.477,"Silva","NEON_D07_MLBS_DP1_537000_4142000_classified_point_cloud.laz","2018_MLBS_3_537000_4142000_image.tif","Tree",1,537000,537999.999,4142000,4142999.999
"16407",16407,537986.594,537994.477,4142538.062,4142545.897,"Silva","NEON_D07_MLBS_DP1_537000_4142000_classified_point_cloud.laz","2018_MLBS_3_537000_4142000_image.tif","Tree",1,537000,537999.999,4142000,4142999.999
"16408",16408,537974.517,537981.972,4142534.512,4142544.495,"Silva","NEON_D07_MLBS_DP1_537000_4142000_classified_point_cloud.laz","2018_MLBS_3_537000_4142000_image.tif","Tree",1,537000,537999.999,4142000,4142999.999
"16409",16409,537949.068,537956.483,4142528.008,4142536.389,"Silva","NEON_D07_MLBS_DP1_537000_4142000_classified_point_cloud.laz","2018_MLBS_3_537000_4142000_image.tif","Tree",1,537000,537999.999,4142000,4142999.999
"16410",16410,537953.618,537959.934,4142526.15,4142536.387,"Silva","NEON_D07_MLBS_DP1_537000_4142000_classified_point_cloud.laz","2018_MLBS_3_537000_4142000_image.tif","Tree",1,537000,537999.999,4142000,4142999.999
"16411",16411,537979.502,537988.489,4142510.157,4142519.987,"Silva","NEON_D07_MLBS_DP1_537000_4142000_classified_point_cloud.laz","2018_MLBS_3_537000_4142000_image.tif","Tree",1,537000,537999.999,4142000,4142999.999
"16412",16412,537994.524,537999.998,4142512.015,4142519.486,"Silva","NEON_D07_MLBS_DP1_537000_4142000_classified_point_cloud.laz","2018_MLBS_3_537000_4142000_image.tif","Tree",1,537000,537999.999,4142000,4142999.999
"16413",16413,537985.523,537992.684,4142510.521,4142518.978,"Silva","NEON_D07_MLBS_DP1_537000_4142000_classified_point_cloud.laz","2018_MLBS_3_537000_4142000_image.tif","Tree",1,537000,537999.999,4142000,4142999.999
"16414",16414,537957.155,537968.389,4142508.022,4142515.966,"Silva","NEON_D07_MLBS_DP1_537000_4142000_classified_point_cloud.laz","2018_MLBS_3_537000_4142000_image.tif","Tree",1,537000,537999.999,4142000,4142999.999
"16415",16415,537971.008,537983.96,4142501.018,4142513.896,"Silva","NEON_D07_MLBS_DP1_537000_4142000_classified_point_cloud.laz","2018_MLBS_3_537000_4142000_image.tif","Tree",1,537000,537999.999,4142000,4142999.999
"16416",16416,537996,537999.993,4142505.426,4142513.957,"Silva","NEON_D07_MLBS_DP1_537000_4142000_classified_point_cloud.laz","2018_MLBS_3_537000_4142000_image.tif","Tree",1,537000,537999.999,4142000,4142999.999
"16417",16417,537984.233,537993.471,4142503.547,4142510.994,"Silva","NEON_D07_MLBS_DP1_537000_4142000_classified_point_cloud.laz","2018_MLBS_3_537000_4142000_image.tif","Tree",1,537000,537999.999,4142000,4142999.999
"16418",16418,537959.001,537971.954,4142501.768,4142508.469,"Silva","NEON_D07_MLBS_DP1_537000_4142000_classified_point_cloud.laz","2018_MLBS_3_537000_4142000_image.tif","Tree",1,537000,537999.999,4142000,4142999.999
"16419",16419,537947.535,537959.469,4142500.09,4142509.985,"Silva","NEON_D07_MLBS_DP1_537000_4142000_classified_point_cloud.laz","2018_MLBS_3_537000_4142000_image.tif","Tree",1,537000,537999.999,4142000,4142999.999
"16420",16420,537976.26,537984.48,4142518.51,4142525.427,"Silva","NEON_D07_MLBS_DP1_537000_4142000_classified_point_cloud.laz","2018_MLBS_3_537000_4142000_image.tif","Tree",1,537000,537999.999,4142000,4142999.999
"16421",16421,537954.518,537961.984,4142517.589,4142526.491,"Silva","NEON_D07_MLBS_DP1_537000_4142000_classified_point_cloud.laz","2018_MLBS_3_537000_4142000_image.tif","Tree",1,537000,537999.999,4142000,4142999.999
"16422",16422,537983.112,537988.486,4142519.744,4142528.995,"Silva","NEON_D07_MLBS_DP1_537000_4142000_classified_point_cloud.laz","2018_MLBS_3_537000_4142000_image.tif","Tree",1,537000,537999.999,4142000,4142999.999
"16423",16423,537963.152,537970.492,4142523.002,4142532.942,"Silva","NEON_D07_MLBS_DP1_537000_4142000_classified_point_cloud.laz","2018_MLBS_3_537000_4142000_image.tif","Tree",1,537000,537999.999,4142000,4142999.999
"16424",16424,537975.009,537979.987,4142524.505,4142530.484,"Silva","NEON_D07_MLBS_DP1_537000_4142000_classified_point_cloud.laz","2018_MLBS_3_537000_4142000_image.tif","Tree",1,537000,537999.999,4142000,4142999.999
"16425",16425,537957.514,537964.474,4142523.593,4142531.997,"Silva","NEON_D07_MLBS_DP1_537000_4142000_classified_point_cloud.laz","2018_MLBS_3_537000_4142000_image.tif","Tree",1,537000,537999.999,4142000,4142999.999
"16426",16426,537988.003,537999.951,4142526.221,4142534.877,"Silva","NEON_D07_MLBS_DP1_537000_4142000_classified_point_cloud.laz","2018_MLBS_3_537000_4142000_image.tif","Tree",1,537000,537999.999,4142000,4142999.999
"16427",16427,537890.034,537895.463,4142606.121,4142614.436,"Silva","NEON_D07_MLBS_DP1_537000_4142000_classified_point_cloud.laz","2018_MLBS_3_537000_4142000_image.tif","Tree",1,537000,537999.999,4142000,4142999.999
"16428",16428,537939.508,537947.992,4142606.526,4142616.428,"Silva","NEON_D07_MLBS_DP1_537000_4142000_classified_point_cloud.laz","2018_MLBS_3_537000_4142000_image.tif","Tree",1,537000,537999.999,4142000,4142999.999
"16429",16429,537883.097,537894.46,4142602.75,4142611.465,"Silva","NEON_D07_MLBS_DP1_537000_4142000_classified_point_cloud.laz","2018_MLBS_3_537000_4142000_image.tif","Tree",1,537000,537999.999,4142000,4142999.999
"16430",16430,537913.318,537924.863,4142604.502,4142612.994,"Silva","NEON_D07_MLBS_DP1_537000_4142000_classified_point_cloud.laz","2018_MLBS_3_537000_4142000_image.tif","Tree",1,537000,537999.999,4142000,4142999.999
"16431",16431,537932.012,537942.975,4142603.034,4142613.488,"Silva","NEON_D07_MLBS_DP1_537000_4142000_classified_point_cloud.laz","2018_MLBS_3_537000_4142000_image.tif","Tree",1,537000,537999.999,4142000,4142999.999
"16432",16432,537887.018,537896.994,4142544.598,4142552.495,"Silva","NEON_D07_MLBS_DP1_537000_4142000_classified_point_cloud.laz","2018_MLBS_3_537000_4142000_image.tif","Tree",1,537000,537999.999,4142000,4142999.999
"16433",16433,537921.555,537926.491,4142545.044,4142555.274,"Silva","NEON_D07_MLBS_DP1_537000_4142000_classified_point_cloud.laz","2018_MLBS_3_537000_4142000_image.tif","Tree",1,537000,537999.999,4142000,4142999.999
"16434",16434,537901.133,537909.422,4142547.739,4142555.987,"Silva","NEON_D07_MLBS_DP1_537000_4142000_classified_point_cloud.laz","2018_MLBS_3_537000_4142000_image.tif","Tree",1,537000,537999.999,4142000,4142999.999
"16435",16435,537881.5,537889.454,4142550.046,4142557.495,"Silva","NEON_D07_MLBS_DP1_537000_4142000_classified_point_cloud.laz","2018_MLBS_3_537000_4142000_image.tif","Tree",1,537000,537999.999,4142000,4142999.999
"16436",16436,537913.234,537919.969,4142553.025,4142561.251,"Silva","NEON_D07_MLBS_DP1_537000_4142000_classified_point_cloud.laz","2018_MLBS_3_537000_4142000_image.tif","Tree",1,537000,537999.999,4142000,4142999.999
"16437",16437,537919.028,537924.841,4142554.257,4142559.493,"Silva","NEON_D07_MLBS_DP1_537000_4142000_classified_point_cloud.laz","2018_MLBS_3_537000_4142000_image.tif","Tree",1,537000,537999.999,4142000,4142999.999
"16438",16438,537929.515,537936.979,4142556.066,4142563.984,"Silva","NEON_D07_MLBS_DP1_537000_4142000_classified_point_cloud.laz","2018_MLBS_3_537000_4142000_image.tif","Tree",1,537000,537999.999,4142000,4142999.999
"16439",16439,537916.521,537924.99,4142558.559,4142565.492,"Silva","NEON_D07_MLBS_DP1_537000_4142000_classified_point_cloud.laz","2018_MLBS_3_537000_4142000_image.tif","Tree",1,537000,537999.999,4142000,4142999.999
"16440",16440,537881.082,537889.493,4142557.504,4142563.957,"Silva","NEON_D07_MLBS_DP1_537000_4142000_classified_point_cloud.laz","2018_MLBS_3_537000_4142000_image.tif","Tree",1,537000,537999.999,4142000,4142999.999
"16441",16441,537905.507,537917.447,4142561.103,4142569.365,"Silva","NEON_D07_MLBS_DP1_537000_4142000_classified_point_cloud.laz","2018_MLBS_3_537000_4142000_image.tif","Tree",1,537000,537999.999,4142000,4142999.999
"16442",16442,537880.511,537890.452,4142562.424,4142566.999,"Silva","NEON_D07_MLBS_DP1_537000_4142000_classified_point_cloud.laz","2018_MLBS_3_537000_4142000_image.tif","Tree",1,537000,537999.999,4142000,4142999.999
"16443",16443,537942.026,537948.997,4142565.131,4142575.443,"Silva","NEON_D07_MLBS_DP1_537000_4142000_classified_point_cloud.laz","2018_MLBS_3_537000_4142000_image.tif","Tree",1,537000,537999.999,4142000,4142999.999
"16444",16444,537934.509,537941.461,4142563.51,4142572.346,"Silva","NEON_D07_MLBS_DP1_537000_4142000_classified_point_cloud.laz","2018_MLBS_3_537000_4142000_image.tif","Tree",1,537000,537999.999,4142000,4142999.999
"16445",16445,537929.129,537934.479,4142566.516,4142573.484,"Silva","NEON_D07_MLBS_DP1_537000_4142000_classified_point_cloud.laz","2018_MLBS_3_537000_4142000_image.tif","Tree",1,537000,537999.999,4142000,4142999.999
"16446",16446,537897.044,537906.484,4142562.57,4142570.39,"Silva","NEON_D07_MLBS_DP1_537000_4142000_classified_point_cloud.laz","2018_MLBS_3_537000_4142000_image.tif","Tree",1,537000,537999.999,4142000,4142999.999
"16447",16447,537916.556,537925.477,4142565.016,4142572,"Silva","NEON_D07_MLBS_DP1_537000_4142000_classified_point_cloud.laz","2018_MLBS_3_537000_4142000_image.tif","Tree",1,537000,537999.999,4142000,4142999.999
"16448",16448,537907.01,537915.461,4142568.003,4142573.999,"Silva","NEON_D07_MLBS_DP1_537000_4142000_classified_point_cloud.laz","2018_MLBS_3_537000_4142000_image.tif","Tree",1,537000,537999.999,4142000,4142999.999
"16449",16449,537914.524,537919.984,4142567.579,4142575.493,"Silva","NEON_D07_MLBS_DP1_537000_4142000_classified_point_cloud.laz","2018_MLBS_3_537000_4142000_image.tif","Tree",1,537000,537999.999,4142000,4142999.999
"16450",16450,537919.653,537925.488,4142570.13,4142577.37,"Silva","NEON_D07_MLBS_DP1_537000_4142000_classified_point_cloud.laz","2018_MLBS_3_537000_4142000_image.tif","Tree",1,537000,537999.999,4142000,4142999.999
"16451",16451,537889.537,537896.496,4142567.617,4142575.947,"Silva","NEON_D07_MLBS_DP1_537000_4142000_classified_point_cloud.laz","2018_MLBS_3_537000_4142000_image.tif","Tree",1,537000,537999.999,4142000,4142999.999
"16452",16452,537935.146,537944.472,4142571.009,4142577.478,"Silva","NEON_D07_MLBS_DP1_537000_4142000_classified_point_cloud.laz","2018_MLBS_3_537000_4142000_image.tif","Tree",1,537000,537999.999,4142000,4142999.999
"16453",16453,537921.513,537931.477,4142574.154,4142579.992,"Silva","NEON_D07_MLBS_DP1_537000_4142000_classified_point_cloud.laz","2018_MLBS_3_537000_4142000_image.tif","Tree",1,537000,537999.999,4142000,4142999.999
"16454",16454,537908.025,537915.905,4142573.533,4142577.906,"Silva","NEON_D07_MLBS_DP1_537000_4142000_classified_point_cloud.laz","2018_MLBS_3_537000_4142000_image.tif","Tree",1,537000,537999.999,4142000,4142999.999
"16455",16455,537878.532,537886.8,4142575.514,4142581.485,"Silva","NEON_D07_MLBS_DP1_537000_4142000_classified_point_cloud.laz","2018_MLBS_3_537000_4142000_image.tif","Tree",1,537000,537999.999,4142000,4142999.999
"16456",16456,537914.523,537921.997,4142575.535,4142583.934,"Silva","NEON_D07_MLBS_DP1_537000_4142000_classified_point_cloud.laz","2018_MLBS_3_537000_4142000_image.tif","Tree",1,537000,537999.999,4142000,4142999.999
"16457",16457,537910.049,537915.47,4142578.005,4142582.408,"Silva","NEON_D07_MLBS_DP1_537000_4142000_classified_point_cloud.laz","2018_MLBS_3_537000_4142000_image.tif","Tree",1,537000,537999.999,4142000,4142999.999
"16458",16458,537922.61,537933.478,4142579.589,4142585.485,"Silva","NEON_D07_MLBS_DP1_537000_4142000_classified_point_cloud.laz","2018_MLBS_3_537000_4142000_image.tif","Tree",1,537000,537999.999,4142000,4142999.999
"16459",16459,537919.176,537926.481,4142580.022,4142588.5,"Silva","NEON_D07_MLBS_DP1_537000_4142000_classified_point_cloud.laz","2018_MLBS_3_537000_4142000_image.tif","Tree",1,537000,537999.999,4142000,4142999.999
"16460",16460,537889.022,537898.907,4142579.005,4142587.942,"Silva","NEON_D07_MLBS_DP1_537000_4142000_classified_point_cloud.laz","2018_MLBS_3_537000_4142000_image.tif","Tree",1,537000,537999.999,4142000,4142999.999
"16461",16461,537878.528,537888.967,4142581.054,4142589.473,"Silva","NEON_D07_MLBS_DP1_537000_4142000_classified_point_cloud.laz","2018_MLBS_3_537000_4142000_image.tif","Tree",1,537000,537999.999,4142000,4142999.999
"16462",16462,537925.013,537934.457,4142583.505,4142592.477,"Silva","NEON_D07_MLBS_DP1_537000_4142000_classified_point_cloud.laz","2018_MLBS_3_537000_4142000_image.tif","Tree",1,537000,537999.999,4142000,4142999.999
"16463",16463,537915.021,537922.982,4142583.507,4142590.5,"Silva","NEON_D07_MLBS_DP1_537000_4142000_classified_point_cloud.laz","2018_MLBS_3_537000_4142000_image.tif","Tree",1,537000,537999.999,4142000,4142999.999
"16464",16464,537937.005,537947.429,4142585.017,4142593.953,"Silva","NEON_D07_MLBS_DP1_537000_4142000_classified_point_cloud.laz","2018_MLBS_3_537000_4142000_image.tif","Tree",1,537000,537999.999,4142000,4142999.999
"16465",16465,537890.513,537897.898,4142586.51,4142593.481,"Silva","NEON_D07_MLBS_DP1_537000_4142000_classified_point_cloud.laz","2018_MLBS_3_537000_4142000_image.tif","Tree",1,537000,537999.999,4142000,4142999.999
"16466",16466,537898.162,537905.395,4142586.645,4142595.978,"Silva","NEON_D07_MLBS_DP1_537000_4142000_classified_point_cloud.laz","2018_MLBS_3_537000_4142000_image.tif","Tree",1,537000,537999.999,4142000,4142999.999
"16467",16467,537913.553,537921.482,4142589.597,4142596.969,"Silva","NEON_D07_MLBS_DP1_537000_4142000_classified_point_cloud.laz","2018_MLBS_3_537000_4142000_image.tif","Tree",1,537000,537999.999,4142000,4142999.999
"16468",16468,537938.598,537947.413,4142592.558,4142603.999,"Silva","NEON_D07_MLBS_DP1_537000_4142000_classified_point_cloud.laz","2018_MLBS_3_537000_4142000_image.tif","Tree",1,537000,537999.999,4142000,4142999.999
"16469",16469,537882.01,537889.494,4142595.045,4142602.483,"Silva","NEON_D07_MLBS_DP1_537000_4142000_classified_point_cloud.laz","2018_MLBS_3_537000_4142000_image.tif","Tree",1,537000,537999.999,4142000,4142999.999
"16470",16470,537926.701,537934.361,4142600.533,4142609.933,"Silva","NEON_D07_MLBS_DP1_537000_4142000_classified_point_cloud.laz","2018_MLBS_3_537000_4142000_image.tif","Tree",1,537000,537999.999,4142000,4142999.999
"16471",16471,537906.045,537916.861,4142597.043,4142610.406,"Silva","NEON_D07_MLBS_DP1_537000_4142000_classified_point_cloud.laz","2018_MLBS_3_537000_4142000_image.tif","Tree",1,537000,537999.999,4142000,4142999.999
"16472",16472,537945.546,537954.495,4142606.065,4142617.418,"Silva","NEON_D07_MLBS_DP1_537000_4142000_classified_point_cloud.laz","2018_MLBS_3_537000_4142000_image.tif","Tree",1,537000,537999.999,4142000,4142999.999
"16473",16473,537979.003,537990.498,4142547.005,4142556.99,"Silva","NEON_D07_MLBS_DP1_537000_4142000_classified_point_cloud.laz","2018_MLBS_3_537000_4142000_image.tif","Tree",1,537000,537999.999,4142000,4142999.999
"16474",16474,537988.721,537998.753,4142549.539,4142558.488,"Silva","NEON_D07_MLBS_DP1_537000_4142000_classified_point_cloud.laz","2018_MLBS_3_537000_4142000_image.tif","Tree",1,537000,537999.999,4142000,4142999.999
"16475",16475,537971.506,537980.998,4142551.085,4142561.422,"Silva","NEON_D07_MLBS_DP1_537000_4142000_classified_point_cloud.laz","2018_MLBS_3_537000_4142000_image.tif","Tree",1,537000,537999.999,4142000,4142999.999
"16476",16476,537979.065,537985.954,4142554.089,4142563.801,"Silva","NEON_D07_MLBS_DP1_537000_4142000_classified_point_cloud.laz","2018_MLBS_3_537000_4142000_image.tif","Tree",1,537000,537999.999,4142000,4142999.999
"16477",16477,537942.039,537953.939,4142554.003,4142563.972,"Silva","NEON_D07_MLBS_DP1_537000_4142000_classified_point_cloud.laz","2018_MLBS_3_537000_4142000_image.tif","Tree",1,537000,537999.999,4142000,4142999.999
"16478",16478,537984.514,537992.49,4142556.506,4142566.387,"Silva","NEON_D07_MLBS_DP1_537000_4142000_classified_point_cloud.laz","2018_MLBS_3_537000_4142000_image.tif","Tree",1,537000,537999.999,4142000,4142999.999
"16479",16479,537963.04,537969.974,4142556.007,4142566.924,"Silva","NEON_D07_MLBS_DP1_537000_4142000_classified_point_cloud.laz","2018_MLBS_3_537000_4142000_image.tif","Tree",1,537000,537999.999,4142000,4142999.999
"16480",16480,537994.544,537999.999,4142566.559,4142578.939,"Silva","NEON_D07_MLBS_DP1_537000_4142000_classified_point_cloud.laz","2018_MLBS_3_537000_4142000_image.tif","Tree",1,537000,537999.999,4142000,4142999.999
"16481",16481,537987.016,537992.495,4142571.015,4142580.734,"Silva","NEON_D07_MLBS_DP1_537000_4142000_classified_point_cloud.laz","2018_MLBS_3_537000_4142000_image.tif","Tree",1,537000,537999.999,4142000,4142999.999
"16482",16482,537965.606,537974.919,4142573.535,4142579.99,"Silva","NEON_D07_MLBS_DP1_537000_4142000_classified_point_cloud.laz","2018_MLBS_3_537000_4142000_image.tif","Tree",1,537000,537999.999,4142000,4142999.999
"16483",16483,537962.642,537971.948,4142575.241,4142583.947,"Silva","NEON_D07_MLBS_DP1_537000_4142000_classified_point_cloud.laz","2018_MLBS_3_537000_4142000_image.tif","Tree",1,537000,537999.999,4142000,4142999.999
"16484",16484,537977.009,537984.425,4142578.014,4142587.729,"Silva","NEON_D07_MLBS_DP1_537000_4142000_classified_point_cloud.laz","2018_MLBS_3_537000_4142000_image.tif","Tree",1,537000,537999.999,4142000,4142999.999
"16485",16485,537968.595,537978.953,4142580.602,4142590.986,"Silva","NEON_D07_MLBS_DP1_537000_4142000_classified_point_cloud.laz","2018_MLBS_3_537000_4142000_image.tif","Tree",1,537000,537999.999,4142000,4142999.999
"16486",16486,537985.574,537994.444,4142582.124,4142589.853,"Silva","NEON_D07_MLBS_DP1_537000_4142000_classified_point_cloud.laz","2018_MLBS_3_537000_4142000_image.tif","Tree",1,537000,537999.999,4142000,4142999.999
"16487",16487,537952.155,537958.919,4142582.065,4142589.247,"Silva","NEON_D07_MLBS_DP1_537000_4142000_classified_point_cloud.laz","2018_MLBS_3_537000_4142000_image.tif","Tree",1,537000,537999.999,4142000,4142999.999
"16488",16488,537956.071,537963.995,4142587.505,4142597.354,"Silva","NEON_D07_MLBS_DP1_537000_4142000_classified_point_cloud.laz","2018_MLBS_3_537000_4142000_image.tif","Tree",1,537000,537999.999,4142000,4142999.999
"16489",16489,537974.001,537983.982,4142588.003,4142599.878,"Silva","NEON_D07_MLBS_DP1_537000_4142000_classified_point_cloud.laz","2018_MLBS_3_537000_4142000_image.tif","Tree",1,537000,537999.999,4142000,4142999.999
"16490",16490,537948.605,537958.99,4142593.528,4142599.968,"Silva","NEON_D07_MLBS_DP1_537000_4142000_classified_point_cloud.laz","2018_MLBS_3_537000_4142000_image.tif","Tree",1,537000,537999.999,4142000,4142999.999
"16491",16491,537946.562,537951.479,4142593.184,4142600.488,"Silva","NEON_D07_MLBS_DP1_537000_4142000_classified_point_cloud.laz","2018_MLBS_3_537000_4142000_image.tif","Tree",1,537000,537999.999,4142000,4142999.999
"16492",16492,537966.042,537975.467,4142598.56,4142603.72,"Silva","NEON_D07_MLBS_DP1_537000_4142000_classified_point_cloud.laz","2018_MLBS_3_537000_4142000_image.tif","Tree",1,537000,537999.999,4142000,4142999.999
"16493",16493,537993.163,537999.992,4142600.615,4142608,"Silva","NEON_D07_MLBS_DP1_537000_4142000_classified_point_cloud.laz","2018_MLBS_3_537000_4142000_image.tif","Tree",1,537000,537999.999,4142000,4142999.999
"16494",16494,537948.52,537953.98,4142599.048,4142604.94,"Silva","NEON_D07_MLBS_DP1_537000_4142000_classified_point_cloud.laz","2018_MLBS_3_537000_4142000_image.tif","Tree",1,537000,537999.999,4142000,4142999.999
"16495",16495,537959.027,537966.421,4142596.514,4142607.347,"Silva","NEON_D07_MLBS_DP1_537000_4142000_classified_point_cloud.laz","2018_MLBS_3_537000_4142000_image.tif","Tree",1,537000,537999.999,4142000,4142999.999
"16496",16496,537982.056,537993.98,4142599.537,4142611.974,"Silva","NEON_D07_MLBS_DP1_537000_4142000_classified_point_cloud.laz","2018_MLBS_3_537000_4142000_image.tif","Tree",1,537000,537999.999,4142000,4142999.999
"16497",16497,537973.03,537980.449,4142599.241,4142608.985,"Silva","NEON_D07_MLBS_DP1_537000_4142000_classified_point_cloud.laz","2018_MLBS_3_537000_4142000_image.tif","Tree",1,537000,537999.999,4142000,4142999.999
"16498",16498,537963.562,537969.972,4142601.554,4142610.425,"Silva","NEON_D07_MLBS_DP1_537000_4142000_classified_point_cloud.laz","2018_MLBS_3_537000_4142000_image.tif","Tree",1,537000,537999.999,4142000,4142999.999
"16499",16499,537949.041,537955.463,4142602.448,4142608.301,"Silva","NEON_D07_MLBS_DP1_537000_4142000_classified_point_cloud.laz","2018_MLBS_3_537000_4142000_image.tif","Tree",1,537000,537999.999,4142000,4142999.999
"16500",16500,537882.019,537891.883,4142673.021,4142684.986,"Silva","NEON_D07_MLBS_DP1_537000_4142000_classified_point_cloud.laz","2018_MLBS_3_537000_4142000_image.tif","Tree",1,537000,537999.999,4142000,4142999.999
"16501",16501,537938.371,537947.883,4142671.015,4142681.473,"Silva","NEON_D07_MLBS_DP1_537000_4142000_classified_point_cloud.laz","2018_MLBS_3_537000_4142000_image.tif","Tree",1,537000,537999.999,4142000,4142999.999
"16502",16502,537896.184,537902.285,4142670.01,4142679.483,"Silva","NEON_D07_MLBS_DP1_537000_4142000_classified_point_cloud.laz","2018_MLBS_3_537000_4142000_image.tif","Tree",1,537000,537999.999,4142000,4142999.999
"16503",16503,537908.557,537920.951,4142667.139,4142678.993,"Silva","NEON_D07_MLBS_DP1_537000_4142000_classified_point_cloud.laz","2018_MLBS_3_537000_4142000_image.tif","Tree",1,537000,537999.999,4142000,4142999.999
"16504",16504,537932.003,537946.993,4142668.088,4142677.487,"Silva","NEON_D07_MLBS_DP1_537000_4142000_classified_point_cloud.laz","2018_MLBS_3_537000_4142000_image.tif","Tree",1,537000,537999.999,4142000,4142999.999
"16505",16505,537902.004,537909.471,4142662.026,4142670.497,"Silva","NEON_D07_MLBS_DP1_537000_4142000_classified_point_cloud.laz","2018_MLBS_3_537000_4142000_image.tif","Tree",1,537000,537999.999,4142000,4142999.999
"16506",16506,537919.514,537932.316,4142663.511,4142675.984,"Silva","NEON_D07_MLBS_DP1_537000_4142000_classified_point_cloud.laz","2018_MLBS_3_537000_4142000_image.tif","Tree",1,537000,537999.999,4142000,4142999.999
"16507",16507,537907.582,537920.46,4142659.675,4142667.979,"Silva","NEON_D07_MLBS_DP1_537000_4142000_classified_point_cloud.laz","2018_MLBS_3_537000_4142000_image.tif","Tree",1,537000,537999.999,4142000,4142999.999
"16508",16508,537930.525,537940.761,4142664.177,4142672.427,"Silva","NEON_D07_MLBS_DP1_537000_4142000_classified_point_cloud.laz","2018_MLBS_3_537000_4142000_image.tif","Tree",1,537000,537999.999,4142000,4142999.999
"16509",16509,537930.5,537937.478,4142655.015,4142661.459,"Silva","NEON_D07_MLBS_DP1_537000_4142000_classified_point_cloud.laz","2018_MLBS_3_537000_4142000_image.tif","Tree",1,537000,537999.999,4142000,4142999.999
"16510",16510,537891.713,537900.923,4142651.04,4142660.283,"Silva","NEON_D07_MLBS_DP1_537000_4142000_classified_point_cloud.laz","2018_MLBS_3_537000_4142000_image.tif","Tree",1,537000,537999.999,4142000,4142999.999
"16511",16511,537906.105,537913.469,4142651.52,4142656.985,"Silva","NEON_D07_MLBS_DP1_537000_4142000_classified_point_cloud.laz","2018_MLBS_3_537000_4142000_image.tif","Tree",1,537000,537999.999,4142000,4142999.999
"16512",16512,537919.538,537927.895,4142645.554,4142654.964,"Silva","NEON_D07_MLBS_DP1_537000_4142000_classified_point_cloud.laz","2018_MLBS_3_537000_4142000_image.tif","Tree",1,537000,537999.999,4142000,4142999.999
"16513",16513,537886.085,537893.472,4142645.567,4142655.85,"Silva","NEON_D07_MLBS_DP1_537000_4142000_classified_point_cloud.laz","2018_MLBS_3_537000_4142000_image.tif","Tree",1,537000,537999.999,4142000,4142999.999
"16514",16514,537929.507,537938.992,4142648.067,4142655.989,"Silva","NEON_D07_MLBS_DP1_537000_4142000_classified_point_cloud.laz","2018_MLBS_3_537000_4142000_image.tif","Tree",1,537000,537999.999,4142000,4142999.999
"16515",16515,537905.591,537909.994,4142648.05,4142652.466,"Silva","NEON_D07_MLBS_DP1_537000_4142000_classified_point_cloud.laz","2018_MLBS_3_537000_4142000_image.tif","Tree",1,537000,537999.999,4142000,4142999.999
"16516",16516,537909.503,537914.937,4142647.012,4142652.962,"Silva","NEON_D07_MLBS_DP1_537000_4142000_classified_point_cloud.laz","2018_MLBS_3_537000_4142000_image.tif","Tree",1,537000,537999.999,4142000,4142999.999
"16517",16517,537912.025,537922.437,4142642.124,4142650.453,"Silva","NEON_D07_MLBS_DP1_537000_4142000_classified_point_cloud.laz","2018_MLBS_3_537000_4142000_image.tif","Tree",1,537000,537999.999,4142000,4142999.999
"16518",16518,537878.693,537888.476,4142632.264,4142642.498,"Silva","NEON_D07_MLBS_DP1_537000_4142000_classified_point_cloud.laz","2018_MLBS_3_537000_4142000_image.tif","Tree",1,537000,537999.999,4142000,4142999.999
"16519",16519,537931.728,537938.424,4142636.048,4142643.959,"Silva","NEON_D07_MLBS_DP1_537000_4142000_classified_point_cloud.laz","2018_MLBS_3_537000_4142000_image.tif","Tree",1,537000,537999.999,4142000,4142999.999
"16520",16520,537900.508,537911.988,4142633.006,4142641.241,"Silva","NEON_D07_MLBS_DP1_537000_4142000_classified_point_cloud.laz","2018_MLBS_3_537000_4142000_image.tif","Tree",1,537000,537999.999,4142000,4142999.999
"16521",16521,537911.519,537918.496,4142628.639,4142638.948,"Silva","NEON_D07_MLBS_DP1_537000_4142000_classified_point_cloud.laz","2018_MLBS_3_537000_4142000_image.tif","Tree",1,537000,537999.999,4142000,4142999.999
"16522",16522,537929.194,537938.764,4142631.008,4142636.476,"Silva","NEON_D07_MLBS_DP1_537000_4142000_classified_point_cloud.laz","2018_MLBS_3_537000_4142000_image.tif","Tree",1,537000,537999.999,4142000,4142999.999
"16523",16523,537896.054,537904.47,4142629.129,4142637.979,"Silva","NEON_D07_MLBS_DP1_537000_4142000_classified_point_cloud.laz","2018_MLBS_3_537000_4142000_image.tif","Tree",1,537000,537999.999,4142000,4142999.999
"16524",16524,537903.58,537913.987,4142626.032,4142632.988,"Silva","NEON_D07_MLBS_DP1_537000_4142000_classified_point_cloud.laz","2018_MLBS_3_537000_4142000_image.tif","Tree",1,537000,537999.999,4142000,4142999.999
"16525",16525,537916.086,537927.493,4142627.002,4142633.995,"Silva","NEON_D07_MLBS_DP1_537000_4142000_classified_point_cloud.laz","2018_MLBS_3_537000_4142000_image.tif","Tree",1,537000,537999.999,4142000,4142999.999
"16526",16526,537927.522,537939.898,4142627.066,4142632.999,"Silva","NEON_D07_MLBS_DP1_537000_4142000_classified_point_cloud.laz","2018_MLBS_3_537000_4142000_image.tif","Tree",1,537000,537999.999,4142000,4142999.999
"16527",16527,537889.009,537896.976,4142622.548,4142631.31,"Silva","NEON_D07_MLBS_DP1_537000_4142000_classified_point_cloud.laz","2018_MLBS_3_537000_4142000_image.tif","Tree",1,537000,537999.999,4142000,4142999.999
"16528",16528,537930.517,537937.959,4142621.543,4142628.439,"Silva","NEON_D07_MLBS_DP1_537000_4142000_classified_point_cloud.laz","2018_MLBS_3_537000_4142000_image.tif","Tree",1,537000,537999.999,4142000,4142999.999
"16529",16529,537917.639,537925.95,4142619.524,4142627.434,"Silva","NEON_D07_MLBS_DP1_537000_4142000_classified_point_cloud.laz","2018_MLBS_3_537000_4142000_image.tif","Tree",1,537000,537999.999,4142000,4142999.999
"16530",16530,537905.511,537913.497,4142618.558,4142627.456,"Silva","NEON_D07_MLBS_DP1_537000_4142000_classified_point_cloud.laz","2018_MLBS_3_537000_4142000_image.tif","Tree",1,537000,537999.999,4142000,4142999.999
"16531",16531,537922.556,537932.352,4142614.646,4142624.458,"Silva","NEON_D07_MLBS_DP1_537000_4142000_classified_point_cloud.laz","2018_MLBS_3_537000_4142000_image.tif","Tree",1,537000,537999.999,4142000,4142999.999
"16532",16532,537935.164,537944.269,4142619.277,4142628.958,"Silva","NEON_D07_MLBS_DP1_537000_4142000_classified_point_cloud.laz","2018_MLBS_3_537000_4142000_image.tif","Tree",1,537000,537999.999,4142000,4142999.999
"16533",16533,537891.525,537901.905,4142613.506,4142620.871,"Silva","NEON_D07_MLBS_DP1_537000_4142000_classified_point_cloud.laz","2018_MLBS_3_537000_4142000_image.tif","Tree",1,537000,537999.999,4142000,4142999.999
"16534",16534,537905.618,537914.991,4142610.507,4142619.991,"Silva","NEON_D07_MLBS_DP1_537000_4142000_classified_point_cloud.laz","2018_MLBS_3_537000_4142000_image.tif","Tree",1,537000,537999.999,4142000,4142999.999
"16535",16535,537930.52,537937.463,4142612.187,4142621.495,"Silva","NEON_D07_MLBS_DP1_537000_4142000_classified_point_cloud.laz","2018_MLBS_3_537000_4142000_image.tif","Tree",1,537000,537999.999,4142000,4142999.999
"16536",16536,537925.035,537934.467,4142610.016,4142618.47,"Silva","NEON_D07_MLBS_DP1_537000_4142000_classified_point_cloud.laz","2018_MLBS_3_537000_4142000_image.tif","Tree",1,537000,537999.999,4142000,4142999.999
"16537",16537,537996.001,537999.988,4142674.637,4142681.318,"Silva","NEON_D07_MLBS_DP1_537000_4142000_classified_point_cloud.laz","2018_MLBS_3_537000_4142000_image.tif","Tree",1,537000,537999.999,4142000,4142999.999
"16538",16538,537968.074,537975.996,4142667.647,4142678.498,"Silva","NEON_D07_MLBS_DP1_537000_4142000_classified_point_cloud.laz","2018_MLBS_3_537000_4142000_image.tif","Tree",1,537000,537999.999,4142000,4142999.999
"16539",16539,537959,537969.494,4142668.503,4142677.409,"Silva","NEON_D07_MLBS_DP1_537000_4142000_classified_point_cloud.laz","2018_MLBS_3_537000_4142000_image.tif","Tree",1,537000,537999.999,4142000,4142999.999
"16540",16540,537985.504,537995.495,4142668.09,4142679.936,"Silva","NEON_D07_MLBS_DP1_537000_4142000_classified_point_cloud.laz","2018_MLBS_3_537000_4142000_image.tif","Tree",1,537000,537999.999,4142000,4142999.999
"16541",16541,537945.088,537955.481,4142657.089,4142671.494,"Silva","NEON_D07_MLBS_DP1_537000_4142000_classified_point_cloud.laz","2018_MLBS_3_537000_4142000_image.tif","Tree",1,537000,537999.999,4142000,4142999.999
"16542",16542,537958.506,537964.912,4142660.038,4142671.833,"Silva","NEON_D07_MLBS_DP1_537000_4142000_classified_point_cloud.laz","2018_MLBS_3_537000_4142000_image.tif","Tree",1,537000,537999.999,4142000,4142999.999
"16543",16543,537954.551,537960.914,4142660.502,4142671.991,"Silva","NEON_D07_MLBS_DP1_537000_4142000_classified_point_cloud.laz","2018_MLBS_3_537000_4142000_image.tif","Tree",1,537000,537999.999,4142000,4142999.999
"16544",16544,537964.036,537972.379,4142660.504,4142668.486,"Silva","NEON_D07_MLBS_DP1_537000_4142000_classified_point_cloud.laz","2018_MLBS_3_537000_4142000_image.tif","Tree",1,537000,537999.999,4142000,4142999.999
"16545",16545,537972.008,537982.481,4142660.583,4142670.491,"Silva","NEON_D07_MLBS_DP1_537000_4142000_classified_point_cloud.laz","2018_MLBS_3_537000_4142000_image.tif","Tree",1,537000,537999.999,4142000,4142999.999
"16546",16546,537952,537962.491,4142651.547,4142660.912,"Silva","NEON_D07_MLBS_DP1_537000_4142000_classified_point_cloud.laz","2018_MLBS_3_537000_4142000_image.tif","Tree",1,537000,537999.999,4142000,4142999.999
"16547",16547,537962.017,537969.848,4142650.193,4142660.481,"Silva","NEON_D07_MLBS_DP1_537000_4142000_classified_point_cloud.laz","2018_MLBS_3_537000_4142000_image.tif","Tree",1,537000,537999.999,4142000,4142999.999
"16548",16548,537995.047,537999.994,4142654.537,4142662.431,"Silva","NEON_D07_MLBS_DP1_537000_4142000_classified_point_cloud.laz","2018_MLBS_3_537000_4142000_image.tif","Tree",1,537000,537999.999,4142000,4142999.999
"16549",16549,537972.09,537979.486,4142651.014,4142660.801,"Silva","NEON_D07_MLBS_DP1_537000_4142000_classified_point_cloud.laz","2018_MLBS_3_537000_4142000_image.tif","Tree",1,537000,537999.999,4142000,4142999.999
"16550",16550,537966.56,537975.43,4142650.503,4142656.993,"Silva","NEON_D07_MLBS_DP1_537000_4142000_classified_point_cloud.laz","2018_MLBS_3_537000_4142000_image.tif","Tree",1,537000,537999.999,4142000,4142999.999
"16551",16551,537994.007,537999.983,4142644.021,4142655.375,"Silva","NEON_D07_MLBS_DP1_537000_4142000_classified_point_cloud.laz","2018_MLBS_3_537000_4142000_image.tif","Tree",1,537000,537999.999,4142000,4142999.999
"16552",16552,537970.007,537978.914,4142643.51,4142651.499,"Silva","NEON_D07_MLBS_DP1_537000_4142000_classified_point_cloud.laz","2018_MLBS_3_537000_4142000_image.tif","Tree",1,537000,537999.999,4142000,4142999.999
"16553",16553,537957.552,537966.444,4142639.131,4142650.474,"Silva","NEON_D07_MLBS_DP1_537000_4142000_classified_point_cloud.laz","2018_MLBS_3_537000_4142000_image.tif","Tree",1,537000,537999.999,4142000,4142999.999
"16554",16554,537948.532,537957.981,4142633.06,4142643.718,"Silva","NEON_D07_MLBS_DP1_537000_4142000_classified_point_cloud.laz","2018_MLBS_3_537000_4142000_image.tif","Tree",1,537000,537999.999,4142000,4142999.999
"16555",16555,537970.002,537978.243,4142634.018,4142643.471,"Silva","NEON_D07_MLBS_DP1_537000_4142000_classified_point_cloud.laz","2018_MLBS_3_537000_4142000_image.tif","Tree",1,537000,537999.999,4142000,4142999.999
"16556",16556,537944.511,537953.989,4142629.574,4142638.93,"Silva","NEON_D07_MLBS_DP1_537000_4142000_classified_point_cloud.laz","2018_MLBS_3_537000_4142000_image.tif","Tree",1,537000,537999.999,4142000,4142999.999
"16557",16557,537964.677,537972.627,4142630.504,4142641.477,"Silva","NEON_D07_MLBS_DP1_537000_4142000_classified_point_cloud.laz","2018_MLBS_3_537000_4142000_image.tif","Tree",1,537000,537999.999,4142000,4142999.999
"16558",16558,537960.564,537969.778,4142626.069,4142633.461,"Silva","NEON_D07_MLBS_DP1_537000_4142000_classified_point_cloud.laz","2018_MLBS_3_537000_4142000_image.tif","Tree",1,537000,537999.999,4142000,4142999.999
"16559",16559,537970.596,537983.498,4142626.067,4142633.999,"Silva","NEON_D07_MLBS_DP1_537000_4142000_classified_point_cloud.laz","2018_MLBS_3_537000_4142000_image.tif","Tree",1,537000,537999.999,4142000,4142999.999
"16560",16560,537995.53,537999.997,4142624.192,4142632.953,"Silva","NEON_D07_MLBS_DP1_537000_4142000_classified_point_cloud.laz","2018_MLBS_3_537000_4142000_image.tif","Tree",1,537000,537999.999,4142000,4142999.999
"16561",16561,537963.513,537973.498,4142619.515,4142630.476,"Silva","NEON_D07_MLBS_DP1_537000_4142000_classified_point_cloud.laz","2018_MLBS_3_537000_4142000_image.tif","Tree",1,537000,537999.999,4142000,4142999.999
"16562",16562,537950.523,537958.962,4142617.016,4142628.498,"Silva","NEON_D07_MLBS_DP1_537000_4142000_classified_point_cloud.laz","2018_MLBS_3_537000_4142000_image.tif","Tree",1,537000,537999.999,4142000,4142999.999
"16563",16563,537973.018,537979.499,4142618.004,4142626.977,"Silva","NEON_D07_MLBS_DP1_537000_4142000_classified_point_cloud.laz","2018_MLBS_3_537000_4142000_image.tif","Tree",1,537000,537999.999,4142000,4142999.999
"16564",16564,537978.389,537986.939,4142619.593,4142630.425,"Silva","NEON_D07_MLBS_DP1_537000_4142000_classified_point_cloud.laz","2018_MLBS_3_537000_4142000_image.tif","Tree",1,537000,537999.999,4142000,4142999.999
"16565",16565,537952.54,537964.477,4142616.508,4142623.444,"Silva","NEON_D07_MLBS_DP1_537000_4142000_classified_point_cloud.laz","2018_MLBS_3_537000_4142000_image.tif","Tree",1,537000,537999.999,4142000,4142999.999
"16566",16566,537977.562,537987.452,4142614.524,4142623.825,"Silva","NEON_D07_MLBS_DP1_537000_4142000_classified_point_cloud.laz","2018_MLBS_3_537000_4142000_image.tif","Tree",1,537000,537999.999,4142000,4142999.999
"16567",16567,537881.011,537889.365,4142742.124,4142746.759,"Silva","NEON_D07_MLBS_DP1_537000_4142000_classified_point_cloud.laz","2018_MLBS_3_537000_4142000_image.tif","Tree",1,537000,537999.999,4142000,4142999.999
"16568",16568,537888,537895.153,4142738.522,4142744.375,"Silva","NEON_D07_MLBS_DP1_537000_4142000_classified_point_cloud.laz","2018_MLBS_3_537000_4142000_image.tif","Tree",1,537000,537999.999,4142000,4142999.999
"16569",16569,537900.049,537909.46,4142734.535,4142742.47,"Silva","NEON_D07_MLBS_DP1_537000_4142000_classified_point_cloud.laz","2018_MLBS_3_537000_4142000_image.tif","Tree",1,537000,537999.999,4142000,4142999.999
"16570",16570,537885.005,537891.952,4142732.017,4142739.998,"Silva","NEON_D07_MLBS_DP1_537000_4142000_classified_point_cloud.laz","2018_MLBS_3_537000_4142000_image.tif","Tree",1,537000,537999.999,4142000,4142999.999
"16571",16571,537879.538,537885.982,4142733.004,4142741.428,"Silva","NEON_D07_MLBS_DP1_537000_4142000_classified_point_cloud.laz","2018_MLBS_3_537000_4142000_image.tif","Tree",1,537000,537999.999,4142000,4142999.999
"16572",16572,537895.076,537902.493,4142735.512,4142743.679,"Silva","NEON_D07_MLBS_DP1_537000_4142000_classified_point_cloud.laz","2018_MLBS_3_537000_4142000_image.tif","Tree",1,537000,537999.999,4142000,4142999.999
"16573",16573,537922.013,537930.498,4142737.001,4142744,"Silva","NEON_D07_MLBS_DP1_537000_4142000_classified_point_cloud.laz","2018_MLBS_3_537000_4142000_image.tif","Tree",1,537000,537999.999,4142000,4142999.999
"16574",16574,537935.533,537945.91,4142736.078,4142747.454,"Silva","NEON_D07_MLBS_DP1_537000_4142000_classified_point_cloud.laz","2018_MLBS_3_537000_4142000_image.tif","Tree",1,537000,537999.999,4142000,4142999.999
"16575",16575,537889.012,537895.993,4142731.544,4142739.405,"Silva","NEON_D07_MLBS_DP1_537000_4142000_classified_point_cloud.laz","2018_MLBS_3_537000_4142000_image.tif","Tree",1,537000,537999.999,4142000,4142999.999
"16576",16576,537879.009,537888.472,4142725.037,4142733.497,"Silva","NEON_D07_MLBS_DP1_537000_4142000_classified_point_cloud.laz","2018_MLBS_3_537000_4142000_image.tif","Tree",1,537000,537999.999,4142000,4142999.999
"16577",16577,537936.574,537947.98,4142730.508,4142738.983,"Silva","NEON_D07_MLBS_DP1_537000_4142000_classified_point_cloud.laz","2018_MLBS_3_537000_4142000_image.tif","Tree",1,537000,537999.999,4142000,4142999.999
"16578",16578,537892.043,537898.999,4142727.03,4142732.898,"Silva","NEON_D07_MLBS_DP1_537000_4142000_classified_point_cloud.laz","2018_MLBS_3_537000_4142000_image.tif","Tree",1,537000,537999.999,4142000,4142999.999
"16579",16579,537907.008,537916.495,4142726.16,4142737.769,"Silva","NEON_D07_MLBS_DP1_537000_4142000_classified_point_cloud.laz","2018_MLBS_3_537000_4142000_image.tif","Tree",1,537000,537999.999,4142000,4142999.999
"16580",16580,537888.003,537895.946,4142722.911,4142731.931,"Silva","NEON_D07_MLBS_DP1_537000_4142000_classified_point_cloud.laz","2018_MLBS_3_537000_4142000_image.tif","Tree",1,537000,537999.999,4142000,4142999.999
"16581",16581,537922.116,537928.996,4142725.699,4142732.941,"Silva","NEON_D07_MLBS_DP1_537000_4142000_classified_point_cloud.laz","2018_MLBS_3_537000_4142000_image.tif","Tree",1,537000,537999.999,4142000,4142999.999
"16582",16582,537929.012,537935.49,4142724.716,4142731.976,"Silva","NEON_D07_MLBS_DP1_537000_4142000_classified_point_cloud.laz","2018_MLBS_3_537000_4142000_image.tif","Tree",1,537000,537999.999,4142000,4142999.999
"16583",16583,537883.503,537892.938,4142717.002,4142728.347,"Silva","NEON_D07_MLBS_DP1_537000_4142000_classified_point_cloud.laz","2018_MLBS_3_537000_4142000_image.tif","Tree",1,537000,537999.999,4142000,4142999.999
"16584",16584,537934.061,537939.696,4142695.315,4142703.478,"Silva","NEON_D07_MLBS_DP1_537000_4142000_classified_point_cloud.laz","2018_MLBS_3_537000_4142000_image.tif","Tree",1,537000,537999.999,4142000,4142999.999
"16585",16585,537927.135,537933.495,4142696.502,4142702.462,"Silva","NEON_D07_MLBS_DP1_537000_4142000_classified_point_cloud.laz","2018_MLBS_3_537000_4142000_image.tif","Tree",1,537000,537999.999,4142000,4142999.999
"16586",16586,537910.181,537920.991,4142691.015,4142698.486,"Silva","NEON_D07_MLBS_DP1_537000_4142000_classified_point_cloud.laz","2018_MLBS_3_537000_4142000_image.tif","Tree",1,537000,537999.999,4142000,4142999.999
"16587",16587,537936.582,537943.462,4142693.528,4142701.499,"Silva","NEON_D07_MLBS_DP1_537000_4142000_classified_point_cloud.laz","2018_MLBS_3_537000_4142000_image.tif","Tree",1,537000,537999.999,4142000,4142999.999
"16588",16588,537888.022,537895.984,4142684.506,4142693,"Silva","NEON_D07_MLBS_DP1_537000_4142000_classified_point_cloud.laz","2018_MLBS_3_537000_4142000_image.tif","Tree",1,537000,537999.999,4142000,4142999.999
"16589",16589,537902.006,537908.492,4142686.021,4142693.45,"Silva","NEON_D07_MLBS_DP1_537000_4142000_classified_point_cloud.laz","2018_MLBS_3_537000_4142000_image.tif","Tree",1,537000,537999.999,4142000,4142999.999
"16590",16590,537910.558,537921.899,4142679.001,4142691.972,"Silva","NEON_D07_MLBS_DP1_537000_4142000_classified_point_cloud.laz","2018_MLBS_3_537000_4142000_image.tif","Tree",1,537000,537999.999,4142000,4142999.999
"16591",16591,537933.074,537941.983,4142685.011,4142691.937,"Silva","NEON_D07_MLBS_DP1_537000_4142000_classified_point_cloud.laz","2018_MLBS_3_537000_4142000_image.tif","Tree",1,537000,537999.999,4142000,4142999.999
"16592",16592,537919.552,537932.997,4142674.501,4142688.497,"Silva","NEON_D07_MLBS_DP1_537000_4142000_classified_point_cloud.laz","2018_MLBS_3_537000_4142000_image.tif","Tree",1,537000,537999.999,4142000,4142999.999
"16593",16593,537918.636,537925.358,4142692.163,4142704.442,"Silva","NEON_D07_MLBS_DP1_537000_4142000_classified_point_cloud.laz","2018_MLBS_3_537000_4142000_image.tif","Tree",1,537000,537999.999,4142000,4142999.999
"16594",16594,537927.014,537935.993,4142697.959,4142707.309,"Silva","NEON_D07_MLBS_DP1_537000_4142000_classified_point_cloud.laz","2018_MLBS_3_537000_4142000_image.tif","Tree",1,537000,537999.999,4142000,4142999.999
"16595",16595,537899.014,537905.996,4142697.52,4142706.921,"Silva","NEON_D07_MLBS_DP1_537000_4142000_classified_point_cloud.laz","2018_MLBS_3_537000_4142000_image.tif","Tree",1,537000,537999.999,4142000,4142999.999
"16596",16596,537934.549,537942.46,4142702.156,4142708.484,"Silva","NEON_D07_MLBS_DP1_537000_4142000_classified_point_cloud.laz","2018_MLBS_3_537000_4142000_image.tif","Tree",1,537000,537999.999,4142000,4142999.999
"16597",16597,537914.568,537925.476,4142699.869,4142707.48,"Silva","NEON_D07_MLBS_DP1_537000_4142000_classified_point_cloud.laz","2018_MLBS_3_537000_4142000_image.tif","Tree",1,537000,537999.999,4142000,4142999.999
"16598",16598,537883.525,537892.442,4142698.01,4142704.239,"Silva","NEON_D07_MLBS_DP1_537000_4142000_classified_point_cloud.laz","2018_MLBS_3_537000_4142000_image.tif","Tree",1,537000,537999.999,4142000,4142999.999
"16599",16599,537877.504,537883.996,4142696.52,4142704.989,"Silva","NEON_D07_MLBS_DP1_537000_4142000_classified_point_cloud.laz","2018_MLBS_3_537000_4142000_image.tif","Tree",1,537000,537999.999,4142000,4142999.999
"16600",16600,537892.505,537901.428,4142697.702,4142705.498,"Silva","NEON_D07_MLBS_DP1_537000_4142000_classified_point_cloud.laz","2018_MLBS_3_537000_4142000_image.tif","Tree",1,537000,537999.999,4142000,4142999.999
"16601",16601,537936.521,537944.341,4142706.527,4142716.413,"Silva","NEON_D07_MLBS_DP1_537000_4142000_classified_point_cloud.laz","2018_MLBS_3_537000_4142000_image.tif","Tree",1,537000,537999.999,4142000,4142999.999
"16602",16602,537893.662,537902.462,4142705.506,4142710.999,"Silva","NEON_D07_MLBS_DP1_537000_4142000_classified_point_cloud.laz","2018_MLBS_3_537000_4142000_image.tif","Tree",1,537000,537999.999,4142000,4142999.999
"16603",16603,537921.007,537928.497,4142705.002,4142715.5,"Silva","NEON_D07_MLBS_DP1_537000_4142000_classified_point_cloud.laz","2018_MLBS_3_537000_4142000_image.tif","Tree",1,537000,537999.999,4142000,4142999.999
"16604",16604,537915.5,537920.984,4142706.502,4142713.931,"Silva","NEON_D07_MLBS_DP1_537000_4142000_classified_point_cloud.laz","2018_MLBS_3_537000_4142000_image.tif","Tree",1,537000,537999.999,4142000,4142999.999
"16605",16605,537910,537915.491,4142705.514,4142714.95,"Silva","NEON_D07_MLBS_DP1_537000_4142000_classified_point_cloud.laz","2018_MLBS_3_537000_4142000_image.tif","Tree",1,537000,537999.999,4142000,4142999.999
"16606",16606,537890.51,537895.993,4142705.004,4142711.964,"Silva","NEON_D07_MLBS_DP1_537000_4142000_classified_point_cloud.laz","2018_MLBS_3_537000_4142000_image.tif","Tree",1,537000,537999.999,4142000,4142999.999
"16607",16607,537900.017,537907.479,4142708.546,4142719.983,"Silva","NEON_D07_MLBS_DP1_537000_4142000_classified_point_cloud.laz","2018_MLBS_3_537000_4142000_image.tif","Tree",1,537000,537999.999,4142000,4142999.999
"16608",16608,537915.003,537923.487,4142712.666,4142718.476,"Silva","NEON_D07_MLBS_DP1_537000_4142000_classified_point_cloud.laz","2018_MLBS_3_537000_4142000_image.tif","Tree",1,537000,537999.999,4142000,4142999.999
"16609",16609,537894.546,537900.485,4142711.001,4142717.976,"Silva","NEON_D07_MLBS_DP1_537000_4142000_classified_point_cloud.laz","2018_MLBS_3_537000_4142000_image.tif","Tree",1,537000,537999.999,4142000,4142999.999
"16610",16610,537886.002,537894.485,4142711.66,4142718.949,"Silva","NEON_D07_MLBS_DP1_537000_4142000_classified_point_cloud.laz","2018_MLBS_3_537000_4142000_image.tif","Tree",1,537000,537999.999,4142000,4142999.999
"16611",16611,537913,537919.403,4142714.53,4142721.963,"Silva","NEON_D07_MLBS_DP1_537000_4142000_classified_point_cloud.laz","2018_MLBS_3_537000_4142000_image.tif","Tree",1,537000,537999.999,4142000,4142999.999
"16612",16612,537919.056,537926.486,4142715.502,4142722.486,"Silva","NEON_D07_MLBS_DP1_537000_4142000_classified_point_cloud.laz","2018_MLBS_3_537000_4142000_image.tif","Tree",1,537000,537999.999,4142000,4142999.999
"16613",16613,537913.518,537920.411,4142720.505,4142727.485,"Silva","NEON_D07_MLBS_DP1_537000_4142000_classified_point_cloud.laz","2018_MLBS_3_537000_4142000_image.tif","Tree",1,537000,537999.999,4142000,4142999.999
"16614",16614,537935.002,537942.933,4142717.068,4142730.988,"Silva","NEON_D07_MLBS_DP1_537000_4142000_classified_point_cloud.laz","2018_MLBS_3_537000_4142000_image.tif","Tree",1,537000,537999.999,4142000,4142999.999
"16615",16615,537919.551,537925.493,4142722.003,4142727.981,"Silva","NEON_D07_MLBS_DP1_537000_4142000_classified_point_cloud.laz","2018_MLBS_3_537000_4142000_image.tif","Tree",1,537000,537999.999,4142000,4142999.999
"16616",16616,537926.502,537934.965,4142720.152,4142728.5,"Silva","NEON_D07_MLBS_DP1_537000_4142000_classified_point_cloud.laz","2018_MLBS_3_537000_4142000_image.tif","Tree",1,537000,537999.999,4142000,4142999.999
"16617",16617,537966.509,537977.434,4142736.015,4142745.993,"Silva","NEON_D07_MLBS_DP1_537000_4142000_classified_point_cloud.laz","2018_MLBS_3_537000_4142000_image.tif","Tree",1,537000,537999.999,4142000,4142999.999
"16618",16618,537995.089,537999.999,4142736.02,4142746.494,"Silva","NEON_D07_MLBS_DP1_537000_4142000_classified_point_cloud.laz","2018_MLBS_3_537000_4142000_image.tif","Tree",1,537000,537999.999,4142000,4142999.999
"16619",16619,537984.501,537995.481,4142737.54,4142748.487,"Silva","NEON_D07_MLBS_DP1_537000_4142000_classified_point_cloud.laz","2018_MLBS_3_537000_4142000_image.tif","Tree",1,537000,537999.999,4142000,4142999.999
"16620",16620,537976.63,537986.957,4142735.562,4142746.994,"Silva","NEON_D07_MLBS_DP1_537000_4142000_classified_point_cloud.laz","2018_MLBS_3_537000_4142000_image.tif","Tree",1,537000,537999.999,4142000,4142999.999
"16621",16621,537962.113,537972.933,4142732.565,4142741.898,"Silva","NEON_D07_MLBS_DP1_537000_4142000_classified_point_cloud.laz","2018_MLBS_3_537000_4142000_image.tif","Tree",1,537000,537999.999,4142000,4142999.999
"16622",16622,537984.63,537993.481,4142732.082,4142738.941,"Silva","NEON_D07_MLBS_DP1_537000_4142000_classified_point_cloud.laz","2018_MLBS_3_537000_4142000_image.tif","Tree",1,537000,537999.999,4142000,4142999.999
"16623",16623,537983.002,537989.279,4142728.022,4142735.938,"Silva","NEON_D07_MLBS_DP1_537000_4142000_classified_point_cloud.laz","2018_MLBS_3_537000_4142000_image.tif","Tree",1,537000,537999.999,4142000,4142999.999
"16624",16624,537943.011,537948.993,4142695.554,4142701.899,"Silva","NEON_D07_MLBS_DP1_537000_4142000_classified_point_cloud.laz","2018_MLBS_3_537000_4142000_image.tif","Tree",1,537000,537999.999,4142000,4142999.999
"16625",16625,537992.596,537999.985,4142700.026,4142708.441,"Silva","NEON_D07_MLBS_DP1_537000_4142000_classified_point_cloud.laz","2018_MLBS_3_537000_4142000_image.tif","Tree",1,537000,537999.999,4142000,4142999.999
"16626",16626,537959.024,537966.833,4142698.052,4142705.337,"Silva","NEON_D07_MLBS_DP1_537000_4142000_classified_point_cloud.laz","2018_MLBS_3_537000_4142000_image.tif","Tree",1,537000,537999.999,4142000,4142999.999
"16627",16627,537976.351,537982.996,4142693.547,4142702.416,"Silva","NEON_D07_MLBS_DP1_537000_4142000_classified_point_cloud.laz","2018_MLBS_3_537000_4142000_image.tif","Tree",1,537000,537999.999,4142000,4142999.999
"16628",16628,537956.573,537966.487,4142691.501,4142699.984,"Silva","NEON_D07_MLBS_DP1_537000_4142000_classified_point_cloud.laz","2018_MLBS_3_537000_4142000_image.tif","Tree",1,537000,537999.999,4142000,4142999.999
"16629",16629,537944.502,537952.998,4142691.128,4142697.969,"Silva","NEON_D07_MLBS_DP1_537000_4142000_classified_point_cloud.laz","2018_MLBS_3_537000_4142000_image.tif","Tree",1,537000,537999.999,4142000,4142999.999
"16630",16630,537983.52,537994.956,4142689.009,4142698.841,"Silva","NEON_D07_MLBS_DP1_537000_4142000_classified_point_cloud.laz","2018_MLBS_3_537000_4142000_image.tif","Tree",1,537000,537999.999,4142000,4142999.999
"16631",16631,537944.089,537950.473,4142684.55,4142691.435,"Silva","NEON_D07_MLBS_DP1_537000_4142000_classified_point_cloud.laz","2018_MLBS_3_537000_4142000_image.tif","Tree",1,537000,537999.999,4142000,4142999.999
"16632",16632,537979,537984.836,4142681.128,4142694.207,"Silva","NEON_D07_MLBS_DP1_537000_4142000_classified_point_cloud.laz","2018_MLBS_3_537000_4142000_image.tif","Tree",1,537000,537999.999,4142000,4142999.999
"16633",16633,537965.045,537973.363,4142682.502,4142691.492,"Silva","NEON_D07_MLBS_DP1_537000_4142000_classified_point_cloud.laz","2018_MLBS_3_537000_4142000_image.tif","Tree",1,537000,537999.999,4142000,4142999.999
"16634",16634,537941.516,537949.983,4142679.092,4142686.477,"Silva","NEON_D07_MLBS_DP1_537000_4142000_classified_point_cloud.laz","2018_MLBS_3_537000_4142000_image.tif","Tree",1,537000,537999.999,4142000,4142999.999
"16635",16635,537957.593,537965.486,4142681.508,4142687.498,"Silva","NEON_D07_MLBS_DP1_537000_4142000_classified_point_cloud.laz","2018_MLBS_3_537000_4142000_image.tif","Tree",1,537000,537999.999,4142000,4142999.999
"16636",16636,537987.511,537994.996,4142680.235,4142689.983,"Silva","NEON_D07_MLBS_DP1_537000_4142000_classified_point_cloud.laz","2018_MLBS_3_537000_4142000_image.tif","Tree",1,537000,537999.999,4142000,4142999.999
"16637",16637,537950.009,537957.454,4142679.218,4142687.443,"Silva","NEON_D07_MLBS_DP1_537000_4142000_classified_point_cloud.laz","2018_MLBS_3_537000_4142000_image.tif","Tree",1,537000,537999.999,4142000,4142999.999
"16638",16638,537993.006,537999.984,4142680.508,4142686.945,"Silva","NEON_D07_MLBS_DP1_537000_4142000_classified_point_cloud.laz","2018_MLBS_3_537000_4142000_image.tif","Tree",1,537000,537999.999,4142000,4142999.999
"16639",16639,537955.073,537961.48,4142672.015,4142683.448,"Silva","NEON_D07_MLBS_DP1_537000_4142000_classified_point_cloud.laz","2018_MLBS_3_537000_4142000_image.tif","Tree",1,537000,537999.999,4142000,4142999.999
"16640",16640,537961.5,537967.486,4142675.542,4142682.994,"Silva","NEON_D07_MLBS_DP1_537000_4142000_classified_point_cloud.laz","2018_MLBS_3_537000_4142000_image.tif","Tree",1,537000,537999.999,4142000,4142999.999
"16641",16641,537969.571,537977.489,4142701.106,4142707.984,"Silva","NEON_D07_MLBS_DP1_537000_4142000_classified_point_cloud.laz","2018_MLBS_3_537000_4142000_image.tif","Tree",1,537000,537999.999,4142000,4142999.999
"16642",16642,537948.018,537956.96,4142701.007,4142711.994,"Silva","NEON_D07_MLBS_DP1_537000_4142000_classified_point_cloud.laz","2018_MLBS_3_537000_4142000_image.tif","Tree",1,537000,537999.999,4142000,4142999.999
"16643",16643,537976.018,537985.491,4142711.216,4142717.991,"Silva","NEON_D07_MLBS_DP1_537000_4142000_classified_point_cloud.laz","2018_MLBS_3_537000_4142000_image.tif","Tree",1,537000,537999.999,4142000,4142999.999
"16644",16644,537990.578,537997.993,4142714.008,4142721.841,"Silva","NEON_D07_MLBS_DP1_537000_4142000_classified_point_cloud.laz","2018_MLBS_3_537000_4142000_image.tif","Tree",1,537000,537999.999,4142000,4142999.999
"16645",16645,537967.58,537977.425,4142713.544,4142721.936,"Silva","NEON_D07_MLBS_DP1_537000_4142000_classified_point_cloud.laz","2018_MLBS_3_537000_4142000_image.tif","Tree",1,537000,537999.999,4142000,4142999.999
"16646",16646,537982.193,537990.481,4142712.759,4142721.345,"Silva","NEON_D07_MLBS_DP1_537000_4142000_classified_point_cloud.laz","2018_MLBS_3_537000_4142000_image.tif","Tree",1,537000,537999.999,4142000,4142999.999
"16647",16647,537954.039,537965.428,4142713.018,4142722.976,"Silva","NEON_D07_MLBS_DP1_537000_4142000_classified_point_cloud.laz","2018_MLBS_3_537000_4142000_image.tif","Tree",1,537000,537999.999,4142000,4142999.999
"16648",16648,537975.599,537983.883,4142717.503,4142727.38,"Silva","NEON_D07_MLBS_DP1_537000_4142000_classified_point_cloud.laz","2018_MLBS_3_537000_4142000_image.tif","Tree",1,537000,537999.999,4142000,4142999.999
"16649",16649,537982.004,537990.461,4142721.009,4142727.996,"Silva","NEON_D07_MLBS_DP1_537000_4142000_classified_point_cloud.laz","2018_MLBS_3_537000_4142000_image.tif","Tree",1,537000,537999.999,4142000,4142999.999
"16650",16650,537994.094,537999.998,4142726.044,4142735.958,"Silva","NEON_D07_MLBS_DP1_537000_4142000_classified_point_cloud.laz","2018_MLBS_3_537000_4142000_image.tif","Tree",1,537000,537999.999,4142000,4142999.999
"16651",16651,537944.555,537951.984,4142720.577,4142732.447,"Silva","NEON_D07_MLBS_DP1_537000_4142000_classified_point_cloud.laz","2018_MLBS_3_537000_4142000_image.tif","Tree",1,537000,537999.999,4142000,4142999.999
"16652",16652,537957.03,537966.479,4142723.022,4142731.97,"Silva","NEON_D07_MLBS_DP1_537000_4142000_classified_point_cloud.laz","2018_MLBS_3_537000_4142000_image.tif","Tree",1,537000,537999.999,4142000,4142999.999
"16653",16653,537905.048,537917.499,4142791.518,4142800.497,"Silva","NEON_D07_MLBS_DP1_537000_4142000_classified_point_cloud.laz","2018_MLBS_3_537000_4142000_image.tif","Tree",1,537000,537999.999,4142000,4142999.999
"16654",16654,537922.505,537928.498,4142789.511,4142798.47,"Silva","NEON_D07_MLBS_DP1_537000_4142000_classified_point_cloud.laz","2018_MLBS_3_537000_4142000_image.tif","Tree",1,537000,537999.999,4142000,4142999.999
"16655",16655,537890.516,537899.451,4142786.566,4142794.491,"Silva","NEON_D07_MLBS_DP1_537000_4142000_classified_point_cloud.laz","2018_MLBS_3_537000_4142000_image.tif","Tree",1,537000,537999.999,4142000,4142999.999
"16656",16656,537914.51,537921.483,4142785.09,4142791.497,"Silva","NEON_D07_MLBS_DP1_537000_4142000_classified_point_cloud.laz","2018_MLBS_3_537000_4142000_image.tif","Tree",1,537000,537999.999,4142000,4142999.999
"16657",16657,537920.577,537928.901,4142785.553,4142791.989,"Silva","NEON_D07_MLBS_DP1_537000_4142000_classified_point_cloud.laz","2018_MLBS_3_537000_4142000_image.tif","Tree",1,537000,537999.999,4142000,4142999.999
"16658",16658,537901.014,537908.872,4142783.038,4142787.736,"Silva","NEON_D07_MLBS_DP1_537000_4142000_classified_point_cloud.laz","2018_MLBS_3_537000_4142000_image.tif","Tree",1,537000,537999.999,4142000,4142999.999
"16659",16659,537929.792,537938.988,4142783.568,4142791.923,"Silva","NEON_D07_MLBS_DP1_537000_4142000_classified_point_cloud.laz","2018_MLBS_3_537000_4142000_image.tif","Tree",1,537000,537999.999,4142000,4142999.999
"16660",16660,537902.507,537908.427,4142778.008,4142783.499,"Silva","NEON_D07_MLBS_DP1_537000_4142000_classified_point_cloud.laz","2018_MLBS_3_537000_4142000_image.tif","Tree",1,537000,537999.999,4142000,4142999.999
"16661",16661,537938.501,537944.482,4142780.525,4142787.986,"Silva","NEON_D07_MLBS_DP1_537000_4142000_classified_point_cloud.laz","2018_MLBS_3_537000_4142000_image.tif","Tree",1,537000,537999.999,4142000,4142999.999
"16662",16662,537907.061,537915.235,4142775.559,4142783.498,"Silva","NEON_D07_MLBS_DP1_537000_4142000_classified_point_cloud.laz","2018_MLBS_3_537000_4142000_image.tif","Tree",1,537000,537999.999,4142000,4142999.999
"16663",16663,537933.018,537940.96,4142778.02,4142785.43,"Silva","NEON_D07_MLBS_DP1_537000_4142000_classified_point_cloud.laz","2018_MLBS_3_537000_4142000_image.tif","Tree",1,537000,537999.999,4142000,4142999.999
"16664",16664,537896.069,537907.467,4142770.819,4142779.463,"Silva","NEON_D07_MLBS_DP1_537000_4142000_classified_point_cloud.laz","2018_MLBS_3_537000_4142000_image.tif","Tree",1,537000,537999.999,4142000,4142999.999
"16665",16665,537903.533,537915.992,4142765.015,4142776.495,"Silva","NEON_D07_MLBS_DP1_537000_4142000_classified_point_cloud.laz","2018_MLBS_3_537000_4142000_image.tif","Tree",1,537000,537999.999,4142000,4142999.999
"16666",16666,537940.52,537947.425,4142767.548,4142775.49,"Silva","NEON_D07_MLBS_DP1_537000_4142000_classified_point_cloud.laz","2018_MLBS_3_537000_4142000_image.tif","Tree",1,537000,537999.999,4142000,4142999.999
"16667",16667,537923.547,537933.98,4142769.001,4142774.997,"Silva","NEON_D07_MLBS_DP1_537000_4142000_classified_point_cloud.laz","2018_MLBS_3_537000_4142000_image.tif","Tree",1,537000,537999.999,4142000,4142999.999
"16668",16668,537887.637,537893.942,4142761.514,4142767.47,"Silva","NEON_D07_MLBS_DP1_537000_4142000_classified_point_cloud.laz","2018_MLBS_3_537000_4142000_image.tif","Tree",1,537000,537999.999,4142000,4142999.999
"16669",16669,537928.058,537933.999,4142762.096,4142769.482,"Silva","NEON_D07_MLBS_DP1_537000_4142000_classified_point_cloud.laz","2018_MLBS_3_537000_4142000_image.tif","Tree",1,537000,537999.999,4142000,4142999.999
"16670",16670,537893.014,537897.499,4142758.114,4142766.959,"Silva","NEON_D07_MLBS_DP1_537000_4142000_classified_point_cloud.laz","2018_MLBS_3_537000_4142000_image.tif","Tree",1,537000,537999.999,4142000,4142999.999
"16671",16671,537934.005,537943.997,4142762.013,4142770.345,"Silva","NEON_D07_MLBS_DP1_537000_4142000_classified_point_cloud.laz","2018_MLBS_3_537000_4142000_image.tif","Tree",1,537000,537999.999,4142000,4142999.999
"16672",16672,537883.53,537890.483,4142757.531,4142766.478,"Silva","NEON_D07_MLBS_DP1_537000_4142000_classified_point_cloud.laz","2018_MLBS_3_537000_4142000_image.tif","Tree",1,537000,537999.999,4142000,4142999.999
"16673",16673,537901.575,537912.488,4142758.011,4142766.993,"Silva","NEON_D07_MLBS_DP1_537000_4142000_classified_point_cloud.laz","2018_MLBS_3_537000_4142000_image.tif","Tree",1,537000,537999.999,4142000,4142999.999
"16674",16674,537929.512,537939.949,4142754.655,4142764.467,"Silva","NEON_D07_MLBS_DP1_537000_4142000_classified_point_cloud.laz","2018_MLBS_3_537000_4142000_image.tif","Tree",1,537000,537999.999,4142000,4142999.999
"16675",16675,537898.024,537906.477,4142749.007,4142758.491,"Silva","NEON_D07_MLBS_DP1_537000_4142000_classified_point_cloud.laz","2018_MLBS_3_537000_4142000_image.tif","Tree",1,537000,537999.999,4142000,4142999.999
"16676",16676,537917.013,537923.994,4142753.501,4142758.856,"Silva","NEON_D07_MLBS_DP1_537000_4142000_classified_point_cloud.laz","2018_MLBS_3_537000_4142000_image.tif","Tree",1,537000,537999.999,4142000,4142999.999
"16677",16677,537896.519,537902.914,4142746.188,4142756.449,"Silva","NEON_D07_MLBS_DP1_537000_4142000_classified_point_cloud.laz","2018_MLBS_3_537000_4142000_image.tif","Tree",1,537000,537999.999,4142000,4142999.999
"16678",16678,537882.018,537889.936,4142745.522,4142753.985,"Silva","NEON_D07_MLBS_DP1_537000_4142000_classified_point_cloud.laz","2018_MLBS_3_537000_4142000_image.tif","Tree",1,537000,537999.999,4142000,4142999.999
"16679",16679,537930.047,537942.828,4142747.514,4142755.994,"Silva","NEON_D07_MLBS_DP1_537000_4142000_classified_point_cloud.laz","2018_MLBS_3_537000_4142000_image.tif","Tree",1,537000,537999.999,4142000,4142999.999
"16680",16680,537921.53,537928.253,4142748.005,4142753.996,"Silva","NEON_D07_MLBS_DP1_537000_4142000_classified_point_cloud.laz","2018_MLBS_3_537000_4142000_image.tif","Tree",1,537000,537999.999,4142000,4142999.999
"16681",16681,537888.553,537897.997,4142741.691,4142750.293,"Silva","NEON_D07_MLBS_DP1_537000_4142000_classified_point_cloud.laz","2018_MLBS_3_537000_4142000_image.tif","Tree",1,537000,537999.999,4142000,4142999.999
"16682",16682,537930.113,537941.96,4142746.509,4142753.99,"Silva","NEON_D07_MLBS_DP1_537000_4142000_classified_point_cloud.laz","2018_MLBS_3_537000_4142000_image.tif","Tree",1,537000,537999.999,4142000,4142999.999
"16683",16683,537925.039,537931.473,4142743.536,4142753.914,"Silva","NEON_D07_MLBS_DP1_537000_4142000_classified_point_cloud.laz","2018_MLBS_3_537000_4142000_image.tif","Tree",1,537000,537999.999,4142000,4142999.999
"16684",16684,537916.098,537925.486,4142741.068,4142748.982,"Silva","NEON_D07_MLBS_DP1_537000_4142000_classified_point_cloud.laz","2018_MLBS_3_537000_4142000_image.tif","Tree",1,537000,537999.999,4142000,4142999.999
"16685",16685,537897.512,537906.994,4142741.501,4142749.486,"Silva","NEON_D07_MLBS_DP1_537000_4142000_classified_point_cloud.laz","2018_MLBS_3_537000_4142000_image.tif","Tree",1,537000,537999.999,4142000,4142999.999
"16686",16686,537931.019,537940.422,4142741.142,4142746.997,"Silva","NEON_D07_MLBS_DP1_537000_4142000_classified_point_cloud.laz","2018_MLBS_3_537000_4142000_image.tif","Tree",1,537000,537999.999,4142000,4142999.999
"16687",16687,537996.585,537999.997,4142806.515,4142811.983,"Silva","NEON_D07_MLBS_DP1_537000_4142000_classified_point_cloud.laz","2018_MLBS_3_537000_4142000_image.tif","Tree",1,537000,537999.999,4142000,4142999.999
"16688",16688,537964.087,537971.45,4142799.544,4142807.414,"Silva","NEON_D07_MLBS_DP1_537000_4142000_classified_point_cloud.laz","2018_MLBS_3_537000_4142000_image.tif","Tree",1,537000,537999.999,4142000,4142999.999
"16689",16689,537995.022,537999.978,4142800.524,4142806.499,"Silva","NEON_D07_MLBS_DP1_537000_4142000_classified_point_cloud.laz","2018_MLBS_3_537000_4142000_image.tif","Tree",1,537000,537999.999,4142000,4142999.999
"16690",16690,537969.508,537975.469,4142797.507,4142803.951,"Silva","NEON_D07_MLBS_DP1_537000_4142000_classified_point_cloud.laz","2018_MLBS_3_537000_4142000_image.tif","Tree",1,537000,537999.999,4142000,4142999.999
"16691",16691,537957.534,537963.997,4142796.502,4142802.585,"Silva","NEON_D07_MLBS_DP1_537000_4142000_classified_point_cloud.laz","2018_MLBS_3_537000_4142000_image.tif","Tree",1,537000,537999.999,4142000,4142999.999
"16692",16692,537964.032,537970.472,4142795.51,4142801.498,"Silva","NEON_D07_MLBS_DP1_537000_4142000_classified_point_cloud.laz","2018_MLBS_3_537000_4142000_image.tif","Tree",1,537000,537999.999,4142000,4142999.999
"16693",16693,537969.055,537976.444,4142791.591,4142797.991,"Silva","NEON_D07_MLBS_DP1_537000_4142000_classified_point_cloud.laz","2018_MLBS_3_537000_4142000_image.tif","Tree",1,537000,537999.999,4142000,4142999.999
"16694",16694,537994.551,537999.984,4142794.508,4142800.993,"Silva","NEON_D07_MLBS_DP1_537000_4142000_classified_point_cloud.laz","2018_MLBS_3_537000_4142000_image.tif","Tree",1,537000,537999.999,4142000,4142999.999
"16695",16695,537990.025,537996.485,4142791.011,4142800.481,"Silva","NEON_D07_MLBS_DP1_537000_4142000_classified_point_cloud.laz","2018_MLBS_3_537000_4142000_image.tif","Tree",1,537000,537999.999,4142000,4142999.999
"16696",16696,537984.047,537991.49,4142789.099,4142797.942,"Silva","NEON_D07_MLBS_DP1_537000_4142000_classified_point_cloud.laz","2018_MLBS_3_537000_4142000_image.tif","Tree",1,537000,537999.999,4142000,4142999.999
"16697",16697,537991.08,537999.409,4142785.511,4142793.392,"Silva","NEON_D07_MLBS_DP1_537000_4142000_classified_point_cloud.laz","2018_MLBS_3_537000_4142000_image.tif","Tree",1,537000,537999.999,4142000,4142999.999
"16698",16698,537964.518,537974.497,4142784.531,4142790.805,"Silva","NEON_D07_MLBS_DP1_537000_4142000_classified_point_cloud.laz","2018_MLBS_3_537000_4142000_image.tif","Tree",1,537000,537999.999,4142000,4142999.999
"16699",16699,537955.273,537964.491,4142780.028,4142787.284,"Silva","NEON_D07_MLBS_DP1_537000_4142000_classified_point_cloud.laz","2018_MLBS_3_537000_4142000_image.tif","Tree",1,537000,537999.999,4142000,4142999.999
"16700",16700,537947.015,537954.967,4142777.011,4142784.996,"Silva","NEON_D07_MLBS_DP1_537000_4142000_classified_point_cloud.laz","2018_MLBS_3_537000_4142000_image.tif","Tree",1,537000,537999.999,4142000,4142999.999
"16701",16701,537974.101,537980.987,4142777.503,4142786.462,"Silva","NEON_D07_MLBS_DP1_537000_4142000_classified_point_cloud.laz","2018_MLBS_3_537000_4142000_image.tif","Tree",1,537000,537999.999,4142000,4142999.999
"16702",16702,537954.109,537960.999,4142774.06,4142781.494,"Silva","NEON_D07_MLBS_DP1_537000_4142000_classified_point_cloud.laz","2018_MLBS_3_537000_4142000_image.tif","Tree",1,537000,537999.999,4142000,4142999.999
"16703",16703,537947.529,537953.495,4142771.022,4142777.954,"Silva","NEON_D07_MLBS_DP1_537000_4142000_classified_point_cloud.laz","2018_MLBS_3_537000_4142000_image.tif","Tree",1,537000,537999.999,4142000,4142999.999
"16704",16704,537951.015,537958.492,4142770.016,4142777.434,"Silva","NEON_D07_MLBS_DP1_537000_4142000_classified_point_cloud.laz","2018_MLBS_3_537000_4142000_image.tif","Tree",1,537000,537999.999,4142000,4142999.999
"16705",16705,537983.029,537991.995,4142769.501,4142780.487,"Silva","NEON_D07_MLBS_DP1_537000_4142000_classified_point_cloud.laz","2018_MLBS_3_537000_4142000_image.tif","Tree",1,537000,537999.999,4142000,4142999.999
"16706",16706,537991.561,537999.954,4142769.064,4142780.679,"Silva","NEON_D07_MLBS_DP1_537000_4142000_classified_point_cloud.laz","2018_MLBS_3_537000_4142000_image.tif","Tree",1,537000,537999.999,4142000,4142999.999
"16707",16707,537995.659,537999.994,4142769.549,4142775.13,"Silva","NEON_D07_MLBS_DP1_537000_4142000_classified_point_cloud.laz","2018_MLBS_3_537000_4142000_image.tif","Tree",1,537000,537999.999,4142000,4142999.999
"16708",16708,537944,537952.494,4142760.594,4142771.479,"Silva","NEON_D07_MLBS_DP1_537000_4142000_classified_point_cloud.laz","2018_MLBS_3_537000_4142000_image.tif","Tree",1,537000,537999.999,4142000,4142999.999
"16709",16709,537968.002,537977.487,4142755.503,4142765.903,"Silva","NEON_D07_MLBS_DP1_537000_4142000_classified_point_cloud.laz","2018_MLBS_3_537000_4142000_image.tif","Tree",1,537000,537999.999,4142000,4142999.999
"16710",16710,537955.146,537964.435,4142756.514,4142764.971,"Silva","NEON_D07_MLBS_DP1_537000_4142000_classified_point_cloud.laz","2018_MLBS_3_537000_4142000_image.tif","Tree",1,537000,537999.999,4142000,4142999.999
"16711",16711,537960.648,537969.487,4142753.012,4142760.934,"Silva","NEON_D07_MLBS_DP1_537000_4142000_classified_point_cloud.laz","2018_MLBS_3_537000_4142000_image.tif","Tree",1,537000,537999.999,4142000,4142999.999
"16712",16712,537977.039,537988.941,4142756.039,4142761.968,"Silva","NEON_D07_MLBS_DP1_537000_4142000_classified_point_cloud.laz","2018_MLBS_3_537000_4142000_image.tif","Tree",1,537000,537999.999,4142000,4142999.999
"16713",16713,537953.004,537959.842,4142749.553,4142759.954,"Silva","NEON_D07_MLBS_DP1_537000_4142000_classified_point_cloud.laz","2018_MLBS_3_537000_4142000_image.tif","Tree",1,537000,537999.999,4142000,4142999.999
"16714",16714,537957.628,537964.984,4142748.015,4142756.181,"Silva","NEON_D07_MLBS_DP1_537000_4142000_classified_point_cloud.laz","2018_MLBS_3_537000_4142000_image.tif","Tree",1,537000,537999.999,4142000,4142999.999
"16715",16715,537976.521,537987.992,4142747.011,4142756.498,"Silva","NEON_D07_MLBS_DP1_537000_4142000_classified_point_cloud.laz","2018_MLBS_3_537000_4142000_image.tif","Tree",1,537000,537999.999,4142000,4142999.999
"16716",16716,537986.537,537996.423,4142747.525,4142757.496,"Silva","NEON_D07_MLBS_DP1_537000_4142000_classified_point_cloud.laz","2018_MLBS_3_537000_4142000_image.tif","Tree",1,537000,537999.999,4142000,4142999.999
"16717",16717,537965.859,537971.963,4142745.014,4142755.419,"Silva","NEON_D07_MLBS_DP1_537000_4142000_classified_point_cloud.laz","2018_MLBS_3_537000_4142000_image.tif","Tree",1,537000,537999.999,4142000,4142999.999
"16718",16718,537960.631,537967.453,4142744.566,4142752.901,"Silva","NEON_D07_MLBS_DP1_537000_4142000_classified_point_cloud.laz","2018_MLBS_3_537000_4142000_image.tif","Tree",1,537000,537999.999,4142000,4142999.999
"16719",16719,537914.061,537927.43,4142801.217,4142813.964,"Silva","NEON_D07_MLBS_DP1_537000_4142000_classified_point_cloud.laz","2018_MLBS_3_537000_4142000_image.tif","Tree",1,537000,537999.999,4142000,4142999.999
"16720",16720,537927.016,537939.477,4142804.508,4142812.884,"Silva","NEON_D07_MLBS_DP1_537000_4142000_classified_point_cloud.laz","2018_MLBS_3_537000_4142000_image.tif","Tree",1,537000,537999.999,4142000,4142999.999
"16721",16721,537910.007,537919.994,4142800.016,4142809.832,"Silva","NEON_D07_MLBS_DP1_537000_4142000_classified_point_cloud.laz","2018_MLBS_3_537000_4142000_image.tif","Tree",1,537000,537999.999,4142000,4142999.999
"16722",16722,537921.087,537931.496,4142797.199,4142807.394,"Silva","NEON_D07_MLBS_DP1_537000_4142000_classified_point_cloud.laz","2018_MLBS_3_537000_4142000_image.tif","Tree",1,537000,537999.999,4142000,4142999.999
"16723",16723,537931.5,537940.358,4142798.15,4142806.314,"Silva","NEON_D07_MLBS_DP1_537000_4142000_classified_point_cloud.laz","2018_MLBS_3_537000_4142000_image.tif","Tree",1,537000,537999.999,4142000,4142999.999
"16724",16724,537937.547,537948.472,4142795.509,4142805.995,"Silva","NEON_D07_MLBS_DP1_537000_4142000_classified_point_cloud.laz","2018_MLBS_3_537000_4142000_image.tif","Tree",1,537000,537999.999,4142000,4142999.999
"16725",16725,537889.017,537896.465,4142782.008,4142786.471,"Silva","NEON_D07_MLBS_DP1_537000_4142000_classified_point_cloud.laz","2018_MLBS_3_537000_4142000_image.tif","Tree",1,537000,537999.999,4142000,4142999.999
"16726",16726,537886.027,537893.15,4142784.066,4142791.477,"Silva","NEON_D07_MLBS_DP1_537000_4142000_classified_point_cloud.laz","2018_MLBS_3_537000_4142000_image.tif","Tree",1,537000,537999.999,4142000,4142999.999
"16727",16727,537967.042,537977.842,4142805.033,4142815.494,"Silva","NEON_D07_MLBS_DP1_537000_4142000_classified_point_cloud.laz","2018_MLBS_3_537000_4142000_image.tif","Tree",1,537000,537999.999,4142000,4142999.999
"16728",16728,537956.081,537967.469,4142805.501,4142814.371,"Silva","NEON_D07_MLBS_DP1_537000_4142000_classified_point_cloud.laz","2018_MLBS_3_537000_4142000_image.tif","Tree",1,537000,537999.999,4142000,4142999.999
"16729",16729,537944.509,537955.492,4142802.089,4142811.468,"Silva","NEON_D07_MLBS_DP1_537000_4142000_classified_point_cloud.laz","2018_MLBS_3_537000_4142000_image.tif","Tree",1,537000,537999.999,4142000,4142999.999
"16730",16730,537954.573,537964.33,4142802.04,4142810.493,"Silva","NEON_D07_MLBS_DP1_537000_4142000_classified_point_cloud.laz","2018_MLBS_3_537000_4142000_image.tif","Tree",1,537000,537999.999,4142000,4142999.999
"16731",16731,537977.533,537986.483,4142803.524,4142813.996,"Silva","NEON_D07_MLBS_DP1_537000_4142000_classified_point_cloud.laz","2018_MLBS_3_537000_4142000_image.tif","Tree",1,537000,537999.999,4142000,4142999.999
"16732",16732,537987.045,537995.986,4142800.508,4142807.987,"Silva","NEON_D07_MLBS_DP1_537000_4142000_classified_point_cloud.laz","2018_MLBS_3_537000_4142000_image.tif","Tree",1,537000,537999.999,4142000,4142999.999
"16733",16733,537976.088,537985.37,4142792.519,4142799.461,"Silva","NEON_D07_MLBS_DP1_537000_4142000_classified_point_cloud.laz","2018_MLBS_3_537000_4142000_image.tif","Tree",1,537000,537999.999,4142000,4142999.999
"16734",16734,537983.012,537991.463,4142797.03,4142806.28,"Silva","NEON_D07_MLBS_DP1_537000_4142000_classified_point_cloud.laz","2018_MLBS_3_537000_4142000_image.tif","Tree",1,537000,537999.999,4142000,4142999.999
"16735",16735,537976.112,537982.999,4142797.669,4142804.422,"Silva","NEON_D07_MLBS_DP1_537000_4142000_classified_point_cloud.laz","2018_MLBS_3_537000_4142000_image.tif","Tree",1,537000,537999.999,4142000,4142999.999
"16736",16736,537876.554,537887.418,4142868.041,4142878.947,"Silva","NEON_D07_MLBS_DP1_537000_4142000_classified_point_cloud.laz","2018_MLBS_3_537000_4142000_image.tif","Tree",1,537000,537999.999,4142000,4142999.999
"16737",16737,537878.118,537891.406,4142861.006,4142868.493,"Silva","NEON_D07_MLBS_DP1_537000_4142000_classified_point_cloud.laz","2018_MLBS_3_537000_4142000_image.tif","Tree",1,537000,537999.999,4142000,4142999.999
"16738",16738,537914.15,537922.972,4142862.522,4142873.964,"Silva","NEON_D07_MLBS_DP1_537000_4142000_classified_point_cloud.laz","2018_MLBS_3_537000_4142000_image.tif","Tree",1,537000,537999.999,4142000,4142999.999
"16739",16739,537938.009,537951.254,4142864.51,4142871.777,"Silva","NEON_D07_MLBS_DP1_537000_4142000_classified_point_cloud.laz","2018_MLBS_3_537000_4142000_image.tif","Tree",1,537000,537999.999,4142000,4142999.999
"16740",16740,537906.54,537916.374,4142859.519,4142872.27,"Silva","NEON_D07_MLBS_DP1_537000_4142000_classified_point_cloud.laz","2018_MLBS_3_537000_4142000_image.tif","Tree",1,537000,537999.999,4142000,4142999.999
"16741",16741,537895.014,537904.999,4142854.015,4142867.384,"Silva","NEON_D07_MLBS_DP1_537000_4142000_classified_point_cloud.laz","2018_MLBS_3_537000_4142000_image.tif","Tree",1,537000,537999.999,4142000,4142999.999
"16742",16742,537887.01,537896.489,4142853.512,4142863.991,"Silva","NEON_D07_MLBS_DP1_537000_4142000_classified_point_cloud.laz","2018_MLBS_3_537000_4142000_image.tif","Tree",1,537000,537999.999,4142000,4142999.999
"16743",16743,537933.099,537942.484,4142856.058,4142867.973,"Silva","NEON_D07_MLBS_DP1_537000_4142000_classified_point_cloud.laz","2018_MLBS_3_537000_4142000_image.tif","Tree",1,537000,537999.999,4142000,4142999.999
"16744",16744,537937.5,537946.328,4142805.514,4142813.832,"Silva","NEON_D07_MLBS_DP1_537000_4142000_classified_point_cloud.laz","2018_MLBS_3_537000_4142000_image.tif","Tree",1,537000,537999.999,4142000,4142999.999
"16745",16745,537925.603,537936.982,4142809.531,4142818.411,"Silva","NEON_D07_MLBS_DP1_537000_4142000_classified_point_cloud.laz","2018_MLBS_3_537000_4142000_image.tif","Tree",1,537000,537999.999,4142000,4142999.999
"16746",16746,537885.049,537894.495,4142808.503,4142816.481,"Silva","NEON_D07_MLBS_DP1_537000_4142000_classified_point_cloud.laz","2018_MLBS_3_537000_4142000_image.tif","Tree",1,537000,537999.999,4142000,4142999.999
"16747",16747,537893.549,537902.01,4142808.034,4142816.432,"Silva","NEON_D07_MLBS_DP1_537000_4142000_classified_point_cloud.laz","2018_MLBS_3_537000_4142000_image.tif","Tree",1,537000,537999.999,4142000,4142999.999
"16748",16748,537899.612,537908.451,4142809.525,4142817.903,"Silva","NEON_D07_MLBS_DP1_537000_4142000_classified_point_cloud.laz","2018_MLBS_3_537000_4142000_image.tif","Tree",1,537000,537999.999,4142000,4142999.999
"16749",16749,537907.002,537916.362,4142811.503,4142821.475,"Silva","NEON_D07_MLBS_DP1_537000_4142000_classified_point_cloud.laz","2018_MLBS_3_537000_4142000_image.tif","Tree",1,537000,537999.999,4142000,4142999.999
"16750",16750,537913,537918.956,4142813.521,4142822.755,"Silva","NEON_D07_MLBS_DP1_537000_4142000_classified_point_cloud.laz","2018_MLBS_3_537000_4142000_image.tif","Tree",1,537000,537999.999,4142000,4142999.999
"16751",16751,537890.011,537898.492,4142815.004,4142823.338,"Silva","NEON_D07_MLBS_DP1_537000_4142000_classified_point_cloud.laz","2018_MLBS_3_537000_4142000_image.tif","Tree",1,537000,537999.999,4142000,4142999.999
"16752",16752,537922.006,537927.996,4142819.014,4142826.493,"Silva","NEON_D07_MLBS_DP1_537000_4142000_classified_point_cloud.laz","2018_MLBS_3_537000_4142000_image.tif","Tree",1,537000,537999.999,4142000,4142999.999
"16753",16753,537917.035,537921.984,4142817.567,4142825.729,"Silva","NEON_D07_MLBS_DP1_537000_4142000_classified_point_cloud.laz","2018_MLBS_3_537000_4142000_image.tif","Tree",1,537000,537999.999,4142000,4142999.999
"16754",16754,537925.533,537934.438,4142821.555,4142829.473,"Silva","NEON_D07_MLBS_DP1_537000_4142000_classified_point_cloud.laz","2018_MLBS_3_537000_4142000_image.tif","Tree",1,537000,537999.999,4142000,4142999.999
"16755",16755,537913.517,537922.453,4142823.097,4142830.488,"Silva","NEON_D07_MLBS_DP1_537000_4142000_classified_point_cloud.laz","2018_MLBS_3_537000_4142000_image.tif","Tree",1,537000,537999.999,4142000,4142999.999
"16756",16756,537939.553,537946.936,4142824.504,4142834.389,"Silva","NEON_D07_MLBS_DP1_537000_4142000_classified_point_cloud.laz","2018_MLBS_3_537000_4142000_image.tif","Tree",1,537000,537999.999,4142000,4142999.999
"16757",16757,537907.506,537913.922,4142823.552,4142829.979,"Silva","NEON_D07_MLBS_DP1_537000_4142000_classified_point_cloud.laz","2018_MLBS_3_537000_4142000_image.tif","Tree",1,537000,537999.999,4142000,4142999.999
"16758",16758,537902.13,537907.486,4142822.538,4142829.234,"Silva","NEON_D07_MLBS_DP1_537000_4142000_classified_point_cloud.laz","2018_MLBS_3_537000_4142000_image.tif","Tree",1,537000,537999.999,4142000,4142999.999
"16759",16759,537895.519,537902.485,4142825.002,4142830.97,"Silva","NEON_D07_MLBS_DP1_537000_4142000_classified_point_cloud.laz","2018_MLBS_3_537000_4142000_image.tif","Tree",1,537000,537999.999,4142000,4142999.999
"16760",16760,537910.078,537915.993,4142828.519,4142833.343,"Silva","NEON_D07_MLBS_DP1_537000_4142000_classified_point_cloud.laz","2018_MLBS_3_537000_4142000_image.tif","Tree",1,537000,537999.999,4142000,4142999.999
"16761",16761,537879.184,537890.408,4142824.51,4142833.981,"Silva","NEON_D07_MLBS_DP1_537000_4142000_classified_point_cloud.laz","2018_MLBS_3_537000_4142000_image.tif","Tree",1,537000,537999.999,4142000,4142999.999
"16762",16762,537890.085,537897.986,4142827.003,4142835.921,"Silva","NEON_D07_MLBS_DP1_537000_4142000_classified_point_cloud.laz","2018_MLBS_3_537000_4142000_image.tif","Tree",1,537000,537999.999,4142000,4142999.999
"16763",16763,537914.505,537921.943,4142830.031,4142838.979,"Silva","NEON_D07_MLBS_DP1_537000_4142000_classified_point_cloud.laz","2018_MLBS_3_537000_4142000_image.tif","Tree",1,537000,537999.999,4142000,4142999.999
"16764",16764,537896.028,537901.864,4142830.043,4142838.308,"Silva","NEON_D07_MLBS_DP1_537000_4142000_classified_point_cloud.laz","2018_MLBS_3_537000_4142000_image.tif","Tree",1,537000,537999.999,4142000,4142999.999
"16765",16765,537907.013,537914.485,4142833.057,4142839.123,"Silva","NEON_D07_MLBS_DP1_537000_4142000_classified_point_cloud.laz","2018_MLBS_3_537000_4142000_image.tif","Tree",1,537000,537999.999,4142000,4142999.999
"16766",16766,537919.015,537928.98,4142834.501,4142842.983,"Silva","NEON_D07_MLBS_DP1_537000_4142000_classified_point_cloud.laz","2018_MLBS_3_537000_4142000_image.tif","Tree",1,537000,537999.999,4142000,4142999.999
"16767",16767,537883.064,537891.957,4142831.408,4142839.872,"Silva","NEON_D07_MLBS_DP1_537000_4142000_classified_point_cloud.laz","2018_MLBS_3_537000_4142000_image.tif","Tree",1,537000,537999.999,4142000,4142999.999
"16768",16768,537935.573,537945.452,4142838.054,4142846.415,"Silva","NEON_D07_MLBS_DP1_537000_4142000_classified_point_cloud.laz","2018_MLBS_3_537000_4142000_image.tif","Tree",1,537000,537999.999,4142000,4142999.999
"16769",16769,537924.267,537935.987,4142838.568,4142849.969,"Silva","NEON_D07_MLBS_DP1_537000_4142000_classified_point_cloud.laz","2018_MLBS_3_537000_4142000_image.tif","Tree",1,537000,537999.999,4142000,4142999.999
"16770",16770,537901.088,537909.85,4142838.064,4142845.472,"Silva","NEON_D07_MLBS_DP1_537000_4142000_classified_point_cloud.laz","2018_MLBS_3_537000_4142000_image.tif","Tree",1,537000,537999.999,4142000,4142999.999
"16771",16771,537936.082,537946.954,4142843.103,4142849.966,"Silva","NEON_D07_MLBS_DP1_537000_4142000_classified_point_cloud.laz","2018_MLBS_3_537000_4142000_image.tif","Tree",1,537000,537999.999,4142000,4142999.999
"16772",16772,537908.079,537916.494,4142840.522,4142848.442,"Silva","NEON_D07_MLBS_DP1_537000_4142000_classified_point_cloud.laz","2018_MLBS_3_537000_4142000_image.tif","Tree",1,537000,537999.999,4142000,4142999.999
"16773",16773,537881.525,537890.489,4142838.502,4142846.999,"Silva","NEON_D07_MLBS_DP1_537000_4142000_classified_point_cloud.laz","2018_MLBS_3_537000_4142000_image.tif","Tree",1,537000,537999.999,4142000,4142999.999
"16774",16774,537916.02,537927.421,4142841.526,4142851.496,"Silva","NEON_D07_MLBS_DP1_537000_4142000_classified_point_cloud.laz","2018_MLBS_3_537000_4142000_image.tif","Tree",1,537000,537999.999,4142000,4142999.999
"16775",16775,537897.062,537904.469,4142841.035,4142851.973,"Silva","NEON_D07_MLBS_DP1_537000_4142000_classified_point_cloud.laz","2018_MLBS_3_537000_4142000_image.tif","Tree",1,537000,537999.999,4142000,4142999.999
"16776",16776,537903.52,537909.975,4142845.002,4142850.99,"Silva","NEON_D07_MLBS_DP1_537000_4142000_classified_point_cloud.laz","2018_MLBS_3_537000_4142000_image.tif","Tree",1,537000,537999.999,4142000,4142999.999
"16777",16777,537934.014,537946.476,4142847.016,4142857,"Silva","NEON_D07_MLBS_DP1_537000_4142000_classified_point_cloud.laz","2018_MLBS_3_537000_4142000_image.tif","Tree",1,537000,537999.999,4142000,4142999.999
"16778",16778,537878.059,537885.461,4142842.562,4142849.247,"Silva","NEON_D07_MLBS_DP1_537000_4142000_classified_point_cloud.laz","2018_MLBS_3_537000_4142000_image.tif","Tree",1,537000,537999.999,4142000,4142999.999
"16779",16779,537884.026,537890.998,4142847.001,4142853.859,"Silva","NEON_D07_MLBS_DP1_537000_4142000_classified_point_cloud.laz","2018_MLBS_3_537000_4142000_image.tif","Tree",1,537000,537999.999,4142000,4142999.999
"16780",16780,537917.011,537926.974,4142850.519,4142856.997,"Silva","NEON_D07_MLBS_DP1_537000_4142000_classified_point_cloud.laz","2018_MLBS_3_537000_4142000_image.tif","Tree",1,537000,537999.999,4142000,4142999.999
"16781",16781,537876.536,537884.492,4142853.085,4142857.985,"Silva","NEON_D07_MLBS_DP1_537000_4142000_classified_point_cloud.laz","2018_MLBS_3_537000_4142000_image.tif","Tree",1,537000,537999.999,4142000,4142999.999
"16782",16782,537884.033,537891.928,4142853.058,4142860.984,"Silva","NEON_D07_MLBS_DP1_537000_4142000_classified_point_cloud.laz","2018_MLBS_3_537000_4142000_image.tif","Tree",1,537000,537999.999,4142000,4142999.999
"16783",16783,537966.075,537974.687,4142872.031,4142878.457,"Silva","NEON_D07_MLBS_DP1_537000_4142000_classified_point_cloud.laz","2018_MLBS_3_537000_4142000_image.tif","Tree",1,537000,537999.999,4142000,4142999.999
"16784",16784,537938.724,537951.497,4142868.037,4142875.99,"Silva","NEON_D07_MLBS_DP1_537000_4142000_classified_point_cloud.laz","2018_MLBS_3_537000_4142000_image.tif","Tree",1,537000,537999.999,4142000,4142999.999
"16785",16785,537989.009,537999.976,4142868.018,4142880.46,"Silva","NEON_D07_MLBS_DP1_537000_4142000_classified_point_cloud.laz","2018_MLBS_3_537000_4142000_image.tif","Tree",1,537000,537999.999,4142000,4142999.999
"16786",16786,537951.004,537959.993,4142866.024,4142877.488,"Silva","NEON_D07_MLBS_DP1_537000_4142000_classified_point_cloud.laz","2018_MLBS_3_537000_4142000_image.tif","Tree",1,537000,537999.999,4142000,4142999.999
"16787",16787,537967.504,537976.478,4142866.615,4142872.986,"Silva","NEON_D07_MLBS_DP1_537000_4142000_classified_point_cloud.laz","2018_MLBS_3_537000_4142000_image.tif","Tree",1,537000,537999.999,4142000,4142999.999
"16788",16788,537983.006,537992.399,4142866.217,4142876.374,"Silva","NEON_D07_MLBS_DP1_537000_4142000_classified_point_cloud.laz","2018_MLBS_3_537000_4142000_image.tif","Tree",1,537000,537999.999,4142000,4142999.999
"16789",16789,537976.038,537982.991,4142866.013,4142876.965,"Silva","NEON_D07_MLBS_DP1_537000_4142000_classified_point_cloud.laz","2018_MLBS_3_537000_4142000_image.tif","Tree",1,537000,537999.999,4142000,4142999.999
"16790",16790,537979.018,537991.338,4142862.101,4142869,"Silva","NEON_D07_MLBS_DP1_537000_4142000_classified_point_cloud.laz","2018_MLBS_3_537000_4142000_image.tif","Tree",1,537000,537999.999,4142000,4142999.999
"16791",16791,537942.008,537948.441,4142856.327,4142865.493,"Silva","NEON_D07_MLBS_DP1_537000_4142000_classified_point_cloud.laz","2018_MLBS_3_537000_4142000_image.tif","Tree",1,537000,537999.999,4142000,4142999.999
"16792",16792,537968.523,537976.91,4142859.522,4142867.342,"Silva","NEON_D07_MLBS_DP1_537000_4142000_classified_point_cloud.laz","2018_MLBS_3_537000_4142000_image.tif","Tree",1,537000,537999.999,4142000,4142999.999
"16793",16793,537993.142,537998.472,4142806.61,4142812.998,"Silva","NEON_D07_MLBS_DP1_537000_4142000_classified_point_cloud.laz","2018_MLBS_3_537000_4142000_image.tif","Tree",1,537000,537999.999,4142000,4142999.999
"16794",16794,537946.055,537953.987,4142811.037,4142817.439,"Silva","NEON_D07_MLBS_DP1_537000_4142000_classified_point_cloud.laz","2018_MLBS_3_537000_4142000_image.tif","Tree",1,537000,537999.999,4142000,4142999.999
"16795",16795,537962.023,537972.447,4142811.031,4142822.967,"Silva","NEON_D07_MLBS_DP1_537000_4142000_classified_point_cloud.laz","2018_MLBS_3_537000_4142000_image.tif","Tree",1,537000,537999.999,4142000,4142999.999
"16796",16796,537988.558,537998.835,4142816.51,4142823.482,"Silva","NEON_D07_MLBS_DP1_537000_4142000_classified_point_cloud.laz","2018_MLBS_3_537000_4142000_image.tif","Tree",1,537000,537999.999,4142000,4142999.999
"16797",16797,537954.521,537962.989,4142813.631,4142821.981,"Silva","NEON_D07_MLBS_DP1_537000_4142000_classified_point_cloud.laz","2018_MLBS_3_537000_4142000_image.tif","Tree",1,537000,537999.999,4142000,4142999.999
"16798",16798,537975.553,537986.384,4142813.521,4142824.497,"Silva","NEON_D07_MLBS_DP1_537000_4142000_classified_point_cloud.laz","2018_MLBS_3_537000_4142000_image.tif","Tree",1,537000,537999.999,4142000,4142999.999
"16799",16799,537970.062,537978.94,4142815.063,4142824.989,"Silva","NEON_D07_MLBS_DP1_537000_4142000_classified_point_cloud.laz","2018_MLBS_3_537000_4142000_image.tif","Tree",1,537000,537999.999,4142000,4142999.999
"16800",16800,537995.037,537999.986,4142820.232,4142826.982,"Silva","NEON_D07_MLBS_DP1_537000_4142000_classified_point_cloud.laz","2018_MLBS_3_537000_4142000_image.tif","Tree",1,537000,537999.999,4142000,4142999.999
"16801",16801,537974.534,537982.978,4142823.626,4142828.936,"Silva","NEON_D07_MLBS_DP1_537000_4142000_classified_point_cloud.laz","2018_MLBS_3_537000_4142000_image.tif","Tree",1,537000,537999.999,4142000,4142999.999
"16802",16802,537973.546,537980.828,4142827.746,4142834.075,"Silva","NEON_D07_MLBS_DP1_537000_4142000_classified_point_cloud.laz","2018_MLBS_3_537000_4142000_image.tif","Tree",1,537000,537999.999,4142000,4142999.999
"16803",16803,537959.508,537966.487,4142826.058,4142837.888,"Silva","NEON_D07_MLBS_DP1_537000_4142000_classified_point_cloud.laz","2018_MLBS_3_537000_4142000_image.tif","Tree",1,537000,537999.999,4142000,4142999.999
"16804",16804,537995.713,537999.999,4142832.009,4142838.405,"Silva","NEON_D07_MLBS_DP1_537000_4142000_classified_point_cloud.laz","2018_MLBS_3_537000_4142000_image.tif","Tree",1,537000,537999.999,4142000,4142999.999
"16805",16805,537965.505,537973.741,4142828.511,4142838.484,"Silva","NEON_D07_MLBS_DP1_537000_4142000_classified_point_cloud.laz","2018_MLBS_3_537000_4142000_image.tif","Tree",1,537000,537999.999,4142000,4142999.999
"16806",16806,537984.535,537991.992,4142831.018,4142839.996,"Silva","NEON_D07_MLBS_DP1_537000_4142000_classified_point_cloud.laz","2018_MLBS_3_537000_4142000_image.tif","Tree",1,537000,537999.999,4142000,4142999.999
"16807",16807,537977.09,537984.344,4142833.663,4142836.979,"Silva","NEON_D07_MLBS_DP1_537000_4142000_classified_point_cloud.laz","2018_MLBS_3_537000_4142000_image.tif","Tree",1,537000,537999.999,4142000,4142999.999
"16808",16808,537988.01,537996.91,4142835.008,4142844.994,"Silva","NEON_D07_MLBS_DP1_537000_4142000_classified_point_cloud.laz","2018_MLBS_3_537000_4142000_image.tif","Tree",1,537000,537999.999,4142000,4142999.999
"16809",16809,537954.602,537965.439,4142832.641,4142841.961,"Silva","NEON_D07_MLBS_DP1_537000_4142000_classified_point_cloud.laz","2018_MLBS_3_537000_4142000_image.tif","Tree",1,537000,537999.999,4142000,4142999.999
"16810",16810,537966.535,537977.49,4142834.053,4142842.978,"Silva","NEON_D07_MLBS_DP1_537000_4142000_classified_point_cloud.laz","2018_MLBS_3_537000_4142000_image.tif","Tree",1,537000,537999.999,4142000,4142999.999
"16811",16811,537944.003,537951.946,4142837.001,4142843.978,"Silva","NEON_D07_MLBS_DP1_537000_4142000_classified_point_cloud.laz","2018_MLBS_3_537000_4142000_image.tif","Tree",1,537000,537999.999,4142000,4142999.999
"16812",16812,537980.549,537989.963,4142839.506,4142847.456,"Silva","NEON_D07_MLBS_DP1_537000_4142000_classified_point_cloud.laz","2018_MLBS_3_537000_4142000_image.tif","Tree",1,537000,537999.999,4142000,4142999.999
"16813",16813,537975.087,537982.417,4142841.577,4142849.815,"Silva","NEON_D07_MLBS_DP1_537000_4142000_classified_point_cloud.laz","2018_MLBS_3_537000_4142000_image.tif","Tree",1,537000,537999.999,4142000,4142999.999
"16814",16814,537960.001,537969.484,4142838.514,4142849.493,"Silva","NEON_D07_MLBS_DP1_537000_4142000_classified_point_cloud.laz","2018_MLBS_3_537000_4142000_image.tif","Tree",1,537000,537999.999,4142000,4142999.999
"16815",16815,537988.039,537995.365,4142844.628,4142854.493,"Silva","NEON_D07_MLBS_DP1_537000_4142000_classified_point_cloud.laz","2018_MLBS_3_537000_4142000_image.tif","Tree",1,537000,537999.999,4142000,4142999.999
"16816",16816,537981.003,537988.499,4142846.518,4142855.484,"Silva","NEON_D07_MLBS_DP1_537000_4142000_classified_point_cloud.laz","2018_MLBS_3_537000_4142000_image.tif","Tree",1,537000,537999.999,4142000,4142999.999
"16817",16817,537944.584,537950.224,4142844.159,4142854.791,"Silva","NEON_D07_MLBS_DP1_537000_4142000_classified_point_cloud.laz","2018_MLBS_3_537000_4142000_image.tif","Tree",1,537000,537999.999,4142000,4142999.999
"16818",16818,537972.009,537980.99,4142848.507,4142855.493,"Silva","NEON_D07_MLBS_DP1_537000_4142000_classified_point_cloud.laz","2018_MLBS_3_537000_4142000_image.tif","Tree",1,537000,537999.999,4142000,4142999.999
"16819",16819,537965.035,537972.458,4142849.537,4142858.732,"Silva","NEON_D07_MLBS_DP1_537000_4142000_classified_point_cloud.laz","2018_MLBS_3_537000_4142000_image.tif","Tree",1,537000,537999.999,4142000,4142999.999
"16820",16820,537947.097,537955.498,4142851.002,4142858.914,"Silva","NEON_D07_MLBS_DP1_537000_4142000_classified_point_cloud.laz","2018_MLBS_3_537000_4142000_image.tif","Tree",1,537000,537999.999,4142000,4142999.999
"16821",16821,537988.063,537996.433,4142854.032,4142863.959,"Silva","NEON_D07_MLBS_DP1_537000_4142000_classified_point_cloud.laz","2018_MLBS_3_537000_4142000_image.tif","Tree",1,537000,537999.999,4142000,4142999.999
"16822",16822,537968.523,537976.421,4142853.516,4142860.496,"Silva","NEON_D07_MLBS_DP1_537000_4142000_classified_point_cloud.laz","2018_MLBS_3_537000_4142000_image.tif","Tree",1,537000,537999.999,4142000,4142999.999
"16823",16823,537955.595,537964.999,4142853.608,4142859.999,"Silva","NEON_D07_MLBS_DP1_537000_4142000_classified_point_cloud.laz","2018_MLBS_3_537000_4142000_image.tif","Tree",1,537000,537999.999,4142000,4142999.999
"16824",16824,537973.028,537979.979,4142855.059,4142863.901,"Silva","NEON_D07_MLBS_DP1_537000_4142000_classified_point_cloud.laz","2018_MLBS_3_537000_4142000_image.tif","Tree",1,537000,537999.999,4142000,4142999.999
"16825",16825,537991.505,537999.996,4142859.522,4142870.998,"Silva","NEON_D07_MLBS_DP1_537000_4142000_classified_point_cloud.laz","2018_MLBS_3_537000_4142000_image.tif","Tree",1,537000,537999.999,4142000,4142999.999
"16826",16826,537945.568,537953.958,4142855.163,4142866.889,"Silva","NEON_D07_MLBS_DP1_537000_4142000_classified_point_cloud.laz","2018_MLBS_3_537000_4142000_image.tif","Tree",1,537000,537999.999,4142000,4142999.999
"16827",16827,537903.026,537912.808,4142937.532,4142943.413,"Silva","NEON_D07_MLBS_DP1_537000_4142000_classified_point_cloud.laz","2018_MLBS_3_537000_4142000_image.tif","Tree",1,537000,537999.999,4142000,4142999.999
"16828",16828,537890,537898.469,4142935.026,4142939.996,"Silva","NEON_D07_MLBS_DP1_537000_4142000_classified_point_cloud.laz","2018_MLBS_3_537000_4142000_image.tif","Tree",1,537000,537999.999,4142000,4142999.999
"16829",16829,537919.184,537931.281,4142930.002,4142942.374,"Silva","NEON_D07_MLBS_DP1_537000_4142000_classified_point_cloud.laz","2018_MLBS_3_537000_4142000_image.tif","Tree",1,537000,537999.999,4142000,4142999.999
"16830",16830,537883.002,537891.478,4142929.558,4142939.451,"Silva","NEON_D07_MLBS_DP1_537000_4142000_classified_point_cloud.laz","2018_MLBS_3_537000_4142000_image.tif","Tree",1,537000,537999.999,4142000,4142999.999
"16831",16831,537904.551,537912.249,4142932.932,4142938.982,"Silva","NEON_D07_MLBS_DP1_537000_4142000_classified_point_cloud.laz","2018_MLBS_3_537000_4142000_image.tif","Tree",1,537000,537999.999,4142000,4142999.999
"16832",16832,537931.067,537947.465,4142931.034,4142941.472,"Silva","NEON_D07_MLBS_DP1_537000_4142000_classified_point_cloud.laz","2018_MLBS_3_537000_4142000_image.tif","Tree",1,537000,537999.999,4142000,4142999.999
"16833",16833,537897.522,537904.468,4142930.556,4142938.973,"Silva","NEON_D07_MLBS_DP1_537000_4142000_classified_point_cloud.laz","2018_MLBS_3_537000_4142000_image.tif","Tree",1,537000,537999.999,4142000,4142999.999
"16834",16834,537890.525,537897.993,4142929.568,4142935.057,"Silva","NEON_D07_MLBS_DP1_537000_4142000_classified_point_cloud.laz","2018_MLBS_3_537000_4142000_image.tif","Tree",1,537000,537999.999,4142000,4142999.999
"16835",16835,537876.546,537884.943,4142928.502,4142936.491,"Silva","NEON_D07_MLBS_DP1_537000_4142000_classified_point_cloud.laz","2018_MLBS_3_537000_4142000_image.tif","Tree",1,537000,537999.999,4142000,4142999.999
"16836",16836,537902.553,537909.471,4142928.641,4142935,"Silva","NEON_D07_MLBS_DP1_537000_4142000_classified_point_cloud.laz","2018_MLBS_3_537000_4142000_image.tif","Tree",1,537000,537999.999,4142000,4142999.999
"16837",16837,537909.521,537915.465,4142927.52,4142934.951,"Silva","NEON_D07_MLBS_DP1_537000_4142000_classified_point_cloud.laz","2018_MLBS_3_537000_4142000_image.tif","Tree",1,537000,537999.999,4142000,4142999.999
"16838",16838,537914.116,537922.428,4142926.611,4142933.467,"Silva","NEON_D07_MLBS_DP1_537000_4142000_classified_point_cloud.laz","2018_MLBS_3_537000_4142000_image.tif","Tree",1,537000,537999.999,4142000,4142999.999
"16839",16839,537895.577,537901.47,4142923.354,4142931.958,"Silva","NEON_D07_MLBS_DP1_537000_4142000_classified_point_cloud.laz","2018_MLBS_3_537000_4142000_image.tif","Tree",1,537000,537999.999,4142000,4142999.999
"16840",16840,537891.501,537897.286,4142923.001,4142930.45,"Silva","NEON_D07_MLBS_DP1_537000_4142000_classified_point_cloud.laz","2018_MLBS_3_537000_4142000_image.tif","Tree",1,537000,537999.999,4142000,4142999.999
"16841",16841,537927.127,537939.971,4142923.619,4142935.981,"Silva","NEON_D07_MLBS_DP1_537000_4142000_classified_point_cloud.laz","2018_MLBS_3_537000_4142000_image.tif","Tree",1,537000,537999.999,4142000,4142999.999
"16842",16842,537905.538,537911.935,4142920.016,4142929.497,"Silva","NEON_D07_MLBS_DP1_537000_4142000_classified_point_cloud.laz","2018_MLBS_3_537000_4142000_image.tif","Tree",1,537000,537999.999,4142000,4142999.999
"16843",16843,537916.516,537925.997,4142920.504,4142930.457,"Silva","NEON_D07_MLBS_DP1_537000_4142000_classified_point_cloud.laz","2018_MLBS_3_537000_4142000_image.tif","Tree",1,537000,537999.999,4142000,4142999.999
"16844",16844,537939.516,537949.843,4142922.675,4142934.486,"Silva","NEON_D07_MLBS_DP1_537000_4142000_classified_point_cloud.laz","2018_MLBS_3_537000_4142000_image.tif","Tree",1,537000,537999.999,4142000,4142999.999
"16845",16845,537909.503,537918.425,4142919.515,4142927.497,"Silva","NEON_D07_MLBS_DP1_537000_4142000_classified_point_cloud.laz","2018_MLBS_3_537000_4142000_image.tif","Tree",1,537000,537999.999,4142000,4142999.999
"16846",16846,537923.06,537931.49,4142920.001,4142929.977,"Silva","NEON_D07_MLBS_DP1_537000_4142000_classified_point_cloud.laz","2018_MLBS_3_537000_4142000_image.tif","Tree",1,537000,537999.999,4142000,4142999.999
"16847",16847,537890.016,537897.95,4142916.015,4142923.475,"Silva","NEON_D07_MLBS_DP1_537000_4142000_classified_point_cloud.laz","2018_MLBS_3_537000_4142000_image.tif","Tree",1,537000,537999.999,4142000,4142999.999
"16848",16848,537879.51,537889.33,4142914.525,4142922.478,"Silva","NEON_D07_MLBS_DP1_537000_4142000_classified_point_cloud.laz","2018_MLBS_3_537000_4142000_image.tif","Tree",1,537000,537999.999,4142000,4142999.999
"16849",16849,537927.785,537933.887,4142917.003,4142924.438,"Silva","NEON_D07_MLBS_DP1_537000_4142000_classified_point_cloud.laz","2018_MLBS_3_537000_4142000_image.tif","Tree",1,537000,537999.999,4142000,4142999.999
"16850",16850,537932.55,537937.989,4142914.694,4142922.358,"Silva","NEON_D07_MLBS_DP1_537000_4142000_classified_point_cloud.laz","2018_MLBS_3_537000_4142000_image.tif","Tree",1,537000,537999.999,4142000,4142999.999
"16851",16851,537925.002,537929.978,4142913.509,4142920.498,"Silva","NEON_D07_MLBS_DP1_537000_4142000_classified_point_cloud.laz","2018_MLBS_3_537000_4142000_image.tif","Tree",1,537000,537999.999,4142000,4142999.999
"16852",16852,537898.056,537905.974,4142909.557,4142918.952,"Silva","NEON_D07_MLBS_DP1_537000_4142000_classified_point_cloud.laz","2018_MLBS_3_537000_4142000_image.tif","Tree",1,537000,537999.999,4142000,4142999.999
"16853",16853,537910.501,537918.991,4142911.516,4142919.976,"Silva","NEON_D07_MLBS_DP1_537000_4142000_classified_point_cloud.laz","2018_MLBS_3_537000_4142000_image.tif","Tree",1,537000,537999.999,4142000,4142999.999
"16854",16854,537905.504,537911.487,4142911.021,4142919.988,"Silva","NEON_D07_MLBS_DP1_537000_4142000_classified_point_cloud.laz","2018_MLBS_3_537000_4142000_image.tif","Tree",1,537000,537999.999,4142000,4142999.999
"16855",16855,537918.024,537926.924,4142908.107,4142915.946,"Silva","NEON_D07_MLBS_DP1_537000_4142000_classified_point_cloud.laz","2018_MLBS_3_537000_4142000_image.tif","Tree",1,537000,537999.999,4142000,4142999.999
"16856",16856,537889.005,537898.027,4142906.579,4142915.955,"Silva","NEON_D07_MLBS_DP1_537000_4142000_classified_point_cloud.laz","2018_MLBS_3_537000_4142000_image.tif","Tree",1,537000,537999.999,4142000,4142999.999
"16857",16857,537931.525,537941.479,4142908.03,4142914.978,"Silva","NEON_D07_MLBS_DP1_537000_4142000_classified_point_cloud.laz","2018_MLBS_3_537000_4142000_image.tif","Tree",1,537000,537999.999,4142000,4142999.999
"16858",16858,537901.04,537910.996,4142904.002,4142912.498,"Silva","NEON_D07_MLBS_DP1_537000_4142000_classified_point_cloud.laz","2018_MLBS_3_537000_4142000_image.tif","Tree",1,537000,537999.999,4142000,4142999.999
"16859",16859,537878.507,537885.936,4142897.531,4142908.423,"Silva","NEON_D07_MLBS_DP1_537000_4142000_classified_point_cloud.laz","2018_MLBS_3_537000_4142000_image.tif","Tree",1,537000,537999.999,4142000,4142999.999
"16860",16860,537898,537905.974,4142901.016,4142909.887,"Silva","NEON_D07_MLBS_DP1_537000_4142000_classified_point_cloud.laz","2018_MLBS_3_537000_4142000_image.tif","Tree",1,537000,537999.999,4142000,4142999.999
"16861",16861,537933.518,537941.477,4142901.51,4142909.46,"Silva","NEON_D07_MLBS_DP1_537000_4142000_classified_point_cloud.laz","2018_MLBS_3_537000_4142000_image.tif","Tree",1,537000,537999.999,4142000,4142999.999
"16862",16862,537906.038,537914.693,4142901.039,4142907.832,"Silva","NEON_D07_MLBS_DP1_537000_4142000_classified_point_cloud.laz","2018_MLBS_3_537000_4142000_image.tif","Tree",1,537000,537999.999,4142000,4142999.999
"16863",16863,537928.014,537935.996,4142900.536,4142907.99,"Silva","NEON_D07_MLBS_DP1_537000_4142000_classified_point_cloud.laz","2018_MLBS_3_537000_4142000_image.tif","Tree",1,537000,537999.999,4142000,4142999.999
"16864",16864,537892.025,537898.4,4142899.503,4142904.451,"Silva","NEON_D07_MLBS_DP1_537000_4142000_classified_point_cloud.laz","2018_MLBS_3_537000_4142000_image.tif","Tree",1,537000,537999.999,4142000,4142999.999
"16865",16865,537914.008,537919.955,4142899.51,4142906.49,"Silva","NEON_D07_MLBS_DP1_537000_4142000_classified_point_cloud.laz","2018_MLBS_3_537000_4142000_image.tif","Tree",1,537000,537999.999,4142000,4142999.999
"16866",16866,537939.67,537947.433,4142897.039,4142906.353,"Silva","NEON_D07_MLBS_DP1_537000_4142000_classified_point_cloud.laz","2018_MLBS_3_537000_4142000_image.tif","Tree",1,537000,537999.999,4142000,4142999.999
"16867",16867,537919.552,537927.334,4142896.038,4142902.444,"Silva","NEON_D07_MLBS_DP1_537000_4142000_classified_point_cloud.laz","2018_MLBS_3_537000_4142000_image.tif","Tree",1,537000,537999.999,4142000,4142999.999
"16868",16868,537913.061,537919.353,4142894.93,4142901.422,"Silva","NEON_D07_MLBS_DP1_537000_4142000_classified_point_cloud.laz","2018_MLBS_3_537000_4142000_image.tif","Tree",1,537000,537999.999,4142000,4142999.999
"16869",16869,537926.064,537933.967,4142895.044,4142902.954,"Silva","NEON_D07_MLBS_DP1_537000_4142000_classified_point_cloud.laz","2018_MLBS_3_537000_4142000_image.tif","Tree",1,537000,537999.999,4142000,4142999.999
"16870",16870,537873.773,537885.445,4142891.528,4142899.456,"Silva","NEON_D07_MLBS_DP1_537000_4142000_classified_point_cloud.laz","2018_MLBS_3_537000_4142000_image.tif","Tree",1,537000,537999.999,4142000,4142999.999
"16871",16871,537934.047,537941.339,4142894.526,4142901.481,"Silva","NEON_D07_MLBS_DP1_537000_4142000_classified_point_cloud.laz","2018_MLBS_3_537000_4142000_image.tif","Tree",1,537000,537999.999,4142000,4142999.999
"16872",16872,537896.616,537906.894,4142887.317,4142897.995,"Silva","NEON_D07_MLBS_DP1_537000_4142000_classified_point_cloud.laz","2018_MLBS_3_537000_4142000_image.tif","Tree",1,537000,537999.999,4142000,4142999.999
"16873",16873,537913.508,537922.644,4142892.172,4142897.926,"Silva","NEON_D07_MLBS_DP1_537000_4142000_classified_point_cloud.laz","2018_MLBS_3_537000_4142000_image.tif","Tree",1,537000,537999.999,4142000,4142999.999
"16874",16874,537883.535,537892.966,4142886.705,4142897.497,"Silva","NEON_D07_MLBS_DP1_537000_4142000_classified_point_cloud.laz","2018_MLBS_3_537000_4142000_image.tif","Tree",1,537000,537999.999,4142000,4142999.999
"16875",16875,537929.173,537936.43,4142893.019,4142897.248,"Silva","NEON_D07_MLBS_DP1_537000_4142000_classified_point_cloud.laz","2018_MLBS_3_537000_4142000_image.tif","Tree",1,537000,537999.999,4142000,4142999.999
"16876",16876,537939.671,537945.499,4142889.192,4142897.975,"Silva","NEON_D07_MLBS_DP1_537000_4142000_classified_point_cloud.laz","2018_MLBS_3_537000_4142000_image.tif","Tree",1,537000,537999.999,4142000,4142999.999
"16877",16877,537920.002,537925.49,4142888.012,4142896,"Silva","NEON_D07_MLBS_DP1_537000_4142000_classified_point_cloud.laz","2018_MLBS_3_537000_4142000_image.tif","Tree",1,537000,537999.999,4142000,4142999.999
"16878",16878,537930.048,537935.446,4142890.011,4142893.481,"Silva","NEON_D07_MLBS_DP1_537000_4142000_classified_point_cloud.laz","2018_MLBS_3_537000_4142000_image.tif","Tree",1,537000,537999.999,4142000,4142999.999
"16879",16879,537935.568,537942.957,4142886.233,4142894.736,"Silva","NEON_D07_MLBS_DP1_537000_4142000_classified_point_cloud.laz","2018_MLBS_3_537000_4142000_image.tif","Tree",1,537000,537999.999,4142000,4142999.999
"16880",16880,537925.507,537930.453,4142887.002,4142895.975,"Silva","NEON_D07_MLBS_DP1_537000_4142000_classified_point_cloud.laz","2018_MLBS_3_537000_4142000_image.tif","Tree",1,537000,537999.999,4142000,4142999.999
"16881",16881,537913.013,537920.471,4142886.011,4142893.435,"Silva","NEON_D07_MLBS_DP1_537000_4142000_classified_point_cloud.laz","2018_MLBS_3_537000_4142000_image.tif","Tree",1,537000,537999.999,4142000,4142999.999
"16882",16882,537904.109,537914.481,4142884.084,4142893.49,"Silva","NEON_D07_MLBS_DP1_537000_4142000_classified_point_cloud.laz","2018_MLBS_3_537000_4142000_image.tif","Tree",1,537000,537999.999,4142000,4142999.999
"16883",16883,537929.149,537935.988,4142886.008,4142890.441,"Silva","NEON_D07_MLBS_DP1_537000_4142000_classified_point_cloud.laz","2018_MLBS_3_537000_4142000_image.tif","Tree",1,537000,537999.999,4142000,4142999.999
"16884",16884,537900.516,537912.484,4142878.617,4142888.476,"Silva","NEON_D07_MLBS_DP1_537000_4142000_classified_point_cloud.laz","2018_MLBS_3_537000_4142000_image.tif","Tree",1,537000,537999.999,4142000,4142999.999
"16885",16885,537877.503,537883.995,4142878.109,4142885.49,"Silva","NEON_D07_MLBS_DP1_537000_4142000_classified_point_cloud.laz","2018_MLBS_3_537000_4142000_image.tif","Tree",1,537000,537999.999,4142000,4142999.999
"16886",16886,537912.028,537921.463,4142873.543,4142885.997,"Silva","NEON_D07_MLBS_DP1_537000_4142000_classified_point_cloud.laz","2018_MLBS_3_537000_4142000_image.tif","Tree",1,537000,537999.999,4142000,4142999.999
"16887",16887,537891.509,537900.465,4142875.578,4142883.865,"Silva","NEON_D07_MLBS_DP1_537000_4142000_classified_point_cloud.laz","2018_MLBS_3_537000_4142000_image.tif","Tree",1,537000,537999.999,4142000,4142999.999
"16888",16888,537930.003,537934.98,4142878.503,4142882.988,"Silva","NEON_D07_MLBS_DP1_537000_4142000_classified_point_cloud.laz","2018_MLBS_3_537000_4142000_image.tif","Tree",1,537000,537999.999,4142000,4142999.999
"16889",16889,537935.025,537942.968,4142872.009,4142885.436,"Silva","NEON_D07_MLBS_DP1_537000_4142000_classified_point_cloud.laz","2018_MLBS_3_537000_4142000_image.tif","Tree",1,537000,537999.999,4142000,4142999.999
"16890",16890,537888.679,537900.963,4142871.507,4142878.468,"Silva","NEON_D07_MLBS_DP1_537000_4142000_classified_point_cloud.laz","2018_MLBS_3_537000_4142000_image.tif","Tree",1,537000,537999.999,4142000,4142999.999
"16891",16891,537928.599,537937.865,4142872.032,4142878.981,"Silva","NEON_D07_MLBS_DP1_537000_4142000_classified_point_cloud.laz","2018_MLBS_3_537000_4142000_image.tif","Tree",1,537000,537999.999,4142000,4142999.999
"16892",16892,537970.176,537981.397,4142934.106,4142942.768,"Silva","NEON_D07_MLBS_DP1_537000_4142000_classified_point_cloud.laz","2018_MLBS_3_537000_4142000_image.tif","Tree",1,537000,537999.999,4142000,4142999.999
"16893",16893,537997.631,537999.984,4142934.05,4142942.456,"Silva","NEON_D07_MLBS_DP1_537000_4142000_classified_point_cloud.laz","2018_MLBS_3_537000_4142000_image.tif","Tree",1,537000,537999.999,4142000,4142999.999
"16894",16894,537964.503,537971.43,4142932.593,4142943.491,"Silva","NEON_D07_MLBS_DP1_537000_4142000_classified_point_cloud.laz","2018_MLBS_3_537000_4142000_image.tif","Tree",1,537000,537999.999,4142000,4142999.999
"16895",16895,537991.018,537998.466,4142934.529,4142940.437,"Silva","NEON_D07_MLBS_DP1_537000_4142000_classified_point_cloud.laz","2018_MLBS_3_537000_4142000_image.tif","Tree",1,537000,537999.999,4142000,4142999.999
"16896",16896,537947.062,537959.993,4142929.555,4142940.349,"Silva","NEON_D07_MLBS_DP1_537000_4142000_classified_point_cloud.laz","2018_MLBS_3_537000_4142000_image.tif","Tree",1,537000,537999.999,4142000,4142999.999
"16897",16897,537968.017,537974.739,4142927.503,4142937.41,"Silva","NEON_D07_MLBS_DP1_537000_4142000_classified_point_cloud.laz","2018_MLBS_3_537000_4142000_image.tif","Tree",1,537000,537999.999,4142000,4142999.999
"16898",16898,537960.036,537967.99,4142928.687,4142941.424,"Silva","NEON_D07_MLBS_DP1_537000_4142000_classified_point_cloud.laz","2018_MLBS_3_537000_4142000_image.tif","Tree",1,537000,537999.999,4142000,4142999.999
"16899",16899,537989.518,537998.497,4142930.02,4142938.91,"Silva","NEON_D07_MLBS_DP1_537000_4142000_classified_point_cloud.laz","2018_MLBS_3_537000_4142000_image.tif","Tree",1,537000,537999.999,4142000,4142999.999
"16900",16900,537981.032,537989.898,4142930.014,4142939.774,"Silva","NEON_D07_MLBS_DP1_537000_4142000_classified_point_cloud.laz","2018_MLBS_3_537000_4142000_image.tif","Tree",1,537000,537999.999,4142000,4142999.999
"16901",16901,537955.096,537964.875,4142926.591,4142935.332,"Silva","NEON_D07_MLBS_DP1_537000_4142000_classified_point_cloud.laz","2018_MLBS_3_537000_4142000_image.tif","Tree",1,537000,537999.999,4142000,4142999.999
"16902",16902,537978.059,537984.943,4142924.768,4142937.896,"Silva","NEON_D07_MLBS_DP1_537000_4142000_classified_point_cloud.laz","2018_MLBS_3_537000_4142000_image.tif","Tree",1,537000,537999.999,4142000,4142999.999
"16903",16903,537982.652,537993.909,4142921.544,4142932.24,"Silva","NEON_D07_MLBS_DP1_537000_4142000_classified_point_cloud.laz","2018_MLBS_3_537000_4142000_image.tif","Tree",1,537000,537999.999,4142000,4142999.999
"16904",16904,537957.514,537968.956,4142917.546,4142929.452,"Silva","NEON_D07_MLBS_DP1_537000_4142000_classified_point_cloud.laz","2018_MLBS_3_537000_4142000_image.tif","Tree",1,537000,537999.999,4142000,4142999.999
"16905",16905,537993.02,537999.979,4142922.548,4142928.974,"Silva","NEON_D07_MLBS_DP1_537000_4142000_classified_point_cloud.laz","2018_MLBS_3_537000_4142000_image.tif","Tree",1,537000,537999.999,4142000,4142999.999
"16906",16906,537947.681,537959.468,4142915.037,4142922.983,"Silva","NEON_D07_MLBS_DP1_537000_4142000_classified_point_cloud.laz","2018_MLBS_3_537000_4142000_image.tif","Tree",1,537000,537999.999,4142000,4142999.999
"16907",16907,537970.512,537982.092,4142919.588,4142927.458,"Silva","NEON_D07_MLBS_DP1_537000_4142000_classified_point_cloud.laz","2018_MLBS_3_537000_4142000_image.tif","Tree",1,537000,537999.999,4142000,4142999.999
"16908",16908,537964.033,537973.994,4142915.544,4142927.5,"Silva","NEON_D07_MLBS_DP1_537000_4142000_classified_point_cloud.laz","2018_MLBS_3_537000_4142000_image.tif","Tree",1,537000,537999.999,4142000,4142999.999
"16909",16909,537974.081,537983.437,4142915.513,4142923.962,"Silva","NEON_D07_MLBS_DP1_537000_4142000_classified_point_cloud.laz","2018_MLBS_3_537000_4142000_image.tif","Tree",1,537000,537999.999,4142000,4142999.999
"16910",16910,537941.504,537951.471,4142912.652,4142921.782,"Silva","NEON_D07_MLBS_DP1_537000_4142000_classified_point_cloud.laz","2018_MLBS_3_537000_4142000_image.tif","Tree",1,537000,537999.999,4142000,4142999.999
"16911",16911,537996.092,537999.996,4142916.504,4142922.953,"Silva","NEON_D07_MLBS_DP1_537000_4142000_classified_point_cloud.laz","2018_MLBS_3_537000_4142000_image.tif","Tree",1,537000,537999.999,4142000,4142999.999
"16912",16912,537978.503,537988.421,4142912.104,4142922.81,"Silva","NEON_D07_MLBS_DP1_537000_4142000_classified_point_cloud.laz","2018_MLBS_3_537000_4142000_image.tif","Tree",1,537000,537999.999,4142000,4142999.999
"16913",16913,537965.509,537974.992,4142909.528,4142916.953,"Silva","NEON_D07_MLBS_DP1_537000_4142000_classified_point_cloud.laz","2018_MLBS_3_537000_4142000_image.tif","Tree",1,537000,537999.999,4142000,4142999.999
"16914",16914,537990.522,537997.455,4142907.593,4142917.77,"Silva","NEON_D07_MLBS_DP1_537000_4142000_classified_point_cloud.laz","2018_MLBS_3_537000_4142000_image.tif","Tree",1,537000,537999.999,4142000,4142999.999
"16915",16915,537974.013,537980.262,4142908.594,4142915.448,"Silva","NEON_D07_MLBS_DP1_537000_4142000_classified_point_cloud.laz","2018_MLBS_3_537000_4142000_image.tif","Tree",1,537000,537999.999,4142000,4142999.999
"16916",16916,537955.115,537966.464,4142905.069,4142917.891,"Silva","NEON_D07_MLBS_DP1_537000_4142000_classified_point_cloud.laz","2018_MLBS_3_537000_4142000_image.tif","Tree",1,537000,537999.999,4142000,4142999.999
"16917",16917,537948.218,537955.822,4142906.513,4142914.986,"Silva","NEON_D07_MLBS_DP1_537000_4142000_classified_point_cloud.laz","2018_MLBS_3_537000_4142000_image.tif","Tree",1,537000,537999.999,4142000,4142999.999
"16918",16918,537981.672,537988.967,4142906.041,4142913.408,"Silva","NEON_D07_MLBS_DP1_537000_4142000_classified_point_cloud.laz","2018_MLBS_3_537000_4142000_image.tif","Tree",1,537000,537999.999,4142000,4142999.999
"16919",16919,537975.527,537981.91,4142904.504,4142912.489,"Silva","NEON_D07_MLBS_DP1_537000_4142000_classified_point_cloud.laz","2018_MLBS_3_537000_4142000_image.tif","Tree",1,537000,537999.999,4142000,4142999.999
"16920",16920,537968.076,537976.987,4142904.633,4142909.93,"Silva","NEON_D07_MLBS_DP1_537000_4142000_classified_point_cloud.laz","2018_MLBS_3_537000_4142000_image.tif","Tree",1,537000,537999.999,4142000,4142999.999
"16921",16921,537979.023,537987.962,4142901.714,4142909.457,"Silva","NEON_D07_MLBS_DP1_537000_4142000_classified_point_cloud.laz","2018_MLBS_3_537000_4142000_image.tif","Tree",1,537000,537999.999,4142000,4142999.999
"16922",16922,537994.035,537999.985,4142901.036,4142909.977,"Silva","NEON_D07_MLBS_DP1_537000_4142000_classified_point_cloud.laz","2018_MLBS_3_537000_4142000_image.tif","Tree",1,537000,537999.999,4142000,4142999.999
"16923",16923,537945.518,537949.499,4142899.088,4142904.929,"Silva","NEON_D07_MLBS_DP1_537000_4142000_classified_point_cloud.laz","2018_MLBS_3_537000_4142000_image.tif","Tree",1,537000,537999.999,4142000,4142999.999
"16924",16924,537949.195,537956.994,4142900.591,4142906.494,"Silva","NEON_D07_MLBS_DP1_537000_4142000_classified_point_cloud.laz","2018_MLBS_3_537000_4142000_image.tif","Tree",1,537000,537999.999,4142000,4142999.999
"16925",16925,537958.035,537966.447,4142897.696,4142907.936,"Silva","NEON_D07_MLBS_DP1_537000_4142000_classified_point_cloud.laz","2018_MLBS_3_537000_4142000_image.tif","Tree",1,537000,537999.999,4142000,4142999.999
"16926",16926,537969.503,537976.466,4142899.11,4142905.482,"Silva","NEON_D07_MLBS_DP1_537000_4142000_classified_point_cloud.laz","2018_MLBS_3_537000_4142000_image.tif","Tree",1,537000,537999.999,4142000,4142999.999
"16927",16927,537948.531,537954.496,4142896.006,4142901.806,"Silva","NEON_D07_MLBS_DP1_537000_4142000_classified_point_cloud.laz","2018_MLBS_3_537000_4142000_image.tif","Tree",1,537000,537999.999,4142000,4142999.999
"16928",16928,537954.513,537962.252,4142896.039,4142904.882,"Silva","NEON_D07_MLBS_DP1_537000_4142000_classified_point_cloud.laz","2018_MLBS_3_537000_4142000_image.tif","Tree",1,537000,537999.999,4142000,4142999.999
"16929",16929,537991.002,537999.983,4142897.002,4142907.468,"Silva","NEON_D07_MLBS_DP1_537000_4142000_classified_point_cloud.laz","2018_MLBS_3_537000_4142000_image.tif","Tree",1,537000,537999.999,4142000,4142999.999
"16930",16930,537984.005,537991.497,4142897.149,4142906.44,"Silva","NEON_D07_MLBS_DP1_537000_4142000_classified_point_cloud.laz","2018_MLBS_3_537000_4142000_image.tif","Tree",1,537000,537999.999,4142000,4142999.999
"16931",16931,537963.023,537972.983,4142895.01,4142901.985,"Silva","NEON_D07_MLBS_DP1_537000_4142000_classified_point_cloud.laz","2018_MLBS_3_537000_4142000_image.tif","Tree",1,537000,537999.999,4142000,4142999.999
"16932",16932,537955.68,537962.438,4142891.531,4142897.483,"Silva","NEON_D07_MLBS_DP1_537000_4142000_classified_point_cloud.laz","2018_MLBS_3_537000_4142000_image.tif","Tree",1,537000,537999.999,4142000,4142999.999
"16933",16933,537952.501,537957.489,4142887.128,4142895.973,"Silva","NEON_D07_MLBS_DP1_537000_4142000_classified_point_cloud.laz","2018_MLBS_3_537000_4142000_image.tif","Tree",1,537000,537999.999,4142000,4142999.999
"16934",16934,537984.012,537991.492,4142890.072,4142898.955,"Silva","NEON_D07_MLBS_DP1_537000_4142000_classified_point_cloud.laz","2018_MLBS_3_537000_4142000_image.tif","Tree",1,537000,537999.999,4142000,4142999.999
"16935",16935,537957.504,537964.954,4142886.017,4142897.419,"Silva","NEON_D07_MLBS_DP1_537000_4142000_classified_point_cloud.laz","2018_MLBS_3_537000_4142000_image.tif","Tree",1,537000,537999.999,4142000,4142999.999
"16936",16936,537965.015,537974.989,4142889.05,4142896,"Silva","NEON_D07_MLBS_DP1_537000_4142000_classified_point_cloud.laz","2018_MLBS_3_537000_4142000_image.tif","Tree",1,537000,537999.999,4142000,4142999.999
"16937",16937,537978.026,537986.495,4142889.051,4142898.375,"Silva","NEON_D07_MLBS_DP1_537000_4142000_classified_point_cloud.laz","2018_MLBS_3_537000_4142000_image.tif","Tree",1,537000,537999.999,4142000,4142999.999
"16938",16938,537990.583,537999.872,4142891.036,4142897.982,"Silva","NEON_D07_MLBS_DP1_537000_4142000_classified_point_cloud.laz","2018_MLBS_3_537000_4142000_image.tif","Tree",1,537000,537999.999,4142000,4142999.999
"16939",16939,537994.553,537999.992,4142886.555,4142896.545,"Silva","NEON_D07_MLBS_DP1_537000_4142000_classified_point_cloud.laz","2018_MLBS_3_537000_4142000_image.tif","Tree",1,537000,537999.999,4142000,4142999.999
"16940",16940,537980.521,537988.914,4142881.793,4142890.454,"Silva","NEON_D07_MLBS_DP1_537000_4142000_classified_point_cloud.laz","2018_MLBS_3_537000_4142000_image.tif","Tree",1,537000,537999.999,4142000,4142999.999
"16941",16941,537960.765,537970.339,4142882.075,4142888.322,"Silva","NEON_D07_MLBS_DP1_537000_4142000_classified_point_cloud.laz","2018_MLBS_3_537000_4142000_image.tif","Tree",1,537000,537999.999,4142000,4142999.999
"16942",16942,537972.018,537981.485,4142880.34,4142890.994,"Silva","NEON_D07_MLBS_DP1_537000_4142000_classified_point_cloud.laz","2018_MLBS_3_537000_4142000_image.tif","Tree",1,537000,537999.999,4142000,4142999.999
"16943",16943,537988.03,537995.636,4142880.511,4142888.995,"Silva","NEON_D07_MLBS_DP1_537000_4142000_classified_point_cloud.laz","2018_MLBS_3_537000_4142000_image.tif","Tree",1,537000,537999.999,4142000,4142999.999
"16944",16944,537953.234,537963.983,4142875.088,4142885.98,"Silva","NEON_D07_MLBS_DP1_537000_4142000_classified_point_cloud.laz","2018_MLBS_3_537000_4142000_image.tif","Tree",1,537000,537999.999,4142000,4142999.999
"16945",16945,537942.004,537952.956,4142875.036,4142885.98,"Silva","NEON_D07_MLBS_DP1_537000_4142000_classified_point_cloud.laz","2018_MLBS_3_537000_4142000_image.tif","Tree",1,537000,537999.999,4142000,4142999.999
"16946",16946,537969.052,537977.283,4142878.017,4142884.898,"Silva","NEON_D07_MLBS_DP1_537000_4142000_classified_point_cloud.laz","2018_MLBS_3_537000_4142000_image.tif","Tree",1,537000,537999.999,4142000,4142999.999
"16947",16947,537993.739,537999.997,4142875.816,4142886.399,"Silva","NEON_D07_MLBS_DP1_537000_4142000_classified_point_cloud.laz","2018_MLBS_3_537000_4142000_image.tif","Tree",1,537000,537999.999,4142000,4142999.999
"16948",16948,537981.011,537992.721,4142875.503,4142883.488,"Silva","NEON_D07_MLBS_DP1_537000_4142000_classified_point_cloud.laz","2018_MLBS_3_537000_4142000_image.tif","Tree",1,537000,537999.999,4142000,4142999.999
"16949",16949,537972.813,537981.896,4142872.511,4142880.47,"Silva","NEON_D07_MLBS_DP1_537000_4142000_classified_point_cloud.laz","2018_MLBS_3_537000_4142000_image.tif","Tree",1,537000,537999.999,4142000,4142999.999
"16950",16950,537564.121,537574.408,4142957.022,4142964.96,"Silva","NEON_D07_MLBS_DP1_537000_4142000_classified_point_cloud.laz","2018_MLBS_3_537000_4142000_image.tif","Tree",1,537000,537999.999,4142000,4142999.999
"16951",16951,537580.019,537589.755,4142956.538,4142963.493,"Silva","NEON_D07_MLBS_DP1_537000_4142000_classified_point_cloud.laz","2018_MLBS_3_537000_4142000_image.tif","Tree",1,537000,537999.999,4142000,4142999.999
"16952",16952,537608.001,537615.988,4142953.112,4142963.447,"Silva","NEON_D07_MLBS_DP1_537000_4142000_classified_point_cloud.laz","2018_MLBS_3_537000_4142000_image.tif","Tree",1,537000,537999.999,4142000,4142999.999
"16953",16953,537590.514,537600.491,4142953.504,4142960.967,"Silva","NEON_D07_MLBS_DP1_537000_4142000_classified_point_cloud.laz","2018_MLBS_3_537000_4142000_image.tif","Tree",1,537000,537999.999,4142000,4142999.999
"16954",16954,537581.504,537586.491,4142949.074,4142956.946,"Silva","NEON_D07_MLBS_DP1_537000_4142000_classified_point_cloud.laz","2018_MLBS_3_537000_4142000_image.tif","Tree",1,537000,537999.999,4142000,4142999.999
"16955",16955,537594.557,537603.494,4142951.501,4142957.984,"Silva","NEON_D07_MLBS_DP1_537000_4142000_classified_point_cloud.laz","2018_MLBS_3_537000_4142000_image.tif","Tree",1,537000,537999.999,4142000,4142999.999
"16956",16956,537571.849,537577.963,4142950.509,4142955.445,"Silva","NEON_D07_MLBS_DP1_537000_4142000_classified_point_cloud.laz","2018_MLBS_3_537000_4142000_image.tif","Tree",1,537000,537999.999,4142000,4142999.999
"16957",16957,537572.558,537580.335,4142937.525,4142944.464,"Silva","NEON_D07_MLBS_DP1_537000_4142000_classified_point_cloud.laz","2018_MLBS_3_537000_4142000_image.tif","Tree",1,537000,537999.999,4142000,4142999.999
"16958",16958,537560.026,537566.945,4142939.075,4142946.985,"Silva","NEON_D07_MLBS_DP1_537000_4142000_classified_point_cloud.laz","2018_MLBS_3_537000_4142000_image.tif","Tree",1,537000,537999.999,4142000,4142999.999
"16959",16959,537600.535,537608.495,4142942.54,4142953.342,"Silva","NEON_D07_MLBS_DP1_537000_4142000_classified_point_cloud.laz","2018_MLBS_3_537000_4142000_image.tif","Tree",1,537000,537999.999,4142000,4142999.999
"16960",16960,537578.01,537585.951,4142944.513,4142952.403,"Silva","NEON_D07_MLBS_DP1_537000_4142000_classified_point_cloud.laz","2018_MLBS_3_537000_4142000_image.tif","Tree",1,537000,537999.999,4142000,4142999.999
"16961",16961,537586.009,537594.983,4142945.019,4142955.405,"Silva","NEON_D07_MLBS_DP1_537000_4142000_classified_point_cloud.laz","2018_MLBS_3_537000_4142000_image.tif","Tree",1,537000,537999.999,4142000,4142999.999
"16962",16962,537560.081,537569.358,4142947.069,4142955.882,"Silva","NEON_D07_MLBS_DP1_537000_4142000_classified_point_cloud.laz","2018_MLBS_3_537000_4142000_image.tif","Tree",1,537000,537999.999,4142000,4142999.999
"16963",16963,537570.523,537578.493,4142967.089,4142974.672,"Silva","NEON_D07_MLBS_DP1_537000_4142000_classified_point_cloud.laz","2018_MLBS_3_537000_4142000_image.tif","Tree",1,537000,537999.999,4142000,4142999.999
"16964",16964,537575.002,537582.401,4142975.059,4142985.486,"Silva","NEON_D07_MLBS_DP1_537000_4142000_classified_point_cloud.laz","2018_MLBS_3_537000_4142000_image.tif","Tree",1,537000,537999.999,4142000,4142999.999
"16965",16965,537536.528,537545.486,4142995.533,4142999.986,"Silva","NEON_D07_MLBS_DP1_537000_4142000_classified_point_cloud.laz","2018_MLBS_3_537000_4142000_image.tif","Tree",1,537000,537999.999,4142000,4142999.999
"16966",16966,537499.006,537509.471,4142994.104,4142999.996,"Silva","NEON_D07_MLBS_DP1_537000_4142000_classified_point_cloud.laz","2018_MLBS_3_537000_4142000_image.tif","Tree",1,537000,537999.999,4142000,4142999.999
"16967",16967,537505.558,537512.975,4142989.539,4142999.997,"Silva","NEON_D07_MLBS_DP1_537000_4142000_classified_point_cloud.laz","2018_MLBS_3_537000_4142000_image.tif","Tree",1,537000,537999.999,4142000,4142999.999
"16968",16968,537535.546,537546.986,4142983.503,4142994.939,"Silva","NEON_D07_MLBS_DP1_537000_4142000_classified_point_cloud.laz","2018_MLBS_3_537000_4142000_image.tif","Tree",1,537000,537999.999,4142000,4142999.999
"16969",16969,537524.03,537535.466,4142986.002,4142992.442,"Silva","NEON_D07_MLBS_DP1_537000_4142000_classified_point_cloud.laz","2018_MLBS_3_537000_4142000_image.tif","Tree",1,537000,537999.999,4142000,4142999.999
"16970",16970,537517.519,537524.482,4142980.526,4142989.485,"Silva","NEON_D07_MLBS_DP1_537000_4142000_classified_point_cloud.laz","2018_MLBS_3_537000_4142000_image.tif","Tree",1,537000,537999.999,4142000,4142999.999
"16971",16971,537523.045,537529.457,4142980.027,4142988.493,"Silva","NEON_D07_MLBS_DP1_537000_4142000_classified_point_cloud.laz","2018_MLBS_3_537000_4142000_image.tif","Tree",1,537000,537999.999,4142000,4142999.999
"16972",16972,537544.515,537553.498,4142980.612,4142988.47,"Silva","NEON_D07_MLBS_DP1_537000_4142000_classified_point_cloud.laz","2018_MLBS_3_537000_4142000_image.tif","Tree",1,537000,537999.999,4142000,4142999.999
"16973",16973,537503.034,537512.998,4142972.501,4142981.986,"Silva","NEON_D07_MLBS_DP1_537000_4142000_classified_point_cloud.laz","2018_MLBS_3_537000_4142000_image.tif","Tree",1,537000,537999.999,4142000,4142999.999
"16974",16974,537504.512,537509.475,4142956.52,4142962.391,"Silva","NEON_D07_MLBS_DP1_537000_4142000_classified_point_cloud.laz","2018_MLBS_3_537000_4142000_image.tif","Tree",1,537000,537999.999,4142000,4142999.999
"16975",16975,537509.016,537515.984,4142952.337,4142958.48,"Silva","NEON_D07_MLBS_DP1_537000_4142000_classified_point_cloud.laz","2018_MLBS_3_537000_4142000_image.tif","Tree",1,537000,537999.999,4142000,4142999.999
"16976",16976,537518.501,537525.497,4142952.524,4142959.978,"Silva","NEON_D07_MLBS_DP1_537000_4142000_classified_point_cloud.laz","2018_MLBS_3_537000_4142000_image.tif","Tree",1,537000,537999.999,4142000,4142999.999
"16977",16977,537525,537534.497,4142951.004,4142958.904,"Silva","NEON_D07_MLBS_DP1_537000_4142000_classified_point_cloud.laz","2018_MLBS_3_537000_4142000_image.tif","Tree",1,537000,537999.999,4142000,4142999.999
"16978",16978,537543.531,537553.982,4142948.525,4142958.98,"Silva","NEON_D07_MLBS_DP1_537000_4142000_classified_point_cloud.laz","2018_MLBS_3_537000_4142000_image.tif","Tree",1,537000,537999.999,4142000,4142999.999
"16979",16979,537499.043,537507.301,4142946.018,4142954.495,"Silva","NEON_D07_MLBS_DP1_537000_4142000_classified_point_cloud.laz","2018_MLBS_3_537000_4142000_image.tif","Tree",1,537000,537999.999,4142000,4142999.999
"16980",16980,537510.032,537519.989,4142946.044,4142954.457,"Silva","NEON_D07_MLBS_DP1_537000_4142000_classified_point_cloud.laz","2018_MLBS_3_537000_4142000_image.tif","Tree",1,537000,537999.999,4142000,4142999.999
"16981",16981,537544.234,537550.945,4142936.669,4142948.493,"Silva","NEON_D07_MLBS_DP1_537000_4142000_classified_point_cloud.laz","2018_MLBS_3_537000_4142000_image.tif","Tree",1,537000,537999.999,4142000,4142999.999
"16982",16982,537495.521,537505.472,4142937.021,4142946.996,"Silva","NEON_D07_MLBS_DP1_537000_4142000_classified_point_cloud.laz","2018_MLBS_3_537000_4142000_image.tif","Tree",1,537000,537999.999,4142000,4142999.999
"16983",16983,537540.513,537549.49,4142942.042,4142954.444,"Silva","NEON_D07_MLBS_DP1_537000_4142000_classified_point_cloud.laz","2018_MLBS_3_537000_4142000_image.tif","Tree",1,537000,537999.999,4142000,4142999.999
"16984",16984,537531.682,537541.491,4142941.518,4142953.995,"Silva","NEON_D07_MLBS_DP1_537000_4142000_classified_point_cloud.laz","2018_MLBS_3_537000_4142000_image.tif","Tree",1,537000,537999.999,4142000,4142999.999
"16985",16985,537509.506,537519.955,4142962.016,4142970.991,"Silva","NEON_D07_MLBS_DP1_537000_4142000_classified_point_cloud.laz","2018_MLBS_3_537000_4142000_image.tif","Tree",1,537000,537999.999,4142000,4142999.999
"16986",16986,537502.007,537509.49,4142961.503,4142967.964,"Silva","NEON_D07_MLBS_DP1_537000_4142000_classified_point_cloud.laz","2018_MLBS_3_537000_4142000_image.tif","Tree",1,537000,537999.999,4142000,4142999.999
"16987",16987,537528.502,537539.995,4142963.58,4142970.962,"Silva","NEON_D07_MLBS_DP1_537000_4142000_classified_point_cloud.laz","2018_MLBS_3_537000_4142000_image.tif","Tree",1,537000,537999.999,4142000,4142999.999
"16988",16988,537520.001,537528.951,4142965.009,4142973.98,"Silva","NEON_D07_MLBS_DP1_537000_4142000_classified_point_cloud.laz","2018_MLBS_3_537000_4142000_image.tif","Tree",1,537000,537999.999,4142000,4142999.999
"16989",16989,537501.563,537510.473,4142966.017,4142972.993,"Silva","NEON_D07_MLBS_DP1_537000_4142000_classified_point_cloud.laz","2018_MLBS_3_537000_4142000_image.tif","Tree",1,537000,537999.999,4142000,4142999.999
"16990",16990,537537.503,537545.993,4142967.043,4142977.498,"Silva","NEON_D07_MLBS_DP1_537000_4142000_classified_point_cloud.laz","2018_MLBS_3_537000_4142000_image.tif","Tree",1,537000,537999.999,4142000,4142999.999
"16991",16991,537496.092,537507.417,4142969.569,4142976.46,"Silva","NEON_D07_MLBS_DP1_537000_4142000_classified_point_cloud.laz","2018_MLBS_3_537000_4142000_image.tif","Tree",1,537000,537999.999,4142000,4142999.999
"16992",16992,537562.557,537570.429,4142995.513,4142999.99,"Silva","NEON_D07_MLBS_DP1_537000_4142000_classified_point_cloud.laz","2018_MLBS_3_537000_4142000_image.tif","Tree",1,537000,537999.999,4142000,4142999.999
"16993",16993,537575.035,537585.476,4142993.014,4142999.996,"Silva","NEON_D07_MLBS_DP1_537000_4142000_classified_point_cloud.laz","2018_MLBS_3_537000_4142000_image.tif","Tree",1,537000,537999.999,4142000,4142999.999
"16994",16994,537566.009,537574.998,4142988.051,4142999.986,"Silva","NEON_D07_MLBS_DP1_537000_4142000_classified_point_cloud.laz","2018_MLBS_3_537000_4142000_image.tif","Tree",1,537000,537999.999,4142000,4142999.999
"16995",16995,537552.539,537558.491,4142991.018,4142999.479,"Silva","NEON_D07_MLBS_DP1_537000_4142000_classified_point_cloud.laz","2018_MLBS_3_537000_4142000_image.tif","Tree",1,537000,537999.999,4142000,4142999.999
"16996",16996,537582.027,537587.981,4142984.509,4142993.886,"Silva","NEON_D07_MLBS_DP1_537000_4142000_classified_point_cloud.laz","2018_MLBS_3_537000_4142000_image.tif","Tree",1,537000,537999.999,4142000,4142999.999
"16997",16997,537575.581,537582.482,4142984.505,4142992.969,"Silva","NEON_D07_MLBS_DP1_537000_4142000_classified_point_cloud.laz","2018_MLBS_3_537000_4142000_image.tif","Tree",1,537000,537999.999,4142000,4142999.999
"16998",16998,537587.006,537595.94,4142983.013,4142990.94,"Silva","NEON_D07_MLBS_DP1_537000_4142000_classified_point_cloud.laz","2018_MLBS_3_537000_4142000_image.tif","Tree",1,537000,537999.999,4142000,4142999.999
"16999",16999,537604.028,537613.481,4142961.774,4142971.46,"Silva","NEON_D07_MLBS_DP1_537000_4142000_classified_point_cloud.laz","2018_MLBS_3_537000_4142000_image.tif","Tree",1,537000,537999.999,4142000,4142999.999
"17000",17000,537613.002,537622.342,4142961.007,4142970.958,"Silva","NEON_D07_MLBS_DP1_537000_4142000_classified_point_cloud.laz","2018_MLBS_3_537000_4142000_image.tif","Tree",1,537000,537999.999,4142000,4142999.999
"17001",17001,537558.004,537566.942,4142953.542,4142962.44,"Silva","NEON_D07_MLBS_DP1_537000_4142000_classified_point_cloud.laz","2018_MLBS_3_537000_4142000_image.tif","Tree",1,537000,537999.999,4142000,4142999.999
"17002",17002,537600.511,537610.464,4142952.532,4142963.485,"Silva","NEON_D07_MLBS_DP1_537000_4142000_classified_point_cloud.laz","2018_MLBS_3_537000_4142000_image.tif","Tree",1,537000,537999.999,4142000,4142999.999
"17003",17003,537578.015,537589.413,4142969.503,4142975.995,"Silva","NEON_D07_MLBS_DP1_537000_4142000_classified_point_cloud.laz","2018_MLBS_3_537000_4142000_image.tif","Tree",1,537000,537999.999,4142000,4142999.999
"17004",17004,537594.546,537600.991,4142969.504,4142976.49,"Silva","NEON_D07_MLBS_DP1_537000_4142000_classified_point_cloud.laz","2018_MLBS_3_537000_4142000_image.tif","Tree",1,537000,537999.999,4142000,4142999.999
"17005",17005,537600.042,537604.499,4142968.005,4142976.99,"Silva","NEON_D07_MLBS_DP1_537000_4142000_classified_point_cloud.laz","2018_MLBS_3_537000_4142000_image.tif","Tree",1,537000,537999.999,4142000,4142999.999
"17006",17006,537554.537,537562.478,4142969.503,4142979.397,"Silva","NEON_D07_MLBS_DP1_537000_4142000_classified_point_cloud.laz","2018_MLBS_3_537000_4142000_image.tif","Tree",1,537000,537999.999,4142000,4142999.999
"17007",17007,537550.025,537555.904,4142972.036,4142980.937,"Silva","NEON_D07_MLBS_DP1_537000_4142000_classified_point_cloud.laz","2018_MLBS_3_537000_4142000_image.tif","Tree",1,537000,537999.999,4142000,4142999.999
"17008",17008,537559.507,537567.384,4142973.194,4142986.494,"Silva","NEON_D07_MLBS_DP1_537000_4142000_classified_point_cloud.laz","2018_MLBS_3_537000_4142000_image.tif","Tree",1,537000,537999.999,4142000,4142999.999
"17009",17009,537599.034,537603.967,4142978.016,4142986.924,"Silva","NEON_D07_MLBS_DP1_537000_4142000_classified_point_cloud.laz","2018_MLBS_3_537000_4142000_image.tif","Tree",1,537000,537999.999,4142000,4142999.999
"17010",17010,537634.515,537646.322,4142956.032,4142964.996,"Silva","NEON_D07_MLBS_DP1_537000_4142000_classified_point_cloud.laz","2018_MLBS_3_537000_4142000_image.tif","Tree",1,537000,537999.999,4142000,4142999.999
"17011",17011,537613.014,537624.47,4142945.014,4142952.489,"Silva","NEON_D07_MLBS_DP1_537000_4142000_classified_point_cloud.laz","2018_MLBS_3_537000_4142000_image.tif","Tree",1,537000,537999.999,4142000,4142999.999
"17012",17012,537633.024,537641.49,4142942.509,4142955.964,"Silva","NEON_D07_MLBS_DP1_537000_4142000_classified_point_cloud.laz","2018_MLBS_3_537000_4142000_image.tif","Tree",1,537000,537999.999,4142000,4142999.999
"17013",17013,537623.508,537635.493,4142946.101,4142957.95,"Silva","NEON_D07_MLBS_DP1_537000_4142000_classified_point_cloud.laz","2018_MLBS_3_537000_4142000_image.tif","Tree",1,537000,537999.999,4142000,4142999.999
"17014",17014,537623.521,537633.979,4142993.02,4142999.997,"Silva","NEON_D07_MLBS_DP1_537000_4142000_classified_point_cloud.laz","2018_MLBS_3_537000_4142000_image.tif","Tree",1,537000,537999.999,4142000,4142999.999
"17015",17015,537615.014,537625.986,4142994.507,4142999.996,"Silva","NEON_D07_MLBS_DP1_537000_4142000_classified_point_cloud.laz","2018_MLBS_3_537000_4142000_image.tif","Tree",1,537000,537999.999,4142000,4142999.999
"17016",17016,537633.24,537645.422,4142991.013,4142999.996,"Silva","NEON_D07_MLBS_DP1_537000_4142000_classified_point_cloud.laz","2018_MLBS_3_537000_4142000_image.tif","Tree",1,537000,537999.999,4142000,4142999.999
"17017",17017,537650.072,537658.92,4142991.081,4142999.998,"Silva","NEON_D07_MLBS_DP1_537000_4142000_classified_point_cloud.laz","2018_MLBS_3_537000_4142000_image.tif","Tree",1,537000,537999.999,4142000,4142999.999
"17018",17018,537609.568,537619.495,4142989.541,4142998.958,"Silva","NEON_D07_MLBS_DP1_537000_4142000_classified_point_cloud.laz","2018_MLBS_3_537000_4142000_image.tif","Tree",1,537000,537999.999,4142000,4142999.999
"17019",17019,537666.539,537677.368,4142989.004,4142997.946,"Silva","NEON_D07_MLBS_DP1_537000_4142000_classified_point_cloud.laz","2018_MLBS_3_537000_4142000_image.tif","Tree",1,537000,537999.999,4142000,4142999.999
"17020",17020,537676.564,537683.495,4142988.016,4142995.941,"Silva","NEON_D07_MLBS_DP1_537000_4142000_classified_point_cloud.laz","2018_MLBS_3_537000_4142000_image.tif","Tree",1,537000,537999.999,4142000,4142999.999
"17021",17021,537654.284,537664.494,4142986.662,4142994.965,"Silva","NEON_D07_MLBS_DP1_537000_4142000_classified_point_cloud.laz","2018_MLBS_3_537000_4142000_image.tif","Tree",1,537000,537999.999,4142000,4142999.999
"17022",17022,537620.072,537628.354,4142985.032,4142992.802,"Silva","NEON_D07_MLBS_DP1_537000_4142000_classified_point_cloud.laz","2018_MLBS_3_537000_4142000_image.tif","Tree",1,537000,537999.999,4142000,4142999.999
"17023",17023,537663.535,537672.969,4142984.026,4142993.435,"Silva","NEON_D07_MLBS_DP1_537000_4142000_classified_point_cloud.laz","2018_MLBS_3_537000_4142000_image.tif","Tree",1,537000,537999.999,4142000,4142999.999
"17024",17024,537630.501,537637.995,4142983.081,4142994.44,"Silva","NEON_D07_MLBS_DP1_537000_4142000_classified_point_cloud.laz","2018_MLBS_3_537000_4142000_image.tif","Tree",1,537000,537999.999,4142000,4142999.999
"17025",17025,537676.556,537684.988,4142981.521,4142987.984,"Silva","NEON_D07_MLBS_DP1_537000_4142000_classified_point_cloud.laz","2018_MLBS_3_537000_4142000_image.tif","Tree",1,537000,537999.999,4142000,4142999.999
"17026",17026,537643.001,537649.973,4142978.07,4142986.976,"Silva","NEON_D07_MLBS_DP1_537000_4142000_classified_point_cloud.laz","2018_MLBS_3_537000_4142000_image.tif","Tree",1,537000,537999.999,4142000,4142999.999
"17027",17027,537654.09,537664.486,4142958.507,4142965.381,"Silva","NEON_D07_MLBS_DP1_537000_4142000_classified_point_cloud.laz","2018_MLBS_3_537000_4142000_image.tif","Tree",1,537000,537999.999,4142000,4142999.999
"17028",17028,537669.512,537677.983,4142955.036,4142967.261,"Silva","NEON_D07_MLBS_DP1_537000_4142000_classified_point_cloud.laz","2018_MLBS_3_537000_4142000_image.tif","Tree",1,537000,537999.999,4142000,4142999.999
"17029",17029,537661.508,537668.896,4142954.005,4142961.995,"Silva","NEON_D07_MLBS_DP1_537000_4142000_classified_point_cloud.laz","2018_MLBS_3_537000_4142000_image.tif","Tree",1,537000,537999.999,4142000,4142999.999
"17030",17030,537644.505,537654.463,4142951.118,4142962.444,"Silva","NEON_D07_MLBS_DP1_537000_4142000_classified_point_cloud.laz","2018_MLBS_3_537000_4142000_image.tif","Tree",1,537000,537999.999,4142000,4142999.999
"17031",17031,537661.509,537667.488,4142936.081,4142943.942,"Silva","NEON_D07_MLBS_DP1_537000_4142000_classified_point_cloud.laz","2018_MLBS_3_537000_4142000_image.tif","Tree",1,537000,537999.999,4142000,4142999.999
"17032",17032,537655.045,537661.691,4142934.642,4142942.962,"Silva","NEON_D07_MLBS_DP1_537000_4142000_classified_point_cloud.laz","2018_MLBS_3_537000_4142000_image.tif","Tree",1,537000,537999.999,4142000,4142999.999
"17033",17033,537656.608,537664.958,4142941.792,4142946.966,"Silva","NEON_D07_MLBS_DP1_537000_4142000_classified_point_cloud.laz","2018_MLBS_3_537000_4142000_image.tif","Tree",1,537000,537999.999,4142000,4142999.999
"17034",17034,537675.503,537682.982,4142938.64,4142948.818,"Silva","NEON_D07_MLBS_DP1_537000_4142000_classified_point_cloud.laz","2018_MLBS_3_537000_4142000_image.tif","Tree",1,537000,537999.999,4142000,4142999.999
"17035",17035,537650.506,537657.999,4142942.008,4142950.951,"Silva","NEON_D07_MLBS_DP1_537000_4142000_classified_point_cloud.laz","2018_MLBS_3_537000_4142000_image.tif","Tree",1,537000,537999.999,4142000,4142999.999
"17036",17036,537656.524,537661.98,4142943.585,4142951.399,"Silva","NEON_D07_MLBS_DP1_537000_4142000_classified_point_cloud.laz","2018_MLBS_3_537000_4142000_image.tif","Tree",1,537000,537999.999,4142000,4142999.999
"17037",17037,537659.006,537665.359,4142946.597,4142954.493,"Silva","NEON_D07_MLBS_DP1_537000_4142000_classified_point_cloud.laz","2018_MLBS_3_537000_4142000_image.tif","Tree",1,537000,537999.999,4142000,4142999.999
"17038",17038,537663.557,537672.981,4142950.514,4142957.924,"Silva","NEON_D07_MLBS_DP1_537000_4142000_classified_point_cloud.laz","2018_MLBS_3_537000_4142000_image.tif","Tree",1,537000,537999.999,4142000,4142999.999
"17039",17039,537651.011,537660.471,4142950.52,4142958.891,"Silva","NEON_D07_MLBS_DP1_537000_4142000_classified_point_cloud.laz","2018_MLBS_3_537000_4142000_image.tif","Tree",1,537000,537999.999,4142000,4142999.999
"17040",17040,537627.803,537636.437,4142957.024,4142967.472,"Silva","NEON_D07_MLBS_DP1_537000_4142000_classified_point_cloud.laz","2018_MLBS_3_537000_4142000_image.tif","Tree",1,537000,537999.999,4142000,4142999.999
"17041",17041,537656.576,537666.485,4142963.537,4142971.991,"Silva","NEON_D07_MLBS_DP1_537000_4142000_classified_point_cloud.laz","2018_MLBS_3_537000_4142000_image.tif","Tree",1,537000,537999.999,4142000,4142999.999
"17042",17042,537645.013,537654.925,4142962.508,4142971.921,"Silva","NEON_D07_MLBS_DP1_537000_4142000_classified_point_cloud.laz","2018_MLBS_3_537000_4142000_image.tif","Tree",1,537000,537999.999,4142000,4142999.999
"17043",17043,537675.016,537685.491,4142964.16,4142974.443,"Silva","NEON_D07_MLBS_DP1_537000_4142000_classified_point_cloud.laz","2018_MLBS_3_537000_4142000_image.tif","Tree",1,537000,537999.999,4142000,4142999.999
"17044",17044,537635.005,537644.983,4142964.504,4142971.98,"Silva","NEON_D07_MLBS_DP1_537000_4142000_classified_point_cloud.laz","2018_MLBS_3_537000_4142000_image.tif","Tree",1,537000,537999.999,4142000,4142999.999
"17045",17045,537649.179,537658.495,4142969.524,4142977.953,"Silva","NEON_D07_MLBS_DP1_537000_4142000_classified_point_cloud.laz","2018_MLBS_3_537000_4142000_image.tif","Tree",1,537000,537999.999,4142000,4142999.999
"17046",17046,537612.504,537622.495,4142968.603,4142980.498,"Silva","NEON_D07_MLBS_DP1_537000_4142000_classified_point_cloud.laz","2018_MLBS_3_537000_4142000_image.tif","Tree",1,537000,537999.999,4142000,4142999.999
"17047",17047,537622.501,537630.436,4142968.024,4142978.961,"Silva","NEON_D07_MLBS_DP1_537000_4142000_classified_point_cloud.laz","2018_MLBS_3_537000_4142000_image.tif","Tree",1,537000,537999.999,4142000,4142999.999
"17048",17048,537631.05,537639.441,4142970.538,4142978.921,"Silva","NEON_D07_MLBS_DP1_537000_4142000_classified_point_cloud.laz","2018_MLBS_3_537000_4142000_image.tif","Tree",1,537000,537999.999,4142000,4142999.999
"17049",17049,537667.538,537674.488,4142972.521,4142980.905,"Silva","NEON_D07_MLBS_DP1_537000_4142000_classified_point_cloud.laz","2018_MLBS_3_537000_4142000_image.tif","Tree",1,537000,537999.999,4142000,4142999.999
"17050",17050,537627.078,537633.419,4142973.015,4142980.92,"Silva","NEON_D07_MLBS_DP1_537000_4142000_classified_point_cloud.laz","2018_MLBS_3_537000_4142000_image.tif","Tree",1,537000,537999.999,4142000,4142999.999
"17051",17051,537655.579,537665.48,4142976.011,4142984.999,"Silva","NEON_D07_MLBS_DP1_537000_4142000_classified_point_cloud.laz","2018_MLBS_3_537000_4142000_image.tif","Tree",1,537000,537999.999,4142000,4142999.999
"17052",17052,537637.527,537645.749,4142975.115,4142981.395,"Silva","NEON_D07_MLBS_DP1_537000_4142000_classified_point_cloud.laz","2018_MLBS_3_537000_4142000_image.tif","Tree",1,537000,537999.999,4142000,4142999.999
"17053",17053,537699.502,537705.775,4142996.533,4142999.984,"Silva","NEON_D07_MLBS_DP1_537000_4142000_classified_point_cloud.laz","2018_MLBS_3_537000_4142000_image.tif","Tree",1,537000,537999.999,4142000,4142999.999
"17054",17054,537715,537720.995,4142996.322,4142999.993,"Silva","NEON_D07_MLBS_DP1_537000_4142000_classified_point_cloud.laz","2018_MLBS_3_537000_4142000_image.tif","Tree",1,537000,537999.999,4142000,4142999.999
"17055",17055,537727.015,537732.943,4142994.508,4142999.981,"Silva","NEON_D07_MLBS_DP1_537000_4142000_classified_point_cloud.laz","2018_MLBS_3_537000_4142000_image.tif","Tree",1,537000,537999.999,4142000,4142999.999
"17056",17056,537711.179,537716.461,4142993.596,4142999.992,"Silva","NEON_D07_MLBS_DP1_537000_4142000_classified_point_cloud.laz","2018_MLBS_3_537000_4142000_image.tif","Tree",1,537000,537999.999,4142000,4142999.999
"17057",17057,537686.036,537694.376,4142992.53,4142999.983,"Silva","NEON_D07_MLBS_DP1_537000_4142000_classified_point_cloud.laz","2018_MLBS_3_537000_4142000_image.tif","Tree",1,537000,537999.999,4142000,4142999.999
"17058",17058,537730.143,537739.474,4142991.219,4142999.994,"Silva","NEON_D07_MLBS_DP1_537000_4142000_classified_point_cloud.laz","2018_MLBS_3_537000_4142000_image.tif","Tree",1,537000,537999.999,4142000,4142999.999
"17059",17059,537724.026,537731.439,4142989.508,4142995.914,"Silva","NEON_D07_MLBS_DP1_537000_4142000_classified_point_cloud.laz","2018_MLBS_3_537000_4142000_image.tif","Tree",1,537000,537999.999,4142000,4142999.999
"17060",17060,537683.503,537689.417,4142987.116,4142995.977,"Silva","NEON_D07_MLBS_DP1_537000_4142000_classified_point_cloud.laz","2018_MLBS_3_537000_4142000_image.tif","Tree",1,537000,537999.999,4142000,4142999.999
"17061",17061,537719.106,537724.992,4142989.52,4142995.494,"Silva","NEON_D07_MLBS_DP1_537000_4142000_classified_point_cloud.laz","2018_MLBS_3_537000_4142000_image.tif","Tree",1,537000,537999.999,4142000,4142999.999
"17062",17062,537704.15,537710.467,4142986.564,4142994.476,"Silva","NEON_D07_MLBS_DP1_537000_4142000_classified_point_cloud.laz","2018_MLBS_3_537000_4142000_image.tif","Tree",1,537000,537999.999,4142000,4142999.999
"17063",17063,537740.512,537750.341,4142985.503,4142996.992,"Silva","NEON_D07_MLBS_DP1_537000_4142000_classified_point_cloud.laz","2018_MLBS_3_537000_4142000_image.tif","Tree",1,537000,537999.999,4142000,4142999.999
"17064",17064,537695.006,537702.763,4142987.547,4142996.483,"Silva","NEON_D07_MLBS_DP1_537000_4142000_classified_point_cloud.laz","2018_MLBS_3_537000_4142000_image.tif","Tree",1,537000,537999.999,4142000,4142999.999
"17065",17065,537699.511,537707.498,4142984.001,4142991.469,"Silva","NEON_D07_MLBS_DP1_537000_4142000_classified_point_cloud.laz","2018_MLBS_3_537000_4142000_image.tif","Tree",1,537000,537999.999,4142000,4142999.999
"17066",17066,537719.352,537727.795,4142984.032,4142990.478,"Silva","NEON_D07_MLBS_DP1_537000_4142000_classified_point_cloud.laz","2018_MLBS_3_537000_4142000_image.tif","Tree",1,537000,537999.999,4142000,4142999.999
"17067",17067,537693.506,537699.972,4142983.617,4142990.91,"Silva","NEON_D07_MLBS_DP1_537000_4142000_classified_point_cloud.laz","2018_MLBS_3_537000_4142000_image.tif","Tree",1,537000,537999.999,4142000,4142999.999
"17068",17068,537685.026,537691.483,4142978.515,4142987.999,"Silva","NEON_D07_MLBS_DP1_537000_4142000_classified_point_cloud.laz","2018_MLBS_3_537000_4142000_image.tif","Tree",1,537000,537999.999,4142000,4142999.999
"17069",17069,537714.081,537722.717,4142981.504,4142988.987,"Silva","NEON_D07_MLBS_DP1_537000_4142000_classified_point_cloud.laz","2018_MLBS_3_537000_4142000_image.tif","Tree",1,537000,537999.999,4142000,4142999.999
"17070",17070,537732.022,537739.333,4142957.014,4142967.494,"Silva","NEON_D07_MLBS_DP1_537000_4142000_classified_point_cloud.laz","2018_MLBS_3_537000_4142000_image.tif","Tree",1,537000,537999.999,4142000,4142999.999
"17071",17071,537708.513,537718.487,4142960.501,4142967.346,"Silva","NEON_D07_MLBS_DP1_537000_4142000_classified_point_cloud.laz","2018_MLBS_3_537000_4142000_image.tif","Tree",1,537000,537999.999,4142000,4142999.999
"17072",17072,537722.507,537729.438,4142956.552,4142964.464,"Silva","NEON_D07_MLBS_DP1_537000_4142000_classified_point_cloud.laz","2018_MLBS_3_537000_4142000_image.tif","Tree",1,537000,537999.999,4142000,4142999.999
"17073",17073,537709.039,537717.964,4142954.605,4142960.985,"Silva","NEON_D07_MLBS_DP1_537000_4142000_classified_point_cloud.laz","2018_MLBS_3_537000_4142000_image.tif","Tree",1,537000,537999.999,4142000,4142999.999
"17074",17074,537686.553,537698.493,4142951.598,4142960.427,"Silva","NEON_D07_MLBS_DP1_537000_4142000_classified_point_cloud.laz","2018_MLBS_3_537000_4142000_image.tif","Tree",1,537000,537999.999,4142000,4142999.999
"17075",17075,537717.035,537722.969,4142953.037,4142959.491,"Silva","NEON_D07_MLBS_DP1_537000_4142000_classified_point_cloud.laz","2018_MLBS_3_537000_4142000_image.tif","Tree",1,537000,537999.999,4142000,4142999.999
"17076",17076,537739.578,537748.977,4142950.518,4142961.494,"Silva","NEON_D07_MLBS_DP1_537000_4142000_classified_point_cloud.laz","2018_MLBS_3_537000_4142000_image.tif","Tree",1,537000,537999.999,4142000,4142999.999
"17077",17077,537681.509,537689.496,4142936.02,4142943.475,"Silva","NEON_D07_MLBS_DP1_537000_4142000_classified_point_cloud.laz","2018_MLBS_3_537000_4142000_image.tif","Tree",1,537000,537999.999,4142000,4142999.999
"17078",17078,537728.077,537738.889,4142939.01,4142944.49,"Silva","NEON_D07_MLBS_DP1_537000_4142000_classified_point_cloud.laz","2018_MLBS_3_537000_4142000_image.tif","Tree",1,537000,537999.999,4142000,4142999.999
"17079",17079,537741.629,537750.488,4142939.133,4142948.941,"Silva","NEON_D07_MLBS_DP1_537000_4142000_classified_point_cloud.laz","2018_MLBS_3_537000_4142000_image.tif","Tree",1,537000,537999.999,4142000,4142999.999
"17080",17080,537703.012,537711.919,4142938.002,4142945.482,"Silva","NEON_D07_MLBS_DP1_537000_4142000_classified_point_cloud.laz","2018_MLBS_3_537000_4142000_image.tif","Tree",1,537000,537999.999,4142000,4142999.999
"17081",17081,537713.549,537720.488,4142941.047,4142946.993,"Silva","NEON_D07_MLBS_DP1_537000_4142000_classified_point_cloud.laz","2018_MLBS_3_537000_4142000_image.tif","Tree",1,537000,537999.999,4142000,4142999.999
"17082",17082,537719.5,537728.473,4142940.538,4142949.417,"Silva","NEON_D07_MLBS_DP1_537000_4142000_classified_point_cloud.laz","2018_MLBS_3_537000_4142000_image.tif","Tree",1,537000,537999.999,4142000,4142999.999
"17083",17083,537682.021,537690.908,4142942.02,4142952.496,"Silva","NEON_D07_MLBS_DP1_537000_4142000_classified_point_cloud.laz","2018_MLBS_3_537000_4142000_image.tif","Tree",1,537000,537999.999,4142000,4142999.999
"17084",17084,537728,537736.454,4142944.004,4142949.477,"Silva","NEON_D07_MLBS_DP1_537000_4142000_classified_point_cloud.laz","2018_MLBS_3_537000_4142000_image.tif","Tree",1,537000,537999.999,4142000,4142999.999
"17085",17085,537696.52,537704.363,4142942.182,4142952.937,"Silva","NEON_D07_MLBS_DP1_537000_4142000_classified_point_cloud.laz","2018_MLBS_3_537000_4142000_image.tif","Tree",1,537000,537999.999,4142000,4142999.999
"17086",17086,537739.124,537748.483,4142945.218,4142954.798,"Silva","NEON_D07_MLBS_DP1_537000_4142000_classified_point_cloud.laz","2018_MLBS_3_537000_4142000_image.tif","Tree",1,537000,537999.999,4142000,4142999.999
"17087",17087,537715.503,537722.901,4142946.515,4142952.443,"Silva","NEON_D07_MLBS_DP1_537000_4142000_classified_point_cloud.laz","2018_MLBS_3_537000_4142000_image.tif","Tree",1,537000,537999.999,4142000,4142999.999
"17088",17088,537700.514,537707.667,4142948.512,4142953.488,"Silva","NEON_D07_MLBS_DP1_537000_4142000_classified_point_cloud.laz","2018_MLBS_3_537000_4142000_image.tif","Tree",1,537000,537999.999,4142000,4142999.999
"17089",17089,537732.554,537740.473,4142948.52,4142957.497,"Silva","NEON_D07_MLBS_DP1_537000_4142000_classified_point_cloud.laz","2018_MLBS_3_537000_4142000_image.tif","Tree",1,537000,537999.999,4142000,4142999.999
"17090",17090,537727.651,537736.927,4142948.044,4142956.995,"Silva","NEON_D07_MLBS_DP1_537000_4142000_classified_point_cloud.laz","2018_MLBS_3_537000_4142000_image.tif","Tree",1,537000,537999.999,4142000,4142999.999
"17091",17091,537713.015,537720.987,4142950.504,4142955.974,"Silva","NEON_D07_MLBS_DP1_537000_4142000_classified_point_cloud.laz","2018_MLBS_3_537000_4142000_image.tif","Tree",1,537000,537999.999,4142000,4142999.999
"17092",17092,537721.016,537728.494,4142948.511,4142957.43,"Silva","NEON_D07_MLBS_DP1_537000_4142000_classified_point_cloud.laz","2018_MLBS_3_537000_4142000_image.tif","Tree",1,537000,537999.999,4142000,4142999.999
"17093",17093,537735.546,537745.497,4142957.594,4142970.472,"Silva","NEON_D07_MLBS_DP1_537000_4142000_classified_point_cloud.laz","2018_MLBS_3_537000_4142000_image.tif","Tree",1,537000,537999.999,4142000,4142999.999
"17094",17094,537727.5,537735.474,4142961.006,4142968,"Silva","NEON_D07_MLBS_DP1_537000_4142000_classified_point_cloud.laz","2018_MLBS_3_537000_4142000_image.tif","Tree",1,537000,537999.999,4142000,4142999.999
"17095",17095,537698.107,537708.475,4142961.015,4142971.471,"Silva","NEON_D07_MLBS_DP1_537000_4142000_classified_point_cloud.laz","2018_MLBS_3_537000_4142000_image.tif","Tree",1,537000,537999.999,4142000,4142999.999
"17096",17096,537685.089,537693.492,4142963.502,4142974.478,"Silva","NEON_D07_MLBS_DP1_537000_4142000_classified_point_cloud.laz","2018_MLBS_3_537000_4142000_image.tif","Tree",1,537000,537999.999,4142000,4142999.999
"17097",17097,537724.023,537730.965,4142964.07,4142972.98,"Silva","NEON_D07_MLBS_DP1_537000_4142000_classified_point_cloud.laz","2018_MLBS_3_537000_4142000_image.tif","Tree",1,537000,537999.999,4142000,4142999.999
"17098",17098,537709.509,537717.449,4142964.017,4142973.491,"Silva","NEON_D07_MLBS_DP1_537000_4142000_classified_point_cloud.laz","2018_MLBS_3_537000_4142000_image.tif","Tree",1,537000,537999.999,4142000,4142999.999
"17099",17099,537728.529,537737.495,4142968.001,4142974.997,"Silva","NEON_D07_MLBS_DP1_537000_4142000_classified_point_cloud.laz","2018_MLBS_3_537000_4142000_image.tif","Tree",1,537000,537999.999,4142000,4142999.999
"17100",17100,537745.004,537751.46,4142967.101,4142976.969,"Silva","NEON_D07_MLBS_DP1_537000_4142000_classified_point_cloud.laz","2018_MLBS_3_537000_4142000_image.tif","Tree",1,537000,537999.999,4142000,4142999.999
"17101",17101,537723.545,537732.483,4142972.037,4142979.387,"Silva","NEON_D07_MLBS_DP1_537000_4142000_classified_point_cloud.laz","2018_MLBS_3_537000_4142000_image.tif","Tree",1,537000,537999.999,4142000,4142999.999
"17102",17102,537732.508,537740.496,4142971.676,4142980.438,"Silva","NEON_D07_MLBS_DP1_537000_4142000_classified_point_cloud.laz","2018_MLBS_3_537000_4142000_image.tif","Tree",1,537000,537999.999,4142000,4142999.999
"17103",17103,537691.025,537699.978,4142971.622,4142980.412,"Silva","NEON_D07_MLBS_DP1_537000_4142000_classified_point_cloud.laz","2018_MLBS_3_537000_4142000_image.tif","Tree",1,537000,537999.999,4142000,4142999.999
"17104",17104,537708.116,537715.937,4142973.508,4142979.975,"Silva","NEON_D07_MLBS_DP1_537000_4142000_classified_point_cloud.laz","2018_MLBS_3_537000_4142000_image.tif","Tree",1,537000,537999.999,4142000,4142999.999
"17105",17105,537681.001,537689.963,4142973.559,4142982.91,"Silva","NEON_D07_MLBS_DP1_537000_4142000_classified_point_cloud.laz","2018_MLBS_3_537000_4142000_image.tif","Tree",1,537000,537999.999,4142000,4142999.999
"17106",17106,537716.513,537724.977,4142976.6,4142983.248,"Silva","NEON_D07_MLBS_DP1_537000_4142000_classified_point_cloud.laz","2018_MLBS_3_537000_4142000_image.tif","Tree",1,537000,537999.999,4142000,4142999.999
"17107",17107,537712.02,537716.499,4142976.501,4142984.466,"Silva","NEON_D07_MLBS_DP1_537000_4142000_classified_point_cloud.laz","2018_MLBS_3_537000_4142000_image.tif","Tree",1,537000,537999.999,4142000,4142999.999
"17108",17108,537695.518,537703.987,4142979.096,4142985.498,"Silva","NEON_D07_MLBS_DP1_537000_4142000_classified_point_cloud.laz","2018_MLBS_3_537000_4142000_image.tif","Tree",1,537000,537999.999,4142000,4142999.999
"17109",17109,537779.072,537786.491,4142997.062,4142999.996,"Silva","NEON_D07_MLBS_DP1_537000_4142000_classified_point_cloud.laz","2018_MLBS_3_537000_4142000_image.tif","Tree",1,537000,537999.999,4142000,4142999.999
"17110",17110,537750.03,537761.982,4142993.085,4142999.989,"Silva","NEON_D07_MLBS_DP1_537000_4142000_classified_point_cloud.laz","2018_MLBS_3_537000_4142000_image.tif","Tree",1,537000,537999.999,4142000,4142999.999
"17111",17111,537785.545,537793.432,4142991.005,4142999.984,"Silva","NEON_D07_MLBS_DP1_537000_4142000_classified_point_cloud.laz","2018_MLBS_3_537000_4142000_image.tif","Tree",1,537000,537999.999,4142000,4142999.999
"17112",17112,537780.006,537786.985,4142989.112,4142997.999,"Silva","NEON_D07_MLBS_DP1_537000_4142000_classified_point_cloud.laz","2018_MLBS_3_537000_4142000_image.tif","Tree",1,537000,537999.999,4142000,4142999.999
"17113",17113,537759.544,537768.985,4142990.007,4142999.994,"Silva","NEON_D07_MLBS_DP1_537000_4142000_classified_point_cloud.laz","2018_MLBS_3_537000_4142000_image.tif","Tree",1,537000,537999.999,4142000,4142999.999
"17114",17114,537797.7,537805.983,4142989.007,4142996.494,"Silva","NEON_D07_MLBS_DP1_537000_4142000_classified_point_cloud.laz","2018_MLBS_3_537000_4142000_image.tif","Tree",1,537000,537999.999,4142000,4142999.999
"17115",17115,537766.135,537775.488,4142982.584,4142993.487,"Silva","NEON_D07_MLBS_DP1_537000_4142000_classified_point_cloud.laz","2018_MLBS_3_537000_4142000_image.tif","Tree",1,537000,537999.999,4142000,4142999.999
"17116",17116,537795.115,537802.429,4142986.004,4142993.935,"Silva","NEON_D07_MLBS_DP1_537000_4142000_classified_point_cloud.laz","2018_MLBS_3_537000_4142000_image.tif","Tree",1,537000,537999.999,4142000,4142999.999
"17117",17117,537805.033,537810.999,4142979.571,4142988.971,"Silva","NEON_D07_MLBS_DP1_537000_4142000_classified_point_cloud.laz","2018_MLBS_3_537000_4142000_image.tif","Tree",1,537000,537999.999,4142000,4142999.999
"17118",17118,537794.511,537803.274,4142977.608,4142985.963,"Silva","NEON_D07_MLBS_DP1_537000_4142000_classified_point_cloud.laz","2018_MLBS_3_537000_4142000_image.tif","Tree",1,537000,537999.999,4142000,4142999.999
"17119",17119,537758.5,537769.424,4142978.152,4142984.429,"Silva","NEON_D07_MLBS_DP1_537000_4142000_classified_point_cloud.laz","2018_MLBS_3_537000_4142000_image.tif","Tree",1,537000,537999.999,4142000,4142999.999
"17120",17120,537744.562,537757.971,4142959.05,4142966.294,"Silva","NEON_D07_MLBS_DP1_537000_4142000_classified_point_cloud.laz","2018_MLBS_3_537000_4142000_image.tif","Tree",1,537000,537999.999,4142000,4142999.999
"17121",17121,537772.504,537777.476,4142956.501,4142964.453,"Silva","NEON_D07_MLBS_DP1_537000_4142000_classified_point_cloud.laz","2018_MLBS_3_537000_4142000_image.tif","Tree",1,537000,537999.999,4142000,4142999.999
"17122",17122,537750.551,537757.974,4142955.081,4142963.32,"Silva","NEON_D07_MLBS_DP1_537000_4142000_classified_point_cloud.laz","2018_MLBS_3_537000_4142000_image.tif","Tree",1,537000,537999.999,4142000,4142999.999
"17123",17123,537805.005,537815.494,4142956.006,4142961.474,"Silva","NEON_D07_MLBS_DP1_537000_4142000_classified_point_cloud.laz","2018_MLBS_3_537000_4142000_image.tif","Tree",1,537000,537999.999,4142000,4142999.999
"17124",17124,537759.503,537765.888,4142953.502,4142962.993,"Silva","NEON_D07_MLBS_DP1_537000_4142000_classified_point_cloud.laz","2018_MLBS_3_537000_4142000_image.tif","Tree",1,537000,537999.999,4142000,4142999.999
"17125",17125,537754.051,537759.496,4142954.006,4142963.494,"Silva","NEON_D07_MLBS_DP1_537000_4142000_classified_point_cloud.laz","2018_MLBS_3_537000_4142000_image.tif","Tree",1,537000,537999.999,4142000,4142999.999
"17126",17126,537748.51,537753.99,4142950.806,4142958.946,"Silva","NEON_D07_MLBS_DP1_537000_4142000_classified_point_cloud.laz","2018_MLBS_3_537000_4142000_image.tif","Tree",1,537000,537999.999,4142000,4142999.999
"17127",17127,537750.029,537761.485,4142936.014,4142946.948,"Silva","NEON_D07_MLBS_DP1_537000_4142000_classified_point_cloud.laz","2018_MLBS_3_537000_4142000_image.tif","Tree",1,537000,537999.999,4142000,4142999.999
"17128",17128,537801.586,537808.723,4142941.505,4142951.967,"Silva","NEON_D07_MLBS_DP1_537000_4142000_classified_point_cloud.laz","2018_MLBS_3_537000_4142000_image.tif","Tree",1,537000,537999.999,4142000,4142999.999
"17129",17129,537787.552,537794.992,4142943.038,4142948.366,"Silva","NEON_D07_MLBS_DP1_537000_4142000_classified_point_cloud.laz","2018_MLBS_3_537000_4142000_image.tif","Tree",1,537000,537999.999,4142000,4142999.999
"17130",17130,537783.042,537788.959,4142943.541,4142951.891,"Silva","NEON_D07_MLBS_DP1_537000_4142000_classified_point_cloud.laz","2018_MLBS_3_537000_4142000_image.tif","Tree",1,537000,537999.999,4142000,4142999.999
"17131",17131,537787.085,537794.908,4142947.007,4142952.433,"Silva","NEON_D07_MLBS_DP1_537000_4142000_classified_point_cloud.laz","2018_MLBS_3_537000_4142000_image.tif","Tree",1,537000,537999.999,4142000,4142999.999
"17132",17132,537792.001,537799.963,4142950.129,4142959.471,"Silva","NEON_D07_MLBS_DP1_537000_4142000_classified_point_cloud.laz","2018_MLBS_3_537000_4142000_image.tif","Tree",1,537000,537999.999,4142000,4142999.999
"17133",17133,537780.543,537788.48,4142951.543,4142959.892,"Silva","NEON_D07_MLBS_DP1_537000_4142000_classified_point_cloud.laz","2018_MLBS_3_537000_4142000_image.tif","Tree",1,537000,537999.999,4142000,4142999.999
"17134",17134,537782.079,537790.499,4142959.546,4142968.987,"Silva","NEON_D07_MLBS_DP1_537000_4142000_classified_point_cloud.laz","2018_MLBS_3_537000_4142000_image.tif","Tree",1,537000,537999.999,4142000,4142999.999
"17135",17135,537798.532,537803.99,4142961.515,4142967.452,"Silva","NEON_D07_MLBS_DP1_537000_4142000_classified_point_cloud.laz","2018_MLBS_3_537000_4142000_image.tif","Tree",1,537000,537999.999,4142000,4142999.999
"17136",17136,537759.558,537770.439,4142960.025,4142967.997,"Silva","NEON_D07_MLBS_DP1_537000_4142000_classified_point_cloud.laz","2018_MLBS_3_537000_4142000_image.tif","Tree",1,537000,537999.999,4142000,4142999.999
"17137",17137,537800.567,537807.429,4142966.397,4142970.946,"Silva","NEON_D07_MLBS_DP1_537000_4142000_classified_point_cloud.laz","2018_MLBS_3_537000_4142000_image.tif","Tree",1,537000,537999.999,4142000,4142999.999
"17138",17138,537807.518,537813.471,4142966.043,4142973.998,"Silva","NEON_D07_MLBS_DP1_537000_4142000_classified_point_cloud.laz","2018_MLBS_3_537000_4142000_image.tif","Tree",1,537000,537999.999,4142000,4142999.999
"17139",17139,537745.55,537756.979,4142964.722,4142972.5,"Silva","NEON_D07_MLBS_DP1_537000_4142000_classified_point_cloud.laz","2018_MLBS_3_537000_4142000_image.tif","Tree",1,537000,537999.999,4142000,4142999.999
"17140",17140,537756.024,537764.997,4142963.234,4142973.996,"Silva","NEON_D07_MLBS_DP1_537000_4142000_classified_point_cloud.laz","2018_MLBS_3_537000_4142000_image.tif","Tree",1,537000,537999.999,4142000,4142999.999
"17141",17141,537791.54,537799.377,4142968.511,4142976.462,"Silva","NEON_D07_MLBS_DP1_537000_4142000_classified_point_cloud.laz","2018_MLBS_3_537000_4142000_image.tif","Tree",1,537000,537999.999,4142000,4142999.999
"17142",17142,537796.07,537805.997,4142971.026,4142979.989,"Silva","NEON_D07_MLBS_DP1_537000_4142000_classified_point_cloud.laz","2018_MLBS_3_537000_4142000_image.tif","Tree",1,537000,537999.999,4142000,4142999.999
"17143",17143,537775.573,537785.936,4142969.004,4142978.966,"Silva","NEON_D07_MLBS_DP1_537000_4142000_classified_point_cloud.laz","2018_MLBS_3_537000_4142000_image.tif","Tree",1,537000,537999.999,4142000,4142999.999
"17144",17144,537758,537767.494,4142971.004,4142977.839,"Silva","NEON_D07_MLBS_DP1_537000_4142000_classified_point_cloud.laz","2018_MLBS_3_537000_4142000_image.tif","Tree",1,537000,537999.999,4142000,4142999.999
"17145",17145,537767.512,537776.494,4142971.516,4142982.398,"Silva","NEON_D07_MLBS_DP1_537000_4142000_classified_point_cloud.laz","2018_MLBS_3_537000_4142000_image.tif","Tree",1,537000,537999.999,4142000,4142999.999
"17146",17146,537749.011,537758.453,4142971.538,4142979.986,"Silva","NEON_D07_MLBS_DP1_537000_4142000_classified_point_cloud.laz","2018_MLBS_3_537000_4142000_image.tif","Tree",1,537000,537999.999,4142000,4142999.999
"17147",17147,537805.148,537814.495,4142974.508,4142982.485,"Silva","NEON_D07_MLBS_DP1_537000_4142000_classified_point_cloud.laz","2018_MLBS_3_537000_4142000_image.tif","Tree",1,537000,537999.999,4142000,4142999.999
"17148",17148,537787.502,537796.495,4142974.049,4142981.981,"Silva","NEON_D07_MLBS_DP1_537000_4142000_classified_point_cloud.laz","2018_MLBS_3_537000_4142000_image.tif","Tree",1,537000,537999.999,4142000,4142999.999
"17149",17149,537816.505,537822.125,4142995.001,4142999.975,"Silva","NEON_D07_MLBS_DP1_537000_4142000_classified_point_cloud.laz","2018_MLBS_3_537000_4142000_image.tif","Tree",1,537000,537999.999,4142000,4142999.999
"17150",17150,537845.552,537853.199,4142995.52,4142999.998,"Silva","NEON_D07_MLBS_DP1_537000_4142000_classified_point_cloud.laz","2018_MLBS_3_537000_4142000_image.tif","Tree",1,537000,537999.999,4142000,4142999.999
"17151",17151,537858.503,537864.997,4142995.029,4142999.999,"Silva","NEON_D07_MLBS_DP1_537000_4142000_classified_point_cloud.laz","2018_MLBS_3_537000_4142000_image.tif","Tree",1,537000,537999.999,4142000,4142999.999
"17152",17152,537838.029,537846.273,4142994.116,4142999.972,"Silva","NEON_D07_MLBS_DP1_537000_4142000_classified_point_cloud.laz","2018_MLBS_3_537000_4142000_image.tif","Tree",1,537000,537999.999,4142000,4142999.999
"17153",17153,537824.677,537829.997,4142995.001,4142999.998,"Silva","NEON_D07_MLBS_DP1_537000_4142000_classified_point_cloud.laz","2018_MLBS_3_537000_4142000_image.tif","Tree",1,537000,537999.999,4142000,4142999.999
"17154",17154,537818.535,537825.49,4142992.054,4142999.907,"Silva","NEON_D07_MLBS_DP1_537000_4142000_classified_point_cloud.laz","2018_MLBS_3_537000_4142000_image.tif","Tree",1,537000,537999.999,4142000,4142999.999
"17155",17155,537830.036,537835.477,4142993.664,4142999.863,"Silva","NEON_D07_MLBS_DP1_537000_4142000_classified_point_cloud.laz","2018_MLBS_3_537000_4142000_image.tif","Tree",1,537000,537999.999,4142000,4142999.999
"17156",17156,537865.049,537871.474,4142993.526,4142999.988,"Silva","NEON_D07_MLBS_DP1_537000_4142000_classified_point_cloud.laz","2018_MLBS_3_537000_4142000_image.tif","Tree",1,537000,537999.999,4142000,4142999.999
"17157",17157,537835.014,537840.348,4142993.002,4142999.843,"Silva","NEON_D07_MLBS_DP1_537000_4142000_classified_point_cloud.laz","2018_MLBS_3_537000_4142000_image.tif","Tree",1,537000,537999.999,4142000,4142999.999
"17158",17158,537828.114,537832.903,4142990.093,4142995.742,"Silva","NEON_D07_MLBS_DP1_537000_4142000_classified_point_cloud.laz","2018_MLBS_3_537000_4142000_image.tif","Tree",1,537000,537999.999,4142000,4142999.999
"17159",17159,537871.853,537880.961,4142989.005,4142998.427,"Silva","NEON_D07_MLBS_DP1_537000_4142000_classified_point_cloud.laz","2018_MLBS_3_537000_4142000_image.tif","Tree",1,537000,537999.999,4142000,4142999.999
"17160",17160,537823.513,537828.967,4142989.544,4142994.966,"Silva","NEON_D07_MLBS_DP1_537000_4142000_classified_point_cloud.laz","2018_MLBS_3_537000_4142000_image.tif","Tree",1,537000,537999.999,4142000,4142999.999
"17161",17161,537831.556,537836.98,4142987.712,4142994.034,"Silva","NEON_D07_MLBS_DP1_537000_4142000_classified_point_cloud.laz","2018_MLBS_3_537000_4142000_image.tif","Tree",1,537000,537999.999,4142000,4142999.999
"17162",17162,537842.501,537848.959,4142987.55,4142995.945,"Silva","NEON_D07_MLBS_DP1_537000_4142000_classified_point_cloud.laz","2018_MLBS_3_537000_4142000_image.tif","Tree",1,537000,537999.999,4142000,4142999.999
"17163",17163,537837.008,537842.468,4142988.01,4142993.978,"Silva","NEON_D07_MLBS_DP1_537000_4142000_classified_point_cloud.laz","2018_MLBS_3_537000_4142000_image.tif","Tree",1,537000,537999.999,4142000,4142999.999
"17164",17164,537814.004,537821.435,4142985.095,4142994.979,"Silva","NEON_D07_MLBS_DP1_537000_4142000_classified_point_cloud.laz","2018_MLBS_3_537000_4142000_image.tif","Tree",1,537000,537999.999,4142000,4142999.999
"17165",17165,537861.041,537866.491,4142988.647,4142993.814,"Silva","NEON_D07_MLBS_DP1_537000_4142000_classified_point_cloud.laz","2018_MLBS_3_537000_4142000_image.tif","Tree",1,537000,537999.999,4142000,4142999.999
"17166",17166,537866.009,537874.412,4142987.508,4142994.493,"Silva","NEON_D07_MLBS_DP1_537000_4142000_classified_point_cloud.laz","2018_MLBS_3_537000_4142000_image.tif","Tree",1,537000,537999.999,4142000,4142999.999
"17167",17167,537856.513,537861.977,4142987.198,4142994.351,"Silva","NEON_D07_MLBS_DP1_537000_4142000_classified_point_cloud.laz","2018_MLBS_3_537000_4142000_image.tif","Tree",1,537000,537999.999,4142000,4142999.999
"17168",17168,537819.075,537825.937,4142984.027,4142991.961,"Silva","NEON_D07_MLBS_DP1_537000_4142000_classified_point_cloud.laz","2018_MLBS_3_537000_4142000_image.tif","Tree",1,537000,537999.999,4142000,4142999.999
"17169",17169,537833.067,537840.478,4142985.082,4142990.443,"Silva","NEON_D07_MLBS_DP1_537000_4142000_classified_point_cloud.laz","2018_MLBS_3_537000_4142000_image.tif","Tree",1,537000,537999.999,4142000,4142999.999
"17170",17170,537826.009,537832.984,4142982.706,4142990.43,"Silva","NEON_D07_MLBS_DP1_537000_4142000_classified_point_cloud.laz","2018_MLBS_3_537000_4142000_image.tif","Tree",1,537000,537999.999,4142000,4142999.999
"17171",17171,537857.507,537865.478,4142982.008,4142989.396,"Silva","NEON_D07_MLBS_DP1_537000_4142000_classified_point_cloud.laz","2018_MLBS_3_537000_4142000_image.tif","Tree",1,537000,537999.999,4142000,4142999.999
"17172",17172,537849.665,537857.456,4142982.094,4142989.402,"Silva","NEON_D07_MLBS_DP1_537000_4142000_classified_point_cloud.laz","2018_MLBS_3_537000_4142000_image.tif","Tree",1,537000,537999.999,4142000,4142999.999
"17173",17173,537821.124,537829.279,4142981.014,4142987.291,"Silva","NEON_D07_MLBS_DP1_537000_4142000_classified_point_cloud.laz","2018_MLBS_3_537000_4142000_image.tif","Tree",1,537000,537999.999,4142000,4142999.999
"17174",17174,537811,537818.93,4142980.56,4142987.493,"Silva","NEON_D07_MLBS_DP1_537000_4142000_classified_point_cloud.laz","2018_MLBS_3_537000_4142000_image.tif","Tree",1,537000,537999.999,4142000,4142999.999
"17175",17175,537838.598,537845.487,4142983.003,4142988.476,"Silva","NEON_D07_MLBS_DP1_537000_4142000_classified_point_cloud.laz","2018_MLBS_3_537000_4142000_image.tif","Tree",1,537000,537999.999,4142000,4142999.999
"17176",17176,537845.048,537850.963,4142980.005,4142988.656,"Silva","NEON_D07_MLBS_DP1_537000_4142000_classified_point_cloud.laz","2018_MLBS_3_537000_4142000_image.tif","Tree",1,537000,537999.999,4142000,4142999.999
"17177",17177,537830.521,537838.963,4142979.511,4142986.802,"Silva","NEON_D07_MLBS_DP1_537000_4142000_classified_point_cloud.laz","2018_MLBS_3_537000_4142000_image.tif","Tree",1,537000,537999.999,4142000,4142999.999
"17178",17178,537865.213,537874.495,4142962.015,4142969.493,"Silva","NEON_D07_MLBS_DP1_537000_4142000_classified_point_cloud.laz","2018_MLBS_3_537000_4142000_image.tif","Tree",1,537000,537999.999,4142000,4142999.999
"17179",17179,537813.012,537821.324,4142958.068,4142967.415,"Silva","NEON_D07_MLBS_DP1_537000_4142000_classified_point_cloud.laz","2018_MLBS_3_537000_4142000_image.tif","Tree",1,537000,537999.999,4142000,4142999.999
"17180",17180,537853.014,537863.988,4142958.04,4142969.492,"Silva","NEON_D07_MLBS_DP1_537000_4142000_classified_point_cloud.laz","2018_MLBS_3_537000_4142000_image.tif","Tree",1,537000,537999.999,4142000,4142999.999
"17181",17181,537829.522,537838.356,4142959.524,4142964.999,"Silva","NEON_D07_MLBS_DP1_537000_4142000_classified_point_cloud.laz","2018_MLBS_3_537000_4142000_image.tif","Tree",1,537000,537999.999,4142000,4142999.999
"17182",17182,537820.026,537829.886,4142957.017,4142965.974,"Silva","NEON_D07_MLBS_DP1_537000_4142000_classified_point_cloud.laz","2018_MLBS_3_537000_4142000_image.tif","Tree",1,537000,537999.999,4142000,4142999.999
"17183",17183,537872.017,537880.958,4142959.004,4142966.977,"Silva","NEON_D07_MLBS_DP1_537000_4142000_classified_point_cloud.laz","2018_MLBS_3_537000_4142000_image.tif","Tree",1,537000,537999.999,4142000,4142999.999
"17184",17184,537837.503,537844.49,4142956.4,4142965.292,"Silva","NEON_D07_MLBS_DP1_537000_4142000_classified_point_cloud.laz","2018_MLBS_3_537000_4142000_image.tif","Tree",1,537000,537999.999,4142000,4142999.999
"17185",17185,537861.208,537870.455,4142959.002,4142967.461,"Silva","NEON_D07_MLBS_DP1_537000_4142000_classified_point_cloud.laz","2018_MLBS_3_537000_4142000_image.tif","Tree",1,537000,537999.999,4142000,4142999.999
"17186",17186,537842.531,537849.497,4142955.643,4142962.99,"Silva","NEON_D07_MLBS_DP1_537000_4142000_classified_point_cloud.laz","2018_MLBS_3_537000_4142000_image.tif","Tree",1,537000,537999.999,4142000,4142999.999
"17187",17187,537828.022,537837.772,4142955.313,4142962.361,"Silva","NEON_D07_MLBS_DP1_537000_4142000_classified_point_cloud.laz","2018_MLBS_3_537000_4142000_image.tif","Tree",1,537000,537999.999,4142000,4142999.999
"17188",17188,537849.505,537859.487,4142956.512,4142965.879,"Silva","NEON_D07_MLBS_DP1_537000_4142000_classified_point_cloud.laz","2018_MLBS_3_537000_4142000_image.tif","Tree",1,537000,537999.999,4142000,4142999.999
"17189",17189,537861.007,537868.474,4142936.704,4142945.308,"Silva","NEON_D07_MLBS_DP1_537000_4142000_classified_point_cloud.laz","2018_MLBS_3_537000_4142000_image.tif","Tree",1,537000,537999.999,4142000,4142999.999
"17190",17190,537838.507,537845.466,4142937.785,4142945.984,"Silva","NEON_D07_MLBS_DP1_537000_4142000_classified_point_cloud.laz","2018_MLBS_3_537000_4142000_image.tif","Tree",1,537000,537999.999,4142000,4142999.999
"17191",17191,537827.609,537832.881,4142937.411,4142945.485,"Silva","NEON_D07_MLBS_DP1_537000_4142000_classified_point_cloud.laz","2018_MLBS_3_537000_4142000_image.tif","Tree",1,537000,537999.999,4142000,4142999.999
"17192",17192,537831.506,537838.499,4142937.6,4142945.943,"Silva","NEON_D07_MLBS_DP1_537000_4142000_classified_point_cloud.laz","2018_MLBS_3_537000_4142000_image.tif","Tree",1,537000,537999.999,4142000,4142999.999
"17193",17193,537866.042,537873.825,4142942.503,4142950.499,"Silva","NEON_D07_MLBS_DP1_537000_4142000_classified_point_cloud.laz","2018_MLBS_3_537000_4142000_image.tif","Tree",1,537000,537999.999,4142000,4142999.999
"17194",17194,537845.674,537852.484,4142941.081,4142947.471,"Silva","NEON_D07_MLBS_DP1_537000_4142000_classified_point_cloud.laz","2018_MLBS_3_537000_4142000_image.tif","Tree",1,537000,537999.999,4142000,4142999.999
"17195",17195,537822.522,537831.484,4142941.098,4142947.994,"Silva","NEON_D07_MLBS_DP1_537000_4142000_classified_point_cloud.laz","2018_MLBS_3_537000_4142000_image.tif","Tree",1,537000,537999.999,4142000,4142999.999
"17196",17196,537857.626,537866.842,4142942.535,4142952.973,"Silva","NEON_D07_MLBS_DP1_537000_4142000_classified_point_cloud.laz","2018_MLBS_3_537000_4142000_image.tif","Tree",1,537000,537999.999,4142000,4142999.999
"17197",17197,537868.046,537875.984,4142944.411,4142952.989,"Silva","NEON_D07_MLBS_DP1_537000_4142000_classified_point_cloud.laz","2018_MLBS_3_537000_4142000_image.tif","Tree",1,537000,537999.999,4142000,4142999.999
"17198",17198,537814.541,537822.486,4142942.642,4142946.995,"Silva","NEON_D07_MLBS_DP1_537000_4142000_classified_point_cloud.laz","2018_MLBS_3_537000_4142000_image.tif","Tree",1,537000,537999.999,4142000,4142999.999
"17199",17199,537830.514,537839.99,4142945.034,4142952.4,"Silva","NEON_D07_MLBS_DP1_537000_4142000_classified_point_cloud.laz","2018_MLBS_3_537000_4142000_image.tif","Tree",1,537000,537999.999,4142000,4142999.999
"17200",17200,537816.647,537822.486,4142947.018,4142950.962,"Silva","NEON_D07_MLBS_DP1_537000_4142000_classified_point_cloud.laz","2018_MLBS_3_537000_4142000_image.tif","Tree",1,537000,537999.999,4142000,4142999.999
"17201",17201,537840.018,537846.963,4142946.03,4142951.497,"Silva","NEON_D07_MLBS_DP1_537000_4142000_classified_point_cloud.laz","2018_MLBS_3_537000_4142000_image.tif","Tree",1,537000,537999.999,4142000,4142999.999
"17202",17202,537822.365,537830.43,4142948.011,4142955.427,"Silva","NEON_D07_MLBS_DP1_537000_4142000_classified_point_cloud.laz","2018_MLBS_3_537000_4142000_image.tif","Tree",1,537000,537999.999,4142000,4142999.999
"17203",17203,537847.526,537852.734,4142950.018,4142955.966,"Silva","NEON_D07_MLBS_DP1_537000_4142000_classified_point_cloud.laz","2018_MLBS_3_537000_4142000_image.tif","Tree",1,537000,537999.999,4142000,4142999.999
"17204",17204,537839.527,537847.468,4142951.2,4142956.999,"Silva","NEON_D07_MLBS_DP1_537000_4142000_classified_point_cloud.laz","2018_MLBS_3_537000_4142000_image.tif","Tree",1,537000,537999.999,4142000,4142999.999
"17205",17205,537814.519,537821.384,4142950.545,4142958.946,"Silva","NEON_D07_MLBS_DP1_537000_4142000_classified_point_cloud.laz","2018_MLBS_3_537000_4142000_image.tif","Tree",1,537000,537999.999,4142000,4142999.999
"17206",17206,537848.536,537859.485,4142952.012,4142957.463,"Silva","NEON_D07_MLBS_DP1_537000_4142000_classified_point_cloud.laz","2018_MLBS_3_537000_4142000_image.tif","Tree",1,537000,537999.999,4142000,4142999.999
"17207",17207,537829.708,537839.486,4142951.022,4142957.328,"Silva","NEON_D07_MLBS_DP1_537000_4142000_classified_point_cloud.laz","2018_MLBS_3_537000_4142000_image.tif","Tree",1,537000,537999.999,4142000,4142999.999
"17208",17208,537859.007,537869.809,4142950.506,4142958.995,"Silva","NEON_D07_MLBS_DP1_537000_4142000_classified_point_cloud.laz","2018_MLBS_3_537000_4142000_image.tif","Tree",1,537000,537999.999,4142000,4142999.999
"17209",17209,537820,537828.329,4142950.532,4142958.422,"Silva","NEON_D07_MLBS_DP1_537000_4142000_classified_point_cloud.laz","2018_MLBS_3_537000_4142000_image.tif","Tree",1,537000,537999.999,4142000,4142999.999
"17210",17210,537842.022,537852.998,4142963.014,4142971.497,"Silva","NEON_D07_MLBS_DP1_537000_4142000_classified_point_cloud.laz","2018_MLBS_3_537000_4142000_image.tif","Tree",1,537000,537999.999,4142000,4142999.999
"17211",17211,537829.004,537837.855,4142965.003,4142969.975,"Silva","NEON_D07_MLBS_DP1_537000_4142000_classified_point_cloud.laz","2018_MLBS_3_537000_4142000_image.tif","Tree",1,537000,537999.999,4142000,4142999.999
"17212",17212,537874.01,537880.477,4142966.58,4142973.959,"Silva","NEON_D07_MLBS_DP1_537000_4142000_classified_point_cloud.laz","2018_MLBS_3_537000_4142000_image.tif","Tree",1,537000,537999.999,4142000,4142999.999
"17213",17213,537836.064,537842.837,4142964.524,4142970.951,"Silva","NEON_D07_MLBS_DP1_537000_4142000_classified_point_cloud.laz","2018_MLBS_3_537000_4142000_image.tif","Tree",1,537000,537999.999,4142000,4142999.999
"17214",17214,537820.055,537828.997,4142965.027,4142971.459,"Silva","NEON_D07_MLBS_DP1_537000_4142000_classified_point_cloud.laz","2018_MLBS_3_537000_4142000_image.tif","Tree",1,537000,537999.999,4142000,4142999.999
"17215",17215,537866.004,537872.981,4142969.065,4142976.46,"Silva","NEON_D07_MLBS_DP1_537000_4142000_classified_point_cloud.laz","2018_MLBS_3_537000_4142000_image.tif","Tree",1,537000,537999.999,4142000,4142999.999
"17216",17216,537858.682,537866.482,4142967.501,4142974.978,"Silva","NEON_D07_MLBS_DP1_537000_4142000_classified_point_cloud.laz","2018_MLBS_3_537000_4142000_image.tif","Tree",1,537000,537999.999,4142000,4142999.999
"17217",17217,537871.208,537878.921,4142969.039,4142977.997,"Silva","NEON_D07_MLBS_DP1_537000_4142000_classified_point_cloud.laz","2018_MLBS_3_537000_4142000_image.tif","Tree",1,537000,537999.999,4142000,4142999.999
"17218",17218,537837.507,537844.99,4142969.01,4142973.996,"Silva","NEON_D07_MLBS_DP1_537000_4142000_classified_point_cloud.laz","2018_MLBS_3_537000_4142000_image.tif","Tree",1,537000,537999.999,4142000,4142999.999
"17219",17219,537816.578,537821.488,4142967.093,4142973.44,"Silva","NEON_D07_MLBS_DP1_537000_4142000_classified_point_cloud.laz","2018_MLBS_3_537000_4142000_image.tif","Tree",1,537000,537999.999,4142000,4142999.999
"17220",17220,537820.502,537826.468,4142970.019,4142975.966,"Silva","NEON_D07_MLBS_DP1_537000_4142000_classified_point_cloud.laz","2018_MLBS_3_537000_4142000_image.tif","Tree",1,537000,537999.999,4142000,4142999.999
"17221",17221,537832.514,537837.849,4142970.05,4142975.938,"Silva","NEON_D07_MLBS_DP1_537000_4142000_classified_point_cloud.laz","2018_MLBS_3_537000_4142000_image.tif","Tree",1,537000,537999.999,4142000,4142999.999
"17222",17222,537826.514,537832.969,4142967.589,4142975.808,"Silva","NEON_D07_MLBS_DP1_537000_4142000_classified_point_cloud.laz","2018_MLBS_3_537000_4142000_image.tif","Tree",1,537000,537999.999,4142000,4142999.999
"17223",17223,537851.035,537859.976,4142968.52,4142977.989,"Silva","NEON_D07_MLBS_DP1_537000_4142000_classified_point_cloud.laz","2018_MLBS_3_537000_4142000_image.tif","Tree",1,537000,537999.999,4142000,4142999.999
"17224",17224,537816.036,537821.882,4142972.041,4142976.473,"Silva","NEON_D07_MLBS_DP1_537000_4142000_classified_point_cloud.laz","2018_MLBS_3_537000_4142000_image.tif","Tree",1,537000,537999.999,4142000,4142999.999
"17225",17225,537838.507,537843.939,4142973.109,4142978.962,"Silva","NEON_D07_MLBS_DP1_537000_4142000_classified_point_cloud.laz","2018_MLBS_3_537000_4142000_image.tif","Tree",1,537000,537999.999,4142000,4142999.999
"17226",17226,537863.5,537870.994,4142972.614,4142980.975,"Silva","NEON_D07_MLBS_DP1_537000_4142000_classified_point_cloud.laz","2018_MLBS_3_537000_4142000_image.tif","Tree",1,537000,537999.999,4142000,4142999.999
"17227",17227,537857.548,537863.488,4142974.523,4142982.476,"Silva","NEON_D07_MLBS_DP1_537000_4142000_classified_point_cloud.laz","2018_MLBS_3_537000_4142000_image.tif","Tree",1,537000,537999.999,4142000,4142999.999
"17228",17228,537843.508,537851.998,4142971.502,4142980.493,"Silva","NEON_D07_MLBS_DP1_537000_4142000_classified_point_cloud.laz","2018_MLBS_3_537000_4142000_image.tif","Tree",1,537000,537999.999,4142000,4142999.999
"17229",17229,537832.546,537839.416,4142974.066,4142980.43,"Silva","NEON_D07_MLBS_DP1_537000_4142000_classified_point_cloud.laz","2018_MLBS_3_537000_4142000_image.tif","Tree",1,537000,537999.999,4142000,4142999.999
"17230",17230,537825.042,537832.909,4142974.531,4142982.461,"Silva","NEON_D07_MLBS_DP1_537000_4142000_classified_point_cloud.laz","2018_MLBS_3_537000_4142000_image.tif","Tree",1,537000,537999.999,4142000,4142999.999
"17231",17231,537873.015,537881.188,4142975.057,4142982.654,"Silva","NEON_D07_MLBS_DP1_537000_4142000_classified_point_cloud.laz","2018_MLBS_3_537000_4142000_image.tif","Tree",1,537000,537999.999,4142000,4142999.999
"17232",17232,537814.536,537821.258,4142976.006,4142982.982,"Silva","NEON_D07_MLBS_DP1_537000_4142000_classified_point_cloud.laz","2018_MLBS_3_537000_4142000_image.tif","Tree",1,537000,537999.999,4142000,4142999.999
"17233",17233,537819.005,537826.329,4142976.005,4142983.971,"Silva","NEON_D07_MLBS_DP1_537000_4142000_classified_point_cloud.laz","2018_MLBS_3_537000_4142000_image.tif","Tree",1,537000,537999.999,4142000,4142999.999
"17234",17234,537863.019,537872.996,4142977.071,4142984.341,"Silva","NEON_D07_MLBS_DP1_537000_4142000_classified_point_cloud.laz","2018_MLBS_3_537000_4142000_image.tif","Tree",1,537000,537999.999,4142000,4142999.999
"17235",17235,537838.52,537846.483,4142978.237,4142982.998,"Silva","NEON_D07_MLBS_DP1_537000_4142000_classified_point_cloud.laz","2018_MLBS_3_537000_4142000_image.tif","Tree",1,537000,537999.999,4142000,4142999.999
"17236",17236,537886.122,537891.465,4142996.027,4142999.977,"Silva","NEON_D07_MLBS_DP1_537000_4142000_classified_point_cloud.laz","2018_MLBS_3_537000_4142000_image.tif","Tree",1,537000,537999.999,4142000,4142999.999
"17237",17237,537875.677,537882.45,4142994.566,4142999.988,"Silva","NEON_D07_MLBS_DP1_537000_4142000_classified_point_cloud.laz","2018_MLBS_3_537000_4142000_image.tif","Tree",1,537000,537999.999,4142000,4142999.999
"17238",17238,537933.609,537941.894,4142997.501,4142999.999,"Silva","NEON_D07_MLBS_DP1_537000_4142000_classified_point_cloud.laz","2018_MLBS_3_537000_4142000_image.tif","Tree",1,537000,537999.999,4142000,4142999.999
"17239",17239,537895.51,537901.914,4142995.506,4142999.982,"Silva","NEON_D07_MLBS_DP1_537000_4142000_classified_point_cloud.laz","2018_MLBS_3_537000_4142000_image.tif","Tree",1,537000,537999.999,4142000,4142999.999
"17240",17240,537890.51,537895.489,4142994.804,4142999.993,"Silva","NEON_D07_MLBS_DP1_537000_4142000_classified_point_cloud.laz","2018_MLBS_3_537000_4142000_image.tif","Tree",1,537000,537999.999,4142000,4142999.999
"17241",17241,537905.532,537911.484,4142993.555,4142999.989,"Silva","NEON_D07_MLBS_DP1_537000_4142000_classified_point_cloud.laz","2018_MLBS_3_537000_4142000_image.tif","Tree",1,537000,537999.999,4142000,4142999.999
"17242",17242,537928.506,537934.958,4142995.55,4142999.994,"Silva","NEON_D07_MLBS_DP1_537000_4142000_classified_point_cloud.laz","2018_MLBS_3_537000_4142000_image.tif","Tree",1,537000,537999.999,4142000,4142999.999
"17243",17243,537912.115,537919.992,4142995.068,4142999.986,"Silva","NEON_D07_MLBS_DP1_537000_4142000_classified_point_cloud.laz","2018_MLBS_3_537000_4142000_image.tif","Tree",1,537000,537999.999,4142000,4142999.999
"17244",17244,537888.191,537894.494,4142991.018,4142997.255,"Silva","NEON_D07_MLBS_DP1_537000_4142000_classified_point_cloud.laz","2018_MLBS_3_537000_4142000_image.tif","Tree",1,537000,537999.999,4142000,4142999.999
"17245",17245,537932.503,537938.286,4142991.329,4142997.998,"Silva","NEON_D07_MLBS_DP1_537000_4142000_classified_point_cloud.laz","2018_MLBS_3_537000_4142000_image.tif","Tree",1,537000,537999.999,4142000,4142999.999
"17246",17246,537894.008,537902.929,4142990.088,4142995.981,"Silva","NEON_D07_MLBS_DP1_537000_4142000_classified_point_cloud.laz","2018_MLBS_3_537000_4142000_image.tif","Tree",1,537000,537999.999,4142000,4142999.999
"17247",17247,537915.004,537922.911,4142991.515,4142997.336,"Silva","NEON_D07_MLBS_DP1_537000_4142000_classified_point_cloud.laz","2018_MLBS_3_537000_4142000_image.tif","Tree",1,537000,537999.999,4142000,4142999.999
"17248",17248,537909.046,537915.482,4142990.004,4142996.919,"Silva","NEON_D07_MLBS_DP1_537000_4142000_classified_point_cloud.laz","2018_MLBS_3_537000_4142000_image.tif","Tree",1,537000,537999.999,4142000,4142999.999
"17249",17249,537883.149,537891.974,4142989.626,4142995.517,"Silva","NEON_D07_MLBS_DP1_537000_4142000_classified_point_cloud.laz","2018_MLBS_3_537000_4142000_image.tif","Tree",1,537000,537999.999,4142000,4142999.999
"17250",17250,537935.5,537943.97,4142987.523,4142999.22,"Silva","NEON_D07_MLBS_DP1_537000_4142000_classified_point_cloud.laz","2018_MLBS_3_537000_4142000_image.tif","Tree",1,537000,537999.999,4142000,4142999.999
"17251",17251,537939.035,537947.99,4142986.134,4142996.483,"Silva","NEON_D07_MLBS_DP1_537000_4142000_classified_point_cloud.laz","2018_MLBS_3_537000_4142000_image.tif","Tree",1,537000,537999.999,4142000,4142999.999
"17252",17252,537903.502,537909.986,4142986.501,4142993.972,"Silva","NEON_D07_MLBS_DP1_537000_4142000_classified_point_cloud.laz","2018_MLBS_3_537000_4142000_image.tif","Tree",1,537000,537999.999,4142000,4142999.999
"17253",17253,537926.765,537935.878,4142985.577,4142992.497,"Silva","NEON_D07_MLBS_DP1_537000_4142000_classified_point_cloud.laz","2018_MLBS_3_537000_4142000_image.tif","Tree",1,537000,537999.999,4142000,4142999.999
"17254",17254,537884.504,537889.983,4142982.661,4142990.417,"Silva","NEON_D07_MLBS_DP1_537000_4142000_classified_point_cloud.laz","2018_MLBS_3_537000_4142000_image.tif","Tree",1,537000,537999.999,4142000,4142999.999
"17255",17255,537888.087,537893.98,4142983.538,4142990.987,"Silva","NEON_D07_MLBS_DP1_537000_4142000_classified_point_cloud.laz","2018_MLBS_3_537000_4142000_image.tif","Tree",1,537000,537999.999,4142000,4142999.999
"17256",17256,537921.009,537929.943,4142980.617,4142993.158,"Silva","NEON_D07_MLBS_DP1_537000_4142000_classified_point_cloud.laz","2018_MLBS_3_537000_4142000_image.tif","Tree",1,537000,537999.999,4142000,4142999.999
"17257",17257,537907.544,537913.494,4142982.559,4142990.788,"Silva","NEON_D07_MLBS_DP1_537000_4142000_classified_point_cloud.laz","2018_MLBS_3_537000_4142000_image.tif","Tree",1,537000,537999.999,4142000,4142999.999
"17258",17258,537892.961,537897.485,4142981.569,4142990.954,"Silva","NEON_D07_MLBS_DP1_537000_4142000_classified_point_cloud.laz","2018_MLBS_3_537000_4142000_image.tif","Tree",1,537000,537999.999,4142000,4142999.999
"17259",17259,537913.135,537921.47,4142981.003,4142988.462,"Silva","NEON_D07_MLBS_DP1_537000_4142000_classified_point_cloud.laz","2018_MLBS_3_537000_4142000_image.tif","Tree",1,537000,537999.999,4142000,4142999.999
"17260",17260,537896.505,537902.948,4142980.246,4142988.33,"Silva","NEON_D07_MLBS_DP1_537000_4142000_classified_point_cloud.laz","2018_MLBS_3_537000_4142000_image.tif","Tree",1,537000,537999.999,4142000,4142999.999
"17261",17261,537902.635,537910.427,4142981.569,4142986.494,"Silva","NEON_D07_MLBS_DP1_537000_4142000_classified_point_cloud.laz","2018_MLBS_3_537000_4142000_image.tif","Tree",1,537000,537999.999,4142000,4142999.999
"17262",17262,537878.013,537885.976,4142978.003,4142985.383,"Silva","NEON_D07_MLBS_DP1_537000_4142000_classified_point_cloud.laz","2018_MLBS_3_537000_4142000_image.tif","Tree",1,537000,537999.999,4142000,4142999.999
"17263",17263,537928.224,537939.848,4142980.032,4142988.856,"Silva","NEON_D07_MLBS_DP1_537000_4142000_classified_point_cloud.laz","2018_MLBS_3_537000_4142000_image.tif","Tree",1,537000,537999.999,4142000,4142999.999
"17264",17264,537884.52,537891.967,4142955.027,4142964.497,"Silva","NEON_D07_MLBS_DP1_537000_4142000_classified_point_cloud.laz","2018_MLBS_3_537000_4142000_image.tif","Tree",1,537000,537999.999,4142000,4142999.999
"17265",17265,537898.005,537904.995,4142957.116,4142964.442,"Silva","NEON_D07_MLBS_DP1_537000_4142000_classified_point_cloud.laz","2018_MLBS_3_537000_4142000_image.tif","Tree",1,537000,537999.999,4142000,4142999.999
"17266",17266,537928.023,537938.995,4142956.51,4142965.974,"Silva","NEON_D07_MLBS_DP1_537000_4142000_classified_point_cloud.laz","2018_MLBS_3_537000_4142000_image.tif","Tree",1,537000,537999.999,4142000,4142999.999
"17267",17267,537900.528,537906.093,4142953.005,4142958.919,"Silva","NEON_D07_MLBS_DP1_537000_4142000_classified_point_cloud.laz","2018_MLBS_3_537000_4142000_image.tif","Tree",1,537000,537999.999,4142000,4142999.999
"17268",17268,537878.532,537882.344,4142951.013,4142956.498,"Silva","NEON_D07_MLBS_DP1_537000_4142000_classified_point_cloud.laz","2018_MLBS_3_537000_4142000_image.tif","Tree",1,537000,537999.999,4142000,4142999.999
"17269",17269,537902.554,537909.495,4142951.558,4142957.97,"Silva","NEON_D07_MLBS_DP1_537000_4142000_classified_point_cloud.laz","2018_MLBS_3_537000_4142000_image.tif","Tree",1,537000,537999.999,4142000,4142999.999
"17270",17270,537894.694,537902.39,4142951.046,4142957.368,"Silva","NEON_D07_MLBS_DP1_537000_4142000_classified_point_cloud.laz","2018_MLBS_3_537000_4142000_image.tif","Tree",1,537000,537999.999,4142000,4142999.999
"17271",17271,537881.577,537888.884,4142949.001,4142957.368,"Silva","NEON_D07_MLBS_DP1_537000_4142000_classified_point_cloud.laz","2018_MLBS_3_537000_4142000_image.tif","Tree",1,537000,537999.999,4142000,4142999.999
"17272",17272,537909.517,537916.47,4142948.713,4142958.763,"Silva","NEON_D07_MLBS_DP1_537000_4142000_classified_point_cloud.laz","2018_MLBS_3_537000_4142000_image.tif","Tree",1,537000,537999.999,4142000,4142999.999
"17273",17273,537925.017,537931.997,4142947.036,4142957.925,"Silva","NEON_D07_MLBS_DP1_537000_4142000_classified_point_cloud.laz","2018_MLBS_3_537000_4142000_image.tif","Tree",1,537000,537999.999,4142000,4142999.999
"17274",17274,537887.015,537894.945,4142945.527,4142955.438,"Silva","NEON_D07_MLBS_DP1_537000_4142000_classified_point_cloud.laz","2018_MLBS_3_537000_4142000_image.tif","Tree",1,537000,537999.999,4142000,4142999.999
"17275",17275,537929.604,537939.498,4142943.259,4142956.691,"Silva","NEON_D07_MLBS_DP1_537000_4142000_classified_point_cloud.laz","2018_MLBS_3_537000_4142000_image.tif","Tree",1,537000,537999.999,4142000,4142999.999
"17276",17276,537876.004,537883.399,4142944.048,4142950.935,"Silva","NEON_D07_MLBS_DP1_537000_4142000_classified_point_cloud.laz","2018_MLBS_3_537000_4142000_image.tif","Tree",1,537000,537999.999,4142000,4142999.999
"17277",17277,537898.508,537905.369,4142946.005,4142951.952,"Silva","NEON_D07_MLBS_DP1_537000_4142000_classified_point_cloud.laz","2018_MLBS_3_537000_4142000_image.tif","Tree",1,537000,537999.999,4142000,4142999.999
"17278",17278,537940.061,537948.971,4142944.614,4142954.976,"Silva","NEON_D07_MLBS_DP1_537000_4142000_classified_point_cloud.laz","2018_MLBS_3_537000_4142000_image.tif","Tree",1,537000,537999.999,4142000,4142999.999
"17279",17279,537919.028,537930.983,4142942.02,4142950.218,"Silva","NEON_D07_MLBS_DP1_537000_4142000_classified_point_cloud.laz","2018_MLBS_3_537000_4142000_image.tif","Tree",1,537000,537999.999,4142000,4142999.999
"17280",17280,537911.548,537919.483,4142940.592,4142949.97,"Silva","NEON_D07_MLBS_DP1_537000_4142000_classified_point_cloud.laz","2018_MLBS_3_537000_4142000_image.tif","Tree",1,537000,537999.999,4142000,4142999.999
"17281",17281,537905.014,537913.455,4142940.021,4142948.489,"Silva","NEON_D07_MLBS_DP1_537000_4142000_classified_point_cloud.laz","2018_MLBS_3_537000_4142000_image.tif","Tree",1,537000,537999.999,4142000,4142999.999
"17282",17282,537931.01,537947.482,4142937.549,4142945.432,"Silva","NEON_D07_MLBS_DP1_537000_4142000_classified_point_cloud.laz","2018_MLBS_3_537000_4142000_image.tif","Tree",1,537000,537999.999,4142000,4142999.999
"17283",17283,537889.537,537897.996,4142939.51,4142946.426,"Silva","NEON_D07_MLBS_DP1_537000_4142000_classified_point_cloud.laz","2018_MLBS_3_537000_4142000_image.tif","Tree",1,537000,537999.999,4142000,4142999.999
"17284",17284,537906.509,537914.479,4142957.507,4142966.099,"Silva","NEON_D07_MLBS_DP1_537000_4142000_classified_point_cloud.laz","2018_MLBS_3_537000_4142000_image.tif","Tree",1,537000,537999.999,4142000,4142999.999
"17285",17285,537920.012,537931.414,4142961.006,4142969.92,"Silva","NEON_D07_MLBS_DP1_537000_4142000_classified_point_cloud.laz","2018_MLBS_3_537000_4142000_image.tif","Tree",1,537000,537999.999,4142000,4142999.999
"17286",17286,537910.564,537919.955,4142960.025,4142969.704,"Silva","NEON_D07_MLBS_DP1_537000_4142000_classified_point_cloud.laz","2018_MLBS_3_537000_4142000_image.tif","Tree",1,537000,537999.999,4142000,4142999.999
"17287",17287,537889.502,537898.439,4142962.617,4142971.488,"Silva","NEON_D07_MLBS_DP1_537000_4142000_classified_point_cloud.laz","2018_MLBS_3_537000_4142000_image.tif","Tree",1,537000,537999.999,4142000,4142999.999
"17288",17288,537908.516,537915.461,4142966.019,4142973.755,"Silva","NEON_D07_MLBS_DP1_537000_4142000_classified_point_cloud.laz","2018_MLBS_3_537000_4142000_image.tif","Tree",1,537000,537999.999,4142000,4142999.999
"17289",17289,537930.512,537937.943,4142965.569,4142974.454,"Silva","NEON_D07_MLBS_DP1_537000_4142000_classified_point_cloud.laz","2018_MLBS_3_537000_4142000_image.tif","Tree",1,537000,537999.999,4142000,4142999.999
"17290",17290,537915.02,537924.487,4142964.508,4142973.483,"Silva","NEON_D07_MLBS_DP1_537000_4142000_classified_point_cloud.laz","2018_MLBS_3_537000_4142000_image.tif","Tree",1,537000,537999.999,4142000,4142999.999
"17291",17291,537879.044,537885.488,4142964.537,4142972.477,"Silva","NEON_D07_MLBS_DP1_537000_4142000_classified_point_cloud.laz","2018_MLBS_3_537000_4142000_image.tif","Tree",1,537000,537999.999,4142000,4142999.999
"17292",17292,537924.078,537931.494,4142968.019,4142976.934,"Silva","NEON_D07_MLBS_DP1_537000_4142000_classified_point_cloud.laz","2018_MLBS_3_537000_4142000_image.tif","Tree",1,537000,537999.999,4142000,4142999.999
"17293",17293,537899.507,537906.474,4142967.568,4142974.998,"Silva","NEON_D07_MLBS_DP1_537000_4142000_classified_point_cloud.laz","2018_MLBS_3_537000_4142000_image.tif","Tree",1,537000,537999.999,4142000,4142999.999
"17294",17294,537934.583,537942.918,4142970.072,4142976.961,"Silva","NEON_D07_MLBS_DP1_537000_4142000_classified_point_cloud.laz","2018_MLBS_3_537000_4142000_image.tif","Tree",1,537000,537999.999,4142000,4142999.999
"17295",17295,537904.576,537911.8,4142971.587,4142977.912,"Silva","NEON_D07_MLBS_DP1_537000_4142000_classified_point_cloud.laz","2018_MLBS_3_537000_4142000_image.tif","Tree",1,537000,537999.999,4142000,4142999.999
"17296",17296,537879.032,537888.956,4142971.506,4142979.944,"Silva","NEON_D07_MLBS_DP1_537000_4142000_classified_point_cloud.laz","2018_MLBS_3_537000_4142000_image.tif","Tree",1,537000,537999.999,4142000,4142999.999
"17297",17297,537890.505,537899.496,4142971.514,4142979.769,"Silva","NEON_D07_MLBS_DP1_537000_4142000_classified_point_cloud.laz","2018_MLBS_3_537000_4142000_image.tif","Tree",1,537000,537999.999,4142000,4142999.999
"17298",17298,537932.559,537939.332,4142975.55,4142981.998,"Silva","NEON_D07_MLBS_DP1_537000_4142000_classified_point_cloud.laz","2018_MLBS_3_537000_4142000_image.tif","Tree",1,537000,537999.999,4142000,4142999.999
"17299",17299,537898.141,537905.998,4142973.623,4142981.407,"Silva","NEON_D07_MLBS_DP1_537000_4142000_classified_point_cloud.laz","2018_MLBS_3_537000_4142000_image.tif","Tree",1,537000,537999.999,4142000,4142999.999
"17300",17300,537938.19,537944.497,4142975.759,4142985.953,"Silva","NEON_D07_MLBS_DP1_537000_4142000_classified_point_cloud.laz","2018_MLBS_3_537000_4142000_image.tif","Tree",1,537000,537999.999,4142000,4142999.999
"17301",17301,537888.605,537897.894,4142974.556,4142981.487,"Silva","NEON_D07_MLBS_DP1_537000_4142000_classified_point_cloud.laz","2018_MLBS_3_537000_4142000_image.tif","Tree",1,537000,537999.999,4142000,4142999.999
"17302",17302,537982.188,537988.999,4142997.004,4142999.995,"Silva","NEON_D07_MLBS_DP1_537000_4142000_classified_point_cloud.laz","2018_MLBS_3_537000_4142000_image.tif","Tree",1,537000,537999.999,4142000,4142999.999
"17303",17303,537954.505,537960.98,4142995.045,4142999.996,"Silva","NEON_D07_MLBS_DP1_537000_4142000_classified_point_cloud.laz","2018_MLBS_3_537000_4142000_image.tif","Tree",1,537000,537999.999,4142000,4142999.999
"17304",17304,537983.026,537990.497,4142991.52,4142996.982,"Silva","NEON_D07_MLBS_DP1_537000_4142000_classified_point_cloud.laz","2018_MLBS_3_537000_4142000_image.tif","Tree",1,537000,537999.999,4142000,4142999.999
"17305",17305,537947.112,537955.498,4142989.143,4142996.89,"Silva","NEON_D07_MLBS_DP1_537000_4142000_classified_point_cloud.laz","2018_MLBS_3_537000_4142000_image.tif","Tree",1,537000,537999.999,4142000,4142999.999
"17306",17306,537955.512,537963.952,4142988.024,4142995.998,"Silva","NEON_D07_MLBS_DP1_537000_4142000_classified_point_cloud.laz","2018_MLBS_3_537000_4142000_image.tif","Tree",1,537000,537999.999,4142000,4142999.999
"17307",17307,537964.001,537970.981,4142989.604,4142997.923,"Silva","NEON_D07_MLBS_DP1_537000_4142000_classified_point_cloud.laz","2018_MLBS_3_537000_4142000_image.tif","Tree",1,537000,537999.999,4142000,4142999.999
"17308",17308,537975.031,537981.944,4142987.507,4142995.442,"Silva","NEON_D07_MLBS_DP1_537000_4142000_classified_point_cloud.laz","2018_MLBS_3_537000_4142000_image.tif","Tree",1,537000,537999.999,4142000,4142999.999
"17309",17309,537982.038,537990.461,4142986.506,4142992.957,"Silva","NEON_D07_MLBS_DP1_537000_4142000_classified_point_cloud.laz","2018_MLBS_3_537000_4142000_image.tif","Tree",1,537000,537999.999,4142000,4142999.999
"17310",17310,537989.504,537995.891,4142985.511,4142992.974,"Silva","NEON_D07_MLBS_DP1_537000_4142000_classified_point_cloud.laz","2018_MLBS_3_537000_4142000_image.tif","Tree",1,537000,537999.999,4142000,4142999.999
"17311",17311,537947.527,537955.491,4142956.532,4142964.408,"Silva","NEON_D07_MLBS_DP1_537000_4142000_classified_point_cloud.laz","2018_MLBS_3_537000_4142000_image.tif","Tree",1,537000,537999.999,4142000,4142999.999
"17312",17312,537965.516,537978.18,4142951.54,4142963.36,"Silva","NEON_D07_MLBS_DP1_537000_4142000_classified_point_cloud.laz","2018_MLBS_3_537000_4142000_image.tif","Tree",1,537000,537999.999,4142000,4142999.999
"17313",17313,537983.011,537992.49,4142951.591,4142960.396,"Silva","NEON_D07_MLBS_DP1_537000_4142000_classified_point_cloud.laz","2018_MLBS_3_537000_4142000_image.tif","Tree",1,537000,537999.999,4142000,4142999.999
"17314",17314,537957.131,537968.33,4142950.587,4142959.478,"Silva","NEON_D07_MLBS_DP1_537000_4142000_classified_point_cloud.laz","2018_MLBS_3_537000_4142000_image.tif","Tree",1,537000,537999.999,4142000,4142999.999
"17315",17315,537975.797,537988.066,4142946.013,4142957.983,"Silva","NEON_D07_MLBS_DP1_537000_4142000_classified_point_cloud.laz","2018_MLBS_3_537000_4142000_image.tif","Tree",1,537000,537999.999,4142000,4142999.999
"17316",17316,537987.542,537995.965,4142945.07,4142953.494,"Silva","NEON_D07_MLBS_DP1_537000_4142000_classified_point_cloud.laz","2018_MLBS_3_537000_4142000_image.tif","Tree",1,537000,537999.999,4142000,4142999.999
"17317",17317,537995.506,537999.979,4142944.688,4142951.933,"Silva","NEON_D07_MLBS_DP1_537000_4142000_classified_point_cloud.laz","2018_MLBS_3_537000_4142000_image.tif","Tree",1,537000,537999.999,4142000,4142999.999
"17318",17318,537991.527,537999.995,4142940.517,4142946.481,"Silva","NEON_D07_MLBS_DP1_537000_4142000_classified_point_cloud.laz","2018_MLBS_3_537000_4142000_image.tif","Tree",1,537000,537999.999,4142000,4142999.999
"17319",17319,537981.025,537991.973,4142938.6,4142948.981,"Silva","NEON_D07_MLBS_DP1_537000_4142000_classified_point_cloud.laz","2018_MLBS_3_537000_4142000_image.tif","Tree",1,537000,537999.999,4142000,4142999.999
"17320",17320,537953.127,537963.42,4142939.124,4142949.982,"Silva","NEON_D07_MLBS_DP1_537000_4142000_classified_point_cloud.laz","2018_MLBS_3_537000_4142000_image.tif","Tree",1,537000,537999.999,4142000,4142999.999
"17321",17321,537969.021,537981.994,4142941.008,4142952.898,"Silva","NEON_D07_MLBS_DP1_537000_4142000_classified_point_cloud.laz","2018_MLBS_3_537000_4142000_image.tif","Tree",1,537000,537999.999,4142000,4142999.999
"17322",17322,537945.51,537954.866,4142938.009,4142949.994,"Silva","NEON_D07_MLBS_DP1_537000_4142000_classified_point_cloud.laz","2018_MLBS_3_537000_4142000_image.tif","Tree",1,537000,537999.999,4142000,4142999.999
"17323",17323,537989.002,537994.486,4142963.052,4142973.48,"Silva","NEON_D07_MLBS_DP1_537000_4142000_classified_point_cloud.laz","2018_MLBS_3_537000_4142000_image.tif","Tree",1,537000,537999.999,4142000,4142999.999
"17324",17324,537952.015,537961.463,4142963.577,4142972.349,"Silva","NEON_D07_MLBS_DP1_537000_4142000_classified_point_cloud.laz","2018_MLBS_3_537000_4142000_image.tif","Tree",1,537000,537999.999,4142000,4142999.999
"17325",17325,537992.047,537999.99,4142967.039,4142976.728,"Silva","NEON_D07_MLBS_DP1_537000_4142000_classified_point_cloud.laz","2018_MLBS_3_537000_4142000_image.tif","Tree",1,537000,537999.999,4142000,4142999.999
"17326",17326,537944.517,537950.999,4142964.519,4142972.994,"Silva","NEON_D07_MLBS_DP1_537000_4142000_classified_point_cloud.laz","2018_MLBS_3_537000_4142000_image.tif","Tree",1,537000,537999.999,4142000,4142999.999
"17327",17327,537949.005,537956.978,4142967.343,4142973.671,"Silva","NEON_D07_MLBS_DP1_537000_4142000_classified_point_cloud.laz","2018_MLBS_3_537000_4142000_image.tif","Tree",1,537000,537999.999,4142000,4142999.999
"17328",17328,537975.006,537979.999,4142969.032,4142981.441,"Silva","NEON_D07_MLBS_DP1_537000_4142000_classified_point_cloud.laz","2018_MLBS_3_537000_4142000_image.tif","Tree",1,537000,537999.999,4142000,4142999.999
"17329",17329,537966.021,537974.903,4142971.023,4142980.994,"Silva","NEON_D07_MLBS_DP1_537000_4142000_classified_point_cloud.laz","2018_MLBS_3_537000_4142000_image.tif","Tree",1,537000,537999.999,4142000,4142999.999
"17330",17330,537942.503,537949.885,4142972.12,4142978.417,"Silva","NEON_D07_MLBS_DP1_537000_4142000_classified_point_cloud.laz","2018_MLBS_3_537000_4142000_image.tif","Tree",1,537000,537999.999,4142000,4142999.999
"17331",17331,537984.565,537994.913,4142972.585,4142981.993,"Silva","NEON_D07_MLBS_DP1_537000_4142000_classified_point_cloud.laz","2018_MLBS_3_537000_4142000_image.tif","Tree",1,537000,537999.999,4142000,4142999.999
"17332",17332,537943.513,537950.413,4142977.089,4142983.499,"Silva","NEON_D07_MLBS_DP1_537000_4142000_classified_point_cloud.laz","2018_MLBS_3_537000_4142000_image.tif","Tree",1,537000,537999.999,4142000,4142999.999
"17333",17333,537962.606,537972.488,4142976.679,4142985.974,"Silva","NEON_D07_MLBS_DP1_537000_4142000_classified_point_cloud.laz","2018_MLBS_3_537000_4142000_image.tif","Tree",1,537000,537999.999,4142000,4142999.999
"17334",17334,537992.093,537999.895,4142976.181,4142986.474,"Silva","NEON_D07_MLBS_DP1_537000_4142000_classified_point_cloud.laz","2018_MLBS_3_537000_4142000_image.tif","Tree",1,537000,537999.999,4142000,4142999.999
"17335",17335,537956.004,537964.964,4142977.671,4142988.496,"Silva","NEON_D07_MLBS_DP1_537000_4142000_classified_point_cloud.laz","2018_MLBS_3_537000_4142000_image.tif","Tree",1,537000,537999.999,4142000,4142999.999
"17336",17336,537798.07,537807.319,4142541.506,4142547.958,"Silva","NEON_D07_MLBS_DP1_537000_4142000_classified_point_cloud.laz","2018_MLBS_3_537000_4142000_image.tif","Tree",1,537000,537999.999,4142000,4142999.999
"17337",17337,537808.508,537818.146,4142537.003,4142542.491,"Silva","NEON_D07_MLBS_DP1_537000_4142000_classified_point_cloud.laz","2018_MLBS_3_537000_4142000_image.tif","Tree",1,537000,537999.999,4142000,4142999.999
"17338",17338,537801.505,537808.488,4142528.148,4142542.954,"Silva","NEON_D07_MLBS_DP1_537000_4142000_classified_point_cloud.laz","2018_MLBS_3_537000_4142000_image.tif","Tree",1,537000,537999.999,4142000,4142999.999
"17339",17339,537803.04,537816.996,4142514.721,4142528.474,"Silva","NEON_D07_MLBS_DP1_537000_4142000_classified_point_cloud.laz","2018_MLBS_3_537000_4142000_image.tif","Tree",1,537000,537999.999,4142000,4142999.999
"17340",17340,537801.001,537807.989,4142512.555,4142527.325,"Silva","NEON_D07_MLBS_DP1_537000_4142000_classified_point_cloud.laz","2018_MLBS_3_537000_4142000_image.tif","Tree",1,537000,537999.999,4142000,4142999.999
"17341",17341,537804.544,537815.476,4142509.517,4142518.975,"Silva","NEON_D07_MLBS_DP1_537000_4142000_classified_point_cloud.laz","2018_MLBS_3_537000_4142000_image.tif","Tree",1,537000,537999.999,4142000,4142999.999
"17342",17342,537796.039,537804.497,4142509.506,4142523.948,"Silva","NEON_D07_MLBS_DP1_537000_4142000_classified_point_cloud.laz","2018_MLBS_3_537000_4142000_image.tif","Tree",1,537000,537999.999,4142000,4142999.999
"17343",17343,537797.172,537807.493,4142499.521,4142509.491,"Silva","NEON_D07_MLBS_DP1_537000_4142000_classified_point_cloud.laz","2018_MLBS_3_537000_4142000_image.tif","Tree",1,537000,537999.999,4142000,4142999.999
"17344",17344,537791.669,537800.405,4142497.221,4142507.397,"Silva","NEON_D07_MLBS_DP1_537000_4142000_classified_point_cloud.laz","2018_MLBS_3_537000_4142000_image.tif","Tree",1,537000,537999.999,4142000,4142999.999
"17345",17345,537871.554,537880.484,4142540.223,4142548.952,"Silva","NEON_D07_MLBS_DP1_537000_4142000_classified_point_cloud.laz","2018_MLBS_3_537000_4142000_image.tif","Tree",1,537000,537999.999,4142000,4142999.999
"17346",17346,537849.507,537860.796,4142539.03,4142547.973,"Silva","NEON_D07_MLBS_DP1_537000_4142000_classified_point_cloud.laz","2018_MLBS_3_537000_4142000_image.tif","Tree",1,537000,537999.999,4142000,4142999.999
"17347",17347,537836.575,537840.978,4142541.598,4142549.982,"Silva","NEON_D07_MLBS_DP1_537000_4142000_classified_point_cloud.laz","2018_MLBS_3_537000_4142000_image.tif","Tree",1,537000,537999.999,4142000,4142999.999
"17348",17348,537831.015,537837.497,4142540.564,4142546.949,"Silva","NEON_D07_MLBS_DP1_537000_4142000_classified_point_cloud.laz","2018_MLBS_3_537000_4142000_image.tif","Tree",1,537000,537999.999,4142000,4142999.999
"17349",17349,537859.519,537864.455,4142527.025,4142541.881,"Silva","NEON_D07_MLBS_DP1_537000_4142000_classified_point_cloud.laz","2018_MLBS_3_537000_4142000_image.tif","Tree",1,537000,537999.999,4142000,4142999.999
"17350",17350,537825.027,537832.983,4142534.003,4142545.478,"Silva","NEON_D07_MLBS_DP1_537000_4142000_classified_point_cloud.laz","2018_MLBS_3_537000_4142000_image.tif","Tree",1,537000,537999.999,4142000,4142999.999
"17351",17351,537844.528,537855.915,4142532.027,4142539.888,"Silva","NEON_D07_MLBS_DP1_537000_4142000_classified_point_cloud.laz","2018_MLBS_3_537000_4142000_image.tif","Tree",1,537000,537999.999,4142000,4142999.999
"17352",17352,537818.525,537827.498,4142536.543,4142545.347,"Silva","NEON_D07_MLBS_DP1_537000_4142000_classified_point_cloud.laz","2018_MLBS_3_537000_4142000_image.tif","Tree",1,537000,537999.999,4142000,4142999.999
"17353",17353,537847.083,537858.358,4142525.512,4142532.983,"Silva","NEON_D07_MLBS_DP1_537000_4142000_classified_point_cloud.laz","2018_MLBS_3_537000_4142000_image.tif","Tree",1,537000,537999.999,4142000,4142999.999
"17354",17354,537862.5,537876.437,4142521.004,4142532.411,"Silva","NEON_D07_MLBS_DP1_537000_4142000_classified_point_cloud.laz","2018_MLBS_3_537000_4142000_image.tif","Tree",1,537000,537999.999,4142000,4142999.999
"17355",17355,537873.501,537885.903,4142515.011,4142526.999,"Silva","NEON_D07_MLBS_DP1_537000_4142000_classified_point_cloud.laz","2018_MLBS_3_537000_4142000_image.tif","Tree",1,537000,537999.999,4142000,4142999.999
"17356",17356,537827.505,537837.458,4142523.043,4142533.981,"Silva","NEON_D07_MLBS_DP1_537000_4142000_classified_point_cloud.laz","2018_MLBS_3_537000_4142000_image.tif","Tree",1,537000,537999.999,4142000,4142999.999
"17357",17357,537866.041,537877.487,4142512.026,4142521.869,"Silva","NEON_D07_MLBS_DP1_537000_4142000_classified_point_cloud.laz","2018_MLBS_3_537000_4142000_image.tif","Tree",1,537000,537999.999,4142000,4142999.999
"17358",17358,537816.036,537822.965,4142520.521,4142527.985,"Silva","NEON_D07_MLBS_DP1_537000_4142000_classified_point_cloud.laz","2018_MLBS_3_537000_4142000_image.tif","Tree",1,537000,537999.999,4142000,4142999.999
"17359",17359,537822.509,537829.887,4142520.059,4142528.467,"Silva","NEON_D07_MLBS_DP1_537000_4142000_classified_point_cloud.laz","2018_MLBS_3_537000_4142000_image.tif","Tree",1,537000,537999.999,4142000,4142999.999
"17360",17360,537852.559,537862.047,4142512.008,4142516.5,"Silva","NEON_D07_MLBS_DP1_537000_4142000_classified_point_cloud.laz","2018_MLBS_3_537000_4142000_image.tif","Tree",1,537000,537999.999,4142000,4142999.999
"17361",17361,537817.004,537825.948,4142515.516,4142523.981,"Silva","NEON_D07_MLBS_DP1_537000_4142000_classified_point_cloud.laz","2018_MLBS_3_537000_4142000_image.tif","Tree",1,537000,537999.999,4142000,4142999.999
"17362",17362,537860.011,537865.861,4142508.518,4142515.59,"Silva","NEON_D07_MLBS_DP1_537000_4142000_classified_point_cloud.laz","2018_MLBS_3_537000_4142000_image.tif","Tree",1,537000,537999.999,4142000,4142999.999
"17363",17363,537824.009,537833.48,4142513.027,4142520.994,"Silva","NEON_D07_MLBS_DP1_537000_4142000_classified_point_cloud.laz","2018_MLBS_3_537000_4142000_image.tif","Tree",1,537000,537999.999,4142000,4142999.999
"17364",17364,537866.205,537872.827,4142505.542,4142512.291,"Silva","NEON_D07_MLBS_DP1_537000_4142000_classified_point_cloud.laz","2018_MLBS_3_537000_4142000_image.tif","Tree",1,537000,537999.999,4142000,4142999.999
"17365",17365,537840.608,537851.489,4142508.208,4142518.483,"Silva","NEON_D07_MLBS_DP1_537000_4142000_classified_point_cloud.laz","2018_MLBS_3_537000_4142000_image.tif","Tree",1,537000,537999.999,4142000,4142999.999
"17366",17366,537864.068,537870.988,4142500.047,4142509.992,"Silva","NEON_D07_MLBS_DP1_537000_4142000_classified_point_cloud.laz","2018_MLBS_3_537000_4142000_image.tif","Tree",1,537000,537999.999,4142000,4142999.999
"17367",17367,537876.557,537884.496,4142495.145,4142506.382,"Silva","NEON_D07_MLBS_DP1_537000_4142000_classified_point_cloud.laz","2018_MLBS_3_537000_4142000_image.tif","Tree",1,537000,537999.999,4142000,4142999.999
"17368",17368,537857.017,537865.423,4142499.058,4142508.918,"Silva","NEON_D07_MLBS_DP1_537000_4142000_classified_point_cloud.laz","2018_MLBS_3_537000_4142000_image.tif","Tree",1,537000,537999.999,4142000,4142999.999
"17369",17369,537865.039,537877.755,4142491.197,4142504.457,"Silva","NEON_D07_MLBS_DP1_537000_4142000_classified_point_cloud.laz","2018_MLBS_3_537000_4142000_image.tif","Tree",1,537000,537999.999,4142000,4142999.999
"17370",17370,537815.015,537825.783,4142506.006,4142515.47,"Silva","NEON_D07_MLBS_DP1_537000_4142000_classified_point_cloud.laz","2018_MLBS_3_537000_4142000_image.tif","Tree",1,537000,537999.999,4142000,4142999.999
"17371",17371,537824.046,537830.393,4142505.513,4142513.935,"Silva","NEON_D07_MLBS_DP1_537000_4142000_classified_point_cloud.laz","2018_MLBS_3_537000_4142000_image.tif","Tree",1,537000,537999.999,4142000,4142999.999
"17372",17372,537828.587,537836.998,4142502.193,4142513.142,"Silva","NEON_D07_MLBS_DP1_537000_4142000_classified_point_cloud.laz","2018_MLBS_3_537000_4142000_image.tif","Tree",1,537000,537999.999,4142000,4142999.999
"17373",17373,537831.522,537840.494,4142497.556,4142508.999,"Silva","NEON_D07_MLBS_DP1_537000_4142000_classified_point_cloud.laz","2018_MLBS_3_537000_4142000_image.tif","Tree",1,537000,537999.999,4142000,4142999.999
"17374",17374,537813.098,537822.999,4142497.008,4142508.968,"Silva","NEON_D07_MLBS_DP1_537000_4142000_classified_point_cloud.laz","2018_MLBS_3_537000_4142000_image.tif","Tree",1,537000,537999.999,4142000,4142999.999
"17375",17375,537821.539,537831.907,4142498.01,4142506.369,"Silva","NEON_D07_MLBS_DP1_537000_4142000_classified_point_cloud.laz","2018_MLBS_3_537000_4142000_image.tif","Tree",1,537000,537999.999,4142000,4142999.999
"17376",17376,537800.524,537805.495,4142548.591,4142554.36,"Silva","NEON_D07_MLBS_DP1_537000_4142000_classified_point_cloud.laz","2018_MLBS_3_537000_4142000_image.tif","Tree",1,537000,537999.999,4142000,4142999.999
"17377",17377,537805.006,537810.498,4142548.013,4142555.993,"Silva","NEON_D07_MLBS_DP1_537000_4142000_classified_point_cloud.laz","2018_MLBS_3_537000_4142000_image.tif","Tree",1,537000,537999.999,4142000,4142999.999
"17378",17378,537800.514,537810.466,4142552.501,4142557.988,"Silva","NEON_D07_MLBS_DP1_537000_4142000_classified_point_cloud.laz","2018_MLBS_3_537000_4142000_image.tif","Tree",1,537000,537999.999,4142000,4142999.999
"17379",17379,537810.502,537817.944,4142564.524,4142571.331,"Silva","NEON_D07_MLBS_DP1_537000_4142000_classified_point_cloud.laz","2018_MLBS_3_537000_4142000_image.tif","Tree",1,537000,537999.999,4142000,4142999.999
"17380",17380,537806.505,537814.463,4142574.52,4142581.365,"Silva","NEON_D07_MLBS_DP1_537000_4142000_classified_point_cloud.laz","2018_MLBS_3_537000_4142000_image.tif","Tree",1,537000,537999.999,4142000,4142999.999
"17381",17381,537848.502,537857.43,4142547.068,4142554.476,"Silva","NEON_D07_MLBS_DP1_537000_4142000_classified_point_cloud.laz","2018_MLBS_3_537000_4142000_image.tif","Tree",1,537000,537999.999,4142000,4142999.999
"17382",17382,537856.526,537865.495,4142542.268,4142552.989,"Silva","NEON_D07_MLBS_DP1_537000_4142000_classified_point_cloud.laz","2018_MLBS_3_537000_4142000_image.tif","Tree",1,537000,537999.999,4142000,4142999.999
"17383",17383,537865.52,537875.922,4142543.014,4142552.353,"Silva","NEON_D07_MLBS_DP1_537000_4142000_classified_point_cloud.laz","2018_MLBS_3_537000_4142000_image.tif","Tree",1,537000,537999.999,4142000,4142999.999
"17384",17384,537836.598,537846.915,4142550.532,4142558.971,"Silva","NEON_D07_MLBS_DP1_537000_4142000_classified_point_cloud.laz","2018_MLBS_3_537000_4142000_image.tif","Tree",1,537000,537999.999,4142000,4142999.999
"17385",17385,537820.58,537829.421,4142555.009,4142562.973,"Silva","NEON_D07_MLBS_DP1_537000_4142000_classified_point_cloud.laz","2018_MLBS_3_537000_4142000_image.tif","Tree",1,537000,537999.999,4142000,4142999.999
"17386",17386,537844.008,537851.49,4142550.265,4142561.491,"Silva","NEON_D07_MLBS_DP1_537000_4142000_classified_point_cloud.laz","2018_MLBS_3_537000_4142000_image.tif","Tree",1,537000,537999.999,4142000,4142999.999
"17387",17387,537855.023,537861.484,4142551.537,4142557.486,"Silva","NEON_D07_MLBS_DP1_537000_4142000_classified_point_cloud.laz","2018_MLBS_3_537000_4142000_image.tif","Tree",1,537000,537999.999,4142000,4142999.999
"17388",17388,537851.064,537860.982,4142554.027,4142563.972,"Silva","NEON_D07_MLBS_DP1_537000_4142000_classified_point_cloud.laz","2018_MLBS_3_537000_4142000_image.tif","Tree",1,537000,537999.999,4142000,4142999.999
"17389",17389,537872.535,537881.912,4142549.004,4142556.43,"Silva","NEON_D07_MLBS_DP1_537000_4142000_classified_point_cloud.laz","2018_MLBS_3_537000_4142000_image.tif","Tree",1,537000,537999.999,4142000,4142999.999
"17390",17390,537825.153,537832.393,4142560.502,4142566.988,"Silva","NEON_D07_MLBS_DP1_537000_4142000_classified_point_cloud.laz","2018_MLBS_3_537000_4142000_image.tif","Tree",1,537000,537999.999,4142000,4142999.999
"17391",17391,537831.046,537837.989,4142558.104,4142566.998,"Silva","NEON_D07_MLBS_DP1_537000_4142000_classified_point_cloud.laz","2018_MLBS_3_537000_4142000_image.tif","Tree",1,537000,537999.999,4142000,4142999.999
"17392",17392,537817.104,537822.999,4142562.504,4142571.488,"Silva","NEON_D07_MLBS_DP1_537000_4142000_classified_point_cloud.laz","2018_MLBS_3_537000_4142000_image.tif","Tree",1,537000,537999.999,4142000,4142999.999
"17393",17393,537868.058,537876.481,4142554.01,4142561.963,"Silva","NEON_D07_MLBS_DP1_537000_4142000_classified_point_cloud.laz","2018_MLBS_3_537000_4142000_image.tif","Tree",1,537000,537999.999,4142000,4142999.999
"17394",17394,537876.522,537883.447,4142553.834,4142564.345,"Silva","NEON_D07_MLBS_DP1_537000_4142000_classified_point_cloud.laz","2018_MLBS_3_537000_4142000_image.tif","Tree",1,537000,537999.999,4142000,4142999.999
"17395",17395,537870.01,537880.424,4142561.054,4142569.997,"Silva","NEON_D07_MLBS_DP1_537000_4142000_classified_point_cloud.laz","2018_MLBS_3_537000_4142000_image.tif","Tree",1,537000,537999.999,4142000,4142999.999
"17396",17396,537830.266,537840.97,4142571.099,4142580.455,"Silva","NEON_D07_MLBS_DP1_537000_4142000_classified_point_cloud.laz","2018_MLBS_3_537000_4142000_image.tif","Tree",1,537000,537999.999,4142000,4142999.999
"17397",17397,537814.019,537819.864,4142573.034,4142580.497,"Silva","NEON_D07_MLBS_DP1_537000_4142000_classified_point_cloud.laz","2018_MLBS_3_537000_4142000_image.tif","Tree",1,537000,537999.999,4142000,4142999.999
"17398",17398,537865.004,537874.954,4142566.545,4142577.498,"Silva","NEON_D07_MLBS_DP1_537000_4142000_classified_point_cloud.laz","2018_MLBS_3_537000_4142000_image.tif","Tree",1,537000,537999.999,4142000,4142999.999
"17399",17399,537852.032,537858.97,4142571.546,4142577.451,"Silva","NEON_D07_MLBS_DP1_537000_4142000_classified_point_cloud.laz","2018_MLBS_3_537000_4142000_image.tif","Tree",1,537000,537999.999,4142000,4142999.999
"17400",17400,537813,537821.407,4142580.533,4142588.988,"Silva","NEON_D07_MLBS_DP1_537000_4142000_classified_point_cloud.laz","2018_MLBS_3_537000_4142000_image.tif","Tree",1,537000,537999.999,4142000,4142999.999
"17401",17401,537858.541,537869.96,4142572.067,4142580.484,"Silva","NEON_D07_MLBS_DP1_537000_4142000_classified_point_cloud.laz","2018_MLBS_3_537000_4142000_image.tif","Tree",1,537000,537999.999,4142000,4142999.999
"17402",17402,537837.024,537848.456,4142574.766,4142586.439,"Silva","NEON_D07_MLBS_DP1_537000_4142000_classified_point_cloud.laz","2018_MLBS_3_537000_4142000_image.tif","Tree",1,537000,537999.999,4142000,4142999.999
"17403",17403,537848.511,537857.485,4142578.535,4142582.934,"Silva","NEON_D07_MLBS_DP1_537000_4142000_classified_point_cloud.laz","2018_MLBS_3_537000_4142000_image.tif","Tree",1,537000,537999.999,4142000,4142999.999
"17404",17404,537823.554,537828.99,4142583.506,4142590.987,"Silva","NEON_D07_MLBS_DP1_537000_4142000_classified_point_cloud.laz","2018_MLBS_3_537000_4142000_image.tif","Tree",1,537000,537999.999,4142000,4142999.999
"17405",17405,537857.271,537867.453,4142579.051,4142587.423,"Silva","NEON_D07_MLBS_DP1_537000_4142000_classified_point_cloud.laz","2018_MLBS_3_537000_4142000_image.tif","Tree",1,537000,537999.999,4142000,4142999.999
"17406",17406,537811.519,537821.389,4142588.508,4142596.499,"Silva","NEON_D07_MLBS_DP1_537000_4142000_classified_point_cloud.laz","2018_MLBS_3_537000_4142000_image.tif","Tree",1,537000,537999.999,4142000,4142999.999
"17407",17407,537872.735,537882.346,4142577.541,4142585.496,"Silva","NEON_D07_MLBS_DP1_537000_4142000_classified_point_cloud.laz","2018_MLBS_3_537000_4142000_image.tif","Tree",1,537000,537999.999,4142000,4142999.999
"17408",17408,537866.072,537874.969,4142578.543,4142588.345,"Silva","NEON_D07_MLBS_DP1_537000_4142000_classified_point_cloud.laz","2018_MLBS_3_537000_4142000_image.tif","Tree",1,537000,537999.999,4142000,4142999.999
"17409",17409,537870.051,537874.925,4142585.112,4142592.473,"Silva","NEON_D07_MLBS_DP1_537000_4142000_classified_point_cloud.laz","2018_MLBS_3_537000_4142000_image.tif","Tree",1,537000,537999.999,4142000,4142999.999
"17410",17410,537828.502,537839.449,4142589.444,4142601,"Silva","NEON_D07_MLBS_DP1_537000_4142000_classified_point_cloud.laz","2018_MLBS_3_537000_4142000_image.tif","Tree",1,537000,537999.999,4142000,4142999.999
"17411",17411,537866.003,537873.38,4142588.513,4142594,"Silva","NEON_D07_MLBS_DP1_537000_4142000_classified_point_cloud.laz","2018_MLBS_3_537000_4142000_image.tif","Tree",1,537000,537999.999,4142000,4142999.999
"17412",17412,537873.523,537880.482,4142584.528,4142594.488,"Silva","NEON_D07_MLBS_DP1_537000_4142000_classified_point_cloud.laz","2018_MLBS_3_537000_4142000_image.tif","Tree",1,537000,537999.999,4142000,4142999.999
"17413",17413,537844.045,537850.401,4142592.548,4142598.997,"Silva","NEON_D07_MLBS_DP1_537000_4142000_classified_point_cloud.laz","2018_MLBS_3_537000_4142000_image.tif","Tree",1,537000,537999.999,4142000,4142999.999
"17414",17414,537839.571,537845.46,4142592.517,4142599.978,"Silva","NEON_D07_MLBS_DP1_537000_4142000_classified_point_cloud.laz","2018_MLBS_3_537000_4142000_image.tif","Tree",1,537000,537999.999,4142000,4142999.999
"17415",17415,537855.038,537860.937,4142591.502,4142599.121,"Silva","NEON_D07_MLBS_DP1_537000_4142000_classified_point_cloud.laz","2018_MLBS_3_537000_4142000_image.tif","Tree",1,537000,537999.999,4142000,4142999.999
"17416",17416,537858.5,537866.491,4142591.004,4142599.343,"Silva","NEON_D07_MLBS_DP1_537000_4142000_classified_point_cloud.laz","2018_MLBS_3_537000_4142000_image.tif","Tree",1,537000,537999.999,4142000,4142999.999
"17417",17417,537837.012,537843.488,4142599.659,4142604.992,"Silva","NEON_D07_MLBS_DP1_537000_4142000_classified_point_cloud.laz","2018_MLBS_3_537000_4142000_image.tif","Tree",1,537000,537999.999,4142000,4142999.999
"17418",17418,537865.712,537871.994,4142594.013,4142600.46,"Silva","NEON_D07_MLBS_DP1_537000_4142000_classified_point_cloud.laz","2018_MLBS_3_537000_4142000_image.tif","Tree",1,537000,537999.999,4142000,4142999.999
"17419",17419,537871.58,537882.996,4142604.505,4142615.493,"Silva","NEON_D07_MLBS_DP1_537000_4142000_classified_point_cloud.laz","2018_MLBS_3_537000_4142000_image.tif","Tree",1,537000,537999.999,4142000,4142999.999
"17420",17420,537857.519,537867.481,4142606.301,4142615.953,"Silva","NEON_D07_MLBS_DP1_537000_4142000_classified_point_cloud.laz","2018_MLBS_3_537000_4142000_image.tif","Tree",1,537000,537999.999,4142000,4142999.999
"17421",17421,537849.54,537857.968,4142607.013,4142615.772,"Silva","NEON_D07_MLBS_DP1_537000_4142000_classified_point_cloud.laz","2018_MLBS_3_537000_4142000_image.tif","Tree",1,537000,537999.999,4142000,4142999.999
"17422",17422,537847.029,537855.471,4142602.542,4142609.849,"Silva","NEON_D07_MLBS_DP1_537000_4142000_classified_point_cloud.laz","2018_MLBS_3_537000_4142000_image.tif","Tree",1,537000,537999.999,4142000,4142999.999
"17423",17423,537865.627,537875.965,4142600.539,4142607.968,"Silva","NEON_D07_MLBS_DP1_537000_4142000_classified_point_cloud.laz","2018_MLBS_3_537000_4142000_image.tif","Tree",1,537000,537999.999,4142000,4142999.999
"17424",17424,537831.048,537839.452,4142607.002,4142613.934,"Silva","NEON_D07_MLBS_DP1_537000_4142000_classified_point_cloud.laz","2018_MLBS_3_537000_4142000_image.tif","Tree",1,537000,537999.999,4142000,4142999.999
"17425",17425,537837.002,537842.861,4142604.531,4142612.979,"Silva","NEON_D07_MLBS_DP1_537000_4142000_classified_point_cloud.laz","2018_MLBS_3_537000_4142000_image.tif","Tree",1,537000,537999.999,4142000,4142999.999
"17426",17426,537842.067,537847.344,4142605.505,4142610.769,"Silva","NEON_D07_MLBS_DP1_537000_4142000_classified_point_cloud.laz","2018_MLBS_3_537000_4142000_image.tif","Tree",1,537000,537999.999,4142000,4142999.999
"17427",17427,537841.737,537846.992,4142601.582,4142605.48,"Silva","NEON_D07_MLBS_DP1_537000_4142000_classified_point_cloud.laz","2018_MLBS_3_537000_4142000_image.tif","Tree",1,537000,537999.999,4142000,4142999.999
"17428",17428,537834.084,537837.991,4142623.009,4142629.431,"Silva","NEON_D07_MLBS_DP1_537000_4142000_classified_point_cloud.laz","2018_MLBS_3_537000_4142000_image.tif","Tree",1,537000,537999.999,4142000,4142999.999
"17429",17429,537830.032,537835.424,4142626.001,4142630.182,"Silva","NEON_D07_MLBS_DP1_537000_4142000_classified_point_cloud.laz","2018_MLBS_3_537000_4142000_image.tif","Tree",1,537000,537999.999,4142000,4142999.999
"17430",17430,537864.504,537869.996,4142619.673,4142628.474,"Silva","NEON_D07_MLBS_DP1_537000_4142000_classified_point_cloud.laz","2018_MLBS_3_537000_4142000_image.tif","Tree",1,537000,537999.999,4142000,4142999.999
"17431",17431,537830.135,537837.98,4142629.534,4142639.492,"Silva","NEON_D07_MLBS_DP1_537000_4142000_classified_point_cloud.laz","2018_MLBS_3_537000_4142000_image.tif","Tree",1,537000,537999.999,4142000,4142999.999
"17432",17432,537834.508,537843.283,4142632.008,4142640.431,"Silva","NEON_D07_MLBS_DP1_537000_4142000_classified_point_cloud.laz","2018_MLBS_3_537000_4142000_image.tif","Tree",1,537000,537999.999,4142000,4142999.999
"17433",17433,537858.21,537869.966,4142626.548,4142637.436,"Silva","NEON_D07_MLBS_DP1_537000_4142000_classified_point_cloud.laz","2018_MLBS_3_537000_4142000_image.tif","Tree",1,537000,537999.999,4142000,4142999.999
"17434",17434,537872.604,537883.486,4142626.506,4142633.457,"Silva","NEON_D07_MLBS_DP1_537000_4142000_classified_point_cloud.laz","2018_MLBS_3_537000_4142000_image.tif","Tree",1,537000,537999.999,4142000,4142999.999
"17435",17435,537840.007,537848.429,4142633.537,4142641.916,"Silva","NEON_D07_MLBS_DP1_537000_4142000_classified_point_cloud.laz","2018_MLBS_3_537000_4142000_image.tif","Tree",1,537000,537999.999,4142000,4142999.999
"17436",17436,537822.638,537833.473,4142636.033,4142643.984,"Silva","NEON_D07_MLBS_DP1_537000_4142000_classified_point_cloud.laz","2018_MLBS_3_537000_4142000_image.tif","Tree",1,537000,537999.999,4142000,4142999.999
"17437",17437,537855.319,537865.473,4142630.201,4142641.488,"Silva","NEON_D07_MLBS_DP1_537000_4142000_classified_point_cloud.laz","2018_MLBS_3_537000_4142000_image.tif","Tree",1,537000,537999.999,4142000,4142999.999
"17438",17438,537849.658,537858.498,4142632.214,4142643.464,"Silva","NEON_D07_MLBS_DP1_537000_4142000_classified_point_cloud.laz","2018_MLBS_3_537000_4142000_image.tif","Tree",1,537000,537999.999,4142000,4142999.999
"17439",17439,537821.081,537832.994,4142643.511,4142651.496,"Silva","NEON_D07_MLBS_DP1_537000_4142000_classified_point_cloud.laz","2018_MLBS_3_537000_4142000_image.tif","Tree",1,537000,537999.999,4142000,4142999.999
"17440",17440,537836.55,537845.462,4142645.554,4142651.988,"Silva","NEON_D07_MLBS_DP1_537000_4142000_classified_point_cloud.laz","2018_MLBS_3_537000_4142000_image.tif","Tree",1,537000,537999.999,4142000,4142999.999
"17441",17441,537856.505,537864.937,4142641.512,4142652.488,"Silva","NEON_D07_MLBS_DP1_537000_4142000_classified_point_cloud.laz","2018_MLBS_3_537000_4142000_image.tif","Tree",1,537000,537999.999,4142000,4142999.999
"17442",17442,537832.571,537839.888,4142648.004,4142656.969,"Silva","NEON_D07_MLBS_DP1_537000_4142000_classified_point_cloud.laz","2018_MLBS_3_537000_4142000_image.tif","Tree",1,537000,537999.999,4142000,4142999.999
"17443",17443,537821.012,537831.393,4142651.52,4142662.886,"Silva","NEON_D07_MLBS_DP1_537000_4142000_classified_point_cloud.laz","2018_MLBS_3_537000_4142000_image.tif","Tree",1,537000,537999.999,4142000,4142999.999
"17444",17444,537836.565,537846.98,4142651.135,4142657.451,"Silva","NEON_D07_MLBS_DP1_537000_4142000_classified_point_cloud.laz","2018_MLBS_3_537000_4142000_image.tif","Tree",1,537000,537999.999,4142000,4142999.999
"17445",17445,537861.713,537871.481,4142646.619,4142653.413,"Silva","NEON_D07_MLBS_DP1_537000_4142000_classified_point_cloud.laz","2018_MLBS_3_537000_4142000_image.tif","Tree",1,537000,537999.999,4142000,4142999.999
"17446",17446,537848.521,537859.989,4142650.077,4142659.975,"Silva","NEON_D07_MLBS_DP1_537000_4142000_classified_point_cloud.laz","2018_MLBS_3_537000_4142000_image.tif","Tree",1,537000,537999.999,4142000,4142999.999
"17447",17447,537837.053,537849.486,4142654.597,4142663.702,"Silva","NEON_D07_MLBS_DP1_537000_4142000_classified_point_cloud.laz","2018_MLBS_3_537000_4142000_image.tif","Tree",1,537000,537999.999,4142000,4142999.999
"17448",17448,537825.503,537837.38,4142656.536,4142665.993,"Silva","NEON_D07_MLBS_DP1_537000_4142000_classified_point_cloud.laz","2018_MLBS_3_537000_4142000_image.tif","Tree",1,537000,537999.999,4142000,4142999.999
"17449",17449,537866,537872.487,4142649.032,4142657.931,"Silva","NEON_D07_MLBS_DP1_537000_4142000_classified_point_cloud.laz","2018_MLBS_3_537000_4142000_image.tif","Tree",1,537000,537999.999,4142000,4142999.999
"17450",17450,537872.668,537877.982,4142650.501,4142657.983,"Silva","NEON_D07_MLBS_DP1_537000_4142000_classified_point_cloud.laz","2018_MLBS_3_537000_4142000_image.tif","Tree",1,537000,537999.999,4142000,4142999.999
"17451",17451,537859.506,537868.243,4142652.067,4142661.46,"Silva","NEON_D07_MLBS_DP1_537000_4142000_classified_point_cloud.laz","2018_MLBS_3_537000_4142000_image.tif","Tree",1,537000,537999.999,4142000,4142999.999
"17452",17452,537877.582,537884.452,4142649.502,4142658.486,"Silva","NEON_D07_MLBS_DP1_537000_4142000_classified_point_cloud.laz","2018_MLBS_3_537000_4142000_image.tif","Tree",1,537000,537999.999,4142000,4142999.999
"17453",17453,537849.025,537860.826,4142656.781,4142666.494,"Silva","NEON_D07_MLBS_DP1_537000_4142000_classified_point_cloud.laz","2018_MLBS_3_537000_4142000_image.tif","Tree",1,537000,537999.999,4142000,4142999.999
"17454",17454,537854.074,537865.261,4142659.512,4142666.999,"Silva","NEON_D07_MLBS_DP1_537000_4142000_classified_point_cloud.laz","2018_MLBS_3_537000_4142000_image.tif","Tree",1,537000,537999.999,4142000,4142999.999
"17455",17455,537833.089,537843.477,4142661.695,4142671.642,"Silva","NEON_D07_MLBS_DP1_537000_4142000_classified_point_cloud.laz","2018_MLBS_3_537000_4142000_image.tif","Tree",1,537000,537999.999,4142000,4142999.999
"17456",17456,537817.516,537827.98,4142666.577,4142678.95,"Silva","NEON_D07_MLBS_DP1_537000_4142000_classified_point_cloud.laz","2018_MLBS_3_537000_4142000_image.tif","Tree",1,537000,537999.999,4142000,4142999.999
"17457",17457,537826.011,537834.405,4142665.505,4142677.993,"Silva","NEON_D07_MLBS_DP1_537000_4142000_classified_point_cloud.laz","2018_MLBS_3_537000_4142000_image.tif","Tree",1,537000,537999.999,4142000,4142999.999
"17458",17458,537874.022,537882.948,4142658.009,4142669.986,"Silva","NEON_D07_MLBS_DP1_537000_4142000_classified_point_cloud.laz","2018_MLBS_3_537000_4142000_image.tif","Tree",1,537000,537999.999,4142000,4142999.999
"17459",17459,537838.727,537850.487,4142665.03,4142676.403,"Silva","NEON_D07_MLBS_DP1_537000_4142000_classified_point_cloud.laz","2018_MLBS_3_537000_4142000_image.tif","Tree",1,537000,537999.999,4142000,4142999.999
"17460",17460,537828.56,537838.961,4142669.646,4142680.449,"Silva","NEON_D07_MLBS_DP1_537000_4142000_classified_point_cloud.laz","2018_MLBS_3_537000_4142000_image.tif","Tree",1,537000,537999.999,4142000,4142999.999
"17461",17461,537863.021,537874.864,4142669.526,4142679.497,"Silva","NEON_D07_MLBS_DP1_537000_4142000_classified_point_cloud.laz","2018_MLBS_3_537000_4142000_image.tif","Tree",1,537000,537999.999,4142000,4142999.999
"17462",17462,537829.157,537834.808,4142621.751,4142626.985,"Silva","NEON_D07_MLBS_DP1_537000_4142000_classified_point_cloud.laz","2018_MLBS_3_537000_4142000_image.tif","Tree",1,537000,537999.999,4142000,4142999.999
"17463",17463,537849.514,537859.489,4142614.546,4142623.884,"Silva","NEON_D07_MLBS_DP1_537000_4142000_classified_point_cloud.laz","2018_MLBS_3_537000_4142000_image.tif","Tree",1,537000,537999.999,4142000,4142999.999
"17464",17464,537816.507,537824.98,4142622.055,4142628.495,"Silva","NEON_D07_MLBS_DP1_537000_4142000_classified_point_cloud.laz","2018_MLBS_3_537000_4142000_image.tif","Tree",1,537000,537999.999,4142000,4142999.999
"17465",17465,537825.26,537831.48,4142619.115,4142626.947,"Silva","NEON_D07_MLBS_DP1_537000_4142000_classified_point_cloud.laz","2018_MLBS_3_537000_4142000_image.tif","Tree",1,537000,537999.999,4142000,4142999.999
"17466",17466,537840.557,537849.482,4142615.025,4142625.33,"Silva","NEON_D07_MLBS_DP1_537000_4142000_classified_point_cloud.laz","2018_MLBS_3_537000_4142000_image.tif","Tree",1,537000,537999.999,4142000,4142999.999
"17467",17467,537819.513,537825.491,4142618.519,4142624.978,"Silva","NEON_D07_MLBS_DP1_537000_4142000_classified_point_cloud.laz","2018_MLBS_3_537000_4142000_image.tif","Tree",1,537000,537999.999,4142000,4142999.999
"17468",17468,537823.55,537829.994,4142616.508,4142622.96,"Silva","NEON_D07_MLBS_DP1_537000_4142000_classified_point_cloud.laz","2018_MLBS_3_537000_4142000_image.tif","Tree",1,537000,537999.999,4142000,4142999.999
"17469",17469,537835.006,537842.396,4142612.535,4142621.427,"Silva","NEON_D07_MLBS_DP1_537000_4142000_classified_point_cloud.laz","2018_MLBS_3_537000_4142000_image.tif","Tree",1,537000,537999.999,4142000,4142999.999
"17470",17470,537828.622,537835.882,4142611.02,4142618.942,"Silva","NEON_D07_MLBS_DP1_537000_4142000_classified_point_cloud.laz","2018_MLBS_3_537000_4142000_image.tif","Tree",1,537000,537999.999,4142000,4142999.999
"17471",17471,537837.614,537848.401,4142676.196,4142688.483,"Silva","NEON_D07_MLBS_DP1_537000_4142000_classified_point_cloud.laz","2018_MLBS_3_537000_4142000_image.tif","Tree",1,537000,537999.999,4142000,4142999.999
"17472",17472,537822.039,537832.933,4142678.001,4142689.816,"Silva","NEON_D07_MLBS_DP1_537000_4142000_classified_point_cloud.laz","2018_MLBS_3_537000_4142000_image.tif","Tree",1,537000,537999.999,4142000,4142999.999
"17473",17473,537848.527,537856.483,4142680.002,4142683.871,"Silva","NEON_D07_MLBS_DP1_537000_4142000_classified_point_cloud.laz","2018_MLBS_3_537000_4142000_image.tif","Tree",1,537000,537999.999,4142000,4142999.999
"17474",17474,537829.54,537840.973,4142684.037,4142693.965,"Silva","NEON_D07_MLBS_DP1_537000_4142000_classified_point_cloud.laz","2018_MLBS_3_537000_4142000_image.tif","Tree",1,537000,537999.999,4142000,4142999.999
"17475",17475,537858.525,537865.936,4142679.605,4142689.428,"Silva","NEON_D07_MLBS_DP1_537000_4142000_classified_point_cloud.laz","2018_MLBS_3_537000_4142000_image.tif","Tree",1,537000,537999.999,4142000,4142999.999
"17476",17476,537853.039,537862.98,4142686.036,4142694.98,"Silva","NEON_D07_MLBS_DP1_537000_4142000_classified_point_cloud.laz","2018_MLBS_3_537000_4142000_image.tif","Tree",1,537000,537999.999,4142000,4142999.999
"17477",17477,537864.02,537871.917,4142686.024,4142693.996,"Silva","NEON_D07_MLBS_DP1_537000_4142000_classified_point_cloud.laz","2018_MLBS_3_537000_4142000_image.tif","Tree",1,537000,537999.999,4142000,4142999.999
"17478",17478,537833.595,537841.495,4142689.049,4142699.999,"Silva","NEON_D07_MLBS_DP1_537000_4142000_classified_point_cloud.laz","2018_MLBS_3_537000_4142000_image.tif","Tree",1,537000,537999.999,4142000,4142999.999
"17479",17479,537874.661,537883.95,4142682.003,4142692.973,"Silva","NEON_D07_MLBS_DP1_537000_4142000_classified_point_cloud.laz","2018_MLBS_3_537000_4142000_image.tif","Tree",1,537000,537999.999,4142000,4142999.999
"17480",17480,537870.501,537876.935,4142687.516,4142694.492,"Silva","NEON_D07_MLBS_DP1_537000_4142000_classified_point_cloud.laz","2018_MLBS_3_537000_4142000_image.tif","Tree",1,537000,537999.999,4142000,4142999.999
"17481",17481,537827.72,537837.37,4142693.524,4142703.715,"Silva","NEON_D07_MLBS_DP1_537000_4142000_classified_point_cloud.laz","2018_MLBS_3_537000_4142000_image.tif","Tree",1,537000,537999.999,4142000,4142999.999
"17482",17482,537850.51,537862.773,4142691.656,4142701.475,"Silva","NEON_D07_MLBS_DP1_537000_4142000_classified_point_cloud.laz","2018_MLBS_3_537000_4142000_image.tif","Tree",1,537000,537999.999,4142000,4142999.999
"17483",17483,537840.501,537848.982,4142697.004,4142705.243,"Silva","NEON_D07_MLBS_DP1_537000_4142000_classified_point_cloud.laz","2018_MLBS_3_537000_4142000_image.tif","Tree",1,537000,537999.999,4142000,4142999.999
"17484",17484,537873.526,537882.992,4142692.509,4142697.976,"Silva","NEON_D07_MLBS_DP1_537000_4142000_classified_point_cloud.laz","2018_MLBS_3_537000_4142000_image.tif","Tree",1,537000,537999.999,4142000,4142999.999
"17485",17485,537833.749,537842.983,4142700.066,4142708.483,"Silva","NEON_D07_MLBS_DP1_537000_4142000_classified_point_cloud.laz","2018_MLBS_3_537000_4142000_image.tif","Tree",1,537000,537999.999,4142000,4142999.999
"17486",17486,537831.028,537838.761,4142705.107,4142711.498,"Silva","NEON_D07_MLBS_DP1_537000_4142000_classified_point_cloud.laz","2018_MLBS_3_537000_4142000_image.tif","Tree",1,537000,537999.999,4142000,4142999.999
"17487",17487,537842.528,537853.996,4142703.03,4142712.997,"Silva","NEON_D07_MLBS_DP1_537000_4142000_classified_point_cloud.laz","2018_MLBS_3_537000_4142000_image.tif","Tree",1,537000,537999.999,4142000,4142999.999
"17488",17488,537853.639,537863.976,4142698.558,4142709.463,"Silva","NEON_D07_MLBS_DP1_537000_4142000_classified_point_cloud.laz","2018_MLBS_3_537000_4142000_image.tif","Tree",1,537000,537999.999,4142000,4142999.999
"17489",17489,537859.002,537865.988,4142702.08,4142710.966,"Silva","NEON_D07_MLBS_DP1_537000_4142000_classified_point_cloud.laz","2018_MLBS_3_537000_4142000_image.tif","Tree",1,537000,537999.999,4142000,4142999.999
"17490",17490,537864.03,537870.994,4142707.508,4142712.381,"Silva","NEON_D07_MLBS_DP1_537000_4142000_classified_point_cloud.laz","2018_MLBS_3_537000_4142000_image.tif","Tree",1,537000,537999.999,4142000,4142999.999
"17491",17491,537847.031,537855.48,4142708.306,4142717.739,"Silva","NEON_D07_MLBS_DP1_537000_4142000_classified_point_cloud.laz","2018_MLBS_3_537000_4142000_image.tif","Tree",1,537000,537999.999,4142000,4142999.999
"17492",17492,537854.584,537861.463,4142709.007,4142716.492,"Silva","NEON_D07_MLBS_DP1_537000_4142000_classified_point_cloud.laz","2018_MLBS_3_537000_4142000_image.tif","Tree",1,537000,537999.999,4142000,4142999.999
"17493",17493,537868.083,537876.483,4142708.001,4142716.494,"Silva","NEON_D07_MLBS_DP1_537000_4142000_classified_point_cloud.laz","2018_MLBS_3_537000_4142000_image.tif","Tree",1,537000,537999.999,4142000,4142999.999
"17494",17494,537820.556,537831.971,4142717.033,4142728.499,"Silva","NEON_D07_MLBS_DP1_537000_4142000_classified_point_cloud.laz","2018_MLBS_3_537000_4142000_image.tif","Tree",1,537000,537999.999,4142000,4142999.999
"17495",17495,537829.524,537842.482,4142720.214,4142729.878,"Silva","NEON_D07_MLBS_DP1_537000_4142000_classified_point_cloud.laz","2018_MLBS_3_537000_4142000_image.tif","Tree",1,537000,537999.999,4142000,4142999.999
"17496",17496,537853.509,537860.483,4142720.511,4142730.403,"Silva","NEON_D07_MLBS_DP1_537000_4142000_classified_point_cloud.laz","2018_MLBS_3_537000_4142000_image.tif","Tree",1,537000,537999.999,4142000,4142999.999
"17497",17497,537872.592,537877.935,4142717.064,4142724.959,"Silva","NEON_D07_MLBS_DP1_537000_4142000_classified_point_cloud.laz","2018_MLBS_3_537000_4142000_image.tif","Tree",1,537000,537999.999,4142000,4142999.999
"17498",17498,537860.501,537865.993,4142718.005,4142729.48,"Silva","NEON_D07_MLBS_DP1_537000_4142000_classified_point_cloud.laz","2018_MLBS_3_537000_4142000_image.tif","Tree",1,537000,537999.999,4142000,4142999.999
"17499",17499,537876.541,537883.985,4142719.004,4142723.947,"Silva","NEON_D07_MLBS_DP1_537000_4142000_classified_point_cloud.laz","2018_MLBS_3_537000_4142000_image.tif","Tree",1,537000,537999.999,4142000,4142999.999
"17500",17500,537865.013,537873.39,4142721.065,4142730.981,"Silva","NEON_D07_MLBS_DP1_537000_4142000_classified_point_cloud.laz","2018_MLBS_3_537000_4142000_image.tif","Tree",1,537000,537999.999,4142000,4142999.999
"17501",17501,537842.501,537852.985,4142728.881,4142737.685,"Silva","NEON_D07_MLBS_DP1_537000_4142000_classified_point_cloud.laz","2018_MLBS_3_537000_4142000_image.tif","Tree",1,537000,537999.999,4142000,4142999.999
"17502",17502,537858.598,537869.962,4142729.007,4142742.404,"Silva","NEON_D07_MLBS_DP1_537000_4142000_classified_point_cloud.laz","2018_MLBS_3_537000_4142000_image.tif","Tree",1,537000,537999.999,4142000,4142999.999
"17503",17503,537870.023,537880.472,4142729.007,4142735.496,"Silva","NEON_D07_MLBS_DP1_537000_4142000_classified_point_cloud.laz","2018_MLBS_3_537000_4142000_image.tif","Tree",1,537000,537999.999,4142000,4142999.999
"17504",17504,537870.078,537878.453,4142734.53,4142744.499,"Silva","NEON_D07_MLBS_DP1_537000_4142000_classified_point_cloud.laz","2018_MLBS_3_537000_4142000_image.tif","Tree",1,537000,537999.999,4142000,4142999.999
"17505",17505,537848.528,537854.498,4142740.535,4142752.334,"Silva","NEON_D07_MLBS_DP1_537000_4142000_classified_point_cloud.laz","2018_MLBS_3_537000_4142000_image.tif","Tree",1,537000,537999.999,4142000,4142999.999
"17506",17506,537875.511,537882.995,4142767.082,4142775.968,"Silva","NEON_D07_MLBS_DP1_537000_4142000_classified_point_cloud.laz","2018_MLBS_3_537000_4142000_image.tif","Tree",1,537000,537999.999,4142000,4142999.999
"17507",17507,537867.082,537875.901,4142758.501,4142767.489,"Silva","NEON_D07_MLBS_DP1_537000_4142000_classified_point_cloud.laz","2018_MLBS_3_537000_4142000_image.tif","Tree",1,537000,537999.999,4142000,4142999.999
"17508",17508,537864.014,537875.47,4142752.006,4142760.916,"Silva","NEON_D07_MLBS_DP1_537000_4142000_classified_point_cloud.laz","2018_MLBS_3_537000_4142000_image.tif","Tree",1,537000,537999.999,4142000,4142999.999
"17509",17509,537840.288,537848.474,4142743.06,4142751.408,"Silva","NEON_D07_MLBS_DP1_537000_4142000_classified_point_cloud.laz","2018_MLBS_3_537000_4142000_image.tif","Tree",1,537000,537999.999,4142000,4142999.999
"17510",17510,537854.502,537863.482,4142741.507,4142751.485,"Silva","NEON_D07_MLBS_DP1_537000_4142000_classified_point_cloud.laz","2018_MLBS_3_537000_4142000_image.tif","Tree",1,537000,537999.999,4142000,4142999.999
"17511",17511,537836.274,537843.773,4142747.072,4142755.499,"Silva","NEON_D07_MLBS_DP1_537000_4142000_classified_point_cloud.laz","2018_MLBS_3_537000_4142000_image.tif","Tree",1,537000,537999.999,4142000,4142999.999
"17512",17512,537851.501,537856.481,4142801.512,4142809.968,"Silva","NEON_D07_MLBS_DP1_537000_4142000_classified_point_cloud.laz","2018_MLBS_3_537000_4142000_image.tif","Tree",1,537000,537999.999,4142000,4142999.999
"17513",17513,537854.509,537860.927,4142801.088,4142812.484,"Silva","NEON_D07_MLBS_DP1_537000_4142000_classified_point_cloud.laz","2018_MLBS_3_537000_4142000_image.tif","Tree",1,537000,537999.999,4142000,4142999.999
"17514",17514,537867.028,537874.886,4142800.65,4142807.051,"Silva","NEON_D07_MLBS_DP1_537000_4142000_classified_point_cloud.laz","2018_MLBS_3_537000_4142000_image.tif","Tree",1,537000,537999.999,4142000,4142999.999
"17515",17515,537874.5,537885.489,4142798.169,4142803.861,"Silva","NEON_D07_MLBS_DP1_537000_4142000_classified_point_cloud.laz","2018_MLBS_3_537000_4142000_image.tif","Tree",1,537000,537999.999,4142000,4142999.999
"17516",17516,537868.513,537874.493,4142795.602,4142800.999,"Silva","NEON_D07_MLBS_DP1_537000_4142000_classified_point_cloud.laz","2018_MLBS_3_537000_4142000_image.tif","Tree",1,537000,537999.999,4142000,4142999.999
"17517",17517,537857.564,537865.912,4142792.507,4142801.995,"Silva","NEON_D07_MLBS_DP1_537000_4142000_classified_point_cloud.laz","2018_MLBS_3_537000_4142000_image.tif","Tree",1,537000,537999.999,4142000,4142999.999
"17518",17518,537869.527,537876.85,4142791.541,4142799.163,"Silva","NEON_D07_MLBS_DP1_537000_4142000_classified_point_cloud.laz","2018_MLBS_3_537000_4142000_image.tif","Tree",1,537000,537999.999,4142000,4142999.999
"17519",17519,537837.544,537849.932,4142796.771,4142807.924,"Silva","NEON_D07_MLBS_DP1_537000_4142000_classified_point_cloud.laz","2018_MLBS_3_537000_4142000_image.tif","Tree",1,537000,537999.999,4142000,4142999.999
"17520",17520,537851.003,537859.979,4142792.504,4142801.985,"Silva","NEON_D07_MLBS_DP1_537000_4142000_classified_point_cloud.laz","2018_MLBS_3_537000_4142000_image.tif","Tree",1,537000,537999.999,4142000,4142999.999
"17521",17521,537846.03,537852.992,4142790.58,4142800.477,"Silva","NEON_D07_MLBS_DP1_537000_4142000_classified_point_cloud.laz","2018_MLBS_3_537000_4142000_image.tif","Tree",1,537000,537999.999,4142000,4142999.999
"17522",17522,537830.205,537838.481,4142790.527,4142799.936,"Silva","NEON_D07_MLBS_DP1_537000_4142000_classified_point_cloud.laz","2018_MLBS_3_537000_4142000_image.tif","Tree",1,537000,537999.999,4142000,4142999.999
"17523",17523,537837.587,537842.848,4142789.002,4142797.422,"Silva","NEON_D07_MLBS_DP1_537000_4142000_classified_point_cloud.laz","2018_MLBS_3_537000_4142000_image.tif","Tree",1,537000,537999.999,4142000,4142999.999
"17524",17524,537850.009,537859.498,4142786.027,4142793.493,"Silva","NEON_D07_MLBS_DP1_537000_4142000_classified_point_cloud.laz","2018_MLBS_3_537000_4142000_image.tif","Tree",1,537000,537999.999,4142000,4142999.999
"17525",17525,537833.651,537840.494,4142786.112,4142792.997,"Silva","NEON_D07_MLBS_DP1_537000_4142000_classified_point_cloud.laz","2018_MLBS_3_537000_4142000_image.tif","Tree",1,537000,537999.999,4142000,4142999.999
"17526",17526,537848.548,537856.994,4142780.556,4142788.904,"Silva","NEON_D07_MLBS_DP1_537000_4142000_classified_point_cloud.laz","2018_MLBS_3_537000_4142000_image.tif","Tree",1,537000,537999.999,4142000,4142999.999
"17527",17527,537838.512,537846.457,4142782.056,4142789.451,"Silva","NEON_D07_MLBS_DP1_537000_4142000_classified_point_cloud.laz","2018_MLBS_3_537000_4142000_image.tif","Tree",1,537000,537999.999,4142000,4142999.999
"17528",17528,537867.502,537873.92,4142777.008,4142782.8,"Silva","NEON_D07_MLBS_DP1_537000_4142000_classified_point_cloud.laz","2018_MLBS_3_537000_4142000_image.tif","Tree",1,537000,537999.999,4142000,4142999.999
"17529",17529,537845.072,537853.997,4142777.025,4142786.326,"Silva","NEON_D07_MLBS_DP1_537000_4142000_classified_point_cloud.laz","2018_MLBS_3_537000_4142000_image.tif","Tree",1,537000,537999.999,4142000,4142999.999
"17530",17530,537868.001,537873.98,4142772.021,4142777.991,"Silva","NEON_D07_MLBS_DP1_537000_4142000_classified_point_cloud.laz","2018_MLBS_3_537000_4142000_image.tif","Tree",1,537000,537999.999,4142000,4142999.999
"17531",17531,537860.512,537868.481,4142772.79,4142781.495,"Silva","NEON_D07_MLBS_DP1_537000_4142000_classified_point_cloud.laz","2018_MLBS_3_537000_4142000_image.tif","Tree",1,537000,537999.999,4142000,4142999.999
"17532",17532,537850.01,537860.496,4142770.005,4142781.984,"Silva","NEON_D07_MLBS_DP1_537000_4142000_classified_point_cloud.laz","2018_MLBS_3_537000_4142000_image.tif","Tree",1,537000,537999.999,4142000,4142999.999
"17533",17533,537839.648,537850.461,4142773.517,4142781.962,"Silva","NEON_D07_MLBS_DP1_537000_4142000_classified_point_cloud.laz","2018_MLBS_3_537000_4142000_image.tif","Tree",1,537000,537999.999,4142000,4142999.999
"17534",17534,537855.625,537862.992,4142766.045,4142776.957,"Silva","NEON_D07_MLBS_DP1_537000_4142000_classified_point_cloud.laz","2018_MLBS_3_537000_4142000_image.tif","Tree",1,537000,537999.999,4142000,4142999.999
"17535",17535,537838.571,537850.97,4142765.637,4142774.499,"Silva","NEON_D07_MLBS_DP1_537000_4142000_classified_point_cloud.laz","2018_MLBS_3_537000_4142000_image.tif","Tree",1,537000,537999.999,4142000,4142999.999
"17536",17536,537834.092,537843.497,4142755.506,4142764.341,"Silva","NEON_D07_MLBS_DP1_537000_4142000_classified_point_cloud.laz","2018_MLBS_3_537000_4142000_image.tif","Tree",1,537000,537999.999,4142000,4142999.999
"17537",17537,537844.515,537853.494,4142750.01,4142761.982,"Silva","NEON_D07_MLBS_DP1_537000_4142000_classified_point_cloud.laz","2018_MLBS_3_537000_4142000_image.tif","Tree",1,537000,537999.999,4142000,4142999.999
"17538",17538,537839.552,537845.989,4142751.566,4142761.5,"Silva","NEON_D07_MLBS_DP1_537000_4142000_classified_point_cloud.laz","2018_MLBS_3_537000_4142000_image.tif","Tree",1,537000,537999.999,4142000,4142999.999
"17539",17539,537827.661,537836.494,4142754.02,4142760.477,"Silva","NEON_D07_MLBS_DP1_537000_4142000_classified_point_cloud.laz","2018_MLBS_3_537000_4142000_image.tif","Tree",1,537000,537999.999,4142000,4142999.999
"17540",17540,537834.002,537844.222,4142808.084,4142822.491,"Silva","NEON_D07_MLBS_DP1_537000_4142000_classified_point_cloud.laz","2018_MLBS_3_537000_4142000_image.tif","Tree",1,537000,537999.999,4142000,4142999.999
"17541",17541,537848.003,537856.49,4142819.004,4142829.997,"Silva","NEON_D07_MLBS_DP1_537000_4142000_classified_point_cloud.laz","2018_MLBS_3_537000_4142000_image.tif","Tree",1,537000,537999.999,4142000,4142999.999
"17542",17542,537871.016,537875.976,4142815.503,4142825.963,"Silva","NEON_D07_MLBS_DP1_537000_4142000_classified_point_cloud.laz","2018_MLBS_3_537000_4142000_image.tif","Tree",1,537000,537999.999,4142000,4142999.999
"17543",17543,537867.003,537871.925,4142817.131,4142825.479,"Silva","NEON_D07_MLBS_DP1_537000_4142000_classified_point_cloud.laz","2018_MLBS_3_537000_4142000_image.tif","Tree",1,537000,537999.999,4142000,4142999.999
"17544",17544,537837.543,537847.755,4142822.006,4142829.5,"Silva","NEON_D07_MLBS_DP1_537000_4142000_classified_point_cloud.laz","2018_MLBS_3_537000_4142000_image.tif","Tree",1,537000,537999.999,4142000,4142999.999
"17545",17545,537875.02,537882.99,4142818.51,4142827.471,"Silva","NEON_D07_MLBS_DP1_537000_4142000_classified_point_cloud.laz","2018_MLBS_3_537000_4142000_image.tif","Tree",1,537000,537999.999,4142000,4142999.999
"17546",17546,537840.791,537849.968,4142828.553,4142834.926,"Silva","NEON_D07_MLBS_DP1_537000_4142000_classified_point_cloud.laz","2018_MLBS_3_537000_4142000_image.tif","Tree",1,537000,537999.999,4142000,4142999.999
"17547",17547,537855.562,537864.953,4142827.005,4142834.979,"Silva","NEON_D07_MLBS_DP1_537000_4142000_classified_point_cloud.laz","2018_MLBS_3_537000_4142000_image.tif","Tree",1,537000,537999.999,4142000,4142999.999
"17548",17548,537865.01,537870.987,4142828.002,4142833.494,"Silva","NEON_D07_MLBS_DP1_537000_4142000_classified_point_cloud.laz","2018_MLBS_3_537000_4142000_image.tif","Tree",1,537000,537999.999,4142000,4142999.999
"17549",17549,537838.583,537848.462,4142834.044,4142839.958,"Silva","NEON_D07_MLBS_DP1_537000_4142000_classified_point_cloud.laz","2018_MLBS_3_537000_4142000_image.tif","Tree",1,537000,537999.999,4142000,4142999.999
"17550",17550,537871.557,537879.953,4142827.048,4142836.961,"Silva","NEON_D07_MLBS_DP1_537000_4142000_classified_point_cloud.laz","2018_MLBS_3_537000_4142000_image.tif","Tree",1,537000,537999.999,4142000,4142999.999
"17551",17551,537848.504,537858.483,4142829.576,4142841.473,"Silva","NEON_D07_MLBS_DP1_537000_4142000_classified_point_cloud.laz","2018_MLBS_3_537000_4142000_image.tif","Tree",1,537000,537999.999,4142000,4142999.999
"17552",17552,537875.063,537883.478,4142830.523,4142839.983,"Silva","NEON_D07_MLBS_DP1_537000_4142000_classified_point_cloud.laz","2018_MLBS_3_537000_4142000_image.tif","Tree",1,537000,537999.999,4142000,4142999.999
"17553",17553,537862.516,537868.493,4142836.528,4142845.971,"Silva","NEON_D07_MLBS_DP1_537000_4142000_classified_point_cloud.laz","2018_MLBS_3_537000_4142000_image.tif","Tree",1,537000,537999.999,4142000,4142999.999
"17554",17554,537843.564,537852.492,4142836.579,4142846.98,"Silva","NEON_D07_MLBS_DP1_537000_4142000_classified_point_cloud.laz","2018_MLBS_3_537000_4142000_image.tif","Tree",1,537000,537999.999,4142000,4142999.999
"17555",17555,537846.6,537859.217,4142864.107,4142875.429,"Silva","NEON_D07_MLBS_DP1_537000_4142000_classified_point_cloud.laz","2018_MLBS_3_537000_4142000_image.tif","Tree",1,537000,537999.999,4142000,4142999.999
"17556",17556,537866.008,537877.949,4142858.695,4142870.991,"Silva","NEON_D07_MLBS_DP1_537000_4142000_classified_point_cloud.laz","2018_MLBS_3_537000_4142000_image.tif","Tree",1,537000,537999.999,4142000,4142999.999
"17557",17557,537858.502,537866.968,4142861.023,4142872.36,"Silva","NEON_D07_MLBS_DP1_537000_4142000_classified_point_cloud.laz","2018_MLBS_3_537000_4142000_image.tif","Tree",1,537000,537999.999,4142000,4142999.999
"17558",17558,537851.014,537860.718,4142858.017,4142868.35,"Silva","NEON_D07_MLBS_DP1_537000_4142000_classified_point_cloud.laz","2018_MLBS_3_537000_4142000_image.tif","Tree",1,537000,537999.999,4142000,4142999.999
"17559",17559,537837.513,537846.997,4142857.003,4142865.377,"Silva","NEON_D07_MLBS_DP1_537000_4142000_classified_point_cloud.laz","2018_MLBS_3_537000_4142000_image.tif","Tree",1,537000,537999.999,4142000,4142999.999
"17560",17560,537863.537,537871.474,4142849.099,4142861.496,"Silva","NEON_D07_MLBS_DP1_537000_4142000_classified_point_cloud.laz","2018_MLBS_3_537000_4142000_image.tif","Tree",1,537000,537999.999,4142000,4142999.999
"17561",17561,537868.546,537878.477,4142849.504,4142859.26,"Silva","NEON_D07_MLBS_DP1_537000_4142000_classified_point_cloud.laz","2018_MLBS_3_537000_4142000_image.tif","Tree",1,537000,537999.999,4142000,4142999.999
"17562",17562,537866.185,537877.987,4142842.625,4142849.987,"Silva","NEON_D07_MLBS_DP1_537000_4142000_classified_point_cloud.laz","2018_MLBS_3_537000_4142000_image.tif","Tree",1,537000,537999.999,4142000,4142999.999
"17563",17563,537874.539,537881.496,4142839.501,4142847.89,"Silva","NEON_D07_MLBS_DP1_537000_4142000_classified_point_cloud.laz","2018_MLBS_3_537000_4142000_image.tif","Tree",1,537000,537999.999,4142000,4142999.999
"17564",17564,537838.506,537847.996,4142840.012,4142847.997,"Silva","NEON_D07_MLBS_DP1_537000_4142000_classified_point_cloud.laz","2018_MLBS_3_537000_4142000_image.tif","Tree",1,537000,537999.999,4142000,4142999.999
"17565",17565,537865.519,537873.985,4142870.552,4142881.982,"Silva","NEON_D07_MLBS_DP1_537000_4142000_classified_point_cloud.laz","2018_MLBS_3_537000_4142000_image.tif","Tree",1,537000,537999.999,4142000,4142999.999
"17566",17566,537866.508,537873.486,4142936.559,4142942.498,"Silva","NEON_D07_MLBS_DP1_537000_4142000_classified_point_cloud.laz","2018_MLBS_3_537000_4142000_image.tif","Tree",1,537000,537999.999,4142000,4142999.999
"17567",17567,537847.067,537858.401,4142933.027,4142941.862,"Silva","NEON_D07_MLBS_DP1_537000_4142000_classified_point_cloud.laz","2018_MLBS_3_537000_4142000_image.tif","Tree",1,537000,537999.999,4142000,4142999.999
"17568",17568,537859.052,537868.981,4142924.565,4142934.386,"Silva","NEON_D07_MLBS_DP1_537000_4142000_classified_point_cloud.laz","2018_MLBS_3_537000_4142000_image.tif","Tree",1,537000,537999.999,4142000,4142999.999
"17569",17569,537863.89,537871.483,4142922.54,4142929.86,"Silva","NEON_D07_MLBS_DP1_537000_4142000_classified_point_cloud.laz","2018_MLBS_3_537000_4142000_image.tif","Tree",1,537000,537999.999,4142000,4142999.999
"17570",17570,537841.063,537848.464,4142922.575,4142928.99,"Silva","NEON_D07_MLBS_DP1_537000_4142000_classified_point_cloud.laz","2018_MLBS_3_537000_4142000_image.tif","Tree",1,537000,537999.999,4142000,4142999.999
"17571",17571,537842.577,537852.263,4142914.512,4142923.484,"Silva","NEON_D07_MLBS_DP1_537000_4142000_classified_point_cloud.laz","2018_MLBS_3_537000_4142000_image.tif","Tree",1,537000,537999.999,4142000,4142999.999
"17572",17572,537872.795,537880.963,4142909.012,4142918.938,"Silva","NEON_D07_MLBS_DP1_537000_4142000_classified_point_cloud.laz","2018_MLBS_3_537000_4142000_image.tif","Tree",1,537000,537999.999,4142000,4142999.999
"17573",17573,537839.502,537848.47,4142908.011,4142917.488,"Silva","NEON_D07_MLBS_DP1_537000_4142000_classified_point_cloud.laz","2018_MLBS_3_537000_4142000_image.tif","Tree",1,537000,537999.999,4142000,4142999.999
"17574",17574,537870.298,537878.98,4142897.511,4142908.953,"Silva","NEON_D07_MLBS_DP1_537000_4142000_classified_point_cloud.laz","2018_MLBS_3_537000_4142000_image.tif","Tree",1,537000,537999.999,4142000,4142999.999
"17575",17575,537846.517,537854.968,4142900.552,4142909.995,"Silva","NEON_D07_MLBS_DP1_537000_4142000_classified_point_cloud.laz","2018_MLBS_3_537000_4142000_image.tif","Tree",1,537000,537999.999,4142000,4142999.999
"17576",17576,537858.034,537865.98,4142899.031,4142904.985,"Silva","NEON_D07_MLBS_DP1_537000_4142000_classified_point_cloud.laz","2018_MLBS_3_537000_4142000_image.tif","Tree",1,537000,537999.999,4142000,4142999.999
"17577",17577,537857.125,537866.975,4142892.632,4142898.949,"Silva","NEON_D07_MLBS_DP1_537000_4142000_classified_point_cloud.laz","2018_MLBS_3_537000_4142000_image.tif","Tree",1,537000,537999.999,4142000,4142999.999
"17578",17578,537849.507,537857.964,4142889.515,4142897.38,"Silva","NEON_D07_MLBS_DP1_537000_4142000_classified_point_cloud.laz","2018_MLBS_3_537000_4142000_image.tif","Tree",1,537000,537999.999,4142000,4142999.999
"17579",17579,537856.608,537864.902,4142884.056,4142892.989,"Silva","NEON_D07_MLBS_DP1_537000_4142000_classified_point_cloud.laz","2018_MLBS_3_537000_4142000_image.tif","Tree",1,537000,537999.999,4142000,4142999.999
"17580",17580,537861.033,537868.834,4142882.521,4142892.937,"Silva","NEON_D07_MLBS_DP1_537000_4142000_classified_point_cloud.laz","2018_MLBS_3_537000_4142000_image.tif","Tree",1,537000,537999.999,4142000,4142999.999
"17581",17581,537869.836,537878.951,4142881.059,4142890.974,"Silva","NEON_D07_MLBS_DP1_537000_4142000_classified_point_cloud.laz","2018_MLBS_3_537000_4142000_image.tif","Tree",1,537000,537999.999,4142000,4142999.999
"17582",17582,537850.565,537859.468,4142882.099,4142889.47,"Silva","NEON_D07_MLBS_DP1_537000_4142000_classified_point_cloud.laz","2018_MLBS_3_537000_4142000_image.tif","Tree",1,537000,537999.999,4142000,4142999.999
"17583",17583,537854.523,537863.989,4142872.003,4142883.988,"Silva","NEON_D07_MLBS_DP1_537000_4142000_classified_point_cloud.laz","2018_MLBS_3_537000_4142000_image.tif","Tree",1,537000,537999.999,4142000,4142999.999
"17584",17584,537862.544,537869.843,4142871.574,4142882.975,"Silva","NEON_D07_MLBS_DP1_537000_4142000_classified_point_cloud.laz","2018_MLBS_3_537000_4142000_image.tif","Tree",1,537000,537999.999,4142000,4142999.999
"17585",17585,537884.528,537892.957,4142499.075,4142504.951,"Silva","NEON_D07_MLBS_DP1_537000_4142000_classified_point_cloud.laz","2018_MLBS_3_537000_4142000_image.tif","Tree",1,537000,537999.999,4142000,4142999.999
"17586",17586,537892.004,537901.995,4142492.53,4142506.474,"Silva","NEON_D07_MLBS_DP1_537000_4142000_classified_point_cloud.laz","2018_MLBS_3_537000_4142000_image.tif","Tree",1,537000,537999.999,4142000,4142999.999
"17587",17587,537882.645,537889.967,4142503.782,4142509.809,"Silva","NEON_D07_MLBS_DP1_537000_4142000_classified_point_cloud.laz","2018_MLBS_3_537000_4142000_image.tif","Tree",1,537000,537999.999,4142000,4142999.999
"17588",17588,537889.506,537896.984,4142503.111,4142509.936,"Silva","NEON_D07_MLBS_DP1_537000_4142000_classified_point_cloud.laz","2018_MLBS_3_537000_4142000_image.tif","Tree",1,537000,537999.999,4142000,4142999.999
"17589",17589,537912.226,537919.97,4142499.566,4142507.971,"Silva","NEON_D07_MLBS_DP1_537000_4142000_classified_point_cloud.laz","2018_MLBS_3_537000_4142000_image.tif","Tree",1,537000,537999.999,4142000,4142999.999
"17590",17590,537888.1,537896.459,4142508.519,4142513.476,"Silva","NEON_D07_MLBS_DP1_537000_4142000_classified_point_cloud.laz","2018_MLBS_3_537000_4142000_image.tif","Tree",1,537000,537999.999,4142000,4142999.999
"17591",17591,537921.096,537928.493,4142500.514,4142509.981,"Silva","NEON_D07_MLBS_DP1_537000_4142000_classified_point_cloud.laz","2018_MLBS_3_537000_4142000_image.tif","Tree",1,537000,537999.999,4142000,4142999.999
"17592",17592,537886.028,537890.966,4142511.622,4142519.239,"Silva","NEON_D07_MLBS_DP1_537000_4142000_classified_point_cloud.laz","2018_MLBS_3_537000_4142000_image.tif","Tree",1,537000,537999.999,4142000,4142999.999
"17593",17593,537904.516,537913.44,4142505.037,4142514.992,"Silva","NEON_D07_MLBS_DP1_537000_4142000_classified_point_cloud.laz","2018_MLBS_3_537000_4142000_image.tif","Tree",1,537000,537999.999,4142000,4142999.999
"17594",17594,537891.03,537897.979,4142511.557,4142518.419,"Silva","NEON_D07_MLBS_DP1_537000_4142000_classified_point_cloud.laz","2018_MLBS_3_537000_4142000_image.tif","Tree",1,537000,537999.999,4142000,4142999.999
"17595",17595,537935.013,537941.383,4142502.076,4142511.884,"Silva","NEON_D07_MLBS_DP1_537000_4142000_classified_point_cloud.laz","2018_MLBS_3_537000_4142000_image.tif","Tree",1,537000,537999.999,4142000,4142999.999
"17596",17596,537897.536,537906.965,4142512.158,4142520.728,"Silva","NEON_D07_MLBS_DP1_537000_4142000_classified_point_cloud.laz","2018_MLBS_3_537000_4142000_image.tif","Tree",1,537000,537999.999,4142000,4142999.999
"17597",17597,537912.649,537921.987,4142507.509,4142515.455,"Silva","NEON_D07_MLBS_DP1_537000_4142000_classified_point_cloud.laz","2018_MLBS_3_537000_4142000_image.tif","Tree",1,537000,537999.999,4142000,4142999.999
"17598",17598,537887.193,537895.988,4142516.018,4142520.351,"Silva","NEON_D07_MLBS_DP1_537000_4142000_classified_point_cloud.laz","2018_MLBS_3_537000_4142000_image.tif","Tree",1,537000,537999.999,4142000,4142999.999
"17599",17599,537922.018,537929.498,4142509.028,4142517.983,"Silva","NEON_D07_MLBS_DP1_537000_4142000_classified_point_cloud.laz","2018_MLBS_3_537000_4142000_image.tif","Tree",1,537000,537999.999,4142000,4142999.999
"17600",17600,537905.138,537913.345,4142514.002,4142520.99,"Silva","NEON_D07_MLBS_DP1_537000_4142000_classified_point_cloud.laz","2018_MLBS_3_537000_4142000_image.tif","Tree",1,537000,537999.999,4142000,4142999.999
"17601",17601,537912.59,537916.991,4142515.008,4142520.928,"Silva","NEON_D07_MLBS_DP1_537000_4142000_classified_point_cloud.laz","2018_MLBS_3_537000_4142000_image.tif","Tree",1,537000,537999.999,4142000,4142999.999
"17602",17602,537978.123,537991.896,4142498.556,4142508.985,"Silva","NEON_D07_MLBS_DP1_537000_4142000_classified_point_cloud.laz","2018_MLBS_3_537000_4142000_image.tif","Tree",1,537000,537999.999,4142000,4142999.999
"17603",17603,537946.05,537957.486,4142506.65,4142517.417,"Silva","NEON_D07_MLBS_DP1_537000_4142000_classified_point_cloud.laz","2018_MLBS_3_537000_4142000_image.tif","Tree",1,537000,537999.999,4142000,4142999.999
"17604",17604,537936,537947.95,4142510.533,4142520.443,"Silva","NEON_D07_MLBS_DP1_537000_4142000_classified_point_cloud.laz","2018_MLBS_3_537000_4142000_image.tif","Tree",1,537000,537999.999,4142000,4142999.999
"17605",17605,537892.508,537900.495,4142522.034,4142530.417,"Silva","NEON_D07_MLBS_DP1_537000_4142000_classified_point_cloud.laz","2018_MLBS_3_537000_4142000_image.tif","Tree",1,537000,537999.999,4142000,4142999.999
"17606",17606,537877.822,537887.978,4142523.65,4142535.975,"Silva","NEON_D07_MLBS_DP1_537000_4142000_classified_point_cloud.laz","2018_MLBS_3_537000_4142000_image.tif","Tree",1,537000,537999.999,4142000,4142999.999
"17607",17607,537886.019,537894.456,4142523.587,4142534.996,"Silva","NEON_D07_MLBS_DP1_537000_4142000_classified_point_cloud.laz","2018_MLBS_3_537000_4142000_image.tif","Tree",1,537000,537999.999,4142000,4142999.999
"17608",17608,537991.013,537997.951,4142503.605,4142511.972,"Silva","NEON_D07_MLBS_DP1_537000_4142000_classified_point_cloud.laz","2018_MLBS_3_537000_4142000_image.tif","Tree",1,537000,537999.999,4142000,4142999.999
"17609",17609,537949.891,537959.498,4142512.019,4142520.114,"Silva","NEON_D07_MLBS_DP1_537000_4142000_classified_point_cloud.laz","2018_MLBS_3_537000_4142000_image.tif","Tree",1,537000,537999.999,4142000,4142999.999
"17610",17610,537964.009,537971.998,4142508.009,4142517.371,"Silva","NEON_D07_MLBS_DP1_537000_4142000_classified_point_cloud.laz","2018_MLBS_3_537000_4142000_image.tif","Tree",1,537000,537999.999,4142000,4142999.999
"17611",17611,537971.614,537979.871,4142511.03,4142520.964,"Silva","NEON_D07_MLBS_DP1_537000_4142000_classified_point_cloud.laz","2018_MLBS_3_537000_4142000_image.tif","Tree",1,537000,537999.999,4142000,4142999.999
"17612",17612,537892.572,537902.489,4142528.045,4142537.334,"Silva","NEON_D07_MLBS_DP1_537000_4142000_classified_point_cloud.laz","2018_MLBS_3_537000_4142000_image.tif","Tree",1,537000,537999.999,4142000,4142999.999
"17613",17613,537959.531,537967.495,4142515.52,4142523.669,"Silva","NEON_D07_MLBS_DP1_537000_4142000_classified_point_cloud.laz","2018_MLBS_3_537000_4142000_image.tif","Tree",1,537000,537999.999,4142000,4142999.999
"17614",17614,537947.082,537954.951,4142517.658,4142526.494,"Silva","NEON_D07_MLBS_DP1_537000_4142000_classified_point_cloud.laz","2018_MLBS_3_537000_4142000_image.tif","Tree",1,537000,537999.999,4142000,4142999.999
"17615",17615,537967.028,537974.904,4142515.065,4142523.497,"Silva","NEON_D07_MLBS_DP1_537000_4142000_classified_point_cloud.laz","2018_MLBS_3_537000_4142000_image.tif","Tree",1,537000,537999.999,4142000,4142999.999
"17616",17616,537916.537,537927.98,4142526.093,4142537.475,"Silva","NEON_D07_MLBS_DP1_537000_4142000_classified_point_cloud.laz","2018_MLBS_3_537000_4142000_image.tif","Tree",1,537000,537999.999,4142000,4142999.999
"17617",17617,537898.028,537908.342,4142531.501,4142540.969,"Silva","NEON_D07_MLBS_DP1_537000_4142000_classified_point_cloud.laz","2018_MLBS_3_537000_4142000_image.tif","Tree",1,537000,537999.999,4142000,4142999.999
"17618",17618,537926.043,537937.94,4142528.527,4142537.805,"Silva","NEON_D07_MLBS_DP1_537000_4142000_classified_point_cloud.laz","2018_MLBS_3_537000_4142000_image.tif","Tree",1,537000,537999.999,4142000,4142999.999
"17619",17619,537945.53,537953.294,4142525.186,4142533.742,"Silva","NEON_D07_MLBS_DP1_537000_4142000_classified_point_cloud.laz","2018_MLBS_3_537000_4142000_image.tif","Tree",1,537000,537999.999,4142000,4142999.999
"17620",17620,537969.528,537977.45,4142521.003,4142531.456,"Silva","NEON_D07_MLBS_DP1_537000_4142000_classified_point_cloud.laz","2018_MLBS_3_537000_4142000_image.tif","Tree",1,537000,537999.999,4142000,4142999.999
"17621",17621,537912.503,537925.365,4142532.534,4142545.493,"Silva","NEON_D07_MLBS_DP1_537000_4142000_classified_point_cloud.laz","2018_MLBS_3_537000_4142000_image.tif","Tree",1,537000,537999.999,4142000,4142999.999
"17622",17622,537880.5,537888.96,4142542.132,4142550.493,"Silva","NEON_D07_MLBS_DP1_537000_4142000_classified_point_cloud.laz","2018_MLBS_3_537000_4142000_image.tif","Tree",1,537000,537999.999,4142000,4142999.999
"17623",17623,537895.508,537904.99,4142537.556,4142547.951,"Silva","NEON_D07_MLBS_DP1_537000_4142000_classified_point_cloud.laz","2018_MLBS_3_537000_4142000_image.tif","Tree",1,537000,537999.999,4142000,4142999.999
"17624",17624,537987.511,537994.471,4142519.327,4142529.865,"Silva","NEON_D07_MLBS_DP1_537000_4142000_classified_point_cloud.laz","2018_MLBS_3_537000_4142000_image.tif","Tree",1,537000,537999.999,4142000,4142999.999
"17625",17625,537993.661,537999.999,4142519.019,4142528.494,"Silva","NEON_D07_MLBS_DP1_537000_4142000_classified_point_cloud.laz","2018_MLBS_3_537000_4142000_image.tif","Tree",1,537000,537999.999,4142000,4142999.999
"17626",17626,537980.001,537987.954,4142525.521,4142532.963,"Silva","NEON_D07_MLBS_DP1_537000_4142000_classified_point_cloud.laz","2018_MLBS_3_537000_4142000_image.tif","Tree",1,537000,537999.999,4142000,4142999.999
"17627",17627,537905.001,537916.928,4142542.503,4142550.478,"Silva","NEON_D07_MLBS_DP1_537000_4142000_classified_point_cloud.laz","2018_MLBS_3_537000_4142000_image.tif","Tree",1,537000,537999.999,4142000,4142999.999
"17628",17628,537939.026,537947.442,4142535.095,4142541.949,"Silva","NEON_D07_MLBS_DP1_537000_4142000_classified_point_cloud.laz","2018_MLBS_3_537000_4142000_image.tif","Tree",1,537000,537999.999,4142000,4142999.999
"17629",17629,537973.003,537981.895,4142530.007,4142535.38,"Silva","NEON_D07_MLBS_DP1_537000_4142000_classified_point_cloud.laz","2018_MLBS_3_537000_4142000_image.tif","Tree",1,537000,537999.999,4142000,4142999.999
"17630",17630,537957.218,537966.944,4142532.017,4142540.492,"Silva","NEON_D07_MLBS_DP1_537000_4142000_classified_point_cloud.laz","2018_MLBS_3_537000_4142000_image.tif","Tree",1,537000,537999.999,4142000,4142999.999
"17631",17631,537923.01,537935.46,4142537.536,4142548.496,"Silva","NEON_D07_MLBS_DP1_537000_4142000_classified_point_cloud.laz","2018_MLBS_3_537000_4142000_image.tif","Tree",1,537000,537999.999,4142000,4142999.999
"17632",17632,537966.585,537975.466,4142531.046,4142540.99,"Silva","NEON_D07_MLBS_DP1_537000_4142000_classified_point_cloud.laz","2018_MLBS_3_537000_4142000_image.tif","Tree",1,537000,537999.999,4142000,4142999.999
"17633",17633,537949.716,537957.826,4142536.035,4142544.369,"Silva","NEON_D07_MLBS_DP1_537000_4142000_classified_point_cloud.laz","2018_MLBS_3_537000_4142000_image.tif","Tree",1,537000,537999.999,4142000,4142999.999
"17634",17634,537981.048,537989.452,4142531.513,4142542.412,"Silva","NEON_D07_MLBS_DP1_537000_4142000_classified_point_cloud.laz","2018_MLBS_3_537000_4142000_image.tif","Tree",1,537000,537999.999,4142000,4142999.999
"17635",17635,537995.546,537999.998,4142531.423,4142539.498,"Silva","NEON_D07_MLBS_DP1_537000_4142000_classified_point_cloud.laz","2018_MLBS_3_537000_4142000_image.tif","Tree",1,537000,537999.999,4142000,4142999.999
"17636",17636,537963.007,537971.439,4142539.036,4142549.743,"Silva","NEON_D07_MLBS_DP1_537000_4142000_classified_point_cloud.laz","2018_MLBS_3_537000_4142000_image.tif","Tree",1,537000,537999.999,4142000,4142999.999
"17637",17637,537989.023,537997.907,4142534.515,4142542.5,"Silva","NEON_D07_MLBS_DP1_537000_4142000_classified_point_cloud.laz","2018_MLBS_3_537000_4142000_image.tif","Tree",1,537000,537999.999,4142000,4142999.999
"17638",17638,537969.024,537980.49,4142540.517,4142553.432,"Silva","NEON_D07_MLBS_DP1_537000_4142000_classified_point_cloud.laz","2018_MLBS_3_537000_4142000_image.tif","Tree",1,537000,537999.999,4142000,4142999.999
"17639",17639,537980.505,537991.471,4142541.12,4142548.976,"Silva","NEON_D07_MLBS_DP1_537000_4142000_classified_point_cloud.laz","2018_MLBS_3_537000_4142000_image.tif","Tree",1,537000,537999.999,4142000,4142999.999
"17640",17640,537995.681,537999.991,4142539.529,4142545.968,"Silva","NEON_D07_MLBS_DP1_537000_4142000_classified_point_cloud.laz","2018_MLBS_3_537000_4142000_image.tif","Tree",1,537000,537999.999,4142000,4142999.999
"17641",17641,537896,537905.37,4142546.517,4142555.95,"Silva","NEON_D07_MLBS_DP1_537000_4142000_classified_point_cloud.laz","2018_MLBS_3_537000_4142000_image.tif","Tree",1,537000,537999.999,4142000,4142999.999
"17642",17642,537909.004,537918.985,4142545.096,4142554.751,"Silva","NEON_D07_MLBS_DP1_537000_4142000_classified_point_cloud.laz","2018_MLBS_3_537000_4142000_image.tif","Tree",1,537000,537999.999,4142000,4142999.999
"17643",17643,537888.559,537897.494,4142552.255,4142559.937,"Silva","NEON_D07_MLBS_DP1_537000_4142000_classified_point_cloud.laz","2018_MLBS_3_537000_4142000_image.tif","Tree",1,537000,537999.999,4142000,4142999.999
"17644",17644,537917.525,537922.968,4142544.575,4142554.495,"Silva","NEON_D07_MLBS_DP1_537000_4142000_classified_point_cloud.laz","2018_MLBS_3_537000_4142000_image.tif","Tree",1,537000,537999.999,4142000,4142999.999
"17645",17645,537936.503,537943.482,4142546.504,4142554.422,"Silva","NEON_D07_MLBS_DP1_537000_4142000_classified_point_cloud.laz","2018_MLBS_3_537000_4142000_image.tif","Tree",1,537000,537999.999,4142000,4142999.999
"17646",17646,537897.019,537906.996,4142555.019,4142563.5,"Silva","NEON_D07_MLBS_DP1_537000_4142000_classified_point_cloud.laz","2018_MLBS_3_537000_4142000_image.tif","Tree",1,537000,537999.999,4142000,4142999.999
"17647",17647,537943.01,537949.495,4142545.698,4142554.327,"Silva","NEON_D07_MLBS_DP1_537000_4142000_classified_point_cloud.laz","2018_MLBS_3_537000_4142000_image.tif","Tree",1,537000,537999.999,4142000,4142999.999
"17648",17648,537925.649,537933.998,4142548.045,4142555.968,"Silva","NEON_D07_MLBS_DP1_537000_4142000_classified_point_cloud.laz","2018_MLBS_3_537000_4142000_image.tif","Tree",1,537000,537999.999,4142000,4142999.999
"17649",17649,537906.042,537914.975,4142553.001,4142562.498,"Silva","NEON_D07_MLBS_DP1_537000_4142000_classified_point_cloud.laz","2018_MLBS_3_537000_4142000_image.tif","Tree",1,537000,537999.999,4142000,4142999.999
"17650",17650,537888.5,537895.807,4142559.509,4142567.436,"Silva","NEON_D07_MLBS_DP1_537000_4142000_classified_point_cloud.laz","2018_MLBS_3_537000_4142000_image.tif","Tree",1,537000,537999.999,4142000,4142999.999
"17651",17651,537924.554,537932.383,4142555.52,4142559.993,"Silva","NEON_D07_MLBS_DP1_537000_4142000_classified_point_cloud.laz","2018_MLBS_3_537000_4142000_image.tif","Tree",1,537000,537999.999,4142000,4142999.999
"17652",17652,537933.042,537943.435,4142552.506,4142562.498,"Silva","NEON_D07_MLBS_DP1_537000_4142000_classified_point_cloud.laz","2018_MLBS_3_537000_4142000_image.tif","Tree",1,537000,537999.999,4142000,4142999.999
"17653",17653,537892.558,537900.952,4142559.503,4142569.486,"Silva","NEON_D07_MLBS_DP1_537000_4142000_classified_point_cloud.laz","2018_MLBS_3_537000_4142000_image.tif","Tree",1,537000,537999.999,4142000,4142999.999
"17654",17654,537881.088,537891.499,4142567.011,4142572.498,"Silva","NEON_D07_MLBS_DP1_537000_4142000_classified_point_cloud.laz","2018_MLBS_3_537000_4142000_image.tif","Tree",1,537000,537999.999,4142000,4142999.999
"17655",17655,537925.03,537930.482,4142560.005,4142564.356,"Silva","NEON_D07_MLBS_DP1_537000_4142000_classified_point_cloud.laz","2018_MLBS_3_537000_4142000_image.tif","Tree",1,537000,537999.999,4142000,4142999.999
"17656",17656,537877.5,537883.981,4142567.084,4142575.997,"Silva","NEON_D07_MLBS_DP1_537000_4142000_classified_point_cloud.laz","2018_MLBS_3_537000_4142000_image.tif","Tree",1,537000,537999.999,4142000,4142999.999
"17657",17657,537924.238,537931.499,4142563.599,4142568.994,"Silva","NEON_D07_MLBS_DP1_537000_4142000_classified_point_cloud.laz","2018_MLBS_3_537000_4142000_image.tif","Tree",1,537000,537999.999,4142000,4142999.999
"17658",17658,537883.045,537888.46,4142571.644,4142580.352,"Silva","NEON_D07_MLBS_DP1_537000_4142000_classified_point_cloud.laz","2018_MLBS_3_537000_4142000_image.tif","Tree",1,537000,537999.999,4142000,4142999.999
"17659",17659,537898.072,537906.997,4142569.04,4142576.712,"Silva","NEON_D07_MLBS_DP1_537000_4142000_classified_point_cloud.laz","2018_MLBS_3_537000_4142000_image.tif","Tree",1,537000,537999.999,4142000,4142999.999
"17660",17660,537931.016,537938.989,4142562.003,4142568.331,"Silva","NEON_D07_MLBS_DP1_537000_4142000_classified_point_cloud.laz","2018_MLBS_3_537000_4142000_image.tif","Tree",1,537000,537999.999,4142000,4142999.999
"17661",17661,537894.546,537901.931,4142569.529,4142579.43,"Silva","NEON_D07_MLBS_DP1_537000_4142000_classified_point_cloud.laz","2018_MLBS_3_537000_4142000_image.tif","Tree",1,537000,537999.999,4142000,4142999.999
"17662",17662,537887.035,537894.919,4142572.564,4142582.464,"Silva","NEON_D07_MLBS_DP1_537000_4142000_classified_point_cloud.laz","2018_MLBS_3_537000_4142000_image.tif","Tree",1,537000,537999.999,4142000,4142999.999
"17663",17663,537939.014,537948.49,4142561.386,4142570.927,"Silva","NEON_D07_MLBS_DP1_537000_4142000_classified_point_cloud.laz","2018_MLBS_3_537000_4142000_image.tif","Tree",1,537000,537999.999,4142000,4142999.999
"17664",17664,537925.126,537932.37,4142568.517,4142575.473,"Silva","NEON_D07_MLBS_DP1_537000_4142000_classified_point_cloud.laz","2018_MLBS_3_537000_4142000_image.tif","Tree",1,537000,537999.999,4142000,4142999.999
"17665",17665,537902.071,537910.404,4142573.034,4142583.38,"Silva","NEON_D07_MLBS_DP1_537000_4142000_classified_point_cloud.laz","2018_MLBS_3_537000_4142000_image.tif","Tree",1,537000,537999.999,4142000,4142999.999
"17666",17666,537897.505,537904.879,4142577.558,4142586.475,"Silva","NEON_D07_MLBS_DP1_537000_4142000_classified_point_cloud.laz","2018_MLBS_3_537000_4142000_image.tif","Tree",1,537000,537999.999,4142000,4142999.999
"17667",17667,537931.519,537938.994,4142572.578,4142581.97,"Silva","NEON_D07_MLBS_DP1_537000_4142000_classified_point_cloud.laz","2018_MLBS_3_537000_4142000_image.tif","Tree",1,537000,537999.999,4142000,4142999.999
"17668",17668,537900.585,537907.976,4142581.519,4142586.955,"Silva","NEON_D07_MLBS_DP1_537000_4142000_classified_point_cloud.laz","2018_MLBS_3_537000_4142000_image.tif","Tree",1,537000,537999.999,4142000,4142999.999
"17669",17669,537908.031,537917.315,4142581.652,4142587.937,"Silva","NEON_D07_MLBS_DP1_537000_4142000_classified_point_cloud.laz","2018_MLBS_3_537000_4142000_image.tif","Tree",1,537000,537999.999,4142000,4142999.999
"17670",17670,537883.614,537890.989,4142584.517,4142593.482,"Silva","NEON_D07_MLBS_DP1_537000_4142000_classified_point_cloud.laz","2018_MLBS_3_537000_4142000_image.tif","Tree",1,537000,537999.999,4142000,4142999.999
"17671",17671,537933.68,537945.477,4142576.555,4142585.992,"Silva","NEON_D07_MLBS_DP1_537000_4142000_classified_point_cloud.laz","2018_MLBS_3_537000_4142000_image.tif","Tree",1,537000,537999.999,4142000,4142999.999
"17672",17672,537902.019,537906.989,4142586.543,4142594.439,"Silva","NEON_D07_MLBS_DP1_537000_4142000_classified_point_cloud.laz","2018_MLBS_3_537000_4142000_image.tif","Tree",1,537000,537999.999,4142000,4142999.999
"17673",17673,537877.109,537885.976,4142589.519,4142596.951,"Silva","NEON_D07_MLBS_DP1_537000_4142000_classified_point_cloud.laz","2018_MLBS_3_537000_4142000_image.tif","Tree",1,537000,537999.999,4142000,4142999.999
"17674",17674,537906.597,537914.949,4142585.671,4142596.96,"Silva","NEON_D07_MLBS_DP1_537000_4142000_classified_point_cloud.laz","2018_MLBS_3_537000_4142000_image.tif","Tree",1,537000,537999.999,4142000,4142999.999
"17675",17675,537893.602,537901.482,4142588.553,4142598.099,"Silva","NEON_D07_MLBS_DP1_537000_4142000_classified_point_cloud.laz","2018_MLBS_3_537000_4142000_image.tif","Tree",1,537000,537999.999,4142000,4142999.999
"17676",17676,537886.017,537894.856,4142592.017,4142600.999,"Silva","NEON_D07_MLBS_DP1_537000_4142000_classified_point_cloud.laz","2018_MLBS_3_537000_4142000_image.tif","Tree",1,537000,537999.999,4142000,4142999.999
"17677",17677,537921.612,537926.99,4142588.51,4142594.433,"Silva","NEON_D07_MLBS_DP1_537000_4142000_classified_point_cloud.laz","2018_MLBS_3_537000_4142000_image.tif","Tree",1,537000,537999.999,4142000,4142999.999
"17678",17678,537933.071,537941.49,4142586.092,4142595.964,"Silva","NEON_D07_MLBS_DP1_537000_4142000_classified_point_cloud.laz","2018_MLBS_3_537000_4142000_image.tif","Tree",1,537000,537999.999,4142000,4142999.999
"17679",17679,537916.573,537924.97,4142594.004,4142599.315,"Silva","NEON_D07_MLBS_DP1_537000_4142000_classified_point_cloud.laz","2018_MLBS_3_537000_4142000_image.tif","Tree",1,537000,537999.999,4142000,4142999.999
"17680",17680,537924.011,537930.994,4142591.509,4142600.989,"Silva","NEON_D07_MLBS_DP1_537000_4142000_classified_point_cloud.laz","2018_MLBS_3_537000_4142000_image.tif","Tree",1,537000,537999.999,4142000,4142999.999
"17681",17681,537893.59,537903.436,4142596.05,4142603.94,"Silva","NEON_D07_MLBS_DP1_537000_4142000_classified_point_cloud.laz","2018_MLBS_3_537000_4142000_image.tif","Tree",1,537000,537999.999,4142000,4142999.999
"17682",17682,537902.531,537912.926,4142594.653,4142604.908,"Silva","NEON_D07_MLBS_DP1_537000_4142000_classified_point_cloud.laz","2018_MLBS_3_537000_4142000_image.tif","Tree",1,537000,537999.999,4142000,4142999.999
"17683",17683,537881.005,537893.487,4142600.024,4142609.988,"Silva","NEON_D07_MLBS_DP1_537000_4142000_classified_point_cloud.laz","2018_MLBS_3_537000_4142000_image.tif","Tree",1,537000,537999.999,4142000,4142999.999
"17684",17684,537930.501,537939.479,4142591.048,4142600.369,"Silva","NEON_D07_MLBS_DP1_537000_4142000_classified_point_cloud.laz","2018_MLBS_3_537000_4142000_image.tif","Tree",1,537000,537999.999,4142000,4142999.999
"17685",17685,537913.564,537925.98,4142596.53,4142604.479,"Silva","NEON_D07_MLBS_DP1_537000_4142000_classified_point_cloud.laz","2018_MLBS_3_537000_4142000_image.tif","Tree",1,537000,537999.999,4142000,4142999.999
"17686",17686,537894.984,537905.488,4142602.513,4142608.454,"Silva","NEON_D07_MLBS_DP1_537000_4142000_classified_point_cloud.laz","2018_MLBS_3_537000_4142000_image.tif","Tree",1,537000,537999.999,4142000,4142999.999
"17687",17687,537928.532,537939.471,4142598.007,4142605.965,"Silva","NEON_D07_MLBS_DP1_537000_4142000_classified_point_cloud.laz","2018_MLBS_3_537000_4142000_image.tif","Tree",1,537000,537999.999,4142000,4142999.999
"17688",17688,537894.512,537900.958,4142604.518,4142613.948,"Silva","NEON_D07_MLBS_DP1_537000_4142000_classified_point_cloud.laz","2018_MLBS_3_537000_4142000_image.tif","Tree",1,537000,537999.999,4142000,4142999.999
"17689",17689,537919.212,537927.962,4142601.674,4142612.412,"Silva","NEON_D07_MLBS_DP1_537000_4142000_classified_point_cloud.laz","2018_MLBS_3_537000_4142000_image.tif","Tree",1,537000,537999.999,4142000,4142999.999
"17690",17690,537901.057,537910.462,4142605.111,4142613.447,"Silva","NEON_D07_MLBS_DP1_537000_4142000_classified_point_cloud.laz","2018_MLBS_3_537000_4142000_image.tif","Tree",1,537000,537999.999,4142000,4142999.999
"17691",17691,537899.274,537907.486,4142610.007,4142618.997,"Silva","NEON_D07_MLBS_DP1_537000_4142000_classified_point_cloud.laz","2018_MLBS_3_537000_4142000_image.tif","Tree",1,537000,537999.999,4142000,4142999.999
"17692",17692,537956.508,537968.344,4142546.545,4142556.915,"Silva","NEON_D07_MLBS_DP1_537000_4142000_classified_point_cloud.laz","2018_MLBS_3_537000_4142000_image.tif","Tree",1,537000,537999.999,4142000,4142999.999
"17693",17693,537946.743,537957.463,4142551.004,4142560.952,"Silva","NEON_D07_MLBS_DP1_537000_4142000_classified_point_cloud.laz","2018_MLBS_3_537000_4142000_image.tif","Tree",1,537000,537999.999,4142000,4142999.999
"17694",17694,537954.031,537963.968,4142556.508,4142565.496,"Silva","NEON_D07_MLBS_DP1_537000_4142000_classified_point_cloud.laz","2018_MLBS_3_537000_4142000_image.tif","Tree",1,537000,537999.999,4142000,4142999.999
"17695",17695,537969.54,537976.916,4142553.567,4142565.46,"Silva","NEON_D07_MLBS_DP1_537000_4142000_classified_point_cloud.laz","2018_MLBS_3_537000_4142000_image.tif","Tree",1,537000,537999.999,4142000,4142999.999
"17696",17696,537948.039,537955.988,4142562.037,4142571.987,"Silva","NEON_D07_MLBS_DP1_537000_4142000_classified_point_cloud.laz","2018_MLBS_3_537000_4142000_image.tif","Tree",1,537000,537999.999,4142000,4142999.999
"17697",17697,537955.021,537964.46,4142563.039,4142571.983,"Silva","NEON_D07_MLBS_DP1_537000_4142000_classified_point_cloud.laz","2018_MLBS_3_537000_4142000_image.tif","Tree",1,537000,537999.999,4142000,4142999.999
"17698",17698,537974.548,537984.993,4142561.024,4142569.482,"Silva","NEON_D07_MLBS_DP1_537000_4142000_classified_point_cloud.laz","2018_MLBS_3_537000_4142000_image.tif","Tree",1,537000,537999.999,4142000,4142999.999
"17699",17699,537992.55,537999.997,4142556.079,4142566.97,"Silva","NEON_D07_MLBS_DP1_537000_4142000_classified_point_cloud.laz","2018_MLBS_3_537000_4142000_image.tif","Tree",1,537000,537999.999,4142000,4142999.999
"17700",17700,537964.539,537973.377,4142563.536,4142569.994,"Silva","NEON_D07_MLBS_DP1_537000_4142000_classified_point_cloud.laz","2018_MLBS_3_537000_4142000_image.tif","Tree",1,537000,537999.999,4142000,4142999.999
"17701",17701,537984.582,537997.421,4142563.554,4142571.433,"Silva","NEON_D07_MLBS_DP1_537000_4142000_classified_point_cloud.laz","2018_MLBS_3_537000_4142000_image.tif","Tree",1,537000,537999.999,4142000,4142999.999
"17702",17702,537971.037,537979.445,4142565.53,4142575.872,"Silva","NEON_D07_MLBS_DP1_537000_4142000_classified_point_cloud.laz","2018_MLBS_3_537000_4142000_image.tif","Tree",1,537000,537999.999,4142000,4142999.999
"17703",17703,537944.504,537955.997,4142572.001,4142579.934,"Silva","NEON_D07_MLBS_DP1_537000_4142000_classified_point_cloud.laz","2018_MLBS_3_537000_4142000_image.tif","Tree",1,537000,537999.999,4142000,4142999.999
"17704",17704,537963.515,537971.963,4142570.006,4142574.806,"Silva","NEON_D07_MLBS_DP1_537000_4142000_classified_point_cloud.laz","2018_MLBS_3_537000_4142000_image.tif","Tree",1,537000,537999.999,4142000,4142999.999
"17705",17705,537956.006,537964.975,4142571.503,4142579.97,"Silva","NEON_D07_MLBS_DP1_537000_4142000_classified_point_cloud.laz","2018_MLBS_3_537000_4142000_image.tif","Tree",1,537000,537999.999,4142000,4142999.999
"17706",17706,537975.036,537982.993,4142569.52,4142578.482,"Silva","NEON_D07_MLBS_DP1_537000_4142000_classified_point_cloud.laz","2018_MLBS_3_537000_4142000_image.tif","Tree",1,537000,537999.999,4142000,4142999.999
"17707",17707,537982.575,537988.485,4142568.022,4142577.485,"Silva","NEON_D07_MLBS_DP1_537000_4142000_classified_point_cloud.laz","2018_MLBS_3_537000_4142000_image.tif","Tree",1,537000,537999.999,4142000,4142999.999
"17708",17708,537944.014,537951.491,4142579.028,4142589.487,"Silva","NEON_D07_MLBS_DP1_537000_4142000_classified_point_cloud.laz","2018_MLBS_3_537000_4142000_image.tif","Tree",1,537000,537999.999,4142000,4142999.999
"17709",17709,537951.523,537957.494,4142579.008,4142588,"Silva","NEON_D07_MLBS_DP1_537000_4142000_classified_point_cloud.laz","2018_MLBS_3_537000_4142000_image.tif","Tree",1,537000,537999.999,4142000,4142999.999
"17710",17710,537957.502,537965.926,4142580.009,4142587.985,"Silva","NEON_D07_MLBS_DP1_537000_4142000_classified_point_cloud.laz","2018_MLBS_3_537000_4142000_image.tif","Tree",1,537000,537999.999,4142000,4142999.999
"17711",17711,537981.502,537989.978,4142577.008,4142585.498,"Silva","NEON_D07_MLBS_DP1_537000_4142000_classified_point_cloud.laz","2018_MLBS_3_537000_4142000_image.tif","Tree",1,537000,537999.999,4142000,4142999.999
"17712",17712,537989.894,537996.907,4142573.525,4142581.944,"Silva","NEON_D07_MLBS_DP1_537000_4142000_classified_point_cloud.laz","2018_MLBS_3_537000_4142000_image.tif","Tree",1,537000,537999.999,4142000,4142999.999
"17713",17713,537972.07,537979.384,4142577.256,4142587.944,"Silva","NEON_D07_MLBS_DP1_537000_4142000_classified_point_cloud.laz","2018_MLBS_3_537000_4142000_image.tif","Tree",1,537000,537999.999,4142000,4142999.999
"17714",17714,537961.537,537971.465,4142584.013,4142594.485,"Silva","NEON_D07_MLBS_DP1_537000_4142000_classified_point_cloud.laz","2018_MLBS_3_537000_4142000_image.tif","Tree",1,537000,537999.999,4142000,4142999.999
"17715",17715,537947.057,537956.491,4142588.039,4142594.497,"Silva","NEON_D07_MLBS_DP1_537000_4142000_classified_point_cloud.laz","2018_MLBS_3_537000_4142000_image.tif","Tree",1,537000,537999.999,4142000,4142999.999
"17716",17716,537991.513,537999.254,4142579.762,4142586.983,"Silva","NEON_D07_MLBS_DP1_537000_4142000_classified_point_cloud.laz","2018_MLBS_3_537000_4142000_image.tif","Tree",1,537000,537999.999,4142000,4142999.999
"17717",17717,537997.007,537999.983,4142581.557,4142587.997,"Silva","NEON_D07_MLBS_DP1_537000_4142000_classified_point_cloud.laz","2018_MLBS_3_537000_4142000_image.tif","Tree",1,537000,537999.999,4142000,4142999.999
"17718",17718,537992.076,537996.964,4142586.54,4142594.404,"Silva","NEON_D07_MLBS_DP1_537000_4142000_classified_point_cloud.laz","2018_MLBS_3_537000_4142000_image.tif","Tree",1,537000,537999.999,4142000,4142999.999
"17719",17719,537980.591,537987.488,4142585.669,4142598.769,"Silva","NEON_D07_MLBS_DP1_537000_4142000_classified_point_cloud.laz","2018_MLBS_3_537000_4142000_image.tif","Tree",1,537000,537999.999,4142000,4142999.999
"17720",17720,537995.614,537999.999,4142587.608,4142594.898,"Silva","NEON_D07_MLBS_DP1_537000_4142000_classified_point_cloud.laz","2018_MLBS_3_537000_4142000_image.tif","Tree",1,537000,537999.999,4142000,4142999.999
"17721",17721,537987.557,537993.337,4142589.017,4142595.493,"Silva","NEON_D07_MLBS_DP1_537000_4142000_classified_point_cloud.laz","2018_MLBS_3_537000_4142000_image.tif","Tree",1,537000,537999.999,4142000,4142999.999
"17722",17722,537963.132,537974.58,4142591.046,4142599.471,"Silva","NEON_D07_MLBS_DP1_537000_4142000_classified_point_cloud.laz","2018_MLBS_3_537000_4142000_image.tif","Tree",1,537000,537999.999,4142000,4142999.999
"17723",17723,537941.531,537949.495,4142599.521,4142606.928,"Silva","NEON_D07_MLBS_DP1_537000_4142000_classified_point_cloud.laz","2018_MLBS_3_537000_4142000_image.tif","Tree",1,537000,537999.999,4142000,4142999.999
"17724",17724,537953.515,537959.999,4142598.069,4142605.98,"Silva","NEON_D07_MLBS_DP1_537000_4142000_classified_point_cloud.laz","2018_MLBS_3_537000_4142000_image.tif","Tree",1,537000,537999.999,4142000,4142999.999
"17725",17725,537985.031,537995.963,4142593.824,4142602.928,"Silva","NEON_D07_MLBS_DP1_537000_4142000_classified_point_cloud.laz","2018_MLBS_3_537000_4142000_image.tif","Tree",1,537000,537999.999,4142000,4142999.999
"17726",17726,537995.533,537999.995,4142594.285,4142600.995,"Silva","NEON_D07_MLBS_DP1_537000_4142000_classified_point_cloud.laz","2018_MLBS_3_537000_4142000_image.tif","Tree",1,537000,537999.999,4142000,4142999.999
"17727",17727,537952.574,537958.468,4142605.512,4142612.435,"Silva","NEON_D07_MLBS_DP1_537000_4142000_classified_point_cloud.laz","2018_MLBS_3_537000_4142000_image.tif","Tree",1,537000,537999.999,4142000,4142999.999
"17728",17728,537970.005,537974.988,4142600.706,4142610.432,"Silva","NEON_D07_MLBS_DP1_537000_4142000_classified_point_cloud.laz","2018_MLBS_3_537000_4142000_image.tif","Tree",1,537000,537999.999,4142000,4142999.999
"17729",17729,537956.08,537963.454,4142605.506,4142611.974,"Silva","NEON_D07_MLBS_DP1_537000_4142000_classified_point_cloud.laz","2018_MLBS_3_537000_4142000_image.tif","Tree",1,537000,537999.999,4142000,4142999.999
"17730",17730,537992.509,537999.99,4142608.037,4142613.498,"Silva","NEON_D07_MLBS_DP1_537000_4142000_classified_point_cloud.laz","2018_MLBS_3_537000_4142000_image.tif","Tree",1,537000,537999.999,4142000,4142999.999
"17731",17731,537970.506,537980.857,4142609.056,4142618.478,"Silva","NEON_D07_MLBS_DP1_537000_4142000_classified_point_cloud.laz","2018_MLBS_3_537000_4142000_image.tif","Tree",1,537000,537999.999,4142000,4142999.999
"17732",17732,537978.636,537985.96,4142605.009,4142614.478,"Silva","NEON_D07_MLBS_DP1_537000_4142000_classified_point_cloud.laz","2018_MLBS_3_537000_4142000_image.tif","Tree",1,537000,537999.999,4142000,4142999.999
"17733",17733,537961.252,537969.969,4142608.017,4142616.947,"Silva","NEON_D07_MLBS_DP1_537000_4142000_classified_point_cloud.laz","2018_MLBS_3_537000_4142000_image.tif","Tree",1,537000,537999.999,4142000,4142999.999
"17734",17734,537975.022,537981.96,4142603.066,4142610.44,"Silva","NEON_D07_MLBS_DP1_537000_4142000_classified_point_cloud.laz","2018_MLBS_3_537000_4142000_image.tif","Tree",1,537000,537999.999,4142000,4142999.999
"17735",17735,537882.179,537892.941,4142611.023,4142619.946,"Silva","NEON_D07_MLBS_DP1_537000_4142000_classified_point_cloud.laz","2018_MLBS_3_537000_4142000_image.tif","Tree",1,537000,537999.999,4142000,4142999.999
"17736",17736,537915.023,537924.992,4142613.001,4142619.98,"Silva","NEON_D07_MLBS_DP1_537000_4142000_classified_point_cloud.laz","2018_MLBS_3_537000_4142000_image.tif","Tree",1,537000,537999.999,4142000,4142999.999
"17737",17737,537882.775,537892.49,4142619.02,4142628.5,"Silva","NEON_D07_MLBS_DP1_537000_4142000_classified_point_cloud.laz","2018_MLBS_3_537000_4142000_image.tif","Tree",1,537000,537999.999,4142000,4142999.999
"17738",17738,537892.252,537902.465,4142619.009,4142626.466,"Silva","NEON_D07_MLBS_DP1_537000_4142000_classified_point_cloud.laz","2018_MLBS_3_537000_4142000_image.tif","Tree",1,537000,537999.999,4142000,4142999.999
"17739",17739,537896.508,537902.993,4142665.102,4142670.479,"Silva","NEON_D07_MLBS_DP1_537000_4142000_classified_point_cloud.laz","2018_MLBS_3_537000_4142000_image.tif","Tree",1,537000,537999.999,4142000,4142999.999
"17740",17740,537930.028,537937.886,4142660.006,4142664.989,"Silva","NEON_D07_MLBS_DP1_537000_4142000_classified_point_cloud.laz","2018_MLBS_3_537000_4142000_image.tif","Tree",1,537000,537999.999,4142000,4142999.999
"17741",17741,537889.503,537897.984,4142667.509,4142676.905,"Silva","NEON_D07_MLBS_DP1_537000_4142000_classified_point_cloud.laz","2018_MLBS_3_537000_4142000_image.tif","Tree",1,537000,537999.999,4142000,4142999.999
"17742",17742,537937.536,537945.498,4142661.008,4142667.996,"Silva","NEON_D07_MLBS_DP1_537000_4142000_classified_point_cloud.laz","2018_MLBS_3_537000_4142000_image.tif","Tree",1,537000,537999.999,4142000,4142999.999
"17743",17743,537900.502,537907.466,4142670.502,4142678.963,"Silva","NEON_D07_MLBS_DP1_537000_4142000_classified_point_cloud.laz","2018_MLBS_3_537000_4142000_image.tif","Tree",1,537000,537999.999,4142000,4142999.999
"17744",17744,537906.017,537917.972,4142670.118,4142679,"Silva","NEON_D07_MLBS_DP1_537000_4142000_classified_point_cloud.laz","2018_MLBS_3_537000_4142000_image.tif","Tree",1,537000,537999.999,4142000,4142999.999
"17745",17745,537937.028,537946.924,4142655.035,4142661.498,"Silva","NEON_D07_MLBS_DP1_537000_4142000_classified_point_cloud.laz","2018_MLBS_3_537000_4142000_image.tif","Tree",1,537000,537999.999,4142000,4142999.999
"17746",17746,537884.737,537890.977,4142664.501,4142673.485,"Silva","NEON_D07_MLBS_DP1_537000_4142000_classified_point_cloud.laz","2018_MLBS_3_537000_4142000_image.tif","Tree",1,537000,537999.999,4142000,4142999.999
"17747",17747,537889.626,537896.967,4142660.005,4142669.269,"Silva","NEON_D07_MLBS_DP1_537000_4142000_classified_point_cloud.laz","2018_MLBS_3_537000_4142000_image.tif","Tree",1,537000,537999.999,4142000,4142999.999
"17748",17748,537877.044,537885.998,4142661.524,4142674.412,"Silva","NEON_D07_MLBS_DP1_537000_4142000_classified_point_cloud.laz","2018_MLBS_3_537000_4142000_image.tif","Tree",1,537000,537999.999,4142000,4142999.999
"17749",17749,537920.555,537930.498,4142653.095,4142663.492,"Silva","NEON_D07_MLBS_DP1_537000_4142000_classified_point_cloud.laz","2018_MLBS_3_537000_4142000_image.tif","Tree",1,537000,537999.999,4142000,4142999.999
"17750",17750,537895.534,537905.434,4142659.21,4142665.451,"Silva","NEON_D07_MLBS_DP1_537000_4142000_classified_point_cloud.laz","2018_MLBS_3_537000_4142000_image.tif","Tree",1,537000,537999.999,4142000,4142999.999
"17751",17751,537918.061,537927.345,4142653.509,4142662.941,"Silva","NEON_D07_MLBS_DP1_537000_4142000_classified_point_cloud.laz","2018_MLBS_3_537000_4142000_image.tif","Tree",1,537000,537999.999,4142000,4142999.999
"17752",17752,537907.001,537916.471,4142654.572,4142662.448,"Silva","NEON_D07_MLBS_DP1_537000_4142000_classified_point_cloud.laz","2018_MLBS_3_537000_4142000_image.tif","Tree",1,537000,537999.999,4142000,4142999.999
"17753",17753,537883.525,537893.946,4142657.064,4142665,"Silva","NEON_D07_MLBS_DP1_537000_4142000_classified_point_cloud.laz","2018_MLBS_3_537000_4142000_image.tif","Tree",1,537000,537999.999,4142000,4142999.999
"17754",17754,537938.505,537948.499,4142648.026,4142657.49,"Silva","NEON_D07_MLBS_DP1_537000_4142000_classified_point_cloud.laz","2018_MLBS_3_537000_4142000_image.tif","Tree",1,537000,537999.999,4142000,4142999.999
"17755",17755,537899.512,537906.984,4142654.081,4142661.988,"Silva","NEON_D07_MLBS_DP1_537000_4142000_classified_point_cloud.laz","2018_MLBS_3_537000_4142000_image.tif","Tree",1,537000,537999.999,4142000,4142999.999
"17756",17756,537913.525,537919.991,4142649.53,4142659.609,"Silva","NEON_D07_MLBS_DP1_537000_4142000_classified_point_cloud.laz","2018_MLBS_3_537000_4142000_image.tif","Tree",1,537000,537999.999,4142000,4142999.999
"17757",17757,537941.54,537950.935,4142642.518,4142651.99,"Silva","NEON_D07_MLBS_DP1_537000_4142000_classified_point_cloud.laz","2018_MLBS_3_537000_4142000_image.tif","Tree",1,537000,537999.999,4142000,4142999.999
"17758",17758,537881.045,537891.485,4142651.58,4142661.468,"Silva","NEON_D07_MLBS_DP1_537000_4142000_classified_point_cloud.laz","2018_MLBS_3_537000_4142000_image.tif","Tree",1,537000,537999.999,4142000,4142999.999
"17759",17759,537922.582,537934.305,4142641.005,4142653.124,"Silva","NEON_D07_MLBS_DP1_537000_4142000_classified_point_cloud.laz","2018_MLBS_3_537000_4142000_image.tif","Tree",1,537000,537999.999,4142000,4142999.999
"17760",17760,537933.702,537941.98,4142643.502,4142649.46,"Silva","NEON_D07_MLBS_DP1_537000_4142000_classified_point_cloud.laz","2018_MLBS_3_537000_4142000_image.tif","Tree",1,537000,537999.999,4142000,4142999.999
"17761",17761,537899.536,537906.934,4142649.514,4142654.924,"Silva","NEON_D07_MLBS_DP1_537000_4142000_classified_point_cloud.laz","2018_MLBS_3_537000_4142000_image.tif","Tree",1,537000,537999.999,4142000,4142999.999
"17762",17762,537934.613,537942.466,4142637.787,4142643.5,"Silva","NEON_D07_MLBS_DP1_537000_4142000_classified_point_cloud.laz","2018_MLBS_3_537000_4142000_image.tif","Tree",1,537000,537999.999,4142000,4142999.999
"17763",17763,537892.021,537899.485,4142643.215,4142653.176,"Silva","NEON_D07_MLBS_DP1_537000_4142000_classified_point_cloud.laz","2018_MLBS_3_537000_4142000_image.tif","Tree",1,537000,537999.999,4142000,4142999.999
"17764",17764,537898.522,537905.495,4142640.578,4142650.5,"Silva","NEON_D07_MLBS_DP1_537000_4142000_classified_point_cloud.laz","2018_MLBS_3_537000_4142000_image.tif","Tree",1,537000,537999.999,4142000,4142999.999
"17765",17765,537904.552,537909.92,4142642.431,4142648.88,"Silva","NEON_D07_MLBS_DP1_537000_4142000_classified_point_cloud.laz","2018_MLBS_3_537000_4142000_image.tif","Tree",1,537000,537999.999,4142000,4142999.999
"17766",17766,537941.502,537948.912,4142636.012,4142642.499,"Silva","NEON_D07_MLBS_DP1_537000_4142000_classified_point_cloud.laz","2018_MLBS_3_537000_4142000_image.tif","Tree",1,537000,537999.999,4142000,4142999.999
"17767",17767,537907.658,537914.971,4142640.58,4142646.986,"Silva","NEON_D07_MLBS_DP1_537000_4142000_classified_point_cloud.laz","2018_MLBS_3_537000_4142000_image.tif","Tree",1,537000,537999.999,4142000,4142999.999
"17768",17768,537938.018,537944.935,4142628.578,4142639,"Silva","NEON_D07_MLBS_DP1_537000_4142000_classified_point_cloud.laz","2018_MLBS_3_537000_4142000_image.tif","Tree",1,537000,537999.999,4142000,4142999.999
"17769",17769,537880.001,537888.891,4142642.115,4142651.999,"Silva","NEON_D07_MLBS_DP1_537000_4142000_classified_point_cloud.laz","2018_MLBS_3_537000_4142000_image.tif","Tree",1,537000,537999.999,4142000,4142999.999
"17770",17770,537925.522,537934.461,4142633.006,4142642.441,"Silva","NEON_D07_MLBS_DP1_537000_4142000_classified_point_cloud.laz","2018_MLBS_3_537000_4142000_image.tif","Tree",1,537000,537999.999,4142000,4142999.999
"17771",17771,537914.02,537925.934,4142635.658,4142644.924,"Silva","NEON_D07_MLBS_DP1_537000_4142000_classified_point_cloud.laz","2018_MLBS_3_537000_4142000_image.tif","Tree",1,537000,537999.999,4142000,4142999.999
"17772",17772,537903.556,537914.44,4142636.075,4142642.914,"Silva","NEON_D07_MLBS_DP1_537000_4142000_classified_point_cloud.laz","2018_MLBS_3_537000_4142000_image.tif","Tree",1,537000,537999.999,4142000,4142999.999
"17773",17773,537886.746,537899.387,4142637.067,4142645.481,"Silva","NEON_D07_MLBS_DP1_537000_4142000_classified_point_cloud.laz","2018_MLBS_3_537000_4142000_image.tif","Tree",1,537000,537999.999,4142000,4142999.999
"17774",17774,537917.061,537926.499,4142630.011,4142637.906,"Silva","NEON_D07_MLBS_DP1_537000_4142000_classified_point_cloud.laz","2018_MLBS_3_537000_4142000_image.tif","Tree",1,537000,537999.999,4142000,4142999.999
"17775",17775,537891.114,537900.992,4142630.505,4142640.993,"Silva","NEON_D07_MLBS_DP1_537000_4142000_classified_point_cloud.laz","2018_MLBS_3_537000_4142000_image.tif","Tree",1,537000,537999.999,4142000,4142999.999
"17776",17776,537925.002,537930.937,4142623.036,4142632.456,"Silva","NEON_D07_MLBS_DP1_537000_4142000_classified_point_cloud.laz","2018_MLBS_3_537000_4142000_image.tif","Tree",1,537000,537999.999,4142000,4142999.999
"17777",17777,537882.727,537892.481,4142628.012,4142636.866,"Silva","NEON_D07_MLBS_DP1_537000_4142000_classified_point_cloud.laz","2018_MLBS_3_537000_4142000_image.tif","Tree",1,537000,537999.999,4142000,4142999.999
"17778",17778,537942.033,537950.937,4142615.761,4142624.421,"Silva","NEON_D07_MLBS_DP1_537000_4142000_classified_point_cloud.laz","2018_MLBS_3_537000_4142000_image.tif","Tree",1,537000,537999.999,4142000,4142999.999
"17779",17779,537897.005,537903.968,4142623.519,4142629.996,"Silva","NEON_D07_MLBS_DP1_537000_4142000_classified_point_cloud.laz","2018_MLBS_3_537000_4142000_image.tif","Tree",1,537000,537999.999,4142000,4142999.999
"17780",17780,537913.518,537920.449,4142618.543,4142628.372,"Silva","NEON_D07_MLBS_DP1_537000_4142000_classified_point_cloud.laz","2018_MLBS_3_537000_4142000_image.tif","Tree",1,537000,537999.999,4142000,4142999.999
"17781",17781,537901.003,537907.974,4142619.039,4142628.489,"Silva","NEON_D07_MLBS_DP1_537000_4142000_classified_point_cloud.laz","2018_MLBS_3_537000_4142000_image.tif","Tree",1,537000,537999.999,4142000,4142999.999
"17782",17782,537935.584,537942.997,4142613.168,4142621.354,"Silva","NEON_D07_MLBS_DP1_537000_4142000_classified_point_cloud.laz","2018_MLBS_3_537000_4142000_image.tif","Tree",1,537000,537999.999,4142000,4142999.999
"17783",17783,537984.014,537993.981,4142645.529,4142656.976,"Silva","NEON_D07_MLBS_DP1_537000_4142000_classified_point_cloud.laz","2018_MLBS_3_537000_4142000_image.tif","Tree",1,537000,537999.999,4142000,4142999.999
"17784",17784,537977.089,537986.468,4142648.131,4142658.492,"Silva","NEON_D07_MLBS_DP1_537000_4142000_classified_point_cloud.laz","2018_MLBS_3_537000_4142000_image.tif","Tree",1,537000,537999.999,4142000,4142999.999
"17785",17785,537966.78,537974.978,4142656.529,4142664.722,"Silva","NEON_D07_MLBS_DP1_537000_4142000_classified_point_cloud.laz","2018_MLBS_3_537000_4142000_image.tif","Tree",1,537000,537999.999,4142000,4142999.999
"17786",17786,537989.126,537995.956,4142654.542,4142661,"Silva","NEON_D07_MLBS_DP1_537000_4142000_classified_point_cloud.laz","2018_MLBS_3_537000_4142000_image.tif","Tree",1,537000,537999.999,4142000,4142999.999
"17787",17787,537977.435,537986.472,4142658.502,4142668.992,"Silva","NEON_D07_MLBS_DP1_537000_4142000_classified_point_cloud.laz","2018_MLBS_3_537000_4142000_image.tif","Tree",1,537000,537999.999,4142000,4142999.999
"17788",17788,537985.238,537992.47,4142657.016,4142668.458,"Silva","NEON_D07_MLBS_DP1_537000_4142000_classified_point_cloud.laz","2018_MLBS_3_537000_4142000_image.tif","Tree",1,537000,537999.999,4142000,4142999.999
"17789",17789,537989.128,537996.992,4142661.018,4142669.487,"Silva","NEON_D07_MLBS_DP1_537000_4142000_classified_point_cloud.laz","2018_MLBS_3_537000_4142000_image.tif","Tree",1,537000,537999.999,4142000,4142999.999
"17790",17790,537995.563,537999.998,4142661.704,4142668.98,"Silva","NEON_D07_MLBS_DP1_537000_4142000_classified_point_cloud.laz","2018_MLBS_3_537000_4142000_image.tif","Tree",1,537000,537999.999,4142000,4142999.999
"17791",17791,537946.567,537956.419,4142671.507,4142681.832,"Silva","NEON_D07_MLBS_DP1_537000_4142000_classified_point_cloud.laz","2018_MLBS_3_537000_4142000_image.tif","Tree",1,537000,537999.999,4142000,4142999.999
"17792",17792,537975.501,537986.417,4142669.014,4142681.499,"Silva","NEON_D07_MLBS_DP1_537000_4142000_classified_point_cloud.laz","2018_MLBS_3_537000_4142000_image.tif","Tree",1,537000,537999.999,4142000,4142999.999
"17793",17793,537995.045,537999.996,4142669.029,4142675.439,"Silva","NEON_D07_MLBS_DP1_537000_4142000_classified_point_cloud.laz","2018_MLBS_3_537000_4142000_image.tif","Tree",1,537000,537999.999,4142000,4142999.999
"17794",17794,537987.524,537996.488,4142674.065,4142681.484,"Silva","NEON_D07_MLBS_DP1_537000_4142000_classified_point_cloud.laz","2018_MLBS_3_537000_4142000_image.tif","Tree",1,537000,537999.999,4142000,4142999.999
"17795",17795,537948.072,537961.802,4142648.002,4142657.994,"Silva","NEON_D07_MLBS_DP1_537000_4142000_classified_point_cloud.laz","2018_MLBS_3_537000_4142000_image.tif","Tree",1,537000,537999.999,4142000,4142999.999
"17796",17796,537978.552,537989.992,4142638.053,4142648.992,"Silva","NEON_D07_MLBS_DP1_537000_4142000_classified_point_cloud.laz","2018_MLBS_3_537000_4142000_image.tif","Tree",1,537000,537999.999,4142000,4142999.999
"17797",17797,537963.811,537973.462,4142640.503,4142650.936,"Silva","NEON_D07_MLBS_DP1_537000_4142000_classified_point_cloud.laz","2018_MLBS_3_537000_4142000_image.tif","Tree",1,537000,537999.999,4142000,4142999.999
"17798",17798,537992.523,537998.976,4142635.129,4142645.88,"Silva","NEON_D07_MLBS_DP1_537000_4142000_classified_point_cloud.laz","2018_MLBS_3_537000_4142000_image.tif","Tree",1,537000,537999.999,4142000,4142999.999
"17799",17799,537983.542,537992.995,4142633.011,4142645.864,"Silva","NEON_D07_MLBS_DP1_537000_4142000_classified_point_cloud.laz","2018_MLBS_3_537000_4142000_image.tif","Tree",1,537000,537999.999,4142000,4142999.999
"17800",17800,537996.525,537999.998,4142633.011,4142643.952,"Silva","NEON_D07_MLBS_DP1_537000_4142000_classified_point_cloud.laz","2018_MLBS_3_537000_4142000_image.tif","Tree",1,537000,537999.999,4142000,4142999.999
"17801",17801,537950.023,537957.992,4142640.1,4142648,"Silva","NEON_D07_MLBS_DP1_537000_4142000_classified_point_cloud.laz","2018_MLBS_3_537000_4142000_image.tif","Tree",1,537000,537999.999,4142000,4142999.999
"17802",17802,537955.564,537965.485,4142632.057,4142640.495,"Silva","NEON_D07_MLBS_DP1_537000_4142000_classified_point_cloud.laz","2018_MLBS_3_537000_4142000_image.tif","Tree",1,537000,537999.999,4142000,4142999.999
"17803",17803,537983.504,537995.477,4142623.52,4142633.485,"Silva","NEON_D07_MLBS_DP1_537000_4142000_classified_point_cloud.laz","2018_MLBS_3_537000_4142000_image.tif","Tree",1,537000,537999.999,4142000,4142999.999
"17804",17804,537988.544,537998.297,4142621.577,4142630.946,"Silva","NEON_D07_MLBS_DP1_537000_4142000_classified_point_cloud.laz","2018_MLBS_3_537000_4142000_image.tif","Tree",1,537000,537999.999,4142000,4142999.999
"17805",17805,537953.114,537963.755,4142623.507,4142633.494,"Silva","NEON_D07_MLBS_DP1_537000_4142000_classified_point_cloud.laz","2018_MLBS_3_537000_4142000_image.tif","Tree",1,537000,537999.999,4142000,4142999.999
"17806",17806,537990.623,537999.973,4142615.744,4142624.398,"Silva","NEON_D07_MLBS_DP1_537000_4142000_classified_point_cloud.laz","2018_MLBS_3_537000_4142000_image.tif","Tree",1,537000,537999.999,4142000,4142999.999
"17807",17807,537943.025,537953.48,4142620.022,4142630.924,"Silva","NEON_D07_MLBS_DP1_537000_4142000_classified_point_cloud.laz","2018_MLBS_3_537000_4142000_image.tif","Tree",1,537000,537999.999,4142000,4142999.999
"17808",17808,537983.103,537992.496,4142611.527,4142623.199,"Silva","NEON_D07_MLBS_DP1_537000_4142000_classified_point_cloud.laz","2018_MLBS_3_537000_4142000_image.tif","Tree",1,537000,537999.999,4142000,4142999.999
"17809",17809,537992.014,537999.998,4142611.107,4142618.327,"Silva","NEON_D07_MLBS_DP1_537000_4142000_classified_point_cloud.laz","2018_MLBS_3_537000_4142000_image.tif","Tree",1,537000,537999.999,4142000,4142999.999
"17810",17810,537963.109,537973.488,4142610.527,4142621.477,"Silva","NEON_D07_MLBS_DP1_537000_4142000_classified_point_cloud.laz","2018_MLBS_3_537000_4142000_image.tif","Tree",1,537000,537999.999,4142000,4142999.999
"17811",17811,537953.019,537962.402,4142612.018,4142616.972,"Silva","NEON_D07_MLBS_DP1_537000_4142000_classified_point_cloud.laz","2018_MLBS_3_537000_4142000_image.tif","Tree",1,537000,537999.999,4142000,4142999.999
"17812",17812,537887.027,537898.422,4142675.511,4142685,"Silva","NEON_D07_MLBS_DP1_537000_4142000_classified_point_cloud.laz","2018_MLBS_3_537000_4142000_image.tif","Tree",1,537000,537999.999,4142000,4142999.999
"17813",17813,537898.038,537907.491,4142678.028,4142685.997,"Silva","NEON_D07_MLBS_DP1_537000_4142000_classified_point_cloud.laz","2018_MLBS_3_537000_4142000_image.tif","Tree",1,537000,537999.999,4142000,4142999.999
"17814",17814,537895.548,537902.498,4142682.576,4142694.448,"Silva","NEON_D07_MLBS_DP1_537000_4142000_classified_point_cloud.laz","2018_MLBS_3_537000_4142000_image.tif","Tree",1,537000,537999.999,4142000,4142999.999
"17815",17815,537932.517,537941.49,4142676.034,4142685.482,"Silva","NEON_D07_MLBS_DP1_537000_4142000_classified_point_cloud.laz","2018_MLBS_3_537000_4142000_image.tif","Tree",1,537000,537999.999,4142000,4142999.999
"17816",17816,537882.078,537890.989,4142684.539,4142695.408,"Silva","NEON_D07_MLBS_DP1_537000_4142000_classified_point_cloud.laz","2018_MLBS_3_537000_4142000_image.tif","Tree",1,537000,537999.999,4142000,4142999.999
"17817",17817,537906.012,537912.486,4142685.003,4142693.446,"Silva","NEON_D07_MLBS_DP1_537000_4142000_classified_point_cloud.laz","2018_MLBS_3_537000_4142000_image.tif","Tree",1,537000,537999.999,4142000,4142999.999
"17818",17818,537891.122,537899.977,4142689.643,4142698.377,"Silva","NEON_D07_MLBS_DP1_537000_4142000_classified_point_cloud.laz","2018_MLBS_3_537000_4142000_image.tif","Tree",1,537000,537999.999,4142000,4142999.999
"17819",17819,537883.028,537893.888,4142693.567,4142700.485,"Silva","NEON_D07_MLBS_DP1_537000_4142000_classified_point_cloud.laz","2018_MLBS_3_537000_4142000_image.tif","Tree",1,537000,537999.999,4142000,4142999.999
"17820",17820,537930.635,537938.966,4142685.639,4142695.453,"Silva","NEON_D07_MLBS_DP1_537000_4142000_classified_point_cloud.laz","2018_MLBS_3_537000_4142000_image.tif","Tree",1,537000,537999.999,4142000,4142999.999
"17821",17821,537899.503,537909.929,4142693.002,4142698.99,"Silva","NEON_D07_MLBS_DP1_537000_4142000_classified_point_cloud.laz","2018_MLBS_3_537000_4142000_image.tif","Tree",1,537000,537999.999,4142000,4142999.999
"17822",17822,537921.521,537933.486,4142687.303,4142694,"Silva","NEON_D07_MLBS_DP1_537000_4142000_classified_point_cloud.laz","2018_MLBS_3_537000_4142000_image.tif","Tree",1,537000,537999.999,4142000,4142999.999
"17823",17823,537939.08,537946.991,4142686.031,4142695.492,"Silva","NEON_D07_MLBS_DP1_537000_4142000_classified_point_cloud.laz","2018_MLBS_3_537000_4142000_image.tif","Tree",1,537000,537999.999,4142000,4142999.999
"17824",17824,537925.508,537934.976,4142694.02,4142697.423,"Silva","NEON_D07_MLBS_DP1_537000_4142000_classified_point_cloud.laz","2018_MLBS_3_537000_4142000_image.tif","Tree",1,537000,537999.999,4142000,4142999.999
"17825",17825,537908.535,537913.982,4142696.006,4142705.884,"Silva","NEON_D07_MLBS_DP1_537000_4142000_classified_point_cloud.laz","2018_MLBS_3_537000_4142000_image.tif","Tree",1,537000,537999.999,4142000,4142999.999
"17826",17826,537913.002,537918.818,4142698.008,4142705.396,"Silva","NEON_D07_MLBS_DP1_537000_4142000_classified_point_cloud.laz","2018_MLBS_3_537000_4142000_image.tif","Tree",1,537000,537999.999,4142000,4142999.999
"17827",17827,537905.046,537909.979,4142698.562,4142705.996,"Silva","NEON_D07_MLBS_DP1_537000_4142000_classified_point_cloud.laz","2018_MLBS_3_537000_4142000_image.tif","Tree",1,537000,537999.999,4142000,4142999.999
"17828",17828,537884.032,537892.491,4142701.738,4142708.493,"Silva","NEON_D07_MLBS_DP1_537000_4142000_classified_point_cloud.laz","2018_MLBS_3_537000_4142000_image.tif","Tree",1,537000,537999.999,4142000,4142999.999
"17829",17829,537921.1,537927.974,4142691.086,4142704.962,"Silva","NEON_D07_MLBS_DP1_537000_4142000_classified_point_cloud.laz","2018_MLBS_3_537000_4142000_image.tif","Tree",1,537000,537999.999,4142000,4142999.999
"17830",17830,537883.049,537891.948,4142707.022,4142715.481,"Silva","NEON_D07_MLBS_DP1_537000_4142000_classified_point_cloud.laz","2018_MLBS_3_537000_4142000_image.tif","Tree",1,537000,537999.999,4142000,4142999.999
"17831",17831,537940.352,537945.49,4142698.504,4142703.99,"Silva","NEON_D07_MLBS_DP1_537000_4142000_classified_point_cloud.laz","2018_MLBS_3_537000_4142000_image.tif","Tree",1,537000,537999.999,4142000,4142999.999
"17832",17832,537902.508,537909.995,4142706.01,4142714.574,"Silva","NEON_D07_MLBS_DP1_537000_4142000_classified_point_cloud.laz","2018_MLBS_3_537000_4142000_image.tif","Tree",1,537000,537999.999,4142000,4142999.999
"17833",17833,537941.537,537948.459,4142704.006,4142709.461,"Silva","NEON_D07_MLBS_DP1_537000_4142000_classified_point_cloud.laz","2018_MLBS_3_537000_4142000_image.tif","Tree",1,537000,537999.999,4142000,4142999.999
"17834",17834,537890.556,537900.49,4142715.554,4142722.492,"Silva","NEON_D07_MLBS_DP1_537000_4142000_classified_point_cloud.laz","2018_MLBS_3_537000_4142000_image.tif","Tree",1,537000,537999.999,4142000,4142999.999
"17835",17835,537926.098,537938.489,4142707.003,4142719.443,"Silva","NEON_D07_MLBS_DP1_537000_4142000_classified_point_cloud.laz","2018_MLBS_3_537000_4142000_image.tif","Tree",1,537000,537999.999,4142000,4142999.999
"17836",17836,537904.514,537913.48,4142714.011,4142720.985,"Silva","NEON_D07_MLBS_DP1_537000_4142000_classified_point_cloud.laz","2018_MLBS_3_537000_4142000_image.tif","Tree",1,537000,537999.999,4142000,4142999.999
"17837",17837,537894.36,537901.479,4142719.039,4142728.497,"Silva","NEON_D07_MLBS_DP1_537000_4142000_classified_point_cloud.laz","2018_MLBS_3_537000_4142000_image.tif","Tree",1,537000,537999.999,4142000,4142999.999
"17838",17838,537899.533,537904.498,4142719.766,4142728.995,"Silva","NEON_D07_MLBS_DP1_537000_4142000_classified_point_cloud.laz","2018_MLBS_3_537000_4142000_image.tif","Tree",1,537000,537999.999,4142000,4142999.999
"17839",17839,537924.535,537934.885,4142716.54,4142725.316,"Silva","NEON_D07_MLBS_DP1_537000_4142000_classified_point_cloud.laz","2018_MLBS_3_537000_4142000_image.tif","Tree",1,537000,537999.999,4142000,4142999.999
"17840",17840,537904.001,537911.445,4142720.052,4142731.921,"Silva","NEON_D07_MLBS_DP1_537000_4142000_classified_point_cloud.laz","2018_MLBS_3_537000_4142000_image.tif","Tree",1,537000,537999.999,4142000,4142999.999
"17841",17841,537939.009,537945.433,4142717.508,4142730.465,"Silva","NEON_D07_MLBS_DP1_537000_4142000_classified_point_cloud.laz","2018_MLBS_3_537000_4142000_image.tif","Tree",1,537000,537999.999,4142000,4142999.999
"17842",17842,537897.591,537907.425,4142728.544,4142735.498,"Silva","NEON_D07_MLBS_DP1_537000_4142000_classified_point_cloud.laz","2018_MLBS_3_537000_4142000_image.tif","Tree",1,537000,537999.999,4142000,4142999.999
"17843",17843,537916.052,537923.499,4142727.042,4142734.446,"Silva","NEON_D07_MLBS_DP1_537000_4142000_classified_point_cloud.laz","2018_MLBS_3_537000_4142000_image.tif","Tree",1,537000,537999.999,4142000,4142999.999
"17844",17844,537894.51,537899.953,4142732.504,4142739.973,"Silva","NEON_D07_MLBS_DP1_537000_4142000_classified_point_cloud.laz","2018_MLBS_3_537000_4142000_image.tif","Tree",1,537000,537999.999,4142000,4142999.999
"17845",17845,537930.557,537938.92,4142727.022,4142736.215,"Silva","NEON_D07_MLBS_DP1_537000_4142000_classified_point_cloud.laz","2018_MLBS_3_537000_4142000_image.tif","Tree",1,537000,537999.999,4142000,4142999.999
"17846",17846,537880.009,537887.986,4142738.109,4142743.488,"Silva","NEON_D07_MLBS_DP1_537000_4142000_classified_point_cloud.laz","2018_MLBS_3_537000_4142000_image.tif","Tree",1,537000,537999.999,4142000,4142999.999
"17847",17847,537912.051,537923.367,4142733.525,4142742.939,"Silva","NEON_D07_MLBS_DP1_537000_4142000_classified_point_cloud.laz","2018_MLBS_3_537000_4142000_image.tif","Tree",1,537000,537999.999,4142000,4142999.999
"17848",17848,537923.011,537932.994,4142731.541,4142737.49,"Silva","NEON_D07_MLBS_DP1_537000_4142000_classified_point_cloud.laz","2018_MLBS_3_537000_4142000_image.tif","Tree",1,537000,537999.999,4142000,4142999.999
"17849",17849,537929.019,537935.949,4142736.063,4142744.167,"Silva","NEON_D07_MLBS_DP1_537000_4142000_classified_point_cloud.laz","2018_MLBS_3_537000_4142000_image.tif","Tree",1,537000,537999.999,4142000,4142999.999
"17850",17850,537966.032,537976.225,4142677.501,4142684,"Silva","NEON_D07_MLBS_DP1_537000_4142000_classified_point_cloud.laz","2018_MLBS_3_537000_4142000_image.tif","Tree",1,537000,537999.999,4142000,4142999.999
"17851",17851,537948.517,537955.431,4142685.048,4142692.494,"Silva","NEON_D07_MLBS_DP1_537000_4142000_classified_point_cloud.laz","2018_MLBS_3_537000_4142000_image.tif","Tree",1,537000,537999.999,4142000,4142999.999
"17852",17852,537955.085,537965.995,4142684.734,4142692.464,"Silva","NEON_D07_MLBS_DP1_537000_4142000_classified_point_cloud.laz","2018_MLBS_3_537000_4142000_image.tif","Tree",1,537000,537999.999,4142000,4142999.999
"17853",17853,537970.624,537979.494,4142681.273,4142694.334,"Silva","NEON_D07_MLBS_DP1_537000_4142000_classified_point_cloud.laz","2018_MLBS_3_537000_4142000_image.tif","Tree",1,537000,537999.999,4142000,4142999.999
"17854",17854,537982.625,537988.961,4142679.649,4142691.491,"Silva","NEON_D07_MLBS_DP1_537000_4142000_classified_point_cloud.laz","2018_MLBS_3_537000_4142000_image.tif","Tree",1,537000,537999.999,4142000,4142999.999
"17855",17855,537994.564,537999.987,4142684.565,4142691.49,"Silva","NEON_D07_MLBS_DP1_537000_4142000_classified_point_cloud.laz","2018_MLBS_3_537000_4142000_image.tif","Tree",1,537000,537999.999,4142000,4142999.999
"17856",17856,537950.502,537958.495,4142692.065,4142701.994,"Silva","NEON_D07_MLBS_DP1_537000_4142000_classified_point_cloud.laz","2018_MLBS_3_537000_4142000_image.tif","Tree",1,537000,537999.999,4142000,4142999.999
"17857",17857,537966.012,537975.993,4142691.007,4142701.827,"Silva","NEON_D07_MLBS_DP1_537000_4142000_classified_point_cloud.laz","2018_MLBS_3_537000_4142000_image.tif","Tree",1,537000,537999.999,4142000,4142999.999
"17858",17858,537945.5,537951.771,4142698.081,4142705.994,"Silva","NEON_D07_MLBS_DP1_537000_4142000_classified_point_cloud.laz","2018_MLBS_3_537000_4142000_image.tif","Tree",1,537000,537999.999,4142000,4142999.999
"17859",17859,537991.646,537999.995,4142691.031,4142701.445,"Silva","NEON_D07_MLBS_DP1_537000_4142000_classified_point_cloud.laz","2018_MLBS_3_537000_4142000_image.tif","Tree",1,537000,537999.999,4142000,4142999.999
"17860",17860,537972.075,537977.98,4142695.578,4142702.946,"Silva","NEON_D07_MLBS_DP1_537000_4142000_classified_point_cloud.laz","2018_MLBS_3_537000_4142000_image.tif","Tree",1,537000,537999.999,4142000,4142999.999
"17861",17861,537982.001,537992.48,4142694.537,4142706.456,"Silva","NEON_D07_MLBS_DP1_537000_4142000_classified_point_cloud.laz","2018_MLBS_3_537000_4142000_image.tif","Tree",1,537000,537999.999,4142000,4142999.999
"17862",17862,537977.509,537986.448,4142701.547,4142707.907,"Silva","NEON_D07_MLBS_DP1_537000_4142000_classified_point_cloud.laz","2018_MLBS_3_537000_4142000_image.tif","Tree",1,537000,537999.999,4142000,4142999.999
"17863",17863,537953.619,537963.481,4142704.004,4142713.418,"Silva","NEON_D07_MLBS_DP1_537000_4142000_classified_point_cloud.laz","2018_MLBS_3_537000_4142000_image.tif","Tree",1,537000,537999.999,4142000,4142999.999
"17864",17864,537938.609,537953.436,4142708.018,4142718.482,"Silva","NEON_D07_MLBS_DP1_537000_4142000_classified_point_cloud.laz","2018_MLBS_3_537000_4142000_image.tif","Tree",1,537000,537999.999,4142000,4142999.999
"17865",17865,537975.021,537985.268,4142706.02,4142711.488,"Silva","NEON_D07_MLBS_DP1_537000_4142000_classified_point_cloud.laz","2018_MLBS_3_537000_4142000_image.tif","Tree",1,537000,537999.999,4142000,4142999.999
"17866",17866,537967.551,537976.415,4142708.164,4142715.356,"Silva","NEON_D07_MLBS_DP1_537000_4142000_classified_point_cloud.laz","2018_MLBS_3_537000_4142000_image.tif","Tree",1,537000,537999.999,4142000,4142999.999
"17867",17867,537985.526,537995.975,4142702.113,4142715.456,"Silva","NEON_D07_MLBS_DP1_537000_4142000_classified_point_cloud.laz","2018_MLBS_3_537000_4142000_image.tif","Tree",1,537000,537999.999,4142000,4142999.999
"17868",17868,537958.574,537967.997,4142712.523,4142722.491,"Silva","NEON_D07_MLBS_DP1_537000_4142000_classified_point_cloud.laz","2018_MLBS_3_537000_4142000_image.tif","Tree",1,537000,537999.999,4142000,4142999.999
"17869",17869,537944.165,537955.487,4142712.518,4142723.87,"Silva","NEON_D07_MLBS_DP1_537000_4142000_classified_point_cloud.laz","2018_MLBS_3_537000_4142000_image.tif","Tree",1,537000,537999.999,4142000,4142999.999
"17870",17870,537994.528,537999.99,4142707.551,4142715.498,"Silva","NEON_D07_MLBS_DP1_537000_4142000_classified_point_cloud.laz","2018_MLBS_3_537000_4142000_image.tif","Tree",1,537000,537999.999,4142000,4142999.999
"17871",17871,537996.529,537999.996,4142715.51,4142721.979,"Silva","NEON_D07_MLBS_DP1_537000_4142000_classified_point_cloud.laz","2018_MLBS_3_537000_4142000_image.tif","Tree",1,537000,537999.999,4142000,4142999.999
"17872",17872,537989.048,537995.473,4142717.167,4142726.494,"Silva","NEON_D07_MLBS_DP1_537000_4142000_classified_point_cloud.laz","2018_MLBS_3_537000_4142000_image.tif","Tree",1,537000,537999.999,4142000,4142999.999
"17873",17873,537949.309,537956.982,4142722.513,4142732.483,"Silva","NEON_D07_MLBS_DP1_537000_4142000_classified_point_cloud.laz","2018_MLBS_3_537000_4142000_image.tif","Tree",1,537000,537999.999,4142000,4142999.999
"17874",17874,537966.014,537978.272,4142721.324,4142733.297,"Silva","NEON_D07_MLBS_DP1_537000_4142000_classified_point_cloud.laz","2018_MLBS_3_537000_4142000_image.tif","Tree",1,537000,537999.999,4142000,4142999.999
"17875",17875,537993.632,537999.996,4142721.557,4142726.981,"Silva","NEON_D07_MLBS_DP1_537000_4142000_classified_point_cloud.laz","2018_MLBS_3_537000_4142000_image.tif","Tree",1,537000,537999.999,4142000,4142999.999
"17876",17876,537951.278,537961.442,4142730.103,4142739.968,"Silva","NEON_D07_MLBS_DP1_537000_4142000_classified_point_cloud.laz","2018_MLBS_3_537000_4142000_image.tif","Tree",1,537000,537999.999,4142000,4142999.999
"17877",17877,537972.531,537982.994,4142727.01,4142738.882,"Silva","NEON_D07_MLBS_DP1_537000_4142000_classified_point_cloud.laz","2018_MLBS_3_537000_4142000_image.tif","Tree",1,537000,537999.999,4142000,4142999.999
"17878",17878,537959.501,537969.672,4142729.01,4142739.766,"Silva","NEON_D07_MLBS_DP1_537000_4142000_classified_point_cloud.laz","2018_MLBS_3_537000_4142000_image.tif","Tree",1,537000,537999.999,4142000,4142999.999
"17879",17879,537989.001,537998.886,4142726.503,4142737.996,"Silva","NEON_D07_MLBS_DP1_537000_4142000_classified_point_cloud.laz","2018_MLBS_3_537000_4142000_image.tif","Tree",1,537000,537999.999,4142000,4142999.999
"17880",17880,537945.537,537956.49,4142732.006,4142742.472,"Silva","NEON_D07_MLBS_DP1_537000_4142000_classified_point_cloud.laz","2018_MLBS_3_537000_4142000_image.tif","Tree",1,537000,537999.999,4142000,4142999.999
"17881",17881,537907.021,537916.485,4142738.002,4142748.915,"Silva","NEON_D07_MLBS_DP1_537000_4142000_classified_point_cloud.laz","2018_MLBS_3_537000_4142000_image.tif","Tree",1,537000,537999.999,4142000,4142999.999
"17882",17882,537889.258,537897.888,4142747.621,4142757.992,"Silva","NEON_D07_MLBS_DP1_537000_4142000_classified_point_cloud.laz","2018_MLBS_3_537000_4142000_image.tif","Tree",1,537000,537999.999,4142000,4142999.999
"17883",17883,537906.522,537916.962,4142746.063,4142753.45,"Silva","NEON_D07_MLBS_DP1_537000_4142000_classified_point_cloud.laz","2018_MLBS_3_537000_4142000_image.tif","Tree",1,537000,537999.999,4142000,4142999.999
"17884",17884,537877.532,537887.389,4142752.036,4142758.991,"Silva","NEON_D07_MLBS_DP1_537000_4142000_classified_point_cloud.laz","2018_MLBS_3_537000_4142000_image.tif","Tree",1,537000,537999.999,4142000,4142999.999
"17885",17885,537916.154,537922.486,4142748.128,4142753.469,"Silva","NEON_D07_MLBS_DP1_537000_4142000_classified_point_cloud.laz","2018_MLBS_3_537000_4142000_image.tif","Tree",1,537000,537999.999,4142000,4142999.999
"17886",17886,537902.103,537909.969,4142750.567,4142758.447,"Silva","NEON_D07_MLBS_DP1_537000_4142000_classified_point_cloud.laz","2018_MLBS_3_537000_4142000_image.tif","Tree",1,537000,537999.999,4142000,4142999.999
"17887",17887,537909.506,537916.996,4142752.002,4142759.908,"Silva","NEON_D07_MLBS_DP1_537000_4142000_classified_point_cloud.laz","2018_MLBS_3_537000_4142000_image.tif","Tree",1,537000,537999.999,4142000,4142999.999
"17888",17888,537886.016,537896.313,4142753.755,4142761.999,"Silva","NEON_D07_MLBS_DP1_537000_4142000_classified_point_cloud.laz","2018_MLBS_3_537000_4142000_image.tif","Tree",1,537000,537999.999,4142000,4142999.999
"17889",17889,537877.03,537883.993,4142758.225,4142767.988,"Silva","NEON_D07_MLBS_DP1_537000_4142000_classified_point_cloud.laz","2018_MLBS_3_537000_4142000_image.tif","Tree",1,537000,537999.999,4142000,4142999.999
"17890",17890,537930.024,537937.99,4142793.548,4142801.359,"Silva","NEON_D07_MLBS_DP1_537000_4142000_classified_point_cloud.laz","2018_MLBS_3_537000_4142000_image.tif","Tree",1,537000,537999.999,4142000,4142999.999
"17891",17891,537928.01,537934.895,4142788.52,4142797.779,"Silva","NEON_D07_MLBS_DP1_537000_4142000_classified_point_cloud.laz","2018_MLBS_3_537000_4142000_image.tif","Tree",1,537000,537999.999,4142000,4142999.999
"17892",17892,537939.529,537950.482,4142788.005,4142797.986,"Silva","NEON_D07_MLBS_DP1_537000_4142000_classified_point_cloud.laz","2018_MLBS_3_537000_4142000_image.tif","Tree",1,537000,537999.999,4142000,4142999.999
"17893",17893,537914.741,537922.493,4142791.514,4142800.988,"Silva","NEON_D07_MLBS_DP1_537000_4142000_classified_point_cloud.laz","2018_MLBS_3_537000_4142000_image.tif","Tree",1,537000,537999.999,4142000,4142999.999
"17894",17894,537934.547,537942.491,4142787.057,4142795.469,"Silva","NEON_D07_MLBS_DP1_537000_4142000_classified_point_cloud.laz","2018_MLBS_3_537000_4142000_image.tif","Tree",1,537000,537999.999,4142000,4142999.999
"17895",17895,537899.012,537908.475,4142786.248,4142796.942,"Silva","NEON_D07_MLBS_DP1_537000_4142000_classified_point_cloud.laz","2018_MLBS_3_537000_4142000_image.tif","Tree",1,537000,537999.999,4142000,4142999.999
"17896",17896,537908.011,537915.946,4142783.508,4142791.996,"Silva","NEON_D07_MLBS_DP1_537000_4142000_classified_point_cloud.laz","2018_MLBS_3_537000_4142000_image.tif","Tree",1,537000,537999.999,4142000,4142999.999
"17897",17897,537923.526,537930.976,4142777.542,4142788.376,"Silva","NEON_D07_MLBS_DP1_537000_4142000_classified_point_cloud.laz","2018_MLBS_3_537000_4142000_image.tif","Tree",1,537000,537999.999,4142000,4142999.999
"17898",17898,537918.071,537923.485,4142778.647,4142786.48,"Silva","NEON_D07_MLBS_DP1_537000_4142000_classified_point_cloud.laz","2018_MLBS_3_537000_4142000_image.tif","Tree",1,537000,537999.999,4142000,4142999.999
"17899",17899,537914.5,537923.275,4142778.007,4142784.994,"Silva","NEON_D07_MLBS_DP1_537000_4142000_classified_point_cloud.laz","2018_MLBS_3_537000_4142000_image.tif","Tree",1,537000,537999.999,4142000,4142999.999
"17900",17900,537924.01,537935.378,4142774.621,4142783.91,"Silva","NEON_D07_MLBS_DP1_537000_4142000_classified_point_cloud.laz","2018_MLBS_3_537000_4142000_image.tif","Tree",1,537000,537999.999,4142000,4142999.999
"17901",17901,537935.554,537944.276,4142774.002,4142780.49,"Silva","NEON_D07_MLBS_DP1_537000_4142000_classified_point_cloud.laz","2018_MLBS_3_537000_4142000_image.tif","Tree",1,537000,537999.999,4142000,4142999.999
"17902",17902,537896.523,537902.918,4142778.041,4142784.994,"Silva","NEON_D07_MLBS_DP1_537000_4142000_classified_point_cloud.laz","2018_MLBS_3_537000_4142000_image.tif","Tree",1,537000,537999.999,4142000,4142999.999
"17903",17903,537887.59,537896.489,4142775.039,4142782.497,"Silva","NEON_D07_MLBS_DP1_537000_4142000_classified_point_cloud.laz","2018_MLBS_3_537000_4142000_image.tif","Tree",1,537000,537999.999,4142000,4142999.999
"17904",17904,537912.627,537924.41,4142770.059,4142779.441,"Silva","NEON_D07_MLBS_DP1_537000_4142000_classified_point_cloud.laz","2018_MLBS_3_537000_4142000_image.tif","Tree",1,537000,537999.999,4142000,4142999.999
"17905",17905,537933.544,537940.852,4142769.133,4142776.378,"Silva","NEON_D07_MLBS_DP1_537000_4142000_classified_point_cloud.laz","2018_MLBS_3_537000_4142000_image.tif","Tree",1,537000,537999.999,4142000,4142999.999
"17906",17906,537880.614,537889.45,4142771.586,4142780.496,"Silva","NEON_D07_MLBS_DP1_537000_4142000_classified_point_cloud.laz","2018_MLBS_3_537000_4142000_image.tif","Tree",1,537000,537999.999,4142000,4142999.999
"17907",17907,537922.051,537929.993,4142761.502,4142772.793,"Silva","NEON_D07_MLBS_DP1_537000_4142000_classified_point_cloud.laz","2018_MLBS_3_537000_4142000_image.tif","Tree",1,537000,537999.999,4142000,4142999.999
"17908",17908,537893.023,537903.464,4142766.528,4142776,"Silva","NEON_D07_MLBS_DP1_537000_4142000_classified_point_cloud.laz","2018_MLBS_3_537000_4142000_image.tif","Tree",1,537000,537999.999,4142000,4142999.999
"17909",17909,537882.079,537892.991,4142766.516,4142775.975,"Silva","NEON_D07_MLBS_DP1_537000_4142000_classified_point_cloud.laz","2018_MLBS_3_537000_4142000_image.tif","Tree",1,537000,537999.999,4142000,4142999.999
"17910",17910,537913.27,537924.458,4142760.581,4142771.5,"Silva","NEON_D07_MLBS_DP1_537000_4142000_classified_point_cloud.laz","2018_MLBS_3_537000_4142000_image.tif","Tree",1,537000,537999.999,4142000,4142999.999
"17911",17911,537889.505,537895.858,4142765.552,4142772.426,"Silva","NEON_D07_MLBS_DP1_537000_4142000_classified_point_cloud.laz","2018_MLBS_3_537000_4142000_image.tif","Tree",1,537000,537999.999,4142000,4142999.999
"17912",17912,537897.5,537904.922,4142758.033,4142768.993,"Silva","NEON_D07_MLBS_DP1_537000_4142000_classified_point_cloud.laz","2018_MLBS_3_537000_4142000_image.tif","Tree",1,537000,537999.999,4142000,4142999.999
"17913",17913,537941.011,537948.466,4142749.864,4142763.492,"Silva","NEON_D07_MLBS_DP1_537000_4142000_classified_point_cloud.laz","2018_MLBS_3_537000_4142000_image.tif","Tree",1,537000,537999.999,4142000,4142999.999
"17914",17914,537937.571,537943.911,4142749.05,4142761.993,"Silva","NEON_D07_MLBS_DP1_537000_4142000_classified_point_cloud.laz","2018_MLBS_3_537000_4142000_image.tif","Tree",1,537000,537999.999,4142000,4142999.999
"17915",17915,537912.068,537921.492,4142755.538,4142765,"Silva","NEON_D07_MLBS_DP1_537000_4142000_classified_point_cloud.laz","2018_MLBS_3_537000_4142000_image.tif","Tree",1,537000,537999.999,4142000,4142999.999
"17916",17916,537921.538,537930.436,4142753.509,4142762.472,"Silva","NEON_D07_MLBS_DP1_537000_4142000_classified_point_cloud.laz","2018_MLBS_3_537000_4142000_image.tif","Tree",1,537000,537999.999,4142000,4142999.999
"17917",17917,537942.505,537952.996,4142741.128,4142749.993,"Silva","NEON_D07_MLBS_DP1_537000_4142000_classified_point_cloud.laz","2018_MLBS_3_537000_4142000_image.tif","Tree",1,537000,537999.999,4142000,4142999.999
"17918",17918,537950.629,537958.969,4142741.192,4142751.296,"Silva","NEON_D07_MLBS_DP1_537000_4142000_classified_point_cloud.laz","2018_MLBS_3_537000_4142000_image.tif","Tree",1,537000,537999.999,4142000,4142999.999
"17919",17919,537957.548,537966.921,4142739.519,4142748.44,"Silva","NEON_D07_MLBS_DP1_537000_4142000_classified_point_cloud.laz","2018_MLBS_3_537000_4142000_image.tif","Tree",1,537000,537999.999,4142000,4142999.999
"17920",17920,537948.014,537958.96,4142797.003,4142805.99,"Silva","NEON_D07_MLBS_DP1_537000_4142000_classified_point_cloud.laz","2018_MLBS_3_537000_4142000_image.tif","Tree",1,537000,537999.999,4142000,4142999.999
"17921",17921,537996.608,537999.999,4142788.605,4142794.966,"Silva","NEON_D07_MLBS_DP1_537000_4142000_classified_point_cloud.laz","2018_MLBS_3_537000_4142000_image.tif","Tree",1,537000,537999.999,4142000,4142999.999
"17922",17922,537958.507,537964.453,4142792.114,4142796.93,"Silva","NEON_D07_MLBS_DP1_537000_4142000_classified_point_cloud.laz","2018_MLBS_3_537000_4142000_image.tif","Tree",1,537000,537999.999,4142000,4142999.999
"17923",17923,537949.524,537958.462,4142792.005,4142798.456,"Silva","NEON_D07_MLBS_DP1_537000_4142000_classified_point_cloud.laz","2018_MLBS_3_537000_4142000_image.tif","Tree",1,537000,537999.999,4142000,4142999.999
"17924",17924,537964.54,537970.96,4142789.348,4142795.48,"Silva","NEON_D07_MLBS_DP1_537000_4142000_classified_point_cloud.laz","2018_MLBS_3_537000_4142000_image.tif","Tree",1,537000,537999.999,4142000,4142999.999
"17925",17925,537971.257,537978.951,4142785.552,4142794.995,"Silva","NEON_D07_MLBS_DP1_537000_4142000_classified_point_cloud.laz","2018_MLBS_3_537000_4142000_image.tif","Tree",1,537000,537999.999,4142000,4142999.999
"17926",17926,537978.02,537986.973,4142785.008,4142793.468,"Silva","NEON_D07_MLBS_DP1_537000_4142000_classified_point_cloud.laz","2018_MLBS_3_537000_4142000_image.tif","Tree",1,537000,537999.999,4142000,4142999.999
"17927",17927,537960.003,537965.991,4142786.041,4142794.875,"Silva","NEON_D07_MLBS_DP1_537000_4142000_classified_point_cloud.laz","2018_MLBS_3_537000_4142000_image.tif","Tree",1,537000,537999.999,4142000,4142999.999
"17928",17928,537950.052,537960.446,4142787.631,4142792.997,"Silva","NEON_D07_MLBS_DP1_537000_4142000_classified_point_cloud.laz","2018_MLBS_3_537000_4142000_image.tif","Tree",1,537000,537999.999,4142000,4142999.999
"17929",17929,537995.009,537999.987,4142779.079,4142788.431,"Silva","NEON_D07_MLBS_DP1_537000_4142000_classified_point_cloud.laz","2018_MLBS_3_537000_4142000_image.tif","Tree",1,537000,537999.999,4142000,4142999.999
"17930",17930,537985.279,537994.978,4142779.112,4142788.9,"Silva","NEON_D07_MLBS_DP1_537000_4142000_classified_point_cloud.laz","2018_MLBS_3_537000_4142000_image.tif","Tree",1,537000,537999.999,4142000,4142999.999
"17931",17931,537949.525,537959.912,4142781.527,4142789.807,"Silva","NEON_D07_MLBS_DP1_537000_4142000_classified_point_cloud.laz","2018_MLBS_3_537000_4142000_image.tif","Tree",1,537000,537999.999,4142000,4142999.999
"17932",17932,537964.509,537974.465,4142778.512,4142785.471,"Silva","NEON_D07_MLBS_DP1_537000_4142000_classified_point_cloud.laz","2018_MLBS_3_537000_4142000_image.tif","Tree",1,537000,537999.999,4142000,4142999.999
"17933",17933,537980.002,537986.927,4142776.171,4142784.994,"Silva","NEON_D07_MLBS_DP1_537000_4142000_classified_point_cloud.laz","2018_MLBS_3_537000_4142000_image.tif","Tree",1,537000,537999.999,4142000,4142999.999
"17934",17934,537968.528,537975.474,4142774.569,4142780.44,"Silva","NEON_D07_MLBS_DP1_537000_4142000_classified_point_cloud.laz","2018_MLBS_3_537000_4142000_image.tif","Tree",1,537000,537999.999,4142000,4142999.999
"17935",17935,537961.011,537968.489,4142776.004,4142782.928,"Silva","NEON_D07_MLBS_DP1_537000_4142000_classified_point_cloud.laz","2018_MLBS_3_537000_4142000_image.tif","Tree",1,537000,537999.999,4142000,4142999.999
"17936",17936,537971.606,537976.997,4142770.131,4142778.335,"Silva","NEON_D07_MLBS_DP1_537000_4142000_classified_point_cloud.laz","2018_MLBS_3_537000_4142000_image.tif","Tree",1,537000,537999.999,4142000,4142999.999
"17937",17937,537962.095,537968.454,4142772.083,4142777.827,"Silva","NEON_D07_MLBS_DP1_537000_4142000_classified_point_cloud.laz","2018_MLBS_3_537000_4142000_image.tif","Tree",1,537000,537999.999,4142000,4142999.999
"17938",17938,537975.106,537984.491,4142768.003,4142777.449,"Silva","NEON_D07_MLBS_DP1_537000_4142000_classified_point_cloud.laz","2018_MLBS_3_537000_4142000_image.tif","Tree",1,537000,537999.999,4142000,4142999.999
"17939",17939,537966.036,537972.941,4142770.195,4142776.261,"Silva","NEON_D07_MLBS_DP1_537000_4142000_classified_point_cloud.laz","2018_MLBS_3_537000_4142000_image.tif","Tree",1,537000,537999.999,4142000,4142999.999
"17940",17940,537993.188,537999.977,4142761.825,4142769.95,"Silva","NEON_D07_MLBS_DP1_537000_4142000_classified_point_cloud.laz","2018_MLBS_3_537000_4142000_image.tif","Tree",1,537000,537999.999,4142000,4142999.999
"17941",17941,537958.022,537965.466,4142770.012,4142775.998,"Silva","NEON_D07_MLBS_DP1_537000_4142000_classified_point_cloud.laz","2018_MLBS_3_537000_4142000_image.tif","Tree",1,537000,537999.999,4142000,4142999.999
"17942",17942,537943.242,537948.986,4142770.554,4142778.491,"Silva","NEON_D07_MLBS_DP1_537000_4142000_classified_point_cloud.laz","2018_MLBS_3_537000_4142000_image.tif","Tree",1,537000,537999.999,4142000,4142999.999
"17943",17943,537958.541,537966.972,4142765.048,4142771.967,"Silva","NEON_D07_MLBS_DP1_537000_4142000_classified_point_cloud.laz","2018_MLBS_3_537000_4142000_image.tif","Tree",1,537000,537999.999,4142000,4142999.999
"17944",17944,537966.715,537975.996,4142764.019,4142770.985,"Silva","NEON_D07_MLBS_DP1_537000_4142000_classified_point_cloud.laz","2018_MLBS_3_537000_4142000_image.tif","Tree",1,537000,537999.999,4142000,4142999.999
"17945",17945,537978.529,537988.979,4142762.105,4142771.358,"Silva","NEON_D07_MLBS_DP1_537000_4142000_classified_point_cloud.laz","2018_MLBS_3_537000_4142000_image.tif","Tree",1,537000,537999.999,4142000,4142999.999
"17946",17946,537985.518,537992.995,4142757.524,4142769.852,"Silva","NEON_D07_MLBS_DP1_537000_4142000_classified_point_cloud.laz","2018_MLBS_3_537000_4142000_image.tif","Tree",1,537000,537999.999,4142000,4142999.999
"17947",17947,537990.5,537999.301,4142757.003,4142767.933,"Silva","NEON_D07_MLBS_DP1_537000_4142000_classified_point_cloud.laz","2018_MLBS_3_537000_4142000_image.tif","Tree",1,537000,537999.999,4142000,4142999.999
"17948",17948,537976.064,537984.679,4142758.84,4142767.97,"Silva","NEON_D07_MLBS_DP1_537000_4142000_classified_point_cloud.laz","2018_MLBS_3_537000_4142000_image.tif","Tree",1,537000,537999.999,4142000,4142999.999
"17949",17949,537952.016,537959.995,4142759.526,4142770.472,"Silva","NEON_D07_MLBS_DP1_537000_4142000_classified_point_cloud.laz","2018_MLBS_3_537000_4142000_image.tif","Tree",1,537000,537999.999,4142000,4142999.999
"17950",17950,537961.048,537969.46,4142760.044,4142767.352,"Silva","NEON_D07_MLBS_DP1_537000_4142000_classified_point_cloud.laz","2018_MLBS_3_537000_4142000_image.tif","Tree",1,537000,537999.999,4142000,4142999.999
"17951",17951,537994.004,537999.997,4142752.008,4142761.409,"Silva","NEON_D07_MLBS_DP1_537000_4142000_classified_point_cloud.laz","2018_MLBS_3_537000_4142000_image.tif","Tree",1,537000,537999.999,4142000,4142999.999
"17952",17952,537996.521,537999.991,4142746.089,4142751.99,"Silva","NEON_D07_MLBS_DP1_537000_4142000_classified_point_cloud.laz","2018_MLBS_3_537000_4142000_image.tif","Tree",1,537000,537999.999,4142000,4142999.999
"17953",17953,537990.548,537997.992,4142742.607,4142751.475,"Silva","NEON_D07_MLBS_DP1_537000_4142000_classified_point_cloud.laz","2018_MLBS_3_537000_4142000_image.tif","Tree",1,537000,537999.999,4142000,4142999.999
"17954",17954,537945.008,537954.497,4142750.012,4142760.992,"Silva","NEON_D07_MLBS_DP1_537000_4142000_classified_point_cloud.laz","2018_MLBS_3_537000_4142000_image.tif","Tree",1,537000,537999.999,4142000,4142999.999
"17955",17955,537907.053,537914.484,4142800.93,4142811.962,"Silva","NEON_D07_MLBS_DP1_537000_4142000_classified_point_cloud.laz","2018_MLBS_3_537000_4142000_image.tif","Tree",1,537000,537999.999,4142000,4142999.999
"17956",17956,537901.01,537909.398,4142797.082,4142810.818,"Silva","NEON_D07_MLBS_DP1_537000_4142000_classified_point_cloud.laz","2018_MLBS_3_537000_4142000_image.tif","Tree",1,537000,537999.999,4142000,4142999.999
"17957",17957,537887.51,537893.485,4142802.001,4142808.978,"Silva","NEON_D07_MLBS_DP1_537000_4142000_classified_point_cloud.laz","2018_MLBS_3_537000_4142000_image.tif","Tree",1,537000,537999.999,4142000,4142999.999
"17958",17958,537880.021,537887.982,4142800.184,4142813.443,"Silva","NEON_D07_MLBS_DP1_537000_4142000_classified_point_cloud.laz","2018_MLBS_3_537000_4142000_image.tif","Tree",1,537000,537999.999,4142000,4142999.999
"17959",17959,537893.044,537901.475,4142802.556,4142809.996,"Silva","NEON_D07_MLBS_DP1_537000_4142000_classified_point_cloud.laz","2018_MLBS_3_537000_4142000_image.tif","Tree",1,537000,537999.999,4142000,4142999.999
"17960",17960,537893.261,537903.98,4142794.531,4142804.952,"Silva","NEON_D07_MLBS_DP1_537000_4142000_classified_point_cloud.laz","2018_MLBS_3_537000_4142000_image.tif","Tree",1,537000,537999.999,4142000,4142999.999
"17961",17961,537886.067,537896.932,4142796.014,4142802.444,"Silva","NEON_D07_MLBS_DP1_537000_4142000_classified_point_cloud.laz","2018_MLBS_3_537000_4142000_image.tif","Tree",1,537000,537999.999,4142000,4142999.999
"17962",17962,537887.51,537898.373,4142791.075,4142796.499,"Silva","NEON_D07_MLBS_DP1_537000_4142000_classified_point_cloud.laz","2018_MLBS_3_537000_4142000_image.tif","Tree",1,537000,537999.999,4142000,4142999.999
"17963",17963,537878.005,537887.956,4142789.004,4142799.999,"Silva","NEON_D07_MLBS_DP1_537000_4142000_classified_point_cloud.laz","2018_MLBS_3_537000_4142000_image.tif","Tree",1,537000,537999.999,4142000,4142999.999
"17964",17964,537894.528,537900.94,4142782.602,4142791.91,"Silva","NEON_D07_MLBS_DP1_537000_4142000_classified_point_cloud.laz","2018_MLBS_3_537000_4142000_image.tif","Tree",1,537000,537999.999,4142000,4142999.999
"17965",17965,537882.012,537888.977,4142780.025,4142788.49,"Silva","NEON_D07_MLBS_DP1_537000_4142000_classified_point_cloud.laz","2018_MLBS_3_537000_4142000_image.tif","Tree",1,537000,537999.999,4142000,4142999.999
"17966",17966,537877.522,537885.422,4142785.501,4142791.953,"Silva","NEON_D07_MLBS_DP1_537000_4142000_classified_point_cloud.laz","2018_MLBS_3_537000_4142000_image.tif","Tree",1,537000,537999.999,4142000,4142999.999
"17967",17967,537988.23,537993.491,4142807.021,4142811.874,"Silva","NEON_D07_MLBS_DP1_537000_4142000_classified_point_cloud.laz","2018_MLBS_3_537000_4142000_image.tif","Tree",1,537000,537999.999,4142000,4142999.999
"17968",17968,537971.501,537978.478,4142804.057,4142809.455,"Silva","NEON_D07_MLBS_DP1_537000_4142000_classified_point_cloud.laz","2018_MLBS_3_537000_4142000_image.tif","Tree",1,537000,537999.999,4142000,4142999.999
"17969",17969,537972.066,537978.428,4142798.218,4142804.487,"Silva","NEON_D07_MLBS_DP1_537000_4142000_classified_point_cloud.laz","2018_MLBS_3_537000_4142000_image.tif","Tree",1,537000,537999.999,4142000,4142999.999
"17970",17970,537876.12,537885.914,4142813.521,4142821.273,"Silva","NEON_D07_MLBS_DP1_537000_4142000_classified_point_cloud.laz","2018_MLBS_3_537000_4142000_image.tif","Tree",1,537000,537999.999,4142000,4142999.999
"17971",17971,537898.527,537906.98,4142816.024,4142821.476,"Silva","NEON_D07_MLBS_DP1_537000_4142000_classified_point_cloud.laz","2018_MLBS_3_537000_4142000_image.tif","Tree",1,537000,537999.999,4142000,4142999.999
"17972",17972,537937.07,537945.29,4142812.519,4142817.329,"Silva","NEON_D07_MLBS_DP1_537000_4142000_classified_point_cloud.laz","2018_MLBS_3_537000_4142000_image.tif","Tree",1,537000,537999.999,4142000,4142999.999
"17973",17973,537883.005,537890.499,4142815.502,4142825.994,"Silva","NEON_D07_MLBS_DP1_537000_4142000_classified_point_cloud.laz","2018_MLBS_3_537000_4142000_image.tif","Tree",1,537000,537999.999,4142000,4142999.999
"17974",17974,537919.021,537926.489,4142813.053,4142820.846,"Silva","NEON_D07_MLBS_DP1_537000_4142000_classified_point_cloud.laz","2018_MLBS_3_537000_4142000_image.tif","Tree",1,537000,537999.999,4142000,4142999.999
"17975",17975,537888.022,537896.469,4142819.123,4142828.942,"Silva","NEON_D07_MLBS_DP1_537000_4142000_classified_point_cloud.laz","2018_MLBS_3_537000_4142000_image.tif","Tree",1,537000,537999.999,4142000,4142999.999
"17976",17976,537926.522,537935.492,4142814.56,4142822.463,"Silva","NEON_D07_MLBS_DP1_537000_4142000_classified_point_cloud.laz","2018_MLBS_3_537000_4142000_image.tif","Tree",1,537000,537999.999,4142000,4142999.999
"17977",17977,537896.576,537906.997,4142820.009,4142825.499,"Silva","NEON_D07_MLBS_DP1_537000_4142000_classified_point_cloud.laz","2018_MLBS_3_537000_4142000_image.tif","Tree",1,537000,537999.999,4142000,4142999.999
"17978",17978,537935.512,537943.478,4142815.59,4142821.991,"Silva","NEON_D07_MLBS_DP1_537000_4142000_classified_point_cloud.laz","2018_MLBS_3_537000_4142000_image.tif","Tree",1,537000,537999.999,4142000,4142999.999
"17979",17979,537907.11,537916.412,4142820.005,4142825.986,"Silva","NEON_D07_MLBS_DP1_537000_4142000_classified_point_cloud.laz","2018_MLBS_3_537000_4142000_image.tif","Tree",1,537000,537999.999,4142000,4142999.999
"17980",17980,537934.502,537944.446,4142821.016,4142826.946,"Silva","NEON_D07_MLBS_DP1_537000_4142000_classified_point_cloud.laz","2018_MLBS_3_537000_4142000_image.tif","Tree",1,537000,537999.999,4142000,4142999.999
"17981",17981,537906.001,537910.985,4142829.539,4142834.826,"Silva","NEON_D07_MLBS_DP1_537000_4142000_classified_point_cloud.laz","2018_MLBS_3_537000_4142000_image.tif","Tree",1,537000,537999.999,4142000,4142999.999
"17982",17982,537933.533,537939.997,4142825.038,4142833.979,"Silva","NEON_D07_MLBS_DP1_537000_4142000_classified_point_cloud.laz","2018_MLBS_3_537000_4142000_image.tif","Tree",1,537000,537999.999,4142000,4142999.999
"17983",17983,537920.116,537928.99,4142826.534,4142834.496,"Silva","NEON_D07_MLBS_DP1_537000_4142000_classified_point_cloud.laz","2018_MLBS_3_537000_4142000_image.tif","Tree",1,537000,537999.999,4142000,4142999.999
"17984",17984,537899.941,537906.969,4142831.791,4142839.972,"Silva","NEON_D07_MLBS_DP1_537000_4142000_classified_point_cloud.laz","2018_MLBS_3_537000_4142000_image.tif","Tree",1,537000,537999.999,4142000,4142999.999
"17985",17985,537929.07,537938.975,4142827.533,4142835.228,"Silva","NEON_D07_MLBS_DP1_537000_4142000_classified_point_cloud.laz","2018_MLBS_3_537000_4142000_image.tif","Tree",1,537000,537999.999,4142000,4142999.999
"17986",17986,537889.012,537897.465,4142835.108,4142842.972,"Silva","NEON_D07_MLBS_DP1_537000_4142000_classified_point_cloud.laz","2018_MLBS_3_537000_4142000_image.tif","Tree",1,537000,537999.999,4142000,4142999.999
"17987",17987,537927.511,537936.984,4142831.558,4142839.993,"Silva","NEON_D07_MLBS_DP1_537000_4142000_classified_point_cloud.laz","2018_MLBS_3_537000_4142000_image.tif","Tree",1,537000,537999.999,4142000,4142999.999
"17988",17988,537909.53,537918.947,4142834.713,4142842.986,"Silva","NEON_D07_MLBS_DP1_537000_4142000_classified_point_cloud.laz","2018_MLBS_3_537000_4142000_image.tif","Tree",1,537000,537999.999,4142000,4142999.999
"17989",17989,537890.582,537900.918,4142837.564,4142845.952,"Silva","NEON_D07_MLBS_DP1_537000_4142000_classified_point_cloud.laz","2018_MLBS_3_537000_4142000_image.tif","Tree",1,537000,537999.999,4142000,4142999.999
"17990",17990,537934.003,537942.897,4142834.007,4142844.782,"Silva","NEON_D07_MLBS_DP1_537000_4142000_classified_point_cloud.laz","2018_MLBS_3_537000_4142000_image.tif","Tree",1,537000,537999.999,4142000,4142999.999
"17991",17991,537888.189,537897.996,4142843.501,4142854.281,"Silva","NEON_D07_MLBS_DP1_537000_4142000_classified_point_cloud.laz","2018_MLBS_3_537000_4142000_image.tif","Tree",1,537000,537999.999,4142000,4142999.999
"17992",17992,537878.013,537884.955,4142849.037,4142854.483,"Silva","NEON_D07_MLBS_DP1_537000_4142000_classified_point_cloud.laz","2018_MLBS_3_537000_4142000_image.tif","Tree",1,537000,537999.999,4142000,4142999.999
"17993",17993,537909.072,537917.991,4142846.743,4142853.499,"Silva","NEON_D07_MLBS_DP1_537000_4142000_classified_point_cloud.laz","2018_MLBS_3_537000_4142000_image.tif","Tree",1,537000,537999.999,4142000,4142999.999
"17994",17994,537897.527,537908.986,4142850.01,4142856.993,"Silva","NEON_D07_MLBS_DP1_537000_4142000_classified_point_cloud.laz","2018_MLBS_3_537000_4142000_image.tif","Tree",1,537000,537999.999,4142000,4142999.999
"17995",17995,537908.613,537916.982,4142851.508,4142859.465,"Silva","NEON_D07_MLBS_DP1_537000_4142000_classified_point_cloud.laz","2018_MLBS_3_537000_4142000_image.tif","Tree",1,537000,537999.999,4142000,4142999.999
"17996",17996,537874.54,537885.403,4142857.501,4142867.387,"Silva","NEON_D07_MLBS_DP1_537000_4142000_classified_point_cloud.laz","2018_MLBS_3_537000_4142000_image.tif","Tree",1,537000,537999.999,4142000,4142999.999
"17997",17997,537927.602,537937.999,4142862.503,4142872.999,"Silva","NEON_D07_MLBS_DP1_537000_4142000_classified_point_cloud.laz","2018_MLBS_3_537000_4142000_image.tif","Tree",1,537000,537999.999,4142000,4142999.999
"17998",17998,537922.516,537928.937,4142862.517,4142872.991,"Silva","NEON_D07_MLBS_DP1_537000_4142000_classified_point_cloud.laz","2018_MLBS_3_537000_4142000_image.tif","Tree",1,537000,537999.999,4142000,4142999.999
"17999",17999,537879.223,537889.923,4142868.006,4142875.996,"Silva","NEON_D07_MLBS_DP1_537000_4142000_classified_point_cloud.laz","2018_MLBS_3_537000_4142000_image.tif","Tree",1,537000,537999.999,4142000,4142999.999
"18000",18000,537888.557,537898.977,4142864.023,4142873.49,"Silva","NEON_D07_MLBS_DP1_537000_4142000_classified_point_cloud.laz","2018_MLBS_3_537000_4142000_image.tif","Tree",1,537000,537999.999,4142000,4142999.999
"18001",18001,537898.599,537912.977,4142863.092,4142873.992,"Silva","NEON_D07_MLBS_DP1_537000_4142000_classified_point_cloud.laz","2018_MLBS_3_537000_4142000_image.tif","Tree",1,537000,537999.999,4142000,4142999.999
"18002",18002,537924.01,537929.969,4142852.532,4142862.998,"Silva","NEON_D07_MLBS_DP1_537000_4142000_classified_point_cloud.laz","2018_MLBS_3_537000_4142000_image.tif","Tree",1,537000,537999.999,4142000,4142999.999
"18003",18003,537915.554,537924.413,4142857.004,4142862.997,"Silva","NEON_D07_MLBS_DP1_537000_4142000_classified_point_cloud.laz","2018_MLBS_3_537000_4142000_image.tif","Tree",1,537000,537999.999,4142000,4142999.999
"18004",18004,537927.021,537936.93,4142849.516,4142862.495,"Silva","NEON_D07_MLBS_DP1_537000_4142000_classified_point_cloud.laz","2018_MLBS_3_537000_4142000_image.tif","Tree",1,537000,537999.999,4142000,4142999.999
"18005",18005,537903.51,537912.865,4142855.031,4142862.852,"Silva","NEON_D07_MLBS_DP1_537000_4142000_classified_point_cloud.laz","2018_MLBS_3_537000_4142000_image.tif","Tree",1,537000,537999.999,4142000,4142999.999
"18006",18006,537982.502,537991.464,4142806.647,4142817.966,"Silva","NEON_D07_MLBS_DP1_537000_4142000_classified_point_cloud.laz","2018_MLBS_3_537000_4142000_image.tif","Tree",1,537000,537999.999,4142000,4142999.999
"18007",18007,537989.542,537995.956,4142811.508,4142816.98,"Silva","NEON_D07_MLBS_DP1_537000_4142000_classified_point_cloud.laz","2018_MLBS_3_537000_4142000_image.tif","Tree",1,537000,537999.999,4142000,4142999.999
"18008",18008,537943.025,537951.861,4142815.018,4142824.5,"Silva","NEON_D07_MLBS_DP1_537000_4142000_classified_point_cloud.laz","2018_MLBS_3_537000_4142000_image.tif","Tree",1,537000,537999.999,4142000,4142999.999
"18009",18009,537992.509,537997.485,4142813.011,4142817.484,"Silva","NEON_D07_MLBS_DP1_537000_4142000_classified_point_cloud.laz","2018_MLBS_3_537000_4142000_image.tif","Tree",1,537000,537999.999,4142000,4142999.999
"18010",18010,537997.522,537999.999,4142812.013,4142819.921,"Silva","NEON_D07_MLBS_DP1_537000_4142000_classified_point_cloud.laz","2018_MLBS_3_537000_4142000_image.tif","Tree",1,537000,537999.999,4142000,4142999.999
"18011",18011,537954.069,537965.933,4142821.512,4142828.46,"Silva","NEON_D07_MLBS_DP1_537000_4142000_classified_point_cloud.laz","2018_MLBS_3_537000_4142000_image.tif","Tree",1,537000,537999.999,4142000,4142999.999
"18012",18012,537945.514,537954.499,4142821.59,4142831.68,"Silva","NEON_D07_MLBS_DP1_537000_4142000_classified_point_cloud.laz","2018_MLBS_3_537000_4142000_image.tif","Tree",1,537000,537999.999,4142000,4142999.999
"18013",18013,537985.591,537995.466,4142818.012,4142827.957,"Silva","NEON_D07_MLBS_DP1_537000_4142000_classified_point_cloud.laz","2018_MLBS_3_537000_4142000_image.tif","Tree",1,537000,537999.999,4142000,4142999.999
"18014",18014,537953.068,537960.476,4142825.065,4142832.995,"Silva","NEON_D07_MLBS_DP1_537000_4142000_classified_point_cloud.laz","2018_MLBS_3_537000_4142000_image.tif","Tree",1,537000,537999.999,4142000,4142999.999
"18015",18015,537965.504,537974.434,4142821.617,4142830.914,"Silva","NEON_D07_MLBS_DP1_537000_4142000_classified_point_cloud.laz","2018_MLBS_3_537000_4142000_image.tif","Tree",1,537000,537999.999,4142000,4142999.999
"18016",18016,537983.029,537992.176,4142822.093,4142831.493,"Silva","NEON_D07_MLBS_DP1_537000_4142000_classified_point_cloud.laz","2018_MLBS_3_537000_4142000_image.tif","Tree",1,537000,537999.999,4142000,4142999.999
"18017",18017,537995.095,537999.991,4142826.508,4142831.987,"Silva","NEON_D07_MLBS_DP1_537000_4142000_classified_point_cloud.laz","2018_MLBS_3_537000_4142000_image.tif","Tree",1,537000,537999.999,4142000,4142999.999
"18018",18018,537941.606,537949.978,4142831.096,4142838.488,"Silva","NEON_D07_MLBS_DP1_537000_4142000_classified_point_cloud.laz","2018_MLBS_3_537000_4142000_image.tif","Tree",1,537000,537999.999,4142000,4142999.999
"18019",18019,537949.505,537956.486,4142830.575,4142839.971,"Silva","NEON_D07_MLBS_DP1_537000_4142000_classified_point_cloud.laz","2018_MLBS_3_537000_4142000_image.tif","Tree",1,537000,537999.999,4142000,4142999.999
"18020",18020,537975.628,537981.493,4142829.531,4142835.999,"Silva","NEON_D07_MLBS_DP1_537000_4142000_classified_point_cloud.laz","2018_MLBS_3_537000_4142000_image.tif","Tree",1,537000,537999.999,4142000,4142999.999
"18021",18021,537981.508,537986.704,4142828.166,4142835.719,"Silva","NEON_D07_MLBS_DP1_537000_4142000_classified_point_cloud.laz","2018_MLBS_3_537000_4142000_image.tif","Tree",1,537000,537999.999,4142000,4142999.999
"18022",18022,537977.103,537985.385,4142836.519,4142842.368,"Silva","NEON_D07_MLBS_DP1_537000_4142000_classified_point_cloud.laz","2018_MLBS_3_537000_4142000_image.tif","Tree",1,537000,537999.999,4142000,4142999.999
"18023",18023,537947.609,537953.974,4142840.031,4142846.495,"Silva","NEON_D07_MLBS_DP1_537000_4142000_classified_point_cloud.laz","2018_MLBS_3_537000_4142000_image.tif","Tree",1,537000,537999.999,4142000,4142999.999
"18024",18024,537953.523,537959.997,4142840.112,4142849.485,"Silva","NEON_D07_MLBS_DP1_537000_4142000_classified_point_cloud.laz","2018_MLBS_3_537000_4142000_image.tif","Tree",1,537000,537999.999,4142000,4142999.999
"18025",18025,537995.506,537999.991,4142838.002,4142844.391,"Silva","NEON_D07_MLBS_DP1_537000_4142000_classified_point_cloud.laz","2018_MLBS_3_537000_4142000_image.tif","Tree",1,537000,537999.999,4142000,4142999.999
"18026",18026,537950.022,537956.998,4142846.505,4142851.457,"Silva","NEON_D07_MLBS_DP1_537000_4142000_classified_point_cloud.laz","2018_MLBS_3_537000_4142000_image.tif","Tree",1,537000,537999.999,4142000,4142999.999
"18027",18027,537969.019,537975.968,4142843.014,4142850.498,"Silva","NEON_D07_MLBS_DP1_537000_4142000_classified_point_cloud.laz","2018_MLBS_3_537000_4142000_image.tif","Tree",1,537000,537999.999,4142000,4142999.999
"18028",18028,537960.013,537968.953,4142863.515,4142870.391,"Silva","NEON_D07_MLBS_DP1_537000_4142000_classified_point_cloud.laz","2018_MLBS_3_537000_4142000_image.tif","Tree",1,537000,537999.999,4142000,4142999.999
"18029",18029,537962.063,537968.984,4142858.04,4142865.874,"Silva","NEON_D07_MLBS_DP1_537000_4142000_classified_point_cloud.laz","2018_MLBS_3_537000_4142000_image.tif","Tree",1,537000,537999.999,4142000,4142999.999
"18030",18030,537976.509,537983.473,4142855.043,4142865.973,"Silva","NEON_D07_MLBS_DP1_537000_4142000_classified_point_cloud.laz","2018_MLBS_3_537000_4142000_image.tif","Tree",1,537000,537999.999,4142000,4142999.999
"18031",18031,537983.012,537991.973,4142855.004,4142865.429,"Silva","NEON_D07_MLBS_DP1_537000_4142000_classified_point_cloud.laz","2018_MLBS_3_537000_4142000_image.tif","Tree",1,537000,537999.999,4142000,4142999.999
"18032",18032,537953.517,537962.998,4142858.591,4142866.922,"Silva","NEON_D07_MLBS_DP1_537000_4142000_classified_point_cloud.laz","2018_MLBS_3_537000_4142000_image.tif","Tree",1,537000,537999.999,4142000,4142999.999
"18033",18033,537993.001,537998.491,4142850.531,4142859.865,"Silva","NEON_D07_MLBS_DP1_537000_4142000_classified_point_cloud.laz","2018_MLBS_3_537000_4142000_image.tif","Tree",1,537000,537999.999,4142000,4142999.999
"18034",18034,537997.506,537999.969,4142851.313,4142859.468,"Silva","NEON_D07_MLBS_DP1_537000_4142000_classified_point_cloud.laz","2018_MLBS_3_537000_4142000_image.tif","Tree",1,537000,537999.999,4142000,4142999.999
"18035",18035,537954.081,537961.385,4142849.022,4142858.934,"Silva","NEON_D07_MLBS_DP1_537000_4142000_classified_point_cloud.laz","2018_MLBS_3_537000_4142000_image.tif","Tree",1,537000,537999.999,4142000,4142999.999
"18036",18036,537993.555,537999.994,4142844.043,4142851.482,"Silva","NEON_D07_MLBS_DP1_537000_4142000_classified_point_cloud.laz","2018_MLBS_3_537000_4142000_image.tif","Tree",1,537000,537999.999,4142000,4142999.999
"18037",18037,537960.64,537969.474,4142848.066,4142856.702,"Silva","NEON_D07_MLBS_DP1_537000_4142000_classified_point_cloud.laz","2018_MLBS_3_537000_4142000_image.tif","Tree",1,537000,537999.999,4142000,4142999.999
"18038",18038,537924.057,537932.43,4142903.524,4142912.409,"Silva","NEON_D07_MLBS_DP1_537000_4142000_classified_point_cloud.laz","2018_MLBS_3_537000_4142000_image.tif","Tree",1,537000,537999.999,4142000,4142999.999
"18039",18039,537891.648,537900.487,4142912.013,4142920.966,"Silva","NEON_D07_MLBS_DP1_537000_4142000_classified_point_cloud.laz","2018_MLBS_3_537000_4142000_image.tif","Tree",1,537000,537999.999,4142000,4142999.999
"18040",18040,537927.083,537934.307,4142910.704,4142917.428,"Silva","NEON_D07_MLBS_DP1_537000_4142000_classified_point_cloud.laz","2018_MLBS_3_537000_4142000_image.tif","Tree",1,537000,537999.999,4142000,4142999.999
"18041",18041,537883.015,537890.445,4142916.032,4142923.795,"Silva","NEON_D07_MLBS_DP1_537000_4142000_classified_point_cloud.laz","2018_MLBS_3_537000_4142000_image.tif","Tree",1,537000,537999.999,4142000,4142999.999
"18042",18042,537918.068,537924.999,4142915.007,4142921.998,"Silva","NEON_D07_MLBS_DP1_537000_4142000_classified_point_cloud.laz","2018_MLBS_3_537000_4142000_image.tif","Tree",1,537000,537999.999,4142000,4142999.999
"18043",18043,537897.608,537906.958,4142918.131,4142925.361,"Silva","NEON_D07_MLBS_DP1_537000_4142000_classified_point_cloud.laz","2018_MLBS_3_537000_4142000_image.tif","Tree",1,537000,537999.999,4142000,4142999.999
"18044",18044,537876.114,537882.955,4142921.726,4142928.496,"Silva","NEON_D07_MLBS_DP1_537000_4142000_classified_point_cloud.laz","2018_MLBS_3_537000_4142000_image.tif","Tree",1,537000,537999.999,4142000,4142999.999
"18045",18045,537882.508,537888.841,4142923.002,4142930.489,"Silva","NEON_D07_MLBS_DP1_537000_4142000_classified_point_cloud.laz","2018_MLBS_3_537000_4142000_image.tif","Tree",1,537000,537999.999,4142000,4142999.999
"18046",18046,537888.057,537893.946,4142921.021,4142929.954,"Silva","NEON_D07_MLBS_DP1_537000_4142000_classified_point_cloud.laz","2018_MLBS_3_537000_4142000_image.tif","Tree",1,537000,537999.999,4142000,4142999.999
"18047",18047,537934.005,537940.956,4142919.097,4142926,"Silva","NEON_D07_MLBS_DP1_537000_4142000_classified_point_cloud.laz","2018_MLBS_3_537000_4142000_image.tif","Tree",1,537000,537999.999,4142000,4142999.999
"18048",18048,537900.562,537906.481,4142923.041,4142930.47,"Silva","NEON_D07_MLBS_DP1_537000_4142000_classified_point_cloud.laz","2018_MLBS_3_537000_4142000_image.tif","Tree",1,537000,537999.999,4142000,4142999.999
"18049",18049,537938.533,537947.44,4142920.026,4142927.473,"Silva","NEON_D07_MLBS_DP1_537000_4142000_classified_point_cloud.laz","2018_MLBS_3_537000_4142000_image.tif","Tree",1,537000,537999.999,4142000,4142999.999
"18050",18050,537912.015,537919.996,4142932.519,4142940.374,"Silva","NEON_D07_MLBS_DP1_537000_4142000_classified_point_cloud.laz","2018_MLBS_3_537000_4142000_image.tif","Tree",1,537000,537999.999,4142000,4142999.999
"18051",18051,537910.549,537919.979,4142905.018,4142912.475,"Silva","NEON_D07_MLBS_DP1_537000_4142000_classified_point_cloud.laz","2018_MLBS_3_537000_4142000_image.tif","Tree",1,537000,537999.999,4142000,4142999.999
"18052",18052,537878.589,537888.976,4142907.052,4142915.479,"Silva","NEON_D07_MLBS_DP1_537000_4142000_classified_point_cloud.laz","2018_MLBS_3_537000_4142000_image.tif","Tree",1,537000,537999.999,4142000,4142999.999
"18053",18053,537919.114,537927.479,4142902.008,4142908.461,"Silva","NEON_D07_MLBS_DP1_537000_4142000_classified_point_cloud.laz","2018_MLBS_3_537000_4142000_image.tif","Tree",1,537000,537999.999,4142000,4142999.999
"18054",18054,537891.11,537899.959,4142903.041,4142910.99,"Silva","NEON_D07_MLBS_DP1_537000_4142000_classified_point_cloud.laz","2018_MLBS_3_537000_4142000_image.tif","Tree",1,537000,537999.999,4142000,4142999.999
"18055",18055,537885.001,537891.938,4142897.653,4142907.954,"Silva","NEON_D07_MLBS_DP1_537000_4142000_classified_point_cloud.laz","2018_MLBS_3_537000_4142000_image.tif","Tree",1,537000,537999.999,4142000,4142999.999
"18056",18056,537897.539,537905.486,4142897.638,4142902.888,"Silva","NEON_D07_MLBS_DP1_537000_4142000_classified_point_cloud.laz","2018_MLBS_3_537000_4142000_image.tif","Tree",1,537000,537999.999,4142000,4142999.999
"18057",18057,537905.146,537913.45,4142893.023,4142901.495,"Silva","NEON_D07_MLBS_DP1_537000_4142000_classified_point_cloud.laz","2018_MLBS_3_537000_4142000_image.tif","Tree",1,537000,537999.999,4142000,4142999.999
"18058",18058,537888.004,537895.782,4142894.716,4142902.473,"Silva","NEON_D07_MLBS_DP1_537000_4142000_classified_point_cloud.laz","2018_MLBS_3_537000_4142000_image.tif","Tree",1,537000,537999.999,4142000,4142999.999
"18059",18059,537892.045,537899.499,4142891.502,4142899.497,"Silva","NEON_D07_MLBS_DP1_537000_4142000_classified_point_cloud.laz","2018_MLBS_3_537000_4142000_image.tif","Tree",1,537000,537999.999,4142000,4142999.999
"18060",18060,537932.529,537942.47,4142882.005,4142888.974,"Silva","NEON_D07_MLBS_DP1_537000_4142000_classified_point_cloud.laz","2018_MLBS_3_537000_4142000_image.tif","Tree",1,537000,537999.999,4142000,4142999.999
"18061",18061,537926.5,537933.498,4142881.008,4142887.45,"Silva","NEON_D07_MLBS_DP1_537000_4142000_classified_point_cloud.laz","2018_MLBS_3_537000_4142000_image.tif","Tree",1,537000,537999.999,4142000,4142999.999
"18062",18062,537919.52,537926.981,4142881.554,4142887.974,"Silva","NEON_D07_MLBS_DP1_537000_4142000_classified_point_cloud.laz","2018_MLBS_3_537000_4142000_image.tif","Tree",1,537000,537999.999,4142000,4142999.999
"18063",18063,537874.602,537884.475,4142885.083,4142891.949,"Silva","NEON_D07_MLBS_DP1_537000_4142000_classified_point_cloud.laz","2018_MLBS_3_537000_4142000_image.tif","Tree",1,537000,537999.999,4142000,4142999.999
"18064",18064,537888.573,537900.497,4142882.624,4142892.497,"Silva","NEON_D07_MLBS_DP1_537000_4142000_classified_point_cloud.laz","2018_MLBS_3_537000_4142000_image.tif","Tree",1,537000,537999.999,4142000,4142999.999
"18065",18065,537926.056,537930.44,4142873.006,4142882.415,"Silva","NEON_D07_MLBS_DP1_537000_4142000_classified_point_cloud.laz","2018_MLBS_3_537000_4142000_image.tif","Tree",1,537000,537999.999,4142000,4142999.999
"18066",18066,537918.049,537926.495,4142873.006,4142881.998,"Silva","NEON_D07_MLBS_DP1_537000_4142000_classified_point_cloud.laz","2018_MLBS_3_537000_4142000_image.tif","Tree",1,537000,537999.999,4142000,4142999.999
"18067",18067,537882.506,537888.977,4142878.663,4142887.459,"Silva","NEON_D07_MLBS_DP1_537000_4142000_classified_point_cloud.laz","2018_MLBS_3_537000_4142000_image.tif","Tree",1,537000,537999.999,4142000,4142999.999
"18068",18068,537899.612,537912.954,4142873.532,4142884.955,"Silva","NEON_D07_MLBS_DP1_537000_4142000_classified_point_cloud.laz","2018_MLBS_3_537000_4142000_image.tif","Tree",1,537000,537999.999,4142000,4142999.999
"18069",18069,537885.184,537892.418,4142876.052,4142884.976,"Silva","NEON_D07_MLBS_DP1_537000_4142000_classified_point_cloud.laz","2018_MLBS_3_537000_4142000_image.tif","Tree",1,537000,537999.999,4142000,4142999.999
"18070",18070,537974.57,537983.788,4142896.952,4142904.487,"Silva","NEON_D07_MLBS_DP1_537000_4142000_classified_point_cloud.laz","2018_MLBS_3_537000_4142000_image.tif","Tree",1,537000,537999.999,4142000,4142999.999
"18071",18071,537941.524,537950.319,4142904.571,4142910.44,"Silva","NEON_D07_MLBS_DP1_537000_4142000_classified_point_cloud.laz","2018_MLBS_3_537000_4142000_image.tif","Tree",1,537000,537999.999,4142000,4142999.999
"18072",18072,537964.583,537969.974,4142901.511,4142910.401,"Silva","NEON_D07_MLBS_DP1_537000_4142000_classified_point_cloud.laz","2018_MLBS_3_537000_4142000_image.tif","Tree",1,537000,537999.999,4142000,4142999.999
"18073",18073,537941.518,537953.921,4142909.505,4142915.954,"Silva","NEON_D07_MLBS_DP1_537000_4142000_classified_point_cloud.laz","2018_MLBS_3_537000_4142000_image.tif","Tree",1,537000,537999.999,4142000,4142999.999
"18074",18074,537986.001,537993.497,4142906.578,4142917.645,"Silva","NEON_D07_MLBS_DP1_537000_4142000_classified_point_cloud.laz","2018_MLBS_3_537000_4142000_image.tif","Tree",1,537000,537999.999,4142000,4142999.999
"18075",18075,537996.858,537999.982,4142910.002,4142916.495,"Silva","NEON_D07_MLBS_DP1_537000_4142000_classified_point_cloud.laz","2018_MLBS_3_537000_4142000_image.tif","Tree",1,537000,537999.999,4142000,4142999.999
"18076",18076,537948.017,537957.494,4142923.001,4142930.327,"Silva","NEON_D07_MLBS_DP1_537000_4142000_classified_point_cloud.laz","2018_MLBS_3_537000_4142000_image.tif","Tree",1,537000,537999.999,4142000,4142999.999
"18077",18077,537987.069,537996.847,4142917.502,4142925.95,"Silva","NEON_D07_MLBS_DP1_537000_4142000_classified_point_cloud.laz","2018_MLBS_3_537000_4142000_image.tif","Tree",1,537000,537999.999,4142000,4142999.999
"18078",18078,537970.512,537980.458,4142925.539,4142934.46,"Silva","NEON_D07_MLBS_DP1_537000_4142000_classified_point_cloud.laz","2018_MLBS_3_537000_4142000_image.tif","Tree",1,537000,537999.999,4142000,4142999.999
"18079",18079,537994.054,537999.986,4142927.001,4142933.976,"Silva","NEON_D07_MLBS_DP1_537000_4142000_classified_point_cloud.laz","2018_MLBS_3_537000_4142000_image.tif","Tree",1,537000,537999.999,4142000,4142999.999
"18080",18080,537972.511,537980.482,4142890.546,4142899.986,"Silva","NEON_D07_MLBS_DP1_537000_4142000_classified_point_cloud.laz","2018_MLBS_3_537000_4142000_image.tif","Tree",1,537000,537999.999,4142000,4142999.999
"18081",18081,537946.059,537953.401,4142894.011,4142898.955,"Silva","NEON_D07_MLBS_DP1_537000_4142000_classified_point_cloud.laz","2018_MLBS_3_537000_4142000_image.tif","Tree",1,537000,537999.999,4142000,4142999.999
"18082",18082,537989.072,537997.963,4142885.009,4142891.936,"Silva","NEON_D07_MLBS_DP1_537000_4142000_classified_point_cloud.laz","2018_MLBS_3_537000_4142000_image.tif","Tree",1,537000,537999.999,4142000,4142999.999
"18083",18083,537942.52,537947.975,4142885.74,4142896.878,"Silva","NEON_D07_MLBS_DP1_537000_4142000_classified_point_cloud.laz","2018_MLBS_3_537000_4142000_image.tif","Tree",1,537000,537999.999,4142000,4142999.999
"18084",18084,537947.512,537952.474,4142887.686,4142893.996,"Silva","NEON_D07_MLBS_DP1_537000_4142000_classified_point_cloud.laz","2018_MLBS_3_537000_4142000_image.tif","Tree",1,537000,537999.999,4142000,4142999.999
"18085",18085,537963.525,537972.957,4142884.03,4142890.916,"Silva","NEON_D07_MLBS_DP1_537000_4142000_classified_point_cloud.laz","2018_MLBS_3_537000_4142000_image.tif","Tree",1,537000,537999.999,4142000,4142999.999
"18086",18086,537945.549,537957.967,4142878.627,4142888.962,"Silva","NEON_D07_MLBS_DP1_537000_4142000_classified_point_cloud.laz","2018_MLBS_3_537000_4142000_image.tif","Tree",1,537000,537999.999,4142000,4142999.999
"18087",18087,537961.03,537969.45,4142876.008,4142884.817,"Silva","NEON_D07_MLBS_DP1_537000_4142000_classified_point_cloud.laz","2018_MLBS_3_537000_4142000_image.tif","Tree",1,537000,537999.999,4142000,4142999.999
"18088",18088,537841.015,537848.966,4142940.03,4142946.989,"Silva","NEON_D07_MLBS_DP1_537000_4142000_classified_point_cloud.laz","2018_MLBS_3_537000_4142000_image.tif","Tree",1,537000,537999.999,4142000,4142999.999
"18089",18089,537851.558,537860.999,4142934.244,4142946.451,"Silva","NEON_D07_MLBS_DP1_537000_4142000_classified_point_cloud.laz","2018_MLBS_3_537000_4142000_image.tif","Tree",1,537000,537999.999,4142000,4142999.999
"18090",18090,537846.037,537850.949,4142947.185,4142951.996,"Silva","NEON_D07_MLBS_DP1_537000_4142000_classified_point_cloud.laz","2018_MLBS_3_537000_4142000_image.tif","Tree",1,537000,537999.999,4142000,4142999.999
"18091",18091,537851.036,537858.923,4142944.522,4142952.972,"Silva","NEON_D07_MLBS_DP1_537000_4142000_classified_point_cloud.laz","2018_MLBS_3_537000_4142000_image.tif","Tree",1,537000,537999.999,4142000,4142999.999
"18092",18092,537872.253,537878.496,4142950.017,4142958.392,"Silva","NEON_D07_MLBS_DP1_537000_4142000_classified_point_cloud.laz","2018_MLBS_3_537000_4142000_image.tif","Tree",1,537000,537999.999,4142000,4142999.999
"18093",18093,537867.733,537875.355,4142952.624,4142961.964,"Silva","NEON_D07_MLBS_DP1_537000_4142000_classified_point_cloud.laz","2018_MLBS_3_537000_4142000_image.tif","Tree",1,537000,537999.999,4142000,4142999.999
"18094",18094,537850.557,537860.396,4142976.58,4142984.946,"Silva","NEON_D07_MLBS_DP1_537000_4142000_classified_point_cloud.laz","2018_MLBS_3_537000_4142000_image.tif","Tree",1,537000,537999.999,4142000,4142999.999
"18095",18095,537871.534,537878.897,4142979.021,4142989.439,"Silva","NEON_D07_MLBS_DP1_537000_4142000_classified_point_cloud.laz","2018_MLBS_3_537000_4142000_image.tif","Tree",1,537000,537999.999,4142000,4142999.999
"18096",18096,537864.001,537872.406,4142983.003,4142988.991,"Silva","NEON_D07_MLBS_DP1_537000_4142000_classified_point_cloud.laz","2018_MLBS_3_537000_4142000_image.tif","Tree",1,537000,537999.999,4142000,4142999.999
"18097",18097,537847.517,537853.496,4142988.522,4142996.463,"Silva","NEON_D07_MLBS_DP1_537000_4142000_classified_point_cloud.laz","2018_MLBS_3_537000_4142000_image.tif","Tree",1,537000,537999.999,4142000,4142999.999
"18098",18098,537853.502,537859.281,4142988.608,4142996.434,"Silva","NEON_D07_MLBS_DP1_537000_4142000_classified_point_cloud.laz","2018_MLBS_3_537000_4142000_image.tif","Tree",1,537000,537999.999,4142000,4142999.999
"18099",18099,537853.063,537859.445,4142996.019,4142999.993,"Silva","NEON_D07_MLBS_DP1_537000_4142000_classified_point_cloud.laz","2018_MLBS_3_537000_4142000_image.tif","Tree",1,537000,537999.999,4142000,4142999.999
"18100",18100,537869.736,537875.831,4142995.087,4142999.993,"Silva","NEON_D07_MLBS_DP1_537000_4142000_classified_point_cloud.laz","2018_MLBS_3_537000_4142000_image.tif","Tree",1,537000,537999.999,4142000,4142999.999
"18101",18101,537880.535,537889.983,4142936.014,4142942.982,"Silva","NEON_D07_MLBS_DP1_537000_4142000_classified_point_cloud.laz","2018_MLBS_3_537000_4142000_image.tif","Tree",1,537000,537999.999,4142000,4142999.999
"18102",18102,537880.081,537889.946,4142942.512,4142948.999,"Silva","NEON_D07_MLBS_DP1_537000_4142000_classified_point_cloud.laz","2018_MLBS_3_537000_4142000_image.tif","Tree",1,537000,537999.999,4142000,4142999.999
"18103",18103,537897.51,537904.971,4142939.001,4142945.99,"Silva","NEON_D07_MLBS_DP1_537000_4142000_classified_point_cloud.laz","2018_MLBS_3_537000_4142000_image.tif","Tree",1,537000,537999.999,4142000,4142999.999
"18104",18104,537915.009,537925.452,4142937.813,4142944.893,"Silva","NEON_D07_MLBS_DP1_537000_4142000_classified_point_cloud.laz","2018_MLBS_3_537000_4142000_image.tif","Tree",1,537000,537999.999,4142000,4142999.999
"18105",18105,537903.63,537910.991,4142947.082,4142953.919,"Silva","NEON_D07_MLBS_DP1_537000_4142000_classified_point_cloud.laz","2018_MLBS_3_537000_4142000_image.tif","Tree",1,537000,537999.999,4142000,4142999.999
"18106",18106,537916.086,537922.952,4142947.586,4142953.779,"Silva","NEON_D07_MLBS_DP1_537000_4142000_classified_point_cloud.laz","2018_MLBS_3_537000_4142000_image.tif","Tree",1,537000,537999.999,4142000,4142999.999
"18107",18107,537933.648,537942.958,4142944.505,4142954.394,"Silva","NEON_D07_MLBS_DP1_537000_4142000_classified_point_cloud.laz","2018_MLBS_3_537000_4142000_image.tif","Tree",1,537000,537999.999,4142000,4142999.999
"18108",18108,537875.598,537884.498,4142956.51,4142963.403,"Silva","NEON_D07_MLBS_DP1_537000_4142000_classified_point_cloud.laz","2018_MLBS_3_537000_4142000_image.tif","Tree",1,537000,537999.999,4142000,4142999.999
"18109",18109,537914.504,537921.998,4142952.239,4142961.999,"Silva","NEON_D07_MLBS_DP1_537000_4142000_classified_point_cloud.laz","2018_MLBS_3_537000_4142000_image.tif","Tree",1,537000,537999.999,4142000,4142999.999
"18110",18110,537891.511,537898.464,4142954.508,4142962.985,"Silva","NEON_D07_MLBS_DP1_537000_4142000_classified_point_cloud.laz","2018_MLBS_3_537000_4142000_image.tif","Tree",1,537000,537999.999,4142000,4142999.999
"18111",18111,537920.02,537929.497,4142953.535,4142961.973,"Silva","NEON_D07_MLBS_DP1_537000_4142000_classified_point_cloud.laz","2018_MLBS_3_537000_4142000_image.tif","Tree",1,537000,537999.999,4142000,4142999.999
"18112",18112,537881.035,537889.452,4142960.025,4142966.977,"Silva","NEON_D07_MLBS_DP1_537000_4142000_classified_point_cloud.laz","2018_MLBS_3_537000_4142000_image.tif","Tree",1,537000,537999.999,4142000,4142999.999
"18113",18113,537900.009,537907.988,4142960.193,4142967.443,"Silva","NEON_D07_MLBS_DP1_537000_4142000_classified_point_cloud.laz","2018_MLBS_3_537000_4142000_image.tif","Tree",1,537000,537999.999,4142000,4142999.999
"18114",18114,537938.507,537947.987,4142955.015,4142964.858,"Silva","NEON_D07_MLBS_DP1_537000_4142000_classified_point_cloud.laz","2018_MLBS_3_537000_4142000_image.tif","Tree",1,537000,537999.999,4142000,4142999.999
"18115",18115,537893.013,537901.499,4142964.043,4142972.918,"Silva","NEON_D07_MLBS_DP1_537000_4142000_classified_point_cloud.laz","2018_MLBS_3_537000_4142000_image.tif","Tree",1,537000,537999.999,4142000,4142999.999
"18116",18116,537883.556,537891.956,4142966.035,4142974.982,"Silva","NEON_D07_MLBS_DP1_537000_4142000_classified_point_cloud.laz","2018_MLBS_3_537000_4142000_image.tif","Tree",1,537000,537999.999,4142000,4142999.999
"18117",18117,537903.035,537909.42,4142966.53,4142971.986,"Silva","NEON_D07_MLBS_DP1_537000_4142000_classified_point_cloud.laz","2018_MLBS_3_537000_4142000_image.tif","Tree",1,537000,537999.999,4142000,4142999.999
"18118",18118,537936.67,537945.873,4142963.008,4142972.739,"Silva","NEON_D07_MLBS_DP1_537000_4142000_classified_point_cloud.laz","2018_MLBS_3_537000_4142000_image.tif","Tree",1,537000,537999.999,4142000,4142999.999
"18119",18119,537915.525,537925.996,4142972.519,4142981.996,"Silva","NEON_D07_MLBS_DP1_537000_4142000_classified_point_cloud.laz","2018_MLBS_3_537000_4142000_image.tif","Tree",1,537000,537999.999,4142000,4142999.999
"18120",18120,537886.025,537895.494,4142977.209,4142983.489,"Silva","NEON_D07_MLBS_DP1_537000_4142000_classified_point_cloud.laz","2018_MLBS_3_537000_4142000_image.tif","Tree",1,537000,537999.999,4142000,4142999.999
"18121",18121,537909.105,537918.453,4142973.513,4142983,"Silva","NEON_D07_MLBS_DP1_537000_4142000_classified_point_cloud.laz","2018_MLBS_3_537000_4142000_image.tif","Tree",1,537000,537999.999,4142000,4142999.999
"18122",18122,537925.651,537934.477,4142973.076,4142981.431,"Silva","NEON_D07_MLBS_DP1_537000_4142000_classified_point_cloud.laz","2018_MLBS_3_537000_4142000_image.tif","Tree",1,537000,537999.999,4142000,4142999.999
"18123",18123,537876.598,537884.495,4142984.593,4142992.993,"Silva","NEON_D07_MLBS_DP1_537000_4142000_classified_point_cloud.laz","2018_MLBS_3_537000_4142000_image.tif","Tree",1,537000,537999.999,4142000,4142999.999
"18124",18124,537897.045,537903.497,4142986.173,4142993.989,"Silva","NEON_D07_MLBS_DP1_537000_4142000_classified_point_cloud.laz","2018_MLBS_3_537000_4142000_image.tif","Tree",1,537000,537999.999,4142000,4142999.999
"18125",18125,537913.012,537921.475,4142988.003,4142991.99,"Silva","NEON_D07_MLBS_DP1_537000_4142000_classified_point_cloud.laz","2018_MLBS_3_537000_4142000_image.tif","Tree",1,537000,537999.999,4142000,4142999.999
"18126",18126,537881.048,537887.496,4142993.063,4142999.993,"Silva","NEON_D07_MLBS_DP1_537000_4142000_classified_point_cloud.laz","2018_MLBS_3_537000_4142000_image.tif","Tree",1,537000,537999.999,4142000,4142999.999
"18127",18127,537901.028,537906.494,4142994.013,4142999.993,"Silva","NEON_D07_MLBS_DP1_537000_4142000_classified_point_cloud.laz","2018_MLBS_3_537000_4142000_image.tif","Tree",1,537000,537999.999,4142000,4142999.999
"18128",18128,537924.054,537932.905,4142992.001,4142998.952,"Silva","NEON_D07_MLBS_DP1_537000_4142000_classified_point_cloud.laz","2018_MLBS_3_537000_4142000_image.tif","Tree",1,537000,537999.999,4142000,4142999.999
"18129",18129,537911.023,537917.499,4142997.047,4142999.948,"Silva","NEON_D07_MLBS_DP1_537000_4142000_classified_point_cloud.laz","2018_MLBS_3_537000_4142000_image.tif","Tree",1,537000,537999.999,4142000,4142999.999
"18130",18130,537919.527,537928.461,4142993.535,4142999.988,"Silva","NEON_D07_MLBS_DP1_537000_4142000_classified_point_cloud.laz","2018_MLBS_3_537000_4142000_image.tif","Tree",1,537000,537999.999,4142000,4142999.999
"18131",18131,537958.04,537970.433,4142941.512,4142952.187,"Silva","NEON_D07_MLBS_DP1_537000_4142000_classified_point_cloud.laz","2018_MLBS_3_537000_4142000_image.tif","Tree",1,537000,537999.999,4142000,4142999.999
"18132",18132,537948.557,537957.932,4142948.515,4142957,"Silva","NEON_D07_MLBS_DP1_537000_4142000_classified_point_cloud.laz","2018_MLBS_3_537000_4142000_image.tif","Tree",1,537000,537999.999,4142000,4142999.999
"18133",18133,537943.524,537951.862,4142952.194,4142959.985,"Silva","NEON_D07_MLBS_DP1_537000_4142000_classified_point_cloud.laz","2018_MLBS_3_537000_4142000_image.tif","Tree",1,537000,537999.999,4142000,4142999.999
"18134",18134,537955.072,537965.206,4142955.544,4142965.397,"Silva","NEON_D07_MLBS_DP1_537000_4142000_classified_point_cloud.laz","2018_MLBS_3_537000_4142000_image.tif","Tree",1,537000,537999.999,4142000,4142999.999
"18135",18135,537991.546,537997.991,4142951.555,4142959.781,"Silva","NEON_D07_MLBS_DP1_537000_4142000_classified_point_cloud.laz","2018_MLBS_3_537000_4142000_image.tif","Tree",1,537000,537999.999,4142000,4142999.999
"18136",18136,537997.065,537999.996,4142952.05,4142958.985,"Silva","NEON_D07_MLBS_DP1_537000_4142000_classified_point_cloud.laz","2018_MLBS_3_537000_4142000_image.tif","Tree",1,537000,537999.999,4142000,4142999.999
"18137",18137,537948.642,537957.496,4142961.163,4142967.435,"Silva","NEON_D07_MLBS_DP1_537000_4142000_classified_point_cloud.laz","2018_MLBS_3_537000_4142000_image.tif","Tree",1,537000,537999.999,4142000,4142999.999
"18138",18138,537980.041,537990.924,4142957.041,4142963.483,"Silva","NEON_D07_MLBS_DP1_537000_4142000_classified_point_cloud.laz","2018_MLBS_3_537000_4142000_image.tif","Tree",1,537000,537999.999,4142000,4142999.999
"18139",18139,537971.114,537981.499,4142957.601,4142968.997,"Silva","NEON_D07_MLBS_DP1_537000_4142000_classified_point_cloud.laz","2018_MLBS_3_537000_4142000_image.tif","Tree",1,537000,537999.999,4142000,4142999.999
"18140",18140,537961.533,537972.452,4142960.095,4142971.453,"Silva","NEON_D07_MLBS_DP1_537000_4142000_classified_point_cloud.laz","2018_MLBS_3_537000_4142000_image.tif","Tree",1,537000,537999.999,4142000,4142999.999
"18141",18141,537995.094,537999.99,4142959.005,4142963.986,"Silva","NEON_D07_MLBS_DP1_537000_4142000_classified_point_cloud.laz","2018_MLBS_3_537000_4142000_image.tif","Tree",1,537000,537999.999,4142000,4142999.999
"18142",18142,537990.135,537996.947,4142959.536,4142967.89,"Silva","NEON_D07_MLBS_DP1_537000_4142000_classified_point_cloud.laz","2018_MLBS_3_537000_4142000_image.tif","Tree",1,537000,537999.999,4142000,4142999.999
"18143",18143,537980.052,537988.991,4142963.01,4142972.931,"Silva","NEON_D07_MLBS_DP1_537000_4142000_classified_point_cloud.laz","2018_MLBS_3_537000_4142000_image.tif","Tree",1,537000,537999.999,4142000,4142999.999
"18144",18144,537996.564,537999.982,4142964.078,4142968.498,"Silva","NEON_D07_MLBS_DP1_537000_4142000_classified_point_cloud.laz","2018_MLBS_3_537000_4142000_image.tif","Tree",1,537000,537999.999,4142000,4142999.999
"18145",18145,537957.506,537968.492,4142967.038,4142978.471,"Silva","NEON_D07_MLBS_DP1_537000_4142000_classified_point_cloud.laz","2018_MLBS_3_537000_4142000_image.tif","Tree",1,537000,537999.999,4142000,4142999.999
"18146",18146,537949.505,537957.941,4142972.509,4142979.466,"Silva","NEON_D07_MLBS_DP1_537000_4142000_classified_point_cloud.laz","2018_MLBS_3_537000_4142000_image.tif","Tree",1,537000,537999.999,4142000,4142999.999
"18147",18147,537970.066,537979.334,4142969.022,4142978.709,"Silva","NEON_D07_MLBS_DP1_537000_4142000_classified_point_cloud.laz","2018_MLBS_3_537000_4142000_image.tif","Tree",1,537000,537999.999,4142000,4142999.999
"18148",18148,537950.538,537959.998,4142975.004,4142982.496,"Silva","NEON_D07_MLBS_DP1_537000_4142000_classified_point_cloud.laz","2018_MLBS_3_537000_4142000_image.tif","Tree",1,537000,537999.999,4142000,4142999.999
"18149",18149,537980.006,537986.998,4142969.042,4142981.487,"Silva","NEON_D07_MLBS_DP1_537000_4142000_classified_point_cloud.laz","2018_MLBS_3_537000_4142000_image.tif","Tree",1,537000,537999.999,4142000,4142999.999
"18150",18150,537949.124,537957.493,4142981.55,4142989.578,"Silva","NEON_D07_MLBS_DP1_537000_4142000_classified_point_cloud.laz","2018_MLBS_3_537000_4142000_image.tif","Tree",1,537000,537999.999,4142000,4142999.999
"18151",18151,537941.066,537950.993,4142983.025,4142991.5,"Silva","NEON_D07_MLBS_DP1_537000_4142000_classified_point_cloud.laz","2018_MLBS_3_537000_4142000_image.tif","Tree",1,537000,537999.999,4142000,4142999.999
"18152",18152,537971.069,537980.994,4142980.045,4142988.978,"Silva","NEON_D07_MLBS_DP1_537000_4142000_classified_point_cloud.laz","2018_MLBS_3_537000_4142000_image.tif","Tree",1,537000,537999.999,4142000,4142999.999
"18153",18153,537980.511,537988.477,4142979.503,4142987.939,"Silva","NEON_D07_MLBS_DP1_537000_4142000_classified_point_cloud.laz","2018_MLBS_3_537000_4142000_image.tif","Tree",1,537000,537999.999,4142000,4142999.999
"18154",18154,537987.504,537993.452,4142981.739,4142987.885,"Silva","NEON_D07_MLBS_DP1_537000_4142000_classified_point_cloud.laz","2018_MLBS_3_537000_4142000_image.tif","Tree",1,537000,537999.999,4142000,4142999.999
"18155",18155,537963.527,537973.837,4142984.576,4142991.497,"Silva","NEON_D07_MLBS_DP1_537000_4142000_classified_point_cloud.laz","2018_MLBS_3_537000_4142000_image.tif","Tree",1,537000,537999.999,4142000,4142999.999
"18156",18156,537997.042,537999.99,4142978.005,4142985.494,"Silva","NEON_D07_MLBS_DP1_537000_4142000_classified_point_cloud.laz","2018_MLBS_3_537000_4142000_image.tif","Tree",1,537000,537999.999,4142000,4142999.999
"18157",18157,537996.017,537999.995,4142985.507,4142990.881,"Silva","NEON_D07_MLBS_DP1_537000_4142000_classified_point_cloud.laz","2018_MLBS_3_537000_4142000_image.tif","Tree",1,537000,537999.999,4142000,4142999.999
"18158",18158,537971.029,537975.772,4142989.038,4142996.213,"Silva","NEON_D07_MLBS_DP1_537000_4142000_classified_point_cloud.laz","2018_MLBS_3_537000_4142000_image.tif","Tree",1,537000,537999.999,4142000,4142999.999
"18159",18159,537942.104,537950.493,4142995.013,4142999.99,"Silva","NEON_D07_MLBS_DP1_537000_4142000_classified_point_cloud.laz","2018_MLBS_3_537000_4142000_image.tif","Tree",1,537000,537999.999,4142000,4142999.999
"18160",18160,537950.111,537955.469,4142996.536,4142999.986,"Silva","NEON_D07_MLBS_DP1_537000_4142000_classified_point_cloud.laz","2018_MLBS_3_537000_4142000_image.tif","Tree",1,537000,537999.999,4142000,4142999.999
"18161",18161,537961.126,537969.428,4142993.125,4142999.98,"Silva","NEON_D07_MLBS_DP1_537000_4142000_classified_point_cloud.laz","2018_MLBS_3_537000_4142000_image.tif","Tree",1,537000,537999.999,4142000,4142999.999
"18162",18162,537978.045,537983.485,4142990.039,4142998,"Silva","NEON_D07_MLBS_DP1_537000_4142000_classified_point_cloud.laz","2018_MLBS_3_537000_4142000_image.tif","Tree",1,537000,537999.999,4142000,4142999.999
"18163",18163,537990.56,537998.983,4142988.544,4142996.486,"Silva","NEON_D07_MLBS_DP1_537000_4142000_classified_point_cloud.laz","2018_MLBS_3_537000_4142000_image.tif","Tree",1,537000,537999.999,4142000,4142999.999
"18164",18164,537959.587,537964.405,4142996.623,4142999.989,"Silva","NEON_D07_MLBS_DP1_537000_4142000_classified_point_cloud.laz","2018_MLBS_3_537000_4142000_image.tif","Tree",1,537000,537999.999,4142000,4142999.999
"18165",18165,537976.19,537982.429,4142995.007,4142999.978,"Silva","NEON_D07_MLBS_DP1_537000_4142000_classified_point_cloud.laz","2018_MLBS_3_537000_4142000_image.tif","Tree",1,537000,537999.999,4142000,4142999.999
"18166",18166,537969.384,537976.997,4142995.527,4142999.996,"Silva","NEON_D07_MLBS_DP1_537000_4142000_classified_point_cloud.laz","2018_MLBS_3_537000_4142000_image.tif","Tree",1,537000,537999.999,4142000,4142999.999
"18167",18167,537996.605,537999.996,4142991.141,4142997.875,"Silva","NEON_D07_MLBS_DP1_537000_4142000_classified_point_cloud.laz","2018_MLBS_3_537000_4142000_image.tif","Tree",1,537000,537999.999,4142000,4142999.999
"18168",18168,537988.524,537994.945,4142993.627,4142999.999,"Silva","NEON_D07_MLBS_DP1_537000_4142000_classified_point_cloud.laz","2018_MLBS_3_537000_4142000_image.tif","Tree",1,537000,537999.999,4142000,4142999.999
"18169",18169,537994.543,537999.966,4142996.022,4142999.977,"Silva","NEON_D07_MLBS_DP1_537000_4142000_classified_point_cloud.laz","2018_MLBS_3_537000_4142000_image.tif","Tree",1,537000,537999.999,4142000,4142999.999
"18170",18170,537676.64,537677.458,4142506.021,4142507.484,"Silva","NEON_D07_MLBS_DP1_537000_4142000_classified_point_cloud.laz","2018_MLBS_3_537000_4142000_image.tif","Tree",1,537000,537999.999,4142000,4142999.999
"18171",18171,537635.592,537635.94,4142605.688,4142606.494,"Silva","NEON_D07_MLBS_DP1_537000_4142000_classified_point_cloud.laz","2018_MLBS_3_537000_4142000_image.tif","Tree",1,537000,537999.999,4142000,4142999.999
"18172",18172,537758.524,537758.907,4142675.095,4142675.372,"Silva","NEON_D07_MLBS_DP1_537000_4142000_classified_point_cloud.laz","2018_MLBS_3_537000_4142000_image.tif","Tree",1,537000,537999.999,4142000,4142999.999
"18173",18173,537566.048,537573.689,4142889.003,4142902.48,"Silva","NEON_D07_MLBS_DP1_537000_4142000_classified_point_cloud.laz","2018_MLBS_3_537000_4142000_image.tif","Tree",1,537000,537999.999,4142000,4142999.999
"18174",18174,537516.086,537526.495,4142745.013,4142753.929,"Silva","NEON_D07_MLBS_DP1_537000_4142000_classified_point_cloud.laz","2018_MLBS_3_537000_4142000_image.tif","Tree",1,537000,537999.999,4142000,4142999.999
"18175",18175,537567.17,537572.981,4142840.025,4142848.994,"Silva","NEON_D07_MLBS_DP1_537000_4142000_classified_point_cloud.laz","2018_MLBS_3_537000_4142000_image.tif","Tree",1,537000,537999.999,4142000,4142999.999
"18176",18176,537670.68,537679.417,4142709.007,4142713.463,"Silva","NEON_D07_MLBS_DP1_537000_4142000_classified_point_cloud.laz","2018_MLBS_3_537000_4142000_image.tif","Tree",1,537000,537999.999,4142000,4142999.999
"18177",18177,537744.501,537750.997,4142784.512,4142789.994,"Silva","NEON_D07_MLBS_DP1_537000_4142000_classified_point_cloud.laz","2018_MLBS_3_537000_4142000_image.tif","Tree",1,537000,537999.999,4142000,4142999.999
"18178",18178,537702.046,537710.494,4142884.005,4142894.479,"Silva","NEON_D07_MLBS_DP1_537000_4142000_classified_point_cloud.laz","2018_MLBS_3_537000_4142000_image.tif","Tree",1,537000,537999.999,4142000,4142999.999
"18179",18179,537708.502,537717.989,4142891.504,4142895.998,"Silva","NEON_D07_MLBS_DP1_537000_4142000_classified_point_cloud.laz","2018_MLBS_3_537000_4142000_image.tif","Tree",1,537000,537999.999,4142000,4142999.999
"18180",18180,537710.514,537711.425,4142770.602,4142771.949,"Silva","NEON_D07_MLBS_DP1_537000_4142000_classified_point_cloud.laz","2018_MLBS_3_537000_4142000_image.tif","Tree",1,537000,537999.999,4142000,4142999.999
"18181",18181,537705.66,537706.455,4142933.501,4142933.992,"Silva","NEON_D07_MLBS_DP1_537000_4142000_classified_point_cloud.laz","2018_MLBS_3_537000_4142000_image.tif","Tree",1,537000,537999.999,4142000,4142999.999
"18182",18182,537688.552,537690.482,4142864.506,4142865.462,"Silva","NEON_D07_MLBS_DP1_537000_4142000_classified_point_cloud.laz","2018_MLBS_3_537000_4142000_image.tif","Tree",1,537000,537999.999,4142000,4142999.999
"18183",18183,537634.511,537635.481,4142843.562,4142844.978,"Silva","NEON_D07_MLBS_DP1_537000_4142000_classified_point_cloud.laz","2018_MLBS_3_537000_4142000_image.tif","Tree",1,537000,537999.999,4142000,4142999.999
"18184",18184,537512.185,537522.995,4142972.125,4142977.988,"Silva","NEON_D07_MLBS_DP1_537000_4142000_classified_point_cloud.laz","2018_MLBS_3_537000_4142000_image.tif","Tree",1,537000,537999.999,4142000,4142999.999
"18185",18185,537552.539,537552.985,4142941.658,4142942.443,"Silva","NEON_D07_MLBS_DP1_537000_4142000_classified_point_cloud.laz","2018_MLBS_3_537000_4142000_image.tif","Tree",1,537000,537999.999,4142000,4142999.999
"18186",18186,537662.013,537663.367,4142998.038,4142998.935,"Silva","NEON_D07_MLBS_DP1_537000_4142000_classified_point_cloud.laz","2018_MLBS_3_537000_4142000_image.tif","Tree",1,537000,537999.999,4142000,4142999.999
"18187",18187,537535.054,537541.847,4142553.553,4142561.459,"Silva","NEON_D07_MLBS_DP1_537000_4142000_classified_point_cloud.laz","2018_MLBS_3_537000_4142000_image.tif","Tree",1,537000,537999.999,4142000,4142999.999
"18188",18188,537574.505,537574.92,4142518.053,4142518.734,"Silva","NEON_D07_MLBS_DP1_537000_4142000_classified_point_cloud.laz","2018_MLBS_3_537000_4142000_image.tif","Tree",1,537000,537999.999,4142000,4142999.999
"18189",18189,537773.518,537782.972,4142513.554,4142522.951,"Silva","NEON_D07_MLBS_DP1_537000_4142000_classified_point_cloud.laz","2018_MLBS_3_537000_4142000_image.tif","Tree",1,537000,537999.999,4142000,4142999.999
"18190",18190,537737,537747.469,4142545.323,4142555.936,"Silva","NEON_D07_MLBS_DP1_537000_4142000_classified_point_cloud.laz","2018_MLBS_3_537000_4142000_image.tif","Tree",1,537000,537999.999,4142000,4142999.999
"18191",18191,537696.058,537698.478,4142608.505,4142612.497,"Silva","NEON_D07_MLBS_DP1_537000_4142000_classified_point_cloud.laz","2018_MLBS_3_537000_4142000_image.tif","Tree",1,537000,537999.999,4142000,4142999.999
"18192",18192,537750.019,537759.487,4142638.559,4142643.969,"Silva","NEON_D07_MLBS_DP1_537000_4142000_classified_point_cloud.laz","2018_MLBS_3_537000_4142000_image.tif","Tree",1,537000,537999.999,4142000,4142999.999
"18193",18193,537875.056,537876.498,4142574.001,4142574.988,"Silva","NEON_D07_MLBS_DP1_537000_4142000_classified_point_cloud.laz","2018_MLBS_3_537000_4142000_image.tif","Tree",1,537000,537999.999,4142000,4142999.999
"18194",18194,537763.506,537764.991,4142534.517,4142535.467,"Silva","NEON_D07_MLBS_DP1_537000_4142000_classified_point_cloud.laz","2018_MLBS_3_537000_4142000_image.tif","Tree",1,537000,537999.999,4142000,4142999.999
"18195",18195,537659.53,537659.983,4142559.501,4142560.472,"Silva","NEON_D07_MLBS_DP1_537000_4142000_classified_point_cloud.laz","2018_MLBS_3_537000_4142000_image.tif","Tree",1,537000,537999.999,4142000,4142999.999
"18196",18196,537625.516,537625.955,4142566.563,4142567.415,"Silva","NEON_D07_MLBS_DP1_537000_4142000_classified_point_cloud.laz","2018_MLBS_3_537000_4142000_image.tif","Tree",1,537000,537999.999,4142000,4142999.999
"18197",18197,537701.075,537701.993,4142610.579,4142611.472,"Silva","NEON_D07_MLBS_DP1_537000_4142000_classified_point_cloud.laz","2018_MLBS_3_537000_4142000_image.tif","Tree",1,537000,537999.999,4142000,4142999.999
"18198",18198,537634.546,537634.997,4142623.585,4142624.465,"Silva","NEON_D07_MLBS_DP1_537000_4142000_classified_point_cloud.laz","2018_MLBS_3_537000_4142000_image.tif","Tree",1,537000,537999.999,4142000,4142999.999
"18199",18199,537834.507,537834.986,4142620.202,4142620.952,"Silva","NEON_D07_MLBS_DP1_537000_4142000_classified_point_cloud.laz","2018_MLBS_3_537000_4142000_image.tif","Tree",1,537000,537999.999,4142000,4142999.999
"18200",18200,537594.012,537604.937,4142746.069,4142754.498,"Silva","NEON_D07_MLBS_DP1_537000_4142000_classified_point_cloud.laz","2018_MLBS_3_537000_4142000_image.tif","Tree",1,537000,537999.999,4142000,4142999.999
"18201",18201,537537.553,537546.491,4142896.514,4142903.411,"Silva","NEON_D07_MLBS_DP1_537000_4142000_classified_point_cloud.laz","2018_MLBS_3_537000_4142000_image.tif","Tree",1,537000,537999.999,4142000,4142999.999
"18202",18202,537582.158,537586.985,4142797.092,4142802.471,"Silva","NEON_D07_MLBS_DP1_537000_4142000_classified_point_cloud.laz","2018_MLBS_3_537000_4142000_image.tif","Tree",1,537000,537999.999,4142000,4142999.999
"18203",18203,537754.039,537757.998,4142685.553,4142689.314,"Silva","NEON_D07_MLBS_DP1_537000_4142000_classified_point_cloud.laz","2018_MLBS_3_537000_4142000_image.tif","Tree",1,537000,537999.999,4142000,4142999.999
"18204",18204,537784.031,537795.475,4142791.525,4142798.99,"Silva","NEON_D07_MLBS_DP1_537000_4142000_classified_point_cloud.laz","2018_MLBS_3_537000_4142000_image.tif","Tree",1,537000,537999.999,4142000,4142999.999
"18205",18205,537725.58,537735.7,4142846.542,4142853.962,"Silva","NEON_D07_MLBS_DP1_537000_4142000_classified_point_cloud.laz","2018_MLBS_3_537000_4142000_image.tif","Tree",1,537000,537999.999,4142000,4142999.999
"18206",18206,537747.011,537754.903,4142922.02,4142933.984,"Silva","NEON_D07_MLBS_DP1_537000_4142000_classified_point_cloud.laz","2018_MLBS_3_537000_4142000_image.tif","Tree",1,537000,537999.999,4142000,4142999.999
"18207",18207,537878.546,537878.856,4142797.081,4142797.413,"Silva","NEON_D07_MLBS_DP1_537000_4142000_classified_point_cloud.laz","2018_MLBS_3_537000_4142000_image.tif","Tree",1,537000,537999.999,4142000,4142999.999
"18208",18208,537681.007,537682.462,4142837.042,4142838.894,"Silva","NEON_D07_MLBS_DP1_537000_4142000_classified_point_cloud.laz","2018_MLBS_3_537000_4142000_image.tif","Tree",1,537000,537999.999,4142000,4142999.999
"18209",18209,537650.199,537651.366,4142849.587,4142850.379,"Silva","NEON_D07_MLBS_DP1_537000_4142000_classified_point_cloud.laz","2018_MLBS_3_537000_4142000_image.tif","Tree",1,537000,537999.999,4142000,4142999.999
"18210",18210,537617.515,537618.867,4142917.003,4142917.491,"Silva","NEON_D07_MLBS_DP1_537000_4142000_classified_point_cloud.laz","2018_MLBS_3_537000_4142000_image.tif","Tree",1,537000,537999.999,4142000,4142999.999
"18211",18211,537643.057,537643.457,4142915.574,4142916.46,"Silva","NEON_D07_MLBS_DP1_537000_4142000_classified_point_cloud.laz","2018_MLBS_3_537000_4142000_image.tif","Tree",1,537000,537999.999,4142000,4142999.999
"18212",18212,537992.064,537993.462,4142636.585,4142637.471,"Silva","NEON_D07_MLBS_DP1_537000_4142000_classified_point_cloud.laz","2018_MLBS_3_537000_4142000_image.tif","Tree",1,537000,537999.999,4142000,4142999.999
"18213",18213,537907.097,537915.182,4142678.503,4142685.464,"Silva","NEON_D07_MLBS_DP1_537000_4142000_classified_point_cloud.laz","2018_MLBS_3_537000_4142000_image.tif","Tree",1,537000,537999.999,4142000,4142999.999
"18214",18214,537970.022,537978.952,4142744.542,4142755.499,"Silva","NEON_D07_MLBS_DP1_537000_4142000_classified_point_cloud.laz","2018_MLBS_3_537000_4142000_image.tif","Tree",1,537000,537999.999,4142000,4142999.999
"18215",18215,537942.597,537948.422,4142778.552,4142786.958,"Silva","NEON_D07_MLBS_DP1_537000_4142000_classified_point_cloud.laz","2018_MLBS_3_537000_4142000_image.tif","Tree",1,537000,537999.999,4142000,4142999.999
"18216",18216,537993.515,537995.961,4142828.554,4142831.9,"Silva","NEON_D07_MLBS_DP1_537000_4142000_classified_point_cloud.laz","2018_MLBS_3_537000_4142000_image.tif","Tree",1,537000,537999.999,4142000,4142999.999
"18217",18217,537905.057,537905.896,4142829.669,4142830.084,"Silva","NEON_D07_MLBS_DP1_537000_4142000_classified_point_cloud.laz","2018_MLBS_3_537000_4142000_image.tif","Tree",1,537000,537999.999,4142000,4142999.999
"18218",18218,537959.022,537967.438,4142866.519,4142876.439,"Silva","NEON_D07_MLBS_DP1_537000_4142000_classified_point_cloud.laz","2018_MLBS_3_537000_4142000_image.tif","Tree",1,537000,537999.999,4142000,4142999.999
"18219",18219,537938.526,537940.465,4142918.036,4142919.491,"Silva","NEON_D07_MLBS_DP1_537000_4142000_classified_point_cloud.laz","2018_MLBS_3_537000_4142000_image.tif","Tree",1,537000,537999.999,4142000,4142999.999
"18220",18220,537585.504,537594.493,4142994.506,4142999.981,"Silva","NEON_D07_MLBS_DP1_537000_4142000_classified_point_cloud.laz","2018_MLBS_3_537000_4142000_image.tif","Tree",1,537000,537999.999,4142000,4142999.999
"18221",18221,537597.521,537598.456,4142979.582,4142980.451,"Silva","NEON_D07_MLBS_DP1_537000_4142000_classified_point_cloud.laz","2018_MLBS_3_537000_4142000_image.tif","Tree",1,537000,537999.999,4142000,4142999.999
"18222",18222,537618.513,537619.47,4142942.636,4142943.493,"Silva","NEON_D07_MLBS_DP1_537000_4142000_classified_point_cloud.laz","2018_MLBS_3_537000_4142000_image.tif","Tree",1,537000,537999.999,4142000,4142999.999
"18223",18223,537737.553,537738.474,4142982.506,4142982.979,"Silva","NEON_D07_MLBS_DP1_537000_4142000_classified_point_cloud.laz","2018_MLBS_3_537000_4142000_image.tif","Tree",1,537000,537999.999,4142000,4142999.999
"18224",18224,537863.514,537863.928,4142996.22,4142996.335,"Silva","NEON_D07_MLBS_DP1_537000_4142000_classified_point_cloud.laz","2018_MLBS_3_537000_4142000_image.tif","Tree",1,537000,537999.999,4142000,4142999.999
"18225",18225,537895.119,537896.979,4142948.531,4142949.499,"Silva","NEON_D07_MLBS_DP1_537000_4142000_classified_point_cloud.laz","2018_MLBS_3_537000_4142000_image.tif","Tree",1,537000,537999.999,4142000,4142999.999
"18226",18226,537905.037,537905.975,4142980.028,4142981.404,"Silva","NEON_D07_MLBS_DP1_537000_4142000_classified_point_cloud.laz","2018_MLBS_3_537000_4142000_image.tif","Tree",1,537000,537999.999,4142000,4142999.999
"18227",18227,537868.615,537875.992,4142652.582,4142659.955,"Silva","NEON_D07_MLBS_DP1_537000_4142000_classified_point_cloud.laz","2018_MLBS_3_537000_4142000_image.tif","Tree",1,537000,537999.999,4142000,4142999.999
"18228",18228,537824.502,537828.98,4142546.615,4142554.995,"Silva","NEON_D07_MLBS_DP1_537000_4142000_classified_point_cloud.laz","2018_MLBS_3_537000_4142000_image.tif","Tree",1,537000,537999.999,4142000,4142999.999
"18229",18229,537867.528,537868.896,4142705.108,4142705.922,"Silva","NEON_D07_MLBS_DP1_537000_4142000_classified_point_cloud.laz","2018_MLBS_3_537000_4142000_image.tif","Tree",1,537000,537999.999,4142000,4142999.999
"18230",18230,537992.644,537993.394,4142515.005,4142515.973,"Silva","NEON_D07_MLBS_DP1_537000_4142000_classified_point_cloud.laz","2018_MLBS_3_537000_4142000_image.tif","Tree",1,537000,537999.999,4142000,4142999.999
"18231",18231,537976.504,537983.828,4142634.045,4142640.383,"Silva","NEON_D07_MLBS_DP1_537000_4142000_classified_point_cloud.laz","2018_MLBS_3_537000_4142000_image.tif","Tree",1,537000,537999.999,4142000,4142999.999
"18232",18232,537962.592,537963.886,4142710.053,4142710.495,"Silva","NEON_D07_MLBS_DP1_537000_4142000_classified_point_cloud.laz","2018_MLBS_3_537000_4142000_image.tif","Tree",1,537000,537999.999,4142000,4142999.999
"18233",18233,537911.174,537911.347,4142721.067,4142721.494,"Silva","NEON_D07_MLBS_DP1_537000_4142000_classified_point_cloud.laz","2018_MLBS_3_537000_4142000_image.tif","Tree",1,537000,537999.999,4142000,4142999.999
"18234",18234,537954.1,537954.964,4142815.513,4142816.496,"Silva","NEON_D07_MLBS_DP1_537000_4142000_classified_point_cloud.laz","2018_MLBS_3_537000_4142000_image.tif","Tree",1,537000,537999.999,4142000,4142999.999
