"","treeID","xmin","xmax","ymin","ymax","Algorithm","lidar_path","rgb_path","label","numeric_label","tile_xmin","tile_xmax","tile_ymin","tile_ymax"
"1",1,322898.546,322904.296,4097997.373,4097999.953,"Silva","NEON_D17_TEAK_DP1_322000_4097000_classified_point_cloud_colorized.laz","2018_TEAK_3_322000_4097000_image.tif","Tree",1,322000,322999.999,4097000,4097999.999
"2",2,322993.762,322998.447,4097995.063,4097999.943,"Silva","NEON_D17_TEAK_DP1_322000_4097000_classified_point_cloud_colorized.laz","2018_TEAK_3_322000_4097000_image.tif","Tree",1,322000,322999.999,4097000,4097999.999
"3",3,322935.109,322940.433,4097995.641,4097999.831,"Silva","NEON_D17_TEAK_DP1_322000_4097000_classified_point_cloud_colorized.laz","2018_TEAK_3_322000_4097000_image.tif","Tree",1,322000,322999.999,4097000,4097999.999
"4",4,322973.176,322976.93,4097994.657,4097998.116,"Silva","NEON_D17_TEAK_DP1_322000_4097000_classified_point_cloud_colorized.laz","2018_TEAK_3_322000_4097000_image.tif","Tree",1,322000,322999.999,4097000,4097999.999
"5",5,322904.51,322909.989,4097993.655,4097999.982,"Silva","NEON_D17_TEAK_DP1_322000_4097000_classified_point_cloud_colorized.laz","2018_TEAK_3_322000_4097000_image.tif","Tree",1,322000,322999.999,4097000,4097999.999
"6",6,322882.6,322891.92,4097993.508,4097999.999,"Silva","NEON_D17_TEAK_DP1_322000_4097000_classified_point_cloud_colorized.laz","2018_TEAK_3_322000_4097000_image.tif","Tree",1,322000,322999.999,4097000,4097999.999
"7",7,322970.239,322973.99,4097993.633,4097997.871,"Silva","NEON_D17_TEAK_DP1_322000_4097000_classified_point_cloud_colorized.laz","2018_TEAK_3_322000_4097000_image.tif","Tree",1,322000,322999.999,4097000,4097999.999
"8",8,322948.042,322952.483,4097992.405,4097996.493,"Silva","NEON_D17_TEAK_DP1_322000_4097000_classified_point_cloud_colorized.laz","2018_TEAK_3_322000_4097000_image.tif","Tree",1,322000,322999.999,4097000,4097999.999
"9",9,322952.522,322957.993,4097989.134,4097994.434,"Silva","NEON_D17_TEAK_DP1_322000_4097000_classified_point_cloud_colorized.laz","2018_TEAK_3_322000_4097000_image.tif","Tree",1,322000,322999.999,4097000,4097999.999
"10",10,322999.146,322999.889,4097990.2,4097991.801,"Silva","NEON_D17_TEAK_DP1_322000_4097000_classified_point_cloud_colorized.laz","2018_TEAK_3_322000_4097000_image.tif","Tree",1,322000,322999.999,4097000,4097999.999
"11",11,322948.294,322950.917,4097987.557,4097991.985,"Silva","NEON_D17_TEAK_DP1_322000_4097000_classified_point_cloud_colorized.laz","2018_TEAK_3_322000_4097000_image.tif","Tree",1,322000,322999.999,4097000,4097999.999
"12",12,322892.561,322898.927,4097986.55,4097992.732,"Silva","NEON_D17_TEAK_DP1_322000_4097000_classified_point_cloud_colorized.laz","2018_TEAK_3_322000_4097000_image.tif","Tree",1,322000,322999.999,4097000,4097999.999
"13",13,322881.006,322887.95,4097985.02,4097995.001,"Silva","NEON_D17_TEAK_DP1_322000_4097000_classified_point_cloud_colorized.laz","2018_TEAK_3_322000_4097000_image.tif","Tree",1,322000,322999.999,4097000,4097999.999
"14",14,322911.068,322914.929,4097988.055,4097991.805,"Silva","NEON_D17_TEAK_DP1_322000_4097000_classified_point_cloud_colorized.laz","2018_TEAK_3_322000_4097000_image.tif","Tree",1,322000,322999.999,4097000,4097999.999
"15",15,322963.563,322969.443,4097986.215,4097992.465,"Silva","NEON_D17_TEAK_DP1_322000_4097000_classified_point_cloud_colorized.laz","2018_TEAK_3_322000_4097000_image.tif","Tree",1,322000,322999.999,4097000,4097999.999
"16",16,322994.517,322996.874,4097987.056,4097988.984,"Silva","NEON_D17_TEAK_DP1_322000_4097000_classified_point_cloud_colorized.laz","2018_TEAK_3_322000_4097000_image.tif","Tree",1,322000,322999.999,4097000,4097999.999
"17",17,322874.014,322877.487,4097985.002,4097989.348,"Silva","NEON_D17_TEAK_DP1_322000_4097000_classified_point_cloud_colorized.laz","2018_TEAK_3_322000_4097000_image.tif","Tree",1,322000,322999.999,4097000,4097999.999
"18",18,322911.706,322916.977,4097982.547,4097988.258,"Silva","NEON_D17_TEAK_DP1_322000_4097000_classified_point_cloud_colorized.laz","2018_TEAK_3_322000_4097000_image.tif","Tree",1,322000,322999.999,4097000,4097999.999
"19",19,322930.013,322932.246,4097984.345,4097986.06,"Silva","NEON_D17_TEAK_DP1_322000_4097000_classified_point_cloud_colorized.laz","2018_TEAK_3_322000_4097000_image.tif","Tree",1,322000,322999.999,4097000,4097999.999
"20",20,322957.874,322963.378,4097980.002,4097986.482,"Silva","NEON_D17_TEAK_DP1_322000_4097000_classified_point_cloud_colorized.laz","2018_TEAK_3_322000_4097000_image.tif","Tree",1,322000,322999.999,4097000,4097999.999
"21",21,322933.573,322936.281,4097982.008,4097984.417,"Silva","NEON_D17_TEAK_DP1_322000_4097000_classified_point_cloud_colorized.laz","2018_TEAK_3_322000_4097000_image.tif","Tree",1,322000,322999.999,4097000,4097999.999
"22",22,322891.03,322897.953,4097980.542,4097986.429,"Silva","NEON_D17_TEAK_DP1_322000_4097000_classified_point_cloud_colorized.laz","2018_TEAK_3_322000_4097000_image.tif","Tree",1,322000,322999.999,4097000,4097999.999
"23",23,322998.022,322999.99,4097978.548,4097981.994,"Silva","NEON_D17_TEAK_DP1_322000_4097000_classified_point_cloud_colorized.laz","2018_TEAK_3_322000_4097000_image.tif","Tree",1,322000,322999.999,4097000,4097999.999
"24",24,322947.518,322953.972,4097975.731,4097982.436,"Silva","NEON_D17_TEAK_DP1_322000_4097000_classified_point_cloud_colorized.laz","2018_TEAK_3_322000_4097000_image.tif","Tree",1,322000,322999.999,4097000,4097999.999
"25",25,322894.031,322898.423,4097976.178,4097979.931,"Silva","NEON_D17_TEAK_DP1_322000_4097000_classified_point_cloud_colorized.laz","2018_TEAK_3_322000_4097000_image.tif","Tree",1,322000,322999.999,4097000,4097999.999
"26",26,322880.07,322889.475,4097971.077,4097984.462,"Silva","NEON_D17_TEAK_DP1_322000_4097000_classified_point_cloud_colorized.laz","2018_TEAK_3_322000_4097000_image.tif","Tree",1,322000,322999.999,4097000,4097999.999
"27",27,322902.671,322907.483,4097975.073,4097981.341,"Silva","NEON_D17_TEAK_DP1_322000_4097000_classified_point_cloud_colorized.laz","2018_TEAK_3_322000_4097000_image.tif","Tree",1,322000,322999.999,4097000,4097999.999
"28",28,322871.016,322879.394,4097974.322,4097982,"Silva","NEON_D17_TEAK_DP1_322000_4097000_classified_point_cloud_colorized.laz","2018_TEAK_3_322000_4097000_image.tif","Tree",1,322000,322999.999,4097000,4097999.999
"29",30,322944.524,322950.477,4097973.655,4097979.347,"Silva","NEON_D17_TEAK_DP1_322000_4097000_classified_point_cloud_colorized.laz","2018_TEAK_3_322000_4097000_image.tif","Tree",1,322000,322999.999,4097000,4097999.999
"30",31,322975.022,322977.458,4097973.588,4097975.812,"Silva","NEON_D17_TEAK_DP1_322000_4097000_classified_point_cloud_colorized.laz","2018_TEAK_3_322000_4097000_image.tif","Tree",1,322000,322999.999,4097000,4097999.999
"31",33,322906.86,322910.935,4097970.916,4097974.898,"Silva","NEON_D17_TEAK_DP1_322000_4097000_classified_point_cloud_colorized.laz","2018_TEAK_3_322000_4097000_image.tif","Tree",1,322000,322999.999,4097000,4097999.999
"32",34,322970.211,322973.443,4097970.551,4097973.924,"Silva","NEON_D17_TEAK_DP1_322000_4097000_classified_point_cloud_colorized.laz","2018_TEAK_3_322000_4097000_image.tif","Tree",1,322000,322999.999,4097000,4097999.999
"33",35,322957.022,322966.94,4097966.508,4097977.478,"Silva","NEON_D17_TEAK_DP1_322000_4097000_classified_point_cloud_colorized.laz","2018_TEAK_3_322000_4097000_image.tif","Tree",1,322000,322999.999,4097000,4097999.999
"34",36,322909.613,322914.972,4097968.189,4097973.294,"Silva","NEON_D17_TEAK_DP1_322000_4097000_classified_point_cloud_colorized.laz","2018_TEAK_3_322000_4097000_image.tif","Tree",1,322000,322999.999,4097000,4097999.999
"35",37,322994.03,322998.989,4097965.572,4097971.568,"Silva","NEON_D17_TEAK_DP1_322000_4097000_classified_point_cloud_colorized.laz","2018_TEAK_3_322000_4097000_image.tif","Tree",1,322000,322999.999,4097000,4097999.999
"36",38,322898.534,322902.356,4097968.557,4097972.38,"Silva","NEON_D17_TEAK_DP1_322000_4097000_classified_point_cloud_colorized.laz","2018_TEAK_3_322000_4097000_image.tif","Tree",1,322000,322999.999,4097000,4097999.999
"37",39,322871.612,322880.893,4097966.433,4097970.363,"Silva","NEON_D17_TEAK_DP1_322000_4097000_classified_point_cloud_colorized.laz","2018_TEAK_3_322000_4097000_image.tif","Tree",1,322000,322999.999,4097000,4097999.999
"38",40,322943.004,322948.954,4097965.159,4097969.672,"Silva","NEON_D17_TEAK_DP1_322000_4097000_classified_point_cloud_colorized.laz","2018_TEAK_3_322000_4097000_image.tif","Tree",1,322000,322999.999,4097000,4097999.999
"39",41,322862.356,322871.489,4097963.098,4097972.868,"Silva","NEON_D17_TEAK_DP1_322000_4097000_classified_point_cloud_colorized.laz","2018_TEAK_3_322000_4097000_image.tif","Tree",1,322000,322999.999,4097000,4097999.999
"40",42,322980.934,322983.879,4097963.001,4097966.893,"Silva","NEON_D17_TEAK_DP1_322000_4097000_classified_point_cloud_colorized.laz","2018_TEAK_3_322000_4097000_image.tif","Tree",1,322000,322999.999,4097000,4097999.999
"41",43,322937.043,322944.341,4097961.689,4097970.834,"Silva","NEON_D17_TEAK_DP1_322000_4097000_classified_point_cloud_colorized.laz","2018_TEAK_3_322000_4097000_image.tif","Tree",1,322000,322999.999,4097000,4097999.999
"42",44,322887.557,322894.947,4097959.166,4097970.997,"Silva","NEON_D17_TEAK_DP1_322000_4097000_classified_point_cloud_colorized.laz","2018_TEAK_3_322000_4097000_image.tif","Tree",1,322000,322999.999,4097000,4097999.999
"43",45,322919.545,322923.941,4097959.579,4097964.949,"Silva","NEON_D17_TEAK_DP1_322000_4097000_classified_point_cloud_colorized.laz","2018_TEAK_3_322000_4097000_image.tif","Tree",1,322000,322999.999,4097000,4097999.999
"44",46,322879.545,322888.963,4097956.629,4097970.998,"Silva","NEON_D17_TEAK_DP1_322000_4097000_classified_point_cloud_colorized.laz","2018_TEAK_3_322000_4097000_image.tif","Tree",1,322000,322999.999,4097000,4097999.999
"45",47,322996.063,322999.997,4097957.683,4097966.998,"Silva","NEON_D17_TEAK_DP1_322000_4097000_classified_point_cloud_colorized.laz","2018_TEAK_3_322000_4097000_image.tif","Tree",1,322000,322999.999,4097000,4097999.999
"46",48,322917.025,322922.851,4097952.003,4097959.439,"Silva","NEON_D17_TEAK_DP1_322000_4097000_classified_point_cloud_colorized.laz","2018_TEAK_3_322000_4097000_image.tif","Tree",1,322000,322999.999,4097000,4097999.999
"47",49,322938.082,322945.884,4097950.017,4097960.993,"Silva","NEON_D17_TEAK_DP1_322000_4097000_classified_point_cloud_colorized.laz","2018_TEAK_3_322000_4097000_image.tif","Tree",1,322000,322999.999,4097000,4097999.999
"48",50,322992.023,322998.858,4097951.262,4097958.303,"Silva","NEON_D17_TEAK_DP1_322000_4097000_classified_point_cloud_colorized.laz","2018_TEAK_3_322000_4097000_image.tif","Tree",1,322000,322999.999,4097000,4097999.999
"49",51,322910.06,322916.357,4097950.67,4097955.895,"Silva","NEON_D17_TEAK_DP1_322000_4097000_classified_point_cloud_colorized.laz","2018_TEAK_3_322000_4097000_image.tif","Tree",1,322000,322999.999,4097000,4097999.999
"50",52,322953.779,322963.95,4097948.354,4097954.441,"Silva","NEON_D17_TEAK_DP1_322000_4097000_classified_point_cloud_colorized.laz","2018_TEAK_3_322000_4097000_image.tif","Tree",1,322000,322999.999,4097000,4097999.999
"51",53,322865.187,322876.47,4097947.001,4097959.476,"Silva","NEON_D17_TEAK_DP1_322000_4097000_classified_point_cloud_colorized.laz","2018_TEAK_3_322000_4097000_image.tif","Tree",1,322000,322999.999,4097000,4097999.999
"52",54,322923.268,322927.977,4097946.882,4097952.366,"Silva","NEON_D17_TEAK_DP1_322000_4097000_classified_point_cloud_colorized.laz","2018_TEAK_3_322000_4097000_image.tif","Tree",1,322000,322999.999,4097000,4097999.999
"53",55,322971.792,322976.493,4097952.711,4097955.962,"Silva","NEON_D17_TEAK_DP1_322000_4097000_classified_point_cloud_colorized.laz","2018_TEAK_3_322000_4097000_image.tif","Tree",1,322000,322999.999,4097000,4097999.999
"54",56,322976.535,322981.956,4097952.704,4097956.334,"Silva","NEON_D17_TEAK_DP1_322000_4097000_classified_point_cloud_colorized.laz","2018_TEAK_3_322000_4097000_image.tif","Tree",1,322000,322999.999,4097000,4097999.999
"55",57,322920.175,322924.49,4097947.672,4097952.981,"Silva","NEON_D17_TEAK_DP1_322000_4097000_classified_point_cloud_colorized.laz","2018_TEAK_3_322000_4097000_image.tif","Tree",1,322000,322999.999,4097000,4097999.999
"56",58,322875.138,322881.473,4097948.185,4097954.998,"Silva","NEON_D17_TEAK_DP1_322000_4097000_classified_point_cloud_colorized.laz","2018_TEAK_3_322000_4097000_image.tif","Tree",1,322000,322999.999,4097000,4097999.999
"57",59,322886.133,322890.994,4097944.258,4097948.966,"Silva","NEON_D17_TEAK_DP1_322000_4097000_classified_point_cloud_colorized.laz","2018_TEAK_3_322000_4097000_image.tif","Tree",1,322000,322999.999,4097000,4097999.999
"58",60,322911.017,322915.935,4097946.028,4097950.964,"Silva","NEON_D17_TEAK_DP1_322000_4097000_classified_point_cloud_colorized.laz","2018_TEAK_3_322000_4097000_image.tif","Tree",1,322000,322999.999,4097000,4097999.999
"59",61,322984.518,322987.45,4097948.03,4097950.97,"Silva","NEON_D17_TEAK_DP1_322000_4097000_classified_point_cloud_colorized.laz","2018_TEAK_3_322000_4097000_image.tif","Tree",1,322000,322999.999,4097000,4097999.999
"60",62,322890.503,322898.436,4097939.053,4097948.954,"Silva","NEON_D17_TEAK_DP1_322000_4097000_classified_point_cloud_colorized.laz","2018_TEAK_3_322000_4097000_image.tif","Tree",1,322000,322999.999,4097000,4097999.999
"61",63,322914.575,322918.895,4097943.013,4097946.999,"Silva","NEON_D17_TEAK_DP1_322000_4097000_classified_point_cloud_colorized.laz","2018_TEAK_3_322000_4097000_image.tif","Tree",1,322000,322999.999,4097000,4097999.999
"62",64,322988.5,322988.981,4097943.16,4097944.991,"Silva","NEON_D17_TEAK_DP1_322000_4097000_classified_point_cloud_colorized.laz","2018_TEAK_3_322000_4097000_image.tif","Tree",1,322000,322999.999,4097000,4097999.999
"63",65,322868.008,322871.919,4097945.513,4097946.999,"Silva","NEON_D17_TEAK_DP1_322000_4097000_classified_point_cloud_colorized.laz","2018_TEAK_3_322000_4097000_image.tif","Tree",1,322000,322999.999,4097000,4097999.999
"64",66,322913.652,322918.229,4097939.583,4097943.942,"Silva","NEON_D17_TEAK_DP1_322000_4097000_classified_point_cloud_colorized.laz","2018_TEAK_3_322000_4097000_image.tif","Tree",1,322000,322999.999,4097000,4097999.999
"65",67,322935.266,322938.311,4097940.138,4097942.852,"Silva","NEON_D17_TEAK_DP1_322000_4097000_classified_point_cloud_colorized.laz","2018_TEAK_3_322000_4097000_image.tif","Tree",1,322000,322999.999,4097000,4097999.999
"66",68,322941.074,322949.959,4097937.767,4097945.96,"Silva","NEON_D17_TEAK_DP1_322000_4097000_classified_point_cloud_colorized.laz","2018_TEAK_3_322000_4097000_image.tif","Tree",1,322000,322999.999,4097000,4097999.999
"67",69,322973.301,322977.478,4097939.096,4097943.495,"Silva","NEON_D17_TEAK_DP1_322000_4097000_classified_point_cloud_colorized.laz","2018_TEAK_3_322000_4097000_image.tif","Tree",1,322000,322999.999,4097000,4097999.999
"68",70,322883.578,322895.89,4097933.221,4097944.962,"Silva","NEON_D17_TEAK_DP1_322000_4097000_classified_point_cloud_colorized.laz","2018_TEAK_3_322000_4097000_image.tif","Tree",1,322000,322999.999,4097000,4097999.999
"69",71,322919.011,322923.459,4097935.547,4097940.276,"Silva","NEON_D17_TEAK_DP1_322000_4097000_classified_point_cloud_colorized.laz","2018_TEAK_3_322000_4097000_image.tif","Tree",1,322000,322999.999,4097000,4097999.999
"70",72,322928.032,322932.411,4097936.052,4097940.285,"Silva","NEON_D17_TEAK_DP1_322000_4097000_classified_point_cloud_colorized.laz","2018_TEAK_3_322000_4097000_image.tif","Tree",1,322000,322999.999,4097000,4097999.999
"71",73,322961.523,322968.049,4097936.778,4097943.705,"Silva","NEON_D17_TEAK_DP1_322000_4097000_classified_point_cloud_colorized.laz","2018_TEAK_3_322000_4097000_image.tif","Tree",1,322000,322999.999,4097000,4097999.999
"72",74,322876.058,322883.433,4097931.01,4097940.425,"Silva","NEON_D17_TEAK_DP1_322000_4097000_classified_point_cloud_colorized.laz","2018_TEAK_3_322000_4097000_image.tif","Tree",1,322000,322999.999,4097000,4097999.999
"73",75,322897.558,322900.793,4097933.514,4097939.277,"Silva","NEON_D17_TEAK_DP1_322000_4097000_classified_point_cloud_colorized.laz","2018_TEAK_3_322000_4097000_image.tif","Tree",1,322000,322999.999,4097000,4097999.999
"74",76,322979.743,322985.465,4097932.029,4097937.897,"Silva","NEON_D17_TEAK_DP1_322000_4097000_classified_point_cloud_colorized.laz","2018_TEAK_3_322000_4097000_image.tif","Tree",1,322000,322999.999,4097000,4097999.999
"75",77,322945.032,322951.054,4097935.431,4097939.985,"Silva","NEON_D17_TEAK_DP1_322000_4097000_classified_point_cloud_colorized.laz","2018_TEAK_3_322000_4097000_image.tif","Tree",1,322000,322999.999,4097000,4097999.999
"76",78,322854.236,322864.468,4097928.519,4097939.965,"Silva","NEON_D17_TEAK_DP1_322000_4097000_classified_point_cloud_colorized.laz","2018_TEAK_3_322000_4097000_image.tif","Tree",1,322000,322999.999,4097000,4097999.999
"77",79,322966.019,322970.967,4097930.52,4097936.898,"Silva","NEON_D17_TEAK_DP1_322000_4097000_classified_point_cloud_colorized.laz","2018_TEAK_3_322000_4097000_image.tif","Tree",1,322000,322999.999,4097000,4097999.999
"78",80,322911.542,322916.969,4097930.141,4097935.456,"Silva","NEON_D17_TEAK_DP1_322000_4097000_classified_point_cloud_colorized.laz","2018_TEAK_3_322000_4097000_image.tif","Tree",1,322000,322999.999,4097000,4097999.999
"79",81,322933.12,322936.476,4097930.511,4097934.88,"Silva","NEON_D17_TEAK_DP1_322000_4097000_classified_point_cloud_colorized.laz","2018_TEAK_3_322000_4097000_image.tif","Tree",1,322000,322999.999,4097000,4097999.999
"80",82,322970.556,322976.465,4097930.619,4097935.86,"Silva","NEON_D17_TEAK_DP1_322000_4097000_classified_point_cloud_colorized.laz","2018_TEAK_3_322000_4097000_image.tif","Tree",1,322000,322999.999,4097000,4097999.999
"81",83,322977.116,322982.917,4097929.526,4097935.444,"Silva","NEON_D17_TEAK_DP1_322000_4097000_classified_point_cloud_colorized.laz","2018_TEAK_3_322000_4097000_image.tif","Tree",1,322000,322999.999,4097000,4097999.999
"82",84,322952.755,322958.486,4097927.059,4097933.455,"Silva","NEON_D17_TEAK_DP1_322000_4097000_classified_point_cloud_colorized.laz","2018_TEAK_3_322000_4097000_image.tif","Tree",1,322000,322999.999,4097000,4097999.999
"83",85,322920.704,322925.947,4097927.534,4097932.978,"Silva","NEON_D17_TEAK_DP1_322000_4097000_classified_point_cloud_colorized.laz","2018_TEAK_3_322000_4097000_image.tif","Tree",1,322000,322999.999,4097000,4097999.999
"84",86,322980.581,322987.988,4097925.04,4097933.958,"Silva","NEON_D17_TEAK_DP1_322000_4097000_classified_point_cloud_colorized.laz","2018_TEAK_3_322000_4097000_image.tif","Tree",1,322000,322999.999,4097000,4097999.999
"85",87,322974.208,322979.774,4097925.001,4097931.206,"Silva","NEON_D17_TEAK_DP1_322000_4097000_classified_point_cloud_colorized.laz","2018_TEAK_3_322000_4097000_image.tif","Tree",1,322000,322999.999,4097000,4097999.999
"86",88,322958.518,322963.895,4097927.53,4097932.432,"Silva","NEON_D17_TEAK_DP1_322000_4097000_classified_point_cloud_colorized.laz","2018_TEAK_3_322000_4097000_image.tif","Tree",1,322000,322999.999,4097000,4097999.999
"87",89,322946.088,322952.852,4097926.688,4097931.949,"Silva","NEON_D17_TEAK_DP1_322000_4097000_classified_point_cloud_colorized.laz","2018_TEAK_3_322000_4097000_image.tif","Tree",1,322000,322999.999,4097000,4097999.999
"88",90,322869.209,322875.665,4097926.644,4097932.762,"Silva","NEON_D17_TEAK_DP1_322000_4097000_classified_point_cloud_colorized.laz","2018_TEAK_3_322000_4097000_image.tif","Tree",1,322000,322999.999,4097000,4097999.999
"89",91,322911.121,322915.947,4097925.527,4097929.778,"Silva","NEON_D17_TEAK_DP1_322000_4097000_classified_point_cloud_colorized.laz","2018_TEAK_3_322000_4097000_image.tif","Tree",1,322000,322999.999,4097000,4097999.999
"90",92,322875.796,322881.881,4097923.665,4097930.987,"Silva","NEON_D17_TEAK_DP1_322000_4097000_classified_point_cloud_colorized.laz","2018_TEAK_3_322000_4097000_image.tif","Tree",1,322000,322999.999,4097000,4097999.999
"91",93,322886.065,322892.36,4097923.237,4097929.423,"Silva","NEON_D17_TEAK_DP1_322000_4097000_classified_point_cloud_colorized.laz","2018_TEAK_3_322000_4097000_image.tif","Tree",1,322000,322999.999,4097000,4097999.999
"92",94,322957.513,322960.1,4097922.691,4097924.948,"Silva","NEON_D17_TEAK_DP1_322000_4097000_classified_point_cloud_colorized.laz","2018_TEAK_3_322000_4097000_image.tif","Tree",1,322000,322999.999,4097000,4097999.999
"93",95,322948.186,322952.976,4097920.055,4097925.966,"Silva","NEON_D17_TEAK_DP1_322000_4097000_classified_point_cloud_colorized.laz","2018_TEAK_3_322000_4097000_image.tif","Tree",1,322000,322999.999,4097000,4097999.999
"94",96,322991.602,322996.964,4097920.588,4097926.171,"Silva","NEON_D17_TEAK_DP1_322000_4097000_classified_point_cloud_colorized.laz","2018_TEAK_3_322000_4097000_image.tif","Tree",1,322000,322999.999,4097000,4097999.999
"95",97,322997.018,322999.993,4097920.533,4097927.472,"Silva","NEON_D17_TEAK_DP1_322000_4097000_classified_point_cloud_colorized.laz","2018_TEAK_3_322000_4097000_image.tif","Tree",1,322000,322999.999,4097000,4097999.999
"96",98,322928.237,322937.468,4097918.546,4097921.472,"Silva","NEON_D17_TEAK_DP1_322000_4097000_classified_point_cloud_colorized.laz","2018_TEAK_3_322000_4097000_image.tif","Tree",1,322000,322999.999,4097000,4097999.999
"97",99,322906.005,322910.71,4097918.858,4097924.419,"Silva","NEON_D17_TEAK_DP1_322000_4097000_classified_point_cloud_colorized.laz","2018_TEAK_3_322000_4097000_image.tif","Tree",1,322000,322999.999,4097000,4097999.999
"98",100,322920.77,322922.987,4097918.362,4097921.179,"Silva","NEON_D17_TEAK_DP1_322000_4097000_classified_point_cloud_colorized.laz","2018_TEAK_3_322000_4097000_image.tif","Tree",1,322000,322999.999,4097000,4097999.999
"99",101,322893.614,322899.49,4097916.774,4097922.84,"Silva","NEON_D17_TEAK_DP1_322000_4097000_classified_point_cloud_colorized.laz","2018_TEAK_3_322000_4097000_image.tif","Tree",1,322000,322999.999,4097000,4097999.999
"100",102,322858.05,322861.631,4097917.651,4097923.851,"Silva","NEON_D17_TEAK_DP1_322000_4097000_classified_point_cloud_colorized.laz","2018_TEAK_3_322000_4097000_image.tif","Tree",1,322000,322999.999,4097000,4097999.999
"101",103,322909.904,322913.455,4097916.005,4097918.966,"Silva","NEON_D17_TEAK_DP1_322000_4097000_classified_point_cloud_colorized.laz","2018_TEAK_3_322000_4097000_image.tif","Tree",1,322000,322999.999,4097000,4097999.999
"102",104,322974.54,322986.913,4097912.018,4097924.997,"Silva","NEON_D17_TEAK_DP1_322000_4097000_classified_point_cloud_colorized.laz","2018_TEAK_3_322000_4097000_image.tif","Tree",1,322000,322999.999,4097000,4097999.999
"103",105,322998.008,322999.997,4097917.154,4097920.358,"Silva","NEON_D17_TEAK_DP1_322000_4097000_classified_point_cloud_colorized.laz","2018_TEAK_3_322000_4097000_image.tif","Tree",1,322000,322999.999,4097000,4097999.999
"104",106,322890.5,322895.781,4097914.033,4097920.413,"Silva","NEON_D17_TEAK_DP1_322000_4097000_classified_point_cloud_colorized.laz","2018_TEAK_3_322000_4097000_image.tif","Tree",1,322000,322999.999,4097000,4097999.999
"105",107,322963.15,322967.362,4097913.562,4097917.437,"Silva","NEON_D17_TEAK_DP1_322000_4097000_classified_point_cloud_colorized.laz","2018_TEAK_3_322000_4097000_image.tif","Tree",1,322000,322999.999,4097000,4097999.999
"106",108,322902.529,322910.479,4097913.006,4097919.652,"Silva","NEON_D17_TEAK_DP1_322000_4097000_classified_point_cloud_colorized.laz","2018_TEAK_3_322000_4097000_image.tif","Tree",1,322000,322999.999,4097000,4097999.999
"107",109,322896.535,322902.984,4097909.529,4097918.414,"Silva","NEON_D17_TEAK_DP1_322000_4097000_classified_point_cloud_colorized.laz","2018_TEAK_3_322000_4097000_image.tif","Tree",1,322000,322999.999,4097000,4097999.999
"108",110,322848.099,322852.481,4097911.531,4097919.957,"Silva","NEON_D17_TEAK_DP1_322000_4097000_classified_point_cloud_colorized.laz","2018_TEAK_3_322000_4097000_image.tif","Tree",1,322000,322999.999,4097000,4097999.999
"109",111,322868.132,322873.463,4097910.53,4097916.264,"Silva","NEON_D17_TEAK_DP1_322000_4097000_classified_point_cloud_colorized.laz","2018_TEAK_3_322000_4097000_image.tif","Tree",1,322000,322999.999,4097000,4097999.999
"110",112,322911.65,322920.471,4097908.04,4097913.422,"Silva","NEON_D17_TEAK_DP1_322000_4097000_classified_point_cloud_colorized.laz","2018_TEAK_3_322000_4097000_image.tif","Tree",1,322000,322999.999,4097000,4097999.999
"111",113,322955.615,322962.99,4097908.035,4097916.74,"Silva","NEON_D17_TEAK_DP1_322000_4097000_classified_point_cloud_colorized.laz","2018_TEAK_3_322000_4097000_image.tif","Tree",1,322000,322999.999,4097000,4097999.999
"112",114,322885.579,322891.493,4097908.592,4097914.979,"Silva","NEON_D17_TEAK_DP1_322000_4097000_classified_point_cloud_colorized.laz","2018_TEAK_3_322000_4097000_image.tif","Tree",1,322000,322999.999,4097000,4097999.999
"113",115,322891.526,322897.417,4097908.501,4097914.402,"Silva","NEON_D17_TEAK_DP1_322000_4097000_classified_point_cloud_colorized.laz","2018_TEAK_3_322000_4097000_image.tif","Tree",1,322000,322999.999,4097000,4097999.999
"114",116,322900.677,322910.369,4097904.087,4097912.997,"Silva","NEON_D17_TEAK_DP1_322000_4097000_classified_point_cloud_colorized.laz","2018_TEAK_3_322000_4097000_image.tif","Tree",1,322000,322999.999,4097000,4097999.999
"115",117,322986,322993.999,4097904.012,4097913.996,"Silva","NEON_D17_TEAK_DP1_322000_4097000_classified_point_cloud_colorized.laz","2018_TEAK_3_322000_4097000_image.tif","Tree",1,322000,322999.999,4097000,4097999.999
"116",118,322853.511,322862.149,4097903.001,4097910.788,"Silva","NEON_D17_TEAK_DP1_322000_4097000_classified_point_cloud_colorized.laz","2018_TEAK_3_322000_4097000_image.tif","Tree",1,322000,322999.999,4097000,4097999.999
"117",119,322875.511,322884.487,4097902.015,4097912.843,"Silva","NEON_D17_TEAK_DP1_322000_4097000_classified_point_cloud_colorized.laz","2018_TEAK_3_322000_4097000_image.tif","Tree",1,322000,322999.999,4097000,4097999.999
"118",120,322928.508,322937.433,4097901.142,4097910.442,"Silva","NEON_D17_TEAK_DP1_322000_4097000_classified_point_cloud_colorized.laz","2018_TEAK_3_322000_4097000_image.tif","Tree",1,322000,322999.999,4097000,4097999.999
"119",121,322963.591,322971.434,4097901.623,4097908.998,"Silva","NEON_D17_TEAK_DP1_322000_4097000_classified_point_cloud_colorized.laz","2018_TEAK_3_322000_4097000_image.tif","Tree",1,322000,322999.999,4097000,4097999.999
"120",122,322942.004,322948.255,4097901.517,4097907.348,"Silva","NEON_D17_TEAK_DP1_322000_4097000_classified_point_cloud_colorized.laz","2018_TEAK_3_322000_4097000_image.tif","Tree",1,322000,322999.999,4097000,4097999.999
"121",123,322867.1,322870.319,4097902.648,4097905.247,"Silva","NEON_D17_TEAK_DP1_322000_4097000_classified_point_cloud_colorized.laz","2018_TEAK_3_322000_4097000_image.tif","Tree",1,322000,322999.999,4097000,4097999.999
"122",125,322954.036,322954.903,4097902.352,4097903.456,"Silva","NEON_D17_TEAK_DP1_322000_4097000_classified_point_cloud_colorized.laz","2018_TEAK_3_322000_4097000_image.tif","Tree",1,322000,322999.999,4097000,4097999.999
"123",126,322838.128,322843.486,4097895.072,4097902.377,"Silva","NEON_D17_TEAK_DP1_322000_4097000_classified_point_cloud_colorized.laz","2018_TEAK_3_322000_4097000_image.tif","Tree",1,322000,322999.999,4097000,4097999.999
"124",127,322843.532,322850.967,4097896.066,4097905.122,"Silva","NEON_D17_TEAK_DP1_322000_4097000_classified_point_cloud_colorized.laz","2018_TEAK_3_322000_4097000_image.tif","Tree",1,322000,322999.999,4097000,4097999.999
"125",128,322861.065,322862.466,4097896.697,4097901.923,"Silva","NEON_D17_TEAK_DP1_322000_4097000_classified_point_cloud_colorized.laz","2018_TEAK_3_322000_4097000_image.tif","Tree",1,322000,322999.999,4097000,4097999.999
"126",129,322895.543,322906.402,4097892.502,4097906.509,"Silva","NEON_D17_TEAK_DP1_322000_4097000_classified_point_cloud_colorized.laz","2018_TEAK_3_322000_4097000_image.tif","Tree",1,322000,322999.999,4097000,4097999.999
"127",130,322854.781,322860.98,4097894.545,4097902.997,"Silva","NEON_D17_TEAK_DP1_322000_4097000_classified_point_cloud_colorized.laz","2018_TEAK_3_322000_4097000_image.tif","Tree",1,322000,322999.999,4097000,4097999.999
"128",132,322887.054,322895.992,4097891.515,4097902.87,"Silva","NEON_D17_TEAK_DP1_322000_4097000_classified_point_cloud_colorized.laz","2018_TEAK_3_322000_4097000_image.tif","Tree",1,322000,322999.999,4097000,4097999.999
"129",134,322923.605,322934.821,4097891.084,4097901.884,"Silva","NEON_D17_TEAK_DP1_322000_4097000_classified_point_cloud_colorized.laz","2018_TEAK_3_322000_4097000_image.tif","Tree",1,322000,322999.999,4097000,4097999.999
"130",135,322832.609,322840.912,4097892.142,4097898.987,"Silva","NEON_D17_TEAK_DP1_322000_4097000_classified_point_cloud_colorized.laz","2018_TEAK_3_322000_4097000_image.tif","Tree",1,322000,322999.999,4097000,4097999.999
"131",136,322869.532,322870.902,4097895.512,4097897.847,"Silva","NEON_D17_TEAK_DP1_322000_4097000_classified_point_cloud_colorized.laz","2018_TEAK_3_322000_4097000_image.tif","Tree",1,322000,322999.999,4097000,4097999.999
"132",137,322903.577,322910.395,4097892.511,4097900.991,"Silva","NEON_D17_TEAK_DP1_322000_4097000_classified_point_cloud_colorized.laz","2018_TEAK_3_322000_4097000_image.tif","Tree",1,322000,322999.999,4097000,4097999.999
"133",138,322913.658,322921.37,4097893.61,4097900.053,"Silva","NEON_D17_TEAK_DP1_322000_4097000_classified_point_cloud_colorized.laz","2018_TEAK_3_322000_4097000_image.tif","Tree",1,322000,322999.999,4097000,4097999.999
"134",139,322848.062,322856.943,4097889.899,4097899.675,"Silva","NEON_D17_TEAK_DP1_322000_4097000_classified_point_cloud_colorized.laz","2018_TEAK_3_322000_4097000_image.tif","Tree",1,322000,322999.999,4097000,4097999.999
"135",140,322942.121,322948.913,4097893.014,4097898.475,"Silva","NEON_D17_TEAK_DP1_322000_4097000_classified_point_cloud_colorized.laz","2018_TEAK_3_322000_4097000_image.tif","Tree",1,322000,322999.999,4097000,4097999.999
"136",141,322953.536,322955.959,4097895.035,4097898.322,"Silva","NEON_D17_TEAK_DP1_322000_4097000_classified_point_cloud_colorized.laz","2018_TEAK_3_322000_4097000_image.tif","Tree",1,322000,322999.999,4097000,4097999.999
"137",142,322868.083,322872.451,4097887.533,4097895.458,"Silva","NEON_D17_TEAK_DP1_322000_4097000_classified_point_cloud_colorized.laz","2018_TEAK_3_322000_4097000_image.tif","Tree",1,322000,322999.999,4097000,4097999.999
"138",143,322861.578,322868.458,4097886.541,4097895.621,"Silva","NEON_D17_TEAK_DP1_322000_4097000_classified_point_cloud_colorized.laz","2018_TEAK_3_322000_4097000_image.tif","Tree",1,322000,322999.999,4097000,4097999.999
"139",144,322875.112,322880.441,4097888.619,4097894.996,"Silva","NEON_D17_TEAK_DP1_322000_4097000_classified_point_cloud_colorized.laz","2018_TEAK_3_322000_4097000_image.tif","Tree",1,322000,322999.999,4097000,4097999.999
"140",145,322951.108,322955.491,4097889.547,4097893.403,"Silva","NEON_D17_TEAK_DP1_322000_4097000_classified_point_cloud_colorized.laz","2018_TEAK_3_322000_4097000_image.tif","Tree",1,322000,322999.999,4097000,4097999.999
"141",146,322856.027,322862.977,4097888.03,4097895.892,"Silva","NEON_D17_TEAK_DP1_322000_4097000_classified_point_cloud_colorized.laz","2018_TEAK_3_322000_4097000_image.tif","Tree",1,322000,322999.999,4097000,4097999.999
"142",147,322991.514,322999.411,4097888.013,4097895.48,"Silva","NEON_D17_TEAK_DP1_322000_4097000_classified_point_cloud_colorized.laz","2018_TEAK_3_322000_4097000_image.tif","Tree",1,322000,322999.999,4097000,4097999.999
"143",148,322895.322,322901.916,4097882.885,4097891.799,"Silva","NEON_D17_TEAK_DP1_322000_4097000_classified_point_cloud_colorized.laz","2018_TEAK_3_322000_4097000_image.tif","Tree",1,322000,322999.999,4097000,4097999.999
"144",149,322913.08,322923.523,4097879.582,4097890.493,"Silva","NEON_D17_TEAK_DP1_322000_4097000_classified_point_cloud_colorized.laz","2018_TEAK_3_322000_4097000_image.tif","Tree",1,322000,322999.999,4097000,4097999.999
"145",150,322855.604,322865.476,4097880.585,4097887.364,"Silva","NEON_D17_TEAK_DP1_322000_4097000_classified_point_cloud_colorized.laz","2018_TEAK_3_322000_4097000_image.tif","Tree",1,322000,322999.999,4097000,4097999.999
"146",151,322990.704,322996.971,4097882.002,4097888.496,"Silva","NEON_D17_TEAK_DP1_322000_4097000_classified_point_cloud_colorized.laz","2018_TEAK_3_322000_4097000_image.tif","Tree",1,322000,322999.999,4097000,4097999.999
"147",152,322955.763,322960.242,4097880.174,4097885.22,"Silva","NEON_D17_TEAK_DP1_322000_4097000_classified_point_cloud_colorized.laz","2018_TEAK_3_322000_4097000_image.tif","Tree",1,322000,322999.999,4097000,4097999.999
"148",153,322883.082,322892.462,4097879.695,4097887.887,"Silva","NEON_D17_TEAK_DP1_322000_4097000_classified_point_cloud_colorized.laz","2018_TEAK_3_322000_4097000_image.tif","Tree",1,322000,322999.999,4097000,4097999.999
"149",154,322847.007,322855.875,4097877.505,4097886.773,"Silva","NEON_D17_TEAK_DP1_322000_4097000_classified_point_cloud_colorized.laz","2018_TEAK_3_322000_4097000_image.tif","Tree",1,322000,322999.999,4097000,4097999.999
"150",155,322936.048,322944.223,4097879.041,4097884.395,"Silva","NEON_D17_TEAK_DP1_322000_4097000_classified_point_cloud_colorized.laz","2018_TEAK_3_322000_4097000_image.tif","Tree",1,322000,322999.999,4097000,4097999.999
"151",156,322912.722,322922.494,4097873.962,4097883.766,"Silva","NEON_D17_TEAK_DP1_322000_4097000_classified_point_cloud_colorized.laz","2018_TEAK_3_322000_4097000_image.tif","Tree",1,322000,322999.999,4097000,4097999.999
"152",157,322842,322851.32,4097875.867,4097883.901,"Silva","NEON_D17_TEAK_DP1_322000_4097000_classified_point_cloud_colorized.laz","2018_TEAK_3_322000_4097000_image.tif","Tree",1,322000,322999.999,4097000,4097999.999
"153",158,322829.517,322839.977,4097872.514,4097882.866,"Silva","NEON_D17_TEAK_DP1_322000_4097000_classified_point_cloud_colorized.laz","2018_TEAK_3_322000_4097000_image.tif","Tree",1,322000,322999.999,4097000,4097999.999
"154",159,322978.608,322988.462,4097874.51,4097884.991,"Silva","NEON_D17_TEAK_DP1_322000_4097000_classified_point_cloud_colorized.laz","2018_TEAK_3_322000_4097000_image.tif","Tree",1,322000,322999.999,4097000,4097999.999
"155",160,322945.07,322955.713,4097873.141,4097881.836,"Silva","NEON_D17_TEAK_DP1_322000_4097000_classified_point_cloud_colorized.laz","2018_TEAK_3_322000_4097000_image.tif","Tree",1,322000,322999.999,4097000,4097999.999
"156",161,322873.069,322881.948,4097872.626,4097882.339,"Silva","NEON_D17_TEAK_DP1_322000_4097000_classified_point_cloud_colorized.laz","2018_TEAK_3_322000_4097000_image.tif","Tree",1,322000,322999.999,4097000,4097999.999
"157",162,322882.274,322890.882,4097872.434,4097880.427,"Silva","NEON_D17_TEAK_DP1_322000_4097000_classified_point_cloud_colorized.laz","2018_TEAK_3_322000_4097000_image.tif","Tree",1,322000,322999.999,4097000,4097999.999
"158",163,322839.503,322847.955,4097872.046,4097881.982,"Silva","NEON_D17_TEAK_DP1_322000_4097000_classified_point_cloud_colorized.laz","2018_TEAK_3_322000_4097000_image.tif","Tree",1,322000,322999.999,4097000,4097999.999
"159",164,322847.12,322858.497,4097866.501,4097877.494,"Silva","NEON_D17_TEAK_DP1_322000_4097000_classified_point_cloud_colorized.laz","2018_TEAK_3_322000_4097000_image.tif","Tree",1,322000,322999.999,4097000,4097999.999
"160",165,322859.101,322870.419,4097867.043,4097876.944,"Silva","NEON_D17_TEAK_DP1_322000_4097000_classified_point_cloud_colorized.laz","2018_TEAK_3_322000_4097000_image.tif","Tree",1,322000,322999.999,4097000,4097999.999
"161",166,322939.74,322947.99,4097870.867,4097877.16,"Silva","NEON_D17_TEAK_DP1_322000_4097000_classified_point_cloud_colorized.laz","2018_TEAK_3_322000_4097000_image.tif","Tree",1,322000,322999.999,4097000,4097999.999
"162",167,322962.611,322968.403,4097869.018,4097875.194,"Silva","NEON_D17_TEAK_DP1_322000_4097000_classified_point_cloud_colorized.laz","2018_TEAK_3_322000_4097000_image.tif","Tree",1,322000,322999.999,4097000,4097999.999
"163",168,322939.077,322946.944,4097867.135,4097871.805,"Silva","NEON_D17_TEAK_DP1_322000_4097000_classified_point_cloud_colorized.laz","2018_TEAK_3_322000_4097000_image.tif","Tree",1,322000,322999.999,4097000,4097999.999
"164",169,322921.14,322931.745,4097865.756,4097871.343,"Silva","NEON_D17_TEAK_DP1_322000_4097000_classified_point_cloud_colorized.laz","2018_TEAK_3_322000_4097000_image.tif","Tree",1,322000,322999.999,4097000,4097999.999
"165",170,322842.022,322848.968,4097864.064,4097870.493,"Silva","NEON_D17_TEAK_DP1_322000_4097000_classified_point_cloud_colorized.laz","2018_TEAK_3_322000_4097000_image.tif","Tree",1,322000,322999.999,4097000,4097999.999
"166",171,322935.217,322942.9,4097863.568,4097870.847,"Silva","NEON_D17_TEAK_DP1_322000_4097000_classified_point_cloud_colorized.laz","2018_TEAK_3_322000_4097000_image.tif","Tree",1,322000,322999.999,4097000,4097999.999
"167",172,322871.135,322878.453,4097864.119,4097871.948,"Silva","NEON_D17_TEAK_DP1_322000_4097000_classified_point_cloud_colorized.laz","2018_TEAK_3_322000_4097000_image.tif","Tree",1,322000,322999.999,4097000,4097999.999
"168",173,322955.524,322962.485,4097861.505,4097869.697,"Silva","NEON_D17_TEAK_DP1_322000_4097000_classified_point_cloud_colorized.laz","2018_TEAK_3_322000_4097000_image.tif","Tree",1,322000,322999.999,4097000,4097999.999
"169",174,322876.038,322881.945,4097860.148,4097867.496,"Silva","NEON_D17_TEAK_DP1_322000_4097000_classified_point_cloud_colorized.laz","2018_TEAK_3_322000_4097000_image.tif","Tree",1,322000,322999.999,4097000,4097999.999
"170",175,322917.224,322924.473,4097864.515,4097870.778,"Silva","NEON_D17_TEAK_DP1_322000_4097000_classified_point_cloud_colorized.laz","2018_TEAK_3_322000_4097000_image.tif","Tree",1,322000,322999.999,4097000,4097999.999
"171",176,322863.168,322874.182,4097858.165,4097868.935,"Silva","NEON_D17_TEAK_DP1_322000_4097000_classified_point_cloud_colorized.laz","2018_TEAK_3_322000_4097000_image.tif","Tree",1,322000,322999.999,4097000,4097999.999
"172",177,322941.005,322948.961,4097860.673,4097867.925,"Silva","NEON_D17_TEAK_DP1_322000_4097000_classified_point_cloud_colorized.laz","2018_TEAK_3_322000_4097000_image.tif","Tree",1,322000,322999.999,4097000,4097999.999
"173",178,322897.522,322906.894,4097858.507,4097866.45,"Silva","NEON_D17_TEAK_DP1_322000_4097000_classified_point_cloud_colorized.laz","2018_TEAK_3_322000_4097000_image.tif","Tree",1,322000,322999.999,4097000,4097999.999
"174",179,322826.589,322835.975,4097857.067,4097866.558,"Silva","NEON_D17_TEAK_DP1_322000_4097000_classified_point_cloud_colorized.laz","2018_TEAK_3_322000_4097000_image.tif","Tree",1,322000,322999.999,4097000,4097999.999
"175",180,322841.584,322852.318,4097859.071,4097867.311,"Silva","NEON_D17_TEAK_DP1_322000_4097000_classified_point_cloud_colorized.laz","2018_TEAK_3_322000_4097000_image.tif","Tree",1,322000,322999.999,4097000,4097999.999
"176",181,322906,322913.392,4097856.526,4097864.906,"Silva","NEON_D17_TEAK_DP1_322000_4097000_classified_point_cloud_colorized.laz","2018_TEAK_3_322000_4097000_image.tif","Tree",1,322000,322999.999,4097000,4097999.999
"177",182,322970.508,322976.802,4097858.857,4097863.841,"Silva","NEON_D17_TEAK_DP1_322000_4097000_classified_point_cloud_colorized.laz","2018_TEAK_3_322000_4097000_image.tif","Tree",1,322000,322999.999,4097000,4097999.999
"178",183,322849.678,322858.485,4097856.564,4097866.499,"Silva","NEON_D17_TEAK_DP1_322000_4097000_classified_point_cloud_colorized.laz","2018_TEAK_3_322000_4097000_image.tif","Tree",1,322000,322999.999,4097000,4097999.999
"179",184,322877.514,322886.496,4097854.231,4097862.49,"Silva","NEON_D17_TEAK_DP1_322000_4097000_classified_point_cloud_colorized.laz","2018_TEAK_3_322000_4097000_image.tif","Tree",1,322000,322999.999,4097000,4097999.999
"180",185,322886.795,322896.675,4097852.567,4097860.997,"Silva","NEON_D17_TEAK_DP1_322000_4097000_classified_point_cloud_colorized.laz","2018_TEAK_3_322000_4097000_image.tif","Tree",1,322000,322999.999,4097000,4097999.999
"181",186,322833.058,322841.994,4097852.854,4097861.835,"Silva","NEON_D17_TEAK_DP1_322000_4097000_classified_point_cloud_colorized.laz","2018_TEAK_3_322000_4097000_image.tif","Tree",1,322000,322999.999,4097000,4097999.999
"182",187,322917.559,322925.911,4097853.53,4097860.992,"Silva","NEON_D17_TEAK_DP1_322000_4097000_classified_point_cloud_colorized.laz","2018_TEAK_3_322000_4097000_image.tif","Tree",1,322000,322999.999,4097000,4097999.999
"183",188,322959.919,322962.491,4097852.502,4097861.471,"Silva","NEON_D17_TEAK_DP1_322000_4097000_classified_point_cloud_colorized.laz","2018_TEAK_3_322000_4097000_image.tif","Tree",1,322000,322999.999,4097000,4097999.999
"184",189,322842.506,322850.846,4097853.031,4097859.47,"Silva","NEON_D17_TEAK_DP1_322000_4097000_classified_point_cloud_colorized.laz","2018_TEAK_3_322000_4097000_image.tif","Tree",1,322000,322999.999,4097000,4097999.999
"185",190,322971.55,322975.318,4097854.176,4097858.976,"Silva","NEON_D17_TEAK_DP1_322000_4097000_classified_point_cloud_colorized.laz","2018_TEAK_3_322000_4097000_image.tif","Tree",1,322000,322999.999,4097000,4097999.999
"186",191,322851.608,322858.492,4097849.732,4097858.476,"Silva","NEON_D17_TEAK_DP1_322000_4097000_classified_point_cloud_colorized.laz","2018_TEAK_3_322000_4097000_image.tif","Tree",1,322000,322999.999,4097000,4097999.999
"187",192,322836.257,322844.413,4097850.595,4097857.975,"Silva","NEON_D17_TEAK_DP1_322000_4097000_classified_point_cloud_colorized.laz","2018_TEAK_3_322000_4097000_image.tif","Tree",1,322000,322999.999,4097000,4097999.999
"188",193,322857.106,322864.736,4097848.066,4097858.178,"Silva","NEON_D17_TEAK_DP1_322000_4097000_classified_point_cloud_colorized.laz","2018_TEAK_3_322000_4097000_image.tif","Tree",1,322000,322999.999,4097000,4097999.999
"189",194,322945.047,322953.364,4097850.184,4097856.249,"Silva","NEON_D17_TEAK_DP1_322000_4097000_classified_point_cloud_colorized.laz","2018_TEAK_3_322000_4097000_image.tif","Tree",1,322000,322999.999,4097000,4097999.999
"190",195,322849.039,322855.698,4097849.511,4097855.749,"Silva","NEON_D17_TEAK_DP1_322000_4097000_classified_point_cloud_colorized.laz","2018_TEAK_3_322000_4097000_image.tif","Tree",1,322000,322999.999,4097000,4097999.999
"191",196,322914.02,322920.899,4097849.206,4097854.375,"Silva","NEON_D17_TEAK_DP1_322000_4097000_classified_point_cloud_colorized.laz","2018_TEAK_3_322000_4097000_image.tif","Tree",1,322000,322999.999,4097000,4097999.999
"192",197,322875.014,322883.479,4097846.171,4097853.653,"Silva","NEON_D17_TEAK_DP1_322000_4097000_classified_point_cloud_colorized.laz","2018_TEAK_3_322000_4097000_image.tif","Tree",1,322000,322999.999,4097000,4097999.999
"193",198,322842.249,322846.974,4097845.057,4097852.75,"Silva","NEON_D17_TEAK_DP1_322000_4097000_classified_point_cloud_colorized.laz","2018_TEAK_3_322000_4097000_image.tif","Tree",1,322000,322999.999,4097000,4097999.999
"194",199,322861.536,322871.267,4097846.055,4097854.458,"Silva","NEON_D17_TEAK_DP1_322000_4097000_classified_point_cloud_colorized.laz","2018_TEAK_3_322000_4097000_image.tif","Tree",1,322000,322999.999,4097000,4097999.999
"195",200,322835.273,322843.424,4097843.582,4097851.295,"Silva","NEON_D17_TEAK_DP1_322000_4097000_classified_point_cloud_colorized.laz","2018_TEAK_3_322000_4097000_image.tif","Tree",1,322000,322999.999,4097000,4097999.999
"196",201,322919.801,322927.466,4097843.501,4097851.307,"Silva","NEON_D17_TEAK_DP1_322000_4097000_classified_point_cloud_colorized.laz","2018_TEAK_3_322000_4097000_image.tif","Tree",1,322000,322999.999,4097000,4097999.999
"197",202,322906.009,322913.936,4097846.014,4097850.406,"Silva","NEON_D17_TEAK_DP1_322000_4097000_classified_point_cloud_colorized.laz","2018_TEAK_3_322000_4097000_image.tif","Tree",1,322000,322999.999,4097000,4097999.999
"198",203,322898.915,322905.939,4097843.109,4097851.407,"Silva","NEON_D17_TEAK_DP1_322000_4097000_classified_point_cloud_colorized.laz","2018_TEAK_3_322000_4097000_image.tif","Tree",1,322000,322999.999,4097000,4097999.999
"199",204,322930.507,322938.593,4097842.013,4097850.938,"Silva","NEON_D17_TEAK_DP1_322000_4097000_classified_point_cloud_colorized.laz","2018_TEAK_3_322000_4097000_image.tif","Tree",1,322000,322999.999,4097000,4097999.999
"200",205,322873.552,322879.958,4097841.225,4097850.368,"Silva","NEON_D17_TEAK_DP1_322000_4097000_classified_point_cloud_colorized.laz","2018_TEAK_3_322000_4097000_image.tif","Tree",1,322000,322999.999,4097000,4097999.999
"201",206,322857.576,322866.475,4097840.607,4097848.699,"Silva","NEON_D17_TEAK_DP1_322000_4097000_classified_point_cloud_colorized.laz","2018_TEAK_3_322000_4097000_image.tif","Tree",1,322000,322999.999,4097000,4097999.999
"202",207,322905.049,322912.898,4097842.009,4097845.997,"Silva","NEON_D17_TEAK_DP1_322000_4097000_classified_point_cloud_colorized.laz","2018_TEAK_3_322000_4097000_image.tif","Tree",1,322000,322999.999,4097000,4097999.999
"203",208,322843.015,322851.948,4097838.628,4097846.395,"Silva","NEON_D17_TEAK_DP1_322000_4097000_classified_point_cloud_colorized.laz","2018_TEAK_3_322000_4097000_image.tif","Tree",1,322000,322999.999,4097000,4097999.999
"204",209,322882.013,322888.917,4097838.52,4097847.918,"Silva","NEON_D17_TEAK_DP1_322000_4097000_classified_point_cloud_colorized.laz","2018_TEAK_3_322000_4097000_image.tif","Tree",1,322000,322999.999,4097000,4097999.999
"205",210,322833.501,322842.401,4097837.504,4097844.939,"Silva","NEON_D17_TEAK_DP1_322000_4097000_classified_point_cloud_colorized.laz","2018_TEAK_3_322000_4097000_image.tif","Tree",1,322000,322999.999,4097000,4097999.999
"206",211,322903.024,322912.159,4097836.582,4097843.453,"Silva","NEON_D17_TEAK_DP1_322000_4097000_classified_point_cloud_colorized.laz","2018_TEAK_3_322000_4097000_image.tif","Tree",1,322000,322999.999,4097000,4097999.999
"207",212,322913.721,322921.933,4097836.086,4097845.297,"Silva","NEON_D17_TEAK_DP1_322000_4097000_classified_point_cloud_colorized.laz","2018_TEAK_3_322000_4097000_image.tif","Tree",1,322000,322999.999,4097000,4097999.999
"208",213,322893.229,322902.937,4097833.017,4097844.48,"Silva","NEON_D17_TEAK_DP1_322000_4097000_classified_point_cloud_colorized.laz","2018_TEAK_3_322000_4097000_image.tif","Tree",1,322000,322999.999,4097000,4097999.999
"209",214,322841.525,322848.74,4097836.06,4097842.963,"Silva","NEON_D17_TEAK_DP1_322000_4097000_classified_point_cloud_colorized.laz","2018_TEAK_3_322000_4097000_image.tif","Tree",1,322000,322999.999,4097000,4097999.999
"210",215,322849.511,322859.907,4097833.581,4097842.21,"Silva","NEON_D17_TEAK_DP1_322000_4097000_classified_point_cloud_colorized.laz","2018_TEAK_3_322000_4097000_image.tif","Tree",1,322000,322999.999,4097000,4097999.999
"211",216,322839.589,322845.43,4097832.65,4097838.949,"Silva","NEON_D17_TEAK_DP1_322000_4097000_classified_point_cloud_colorized.laz","2018_TEAK_3_322000_4097000_image.tif","Tree",1,322000,322999.999,4097000,4097999.999
"212",217,322865.39,322872.401,4097833.225,4097839.942,"Silva","NEON_D17_TEAK_DP1_322000_4097000_classified_point_cloud_colorized.laz","2018_TEAK_3_322000_4097000_image.tif","Tree",1,322000,322999.999,4097000,4097999.999
"213",218,322995.512,322997.991,4097833.129,4097839.955,"Silva","NEON_D17_TEAK_DP1_322000_4097000_classified_point_cloud_colorized.laz","2018_TEAK_3_322000_4097000_image.tif","Tree",1,322000,322999.999,4097000,4097999.999
"214",219,322833.631,322840.492,4097831.517,4097838,"Silva","NEON_D17_TEAK_DP1_322000_4097000_classified_point_cloud_colorized.laz","2018_TEAK_3_322000_4097000_image.tif","Tree",1,322000,322999.999,4097000,4097999.999
"215",220,322882.084,322893.995,4097828.019,4097838.999,"Silva","NEON_D17_TEAK_DP1_322000_4097000_classified_point_cloud_colorized.laz","2018_TEAK_3_322000_4097000_image.tif","Tree",1,322000,322999.999,4097000,4097999.999
"216",221,322844.652,322851.563,4097830.083,4097838.16,"Silva","NEON_D17_TEAK_DP1_322000_4097000_classified_point_cloud_colorized.laz","2018_TEAK_3_322000_4097000_image.tif","Tree",1,322000,322999.999,4097000,4097999.999
"217",222,322872.643,322880.979,4097828.685,4097836.816,"Silva","NEON_D17_TEAK_DP1_322000_4097000_classified_point_cloud_colorized.laz","2018_TEAK_3_322000_4097000_image.tif","Tree",1,322000,322999.999,4097000,4097999.999
"218",223,322845.661,322853.988,4097826.661,4097834.317,"Silva","NEON_D17_TEAK_DP1_322000_4097000_classified_point_cloud_colorized.laz","2018_TEAK_3_322000_4097000_image.tif","Tree",1,322000,322999.999,4097000,4097999.999
"219",224,322961.235,322967.614,4097828.613,4097833.953,"Silva","NEON_D17_TEAK_DP1_322000_4097000_classified_point_cloud_colorized.laz","2018_TEAK_3_322000_4097000_image.tif","Tree",1,322000,322999.999,4097000,4097999.999
"220",225,322853.5,322862.399,4097826.54,4097835.998,"Silva","NEON_D17_TEAK_DP1_322000_4097000_classified_point_cloud_colorized.laz","2018_TEAK_3_322000_4097000_image.tif","Tree",1,322000,322999.999,4097000,4097999.999
"221",226,322958.569,322963.477,4097825.665,4097832.817,"Silva","NEON_D17_TEAK_DP1_322000_4097000_classified_point_cloud_colorized.laz","2018_TEAK_3_322000_4097000_image.tif","Tree",1,322000,322999.999,4097000,4097999.999
"222",227,322967.13,322973.382,4097825.549,4097831.823,"Silva","NEON_D17_TEAK_DP1_322000_4097000_classified_point_cloud_colorized.laz","2018_TEAK_3_322000_4097000_image.tif","Tree",1,322000,322999.999,4097000,4097999.999
"223",229,322844.014,322853.291,4097822.544,4097829.436,"Silva","NEON_D17_TEAK_DP1_322000_4097000_classified_point_cloud_colorized.laz","2018_TEAK_3_322000_4097000_image.tif","Tree",1,322000,322999.999,4097000,4097999.999
"224",230,322861.15,322872.972,4097821.505,4097830.926,"Silva","NEON_D17_TEAK_DP1_322000_4097000_classified_point_cloud_colorized.laz","2018_TEAK_3_322000_4097000_image.tif","Tree",1,322000,322999.999,4097000,4097999.999
"225",231,322961.322,322967.998,4097821.034,4097828.294,"Silva","NEON_D17_TEAK_DP1_322000_4097000_classified_point_cloud_colorized.laz","2018_TEAK_3_322000_4097000_image.tif","Tree",1,322000,322999.999,4097000,4097999.999
"226",232,322947.766,322954.994,4097820.714,4097827.781,"Silva","NEON_D17_TEAK_DP1_322000_4097000_classified_point_cloud_colorized.laz","2018_TEAK_3_322000_4097000_image.tif","Tree",1,322000,322999.999,4097000,4097999.999
"227",233,322936.203,322945.179,4097821.129,4097829.356,"Silva","NEON_D17_TEAK_DP1_322000_4097000_classified_point_cloud_colorized.laz","2018_TEAK_3_322000_4097000_image.tif","Tree",1,322000,322999.999,4097000,4097999.999
"228",234,322967.969,322974.582,4097821.537,4097827.421,"Silva","NEON_D17_TEAK_DP1_322000_4097000_classified_point_cloud_colorized.laz","2018_TEAK_3_322000_4097000_image.tif","Tree",1,322000,322999.999,4097000,4097999.999
"229",235,322914.599,322919.263,4097819.626,4097823.993,"Silva","NEON_D17_TEAK_DP1_322000_4097000_classified_point_cloud_colorized.laz","2018_TEAK_3_322000_4097000_image.tif","Tree",1,322000,322999.999,4097000,4097999.999
"230",236,322925.863,322932.329,4097818.391,4097825.066,"Silva","NEON_D17_TEAK_DP1_322000_4097000_classified_point_cloud_colorized.laz","2018_TEAK_3_322000_4097000_image.tif","Tree",1,322000,322999.999,4097000,4097999.999
"231",237,322843.126,322853.48,4097816.679,4097822.83,"Silva","NEON_D17_TEAK_DP1_322000_4097000_classified_point_cloud_colorized.laz","2018_TEAK_3_322000_4097000_image.tif","Tree",1,322000,322999.999,4097000,4097999.999
"232",238,322921.037,322925.709,4097817.124,4097821.433,"Silva","NEON_D17_TEAK_DP1_322000_4097000_classified_point_cloud_colorized.laz","2018_TEAK_3_322000_4097000_image.tif","Tree",1,322000,322999.999,4097000,4097999.999
"233",239,322952.177,322961.407,4097815.509,4097822.913,"Silva","NEON_D17_TEAK_DP1_322000_4097000_classified_point_cloud_colorized.laz","2018_TEAK_3_322000_4097000_image.tif","Tree",1,322000,322999.999,4097000,4097999.999
"234",240,322941.939,322949.444,4097815.399,4097819.996,"Silva","NEON_D17_TEAK_DP1_322000_4097000_classified_point_cloud_colorized.laz","2018_TEAK_3_322000_4097000_image.tif","Tree",1,322000,322999.999,4097000,4097999.999
"235",241,322858.888,322870.992,4097812.065,4097821.865,"Silva","NEON_D17_TEAK_DP1_322000_4097000_classified_point_cloud_colorized.laz","2018_TEAK_3_322000_4097000_image.tif","Tree",1,322000,322999.999,4097000,4097999.999
"236",242,322929.028,322937.82,4097810.679,4097819.828,"Silva","NEON_D17_TEAK_DP1_322000_4097000_classified_point_cloud_colorized.laz","2018_TEAK_3_322000_4097000_image.tif","Tree",1,322000,322999.999,4097000,4097999.999
"237",243,322850.851,322859.428,4097809.356,4097818.806,"Silva","NEON_D17_TEAK_DP1_322000_4097000_classified_point_cloud_colorized.laz","2018_TEAK_3_322000_4097000_image.tif","Tree",1,322000,322999.999,4097000,4097999.999
"238",244,322909.633,322916.35,4097809.601,4097816.314,"Silva","NEON_D17_TEAK_DP1_322000_4097000_classified_point_cloud_colorized.laz","2018_TEAK_3_322000_4097000_image.tif","Tree",1,322000,322999.999,4097000,4097999.999
"239",245,322990.126,322999.984,4097808.011,4097818.487,"Silva","NEON_D17_TEAK_DP1_322000_4097000_classified_point_cloud_colorized.laz","2018_TEAK_3_322000_4097000_image.tif","Tree",1,322000,322999.999,4097000,4097999.999
"240",246,322844.159,322851.995,4097805.597,4097813.813,"Silva","NEON_D17_TEAK_DP1_322000_4097000_classified_point_cloud_colorized.laz","2018_TEAK_3_322000_4097000_image.tif","Tree",1,322000,322999.999,4097000,4097999.999
"241",247,322961.558,322965.777,4097807.081,4097810.896,"Silva","NEON_D17_TEAK_DP1_322000_4097000_classified_point_cloud_colorized.laz","2018_TEAK_3_322000_4097000_image.tif","Tree",1,322000,322999.999,4097000,4097999.999
"242",248,322920.81,322930.996,4097802.565,4097813.144,"Silva","NEON_D17_TEAK_DP1_322000_4097000_classified_point_cloud_colorized.laz","2018_TEAK_3_322000_4097000_image.tif","Tree",1,322000,322999.999,4097000,4097999.999
"243",249,322877.501,322884.38,4097802.503,4097809.95,"Silva","NEON_D17_TEAK_DP1_322000_4097000_classified_point_cloud_colorized.laz","2018_TEAK_3_322000_4097000_image.tif","Tree",1,322000,322999.999,4097000,4097999.999
"244",250,322873.501,322880.914,4097800.152,4097805.988,"Silva","NEON_D17_TEAK_DP1_322000_4097000_classified_point_cloud_colorized.laz","2018_TEAK_3_322000_4097000_image.tif","Tree",1,322000,322999.999,4097000,4097999.999
"245",251,322988.052,322994.747,4097799.008,4097807.319,"Silva","NEON_D17_TEAK_DP1_322000_4097000_classified_point_cloud_colorized.laz","2018_TEAK_3_322000_4097000_image.tif","Tree",1,322000,322999.999,4097000,4097999.999
"246",252,322868.107,322876.568,4097796.696,4097805.864,"Silva","NEON_D17_TEAK_DP1_322000_4097000_classified_point_cloud_colorized.laz","2018_TEAK_3_322000_4097000_image.tif","Tree",1,322000,322999.999,4097000,4097999.999
"247",253,322887.025,322897.923,4097795.509,4097808.296,"Silva","NEON_D17_TEAK_DP1_322000_4097000_classified_point_cloud_colorized.laz","2018_TEAK_3_322000_4097000_image.tif","Tree",1,322000,322999.999,4097000,4097999.999
"248",254,322975.541,322981.953,4097798.511,4097805.434,"Silva","NEON_D17_TEAK_DP1_322000_4097000_classified_point_cloud_colorized.laz","2018_TEAK_3_322000_4097000_image.tif","Tree",1,322000,322999.999,4097000,4097999.999
"249",255,322946.915,322953.444,4097797.233,4097804.453,"Silva","NEON_D17_TEAK_DP1_322000_4097000_classified_point_cloud_colorized.laz","2018_TEAK_3_322000_4097000_image.tif","Tree",1,322000,322999.999,4097000,4097999.999
"250",256,322912.522,322923.486,4097796.393,4097805.949,"Silva","NEON_D17_TEAK_DP1_322000_4097000_classified_point_cloud_colorized.laz","2018_TEAK_3_322000_4097000_image.tif","Tree",1,322000,322999.999,4097000,4097999.999
"251",257,322876.081,322883.843,4097793.071,4097802.5,"Silva","NEON_D17_TEAK_DP1_322000_4097000_classified_point_cloud_colorized.laz","2018_TEAK_3_322000_4097000_image.tif","Tree",1,322000,322999.999,4097000,4097999.999
"252",258,322895.047,322906.786,4097793.314,4097802.418,"Silva","NEON_D17_TEAK_DP1_322000_4097000_classified_point_cloud_colorized.laz","2018_TEAK_3_322000_4097000_image.tif","Tree",1,322000,322999.999,4097000,4097999.999
"253",259,322943.028,322950.981,4097793.521,4097799.319,"Silva","NEON_D17_TEAK_DP1_322000_4097000_classified_point_cloud_colorized.laz","2018_TEAK_3_322000_4097000_image.tif","Tree",1,322000,322999.999,4097000,4097999.999
"254",260,322862.046,322872.499,4097790.141,4097802.282,"Silva","NEON_D17_TEAK_DP1_322000_4097000_classified_point_cloud_colorized.laz","2018_TEAK_3_322000_4097000_image.tif","Tree",1,322000,322999.999,4097000,4097999.999
"255",261,322928.077,322937.709,4097790.508,4097798.392,"Silva","NEON_D17_TEAK_DP1_322000_4097000_classified_point_cloud_colorized.laz","2018_TEAK_3_322000_4097000_image.tif","Tree",1,322000,322999.999,4097000,4097999.999
"256",262,322912.06,322919.998,4097789.549,4097797.583,"Silva","NEON_D17_TEAK_DP1_322000_4097000_classified_point_cloud_colorized.laz","2018_TEAK_3_322000_4097000_image.tif","Tree",1,322000,322999.999,4097000,4097999.999
"257",263,322882.519,322895.472,4097787.789,4097797.417,"Silva","NEON_D17_TEAK_DP1_322000_4097000_classified_point_cloud_colorized.laz","2018_TEAK_3_322000_4097000_image.tif","Tree",1,322000,322999.999,4097000,4097999.999
"258",264,322852.085,322862.999,4097788.146,4097794.786,"Silva","NEON_D17_TEAK_DP1_322000_4097000_classified_point_cloud_colorized.laz","2018_TEAK_3_322000_4097000_image.tif","Tree",1,322000,322999.999,4097000,4097999.999
"259",265,322965.636,322971.191,4097789.541,4097795.461,"Silva","NEON_D17_TEAK_DP1_322000_4097000_classified_point_cloud_colorized.laz","2018_TEAK_3_322000_4097000_image.tif","Tree",1,322000,322999.999,4097000,4097999.999
"260",266,322990.028,322998.28,4097785.761,4097795.927,"Silva","NEON_D17_TEAK_DP1_322000_4097000_classified_point_cloud_colorized.laz","2018_TEAK_3_322000_4097000_image.tif","Tree",1,322000,322999.999,4097000,4097999.999
"261",267,322900.501,322910.469,4097784.533,4097794.836,"Silva","NEON_D17_TEAK_DP1_322000_4097000_classified_point_cloud_colorized.laz","2018_TEAK_3_322000_4097000_image.tif","Tree",1,322000,322999.999,4097000,4097999.999
"262",268,322927.644,322934.971,4097784.647,4097791.249,"Silva","NEON_D17_TEAK_DP1_322000_4097000_classified_point_cloud_colorized.laz","2018_TEAK_3_322000_4097000_image.tif","Tree",1,322000,322999.999,4097000,4097999.999
"263",269,322852.051,322860.461,4097781.117,4097789.992,"Silva","NEON_D17_TEAK_DP1_322000_4097000_classified_point_cloud_colorized.laz","2018_TEAK_3_322000_4097000_image.tif","Tree",1,322000,322999.999,4097000,4097999.999
"264",270,322946.674,322947.272,4097783.858,4097784.445,"Silva","NEON_D17_TEAK_DP1_322000_4097000_classified_point_cloud_colorized.laz","2018_TEAK_3_322000_4097000_image.tif","Tree",1,322000,322999.999,4097000,4097999.999
"265",271,322884.997,322895.239,4097781.911,4097791.312,"Silva","NEON_D17_TEAK_DP1_322000_4097000_classified_point_cloud_colorized.laz","2018_TEAK_3_322000_4097000_image.tif","Tree",1,322000,322999.999,4097000,4097999.999
"266",272,322960.359,322963.29,4097785.467,4097787.961,"Silva","NEON_D17_TEAK_DP1_322000_4097000_classified_point_cloud_colorized.laz","2018_TEAK_3_322000_4097000_image.tif","Tree",1,322000,322999.999,4097000,4097999.999
"267",273,322847.093,322854.996,4097780.598,4097790.222,"Silva","NEON_D17_TEAK_DP1_322000_4097000_classified_point_cloud_colorized.laz","2018_TEAK_3_322000_4097000_image.tif","Tree",1,322000,322999.999,4097000,4097999.999
"268",274,322911.677,322922.42,4097779.039,4097789.98,"Silva","NEON_D17_TEAK_DP1_322000_4097000_classified_point_cloud_colorized.laz","2018_TEAK_3_322000_4097000_image.tif","Tree",1,322000,322999.999,4097000,4097999.999
"269",275,322890.454,322898.313,4097778.611,4097787.944,"Silva","NEON_D17_TEAK_DP1_322000_4097000_classified_point_cloud_colorized.laz","2018_TEAK_3_322000_4097000_image.tif","Tree",1,322000,322999.999,4097000,4097999.999
"270",276,322937.58,322942.835,4097780.579,4097785.703,"Silva","NEON_D17_TEAK_DP1_322000_4097000_classified_point_cloud_colorized.laz","2018_TEAK_3_322000_4097000_image.tif","Tree",1,322000,322999.999,4097000,4097999.999
"271",277,322973.088,322980.829,4097778.53,4097789.357,"Silva","NEON_D17_TEAK_DP1_322000_4097000_classified_point_cloud_colorized.laz","2018_TEAK_3_322000_4097000_image.tif","Tree",1,322000,322999.999,4097000,4097999.999
"272",278,322896.51,322904.49,4097776.129,4097785.424,"Silva","NEON_D17_TEAK_DP1_322000_4097000_classified_point_cloud_colorized.laz","2018_TEAK_3_322000_4097000_image.tif","Tree",1,322000,322999.999,4097000,4097999.999
"273",279,322837.164,322845.992,4097773.802,4097783.494,"Silva","NEON_D17_TEAK_DP1_322000_4097000_classified_point_cloud_colorized.laz","2018_TEAK_3_322000_4097000_image.tif","Tree",1,322000,322999.999,4097000,4097999.999
"274",280,322916.949,322925.997,4097773.516,4097782.846,"Silva","NEON_D17_TEAK_DP1_322000_4097000_classified_point_cloud_colorized.laz","2018_TEAK_3_322000_4097000_image.tif","Tree",1,322000,322999.999,4097000,4097999.999
"275",281,322926.029,322932.36,4097773.53,4097782.462,"Silva","NEON_D17_TEAK_DP1_322000_4097000_classified_point_cloud_colorized.laz","2018_TEAK_3_322000_4097000_image.tif","Tree",1,322000,322999.999,4097000,4097999.999
"276",282,322977.314,322984.975,4097777.53,4097782.28,"Silva","NEON_D17_TEAK_DP1_322000_4097000_classified_point_cloud_colorized.laz","2018_TEAK_3_322000_4097000_image.tif","Tree",1,322000,322999.999,4097000,4097999.999
"277",283,322943.631,322952.307,4097773.872,4097786.285,"Silva","NEON_D17_TEAK_DP1_322000_4097000_classified_point_cloud_colorized.laz","2018_TEAK_3_322000_4097000_image.tif","Tree",1,322000,322999.999,4097000,4097999.999
"278",284,322858.787,322864.977,4097774.069,4097780.44,"Silva","NEON_D17_TEAK_DP1_322000_4097000_classified_point_cloud_colorized.laz","2018_TEAK_3_322000_4097000_image.tif","Tree",1,322000,322999.999,4097000,4097999.999
"279",285,322845.115,322854.37,4097771.539,4097781.301,"Silva","NEON_D17_TEAK_DP1_322000_4097000_classified_point_cloud_colorized.laz","2018_TEAK_3_322000_4097000_image.tif","Tree",1,322000,322999.999,4097000,4097999.999
"280",286,322943.456,322943.456,4097776.256,4097776.256,"Silva","NEON_D17_TEAK_DP1_322000_4097000_classified_point_cloud_colorized.laz","2018_TEAK_3_322000_4097000_image.tif","Tree",1,322000,322999.999,4097000,4097999.999
"281",287,322975.51,322980.481,4097774.893,4097778.489,"Silva","NEON_D17_TEAK_DP1_322000_4097000_classified_point_cloud_colorized.laz","2018_TEAK_3_322000_4097000_image.tif","Tree",1,322000,322999.999,4097000,4097999.999
"282",288,322856.229,322863.467,4097768.615,4097775.019,"Silva","NEON_D17_TEAK_DP1_322000_4097000_classified_point_cloud_colorized.laz","2018_TEAK_3_322000_4097000_image.tif","Tree",1,322000,322999.999,4097000,4097999.999
"283",289,322946.587,322956.854,4097770.524,4097776.838,"Silva","NEON_D17_TEAK_DP1_322000_4097000_classified_point_cloud_colorized.laz","2018_TEAK_3_322000_4097000_image.tif","Tree",1,322000,322999.999,4097000,4097999.999
"284",290,322994.5,322999.95,4097768.593,4097775.937,"Silva","NEON_D17_TEAK_DP1_322000_4097000_classified_point_cloud_colorized.laz","2018_TEAK_3_322000_4097000_image.tif","Tree",1,322000,322999.999,4097000,4097999.999
"285",291,322969.532,322970.391,4097769.301,4097770.164,"Silva","NEON_D17_TEAK_DP1_322000_4097000_classified_point_cloud_colorized.laz","2018_TEAK_3_322000_4097000_image.tif","Tree",1,322000,322999.999,4097000,4097999.999
"286",292,322926.221,322933.308,4097766.028,4097773.869,"Silva","NEON_D17_TEAK_DP1_322000_4097000_classified_point_cloud_colorized.laz","2018_TEAK_3_322000_4097000_image.tif","Tree",1,322000,322999.999,4097000,4097999.999
"287",293,322908.131,322915.421,4097765.034,4097772.971,"Silva","NEON_D17_TEAK_DP1_322000_4097000_classified_point_cloud_colorized.laz","2018_TEAK_3_322000_4097000_image.tif","Tree",1,322000,322999.999,4097000,4097999.999
"288",294,322861.084,322866.428,4097763.6,4097769.213,"Silva","NEON_D17_TEAK_DP1_322000_4097000_classified_point_cloud_colorized.laz","2018_TEAK_3_322000_4097000_image.tif","Tree",1,322000,322999.999,4097000,4097999.999
"289",295,322910.557,322918.496,4097763.031,4097770.45,"Silva","NEON_D17_TEAK_DP1_322000_4097000_classified_point_cloud_colorized.laz","2018_TEAK_3_322000_4097000_image.tif","Tree",1,322000,322999.999,4097000,4097999.999
"290",296,322903.057,322909.761,4097762.543,4097770.127,"Silva","NEON_D17_TEAK_DP1_322000_4097000_classified_point_cloud_colorized.laz","2018_TEAK_3_322000_4097000_image.tif","Tree",1,322000,322999.999,4097000,4097999.999
"291",297,322947.195,322948.198,4097770.018,4097770.999,"Silva","NEON_D17_TEAK_DP1_322000_4097000_classified_point_cloud_colorized.laz","2018_TEAK_3_322000_4097000_image.tif","Tree",1,322000,322999.999,4097000,4097999.999
"292",298,322996.567,322999.094,4097767.1,4097768.978,"Silva","NEON_D17_TEAK_DP1_322000_4097000_classified_point_cloud_colorized.laz","2018_TEAK_3_322000_4097000_image.tif","Tree",1,322000,322999.999,4097000,4097999.999
"293",299,322943.587,322947.495,4097760.204,4097763.906,"Silva","NEON_D17_TEAK_DP1_322000_4097000_classified_point_cloud_colorized.laz","2018_TEAK_3_322000_4097000_image.tif","Tree",1,322000,322999.999,4097000,4097999.999
"294",300,322895.051,322898.97,4097759.049,4097763.214,"Silva","NEON_D17_TEAK_DP1_322000_4097000_classified_point_cloud_colorized.laz","2018_TEAK_3_322000_4097000_image.tif","Tree",1,322000,322999.999,4097000,4097999.999
"295",301,322905.564,322912.803,4097759.081,4097764.68,"Silva","NEON_D17_TEAK_DP1_322000_4097000_classified_point_cloud_colorized.laz","2018_TEAK_3_322000_4097000_image.tif","Tree",1,322000,322999.999,4097000,4097999.999
"296",302,322913.584,322921.408,4097757.144,4097766.855,"Silva","NEON_D17_TEAK_DP1_322000_4097000_classified_point_cloud_colorized.laz","2018_TEAK_3_322000_4097000_image.tif","Tree",1,322000,322999.999,4097000,4097999.999
"297",303,322828.017,322828.447,4097757.026,4097757.904,"Silva","NEON_D17_TEAK_DP1_322000_4097000_classified_point_cloud_colorized.laz","2018_TEAK_3_322000_4097000_image.tif","Tree",1,322000,322999.999,4097000,4097999.999
"298",304,322919.64,322930.475,4097755.186,4097765.438,"Silva","NEON_D17_TEAK_DP1_322000_4097000_classified_point_cloud_colorized.laz","2018_TEAK_3_322000_4097000_image.tif","Tree",1,322000,322999.999,4097000,4097999.999
"299",305,322957.959,322963.489,4097757.174,4097762.973,"Silva","NEON_D17_TEAK_DP1_322000_4097000_classified_point_cloud_colorized.laz","2018_TEAK_3_322000_4097000_image.tif","Tree",1,322000,322999.999,4097000,4097999.999
"300",306,322942.569,322944.821,4097756.252,4097760.106,"Silva","NEON_D17_TEAK_DP1_322000_4097000_classified_point_cloud_colorized.laz","2018_TEAK_3_322000_4097000_image.tif","Tree",1,322000,322999.999,4097000,4097999.999
"301",307,322904.14,322911.463,4097753.004,4097760.477,"Silva","NEON_D17_TEAK_DP1_322000_4097000_classified_point_cloud_colorized.laz","2018_TEAK_3_322000_4097000_image.tif","Tree",1,322000,322999.999,4097000,4097999.999
"302",308,322990.123,322994.656,4097754.679,4097759.304,"Silva","NEON_D17_TEAK_DP1_322000_4097000_classified_point_cloud_colorized.laz","2018_TEAK_3_322000_4097000_image.tif","Tree",1,322000,322999.999,4097000,4097999.999
"303",309,322972.53,322980.005,4097753.1,4097757.663,"Silva","NEON_D17_TEAK_DP1_322000_4097000_classified_point_cloud_colorized.laz","2018_TEAK_3_322000_4097000_image.tif","Tree",1,322000,322999.999,4097000,4097999.999
"304",310,322943.039,322947.918,4097753.202,4097757.646,"Silva","NEON_D17_TEAK_DP1_322000_4097000_classified_point_cloud_colorized.laz","2018_TEAK_3_322000_4097000_image.tif","Tree",1,322000,322999.999,4097000,4097999.999
"305",311,322816.511,322819.939,4097752.208,4097755.262,"Silva","NEON_D17_TEAK_DP1_322000_4097000_classified_point_cloud_colorized.laz","2018_TEAK_3_322000_4097000_image.tif","Tree",1,322000,322999.999,4097000,4097999.999
"306",312,322929.706,322939.742,4097751.517,4097761.275,"Silva","NEON_D17_TEAK_DP1_322000_4097000_classified_point_cloud_colorized.laz","2018_TEAK_3_322000_4097000_image.tif","Tree",1,322000,322999.999,4097000,4097999.999
"307",313,322982.037,322982.98,4097751.604,4097752.398,"Silva","NEON_D17_TEAK_DP1_322000_4097000_classified_point_cloud_colorized.laz","2018_TEAK_3_322000_4097000_image.tif","Tree",1,322000,322999.999,4097000,4097999.999
"308",314,322829.519,322834.476,4097751.048,4097755.399,"Silva","NEON_D17_TEAK_DP1_322000_4097000_classified_point_cloud_colorized.laz","2018_TEAK_3_322000_4097000_image.tif","Tree",1,322000,322999.999,4097000,4097999.999
"309",316,322922.017,322926.395,4097750.511,4097755.441,"Silva","NEON_D17_TEAK_DP1_322000_4097000_classified_point_cloud_colorized.laz","2018_TEAK_3_322000_4097000_image.tif","Tree",1,322000,322999.999,4097000,4097999.999
"310",317,322903.576,322907.977,4097748.74,4097751.667,"Silva","NEON_D17_TEAK_DP1_322000_4097000_classified_point_cloud_colorized.laz","2018_TEAK_3_322000_4097000_image.tif","Tree",1,322000,322999.999,4097000,4097999.999
"311",318,322896.01,322901.418,4097745.033,4097751.987,"Silva","NEON_D17_TEAK_DP1_322000_4097000_classified_point_cloud_colorized.laz","2018_TEAK_3_322000_4097000_image.tif","Tree",1,322000,322999.999,4097000,4097999.999
"312",319,322891.143,322895.971,4097745.061,4097751.958,"Silva","NEON_D17_TEAK_DP1_322000_4097000_classified_point_cloud_colorized.laz","2018_TEAK_3_322000_4097000_image.tif","Tree",1,322000,322999.999,4097000,4097999.999
"313",320,322841.011,322844.453,4097744.515,4097750.808,"Silva","NEON_D17_TEAK_DP1_322000_4097000_classified_point_cloud_colorized.laz","2018_TEAK_3_322000_4097000_image.tif","Tree",1,322000,322999.999,4097000,4097999.999
"314",321,322951.169,322956.816,4097745.803,4097749.486,"Silva","NEON_D17_TEAK_DP1_322000_4097000_classified_point_cloud_colorized.laz","2018_TEAK_3_322000_4097000_image.tif","Tree",1,322000,322999.999,4097000,4097999.999
"315",322,322959.337,322968.779,4097745.515,4097754.485,"Silva","NEON_D17_TEAK_DP1_322000_4097000_classified_point_cloud_colorized.laz","2018_TEAK_3_322000_4097000_image.tif","Tree",1,322000,322999.999,4097000,4097999.999
"316",323,322973.111,322981.377,4097745.546,4097754.406,"Silva","NEON_D17_TEAK_DP1_322000_4097000_classified_point_cloud_colorized.laz","2018_TEAK_3_322000_4097000_image.tif","Tree",1,322000,322999.999,4097000,4097999.999
"317",324,322920.521,322925.099,4097745.543,4097750.473,"Silva","NEON_D17_TEAK_DP1_322000_4097000_classified_point_cloud_colorized.laz","2018_TEAK_3_322000_4097000_image.tif","Tree",1,322000,322999.999,4097000,4097999.999
"318",325,322926.717,322931.225,4097745.577,4097750.476,"Silva","NEON_D17_TEAK_DP1_322000_4097000_classified_point_cloud_colorized.laz","2018_TEAK_3_322000_4097000_image.tif","Tree",1,322000,322999.999,4097000,4097999.999
"319",326,322998.927,322999.973,4097745.916,4097747.699,"Silva","NEON_D17_TEAK_DP1_322000_4097000_classified_point_cloud_colorized.laz","2018_TEAK_3_322000_4097000_image.tif","Tree",1,322000,322999.999,4097000,4097999.999
"320",327,322911.956,322916.606,4097741.525,4097747.329,"Silva","NEON_D17_TEAK_DP1_322000_4097000_classified_point_cloud_colorized.laz","2018_TEAK_3_322000_4097000_image.tif","Tree",1,322000,322999.999,4097000,4097999.999
"321",328,322968.165,322978.712,4097743.563,4097748.973,"Silva","NEON_D17_TEAK_DP1_322000_4097000_classified_point_cloud_colorized.laz","2018_TEAK_3_322000_4097000_image.tif","Tree",1,322000,322999.999,4097000,4097999.999
"322",329,322914.619,322919.89,4097740.629,4097746.47,"Silva","NEON_D17_TEAK_DP1_322000_4097000_classified_point_cloud_colorized.laz","2018_TEAK_3_322000_4097000_image.tif","Tree",1,322000,322999.999,4097000,4097999.999
"323",330,322844.266,322852.978,4097736.541,4097747.464,"Silva","NEON_D17_TEAK_DP1_322000_4097000_classified_point_cloud_colorized.laz","2018_TEAK_3_322000_4097000_image.tif","Tree",1,322000,322999.999,4097000,4097999.999
"324",331,322999.736,322999.868,4097742.65,4097743.416,"Silva","NEON_D17_TEAK_DP1_322000_4097000_classified_point_cloud_colorized.laz","2018_TEAK_3_322000_4097000_image.tif","Tree",1,322000,322999.999,4097000,4097999.999
"325",332,322903.583,322908.965,4097738.949,4097743.907,"Silva","NEON_D17_TEAK_DP1_322000_4097000_classified_point_cloud_colorized.laz","2018_TEAK_3_322000_4097000_image.tif","Tree",1,322000,322999.999,4097000,4097999.999
"326",333,322819.803,322824.892,4097737.636,4097743.458,"Silva","NEON_D17_TEAK_DP1_322000_4097000_classified_point_cloud_colorized.laz","2018_TEAK_3_322000_4097000_image.tif","Tree",1,322000,322999.999,4097000,4097999.999
"327",334,322931.104,322935.974,4097740.216,4097744.39,"Silva","NEON_D17_TEAK_DP1_322000_4097000_classified_point_cloud_colorized.laz","2018_TEAK_3_322000_4097000_image.tif","Tree",1,322000,322999.999,4097000,4097999.999
"328",335,322948.658,322960.984,4097737.673,4097748.503,"Silva","NEON_D17_TEAK_DP1_322000_4097000_classified_point_cloud_colorized.laz","2018_TEAK_3_322000_4097000_image.tif","Tree",1,322000,322999.999,4097000,4097999.999
"329",336,322858.364,322863.404,4097738.559,4097743.957,"Silva","NEON_D17_TEAK_DP1_322000_4097000_classified_point_cloud_colorized.laz","2018_TEAK_3_322000_4097000_image.tif","Tree",1,322000,322999.999,4097000,4097999.999
"330",337,322960.514,322967.964,4097737.018,4097745.943,"Silva","NEON_D17_TEAK_DP1_322000_4097000_classified_point_cloud_colorized.laz","2018_TEAK_3_322000_4097000_image.tif","Tree",1,322000,322999.999,4097000,4097999.999
"331",338,322926.654,322930.402,4097737.509,4097741.994,"Silva","NEON_D17_TEAK_DP1_322000_4097000_classified_point_cloud_colorized.laz","2018_TEAK_3_322000_4097000_image.tif","Tree",1,322000,322999.999,4097000,4097999.999
"332",339,322932.008,322936.475,4097736.502,4097740.486,"Silva","NEON_D17_TEAK_DP1_322000_4097000_classified_point_cloud_colorized.laz","2018_TEAK_3_322000_4097000_image.tif","Tree",1,322000,322999.999,4097000,4097999.999
"333",340,322861.853,322866.807,4097736.026,4097742.371,"Silva","NEON_D17_TEAK_DP1_322000_4097000_classified_point_cloud_colorized.laz","2018_TEAK_3_322000_4097000_image.tif","Tree",1,322000,322999.999,4097000,4097999.999
"334",341,322870.16,322875.352,4097736.081,4097739.97,"Silva","NEON_D17_TEAK_DP1_322000_4097000_classified_point_cloud_colorized.laz","2018_TEAK_3_322000_4097000_image.tif","Tree",1,322000,322999.999,4097000,4097999.999
"335",342,322968.663,322974.899,4097735.509,4097741.914,"Silva","NEON_D17_TEAK_DP1_322000_4097000_classified_point_cloud_colorized.laz","2018_TEAK_3_322000_4097000_image.tif","Tree",1,322000,322999.999,4097000,4097999.999
"336",343,322896.633,322904.959,4097733.707,4097741.958,"Silva","NEON_D17_TEAK_DP1_322000_4097000_classified_point_cloud_colorized.laz","2018_TEAK_3_322000_4097000_image.tif","Tree",1,322000,322999.999,4097000,4097999.999
"337",344,322857.59,322862.307,4097732.539,4097738.993,"Silva","NEON_D17_TEAK_DP1_322000_4097000_classified_point_cloud_colorized.laz","2018_TEAK_3_322000_4097000_image.tif","Tree",1,322000,322999.999,4097000,4097999.999
"338",345,322836.505,322844.701,4097733.256,4097739.968,"Silva","NEON_D17_TEAK_DP1_322000_4097000_classified_point_cloud_colorized.laz","2018_TEAK_3_322000_4097000_image.tif","Tree",1,322000,322999.999,4097000,4097999.999
"339",346,322849.599,322857.47,4097734.482,4097740.331,"Silva","NEON_D17_TEAK_DP1_322000_4097000_classified_point_cloud_colorized.laz","2018_TEAK_3_322000_4097000_image.tif","Tree",1,322000,322999.999,4097000,4097999.999
"340",347,322977.583,322984.935,4097733.199,4097740.543,"Silva","NEON_D17_TEAK_DP1_322000_4097000_classified_point_cloud_colorized.laz","2018_TEAK_3_322000_4097000_image.tif","Tree",1,322000,322999.999,4097000,4097999.999
"341",348,322949.502,322961.929,4097730.516,4097740.976,"Silva","NEON_D17_TEAK_DP1_322000_4097000_classified_point_cloud_colorized.laz","2018_TEAK_3_322000_4097000_image.tif","Tree",1,322000,322999.999,4097000,4097999.999
"342",349,322926.091,322929.884,4097734.035,4097737.909,"Silva","NEON_D17_TEAK_DP1_322000_4097000_classified_point_cloud_colorized.laz","2018_TEAK_3_322000_4097000_image.tif","Tree",1,322000,322999.999,4097000,4097999.999
"343",350,322889.159,322896.159,4097731.042,4097737.912,"Silva","NEON_D17_TEAK_DP1_322000_4097000_classified_point_cloud_colorized.laz","2018_TEAK_3_322000_4097000_image.tif","Tree",1,322000,322999.999,4097000,4097999.999
"344",351,322895.614,322904.329,4097732.501,4097737.981,"Silva","NEON_D17_TEAK_DP1_322000_4097000_classified_point_cloud_colorized.laz","2018_TEAK_3_322000_4097000_image.tif","Tree",1,322000,322999.999,4097000,4097999.999
"345",352,322874.046,322881.577,4097730.755,4097738.494,"Silva","NEON_D17_TEAK_DP1_322000_4097000_classified_point_cloud_colorized.laz","2018_TEAK_3_322000_4097000_image.tif","Tree",1,322000,322999.999,4097000,4097999.999
"346",353,322814.354,322816.445,4097732.013,4097734.489,"Silva","NEON_D17_TEAK_DP1_322000_4097000_classified_point_cloud_colorized.laz","2018_TEAK_3_322000_4097000_image.tif","Tree",1,322000,322999.999,4097000,4097999.999
"347",354,322884.685,322891.94,4097729.569,4097736.619,"Silva","NEON_D17_TEAK_DP1_322000_4097000_classified_point_cloud_colorized.laz","2018_TEAK_3_322000_4097000_image.tif","Tree",1,322000,322999.999,4097000,4097999.999
"348",355,322826.564,322832.442,4097729.302,4097736.127,"Silva","NEON_D17_TEAK_DP1_322000_4097000_classified_point_cloud_colorized.laz","2018_TEAK_3_322000_4097000_image.tif","Tree",1,322000,322999.999,4097000,4097999.999
"349",356,322970.522,322975.783,4097729.853,4097735.938,"Silva","NEON_D17_TEAK_DP1_322000_4097000_classified_point_cloud_colorized.laz","2018_TEAK_3_322000_4097000_image.tif","Tree",1,322000,322999.999,4097000,4097999.999
"350",357,322831.507,322837.918,4097728.064,4097734.423,"Silva","NEON_D17_TEAK_DP1_322000_4097000_classified_point_cloud_colorized.laz","2018_TEAK_3_322000_4097000_image.tif","Tree",1,322000,322999.999,4097000,4097999.999
"351",358,322868.214,322871.495,4097728.515,4097732.807,"Silva","NEON_D17_TEAK_DP1_322000_4097000_classified_point_cloud_colorized.laz","2018_TEAK_3_322000_4097000_image.tif","Tree",1,322000,322999.999,4097000,4097999.999
"352",359,322989.096,322991.939,4097730.589,4097733.199,"Silva","NEON_D17_TEAK_DP1_322000_4097000_classified_point_cloud_colorized.laz","2018_TEAK_3_322000_4097000_image.tif","Tree",1,322000,322999.999,4097000,4097999.999
"353",360,322871.515,322878.201,4097726.501,4097734.167,"Silva","NEON_D17_TEAK_DP1_322000_4097000_classified_point_cloud_colorized.laz","2018_TEAK_3_322000_4097000_image.tif","Tree",1,322000,322999.999,4097000,4097999.999
"354",361,322845,322852.429,4097726.916,4097733.946,"Silva","NEON_D17_TEAK_DP1_322000_4097000_classified_point_cloud_colorized.laz","2018_TEAK_3_322000_4097000_image.tif","Tree",1,322000,322999.999,4097000,4097999.999
"355",362,322895.005,322904.447,4097726.142,4097732.484,"Silva","NEON_D17_TEAK_DP1_322000_4097000_classified_point_cloud_colorized.laz","2018_TEAK_3_322000_4097000_image.tif","Tree",1,322000,322999.999,4097000,4097999.999
"356",363,322944.501,322954.125,4097725.39,4097737.954,"Silva","NEON_D17_TEAK_DP1_322000_4097000_classified_point_cloud_colorized.laz","2018_TEAK_3_322000_4097000_image.tif","Tree",1,322000,322999.999,4097000,4097999.999
"357",364,322857.131,322864.009,4097725.003,4097732.664,"Silva","NEON_D17_TEAK_DP1_322000_4097000_classified_point_cloud_colorized.laz","2018_TEAK_3_322000_4097000_image.tif","Tree",1,322000,322999.999,4097000,4097999.999
"358",365,322973.742,322980.449,4097727.028,4097733.413,"Silva","NEON_D17_TEAK_DP1_322000_4097000_classified_point_cloud_colorized.laz","2018_TEAK_3_322000_4097000_image.tif","Tree",1,322000,322999.999,4097000,4097999.999
"359",366,322825.074,322832.484,4097722.588,4097730.366,"Silva","NEON_D17_TEAK_DP1_322000_4097000_classified_point_cloud_colorized.laz","2018_TEAK_3_322000_4097000_image.tif","Tree",1,322000,322999.999,4097000,4097999.999
"360",367,322903.337,322914.36,4097721.502,4097732.867,"Silva","NEON_D17_TEAK_DP1_322000_4097000_classified_point_cloud_colorized.laz","2018_TEAK_3_322000_4097000_image.tif","Tree",1,322000,322999.999,4097000,4097999.999
"361",368,322881.702,322888.372,4097723.166,4097729.956,"Silva","NEON_D17_TEAK_DP1_322000_4097000_classified_point_cloud_colorized.laz","2018_TEAK_3_322000_4097000_image.tif","Tree",1,322000,322999.999,4097000,4097999.999
"362",369,322863.735,322868.912,4097723.081,4097728.495,"Silva","NEON_D17_TEAK_DP1_322000_4097000_classified_point_cloud_colorized.laz","2018_TEAK_3_322000_4097000_image.tif","Tree",1,322000,322999.999,4097000,4097999.999
"363",370,322839.718,322844.49,4097721.219,4097727.94,"Silva","NEON_D17_TEAK_DP1_322000_4097000_classified_point_cloud_colorized.laz","2018_TEAK_3_322000_4097000_image.tif","Tree",1,322000,322999.999,4097000,4097999.999
"364",371,322877.065,322882.904,4097723.016,4097728.984,"Silva","NEON_D17_TEAK_DP1_322000_4097000_classified_point_cloud_colorized.laz","2018_TEAK_3_322000_4097000_image.tif","Tree",1,322000,322999.999,4097000,4097999.999
"365",372,322976.682,322982.494,4097722.556,4097728.244,"Silva","NEON_D17_TEAK_DP1_322000_4097000_classified_point_cloud_colorized.laz","2018_TEAK_3_322000_4097000_image.tif","Tree",1,322000,322999.999,4097000,4097999.999
"366",373,322850.002,322857.467,4097720.159,4097728.37,"Silva","NEON_D17_TEAK_DP1_322000_4097000_classified_point_cloud_colorized.laz","2018_TEAK_3_322000_4097000_image.tif","Tree",1,322000,322999.999,4097000,4097999.999
"367",374,322878.714,322886.471,4097718.184,4097724.306,"Silva","NEON_D17_TEAK_DP1_322000_4097000_classified_point_cloud_colorized.laz","2018_TEAK_3_322000_4097000_image.tif","Tree",1,322000,322999.999,4097000,4097999.999
"368",375,322993.629,322996.993,4097720.076,4097724.774,"Silva","NEON_D17_TEAK_DP1_322000_4097000_classified_point_cloud_colorized.laz","2018_TEAK_3_322000_4097000_image.tif","Tree",1,322000,322999.999,4097000,4097999.999
"369",376,322856.124,322861.454,4097719.121,4097724.495,"Silva","NEON_D17_TEAK_DP1_322000_4097000_classified_point_cloud_colorized.laz","2018_TEAK_3_322000_4097000_image.tif","Tree",1,322000,322999.999,4097000,4097999.999
"370",377,322976.001,322982.455,4097717.097,4097722.914,"Silva","NEON_D17_TEAK_DP1_322000_4097000_classified_point_cloud_colorized.laz","2018_TEAK_3_322000_4097000_image.tif","Tree",1,322000,322999.999,4097000,4097999.999
"371",378,322895.054,322900.992,4097717.008,4097723.324,"Silva","NEON_D17_TEAK_DP1_322000_4097000_classified_point_cloud_colorized.laz","2018_TEAK_3_322000_4097000_image.tif","Tree",1,322000,322999.999,4097000,4097999.999
"372",379,322925.165,322930.999,4097717.02,4097723.27,"Silva","NEON_D17_TEAK_DP1_322000_4097000_classified_point_cloud_colorized.laz","2018_TEAK_3_322000_4097000_image.tif","Tree",1,322000,322999.999,4097000,4097999.999
"373",380,322954.534,322963.018,4097720.509,4097722.793,"Silva","NEON_D17_TEAK_DP1_322000_4097000_classified_point_cloud_colorized.laz","2018_TEAK_3_322000_4097000_image.tif","Tree",1,322000,322999.999,4097000,4097999.999
"374",381,322963.672,322972.496,4097715.254,4097723.857,"Silva","NEON_D17_TEAK_DP1_322000_4097000_classified_point_cloud_colorized.laz","2018_TEAK_3_322000_4097000_image.tif","Tree",1,322000,322999.999,4097000,4097999.999
"375",382,322916.086,322922.958,4097717.006,4097722.289,"Silva","NEON_D17_TEAK_DP1_322000_4097000_classified_point_cloud_colorized.laz","2018_TEAK_3_322000_4097000_image.tif","Tree",1,322000,322999.999,4097000,4097999.999
"376",383,322839.522,322847.474,4097712.611,4097720.863,"Silva","NEON_D17_TEAK_DP1_322000_4097000_classified_point_cloud_colorized.laz","2018_TEAK_3_322000_4097000_image.tif","Tree",1,322000,322999.999,4097000,4097999.999
"377",384,322871.547,322873.497,4097715.518,4097717.405,"Silva","NEON_D17_TEAK_DP1_322000_4097000_classified_point_cloud_colorized.laz","2018_TEAK_3_322000_4097000_image.tif","Tree",1,322000,322999.999,4097000,4097999.999
"378",385,322933.6,322938.917,4097715.587,4097720.379,"Silva","NEON_D17_TEAK_DP1_322000_4097000_classified_point_cloud_colorized.laz","2018_TEAK_3_322000_4097000_image.tif","Tree",1,322000,322999.999,4097000,4097999.999
"379",386,322829.132,322835.931,4097711.039,4097720.288,"Silva","NEON_D17_TEAK_DP1_322000_4097000_classified_point_cloud_colorized.laz","2018_TEAK_3_322000_4097000_image.tif","Tree",1,322000,322999.999,4097000,4097999.999
"380",387,322900.664,322904.94,4097714.115,4097718.734,"Silva","NEON_D17_TEAK_DP1_322000_4097000_classified_point_cloud_colorized.laz","2018_TEAK_3_322000_4097000_image.tif","Tree",1,322000,322999.999,4097000,4097999.999
"381",388,322958.272,322960.483,4097713.104,4097716.656,"Silva","NEON_D17_TEAK_DP1_322000_4097000_classified_point_cloud_colorized.laz","2018_TEAK_3_322000_4097000_image.tif","Tree",1,322000,322999.999,4097000,4097999.999
"382",390,322934.576,322939.367,4097712.508,4097716.494,"Silva","NEON_D17_TEAK_DP1_322000_4097000_classified_point_cloud_colorized.laz","2018_TEAK_3_322000_4097000_image.tif","Tree",1,322000,322999.999,4097000,4097999.999
"383",391,322914.007,322915.857,4097712.253,4097717.464,"Silva","NEON_D17_TEAK_DP1_322000_4097000_classified_point_cloud_colorized.laz","2018_TEAK_3_322000_4097000_image.tif","Tree",1,322000,322999.999,4097000,4097999.999
"384",392,322952.561,322954.348,4097711.01,4097712.984,"Silva","NEON_D17_TEAK_DP1_322000_4097000_classified_point_cloud_colorized.laz","2018_TEAK_3_322000_4097000_image.tif","Tree",1,322000,322999.999,4097000,4097999.999
"385",393,322990.675,322998.383,4097709.088,4097716.5,"Silva","NEON_D17_TEAK_DP1_322000_4097000_classified_point_cloud_colorized.laz","2018_TEAK_3_322000_4097000_image.tif","Tree",1,322000,322999.999,4097000,4097999.999
"386",394,322817.54,322824.945,4097706.689,4097712.346,"Silva","NEON_D17_TEAK_DP1_322000_4097000_classified_point_cloud_colorized.laz","2018_TEAK_3_322000_4097000_image.tif","Tree",1,322000,322999.999,4097000,4097999.999
"387",395,322834.128,322842.959,4097706.507,4097715.413,"Silva","NEON_D17_TEAK_DP1_322000_4097000_classified_point_cloud_colorized.laz","2018_TEAK_3_322000_4097000_image.tif","Tree",1,322000,322999.999,4097000,4097999.999
"388",396,322936.137,322937.454,4097707.501,4097711.991,"Silva","NEON_D17_TEAK_DP1_322000_4097000_classified_point_cloud_colorized.laz","2018_TEAK_3_322000_4097000_image.tif","Tree",1,322000,322999.999,4097000,4097999.999
"389",397,322946.299,322948.351,4097709.156,4097711.901,"Silva","NEON_D17_TEAK_DP1_322000_4097000_classified_point_cloud_colorized.laz","2018_TEAK_3_322000_4097000_image.tif","Tree",1,322000,322999.999,4097000,4097999.999
"390",398,322883.038,322888.604,4097705.561,4097712.938,"Silva","NEON_D17_TEAK_DP1_322000_4097000_classified_point_cloud_colorized.laz","2018_TEAK_3_322000_4097000_image.tif","Tree",1,322000,322999.999,4097000,4097999.999
"391",399,322842.589,322849.471,4097707.505,4097712.956,"Silva","NEON_D17_TEAK_DP1_322000_4097000_classified_point_cloud_colorized.laz","2018_TEAK_3_322000_4097000_image.tif","Tree",1,322000,322999.999,4097000,4097999.999
"392",400,322929.15,322932.435,4097707.625,4097710.764,"Silva","NEON_D17_TEAK_DP1_322000_4097000_classified_point_cloud_colorized.laz","2018_TEAK_3_322000_4097000_image.tif","Tree",1,322000,322999.999,4097000,4097999.999
"393",401,322988.006,322995.414,4097706.177,4097714.288,"Silva","NEON_D17_TEAK_DP1_322000_4097000_classified_point_cloud_colorized.laz","2018_TEAK_3_322000_4097000_image.tif","Tree",1,322000,322999.999,4097000,4097999.999
"394",402,322911.036,322913.947,4097706.66,4097709.925,"Silva","NEON_D17_TEAK_DP1_322000_4097000_classified_point_cloud_colorized.laz","2018_TEAK_3_322000_4097000_image.tif","Tree",1,322000,322999.999,4097000,4097999.999
"395",403,322895.524,322900.453,4097704.903,4097710.427,"Silva","NEON_D17_TEAK_DP1_322000_4097000_classified_point_cloud_colorized.laz","2018_TEAK_3_322000_4097000_image.tif","Tree",1,322000,322999.999,4097000,4097999.999
"396",404,322860.7,322864.976,4097704.113,4097710.813,"Silva","NEON_D17_TEAK_DP1_322000_4097000_classified_point_cloud_colorized.laz","2018_TEAK_3_322000_4097000_image.tif","Tree",1,322000,322999.999,4097000,4097999.999
"397",405,322854.104,322858.916,4097704.531,4097709.734,"Silva","NEON_D17_TEAK_DP1_322000_4097000_classified_point_cloud_colorized.laz","2018_TEAK_3_322000_4097000_image.tif","Tree",1,322000,322999.999,4097000,4097999.999
"398",406,322811.819,322816.921,4097704.033,4097708.956,"Silva","NEON_D17_TEAK_DP1_322000_4097000_classified_point_cloud_colorized.laz","2018_TEAK_3_322000_4097000_image.tif","Tree",1,322000,322999.999,4097000,4097999.999
"399",407,322932.265,322933.05,4097701.505,4097702.823,"Silva","NEON_D17_TEAK_DP1_322000_4097000_classified_point_cloud_colorized.laz","2018_TEAK_3_322000_4097000_image.tif","Tree",1,322000,322999.999,4097000,4097999.999
"400",408,322833.378,322839.498,4097703.603,4097709.402,"Silva","NEON_D17_TEAK_DP1_322000_4097000_classified_point_cloud_colorized.laz","2018_TEAK_3_322000_4097000_image.tif","Tree",1,322000,322999.999,4097000,4097999.999
"401",409,322959.069,322959.416,4097704.084,4097704.719,"Silva","NEON_D17_TEAK_DP1_322000_4097000_classified_point_cloud_colorized.laz","2018_TEAK_3_322000_4097000_image.tif","Tree",1,322000,322999.999,4097000,4097999.999
"402",410,322933.06,322942.687,4097697.012,4097707.81,"Silva","NEON_D17_TEAK_DP1_322000_4097000_classified_point_cloud_colorized.laz","2018_TEAK_3_322000_4097000_image.tif","Tree",1,322000,322999.999,4097000,4097999.999
"403",411,322891.01,322895.88,4097700.512,4097705.833,"Silva","NEON_D17_TEAK_DP1_322000_4097000_classified_point_cloud_colorized.laz","2018_TEAK_3_322000_4097000_image.tif","Tree",1,322000,322999.999,4097000,4097999.999
"404",412,322877.112,322882.499,4097700.069,4097706.457,"Silva","NEON_D17_TEAK_DP1_322000_4097000_classified_point_cloud_colorized.laz","2018_TEAK_3_322000_4097000_image.tif","Tree",1,322000,322999.999,4097000,4097999.999
"405",413,322821.067,322829.69,4097698.554,4097707.984,"Silva","NEON_D17_TEAK_DP1_322000_4097000_classified_point_cloud_colorized.laz","2018_TEAK_3_322000_4097000_image.tif","Tree",1,322000,322999.999,4097000,4097999.999
"406",414,322810.634,322814.995,4097700.19,4097704.987,"Silva","NEON_D17_TEAK_DP1_322000_4097000_classified_point_cloud_colorized.laz","2018_TEAK_3_322000_4097000_image.tif","Tree",1,322000,322999.999,4097000,4097999.999
"407",415,322976.681,322978.937,4097702.154,4097704.462,"Silva","NEON_D17_TEAK_DP1_322000_4097000_classified_point_cloud_colorized.laz","2018_TEAK_3_322000_4097000_image.tif","Tree",1,322000,322999.999,4097000,4097999.999
"408",416,322866.122,322870.482,4097699.037,4097704.475,"Silva","NEON_D17_TEAK_DP1_322000_4097000_classified_point_cloud_colorized.laz","2018_TEAK_3_322000_4097000_image.tif","Tree",1,322000,322999.999,4097000,4097999.999
"409",418,322855.869,322861.498,4097697.01,4097702.942,"Silva","NEON_D17_TEAK_DP1_322000_4097000_classified_point_cloud_colorized.laz","2018_TEAK_3_322000_4097000_image.tif","Tree",1,322000,322999.999,4097000,4097999.999
"410",419,322931.021,322932.973,4097698.055,4097701.465,"Silva","NEON_D17_TEAK_DP1_322000_4097000_classified_point_cloud_colorized.laz","2018_TEAK_3_322000_4097000_image.tif","Tree",1,322000,322999.999,4097000,4097999.999
"411",420,322996.031,322998.174,4097699.637,4097701.819,"Silva","NEON_D17_TEAK_DP1_322000_4097000_classified_point_cloud_colorized.laz","2018_TEAK_3_322000_4097000_image.tif","Tree",1,322000,322999.999,4097000,4097999.999
"412",421,322896.596,322901.398,4097696.115,4097700.95,"Silva","NEON_D17_TEAK_DP1_322000_4097000_classified_point_cloud_colorized.laz","2018_TEAK_3_322000_4097000_image.tif","Tree",1,322000,322999.999,4097000,4097999.999
"413",422,322805.528,322811.983,4097694.542,4097700.356,"Silva","NEON_D17_TEAK_DP1_322000_4097000_classified_point_cloud_colorized.laz","2018_TEAK_3_322000_4097000_image.tif","Tree",1,322000,322999.999,4097000,4097999.999
"414",423,322908.028,322913.194,4097695.601,4097701.893,"Silva","NEON_D17_TEAK_DP1_322000_4097000_classified_point_cloud_colorized.laz","2018_TEAK_3_322000_4097000_image.tif","Tree",1,322000,322999.999,4097000,4097999.999
"415",424,322981.006,322987.965,4097695.006,4097702.355,"Silva","NEON_D17_TEAK_DP1_322000_4097000_classified_point_cloud_colorized.laz","2018_TEAK_3_322000_4097000_image.tif","Tree",1,322000,322999.999,4097000,4097999.999
"416",425,322921.243,322921.914,4097696.155,4097696.927,"Silva","NEON_D17_TEAK_DP1_322000_4097000_classified_point_cloud_colorized.laz","2018_TEAK_3_322000_4097000_image.tif","Tree",1,322000,322999.999,4097000,4097999.999
"417",426,322842.921,322848.836,4097693.03,4097698.498,"Silva","NEON_D17_TEAK_DP1_322000_4097000_classified_point_cloud_colorized.laz","2018_TEAK_3_322000_4097000_image.tif","Tree",1,322000,322999.999,4097000,4097999.999
"418",427,322883.106,322885.461,4097694.042,4097696.431,"Silva","NEON_D17_TEAK_DP1_322000_4097000_classified_point_cloud_colorized.laz","2018_TEAK_3_322000_4097000_image.tif","Tree",1,322000,322999.999,4097000,4097999.999
"419",428,322899.221,322903.81,4097693.033,4097697.93,"Silva","NEON_D17_TEAK_DP1_322000_4097000_classified_point_cloud_colorized.laz","2018_TEAK_3_322000_4097000_image.tif","Tree",1,322000,322999.999,4097000,4097999.999
"420",429,322812.518,322816.943,4097691.587,4097696.473,"Silva","NEON_D17_TEAK_DP1_322000_4097000_classified_point_cloud_colorized.laz","2018_TEAK_3_322000_4097000_image.tif","Tree",1,322000,322999.999,4097000,4097999.999
"421",430,322892.382,322893.945,4097692.015,4097693.451,"Silva","NEON_D17_TEAK_DP1_322000_4097000_classified_point_cloud_colorized.laz","2018_TEAK_3_322000_4097000_image.tif","Tree",1,322000,322999.999,4097000,4097999.999
"422",431,322906.62,322907.697,4097692.116,4097693.952,"Silva","NEON_D17_TEAK_DP1_322000_4097000_classified_point_cloud_colorized.laz","2018_TEAK_3_322000_4097000_image.tif","Tree",1,322000,322999.999,4097000,4097999.999
"423",432,322969.91,322974.647,4097689.091,4097694.379,"Silva","NEON_D17_TEAK_DP1_322000_4097000_classified_point_cloud_colorized.laz","2018_TEAK_3_322000_4097000_image.tif","Tree",1,322000,322999.999,4097000,4097999.999
"424",433,322961.57,322966.172,4097688.538,4097693.974,"Silva","NEON_D17_TEAK_DP1_322000_4097000_classified_point_cloud_colorized.laz","2018_TEAK_3_322000_4097000_image.tif","Tree",1,322000,322999.999,4097000,4097999.999
"425",434,322856.561,322858.464,4097689.203,4097693.638,"Silva","NEON_D17_TEAK_DP1_322000_4097000_classified_point_cloud_colorized.laz","2018_TEAK_3_322000_4097000_image.tif","Tree",1,322000,322999.999,4097000,4097999.999
"426",435,322890.589,322891.942,4097688.027,4097690.669,"Silva","NEON_D17_TEAK_DP1_322000_4097000_classified_point_cloud_colorized.laz","2018_TEAK_3_322000_4097000_image.tif","Tree",1,322000,322999.999,4097000,4097999.999
"427",436,322824.521,322829.449,4097688.035,4097692.97,"Silva","NEON_D17_TEAK_DP1_322000_4097000_classified_point_cloud_colorized.laz","2018_TEAK_3_322000_4097000_image.tif","Tree",1,322000,322999.999,4097000,4097999.999
"428",437,322908.625,322910.96,4097687.111,4097689.643,"Silva","NEON_D17_TEAK_DP1_322000_4097000_classified_point_cloud_colorized.laz","2018_TEAK_3_322000_4097000_image.tif","Tree",1,322000,322999.999,4097000,4097999.999
"429",438,322833.844,322842.431,4097682.528,4097691.49,"Silva","NEON_D17_TEAK_DP1_322000_4097000_classified_point_cloud_colorized.laz","2018_TEAK_3_322000_4097000_image.tif","Tree",1,322000,322999.999,4097000,4097999.999
"430",439,322807.574,322814.757,4097684.506,4097691.493,"Silva","NEON_D17_TEAK_DP1_322000_4097000_classified_point_cloud_colorized.laz","2018_TEAK_3_322000_4097000_image.tif","Tree",1,322000,322999.999,4097000,4097999.999
"431",440,322973.714,322981.307,4097685.029,4097691.916,"Silva","NEON_D17_TEAK_DP1_322000_4097000_classified_point_cloud_colorized.laz","2018_TEAK_3_322000_4097000_image.tif","Tree",1,322000,322999.999,4097000,4097999.999
"432",441,322846.011,322850.471,4097683.541,4097688,"Silva","NEON_D17_TEAK_DP1_322000_4097000_classified_point_cloud_colorized.laz","2018_TEAK_3_322000_4097000_image.tif","Tree",1,322000,322999.999,4097000,4097999.999
"433",442,322902.184,322905.94,4097683.223,4097687.877,"Silva","NEON_D17_TEAK_DP1_322000_4097000_classified_point_cloud_colorized.laz","2018_TEAK_3_322000_4097000_image.tif","Tree",1,322000,322999.999,4097000,4097999.999
"434",444,322991.606,322993.93,4097682.503,4097688.464,"Silva","NEON_D17_TEAK_DP1_322000_4097000_classified_point_cloud_colorized.laz","2018_TEAK_3_322000_4097000_image.tif","Tree",1,322000,322999.999,4097000,4097999.999
"435",445,322939.304,322942.445,4097684.003,4097686.899,"Silva","NEON_D17_TEAK_DP1_322000_4097000_classified_point_cloud_colorized.laz","2018_TEAK_3_322000_4097000_image.tif","Tree",1,322000,322999.999,4097000,4097999.999
"436",446,322930.599,322935.984,4097682.004,4097688.441,"Silva","NEON_D17_TEAK_DP1_322000_4097000_classified_point_cloud_colorized.laz","2018_TEAK_3_322000_4097000_image.tif","Tree",1,322000,322999.999,4097000,4097999.999
"437",447,322987.008,322991.406,4097682.019,4097690.41,"Silva","NEON_D17_TEAK_DP1_322000_4097000_classified_point_cloud_colorized.laz","2018_TEAK_3_322000_4097000_image.tif","Tree",1,322000,322999.999,4097000,4097999.999
"438",448,322965.073,322968.932,4097681.703,4097686.418,"Silva","NEON_D17_TEAK_DP1_322000_4097000_classified_point_cloud_colorized.laz","2018_TEAK_3_322000_4097000_image.tif","Tree",1,322000,322999.999,4097000,4097999.999
"439",449,322823.044,322830.865,4097679.503,4097685.954,"Silva","NEON_D17_TEAK_DP1_322000_4097000_classified_point_cloud_colorized.laz","2018_TEAK_3_322000_4097000_image.tif","Tree",1,322000,322999.999,4097000,4097999.999
"440",450,322836.522,322842.341,4097679.006,4097685.996,"Silva","NEON_D17_TEAK_DP1_322000_4097000_classified_point_cloud_colorized.laz","2018_TEAK_3_322000_4097000_image.tif","Tree",1,322000,322999.999,4097000,4097999.999
"441",451,322893.646,322895.899,4097678.598,4097681.434,"Silva","NEON_D17_TEAK_DP1_322000_4097000_classified_point_cloud_colorized.laz","2018_TEAK_3_322000_4097000_image.tif","Tree",1,322000,322999.999,4097000,4097999.999
"442",452,322901.677,322904.969,4097678.513,4097681.785,"Silva","NEON_D17_TEAK_DP1_322000_4097000_classified_point_cloud_colorized.laz","2018_TEAK_3_322000_4097000_image.tif","Tree",1,322000,322999.999,4097000,4097999.999
"443",454,322938.441,322940.935,4097678.533,4097681.345,"Silva","NEON_D17_TEAK_DP1_322000_4097000_classified_point_cloud_colorized.laz","2018_TEAK_3_322000_4097000_image.tif","Tree",1,322000,322999.999,4097000,4097999.999
"444",455,322803.505,322807.998,4097675.522,4097682.978,"Silva","NEON_D17_TEAK_DP1_322000_4097000_classified_point_cloud_colorized.laz","2018_TEAK_3_322000_4097000_image.tif","Tree",1,322000,322999.999,4097000,4097999.999
"445",456,322886.21,322886.21,4097678.734,4097678.734,"Silva","NEON_D17_TEAK_DP1_322000_4097000_classified_point_cloud_colorized.laz","2018_TEAK_3_322000_4097000_image.tif","Tree",1,322000,322999.999,4097000,4097999.999
"446",457,322987.051,322993.882,4097676.093,4097682.492,"Silva","NEON_D17_TEAK_DP1_322000_4097000_classified_point_cloud_colorized.laz","2018_TEAK_3_322000_4097000_image.tif","Tree",1,322000,322999.999,4097000,4097999.999
"447",458,322807.014,322812.98,4097674.508,4097681.295,"Silva","NEON_D17_TEAK_DP1_322000_4097000_classified_point_cloud_colorized.laz","2018_TEAK_3_322000_4097000_image.tif","Tree",1,322000,322999.999,4097000,4097999.999
"448",460,322822.5,322830.411,4097671.519,4097679.497,"Silva","NEON_D17_TEAK_DP1_322000_4097000_classified_point_cloud_colorized.laz","2018_TEAK_3_322000_4097000_image.tif","Tree",1,322000,322999.999,4097000,4097999.999
"449",461,322979.373,322984.222,4097673.074,4097680.28,"Silva","NEON_D17_TEAK_DP1_322000_4097000_classified_point_cloud_colorized.laz","2018_TEAK_3_322000_4097000_image.tif","Tree",1,322000,322999.999,4097000,4097999.999
"450",462,322994.824,322999.984,4097672.503,4097680.953,"Silva","NEON_D17_TEAK_DP1_322000_4097000_classified_point_cloud_colorized.laz","2018_TEAK_3_322000_4097000_image.tif","Tree",1,322000,322999.999,4097000,4097999.999
"451",463,322920.716,322929.358,4097671.597,4097681.736,"Silva","NEON_D17_TEAK_DP1_322000_4097000_classified_point_cloud_colorized.laz","2018_TEAK_3_322000_4097000_image.tif","Tree",1,322000,322999.999,4097000,4097999.999
"452",464,322955.026,322959.936,4097670.551,4097677.767,"Silva","NEON_D17_TEAK_DP1_322000_4097000_classified_point_cloud_colorized.laz","2018_TEAK_3_322000_4097000_image.tif","Tree",1,322000,322999.999,4097000,4097999.999
"453",465,322885.09,322888.952,4097669.083,4097674.932,"Silva","NEON_D17_TEAK_DP1_322000_4097000_classified_point_cloud_colorized.laz","2018_TEAK_3_322000_4097000_image.tif","Tree",1,322000,322999.999,4097000,4097999.999
"454",466,322950.276,322951.49,4097671.27,4097672.771,"Silva","NEON_D17_TEAK_DP1_322000_4097000_classified_point_cloud_colorized.laz","2018_TEAK_3_322000_4097000_image.tif","Tree",1,322000,322999.999,4097000,4097999.999
"455",467,322970.07,322976.452,4097667.037,4097673.991,"Silva","NEON_D17_TEAK_DP1_322000_4097000_classified_point_cloud_colorized.laz","2018_TEAK_3_322000_4097000_image.tif","Tree",1,322000,322999.999,4097000,4097999.999
"456",468,322845.008,322850.486,4097668.092,4097674.383,"Silva","NEON_D17_TEAK_DP1_322000_4097000_classified_point_cloud_colorized.laz","2018_TEAK_3_322000_4097000_image.tif","Tree",1,322000,322999.999,4097000,4097999.999
"457",469,322940.607,322946.733,4097666.507,4097674.981,"Silva","NEON_D17_TEAK_DP1_322000_4097000_classified_point_cloud_colorized.laz","2018_TEAK_3_322000_4097000_image.tif","Tree",1,322000,322999.999,4097000,4097999.999
"458",470,322849.006,322853.994,4097667.025,4097673.383,"Silva","NEON_D17_TEAK_DP1_322000_4097000_classified_point_cloud_colorized.laz","2018_TEAK_3_322000_4097000_image.tif","Tree",1,322000,322999.999,4097000,4097999.999
"459",471,322878.195,322884.604,4097665.09,4097670.831,"Silva","NEON_D17_TEAK_DP1_322000_4097000_classified_point_cloud_colorized.laz","2018_TEAK_3_322000_4097000_image.tif","Tree",1,322000,322999.999,4097000,4097999.999
"460",472,322807.508,322814.484,4097664.503,4097672.949,"Silva","NEON_D17_TEAK_DP1_322000_4097000_classified_point_cloud_colorized.laz","2018_TEAK_3_322000_4097000_image.tif","Tree",1,322000,322999.999,4097000,4097999.999
"461",473,322902.013,322908.467,4097665.538,4097671.409,"Silva","NEON_D17_TEAK_DP1_322000_4097000_classified_point_cloud_colorized.laz","2018_TEAK_3_322000_4097000_image.tif","Tree",1,322000,322999.999,4097000,4097999.999
"462",474,322907.659,322913.468,4097662.556,4097669.982,"Silva","NEON_D17_TEAK_DP1_322000_4097000_classified_point_cloud_colorized.laz","2018_TEAK_3_322000_4097000_image.tif","Tree",1,322000,322999.999,4097000,4097999.999
"463",475,322874.506,322878.886,4097664.534,4097669.402,"Silva","NEON_D17_TEAK_DP1_322000_4097000_classified_point_cloud_colorized.laz","2018_TEAK_3_322000_4097000_image.tif","Tree",1,322000,322999.999,4097000,4097999.999
"464",476,322817.028,322821.962,4097662.089,4097669.458,"Silva","NEON_D17_TEAK_DP1_322000_4097000_classified_point_cloud_colorized.laz","2018_TEAK_3_322000_4097000_image.tif","Tree",1,322000,322999.999,4097000,4097999.999
"465",477,322938.926,322941.721,4097665.248,4097667.753,"Silva","NEON_D17_TEAK_DP1_322000_4097000_classified_point_cloud_colorized.laz","2018_TEAK_3_322000_4097000_image.tif","Tree",1,322000,322999.999,4097000,4097999.999
"466",478,322844.038,322849.888,4097661.509,4097668.497,"Silva","NEON_D17_TEAK_DP1_322000_4097000_classified_point_cloud_colorized.laz","2018_TEAK_3_322000_4097000_image.tif","Tree",1,322000,322999.999,4097000,4097999.999
"467",479,322992.005,322999.987,4097661.217,4097668.474,"Silva","NEON_D17_TEAK_DP1_322000_4097000_classified_point_cloud_colorized.laz","2018_TEAK_3_322000_4097000_image.tif","Tree",1,322000,322999.999,4097000,4097999.999
"468",480,322872.051,322872.876,4097664.12,4097664.975,"Silva","NEON_D17_TEAK_DP1_322000_4097000_classified_point_cloud_colorized.laz","2018_TEAK_3_322000_4097000_image.tif","Tree",1,322000,322999.999,4097000,4097999.999
"469",481,322926.537,322931.957,4097660.042,4097665.837,"Silva","NEON_D17_TEAK_DP1_322000_4097000_classified_point_cloud_colorized.laz","2018_TEAK_3_322000_4097000_image.tif","Tree",1,322000,322999.999,4097000,4097999.999
"470",482,322896.556,322901.939,4097659.535,4097664.827,"Silva","NEON_D17_TEAK_DP1_322000_4097000_classified_point_cloud_colorized.laz","2018_TEAK_3_322000_4097000_image.tif","Tree",1,322000,322999.999,4097000,4097999.999
"471",483,322972.026,322979.796,4097658.04,4097666.982,"Silva","NEON_D17_TEAK_DP1_322000_4097000_classified_point_cloud_colorized.laz","2018_TEAK_3_322000_4097000_image.tif","Tree",1,322000,322999.999,4097000,4097999.999
"472",484,322902.02,322909.219,4097657.484,4097664.888,"Silva","NEON_D17_TEAK_DP1_322000_4097000_classified_point_cloud_colorized.laz","2018_TEAK_3_322000_4097000_image.tif","Tree",1,322000,322999.999,4097000,4097999.999
"473",485,322825.462,322833.973,4097656.032,4097667.473,"Silva","NEON_D17_TEAK_DP1_322000_4097000_classified_point_cloud_colorized.laz","2018_TEAK_3_322000_4097000_image.tif","Tree",1,322000,322999.999,4097000,4097999.999
"474",486,322996.12,322999.996,4097656.645,4097662.41,"Silva","NEON_D17_TEAK_DP1_322000_4097000_classified_point_cloud_colorized.laz","2018_TEAK_3_322000_4097000_image.tif","Tree",1,322000,322999.999,4097000,4097999.999
"475",487,322986.079,322994.878,4097654.539,4097663.361,"Silva","NEON_D17_TEAK_DP1_322000_4097000_classified_point_cloud_colorized.laz","2018_TEAK_3_322000_4097000_image.tif","Tree",1,322000,322999.999,4097000,4097999.999
"476",488,322919.769,322925.327,4097653.035,4097660.418,"Silva","NEON_D17_TEAK_DP1_322000_4097000_classified_point_cloud_colorized.laz","2018_TEAK_3_322000_4097000_image.tif","Tree",1,322000,322999.999,4097000,4097999.999
"477",489,322932.091,322935.497,4097655.513,4097658.494,"Silva","NEON_D17_TEAK_DP1_322000_4097000_classified_point_cloud_colorized.laz","2018_TEAK_3_322000_4097000_image.tif","Tree",1,322000,322999.999,4097000,4097999.999
"478",490,322954.051,322958.943,4097654.023,4097659.498,"Silva","NEON_D17_TEAK_DP1_322000_4097000_classified_point_cloud_colorized.laz","2018_TEAK_3_322000_4097000_image.tif","Tree",1,322000,322999.999,4097000,4097999.999
"479",491,322975.525,322983.979,4097651.098,4097659.295,"Silva","NEON_D17_TEAK_DP1_322000_4097000_classified_point_cloud_colorized.laz","2018_TEAK_3_322000_4097000_image.tif","Tree",1,322000,322999.999,4097000,4097999.999
"480",492,322836.915,322843.487,4097651.512,4097659.984,"Silva","NEON_D17_TEAK_DP1_322000_4097000_classified_point_cloud_colorized.laz","2018_TEAK_3_322000_4097000_image.tif","Tree",1,322000,322999.999,4097000,4097999.999
"481",493,322910.174,322913.87,4097653.014,4097654.809,"Silva","NEON_D17_TEAK_DP1_322000_4097000_classified_point_cloud_colorized.laz","2018_TEAK_3_322000_4097000_image.tif","Tree",1,322000,322999.999,4097000,4097999.999
"482",494,322892.022,322897.444,4097652.557,4097658.352,"Silva","NEON_D17_TEAK_DP1_322000_4097000_classified_point_cloud_colorized.laz","2018_TEAK_3_322000_4097000_image.tif","Tree",1,322000,322999.999,4097000,4097999.999
"483",495,322947.047,322949.971,4097652.109,4097655.96,"Silva","NEON_D17_TEAK_DP1_322000_4097000_classified_point_cloud_colorized.laz","2018_TEAK_3_322000_4097000_image.tif","Tree",1,322000,322999.999,4097000,4097999.999
"484",496,322969.002,322975.494,4097648.511,4097657.434,"Silva","NEON_D17_TEAK_DP1_322000_4097000_classified_point_cloud_colorized.laz","2018_TEAK_3_322000_4097000_image.tif","Tree",1,322000,322999.999,4097000,4097999.999
"485",497,322917.45,322923.478,4097649.537,4097656.254,"Silva","NEON_D17_TEAK_DP1_322000_4097000_classified_point_cloud_colorized.laz","2018_TEAK_3_322000_4097000_image.tif","Tree",1,322000,322999.999,4097000,4097999.999
"486",498,322887.202,322890.83,4097649.106,4097653.987,"Silva","NEON_D17_TEAK_DP1_322000_4097000_classified_point_cloud_colorized.laz","2018_TEAK_3_322000_4097000_image.tif","Tree",1,322000,322999.999,4097000,4097999.999
"487",499,322826.057,322833.348,4097647.522,4097655.473,"Silva","NEON_D17_TEAK_DP1_322000_4097000_classified_point_cloud_colorized.laz","2018_TEAK_3_322000_4097000_image.tif","Tree",1,322000,322999.999,4097000,4097999.999
"488",500,322940.338,322941.433,4097648.517,4097650.339,"Silva","NEON_D17_TEAK_DP1_322000_4097000_classified_point_cloud_colorized.laz","2018_TEAK_3_322000_4097000_image.tif","Tree",1,322000,322999.999,4097000,4097999.999
"489",501,322957.021,322963.493,4097644.51,4097653.482,"Silva","NEON_D17_TEAK_DP1_322000_4097000_classified_point_cloud_colorized.laz","2018_TEAK_3_322000_4097000_image.tif","Tree",1,322000,322999.999,4097000,4097999.999
"490",502,322952.156,322956.994,4097645.088,4097652.983,"Silva","NEON_D17_TEAK_DP1_322000_4097000_classified_point_cloud_colorized.laz","2018_TEAK_3_322000_4097000_image.tif","Tree",1,322000,322999.999,4097000,4097999.999
"491",503,322946.055,322947.839,4097648.128,4097649.36,"Silva","NEON_D17_TEAK_DP1_322000_4097000_classified_point_cloud_colorized.laz","2018_TEAK_3_322000_4097000_image.tif","Tree",1,322000,322999.999,4097000,4097999.999
"492",504,322993.747,322999.972,4097643.516,4097651.401,"Silva","NEON_D17_TEAK_DP1_322000_4097000_classified_point_cloud_colorized.laz","2018_TEAK_3_322000_4097000_image.tif","Tree",1,322000,322999.999,4097000,4097999.999
"493",505,322885.065,322889.954,4097644.057,4097648.986,"Silva","NEON_D17_TEAK_DP1_322000_4097000_classified_point_cloud_colorized.laz","2018_TEAK_3_322000_4097000_image.tif","Tree",1,322000,322999.999,4097000,4097999.999
"494",506,322900.048,322906.355,4097645.014,4097650.477,"Silva","NEON_D17_TEAK_DP1_322000_4097000_classified_point_cloud_colorized.laz","2018_TEAK_3_322000_4097000_image.tif","Tree",1,322000,322999.999,4097000,4097999.999
"495",507,322977.549,322985.334,4097640.613,4097651.946,"Silva","NEON_D17_TEAK_DP1_322000_4097000_classified_point_cloud_colorized.laz","2018_TEAK_3_322000_4097000_image.tif","Tree",1,322000,322999.999,4097000,4097999.999
"496",508,322895.629,322900.31,4097642.102,4097649.989,"Silva","NEON_D17_TEAK_DP1_322000_4097000_classified_point_cloud_colorized.laz","2018_TEAK_3_322000_4097000_image.tif","Tree",1,322000,322999.999,4097000,4097999.999
"497",509,322880.67,322885.808,4097643.353,4097648.576,"Silva","NEON_D17_TEAK_DP1_322000_4097000_classified_point_cloud_colorized.laz","2018_TEAK_3_322000_4097000_image.tif","Tree",1,322000,322999.999,4097000,4097999.999
"498",510,322990.07,322995.99,4097640.625,4097648.978,"Silva","NEON_D17_TEAK_DP1_322000_4097000_classified_point_cloud_colorized.laz","2018_TEAK_3_322000_4097000_image.tif","Tree",1,322000,322999.999,4097000,4097999.999
"499",511,322932.963,322938.449,4097642.055,4097647.896,"Silva","NEON_D17_TEAK_DP1_322000_4097000_classified_point_cloud_colorized.laz","2018_TEAK_3_322000_4097000_image.tif","Tree",1,322000,322999.999,4097000,4097999.999
"500",512,322905.577,322909.883,4097642.091,4097646.468,"Silva","NEON_D17_TEAK_DP1_322000_4097000_classified_point_cloud_colorized.laz","2018_TEAK_3_322000_4097000_image.tif","Tree",1,322000,322999.999,4097000,4097999.999
"501",513,322924.063,322929.481,4097640.529,4097645.408,"Silva","NEON_D17_TEAK_DP1_322000_4097000_classified_point_cloud_colorized.laz","2018_TEAK_3_322000_4097000_image.tif","Tree",1,322000,322999.999,4097000,4097999.999
"502",514,322973.591,322981.981,4097637.198,4097649.457,"Silva","NEON_D17_TEAK_DP1_322000_4097000_classified_point_cloud_colorized.laz","2018_TEAK_3_322000_4097000_image.tif","Tree",1,322000,322999.999,4097000,4097999.999
"503",515,322952.159,322958.374,4097638.084,4097645.835,"Silva","NEON_D17_TEAK_DP1_322000_4097000_classified_point_cloud_colorized.laz","2018_TEAK_3_322000_4097000_image.tif","Tree",1,322000,322999.999,4097000,4097999.999
"504",516,322883.53,322888.969,4097638.048,4097643.995,"Silva","NEON_D17_TEAK_DP1_322000_4097000_classified_point_cloud_colorized.laz","2018_TEAK_3_322000_4097000_image.tif","Tree",1,322000,322999.999,4097000,4097999.999
"505",517,322839.072,322845.448,4097637.713,4097642.323,"Silva","NEON_D17_TEAK_DP1_322000_4097000_classified_point_cloud_colorized.laz","2018_TEAK_3_322000_4097000_image.tif","Tree",1,322000,322999.999,4097000,4097999.999
"506",518,322966.007,322973.871,4097635.017,4097644.804,"Silva","NEON_D17_TEAK_DP1_322000_4097000_classified_point_cloud_colorized.laz","2018_TEAK_3_322000_4097000_image.tif","Tree",1,322000,322999.999,4097000,4097999.999
"507",519,322928.51,322932.93,4097637.017,4097641.894,"Silva","NEON_D17_TEAK_DP1_322000_4097000_classified_point_cloud_colorized.laz","2018_TEAK_3_322000_4097000_image.tif","Tree",1,322000,322999.999,4097000,4097999.999
"508",520,322922.595,322927.939,4097635.832,4097641.03,"Silva","NEON_D17_TEAK_DP1_322000_4097000_classified_point_cloud_colorized.laz","2018_TEAK_3_322000_4097000_image.tif","Tree",1,322000,322999.999,4097000,4097999.999
"509",521,322885.027,322890.967,4097636.014,4097641.006,"Silva","NEON_D17_TEAK_DP1_322000_4097000_classified_point_cloud_colorized.laz","2018_TEAK_3_322000_4097000_image.tif","Tree",1,322000,322999.999,4097000,4097999.999
"510",522,322895.53,322899.621,4097634.885,4097639.289,"Silva","NEON_D17_TEAK_DP1_322000_4097000_classified_point_cloud_colorized.laz","2018_TEAK_3_322000_4097000_image.tif","Tree",1,322000,322999.999,4097000,4097999.999
"511",523,322843.005,322849.491,4097635.008,4097640.995,"Silva","NEON_D17_TEAK_DP1_322000_4097000_classified_point_cloud_colorized.laz","2018_TEAK_3_322000_4097000_image.tif","Tree",1,322000,322999.999,4097000,4097999.999
"512",524,322916.532,322919.959,4097634.691,4097637.375,"Silva","NEON_D17_TEAK_DP1_322000_4097000_classified_point_cloud_colorized.laz","2018_TEAK_3_322000_4097000_image.tif","Tree",1,322000,322999.999,4097000,4097999.999
"513",525,322901.242,322906.992,4097632.249,4097639.131,"Silva","NEON_D17_TEAK_DP1_322000_4097000_classified_point_cloud_colorized.laz","2018_TEAK_3_322000_4097000_image.tif","Tree",1,322000,322999.999,4097000,4097999.999
"514",526,322833.75,322839.99,4097633.527,4097640.959,"Silva","NEON_D17_TEAK_DP1_322000_4097000_classified_point_cloud_colorized.laz","2018_TEAK_3_322000_4097000_image.tif","Tree",1,322000,322999.999,4097000,4097999.999
"515",527,322933.403,322934.469,4097632.57,4097634.336,"Silva","NEON_D17_TEAK_DP1_322000_4097000_classified_point_cloud_colorized.laz","2018_TEAK_3_322000_4097000_image.tif","Tree",1,322000,322999.999,4097000,4097999.999
"516",528,322889.395,322893.31,4097631.184,4097636.31,"Silva","NEON_D17_TEAK_DP1_322000_4097000_classified_point_cloud_colorized.laz","2018_TEAK_3_322000_4097000_image.tif","Tree",1,322000,322999.999,4097000,4097999.999
"517",529,322885.537,322889.496,4097630.615,4097636.475,"Silva","NEON_D17_TEAK_DP1_322000_4097000_classified_point_cloud_colorized.laz","2018_TEAK_3_322000_4097000_image.tif","Tree",1,322000,322999.999,4097000,4097999.999
"518",530,322961.007,322967.723,4097631.678,4097637.288,"Silva","NEON_D17_TEAK_DP1_322000_4097000_classified_point_cloud_colorized.laz","2018_TEAK_3_322000_4097000_image.tif","Tree",1,322000,322999.999,4097000,4097999.999
"519",531,322952.346,322960.958,4097629.589,4097639.591,"Silva","NEON_D17_TEAK_DP1_322000_4097000_classified_point_cloud_colorized.laz","2018_TEAK_3_322000_4097000_image.tif","Tree",1,322000,322999.999,4097000,4097999.999
"520",532,322936.771,322938.245,4097632.348,4097633.431,"Silva","NEON_D17_TEAK_DP1_322000_4097000_classified_point_cloud_colorized.laz","2018_TEAK_3_322000_4097000_image.tif","Tree",1,322000,322999.999,4097000,4097999.999
"521",533,322863.232,322870.499,4097630.267,4097636.914,"Silva","NEON_D17_TEAK_DP1_322000_4097000_classified_point_cloud_colorized.laz","2018_TEAK_3_322000_4097000_image.tif","Tree",1,322000,322999.999,4097000,4097999.999
"522",534,322897.819,322904.442,4097629.539,4097636.309,"Silva","NEON_D17_TEAK_DP1_322000_4097000_classified_point_cloud_colorized.laz","2018_TEAK_3_322000_4097000_image.tif","Tree",1,322000,322999.999,4097000,4097999.999
"523",535,322914.13,322917.855,4097629.588,4097633.983,"Silva","NEON_D17_TEAK_DP1_322000_4097000_classified_point_cloud_colorized.laz","2018_TEAK_3_322000_4097000_image.tif","Tree",1,322000,322999.999,4097000,4097999.999
"524",536,322946.013,322951.925,4097629.124,4097635.125,"Silva","NEON_D17_TEAK_DP1_322000_4097000_classified_point_cloud_colorized.laz","2018_TEAK_3_322000_4097000_image.tif","Tree",1,322000,322999.999,4097000,4097999.999
"525",537,322831.504,322835.49,4097626.644,4097634.419,"Silva","NEON_D17_TEAK_DP1_322000_4097000_classified_point_cloud_colorized.laz","2018_TEAK_3_322000_4097000_image.tif","Tree",1,322000,322999.999,4097000,4097999.999
"526",538,322988.676,322998.975,4097627.506,4097635.483,"Silva","NEON_D17_TEAK_DP1_322000_4097000_classified_point_cloud_colorized.laz","2018_TEAK_3_322000_4097000_image.tif","Tree",1,322000,322999.999,4097000,4097999.999
"527",539,322960.047,322967.947,4097626.572,4097632.442,"Silva","NEON_D17_TEAK_DP1_322000_4097000_classified_point_cloud_colorized.laz","2018_TEAK_3_322000_4097000_image.tif","Tree",1,322000,322999.999,4097000,4097999.999
"528",540,322844.523,322848.967,4097627.653,4097631.469,"Silva","NEON_D17_TEAK_DP1_322000_4097000_classified_point_cloud_colorized.laz","2018_TEAK_3_322000_4097000_image.tif","Tree",1,322000,322999.999,4097000,4097999.999
"529",541,322828.119,322832.484,4097625.51,4097631.223,"Silva","NEON_D17_TEAK_DP1_322000_4097000_classified_point_cloud_colorized.laz","2018_TEAK_3_322000_4097000_image.tif","Tree",1,322000,322999.999,4097000,4097999.999
"530",542,322933.517,322935.974,4097627.01,4097629.766,"Silva","NEON_D17_TEAK_DP1_322000_4097000_classified_point_cloud_colorized.laz","2018_TEAK_3_322000_4097000_image.tif","Tree",1,322000,322999.999,4097000,4097999.999
"531",543,322926.508,322930.913,4097627.003,4097631.285,"Silva","NEON_D17_TEAK_DP1_322000_4097000_classified_point_cloud_colorized.laz","2018_TEAK_3_322000_4097000_image.tif","Tree",1,322000,322999.999,4097000,4097999.999
"532",544,322887.032,322893.854,4097625.13,4097631.337,"Silva","NEON_D17_TEAK_DP1_322000_4097000_classified_point_cloud_colorized.laz","2018_TEAK_3_322000_4097000_image.tif","Tree",1,322000,322999.999,4097000,4097999.999
"533",545,322873.019,322876.963,4097626.717,4097630.384,"Silva","NEON_D17_TEAK_DP1_322000_4097000_classified_point_cloud_colorized.laz","2018_TEAK_3_322000_4097000_image.tif","Tree",1,322000,322999.999,4097000,4097999.999
"534",546,322911.132,322916.122,4097625.517,4097630.887,"Silva","NEON_D17_TEAK_DP1_322000_4097000_classified_point_cloud_colorized.laz","2018_TEAK_3_322000_4097000_image.tif","Tree",1,322000,322999.999,4097000,4097999.999
"535",547,322980.041,322987.97,4097624.108,4097630.639,"Silva","NEON_D17_TEAK_DP1_322000_4097000_classified_point_cloud_colorized.laz","2018_TEAK_3_322000_4097000_image.tif","Tree",1,322000,322999.999,4097000,4097999.999
"536",548,322952.036,322955.94,4097626.013,4097629.998,"Silva","NEON_D17_TEAK_DP1_322000_4097000_classified_point_cloud_colorized.laz","2018_TEAK_3_322000_4097000_image.tif","Tree",1,322000,322999.999,4097000,4097999.999
"537",549,322922.503,322925.468,4097625.035,4097627.988,"Silva","NEON_D17_TEAK_DP1_322000_4097000_classified_point_cloud_colorized.laz","2018_TEAK_3_322000_4097000_image.tif","Tree",1,322000,322999.999,4097000,4097999.999
"538",550,322958.047,322962.479,4097627.024,4097629.999,"Silva","NEON_D17_TEAK_DP1_322000_4097000_classified_point_cloud_colorized.laz","2018_TEAK_3_322000_4097000_image.tif","Tree",1,322000,322999.999,4097000,4097999.999
"539",551,322930.631,322933.247,4097623.537,4097625.868,"Silva","NEON_D17_TEAK_DP1_322000_4097000_classified_point_cloud_colorized.laz","2018_TEAK_3_322000_4097000_image.tif","Tree",1,322000,322999.999,4097000,4097999.999
"540",552,322899.098,322900.269,4097623.524,4097624.352,"Silva","NEON_D17_TEAK_DP1_322000_4097000_classified_point_cloud_colorized.laz","2018_TEAK_3_322000_4097000_image.tif","Tree",1,322000,322999.999,4097000,4097999.999
"541",553,322914.62,322918.983,4097622.378,4097627.367,"Silva","NEON_D17_TEAK_DP1_322000_4097000_classified_point_cloud_colorized.laz","2018_TEAK_3_322000_4097000_image.tif","Tree",1,322000,322999.999,4097000,4097999.999
"542",554,322911.264,322915.994,4097621.587,4097625.961,"Silva","NEON_D17_TEAK_DP1_322000_4097000_classified_point_cloud_colorized.laz","2018_TEAK_3_322000_4097000_image.tif","Tree",1,322000,322999.999,4097000,4097999.999
"543",555,322991.28,322999.889,4097620.582,4097628.495,"Silva","NEON_D17_TEAK_DP1_322000_4097000_classified_point_cloud_colorized.laz","2018_TEAK_3_322000_4097000_image.tif","Tree",1,322000,322999.999,4097000,4097999.999
"544",556,322962.113,322968.48,4097620.019,4097626.767,"Silva","NEON_D17_TEAK_DP1_322000_4097000_classified_point_cloud_colorized.laz","2018_TEAK_3_322000_4097000_image.tif","Tree",1,322000,322999.999,4097000,4097999.999
"545",557,322881.051,322883.99,4097620.079,4097625.299,"Silva","NEON_D17_TEAK_DP1_322000_4097000_classified_point_cloud_colorized.laz","2018_TEAK_3_322000_4097000_image.tif","Tree",1,322000,322999.999,4097000,4097999.999
"546",558,322829.668,322838.485,4097618.504,4097626.359,"Silva","NEON_D17_TEAK_DP1_322000_4097000_classified_point_cloud_colorized.laz","2018_TEAK_3_322000_4097000_image.tif","Tree",1,322000,322999.999,4097000,4097999.999
"547",559,322927.116,322930.964,4097620.036,4097623.945,"Silva","NEON_D17_TEAK_DP1_322000_4097000_classified_point_cloud_colorized.laz","2018_TEAK_3_322000_4097000_image.tif","Tree",1,322000,322999.999,4097000,4097999.999
"548",560,322940.299,322942.967,4097618.801,4097620.897,"Silva","NEON_D17_TEAK_DP1_322000_4097000_classified_point_cloud_colorized.laz","2018_TEAK_3_322000_4097000_image.tif","Tree",1,322000,322999.999,4097000,4097999.999
"549",561,322881.52,322884.475,4097619.015,4097620.495,"Silva","NEON_D17_TEAK_DP1_322000_4097000_classified_point_cloud_colorized.laz","2018_TEAK_3_322000_4097000_image.tif","Tree",1,322000,322999.999,4097000,4097999.999
"550",562,322946.061,322952.914,4097615.134,4097622,"Silva","NEON_D17_TEAK_DP1_322000_4097000_classified_point_cloud_colorized.laz","2018_TEAK_3_322000_4097000_image.tif","Tree",1,322000,322999.999,4097000,4097999.999
"551",563,322901.563,322906.399,4097614.56,4097620.442,"Silva","NEON_D17_TEAK_DP1_322000_4097000_classified_point_cloud_colorized.laz","2018_TEAK_3_322000_4097000_image.tif","Tree",1,322000,322999.999,4097000,4097999.999
"552",564,322918.056,322921.993,4097615.058,4097619.165,"Silva","NEON_D17_TEAK_DP1_322000_4097000_classified_point_cloud_colorized.laz","2018_TEAK_3_322000_4097000_image.tif","Tree",1,322000,322999.999,4097000,4097999.999
"553",565,322997.671,322999.997,4097616.003,4097621.869,"Silva","NEON_D17_TEAK_DP1_322000_4097000_classified_point_cloud_colorized.laz","2018_TEAK_3_322000_4097000_image.tif","Tree",1,322000,322999.999,4097000,4097999.999
"554",566,322961.753,322970.769,4097613.227,4097620.444,"Silva","NEON_D17_TEAK_DP1_322000_4097000_classified_point_cloud_colorized.laz","2018_TEAK_3_322000_4097000_image.tif","Tree",1,322000,322999.999,4097000,4097999.999
"555",567,322829.526,322837.837,4097611.248,4097618.939,"Silva","NEON_D17_TEAK_DP1_322000_4097000_classified_point_cloud_colorized.laz","2018_TEAK_3_322000_4097000_image.tif","Tree",1,322000,322999.999,4097000,4097999.999
"556",568,322873.606,322880.461,4097610.572,4097616.999,"Silva","NEON_D17_TEAK_DP1_322000_4097000_classified_point_cloud_colorized.laz","2018_TEAK_3_322000_4097000_image.tif","Tree",1,322000,322999.999,4097000,4097999.999
"557",569,322908.043,322914.408,4097610.727,4097616.969,"Silva","NEON_D17_TEAK_DP1_322000_4097000_classified_point_cloud_colorized.laz","2018_TEAK_3_322000_4097000_image.tif","Tree",1,322000,322999.999,4097000,4097999.999
"558",570,322955.184,322961.465,4097611.158,4097618.484,"Silva","NEON_D17_TEAK_DP1_322000_4097000_classified_point_cloud_colorized.laz","2018_TEAK_3_322000_4097000_image.tif","Tree",1,322000,322999.999,4097000,4097999.999
"559",571,322997.626,322999.937,4097612.123,4097615.965,"Silva","NEON_D17_TEAK_DP1_322000_4097000_classified_point_cloud_colorized.laz","2018_TEAK_3_322000_4097000_image.tif","Tree",1,322000,322999.999,4097000,4097999.999
"560",572,322951.023,322956.437,4097609.793,4097616.626,"Silva","NEON_D17_TEAK_DP1_322000_4097000_classified_point_cloud_colorized.laz","2018_TEAK_3_322000_4097000_image.tif","Tree",1,322000,322999.999,4097000,4097999.999
"561",573,322959.617,322965.309,4097609.033,4097615.626,"Silva","NEON_D17_TEAK_DP1_322000_4097000_classified_point_cloud_colorized.laz","2018_TEAK_3_322000_4097000_image.tif","Tree",1,322000,322999.999,4097000,4097999.999
"562",574,322920.042,322923.425,4097609.567,4097613.963,"Silva","NEON_D17_TEAK_DP1_322000_4097000_classified_point_cloud_colorized.laz","2018_TEAK_3_322000_4097000_image.tif","Tree",1,322000,322999.999,4097000,4097999.999
"563",575,322879.177,322884.498,4097609.028,4097614.477,"Silva","NEON_D17_TEAK_DP1_322000_4097000_classified_point_cloud_colorized.laz","2018_TEAK_3_322000_4097000_image.tif","Tree",1,322000,322999.999,4097000,4097999.999
"564",576,322896.577,322899.43,4097609.543,4097613.451,"Silva","NEON_D17_TEAK_DP1_322000_4097000_classified_point_cloud_colorized.laz","2018_TEAK_3_322000_4097000_image.tif","Tree",1,322000,322999.999,4097000,4097999.999
"565",577,322971.14,322975.454,4097609.098,4097616,"Silva","NEON_D17_TEAK_DP1_322000_4097000_classified_point_cloud_colorized.laz","2018_TEAK_3_322000_4097000_image.tif","Tree",1,322000,322999.999,4097000,4097999.999
"566",578,322945.081,322948.657,4097608.69,4097613.472,"Silva","NEON_D17_TEAK_DP1_322000_4097000_classified_point_cloud_colorized.laz","2018_TEAK_3_322000_4097000_image.tif","Tree",1,322000,322999.999,4097000,4097999.999
"567",579,322928.072,322930.89,4097609.614,4097611.82,"Silva","NEON_D17_TEAK_DP1_322000_4097000_classified_point_cloud_colorized.laz","2018_TEAK_3_322000_4097000_image.tif","Tree",1,322000,322999.999,4097000,4097999.999
"568",580,322941.98,322944.998,4097609.008,4097612.462,"Silva","NEON_D17_TEAK_DP1_322000_4097000_classified_point_cloud_colorized.laz","2018_TEAK_3_322000_4097000_image.tif","Tree",1,322000,322999.999,4097000,4097999.999
"569",581,322929.713,322934.876,4097606.071,4097611.465,"Silva","NEON_D17_TEAK_DP1_322000_4097000_classified_point_cloud_colorized.laz","2018_TEAK_3_322000_4097000_image.tif","Tree",1,322000,322999.999,4097000,4097999.999
"570",582,322953.836,322960.237,4097605.586,4097611.663,"Silva","NEON_D17_TEAK_DP1_322000_4097000_classified_point_cloud_colorized.laz","2018_TEAK_3_322000_4097000_image.tif","Tree",1,322000,322999.999,4097000,4097999.999
"571",583,322995.511,322999.999,4097608.062,4097612.323,"Silva","NEON_D17_TEAK_DP1_322000_4097000_classified_point_cloud_colorized.laz","2018_TEAK_3_322000_4097000_image.tif","Tree",1,322000,322999.999,4097000,4097999.999
"572",584,322982.063,322990.974,4097603.544,4097610.968,"Silva","NEON_D17_TEAK_DP1_322000_4097000_classified_point_cloud_colorized.laz","2018_TEAK_3_322000_4097000_image.tif","Tree",1,322000,322999.999,4097000,4097999.999
"573",585,322925.112,322927.93,4097606.617,4097609.432,"Silva","NEON_D17_TEAK_DP1_322000_4097000_classified_point_cloud_colorized.laz","2018_TEAK_3_322000_4097000_image.tif","Tree",1,322000,322999.999,4097000,4097999.999
"574",586,322946.216,322952.805,4097604.011,4097608.985,"Silva","NEON_D17_TEAK_DP1_322000_4097000_classified_point_cloud_colorized.laz","2018_TEAK_3_322000_4097000_image.tif","Tree",1,322000,322999.999,4097000,4097999.999
"575",587,322990.694,322996.064,4097604.51,4097610.437,"Silva","NEON_D17_TEAK_DP1_322000_4097000_classified_point_cloud_colorized.laz","2018_TEAK_3_322000_4097000_image.tif","Tree",1,322000,322999.999,4097000,4097999.999
"576",588,322909.03,322911.847,4097603.097,4097607.057,"Silva","NEON_D17_TEAK_DP1_322000_4097000_classified_point_cloud_colorized.laz","2018_TEAK_3_322000_4097000_image.tif","Tree",1,322000,322999.999,4097000,4097999.999
"577",589,322880.527,322885.415,4097602.26,4097607.485,"Silva","NEON_D17_TEAK_DP1_322000_4097000_classified_point_cloud_colorized.laz","2018_TEAK_3_322000_4097000_image.tif","Tree",1,322000,322999.999,4097000,4097999.999
"578",590,322855.544,322860.497,4097600.605,4097606.909,"Silva","NEON_D17_TEAK_DP1_322000_4097000_classified_point_cloud_colorized.laz","2018_TEAK_3_322000_4097000_image.tif","Tree",1,322000,322999.999,4097000,4097999.999
"579",591,322927.672,322932.722,4097599.504,4097605.879,"Silva","NEON_D17_TEAK_DP1_322000_4097000_classified_point_cloud_colorized.laz","2018_TEAK_3_322000_4097000_image.tif","Tree",1,322000,322999.999,4097000,4097999.999
"580",592,322941.038,322943.89,4097601.068,4097604.372,"Silva","NEON_D17_TEAK_DP1_322000_4097000_classified_point_cloud_colorized.laz","2018_TEAK_3_322000_4097000_image.tif","Tree",1,322000,322999.999,4097000,4097999.999
"581",593,322836.015,322837.498,4097597.745,4097600.11,"Silva","NEON_D17_TEAK_DP1_322000_4097000_classified_point_cloud_colorized.laz","2018_TEAK_3_322000_4097000_image.tif","Tree",1,322000,322999.999,4097000,4097999.999
"582",594,322969.103,322973.458,4097600.001,4097604.473,"Silva","NEON_D17_TEAK_DP1_322000_4097000_classified_point_cloud_colorized.laz","2018_TEAK_3_322000_4097000_image.tif","Tree",1,322000,322999.999,4097000,4097999.999
"583",595,322978.541,322986.717,4097596.64,4097606.866,"Silva","NEON_D17_TEAK_DP1_322000_4097000_classified_point_cloud_colorized.laz","2018_TEAK_3_322000_4097000_image.tif","Tree",1,322000,322999.999,4097000,4097999.999
"584",596,322907.675,322907.921,4097600.235,4097600.923,"Silva","NEON_D17_TEAK_DP1_322000_4097000_classified_point_cloud_colorized.laz","2018_TEAK_3_322000_4097000_image.tif","Tree",1,322000,322999.999,4097000,4097999.999
"585",597,322900.331,322903.458,4097598.529,4097602.495,"Silva","NEON_D17_TEAK_DP1_322000_4097000_classified_point_cloud_colorized.laz","2018_TEAK_3_322000_4097000_image.tif","Tree",1,322000,322999.999,4097000,4097999.999
"586",598,322962.002,322965.463,4097597.836,4097603.479,"Silva","NEON_D17_TEAK_DP1_322000_4097000_classified_point_cloud_colorized.laz","2018_TEAK_3_322000_4097000_image.tif","Tree",1,322000,322999.999,4097000,4097999.999
"587",599,322938.632,322942.49,4097597.352,4097600.93,"Silva","NEON_D17_TEAK_DP1_322000_4097000_classified_point_cloud_colorized.laz","2018_TEAK_3_322000_4097000_image.tif","Tree",1,322000,322999.999,4097000,4097999.999
"588",600,322843.456,322849.95,4097594.563,4097601.889,"Silva","NEON_D17_TEAK_DP1_322000_4097000_classified_point_cloud_colorized.laz","2018_TEAK_3_322000_4097000_image.tif","Tree",1,322000,322999.999,4097000,4097999.999
"589",601,322965.052,322966.94,4097596.189,4097599.498,"Silva","NEON_D17_TEAK_DP1_322000_4097000_classified_point_cloud_colorized.laz","2018_TEAK_3_322000_4097000_image.tif","Tree",1,322000,322999.999,4097000,4097999.999
"590",602,322929.116,322935.457,4097593.003,4097599.493,"Silva","NEON_D17_TEAK_DP1_322000_4097000_classified_point_cloud_colorized.laz","2018_TEAK_3_322000_4097000_image.tif","Tree",1,322000,322999.999,4097000,4097999.999
"591",603,322954.598,322960.464,4097595.035,4097597,"Silva","NEON_D17_TEAK_DP1_322000_4097000_classified_point_cloud_colorized.laz","2018_TEAK_3_322000_4097000_image.tif","Tree",1,322000,322999.999,4097000,4097999.999
"592",604,322913.102,322915.44,4097592.04,4097594.27,"Silva","NEON_D17_TEAK_DP1_322000_4097000_classified_point_cloud_colorized.laz","2018_TEAK_3_322000_4097000_image.tif","Tree",1,322000,322999.999,4097000,4097999.999
"593",605,322900.522,322903.912,4097591.116,4097594.953,"Silva","NEON_D17_TEAK_DP1_322000_4097000_classified_point_cloud_colorized.laz","2018_TEAK_3_322000_4097000_image.tif","Tree",1,322000,322999.999,4097000,4097999.999
"594",606,322926.574,322930.491,4097590.181,4097596.215,"Silva","NEON_D17_TEAK_DP1_322000_4097000_classified_point_cloud_colorized.laz","2018_TEAK_3_322000_4097000_image.tif","Tree",1,322000,322999.999,4097000,4097999.999
"595",607,322954.172,322960.889,4097590.53,4097594.875,"Silva","NEON_D17_TEAK_DP1_322000_4097000_classified_point_cloud_colorized.laz","2018_TEAK_3_322000_4097000_image.tif","Tree",1,322000,322999.999,4097000,4097999.999
"596",608,322893.732,322894.875,4097590.504,4097591.938,"Silva","NEON_D17_TEAK_DP1_322000_4097000_classified_point_cloud_colorized.laz","2018_TEAK_3_322000_4097000_image.tif","Tree",1,322000,322999.999,4097000,4097999.999
"597",609,322991.09,322996.169,4097588.675,4097593.822,"Silva","NEON_D17_TEAK_DP1_322000_4097000_classified_point_cloud_colorized.laz","2018_TEAK_3_322000_4097000_image.tif","Tree",1,322000,322999.999,4097000,4097999.999
"598",610,322847.504,322852.383,4097586.602,4097594.491,"Silva","NEON_D17_TEAK_DP1_322000_4097000_classified_point_cloud_colorized.laz","2018_TEAK_3_322000_4097000_image.tif","Tree",1,322000,322999.999,4097000,4097999.999
"599",611,322973.609,322978.397,4097586.888,4097592.849,"Silva","NEON_D17_TEAK_DP1_322000_4097000_classified_point_cloud_colorized.laz","2018_TEAK_3_322000_4097000_image.tif","Tree",1,322000,322999.999,4097000,4097999.999
"600",612,322981.403,322987.778,4097587.011,4097593.412,"Silva","NEON_D17_TEAK_DP1_322000_4097000_classified_point_cloud_colorized.laz","2018_TEAK_3_322000_4097000_image.tif","Tree",1,322000,322999.999,4097000,4097999.999
"601",613,322868.273,322868.933,4097588.057,4097588.354,"Silva","NEON_D17_TEAK_DP1_322000_4097000_classified_point_cloud_colorized.laz","2018_TEAK_3_322000_4097000_image.tif","Tree",1,322000,322999.999,4097000,4097999.999
"602",614,322851.506,322861.935,4097584.275,4097593.805,"Silva","NEON_D17_TEAK_DP1_322000_4097000_classified_point_cloud_colorized.laz","2018_TEAK_3_322000_4097000_image.tif","Tree",1,322000,322999.999,4097000,4097999.999
"603",615,322978.084,322983.495,4097584.774,4097590.937,"Silva","NEON_D17_TEAK_DP1_322000_4097000_classified_point_cloud_colorized.laz","2018_TEAK_3_322000_4097000_image.tif","Tree",1,322000,322999.999,4097000,4097999.999
"604",616,322961.533,322967.455,4097584.083,4097590.407,"Silva","NEON_D17_TEAK_DP1_322000_4097000_classified_point_cloud_colorized.laz","2018_TEAK_3_322000_4097000_image.tif","Tree",1,322000,322999.999,4097000,4097999.999
"605",617,322920.061,322922.96,4097585.165,4097588.477,"Silva","NEON_D17_TEAK_DP1_322000_4097000_classified_point_cloud_colorized.laz","2018_TEAK_3_322000_4097000_image.tif","Tree",1,322000,322999.999,4097000,4097999.999
"606",618,322938.353,322944.555,4097583.043,4097591.94,"Silva","NEON_D17_TEAK_DP1_322000_4097000_classified_point_cloud_colorized.laz","2018_TEAK_3_322000_4097000_image.tif","Tree",1,322000,322999.999,4097000,4097999.999
"607",619,322888.151,322891.926,4097581.545,4097584.492,"Silva","NEON_D17_TEAK_DP1_322000_4097000_classified_point_cloud_colorized.laz","2018_TEAK_3_322000_4097000_image.tif","Tree",1,322000,322999.999,4097000,4097999.999
"608",620,322968.405,322973.493,4097580.178,4097584.22,"Silva","NEON_D17_TEAK_DP1_322000_4097000_classified_point_cloud_colorized.laz","2018_TEAK_3_322000_4097000_image.tif","Tree",1,322000,322999.999,4097000,4097999.999
"609",621,322959.611,322964.838,4097579.84,4097584.313,"Silva","NEON_D17_TEAK_DP1_322000_4097000_classified_point_cloud_colorized.laz","2018_TEAK_3_322000_4097000_image.tif","Tree",1,322000,322999.999,4097000,4097999.999
"610",622,322853.099,322862.485,4097577.533,4097585.985,"Silva","NEON_D17_TEAK_DP1_322000_4097000_classified_point_cloud_colorized.laz","2018_TEAK_3_322000_4097000_image.tif","Tree",1,322000,322999.999,4097000,4097999.999
"611",623,322876.195,322884.832,4097576.051,4097586.47,"Silva","NEON_D17_TEAK_DP1_322000_4097000_classified_point_cloud_colorized.laz","2018_TEAK_3_322000_4097000_image.tif","Tree",1,322000,322999.999,4097000,4097999.999
"612",624,322985.551,322994.289,4097577.58,4097587.449,"Silva","NEON_D17_TEAK_DP1_322000_4097000_classified_point_cloud_colorized.laz","2018_TEAK_3_322000_4097000_image.tif","Tree",1,322000,322999.999,4097000,4097999.999
"613",625,322912.51,322916.931,4097577.013,4097581.329,"Silva","NEON_D17_TEAK_DP1_322000_4097000_classified_point_cloud_colorized.laz","2018_TEAK_3_322000_4097000_image.tif","Tree",1,322000,322999.999,4097000,4097999.999
"614",626,322995.249,322999.989,4097574.13,4097582.794,"Silva","NEON_D17_TEAK_DP1_322000_4097000_classified_point_cloud_colorized.laz","2018_TEAK_3_322000_4097000_image.tif","Tree",1,322000,322999.999,4097000,4097999.999
"615",627,322929.388,322934.932,4097574.636,4097580.474,"Silva","NEON_D17_TEAK_DP1_322000_4097000_classified_point_cloud_colorized.laz","2018_TEAK_3_322000_4097000_image.tif","Tree",1,322000,322999.999,4097000,4097999.999
"616",628,322845.572,322850.443,4097575.003,4097579.297,"Silva","NEON_D17_TEAK_DP1_322000_4097000_classified_point_cloud_colorized.laz","2018_TEAK_3_322000_4097000_image.tif","Tree",1,322000,322999.999,4097000,4097999.999
"617",629,322977.469,322983.738,4097574.1,4097580.4,"Silva","NEON_D17_TEAK_DP1_322000_4097000_classified_point_cloud_colorized.laz","2018_TEAK_3_322000_4097000_image.tif","Tree",1,322000,322999.999,4097000,4097999.999
"618",630,322901.505,322908.73,4097572.665,4097579.949,"Silva","NEON_D17_TEAK_DP1_322000_4097000_classified_point_cloud_colorized.laz","2018_TEAK_3_322000_4097000_image.tif","Tree",1,322000,322999.999,4097000,4097999.999
"619",631,322880.522,322887.499,4097574.552,4097579.991,"Silva","NEON_D17_TEAK_DP1_322000_4097000_classified_point_cloud_colorized.laz","2018_TEAK_3_322000_4097000_image.tif","Tree",1,322000,322999.999,4097000,4097999.999
"620",632,322914.159,322918.937,4097573.036,4097578.404,"Silva","NEON_D17_TEAK_DP1_322000_4097000_classified_point_cloud_colorized.laz","2018_TEAK_3_322000_4097000_image.tif","Tree",1,322000,322999.999,4097000,4097999.999
"621",633,322972.042,322973.887,4097574.56,4097576.453,"Silva","NEON_D17_TEAK_DP1_322000_4097000_classified_point_cloud_colorized.laz","2018_TEAK_3_322000_4097000_image.tif","Tree",1,322000,322999.999,4097000,4097999.999
"622",635,322953.005,322961.299,4097571.106,4097578.945,"Silva","NEON_D17_TEAK_DP1_322000_4097000_classified_point_cloud_colorized.laz","2018_TEAK_3_322000_4097000_image.tif","Tree",1,322000,322999.999,4097000,4097999.999
"623",636,322943.542,322948.994,4097572.078,4097576.564,"Silva","NEON_D17_TEAK_DP1_322000_4097000_classified_point_cloud_colorized.laz","2018_TEAK_3_322000_4097000_image.tif","Tree",1,322000,322999.999,4097000,4097999.999
"624",637,322940.005,322943.402,4097572.034,4097577.965,"Silva","NEON_D17_TEAK_DP1_322000_4097000_classified_point_cloud_colorized.laz","2018_TEAK_3_322000_4097000_image.tif","Tree",1,322000,322999.999,4097000,4097999.999
"625",638,322844.649,322849.608,4097570.929,4097574.99,"Silva","NEON_D17_TEAK_DP1_322000_4097000_classified_point_cloud_colorized.laz","2018_TEAK_3_322000_4097000_image.tif","Tree",1,322000,322999.999,4097000,4097999.999
"626",639,322862.754,322867.485,4097570.505,4097576.711,"Silva","NEON_D17_TEAK_DP1_322000_4097000_classified_point_cloud_colorized.laz","2018_TEAK_3_322000_4097000_image.tif","Tree",1,322000,322999.999,4097000,4097999.999
"627",640,322917.274,322921.892,4097571.08,4097575.928,"Silva","NEON_D17_TEAK_DP1_322000_4097000_classified_point_cloud_colorized.laz","2018_TEAK_3_322000_4097000_image.tif","Tree",1,322000,322999.999,4097000,4097999.999
"628",641,322840.045,322845.494,4097569.011,4097576.49,"Silva","NEON_D17_TEAK_DP1_322000_4097000_classified_point_cloud_colorized.laz","2018_TEAK_3_322000_4097000_image.tif","Tree",1,322000,322999.999,4097000,4097999.999
"629",642,322928.802,322933.441,4097570.043,4097574.942,"Silva","NEON_D17_TEAK_DP1_322000_4097000_classified_point_cloud_colorized.laz","2018_TEAK_3_322000_4097000_image.tif","Tree",1,322000,322999.999,4097000,4097999.999
"630",643,322876.241,322879.671,4097571.708,4097576.971,"Silva","NEON_D17_TEAK_DP1_322000_4097000_classified_point_cloud_colorized.laz","2018_TEAK_3_322000_4097000_image.tif","Tree",1,322000,322999.999,4097000,4097999.999
"631",644,322979.518,322987.308,4097568.725,4097576.505,"Silva","NEON_D17_TEAK_DP1_322000_4097000_classified_point_cloud_colorized.laz","2018_TEAK_3_322000_4097000_image.tif","Tree",1,322000,322999.999,4097000,4097999.999
"632",645,322925.117,322929.466,4097569.068,4097573.916,"Silva","NEON_D17_TEAK_DP1_322000_4097000_classified_point_cloud_colorized.laz","2018_TEAK_3_322000_4097000_image.tif","Tree",1,322000,322999.999,4097000,4097999.999
"633",646,322898.061,322904.909,4097568.86,4097575.988,"Silva","NEON_D17_TEAK_DP1_322000_4097000_classified_point_cloud_colorized.laz","2018_TEAK_3_322000_4097000_image.tif","Tree",1,322000,322999.999,4097000,4097999.999
"634",647,322871.043,322873.737,4097569.239,4097571.539,"Silva","NEON_D17_TEAK_DP1_322000_4097000_classified_point_cloud_colorized.laz","2018_TEAK_3_322000_4097000_image.tif","Tree",1,322000,322999.999,4097000,4097999.999
"635",648,322851.513,322856.495,4097568.115,4097573.434,"Silva","NEON_D17_TEAK_DP1_322000_4097000_classified_point_cloud_colorized.laz","2018_TEAK_3_322000_4097000_image.tif","Tree",1,322000,322999.999,4097000,4097999.999
"636",649,322933.097,322938.237,4097569.029,4097574.923,"Silva","NEON_D17_TEAK_DP1_322000_4097000_classified_point_cloud_colorized.laz","2018_TEAK_3_322000_4097000_image.tif","Tree",1,322000,322999.999,4097000,4097999.999
"637",650,322836.099,322840.306,4097566.572,4097571.187,"Silva","NEON_D17_TEAK_DP1_322000_4097000_classified_point_cloud_colorized.laz","2018_TEAK_3_322000_4097000_image.tif","Tree",1,322000,322999.999,4097000,4097999.999
"638",651,322953.676,322963.443,4097564.596,4097574.387,"Silva","NEON_D17_TEAK_DP1_322000_4097000_classified_point_cloud_colorized.laz","2018_TEAK_3_322000_4097000_image.tif","Tree",1,322000,322999.999,4097000,4097999.999
"639",652,322883.088,322886.468,4097565.024,4097569.873,"Silva","NEON_D17_TEAK_DP1_322000_4097000_classified_point_cloud_colorized.laz","2018_TEAK_3_322000_4097000_image.tif","Tree",1,322000,322999.999,4097000,4097999.999
"640",653,322886.025,322890.384,4097565.128,4097570.84,"Silva","NEON_D17_TEAK_DP1_322000_4097000_classified_point_cloud_colorized.laz","2018_TEAK_3_322000_4097000_image.tif","Tree",1,322000,322999.999,4097000,4097999.999
"641",654,322898.007,322902.965,4097564.615,4097569.465,"Silva","NEON_D17_TEAK_DP1_322000_4097000_classified_point_cloud_colorized.laz","2018_TEAK_3_322000_4097000_image.tif","Tree",1,322000,322999.999,4097000,4097999.999
"642",655,322934.614,322941.999,4097564.024,4097569.475,"Silva","NEON_D17_TEAK_DP1_322000_4097000_classified_point_cloud_colorized.laz","2018_TEAK_3_322000_4097000_image.tif","Tree",1,322000,322999.999,4097000,4097999.999
"643",656,322877.249,322881.462,4097563.54,4097568.446,"Silva","NEON_D17_TEAK_DP1_322000_4097000_classified_point_cloud_colorized.laz","2018_TEAK_3_322000_4097000_image.tif","Tree",1,322000,322999.999,4097000,4097999.999
"644",657,322988.709,322998.46,4097562.004,4097571.241,"Silva","NEON_D17_TEAK_DP1_322000_4097000_classified_point_cloud_colorized.laz","2018_TEAK_3_322000_4097000_image.tif","Tree",1,322000,322999.999,4097000,4097999.999
"645",658,322889.067,322894.498,4097561.545,4097567.943,"Silva","NEON_D17_TEAK_DP1_322000_4097000_classified_point_cloud_colorized.laz","2018_TEAK_3_322000_4097000_image.tif","Tree",1,322000,322999.999,4097000,4097999.999
"646",659,322869.011,322873.175,4097560.113,4097564.465,"Silva","NEON_D17_TEAK_DP1_322000_4097000_classified_point_cloud_colorized.laz","2018_TEAK_3_322000_4097000_image.tif","Tree",1,322000,322999.999,4097000,4097999.999
"647",660,322915.029,322923.473,4097558.513,4097567.972,"Silva","NEON_D17_TEAK_DP1_322000_4097000_classified_point_cloud_colorized.laz","2018_TEAK_3_322000_4097000_image.tif","Tree",1,322000,322999.999,4097000,4097999.999
"648",661,322886.26,322890.447,4097558.477,4097564.4,"Silva","NEON_D17_TEAK_DP1_322000_4097000_classified_point_cloud_colorized.laz","2018_TEAK_3_322000_4097000_image.tif","Tree",1,322000,322999.999,4097000,4097999.999
"649",662,322907.174,322909.582,4097557.032,4097558.974,"Silva","NEON_D17_TEAK_DP1_322000_4097000_classified_point_cloud_colorized.laz","2018_TEAK_3_322000_4097000_image.tif","Tree",1,322000,322999.999,4097000,4097999.999
"650",663,322935.964,322941.96,4097559.056,4097564.443,"Silva","NEON_D17_TEAK_DP1_322000_4097000_classified_point_cloud_colorized.laz","2018_TEAK_3_322000_4097000_image.tif","Tree",1,322000,322999.999,4097000,4097999.999
"651",664,322968.638,322971.566,4097561.516,4097563.985,"Silva","NEON_D17_TEAK_DP1_322000_4097000_classified_point_cloud_colorized.laz","2018_TEAK_3_322000_4097000_image.tif","Tree",1,322000,322999.999,4097000,4097999.999
"652",665,322871.055,322877.482,4097556.042,4097562.371,"Silva","NEON_D17_TEAK_DP1_322000_4097000_classified_point_cloud_colorized.laz","2018_TEAK_3_322000_4097000_image.tif","Tree",1,322000,322999.999,4097000,4097999.999
"653",666,322856.968,322864.439,4097556.039,4097563.963,"Silva","NEON_D17_TEAK_DP1_322000_4097000_classified_point_cloud_colorized.laz","2018_TEAK_3_322000_4097000_image.tif","Tree",1,322000,322999.999,4097000,4097999.999
"654",667,322941.732,322948.364,4097555.715,4097565.281,"Silva","NEON_D17_TEAK_DP1_322000_4097000_classified_point_cloud_colorized.laz","2018_TEAK_3_322000_4097000_image.tif","Tree",1,322000,322999.999,4097000,4097999.999
"655",668,322958.621,322961.817,4097556.097,4097560.936,"Silva","NEON_D17_TEAK_DP1_322000_4097000_classified_point_cloud_colorized.laz","2018_TEAK_3_322000_4097000_image.tif","Tree",1,322000,322999.999,4097000,4097999.999
"656",669,322890.762,322898.264,4097552.545,4097558.428,"Silva","NEON_D17_TEAK_DP1_322000_4097000_classified_point_cloud_colorized.laz","2018_TEAK_3_322000_4097000_image.tif","Tree",1,322000,322999.999,4097000,4097999.999
"657",670,322972.522,322976.938,4097553.095,4097557.641,"Silva","NEON_D17_TEAK_DP1_322000_4097000_classified_point_cloud_colorized.laz","2018_TEAK_3_322000_4097000_image.tif","Tree",1,322000,322999.999,4097000,4097999.999
"658",671,322860.287,322867.479,4097549.639,4097557.969,"Silva","NEON_D17_TEAK_DP1_322000_4097000_classified_point_cloud_colorized.laz","2018_TEAK_3_322000_4097000_image.tif","Tree",1,322000,322999.999,4097000,4097999.999
"659",672,322965.075,322966.254,4097553.91,4097555.939,"Silva","NEON_D17_TEAK_DP1_322000_4097000_classified_point_cloud_colorized.laz","2018_TEAK_3_322000_4097000_image.tif","Tree",1,322000,322999.999,4097000,4097999.999
"660",673,322901.035,322910.592,4097550.636,4097558.902,"Silva","NEON_D17_TEAK_DP1_322000_4097000_classified_point_cloud_colorized.laz","2018_TEAK_3_322000_4097000_image.tif","Tree",1,322000,322999.999,4097000,4097999.999
"661",674,322917.028,322923.51,4097549.911,4097558.705,"Silva","NEON_D17_TEAK_DP1_322000_4097000_classified_point_cloud_colorized.laz","2018_TEAK_3_322000_4097000_image.tif","Tree",1,322000,322999.999,4097000,4097999.999
"662",675,322911.164,322918.103,4097548.564,4097557.947,"Silva","NEON_D17_TEAK_DP1_322000_4097000_classified_point_cloud_colorized.laz","2018_TEAK_3_322000_4097000_image.tif","Tree",1,322000,322999.999,4097000,4097999.999
"663",676,322880.106,322886.851,4097547.77,4097557.59,"Silva","NEON_D17_TEAK_DP1_322000_4097000_classified_point_cloud_colorized.laz","2018_TEAK_3_322000_4097000_image.tif","Tree",1,322000,322999.999,4097000,4097999.999
"664",677,322873.13,322879.997,4097548.72,4097557.466,"Silva","NEON_D17_TEAK_DP1_322000_4097000_classified_point_cloud_colorized.laz","2018_TEAK_3_322000_4097000_image.tif","Tree",1,322000,322999.999,4097000,4097999.999
"665",678,322975.528,322979.629,4097553.093,4097555.249,"Silva","NEON_D17_TEAK_DP1_322000_4097000_classified_point_cloud_colorized.laz","2018_TEAK_3_322000_4097000_image.tif","Tree",1,322000,322999.999,4097000,4097999.999
"666",679,322981.684,322989.438,4097551.51,4097557.5,"Silva","NEON_D17_TEAK_DP1_322000_4097000_classified_point_cloud_colorized.laz","2018_TEAK_3_322000_4097000_image.tif","Tree",1,322000,322999.999,4097000,4097999.999
"667",680,322927.653,322933.41,4097550.543,4097556.942,"Silva","NEON_D17_TEAK_DP1_322000_4097000_classified_point_cloud_colorized.laz","2018_TEAK_3_322000_4097000_image.tif","Tree",1,322000,322999.999,4097000,4097999.999
"668",681,322952.275,322957.954,4097550.037,4097553.147,"Silva","NEON_D17_TEAK_DP1_322000_4097000_classified_point_cloud_colorized.laz","2018_TEAK_3_322000_4097000_image.tif","Tree",1,322000,322999.999,4097000,4097999.999
"669",682,322933.101,322941.373,4097547.026,4097554.206,"Silva","NEON_D17_TEAK_DP1_322000_4097000_classified_point_cloud_colorized.laz","2018_TEAK_3_322000_4097000_image.tif","Tree",1,322000,322999.999,4097000,4097999.999
"670",683,322893.025,322901.488,4097545.084,4097553.882,"Silva","NEON_D17_TEAK_DP1_322000_4097000_classified_point_cloud_colorized.laz","2018_TEAK_3_322000_4097000_image.tif","Tree",1,322000,322999.999,4097000,4097999.999
"671",684,322964.056,322965.906,4097547.121,4097550.756,"Silva","NEON_D17_TEAK_DP1_322000_4097000_classified_point_cloud_colorized.laz","2018_TEAK_3_322000_4097000_image.tif","Tree",1,322000,322999.999,4097000,4097999.999
"672",685,322960.562,322962.72,4097546.635,4097550.257,"Silva","NEON_D17_TEAK_DP1_322000_4097000_classified_point_cloud_colorized.laz","2018_TEAK_3_322000_4097000_image.tif","Tree",1,322000,322999.999,4097000,4097999.999
"673",686,322901.102,322909.309,4097544.421,4097550.991,"Silva","NEON_D17_TEAK_DP1_322000_4097000_classified_point_cloud_colorized.laz","2018_TEAK_3_322000_4097000_image.tif","Tree",1,322000,322999.999,4097000,4097999.999
"674",687,322920.573,322928.402,4097544.628,4097552.379,"Silva","NEON_D17_TEAK_DP1_322000_4097000_classified_point_cloud_colorized.laz","2018_TEAK_3_322000_4097000_image.tif","Tree",1,322000,322999.999,4097000,4097999.999
"675",688,322956.534,322957.31,4097546.095,4097547.296,"Silva","NEON_D17_TEAK_DP1_322000_4097000_classified_point_cloud_colorized.laz","2018_TEAK_3_322000_4097000_image.tif","Tree",1,322000,322999.999,4097000,4097999.999
"676",689,322889.209,322891.487,4097544.829,4097546.861,"Silva","NEON_D17_TEAK_DP1_322000_4097000_classified_point_cloud_colorized.laz","2018_TEAK_3_322000_4097000_image.tif","Tree",1,322000,322999.999,4097000,4097999.999
"677",692,322873.552,322882.978,4097542.029,4097548.994,"Silva","NEON_D17_TEAK_DP1_322000_4097000_classified_point_cloud_colorized.laz","2018_TEAK_3_322000_4097000_image.tif","Tree",1,322000,322999.999,4097000,4097999.999
"678",693,322839.827,322848.427,4097540.081,4097547.428,"Silva","NEON_D17_TEAK_DP1_322000_4097000_classified_point_cloud_colorized.laz","2018_TEAK_3_322000_4097000_image.tif","Tree",1,322000,322999.999,4097000,4097999.999
"679",694,322909.153,322916.967,4097539.288,4097548.83,"Silva","NEON_D17_TEAK_DP1_322000_4097000_classified_point_cloud_colorized.laz","2018_TEAK_3_322000_4097000_image.tif","Tree",1,322000,322999.999,4097000,4097999.999
"680",695,322943.523,322949.997,4097542.011,4097547.48,"Silva","NEON_D17_TEAK_DP1_322000_4097000_classified_point_cloud_colorized.laz","2018_TEAK_3_322000_4097000_image.tif","Tree",1,322000,322999.999,4097000,4097999.999
"681",696,322879.576,322885.662,4097539.039,4097545.377,"Silva","NEON_D17_TEAK_DP1_322000_4097000_classified_point_cloud_colorized.laz","2018_TEAK_3_322000_4097000_image.tif","Tree",1,322000,322999.999,4097000,4097999.999
"682",697,322888.595,322897.169,4097535.012,4097537.857,"Silva","NEON_D17_TEAK_DP1_322000_4097000_classified_point_cloud_colorized.laz","2018_TEAK_3_322000_4097000_image.tif","Tree",1,322000,322999.999,4097000,4097999.999
"683",698,322899.023,322907.809,4097537.589,4097545.944,"Silva","NEON_D17_TEAK_DP1_322000_4097000_classified_point_cloud_colorized.laz","2018_TEAK_3_322000_4097000_image.tif","Tree",1,322000,322999.999,4097000,4097999.999
"684",699,322925.271,322931.438,4097537.21,4097542.02,"Silva","NEON_D17_TEAK_DP1_322000_4097000_classified_point_cloud_colorized.laz","2018_TEAK_3_322000_4097000_image.tif","Tree",1,322000,322999.999,4097000,4097999.999
"685",700,322874.126,322879.449,4097536.617,4097542.416,"Silva","NEON_D17_TEAK_DP1_322000_4097000_classified_point_cloud_colorized.laz","2018_TEAK_3_322000_4097000_image.tif","Tree",1,322000,322999.999,4097000,4097999.999
"686",701,322975.038,322980.358,4097537.204,4097542.406,"Silva","NEON_D17_TEAK_DP1_322000_4097000_classified_point_cloud_colorized.laz","2018_TEAK_3_322000_4097000_image.tif","Tree",1,322000,322999.999,4097000,4097999.999
"687",702,322990.529,322997.154,4097536.041,4097542.647,"Silva","NEON_D17_TEAK_DP1_322000_4097000_classified_point_cloud_colorized.laz","2018_TEAK_3_322000_4097000_image.tif","Tree",1,322000,322999.999,4097000,4097999.999
"688",703,322946.614,322950.856,4097536.936,4097540.458,"Silva","NEON_D17_TEAK_DP1_322000_4097000_classified_point_cloud_colorized.laz","2018_TEAK_3_322000_4097000_image.tif","Tree",1,322000,322999.999,4097000,4097999.999
"689",704,322984.067,322991.46,4097534.473,4097541.941,"Silva","NEON_D17_TEAK_DP1_322000_4097000_classified_point_cloud_colorized.laz","2018_TEAK_3_322000_4097000_image.tif","Tree",1,322000,322999.999,4097000,4097999.999
"690",705,322971,322976.878,4097534.594,4097538.739,"Silva","NEON_D17_TEAK_DP1_322000_4097000_classified_point_cloud_colorized.laz","2018_TEAK_3_322000_4097000_image.tif","Tree",1,322000,322999.999,4097000,4097999.999
"691",707,322924.206,322928.48,4097532.012,4097537.99,"Silva","NEON_D17_TEAK_DP1_322000_4097000_classified_point_cloud_colorized.laz","2018_TEAK_3_322000_4097000_image.tif","Tree",1,322000,322999.999,4097000,4097999.999
"692",708,322870.787,322874.989,4097532.443,4097536.869,"Silva","NEON_D17_TEAK_DP1_322000_4097000_classified_point_cloud_colorized.laz","2018_TEAK_3_322000_4097000_image.tif","Tree",1,322000,322999.999,4097000,4097999.999
"693",709,322913.933,322915.366,4097532.573,4097534.732,"Silva","NEON_D17_TEAK_DP1_322000_4097000_classified_point_cloud_colorized.laz","2018_TEAK_3_322000_4097000_image.tif","Tree",1,322000,322999.999,4097000,4097999.999
"694",710,322962.046,322971.383,4097530.006,4097538.979,"Silva","NEON_D17_TEAK_DP1_322000_4097000_classified_point_cloud_colorized.laz","2018_TEAK_3_322000_4097000_image.tif","Tree",1,322000,322999.999,4097000,4097999.999
"695",711,322999.607,322999.664,4097529.004,4097529.043,"Silva","NEON_D17_TEAK_DP1_322000_4097000_classified_point_cloud_colorized.laz","2018_TEAK_3_322000_4097000_image.tif","Tree",1,322000,322999.999,4097000,4097999.999
"696",712,322861.224,322868.845,4097528.656,4097536.332,"Silva","NEON_D17_TEAK_DP1_322000_4097000_classified_point_cloud_colorized.laz","2018_TEAK_3_322000_4097000_image.tif","Tree",1,322000,322999.999,4097000,4097999.999
"697",713,322897.516,322906.982,4097528.734,4097535.999,"Silva","NEON_D17_TEAK_DP1_322000_4097000_classified_point_cloud_colorized.laz","2018_TEAK_3_322000_4097000_image.tif","Tree",1,322000,322999.999,4097000,4097999.999
"698",714,322874.7,322879.777,4097529.137,4097533.905,"Silva","NEON_D17_TEAK_DP1_322000_4097000_classified_point_cloud_colorized.laz","2018_TEAK_3_322000_4097000_image.tif","Tree",1,322000,322999.999,4097000,4097999.999
"699",715,322980.096,322985.984,4097529.644,4097536.218,"Silva","NEON_D17_TEAK_DP1_322000_4097000_classified_point_cloud_colorized.laz","2018_TEAK_3_322000_4097000_image.tif","Tree",1,322000,322999.999,4097000,4097999.999
"700",716,322880.165,322888.189,4097527.22,4097533.451,"Silva","NEON_D17_TEAK_DP1_322000_4097000_classified_point_cloud_colorized.laz","2018_TEAK_3_322000_4097000_image.tif","Tree",1,322000,322999.999,4097000,4097999.999
"701",717,322919.033,322924.989,4097526.335,4097532.439,"Silva","NEON_D17_TEAK_DP1_322000_4097000_classified_point_cloud_colorized.laz","2018_TEAK_3_322000_4097000_image.tif","Tree",1,322000,322999.999,4097000,4097999.999
"702",718,322888.59,322899.93,4097524.516,4097535.439,"Silva","NEON_D17_TEAK_DP1_322000_4097000_classified_point_cloud_colorized.laz","2018_TEAK_3_322000_4097000_image.tif","Tree",1,322000,322999.999,4097000,4097999.999
"703",719,322932.034,322941.266,4097523.659,4097535.91,"Silva","NEON_D17_TEAK_DP1_322000_4097000_classified_point_cloud_colorized.laz","2018_TEAK_3_322000_4097000_image.tif","Tree",1,322000,322999.999,4097000,4097999.999
"704",721,322868.121,322873.944,4097520.041,4097525.998,"Silva","NEON_D17_TEAK_DP1_322000_4097000_classified_point_cloud_colorized.laz","2018_TEAK_3_322000_4097000_image.tif","Tree",1,322000,322999.999,4097000,4097999.999
"705",722,322975.565,322978.814,4097523.524,4097526.849,"Silva","NEON_D17_TEAK_DP1_322000_4097000_classified_point_cloud_colorized.laz","2018_TEAK_3_322000_4097000_image.tif","Tree",1,322000,322999.999,4097000,4097999.999
"706",723,322904.509,322912.896,4097521.527,4097526.46,"Silva","NEON_D17_TEAK_DP1_322000_4097000_classified_point_cloud_colorized.laz","2018_TEAK_3_322000_4097000_image.tif","Tree",1,322000,322999.999,4097000,4097999.999
"707",724,322881.665,322890.257,4097516.883,4097526.88,"Silva","NEON_D17_TEAK_DP1_322000_4097000_classified_point_cloud_colorized.laz","2018_TEAK_3_322000_4097000_image.tif","Tree",1,322000,322999.999,4097000,4097999.999
"708",725,322933.936,322943.484,4097516.538,4097527.96,"Silva","NEON_D17_TEAK_DP1_322000_4097000_classified_point_cloud_colorized.laz","2018_TEAK_3_322000_4097000_image.tif","Tree",1,322000,322999.999,4097000,4097999.999
"709",726,322943.502,322950.92,4097517.135,4097528.404,"Silva","NEON_D17_TEAK_DP1_322000_4097000_classified_point_cloud_colorized.laz","2018_TEAK_3_322000_4097000_image.tif","Tree",1,322000,322999.999,4097000,4097999.999
"710",727,322871.894,322881.491,4097515.559,4097520.243,"Silva","NEON_D17_TEAK_DP1_322000_4097000_classified_point_cloud_colorized.laz","2018_TEAK_3_322000_4097000_image.tif","Tree",1,322000,322999.999,4097000,4097999.999
"711",728,322926.635,322931.969,4097515.182,4097519.956,"Silva","NEON_D17_TEAK_DP1_322000_4097000_classified_point_cloud_colorized.laz","2018_TEAK_3_322000_4097000_image.tif","Tree",1,322000,322999.999,4097000,4097999.999
"712",729,322943.524,322955.837,4097513.018,4097521.484,"Silva","NEON_D17_TEAK_DP1_322000_4097000_classified_point_cloud_colorized.laz","2018_TEAK_3_322000_4097000_image.tif","Tree",1,322000,322999.999,4097000,4097999.999
"713",730,322977.542,322978.149,4097516.37,4097516.776,"Silva","NEON_D17_TEAK_DP1_322000_4097000_classified_point_cloud_colorized.laz","2018_TEAK_3_322000_4097000_image.tif","Tree",1,322000,322999.999,4097000,4097999.999
"714",731,322993.517,322999.995,4097511.516,4097525.941,"Silva","NEON_D17_TEAK_DP1_322000_4097000_classified_point_cloud_colorized.laz","2018_TEAK_3_322000_4097000_image.tif","Tree",1,322000,322999.999,4097000,4097999.999
"715",732,322885.514,322892.898,4097509.768,4097517.653,"Silva","NEON_D17_TEAK_DP1_322000_4097000_classified_point_cloud_colorized.laz","2018_TEAK_3_322000_4097000_image.tif","Tree",1,322000,322999.999,4097000,4097999.999
"716",733,322855.553,322863.905,4097511.066,4097517.992,"Silva","NEON_D17_TEAK_DP1_322000_4097000_classified_point_cloud_colorized.laz","2018_TEAK_3_322000_4097000_image.tif","Tree",1,322000,322999.999,4097000,4097999.999
"717",734,322845.122,322851.439,4097510.6,4097515.466,"Silva","NEON_D17_TEAK_DP1_322000_4097000_classified_point_cloud_colorized.laz","2018_TEAK_3_322000_4097000_image.tif","Tree",1,322000,322999.999,4097000,4097999.999
"718",735,322872,322880.935,4097507.258,4097516.47,"Silva","NEON_D17_TEAK_DP1_322000_4097000_classified_point_cloud_colorized.laz","2018_TEAK_3_322000_4097000_image.tif","Tree",1,322000,322999.999,4097000,4097999.999
"719",736,322935.847,322941.281,4097513.691,4097517.977,"Silva","NEON_D17_TEAK_DP1_322000_4097000_classified_point_cloud_colorized.laz","2018_TEAK_3_322000_4097000_image.tif","Tree",1,322000,322999.999,4097000,4097999.999
"720",737,322863.587,322871.993,4097508.503,4097517.126,"Silva","NEON_D17_TEAK_DP1_322000_4097000_classified_point_cloud_colorized.laz","2018_TEAK_3_322000_4097000_image.tif","Tree",1,322000,322999.999,4097000,4097999.999
"721",738,322899.161,322907.219,4097509.013,4097517.294,"Silva","NEON_D17_TEAK_DP1_322000_4097000_classified_point_cloud_colorized.laz","2018_TEAK_3_322000_4097000_image.tif","Tree",1,322000,322999.999,4097000,4097999.999
"722",739,322940.772,322944.269,4097513.581,4097516.475,"Silva","NEON_D17_TEAK_DP1_322000_4097000_classified_point_cloud_colorized.laz","2018_TEAK_3_322000_4097000_image.tif","Tree",1,322000,322999.999,4097000,4097999.999
"723",740,322855.547,322862.425,4097505.516,4097511.935,"Silva","NEON_D17_TEAK_DP1_322000_4097000_classified_point_cloud_colorized.laz","2018_TEAK_3_322000_4097000_image.tif","Tree",1,322000,322999.999,4097000,4097999.999
"724",741,322906.529,322915.838,4097504.532,4097512.944,"Silva","NEON_D17_TEAK_DP1_322000_4097000_classified_point_cloud_colorized.laz","2018_TEAK_3_322000_4097000_image.tif","Tree",1,322000,322999.999,4097000,4097999.999
"725",742,322948.532,322952.318,4097504.749,4097512.487,"Silva","NEON_D17_TEAK_DP1_322000_4097000_classified_point_cloud_colorized.laz","2018_TEAK_3_322000_4097000_image.tif","Tree",1,322000,322999.999,4097000,4097999.999
"726",743,322848.631,322851.998,4097505.083,4097507.965,"Silva","NEON_D17_TEAK_DP1_322000_4097000_classified_point_cloud_colorized.laz","2018_TEAK_3_322000_4097000_image.tif","Tree",1,322000,322999.999,4097000,4097999.999
"727",744,322899.845,322906.798,4097505.001,4097509.834,"Silva","NEON_D17_TEAK_DP1_322000_4097000_classified_point_cloud_colorized.laz","2018_TEAK_3_322000_4097000_image.tif","Tree",1,322000,322999.999,4097000,4097999.999
"728",745,322931.737,322937.808,4097501.348,4097508.995,"Silva","NEON_D17_TEAK_DP1_322000_4097000_classified_point_cloud_colorized.laz","2018_TEAK_3_322000_4097000_image.tif","Tree",1,322000,322999.999,4097000,4097999.999
"729",746,322997.142,322999.921,4097505.043,4097511.436,"Silva","NEON_D17_TEAK_DP1_322000_4097000_classified_point_cloud_colorized.laz","2018_TEAK_3_322000_4097000_image.tif","Tree",1,322000,322999.999,4097000,4097999.999
"730",747,322860.005,322865.981,4097499.7,4097505.826,"Silva","NEON_D17_TEAK_DP1_322000_4097000_classified_point_cloud_colorized.laz","2018_TEAK_3_322000_4097000_image.tif","Tree",1,322000,322999.999,4097000,4097999.999
"731",748,322981.775,322984.657,4097498.579,4097499.461,"Silva","NEON_D17_TEAK_DP1_322000_4097000_classified_point_cloud_colorized.laz","2018_TEAK_3_322000_4097000_image.tif","Tree",1,322000,322999.999,4097000,4097999.999
"732",749,322936.333,322942.468,4097500.541,4097506.687,"Silva","NEON_D17_TEAK_DP1_322000_4097000_classified_point_cloud_colorized.laz","2018_TEAK_3_322000_4097000_image.tif","Tree",1,322000,322999.999,4097000,4097999.999
"733",750,322906.013,322911.956,4097499.058,4097504.99,"Silva","NEON_D17_TEAK_DP1_322000_4097000_classified_point_cloud_colorized.laz","2018_TEAK_3_322000_4097000_image.tif","Tree",1,322000,322999.999,4097000,4097999.999
"734",751,322900.532,322905.983,4097498.877,4097505.495,"Silva","NEON_D17_TEAK_DP1_322000_4097000_classified_point_cloud_colorized.laz","2018_TEAK_3_322000_4097000_image.tif","Tree",1,322000,322999.999,4097000,4097999.999
"735",752,322868.041,322871.995,4097499.573,4097503.495,"Silva","NEON_D17_TEAK_DP1_322000_4097000_classified_point_cloud_colorized.laz","2018_TEAK_3_322000_4097000_image.tif","Tree",1,322000,322999.999,4097000,4097999.999
"736",753,322881.637,322886.757,4097498.593,4097507.479,"Silva","NEON_D17_TEAK_DP1_322000_4097000_classified_point_cloud_colorized.laz","2018_TEAK_3_322000_4097000_image.tif","Tree",1,322000,322999.999,4097000,4097999.999
"737",754,322857.139,322862.452,4097497.522,4097503.457,"Silva","NEON_D17_TEAK_DP1_322000_4097000_classified_point_cloud_colorized.laz","2018_TEAK_3_322000_4097000_image.tif","Tree",1,322000,322999.999,4097000,4097999.999
"738",755,322986.546,322991.632,4097499.008,4097504.277,"Silva","NEON_D17_TEAK_DP1_322000_4097000_classified_point_cloud_colorized.laz","2018_TEAK_3_322000_4097000_image.tif","Tree",1,322000,322999.999,4097000,4097999.999
"739",756,322891.173,322899.265,4097495.504,4097497.213,"Silva","NEON_D17_TEAK_DP1_322000_4097000_classified_point_cloud_colorized.laz","2018_TEAK_3_322000_4097000_image.tif","Tree",1,322000,322999.999,4097000,4097999.999
"740",757,322937.219,322941.917,4097497.175,4097501.071,"Silva","NEON_D17_TEAK_DP1_322000_4097000_classified_point_cloud_colorized.laz","2018_TEAK_3_322000_4097000_image.tif","Tree",1,322000,322999.999,4097000,4097999.999
"741",758,322850.503,322855.992,4097495.053,4097499.977,"Silva","NEON_D17_TEAK_DP1_322000_4097000_classified_point_cloud_colorized.laz","2018_TEAK_3_322000_4097000_image.tif","Tree",1,322000,322999.999,4097000,4097999.999
"742",759,322922.144,322928.948,4097495.127,4097503.477,"Silva","NEON_D17_TEAK_DP1_322000_4097000_classified_point_cloud_colorized.laz","2018_TEAK_3_322000_4097000_image.tif","Tree",1,322000,322999.999,4097000,4097999.999
"743",760,322906.661,322912.45,4097492.419,4097498.988,"Silva","NEON_D17_TEAK_DP1_322000_4097000_classified_point_cloud_colorized.laz","2018_TEAK_3_322000_4097000_image.tif","Tree",1,322000,322999.999,4097000,4097999.999
"744",761,322869.509,322877.483,4097490.575,4097498.434,"Silva","NEON_D17_TEAK_DP1_322000_4097000_classified_point_cloud_colorized.laz","2018_TEAK_3_322000_4097000_image.tif","Tree",1,322000,322999.999,4097000,4097999.999
"745",762,322975.156,322980.477,4097492.041,4097497.745,"Silva","NEON_D17_TEAK_DP1_322000_4097000_classified_point_cloud_colorized.laz","2018_TEAK_3_322000_4097000_image.tif","Tree",1,322000,322999.999,4097000,4097999.999
"746",763,322996.507,322997.996,4097494.274,4097495.374,"Silva","NEON_D17_TEAK_DP1_322000_4097000_classified_point_cloud_colorized.laz","2018_TEAK_3_322000_4097000_image.tif","Tree",1,322000,322999.999,4097000,4097999.999
"747",764,322927.527,322934.386,4097488.668,4097497.23,"Silva","NEON_D17_TEAK_DP1_322000_4097000_classified_point_cloud_colorized.laz","2018_TEAK_3_322000_4097000_image.tif","Tree",1,322000,322999.999,4097000,4097999.999
"748",765,322901.507,322908.858,4097490.001,4097494.935,"Silva","NEON_D17_TEAK_DP1_322000_4097000_classified_point_cloud_colorized.laz","2018_TEAK_3_322000_4097000_image.tif","Tree",1,322000,322999.999,4097000,4097999.999
"749",766,322858.255,322866.812,4097488.788,4097496.483,"Silva","NEON_D17_TEAK_DP1_322000_4097000_classified_point_cloud_colorized.laz","2018_TEAK_3_322000_4097000_image.tif","Tree",1,322000,322999.999,4097000,4097999.999
"750",767,322957.008,322967.357,4097487.577,4097494.978,"Silva","NEON_D17_TEAK_DP1_322000_4097000_classified_point_cloud_colorized.laz","2018_TEAK_3_322000_4097000_image.tif","Tree",1,322000,322999.999,4097000,4097999.999
"751",768,322878.597,322883.987,4097487.637,4097492.449,"Silva","NEON_D17_TEAK_DP1_322000_4097000_classified_point_cloud_colorized.laz","2018_TEAK_3_322000_4097000_image.tif","Tree",1,322000,322999.999,4097000,4097999.999
"752",769,322883.565,322888.493,4097488.771,4097493.415,"Silva","NEON_D17_TEAK_DP1_322000_4097000_classified_point_cloud_colorized.laz","2018_TEAK_3_322000_4097000_image.tif","Tree",1,322000,322999.999,4097000,4097999.999
"753",770,322998.48,322999.979,4097489.722,4097492.961,"Silva","NEON_D17_TEAK_DP1_322000_4097000_classified_point_cloud_colorized.laz","2018_TEAK_3_322000_4097000_image.tif","Tree",1,322000,322999.999,4097000,4097999.999
"754",771,322854.695,322855.915,4097488.177,4097488.859,"Silva","NEON_D17_TEAK_DP1_322000_4097000_classified_point_cloud_colorized.laz","2018_TEAK_3_322000_4097000_image.tif","Tree",1,322000,322999.999,4097000,4097999.999
"755",772,322875.518,322881.982,4097483.074,4097489.931,"Silva","NEON_D17_TEAK_DP1_322000_4097000_classified_point_cloud_colorized.laz","2018_TEAK_3_322000_4097000_image.tif","Tree",1,322000,322999.999,4097000,4097999.999
"756",773,322886.712,322892.362,4097482.003,4097490.928,"Silva","NEON_D17_TEAK_DP1_322000_4097000_classified_point_cloud_colorized.laz","2018_TEAK_3_322000_4097000_image.tif","Tree",1,322000,322999.999,4097000,4097999.999
"757",774,322891.535,322898.998,4097480.153,4097490.408,"Silva","NEON_D17_TEAK_DP1_322000_4097000_classified_point_cloud_colorized.laz","2018_TEAK_3_322000_4097000_image.tif","Tree",1,322000,322999.999,4097000,4097999.999
"758",775,322881.053,322886.997,4097482.061,4097487.335,"Silva","NEON_D17_TEAK_DP1_322000_4097000_classified_point_cloud_colorized.laz","2018_TEAK_3_322000_4097000_image.tif","Tree",1,322000,322999.999,4097000,4097999.999
"759",776,322993.714,322997.98,4097484.004,4097489.459,"Silva","NEON_D17_TEAK_DP1_322000_4097000_classified_point_cloud_colorized.laz","2018_TEAK_3_322000_4097000_image.tif","Tree",1,322000,322999.999,4097000,4097999.999
"760",777,322930.634,322940.975,4097481.835,4097489.44,"Silva","NEON_D17_TEAK_DP1_322000_4097000_classified_point_cloud_colorized.laz","2018_TEAK_3_322000_4097000_image.tif","Tree",1,322000,322999.999,4097000,4097999.999
"761",778,322866.614,322875.041,4097481.107,4097488.489,"Silva","NEON_D17_TEAK_DP1_322000_4097000_classified_point_cloud_colorized.laz","2018_TEAK_3_322000_4097000_image.tif","Tree",1,322000,322999.999,4097000,4097999.999
"762",779,322939.528,322949.461,4097478.086,4097489.401,"Silva","NEON_D17_TEAK_DP1_322000_4097000_classified_point_cloud_colorized.laz","2018_TEAK_3_322000_4097000_image.tif","Tree",1,322000,322999.999,4097000,4097999.999
"763",780,322913.251,322918.945,4097478.738,4097485.894,"Silva","NEON_D17_TEAK_DP1_322000_4097000_classified_point_cloud_colorized.laz","2018_TEAK_3_322000_4097000_image.tif","Tree",1,322000,322999.999,4097000,4097999.999
"764",781,322854.572,322857.465,4097478.599,4097481.471,"Silva","NEON_D17_TEAK_DP1_322000_4097000_classified_point_cloud_colorized.laz","2018_TEAK_3_322000_4097000_image.tif","Tree",1,322000,322999.999,4097000,4097999.999
"765",782,322994.145,322999.962,4097476.647,4097479.886,"Silva","NEON_D17_TEAK_DP1_322000_4097000_classified_point_cloud_colorized.laz","2018_TEAK_3_322000_4097000_image.tif","Tree",1,322000,322999.999,4097000,4097999.999
"766",783,322870.589,322877.497,4097477.52,4097483.844,"Silva","NEON_D17_TEAK_DP1_322000_4097000_classified_point_cloud_colorized.laz","2018_TEAK_3_322000_4097000_image.tif","Tree",1,322000,322999.999,4097000,4097999.999
"767",784,322877.5,322885.956,4097476.516,4097482.954,"Silva","NEON_D17_TEAK_DP1_322000_4097000_classified_point_cloud_colorized.laz","2018_TEAK_3_322000_4097000_image.tif","Tree",1,322000,322999.999,4097000,4097999.999
"768",785,322986.733,322993.285,4097476.515,4097483.736,"Silva","NEON_D17_TEAK_DP1_322000_4097000_classified_point_cloud_colorized.laz","2018_TEAK_3_322000_4097000_image.tif","Tree",1,322000,322999.999,4097000,4097999.999
"769",787,322970.007,322975.127,4097477.776,4097482.643,"Silva","NEON_D17_TEAK_DP1_322000_4097000_classified_point_cloud_colorized.laz","2018_TEAK_3_322000_4097000_image.tif","Tree",1,322000,322999.999,4097000,4097999.999
"770",788,322925.502,322931.393,4097474.506,4097482.324,"Silva","NEON_D17_TEAK_DP1_322000_4097000_classified_point_cloud_colorized.laz","2018_TEAK_3_322000_4097000_image.tif","Tree",1,322000,322999.999,4097000,4097999.999
"771",789,322954.689,322957.978,4097476.847,4097482.698,"Silva","NEON_D17_TEAK_DP1_322000_4097000_classified_point_cloud_colorized.laz","2018_TEAK_3_322000_4097000_image.tif","Tree",1,322000,322999.999,4097000,4097999.999
"772",790,322861.014,322862.837,4097472.149,4097473.282,"Silva","NEON_D17_TEAK_DP1_322000_4097000_classified_point_cloud_colorized.laz","2018_TEAK_3_322000_4097000_image.tif","Tree",1,322000,322999.999,4097000,4097999.999
"773",791,322918.229,322922.999,4097468.596,4097477.271,"Silva","NEON_D17_TEAK_DP1_322000_4097000_classified_point_cloud_colorized.laz","2018_TEAK_3_322000_4097000_image.tif","Tree",1,322000,322999.999,4097000,4097999.999
"774",792,322897.642,322900.452,4097469.705,4097473.493,"Silva","NEON_D17_TEAK_DP1_322000_4097000_classified_point_cloud_colorized.laz","2018_TEAK_3_322000_4097000_image.tif","Tree",1,322000,322999.999,4097000,4097999.999
"775",793,322907.126,322912.942,4097468.521,4097475.232,"Silva","NEON_D17_TEAK_DP1_322000_4097000_classified_point_cloud_colorized.laz","2018_TEAK_3_322000_4097000_image.tif","Tree",1,322000,322999.999,4097000,4097999.999
"776",794,322865.076,322867.883,4097466.516,4097470.983,"Silva","NEON_D17_TEAK_DP1_322000_4097000_classified_point_cloud_colorized.laz","2018_TEAK_3_322000_4097000_image.tif","Tree",1,322000,322999.999,4097000,4097999.999
"777",795,322991.048,322999.983,4097466.005,4097478.062,"Silva","NEON_D17_TEAK_DP1_322000_4097000_classified_point_cloud_colorized.laz","2018_TEAK_3_322000_4097000_image.tif","Tree",1,322000,322999.999,4097000,4097999.999
"778",796,322952.583,322959.455,4097465.621,4097473.93,"Silva","NEON_D17_TEAK_DP1_322000_4097000_classified_point_cloud_colorized.laz","2018_TEAK_3_322000_4097000_image.tif","Tree",1,322000,322999.999,4097000,4097999.999
"779",797,322888.398,322893.971,4097464.169,4097471.498,"Silva","NEON_D17_TEAK_DP1_322000_4097000_classified_point_cloud_colorized.laz","2018_TEAK_3_322000_4097000_image.tif","Tree",1,322000,322999.999,4097000,4097999.999
"780",798,322873.057,322879.408,4097464.319,4097469.499,"Silva","NEON_D17_TEAK_DP1_322000_4097000_classified_point_cloud_colorized.laz","2018_TEAK_3_322000_4097000_image.tif","Tree",1,322000,322999.999,4097000,4097999.999
"781",799,322861.144,322864.998,4097462.511,4097468.3,"Silva","NEON_D17_TEAK_DP1_322000_4097000_classified_point_cloud_colorized.laz","2018_TEAK_3_322000_4097000_image.tif","Tree",1,322000,322999.999,4097000,4097999.999
"782",800,322985.871,322992.46,4097465.104,4097474.975,"Silva","NEON_D17_TEAK_DP1_322000_4097000_classified_point_cloud_colorized.laz","2018_TEAK_3_322000_4097000_image.tif","Tree",1,322000,322999.999,4097000,4097999.999
"783",801,322854.517,322861.49,4097459.576,4097469.332,"Silva","NEON_D17_TEAK_DP1_322000_4097000_classified_point_cloud_colorized.laz","2018_TEAK_3_322000_4097000_image.tif","Tree",1,322000,322999.999,4097000,4097999.999
"784",802,322932.553,322936.926,4097465.139,4097470.85,"Silva","NEON_D17_TEAK_DP1_322000_4097000_classified_point_cloud_colorized.laz","2018_TEAK_3_322000_4097000_image.tif","Tree",1,322000,322999.999,4097000,4097999.999
"785",803,322894.111,322900.969,4097463.174,4097468.406,"Silva","NEON_D17_TEAK_DP1_322000_4097000_classified_point_cloud_colorized.laz","2018_TEAK_3_322000_4097000_image.tif","Tree",1,322000,322999.999,4097000,4097999.999
"786",804,322907.404,322913.243,4097463.022,4097468.984,"Silva","NEON_D17_TEAK_DP1_322000_4097000_classified_point_cloud_colorized.laz","2018_TEAK_3_322000_4097000_image.tif","Tree",1,322000,322999.999,4097000,4097999.999
"787",805,322970.661,322977.979,4097461.051,4097466.943,"Silva","NEON_D17_TEAK_DP1_322000_4097000_classified_point_cloud_colorized.laz","2018_TEAK_3_322000_4097000_image.tif","Tree",1,322000,322999.999,4097000,4097999.999
"788",806,322978.036,322985.434,4097462.512,4097470.431,"Silva","NEON_D17_TEAK_DP1_322000_4097000_classified_point_cloud_colorized.laz","2018_TEAK_3_322000_4097000_image.tif","Tree",1,322000,322999.999,4097000,4097999.999
"789",807,322913.096,322920.48,4097461.006,4097468.482,"Silva","NEON_D17_TEAK_DP1_322000_4097000_classified_point_cloud_colorized.laz","2018_TEAK_3_322000_4097000_image.tif","Tree",1,322000,322999.999,4097000,4097999.999
"790",808,322883.574,322886.377,4097462.562,4097464.367,"Silva","NEON_D17_TEAK_DP1_322000_4097000_classified_point_cloud_colorized.laz","2018_TEAK_3_322000_4097000_image.tif","Tree",1,322000,322999.999,4097000,4097999.999
"791",809,322886.125,322890.603,4097459.502,4097464.952,"Silva","NEON_D17_TEAK_DP1_322000_4097000_classified_point_cloud_colorized.laz","2018_TEAK_3_322000_4097000_image.tif","Tree",1,322000,322999.999,4097000,4097999.999
"792",810,322944.187,322950.452,4097460.352,4097466.383,"Silva","NEON_D17_TEAK_DP1_322000_4097000_classified_point_cloud_colorized.laz","2018_TEAK_3_322000_4097000_image.tif","Tree",1,322000,322999.999,4097000,4097999.999
"793",811,322894.005,322898.859,4097458.514,4097463.41,"Silva","NEON_D17_TEAK_DP1_322000_4097000_classified_point_cloud_colorized.laz","2018_TEAK_3_322000_4097000_image.tif","Tree",1,322000,322999.999,4097000,4097999.999
"794",812,322964.626,322973.891,4097456.518,4097466.46,"Silva","NEON_D17_TEAK_DP1_322000_4097000_classified_point_cloud_colorized.laz","2018_TEAK_3_322000_4097000_image.tif","Tree",1,322000,322999.999,4097000,4097999.999
"795",813,322906.804,322914.834,4097455.57,4097462.975,"Silva","NEON_D17_TEAK_DP1_322000_4097000_classified_point_cloud_colorized.laz","2018_TEAK_3_322000_4097000_image.tif","Tree",1,322000,322999.999,4097000,4097999.999
"796",814,322995.647,322999.998,4097456.048,4097466.833,"Silva","NEON_D17_TEAK_DP1_322000_4097000_classified_point_cloud_colorized.laz","2018_TEAK_3_322000_4097000_image.tif","Tree",1,322000,322999.999,4097000,4097999.999
"797",815,322886.598,322887.075,4097452.503,4097454.378,"Silva","NEON_D17_TEAK_DP1_322000_4097000_classified_point_cloud_colorized.laz","2018_TEAK_3_322000_4097000_image.tif","Tree",1,322000,322999.999,4097000,4097999.999
"798",816,322908.557,322916.953,4097451.227,4097458.411,"Silva","NEON_D17_TEAK_DP1_322000_4097000_classified_point_cloud_colorized.laz","2018_TEAK_3_322000_4097000_image.tif","Tree",1,322000,322999.999,4097000,4097999.999
"799",817,322941.693,322945.793,4097451.811,4097456.493,"Silva","NEON_D17_TEAK_DP1_322000_4097000_classified_point_cloud_colorized.laz","2018_TEAK_3_322000_4097000_image.tif","Tree",1,322000,322999.999,4097000,4097999.999
"800",818,322856.536,322862.407,4097450.54,4097457.968,"Silva","NEON_D17_TEAK_DP1_322000_4097000_classified_point_cloud_colorized.laz","2018_TEAK_3_322000_4097000_image.tif","Tree",1,322000,322999.999,4097000,4097999.999
"801",819,322924.013,322929.899,4097448.546,4097456.803,"Silva","NEON_D17_TEAK_DP1_322000_4097000_classified_point_cloud_colorized.laz","2018_TEAK_3_322000_4097000_image.tif","Tree",1,322000,322999.999,4097000,4097999.999
"802",820,322917.201,322924.434,4097449.523,4097455.424,"Silva","NEON_D17_TEAK_DP1_322000_4097000_classified_point_cloud_colorized.laz","2018_TEAK_3_322000_4097000_image.tif","Tree",1,322000,322999.999,4097000,4097999.999
"803",821,322931.585,322937.396,4097449.099,4097456.424,"Silva","NEON_D17_TEAK_DP1_322000_4097000_classified_point_cloud_colorized.laz","2018_TEAK_3_322000_4097000_image.tif","Tree",1,322000,322999.999,4097000,4097999.999
"804",822,322856.573,322862.951,4097445.076,4097450.412,"Silva","NEON_D17_TEAK_DP1_322000_4097000_classified_point_cloud_colorized.laz","2018_TEAK_3_322000_4097000_image.tif","Tree",1,322000,322999.999,4097000,4097999.999
"805",823,322996.15,322999.999,4097448.531,4097455.721,"Silva","NEON_D17_TEAK_DP1_322000_4097000_classified_point_cloud_colorized.laz","2018_TEAK_3_322000_4097000_image.tif","Tree",1,322000,322999.999,4097000,4097999.999
"806",824,322986.026,322995.883,4097446.615,4097455.489,"Silva","NEON_D17_TEAK_DP1_322000_4097000_classified_point_cloud_colorized.laz","2018_TEAK_3_322000_4097000_image.tif","Tree",1,322000,322999.999,4097000,4097999.999
"807",825,322918.008,322925.3,4097445.526,4097450.469,"Silva","NEON_D17_TEAK_DP1_322000_4097000_classified_point_cloud_colorized.laz","2018_TEAK_3_322000_4097000_image.tif","Tree",1,322000,322999.999,4097000,4097999.999
"808",826,322932.585,322937.959,4097443.13,4097449.487,"Silva","NEON_D17_TEAK_DP1_322000_4097000_classified_point_cloud_colorized.laz","2018_TEAK_3_322000_4097000_image.tif","Tree",1,322000,322999.999,4097000,4097999.999
"809",827,322912.894,322919.358,4097442.744,4097448.982,"Silva","NEON_D17_TEAK_DP1_322000_4097000_classified_point_cloud_colorized.laz","2018_TEAK_3_322000_4097000_image.tif","Tree",1,322000,322999.999,4097000,4097999.999
"810",828,322903.038,322908.964,4097441.025,4097448.816,"Silva","NEON_D17_TEAK_DP1_322000_4097000_classified_point_cloud_colorized.laz","2018_TEAK_3_322000_4097000_image.tif","Tree",1,322000,322999.999,4097000,4097999.999
"811",829,322943.081,322948.38,4097442.022,4097448.446,"Silva","NEON_D17_TEAK_DP1_322000_4097000_classified_point_cloud_colorized.laz","2018_TEAK_3_322000_4097000_image.tif","Tree",1,322000,322999.999,4097000,4097999.999
"812",830,322994.507,322999.997,4097440.085,4097449.412,"Silva","NEON_D17_TEAK_DP1_322000_4097000_classified_point_cloud_colorized.laz","2018_TEAK_3_322000_4097000_image.tif","Tree",1,322000,322999.999,4097000,4097999.999
"813",831,322869.179,322878.464,4097438.559,4097447.937,"Silva","NEON_D17_TEAK_DP1_322000_4097000_classified_point_cloud_colorized.laz","2018_TEAK_3_322000_4097000_image.tif","Tree",1,322000,322999.999,4097000,4097999.999
"814",832,322951.502,322959.423,4097439.501,4097448.993,"Silva","NEON_D17_TEAK_DP1_322000_4097000_classified_point_cloud_colorized.laz","2018_TEAK_3_322000_4097000_image.tif","Tree",1,322000,322999.999,4097000,4097999.999
"815",833,322990.105,322999.764,4097438.009,4097447.303,"Silva","NEON_D17_TEAK_DP1_322000_4097000_classified_point_cloud_colorized.laz","2018_TEAK_3_322000_4097000_image.tif","Tree",1,322000,322999.999,4097000,4097999.999
"816",834,322909.023,322915.783,4097436.016,4097443.914,"Silva","NEON_D17_TEAK_DP1_322000_4097000_classified_point_cloud_colorized.laz","2018_TEAK_3_322000_4097000_image.tif","Tree",1,322000,322999.999,4097000,4097999.999
"817",835,322966.044,322974.542,4097436.271,4097445.467,"Silva","NEON_D17_TEAK_DP1_322000_4097000_classified_point_cloud_colorized.laz","2018_TEAK_3_322000_4097000_image.tif","Tree",1,322000,322999.999,4097000,4097999.999
"818",836,322957.786,322964.689,4097437.304,4097444.304,"Silva","NEON_D17_TEAK_DP1_322000_4097000_classified_point_cloud_colorized.laz","2018_TEAK_3_322000_4097000_image.tif","Tree",1,322000,322999.999,4097000,4097999.999
"819",837,322924.02,322930.473,4097433.503,4097439.971,"Silva","NEON_D17_TEAK_DP1_322000_4097000_classified_point_cloud_colorized.laz","2018_TEAK_3_322000_4097000_image.tif","Tree",1,322000,322999.999,4097000,4097999.999
"820",838,322871.513,322877.922,4097432.696,4097438.203,"Silva","NEON_D17_TEAK_DP1_322000_4097000_classified_point_cloud_colorized.laz","2018_TEAK_3_322000_4097000_image.tif","Tree",1,322000,322999.999,4097000,4097999.999
"821",839,322860.504,322866.824,4097428.228,4097435.362,"Silva","NEON_D17_TEAK_DP1_322000_4097000_classified_point_cloud_colorized.laz","2018_TEAK_3_322000_4097000_image.tif","Tree",1,322000,322999.999,4097000,4097999.999
"822",840,322960.528,322970.471,4097429.414,4097438.989,"Silva","NEON_D17_TEAK_DP1_322000_4097000_classified_point_cloud_colorized.laz","2018_TEAK_3_322000_4097000_image.tif","Tree",1,322000,322999.999,4097000,4097999.999
"823",841,322866.141,322872.867,4097427.506,4097435.491,"Silva","NEON_D17_TEAK_DP1_322000_4097000_classified_point_cloud_colorized.laz","2018_TEAK_3_322000_4097000_image.tif","Tree",1,322000,322999.999,4097000,4097999.999
"824",842,322872.8,322879.841,4097427.521,4097433.992,"Silva","NEON_D17_TEAK_DP1_322000_4097000_classified_point_cloud_colorized.laz","2018_TEAK_3_322000_4097000_image.tif","Tree",1,322000,322999.999,4097000,4097999.999
"825",843,322983.158,322988.404,4097429.47,4097435.84,"Silva","NEON_D17_TEAK_DP1_322000_4097000_classified_point_cloud_colorized.laz","2018_TEAK_3_322000_4097000_image.tif","Tree",1,322000,322999.999,4097000,4097999.999
"826",845,322994.502,322997.46,4097424.539,4097426.873,"Silva","NEON_D17_TEAK_DP1_322000_4097000_classified_point_cloud_colorized.laz","2018_TEAK_3_322000_4097000_image.tif","Tree",1,322000,322999.999,4097000,4097999.999
"827",846,322897.5,322901.999,4097422.606,4097427.933,"Silva","NEON_D17_TEAK_DP1_322000_4097000_classified_point_cloud_colorized.laz","2018_TEAK_3_322000_4097000_image.tif","Tree",1,322000,322999.999,4097000,4097999.999
"828",847,322903.561,322909.791,4097422.015,4097428.389,"Silva","NEON_D17_TEAK_DP1_322000_4097000_classified_point_cloud_colorized.laz","2018_TEAK_3_322000_4097000_image.tif","Tree",1,322000,322999.999,4097000,4097999.999
"829",848,322908.066,322914.406,4097419.088,4097427,"Silva","NEON_D17_TEAK_DP1_322000_4097000_classified_point_cloud_colorized.laz","2018_TEAK_3_322000_4097000_image.tif","Tree",1,322000,322999.999,4097000,4097999.999
"830",849,322987.621,322992.971,4097420.625,4097426.476,"Silva","NEON_D17_TEAK_DP1_322000_4097000_classified_point_cloud_colorized.laz","2018_TEAK_3_322000_4097000_image.tif","Tree",1,322000,322999.999,4097000,4097999.999
"831",850,322901.646,322906.484,4097419.039,4097424.145,"Silva","NEON_D17_TEAK_DP1_322000_4097000_classified_point_cloud_colorized.laz","2018_TEAK_3_322000_4097000_image.tif","Tree",1,322000,322999.999,4097000,4097999.999
"832",851,322979.621,322988.465,4097415.551,4097425.999,"Silva","NEON_D17_TEAK_DP1_322000_4097000_classified_point_cloud_colorized.laz","2018_TEAK_3_322000_4097000_image.tif","Tree",1,322000,322999.999,4097000,4097999.999
"833",852,322988.2,322992.337,4097414.012,4097420.488,"Silva","NEON_D17_TEAK_DP1_322000_4097000_classified_point_cloud_colorized.laz","2018_TEAK_3_322000_4097000_image.tif","Tree",1,322000,322999.999,4097000,4097999.999
"834",853,322968.578,322976.79,4097413.238,4097422.18,"Silva","NEON_D17_TEAK_DP1_322000_4097000_classified_point_cloud_colorized.laz","2018_TEAK_3_322000_4097000_image.tif","Tree",1,322000,322999.999,4097000,4097999.999
"835",854,322869.134,322878.983,4097413.502,4097420.935,"Silva","NEON_D17_TEAK_DP1_322000_4097000_classified_point_cloud_colorized.laz","2018_TEAK_3_322000_4097000_image.tif","Tree",1,322000,322999.999,4097000,4097999.999
"836",855,322928.691,322936.495,4097412.582,4097420.402,"Silva","NEON_D17_TEAK_DP1_322000_4097000_classified_point_cloud_colorized.laz","2018_TEAK_3_322000_4097000_image.tif","Tree",1,322000,322999.999,4097000,4097999.999
"837",856,322914.555,322924.475,4097411.653,4097420.945,"Silva","NEON_D17_TEAK_DP1_322000_4097000_classified_point_cloud_colorized.laz","2018_TEAK_3_322000_4097000_image.tif","Tree",1,322000,322999.999,4097000,4097999.999
"838",857,322905.154,322910.978,4097413.057,4097417.515,"Silva","NEON_D17_TEAK_DP1_322000_4097000_classified_point_cloud_colorized.laz","2018_TEAK_3_322000_4097000_image.tif","Tree",1,322000,322999.999,4097000,4097999.999
"839",858,322965.03,322967.922,4097413.663,4097416.726,"Silva","NEON_D17_TEAK_DP1_322000_4097000_classified_point_cloud_colorized.laz","2018_TEAK_3_322000_4097000_image.tif","Tree",1,322000,322999.999,4097000,4097999.999
"840",859,322879.036,322885.46,4097409.488,4097414.966,"Silva","NEON_D17_TEAK_DP1_322000_4097000_classified_point_cloud_colorized.laz","2018_TEAK_3_322000_4097000_image.tif","Tree",1,322000,322999.999,4097000,4097999.999
"841",860,322869.003,322878.991,4097407.012,4097414.486,"Silva","NEON_D17_TEAK_DP1_322000_4097000_classified_point_cloud_colorized.laz","2018_TEAK_3_322000_4097000_image.tif","Tree",1,322000,322999.999,4097000,4097999.999
"842",861,322910.546,322916.312,4097407.011,4097415.102,"Silva","NEON_D17_TEAK_DP1_322000_4097000_classified_point_cloud_colorized.laz","2018_TEAK_3_322000_4097000_image.tif","Tree",1,322000,322999.999,4097000,4097999.999
"843",862,322907.69,322913.212,4097405.189,4097411.356,"Silva","NEON_D17_TEAK_DP1_322000_4097000_classified_point_cloud_colorized.laz","2018_TEAK_3_322000_4097000_image.tif","Tree",1,322000,322999.999,4097000,4097999.999
"844",863,322947.01,322951.833,4097405.665,4097413.963,"Silva","NEON_D17_TEAK_DP1_322000_4097000_classified_point_cloud_colorized.laz","2018_TEAK_3_322000_4097000_image.tif","Tree",1,322000,322999.999,4097000,4097999.999
"845",864,322918.571,322923.799,4097404.567,4097409.958,"Silva","NEON_D17_TEAK_DP1_322000_4097000_classified_point_cloud_colorized.laz","2018_TEAK_3_322000_4097000_image.tif","Tree",1,322000,322999.999,4097000,4097999.999
"846",865,322901.682,322910.345,4097404.002,4097408.499,"Silva","NEON_D17_TEAK_DP1_322000_4097000_classified_point_cloud_colorized.laz","2018_TEAK_3_322000_4097000_image.tif","Tree",1,322000,322999.999,4097000,4097999.999
"847",866,322880.157,322885.987,4097401.547,4097408.993,"Silva","NEON_D17_TEAK_DP1_322000_4097000_classified_point_cloud_colorized.laz","2018_TEAK_3_322000_4097000_image.tif","Tree",1,322000,322999.999,4097000,4097999.999
"848",867,322940.504,322945.961,4097403.665,4097407.974,"Silva","NEON_D17_TEAK_DP1_322000_4097000_classified_point_cloud_colorized.laz","2018_TEAK_3_322000_4097000_image.tif","Tree",1,322000,322999.999,4097000,4097999.999
"849",868,322958.648,322965.217,4097401.06,4097405.762,"Silva","NEON_D17_TEAK_DP1_322000_4097000_classified_point_cloud_colorized.laz","2018_TEAK_3_322000_4097000_image.tif","Tree",1,322000,322999.999,4097000,4097999.999
"850",869,322925.014,322931.916,4097397.001,4097405.948,"Silva","NEON_D17_TEAK_DP1_322000_4097000_classified_point_cloud_colorized.laz","2018_TEAK_3_322000_4097000_image.tif","Tree",1,322000,322999.999,4097000,4097999.999
"851",870,322878.12,322883.993,4097396.001,4097401.493,"Silva","NEON_D17_TEAK_DP1_322000_4097000_classified_point_cloud_colorized.laz","2018_TEAK_3_322000_4097000_image.tif","Tree",1,322000,322999.999,4097000,4097999.999
"852",871,322921.601,322926.986,4097395.073,4097399.914,"Silva","NEON_D17_TEAK_DP1_322000_4097000_classified_point_cloud_colorized.laz","2018_TEAK_3_322000_4097000_image.tif","Tree",1,322000,322999.999,4097000,4097999.999
"853",872,322899.339,322906.382,4097391.015,4097399.468,"Silva","NEON_D17_TEAK_DP1_322000_4097000_classified_point_cloud_colorized.laz","2018_TEAK_3_322000_4097000_image.tif","Tree",1,322000,322999.999,4097000,4097999.999
"854",873,322878.613,322884.474,4097392.031,4097396.924,"Silva","NEON_D17_TEAK_DP1_322000_4097000_classified_point_cloud_colorized.laz","2018_TEAK_3_322000_4097000_image.tif","Tree",1,322000,322999.999,4097000,4097999.999
"855",874,322972.08,322975.303,4097389.53,4097394.484,"Silva","NEON_D17_TEAK_DP1_322000_4097000_classified_point_cloud_colorized.laz","2018_TEAK_3_322000_4097000_image.tif","Tree",1,322000,322999.999,4097000,4097999.999
"856",875,322892.023,322899.988,4097392.085,4097396.965,"Silva","NEON_D17_TEAK_DP1_322000_4097000_classified_point_cloud_colorized.laz","2018_TEAK_3_322000_4097000_image.tif","Tree",1,322000,322999.999,4097000,4097999.999
"857",876,322884.99,322892.445,4097386.51,4097394.479,"Silva","NEON_D17_TEAK_DP1_322000_4097000_classified_point_cloud_colorized.laz","2018_TEAK_3_322000_4097000_image.tif","Tree",1,322000,322999.999,4097000,4097999.999
"858",877,322944.04,322949.937,4097385.519,4097392.967,"Silva","NEON_D17_TEAK_DP1_322000_4097000_classified_point_cloud_colorized.laz","2018_TEAK_3_322000_4097000_image.tif","Tree",1,322000,322999.999,4097000,4097999.999
"859",878,322892.174,322901.452,4097386.575,4097391.936,"Silva","NEON_D17_TEAK_DP1_322000_4097000_classified_point_cloud_colorized.laz","2018_TEAK_3_322000_4097000_image.tif","Tree",1,322000,322999.999,4097000,4097999.999
"860",879,322963.226,322975.378,4097383.019,4097393.499,"Silva","NEON_D17_TEAK_DP1_322000_4097000_classified_point_cloud_colorized.laz","2018_TEAK_3_322000_4097000_image.tif","Tree",1,322000,322999.999,4097000,4097999.999
"861",880,322906.503,322911.614,4097383.509,4097389.693,"Silva","NEON_D17_TEAK_DP1_322000_4097000_classified_point_cloud_colorized.laz","2018_TEAK_3_322000_4097000_image.tif","Tree",1,322000,322999.999,4097000,4097999.999
"862",881,322868.584,322874.482,4097383.186,4097388.467,"Silva","NEON_D17_TEAK_DP1_322000_4097000_classified_point_cloud_colorized.laz","2018_TEAK_3_322000_4097000_image.tif","Tree",1,322000,322999.999,4097000,4097999.999
"863",882,322925.071,322932.201,4097383.183,4097389.955,"Silva","NEON_D17_TEAK_DP1_322000_4097000_classified_point_cloud_colorized.laz","2018_TEAK_3_322000_4097000_image.tif","Tree",1,322000,322999.999,4097000,4097999.999
"864",883,322947.021,322953.48,4097380.016,4097385.932,"Silva","NEON_D17_TEAK_DP1_322000_4097000_classified_point_cloud_colorized.laz","2018_TEAK_3_322000_4097000_image.tif","Tree",1,322000,322999.999,4097000,4097999.999
"865",884,322956.511,322965.383,4097378.689,4097385.96,"Silva","NEON_D17_TEAK_DP1_322000_4097000_classified_point_cloud_colorized.laz","2018_TEAK_3_322000_4097000_image.tif","Tree",1,322000,322999.999,4097000,4097999.999
"866",885,322900.07,322907.419,4097374.518,4097382.957,"Silva","NEON_D17_TEAK_DP1_322000_4097000_classified_point_cloud_colorized.laz","2018_TEAK_3_322000_4097000_image.tif","Tree",1,322000,322999.999,4097000,4097999.999
"867",886,322973.517,322976.933,4097373.347,4097377.268,"Silva","NEON_D17_TEAK_DP1_322000_4097000_classified_point_cloud_colorized.laz","2018_TEAK_3_322000_4097000_image.tif","Tree",1,322000,322999.999,4097000,4097999.999
"868",887,322968.652,322969.664,4097368.101,4097369.075,"Silva","NEON_D17_TEAK_DP1_322000_4097000_classified_point_cloud_colorized.laz","2018_TEAK_3_322000_4097000_image.tif","Tree",1,322000,322999.999,4097000,4097999.999
"869",888,322949.018,322957.981,4097364.159,4097374.406,"Silva","NEON_D17_TEAK_DP1_322000_4097000_classified_point_cloud_colorized.laz","2018_TEAK_3_322000_4097000_image.tif","Tree",1,322000,322999.999,4097000,4097999.999
"870",889,322944.988,322949.965,4097364.032,4097372.475,"Silva","NEON_D17_TEAK_DP1_322000_4097000_classified_point_cloud_colorized.laz","2018_TEAK_3_322000_4097000_image.tif","Tree",1,322000,322999.999,4097000,4097999.999
"871",890,322931.799,322937.968,4097364.368,4097370.293,"Silva","NEON_D17_TEAK_DP1_322000_4097000_classified_point_cloud_colorized.laz","2018_TEAK_3_322000_4097000_image.tif","Tree",1,322000,322999.999,4097000,4097999.999
"872",891,322982.28,322986.91,4097362.541,4097366.958,"Silva","NEON_D17_TEAK_DP1_322000_4097000_classified_point_cloud_colorized.laz","2018_TEAK_3_322000_4097000_image.tif","Tree",1,322000,322999.999,4097000,4097999.999
"873",892,322969.631,322970.504,4097363.717,4097364.643,"Silva","NEON_D17_TEAK_DP1_322000_4097000_classified_point_cloud_colorized.laz","2018_TEAK_3_322000_4097000_image.tif","Tree",1,322000,322999.999,4097000,4097999.999
"874",893,322940.912,322944.448,4097361.04,4097365.559,"Silva","NEON_D17_TEAK_DP1_322000_4097000_classified_point_cloud_colorized.laz","2018_TEAK_3_322000_4097000_image.tif","Tree",1,322000,322999.999,4097000,4097999.999
"875",894,322870.121,322872.397,4097363.643,4097365.797,"Silva","NEON_D17_TEAK_DP1_322000_4097000_classified_point_cloud_colorized.laz","2018_TEAK_3_322000_4097000_image.tif","Tree",1,322000,322999.999,4097000,4097999.999
"876",895,322935.556,322938.437,4097361.568,4097364.017,"Silva","NEON_D17_TEAK_DP1_322000_4097000_classified_point_cloud_colorized.laz","2018_TEAK_3_322000_4097000_image.tif","Tree",1,322000,322999.999,4097000,4097999.999
"877",896,322909.028,322909.463,4097361.515,4097362.122,"Silva","NEON_D17_TEAK_DP1_322000_4097000_classified_point_cloud_colorized.laz","2018_TEAK_3_322000_4097000_image.tif","Tree",1,322000,322999.999,4097000,4097999.999
"878",897,322980.037,322983.432,4097359.507,4097362.896,"Silva","NEON_D17_TEAK_DP1_322000_4097000_classified_point_cloud_colorized.laz","2018_TEAK_3_322000_4097000_image.tif","Tree",1,322000,322999.999,4097000,4097999.999
"879",898,322934.387,322937.394,4097356.133,4097359.856,"Silva","NEON_D17_TEAK_DP1_322000_4097000_classified_point_cloud_colorized.laz","2018_TEAK_3_322000_4097000_image.tif","Tree",1,322000,322999.999,4097000,4097999.999
"880",899,322941.093,322947.982,4097354.531,4097360.45,"Silva","NEON_D17_TEAK_DP1_322000_4097000_classified_point_cloud_colorized.laz","2018_TEAK_3_322000_4097000_image.tif","Tree",1,322000,322999.999,4097000,4097999.999
"881",901,322931.092,322933.459,4097353.248,4097356.364,"Silva","NEON_D17_TEAK_DP1_322000_4097000_classified_point_cloud_colorized.laz","2018_TEAK_3_322000_4097000_image.tif","Tree",1,322000,322999.999,4097000,4097999.999
"882",902,322882.048,322883.956,4097350.533,4097352.983,"Silva","NEON_D17_TEAK_DP1_322000_4097000_classified_point_cloud_colorized.laz","2018_TEAK_3_322000_4097000_image.tif","Tree",1,322000,322999.999,4097000,4097999.999
"883",903,322922.791,322926.945,4097348.015,4097352.547,"Silva","NEON_D17_TEAK_DP1_322000_4097000_classified_point_cloud_colorized.laz","2018_TEAK_3_322000_4097000_image.tif","Tree",1,322000,322999.999,4097000,4097999.999
"884",904,322870.112,322874.786,4097347.563,4097352.936,"Silva","NEON_D17_TEAK_DP1_322000_4097000_classified_point_cloud_colorized.laz","2018_TEAK_3_322000_4097000_image.tif","Tree",1,322000,322999.999,4097000,4097999.999
"885",905,322930.551,322936.803,4097345.028,4097351.489,"Silva","NEON_D17_TEAK_DP1_322000_4097000_classified_point_cloud_colorized.laz","2018_TEAK_3_322000_4097000_image.tif","Tree",1,322000,322999.999,4097000,4097999.999
"886",906,322910.017,322915.912,4097343.685,4097351.348,"Silva","NEON_D17_TEAK_DP1_322000_4097000_classified_point_cloud_colorized.laz","2018_TEAK_3_322000_4097000_image.tif","Tree",1,322000,322999.999,4097000,4097999.999
"887",907,322905.527,322909.977,4097343.006,4097351.644,"Silva","NEON_D17_TEAK_DP1_322000_4097000_classified_point_cloud_colorized.laz","2018_TEAK_3_322000_4097000_image.tif","Tree",1,322000,322999.999,4097000,4097999.999
"888",908,322929.297,322934.984,4097339.408,4097344.982,"Silva","NEON_D17_TEAK_DP1_322000_4097000_classified_point_cloud_colorized.laz","2018_TEAK_3_322000_4097000_image.tif","Tree",1,322000,322999.999,4097000,4097999.999
"889",909,322865.071,322870.494,4097339.089,4097345.896,"Silva","NEON_D17_TEAK_DP1_322000_4097000_classified_point_cloud_colorized.laz","2018_TEAK_3_322000_4097000_image.tif","Tree",1,322000,322999.999,4097000,4097999.999
"890",911,322999.064,322999.295,4097335.065,4097335.423,"Silva","NEON_D17_TEAK_DP1_322000_4097000_classified_point_cloud_colorized.laz","2018_TEAK_3_322000_4097000_image.tif","Tree",1,322000,322999.999,4097000,4097999.999
"891",912,322868.53,322874.498,4097330.082,4097338.489,"Silva","NEON_D17_TEAK_DP1_322000_4097000_classified_point_cloud_colorized.laz","2018_TEAK_3_322000_4097000_image.tif","Tree",1,322000,322999.999,4097000,4097999.999
"892",913,322873.672,322877.966,4097330.538,4097334.807,"Silva","NEON_D17_TEAK_DP1_322000_4097000_classified_point_cloud_colorized.laz","2018_TEAK_3_322000_4097000_image.tif","Tree",1,322000,322999.999,4097000,4097999.999
"893",914,322971.525,322975.974,4097327.275,4097331.326,"Silva","NEON_D17_TEAK_DP1_322000_4097000_classified_point_cloud_colorized.laz","2018_TEAK_3_322000_4097000_image.tif","Tree",1,322000,322999.999,4097000,4097999.999
"894",915,322980.534,322983.779,4097324.69,4097327.88,"Silva","NEON_D17_TEAK_DP1_322000_4097000_classified_point_cloud_colorized.laz","2018_TEAK_3_322000_4097000_image.tif","Tree",1,322000,322999.999,4097000,4097999.999
"895",917,322962.643,322963.497,4097316.776,4097317.333,"Silva","NEON_D17_TEAK_DP1_322000_4097000_classified_point_cloud_colorized.laz","2018_TEAK_3_322000_4097000_image.tif","Tree",1,322000,322999.999,4097000,4097999.999
"896",918,322871.113,322871.805,4097315.018,4097315.375,"Silva","NEON_D17_TEAK_DP1_322000_4097000_classified_point_cloud_colorized.laz","2018_TEAK_3_322000_4097000_image.tif","Tree",1,322000,322999.999,4097000,4097999.999
"897",919,322929.764,322930.414,4097311.051,4097311.651,"Silva","NEON_D17_TEAK_DP1_322000_4097000_classified_point_cloud_colorized.laz","2018_TEAK_3_322000_4097000_image.tif","Tree",1,322000,322999.999,4097000,4097999.999
"898",920,322863.822,322864.479,4097309.301,4097309.888,"Silva","NEON_D17_TEAK_DP1_322000_4097000_classified_point_cloud_colorized.laz","2018_TEAK_3_322000_4097000_image.tif","Tree",1,322000,322999.999,4097000,4097999.999
"899",921,322982.632,322982.632,4097303.762,4097303.762,"Silva","NEON_D17_TEAK_DP1_322000_4097000_classified_point_cloud_colorized.laz","2018_TEAK_3_322000_4097000_image.tif","Tree",1,322000,322999.999,4097000,4097999.999
"900",922,322956.138,322963.982,4097295.545,4097306.114,"Silva","NEON_D17_TEAK_DP1_322000_4097000_classified_point_cloud_colorized.laz","2018_TEAK_3_322000_4097000_image.tif","Tree",1,322000,322999.999,4097000,4097999.999
"901",923,322928.154,322928.351,4097290.106,4097290.322,"Silva","NEON_D17_TEAK_DP1_322000_4097000_classified_point_cloud_colorized.laz","2018_TEAK_3_322000_4097000_image.tif","Tree",1,322000,322999.999,4097000,4097999.999
"902",924,322988.237,322993.791,4097285.005,4097290.227,"Silva","NEON_D17_TEAK_DP1_322000_4097000_classified_point_cloud_colorized.laz","2018_TEAK_3_322000_4097000_image.tif","Tree",1,322000,322999.999,4097000,4097999.999
"903",925,322989.883,322994.358,4097281.188,4097285.291,"Silva","NEON_D17_TEAK_DP1_322000_4097000_classified_point_cloud_colorized.laz","2018_TEAK_3_322000_4097000_image.tif","Tree",1,322000,322999.999,4097000,4097999.999
"904",926,322984.607,322986.992,4097282.165,4097284.913,"Silva","NEON_D17_TEAK_DP1_322000_4097000_classified_point_cloud_colorized.laz","2018_TEAK_3_322000_4097000_image.tif","Tree",1,322000,322999.999,4097000,4097999.999
"905",927,322902.888,322907.478,4097279.539,4097285.498,"Silva","NEON_D17_TEAK_DP1_322000_4097000_classified_point_cloud_colorized.laz","2018_TEAK_3_322000_4097000_image.tif","Tree",1,322000,322999.999,4097000,4097999.999
"906",928,322967.159,322969.942,4097280.01,4097282.932,"Silva","NEON_D17_TEAK_DP1_322000_4097000_classified_point_cloud_colorized.laz","2018_TEAK_3_322000_4097000_image.tif","Tree",1,322000,322999.999,4097000,4097999.999
"907",929,322891.126,322893.23,4097274.687,4097276.122,"Silva","NEON_D17_TEAK_DP1_322000_4097000_classified_point_cloud_colorized.laz","2018_TEAK_3_322000_4097000_image.tif","Tree",1,322000,322999.999,4097000,4097999.999
"908",930,322904.596,322904.934,4097274.249,4097274.667,"Silva","NEON_D17_TEAK_DP1_322000_4097000_classified_point_cloud_colorized.laz","2018_TEAK_3_322000_4097000_image.tif","Tree",1,322000,322999.999,4097000,4097999.999
"909",931,322916.01,322917.98,4097271.077,4097272.985,"Silva","NEON_D17_TEAK_DP1_322000_4097000_classified_point_cloud_colorized.laz","2018_TEAK_3_322000_4097000_image.tif","Tree",1,322000,322999.999,4097000,4097999.999
"910",932,322938.644,322940.393,4097267.242,4097268.978,"Silva","NEON_D17_TEAK_DP1_322000_4097000_classified_point_cloud_colorized.laz","2018_TEAK_3_322000_4097000_image.tif","Tree",1,322000,322999.999,4097000,4097999.999
"911",933,322855.242,322858.139,4097263.515,4097268.5,"Silva","NEON_D17_TEAK_DP1_322000_4097000_classified_point_cloud_colorized.laz","2018_TEAK_3_322000_4097000_image.tif","Tree",1,322000,322999.999,4097000,4097999.999
"912",934,322950.149,322953.463,4097265.09,4097268.347,"Silva","NEON_D17_TEAK_DP1_322000_4097000_classified_point_cloud_colorized.laz","2018_TEAK_3_322000_4097000_image.tif","Tree",1,322000,322999.999,4097000,4097999.999
"913",935,322901.451,322901.573,4097260.966,4097261.117,"Silva","NEON_D17_TEAK_DP1_322000_4097000_classified_point_cloud_colorized.laz","2018_TEAK_3_322000_4097000_image.tif","Tree",1,322000,322999.999,4097000,4097999.999
"914",936,322826.539,322827.365,4097259.107,4097259.373,"Silva","NEON_D17_TEAK_DP1_322000_4097000_classified_point_cloud_colorized.laz","2018_TEAK_3_322000_4097000_image.tif","Tree",1,322000,322999.999,4097000,4097999.999
"915",937,322861.686,322864.349,4097254.113,4097257.953,"Silva","NEON_D17_TEAK_DP1_322000_4097000_classified_point_cloud_colorized.laz","2018_TEAK_3_322000_4097000_image.tif","Tree",1,322000,322999.999,4097000,4097999.999
"916",938,322900.611,322901.838,4097255.408,4097256.308,"Silva","NEON_D17_TEAK_DP1_322000_4097000_classified_point_cloud_colorized.laz","2018_TEAK_3_322000_4097000_image.tif","Tree",1,322000,322999.999,4097000,4097999.999
"917",939,322934.64,322938.92,4097248.05,4097252.93,"Silva","NEON_D17_TEAK_DP1_322000_4097000_classified_point_cloud_colorized.laz","2018_TEAK_3_322000_4097000_image.tif","Tree",1,322000,322999.999,4097000,4097999.999
"918",940,322954.74,322954.951,4097248.828,4097248.87,"Silva","NEON_D17_TEAK_DP1_322000_4097000_classified_point_cloud_colorized.laz","2018_TEAK_3_322000_4097000_image.tif","Tree",1,322000,322999.999,4097000,4097999.999
"919",941,322977.504,322978.962,4097248.857,4097249.847,"Silva","NEON_D17_TEAK_DP1_322000_4097000_classified_point_cloud_colorized.laz","2018_TEAK_3_322000_4097000_image.tif","Tree",1,322000,322999.999,4097000,4097999.999
"920",942,322907.076,322910.929,4097243.059,4097247.319,"Silva","NEON_D17_TEAK_DP1_322000_4097000_classified_point_cloud_colorized.laz","2018_TEAK_3_322000_4097000_image.tif","Tree",1,322000,322999.999,4097000,4097999.999
"921",943,322935.151,322939.932,4097242.065,4097247.482,"Silva","NEON_D17_TEAK_DP1_322000_4097000_classified_point_cloud_colorized.laz","2018_TEAK_3_322000_4097000_image.tif","Tree",1,322000,322999.999,4097000,4097999.999
"922",944,322975.574,322975.953,4097242.613,4097242.724,"Silva","NEON_D17_TEAK_DP1_322000_4097000_classified_point_cloud_colorized.laz","2018_TEAK_3_322000_4097000_image.tif","Tree",1,322000,322999.999,4097000,4097999.999
"923",945,322859.077,322859.177,4097239.974,4097240.139,"Silva","NEON_D17_TEAK_DP1_322000_4097000_classified_point_cloud_colorized.laz","2018_TEAK_3_322000_4097000_image.tif","Tree",1,322000,322999.999,4097000,4097999.999
"924",946,322922.012,322926.485,4097237.144,4097241.459,"Silva","NEON_D17_TEAK_DP1_322000_4097000_classified_point_cloud_colorized.laz","2018_TEAK_3_322000_4097000_image.tif","Tree",1,322000,322999.999,4097000,4097999.999
"925",947,322988.124,322994.933,4097236.202,4097243.468,"Silva","NEON_D17_TEAK_DP1_322000_4097000_classified_point_cloud_colorized.laz","2018_TEAK_3_322000_4097000_image.tif","Tree",1,322000,322999.999,4097000,4097999.999
"926",948,322973.05,322973.725,4097235.08,4097236.329,"Silva","NEON_D17_TEAK_DP1_322000_4097000_classified_point_cloud_colorized.laz","2018_TEAK_3_322000_4097000_image.tif","Tree",1,322000,322999.999,4097000,4097999.999
"927",949,322853.284,322855.475,4097232.515,4097234.482,"Silva","NEON_D17_TEAK_DP1_322000_4097000_classified_point_cloud_colorized.laz","2018_TEAK_3_322000_4097000_image.tif","Tree",1,322000,322999.999,4097000,4097999.999
"928",950,322961.094,322966.717,4097230.63,4097237.791,"Silva","NEON_D17_TEAK_DP1_322000_4097000_classified_point_cloud_colorized.laz","2018_TEAK_3_322000_4097000_image.tif","Tree",1,322000,322999.999,4097000,4097999.999
"929",952,322844.517,322845.9,4097223.878,4097224.216,"Silva","NEON_D17_TEAK_DP1_322000_4097000_classified_point_cloud_colorized.laz","2018_TEAK_3_322000_4097000_image.tif","Tree",1,322000,322999.999,4097000,4097999.999
"930",953,322950.873,322951.413,4097225.29,4097225.763,"Silva","NEON_D17_TEAK_DP1_322000_4097000_classified_point_cloud_colorized.laz","2018_TEAK_3_322000_4097000_image.tif","Tree",1,322000,322999.999,4097000,4097999.999
"931",954,322907.523,322908.485,4097223.711,4097223.899,"Silva","NEON_D17_TEAK_DP1_322000_4097000_classified_point_cloud_colorized.laz","2018_TEAK_3_322000_4097000_image.tif","Tree",1,322000,322999.999,4097000,4097999.999
"932",955,322872.031,322873.706,4097221.36,4097223.496,"Silva","NEON_D17_TEAK_DP1_322000_4097000_classified_point_cloud_colorized.laz","2018_TEAK_3_322000_4097000_image.tif","Tree",1,322000,322999.999,4097000,4097999.999
"933",956,322835.283,322835.985,4097221.516,4097221.94,"Silva","NEON_D17_TEAK_DP1_322000_4097000_classified_point_cloud_colorized.laz","2018_TEAK_3_322000_4097000_image.tif","Tree",1,322000,322999.999,4097000,4097999.999
"934",957,322984.671,322989.882,4097220.275,4097226.992,"Silva","NEON_D17_TEAK_DP1_322000_4097000_classified_point_cloud_colorized.laz","2018_TEAK_3_322000_4097000_image.tif","Tree",1,322000,322999.999,4097000,4097999.999
"935",958,322860.014,322860.273,4097219.564,4097220.211,"Silva","NEON_D17_TEAK_DP1_322000_4097000_classified_point_cloud_colorized.laz","2018_TEAK_3_322000_4097000_image.tif","Tree",1,322000,322999.999,4097000,4097999.999
"936",959,322972.01,322977.409,4097218.022,4097224.441,"Silva","NEON_D17_TEAK_DP1_322000_4097000_classified_point_cloud_colorized.laz","2018_TEAK_3_322000_4097000_image.tif","Tree",1,322000,322999.999,4097000,4097999.999
"937",960,322963.334,322967.445,4097217.518,4097221.938,"Silva","NEON_D17_TEAK_DP1_322000_4097000_classified_point_cloud_colorized.laz","2018_TEAK_3_322000_4097000_image.tif","Tree",1,322000,322999.999,4097000,4097999.999
"938",961,322925.008,322926.464,4097217.374,4097218.924,"Silva","NEON_D17_TEAK_DP1_322000_4097000_classified_point_cloud_colorized.laz","2018_TEAK_3_322000_4097000_image.tif","Tree",1,322000,322999.999,4097000,4097999.999
"939",962,322988.599,322994.488,4097215.125,4097222.996,"Silva","NEON_D17_TEAK_DP1_322000_4097000_classified_point_cloud_colorized.laz","2018_TEAK_3_322000_4097000_image.tif","Tree",1,322000,322999.999,4097000,4097999.999
"940",964,322830.959,322833.251,4097210.372,4097213.411,"Silva","NEON_D17_TEAK_DP1_322000_4097000_classified_point_cloud_colorized.laz","2018_TEAK_3_322000_4097000_image.tif","Tree",1,322000,322999.999,4097000,4097999.999
"941",965,322902.611,322902.611,4097212.857,4097212.857,"Silva","NEON_D17_TEAK_DP1_322000_4097000_classified_point_cloud_colorized.laz","2018_TEAK_3_322000_4097000_image.tif","Tree",1,322000,322999.999,4097000,4097999.999
"942",966,322952.561,322952.952,4097213.516,4097213.963,"Silva","NEON_D17_TEAK_DP1_322000_4097000_classified_point_cloud_colorized.laz","2018_TEAK_3_322000_4097000_image.tif","Tree",1,322000,322999.999,4097000,4097999.999
"943",967,322845.547,322846.199,4097210.528,4097211.327,"Silva","NEON_D17_TEAK_DP1_322000_4097000_classified_point_cloud_colorized.laz","2018_TEAK_3_322000_4097000_image.tif","Tree",1,322000,322999.999,4097000,4097999.999
"944",968,322825.011,322829.487,4097206.11,4097210.898,"Silva","NEON_D17_TEAK_DP1_322000_4097000_classified_point_cloud_colorized.laz","2018_TEAK_3_322000_4097000_image.tif","Tree",1,322000,322999.999,4097000,4097999.999
"945",969,322951.607,322952.218,4097207.79,4097208.428,"Silva","NEON_D17_TEAK_DP1_322000_4097000_classified_point_cloud_colorized.laz","2018_TEAK_3_322000_4097000_image.tif","Tree",1,322000,322999.999,4097000,4097999.999
"946",970,322982.834,322982.892,4097206.588,4097206.601,"Silva","NEON_D17_TEAK_DP1_322000_4097000_classified_point_cloud_colorized.laz","2018_TEAK_3_322000_4097000_image.tif","Tree",1,322000,322999.999,4097000,4097999.999
"947",971,322966.063,322966.745,4097205.522,4097205.883,"Silva","NEON_D17_TEAK_DP1_322000_4097000_classified_point_cloud_colorized.laz","2018_TEAK_3_322000_4097000_image.tif","Tree",1,322000,322999.999,4097000,4097999.999
"948",972,322986.32,322987.692,4097205.104,4097206.47,"Silva","NEON_D17_TEAK_DP1_322000_4097000_classified_point_cloud_colorized.laz","2018_TEAK_3_322000_4097000_image.tif","Tree",1,322000,322999.999,4097000,4097999.999
"949",973,322809.245,322810.398,4097201.186,4097201.961,"Silva","NEON_D17_TEAK_DP1_322000_4097000_classified_point_cloud_colorized.laz","2018_TEAK_3_322000_4097000_image.tif","Tree",1,322000,322999.999,4097000,4097999.999
"950",974,322928.759,322932.488,4097201.555,4097205.439,"Silva","NEON_D17_TEAK_DP1_322000_4097000_classified_point_cloud_colorized.laz","2018_TEAK_3_322000_4097000_image.tif","Tree",1,322000,322999.999,4097000,4097999.999
"951",975,322843.209,322846.467,4097199.638,4097202.897,"Silva","NEON_D17_TEAK_DP1_322000_4097000_classified_point_cloud_colorized.laz","2018_TEAK_3_322000_4097000_image.tif","Tree",1,322000,322999.999,4097000,4097999.999
"952",978,322986.143,322987.924,4097202.123,4097203.261,"Silva","NEON_D17_TEAK_DP1_322000_4097000_classified_point_cloud_colorized.laz","2018_TEAK_3_322000_4097000_image.tif","Tree",1,322000,322999.999,4097000,4097999.999
"953",979,322866.677,322871.895,4097196.227,4097202.251,"Silva","NEON_D17_TEAK_DP1_322000_4097000_classified_point_cloud_colorized.laz","2018_TEAK_3_322000_4097000_image.tif","Tree",1,322000,322999.999,4097000,4097999.999
"954",980,322939.741,322939.741,4097199.424,4097199.424,"Silva","NEON_D17_TEAK_DP1_322000_4097000_classified_point_cloud_colorized.laz","2018_TEAK_3_322000_4097000_image.tif","Tree",1,322000,322999.999,4097000,4097999.999
"955",981,322839.068,322843.905,4097194.572,4097197.475,"Silva","NEON_D17_TEAK_DP1_322000_4097000_classified_point_cloud_colorized.laz","2018_TEAK_3_322000_4097000_image.tif","Tree",1,322000,322999.999,4097000,4097999.999
"956",983,322921.801,322930.885,4097192.508,4097199.991,"Silva","NEON_D17_TEAK_DP1_322000_4097000_classified_point_cloud_colorized.laz","2018_TEAK_3_322000_4097000_image.tif","Tree",1,322000,322999.999,4097000,4097999.999
"957",984,322920.112,322923.458,4097190.198,4097198.999,"Silva","NEON_D17_TEAK_DP1_322000_4097000_classified_point_cloud_colorized.laz","2018_TEAK_3_322000_4097000_image.tif","Tree",1,322000,322999.999,4097000,4097999.999
"958",986,322820.957,322829.398,4097186.01,4097189.702,"Silva","NEON_D17_TEAK_DP1_322000_4097000_classified_point_cloud_colorized.laz","2018_TEAK_3_322000_4097000_image.tif","Tree",1,322000,322999.999,4097000,4097999.999
"959",987,322921.577,322930.318,4097184.512,4097192.997,"Silva","NEON_D17_TEAK_DP1_322000_4097000_classified_point_cloud_colorized.laz","2018_TEAK_3_322000_4097000_image.tif","Tree",1,322000,322999.999,4097000,4097999.999
"960",988,322868.472,322872.841,4097185.647,4097189.776,"Silva","NEON_D17_TEAK_DP1_322000_4097000_classified_point_cloud_colorized.laz","2018_TEAK_3_322000_4097000_image.tif","Tree",1,322000,322999.999,4097000,4097999.999
"961",990,322828.548,322837.909,4097182.182,4097189.361,"Silva","NEON_D17_TEAK_DP1_322000_4097000_classified_point_cloud_colorized.laz","2018_TEAK_3_322000_4097000_image.tif","Tree",1,322000,322999.999,4097000,4097999.999
"962",991,322971.513,322980.974,4097183.157,4097192.946,"Silva","NEON_D17_TEAK_DP1_322000_4097000_classified_point_cloud_colorized.laz","2018_TEAK_3_322000_4097000_image.tif","Tree",1,322000,322999.999,4097000,4097999.999
"963",992,322821.358,322828.997,4097181.539,4097186.497,"Silva","NEON_D17_TEAK_DP1_322000_4097000_classified_point_cloud_colorized.laz","2018_TEAK_3_322000_4097000_image.tif","Tree",1,322000,322999.999,4097000,4097999.999
"964",993,322959.703,322961.836,4097182.062,4097183.388,"Silva","NEON_D17_TEAK_DP1_322000_4097000_classified_point_cloud_colorized.laz","2018_TEAK_3_322000_4097000_image.tif","Tree",1,322000,322999.999,4097000,4097999.999
"965",995,322924.542,322934.991,4097176.504,4097187.437,"Silva","NEON_D17_TEAK_DP1_322000_4097000_classified_point_cloud_colorized.laz","2018_TEAK_3_322000_4097000_image.tif","Tree",1,322000,322999.999,4097000,4097999.999
"966",996,322944.632,322951.891,4097178.057,4097185.88,"Silva","NEON_D17_TEAK_DP1_322000_4097000_classified_point_cloud_colorized.laz","2018_TEAK_3_322000_4097000_image.tif","Tree",1,322000,322999.999,4097000,4097999.999
"967",997,322828.557,322837.738,4097170.034,4097177.497,"Silva","NEON_D17_TEAK_DP1_322000_4097000_classified_point_cloud_colorized.laz","2018_TEAK_3_322000_4097000_image.tif","Tree",1,322000,322999.999,4097000,4097999.999
"968",998,322977.526,322986.429,4097170.818,4097182.276,"Silva","NEON_D17_TEAK_DP1_322000_4097000_classified_point_cloud_colorized.laz","2018_TEAK_3_322000_4097000_image.tif","Tree",1,322000,322999.999,4097000,4097999.999
"969",999,322903.221,322909.326,4097168.001,4097175.851,"Silva","NEON_D17_TEAK_DP1_322000_4097000_classified_point_cloud_colorized.laz","2018_TEAK_3_322000_4097000_image.tif","Tree",1,322000,322999.999,4097000,4097999.999
"970",1000,322968.532,322976.3,4097170.16,4097175.888,"Silva","NEON_D17_TEAK_DP1_322000_4097000_classified_point_cloud_colorized.laz","2018_TEAK_3_322000_4097000_image.tif","Tree",1,322000,322999.999,4097000,4097999.999
"971",1001,322828.594,322835.98,4097162.066,4097171.424,"Silva","NEON_D17_TEAK_DP1_322000_4097000_classified_point_cloud_colorized.laz","2018_TEAK_3_322000_4097000_image.tif","Tree",1,322000,322999.999,4097000,4097999.999
"972",1002,322968.688,322975.449,4097164.038,4097170.481,"Silva","NEON_D17_TEAK_DP1_322000_4097000_classified_point_cloud_colorized.laz","2018_TEAK_3_322000_4097000_image.tif","Tree",1,322000,322999.999,4097000,4097999.999
"973",1003,322952.022,322960.953,4097163.054,4097172.457,"Silva","NEON_D17_TEAK_DP1_322000_4097000_classified_point_cloud_colorized.laz","2018_TEAK_3_322000_4097000_image.tif","Tree",1,322000,322999.999,4097000,4097999.999
"974",1004,322961.055,322968.997,4097160.757,4097168.435,"Silva","NEON_D17_TEAK_DP1_322000_4097000_classified_point_cloud_colorized.laz","2018_TEAK_3_322000_4097000_image.tif","Tree",1,322000,322999.999,4097000,4097999.999
"975",1006,322816.098,322822.892,4097154.02,4097160.998,"Silva","NEON_D17_TEAK_DP1_322000_4097000_classified_point_cloud_colorized.laz","2018_TEAK_3_322000_4097000_image.tif","Tree",1,322000,322999.999,4097000,4097999.999
"976",1007,322809.153,322815.969,4097151.544,4097157.992,"Silva","NEON_D17_TEAK_DP1_322000_4097000_classified_point_cloud_colorized.laz","2018_TEAK_3_322000_4097000_image.tif","Tree",1,322000,322999.999,4097000,4097999.999
"977",1008,322875.561,322883.439,4097152.539,4097162.959,"Silva","NEON_D17_TEAK_DP1_322000_4097000_classified_point_cloud_colorized.laz","2018_TEAK_3_322000_4097000_image.tif","Tree",1,322000,322999.999,4097000,4097999.999
"978",1009,322925.524,322930.988,4097152.826,4097158.97,"Silva","NEON_D17_TEAK_DP1_322000_4097000_classified_point_cloud_colorized.laz","2018_TEAK_3_322000_4097000_image.tif","Tree",1,322000,322999.999,4097000,4097999.999
"979",1010,322833.667,322835.949,4097146.208,4097149.459,"Silva","NEON_D17_TEAK_DP1_322000_4097000_classified_point_cloud_colorized.laz","2018_TEAK_3_322000_4097000_image.tif","Tree",1,322000,322999.999,4097000,4097999.999
"980",1011,322982.788,322989.375,4097149.085,4097157.669,"Silva","NEON_D17_TEAK_DP1_322000_4097000_classified_point_cloud_colorized.laz","2018_TEAK_3_322000_4097000_image.tif","Tree",1,322000,322999.999,4097000,4097999.999
"981",1012,322819.043,322824.94,4097145.512,4097151.989,"Silva","NEON_D17_TEAK_DP1_322000_4097000_classified_point_cloud_colorized.laz","2018_TEAK_3_322000_4097000_image.tif","Tree",1,322000,322999.999,4097000,4097999.999
"982",1013,322921.719,322928.442,4097145.612,4097151.499,"Silva","NEON_D17_TEAK_DP1_322000_4097000_classified_point_cloud_colorized.laz","2018_TEAK_3_322000_4097000_image.tif","Tree",1,322000,322999.999,4097000,4097999.999
"983",1014,322841.502,322846.46,4097143.064,4097148.926,"Silva","NEON_D17_TEAK_DP1_322000_4097000_classified_point_cloud_colorized.laz","2018_TEAK_3_322000_4097000_image.tif","Tree",1,322000,322999.999,4097000,4097999.999
"984",1015,322822.508,322828.447,4097138.509,4097145.494,"Silva","NEON_D17_TEAK_DP1_322000_4097000_classified_point_cloud_colorized.laz","2018_TEAK_3_322000_4097000_image.tif","Tree",1,322000,322999.999,4097000,4097999.999
"985",1016,322891.536,322902.922,4097137.163,4097147.891,"Silva","NEON_D17_TEAK_DP1_322000_4097000_classified_point_cloud_colorized.laz","2018_TEAK_3_322000_4097000_image.tif","Tree",1,322000,322999.999,4097000,4097999.999
"986",1017,322863.112,322868.918,4097139.017,4097145.45,"Silva","NEON_D17_TEAK_DP1_322000_4097000_classified_point_cloud_colorized.laz","2018_TEAK_3_322000_4097000_image.tif","Tree",1,322000,322999.999,4097000,4097999.999
"987",1018,322836.564,322840.956,4097137.6,4097143.625,"Silva","NEON_D17_TEAK_DP1_322000_4097000_classified_point_cloud_colorized.laz","2018_TEAK_3_322000_4097000_image.tif","Tree",1,322000,322999.999,4097000,4097999.999
"988",1019,322812.031,322818.488,4097135.175,4097140.982,"Silva","NEON_D17_TEAK_DP1_322000_4097000_classified_point_cloud_colorized.laz","2018_TEAK_3_322000_4097000_image.tif","Tree",1,322000,322999.999,4097000,4097999.999
"989",1020,322963.602,322966.483,4097137.613,4097140.698,"Silva","NEON_D17_TEAK_DP1_322000_4097000_classified_point_cloud_colorized.laz","2018_TEAK_3_322000_4097000_image.tif","Tree",1,322000,322999.999,4097000,4097999.999
"990",1021,322815.556,322821.494,4097131.372,4097138.442,"Silva","NEON_D17_TEAK_DP1_322000_4097000_classified_point_cloud_colorized.laz","2018_TEAK_3_322000_4097000_image.tif","Tree",1,322000,322999.999,4097000,4097999.999
"991",1022,322810.019,322817.975,4097128.502,4097135.882,"Silva","NEON_D17_TEAK_DP1_322000_4097000_classified_point_cloud_colorized.laz","2018_TEAK_3_322000_4097000_image.tif","Tree",1,322000,322999.999,4097000,4097999.999
"992",1023,322951.578,322960.367,4097126.074,4097135.373,"Silva","NEON_D17_TEAK_DP1_322000_4097000_classified_point_cloud_colorized.laz","2018_TEAK_3_322000_4097000_image.tif","Tree",1,322000,322999.999,4097000,4097999.999
"993",1024,322858.066,322863.358,4097126.745,4097133.994,"Silva","NEON_D17_TEAK_DP1_322000_4097000_classified_point_cloud_colorized.laz","2018_TEAK_3_322000_4097000_image.tif","Tree",1,322000,322999.999,4097000,4097999.999
"994",1025,322806.116,322811.433,4097125.151,4097130.909,"Silva","NEON_D17_TEAK_DP1_322000_4097000_classified_point_cloud_colorized.laz","2018_TEAK_3_322000_4097000_image.tif","Tree",1,322000,322999.999,4097000,4097999.999
"995",1026,322826.332,322835.461,4097122.126,4097131.377,"Silva","NEON_D17_TEAK_DP1_322000_4097000_classified_point_cloud_colorized.laz","2018_TEAK_3_322000_4097000_image.tif","Tree",1,322000,322999.999,4097000,4097999.999
"996",1027,322801.049,322806.926,4097119.67,4097125.439,"Silva","NEON_D17_TEAK_DP1_322000_4097000_classified_point_cloud_colorized.laz","2018_TEAK_3_322000_4097000_image.tif","Tree",1,322000,322999.999,4097000,4097999.999
"997",1028,322894.053,322901.44,4097121.565,4097129.298,"Silva","NEON_D17_TEAK_DP1_322000_4097000_classified_point_cloud_colorized.laz","2018_TEAK_3_322000_4097000_image.tif","Tree",1,322000,322999.999,4097000,4097999.999
"998",1029,322923.063,322927.331,4097121.167,4097126.976,"Silva","NEON_D17_TEAK_DP1_322000_4097000_classified_point_cloud_colorized.laz","2018_TEAK_3_322000_4097000_image.tif","Tree",1,322000,322999.999,4097000,4097999.999
"999",1030,322994.599,322999.424,4097121.778,4097123.722,"Silva","NEON_D17_TEAK_DP1_322000_4097000_classified_point_cloud_colorized.laz","2018_TEAK_3_322000_4097000_image.tif","Tree",1,322000,322999.999,4097000,4097999.999
"1000",1031,322951.56,322961.384,4097116.512,4097126.371,"Silva","NEON_D17_TEAK_DP1_322000_4097000_classified_point_cloud_colorized.laz","2018_TEAK_3_322000_4097000_image.tif","Tree",1,322000,322999.999,4097000,4097999.999
"1001",1032,322798.503,322801.356,4097115.043,4097119.884,"Silva","NEON_D17_TEAK_DP1_322000_4097000_classified_point_cloud_colorized.laz","2018_TEAK_3_322000_4097000_image.tif","Tree",1,322000,322999.999,4097000,4097999.999
"1002",1033,322830.524,322837.906,4097112.018,4097121.802,"Silva","NEON_D17_TEAK_DP1_322000_4097000_classified_point_cloud_colorized.laz","2018_TEAK_3_322000_4097000_image.tif","Tree",1,322000,322999.999,4097000,4097999.999
"1003",1034,322901.521,322902.474,4097117.612,4097120.946,"Silva","NEON_D17_TEAK_DP1_322000_4097000_classified_point_cloud_colorized.laz","2018_TEAK_3_322000_4097000_image.tif","Tree",1,322000,322999.999,4097000,4097999.999
"1004",1035,322939.512,322947.298,4097114.506,4097123.549,"Silva","NEON_D17_TEAK_DP1_322000_4097000_classified_point_cloud_colorized.laz","2018_TEAK_3_322000_4097000_image.tif","Tree",1,322000,322999.999,4097000,4097999.999
"1005",1036,322812.02,322815.897,4097112.39,4097118.487,"Silva","NEON_D17_TEAK_DP1_322000_4097000_classified_point_cloud_colorized.laz","2018_TEAK_3_322000_4097000_image.tif","Tree",1,322000,322999.999,4097000,4097999.999
"1006",1037,322995.029,322995.834,4097114.644,4097117.43,"Silva","NEON_D17_TEAK_DP1_322000_4097000_classified_point_cloud_colorized.laz","2018_TEAK_3_322000_4097000_image.tif","Tree",1,322000,322999.999,4097000,4097999.999
"1007",1038,322894.546,322901.443,4097113.132,4097119.838,"Silva","NEON_D17_TEAK_DP1_322000_4097000_classified_point_cloud_colorized.laz","2018_TEAK_3_322000_4097000_image.tif","Tree",1,322000,322999.999,4097000,4097999.999
"1008",1039,322859.053,322869.473,4097110.001,4097117.476,"Silva","NEON_D17_TEAK_DP1_322000_4097000_classified_point_cloud_colorized.laz","2018_TEAK_3_322000_4097000_image.tif","Tree",1,322000,322999.999,4097000,4097999.999
"1009",1040,322986.532,322994.958,4097110.072,4097118.8,"Silva","NEON_D17_TEAK_DP1_322000_4097000_classified_point_cloud_colorized.laz","2018_TEAK_3_322000_4097000_image.tif","Tree",1,322000,322999.999,4097000,4097999.999
"1010",1041,322937.632,322944.358,4097109.486,4097116.102,"Silva","NEON_D17_TEAK_DP1_322000_4097000_classified_point_cloud_colorized.laz","2018_TEAK_3_322000_4097000_image.tif","Tree",1,322000,322999.999,4097000,4097999.999
"1011",1043,322952.099,322960.922,4097107.06,4097117.497,"Silva","NEON_D17_TEAK_DP1_322000_4097000_classified_point_cloud_colorized.laz","2018_TEAK_3_322000_4097000_image.tif","Tree",1,322000,322999.999,4097000,4097999.999
"1012",1045,322913.053,322918.959,4097106.059,4097112.998,"Silva","NEON_D17_TEAK_DP1_322000_4097000_classified_point_cloud_colorized.laz","2018_TEAK_3_322000_4097000_image.tif","Tree",1,322000,322999.999,4097000,4097999.999
"1013",1046,322833.002,322840.385,4097105.698,4097112.94,"Silva","NEON_D17_TEAK_DP1_322000_4097000_classified_point_cloud_colorized.laz","2018_TEAK_3_322000_4097000_image.tif","Tree",1,322000,322999.999,4097000,4097999.999
"1014",1047,322930.034,322939.433,4097104.513,4097112.983,"Silva","NEON_D17_TEAK_DP1_322000_4097000_classified_point_cloud_colorized.laz","2018_TEAK_3_322000_4097000_image.tif","Tree",1,322000,322999.999,4097000,4097999.999
"1015",1048,322945.016,322953.948,4097103.65,4097111.807,"Silva","NEON_D17_TEAK_DP1_322000_4097000_classified_point_cloud_colorized.laz","2018_TEAK_3_322000_4097000_image.tif","Tree",1,322000,322999.999,4097000,4097999.999
"1016",1049,322883.511,322887.237,4097104.183,4097110.489,"Silva","NEON_D17_TEAK_DP1_322000_4097000_classified_point_cloud_colorized.laz","2018_TEAK_3_322000_4097000_image.tif","Tree",1,322000,322999.999,4097000,4097999.999
"1017",1050,322838.546,322844.93,4097101.517,4097108.48,"Silva","NEON_D17_TEAK_DP1_322000_4097000_classified_point_cloud_colorized.laz","2018_TEAK_3_322000_4097000_image.tif","Tree",1,322000,322999.999,4097000,4097999.999
"1018",1051,322887.554,322893.489,4097101.594,4097109.853,"Silva","NEON_D17_TEAK_DP1_322000_4097000_classified_point_cloud_colorized.laz","2018_TEAK_3_322000_4097000_image.tif","Tree",1,322000,322999.999,4097000,4097999.999
"1019",1052,322949.908,322958.423,4097102.271,4097108.283,"Silva","NEON_D17_TEAK_DP1_322000_4097000_classified_point_cloud_colorized.laz","2018_TEAK_3_322000_4097000_image.tif","Tree",1,322000,322999.999,4097000,4097999.999
"1020",1053,322929.26,322934.462,4097100.004,4097104.524,"Silva","NEON_D17_TEAK_DP1_322000_4097000_classified_point_cloud_colorized.laz","2018_TEAK_3_322000_4097000_image.tif","Tree",1,322000,322999.999,4097000,4097999.999
"1021",1054,322911.617,322912.474,4097099.357,4097099.997,"Silva","NEON_D17_TEAK_DP1_322000_4097000_classified_point_cloud_colorized.laz","2018_TEAK_3_322000_4097000_image.tif","Tree",1,322000,322999.999,4097000,4097999.999
"1022",1055,322990.653,322996.93,4097095.562,4097102.464,"Silva","NEON_D17_TEAK_DP1_322000_4097000_classified_point_cloud_colorized.laz","2018_TEAK_3_322000_4097000_image.tif","Tree",1,322000,322999.999,4097000,4097999.999
"1023",1056,322926.508,322929.989,4097093.514,4097097.915,"Silva","NEON_D17_TEAK_DP1_322000_4097000_classified_point_cloud_colorized.laz","2018_TEAK_3_322000_4097000_image.tif","Tree",1,322000,322999.999,4097000,4097999.999
"1024",1057,322796.027,322796.204,4097092.004,4097092.237,"Silva","NEON_D17_TEAK_DP1_322000_4097000_classified_point_cloud_colorized.laz","2018_TEAK_3_322000_4097000_image.tif","Tree",1,322000,322999.999,4097000,4097999.999
"1025",1058,322944.02,322948.961,4097090.044,4097095.492,"Silva","NEON_D17_TEAK_DP1_322000_4097000_classified_point_cloud_colorized.laz","2018_TEAK_3_322000_4097000_image.tif","Tree",1,322000,322999.999,4097000,4097999.999
"1026",1059,322839.107,322840.396,4097091.909,4097092.986,"Silva","NEON_D17_TEAK_DP1_322000_4097000_classified_point_cloud_colorized.laz","2018_TEAK_3_322000_4097000_image.tif","Tree",1,322000,322999.999,4097000,4097999.999
"1027",1060,322809.052,322817.984,4097087.565,4097098.843,"Silva","NEON_D17_TEAK_DP1_322000_4097000_classified_point_cloud_colorized.laz","2018_TEAK_3_322000_4097000_image.tif","Tree",1,322000,322999.999,4097000,4097999.999
"1028",1061,322992.822,322999.984,4097088.184,4097094.5,"Silva","NEON_D17_TEAK_DP1_322000_4097000_classified_point_cloud_colorized.laz","2018_TEAK_3_322000_4097000_image.tif","Tree",1,322000,322999.999,4097000,4097999.999
"1029",1062,322888.023,322894.892,4097083.592,4097093.439,"Silva","NEON_D17_TEAK_DP1_322000_4097000_classified_point_cloud_colorized.laz","2018_TEAK_3_322000_4097000_image.tif","Tree",1,322000,322999.999,4097000,4097999.999
"1030",1064,322872.549,322878.448,4097085.509,4097093.997,"Silva","NEON_D17_TEAK_DP1_322000_4097000_classified_point_cloud_colorized.laz","2018_TEAK_3_322000_4097000_image.tif","Tree",1,322000,322999.999,4097000,4097999.999
"1031",1065,322989.154,322997.462,4097081.701,4097088.995,"Silva","NEON_D17_TEAK_DP1_322000_4097000_classified_point_cloud_colorized.laz","2018_TEAK_3_322000_4097000_image.tif","Tree",1,322000,322999.999,4097000,4097999.999
"1032",1066,322928.15,322935.496,4097079.51,4097089.772,"Silva","NEON_D17_TEAK_DP1_322000_4097000_classified_point_cloud_colorized.laz","2018_TEAK_3_322000_4097000_image.tif","Tree",1,322000,322999.999,4097000,4097999.999
"1033",1067,322825.243,322828.355,4097079.538,4097086.321,"Silva","NEON_D17_TEAK_DP1_322000_4097000_classified_point_cloud_colorized.laz","2018_TEAK_3_322000_4097000_image.tif","Tree",1,322000,322999.999,4097000,4097999.999
"1034",1068,322880.072,322892.437,4097076.84,4097083.908,"Silva","NEON_D17_TEAK_DP1_322000_4097000_classified_point_cloud_colorized.laz","2018_TEAK_3_322000_4097000_image.tif","Tree",1,322000,322999.999,4097000,4097999.999
"1035",1069,322983.589,322989.491,4097076.001,4097086.392,"Silva","NEON_D17_TEAK_DP1_322000_4097000_classified_point_cloud_colorized.laz","2018_TEAK_3_322000_4097000_image.tif","Tree",1,322000,322999.999,4097000,4097999.999
"1036",1070,322876.567,322876.996,4097078.274,4097078.492,"Silva","NEON_D17_TEAK_DP1_322000_4097000_classified_point_cloud_colorized.laz","2018_TEAK_3_322000_4097000_image.tif","Tree",1,322000,322999.999,4097000,4097999.999
"1037",1071,322806.528,322811.84,4097078.518,4097083.389,"Silva","NEON_D17_TEAK_DP1_322000_4097000_classified_point_cloud_colorized.laz","2018_TEAK_3_322000_4097000_image.tif","Tree",1,322000,322999.999,4097000,4097999.999
"1038",1072,322985.617,322995.686,4097075.021,4097082.568,"Silva","NEON_D17_TEAK_DP1_322000_4097000_classified_point_cloud_colorized.laz","2018_TEAK_3_322000_4097000_image.tif","Tree",1,322000,322999.999,4097000,4097999.999
"1039",1073,322974.119,322985.397,4097070.517,4097081.182,"Silva","NEON_D17_TEAK_DP1_322000_4097000_classified_point_cloud_colorized.laz","2018_TEAK_3_322000_4097000_image.tif","Tree",1,322000,322999.999,4097000,4097999.999
"1040",1074,322845.189,322852.435,4097073.616,4097081.299,"Silva","NEON_D17_TEAK_DP1_322000_4097000_classified_point_cloud_colorized.laz","2018_TEAK_3_322000_4097000_image.tif","Tree",1,322000,322999.999,4097000,4097999.999
"1041",1075,322812.525,322819.413,4097073.004,4097079.946,"Silva","NEON_D17_TEAK_DP1_322000_4097000_classified_point_cloud_colorized.laz","2018_TEAK_3_322000_4097000_image.tif","Tree",1,322000,322999.999,4097000,4097999.999
"1042",1076,322969.694,322978.298,4097070.005,4097080.918,"Silva","NEON_D17_TEAK_DP1_322000_4097000_classified_point_cloud_colorized.laz","2018_TEAK_3_322000_4097000_image.tif","Tree",1,322000,322999.999,4097000,4097999.999
"1043",1077,322826.476,322834.833,4097071.021,4097081.384,"Silva","NEON_D17_TEAK_DP1_322000_4097000_classified_point_cloud_colorized.laz","2018_TEAK_3_322000_4097000_image.tif","Tree",1,322000,322999.999,4097000,4097999.999
"1044",1078,322852.621,322857.971,4097068.021,4097072.983,"Silva","NEON_D17_TEAK_DP1_322000_4097000_classified_point_cloud_colorized.laz","2018_TEAK_3_322000_4097000_image.tif","Tree",1,322000,322999.999,4097000,4097999.999
"1045",1079,322807.062,322810.775,4097064.07,4097070.479,"Silva","NEON_D17_TEAK_DP1_322000_4097000_classified_point_cloud_colorized.laz","2018_TEAK_3_322000_4097000_image.tif","Tree",1,322000,322999.999,4097000,4097999.999
"1046",1080,322821.528,322828.48,4097065.049,4097073.946,"Silva","NEON_D17_TEAK_DP1_322000_4097000_classified_point_cloud_colorized.laz","2018_TEAK_3_322000_4097000_image.tif","Tree",1,322000,322999.999,4097000,4097999.999
"1047",1081,322995.11,322999.955,4097062.504,4097073.195,"Silva","NEON_D17_TEAK_DP1_322000_4097000_classified_point_cloud_colorized.laz","2018_TEAK_3_322000_4097000_image.tif","Tree",1,322000,322999.999,4097000,4097999.999
"1048",1082,322968.009,322976.986,4097061.702,4097070.279,"Silva","NEON_D17_TEAK_DP1_322000_4097000_classified_point_cloud_colorized.laz","2018_TEAK_3_322000_4097000_image.tif","Tree",1,322000,322999.999,4097000,4097999.999
"1049",1083,322918.807,322925.361,4097060.995,4097068.983,"Silva","NEON_D17_TEAK_DP1_322000_4097000_classified_point_cloud_colorized.laz","2018_TEAK_3_322000_4097000_image.tif","Tree",1,322000,322999.999,4097000,4097999.999
"1050",1084,322976.678,322986.829,4097060.495,4097071.559,"Silva","NEON_D17_TEAK_DP1_322000_4097000_classified_point_cloud_colorized.laz","2018_TEAK_3_322000_4097000_image.tif","Tree",1,322000,322999.999,4097000,4097999.999
"1051",1085,322874.071,322881.226,4097061.121,4097070.427,"Silva","NEON_D17_TEAK_DP1_322000_4097000_classified_point_cloud_colorized.laz","2018_TEAK_3_322000_4097000_image.tif","Tree",1,322000,322999.999,4097000,4097999.999
"1052",1086,322812.146,322822.479,4097062.518,4097065.655,"Silva","NEON_D17_TEAK_DP1_322000_4097000_classified_point_cloud_colorized.laz","2018_TEAK_3_322000_4097000_image.tif","Tree",1,322000,322999.999,4097000,4097999.999
"1053",1087,322865.524,322875.784,4097059.535,4097066.267,"Silva","NEON_D17_TEAK_DP1_322000_4097000_classified_point_cloud_colorized.laz","2018_TEAK_3_322000_4097000_image.tif","Tree",1,322000,322999.999,4097000,4097999.999
"1054",1088,322822.067,322829.989,4097057.064,4097065.805,"Silva","NEON_D17_TEAK_DP1_322000_4097000_classified_point_cloud_colorized.laz","2018_TEAK_3_322000_4097000_image.tif","Tree",1,322000,322999.999,4097000,4097999.999
"1055",1089,322821.515,322827.915,4097055.512,4097062.885,"Silva","NEON_D17_TEAK_DP1_322000_4097000_classified_point_cloud_colorized.laz","2018_TEAK_3_322000_4097000_image.tif","Tree",1,322000,322999.999,4097000,4097999.999
"1056",1090,322867.559,322874.123,4097053.355,4097059.915,"Silva","NEON_D17_TEAK_DP1_322000_4097000_classified_point_cloud_colorized.laz","2018_TEAK_3_322000_4097000_image.tif","Tree",1,322000,322999.999,4097000,4097999.999
"1057",1091,322928.059,322931.957,4097051.788,4097054.148,"Silva","NEON_D17_TEAK_DP1_322000_4097000_classified_point_cloud_colorized.laz","2018_TEAK_3_322000_4097000_image.tif","Tree",1,322000,322999.999,4097000,4097999.999
"1058",1092,322986.671,322999.709,4097044.709,4097054.792,"Silva","NEON_D17_TEAK_DP1_322000_4097000_classified_point_cloud_colorized.laz","2018_TEAK_3_322000_4097000_image.tif","Tree",1,322000,322999.999,4097000,4097999.999
"1059",1094,322891.641,322898.723,4097045.724,4097049.914,"Silva","NEON_D17_TEAK_DP1_322000_4097000_classified_point_cloud_colorized.laz","2018_TEAK_3_322000_4097000_image.tif","Tree",1,322000,322999.999,4097000,4097999.999
"1060",1095,322833.517,322840.484,4097045.128,4097053.051,"Silva","NEON_D17_TEAK_DP1_322000_4097000_classified_point_cloud_colorized.laz","2018_TEAK_3_322000_4097000_image.tif","Tree",1,322000,322999.999,4097000,4097999.999
"1061",1096,322994.74,322999.995,4097035.051,4097050.422,"Silva","NEON_D17_TEAK_DP1_322000_4097000_classified_point_cloud_colorized.laz","2018_TEAK_3_322000_4097000_image.tif","Tree",1,322000,322999.999,4097000,4097999.999
"1062",1097,322922.651,322925.417,4097041.603,4097044.878,"Silva","NEON_D17_TEAK_DP1_322000_4097000_classified_point_cloud_colorized.laz","2018_TEAK_3_322000_4097000_image.tif","Tree",1,322000,322999.999,4097000,4097999.999
"1063",1098,322902.747,322907.359,4097038.146,4097043.395,"Silva","NEON_D17_TEAK_DP1_322000_4097000_classified_point_cloud_colorized.laz","2018_TEAK_3_322000_4097000_image.tif","Tree",1,322000,322999.999,4097000,4097999.999
"1064",1099,322973.263,322975.21,4097040.697,4097042.462,"Silva","NEON_D17_TEAK_DP1_322000_4097000_classified_point_cloud_colorized.laz","2018_TEAK_3_322000_4097000_image.tif","Tree",1,322000,322999.999,4097000,4097999.999
"1065",1100,322823.022,322825.493,4097040.052,4097041.388,"Silva","NEON_D17_TEAK_DP1_322000_4097000_classified_point_cloud_colorized.laz","2018_TEAK_3_322000_4097000_image.tif","Tree",1,322000,322999.999,4097000,4097999.999
"1066",1101,322949.002,322957.824,4097035.59,4097043.999,"Silva","NEON_D17_TEAK_DP1_322000_4097000_classified_point_cloud_colorized.laz","2018_TEAK_3_322000_4097000_image.tif","Tree",1,322000,322999.999,4097000,4097999.999
"1067",1102,322982.571,322988.997,4097034.213,4097040.494,"Silva","NEON_D17_TEAK_DP1_322000_4097000_classified_point_cloud_colorized.laz","2018_TEAK_3_322000_4097000_image.tif","Tree",1,322000,322999.999,4097000,4097999.999
"1068",1103,322862.62,322866.45,4097036.519,4097040.981,"Silva","NEON_D17_TEAK_DP1_322000_4097000_classified_point_cloud_colorized.laz","2018_TEAK_3_322000_4097000_image.tif","Tree",1,322000,322999.999,4097000,4097999.999
"1069",1104,322850.034,322853.173,4097036.578,4097040.468,"Silva","NEON_D17_TEAK_DP1_322000_4097000_classified_point_cloud_colorized.laz","2018_TEAK_3_322000_4097000_image.tif","Tree",1,322000,322999.999,4097000,4097999.999
"1070",1105,322840.548,322846.809,4097036.006,4097046.938,"Silva","NEON_D17_TEAK_DP1_322000_4097000_classified_point_cloud_colorized.laz","2018_TEAK_3_322000_4097000_image.tif","Tree",1,322000,322999.999,4097000,4097999.999
"1071",1106,322972.085,322982.37,4097033.565,4097040.986,"Silva","NEON_D17_TEAK_DP1_322000_4097000_classified_point_cloud_colorized.laz","2018_TEAK_3_322000_4097000_image.tif","Tree",1,322000,322999.999,4097000,4097999.999
"1072",1107,322831.685,322835.966,4097035.007,4097039.912,"Silva","NEON_D17_TEAK_DP1_322000_4097000_classified_point_cloud_colorized.laz","2018_TEAK_3_322000_4097000_image.tif","Tree",1,322000,322999.999,4097000,4097999.999
"1073",1108,322814.018,322817.983,4097034.069,4097037.997,"Silva","NEON_D17_TEAK_DP1_322000_4097000_classified_point_cloud_colorized.laz","2018_TEAK_3_322000_4097000_image.tif","Tree",1,322000,322999.999,4097000,4097999.999
"1074",1109,322896.629,322907.975,4097029.079,4097041.81,"Silva","NEON_D17_TEAK_DP1_322000_4097000_classified_point_cloud_colorized.laz","2018_TEAK_3_322000_4097000_image.tif","Tree",1,322000,322999.999,4097000,4097999.999
"1075",1110,322821.773,322828.819,4097032.527,4097040.467,"Silva","NEON_D17_TEAK_DP1_322000_4097000_classified_point_cloud_colorized.laz","2018_TEAK_3_322000_4097000_image.tif","Tree",1,322000,322999.999,4097000,4097999.999
"1076",1111,322850.88,322853.467,4097032.618,4097036.497,"Silva","NEON_D17_TEAK_DP1_322000_4097000_classified_point_cloud_colorized.laz","2018_TEAK_3_322000_4097000_image.tif","Tree",1,322000,322999.999,4097000,4097999.999
"1077",1112,322850.133,322853.921,4097028.088,4097031.463,"Silva","NEON_D17_TEAK_DP1_322000_4097000_classified_point_cloud_colorized.laz","2018_TEAK_3_322000_4097000_image.tif","Tree",1,322000,322999.999,4097000,4097999.999
"1078",1113,322824.34,322826.879,4097031.762,4097032.438,"Silva","NEON_D17_TEAK_DP1_322000_4097000_classified_point_cloud_colorized.laz","2018_TEAK_3_322000_4097000_image.tif","Tree",1,322000,322999.999,4097000,4097999.999
"1079",1114,322841.092,322841.232,4097026.948,4097027.456,"Silva","NEON_D17_TEAK_DP1_322000_4097000_classified_point_cloud_colorized.laz","2018_TEAK_3_322000_4097000_image.tif","Tree",1,322000,322999.999,4097000,4097999.999
"1080",1115,322846.136,322847.445,4097022.704,4097024.899,"Silva","NEON_D17_TEAK_DP1_322000_4097000_classified_point_cloud_colorized.laz","2018_TEAK_3_322000_4097000_image.tif","Tree",1,322000,322999.999,4097000,4097999.999
"1081",1116,322821.503,322825.442,4097020.59,4097024.882,"Silva","NEON_D17_TEAK_DP1_322000_4097000_classified_point_cloud_colorized.laz","2018_TEAK_3_322000_4097000_image.tif","Tree",1,322000,322999.999,4097000,4097999.999
"1082",1117,322833.595,322835.44,4097019.1,4097020.926,"Silva","NEON_D17_TEAK_DP1_322000_4097000_classified_point_cloud_colorized.laz","2018_TEAK_3_322000_4097000_image.tif","Tree",1,322000,322999.999,4097000,4097999.999
"1083",1118,322919.111,322931.837,4097013.517,4097024.932,"Silva","NEON_D17_TEAK_DP1_322000_4097000_classified_point_cloud_colorized.laz","2018_TEAK_3_322000_4097000_image.tif","Tree",1,322000,322999.999,4097000,4097999.999
"1084",1119,322885.711,322894.946,4097013.623,4097022.857,"Silva","NEON_D17_TEAK_DP1_322000_4097000_classified_point_cloud_colorized.laz","2018_TEAK_3_322000_4097000_image.tif","Tree",1,322000,322999.999,4097000,4097999.999
"1085",1120,322839.123,322842.994,4097014.513,4097018.476,"Silva","NEON_D17_TEAK_DP1_322000_4097000_classified_point_cloud_colorized.laz","2018_TEAK_3_322000_4097000_image.tif","Tree",1,322000,322999.999,4097000,4097999.999
"1086",1121,322843.518,322848.257,4097013.248,4097017.919,"Silva","NEON_D17_TEAK_DP1_322000_4097000_classified_point_cloud_colorized.laz","2018_TEAK_3_322000_4097000_image.tif","Tree",1,322000,322999.999,4097000,4097999.999
"1087",1123,322900.591,322909.522,4097010.623,4097017.383,"Silva","NEON_D17_TEAK_DP1_322000_4097000_classified_point_cloud_colorized.laz","2018_TEAK_3_322000_4097000_image.tif","Tree",1,322000,322999.999,4097000,4097999.999
"1088",1124,322859.58,322863.428,4097009.569,4097013.739,"Silva","NEON_D17_TEAK_DP1_322000_4097000_classified_point_cloud_colorized.laz","2018_TEAK_3_322000_4097000_image.tif","Tree",1,322000,322999.999,4097000,4097999.999
"1089",1125,322814.787,322818.999,4097008.04,4097012.988,"Silva","NEON_D17_TEAK_DP1_322000_4097000_classified_point_cloud_colorized.laz","2018_TEAK_3_322000_4097000_image.tif","Tree",1,322000,322999.999,4097000,4097999.999
"1090",1126,322820.274,322826.964,4097006.635,4097017.353,"Silva","NEON_D17_TEAK_DP1_322000_4097000_classified_point_cloud_colorized.laz","2018_TEAK_3_322000_4097000_image.tif","Tree",1,322000,322999.999,4097000,4097999.999
"1091",1127,322921.403,322928.495,4097004.034,4097013.493,"Silva","NEON_D17_TEAK_DP1_322000_4097000_classified_point_cloud_colorized.laz","2018_TEAK_3_322000_4097000_image.tif","Tree",1,322000,322999.999,4097000,4097999.999
"1092",1128,322844.026,322847.975,4097005.533,4097010.467,"Silva","NEON_D17_TEAK_DP1_322000_4097000_classified_point_cloud_colorized.laz","2018_TEAK_3_322000_4097000_image.tif","Tree",1,322000,322999.999,4097000,4097999.999
"1093",1129,322960.718,322965.999,4097000.564,4097006.991,"Silva","NEON_D17_TEAK_DP1_322000_4097000_classified_point_cloud_colorized.laz","2018_TEAK_3_322000_4097000_image.tif","Tree",1,322000,322999.999,4097000,4097999.999
"1094",1130,322906.365,322909.919,4097001.125,4097006.436,"Silva","NEON_D17_TEAK_DP1_322000_4097000_classified_point_cloud_colorized.laz","2018_TEAK_3_322000_4097000_image.tif","Tree",1,322000,322999.999,4097000,4097999.999
"1095",1131,322994.786,322999.962,4097000,4097006.241,"Silva","NEON_D17_TEAK_DP1_322000_4097000_classified_point_cloud_colorized.laz","2018_TEAK_3_322000_4097000_image.tif","Tree",1,322000,322999.999,4097000,4097999.999
"1096",1132,322958.619,322963.837,4097000.016,4097002.5,"Silva","NEON_D17_TEAK_DP1_322000_4097000_classified_point_cloud_colorized.laz","2018_TEAK_3_322000_4097000_image.tif","Tree",1,322000,322999.999,4097000,4097999.999
"1097",1133,322863.642,322870.955,4097000.006,4097005.481,"Silva","NEON_D17_TEAK_DP1_322000_4097000_classified_point_cloud_colorized.laz","2018_TEAK_3_322000_4097000_image.tif","Tree",1,322000,322999.999,4097000,4097999.999
"1098",1134,322880.018,322885.467,4097000.013,4097004.97,"Silva","NEON_D17_TEAK_DP1_322000_4097000_classified_point_cloud_colorized.laz","2018_TEAK_3_322000_4097000_image.tif","Tree",1,322000,322999.999,4097000,4097999.999
"1099",1135,322913.229,322920.778,4097000.002,4097002.945,"Silva","NEON_D17_TEAK_DP1_322000_4097000_classified_point_cloud_colorized.laz","2018_TEAK_3_322000_4097000_image.tif","Tree",1,322000,322999.999,4097000,4097999.999
"1100",1136,322802.012,322803.948,4097000.004,4097003.267,"Silva","NEON_D17_TEAK_DP1_322000_4097000_classified_point_cloud_colorized.laz","2018_TEAK_3_322000_4097000_image.tif","Tree",1,322000,322999.999,4097000,4097999.999
"1101",1137,322815.504,322823.536,4097000.001,4097005,"Silva","NEON_D17_TEAK_DP1_322000_4097000_classified_point_cloud_colorized.laz","2018_TEAK_3_322000_4097000_image.tif","Tree",1,322000,322999.999,4097000,4097999.999
"1102",1138,322764.734,322769.936,4097000.041,4097003.372,"Silva","NEON_D17_TEAK_DP1_322000_4097000_classified_point_cloud_colorized.laz","2018_TEAK_3_322000_4097000_image.tif","Tree",1,322000,322999.999,4097000,4097999.999
"1103",1139,322714.572,322717.498,4097000.03,4097000.643,"Silva","NEON_D17_TEAK_DP1_322000_4097000_classified_point_cloud_colorized.laz","2018_TEAK_3_322000_4097000_image.tif","Tree",1,322000,322999.999,4097000,4097999.999
"1104",1140,322884.02,322885.362,4097002.212,4097004.84,"Silva","NEON_D17_TEAK_DP1_322000_4097000_classified_point_cloud_colorized.laz","2018_TEAK_3_322000_4097000_image.tif","Tree",1,322000,322999.999,4097000,4097999.999
"1105",1141,322697.023,322701.082,4097002.088,4097004.98,"Silva","NEON_D17_TEAK_DP1_322000_4097000_classified_point_cloud_colorized.laz","2018_TEAK_3_322000_4097000_image.tif","Tree",1,322000,322999.999,4097000,4097999.999
"1106",1142,322654.509,322659.448,4097000.034,4097005.254,"Silva","NEON_D17_TEAK_DP1_322000_4097000_classified_point_cloud_colorized.laz","2018_TEAK_3_322000_4097000_image.tif","Tree",1,322000,322999.999,4097000,4097999.999
"1107",1143,322795.664,322803.457,4097000.001,4097007.95,"Silva","NEON_D17_TEAK_DP1_322000_4097000_classified_point_cloud_colorized.laz","2018_TEAK_3_322000_4097000_image.tif","Tree",1,322000,322999.999,4097000,4097999.999
"1108",1144,322605.778,322615.955,4097000.029,4097004.542,"Silva","NEON_D17_TEAK_DP1_322000_4097000_classified_point_cloud_colorized.laz","2018_TEAK_3_322000_4097000_image.tif","Tree",1,322000,322999.999,4097000,4097999.999
"1109",1145,322959.016,322963.745,4097005.044,4097009.834,"Silva","NEON_D17_TEAK_DP1_322000_4097000_classified_point_cloud_colorized.laz","2018_TEAK_3_322000_4097000_image.tif","Tree",1,322000,322999.999,4097000,4097999.999
"1110",1146,322675.004,322681.983,4097000.016,4097006.98,"Silva","NEON_D17_TEAK_DP1_322000_4097000_classified_point_cloud_colorized.laz","2018_TEAK_3_322000_4097000_image.tif","Tree",1,322000,322999.999,4097000,4097999.999
"1111",1147,322722.321,322734.947,4097000.041,4097010.838,"Silva","NEON_D17_TEAK_DP1_322000_4097000_classified_point_cloud_colorized.laz","2018_TEAK_3_322000_4097000_image.tif","Tree",1,322000,322999.999,4097000,4097999.999
"1112",1148,322594.545,322601.478,4097000.026,4097004.973,"Silva","NEON_D17_TEAK_DP1_322000_4097000_classified_point_cloud_colorized.laz","2018_TEAK_3_322000_4097000_image.tif","Tree",1,322000,322999.999,4097000,4097999.999
"1113",1149,322633.476,322636.936,4097002.929,4097006,"Silva","NEON_D17_TEAK_DP1_322000_4097000_classified_point_cloud_colorized.laz","2018_TEAK_3_322000_4097000_image.tif","Tree",1,322000,322999.999,4097000,4097999.999
"1114",1150,322848.562,322852.425,4097007.002,4097011.465,"Silva","NEON_D17_TEAK_DP1_322000_4097000_classified_point_cloud_colorized.laz","2018_TEAK_3_322000_4097000_image.tif","Tree",1,322000,322999.999,4097000,4097999.999
"1115",1151,322740.019,322747.398,4097004.506,4097010.993,"Silva","NEON_D17_TEAK_DP1_322000_4097000_classified_point_cloud_colorized.laz","2018_TEAK_3_322000_4097000_image.tif","Tree",1,322000,322999.999,4097000,4097999.999
"1116",1152,322622.15,322628.947,4097000.612,4097007.529,"Silva","NEON_D17_TEAK_DP1_322000_4097000_classified_point_cloud_colorized.laz","2018_TEAK_3_322000_4097000_image.tif","Tree",1,322000,322999.999,4097000,4097999.999
"1117",1153,322600.05,322604.868,4097004.646,4097010.079,"Silva","NEON_D17_TEAK_DP1_322000_4097000_classified_point_cloud_colorized.laz","2018_TEAK_3_322000_4097000_image.tif","Tree",1,322000,322999.999,4097000,4097999.999
"1118",1154,322958.08,322965.347,4097010.847,4097019.482,"Silva","NEON_D17_TEAK_DP1_322000_4097000_classified_point_cloud_colorized.laz","2018_TEAK_3_322000_4097000_image.tif","Tree",1,322000,322999.999,4097000,4097999.999
"1119",1155,322689.041,322697.958,4097007.039,4097014.395,"Silva","NEON_D17_TEAK_DP1_322000_4097000_classified_point_cloud_colorized.laz","2018_TEAK_3_322000_4097000_image.tif","Tree",1,322000,322999.999,4097000,4097999.999
"1120",1156,322623.555,322629.42,4097006.618,4097011.902,"Silva","NEON_D17_TEAK_DP1_322000_4097000_classified_point_cloud_colorized.laz","2018_TEAK_3_322000_4097000_image.tif","Tree",1,322000,322999.999,4097000,4097999.999
"1121",1157,322705.522,322713.175,4097006.634,4097014.446,"Silva","NEON_D17_TEAK_DP1_322000_4097000_classified_point_cloud_colorized.laz","2018_TEAK_3_322000_4097000_image.tif","Tree",1,322000,322999.999,4097000,4097999.999
"1122",1158,322978.198,322991.343,4097008.502,4097022.384,"Silva","NEON_D17_TEAK_DP1_322000_4097000_classified_point_cloud_colorized.laz","2018_TEAK_3_322000_4097000_image.tif","Tree",1,322000,322999.999,4097000,4097999.999
"1123",1159,322630.487,322634.89,4097007.091,4097013.901,"Silva","NEON_D17_TEAK_DP1_322000_4097000_classified_point_cloud_colorized.laz","2018_TEAK_3_322000_4097000_image.tif","Tree",1,322000,322999.999,4097000,4097999.999
"1124",1160,322568.055,322573.963,4097006.509,4097012.96,"Silva","NEON_D17_TEAK_DP1_322000_4097000_classified_point_cloud_colorized.laz","2018_TEAK_3_322000_4097000_image.tif","Tree",1,322000,322999.999,4097000,4097999.999
"1125",1161,322802.041,322808.438,4097010.77,4097016.974,"Silva","NEON_D17_TEAK_DP1_322000_4097000_classified_point_cloud_colorized.laz","2018_TEAK_3_322000_4097000_image.tif","Tree",1,322000,322999.999,4097000,4097999.999
"1126",1162,322577.008,322577.943,4097010.438,4097010.974,"Silva","NEON_D17_TEAK_DP1_322000_4097000_classified_point_cloud_colorized.laz","2018_TEAK_3_322000_4097000_image.tif","Tree",1,322000,322999.999,4097000,4097999.999
"1127",1163,322727.535,322736.45,4097008.771,4097017.497,"Silva","NEON_D17_TEAK_DP1_322000_4097000_classified_point_cloud_colorized.laz","2018_TEAK_3_322000_4097000_image.tif","Tree",1,322000,322999.999,4097000,4097999.999
"1128",1164,322614.069,322619.21,4097010.018,4097016.478,"Silva","NEON_D17_TEAK_DP1_322000_4097000_classified_point_cloud_colorized.laz","2018_TEAK_3_322000_4097000_image.tif","Tree",1,322000,322999.999,4097000,4097999.999
"1129",1165,322992.406,322999.996,4097017.122,4097026.304,"Silva","NEON_D17_TEAK_DP1_322000_4097000_classified_point_cloud_colorized.laz","2018_TEAK_3_322000_4097000_image.tif","Tree",1,322000,322999.999,4097000,4097999.999
"1130",1166,322736.039,322742.442,4097012.263,4097020.998,"Silva","NEON_D17_TEAK_DP1_322000_4097000_classified_point_cloud_colorized.laz","2018_TEAK_3_322000_4097000_image.tif","Tree",1,322000,322999.999,4097000,4097999.999
"1131",1167,322603.007,322606.465,4097012.512,4097017.446,"Silva","NEON_D17_TEAK_DP1_322000_4097000_classified_point_cloud_colorized.laz","2018_TEAK_3_322000_4097000_image.tif","Tree",1,322000,322999.999,4097000,4097999.999
"1132",1168,322565.003,322573.418,4097010.545,4097017.442,"Silva","NEON_D17_TEAK_DP1_322000_4097000_classified_point_cloud_colorized.laz","2018_TEAK_3_322000_4097000_image.tif","Tree",1,322000,322999.999,4097000,4097999.999
"1133",1169,322641.512,322646.747,4097010.201,4097018.455,"Silva","NEON_D17_TEAK_DP1_322000_4097000_classified_point_cloud_colorized.laz","2018_TEAK_3_322000_4097000_image.tif","Tree",1,322000,322999.999,4097000,4097999.999
"1134",1170,322756.273,322762.47,4097013.725,4097021.385,"Silva","NEON_D17_TEAK_DP1_322000_4097000_classified_point_cloud_colorized.laz","2018_TEAK_3_322000_4097000_image.tif","Tree",1,322000,322999.999,4097000,4097999.999
"1135",1171,322795.86,322799.353,4097016.074,4097016.991,"Silva","NEON_D17_TEAK_DP1_322000_4097000_classified_point_cloud_colorized.laz","2018_TEAK_3_322000_4097000_image.tif","Tree",1,322000,322999.999,4097000,4097999.999
"1136",1172,322688.004,322695.803,4097014.005,4097023.486,"Silva","NEON_D17_TEAK_DP1_322000_4097000_classified_point_cloud_colorized.laz","2018_TEAK_3_322000_4097000_image.tif","Tree",1,322000,322999.999,4097000,4097999.999
"1137",1173,322638.299,322642.949,4097014.53,4097022.954,"Silva","NEON_D17_TEAK_DP1_322000_4097000_classified_point_cloud_colorized.laz","2018_TEAK_3_322000_4097000_image.tif","Tree",1,322000,322999.999,4097000,4097999.999
"1138",1174,322758.744,322765.477,4097017.598,4097024.421,"Silva","NEON_D17_TEAK_DP1_322000_4097000_classified_point_cloud_colorized.laz","2018_TEAK_3_322000_4097000_image.tif","Tree",1,322000,322999.999,4097000,4097999.999
"1139",1175,322815.208,322818.925,4097019.009,4097023.464,"Silva","NEON_D17_TEAK_DP1_322000_4097000_classified_point_cloud_colorized.laz","2018_TEAK_3_322000_4097000_image.tif","Tree",1,322000,322999.999,4097000,4097999.999
"1140",1176,322683.087,322687.393,4097017.532,4097022.483,"Silva","NEON_D17_TEAK_DP1_322000_4097000_classified_point_cloud_colorized.laz","2018_TEAK_3_322000_4097000_image.tif","Tree",1,322000,322999.999,4097000,4097999.999
"1141",1177,322578.037,322588.29,4097014.185,4097024.003,"Silva","NEON_D17_TEAK_DP1_322000_4097000_classified_point_cloud_colorized.laz","2018_TEAK_3_322000_4097000_image.tif","Tree",1,322000,322999.999,4097000,4097999.999
"1142",1178,322652.634,322660.325,4097016.932,4097023.972,"Silva","NEON_D17_TEAK_DP1_322000_4097000_classified_point_cloud_colorized.laz","2018_TEAK_3_322000_4097000_image.tif","Tree",1,322000,322999.999,4097000,4097999.999
"1143",1179,322668.634,322675.46,4097016.407,4097025.89,"Silva","NEON_D17_TEAK_DP1_322000_4097000_classified_point_cloud_colorized.laz","2018_TEAK_3_322000_4097000_image.tif","Tree",1,322000,322999.999,4097000,4097999.999
"1144",1180,322786.041,322789.775,4097019.077,4097025.792,"Silva","NEON_D17_TEAK_DP1_322000_4097000_classified_point_cloud_colorized.laz","2018_TEAK_3_322000_4097000_image.tif","Tree",1,322000,322999.999,4097000,4097999.999
"1145",1181,322812.515,322816.961,4097021.065,4097025.474,"Silva","NEON_D17_TEAK_DP1_322000_4097000_classified_point_cloud_colorized.laz","2018_TEAK_3_322000_4097000_image.tif","Tree",1,322000,322999.999,4097000,4097999.999
"1146",1182,322886.585,322895.998,4097021.082,4097026.955,"Silva","NEON_D17_TEAK_DP1_322000_4097000_classified_point_cloud_colorized.laz","2018_TEAK_3_322000_4097000_image.tif","Tree",1,322000,322999.999,4097000,4097999.999
"1147",1183,322588.106,322594.481,4097017.096,4097022.977,"Silva","NEON_D17_TEAK_DP1_322000_4097000_classified_point_cloud_colorized.laz","2018_TEAK_3_322000_4097000_image.tif","Tree",1,322000,322999.999,4097000,4097999.999
"1148",1184,322674.218,322679.289,4097018.523,4097026.5,"Silva","NEON_D17_TEAK_DP1_322000_4097000_classified_point_cloud_colorized.laz","2018_TEAK_3_322000_4097000_image.tif","Tree",1,322000,322999.999,4097000,4097999.999
"1149",1185,322563.064,322570.491,4097017.104,4097023.945,"Silva","NEON_D17_TEAK_DP1_322000_4097000_classified_point_cloud_colorized.laz","2018_TEAK_3_322000_4097000_image.tif","Tree",1,322000,322999.999,4097000,4097999.999
"1150",1186,322620.063,322627.883,4097018.671,4097025.483,"Silva","NEON_D17_TEAK_DP1_322000_4097000_classified_point_cloud_colorized.laz","2018_TEAK_3_322000_4097000_image.tif","Tree",1,322000,322999.999,4097000,4097999.999
"1151",1187,322916.526,322926.47,4097020.682,4097033.43,"Silva","NEON_D17_TEAK_DP1_322000_4097000_classified_point_cloud_colorized.laz","2018_TEAK_3_322000_4097000_image.tif","Tree",1,322000,322999.999,4097000,4097999.999
"1152",1188,322604.516,322609.996,4097020.688,4097024.973,"Silva","NEON_D17_TEAK_DP1_322000_4097000_classified_point_cloud_colorized.laz","2018_TEAK_3_322000_4097000_image.tif","Tree",1,322000,322999.999,4097000,4097999.999
"1153",1189,322695.637,322707.301,4097018.669,4097027.992,"Silva","NEON_D17_TEAK_DP1_322000_4097000_classified_point_cloud_colorized.laz","2018_TEAK_3_322000_4097000_image.tif","Tree",1,322000,322999.999,4097000,4097999.999
"1154",1190,322793.301,322798.466,4097023.013,4097028.887,"Silva","NEON_D17_TEAK_DP1_322000_4097000_classified_point_cloud_colorized.laz","2018_TEAK_3_322000_4097000_image.tif","Tree",1,322000,322999.999,4097000,4097999.999
"1155",1191,322612.328,322615.483,4097022.176,4097026.71,"Silva","NEON_D17_TEAK_DP1_322000_4097000_classified_point_cloud_colorized.laz","2018_TEAK_3_322000_4097000_image.tif","Tree",1,322000,322999.999,4097000,4097999.999
"1156",1192,322977.5,322982.991,4097025.16,4097033.939,"Silva","NEON_D17_TEAK_DP1_322000_4097000_classified_point_cloud_colorized.laz","2018_TEAK_3_322000_4097000_image.tif","Tree",1,322000,322999.999,4097000,4097999.999
"1157",1193,322903.128,322912.498,4097025.08,4097036.186,"Silva","NEON_D17_TEAK_DP1_322000_4097000_classified_point_cloud_colorized.laz","2018_TEAK_3_322000_4097000_image.tif","Tree",1,322000,322999.999,4097000,4097999.999
"1158",1194,322584.515,322592.498,4097022.523,4097029.487,"Silva","NEON_D17_TEAK_DP1_322000_4097000_classified_point_cloud_colorized.laz","2018_TEAK_3_322000_4097000_image.tif","Tree",1,322000,322999.999,4097000,4097999.999
"1159",1195,322653.958,322660.974,4097024.012,4097030.21,"Silva","NEON_D17_TEAK_DP1_322000_4097000_classified_point_cloud_colorized.laz","2018_TEAK_3_322000_4097000_image.tif","Tree",1,322000,322999.999,4097000,4097999.999
"1160",1196,322661.03,322667.473,4097023.038,4097030.604,"Silva","NEON_D17_TEAK_DP1_322000_4097000_classified_point_cloud_colorized.laz","2018_TEAK_3_322000_4097000_image.tif","Tree",1,322000,322999.999,4097000,4097999.999
"1161",1197,322895.021,322899.989,4097029.016,4097036.146,"Silva","NEON_D17_TEAK_DP1_322000_4097000_classified_point_cloud_colorized.laz","2018_TEAK_3_322000_4097000_image.tif","Tree",1,322000,322999.999,4097000,4097999.999
"1162",1198,322963.125,322970.479,4097025.526,4097033.417,"Silva","NEON_D17_TEAK_DP1_322000_4097000_classified_point_cloud_colorized.laz","2018_TEAK_3_322000_4097000_image.tif","Tree",1,322000,322999.999,4097000,4097999.999
"1163",1199,322555.01,322557.397,4097025.585,4097027.882,"Silva","NEON_D17_TEAK_DP1_322000_4097000_classified_point_cloud_colorized.laz","2018_TEAK_3_322000_4097000_image.tif","Tree",1,322000,322999.999,4097000,4097999.999
"1164",1200,322683.647,322690.254,4097025.027,4097033.944,"Silva","NEON_D17_TEAK_DP1_322000_4097000_classified_point_cloud_colorized.laz","2018_TEAK_3_322000_4097000_image.tif","Tree",1,322000,322999.999,4097000,4097999.999
"1165",1201,322675.213,322681.134,4097026.204,4097032.955,"Silva","NEON_D17_TEAK_DP1_322000_4097000_classified_point_cloud_colorized.laz","2018_TEAK_3_322000_4097000_image.tif","Tree",1,322000,322999.999,4097000,4097999.999
"1166",1202,322774.606,322780.957,4097029.217,4097034.499,"Silva","NEON_D17_TEAK_DP1_322000_4097000_classified_point_cloud_colorized.laz","2018_TEAK_3_322000_4097000_image.tif","Tree",1,322000,322999.999,4097000,4097999.999
"1167",1203,322656.004,322663.418,4097028.134,4097034.932,"Silva","NEON_D17_TEAK_DP1_322000_4097000_classified_point_cloud_colorized.laz","2018_TEAK_3_322000_4097000_image.tif","Tree",1,322000,322999.999,4097000,4097999.999
"1168",1204,322955.515,322964.978,4097031.864,4097042.368,"Silva","NEON_D17_TEAK_DP1_322000_4097000_classified_point_cloud_colorized.laz","2018_TEAK_3_322000_4097000_image.tif","Tree",1,322000,322999.999,4097000,4097999.999
"1169",1205,322783.557,322788.926,4097032.047,4097036.734,"Silva","NEON_D17_TEAK_DP1_322000_4097000_classified_point_cloud_colorized.laz","2018_TEAK_3_322000_4097000_image.tif","Tree",1,322000,322999.999,4097000,4097999.999
"1170",1206,322746.773,322754.413,4097031.635,4097038.445,"Silva","NEON_D17_TEAK_DP1_322000_4097000_classified_point_cloud_colorized.laz","2018_TEAK_3_322000_4097000_image.tif","Tree",1,322000,322999.999,4097000,4097999.999
"1171",1207,322587.27,322590.262,4097029.526,4097031.617,"Silva","NEON_D17_TEAK_DP1_322000_4097000_classified_point_cloud_colorized.laz","2018_TEAK_3_322000_4097000_image.tif","Tree",1,322000,322999.999,4097000,4097999.999
"1172",1208,322613.631,322619.45,4097030.665,4097035.795,"Silva","NEON_D17_TEAK_DP1_322000_4097000_classified_point_cloud_colorized.laz","2018_TEAK_3_322000_4097000_image.tif","Tree",1,322000,322999.999,4097000,4097999.999
"1173",1209,322639.171,322642.929,4097031.511,4097037.908,"Silva","NEON_D17_TEAK_DP1_322000_4097000_classified_point_cloud_colorized.laz","2018_TEAK_3_322000_4097000_image.tif","Tree",1,322000,322999.999,4097000,4097999.999
"1174",1210,322669.704,322675.131,4097030.563,4097036.76,"Silva","NEON_D17_TEAK_DP1_322000_4097000_classified_point_cloud_colorized.laz","2018_TEAK_3_322000_4097000_image.tif","Tree",1,322000,322999.999,4097000,4097999.999
"1175",1211,322730.64,322731.338,4097035.76,4097036.075,"Silva","NEON_D17_TEAK_DP1_322000_4097000_classified_point_cloud_colorized.laz","2018_TEAK_3_322000_4097000_image.tif","Tree",1,322000,322999.999,4097000,4097999.999
"1176",1212,322630.757,322639.255,4097030.876,4097038.494,"Silva","NEON_D17_TEAK_DP1_322000_4097000_classified_point_cloud_colorized.laz","2018_TEAK_3_322000_4097000_image.tif","Tree",1,322000,322999.999,4097000,4097999.999
"1177",1213,322577.121,322581.482,4097029.162,4097036.001,"Silva","NEON_D17_TEAK_DP1_322000_4097000_classified_point_cloud_colorized.laz","2018_TEAK_3_322000_4097000_image.tif","Tree",1,322000,322999.999,4097000,4097999.999
"1178",1214,322803.613,322806.962,4097035.676,4097039.444,"Silva","NEON_D17_TEAK_DP1_322000_4097000_classified_point_cloud_colorized.laz","2018_TEAK_3_322000_4097000_image.tif","Tree",1,322000,322999.999,4097000,4097999.999
"1179",1215,322680.551,322682.603,4097034.757,4097038.326,"Silva","NEON_D17_TEAK_DP1_322000_4097000_classified_point_cloud_colorized.laz","2018_TEAK_3_322000_4097000_image.tif","Tree",1,322000,322999.999,4097000,4097999.999
"1180",1216,322776.014,322781.969,4097035.042,4097041.458,"Silva","NEON_D17_TEAK_DP1_322000_4097000_classified_point_cloud_colorized.laz","2018_TEAK_3_322000_4097000_image.tif","Tree",1,322000,322999.999,4097000,4097999.999
"1181",1218,322844.516,322852.189,4097039.038,4097047.254,"Silva","NEON_D17_TEAK_DP1_322000_4097000_classified_point_cloud_colorized.laz","2018_TEAK_3_322000_4097000_image.tif","Tree",1,322000,322999.999,4097000,4097999.999
"1182",1219,322712.589,322720.489,4097034.53,4097041.746,"Silva","NEON_D17_TEAK_DP1_322000_4097000_classified_point_cloud_colorized.laz","2018_TEAK_3_322000_4097000_image.tif","Tree",1,322000,322999.999,4097000,4097999.999
"1183",1220,322553.095,322554.966,4097036.51,4097038.895,"Silva","NEON_D17_TEAK_DP1_322000_4097000_classified_point_cloud_colorized.laz","2018_TEAK_3_322000_4097000_image.tif","Tree",1,322000,322999.999,4097000,4097999.999
"1184",1221,322612.761,322618.461,4097035.542,4097041.927,"Silva","NEON_D17_TEAK_DP1_322000_4097000_classified_point_cloud_colorized.laz","2018_TEAK_3_322000_4097000_image.tif","Tree",1,322000,322999.999,4097000,4097999.999
"1185",1222,322727.508,322729.38,4097044.115,4097045,"Silva","NEON_D17_TEAK_DP1_322000_4097000_classified_point_cloud_colorized.laz","2018_TEAK_3_322000_4097000_image.tif","Tree",1,322000,322999.999,4097000,4097999.999
"1186",1223,322650.339,322656.481,4097036.055,4097044.273,"Silva","NEON_D17_TEAK_DP1_322000_4097000_classified_point_cloud_colorized.laz","2018_TEAK_3_322000_4097000_image.tif","Tree",1,322000,322999.999,4097000,4097999.999
"1187",1224,322926.015,322927.776,4097043.118,4097045.881,"Silva","NEON_D17_TEAK_DP1_322000_4097000_classified_point_cloud_colorized.laz","2018_TEAK_3_322000_4097000_image.tif","Tree",1,322000,322999.999,4097000,4097999.999
"1188",1225,322634.171,322643.75,4097036.321,4097043.989,"Silva","NEON_D17_TEAK_DP1_322000_4097000_classified_point_cloud_colorized.laz","2018_TEAK_3_322000_4097000_image.tif","Tree",1,322000,322999.999,4097000,4097999.999
"1189",1226,322563.531,322570.974,4097037.003,4097043.711,"Silva","NEON_D17_TEAK_DP1_322000_4097000_classified_point_cloud_colorized.laz","2018_TEAK_3_322000_4097000_image.tif","Tree",1,322000,322999.999,4097000,4097999.999
"1190",1227,322886.027,322893.953,4097040.527,4097049.376,"Silva","NEON_D17_TEAK_DP1_322000_4097000_classified_point_cloud_colorized.laz","2018_TEAK_3_322000_4097000_image.tif","Tree",1,322000,322999.999,4097000,4097999.999
"1191",1228,322757.536,322759.803,4097042.919,4097045.298,"Silva","NEON_D17_TEAK_DP1_322000_4097000_classified_point_cloud_colorized.laz","2018_TEAK_3_322000_4097000_image.tif","Tree",1,322000,322999.999,4097000,4097999.999
"1192",1229,322643.271,322648.372,4097039.1,4097044.469,"Silva","NEON_D17_TEAK_DP1_322000_4097000_classified_point_cloud_colorized.laz","2018_TEAK_3_322000_4097000_image.tif","Tree",1,322000,322999.999,4097000,4097999.999
"1193",1230,322558.621,322562.219,4097042.284,4097044.419,"Silva","NEON_D17_TEAK_DP1_322000_4097000_classified_point_cloud_colorized.laz","2018_TEAK_3_322000_4097000_image.tif","Tree",1,322000,322999.999,4097000,4097999.999
"1194",1231,322585.869,322590.765,4097039.267,4097043.536,"Silva","NEON_D17_TEAK_DP1_322000_4097000_classified_point_cloud_colorized.laz","2018_TEAK_3_322000_4097000_image.tif","Tree",1,322000,322999.999,4097000,4097999.999
"1195",1232,322610.129,322616.873,4097038.621,4097045.872,"Silva","NEON_D17_TEAK_DP1_322000_4097000_classified_point_cloud_colorized.laz","2018_TEAK_3_322000_4097000_image.tif","Tree",1,322000,322999.999,4097000,4097999.999
"1196",1233,322720.444,322725.209,4097040.08,4097046.186,"Silva","NEON_D17_TEAK_DP1_322000_4097000_classified_point_cloud_colorized.laz","2018_TEAK_3_322000_4097000_image.tif","Tree",1,322000,322999.999,4097000,4097999.999
"1197",1234,322805.512,322815.486,4097040.005,4097051.326,"Silva","NEON_D17_TEAK_DP1_322000_4097000_classified_point_cloud_colorized.laz","2018_TEAK_3_322000_4097000_image.tif","Tree",1,322000,322999.999,4097000,4097999.999
"1198",1235,322654.673,322662.849,4097041.055,4097046.28,"Silva","NEON_D17_TEAK_DP1_322000_4097000_classified_point_cloud_colorized.laz","2018_TEAK_3_322000_4097000_image.tif","Tree",1,322000,322999.999,4097000,4097999.999
"1199",1236,322597.023,322601.983,4097040.102,4097046.686,"Silva","NEON_D17_TEAK_DP1_322000_4097000_classified_point_cloud_colorized.laz","2018_TEAK_3_322000_4097000_image.tif","Tree",1,322000,322999.999,4097000,4097999.999
"1200",1237,322783.362,322784.914,4097044.01,4097046.992,"Silva","NEON_D17_TEAK_DP1_322000_4097000_classified_point_cloud_colorized.laz","2018_TEAK_3_322000_4097000_image.tif","Tree",1,322000,322999.999,4097000,4097999.999
"1201",1238,322683.597,322690.669,4097043.292,4097050.47,"Silva","NEON_D17_TEAK_DP1_322000_4097000_classified_point_cloud_colorized.laz","2018_TEAK_3_322000_4097000_image.tif","Tree",1,322000,322999.999,4097000,4097999.999
"1202",1239,322624.537,322629.399,4097042.041,4097048.94,"Silva","NEON_D17_TEAK_DP1_322000_4097000_classified_point_cloud_colorized.laz","2018_TEAK_3_322000_4097000_image.tif","Tree",1,322000,322999.999,4097000,4097999.999
"1203",1240,322618.64,322624.487,4097041.148,4097047.836,"Silva","NEON_D17_TEAK_DP1_322000_4097000_classified_point_cloud_colorized.laz","2018_TEAK_3_322000_4097000_image.tif","Tree",1,322000,322999.999,4097000,4097999.999
"1204",1241,322605.547,322611.951,4097042.081,4097046.5,"Silva","NEON_D17_TEAK_DP1_322000_4097000_classified_point_cloud_colorized.laz","2018_TEAK_3_322000_4097000_image.tif","Tree",1,322000,322999.999,4097000,4097999.999
"1205",1242,322589.902,322595.764,4097041.528,4097049.666,"Silva","NEON_D17_TEAK_DP1_322000_4097000_classified_point_cloud_colorized.laz","2018_TEAK_3_322000_4097000_image.tif","Tree",1,322000,322999.999,4097000,4097999.999
"1206",1243,322630.115,322636.747,4097040.37,4097046.923,"Silva","NEON_D17_TEAK_DP1_322000_4097000_classified_point_cloud_colorized.laz","2018_TEAK_3_322000_4097000_image.tif","Tree",1,322000,322999.999,4097000,4097999.999
"1207",1244,322786.67,322788.982,4097047.053,4097049.48,"Silva","NEON_D17_TEAK_DP1_322000_4097000_classified_point_cloud_colorized.laz","2018_TEAK_3_322000_4097000_image.tif","Tree",1,322000,322999.999,4097000,4097999.999
"1208",1245,322723.719,322729.974,4097044.529,4097051.91,"Silva","NEON_D17_TEAK_DP1_322000_4097000_classified_point_cloud_colorized.laz","2018_TEAK_3_322000_4097000_image.tif","Tree",1,322000,322999.999,4097000,4097999.999
"1209",1246,322845.002,322856.944,4097045.607,4097055.885,"Silva","NEON_D17_TEAK_DP1_322000_4097000_classified_point_cloud_colorized.laz","2018_TEAK_3_322000_4097000_image.tif","Tree",1,322000,322999.999,4097000,4097999.999
"1210",1247,322770.024,322776.023,4097046.305,4097052.784,"Silva","NEON_D17_TEAK_DP1_322000_4097000_classified_point_cloud_colorized.laz","2018_TEAK_3_322000_4097000_image.tif","Tree",1,322000,322999.999,4097000,4097999.999
"1211",1248,322614.507,322620.791,4097043.643,4097051.443,"Silva","NEON_D17_TEAK_DP1_322000_4097000_classified_point_cloud_colorized.laz","2018_TEAK_3_322000_4097000_image.tif","Tree",1,322000,322999.999,4097000,4097999.999
"1212",1249,322568.96,322574.288,4097043.116,4097049.419,"Silva","NEON_D17_TEAK_DP1_322000_4097000_classified_point_cloud_colorized.laz","2018_TEAK_3_322000_4097000_image.tif","Tree",1,322000,322999.999,4097000,4097999.999
"1213",1250,322587.135,322591.423,4097044.501,4097049,"Silva","NEON_D17_TEAK_DP1_322000_4097000_classified_point_cloud_colorized.laz","2018_TEAK_3_322000_4097000_image.tif","Tree",1,322000,322999.999,4097000,4097999.999
"1214",1251,322556.796,322565.668,4097042.691,4097051.588,"Silva","NEON_D17_TEAK_DP1_322000_4097000_classified_point_cloud_colorized.laz","2018_TEAK_3_322000_4097000_image.tif","Tree",1,322000,322999.999,4097000,4097999.999
"1215",1252,322877.982,322881.101,4097052.159,4097057.43,"Silva","NEON_D17_TEAK_DP1_322000_4097000_classified_point_cloud_colorized.laz","2018_TEAK_3_322000_4097000_image.tif","Tree",1,322000,322999.999,4097000,4097999.999
"1216",1253,322705.308,322709.153,4097049.512,4097052.447,"Silva","NEON_D17_TEAK_DP1_322000_4097000_classified_point_cloud_colorized.laz","2018_TEAK_3_322000_4097000_image.tif","Tree",1,322000,322999.999,4097000,4097999.999
"1217",1254,322656.598,322661.844,4097047.606,4097052.851,"Silva","NEON_D17_TEAK_DP1_322000_4097000_classified_point_cloud_colorized.laz","2018_TEAK_3_322000_4097000_image.tif","Tree",1,322000,322999.999,4097000,4097999.999
"1218",1255,322633.442,322636.4,4097049.094,4097052.255,"Silva","NEON_D17_TEAK_DP1_322000_4097000_classified_point_cloud_colorized.laz","2018_TEAK_3_322000_4097000_image.tif","Tree",1,322000,322999.999,4097000,4097999.999
"1219",1256,322983.656,322991.481,4097049.529,4097059.369,"Silva","NEON_D17_TEAK_DP1_322000_4097000_classified_point_cloud_colorized.laz","2018_TEAK_3_322000_4097000_image.tif","Tree",1,322000,322999.999,4097000,4097999.999
"1220",1257,322973.196,322982.439,4097051.869,4097061.698,"Silva","NEON_D17_TEAK_DP1_322000_4097000_classified_point_cloud_colorized.laz","2018_TEAK_3_322000_4097000_image.tif","Tree",1,322000,322999.999,4097000,4097999.999
"1221",1258,322835.544,322847.499,4097047.045,4097060.46,"Silva","NEON_D17_TEAK_DP1_322000_4097000_classified_point_cloud_colorized.laz","2018_TEAK_3_322000_4097000_image.tif","Tree",1,322000,322999.999,4097000,4097999.999
"1222",1259,322750.791,322758.998,4097049.034,4097056.798,"Silva","NEON_D17_TEAK_DP1_322000_4097000_classified_point_cloud_colorized.laz","2018_TEAK_3_322000_4097000_image.tif","Tree",1,322000,322999.999,4097000,4097999.999
"1223",1260,322736.092,322744.264,4097046.051,4097056.434,"Silva","NEON_D17_TEAK_DP1_322000_4097000_classified_point_cloud_colorized.laz","2018_TEAK_3_322000_4097000_image.tif","Tree",1,322000,322999.999,4097000,4097999.999
"1224",1261,322593.143,322603.855,4097046.51,4097053.962,"Silva","NEON_D17_TEAK_DP1_322000_4097000_classified_point_cloud_colorized.laz","2018_TEAK_3_322000_4097000_image.tif","Tree",1,322000,322999.999,4097000,4097999.999
"1225",1262,322564,322568.34,4097047.769,4097052.487,"Silva","NEON_D17_TEAK_DP1_322000_4097000_classified_point_cloud_colorized.laz","2018_TEAK_3_322000_4097000_image.tif","Tree",1,322000,322999.999,4097000,4097999.999
"1226",1263,322577.178,322583.404,4097047.073,4097053.91,"Silva","NEON_D17_TEAK_DP1_322000_4097000_classified_point_cloud_colorized.laz","2018_TEAK_3_322000_4097000_image.tif","Tree",1,322000,322999.999,4097000,4097999.999
"1227",1264,322719.712,322727.074,4097049.92,4097056.452,"Silva","NEON_D17_TEAK_DP1_322000_4097000_classified_point_cloud_colorized.laz","2018_TEAK_3_322000_4097000_image.tif","Tree",1,322000,322999.999,4097000,4097999.999
"1228",1265,322927.022,322931.448,4097054.084,4097057.949,"Silva","NEON_D17_TEAK_DP1_322000_4097000_classified_point_cloud_colorized.laz","2018_TEAK_3_322000_4097000_image.tif","Tree",1,322000,322999.999,4097000,4097999.999
"1229",1266,322995.524,322999.995,4097051.697,4097062.466,"Silva","NEON_D17_TEAK_DP1_322000_4097000_classified_point_cloud_colorized.laz","2018_TEAK_3_322000_4097000_image.tif","Tree",1,322000,322999.999,4097000,4097999.999
"1230",1267,322572.887,322576.965,4097048.822,4097053.834,"Silva","NEON_D17_TEAK_DP1_322000_4097000_classified_point_cloud_colorized.laz","2018_TEAK_3_322000_4097000_image.tif","Tree",1,322000,322999.999,4097000,4097999.999
"1231",1268,322608.252,322615.782,4097048.039,4097056.728,"Silva","NEON_D17_TEAK_DP1_322000_4097000_classified_point_cloud_colorized.laz","2018_TEAK_3_322000_4097000_image.tif","Tree",1,322000,322999.999,4097000,4097999.999
"1232",1269,322657.121,322663.17,4097050.549,4097056.314,"Silva","NEON_D17_TEAK_DP1_322000_4097000_classified_point_cloud_colorized.laz","2018_TEAK_3_322000_4097000_image.tif","Tree",1,322000,322999.999,4097000,4097999.999
"1233",1270,322989,322995.913,4097054.674,4097061.9,"Silva","NEON_D17_TEAK_DP1_322000_4097000_classified_point_cloud_colorized.laz","2018_TEAK_3_322000_4097000_image.tif","Tree",1,322000,322999.999,4097000,4097999.999
"1234",1271,322799.015,322806.488,4097051.589,4097060.944,"Silva","NEON_D17_TEAK_DP1_322000_4097000_classified_point_cloud_colorized.laz","2018_TEAK_3_322000_4097000_image.tif","Tree",1,322000,322999.999,4097000,4097999.999
"1235",1272,322542.024,322549.257,4097047.692,4097058.462,"Silva","NEON_D17_TEAK_DP1_322000_4097000_classified_point_cloud_colorized.laz","2018_TEAK_3_322000_4097000_image.tif","Tree",1,322000,322999.999,4097000,4097999.999
"1236",1273,322554.186,322563.431,4097048.05,4097057.851,"Silva","NEON_D17_TEAK_DP1_322000_4097000_classified_point_cloud_colorized.laz","2018_TEAK_3_322000_4097000_image.tif","Tree",1,322000,322999.999,4097000,4097999.999
"1237",1274,322579.515,322587.001,4097050.226,4097058.425,"Silva","NEON_D17_TEAK_DP1_322000_4097000_classified_point_cloud_colorized.laz","2018_TEAK_3_322000_4097000_image.tif","Tree",1,322000,322999.999,4097000,4097999.999
"1238",1275,322624.66,322632.376,4097051.18,4097059.949,"Silva","NEON_D17_TEAK_DP1_322000_4097000_classified_point_cloud_colorized.laz","2018_TEAK_3_322000_4097000_image.tif","Tree",1,322000,322999.999,4097000,4097999.999
"1239",1276,322703.641,322704.723,4097055.78,4097056.417,"Silva","NEON_D17_TEAK_DP1_322000_4097000_classified_point_cloud_colorized.laz","2018_TEAK_3_322000_4097000_image.tif","Tree",1,322000,322999.999,4097000,4097999.999
"1240",1277,322805.556,322815.989,4097051.767,4097064.465,"Silva","NEON_D17_TEAK_DP1_322000_4097000_classified_point_cloud_colorized.laz","2018_TEAK_3_322000_4097000_image.tif","Tree",1,322000,322999.999,4097000,4097999.999
"1241",1278,322713.573,322720.476,4097051.528,4097060.424,"Silva","NEON_D17_TEAK_DP1_322000_4097000_classified_point_cloud_colorized.laz","2018_TEAK_3_322000_4097000_image.tif","Tree",1,322000,322999.999,4097000,4097999.999
"1242",1279,322696.076,322699.436,4097055.5,4097057.082,"Silva","NEON_D17_TEAK_DP1_322000_4097000_classified_point_cloud_colorized.laz","2018_TEAK_3_322000_4097000_image.tif","Tree",1,322000,322999.999,4097000,4097999.999
"1243",1280,322598.997,322607.486,4097051.93,4097058.037,"Silva","NEON_D17_TEAK_DP1_322000_4097000_classified_point_cloud_colorized.laz","2018_TEAK_3_322000_4097000_image.tif","Tree",1,322000,322999.999,4097000,4097999.999
"1244",1281,322634.017,322642.789,4097051.567,4097059.98,"Silva","NEON_D17_TEAK_DP1_322000_4097000_classified_point_cloud_colorized.laz","2018_TEAK_3_322000_4097000_image.tif","Tree",1,322000,322999.999,4097000,4097999.999
"1245",1282,322787.085,322787.405,4097058.186,4097059.358,"Silva","NEON_D17_TEAK_DP1_322000_4097000_classified_point_cloud_colorized.laz","2018_TEAK_3_322000_4097000_image.tif","Tree",1,322000,322999.999,4097000,4097999.999
"1246",1283,322915.003,322924.342,4097055.518,4097064.817,"Silva","NEON_D17_TEAK_DP1_322000_4097000_classified_point_cloud_colorized.laz","2018_TEAK_3_322000_4097000_image.tif","Tree",1,322000,322999.999,4097000,4097999.999
"1247",1284,322642.165,322651.894,4097053.518,4097062.842,"Silva","NEON_D17_TEAK_DP1_322000_4097000_classified_point_cloud_colorized.laz","2018_TEAK_3_322000_4097000_image.tif","Tree",1,322000,322999.999,4097000,4097999.999
"1248",1285,322674.009,322680.947,4097054.655,4097061.993,"Silva","NEON_D17_TEAK_DP1_322000_4097000_classified_point_cloud_colorized.laz","2018_TEAK_3_322000_4097000_image.tif","Tree",1,322000,322999.999,4097000,4097999.999
"1249",1286,322567.603,322574.482,4097056.859,4097062.475,"Silva","NEON_D17_TEAK_DP1_322000_4097000_classified_point_cloud_colorized.laz","2018_TEAK_3_322000_4097000_image.tif","Tree",1,322000,322999.999,4097000,4097999.999
"1250",1287,322610.117,322616.462,4097056.155,4097063.135,"Silva","NEON_D17_TEAK_DP1_322000_4097000_classified_point_cloud_colorized.laz","2018_TEAK_3_322000_4097000_image.tif","Tree",1,322000,322999.999,4097000,4097999.999
"1251",1288,322560.265,322563.813,4097054.578,4097058.04,"Silva","NEON_D17_TEAK_DP1_322000_4097000_classified_point_cloud_colorized.laz","2018_TEAK_3_322000_4097000_image.tif","Tree",1,322000,322999.999,4097000,4097999.999
"1252",1289,322724.31,322731.299,4097059.522,4097065.337,"Silva","NEON_D17_TEAK_DP1_322000_4097000_classified_point_cloud_colorized.laz","2018_TEAK_3_322000_4097000_image.tif","Tree",1,322000,322999.999,4097000,4097999.999
"1253",1290,322590.542,322595.061,4097058.334,4097064.98,"Silva","NEON_D17_TEAK_DP1_322000_4097000_classified_point_cloud_colorized.laz","2018_TEAK_3_322000_4097000_image.tif","Tree",1,322000,322999.999,4097000,4097999.999
"1254",1291,322671.618,322675.973,4097060.833,4097064.886,"Silva","NEON_D17_TEAK_DP1_322000_4097000_classified_point_cloud_colorized.laz","2018_TEAK_3_322000_4097000_image.tif","Tree",1,322000,322999.999,4097000,4097999.999
"1255",1292,322779.278,322781.329,4097067.111,4097068.433,"Silva","NEON_D17_TEAK_DP1_322000_4097000_classified_point_cloud_colorized.laz","2018_TEAK_3_322000_4097000_image.tif","Tree",1,322000,322999.999,4097000,4097999.999
"1256",1293,322771.594,322777.42,4097062.163,4097068.972,"Silva","NEON_D17_TEAK_DP1_322000_4097000_classified_point_cloud_colorized.laz","2018_TEAK_3_322000_4097000_image.tif","Tree",1,322000,322999.999,4097000,4097999.999
"1257",1294,322632.368,322638.003,4097059.097,4097064.492,"Silva","NEON_D17_TEAK_DP1_322000_4097000_classified_point_cloud_colorized.laz","2018_TEAK_3_322000_4097000_image.tif","Tree",1,322000,322999.999,4097000,4097999.999
"1258",1295,322602.617,322611.458,4097056.527,4097066.31,"Silva","NEON_D17_TEAK_DP1_322000_4097000_classified_point_cloud_colorized.laz","2018_TEAK_3_322000_4097000_image.tif","Tree",1,322000,322999.999,4097000,4097999.999
"1259",1296,322574.164,322577.825,4097059.752,4097062.941,"Silva","NEON_D17_TEAK_DP1_322000_4097000_classified_point_cloud_colorized.laz","2018_TEAK_3_322000_4097000_image.tif","Tree",1,322000,322999.999,4097000,4097999.999
"1260",1297,322541.514,322554.264,4097056.162,4097067.497,"Silva","NEON_D17_TEAK_DP1_322000_4097000_classified_point_cloud_colorized.laz","2018_TEAK_3_322000_4097000_image.tif","Tree",1,322000,322999.999,4097000,4097999.999
"1261",1298,322594.511,322601.998,4097058.134,4097065.913,"Silva","NEON_D17_TEAK_DP1_322000_4097000_classified_point_cloud_colorized.laz","2018_TEAK_3_322000_4097000_image.tif","Tree",1,322000,322999.999,4097000,4097999.999
"1262",1299,322619.353,322626.489,4097058.682,4097066.436,"Silva","NEON_D17_TEAK_DP1_322000_4097000_classified_point_cloud_colorized.laz","2018_TEAK_3_322000_4097000_image.tif","Tree",1,322000,322999.999,4097000,4097999.999
"1263",1300,322646.564,322655.025,4097061.139,4097069.388,"Silva","NEON_D17_TEAK_DP1_322000_4097000_classified_point_cloud_colorized.laz","2018_TEAK_3_322000_4097000_image.tif","Tree",1,322000,322999.999,4097000,4097999.999
"1264",1301,322990.758,322999.943,4097065.317,4097075.964,"Silva","NEON_D17_TEAK_DP1_322000_4097000_classified_point_cloud_colorized.laz","2018_TEAK_3_322000_4097000_image.tif","Tree",1,322000,322999.999,4097000,4097999.999
"1265",1302,322793.049,322799.973,4097066.135,4097071.884,"Silva","NEON_D17_TEAK_DP1_322000_4097000_classified_point_cloud_colorized.laz","2018_TEAK_3_322000_4097000_image.tif","Tree",1,322000,322999.999,4097000,4097999.999
"1266",1303,322614.544,322620.834,4097061.83,4097069.342,"Silva","NEON_D17_TEAK_DP1_322000_4097000_classified_point_cloud_colorized.laz","2018_TEAK_3_322000_4097000_image.tif","Tree",1,322000,322999.999,4097000,4097999.999
"1267",1304,322579.118,322582.497,4097063.276,4097066.77,"Silva","NEON_D17_TEAK_DP1_322000_4097000_classified_point_cloud_colorized.laz","2018_TEAK_3_322000_4097000_image.tif","Tree",1,322000,322999.999,4097000,4097999.999
"1268",1305,322984.516,322996.958,4097067.547,4097075.966,"Silva","NEON_D17_TEAK_DP1_322000_4097000_classified_point_cloud_colorized.laz","2018_TEAK_3_322000_4097000_image.tif","Tree",1,322000,322999.999,4097000,4097999.999
"1269",1306,322751.854,322759.969,4097062.6,4097072.915,"Silva","NEON_D17_TEAK_DP1_322000_4097000_classified_point_cloud_colorized.laz","2018_TEAK_3_322000_4097000_image.tif","Tree",1,322000,322999.999,4097000,4097999.999
"1270",1307,322625.081,322631.408,4097062.579,4097069.934,"Silva","NEON_D17_TEAK_DP1_322000_4097000_classified_point_cloud_colorized.laz","2018_TEAK_3_322000_4097000_image.tif","Tree",1,322000,322999.999,4097000,4097999.999
"1271",1308,322838.18,322843.942,4097070.047,4097075.846,"Silva","NEON_D17_TEAK_DP1_322000_4097000_classified_point_cloud_colorized.laz","2018_TEAK_3_322000_4097000_image.tif","Tree",1,322000,322999.999,4097000,4097999.999
"1272",1309,322598.532,322605.478,4097063.415,4097072.164,"Silva","NEON_D17_TEAK_DP1_322000_4097000_classified_point_cloud_colorized.laz","2018_TEAK_3_322000_4097000_image.tif","Tree",1,322000,322999.999,4097000,4097999.999
"1273",1310,322727.025,322732.379,4097067.545,4097073.293,"Silva","NEON_D17_TEAK_DP1_322000_4097000_classified_point_cloud_colorized.laz","2018_TEAK_3_322000_4097000_image.tif","Tree",1,322000,322999.999,4097000,4097999.999
"1274",1311,322619.774,322627.381,4097065.517,4097071.494,"Silva","NEON_D17_TEAK_DP1_322000_4097000_classified_point_cloud_colorized.laz","2018_TEAK_3_322000_4097000_image.tif","Tree",1,322000,322999.999,4097000,4097999.999
"1275",1312,322653.543,322660.447,4097065.621,4097073.982,"Silva","NEON_D17_TEAK_DP1_322000_4097000_classified_point_cloud_colorized.laz","2018_TEAK_3_322000_4097000_image.tif","Tree",1,322000,322999.999,4097000,4097999.999
"1276",1313,322687.864,322695.647,4097065.541,4097074.455,"Silva","NEON_D17_TEAK_DP1_322000_4097000_classified_point_cloud_colorized.laz","2018_TEAK_3_322000_4097000_image.tif","Tree",1,322000,322999.999,4097000,4097999.999
"1277",1314,322831.109,322839.962,4097068.007,4097078.831,"Silva","NEON_D17_TEAK_DP1_322000_4097000_classified_point_cloud_colorized.laz","2018_TEAK_3_322000_4097000_image.tif","Tree",1,322000,322999.999,4097000,4097999.999
"1278",1315,322556.016,322559.959,4097066.11,4097069.977,"Silva","NEON_D17_TEAK_DP1_322000_4097000_classified_point_cloud_colorized.laz","2018_TEAK_3_322000_4097000_image.tif","Tree",1,322000,322999.999,4097000,4097999.999
"1279",1316,322805.61,322809.473,4097072.004,4097075.859,"Silva","NEON_D17_TEAK_DP1_322000_4097000_classified_point_cloud_colorized.laz","2018_TEAK_3_322000_4097000_image.tif","Tree",1,322000,322999.999,4097000,4097999.999
"1280",1317,322638.616,322645.439,4097068.584,4097076.076,"Silva","NEON_D17_TEAK_DP1_322000_4097000_classified_point_cloud_colorized.laz","2018_TEAK_3_322000_4097000_image.tif","Tree",1,322000,322999.999,4097000,4097999.999
"1281",1318,322559.347,322564.909,4097068.012,4097072.995,"Silva","NEON_D17_TEAK_DP1_322000_4097000_classified_point_cloud_colorized.laz","2018_TEAK_3_322000_4097000_image.tif","Tree",1,322000,322999.999,4097000,4097999.999
"1282",1319,322795.013,322801.482,4097071.548,4097079.273,"Silva","NEON_D17_TEAK_DP1_322000_4097000_classified_point_cloud_colorized.laz","2018_TEAK_3_322000_4097000_image.tif","Tree",1,322000,322999.999,4097000,4097999.999
"1283",1320,322581.732,322585.977,4097070.844,4097075.444,"Silva","NEON_D17_TEAK_DP1_322000_4097000_classified_point_cloud_colorized.laz","2018_TEAK_3_322000_4097000_image.tif","Tree",1,322000,322999.999,4097000,4097999.999
"1284",1321,322573.83,322579.468,4097069.006,4097075.296,"Silva","NEON_D17_TEAK_DP1_322000_4097000_classified_point_cloud_colorized.laz","2018_TEAK_3_322000_4097000_image.tif","Tree",1,322000,322999.999,4097000,4097999.999
"1285",1322,322550.503,322554.113,4097072.004,4097076.222,"Silva","NEON_D17_TEAK_DP1_322000_4097000_classified_point_cloud_colorized.laz","2018_TEAK_3_322000_4097000_image.tif","Tree",1,322000,322999.999,4097000,4097999.999
"1286",1323,322758.663,322764.357,4097073.512,4097080.486,"Silva","NEON_D17_TEAK_DP1_322000_4097000_classified_point_cloud_colorized.laz","2018_TEAK_3_322000_4097000_image.tif","Tree",1,322000,322999.999,4097000,4097999.999
"1287",1324,322749.134,322756.904,4097072.618,4097081.489,"Silva","NEON_D17_TEAK_DP1_322000_4097000_classified_point_cloud_colorized.laz","2018_TEAK_3_322000_4097000_image.tif","Tree",1,322000,322999.999,4097000,4097999.999
"1288",1325,322679.6,322686.562,4097074.249,4097080.863,"Silva","NEON_D17_TEAK_DP1_322000_4097000_classified_point_cloud_colorized.laz","2018_TEAK_3_322000_4097000_image.tif","Tree",1,322000,322999.999,4097000,4097999.999
"1289",1326,322560.775,322566.454,4097071.042,4097076.286,"Silva","NEON_D17_TEAK_DP1_322000_4097000_classified_point_cloud_colorized.laz","2018_TEAK_3_322000_4097000_image.tif","Tree",1,322000,322999.999,4097000,4097999.999
"1290",1327,322542.568,322549.952,4097066.515,4097076.819,"Silva","NEON_D17_TEAK_DP1_322000_4097000_classified_point_cloud_colorized.laz","2018_TEAK_3_322000_4097000_image.tif","Tree",1,322000,322999.999,4097000,4097999.999
"1291",1328,322963.01,322973.469,4097077.508,4097084.999,"Silva","NEON_D17_TEAK_DP1_322000_4097000_classified_point_cloud_colorized.laz","2018_TEAK_3_322000_4097000_image.tif","Tree",1,322000,322999.999,4097000,4097999.999
"1292",1330,322664.563,322670.773,4097074.009,4097080.32,"Silva","NEON_D17_TEAK_DP1_322000_4097000_classified_point_cloud_colorized.laz","2018_TEAK_3_322000_4097000_image.tif","Tree",1,322000,322999.999,4097000,4097999.999
"1293",1331,322608.624,322615.455,4097073.006,4097078.775,"Silva","NEON_D17_TEAK_DP1_322000_4097000_classified_point_cloud_colorized.laz","2018_TEAK_3_322000_4097000_image.tif","Tree",1,322000,322999.999,4097000,4097999.999
"1294",1332,322531.7,322535.955,4097071.593,4097077.283,"Silva","NEON_D17_TEAK_DP1_322000_4097000_classified_point_cloud_colorized.laz","2018_TEAK_3_322000_4097000_image.tif","Tree",1,322000,322999.999,4097000,4097999.999
"1295",1333,322980.336,322983.382,4097089.032,4097090.45,"Silva","NEON_D17_TEAK_DP1_322000_4097000_classified_point_cloud_colorized.laz","2018_TEAK_3_322000_4097000_image.tif","Tree",1,322000,322999.999,4097000,4097999.999
"1296",1334,322595.822,322602.306,4097073.027,4097080.151,"Silva","NEON_D17_TEAK_DP1_322000_4097000_classified_point_cloud_colorized.laz","2018_TEAK_3_322000_4097000_image.tif","Tree",1,322000,322999.999,4097000,4097999.999
"1297",1335,322771.55,322775.492,4097078.589,4097082.921,"Silva","NEON_D17_TEAK_DP1_322000_4097000_classified_point_cloud_colorized.laz","2018_TEAK_3_322000_4097000_image.tif","Tree",1,322000,322999.999,4097000,4097999.999
"1298",1336,322566.621,322572.994,4097076.006,4097082.815,"Silva","NEON_D17_TEAK_DP1_322000_4097000_classified_point_cloud_colorized.laz","2018_TEAK_3_322000_4097000_image.tif","Tree",1,322000,322999.999,4097000,4097999.999
"1299",1337,322962.627,322971.969,4097084.628,4097091.474,"Silva","NEON_D17_TEAK_DP1_322000_4097000_classified_point_cloud_colorized.laz","2018_TEAK_3_322000_4097000_image.tif","Tree",1,322000,322999.999,4097000,4097999.999
"1300",1338,322560.547,322562.292,4097078.049,4097082.469,"Silva","NEON_D17_TEAK_DP1_322000_4097000_classified_point_cloud_colorized.laz","2018_TEAK_3_322000_4097000_image.tif","Tree",1,322000,322999.999,4097000,4097999.999
"1301",1339,322699.524,322707.461,4097079.579,4097087.456,"Silva","NEON_D17_TEAK_DP1_322000_4097000_classified_point_cloud_colorized.laz","2018_TEAK_3_322000_4097000_image.tif","Tree",1,322000,322999.999,4097000,4097999.999
"1302",1340,322931.52,322938.048,4097085.531,4097090.998,"Silva","NEON_D17_TEAK_DP1_322000_4097000_classified_point_cloud_colorized.laz","2018_TEAK_3_322000_4097000_image.tif","Tree",1,322000,322999.999,4097000,4097999.999
"1303",1341,322741.965,322745.964,4097080.669,4097085.774,"Silva","NEON_D17_TEAK_DP1_322000_4097000_classified_point_cloud_colorized.laz","2018_TEAK_3_322000_4097000_image.tif","Tree",1,322000,322999.999,4097000,4097999.999
"1304",1342,322629.152,322636.912,4097079.042,4097086.404,"Silva","NEON_D17_TEAK_DP1_322000_4097000_classified_point_cloud_colorized.laz","2018_TEAK_3_322000_4097000_image.tif","Tree",1,322000,322999.999,4097000,4097999.999
"1305",1343,322983.093,322993.187,4097086.018,4097095.387,"Silva","NEON_D17_TEAK_DP1_322000_4097000_classified_point_cloud_colorized.laz","2018_TEAK_3_322000_4097000_image.tif","Tree",1,322000,322999.999,4097000,4097999.999
"1306",1344,322669.513,322674.019,4097081.139,4097087.298,"Silva","NEON_D17_TEAK_DP1_322000_4097000_classified_point_cloud_colorized.laz","2018_TEAK_3_322000_4097000_image.tif","Tree",1,322000,322999.999,4097000,4097999.999
"1307",1345,322576.595,322581.467,4097079.004,4097083.951,"Silva","NEON_D17_TEAK_DP1_322000_4097000_classified_point_cloud_colorized.laz","2018_TEAK_3_322000_4097000_image.tif","Tree",1,322000,322999.999,4097000,4097999.999
"1308",1346,322766.866,322772.958,4097084.048,4097090.487,"Silva","NEON_D17_TEAK_DP1_322000_4097000_classified_point_cloud_colorized.laz","2018_TEAK_3_322000_4097000_image.tif","Tree",1,322000,322999.999,4097000,4097999.999
"1309",1347,322590.098,322595.935,4097080.513,4097087.231,"Silva","NEON_D17_TEAK_DP1_322000_4097000_classified_point_cloud_colorized.laz","2018_TEAK_3_322000_4097000_image.tif","Tree",1,322000,322999.999,4097000,4097999.999
"1310",1348,322844.839,322850.496,4097085.512,4097091.767,"Silva","NEON_D17_TEAK_DP1_322000_4097000_classified_point_cloud_colorized.laz","2018_TEAK_3_322000_4097000_image.tif","Tree",1,322000,322999.999,4097000,4097999.999
"1311",1349,322939.76,322942.098,4097090.516,4097093.056,"Silva","NEON_D17_TEAK_DP1_322000_4097000_classified_point_cloud_colorized.laz","2018_TEAK_3_322000_4097000_image.tif","Tree",1,322000,322999.999,4097000,4097999.999
"1312",1351,322902.192,322908.923,4097088.501,4097092.908,"Silva","NEON_D17_TEAK_DP1_322000_4097000_classified_point_cloud_colorized.laz","2018_TEAK_3_322000_4097000_image.tif","Tree",1,322000,322999.999,4097000,4097999.999
"1313",1353,322974.511,322984.2,4097090.505,4097100.332,"Silva","NEON_D17_TEAK_DP1_322000_4097000_classified_point_cloud_colorized.laz","2018_TEAK_3_322000_4097000_image.tif","Tree",1,322000,322999.999,4097000,4097999.999
"1314",1354,322790.107,322795.469,4097089.414,4097092.81,"Silva","NEON_D17_TEAK_DP1_322000_4097000_classified_point_cloud_colorized.laz","2018_TEAK_3_322000_4097000_image.tif","Tree",1,322000,322999.999,4097000,4097999.999
"1315",1355,322540.437,322547.776,4097082.691,4097088.454,"Silva","NEON_D17_TEAK_DP1_322000_4097000_classified_point_cloud_colorized.laz","2018_TEAK_3_322000_4097000_image.tif","Tree",1,322000,322999.999,4097000,4097999.999
"1316",1356,322849.782,322856.852,4097091.533,4097095.921,"Silva","NEON_D17_TEAK_DP1_322000_4097000_classified_point_cloud_colorized.laz","2018_TEAK_3_322000_4097000_image.tif","Tree",1,322000,322999.999,4097000,4097999.999
"1317",1357,322773.008,322778.391,4097091.599,4097093.977,"Silva","NEON_D17_TEAK_DP1_322000_4097000_classified_point_cloud_colorized.laz","2018_TEAK_3_322000_4097000_image.tif","Tree",1,322000,322999.999,4097000,4097999.999
"1318",1358,322619.693,322623.886,4097086.062,4097089.25,"Silva","NEON_D17_TEAK_DP1_322000_4097000_classified_point_cloud_colorized.laz","2018_TEAK_3_322000_4097000_image.tif","Tree",1,322000,322999.999,4097000,4097999.999
"1319",1360,322779.577,322783.779,4097090.509,4097094.894,"Silva","NEON_D17_TEAK_DP1_322000_4097000_classified_point_cloud_colorized.laz","2018_TEAK_3_322000_4097000_image.tif","Tree",1,322000,322999.999,4097000,4097999.999
"1320",1361,322768.186,322773.486,4097090.015,4097095.739,"Silva","NEON_D17_TEAK_DP1_322000_4097000_classified_point_cloud_colorized.laz","2018_TEAK_3_322000_4097000_image.tif","Tree",1,322000,322999.999,4097000,4097999.999
"1321",1362,322581.572,322586.943,4097086.06,4097091.747,"Silva","NEON_D17_TEAK_DP1_322000_4097000_classified_point_cloud_colorized.laz","2018_TEAK_3_322000_4097000_image.tif","Tree",1,322000,322999.999,4097000,4097999.999
"1322",1363,322535.068,322539.817,4097085.035,4097091.305,"Silva","NEON_D17_TEAK_DP1_322000_4097000_classified_point_cloud_colorized.laz","2018_TEAK_3_322000_4097000_image.tif","Tree",1,322000,322999.999,4097000,4097999.999
"1323",1364,322549.053,322557.488,4097084.575,4097093.633,"Silva","NEON_D17_TEAK_DP1_322000_4097000_classified_point_cloud_colorized.laz","2018_TEAK_3_322000_4097000_image.tif","Tree",1,322000,322999.999,4097000,4097999.999
"1324",1365,322965.548,322976.929,4097093.022,4097103.992,"Silva","NEON_D17_TEAK_DP1_322000_4097000_classified_point_cloud_colorized.laz","2018_TEAK_3_322000_4097000_image.tif","Tree",1,322000,322999.999,4097000,4097999.999
"1325",1366,322626.638,322631.262,4097090.524,4097094.1,"Silva","NEON_D17_TEAK_DP1_322000_4097000_classified_point_cloud_colorized.laz","2018_TEAK_3_322000_4097000_image.tif","Tree",1,322000,322999.999,4097000,4097999.999
"1326",1368,322583.555,322588.377,4097089.424,4097092.978,"Silva","NEON_D17_TEAK_DP1_322000_4097000_classified_point_cloud_colorized.laz","2018_TEAK_3_322000_4097000_image.tif","Tree",1,322000,322999.999,4097000,4097999.999
"1327",1369,322590.024,322596.49,4097088.516,4097095.904,"Silva","NEON_D17_TEAK_DP1_322000_4097000_classified_point_cloud_colorized.laz","2018_TEAK_3_322000_4097000_image.tif","Tree",1,322000,322999.999,4097000,4097999.999
"1328",1370,322707.13,322713.479,4097091.17,4097099.897,"Silva","NEON_D17_TEAK_DP1_322000_4097000_classified_point_cloud_colorized.laz","2018_TEAK_3_322000_4097000_image.tif","Tree",1,322000,322999.999,4097000,4097999.999
"1329",1371,322611.086,322616.287,4097091.562,4097095.475,"Silva","NEON_D17_TEAK_DP1_322000_4097000_classified_point_cloud_colorized.laz","2018_TEAK_3_322000_4097000_image.tif","Tree",1,322000,322999.999,4097000,4097999.999
"1330",1372,322631.133,322636.457,4097090.663,4097096.962,"Silva","NEON_D17_TEAK_DP1_322000_4097000_classified_point_cloud_colorized.laz","2018_TEAK_3_322000_4097000_image.tif","Tree",1,322000,322999.999,4097000,4097999.999
"1331",1373,322934.539,322940.988,4097097.618,4097104.995,"Silva","NEON_D17_TEAK_DP1_322000_4097000_classified_point_cloud_colorized.laz","2018_TEAK_3_322000_4097000_image.tif","Tree",1,322000,322999.999,4097000,4097999.999
"1332",1374,322640.655,322646.064,4097093.014,4097099.434,"Silva","NEON_D17_TEAK_DP1_322000_4097000_classified_point_cloud_colorized.laz","2018_TEAK_3_322000_4097000_image.tif","Tree",1,322000,322999.999,4097000,4097999.999
"1333",1375,322605.025,322614.443,4097092.576,4097100.455,"Silva","NEON_D17_TEAK_DP1_322000_4097000_classified_point_cloud_colorized.laz","2018_TEAK_3_322000_4097000_image.tif","Tree",1,322000,322999.999,4097000,4097999.999
"1334",1376,322595.203,322603.833,4097092.502,4097100.877,"Silva","NEON_D17_TEAK_DP1_322000_4097000_classified_point_cloud_colorized.laz","2018_TEAK_3_322000_4097000_image.tif","Tree",1,322000,322999.999,4097000,4097999.999
"1335",1377,322652.518,322659.319,4097095.018,4097101.421,"Silva","NEON_D17_TEAK_DP1_322000_4097000_classified_point_cloud_colorized.laz","2018_TEAK_3_322000_4097000_image.tif","Tree",1,322000,322999.999,4097000,4097999.999
"1336",1378,322663.06,322667.281,4097094.3,4097101,"Silva","NEON_D17_TEAK_DP1_322000_4097000_classified_point_cloud_colorized.laz","2018_TEAK_3_322000_4097000_image.tif","Tree",1,322000,322999.999,4097000,4097999.999
"1337",1379,322770.026,322774.815,4097099.807,4097102.805,"Silva","NEON_D17_TEAK_DP1_322000_4097000_classified_point_cloud_colorized.laz","2018_TEAK_3_322000_4097000_image.tif","Tree",1,322000,322999.999,4097000,4097999.999
"1338",1380,322713.095,322722.701,4097096.076,4097101.907,"Silva","NEON_D17_TEAK_DP1_322000_4097000_classified_point_cloud_colorized.laz","2018_TEAK_3_322000_4097000_image.tif","Tree",1,322000,322999.999,4097000,4097999.999
"1339",1381,322725.147,322732.693,4097096.068,4097103.476,"Silva","NEON_D17_TEAK_DP1_322000_4097000_classified_point_cloud_colorized.laz","2018_TEAK_3_322000_4097000_image.tif","Tree",1,322000,322999.999,4097000,4097999.999
"1340",1382,322756.82,322762.495,4097099.02,4097103.441,"Silva","NEON_D17_TEAK_DP1_322000_4097000_classified_point_cloud_colorized.laz","2018_TEAK_3_322000_4097000_image.tif","Tree",1,322000,322999.999,4097000,4097999.999
"1341",1383,322649.662,322656.438,4097095.038,4097103.43,"Silva","NEON_D17_TEAK_DP1_322000_4097000_classified_point_cloud_colorized.laz","2018_TEAK_3_322000_4097000_image.tif","Tree",1,322000,322999.999,4097000,4097999.999
"1342",1384,322537.757,322545.414,4097094.021,4097100.996,"Silva","NEON_D17_TEAK_DP1_322000_4097000_classified_point_cloud_colorized.laz","2018_TEAK_3_322000_4097000_image.tif","Tree",1,322000,322999.999,4097000,4097999.999
"1343",1385,322675.186,322683.484,4097097.697,4097106.219,"Silva","NEON_D17_TEAK_DP1_322000_4097000_classified_point_cloud_colorized.laz","2018_TEAK_3_322000_4097000_image.tif","Tree",1,322000,322999.999,4097000,4097999.999
"1344",1386,322790.093,322795.266,4097102.004,4097108.666,"Silva","NEON_D17_TEAK_DP1_322000_4097000_classified_point_cloud_colorized.laz","2018_TEAK_3_322000_4097000_image.tif","Tree",1,322000,322999.999,4097000,4097999.999
"1345",1387,322577.525,322581.907,4097097.001,4097102.953,"Silva","NEON_D17_TEAK_DP1_322000_4097000_classified_point_cloud_colorized.laz","2018_TEAK_3_322000_4097000_image.tif","Tree",1,322000,322999.999,4097000,4097999.999
"1346",1389,322574.242,322578.761,4097097.72,4097106.456,"Silva","NEON_D17_TEAK_DP1_322000_4097000_classified_point_cloud_colorized.laz","2018_TEAK_3_322000_4097000_image.tif","Tree",1,322000,322999.999,4097000,4097999.999
"1347",1390,322647.049,322652.333,4097098.579,4097108.493,"Silva","NEON_D17_TEAK_DP1_322000_4097000_classified_point_cloud_colorized.laz","2018_TEAK_3_322000_4097000_image.tif","Tree",1,322000,322999.999,4097000,4097999.999
"1348",1391,322732.85,322736.206,4097103.603,4097105.342,"Silva","NEON_D17_TEAK_DP1_322000_4097000_classified_point_cloud_colorized.laz","2018_TEAK_3_322000_4097000_image.tif","Tree",1,322000,322999.999,4097000,4097999.999
"1349",1392,322981.552,322989.73,4097107.004,4097115.134,"Silva","NEON_D17_TEAK_DP1_322000_4097000_classified_point_cloud_colorized.laz","2018_TEAK_3_322000_4097000_image.tif","Tree",1,322000,322999.999,4097000,4097999.999
"1350",1393,322580.566,322584.871,4097101.093,4097105.482,"Silva","NEON_D17_TEAK_DP1_322000_4097000_classified_point_cloud_colorized.laz","2018_TEAK_3_322000_4097000_image.tif","Tree",1,322000,322999.999,4097000,4097999.999
"1351",1394,322557.025,322562.338,4097100.556,4097106.92,"Silva","NEON_D17_TEAK_DP1_322000_4097000_classified_point_cloud_colorized.laz","2018_TEAK_3_322000_4097000_image.tif","Tree",1,322000,322999.999,4097000,4097999.999
"1352",1395,322744.11,322745.996,4097107.083,4097109.126,"Silva","NEON_D17_TEAK_DP1_322000_4097000_classified_point_cloud_colorized.laz","2018_TEAK_3_322000_4097000_image.tif","Tree",1,322000,322999.999,4097000,4097999.999
"1353",1396,322878.239,322883.844,4097108.814,4097114.775,"Silva","NEON_D17_TEAK_DP1_322000_4097000_classified_point_cloud_colorized.laz","2018_TEAK_3_322000_4097000_image.tif","Tree",1,322000,322999.999,4097000,4097999.999
"1354",1397,322622.101,322628.864,4097100.501,4097109.483,"Silva","NEON_D17_TEAK_DP1_322000_4097000_classified_point_cloud_colorized.laz","2018_TEAK_3_322000_4097000_image.tif","Tree",1,322000,322999.999,4097000,4097999.999
"1355",1398,322561.512,322570.428,4097098.039,4097109.492,"Silva","NEON_D17_TEAK_DP1_322000_4097000_classified_point_cloud_colorized.laz","2018_TEAK_3_322000_4097000_image.tif","Tree",1,322000,322999.999,4097000,4097999.999
"1356",1399,322616.831,322622.346,4097104.088,4097108.469,"Silva","NEON_D17_TEAK_DP1_322000_4097000_classified_point_cloud_colorized.laz","2018_TEAK_3_322000_4097000_image.tif","Tree",1,322000,322999.999,4097000,4097999.999
"1357",1400,322655.562,322664.977,4097104.069,4097111.497,"Silva","NEON_D17_TEAK_DP1_322000_4097000_classified_point_cloud_colorized.laz","2018_TEAK_3_322000_4097000_image.tif","Tree",1,322000,322999.999,4097000,4097999.999
"1358",1401,322723.686,322728.497,4097107.59,4097112.862,"Silva","NEON_D17_TEAK_DP1_322000_4097000_classified_point_cloud_colorized.laz","2018_TEAK_3_322000_4097000_image.tif","Tree",1,322000,322999.999,4097000,4097999.999
"1359",1402,322735.22,322741.444,4097107.744,4097114.384,"Silva","NEON_D17_TEAK_DP1_322000_4097000_classified_point_cloud_colorized.laz","2018_TEAK_3_322000_4097000_image.tif","Tree",1,322000,322999.999,4097000,4097999.999
"1360",1403,322717.046,322722.411,4097107.504,4097114.452,"Silva","NEON_D17_TEAK_DP1_322000_4097000_classified_point_cloud_colorized.laz","2018_TEAK_3_322000_4097000_image.tif","Tree",1,322000,322999.999,4097000,4097999.999
"1361",1404,322688.017,322689.897,4097108.89,4097110.419,"Silva","NEON_D17_TEAK_DP1_322000_4097000_classified_point_cloud_colorized.laz","2018_TEAK_3_322000_4097000_image.tif","Tree",1,322000,322999.999,4097000,4097999.999
"1362",1405,322626.138,322631.881,4097105.532,4097112.393,"Silva","NEON_D17_TEAK_DP1_322000_4097000_classified_point_cloud_colorized.laz","2018_TEAK_3_322000_4097000_image.tif","Tree",1,322000,322999.999,4097000,4097999.999
"1363",1406,322933.318,322939.768,4097112.005,4097119.121,"Silva","NEON_D17_TEAK_DP1_322000_4097000_classified_point_cloud_colorized.laz","2018_TEAK_3_322000_4097000_image.tif","Tree",1,322000,322999.999,4097000,4097999.999
"1364",1407,322802.059,322803.785,4097113.517,4097114.784,"Silva","NEON_D17_TEAK_DP1_322000_4097000_classified_point_cloud_colorized.laz","2018_TEAK_3_322000_4097000_image.tif","Tree",1,322000,322999.999,4097000,4097999.999
"1365",1408,322584.065,322591.461,4097107.005,4097113.462,"Silva","NEON_D17_TEAK_DP1_322000_4097000_classified_point_cloud_colorized.laz","2018_TEAK_3_322000_4097000_image.tif","Tree",1,322000,322999.999,4097000,4097999.999
"1366",1409,322671.538,322680.358,4097107.514,4097114.982,"Silva","NEON_D17_TEAK_DP1_322000_4097000_classified_point_cloud_colorized.laz","2018_TEAK_3_322000_4097000_image.tif","Tree",1,322000,322999.999,4097000,4097999.999
"1367",1410,322729.609,322733.925,4097113.047,4097116.75,"Silva","NEON_D17_TEAK_DP1_322000_4097000_classified_point_cloud_colorized.laz","2018_TEAK_3_322000_4097000_image.tif","Tree",1,322000,322999.999,4097000,4097999.999
"1368",1411,322742.788,322747.893,4097116.478,4097117.925,"Silva","NEON_D17_TEAK_DP1_322000_4097000_classified_point_cloud_colorized.laz","2018_TEAK_3_322000_4097000_image.tif","Tree",1,322000,322999.999,4097000,4097999.999
"1369",1412,322966.521,322971.43,4097117.238,4097120.565,"Silva","NEON_D17_TEAK_DP1_322000_4097000_classified_point_cloud_colorized.laz","2018_TEAK_3_322000_4097000_image.tif","Tree",1,322000,322999.999,4097000,4097999.999
"1370",1413,322610.089,322617.679,4097107.306,4097113.982,"Silva","NEON_D17_TEAK_DP1_322000_4097000_classified_point_cloud_colorized.laz","2018_TEAK_3_322000_4097000_image.tif","Tree",1,322000,322999.999,4097000,4097999.999
"1371",1414,322597.021,322604.303,4097106.012,4097114.468,"Silva","NEON_D17_TEAK_DP1_322000_4097000_classified_point_cloud_colorized.laz","2018_TEAK_3_322000_4097000_image.tif","Tree",1,322000,322999.999,4097000,4097999.999
"1372",1415,322591.005,322597.405,4097107.046,4097113.992,"Silva","NEON_D17_TEAK_DP1_322000_4097000_classified_point_cloud_colorized.laz","2018_TEAK_3_322000_4097000_image.tif","Tree",1,322000,322999.999,4097000,4097999.999
"1373",1416,322945.565,322952.956,4097115.36,4097125.799,"Silva","NEON_D17_TEAK_DP1_322000_4097000_classified_point_cloud_colorized.laz","2018_TEAK_3_322000_4097000_image.tif","Tree",1,322000,322999.999,4097000,4097999.999
"1374",1417,322572.557,322580.972,4097107.095,4097118.237,"Silva","NEON_D17_TEAK_DP1_322000_4097000_classified_point_cloud_colorized.laz","2018_TEAK_3_322000_4097000_image.tif","Tree",1,322000,322999.999,4097000,4097999.999
"1375",1418,322893.725,322901.462,4097118.05,4097122.995,"Silva","NEON_D17_TEAK_DP1_322000_4097000_classified_point_cloud_colorized.laz","2018_TEAK_3_322000_4097000_image.tif","Tree",1,322000,322999.999,4097000,4097999.999
"1376",1419,322735.047,322741.886,4097115.652,4097122.133,"Silva","NEON_D17_TEAK_DP1_322000_4097000_classified_point_cloud_colorized.laz","2018_TEAK_3_322000_4097000_image.tif","Tree",1,322000,322999.999,4097000,4097999.999
"1377",1420,322658.569,322663.962,4097113.062,4097119.884,"Silva","NEON_D17_TEAK_DP1_322000_4097000_classified_point_cloud_colorized.laz","2018_TEAK_3_322000_4097000_image.tif","Tree",1,322000,322999.999,4097000,4097999.999
"1378",1421,322603.01,322611.393,4097109.042,4097119.705,"Silva","NEON_D17_TEAK_DP1_322000_4097000_classified_point_cloud_colorized.laz","2018_TEAK_3_322000_4097000_image.tif","Tree",1,322000,322999.999,4097000,4097999.999
"1379",1422,322729.402,322735.882,4097115.552,4097122.976,"Silva","NEON_D17_TEAK_DP1_322000_4097000_classified_point_cloud_colorized.laz","2018_TEAK_3_322000_4097000_image.tif","Tree",1,322000,322999.999,4097000,4097999.999
"1380",1423,322611.608,322618.774,4097114.034,4097119.179,"Silva","NEON_D17_TEAK_DP1_322000_4097000_classified_point_cloud_colorized.laz","2018_TEAK_3_322000_4097000_image.tif","Tree",1,322000,322999.999,4097000,4097999.999
"1381",1424,322778.081,322780.971,4097116.668,4097123.711,"Silva","NEON_D17_TEAK_DP1_322000_4097000_classified_point_cloud_colorized.laz","2018_TEAK_3_322000_4097000_image.tif","Tree",1,322000,322999.999,4097000,4097999.999
"1382",1425,322987.062,322994.946,4097122.609,4097129.991,"Silva","NEON_D17_TEAK_DP1_322000_4097000_classified_point_cloud_colorized.laz","2018_TEAK_3_322000_4097000_image.tif","Tree",1,322000,322999.999,4097000,4097999.999
"1383",1426,322769.016,322773.873,4097117.638,4097124.372,"Silva","NEON_D17_TEAK_DP1_322000_4097000_classified_point_cloud_colorized.laz","2018_TEAK_3_322000_4097000_image.tif","Tree",1,322000,322999.999,4097000,4097999.999
"1384",1427,322597.239,322601.979,4097114.26,4097120.086,"Silva","NEON_D17_TEAK_DP1_322000_4097000_classified_point_cloud_colorized.laz","2018_TEAK_3_322000_4097000_image.tif","Tree",1,322000,322999.999,4097000,4097999.999
"1385",1428,322587.535,322591.966,4097113.161,4097120.881,"Silva","NEON_D17_TEAK_DP1_322000_4097000_classified_point_cloud_colorized.laz","2018_TEAK_3_322000_4097000_image.tif","Tree",1,322000,322999.999,4097000,4097999.999
"1386",1429,322790.595,322791.997,4097123.682,4097124.437,"Silva","NEON_D17_TEAK_DP1_322000_4097000_classified_point_cloud_colorized.laz","2018_TEAK_3_322000_4097000_image.tif","Tree",1,322000,322999.999,4097000,4097999.999
"1387",1430,322742.127,322748.378,4097118.024,4097127.47,"Silva","NEON_D17_TEAK_DP1_322000_4097000_classified_point_cloud_colorized.laz","2018_TEAK_3_322000_4097000_image.tif","Tree",1,322000,322999.999,4097000,4097999.999
"1388",1431,322714.199,322718.833,4097119.091,4097124.368,"Silva","NEON_D17_TEAK_DP1_322000_4097000_classified_point_cloud_colorized.laz","2018_TEAK_3_322000_4097000_image.tif","Tree",1,322000,322999.999,4097000,4097999.999
"1389",1432,322583.269,322591.491,4097118.005,4097125.959,"Silva","NEON_D17_TEAK_DP1_322000_4097000_classified_point_cloud_colorized.laz","2018_TEAK_3_322000_4097000_image.tif","Tree",1,322000,322999.999,4097000,4097999.999
"1390",1433,322673.46,322680.484,4097119.22,4097125.927,"Silva","NEON_D17_TEAK_DP1_322000_4097000_classified_point_cloud_colorized.laz","2018_TEAK_3_322000_4097000_image.tif","Tree",1,322000,322999.999,4097000,4097999.999
"1391",1434,322559.075,322564.969,4097116.581,4097123.986,"Silva","NEON_D17_TEAK_DP1_322000_4097000_classified_point_cloud_colorized.laz","2018_TEAK_3_322000_4097000_image.tif","Tree",1,322000,322999.999,4097000,4097999.999
"1392",1435,322615.584,322620.414,4097118.923,4097123.971,"Silva","NEON_D17_TEAK_DP1_322000_4097000_classified_point_cloud_colorized.laz","2018_TEAK_3_322000_4097000_image.tif","Tree",1,322000,322999.999,4097000,4097999.999
"1393",1436,322564.005,322573.467,4097117.008,4097123.895,"Silva","NEON_D17_TEAK_DP1_322000_4097000_classified_point_cloud_colorized.laz","2018_TEAK_3_322000_4097000_image.tif","Tree",1,322000,322999.999,4097000,4097999.999
"1394",1437,322710.544,322711.483,4097124.262,4097125.434,"Silva","NEON_D17_TEAK_DP1_322000_4097000_classified_point_cloud_colorized.laz","2018_TEAK_3_322000_4097000_image.tif","Tree",1,322000,322999.999,4097000,4097999.999
"1395",1438,322573.72,322584.709,4097117.008,4097128.903,"Silva","NEON_D17_TEAK_DP1_322000_4097000_classified_point_cloud_colorized.laz","2018_TEAK_3_322000_4097000_image.tif","Tree",1,322000,322999.999,4097000,4097999.999
"1396",1439,322853.756,322858.452,4097124.52,4097132.481,"Silva","NEON_D17_TEAK_DP1_322000_4097000_classified_point_cloud_colorized.laz","2018_TEAK_3_322000_4097000_image.tif","Tree",1,322000,322999.999,4097000,4097999.999
"1397",1441,322725.158,322731.352,4097124.569,4097132.377,"Silva","NEON_D17_TEAK_DP1_322000_4097000_classified_point_cloud_colorized.laz","2018_TEAK_3_322000_4097000_image.tif","Tree",1,322000,322999.999,4097000,4097999.999
"1398",1442,322615.114,322622.449,4097123.582,4097130.949,"Silva","NEON_D17_TEAK_DP1_322000_4097000_classified_point_cloud_colorized.laz","2018_TEAK_3_322000_4097000_image.tif","Tree",1,322000,322999.999,4097000,4097999.999
"1399",1443,322563.347,322571.491,4097123.119,4097131.362,"Silva","NEON_D17_TEAK_DP1_322000_4097000_classified_point_cloud_colorized.laz","2018_TEAK_3_322000_4097000_image.tif","Tree",1,322000,322999.999,4097000,4097999.999
"1400",1444,322589.506,322599.944,4097122.349,4097129.68,"Silva","NEON_D17_TEAK_DP1_322000_4097000_classified_point_cloud_colorized.laz","2018_TEAK_3_322000_4097000_image.tif","Tree",1,322000,322999.999,4097000,4097999.999
"1401",1445,322931.826,322934.224,4097132.584,4097134.996,"Silva","NEON_D17_TEAK_DP1_322000_4097000_classified_point_cloud_colorized.laz","2018_TEAK_3_322000_4097000_image.tif","Tree",1,322000,322999.999,4097000,4097999.999
"1402",1446,322747.123,322756.698,4097126.106,4097132.982,"Silva","NEON_D17_TEAK_DP1_322000_4097000_classified_point_cloud_colorized.laz","2018_TEAK_3_322000_4097000_image.tif","Tree",1,322000,322999.999,4097000,4097999.999
"1403",1447,322722.244,322724.803,4097129.888,4097130.79,"Silva","NEON_D17_TEAK_DP1_322000_4097000_classified_point_cloud_colorized.laz","2018_TEAK_3_322000_4097000_image.tif","Tree",1,322000,322999.999,4097000,4097999.999
"1404",1448,322598.865,322605.874,4097124.123,4097131.683,"Silva","NEON_D17_TEAK_DP1_322000_4097000_classified_point_cloud_colorized.laz","2018_TEAK_3_322000_4097000_image.tif","Tree",1,322000,322999.999,4097000,4097999.999
"1405",1449,322711.528,322714.991,4097130.085,4097133.143,"Silva","NEON_D17_TEAK_DP1_322000_4097000_classified_point_cloud_colorized.laz","2018_TEAK_3_322000_4097000_image.tif","Tree",1,322000,322999.999,4097000,4097999.999
"1406",1450,322706.605,322710.808,4097131.604,4097133.988,"Silva","NEON_D17_TEAK_DP1_322000_4097000_classified_point_cloud_colorized.laz","2018_TEAK_3_322000_4097000_image.tif","Tree",1,322000,322999.999,4097000,4097999.999
"1407",1451,322683.07,322688.773,4097127.081,4097136.907,"Silva","NEON_D17_TEAK_DP1_322000_4097000_classified_point_cloud_colorized.laz","2018_TEAK_3_322000_4097000_image.tif","Tree",1,322000,322999.999,4097000,4097999.999
"1408",1452,322624.142,322630.834,4097126.556,4097133.495,"Silva","NEON_D17_TEAK_DP1_322000_4097000_classified_point_cloud_colorized.laz","2018_TEAK_3_322000_4097000_image.tif","Tree",1,322000,322999.999,4097000,4097999.999
"1409",1454,322689.07,322689.739,4097130.116,4097131.586,"Silva","NEON_D17_TEAK_DP1_322000_4097000_classified_point_cloud_colorized.laz","2018_TEAK_3_322000_4097000_image.tif","Tree",1,322000,322999.999,4097000,4097999.999
"1410",1455,322822.928,322830.986,4097130.049,4097139.974,"Silva","NEON_D17_TEAK_DP1_322000_4097000_classified_point_cloud_colorized.laz","2018_TEAK_3_322000_4097000_image.tif","Tree",1,322000,322999.999,4097000,4097999.999
"1411",1457,322535.201,322535.951,4097127.175,4097128.28,"Silva","NEON_D17_TEAK_DP1_322000_4097000_classified_point_cloud_colorized.laz","2018_TEAK_3_322000_4097000_image.tif","Tree",1,322000,322999.999,4097000,4097999.999
"1412",1458,322662.053,322668.895,4097128.737,4097136.295,"Silva","NEON_D17_TEAK_DP1_322000_4097000_classified_point_cloud_colorized.laz","2018_TEAK_3_322000_4097000_image.tif","Tree",1,322000,322999.999,4097000,4097999.999
"1413",1459,322737.581,322741.475,4097139.708,4097141.964,"Silva","NEON_D17_TEAK_DP1_322000_4097000_classified_point_cloud_colorized.laz","2018_TEAK_3_322000_4097000_image.tif","Tree",1,322000,322999.999,4097000,4097999.999
"1414",1460,322579.643,322591.942,4097126.721,4097135.86,"Silva","NEON_D17_TEAK_DP1_322000_4097000_classified_point_cloud_colorized.laz","2018_TEAK_3_322000_4097000_image.tif","Tree",1,322000,322999.999,4097000,4097999.999
"1415",1461,322796.545,322803.977,4097133.848,4097143.423,"Silva","NEON_D17_TEAK_DP1_322000_4097000_classified_point_cloud_colorized.laz","2018_TEAK_3_322000_4097000_image.tif","Tree",1,322000,322999.999,4097000,4097999.999
"1416",1462,322602.956,322610.978,4097131.221,4097138.495,"Silva","NEON_D17_TEAK_DP1_322000_4097000_classified_point_cloud_colorized.laz","2018_TEAK_3_322000_4097000_image.tif","Tree",1,322000,322999.999,4097000,4097999.999
"1417",1463,322559.139,322565.621,4097131.014,4097137.99,"Silva","NEON_D17_TEAK_DP1_322000_4097000_classified_point_cloud_colorized.laz","2018_TEAK_3_322000_4097000_image.tif","Tree",1,322000,322999.999,4097000,4097999.999
"1418",1464,322700.001,322704.455,4097132.509,4097141.493,"Silva","NEON_D17_TEAK_DP1_322000_4097000_classified_point_cloud_colorized.laz","2018_TEAK_3_322000_4097000_image.tif","Tree",1,322000,322999.999,4097000,4097999.999
"1419",1465,322741.578,322751.811,4097135.836,4097141.857,"Silva","NEON_D17_TEAK_DP1_322000_4097000_classified_point_cloud_colorized.laz","2018_TEAK_3_322000_4097000_image.tif","Tree",1,322000,322999.999,4097000,4097999.999
"1420",1466,322841.105,322844.954,4097137.006,4097144.482,"Silva","NEON_D17_TEAK_DP1_322000_4097000_classified_point_cloud_colorized.laz","2018_TEAK_3_322000_4097000_image.tif","Tree",1,322000,322999.999,4097000,4097999.999
"1421",1468,322596.78,322603.971,4097134.591,4097142.934,"Silva","NEON_D17_TEAK_DP1_322000_4097000_classified_point_cloud_colorized.laz","2018_TEAK_3_322000_4097000_image.tif","Tree",1,322000,322999.999,4097000,4097999.999
"1422",1469,322579.665,322585.147,4097135.002,4097141.988,"Silva","NEON_D17_TEAK_DP1_322000_4097000_classified_point_cloud_colorized.laz","2018_TEAK_3_322000_4097000_image.tif","Tree",1,322000,322999.999,4097000,4097999.999
"1423",1470,322608.518,322617.366,4097135.523,4097142.976,"Silva","NEON_D17_TEAK_DP1_322000_4097000_classified_point_cloud_colorized.laz","2018_TEAK_3_322000_4097000_image.tif","Tree",1,322000,322999.999,4097000,4097999.999
"1424",1471,322715.232,322720.434,4097140.621,4097145.339,"Silva","NEON_D17_TEAK_DP1_322000_4097000_classified_point_cloud_colorized.laz","2018_TEAK_3_322000_4097000_image.tif","Tree",1,322000,322999.999,4097000,4097999.999
"1425",1472,322997.003,322999.979,4097145.754,4097150.457,"Silva","NEON_D17_TEAK_DP1_322000_4097000_classified_point_cloud_colorized.laz","2018_TEAK_3_322000_4097000_image.tif","Tree",1,322000,322999.999,4097000,4097999.999
"1426",1473,322763.139,322775.239,4097137.809,4097148.334,"Silva","NEON_D17_TEAK_DP1_322000_4097000_classified_point_cloud_colorized.laz","2018_TEAK_3_322000_4097000_image.tif","Tree",1,322000,322999.999,4097000,4097999.999
"1427",1474,322622.033,322628.488,4097139.457,4097145.943,"Silva","NEON_D17_TEAK_DP1_322000_4097000_classified_point_cloud_colorized.laz","2018_TEAK_3_322000_4097000_image.tif","Tree",1,322000,322999.999,4097000,4097999.999
"1428",1475,322601.06,322608.876,4097138.138,4097145.712,"Silva","NEON_D17_TEAK_DP1_322000_4097000_classified_point_cloud_colorized.laz","2018_TEAK_3_322000_4097000_image.tif","Tree",1,322000,322999.999,4097000,4097999.999
"1429",1476,322586.568,322593.833,4097137.836,4097142.887,"Silva","NEON_D17_TEAK_DP1_322000_4097000_classified_point_cloud_colorized.laz","2018_TEAK_3_322000_4097000_image.tif","Tree",1,322000,322999.999,4097000,4097999.999
"1430",1477,322834.116,322841.726,4097142.507,4097149.499,"Silva","NEON_D17_TEAK_DP1_322000_4097000_classified_point_cloud_colorized.laz","2018_TEAK_3_322000_4097000_image.tif","Tree",1,322000,322999.999,4097000,4097999.999
"1431",1478,322748.105,322758.938,4097140.298,4097149.283,"Silva","NEON_D17_TEAK_DP1_322000_4097000_classified_point_cloud_colorized.laz","2018_TEAK_3_322000_4097000_image.tif","Tree",1,322000,322999.999,4097000,4097999.999
"1432",1479,322542.033,322547.46,4097139.05,4097145.462,"Silva","NEON_D17_TEAK_DP1_322000_4097000_classified_point_cloud_colorized.laz","2018_TEAK_3_322000_4097000_image.tif","Tree",1,322000,322999.999,4097000,4097999.999
"1433",1481,322788.106,322792.826,4097144.173,4097148.879,"Silva","NEON_D17_TEAK_DP1_322000_4097000_classified_point_cloud_colorized.laz","2018_TEAK_3_322000_4097000_image.tif","Tree",1,322000,322999.999,4097000,4097999.999
"1434",1482,322546.033,322552.227,4097139.046,4097146.959,"Silva","NEON_D17_TEAK_DP1_322000_4097000_classified_point_cloud_colorized.laz","2018_TEAK_3_322000_4097000_image.tif","Tree",1,322000,322999.999,4097000,4097999.999
"1435",1483,322581.522,322585.477,4097142.062,4097146.319,"Silva","NEON_D17_TEAK_DP1_322000_4097000_classified_point_cloud_colorized.laz","2018_TEAK_3_322000_4097000_image.tif","Tree",1,322000,322999.999,4097000,4097999.999
"1436",1484,322710.003,322715.409,4097143.62,4097149.979,"Silva","NEON_D17_TEAK_DP1_322000_4097000_classified_point_cloud_colorized.laz","2018_TEAK_3_322000_4097000_image.tif","Tree",1,322000,322999.999,4097000,4097999.999
"1437",1485,322798.622,322810.487,4097142.502,4097152.961,"Silva","NEON_D17_TEAK_DP1_322000_4097000_classified_point_cloud_colorized.laz","2018_TEAK_3_322000_4097000_image.tif","Tree",1,322000,322999.999,4097000,4097999.999
"1438",1486,322897.011,322905.452,4097145.518,4097151.999,"Silva","NEON_D17_TEAK_DP1_322000_4097000_classified_point_cloud_colorized.laz","2018_TEAK_3_322000_4097000_image.tif","Tree",1,322000,322999.999,4097000,4097999.999
"1439",1487,322644.04,322650.798,4097143.196,4097150.218,"Silva","NEON_D17_TEAK_DP1_322000_4097000_classified_point_cloud_colorized.laz","2018_TEAK_3_322000_4097000_image.tif","Tree",1,322000,322999.999,4097000,4097999.999
"1440",1488,322872.136,322879.288,4097145.541,4097155.125,"Silva","NEON_D17_TEAK_DP1_322000_4097000_classified_point_cloud_colorized.laz","2018_TEAK_3_322000_4097000_image.tif","Tree",1,322000,322999.999,4097000,4097999.999
"1441",1489,322856.149,322861.976,4097149.695,4097155.912,"Silva","NEON_D17_TEAK_DP1_322000_4097000_classified_point_cloud_colorized.laz","2018_TEAK_3_322000_4097000_image.tif","Tree",1,322000,322999.999,4097000,4097999.999
"1442",1490,322705.057,322710.393,4097148.551,4097154.247,"Silva","NEON_D17_TEAK_DP1_322000_4097000_classified_point_cloud_colorized.laz","2018_TEAK_3_322000_4097000_image.tif","Tree",1,322000,322999.999,4097000,4097999.999
"1443",1491,322547.52,322554.495,4097144.54,4097151.492,"Silva","NEON_D17_TEAK_DP1_322000_4097000_classified_point_cloud_colorized.laz","2018_TEAK_3_322000_4097000_image.tif","Tree",1,322000,322999.999,4097000,4097999.999
"1444",1492,322735.028,322742.478,4097145.146,4097154.458,"Silva","NEON_D17_TEAK_DP1_322000_4097000_classified_point_cloud_colorized.laz","2018_TEAK_3_322000_4097000_image.tif","Tree",1,322000,322999.999,4097000,4097999.999
"1445",1493,322789.685,322793.937,4097149.639,4097153.88,"Silva","NEON_D17_TEAK_DP1_322000_4097000_classified_point_cloud_colorized.laz","2018_TEAK_3_322000_4097000_image.tif","Tree",1,322000,322999.999,4097000,4097999.999
"1446",1494,322997.052,322999.924,4097152.685,4097158.296,"Silva","NEON_D17_TEAK_DP1_322000_4097000_classified_point_cloud_colorized.laz","2018_TEAK_3_322000_4097000_image.tif","Tree",1,322000,322999.999,4097000,4097999.999
"1447",1495,322742.545,322750.448,4097148.513,4097154.945,"Silva","NEON_D17_TEAK_DP1_322000_4097000_classified_point_cloud_colorized.laz","2018_TEAK_3_322000_4097000_image.tif","Tree",1,322000,322999.999,4097000,4097999.999
"1448",1496,322947.027,322954.919,4097152.604,4097158.492,"Silva","NEON_D17_TEAK_DP1_322000_4097000_classified_point_cloud_colorized.laz","2018_TEAK_3_322000_4097000_image.tif","Tree",1,322000,322999.999,4097000,4097999.999
"1449",1497,322559.509,322566.996,4097148.014,4097154.475,"Silva","NEON_D17_TEAK_DP1_322000_4097000_classified_point_cloud_colorized.laz","2018_TEAK_3_322000_4097000_image.tif","Tree",1,322000,322999.999,4097000,4097999.999
"1450",1498,322567.304,322575.498,4097149.509,4097156.319,"Silva","NEON_D17_TEAK_DP1_322000_4097000_classified_point_cloud_colorized.laz","2018_TEAK_3_322000_4097000_image.tif","Tree",1,322000,322999.999,4097000,4097999.999
"1451",1499,322993.517,322999.46,4097155.589,4097161.5,"Silva","NEON_D17_TEAK_DP1_322000_4097000_classified_point_cloud_colorized.laz","2018_TEAK_3_322000_4097000_image.tif","Tree",1,322000,322999.999,4097000,4097999.999
"1452",1500,322662.114,322668.459,4097152.012,4097158.351,"Silva","NEON_D17_TEAK_DP1_322000_4097000_classified_point_cloud_colorized.laz","2018_TEAK_3_322000_4097000_image.tif","Tree",1,322000,322999.999,4097000,4097999.999
"1453",1501,322951.502,322958.994,4097155.038,4097163.46,"Silva","NEON_D17_TEAK_DP1_322000_4097000_classified_point_cloud_colorized.laz","2018_TEAK_3_322000_4097000_image.tif","Tree",1,322000,322999.999,4097000,4097999.999
"1454",1502,322590.022,322601.846,4097149.609,4097158.903,"Silva","NEON_D17_TEAK_DP1_322000_4097000_classified_point_cloud_colorized.laz","2018_TEAK_3_322000_4097000_image.tif","Tree",1,322000,322999.999,4097000,4097999.999
"1455",1503,322558.068,322564.432,4097151.564,4097158.598,"Silva","NEON_D17_TEAK_DP1_322000_4097000_classified_point_cloud_colorized.laz","2018_TEAK_3_322000_4097000_image.tif","Tree",1,322000,322999.999,4097000,4097999.999
"1456",1504,322650.582,322654.32,4097153.264,4097158.439,"Silva","NEON_D17_TEAK_DP1_322000_4097000_classified_point_cloud_colorized.laz","2018_TEAK_3_322000_4097000_image.tif","Tree",1,322000,322999.999,4097000,4097999.999
"1457",1505,322546.516,322555.44,4097151.528,4097159.272,"Silva","NEON_D17_TEAK_DP1_322000_4097000_classified_point_cloud_colorized.laz","2018_TEAK_3_322000_4097000_image.tif","Tree",1,322000,322999.999,4097000,4097999.999
"1458",1506,322643.069,322646.879,4097155.004,4097158.497,"Silva","NEON_D17_TEAK_DP1_322000_4097000_classified_point_cloud_colorized.laz","2018_TEAK_3_322000_4097000_image.tif","Tree",1,322000,322999.999,4097000,4097999.999
"1459",1507,322655.179,322662.295,4097153.615,4097160.942,"Silva","NEON_D17_TEAK_DP1_322000_4097000_classified_point_cloud_colorized.laz","2018_TEAK_3_322000_4097000_image.tif","Tree",1,322000,322999.999,4097000,4097999.999
"1460",1508,322741.595,322747.742,4097155.172,4097160.209,"Silva","NEON_D17_TEAK_DP1_322000_4097000_classified_point_cloud_colorized.laz","2018_TEAK_3_322000_4097000_image.tif","Tree",1,322000,322999.999,4097000,4097999.999
"1461",1509,322569.924,322579.992,4097152.856,4097161.659,"Silva","NEON_D17_TEAK_DP1_322000_4097000_classified_point_cloud_colorized.laz","2018_TEAK_3_322000_4097000_image.tif","Tree",1,322000,322999.999,4097000,4097999.999
"1462",1510,322806.376,322806.475,4097163.209,4097163.392,"Silva","NEON_D17_TEAK_DP1_322000_4097000_classified_point_cloud_colorized.laz","2018_TEAK_3_322000_4097000_image.tif","Tree",1,322000,322999.999,4097000,4097999.999
"1463",1511,322553.082,322562.188,4097155.071,4097164.999,"Silva","NEON_D17_TEAK_DP1_322000_4097000_classified_point_cloud_colorized.laz","2018_TEAK_3_322000_4097000_image.tif","Tree",1,322000,322999.999,4097000,4097999.999
"1464",1512,322652.543,322657.968,4097158.004,4097163.745,"Silva","NEON_D17_TEAK_DP1_322000_4097000_classified_point_cloud_colorized.laz","2018_TEAK_3_322000_4097000_image.tif","Tree",1,322000,322999.999,4097000,4097999.999
"1465",1513,322535.005,322544.497,4097156.51,4097163.761,"Silva","NEON_D17_TEAK_DP1_322000_4097000_classified_point_cloud_colorized.laz","2018_TEAK_3_322000_4097000_image.tif","Tree",1,322000,322999.999,4097000,4097999.999
"1466",1514,322974.335,322980.989,4097164.281,4097171.896,"Silva","NEON_D17_TEAK_DP1_322000_4097000_classified_point_cloud_colorized.laz","2018_TEAK_3_322000_4097000_image.tif","Tree",1,322000,322999.999,4097000,4097999.999
"1467",1515,322992.07,322997.959,4097163.552,4097169.491,"Silva","NEON_D17_TEAK_DP1_322000_4097000_classified_point_cloud_colorized.laz","2018_TEAK_3_322000_4097000_image.tif","Tree",1,322000,322999.999,4097000,4097999.999
"1468",1516,322676.036,322681.851,4097160.514,4097166.493,"Silva","NEON_D17_TEAK_DP1_322000_4097000_classified_point_cloud_colorized.laz","2018_TEAK_3_322000_4097000_image.tif","Tree",1,322000,322999.999,4097000,4097999.999
"1469",1517,322543.655,322551.851,4097157.161,4097164.946,"Silva","NEON_D17_TEAK_DP1_322000_4097000_classified_point_cloud_colorized.laz","2018_TEAK_3_322000_4097000_image.tif","Tree",1,322000,322999.999,4097000,4097999.999
"1470",1518,322562.187,322569.954,4097158.051,4097165,"Silva","NEON_D17_TEAK_DP1_322000_4097000_classified_point_cloud_colorized.laz","2018_TEAK_3_322000_4097000_image.tif","Tree",1,322000,322999.999,4097000,4097999.999
"1471",1519,322630.829,322632.432,4097162.255,4097164.496,"Silva","NEON_D17_TEAK_DP1_322000_4097000_classified_point_cloud_colorized.laz","2018_TEAK_3_322000_4097000_image.tif","Tree",1,322000,322999.999,4097000,4097999.999
"1472",1520,322734.014,322739.258,4097162.261,4097168.591,"Silva","NEON_D17_TEAK_DP1_322000_4097000_classified_point_cloud_colorized.laz","2018_TEAK_3_322000_4097000_image.tif","Tree",1,322000,322999.999,4097000,4097999.999
"1473",1521,322815.192,322816.378,4097166.943,4097167.334,"Silva","NEON_D17_TEAK_DP1_322000_4097000_classified_point_cloud_colorized.laz","2018_TEAK_3_322000_4097000_image.tif","Tree",1,322000,322999.999,4097000,4097999.999
"1474",1522,322687.692,322694.383,4097163.1,4097169.488,"Silva","NEON_D17_TEAK_DP1_322000_4097000_classified_point_cloud_colorized.laz","2018_TEAK_3_322000_4097000_image.tif","Tree",1,322000,322999.999,4097000,4097999.999
"1475",1523,322660.526,322666.995,4097160.364,4097167.985,"Silva","NEON_D17_TEAK_DP1_322000_4097000_classified_point_cloud_colorized.laz","2018_TEAK_3_322000_4097000_image.tif","Tree",1,322000,322999.999,4097000,4097999.999
"1476",1524,322613.51,322620.89,4097161.527,4097169.281,"Silva","NEON_D17_TEAK_DP1_322000_4097000_classified_point_cloud_colorized.laz","2018_TEAK_3_322000_4097000_image.tif","Tree",1,322000,322999.999,4097000,4097999.999
"1477",1525,322723.646,322731.097,4097163.177,4097172.499,"Silva","NEON_D17_TEAK_DP1_322000_4097000_classified_point_cloud_colorized.laz","2018_TEAK_3_322000_4097000_image.tif","Tree",1,322000,322999.999,4097000,4097999.999
"1478",1526,322592.871,322599.812,4097164.784,4097171.498,"Silva","NEON_D17_TEAK_DP1_322000_4097000_classified_point_cloud_colorized.laz","2018_TEAK_3_322000_4097000_image.tif","Tree",1,322000,322999.999,4097000,4097999.999
"1479",1527,322700.549,322706.478,4097164.859,4097171.979,"Silva","NEON_D17_TEAK_DP1_322000_4097000_classified_point_cloud_colorized.laz","2018_TEAK_3_322000_4097000_image.tif","Tree",1,322000,322999.999,4097000,4097999.999
"1480",1528,322745.573,322751.482,4097167.785,4097173.422,"Silva","NEON_D17_TEAK_DP1_322000_4097000_classified_point_cloud_colorized.laz","2018_TEAK_3_322000_4097000_image.tif","Tree",1,322000,322999.999,4097000,4097999.999
"1481",1529,322645.548,322651.463,4097168.014,4097173.947,"Silva","NEON_D17_TEAK_DP1_322000_4097000_classified_point_cloud_colorized.laz","2018_TEAK_3_322000_4097000_image.tif","Tree",1,322000,322999.999,4097000,4097999.999
"1482",1531,322954.172,322962.957,4097171.02,4097177.818,"Silva","NEON_D17_TEAK_DP1_322000_4097000_classified_point_cloud_colorized.laz","2018_TEAK_3_322000_4097000_image.tif","Tree",1,322000,322999.999,4097000,4097999.999
"1483",1532,322674.611,322680.435,4097170.507,4097176.005,"Silva","NEON_D17_TEAK_DP1_322000_4097000_classified_point_cloud_colorized.laz","2018_TEAK_3_322000_4097000_image.tif","Tree",1,322000,322999.999,4097000,4097999.999
"1484",1533,322643.521,322647.885,4097171.209,4097175.48,"Silva","NEON_D17_TEAK_DP1_322000_4097000_classified_point_cloud_colorized.laz","2018_TEAK_3_322000_4097000_image.tif","Tree",1,322000,322999.999,4097000,4097999.999
"1485",1534,322535.035,322541.989,4097170.942,4097176.867,"Silva","NEON_D17_TEAK_DP1_322000_4097000_classified_point_cloud_colorized.laz","2018_TEAK_3_322000_4097000_image.tif","Tree",1,322000,322999.999,4097000,4097999.999
"1486",1536,322760.07,322766.16,4097173.525,4097180.441,"Silva","NEON_D17_TEAK_DP1_322000_4097000_classified_point_cloud_colorized.laz","2018_TEAK_3_322000_4097000_image.tif","Tree",1,322000,322999.999,4097000,4097999.999
"1487",1537,322658.221,322666.951,4097173.061,4097180.245,"Silva","NEON_D17_TEAK_DP1_322000_4097000_classified_point_cloud_colorized.laz","2018_TEAK_3_322000_4097000_image.tif","Tree",1,322000,322999.999,4097000,4097999.999
"1488",1538,322954.159,322961.497,4097176.803,4097180.961,"Silva","NEON_D17_TEAK_DP1_322000_4097000_classified_point_cloud_colorized.laz","2018_TEAK_3_322000_4097000_image.tif","Tree",1,322000,322999.999,4097000,4097999.999
"1489",1539,322726.798,322731.943,4097174.192,4097180.489,"Silva","NEON_D17_TEAK_DP1_322000_4097000_classified_point_cloud_colorized.laz","2018_TEAK_3_322000_4097000_image.tif","Tree",1,322000,322999.999,4097000,4097999.999
"1490",1540,322650.076,322658.496,4097170.151,4097181.775,"Silva","NEON_D17_TEAK_DP1_322000_4097000_classified_point_cloud_colorized.laz","2018_TEAK_3_322000_4097000_image.tif","Tree",1,322000,322999.999,4097000,4097999.999
"1491",1541,322987.252,322995.965,4097175.216,4097184.859,"Silva","NEON_D17_TEAK_DP1_322000_4097000_classified_point_cloud_colorized.laz","2018_TEAK_3_322000_4097000_image.tif","Tree",1,322000,322999.999,4097000,4097999.999
"1492",1542,322730.301,322736.468,4097175.558,4097184.397,"Silva","NEON_D17_TEAK_DP1_322000_4097000_classified_point_cloud_colorized.laz","2018_TEAK_3_322000_4097000_image.tif","Tree",1,322000,322999.999,4097000,4097999.999
"1493",1543,322723.196,322727.946,4097174.572,4097181.981,"Silva","NEON_D17_TEAK_DP1_322000_4097000_classified_point_cloud_colorized.laz","2018_TEAK_3_322000_4097000_image.tif","Tree",1,322000,322999.999,4097000,4097999.999
"1494",1544,322584.114,322587.821,4097174.658,4097179.418,"Silva","NEON_D17_TEAK_DP1_322000_4097000_classified_point_cloud_colorized.laz","2018_TEAK_3_322000_4097000_image.tif","Tree",1,322000,322999.999,4097000,4097999.999
"1495",1545,322820.936,322825.997,4097179.159,4097182.858,"Silva","NEON_D17_TEAK_DP1_322000_4097000_classified_point_cloud_colorized.laz","2018_TEAK_3_322000_4097000_image.tif","Tree",1,322000,322999.999,4097000,4097999.999
"1496",1546,322646.552,322655.751,4097174.583,4097185.291,"Silva","NEON_D17_TEAK_DP1_322000_4097000_classified_point_cloud_colorized.laz","2018_TEAK_3_322000_4097000_image.tif","Tree",1,322000,322999.999,4097000,4097999.999
"1497",1547,322638.886,322643.106,4097177.743,4097181.376,"Silva","NEON_D17_TEAK_DP1_322000_4097000_classified_point_cloud_colorized.laz","2018_TEAK_3_322000_4097000_image.tif","Tree",1,322000,322999.999,4097000,4097999.999
"1498",1548,322856.378,322862.881,4097178.773,4097185.974,"Silva","NEON_D17_TEAK_DP1_322000_4097000_classified_point_cloud_colorized.laz","2018_TEAK_3_322000_4097000_image.tif","Tree",1,322000,322999.999,4097000,4097999.999
"1499",1549,322584.05,322588.949,4097178.292,4097182.999,"Silva","NEON_D17_TEAK_DP1_322000_4097000_classified_point_cloud_colorized.laz","2018_TEAK_3_322000_4097000_image.tif","Tree",1,322000,322999.999,4097000,4097999.999
"1500",1550,322608.071,322616.452,4097176.639,4097184.962,"Silva","NEON_D17_TEAK_DP1_322000_4097000_classified_point_cloud_colorized.laz","2018_TEAK_3_322000_4097000_image.tif","Tree",1,322000,322999.999,4097000,4097999.999
"1501",1551,322659.605,322670.195,4097177.193,4097188.445,"Silva","NEON_D17_TEAK_DP1_322000_4097000_classified_point_cloud_colorized.laz","2018_TEAK_3_322000_4097000_image.tif","Tree",1,322000,322999.999,4097000,4097999.999
"1502",1552,322675.212,322683.292,4097179.602,4097185.276,"Silva","NEON_D17_TEAK_DP1_322000_4097000_classified_point_cloud_colorized.laz","2018_TEAK_3_322000_4097000_image.tif","Tree",1,322000,322999.999,4097000,4097999.999
"1503",1554,322642.007,322648.246,4097180.047,4097186.991,"Silva","NEON_D17_TEAK_DP1_322000_4097000_classified_point_cloud_colorized.laz","2018_TEAK_3_322000_4097000_image.tif","Tree",1,322000,322999.999,4097000,4097999.999
"1504",1555,322625.014,322632.992,4097179.221,4097187.383,"Silva","NEON_D17_TEAK_DP1_322000_4097000_classified_point_cloud_colorized.laz","2018_TEAK_3_322000_4097000_image.tif","Tree",1,322000,322999.999,4097000,4097999.999
"1505",1556,322524.02,322525.846,4097181.097,4097184.509,"Silva","NEON_D17_TEAK_DP1_322000_4097000_classified_point_cloud_colorized.laz","2018_TEAK_3_322000_4097000_image.tif","Tree",1,322000,322999.999,4097000,4097999.999
"1506",1557,322981.019,322990.478,4097182.751,4097191.568,"Silva","NEON_D17_TEAK_DP1_322000_4097000_classified_point_cloud_colorized.laz","2018_TEAK_3_322000_4097000_image.tif","Tree",1,322000,322999.999,4097000,4097999.999
"1507",1559,322532.115,322538.165,4097184.027,4097189.942,"Silva","NEON_D17_TEAK_DP1_322000_4097000_classified_point_cloud_colorized.laz","2018_TEAK_3_322000_4097000_image.tif","Tree",1,322000,322999.999,4097000,4097999.999
"1508",1560,322943.502,322948.917,4097187.156,4097192.961,"Silva","NEON_D17_TEAK_DP1_322000_4097000_classified_point_cloud_colorized.laz","2018_TEAK_3_322000_4097000_image.tif","Tree",1,322000,322999.999,4097000,4097999.999
"1509",1561,322713.29,322719.964,4097184.693,4097191.939,"Silva","NEON_D17_TEAK_DP1_322000_4097000_classified_point_cloud_colorized.laz","2018_TEAK_3_322000_4097000_image.tif","Tree",1,322000,322999.999,4097000,4097999.999
"1510",1562,322782.589,322791.99,4097182.625,4097194.476,"Silva","NEON_D17_TEAK_DP1_322000_4097000_classified_point_cloud_colorized.laz","2018_TEAK_3_322000_4097000_image.tif","Tree",1,322000,322999.999,4097000,4097999.999
"1511",1563,322911.43,322915.997,4097186.612,4097193.965,"Silva","NEON_D17_TEAK_DP1_322000_4097000_classified_point_cloud_colorized.laz","2018_TEAK_3_322000_4097000_image.tif","Tree",1,322000,322999.999,4097000,4097999.999
"1512",1564,322602.049,322610.356,4097184.561,4097192.888,"Silva","NEON_D17_TEAK_DP1_322000_4097000_classified_point_cloud_colorized.laz","2018_TEAK_3_322000_4097000_image.tif","Tree",1,322000,322999.999,4097000,4097999.999
"1513",1565,322951.009,322951.921,4097194.56,4097195.052,"Silva","NEON_D17_TEAK_DP1_322000_4097000_classified_point_cloud_colorized.laz","2018_TEAK_3_322000_4097000_image.tif","Tree",1,322000,322999.999,4097000,4097999.999
"1514",1568,322634.248,322639,4097191.132,4097197.462,"Silva","NEON_D17_TEAK_DP1_322000_4097000_classified_point_cloud_colorized.laz","2018_TEAK_3_322000_4097000_image.tif","Tree",1,322000,322999.999,4097000,4097999.999
"1515",1569,322968.054,322977.056,4097192.199,4097201.495,"Silva","NEON_D17_TEAK_DP1_322000_4097000_classified_point_cloud_colorized.laz","2018_TEAK_3_322000_4097000_image.tif","Tree",1,322000,322999.999,4097000,4097999.999
"1516",1570,322869.036,322874.982,4097194.04,4097200.914,"Silva","NEON_D17_TEAK_DP1_322000_4097000_classified_point_cloud_colorized.laz","2018_TEAK_3_322000_4097000_image.tif","Tree",1,322000,322999.999,4097000,4097999.999
"1517",1571,322785.574,322792.354,4097192.047,4097197.459,"Silva","NEON_D17_TEAK_DP1_322000_4097000_classified_point_cloud_colorized.laz","2018_TEAK_3_322000_4097000_image.tif","Tree",1,322000,322999.999,4097000,4097999.999
"1518",1572,322750.398,322752.428,4097195.604,4097197.491,"Silva","NEON_D17_TEAK_DP1_322000_4097000_classified_point_cloud_colorized.laz","2018_TEAK_3_322000_4097000_image.tif","Tree",1,322000,322999.999,4097000,4097999.999
"1519",1573,322629.106,322635.164,4097191.655,4097199.209,"Silva","NEON_D17_TEAK_DP1_322000_4097000_classified_point_cloud_colorized.laz","2018_TEAK_3_322000_4097000_image.tif","Tree",1,322000,322999.999,4097000,4097999.999
"1520",1574,322728.003,322728.003,4097197.98,4097197.98,"Silva","NEON_D17_TEAK_DP1_322000_4097000_classified_point_cloud_colorized.laz","2018_TEAK_3_322000_4097000_image.tif","Tree",1,322000,322999.999,4097000,4097999.999
"1521",1575,322618.455,322622.972,4097194.598,4097200.074,"Silva","NEON_D17_TEAK_DP1_322000_4097000_classified_point_cloud_colorized.laz","2018_TEAK_3_322000_4097000_image.tif","Tree",1,322000,322999.999,4097000,4097999.999
"1522",1576,322625.483,322626.445,4097198.801,4097200.194,"Silva","NEON_D17_TEAK_DP1_322000_4097000_classified_point_cloud_colorized.laz","2018_TEAK_3_322000_4097000_image.tif","Tree",1,322000,322999.999,4097000,4097999.999
"1523",1577,322720.355,322722.207,4097198.549,4097200.967,"Silva","NEON_D17_TEAK_DP1_322000_4097000_classified_point_cloud_colorized.laz","2018_TEAK_3_322000_4097000_image.tif","Tree",1,322000,322999.999,4097000,4097999.999
"1524",1578,322578.335,322585.175,4097196.516,4097203.728,"Silva","NEON_D17_TEAK_DP1_322000_4097000_classified_point_cloud_colorized.laz","2018_TEAK_3_322000_4097000_image.tif","Tree",1,322000,322999.999,4097000,4097999.999
"1525",1579,322517.685,322524.995,4097196.036,4097203.499,"Silva","NEON_D17_TEAK_DP1_322000_4097000_classified_point_cloud_colorized.laz","2018_TEAK_3_322000_4097000_image.tif","Tree",1,322000,322999.999,4097000,4097999.999
"1526",1580,322526.527,322533.386,4097196.571,4097202.977,"Silva","NEON_D17_TEAK_DP1_322000_4097000_classified_point_cloud_colorized.laz","2018_TEAK_3_322000_4097000_image.tif","Tree",1,322000,322999.999,4097000,4097999.999
"1527",1582,322781.204,322782.978,4097201.275,4097202.82,"Silva","NEON_D17_TEAK_DP1_322000_4097000_classified_point_cloud_colorized.laz","2018_TEAK_3_322000_4097000_image.tif","Tree",1,322000,322999.999,4097000,4097999.999
"1528",1583,322848.238,322849.265,4097203.185,4097204.462,"Silva","NEON_D17_TEAK_DP1_322000_4097000_classified_point_cloud_colorized.laz","2018_TEAK_3_322000_4097000_image.tif","Tree",1,322000,322999.999,4097000,4097999.999
"1529",1584,322800.456,322801.815,4097202.179,4097203.65,"Silva","NEON_D17_TEAK_DP1_322000_4097000_classified_point_cloud_colorized.laz","2018_TEAK_3_322000_4097000_image.tif","Tree",1,322000,322999.999,4097000,4097999.999
"1530",1585,322632.057,322638.999,4097199.116,4097205.975,"Silva","NEON_D17_TEAK_DP1_322000_4097000_classified_point_cloud_colorized.laz","2018_TEAK_3_322000_4097000_image.tif","Tree",1,322000,322999.999,4097000,4097999.999
"1531",1586,322606.591,322613.851,4097197.84,4097205.692,"Silva","NEON_D17_TEAK_DP1_322000_4097000_classified_point_cloud_colorized.laz","2018_TEAK_3_322000_4097000_image.tif","Tree",1,322000,322999.999,4097000,4097999.999
"1532",1587,322645.072,322651.788,4097199.024,4097205.913,"Silva","NEON_D17_TEAK_DP1_322000_4097000_classified_point_cloud_colorized.laz","2018_TEAK_3_322000_4097000_image.tif","Tree",1,322000,322999.999,4097000,4097999.999
"1533",1588,322794.191,322796.304,4097205.855,4097207.439,"Silva","NEON_D17_TEAK_DP1_322000_4097000_classified_point_cloud_colorized.laz","2018_TEAK_3_322000_4097000_image.tif","Tree",1,322000,322999.999,4097000,4097999.999
"1534",1589,322854.697,322856.919,4097205.515,4097208.472,"Silva","NEON_D17_TEAK_DP1_322000_4097000_classified_point_cloud_colorized.laz","2018_TEAK_3_322000_4097000_image.tif","Tree",1,322000,322999.999,4097000,4097999.999
"1535",1590,322889.17,322889.276,4097209.268,4097209.449,"Silva","NEON_D17_TEAK_DP1_322000_4097000_classified_point_cloud_colorized.laz","2018_TEAK_3_322000_4097000_image.tif","Tree",1,322000,322999.999,4097000,4097999.999
"1536",1591,322821.029,322824.944,4097207.014,4097209.439,"Silva","NEON_D17_TEAK_DP1_322000_4097000_classified_point_cloud_colorized.laz","2018_TEAK_3_322000_4097000_image.tif","Tree",1,322000,322999.999,4097000,4097999.999
"1537",1592,322576.518,322583.758,4097204.521,4097210.991,"Silva","NEON_D17_TEAK_DP1_322000_4097000_classified_point_cloud_colorized.laz","2018_TEAK_3_322000_4097000_image.tif","Tree",1,322000,322999.999,4097000,4097999.999
"1538",1593,322999.177,322999.934,4097210.238,4097212.72,"Silva","NEON_D17_TEAK_DP1_322000_4097000_classified_point_cloud_colorized.laz","2018_TEAK_3_322000_4097000_image.tif","Tree",1,322000,322999.999,4097000,4097999.999
"1539",1594,322631.648,322636.491,4097207.067,4097212.941,"Silva","NEON_D17_TEAK_DP1_322000_4097000_classified_point_cloud_colorized.laz","2018_TEAK_3_322000_4097000_image.tif","Tree",1,322000,322999.999,4097000,4097999.999
"1540",1595,322636.51,322640.788,4097207.538,4097211.491,"Silva","NEON_D17_TEAK_DP1_322000_4097000_classified_point_cloud_colorized.laz","2018_TEAK_3_322000_4097000_image.tif","Tree",1,322000,322999.999,4097000,4097999.999
"1541",1596,322806.092,322808.854,4097209.48,4097211.695,"Silva","NEON_D17_TEAK_DP1_322000_4097000_classified_point_cloud_colorized.laz","2018_TEAK_3_322000_4097000_image.tif","Tree",1,322000,322999.999,4097000,4097999.999
"1542",1597,322927.946,322927.964,4097211.981,4097212.199,"Silva","NEON_D17_TEAK_DP1_322000_4097000_classified_point_cloud_colorized.laz","2018_TEAK_3_322000_4097000_image.tif","Tree",1,322000,322999.999,4097000,4097999.999
"1543",1598,322922.83,322923.411,4097212.072,4097212.48,"Silva","NEON_D17_TEAK_DP1_322000_4097000_classified_point_cloud_colorized.laz","2018_TEAK_3_322000_4097000_image.tif","Tree",1,322000,322999.999,4097000,4097999.999
"1544",1599,322839.74,322839.762,4097211.754,4097212.012,"Silva","NEON_D17_TEAK_DP1_322000_4097000_classified_point_cloud_colorized.laz","2018_TEAK_3_322000_4097000_image.tif","Tree",1,322000,322999.999,4097000,4097999.999
"1545",1600,322791.848,322791.848,4097211.681,4097211.681,"Silva","NEON_D17_TEAK_DP1_322000_4097000_classified_point_cloud_colorized.laz","2018_TEAK_3_322000_4097000_image.tif","Tree",1,322000,322999.999,4097000,4097999.999
"1546",1601,322783.364,322783.364,4097211.62,4097211.62,"Silva","NEON_D17_TEAK_DP1_322000_4097000_classified_point_cloud_colorized.laz","2018_TEAK_3_322000_4097000_image.tif","Tree",1,322000,322999.999,4097000,4097999.999
"1547",1602,322881.995,322882.14,4097212.618,4097212.929,"Silva","NEON_D17_TEAK_DP1_322000_4097000_classified_point_cloud_colorized.laz","2018_TEAK_3_322000_4097000_image.tif","Tree",1,322000,322999.999,4097000,4097999.999
"1548",1604,322827.557,322830.863,4097211.77,4097214.873,"Silva","NEON_D17_TEAK_DP1_322000_4097000_classified_point_cloud_colorized.laz","2018_TEAK_3_322000_4097000_image.tif","Tree",1,322000,322999.999,4097000,4097999.999
"1549",1605,322640.036,322646.868,4097209.637,4097216.477,"Silva","NEON_D17_TEAK_DP1_322000_4097000_classified_point_cloud_colorized.laz","2018_TEAK_3_322000_4097000_image.tif","Tree",1,322000,322999.999,4097000,4097999.999
"1550",1607,322894.54,322895.197,4097215.111,4097216.311,"Silva","NEON_D17_TEAK_DP1_322000_4097000_classified_point_cloud_colorized.laz","2018_TEAK_3_322000_4097000_image.tif","Tree",1,322000,322999.999,4097000,4097999.999
"1551",1608,322887.715,322888.451,4097217.13,4097218.469,"Silva","NEON_D17_TEAK_DP1_322000_4097000_classified_point_cloud_colorized.laz","2018_TEAK_3_322000_4097000_image.tif","Tree",1,322000,322999.999,4097000,4097999.999
"1552",1609,322644.554,322651.444,4097212.264,4097219.483,"Silva","NEON_D17_TEAK_DP1_322000_4097000_classified_point_cloud_colorized.laz","2018_TEAK_3_322000_4097000_image.tif","Tree",1,322000,322999.999,4097000,4097999.999
"1553",1610,322809.063,322809.288,4097217.811,4097218.321,"Silva","NEON_D17_TEAK_DP1_322000_4097000_classified_point_cloud_colorized.laz","2018_TEAK_3_322000_4097000_image.tif","Tree",1,322000,322999.999,4097000,4097999.999
"1554",1611,322918.511,322921.343,4097217.337,4097220,"Silva","NEON_D17_TEAK_DP1_322000_4097000_classified_point_cloud_colorized.laz","2018_TEAK_3_322000_4097000_image.tif","Tree",1,322000,322999.999,4097000,4097999.999
"1555",1612,322515.507,322517.461,4097216.928,4097218.43,"Silva","NEON_D17_TEAK_DP1_322000_4097000_classified_point_cloud_colorized.laz","2018_TEAK_3_322000_4097000_image.tif","Tree",1,322000,322999.999,4097000,4097999.999
"1556",1614,322681.23,322682.819,4097218.768,4097220.939,"Silva","NEON_D17_TEAK_DP1_322000_4097000_classified_point_cloud_colorized.laz","2018_TEAK_3_322000_4097000_image.tif","Tree",1,322000,322999.999,4097000,4097999.999
"1557",1616,322581.378,322585.956,4097214.744,4097221.905,"Silva","NEON_D17_TEAK_DP1_322000_4097000_classified_point_cloud_colorized.laz","2018_TEAK_3_322000_4097000_image.tif","Tree",1,322000,322999.999,4097000,4097999.999
"1558",1617,322841.009,322841.807,4097220.1,4097221.341,"Silva","NEON_D17_TEAK_DP1_322000_4097000_classified_point_cloud_colorized.laz","2018_TEAK_3_322000_4097000_image.tif","Tree",1,322000,322999.999,4097000,4097999.999
"1559",1618,322743.532,322743.989,4097220.648,4097220.987,"Silva","NEON_D17_TEAK_DP1_322000_4097000_classified_point_cloud_colorized.laz","2018_TEAK_3_322000_4097000_image.tif","Tree",1,322000,322999.999,4097000,4097999.999
"1560",1619,322592.641,322598.482,4097217.54,4097223.474,"Silva","NEON_D17_TEAK_DP1_322000_4097000_classified_point_cloud_colorized.laz","2018_TEAK_3_322000_4097000_image.tif","Tree",1,322000,322999.999,4097000,4097999.999
"1561",1620,322638.094,322645.056,4097218.115,4097225.269,"Silva","NEON_D17_TEAK_DP1_322000_4097000_classified_point_cloud_colorized.laz","2018_TEAK_3_322000_4097000_image.tif","Tree",1,322000,322999.999,4097000,4097999.999
"1562",1621,322645.695,322653.459,4097219.032,4097226.184,"Silva","NEON_D17_TEAK_DP1_322000_4097000_classified_point_cloud_colorized.laz","2018_TEAK_3_322000_4097000_image.tif","Tree",1,322000,322999.999,4097000,4097999.999
"1563",1622,322678.965,322683.958,4097221.268,4097227.398,"Silva","NEON_D17_TEAK_DP1_322000_4097000_classified_point_cloud_colorized.laz","2018_TEAK_3_322000_4097000_image.tif","Tree",1,322000,322999.999,4097000,4097999.999
"1564",1623,322585.52,322589.477,4097221.509,4097224.887,"Silva","NEON_D17_TEAK_DP1_322000_4097000_classified_point_cloud_colorized.laz","2018_TEAK_3_322000_4097000_image.tif","Tree",1,322000,322999.999,4097000,4097999.999
"1565",1624,322642.977,322649.456,4097221.46,4097229.47,"Silva","NEON_D17_TEAK_DP1_322000_4097000_classified_point_cloud_colorized.laz","2018_TEAK_3_322000_4097000_image.tif","Tree",1,322000,322999.999,4097000,4097999.999
"1566",1625,322988.776,322997.466,4097223.012,4097232.458,"Silva","NEON_D17_TEAK_DP1_322000_4097000_classified_point_cloud_colorized.laz","2018_TEAK_3_322000_4097000_image.tif","Tree",1,322000,322999.999,4097000,4097999.999
"1567",1626,322794.607,322795.882,4097227.006,4097227.653,"Silva","NEON_D17_TEAK_DP1_322000_4097000_classified_point_cloud_colorized.laz","2018_TEAK_3_322000_4097000_image.tif","Tree",1,322000,322999.999,4097000,4097999.999
"1568",1627,322878.363,322878.658,4097228.259,4097228.711,"Silva","NEON_D17_TEAK_DP1_322000_4097000_classified_point_cloud_colorized.laz","2018_TEAK_3_322000_4097000_image.tif","Tree",1,322000,322999.999,4097000,4097999.999
"1569",1628,322854.008,322855.954,4097228.063,4097228.56,"Silva","NEON_D17_TEAK_DP1_322000_4097000_classified_point_cloud_colorized.laz","2018_TEAK_3_322000_4097000_image.tif","Tree",1,322000,322999.999,4097000,4097999.999
"1570",1629,322639.051,322645.984,4097225.02,4097231.868,"Silva","NEON_D17_TEAK_DP1_322000_4097000_classified_point_cloud_colorized.laz","2018_TEAK_3_322000_4097000_image.tif","Tree",1,322000,322999.999,4097000,4097999.999
"1571",1630,322659.192,322667.407,4097224.067,4097231.488,"Silva","NEON_D17_TEAK_DP1_322000_4097000_classified_point_cloud_colorized.laz","2018_TEAK_3_322000_4097000_image.tif","Tree",1,322000,322999.999,4097000,4097999.999
"1572",1631,322554.504,322556.808,4097227.696,4097230.5,"Silva","NEON_D17_TEAK_DP1_322000_4097000_classified_point_cloud_colorized.laz","2018_TEAK_3_322000_4097000_image.tif","Tree",1,322000,322999.999,4097000,4097999.999
"1573",1632,322513.043,322513.95,4097228.751,4097229.048,"Silva","NEON_D17_TEAK_DP1_322000_4097000_classified_point_cloud_colorized.laz","2018_TEAK_3_322000_4097000_image.tif","Tree",1,322000,322999.999,4097000,4097999.999
"1574",1633,322684.27,322689.435,4097227.027,4097232.487,"Silva","NEON_D17_TEAK_DP1_322000_4097000_classified_point_cloud_colorized.laz","2018_TEAK_3_322000_4097000_image.tif","Tree",1,322000,322999.999,4097000,4097999.999
"1575",1634,322700.856,322702.908,4097228.615,4097230.974,"Silva","NEON_D17_TEAK_DP1_322000_4097000_classified_point_cloud_colorized.laz","2018_TEAK_3_322000_4097000_image.tif","Tree",1,322000,322999.999,4097000,4097999.999
"1576",1635,322676.291,322681.684,4097227.063,4097232.883,"Silva","NEON_D17_TEAK_DP1_322000_4097000_classified_point_cloud_colorized.laz","2018_TEAK_3_322000_4097000_image.tif","Tree",1,322000,322999.999,4097000,4097999.999
"1577",1636,322595.048,322600.922,4097227.002,4097232.481,"Silva","NEON_D17_TEAK_DP1_322000_4097000_classified_point_cloud_colorized.laz","2018_TEAK_3_322000_4097000_image.tif","Tree",1,322000,322999.999,4097000,4097999.999
"1578",1637,322534.262,322537.959,4097228.048,4097232.473,"Silva","NEON_D17_TEAK_DP1_322000_4097000_classified_point_cloud_colorized.laz","2018_TEAK_3_322000_4097000_image.tif","Tree",1,322000,322999.999,4097000,4097999.999
"1579",1638,322635.076,322639.614,4097228.039,4097232.376,"Silva","NEON_D17_TEAK_DP1_322000_4097000_classified_point_cloud_colorized.laz","2018_TEAK_3_322000_4097000_image.tif","Tree",1,322000,322999.999,4097000,4097999.999
"1580",1639,322663.594,322669.445,4097228.058,4097235.271,"Silva","NEON_D17_TEAK_DP1_322000_4097000_classified_point_cloud_colorized.laz","2018_TEAK_3_322000_4097000_image.tif","Tree",1,322000,322999.999,4097000,4097999.999
"1581",1641,322847.289,322847.289,4097233.96,4097233.96,"Silva","NEON_D17_TEAK_DP1_322000_4097000_classified_point_cloud_colorized.laz","2018_TEAK_3_322000_4097000_image.tif","Tree",1,322000,322999.999,4097000,4097999.999
"1582",1642,322787.557,322788.978,4097233.233,4097233.791,"Silva","NEON_D17_TEAK_DP1_322000_4097000_classified_point_cloud_colorized.laz","2018_TEAK_3_322000_4097000_image.tif","Tree",1,322000,322999.999,4097000,4097999.999
"1583",1643,322651.558,322658.854,4097228.446,4097237.996,"Silva","NEON_D17_TEAK_DP1_322000_4097000_classified_point_cloud_colorized.laz","2018_TEAK_3_322000_4097000_image.tif","Tree",1,322000,322999.999,4097000,4097999.999
"1584",1644,322539.456,322542.999,4097231.604,4097234.937,"Silva","NEON_D17_TEAK_DP1_322000_4097000_classified_point_cloud_colorized.laz","2018_TEAK_3_322000_4097000_image.tif","Tree",1,322000,322999.999,4097000,4097999.999
"1585",1645,322658.092,322665.962,4097230.381,4097238.185,"Silva","NEON_D17_TEAK_DP1_322000_4097000_classified_point_cloud_colorized.laz","2018_TEAK_3_322000_4097000_image.tif","Tree",1,322000,322999.999,4097000,4097999.999
"1586",1647,322597.01,322603.435,4097231.549,4097238.284,"Silva","NEON_D17_TEAK_DP1_322000_4097000_classified_point_cloud_colorized.laz","2018_TEAK_3_322000_4097000_image.tif","Tree",1,322000,322999.999,4097000,4097999.999
"1587",1648,322980.577,322981.92,4097236.141,4097237.403,"Silva","NEON_D17_TEAK_DP1_322000_4097000_classified_point_cloud_colorized.laz","2018_TEAK_3_322000_4097000_image.tif","Tree",1,322000,322999.999,4097000,4097999.999
"1588",1649,322542.047,322545.921,4097234.228,4097238.961,"Silva","NEON_D17_TEAK_DP1_322000_4097000_classified_point_cloud_colorized.laz","2018_TEAK_3_322000_4097000_image.tif","Tree",1,322000,322999.999,4097000,4097999.999
"1589",1650,322905.029,322906.448,4097237.007,4097238.451,"Silva","NEON_D17_TEAK_DP1_322000_4097000_classified_point_cloud_colorized.laz","2018_TEAK_3_322000_4097000_image.tif","Tree",1,322000,322999.999,4097000,4097999.999
"1590",1651,322931.085,322935.499,4097235.012,4097240.986,"Silva","NEON_D17_TEAK_DP1_322000_4097000_classified_point_cloud_colorized.laz","2018_TEAK_3_322000_4097000_image.tif","Tree",1,322000,322999.999,4097000,4097999.999
"1591",1652,322977.704,322978.805,4097238.167,4097239.489,"Silva","NEON_D17_TEAK_DP1_322000_4097000_classified_point_cloud_colorized.laz","2018_TEAK_3_322000_4097000_image.tif","Tree",1,322000,322999.999,4097000,4097999.999
"1592",1653,322912.822,322913.833,4097238.059,4097238.508,"Silva","NEON_D17_TEAK_DP1_322000_4097000_classified_point_cloud_colorized.laz","2018_TEAK_3_322000_4097000_image.tif","Tree",1,322000,322999.999,4097000,4097999.999
"1593",1654,322523.34,322526.675,4097235.544,4097239.168,"Silva","NEON_D17_TEAK_DP1_322000_4097000_classified_point_cloud_colorized.laz","2018_TEAK_3_322000_4097000_image.tif","Tree",1,322000,322999.999,4097000,4097999.999
"1594",1655,322886.027,322892.869,4097234.634,4097242.4,"Silva","NEON_D17_TEAK_DP1_322000_4097000_classified_point_cloud_colorized.laz","2018_TEAK_3_322000_4097000_image.tif","Tree",1,322000,322999.999,4097000,4097999.999
"1595",1656,322529.547,322532.417,4097237.161,4097240.403,"Silva","NEON_D17_TEAK_DP1_322000_4097000_classified_point_cloud_colorized.laz","2018_TEAK_3_322000_4097000_image.tif","Tree",1,322000,322999.999,4097000,4097999.999
"1596",1657,322591.02,322596.98,4097235.65,4097242.449,"Silva","NEON_D17_TEAK_DP1_322000_4097000_classified_point_cloud_colorized.laz","2018_TEAK_3_322000_4097000_image.tif","Tree",1,322000,322999.999,4097000,4097999.999
"1597",1658,322672.054,322676.484,4097236.586,4097242.47,"Silva","NEON_D17_TEAK_DP1_322000_4097000_classified_point_cloud_colorized.laz","2018_TEAK_3_322000_4097000_image.tif","Tree",1,322000,322999.999,4097000,4097999.999
"1598",1659,322689.032,322689.727,4097239.087,4097239.381,"Silva","NEON_D17_TEAK_DP1_322000_4097000_classified_point_cloud_colorized.laz","2018_TEAK_3_322000_4097000_image.tif","Tree",1,322000,322999.999,4097000,4097999.999
"1599",1660,322704.512,322705.241,4097238.53,4097239.982,"Silva","NEON_D17_TEAK_DP1_322000_4097000_classified_point_cloud_colorized.laz","2018_TEAK_3_322000_4097000_image.tif","Tree",1,322000,322999.999,4097000,4097999.999
"1600",1661,322566.124,322569.492,4097237.052,4097241.953,"Silva","NEON_D17_TEAK_DP1_322000_4097000_classified_point_cloud_colorized.laz","2018_TEAK_3_322000_4097000_image.tif","Tree",1,322000,322999.999,4097000,4097999.999
"1601",1662,322718.559,322725.431,4097236.62,4097243.455,"Silva","NEON_D17_TEAK_DP1_322000_4097000_classified_point_cloud_colorized.laz","2018_TEAK_3_322000_4097000_image.tif","Tree",1,322000,322999.999,4097000,4097999.999
"1602",1663,322603.005,322607.463,4097238.767,4097243.374,"Silva","NEON_D17_TEAK_DP1_322000_4097000_classified_point_cloud_colorized.laz","2018_TEAK_3_322000_4097000_image.tif","Tree",1,322000,322999.999,4097000,4097999.999
"1603",1664,322642.093,322651.62,4097237.717,4097247.916,"Silva","NEON_D17_TEAK_DP1_322000_4097000_classified_point_cloud_colorized.laz","2018_TEAK_3_322000_4097000_image.tif","Tree",1,322000,322999.999,4097000,4097999.999
"1604",1665,322838.248,322843.836,4097238.514,4097244.486,"Silva","NEON_D17_TEAK_DP1_322000_4097000_classified_point_cloud_colorized.laz","2018_TEAK_3_322000_4097000_image.tif","Tree",1,322000,322999.999,4097000,4097999.999
"1605",1666,322658.5,322665.946,4097238.015,4097246.765,"Silva","NEON_D17_TEAK_DP1_322000_4097000_classified_point_cloud_colorized.laz","2018_TEAK_3_322000_4097000_image.tif","Tree",1,322000,322999.999,4097000,4097999.999
"1606",1667,322650.103,322658.476,4097238.049,4097247.422,"Silva","NEON_D17_TEAK_DP1_322000_4097000_classified_point_cloud_colorized.laz","2018_TEAK_3_322000_4097000_image.tif","Tree",1,322000,322999.999,4097000,4097999.999
"1607",1668,322665.008,322672.868,4097238.572,4097247.468,"Silva","NEON_D17_TEAK_DP1_322000_4097000_classified_point_cloud_colorized.laz","2018_TEAK_3_322000_4097000_image.tif","Tree",1,322000,322999.999,4097000,4097999.999
"1608",1669,322889.732,322893.5,4097242.046,4097247.476,"Silva","NEON_D17_TEAK_DP1_322000_4097000_classified_point_cloud_colorized.laz","2018_TEAK_3_322000_4097000_image.tif","Tree",1,322000,322999.999,4097000,4097999.999
"1609",1670,322559.562,322563.483,4097242.012,4097246.551,"Silva","NEON_D17_TEAK_DP1_322000_4097000_classified_point_cloud_colorized.laz","2018_TEAK_3_322000_4097000_image.tif","Tree",1,322000,322999.999,4097000,4097999.999
"1610",1671,322902.233,322904.447,4097244.645,4097246.778,"Silva","NEON_D17_TEAK_DP1_322000_4097000_classified_point_cloud_colorized.laz","2018_TEAK_3_322000_4097000_image.tif","Tree",1,322000,322999.999,4097000,4097999.999
"1611",1672,322609.531,322614.997,4097242.626,4097247.494,"Silva","NEON_D17_TEAK_DP1_322000_4097000_classified_point_cloud_colorized.laz","2018_TEAK_3_322000_4097000_image.tif","Tree",1,322000,322999.999,4097000,4097999.999
"1612",1673,322522.242,322526.475,4097243.507,4097247.328,"Silva","NEON_D17_TEAK_DP1_322000_4097000_classified_point_cloud_colorized.laz","2018_TEAK_3_322000_4097000_image.tif","Tree",1,322000,322999.999,4097000,4097999.999
"1613",1674,322548.033,322551.831,4097243.498,4097247.993,"Silva","NEON_D17_TEAK_DP1_322000_4097000_classified_point_cloud_colorized.laz","2018_TEAK_3_322000_4097000_image.tif","Tree",1,322000,322999.999,4097000,4097999.999
"1614",1675,322863.517,322866.436,4097245.017,4097247.982,"Silva","NEON_D17_TEAK_DP1_322000_4097000_classified_point_cloud_colorized.laz","2018_TEAK_3_322000_4097000_image.tif","Tree",1,322000,322999.999,4097000,4097999.999
"1615",1676,322678.359,322685.461,4097243.486,4097248.991,"Silva","NEON_D17_TEAK_DP1_322000_4097000_classified_point_cloud_colorized.laz","2018_TEAK_3_322000_4097000_image.tif","Tree",1,322000,322999.999,4097000,4097999.999
"1616",1677,322533.517,322537.16,4097244.078,4097248.117,"Silva","NEON_D17_TEAK_DP1_322000_4097000_classified_point_cloud_colorized.laz","2018_TEAK_3_322000_4097000_image.tif","Tree",1,322000,322999.999,4097000,4097999.999
"1617",1678,322653.003,322661.877,4097243.587,4097252.429,"Silva","NEON_D17_TEAK_DP1_322000_4097000_classified_point_cloud_colorized.laz","2018_TEAK_3_322000_4097000_image.tif","Tree",1,322000,322999.999,4097000,4097999.999
"1618",1679,322741.09,322747.417,4097245.118,4097253.994,"Silva","NEON_D17_TEAK_DP1_322000_4097000_classified_point_cloud_colorized.laz","2018_TEAK_3_322000_4097000_image.tif","Tree",1,322000,322999.999,4097000,4097999.999
"1619",1680,322572.918,322577.505,4097246.148,4097250.997,"Silva","NEON_D17_TEAK_DP1_322000_4097000_classified_point_cloud_colorized.laz","2018_TEAK_3_322000_4097000_image.tif","Tree",1,322000,322999.999,4097000,4097999.999
"1620",1681,322917.158,322917.94,4097249.526,4097250.98,"Silva","NEON_D17_TEAK_DP1_322000_4097000_classified_point_cloud_colorized.laz","2018_TEAK_3_322000_4097000_image.tif","Tree",1,322000,322999.999,4097000,4097999.999
"1621",1682,322945.149,322945.149,4097250.79,4097250.79,"Silva","NEON_D17_TEAK_DP1_322000_4097000_classified_point_cloud_colorized.laz","2018_TEAK_3_322000_4097000_image.tif","Tree",1,322000,322999.999,4097000,4097999.999
"1622",1683,322666.056,322675.889,4097245.158,4097253.436,"Silva","NEON_D17_TEAK_DP1_322000_4097000_classified_point_cloud_colorized.laz","2018_TEAK_3_322000_4097000_image.tif","Tree",1,322000,322999.999,4097000,4097999.999
"1623",1684,322568.83,322570.478,4097248.764,4097250.476,"Silva","NEON_D17_TEAK_DP1_322000_4097000_classified_point_cloud_colorized.laz","2018_TEAK_3_322000_4097000_image.tif","Tree",1,322000,322999.999,4097000,4097999.999
"1624",1685,322594.39,322599.91,4097247.636,4097252.293,"Silva","NEON_D17_TEAK_DP1_322000_4097000_classified_point_cloud_colorized.laz","2018_TEAK_3_322000_4097000_image.tif","Tree",1,322000,322999.999,4097000,4097999.999
"1625",1686,322676.024,322685.406,4097248.507,4097255.77,"Silva","NEON_D17_TEAK_DP1_322000_4097000_classified_point_cloud_colorized.laz","2018_TEAK_3_322000_4097000_image.tif","Tree",1,322000,322999.999,4097000,4097999.999
"1626",1687,322937.579,322939.802,4097251.527,4097254.228,"Silva","NEON_D17_TEAK_DP1_322000_4097000_classified_point_cloud_colorized.laz","2018_TEAK_3_322000_4097000_image.tif","Tree",1,322000,322999.999,4097000,4097999.999
"1627",1688,322626.136,322628.823,4097251.557,4097253.718,"Silva","NEON_D17_TEAK_DP1_322000_4097000_classified_point_cloud_colorized.laz","2018_TEAK_3_322000_4097000_image.tif","Tree",1,322000,322999.999,4097000,4097999.999
"1628",1689,322706.039,322715.155,4097249.53,4097257.827,"Silva","NEON_D17_TEAK_DP1_322000_4097000_classified_point_cloud_colorized.laz","2018_TEAK_3_322000_4097000_image.tif","Tree",1,322000,322999.999,4097000,4097999.999
"1629",1690,322951.087,322951.087,4097254.777,4097254.777,"Silva","NEON_D17_TEAK_DP1_322000_4097000_classified_point_cloud_colorized.laz","2018_TEAK_3_322000_4097000_image.tif","Tree",1,322000,322999.999,4097000,4097999.999
"1630",1691,322958.532,322963.486,4097252.182,4097257.093,"Silva","NEON_D17_TEAK_DP1_322000_4097000_classified_point_cloud_colorized.laz","2018_TEAK_3_322000_4097000_image.tif","Tree",1,322000,322999.999,4097000,4097999.999
"1631",1692,322632.094,322643.624,4097245.735,4097255.636,"Silva","NEON_D17_TEAK_DP1_322000_4097000_classified_point_cloud_colorized.laz","2018_TEAK_3_322000_4097000_image.tif","Tree",1,322000,322999.999,4097000,4097999.999
"1632",1693,322610.048,322615.453,4097251.061,4097256.483,"Silva","NEON_D17_TEAK_DP1_322000_4097000_classified_point_cloud_colorized.laz","2018_TEAK_3_322000_4097000_image.tif","Tree",1,322000,322999.999,4097000,4097999.999
"1633",1694,322969.591,322971.232,4097255.142,4097256.099,"Silva","NEON_D17_TEAK_DP1_322000_4097000_classified_point_cloud_colorized.laz","2018_TEAK_3_322000_4097000_image.tif","Tree",1,322000,322999.999,4097000,4097999.999
"1634",1696,322559.524,322564.448,4097252.647,4097257.441,"Silva","NEON_D17_TEAK_DP1_322000_4097000_classified_point_cloud_colorized.laz","2018_TEAK_3_322000_4097000_image.tif","Tree",1,322000,322999.999,4097000,4097999.999
"1635",1697,322633.331,322643.36,4097252.339,4097260.961,"Silva","NEON_D17_TEAK_DP1_322000_4097000_classified_point_cloud_colorized.laz","2018_TEAK_3_322000_4097000_image.tif","Tree",1,322000,322999.999,4097000,4097999.999
"1636",1698,322539.214,322542.56,4097253.562,4097257.899,"Silva","NEON_D17_TEAK_DP1_322000_4097000_classified_point_cloud_colorized.laz","2018_TEAK_3_322000_4097000_image.tif","Tree",1,322000,322999.999,4097000,4097999.999
"1637",1699,322572.09,322576.396,4097254.066,4097258.49,"Silva","NEON_D17_TEAK_DP1_322000_4097000_classified_point_cloud_colorized.laz","2018_TEAK_3_322000_4097000_image.tif","Tree",1,322000,322999.999,4097000,4097999.999
"1638",1700,322762.684,322762.751,4097257.218,4097257.866,"Silva","NEON_D17_TEAK_DP1_322000_4097000_classified_point_cloud_colorized.laz","2018_TEAK_3_322000_4097000_image.tif","Tree",1,322000,322999.999,4097000,4097999.999
"1639",1701,322734.094,322736.757,4097256.76,4097259.321,"Silva","NEON_D17_TEAK_DP1_322000_4097000_classified_point_cloud_colorized.laz","2018_TEAK_3_322000_4097000_image.tif","Tree",1,322000,322999.999,4097000,4097999.999
"1640",1703,322557.601,322561.485,4097255.208,4097260.213,"Silva","NEON_D17_TEAK_DP1_322000_4097000_classified_point_cloud_colorized.laz","2018_TEAK_3_322000_4097000_image.tif","Tree",1,322000,322999.999,4097000,4097999.999
"1641",1704,322976.174,322976.317,4097260.674,4097260.759,"Silva","NEON_D17_TEAK_DP1_322000_4097000_classified_point_cloud_colorized.laz","2018_TEAK_3_322000_4097000_image.tif","Tree",1,322000,322999.999,4097000,4097999.999
"1642",1705,322660.039,322666.827,4097256.524,4097264.349,"Silva","NEON_D17_TEAK_DP1_322000_4097000_classified_point_cloud_colorized.laz","2018_TEAK_3_322000_4097000_image.tif","Tree",1,322000,322999.999,4097000,4097999.999
"1643",1706,322642.262,322651.462,4097255.013,4097262.987,"Silva","NEON_D17_TEAK_DP1_322000_4097000_classified_point_cloud_colorized.laz","2018_TEAK_3_322000_4097000_image.tif","Tree",1,322000,322999.999,4097000,4097999.999
"1644",1707,322915.539,322915.806,4097262.272,4097262.48,"Silva","NEON_D17_TEAK_DP1_322000_4097000_classified_point_cloud_colorized.laz","2018_TEAK_3_322000_4097000_image.tif","Tree",1,322000,322999.999,4097000,4097999.999
"1645",1708,322548.67,322551.936,4097259.179,4097262.414,"Silva","NEON_D17_TEAK_DP1_322000_4097000_classified_point_cloud_colorized.laz","2018_TEAK_3_322000_4097000_image.tif","Tree",1,322000,322999.999,4097000,4097999.999
"1646",1709,322743.221,322748.444,4097261.049,4097264.837,"Silva","NEON_D17_TEAK_DP1_322000_4097000_classified_point_cloud_colorized.laz","2018_TEAK_3_322000_4097000_image.tif","Tree",1,322000,322999.999,4097000,4097999.999
"1647",1710,322715.511,322721.626,4097254.282,4097264.279,"Silva","NEON_D17_TEAK_DP1_322000_4097000_classified_point_cloud_colorized.laz","2018_TEAK_3_322000_4097000_image.tif","Tree",1,322000,322999.999,4097000,4097999.999
"1648",1711,322648.513,322655.272,4097256.532,4097264.33,"Silva","NEON_D17_TEAK_DP1_322000_4097000_classified_point_cloud_colorized.laz","2018_TEAK_3_322000_4097000_image.tif","Tree",1,322000,322999.999,4097000,4097999.999
"1649",1712,322796.154,322796.554,4097263.073,4097263.419,"Silva","NEON_D17_TEAK_DP1_322000_4097000_classified_point_cloud_colorized.laz","2018_TEAK_3_322000_4097000_image.tif","Tree",1,322000,322999.999,4097000,4097999.999
"1650",1713,322831.54,322838.469,4097260.074,4097268.35,"Silva","NEON_D17_TEAK_DP1_322000_4097000_classified_point_cloud_colorized.laz","2018_TEAK_3_322000_4097000_image.tif","Tree",1,322000,322999.999,4097000,4097999.999
"1651",1714,322615.073,322620.205,4097260.104,4097265.98,"Silva","NEON_D17_TEAK_DP1_322000_4097000_classified_point_cloud_colorized.laz","2018_TEAK_3_322000_4097000_image.tif","Tree",1,322000,322999.999,4097000,4097999.999
"1652",1715,322661.617,322669.74,4097259.384,4097266.857,"Silva","NEON_D17_TEAK_DP1_322000_4097000_classified_point_cloud_colorized.laz","2018_TEAK_3_322000_4097000_image.tif","Tree",1,322000,322999.999,4097000,4097999.999
"1653",1716,322640.525,322648.805,4097259.633,4097268.984,"Silva","NEON_D17_TEAK_DP1_322000_4097000_classified_point_cloud_colorized.laz","2018_TEAK_3_322000_4097000_image.tif","Tree",1,322000,322999.999,4097000,4097999.999
"1654",1717,322773.472,322774.993,4097264.519,4097266.444,"Silva","NEON_D17_TEAK_DP1_322000_4097000_classified_point_cloud_colorized.laz","2018_TEAK_3_322000_4097000_image.tif","Tree",1,322000,322999.999,4097000,4097999.999
"1655",1718,322739.123,322743.859,4097263.718,4097267.983,"Silva","NEON_D17_TEAK_DP1_322000_4097000_classified_point_cloud_colorized.laz","2018_TEAK_3_322000_4097000_image.tif","Tree",1,322000,322999.999,4097000,4097999.999
"1656",1719,322726.645,322729.71,4097264.024,4097267.096,"Silva","NEON_D17_TEAK_DP1_322000_4097000_classified_point_cloud_colorized.laz","2018_TEAK_3_322000_4097000_image.tif","Tree",1,322000,322999.999,4097000,4097999.999
"1657",1720,322648.512,322658.385,4097262.895,4097271.82,"Silva","NEON_D17_TEAK_DP1_322000_4097000_classified_point_cloud_colorized.laz","2018_TEAK_3_322000_4097000_image.tif","Tree",1,322000,322999.999,4097000,4097999.999
"1658",1721,322565.519,322571.423,4097261.339,4097267.98,"Silva","NEON_D17_TEAK_DP1_322000_4097000_classified_point_cloud_colorized.laz","2018_TEAK_3_322000_4097000_image.tif","Tree",1,322000,322999.999,4097000,4097999.999
"1659",1722,322964.258,322964.956,4097267.912,4097268.431,"Silva","NEON_D17_TEAK_DP1_322000_4097000_classified_point_cloud_colorized.laz","2018_TEAK_3_322000_4097000_image.tif","Tree",1,322000,322999.999,4097000,4097999.999
"1660",1723,322634.579,322640.353,4097260.505,4097262.979,"Silva","NEON_D17_TEAK_DP1_322000_4097000_classified_point_cloud_colorized.laz","2018_TEAK_3_322000_4097000_image.tif","Tree",1,322000,322999.999,4097000,4097999.999
"1661",1724,322689.51,322693.882,4097263.009,4097269.831,"Silva","NEON_D17_TEAK_DP1_322000_4097000_classified_point_cloud_colorized.laz","2018_TEAK_3_322000_4097000_image.tif","Tree",1,322000,322999.999,4097000,4097999.999
"1662",1725,322694.101,322698.977,4097264.358,4097268.492,"Silva","NEON_D17_TEAK_DP1_322000_4097000_classified_point_cloud_colorized.laz","2018_TEAK_3_322000_4097000_image.tif","Tree",1,322000,322999.999,4097000,4097999.999
"1663",1726,322916.981,322917.993,4097269.001,4097269.262,"Silva","NEON_D17_TEAK_DP1_322000_4097000_classified_point_cloud_colorized.laz","2018_TEAK_3_322000_4097000_image.tif","Tree",1,322000,322999.999,4097000,4097999.999
"1664",1727,322716.501,322721.989,4097264.616,4097270.461,"Silva","NEON_D17_TEAK_DP1_322000_4097000_classified_point_cloud_colorized.laz","2018_TEAK_3_322000_4097000_image.tif","Tree",1,322000,322999.999,4097000,4097999.999
"1665",1728,322662.914,322671.925,4097264.175,4097271.425,"Silva","NEON_D17_TEAK_DP1_322000_4097000_classified_point_cloud_colorized.laz","2018_TEAK_3_322000_4097000_image.tif","Tree",1,322000,322999.999,4097000,4097999.999
"1666",1729,322885.082,322885.082,4097269.324,4097269.324,"Silva","NEON_D17_TEAK_DP1_322000_4097000_classified_point_cloud_colorized.laz","2018_TEAK_3_322000_4097000_image.tif","Tree",1,322000,322999.999,4097000,4097999.999
"1667",1730,322732.592,322737.99,4097266.055,4097271.72,"Silva","NEON_D17_TEAK_DP1_322000_4097000_classified_point_cloud_colorized.laz","2018_TEAK_3_322000_4097000_image.tif","Tree",1,322000,322999.999,4097000,4097999.999
"1668",1731,322582.048,322587.941,4097265.173,4097272.79,"Silva","NEON_D17_TEAK_DP1_322000_4097000_classified_point_cloud_colorized.laz","2018_TEAK_3_322000_4097000_image.tif","Tree",1,322000,322999.999,4097000,4097999.999
"1669",1732,322748.476,322754.482,4097268.705,4097274.946,"Silva","NEON_D17_TEAK_DP1_322000_4097000_classified_point_cloud_colorized.laz","2018_TEAK_3_322000_4097000_image.tif","Tree",1,322000,322999.999,4097000,4097999.999
"1670",1733,322572.594,322578.226,4097266.542,4097273.963,"Silva","NEON_D17_TEAK_DP1_322000_4097000_classified_point_cloud_colorized.laz","2018_TEAK_3_322000_4097000_image.tif","Tree",1,322000,322999.999,4097000,4097999.999
"1671",1734,322864.589,322865.387,4097272.949,4097273.307,"Silva","NEON_D17_TEAK_DP1_322000_4097000_classified_point_cloud_colorized.laz","2018_TEAK_3_322000_4097000_image.tif","Tree",1,322000,322999.999,4097000,4097999.999
"1672",1735,322713.059,322720.278,4097269.368,4097274.722,"Silva","NEON_D17_TEAK_DP1_322000_4097000_classified_point_cloud_colorized.laz","2018_TEAK_3_322000_4097000_image.tif","Tree",1,322000,322999.999,4097000,4097999.999
"1673",1736,322884.276,322884.549,4097273.982,4097274.433,"Silva","NEON_D17_TEAK_DP1_322000_4097000_classified_point_cloud_colorized.laz","2018_TEAK_3_322000_4097000_image.tif","Tree",1,322000,322999.999,4097000,4097999.999
"1674",1737,322679.052,322683.998,4097270.088,4097274.999,"Silva","NEON_D17_TEAK_DP1_322000_4097000_classified_point_cloud_colorized.laz","2018_TEAK_3_322000_4097000_image.tif","Tree",1,322000,322999.999,4097000,4097999.999
"1675",1738,322806.11,322808.882,4097272.588,4097275.293,"Silva","NEON_D17_TEAK_DP1_322000_4097000_classified_point_cloud_colorized.laz","2018_TEAK_3_322000_4097000_image.tif","Tree",1,322000,322999.999,4097000,4097999.999
"1676",1739,322668.212,322671.922,4097269.039,4097272.384,"Silva","NEON_D17_TEAK_DP1_322000_4097000_classified_point_cloud_colorized.laz","2018_TEAK_3_322000_4097000_image.tif","Tree",1,322000,322999.999,4097000,4097999.999
"1677",1741,322936.066,322938.33,4097275.487,4097277.528,"Silva","NEON_D17_TEAK_DP1_322000_4097000_classified_point_cloud_colorized.laz","2018_TEAK_3_322000_4097000_image.tif","Tree",1,322000,322999.999,4097000,4097999.999
"1678",1742,322644.037,322655.497,4097268.658,4097278.477,"Silva","NEON_D17_TEAK_DP1_322000_4097000_classified_point_cloud_colorized.laz","2018_TEAK_3_322000_4097000_image.tif","Tree",1,322000,322999.999,4097000,4097999.999
"1679",1743,322707.204,322712.971,4097271.267,4097277.372,"Silva","NEON_D17_TEAK_DP1_322000_4097000_classified_point_cloud_colorized.laz","2018_TEAK_3_322000_4097000_image.tif","Tree",1,322000,322999.999,4097000,4097999.999
"1680",1744,322779.651,322782.414,4097274.308,4097277.491,"Silva","NEON_D17_TEAK_DP1_322000_4097000_classified_point_cloud_colorized.laz","2018_TEAK_3_322000_4097000_image.tif","Tree",1,322000,322999.999,4097000,4097999.999
"1681",1745,322899.536,322899.978,4097277.069,4097278.469,"Silva","NEON_D17_TEAK_DP1_322000_4097000_classified_point_cloud_colorized.laz","2018_TEAK_3_322000_4097000_image.tif","Tree",1,322000,322999.999,4097000,4097999.999
"1682",1746,322676.675,322681.415,4097273.554,4097277.999,"Silva","NEON_D17_TEAK_DP1_322000_4097000_classified_point_cloud_colorized.laz","2018_TEAK_3_322000_4097000_image.tif","Tree",1,322000,322999.999,4097000,4097999.999
"1683",1747,322871.522,322879.419,4097274.641,4097282.999,"Silva","NEON_D17_TEAK_DP1_322000_4097000_classified_point_cloud_colorized.laz","2018_TEAK_3_322000_4097000_image.tif","Tree",1,322000,322999.999,4097000,4097999.999
"1684",1748,322561.169,322570.479,4097271.507,4097280.425,"Silva","NEON_D17_TEAK_DP1_322000_4097000_classified_point_cloud_colorized.laz","2018_TEAK_3_322000_4097000_image.tif","Tree",1,322000,322999.999,4097000,4097999.999
"1685",1749,322592.109,322599.468,4097271.066,4097278.598,"Silva","NEON_D17_TEAK_DP1_322000_4097000_classified_point_cloud_colorized.laz","2018_TEAK_3_322000_4097000_image.tif","Tree",1,322000,322999.999,4097000,4097999.999
"1686",1750,322584.538,322591.949,4097271.548,4097279.473,"Silva","NEON_D17_TEAK_DP1_322000_4097000_classified_point_cloud_colorized.laz","2018_TEAK_3_322000_4097000_image.tif","Tree",1,322000,322999.999,4097000,4097999.999
"1687",1751,322744.608,322752.697,4097275.507,4097282.373,"Silva","NEON_D17_TEAK_DP1_322000_4097000_classified_point_cloud_colorized.laz","2018_TEAK_3_322000_4097000_image.tif","Tree",1,322000,322999.999,4097000,4097999.999
"1688",1752,322914.335,322914.65,4097280.113,4097280.275,"Silva","NEON_D17_TEAK_DP1_322000_4097000_classified_point_cloud_colorized.laz","2018_TEAK_3_322000_4097000_image.tif","Tree",1,322000,322999.999,4097000,4097999.999
"1689",1753,322727.535,322734.877,4097274.119,4097282.972,"Silva","NEON_D17_TEAK_DP1_322000_4097000_classified_point_cloud_colorized.laz","2018_TEAK_3_322000_4097000_image.tif","Tree",1,322000,322999.999,4097000,4097999.999
"1690",1754,322807.084,322809.768,4097278.018,4097281.04,"Silva","NEON_D17_TEAK_DP1_322000_4097000_classified_point_cloud_colorized.laz","2018_TEAK_3_322000_4097000_image.tif","Tree",1,322000,322999.999,4097000,4097999.999
"1691",1756,322716.307,322720.751,4097277.035,4097281.089,"Silva","NEON_D17_TEAK_DP1_322000_4097000_classified_point_cloud_colorized.laz","2018_TEAK_3_322000_4097000_image.tif","Tree",1,322000,322999.999,4097000,4097999.999
"1692",1757,322696.038,322702.811,4097275.079,4097281.7,"Silva","NEON_D17_TEAK_DP1_322000_4097000_classified_point_cloud_colorized.laz","2018_TEAK_3_322000_4097000_image.tif","Tree",1,322000,322999.999,4097000,4097999.999
"1693",1758,322740.09,322742.913,4097279.504,4097281.49,"Silva","NEON_D17_TEAK_DP1_322000_4097000_classified_point_cloud_colorized.laz","2018_TEAK_3_322000_4097000_image.tif","Tree",1,322000,322999.999,4097000,4097999.999
"1694",1759,322590.482,322597.982,4097275.613,4097281.939,"Silva","NEON_D17_TEAK_DP1_322000_4097000_classified_point_cloud_colorized.laz","2018_TEAK_3_322000_4097000_image.tif","Tree",1,322000,322999.999,4097000,4097999.999
"1695",1760,322602.549,322611.523,4097273.34,4097282.441,"Silva","NEON_D17_TEAK_DP1_322000_4097000_classified_point_cloud_colorized.laz","2018_TEAK_3_322000_4097000_image.tif","Tree",1,322000,322999.999,4097000,4097999.999
"1696",1761,322643.808,322645.445,4097276.036,4097277.473,"Silva","NEON_D17_TEAK_DP1_322000_4097000_classified_point_cloud_colorized.laz","2018_TEAK_3_322000_4097000_image.tif","Tree",1,322000,322999.999,4097000,4097999.999
"1697",1762,322673.228,322673.228,4097279.602,4097279.602,"Silva","NEON_D17_TEAK_DP1_322000_4097000_classified_point_cloud_colorized.laz","2018_TEAK_3_322000_4097000_image.tif","Tree",1,322000,322999.999,4097000,4097999.999
"1698",1763,322544.732,322546.374,4097279.063,4097280.46,"Silva","NEON_D17_TEAK_DP1_322000_4097000_classified_point_cloud_colorized.laz","2018_TEAK_3_322000_4097000_image.tif","Tree",1,322000,322999.999,4097000,4097999.999
"1699",1764,322645.248,322647.101,4097277.654,4097279.272,"Silva","NEON_D17_TEAK_DP1_322000_4097000_classified_point_cloud_colorized.laz","2018_TEAK_3_322000_4097000_image.tif","Tree",1,322000,322999.999,4097000,4097999.999
"1700",1765,322751.57,322759.847,4097278.61,4097288.942,"Silva","NEON_D17_TEAK_DP1_322000_4097000_classified_point_cloud_colorized.laz","2018_TEAK_3_322000_4097000_image.tif","Tree",1,322000,322999.999,4097000,4097999.999
"1701",1766,322626.54,322633.443,4097278.119,4097286.456,"Silva","NEON_D17_TEAK_DP1_322000_4097000_classified_point_cloud_colorized.laz","2018_TEAK_3_322000_4097000_image.tif","Tree",1,322000,322999.999,4097000,4097999.999
"1702",1767,322738.508,322739.472,4097283.054,4097284.877,"Silva","NEON_D17_TEAK_DP1_322000_4097000_classified_point_cloud_colorized.laz","2018_TEAK_3_322000_4097000_image.tif","Tree",1,322000,322999.999,4097000,4097999.999
"1703",1768,322821.007,322823.226,4097284.537,4097289.924,"Silva","NEON_D17_TEAK_DP1_322000_4097000_classified_point_cloud_colorized.laz","2018_TEAK_3_322000_4097000_image.tif","Tree",1,322000,322999.999,4097000,4097999.999
"1704",1769,322983.881,322984.463,4097287.042,4097288.47,"Silva","NEON_D17_TEAK_DP1_322000_4097000_classified_point_cloud_colorized.laz","2018_TEAK_3_322000_4097000_image.tif","Tree",1,322000,322999.999,4097000,4097999.999
"1705",1770,322691.506,322695.441,4097281.54,4097286.205,"Silva","NEON_D17_TEAK_DP1_322000_4097000_classified_point_cloud_colorized.laz","2018_TEAK_3_322000_4097000_image.tif","Tree",1,322000,322999.999,4097000,4097999.999
"1706",1771,322625.472,322625.718,4097281.339,4097282.188,"Silva","NEON_D17_TEAK_DP1_322000_4097000_classified_point_cloud_colorized.laz","2018_TEAK_3_322000_4097000_image.tif","Tree",1,322000,322999.999,4097000,4097999.999
"1707",1772,322582.009,322587.866,4097278.524,4097286.447,"Silva","NEON_D17_TEAK_DP1_322000_4097000_classified_point_cloud_colorized.laz","2018_TEAK_3_322000_4097000_image.tif","Tree",1,322000,322999.999,4097000,4097999.999
"1708",1773,322913.959,322914.909,4097287.088,4097288.023,"Silva","NEON_D17_TEAK_DP1_322000_4097000_classified_point_cloud_colorized.laz","2018_TEAK_3_322000_4097000_image.tif","Tree",1,322000,322999.999,4097000,4097999.999
"1709",1774,322977.556,322980.293,4097288.108,4097290.162,"Silva","NEON_D17_TEAK_DP1_322000_4097000_classified_point_cloud_colorized.laz","2018_TEAK_3_322000_4097000_image.tif","Tree",1,322000,322999.999,4097000,4097999.999
"1710",1775,322955.133,322956.952,4097287.168,4097289.824,"Silva","NEON_D17_TEAK_DP1_322000_4097000_classified_point_cloud_colorized.laz","2018_TEAK_3_322000_4097000_image.tif","Tree",1,322000,322999.999,4097000,4097999.999
"1711",1776,322534.156,322537.99,4097280.022,4097284.489,"Silva","NEON_D17_TEAK_DP1_322000_4097000_classified_point_cloud_colorized.laz","2018_TEAK_3_322000_4097000_image.tif","Tree",1,322000,322999.999,4097000,4097999.999
"1712",1777,322586.516,322590.854,4097279.625,4097288.764,"Silva","NEON_D17_TEAK_DP1_322000_4097000_classified_point_cloud_colorized.laz","2018_TEAK_3_322000_4097000_image.tif","Tree",1,322000,322999.999,4097000,4097999.999
"1713",1778,322590.603,322595.997,4097280.033,4097287.414,"Silva","NEON_D17_TEAK_DP1_322000_4097000_classified_point_cloud_colorized.laz","2018_TEAK_3_322000_4097000_image.tif","Tree",1,322000,322999.999,4097000,4097999.999
"1714",1779,322719.887,322727.481,4097282.591,4097288.424,"Silva","NEON_D17_TEAK_DP1_322000_4097000_classified_point_cloud_colorized.laz","2018_TEAK_3_322000_4097000_image.tif","Tree",1,322000,322999.999,4097000,4097999.999
"1715",1780,322871.66,322880.477,4097282.533,4097292.619,"Silva","NEON_D17_TEAK_DP1_322000_4097000_classified_point_cloud_colorized.laz","2018_TEAK_3_322000_4097000_image.tif","Tree",1,322000,322999.999,4097000,4097999.999
"1716",1781,322759.125,322769.458,4097281.745,4097290.197,"Silva","NEON_D17_TEAK_DP1_322000_4097000_classified_point_cloud_colorized.laz","2018_TEAK_3_322000_4097000_image.tif","Tree",1,322000,322999.999,4097000,4097999.999
"1717",1782,322693.663,322699.86,4097284.003,4097288.993,"Silva","NEON_D17_TEAK_DP1_322000_4097000_classified_point_cloud_colorized.laz","2018_TEAK_3_322000_4097000_image.tif","Tree",1,322000,322999.999,4097000,4097999.999
"1718",1784,322566.052,322572.853,4097279.641,4097287.479,"Silva","NEON_D17_TEAK_DP1_322000_4097000_classified_point_cloud_colorized.laz","2018_TEAK_3_322000_4097000_image.tif","Tree",1,322000,322999.999,4097000,4097999.999
"1719",1785,322966.709,322970.478,4097289.515,4097292.858,"Silva","NEON_D17_TEAK_DP1_322000_4097000_classified_point_cloud_colorized.laz","2018_TEAK_3_322000_4097000_image.tif","Tree",1,322000,322999.999,4097000,4097999.999
"1720",1786,322796.536,322801.896,4097285.745,4097291.424,"Silva","NEON_D17_TEAK_DP1_322000_4097000_classified_point_cloud_colorized.laz","2018_TEAK_3_322000_4097000_image.tif","Tree",1,322000,322999.999,4097000,4097999.999
"1721",1787,322702.621,322704.347,4097286.791,4097288.362,"Silva","NEON_D17_TEAK_DP1_322000_4097000_classified_point_cloud_colorized.laz","2018_TEAK_3_322000_4097000_image.tif","Tree",1,322000,322999.999,4097000,4097999.999
"1722",1788,322744.72,322752.932,4097283.748,4097290.445,"Silva","NEON_D17_TEAK_DP1_322000_4097000_classified_point_cloud_colorized.laz","2018_TEAK_3_322000_4097000_image.tif","Tree",1,322000,322999.999,4097000,4097999.999
"1723",1789,322823.086,322828.179,4097289.616,4097294.435,"Silva","NEON_D17_TEAK_DP1_322000_4097000_classified_point_cloud_colorized.laz","2018_TEAK_3_322000_4097000_image.tif","Tree",1,322000,322999.999,4097000,4097999.999
"1724",1790,322993.525,322998.453,4097289.245,4097294.783,"Silva","NEON_D17_TEAK_DP1_322000_4097000_classified_point_cloud_colorized.laz","2018_TEAK_3_322000_4097000_image.tif","Tree",1,322000,322999.999,4097000,4097999.999
"1725",1792,322605.108,322608.549,4097282.674,4097283.983,"Silva","NEON_D17_TEAK_DP1_322000_4097000_classified_point_cloud_colorized.laz","2018_TEAK_3_322000_4097000_image.tif","Tree",1,322000,322999.999,4097000,4097999.999
"1726",1793,322976.238,322979.962,4097291.07,4097295.492,"Silva","NEON_D17_TEAK_DP1_322000_4097000_classified_point_cloud_colorized.laz","2018_TEAK_3_322000_4097000_image.tif","Tree",1,322000,322999.999,4097000,4097999.999
"1727",1794,322924.076,322924.222,4097291.545,4097292.388,"Silva","NEON_D17_TEAK_DP1_322000_4097000_classified_point_cloud_colorized.laz","2018_TEAK_3_322000_4097000_image.tif","Tree",1,322000,322999.999,4097000,4097999.999
"1728",1795,322779.022,322785.276,4097287.504,4097293.832,"Silva","NEON_D17_TEAK_DP1_322000_4097000_classified_point_cloud_colorized.laz","2018_TEAK_3_322000_4097000_image.tif","Tree",1,322000,322999.999,4097000,4097999.999
"1729",1796,322785.143,322792.869,4097289.506,4097294.69,"Silva","NEON_D17_TEAK_DP1_322000_4097000_classified_point_cloud_colorized.laz","2018_TEAK_3_322000_4097000_image.tif","Tree",1,322000,322999.999,4097000,4097999.999
"1730",1797,322744.671,322753.919,4097288.454,4097295.696,"Silva","NEON_D17_TEAK_DP1_322000_4097000_classified_point_cloud_colorized.laz","2018_TEAK_3_322000_4097000_image.tif","Tree",1,322000,322999.999,4097000,4097999.999
"1731",1798,322610.3,322616.438,4097287.062,4097292.682,"Silva","NEON_D17_TEAK_DP1_322000_4097000_classified_point_cloud_colorized.laz","2018_TEAK_3_322000_4097000_image.tif","Tree",1,322000,322999.999,4097000,4097999.999
"1732",1799,322545.162,322551.442,4097285.087,4097291.914,"Silva","NEON_D17_TEAK_DP1_322000_4097000_classified_point_cloud_colorized.laz","2018_TEAK_3_322000_4097000_image.tif","Tree",1,322000,322999.999,4097000,4097999.999
"1733",1800,322602.038,322605.798,4097287.156,4097290.997,"Silva","NEON_D17_TEAK_DP1_322000_4097000_classified_point_cloud_colorized.laz","2018_TEAK_3_322000_4097000_image.tif","Tree",1,322000,322999.999,4097000,4097999.999
"1734",1801,322774.681,322780.818,4097288.947,4097296.318,"Silva","NEON_D17_TEAK_DP1_322000_4097000_classified_point_cloud_colorized.laz","2018_TEAK_3_322000_4097000_image.tif","Tree",1,322000,322999.999,4097000,4097999.999
"1735",1802,322984.214,322985.928,4097295.575,4097297.051,"Silva","NEON_D17_TEAK_DP1_322000_4097000_classified_point_cloud_colorized.laz","2018_TEAK_3_322000_4097000_image.tif","Tree",1,322000,322999.999,4097000,4097999.999
"1736",1803,322648.709,322654.22,4097287.892,4097293.999,"Silva","NEON_D17_TEAK_DP1_322000_4097000_classified_point_cloud_colorized.laz","2018_TEAK_3_322000_4097000_image.tif","Tree",1,322000,322999.999,4097000,4097999.999
"1737",1804,322672.164,322672.259,4097291.162,4097291.417,"Silva","NEON_D17_TEAK_DP1_322000_4097000_classified_point_cloud_colorized.laz","2018_TEAK_3_322000_4097000_image.tif","Tree",1,322000,322999.999,4097000,4097999.999
"1738",1805,322980.002,322981.216,4097296.527,4097298.48,"Silva","NEON_D17_TEAK_DP1_322000_4097000_classified_point_cloud_colorized.laz","2018_TEAK_3_322000_4097000_image.tif","Tree",1,322000,322999.999,4097000,4097999.999
"1739",1806,322713.589,322716.877,4097290.834,4097294.426,"Silva","NEON_D17_TEAK_DP1_322000_4097000_classified_point_cloud_colorized.laz","2018_TEAK_3_322000_4097000_image.tif","Tree",1,322000,322999.999,4097000,4097999.999
"1740",1807,322708.012,322711.463,4097290.705,4097294.371,"Silva","NEON_D17_TEAK_DP1_322000_4097000_classified_point_cloud_colorized.laz","2018_TEAK_3_322000_4097000_image.tif","Tree",1,322000,322999.999,4097000,4097999.999
"1741",1808,322567.113,322571.905,4097288.526,4097293.992,"Silva","NEON_D17_TEAK_DP1_322000_4097000_classified_point_cloud_colorized.laz","2018_TEAK_3_322000_4097000_image.tif","Tree",1,322000,322999.999,4097000,4097999.999
"1742",1809,322637.11,322645.805,4097288.598,4097294.973,"Silva","NEON_D17_TEAK_DP1_322000_4097000_classified_point_cloud_colorized.laz","2018_TEAK_3_322000_4097000_image.tif","Tree",1,322000,322999.999,4097000,4097999.999
"1743",1810,322719.519,322722.901,4097294.018,4097296.949,"Silva","NEON_D17_TEAK_DP1_322000_4097000_classified_point_cloud_colorized.laz","2018_TEAK_3_322000_4097000_image.tif","Tree",1,322000,322999.999,4097000,4097999.999
"1744",1811,322596.558,322600.487,4097290.604,4097294.848,"Silva","NEON_D17_TEAK_DP1_322000_4097000_classified_point_cloud_colorized.laz","2018_TEAK_3_322000_4097000_image.tif","Tree",1,322000,322999.999,4097000,4097999.999
"1745",1812,322557.519,322562.993,4097288.048,4097294.947,"Silva","NEON_D17_TEAK_DP1_322000_4097000_classified_point_cloud_colorized.laz","2018_TEAK_3_322000_4097000_image.tif","Tree",1,322000,322999.999,4097000,4097999.999
"1746",1813,322606.509,322610.499,4097290.043,4097295.032,"Silva","NEON_D17_TEAK_DP1_322000_4097000_classified_point_cloud_colorized.laz","2018_TEAK_3_322000_4097000_image.tif","Tree",1,322000,322999.999,4097000,4097999.999
"1747",1814,322764.874,322772.678,4097292.765,4097300.483,"Silva","NEON_D17_TEAK_DP1_322000_4097000_classified_point_cloud_colorized.laz","2018_TEAK_3_322000_4097000_image.tif","Tree",1,322000,322999.999,4097000,4097999.999
"1748",1816,322576.575,322584.902,4097288.512,4097297.488,"Silva","NEON_D17_TEAK_DP1_322000_4097000_classified_point_cloud_colorized.laz","2018_TEAK_3_322000_4097000_image.tif","Tree",1,322000,322999.999,4097000,4097999.999
"1749",1817,322815.544,322820.499,4097294.196,4097302.264,"Silva","NEON_D17_TEAK_DP1_322000_4097000_classified_point_cloud_colorized.laz","2018_TEAK_3_322000_4097000_image.tif","Tree",1,322000,322999.999,4097000,4097999.999
"1750",1818,322972.06,322975.886,4097300.014,4097304,"Silva","NEON_D17_TEAK_DP1_322000_4097000_classified_point_cloud_colorized.laz","2018_TEAK_3_322000_4097000_image.tif","Tree",1,322000,322999.999,4097000,4097999.999
"1751",1819,322937.969,322938.457,4097301.526,4097301.607,"Silva","NEON_D17_TEAK_DP1_322000_4097000_classified_point_cloud_colorized.laz","2018_TEAK_3_322000_4097000_image.tif","Tree",1,322000,322999.999,4097000,4097999.999
"1752",1820,322977.511,322979.963,4097303.262,4097304.647,"Silva","NEON_D17_TEAK_DP1_322000_4097000_classified_point_cloud_colorized.laz","2018_TEAK_3_322000_4097000_image.tif","Tree",1,322000,322999.999,4097000,4097999.999
"1753",1821,322657.405,322664.417,4097294.505,4097300.375,"Silva","NEON_D17_TEAK_DP1_322000_4097000_classified_point_cloud_colorized.laz","2018_TEAK_3_322000_4097000_image.tif","Tree",1,322000,322999.999,4097000,4097999.999
"1754",1822,322638.045,322646.435,4097294.533,4097300.342,"Silva","NEON_D17_TEAK_DP1_322000_4097000_classified_point_cloud_colorized.laz","2018_TEAK_3_322000_4097000_image.tif","Tree",1,322000,322999.999,4097000,4097999.999
"1755",1823,322783.596,322790.89,4097298.047,4097304.901,"Silva","NEON_D17_TEAK_DP1_322000_4097000_classified_point_cloud_colorized.laz","2018_TEAK_3_322000_4097000_image.tif","Tree",1,322000,322999.999,4097000,4097999.999
"1756",1824,322631.041,322638.426,4097293.666,4097300.901,"Silva","NEON_D17_TEAK_DP1_322000_4097000_classified_point_cloud_colorized.laz","2018_TEAK_3_322000_4097000_image.tif","Tree",1,322000,322999.999,4097000,4097999.999
"1757",1825,322589.234,322593.894,4097292.554,4097301.296,"Silva","NEON_D17_TEAK_DP1_322000_4097000_classified_point_cloud_colorized.laz","2018_TEAK_3_322000_4097000_image.tif","Tree",1,322000,322999.999,4097000,4097999.999
"1758",1826,322549.457,322554.464,4097292.675,4097297.994,"Silva","NEON_D17_TEAK_DP1_322000_4097000_classified_point_cloud_colorized.laz","2018_TEAK_3_322000_4097000_image.tif","Tree",1,322000,322999.999,4097000,4097999.999
"1759",1827,322721.04,322723.996,4097298.62,4097300.933,"Silva","NEON_D17_TEAK_DP1_322000_4097000_classified_point_cloud_colorized.laz","2018_TEAK_3_322000_4097000_image.tif","Tree",1,322000,322999.999,4097000,4097999.999
"1760",1828,322971.111,322974.399,4097303.613,4097307.405,"Silva","NEON_D17_TEAK_DP1_322000_4097000_classified_point_cloud_colorized.laz","2018_TEAK_3_322000_4097000_image.tif","Tree",1,322000,322999.999,4097000,4097999.999
"1761",1829,322532.228,322532.977,4097295.777,4097296.981,"Silva","NEON_D17_TEAK_DP1_322000_4097000_classified_point_cloud_colorized.laz","2018_TEAK_3_322000_4097000_image.tif","Tree",1,322000,322999.999,4097000,4097999.999
"1762",1830,322705.164,322707.364,4097299.622,4097301.717,"Silva","NEON_D17_TEAK_DP1_322000_4097000_classified_point_cloud_colorized.laz","2018_TEAK_3_322000_4097000_image.tif","Tree",1,322000,322999.999,4097000,4097999.999
"1763",1831,322672.467,322678.358,4097297.611,4097304.922,"Silva","NEON_D17_TEAK_DP1_322000_4097000_classified_point_cloud_colorized.laz","2018_TEAK_3_322000_4097000_image.tif","Tree",1,322000,322999.999,4097000,4097999.999
"1764",1832,322620.203,322627.463,4097295.001,4097306,"Silva","NEON_D17_TEAK_DP1_322000_4097000_classified_point_cloud_colorized.laz","2018_TEAK_3_322000_4097000_image.tif","Tree",1,322000,322999.999,4097000,4097999.999
"1765",1833,322627.106,322633.763,4097296.106,4097306.747,"Silva","NEON_D17_TEAK_DP1_322000_4097000_classified_point_cloud_colorized.laz","2018_TEAK_3_322000_4097000_image.tif","Tree",1,322000,322999.999,4097000,4097999.999
"1766",1834,322760.52,322766.874,4097299.227,4097306.736,"Silva","NEON_D17_TEAK_DP1_322000_4097000_classified_point_cloud_colorized.laz","2018_TEAK_3_322000_4097000_image.tif","Tree",1,322000,322999.999,4097000,4097999.999
"1767",1835,322649.117,322657.221,4097298.006,4097305.971,"Silva","NEON_D17_TEAK_DP1_322000_4097000_classified_point_cloud_colorized.laz","2018_TEAK_3_322000_4097000_image.tif","Tree",1,322000,322999.999,4097000,4097999.999
"1768",1836,322548.865,322552.418,4097297.007,4097300.995,"Silva","NEON_D17_TEAK_DP1_322000_4097000_classified_point_cloud_colorized.laz","2018_TEAK_3_322000_4097000_image.tif","Tree",1,322000,322999.999,4097000,4097999.999
"1769",1837,322638.61,322647.16,4097298.067,4097305.875,"Silva","NEON_D17_TEAK_DP1_322000_4097000_classified_point_cloud_colorized.laz","2018_TEAK_3_322000_4097000_image.tif","Tree",1,322000,322999.999,4097000,4097999.999
"1770",1838,322557.029,322559.459,4097298.003,4097302.484,"Silva","NEON_D17_TEAK_DP1_322000_4097000_classified_point_cloud_colorized.laz","2018_TEAK_3_322000_4097000_image.tif","Tree",1,322000,322999.999,4097000,4097999.999
"1771",1839,322952.284,322952.803,4097310.033,4097311.429,"Silva","NEON_D17_TEAK_DP1_322000_4097000_classified_point_cloud_colorized.laz","2018_TEAK_3_322000_4097000_image.tif","Tree",1,322000,322999.999,4097000,4097999.999
"1772",1840,322790.543,322796.765,4097304.037,4097309.914,"Silva","NEON_D17_TEAK_DP1_322000_4097000_classified_point_cloud_colorized.laz","2018_TEAK_3_322000_4097000_image.tif","Tree",1,322000,322999.999,4097000,4097999.999
"1773",1841,322663.209,322669.637,4097301.221,4097305.46,"Silva","NEON_D17_TEAK_DP1_322000_4097000_classified_point_cloud_colorized.laz","2018_TEAK_3_322000_4097000_image.tif","Tree",1,322000,322999.999,4097000,4097999.999
"1774",1842,322645.14,322652.779,4097298.53,4097306.371,"Silva","NEON_D17_TEAK_DP1_322000_4097000_classified_point_cloud_colorized.laz","2018_TEAK_3_322000_4097000_image.tif","Tree",1,322000,322999.999,4097000,4097999.999
"1775",1843,322614.541,322623.76,4097299.038,4097306.35,"Silva","NEON_D17_TEAK_DP1_322000_4097000_classified_point_cloud_colorized.laz","2018_TEAK_3_322000_4097000_image.tif","Tree",1,322000,322999.999,4097000,4097999.999
"1776",1844,322699.214,322704.708,4097302.15,4097308.297,"Silva","NEON_D17_TEAK_DP1_322000_4097000_classified_point_cloud_colorized.laz","2018_TEAK_3_322000_4097000_image.tif","Tree",1,322000,322999.999,4097000,4097999.999
"1777",1845,322743.802,322744.447,4097306.538,4097307.442,"Silva","NEON_D17_TEAK_DP1_322000_4097000_classified_point_cloud_colorized.laz","2018_TEAK_3_322000_4097000_image.tif","Tree",1,322000,322999.999,4097000,4097999.999
"1778",1846,322628.051,322639.041,4097300.559,4097308.89,"Silva","NEON_D17_TEAK_DP1_322000_4097000_classified_point_cloud_colorized.laz","2018_TEAK_3_322000_4097000_image.tif","Tree",1,322000,322999.999,4097000,4097999.999
"1779",1847,322602.085,322606.995,4097300.553,4097306.247,"Silva","NEON_D17_TEAK_DP1_322000_4097000_classified_point_cloud_colorized.laz","2018_TEAK_3_322000_4097000_image.tif","Tree",1,322000,322999.999,4097000,4097999.999
"1780",1848,322600.298,322602.17,4097302.401,4097307.212,"Silva","NEON_D17_TEAK_DP1_322000_4097000_classified_point_cloud_colorized.laz","2018_TEAK_3_322000_4097000_image.tif","Tree",1,322000,322999.999,4097000,4097999.999
"1781",1849,322704.002,322710.377,4097304.525,4097311.365,"Silva","NEON_D17_TEAK_DP1_322000_4097000_classified_point_cloud_colorized.laz","2018_TEAK_3_322000_4097000_image.tif","Tree",1,322000,322999.999,4097000,4097999.999
"1782",1850,322633.551,322641.925,4097303.118,4097310.773,"Silva","NEON_D17_TEAK_DP1_322000_4097000_classified_point_cloud_colorized.laz","2018_TEAK_3_322000_4097000_image.tif","Tree",1,322000,322999.999,4097000,4097999.999
"1783",1851,322664.583,322669.486,4097305.601,4097309.916,"Silva","NEON_D17_TEAK_DP1_322000_4097000_classified_point_cloud_colorized.laz","2018_TEAK_3_322000_4097000_image.tif","Tree",1,322000,322999.999,4097000,4097999.999
"1784",1852,322617.182,322627.707,4097305.063,4097314.463,"Silva","NEON_D17_TEAK_DP1_322000_4097000_classified_point_cloud_colorized.laz","2018_TEAK_3_322000_4097000_image.tif","Tree",1,322000,322999.999,4097000,4097999.999
"1785",1853,322822.532,322827.97,4097311.269,4097316.055,"Silva","NEON_D17_TEAK_DP1_322000_4097000_classified_point_cloud_colorized.laz","2018_TEAK_3_322000_4097000_image.tif","Tree",1,322000,322999.999,4097000,4097999.999
"1786",1854,322609.652,322616.945,4097304.868,4097314.811,"Silva","NEON_D17_TEAK_DP1_322000_4097000_classified_point_cloud_colorized.laz","2018_TEAK_3_322000_4097000_image.tif","Tree",1,322000,322999.999,4097000,4097999.999
"1787",1855,322670.61,322680.686,4097308.008,4097313.493,"Silva","NEON_D17_TEAK_DP1_322000_4097000_classified_point_cloud_colorized.laz","2018_TEAK_3_322000_4097000_image.tif","Tree",1,322000,322999.999,4097000,4097999.999
"1788",1856,322751.815,322753.585,4097313.114,4097316.089,"Silva","NEON_D17_TEAK_DP1_322000_4097000_classified_point_cloud_colorized.laz","2018_TEAK_3_322000_4097000_image.tif","Tree",1,322000,322999.999,4097000,4097999.999
"1789",1857,322798.197,322804.447,4097310.048,4097319.776,"Silva","NEON_D17_TEAK_DP1_322000_4097000_classified_point_cloud_colorized.laz","2018_TEAK_3_322000_4097000_image.tif","Tree",1,322000,322999.999,4097000,4097999.999
"1790",1858,322739.252,322743.996,4097311.51,4097317.463,"Silva","NEON_D17_TEAK_DP1_322000_4097000_classified_point_cloud_colorized.laz","2018_TEAK_3_322000_4097000_image.tif","Tree",1,322000,322999.999,4097000,4097999.999
"1791",1859,322716.549,322720.492,4097310.59,4097315.485,"Silva","NEON_D17_TEAK_DP1_322000_4097000_classified_point_cloud_colorized.laz","2018_TEAK_3_322000_4097000_image.tif","Tree",1,322000,322999.999,4097000,4097999.999
"1792",1860,322984.657,322985.069,4097322.038,4097323.433,"Silva","NEON_D17_TEAK_DP1_322000_4097000_classified_point_cloud_colorized.laz","2018_TEAK_3_322000_4097000_image.tif","Tree",1,322000,322999.999,4097000,4097999.999
"1793",1861,322614.036,322624.979,4097309.606,4097317.221,"Silva","NEON_D17_TEAK_DP1_322000_4097000_classified_point_cloud_colorized.laz","2018_TEAK_3_322000_4097000_image.tif","Tree",1,322000,322999.999,4097000,4097999.999
"1794",1863,322709.637,322716.366,4097320.305,4097322.086,"Silva","NEON_D17_TEAK_DP1_322000_4097000_classified_point_cloud_colorized.laz","2018_TEAK_3_322000_4097000_image.tif","Tree",1,322000,322999.999,4097000,4097999.999
"1795",1864,322670.501,322678.943,4097312.6,4097318.967,"Silva","NEON_D17_TEAK_DP1_322000_4097000_classified_point_cloud_colorized.laz","2018_TEAK_3_322000_4097000_image.tif","Tree",1,322000,322999.999,4097000,4097999.999
"1796",1865,322655.545,322664.477,4097310.083,4097317.978,"Silva","NEON_D17_TEAK_DP1_322000_4097000_classified_point_cloud_colorized.laz","2018_TEAK_3_322000_4097000_image.tif","Tree",1,322000,322999.999,4097000,4097999.999
"1797",1866,322624.506,322637.467,4097307.606,4097318.861,"Silva","NEON_D17_TEAK_DP1_322000_4097000_classified_point_cloud_colorized.laz","2018_TEAK_3_322000_4097000_image.tif","Tree",1,322000,322999.999,4097000,4097999.999
"1798",1867,322809.562,322817.484,4097315.189,4097322.416,"Silva","NEON_D17_TEAK_DP1_322000_4097000_classified_point_cloud_colorized.laz","2018_TEAK_3_322000_4097000_image.tif","Tree",1,322000,322999.999,4097000,4097999.999
"1799",1868,322974.021,322975.718,4097324.786,4097326.673,"Silva","NEON_D17_TEAK_DP1_322000_4097000_classified_point_cloud_colorized.laz","2018_TEAK_3_322000_4097000_image.tif","Tree",1,322000,322999.999,4097000,4097999.999
"1800",1869,322932.178,322932.283,4097324.025,4097324.128,"Silva","NEON_D17_TEAK_DP1_322000_4097000_classified_point_cloud_colorized.laz","2018_TEAK_3_322000_4097000_image.tif","Tree",1,322000,322999.999,4097000,4097999.999
"1801",1870,322888.613,322897.937,4097319.585,4097329.634,"Silva","NEON_D17_TEAK_DP1_322000_4097000_classified_point_cloud_colorized.laz","2018_TEAK_3_322000_4097000_image.tif","Tree",1,322000,322999.999,4097000,4097999.999
"1802",1871,322646.652,322655.234,4097314.566,4097322.966,"Silva","NEON_D17_TEAK_DP1_322000_4097000_classified_point_cloud_colorized.laz","2018_TEAK_3_322000_4097000_image.tif","Tree",1,322000,322999.999,4097000,4097999.999
"1803",1872,322601.601,322611.376,4097312.748,4097320.855,"Silva","NEON_D17_TEAK_DP1_322000_4097000_classified_point_cloud_colorized.laz","2018_TEAK_3_322000_4097000_image.tif","Tree",1,322000,322999.999,4097000,4097999.999
"1804",1873,322728.697,322733.827,4097319.087,4097325.471,"Silva","NEON_D17_TEAK_DP1_322000_4097000_classified_point_cloud_colorized.laz","2018_TEAK_3_322000_4097000_image.tif","Tree",1,322000,322999.999,4097000,4097999.999
"1805",1875,322534.078,322538.199,4097312.627,4097313.987,"Silva","NEON_D17_TEAK_DP1_322000_4097000_classified_point_cloud_colorized.laz","2018_TEAK_3_322000_4097000_image.tif","Tree",1,322000,322999.999,4097000,4097999.999
"1806",1876,322720.583,322728.964,4097320.099,4097325.403,"Silva","NEON_D17_TEAK_DP1_322000_4097000_classified_point_cloud_colorized.laz","2018_TEAK_3_322000_4097000_image.tif","Tree",1,322000,322999.999,4097000,4097999.999
"1807",1877,322868.626,322871.409,4097326.541,4097330.986,"Silva","NEON_D17_TEAK_DP1_322000_4097000_classified_point_cloud_colorized.laz","2018_TEAK_3_322000_4097000_image.tif","Tree",1,322000,322999.999,4097000,4097999.999
"1808",1878,322880.031,322885.594,4097326.608,4097333,"Silva","NEON_D17_TEAK_DP1_322000_4097000_classified_point_cloud_colorized.laz","2018_TEAK_3_322000_4097000_image.tif","Tree",1,322000,322999.999,4097000,4097999.999
"1809",1879,322674.291,322682.01,4097319.096,4097327.497,"Silva","NEON_D17_TEAK_DP1_322000_4097000_classified_point_cloud_colorized.laz","2018_TEAK_3_322000_4097000_image.tif","Tree",1,322000,322999.999,4097000,4097999.999
"1810",1880,322545.577,322553.257,4097315.033,4097322.408,"Silva","NEON_D17_TEAK_DP1_322000_4097000_classified_point_cloud_colorized.laz","2018_TEAK_3_322000_4097000_image.tif","Tree",1,322000,322999.999,4097000,4097999.999
"1811",1881,322739.652,322744.729,4097323.109,4097328.892,"Silva","NEON_D17_TEAK_DP1_322000_4097000_classified_point_cloud_colorized.laz","2018_TEAK_3_322000_4097000_image.tif","Tree",1,322000,322999.999,4097000,4097999.999
"1812",1882,322752.645,322757.456,4097321.208,4097333.413,"Silva","NEON_D17_TEAK_DP1_322000_4097000_classified_point_cloud_colorized.laz","2018_TEAK_3_322000_4097000_image.tif","Tree",1,322000,322999.999,4097000,4097999.999
"1813",1883,322627.067,322637.928,4097318.501,4097327.97,"Silva","NEON_D17_TEAK_DP1_322000_4097000_classified_point_cloud_colorized.laz","2018_TEAK_3_322000_4097000_image.tif","Tree",1,322000,322999.999,4097000,4097999.999
"1814",1884,322637.555,322646.435,4097320.026,4097327.437,"Silva","NEON_D17_TEAK_DP1_322000_4097000_classified_point_cloud_colorized.laz","2018_TEAK_3_322000_4097000_image.tif","Tree",1,322000,322999.999,4097000,4097999.999
"1815",1885,322664.742,322674.876,4097322.011,4097329.955,"Silva","NEON_D17_TEAK_DP1_322000_4097000_classified_point_cloud_colorized.laz","2018_TEAK_3_322000_4097000_image.tif","Tree",1,322000,322999.999,4097000,4097999.999
"1816",1886,322538.738,322544.854,4097318.003,4097325.494,"Silva","NEON_D17_TEAK_DP1_322000_4097000_classified_point_cloud_colorized.laz","2018_TEAK_3_322000_4097000_image.tif","Tree",1,322000,322999.999,4097000,4097999.999
"1817",1887,322721.096,322727.416,4097325.86,4097329.215,"Silva","NEON_D17_TEAK_DP1_322000_4097000_classified_point_cloud_colorized.laz","2018_TEAK_3_322000_4097000_image.tif","Tree",1,322000,322999.999,4097000,4097999.999
"1818",1888,322616.051,322625.932,4097320.618,4097330.09,"Silva","NEON_D17_TEAK_DP1_322000_4097000_classified_point_cloud_colorized.laz","2018_TEAK_3_322000_4097000_image.tif","Tree",1,322000,322999.999,4097000,4097999.999
"1819",1889,322604.249,322612.998,4097320.501,4097327.194,"Silva","NEON_D17_TEAK_DP1_322000_4097000_classified_point_cloud_colorized.laz","2018_TEAK_3_322000_4097000_image.tif","Tree",1,322000,322999.999,4097000,4097999.999
"1820",1890,322587.527,322596.352,4097320.643,4097328.478,"Silva","NEON_D17_TEAK_DP1_322000_4097000_classified_point_cloud_colorized.laz","2018_TEAK_3_322000_4097000_image.tif","Tree",1,322000,322999.999,4097000,4097999.999
"1821",1891,322543.514,322549.418,4097319.18,4097325.983,"Silva","NEON_D17_TEAK_DP1_322000_4097000_classified_point_cloud_colorized.laz","2018_TEAK_3_322000_4097000_image.tif","Tree",1,322000,322999.999,4097000,4097999.999
"1822",1892,322789.394,322796.877,4097330.081,4097334.974,"Silva","NEON_D17_TEAK_DP1_322000_4097000_classified_point_cloud_colorized.laz","2018_TEAK_3_322000_4097000_image.tif","Tree",1,322000,322999.999,4097000,4097999.999
"1823",1893,322643.613,322651.742,4097323.271,4097334.999,"Silva","NEON_D17_TEAK_DP1_322000_4097000_classified_point_cloud_colorized.laz","2018_TEAK_3_322000_4097000_image.tif","Tree",1,322000,322999.999,4097000,4097999.999
"1824",1895,322896.027,322898.14,4097336.696,4097338.886,"Silva","NEON_D17_TEAK_DP1_322000_4097000_classified_point_cloud_colorized.laz","2018_TEAK_3_322000_4097000_image.tif","Tree",1,322000,322999.999,4097000,4097999.999
"1825",1896,322597.404,322604.978,4097324.513,4097333.431,"Silva","NEON_D17_TEAK_DP1_322000_4097000_classified_point_cloud_colorized.laz","2018_TEAK_3_322000_4097000_image.tif","Tree",1,322000,322999.999,4097000,4097999.999
"1826",1897,322764.283,322772.464,4097332.021,4097339.986,"Silva","NEON_D17_TEAK_DP1_322000_4097000_classified_point_cloud_colorized.laz","2018_TEAK_3_322000_4097000_image.tif","Tree",1,322000,322999.999,4097000,4097999.999
"1827",1899,322590.051,322599.432,4097327.513,4097335.25,"Silva","NEON_D17_TEAK_DP1_322000_4097000_classified_point_cloud_colorized.laz","2018_TEAK_3_322000_4097000_image.tif","Tree",1,322000,322999.999,4097000,4097999.999
"1828",1900,322629.106,322637.413,4097328.041,4097337.37,"Silva","NEON_D17_TEAK_DP1_322000_4097000_classified_point_cloud_colorized.laz","2018_TEAK_3_322000_4097000_image.tif","Tree",1,322000,322999.999,4097000,4097999.999
"1829",1901,322858.697,322864.259,4097339.804,4097344.824,"Silva","NEON_D17_TEAK_DP1_322000_4097000_classified_point_cloud_colorized.laz","2018_TEAK_3_322000_4097000_image.tif","Tree",1,322000,322999.999,4097000,4097999.999
"1830",1902,322716.136,322719.923,4097335.076,4097339.994,"Silva","NEON_D17_TEAK_DP1_322000_4097000_classified_point_cloud_colorized.laz","2018_TEAK_3_322000_4097000_image.tif","Tree",1,322000,322999.999,4097000,4097999.999
"1831",1903,322615.504,322621.828,4097329.301,4097340.907,"Silva","NEON_D17_TEAK_DP1_322000_4097000_classified_point_cloud_colorized.laz","2018_TEAK_3_322000_4097000_image.tif","Tree",1,322000,322999.999,4097000,4097999.999
"1832",1904,322558.281,322567.925,4097327.007,4097333.929,"Silva","NEON_D17_TEAK_DP1_322000_4097000_classified_point_cloud_colorized.laz","2018_TEAK_3_322000_4097000_image.tif","Tree",1,322000,322999.999,4097000,4097999.999
"1833",1905,322626.095,322633.077,4097329.706,4097339.399,"Silva","NEON_D17_TEAK_DP1_322000_4097000_classified_point_cloud_colorized.laz","2018_TEAK_3_322000_4097000_image.tif","Tree",1,322000,322999.999,4097000,4097999.999
"1834",1906,322693.106,322699.418,4097336.131,4097342.43,"Silva","NEON_D17_TEAK_DP1_322000_4097000_classified_point_cloud_colorized.laz","2018_TEAK_3_322000_4097000_image.tif","Tree",1,322000,322999.999,4097000,4097999.999
"1835",1907,322747.805,322749.229,4097338.106,4097340.711,"Silva","NEON_D17_TEAK_DP1_322000_4097000_classified_point_cloud_colorized.laz","2018_TEAK_3_322000_4097000_image.tif","Tree",1,322000,322999.999,4097000,4097999.999
"1836",1908,322539.543,322547.968,4097331.007,4097339.455,"Silva","NEON_D17_TEAK_DP1_322000_4097000_classified_point_cloud_colorized.laz","2018_TEAK_3_322000_4097000_image.tif","Tree",1,322000,322999.999,4097000,4097999.999
"1837",1909,322723.68,322731.285,4097336.094,4097345.282,"Silva","NEON_D17_TEAK_DP1_322000_4097000_classified_point_cloud_colorized.laz","2018_TEAK_3_322000_4097000_image.tif","Tree",1,322000,322999.999,4097000,4097999.999
"1838",1910,322938.655,322940.778,4097347.08,4097351.119,"Silva","NEON_D17_TEAK_DP1_322000_4097000_classified_point_cloud_colorized.laz","2018_TEAK_3_322000_4097000_image.tif","Tree",1,322000,322999.999,4097000,4097999.999
"1839",1911,322714.634,322716.515,4097339.057,4097342.773,"Silva","NEON_D17_TEAK_DP1_322000_4097000_classified_point_cloud_colorized.laz","2018_TEAK_3_322000_4097000_image.tif","Tree",1,322000,322999.999,4097000,4097999.999
"1840",1912,322570.033,322577.968,4097331.048,4097341.336,"Silva","NEON_D17_TEAK_DP1_322000_4097000_classified_point_cloud_colorized.laz","2018_TEAK_3_322000_4097000_image.tif","Tree",1,322000,322999.999,4097000,4097999.999
"1841",1913,322683.169,322688.794,4097336.095,4097343.624,"Silva","NEON_D17_TEAK_DP1_322000_4097000_classified_point_cloud_colorized.laz","2018_TEAK_3_322000_4097000_image.tif","Tree",1,322000,322999.999,4097000,4097999.999
"1842",1914,322703.827,322710.472,4097338.042,4097346.673,"Silva","NEON_D17_TEAK_DP1_322000_4097000_classified_point_cloud_colorized.laz","2018_TEAK_3_322000_4097000_image.tif","Tree",1,322000,322999.999,4097000,4097999.999
"1843",1915,322774.617,322778.983,4097341.12,4097347.294,"Silva","NEON_D17_TEAK_DP1_322000_4097000_classified_point_cloud_colorized.laz","2018_TEAK_3_322000_4097000_image.tif","Tree",1,322000,322999.999,4097000,4097999.999
"1844",1916,322895.513,322900.473,4097347.767,4097353.979,"Silva","NEON_D17_TEAK_DP1_322000_4097000_classified_point_cloud_colorized.laz","2018_TEAK_3_322000_4097000_image.tif","Tree",1,322000,322999.999,4097000,4097999.999
"1845",1917,322662.757,322670.488,4097336.74,4097346.738,"Silva","NEON_D17_TEAK_DP1_322000_4097000_classified_point_cloud_colorized.laz","2018_TEAK_3_322000_4097000_image.tif","Tree",1,322000,322999.999,4097000,4097999.999
"1846",1918,322551.51,322558.932,4097333.029,4097340.841,"Silva","NEON_D17_TEAK_DP1_322000_4097000_classified_point_cloud_colorized.laz","2018_TEAK_3_322000_4097000_image.tif","Tree",1,322000,322999.999,4097000,4097999.999
"1847",1919,322687.04,322693.365,4097340.507,4097347.391,"Silva","NEON_D17_TEAK_DP1_322000_4097000_classified_point_cloud_colorized.laz","2018_TEAK_3_322000_4097000_image.tif","Tree",1,322000,322999.999,4097000,4097999.999
"1848",1920,322764.559,322767.882,4097345.793,4097347.647,"Silva","NEON_D17_TEAK_DP1_322000_4097000_classified_point_cloud_colorized.laz","2018_TEAK_3_322000_4097000_image.tif","Tree",1,322000,322999.999,4097000,4097999.999
"1849",1921,322546.008,322552.497,4097339.013,4097346.415,"Silva","NEON_D17_TEAK_DP1_322000_4097000_classified_point_cloud_colorized.laz","2018_TEAK_3_322000_4097000_image.tif","Tree",1,322000,322999.999,4097000,4097999.999
"1850",1922,322983.546,322986.974,4097359.235,4097362.802,"Silva","NEON_D17_TEAK_DP1_322000_4097000_classified_point_cloud_colorized.laz","2018_TEAK_3_322000_4097000_image.tif","Tree",1,322000,322999.999,4097000,4097999.999
"1851",1923,322618.084,322625.311,4097341.109,4097350.464,"Silva","NEON_D17_TEAK_DP1_322000_4097000_classified_point_cloud_colorized.laz","2018_TEAK_3_322000_4097000_image.tif","Tree",1,322000,322999.999,4097000,4097999.999
"1852",1924,322855.175,322859.982,4097352.163,4097358.809,"Silva","NEON_D17_TEAK_DP1_322000_4097000_classified_point_cloud_colorized.laz","2018_TEAK_3_322000_4097000_image.tif","Tree",1,322000,322999.999,4097000,4097999.999
"1853",1925,322656.607,322658.981,4097348.507,4097350.809,"Silva","NEON_D17_TEAK_DP1_322000_4097000_classified_point_cloud_colorized.laz","2018_TEAK_3_322000_4097000_image.tif","Tree",1,322000,322999.999,4097000,4097999.999
"1854",1926,322671.558,322677.997,4097346.511,4097354.279,"Silva","NEON_D17_TEAK_DP1_322000_4097000_classified_point_cloud_colorized.laz","2018_TEAK_3_322000_4097000_image.tif","Tree",1,322000,322999.999,4097000,4097999.999
"1855",1927,322951.539,322958.941,4097360.13,4097367.519,"Silva","NEON_D17_TEAK_DP1_322000_4097000_classified_point_cloud_colorized.laz","2018_TEAK_3_322000_4097000_image.tif","Tree",1,322000,322999.999,4097000,4097999.999
"1856",1929,322666.524,322669.984,4097353.626,4097358.498,"Silva","NEON_D17_TEAK_DP1_322000_4097000_classified_point_cloud_colorized.laz","2018_TEAK_3_322000_4097000_image.tif","Tree",1,322000,322999.999,4097000,4097999.999
"1857",1930,322838.12,322839.32,4097362.012,4097364.995,"Silva","NEON_D17_TEAK_DP1_322000_4097000_classified_point_cloud_colorized.laz","2018_TEAK_3_322000_4097000_image.tif","Tree",1,322000,322999.999,4097000,4097999.999
"1858",1931,322655.583,322658.984,4097355.274,4097358.809,"Silva","NEON_D17_TEAK_DP1_322000_4097000_classified_point_cloud_colorized.laz","2018_TEAK_3_322000_4097000_image.tif","Tree",1,322000,322999.999,4097000,4097999.999
"1859",1932,322596.055,322604.395,4097350.046,4097359.479,"Silva","NEON_D17_TEAK_DP1_322000_4097000_classified_point_cloud_colorized.laz","2018_TEAK_3_322000_4097000_image.tif","Tree",1,322000,322999.999,4097000,4097999.999
"1860",1933,322633.526,322634.38,4097357.592,4097358.41,"Silva","NEON_D17_TEAK_DP1_322000_4097000_classified_point_cloud_colorized.laz","2018_TEAK_3_322000_4097000_image.tif","Tree",1,322000,322999.999,4097000,4097999.999
"1861",1934,322846.645,322852.766,4097364.492,4097370.612,"Silva","NEON_D17_TEAK_DP1_322000_4097000_classified_point_cloud_colorized.laz","2018_TEAK_3_322000_4097000_image.tif","Tree",1,322000,322999.999,4097000,4097999.999
"1862",1935,322651.103,322654.399,4097358.24,4097361.472,"Silva","NEON_D17_TEAK_DP1_322000_4097000_classified_point_cloud_colorized.laz","2018_TEAK_3_322000_4097000_image.tif","Tree",1,322000,322999.999,4097000,4097999.999
"1863",1936,322645.192,322646.465,4097358.622,4097359.888,"Silva","NEON_D17_TEAK_DP1_322000_4097000_classified_point_cloud_colorized.laz","2018_TEAK_3_322000_4097000_image.tif","Tree",1,322000,322999.999,4097000,4097999.999
"1864",1937,322621.043,322622.942,4097357.782,4097359.457,"Silva","NEON_D17_TEAK_DP1_322000_4097000_classified_point_cloud_colorized.laz","2018_TEAK_3_322000_4097000_image.tif","Tree",1,322000,322999.999,4097000,4097999.999
"1865",1938,322669.633,322673.22,4097359.692,4097363.765,"Silva","NEON_D17_TEAK_DP1_322000_4097000_classified_point_cloud_colorized.laz","2018_TEAK_3_322000_4097000_image.tif","Tree",1,322000,322999.999,4097000,4097999.999
"1866",1939,322667.128,322669.926,4097359.539,4097363.649,"Silva","NEON_D17_TEAK_DP1_322000_4097000_classified_point_cloud_colorized.laz","2018_TEAK_3_322000_4097000_image.tif","Tree",1,322000,322999.999,4097000,4097999.999
"1867",1940,322757.494,322758.228,4097365.81,4097365.961,"Silva","NEON_D17_TEAK_DP1_322000_4097000_classified_point_cloud_colorized.laz","2018_TEAK_3_322000_4097000_image.tif","Tree",1,322000,322999.999,4097000,4097999.999
"1868",1941,322852.408,322857.903,4097364.199,4097373.364,"Silva","NEON_D17_TEAK_DP1_322000_4097000_classified_point_cloud_colorized.laz","2018_TEAK_3_322000_4097000_image.tif","Tree",1,322000,322999.999,4097000,4097999.999
"1869",1942,322540.16,322545.686,4097353.023,4097358.947,"Silva","NEON_D17_TEAK_DP1_322000_4097000_classified_point_cloud_colorized.laz","2018_TEAK_3_322000_4097000_image.tif","Tree",1,322000,322999.999,4097000,4097999.999
"1870",1943,322581.586,322590.931,4097355.018,4097363.917,"Silva","NEON_D17_TEAK_DP1_322000_4097000_classified_point_cloud_colorized.laz","2018_TEAK_3_322000_4097000_image.tif","Tree",1,322000,322999.999,4097000,4097999.999
"1871",1944,322621.024,322622.929,4097362.367,4097363.991,"Silva","NEON_D17_TEAK_DP1_322000_4097000_classified_point_cloud_colorized.laz","2018_TEAK_3_322000_4097000_image.tif","Tree",1,322000,322999.999,4097000,4097999.999
"1872",1945,322688.074,322696.678,4097360.574,4097369.912,"Silva","NEON_D17_TEAK_DP1_322000_4097000_classified_point_cloud_colorized.laz","2018_TEAK_3_322000_4097000_image.tif","Tree",1,322000,322999.999,4097000,4097999.999
"1873",1946,322714.55,322718.387,4097365.623,4097369.457,"Silva","NEON_D17_TEAK_DP1_322000_4097000_classified_point_cloud_colorized.laz","2018_TEAK_3_322000_4097000_image.tif","Tree",1,322000,322999.999,4097000,4097999.999
"1874",1947,322916.534,322923.432,4097373.207,4097379.356,"Silva","NEON_D17_TEAK_DP1_322000_4097000_classified_point_cloud_colorized.laz","2018_TEAK_3_322000_4097000_image.tif","Tree",1,322000,322999.999,4097000,4097999.999
"1875",1948,322598.579,322607.956,4097358.504,4097367.972,"Silva","NEON_D17_TEAK_DP1_322000_4097000_classified_point_cloud_colorized.laz","2018_TEAK_3_322000_4097000_image.tif","Tree",1,322000,322999.999,4097000,4097999.999
"1876",1949,322731.601,322735.198,4097369.553,4097371.946,"Silva","NEON_D17_TEAK_DP1_322000_4097000_classified_point_cloud_colorized.laz","2018_TEAK_3_322000_4097000_image.tif","Tree",1,322000,322999.999,4097000,4097999.999
"1877",1950,322683.045,322685.397,4097367.851,4097367.983,"Silva","NEON_D17_TEAK_DP1_322000_4097000_classified_point_cloud_colorized.laz","2018_TEAK_3_322000_4097000_image.tif","Tree",1,322000,322999.999,4097000,4097999.999
"1878",1951,322866.069,322866.548,4097374.086,4097375.484,"Silva","NEON_D17_TEAK_DP1_322000_4097000_classified_point_cloud_colorized.laz","2018_TEAK_3_322000_4097000_image.tif","Tree",1,322000,322999.999,4097000,4097999.999
"1879",1952,322971.26,322981.469,4097377.003,4097385.897,"Silva","NEON_D17_TEAK_DP1_322000_4097000_classified_point_cloud_colorized.laz","2018_TEAK_3_322000_4097000_image.tif","Tree",1,322000,322999.999,4097000,4097999.999
"1880",1953,322669.54,322671.992,4097370.656,4097372.889,"Silva","NEON_D17_TEAK_DP1_322000_4097000_classified_point_cloud_colorized.laz","2018_TEAK_3_322000_4097000_image.tif","Tree",1,322000,322999.999,4097000,4097999.999
"1881",1954,322664.932,322668.383,4097370.624,4097372.985,"Silva","NEON_D17_TEAK_DP1_322000_4097000_classified_point_cloud_colorized.laz","2018_TEAK_3_322000_4097000_image.tif","Tree",1,322000,322999.999,4097000,4097999.999
"1882",1955,322536.319,322540.975,4097363.76,4097368.436,"Silva","NEON_D17_TEAK_DP1_322000_4097000_classified_point_cloud_colorized.laz","2018_TEAK_3_322000_4097000_image.tif","Tree",1,322000,322999.999,4097000,4097999.999
"1883",1956,322741.125,322742.861,4097374.588,4097376.941,"Silva","NEON_D17_TEAK_DP1_322000_4097000_classified_point_cloud_colorized.laz","2018_TEAK_3_322000_4097000_image.tif","Tree",1,322000,322999.999,4097000,4097999.999
"1884",1957,322712.343,322717.79,4097372.051,4097378.437,"Silva","NEON_D17_TEAK_DP1_322000_4097000_classified_point_cloud_colorized.laz","2018_TEAK_3_322000_4097000_image.tif","Tree",1,322000,322999.999,4097000,4097999.999
"1885",1958,322896.544,322901.874,4097379.689,4097386.345,"Silva","NEON_D17_TEAK_DP1_322000_4097000_classified_point_cloud_colorized.laz","2018_TEAK_3_322000_4097000_image.tif","Tree",1,322000,322999.999,4097000,4097999.999
"1886",1959,322558.17,322558.344,4097374.313,4097374.475,"Silva","NEON_D17_TEAK_DP1_322000_4097000_classified_point_cloud_colorized.laz","2018_TEAK_3_322000_4097000_image.tif","Tree",1,322000,322999.999,4097000,4097999.999
"1887",1960,322602.637,322609.48,4097367.503,4097374.432,"Silva","NEON_D17_TEAK_DP1_322000_4097000_classified_point_cloud_colorized.laz","2018_TEAK_3_322000_4097000_image.tif","Tree",1,322000,322999.999,4097000,4097999.999
"1888",1961,322631.007,322637.407,4097370.756,4097377.44,"Silva","NEON_D17_TEAK_DP1_322000_4097000_classified_point_cloud_colorized.laz","2018_TEAK_3_322000_4097000_image.tif","Tree",1,322000,322999.999,4097000,4097999.999
"1889",1962,322701.075,322703.999,4097376.64,4097380.349,"Silva","NEON_D17_TEAK_DP1_322000_4097000_classified_point_cloud_colorized.laz","2018_TEAK_3_322000_4097000_image.tif","Tree",1,322000,322999.999,4097000,4097999.999
"1890",1963,322664.749,322673.48,4097371.638,4097381.294,"Silva","NEON_D17_TEAK_DP1_322000_4097000_classified_point_cloud_colorized.laz","2018_TEAK_3_322000_4097000_image.tif","Tree",1,322000,322999.999,4097000,4097999.999
"1891",1964,322641.276,322646.409,4097374.104,4097379.512,"Silva","NEON_D17_TEAK_DP1_322000_4097000_classified_point_cloud_colorized.laz","2018_TEAK_3_322000_4097000_image.tif","Tree",1,322000,322999.999,4097000,4097999.999
"1892",1965,322541.605,322545.697,4097371.024,4097375.97,"Silva","NEON_D17_TEAK_DP1_322000_4097000_classified_point_cloud_colorized.laz","2018_TEAK_3_322000_4097000_image.tif","Tree",1,322000,322999.999,4097000,4097999.999
"1893",1966,322573.028,322587.936,4097370.132,4097383.961,"Silva","NEON_D17_TEAK_DP1_322000_4097000_classified_point_cloud_colorized.laz","2018_TEAK_3_322000_4097000_image.tif","Tree",1,322000,322999.999,4097000,4097999.999
"1894",1968,322690.749,322698.286,4097379.519,4097386.922,"Silva","NEON_D17_TEAK_DP1_322000_4097000_classified_point_cloud_colorized.laz","2018_TEAK_3_322000_4097000_image.tif","Tree",1,322000,322999.999,4097000,4097999.999
"1895",1969,322836.505,322843.904,4097388.054,4097395.91,"Silva","NEON_D17_TEAK_DP1_322000_4097000_classified_point_cloud_colorized.laz","2018_TEAK_3_322000_4097000_image.tif","Tree",1,322000,322999.999,4097000,4097999.999
"1896",1971,322656.063,322663.96,4097381.719,4097389.058,"Silva","NEON_D17_TEAK_DP1_322000_4097000_classified_point_cloud_colorized.laz","2018_TEAK_3_322000_4097000_image.tif","Tree",1,322000,322999.999,4097000,4097999.999
"1897",1972,322951.397,322957.475,4097394.681,4097398.985,"Silva","NEON_D17_TEAK_DP1_322000_4097000_classified_point_cloud_colorized.laz","2018_TEAK_3_322000_4097000_image.tif","Tree",1,322000,322999.999,4097000,4097999.999
"1898",1973,322643.53,322647.456,4097383.502,4097387.896,"Silva","NEON_D17_TEAK_DP1_322000_4097000_classified_point_cloud_colorized.laz","2018_TEAK_3_322000_4097000_image.tif","Tree",1,322000,322999.999,4097000,4097999.999
"1899",1974,322712.568,322720.437,4097382.887,4097390.449,"Silva","NEON_D17_TEAK_DP1_322000_4097000_classified_point_cloud_colorized.laz","2018_TEAK_3_322000_4097000_image.tif","Tree",1,322000,322999.999,4097000,4097999.999
"1900",1975,322842.521,322851.491,4097387.022,4097398.13,"Silva","NEON_D17_TEAK_DP1_322000_4097000_classified_point_cloud_colorized.laz","2018_TEAK_3_322000_4097000_image.tif","Tree",1,322000,322999.999,4097000,4097999.999
"1901",1976,322573.036,322582.977,4097379.37,4097385.083,"Silva","NEON_D17_TEAK_DP1_322000_4097000_classified_point_cloud_colorized.laz","2018_TEAK_3_322000_4097000_image.tif","Tree",1,322000,322999.999,4097000,4097999.999
"1902",1977,322625.921,322634.365,4097383.539,4097391.966,"Silva","NEON_D17_TEAK_DP1_322000_4097000_classified_point_cloud_colorized.laz","2018_TEAK_3_322000_4097000_image.tif","Tree",1,322000,322999.999,4097000,4097999.999
"1903",1978,322675.529,322675.981,4097389.054,4097389.747,"Silva","NEON_D17_TEAK_DP1_322000_4097000_classified_point_cloud_colorized.laz","2018_TEAK_3_322000_4097000_image.tif","Tree",1,322000,322999.999,4097000,4097999.999
"1904",1979,322712.509,322719.744,4097389.201,4097391.789,"Silva","NEON_D17_TEAK_DP1_322000_4097000_classified_point_cloud_colorized.laz","2018_TEAK_3_322000_4097000_image.tif","Tree",1,322000,322999.999,4097000,4097999.999
"1905",1981,322952.507,322956.056,4097399.011,4097401.258,"Silva","NEON_D17_TEAK_DP1_322000_4097000_classified_point_cloud_colorized.laz","2018_TEAK_3_322000_4097000_image.tif","Tree",1,322000,322999.999,4097000,4097999.999
"1906",1982,322850.552,322851.622,4097394.165,4097396.301,"Silva","NEON_D17_TEAK_DP1_322000_4097000_classified_point_cloud_colorized.laz","2018_TEAK_3_322000_4097000_image.tif","Tree",1,322000,322999.999,4097000,4097999.999
"1907",1983,322707.621,322712.552,4097388.523,4097394.444,"Silva","NEON_D17_TEAK_DP1_322000_4097000_classified_point_cloud_colorized.laz","2018_TEAK_3_322000_4097000_image.tif","Tree",1,322000,322999.999,4097000,4097999.999
"1908",1984,322696.671,322696.745,4097391.383,4097391.733,"Silva","NEON_D17_TEAK_DP1_322000_4097000_classified_point_cloud_colorized.laz","2018_TEAK_3_322000_4097000_image.tif","Tree",1,322000,322999.999,4097000,4097999.999
"1909",1985,322655.718,322660.284,4097387.608,4097393.973,"Silva","NEON_D17_TEAK_DP1_322000_4097000_classified_point_cloud_colorized.laz","2018_TEAK_3_322000_4097000_image.tif","Tree",1,322000,322999.999,4097000,4097999.999
"1910",1986,322820.645,322829.919,4097392.018,4097402.907,"Silva","NEON_D17_TEAK_DP1_322000_4097000_classified_point_cloud_colorized.laz","2018_TEAK_3_322000_4097000_image.tif","Tree",1,322000,322999.999,4097000,4097999.999
"1911",1987,322834.501,322843.328,4097397.632,4097405.471,"Silva","NEON_D17_TEAK_DP1_322000_4097000_classified_point_cloud_colorized.laz","2018_TEAK_3_322000_4097000_image.tif","Tree",1,322000,322999.999,4097000,4097999.999
"1912",1988,322571.634,322575.358,4097389.155,4097394.988,"Silva","NEON_D17_TEAK_DP1_322000_4097000_classified_point_cloud_colorized.laz","2018_TEAK_3_322000_4097000_image.tif","Tree",1,322000,322999.999,4097000,4097999.999
"1913",1989,322564.033,322564.707,4097391.089,4097391.987,"Silva","NEON_D17_TEAK_DP1_322000_4097000_classified_point_cloud_colorized.laz","2018_TEAK_3_322000_4097000_image.tif","Tree",1,322000,322999.999,4097000,4097999.999
"1914",1990,322549.426,322553.943,4097389.129,4097392.859,"Silva","NEON_D17_TEAK_DP1_322000_4097000_classified_point_cloud_colorized.laz","2018_TEAK_3_322000_4097000_image.tif","Tree",1,322000,322999.999,4097000,4097999.999
"1915",1991,322764.31,322767.472,4097397.7,4097400.992,"Silva","NEON_D17_TEAK_DP1_322000_4097000_classified_point_cloud_colorized.laz","2018_TEAK_3_322000_4097000_image.tif","Tree",1,322000,322999.999,4097000,4097999.999
"1916",1992,322779.51,322785.448,4097401.03,4097405.634,"Silva","NEON_D17_TEAK_DP1_322000_4097000_classified_point_cloud_colorized.laz","2018_TEAK_3_322000_4097000_image.tif","Tree",1,322000,322999.999,4097000,4097999.999
"1917",1993,322788.501,322793.813,4097400.051,4097406.379,"Silva","NEON_D17_TEAK_DP1_322000_4097000_classified_point_cloud_colorized.laz","2018_TEAK_3_322000_4097000_image.tif","Tree",1,322000,322999.999,4097000,4097999.999
"1918",1994,322985.008,322993.97,4097405.506,4097415.971,"Silva","NEON_D17_TEAK_DP1_322000_4097000_classified_point_cloud_colorized.laz","2018_TEAK_3_322000_4097000_image.tif","Tree",1,322000,322999.999,4097000,4097999.999
"1919",1995,322657.052,322658.875,4097398.028,4097399.335,"Silva","NEON_D17_TEAK_DP1_322000_4097000_classified_point_cloud_colorized.laz","2018_TEAK_3_322000_4097000_image.tif","Tree",1,322000,322999.999,4097000,4097999.999
"1920",1996,322970.574,322979.475,4097407.005,4097415.956,"Silva","NEON_D17_TEAK_DP1_322000_4097000_classified_point_cloud_colorized.laz","2018_TEAK_3_322000_4097000_image.tif","Tree",1,322000,322999.999,4097000,4097999.999
"1921",1997,322992.522,322999.974,4097408.736,4097414.804,"Silva","NEON_D17_TEAK_DP1_322000_4097000_classified_point_cloud_colorized.laz","2018_TEAK_3_322000_4097000_image.tif","Tree",1,322000,322999.999,4097000,4097999.999
"1922",1998,322585.166,322590.994,4097394.008,4097398.886,"Silva","NEON_D17_TEAK_DP1_322000_4097000_classified_point_cloud_colorized.laz","2018_TEAK_3_322000_4097000_image.tif","Tree",1,322000,322999.999,4097000,4097999.999
"1923",1999,322707.349,322710.94,4097400.695,4097403.999,"Silva","NEON_D17_TEAK_DP1_322000_4097000_classified_point_cloud_colorized.laz","2018_TEAK_3_322000_4097000_image.tif","Tree",1,322000,322999.999,4097000,4097999.999
"1924",2000,322932.196,322936.292,4097410.094,4097415.184,"Silva","NEON_D17_TEAK_DP1_322000_4097000_classified_point_cloud_colorized.laz","2018_TEAK_3_322000_4097000_image.tif","Tree",1,322000,322999.999,4097000,4097999.999
"1925",2001,322623.685,322630.467,4097397.119,4097403.858,"Silva","NEON_D17_TEAK_DP1_322000_4097000_classified_point_cloud_colorized.laz","2018_TEAK_3_322000_4097000_image.tif","Tree",1,322000,322999.999,4097000,4097999.999
"1926",2002,322665.691,322667.339,4097401.144,4097402.957,"Silva","NEON_D17_TEAK_DP1_322000_4097000_classified_point_cloud_colorized.laz","2018_TEAK_3_322000_4097000_image.tif","Tree",1,322000,322999.999,4097000,4097999.999
"1927",2003,322684.588,322687.982,4097400.646,4097405.431,"Silva","NEON_D17_TEAK_DP1_322000_4097000_classified_point_cloud_colorized.laz","2018_TEAK_3_322000_4097000_image.tif","Tree",1,322000,322999.999,4097000,4097999.999
"1928",2004,322901.533,322908.505,4097408.707,4097414.456,"Silva","NEON_D17_TEAK_DP1_322000_4097000_classified_point_cloud_colorized.laz","2018_TEAK_3_322000_4097000_image.tif","Tree",1,322000,322999.999,4097000,4097999.999
"1929",2005,322844.5,322849.869,4097407.018,4097412.923,"Silva","NEON_D17_TEAK_DP1_322000_4097000_classified_point_cloud_colorized.laz","2018_TEAK_3_322000_4097000_image.tif","Tree",1,322000,322999.999,4097000,4097999.999
"1930",2006,322778.706,322785.882,4097404.086,4097410.968,"Silva","NEON_D17_TEAK_DP1_322000_4097000_classified_point_cloud_colorized.laz","2018_TEAK_3_322000_4097000_image.tif","Tree",1,322000,322999.999,4097000,4097999.999
"1931",2007,322936.507,322941.972,4097413.089,4097419.48,"Silva","NEON_D17_TEAK_DP1_322000_4097000_classified_point_cloud_colorized.laz","2018_TEAK_3_322000_4097000_image.tif","Tree",1,322000,322999.999,4097000,4097999.999
"1932",2008,322774.453,322779.356,4097404.039,4097411.88,"Silva","NEON_D17_TEAK_DP1_322000_4097000_classified_point_cloud_colorized.laz","2018_TEAK_3_322000_4097000_image.tif","Tree",1,322000,322999.999,4097000,4097999.999
"1933",2009,322619.206,322619.69,4097402.755,4097402.969,"Silva","NEON_D17_TEAK_DP1_322000_4097000_classified_point_cloud_colorized.laz","2018_TEAK_3_322000_4097000_image.tif","Tree",1,322000,322999.999,4097000,4097999.999
"1934",2010,322730.007,322730.597,4097406.118,4097407.339,"Silva","NEON_D17_TEAK_DP1_322000_4097000_classified_point_cloud_colorized.laz","2018_TEAK_3_322000_4097000_image.tif","Tree",1,322000,322999.999,4097000,4097999.999
"1935",2011,322640.339,322645.888,4097401.618,4097406.958,"Silva","NEON_D17_TEAK_DP1_322000_4097000_classified_point_cloud_colorized.laz","2018_TEAK_3_322000_4097000_image.tif","Tree",1,322000,322999.999,4097000,4097999.999
"1936",2012,322623.306,322624.419,4097401.698,4097402.367,"Silva","NEON_D17_TEAK_DP1_322000_4097000_classified_point_cloud_colorized.laz","2018_TEAK_3_322000_4097000_image.tif","Tree",1,322000,322999.999,4097000,4097999.999
"1937",2013,322715.523,322721.131,4097404.109,4097410.968,"Silva","NEON_D17_TEAK_DP1_322000_4097000_classified_point_cloud_colorized.laz","2018_TEAK_3_322000_4097000_image.tif","Tree",1,322000,322999.999,4097000,4097999.999
"1938",2014,322997.134,322999.994,4097417.63,4097422.888,"Silva","NEON_D17_TEAK_DP1_322000_4097000_classified_point_cloud_colorized.laz","2018_TEAK_3_322000_4097000_image.tif","Tree",1,322000,322999.999,4097000,4097999.999
"1939",2015,322681.78,322683.943,4097406.676,4097407.968,"Silva","NEON_D17_TEAK_DP1_322000_4097000_classified_point_cloud_colorized.laz","2018_TEAK_3_322000_4097000_image.tif","Tree",1,322000,322999.999,4097000,4097999.999
"1940",2016,322717.526,322722.053,4097407.029,4097411.463,"Silva","NEON_D17_TEAK_DP1_322000_4097000_classified_point_cloud_colorized.laz","2018_TEAK_3_322000_4097000_image.tif","Tree",1,322000,322999.999,4097000,4097999.999
"1941",2017,322659.5,322664.25,4097404.942,4097409.912,"Silva","NEON_D17_TEAK_DP1_322000_4097000_classified_point_cloud_colorized.laz","2018_TEAK_3_322000_4097000_image.tif","Tree",1,322000,322999.999,4097000,4097999.999
"1942",2018,322729.399,322730.858,4097410.157,4097411.732,"Silva","NEON_D17_TEAK_DP1_322000_4097000_classified_point_cloud_colorized.laz","2018_TEAK_3_322000_4097000_image.tif","Tree",1,322000,322999.999,4097000,4097999.999
"1943",2019,322732.1,322734.494,4097412.071,4097414.48,"Silva","NEON_D17_TEAK_DP1_322000_4097000_classified_point_cloud_colorized.laz","2018_TEAK_3_322000_4097000_image.tif","Tree",1,322000,322999.999,4097000,4097999.999
"1944",2020,322703.623,322708.92,4097409.027,4097415.212,"Silva","NEON_D17_TEAK_DP1_322000_4097000_classified_point_cloud_colorized.laz","2018_TEAK_3_322000_4097000_image.tif","Tree",1,322000,322999.999,4097000,4097999.999
"1945",2021,322666.087,322670.075,4097407.512,4097411.869,"Silva","NEON_D17_TEAK_DP1_322000_4097000_classified_point_cloud_colorized.laz","2018_TEAK_3_322000_4097000_image.tif","Tree",1,322000,322999.999,4097000,4097999.999
"1946",2022,322597.178,322605.987,4097405.072,4097412.976,"Silva","NEON_D17_TEAK_DP1_322000_4097000_classified_point_cloud_colorized.laz","2018_TEAK_3_322000_4097000_image.tif","Tree",1,322000,322999.999,4097000,4097999.999
"1947",2023,322632.027,322636.05,4097408.015,4097413.978,"Silva","NEON_D17_TEAK_DP1_322000_4097000_classified_point_cloud_colorized.laz","2018_TEAK_3_322000_4097000_image.tif","Tree",1,322000,322999.999,4097000,4097999.999
"1948",2024,322708.292,322714.85,4097411.026,4097417.445,"Silva","NEON_D17_TEAK_DP1_322000_4097000_classified_point_cloud_colorized.laz","2018_TEAK_3_322000_4097000_image.tif","Tree",1,322000,322999.999,4097000,4097999.999
"1949",2025,322960.013,322971.931,4097420.086,4097429.469,"Silva","NEON_D17_TEAK_DP1_322000_4097000_classified_point_cloud_colorized.laz","2018_TEAK_3_322000_4097000_image.tif","Tree",1,322000,322999.999,4097000,4097999.999
"1950",2026,322777.778,322784.315,4097413.556,4097420.869,"Silva","NEON_D17_TEAK_DP1_322000_4097000_classified_point_cloud_colorized.laz","2018_TEAK_3_322000_4097000_image.tif","Tree",1,322000,322999.999,4097000,4097999.999
"1951",2027,322676.427,322677.368,4097413.676,4097414.173,"Silva","NEON_D17_TEAK_DP1_322000_4097000_classified_point_cloud_colorized.laz","2018_TEAK_3_322000_4097000_image.tif","Tree",1,322000,322999.999,4097000,4097999.999
"1952",2028,322682.168,322687.434,4097412.001,4097417.768,"Silva","NEON_D17_TEAK_DP1_322000_4097000_classified_point_cloud_colorized.laz","2018_TEAK_3_322000_4097000_image.tif","Tree",1,322000,322999.999,4097000,4097999.999
"1953",2029,322817.523,322820.987,4097419.015,4097421.865,"Silva","NEON_D17_TEAK_DP1_322000_4097000_classified_point_cloud_colorized.laz","2018_TEAK_3_322000_4097000_image.tif","Tree",1,322000,322999.999,4097000,4097999.999
"1954",2030,322745.581,322753.445,4097412.606,4097424.421,"Silva","NEON_D17_TEAK_DP1_322000_4097000_classified_point_cloud_colorized.laz","2018_TEAK_3_322000_4097000_image.tif","Tree",1,322000,322999.999,4097000,4097999.999
"1955",2031,322986.396,322989.946,4097425.011,4097428.965,"Silva","NEON_D17_TEAK_DP1_322000_4097000_classified_point_cloud_colorized.laz","2018_TEAK_3_322000_4097000_image.tif","Tree",1,322000,322999.999,4097000,4097999.999
"1956",2032,322686.271,322693.925,4097414.016,4097420.987,"Silva","NEON_D17_TEAK_DP1_322000_4097000_classified_point_cloud_colorized.laz","2018_TEAK_3_322000_4097000_image.tif","Tree",1,322000,322999.999,4097000,4097999.999
"1957",2033,322714.553,322721.302,4097413.719,4097422.424,"Silva","NEON_D17_TEAK_DP1_322000_4097000_classified_point_cloud_colorized.laz","2018_TEAK_3_322000_4097000_image.tif","Tree",1,322000,322999.999,4097000,4097999.999
"1958",2034,322886.519,322894.979,4097423.511,4097431.497,"Silva","NEON_D17_TEAK_DP1_322000_4097000_classified_point_cloud_colorized.laz","2018_TEAK_3_322000_4097000_image.tif","Tree",1,322000,322999.999,4097000,4097999.999
"1959",2035,322611.187,322611.187,4097413.65,4097413.65,"Silva","NEON_D17_TEAK_DP1_322000_4097000_classified_point_cloud_colorized.laz","2018_TEAK_3_322000_4097000_image.tif","Tree",1,322000,322999.999,4097000,4097999.999
"1960",2036,322627.296,322631.973,4097415.642,4097423.46,"Silva","NEON_D17_TEAK_DP1_322000_4097000_classified_point_cloud_colorized.laz","2018_TEAK_3_322000_4097000_image.tif","Tree",1,322000,322999.999,4097000,4097999.999
"1961",2038,322991.152,322999.953,4097436.048,4097438.832,"Silva","NEON_D17_TEAK_DP1_322000_4097000_classified_point_cloud_colorized.laz","2018_TEAK_3_322000_4097000_image.tif","Tree",1,322000,322999.999,4097000,4097999.999
"1962",2039,322729.043,322735.186,4097419.765,4097426.482,"Silva","NEON_D17_TEAK_DP1_322000_4097000_classified_point_cloud_colorized.laz","2018_TEAK_3_322000_4097000_image.tif","Tree",1,322000,322999.999,4097000,4097999.999
"1963",2040,322768.586,322774.762,4097422.504,4097429.434,"Silva","NEON_D17_TEAK_DP1_322000_4097000_classified_point_cloud_colorized.laz","2018_TEAK_3_322000_4097000_image.tif","Tree",1,322000,322999.999,4097000,4097999.999
"1964",2041,322588.503,322596.464,4097416.262,4097423.953,"Silva","NEON_D17_TEAK_DP1_322000_4097000_classified_point_cloud_colorized.laz","2018_TEAK_3_322000_4097000_image.tif","Tree",1,322000,322999.999,4097000,4097999.999
"1965",2042,322924.539,322933.58,4097430.228,4097434.994,"Silva","NEON_D17_TEAK_DP1_322000_4097000_classified_point_cloud_colorized.laz","2018_TEAK_3_322000_4097000_image.tif","Tree",1,322000,322999.999,4097000,4097999.999
"1966",2043,322687.544,322692.965,4097420.529,4097427.242,"Silva","NEON_D17_TEAK_DP1_322000_4097000_classified_point_cloud_colorized.laz","2018_TEAK_3_322000_4097000_image.tif","Tree",1,322000,322999.999,4097000,4097999.999
"1967",2044,322673.587,322677.299,4097421.521,4097426.48,"Silva","NEON_D17_TEAK_DP1_322000_4097000_classified_point_cloud_colorized.laz","2018_TEAK_3_322000_4097000_image.tif","Tree",1,322000,322999.999,4097000,4097999.999
"1968",2045,322536.752,322543.976,4097415.028,4097422.694,"Silva","NEON_D17_TEAK_DP1_322000_4097000_classified_point_cloud_colorized.laz","2018_TEAK_3_322000_4097000_image.tif","Tree",1,322000,322999.999,4097000,4097999.999
"1969",2046,322699.429,322703.178,4097422.702,4097427.442,"Silva","NEON_D17_TEAK_DP1_322000_4097000_classified_point_cloud_colorized.laz","2018_TEAK_3_322000_4097000_image.tif","Tree",1,322000,322999.999,4097000,4097999.999
"1970",2047,322720.512,322727.824,4097422.068,4097429.464,"Silva","NEON_D17_TEAK_DP1_322000_4097000_classified_point_cloud_colorized.laz","2018_TEAK_3_322000_4097000_image.tif","Tree",1,322000,322999.999,4097000,4097999.999
"1971",2048,322631.582,322640.87,4097419.716,4097427.037,"Silva","NEON_D17_TEAK_DP1_322000_4097000_classified_point_cloud_colorized.laz","2018_TEAK_3_322000_4097000_image.tif","Tree",1,322000,322999.999,4097000,4097999.999
"1972",2049,322932.516,322939.949,4097431.026,4097439.408,"Silva","NEON_D17_TEAK_DP1_322000_4097000_classified_point_cloud_colorized.laz","2018_TEAK_3_322000_4097000_image.tif","Tree",1,322000,322999.999,4097000,4097999.999
"1973",2050,322681.057,322684.109,4097424.572,4097429.444,"Silva","NEON_D17_TEAK_DP1_322000_4097000_classified_point_cloud_colorized.laz","2018_TEAK_3_322000_4097000_image.tif","Tree",1,322000,322999.999,4097000,4097999.999
"1974",2051,322670.105,322672.931,4097425.08,4097427.282,"Silva","NEON_D17_TEAK_DP1_322000_4097000_classified_point_cloud_colorized.laz","2018_TEAK_3_322000_4097000_image.tif","Tree",1,322000,322999.999,4097000,4097999.999
"1975",2052,322728.626,322736.428,4097425.36,4097432.621,"Silva","NEON_D17_TEAK_DP1_322000_4097000_classified_point_cloud_colorized.laz","2018_TEAK_3_322000_4097000_image.tif","Tree",1,322000,322999.999,4097000,4097999.999
"1976",2053,322974.188,322980.428,4097433.664,4097443.382,"Silva","NEON_D17_TEAK_DP1_322000_4097000_classified_point_cloud_colorized.laz","2018_TEAK_3_322000_4097000_image.tif","Tree",1,322000,322999.999,4097000,4097999.999
"1977",2054,322980.068,322988,4097434.054,4097443.409,"Silva","NEON_D17_TEAK_DP1_322000_4097000_classified_point_cloud_colorized.laz","2018_TEAK_3_322000_4097000_image.tif","Tree",1,322000,322999.999,4097000,4097999.999
"1978",2055,322638.509,322645.651,4097422.044,4097429.494,"Silva","NEON_D17_TEAK_DP1_322000_4097000_classified_point_cloud_colorized.laz","2018_TEAK_3_322000_4097000_image.tif","Tree",1,322000,322999.999,4097000,4097999.999
"1979",2057,322550.527,322557.93,4097421.782,4097428.495,"Silva","NEON_D17_TEAK_DP1_322000_4097000_classified_point_cloud_colorized.laz","2018_TEAK_3_322000_4097000_image.tif","Tree",1,322000,322999.999,4097000,4097999.999
"1980",2058,322925.522,322934.972,4097434.766,4097442.487,"Silva","NEON_D17_TEAK_DP1_322000_4097000_classified_point_cloud_colorized.laz","2018_TEAK_3_322000_4097000_image.tif","Tree",1,322000,322999.999,4097000,4097999.999
"1981",2059,322705.536,322711.392,4097427.197,4097433.275,"Silva","NEON_D17_TEAK_DP1_322000_4097000_classified_point_cloud_colorized.laz","2018_TEAK_3_322000_4097000_image.tif","Tree",1,322000,322999.999,4097000,4097999.999
"1982",2060,322684.785,322688.981,4097428.074,4097433.882,"Silva","NEON_D17_TEAK_DP1_322000_4097000_classified_point_cloud_colorized.laz","2018_TEAK_3_322000_4097000_image.tif","Tree",1,322000,322999.999,4097000,4097999.999
"1983",2061,322692.504,322697.497,4097429.024,4097435.77,"Silva","NEON_D17_TEAK_DP1_322000_4097000_classified_point_cloud_colorized.laz","2018_TEAK_3_322000_4097000_image.tif","Tree",1,322000,322999.999,4097000,4097999.999
"1984",2062,322711.087,322717.963,4097428.006,4097434.987,"Silva","NEON_D17_TEAK_DP1_322000_4097000_classified_point_cloud_colorized.laz","2018_TEAK_3_322000_4097000_image.tif","Tree",1,322000,322999.999,4097000,4097999.999
"1985",2063,322633.263,322641.438,4097426.683,4097432.388,"Silva","NEON_D17_TEAK_DP1_322000_4097000_classified_point_cloud_colorized.laz","2018_TEAK_3_322000_4097000_image.tif","Tree",1,322000,322999.999,4097000,4097999.999
"1986",2064,322608.054,322609.439,4097430.303,4097431.863,"Silva","NEON_D17_TEAK_DP1_322000_4097000_classified_point_cloud_colorized.laz","2018_TEAK_3_322000_4097000_image.tif","Tree",1,322000,322999.999,4097000,4097999.999
"1987",2065,322836.06,322844.87,4097431.636,4097440.989,"Silva","NEON_D17_TEAK_DP1_322000_4097000_classified_point_cloud_colorized.laz","2018_TEAK_3_322000_4097000_image.tif","Tree",1,322000,322999.999,4097000,4097999.999
"1988",2066,322980.382,322990.983,4097438.951,4097449.351,"Silva","NEON_D17_TEAK_DP1_322000_4097000_classified_point_cloud_colorized.laz","2018_TEAK_3_322000_4097000_image.tif","Tree",1,322000,322999.999,4097000,4097999.999
"1989",2067,322725.228,322733.807,4097430.664,4097437.756,"Silva","NEON_D17_TEAK_DP1_322000_4097000_classified_point_cloud_colorized.laz","2018_TEAK_3_322000_4097000_image.tif","Tree",1,322000,322999.999,4097000,4097999.999
"1990",2068,322819.648,322823.264,4097436.207,4097440.769,"Silva","NEON_D17_TEAK_DP1_322000_4097000_classified_point_cloud_colorized.laz","2018_TEAK_3_322000_4097000_image.tif","Tree",1,322000,322999.999,4097000,4097999.999
"1991",2069,322676.053,322681.334,4097431.505,4097436.893,"Silva","NEON_D17_TEAK_DP1_322000_4097000_classified_point_cloud_colorized.laz","2018_TEAK_3_322000_4097000_image.tif","Tree",1,322000,322999.999,4097000,4097999.999
"1992",2070,322688.25,322695.395,4097433.651,4097437.873,"Silva","NEON_D17_TEAK_DP1_322000_4097000_classified_point_cloud_colorized.laz","2018_TEAK_3_322000_4097000_image.tif","Tree",1,322000,322999.999,4097000,4097999.999
"1993",2071,322744.572,322748.521,4097436.549,4097440.472,"Silva","NEON_D17_TEAK_DP1_322000_4097000_classified_point_cloud_colorized.laz","2018_TEAK_3_322000_4097000_image.tif","Tree",1,322000,322999.999,4097000,4097999.999
"1994",2072,322602.011,322608.974,4097429.508,4097436.756,"Silva","NEON_D17_TEAK_DP1_322000_4097000_classified_point_cloud_colorized.laz","2018_TEAK_3_322000_4097000_image.tif","Tree",1,322000,322999.999,4097000,4097999.999
"1995",2073,322708.002,322715.032,4097434.597,4097441.476,"Silva","NEON_D17_TEAK_DP1_322000_4097000_classified_point_cloud_colorized.laz","2018_TEAK_3_322000_4097000_image.tif","Tree",1,322000,322999.999,4097000,4097999.999
"1996",2074,322644.073,322650.454,4097432.108,4097438.437,"Silva","NEON_D17_TEAK_DP1_322000_4097000_classified_point_cloud_colorized.laz","2018_TEAK_3_322000_4097000_image.tif","Tree",1,322000,322999.999,4097000,4097999.999
"1997",2075,322970.571,322980.195,4097443.034,4097453.228,"Silva","NEON_D17_TEAK_DP1_322000_4097000_classified_point_cloud_colorized.laz","2018_TEAK_3_322000_4097000_image.tif","Tree",1,322000,322999.999,4097000,4097999.999
"1998",2076,322937.303,322943.461,4097443.283,4097451.312,"Silva","NEON_D17_TEAK_DP1_322000_4097000_classified_point_cloud_colorized.laz","2018_TEAK_3_322000_4097000_image.tif","Tree",1,322000,322999.999,4097000,4097999.999
"1999",2077,322857.246,322865.735,4097442.033,4097448.541,"Silva","NEON_D17_TEAK_DP1_322000_4097000_classified_point_cloud_colorized.laz","2018_TEAK_3_322000_4097000_image.tif","Tree",1,322000,322999.999,4097000,4097999.999
"2000",2079,322710.093,322717.921,4097436.993,4097444.288,"Silva","NEON_D17_TEAK_DP1_322000_4097000_classified_point_cloud_colorized.laz","2018_TEAK_3_322000_4097000_image.tif","Tree",1,322000,322999.999,4097000,4097999.999
"2001",2080,322816.595,322819.224,4097443.686,4097448.977,"Silva","NEON_D17_TEAK_DP1_322000_4097000_classified_point_cloud_colorized.laz","2018_TEAK_3_322000_4097000_image.tif","Tree",1,322000,322999.999,4097000,4097999.999
"2002",2081,322603.014,322608.912,4097434.523,4097440.959,"Silva","NEON_D17_TEAK_DP1_322000_4097000_classified_point_cloud_colorized.laz","2018_TEAK_3_322000_4097000_image.tif","Tree",1,322000,322999.999,4097000,4097999.999
"2003",2082,322685.578,322699.388,4097436.042,4097447.229,"Silva","NEON_D17_TEAK_DP1_322000_4097000_classified_point_cloud_colorized.laz","2018_TEAK_3_322000_4097000_image.tif","Tree",1,322000,322999.999,4097000,4097999.999
"2004",2083,322908.221,322914.924,4097446.042,4097452.324,"Silva","NEON_D17_TEAK_DP1_322000_4097000_classified_point_cloud_colorized.laz","2018_TEAK_3_322000_4097000_image.tif","Tree",1,322000,322999.999,4097000,4097999.999
"2005",2084,322899.536,322902.497,4097448.515,4097451.467,"Silva","NEON_D17_TEAK_DP1_322000_4097000_classified_point_cloud_colorized.laz","2018_TEAK_3_322000_4097000_image.tif","Tree",1,322000,322999.999,4097000,4097999.999
"2006",2085,322618.085,322625.193,4097437.01,4097444.974,"Silva","NEON_D17_TEAK_DP1_322000_4097000_classified_point_cloud_colorized.laz","2018_TEAK_3_322000_4097000_image.tif","Tree",1,322000,322999.999,4097000,4097999.999
"2007",2086,322955.553,322961.921,4097448.759,4097455.971,"Silva","NEON_D17_TEAK_DP1_322000_4097000_classified_point_cloud_colorized.laz","2018_TEAK_3_322000_4097000_image.tif","Tree",1,322000,322999.999,4097000,4097999.999
"2008",2087,322717.39,322724.946,4097442.159,4097449.808,"Silva","NEON_D17_TEAK_DP1_322000_4097000_classified_point_cloud_colorized.laz","2018_TEAK_3_322000_4097000_image.tif","Tree",1,322000,322999.999,4097000,4097999.999
"2009",2088,322892.599,322893.848,4097451.538,4097453.134,"Silva","NEON_D17_TEAK_DP1_322000_4097000_classified_point_cloud_colorized.laz","2018_TEAK_3_322000_4097000_image.tif","Tree",1,322000,322999.999,4097000,4097999.999
"2010",2089,322948.564,322955.981,4097449.001,4097458.453,"Silva","NEON_D17_TEAK_DP1_322000_4097000_classified_point_cloud_colorized.laz","2018_TEAK_3_322000_4097000_image.tif","Tree",1,322000,322999.999,4097000,4097999.999
"2011",2090,322829.653,322833.428,4097445.969,4097451.835,"Silva","NEON_D17_TEAK_DP1_322000_4097000_classified_point_cloud_colorized.laz","2018_TEAK_3_322000_4097000_image.tif","Tree",1,322000,322999.999,4097000,4097999.999
"2012",2091,322613.282,322619.713,4097440.04,4097445.164,"Silva","NEON_D17_TEAK_DP1_322000_4097000_classified_point_cloud_colorized.laz","2018_TEAK_3_322000_4097000_image.tif","Tree",1,322000,322999.999,4097000,4097999.999
"2013",2092,322731.519,322741.736,4097442.242,4097452.937,"Silva","NEON_D17_TEAK_DP1_322000_4097000_classified_point_cloud_colorized.laz","2018_TEAK_3_322000_4097000_image.tif","Tree",1,322000,322999.999,4097000,4097999.999
"2014",2093,322979.078,322987.295,4097450.653,4097457.989,"Silva","NEON_D17_TEAK_DP1_322000_4097000_classified_point_cloud_colorized.laz","2018_TEAK_3_322000_4097000_image.tif","Tree",1,322000,322999.999,4097000,4097999.999
"2015",2094,322787.638,322796.915,4097446.031,4097452.998,"Silva","NEON_D17_TEAK_DP1_322000_4097000_classified_point_cloud_colorized.laz","2018_TEAK_3_322000_4097000_image.tif","Tree",1,322000,322999.999,4097000,4097999.999
"2016",2095,322705.565,322713.981,4097442.692,4097451.995,"Silva","NEON_D17_TEAK_DP1_322000_4097000_classified_point_cloud_colorized.laz","2018_TEAK_3_322000_4097000_image.tif","Tree",1,322000,322999.999,4097000,4097999.999
"2017",2096,322745.625,322752.995,4097446.096,4097452.18,"Silva","NEON_D17_TEAK_DP1_322000_4097000_classified_point_cloud_colorized.laz","2018_TEAK_3_322000_4097000_image.tif","Tree",1,322000,322999.999,4097000,4097999.999
"2018",2097,322641.698,322648.87,4097443.045,4097451.99,"Silva","NEON_D17_TEAK_DP1_322000_4097000_classified_point_cloud_colorized.laz","2018_TEAK_3_322000_4097000_image.tif","Tree",1,322000,322999.999,4097000,4097999.999
"2019",2098,322769.093,322777.686,4097448.338,4097450.24,"Silva","NEON_D17_TEAK_DP1_322000_4097000_classified_point_cloud_colorized.laz","2018_TEAK_3_322000_4097000_image.tif","Tree",1,322000,322999.999,4097000,4097999.999
"2020",2099,322901.632,322902.954,4097455.263,4097456.756,"Silva","NEON_D17_TEAK_DP1_322000_4097000_classified_point_cloud_colorized.laz","2018_TEAK_3_322000_4097000_image.tif","Tree",1,322000,322999.999,4097000,4097999.999
"2021",2100,322992.052,322998.395,4097454.007,4097465.456,"Silva","NEON_D17_TEAK_DP1_322000_4097000_classified_point_cloud_colorized.laz","2018_TEAK_3_322000_4097000_image.tif","Tree",1,322000,322999.999,4097000,4097999.999
"2022",2101,322531.052,322541.494,4097440.505,4097446.999,"Silva","NEON_D17_TEAK_DP1_322000_4097000_classified_point_cloud_colorized.laz","2018_TEAK_3_322000_4097000_image.tif","Tree",1,322000,322999.999,4097000,4097999.999
"2023",2102,322574.105,322576.996,4097441.017,4097445.286,"Silva","NEON_D17_TEAK_DP1_322000_4097000_classified_point_cloud_colorized.laz","2018_TEAK_3_322000_4097000_image.tif","Tree",1,322000,322999.999,4097000,4097999.999
"2024",2103,322697.549,322704.979,4097444.607,4097447.415,"Silva","NEON_D17_TEAK_DP1_322000_4097000_classified_point_cloud_colorized.laz","2018_TEAK_3_322000_4097000_image.tif","Tree",1,322000,322999.999,4097000,4097999.999
"2025",2104,322985.523,322993.742,4097454.529,4097466.481,"Silva","NEON_D17_TEAK_DP1_322000_4097000_classified_point_cloud_colorized.laz","2018_TEAK_3_322000_4097000_image.tif","Tree",1,322000,322999.999,4097000,4097999.999
"2026",2105,322645.553,322655.333,4097444.579,4097453.241,"Silva","NEON_D17_TEAK_DP1_322000_4097000_classified_point_cloud_colorized.laz","2018_TEAK_3_322000_4097000_image.tif","Tree",1,322000,322999.999,4097000,4097999.999
"2027",2106,322599.14,322606.448,4097441.626,4097451.459,"Silva","NEON_D17_TEAK_DP1_322000_4097000_classified_point_cloud_colorized.laz","2018_TEAK_3_322000_4097000_image.tif","Tree",1,322000,322999.999,4097000,4097999.999
"2028",2107,322622.001,322629.934,4097445.531,4097453.477,"Silva","NEON_D17_TEAK_DP1_322000_4097000_classified_point_cloud_colorized.laz","2018_TEAK_3_322000_4097000_image.tif","Tree",1,322000,322999.999,4097000,4097999.999
"2029",2108,322670.11,322678.778,4097449.021,4097455.381,"Silva","NEON_D17_TEAK_DP1_322000_4097000_classified_point_cloud_colorized.laz","2018_TEAK_3_322000_4097000_image.tif","Tree",1,322000,322999.999,4097000,4097999.999
"2030",2109,322617.698,322622.717,4097447.433,4097452.971,"Silva","NEON_D17_TEAK_DP1_322000_4097000_classified_point_cloud_colorized.laz","2018_TEAK_3_322000_4097000_image.tif","Tree",1,322000,322999.999,4097000,4097999.999
"2031",2110,322877.016,322881.411,4097458.516,4097462.984,"Silva","NEON_D17_TEAK_DP1_322000_4097000_classified_point_cloud_colorized.laz","2018_TEAK_3_322000_4097000_image.tif","Tree",1,322000,322999.999,4097000,4097999.999
"2032",2111,322662.14,322669.892,4097450.643,4097457.585,"Silva","NEON_D17_TEAK_DP1_322000_4097000_classified_point_cloud_colorized.laz","2018_TEAK_3_322000_4097000_image.tif","Tree",1,322000,322999.999,4097000,4097999.999
"2033",2112,322737.388,322745.827,4097450.066,4097461.468,"Silva","NEON_D17_TEAK_DP1_322000_4097000_classified_point_cloud_colorized.laz","2018_TEAK_3_322000_4097000_image.tif","Tree",1,322000,322999.999,4097000,4097999.999
"2034",2113,322655.696,322662.412,4097448.247,4097459.972,"Silva","NEON_D17_TEAK_DP1_322000_4097000_classified_point_cloud_colorized.laz","2018_TEAK_3_322000_4097000_image.tif","Tree",1,322000,322999.999,4097000,4097999.999
"2035",2114,322533.045,322539.985,4097447.016,4097454.476,"Silva","NEON_D17_TEAK_DP1_322000_4097000_classified_point_cloud_colorized.laz","2018_TEAK_3_322000_4097000_image.tif","Tree",1,322000,322999.999,4097000,4097999.999
"2036",2115,322597.095,322604.498,4097449.015,4097457.898,"Silva","NEON_D17_TEAK_DP1_322000_4097000_classified_point_cloud_colorized.laz","2018_TEAK_3_322000_4097000_image.tif","Tree",1,322000,322999.999,4097000,4097999.999
"2037",2116,322775.522,322780.925,4097456.579,4097461.405,"Silva","NEON_D17_TEAK_DP1_322000_4097000_classified_point_cloud_colorized.laz","2018_TEAK_3_322000_4097000_image.tif","Tree",1,322000,322999.999,4097000,4097999.999
"2038",2117,322648.795,322656.368,4097451.053,4097460.938,"Silva","NEON_D17_TEAK_DP1_322000_4097000_classified_point_cloud_colorized.laz","2018_TEAK_3_322000_4097000_image.tif","Tree",1,322000,322999.999,4097000,4097999.999
"2039",2118,322629.23,322636.474,4097449.009,4097459.832,"Silva","NEON_D17_TEAK_DP1_322000_4097000_classified_point_cloud_colorized.laz","2018_TEAK_3_322000_4097000_image.tif","Tree",1,322000,322999.999,4097000,4097999.999
"2040",2119,322703.094,322710.429,4097453.736,4097461.391,"Silva","NEON_D17_TEAK_DP1_322000_4097000_classified_point_cloud_colorized.laz","2018_TEAK_3_322000_4097000_image.tif","Tree",1,322000,322999.999,4097000,4097999.999
"2041",2120,322920.297,322929.95,4097458.037,4097470.224,"Silva","NEON_D17_TEAK_DP1_322000_4097000_classified_point_cloud_colorized.laz","2018_TEAK_3_322000_4097000_image.tif","Tree",1,322000,322999.999,4097000,4097999.999
"2042",2121,322835.545,322841.378,4097459.549,4097466.483,"Silva","NEON_D17_TEAK_DP1_322000_4097000_classified_point_cloud_colorized.laz","2018_TEAK_3_322000_4097000_image.tif","Tree",1,322000,322999.999,4097000,4097999.999
"2043",2122,322572.554,322580.238,4097451.008,4097459.945,"Silva","NEON_D17_TEAK_DP1_322000_4097000_classified_point_cloud_colorized.laz","2018_TEAK_3_322000_4097000_image.tif","Tree",1,322000,322999.999,4097000,4097999.999
"2044",2123,322683.543,322690.294,4097456.298,4097463.363,"Silva","NEON_D17_TEAK_DP1_322000_4097000_classified_point_cloud_colorized.laz","2018_TEAK_3_322000_4097000_image.tif","Tree",1,322000,322999.999,4097000,4097999.999
"2045",2124,322974.565,322981.491,4097467.497,4097473.797,"Silva","NEON_D17_TEAK_DP1_322000_4097000_classified_point_cloud_colorized.laz","2018_TEAK_3_322000_4097000_image.tif","Tree",1,322000,322999.999,4097000,4097999.999
"2046",2125,322958.073,322966.953,4097462.507,4097475.196,"Silva","NEON_D17_TEAK_DP1_322000_4097000_classified_point_cloud_colorized.laz","2018_TEAK_3_322000_4097000_image.tif","Tree",1,322000,322999.999,4097000,4097999.999
"2047",2126,322580.048,322586.912,4097454.502,4097462.482,"Silva","NEON_D17_TEAK_DP1_322000_4097000_classified_point_cloud_colorized.laz","2018_TEAK_3_322000_4097000_image.tif","Tree",1,322000,322999.999,4097000,4097999.999
"2048",2127,322703.497,322712.082,4097459.503,4097467.451,"Silva","NEON_D17_TEAK_DP1_322000_4097000_classified_point_cloud_colorized.laz","2018_TEAK_3_322000_4097000_image.tif","Tree",1,322000,322999.999,4097000,4097999.999
"2049",2128,322977.608,322983.436,4097470.659,4097476.997,"Silva","NEON_D17_TEAK_DP1_322000_4097000_classified_point_cloud_colorized.laz","2018_TEAK_3_322000_4097000_image.tif","Tree",1,322000,322999.999,4097000,4097999.999
"2050",2129,322635.728,322644.163,4097459.005,4097464.491,"Silva","NEON_D17_TEAK_DP1_322000_4097000_classified_point_cloud_colorized.laz","2018_TEAK_3_322000_4097000_image.tif","Tree",1,322000,322999.999,4097000,4097999.999
"2051",2130,322620.035,322628.892,4097457.542,4097467.363,"Silva","NEON_D17_TEAK_DP1_322000_4097000_classified_point_cloud_colorized.laz","2018_TEAK_3_322000_4097000_image.tif","Tree",1,322000,322999.999,4097000,4097999.999
"2052",2131,322933.588,322939.989,4097470.019,4097477.491,"Silva","NEON_D17_TEAK_DP1_322000_4097000_classified_point_cloud_colorized.laz","2018_TEAK_3_322000_4097000_image.tif","Tree",1,322000,322999.999,4097000,4097999.999
"2053",2132,322939.564,322945.474,4097470.638,4097478.854,"Silva","NEON_D17_TEAK_DP1_322000_4097000_classified_point_cloud_colorized.laz","2018_TEAK_3_322000_4097000_image.tif","Tree",1,322000,322999.999,4097000,4097999.999
"2054",2133,322872.518,322878.998,4097469.916,4097472.992,"Silva","NEON_D17_TEAK_DP1_322000_4097000_classified_point_cloud_colorized.laz","2018_TEAK_3_322000_4097000_image.tif","Tree",1,322000,322999.999,4097000,4097999.999
"2055",2134,322663.137,322667.166,4097463.04,4097466.974,"Silva","NEON_D17_TEAK_DP1_322000_4097000_classified_point_cloud_colorized.laz","2018_TEAK_3_322000_4097000_image.tif","Tree",1,322000,322999.999,4097000,4097999.999
"2056",2135,322723.443,322728.497,4097466.079,4097471.383,"Silva","NEON_D17_TEAK_DP1_322000_4097000_classified_point_cloud_colorized.laz","2018_TEAK_3_322000_4097000_image.tif","Tree",1,322000,322999.999,4097000,4097999.999
"2057",2136,322919.132,322925.174,4097471.142,4097478.825,"Silva","NEON_D17_TEAK_DP1_322000_4097000_classified_point_cloud_colorized.laz","2018_TEAK_3_322000_4097000_image.tif","Tree",1,322000,322999.999,4097000,4097999.999
"2058",2137,322764.212,322772.999,4097465.686,4097473.332,"Silva","NEON_D17_TEAK_DP1_322000_4097000_classified_point_cloud_colorized.laz","2018_TEAK_3_322000_4097000_image.tif","Tree",1,322000,322999.999,4097000,4097999.999
"2059",2138,322613.571,322623.992,4097461.044,4097469.945,"Silva","NEON_D17_TEAK_DP1_322000_4097000_classified_point_cloud_colorized.laz","2018_TEAK_3_322000_4097000_image.tif","Tree",1,322000,322999.999,4097000,4097999.999
"2060",2139,322638.16,322647.383,4097464.504,4097471.362,"Silva","NEON_D17_TEAK_DP1_322000_4097000_classified_point_cloud_colorized.laz","2018_TEAK_3_322000_4097000_image.tif","Tree",1,322000,322999.999,4097000,4097999.999
"2061",2140,322558.567,322563.976,4097461.629,4097468.777,"Silva","NEON_D17_TEAK_DP1_322000_4097000_classified_point_cloud_colorized.laz","2018_TEAK_3_322000_4097000_image.tif","Tree",1,322000,322999.999,4097000,4097999.999
"2062",2141,322977.06,322981.177,4097480.62,4097486.405,"Silva","NEON_D17_TEAK_DP1_322000_4097000_classified_point_cloud_colorized.laz","2018_TEAK_3_322000_4097000_image.tif","Tree",1,322000,322999.999,4097000,4097999.999
"2063",2142,322930.54,322938.203,4097476.034,4097481.976,"Silva","NEON_D17_TEAK_DP1_322000_4097000_classified_point_cloud_colorized.laz","2018_TEAK_3_322000_4097000_image.tif","Tree",1,322000,322999.999,4097000,4097999.999
"2064",2143,322722.867,322732.366,4097469.005,4097478.706,"Silva","NEON_D17_TEAK_DP1_322000_4097000_classified_point_cloud_colorized.laz","2018_TEAK_3_322000_4097000_image.tif","Tree",1,322000,322999.999,4097000,4097999.999
"2065",2144,322962.568,322970.473,4097475.008,4097488.227,"Silva","NEON_D17_TEAK_DP1_322000_4097000_classified_point_cloud_colorized.laz","2018_TEAK_3_322000_4097000_image.tif","Tree",1,322000,322999.999,4097000,4097999.999
"2066",2146,322764.002,322770.624,4097472.028,4097480.295,"Silva","NEON_D17_TEAK_DP1_322000_4097000_classified_point_cloud_colorized.laz","2018_TEAK_3_322000_4097000_image.tif","Tree",1,322000,322999.999,4097000,4097999.999
"2067",2147,322779.679,322788.948,4097474.196,4097482.334,"Silva","NEON_D17_TEAK_DP1_322000_4097000_classified_point_cloud_colorized.laz","2018_TEAK_3_322000_4097000_image.tif","Tree",1,322000,322999.999,4097000,4097999.999
"2068",2148,322634.536,322642.405,4097469.035,4097477.064,"Silva","NEON_D17_TEAK_DP1_322000_4097000_classified_point_cloud_colorized.laz","2018_TEAK_3_322000_4097000_image.tif","Tree",1,322000,322999.999,4097000,4097999.999
"2069",2149,322561.509,322567.901,4097466.576,4097472.972,"Silva","NEON_D17_TEAK_DP1_322000_4097000_classified_point_cloud_colorized.laz","2018_TEAK_3_322000_4097000_image.tif","Tree",1,322000,322999.999,4097000,4097999.999
"2070",2150,322557.067,322562.664,4097469.015,4097475.481,"Silva","NEON_D17_TEAK_DP1_322000_4097000_classified_point_cloud_colorized.laz","2018_TEAK_3_322000_4097000_image.tif","Tree",1,322000,322999.999,4097000,4097999.999
"2071",2151,322968.607,322980.949,4097486.059,4097491.672,"Silva","NEON_D17_TEAK_DP1_322000_4097000_classified_point_cloud_colorized.laz","2018_TEAK_3_322000_4097000_image.tif","Tree",1,322000,322999.999,4097000,4097999.999
"2072",2152,322760.204,322768.374,4097477.844,4097485.892,"Silva","NEON_D17_TEAK_DP1_322000_4097000_classified_point_cloud_colorized.laz","2018_TEAK_3_322000_4097000_image.tif","Tree",1,322000,322999.999,4097000,4097999.999
"2073",2153,322789.123,322798.601,4097477.554,4097485.5,"Silva","NEON_D17_TEAK_DP1_322000_4097000_classified_point_cloud_colorized.laz","2018_TEAK_3_322000_4097000_image.tif","Tree",1,322000,322999.999,4097000,4097999.999
"2074",2154,322607.152,322615.951,4097471.05,4097479.499,"Silva","NEON_D17_TEAK_DP1_322000_4097000_classified_point_cloud_colorized.laz","2018_TEAK_3_322000_4097000_image.tif","Tree",1,322000,322999.999,4097000,4097999.999
"2075",2155,322898.651,322905.948,4097483.604,4097492.45,"Silva","NEON_D17_TEAK_DP1_322000_4097000_classified_point_cloud_colorized.laz","2018_TEAK_3_322000_4097000_image.tif","Tree",1,322000,322999.999,4097000,4097999.999
"2076",2156,322656.009,322665.449,4097474.024,4097482.482,"Silva","NEON_D17_TEAK_DP1_322000_4097000_classified_point_cloud_colorized.laz","2018_TEAK_3_322000_4097000_image.tif","Tree",1,322000,322999.999,4097000,4097999.999
"2077",2157,322706.036,322716.38,4097476.508,4097482.482,"Silva","NEON_D17_TEAK_DP1_322000_4097000_classified_point_cloud_colorized.laz","2018_TEAK_3_322000_4097000_image.tif","Tree",1,322000,322999.999,4097000,4097999.999
"2078",2158,322796.317,322803.716,4097480.149,4097487.491,"Silva","NEON_D17_TEAK_DP1_322000_4097000_classified_point_cloud_colorized.laz","2018_TEAK_3_322000_4097000_image.tif","Tree",1,322000,322999.999,4097000,4097999.999
"2079",2159,322683.68,322694.152,4097476.021,4097484.956,"Silva","NEON_D17_TEAK_DP1_322000_4097000_classified_point_cloud_colorized.laz","2018_TEAK_3_322000_4097000_image.tif","Tree",1,322000,322999.999,4097000,4097999.999
"2080",2160,322647.318,322655.963,4097475.846,4097479.287,"Silva","NEON_D17_TEAK_DP1_322000_4097000_classified_point_cloud_colorized.laz","2018_TEAK_3_322000_4097000_image.tif","Tree",1,322000,322999.999,4097000,4097999.999
"2081",2161,322837.505,322848.97,4097481.054,4097494.475,"Silva","NEON_D17_TEAK_DP1_322000_4097000_classified_point_cloud_colorized.laz","2018_TEAK_3_322000_4097000_image.tif","Tree",1,322000,322999.999,4097000,4097999.999
"2082",2162,322978.544,322986.89,4097486.041,4097498.495,"Silva","NEON_D17_TEAK_DP1_322000_4097000_classified_point_cloud_colorized.laz","2018_TEAK_3_322000_4097000_image.tif","Tree",1,322000,322999.999,4097000,4097999.999
"2083",2163,322945.629,322957.451,4097485.047,4097498.449,"Silva","NEON_D17_TEAK_DP1_322000_4097000_classified_point_cloud_colorized.laz","2018_TEAK_3_322000_4097000_image.tif","Tree",1,322000,322999.999,4097000,4097999.999
"2084",2164,322536.7,322542.637,4097474.517,4097482.995,"Silva","NEON_D17_TEAK_DP1_322000_4097000_classified_point_cloud_colorized.laz","2018_TEAK_3_322000_4097000_image.tif","Tree",1,322000,322999.999,4097000,4097999.999
"2085",2165,322591.572,322600.909,4097474.075,4097482.481,"Silva","NEON_D17_TEAK_DP1_322000_4097000_classified_point_cloud_colorized.laz","2018_TEAK_3_322000_4097000_image.tif","Tree",1,322000,322999.999,4097000,4097999.999
"2086",2166,322779.263,322790.09,4097482.652,4097493.901,"Silva","NEON_D17_TEAK_DP1_322000_4097000_classified_point_cloud_colorized.laz","2018_TEAK_3_322000_4097000_image.tif","Tree",1,322000,322999.999,4097000,4097999.999
"2087",2167,322891.041,322901.335,4097489.004,4097495.974,"Silva","NEON_D17_TEAK_DP1_322000_4097000_classified_point_cloud_colorized.laz","2018_TEAK_3_322000_4097000_image.tif","Tree",1,322000,322999.999,4097000,4097999.999
"2088",2168,322637.033,322644.829,4097479.01,4097487.838,"Silva","NEON_D17_TEAK_DP1_322000_4097000_classified_point_cloud_colorized.laz","2018_TEAK_3_322000_4097000_image.tif","Tree",1,322000,322999.999,4097000,4097999.999
"2089",2169,322619.008,322627.478,4097479.537,4097486.907,"Silva","NEON_D17_TEAK_DP1_322000_4097000_classified_point_cloud_colorized.laz","2018_TEAK_3_322000_4097000_image.tif","Tree",1,322000,322999.999,4097000,4097999.999
"2090",2170,322737.476,322743.43,4097483.455,4097490.358,"Silva","NEON_D17_TEAK_DP1_322000_4097000_classified_point_cloud_colorized.laz","2018_TEAK_3_322000_4097000_image.tif","Tree",1,322000,322999.999,4097000,4097999.999
"2091",2171,322913.266,322916.956,4097493.589,4097496.468,"Silva","NEON_D17_TEAK_DP1_322000_4097000_classified_point_cloud_colorized.laz","2018_TEAK_3_322000_4097000_image.tif","Tree",1,322000,322999.999,4097000,4097999.999
"2092",2172,322565.502,322572.323,4097478.594,4097484.314,"Silva","NEON_D17_TEAK_DP1_322000_4097000_classified_point_cloud_colorized.laz","2018_TEAK_3_322000_4097000_image.tif","Tree",1,322000,322999.999,4097000,4097999.999
"2093",2173,322694.089,322703.484,4097482.271,4097492.463,"Silva","NEON_D17_TEAK_DP1_322000_4097000_classified_point_cloud_colorized.laz","2018_TEAK_3_322000_4097000_image.tif","Tree",1,322000,322999.999,4097000,4097999.999
"2094",2174,322704.005,322710.343,4097485.101,4097489.975,"Silva","NEON_D17_TEAK_DP1_322000_4097000_classified_point_cloud_colorized.laz","2018_TEAK_3_322000_4097000_image.tif","Tree",1,322000,322999.999,4097000,4097999.999
"2095",2175,322794.546,322799.489,4097489.546,4097496.94,"Silva","NEON_D17_TEAK_DP1_322000_4097000_classified_point_cloud_colorized.laz","2018_TEAK_3_322000_4097000_image.tif","Tree",1,322000,322999.999,4097000,4097999.999
"2096",2176,322991.175,322994.869,4097497.723,4097501.445,"Silva","NEON_D17_TEAK_DP1_322000_4097000_classified_point_cloud_colorized.laz","2018_TEAK_3_322000_4097000_image.tif","Tree",1,322000,322999.999,4097000,4097999.999
"2097",2177,322740.07,322748.009,4097486.503,4097495.365,"Silva","NEON_D17_TEAK_DP1_322000_4097000_classified_point_cloud_colorized.laz","2018_TEAK_3_322000_4097000_image.tif","Tree",1,322000,322999.999,4097000,4097999.999
"2098",2178,322660.505,322667.064,4097483.928,4097490.83,"Silva","NEON_D17_TEAK_DP1_322000_4097000_classified_point_cloud_colorized.laz","2018_TEAK_3_322000_4097000_image.tif","Tree",1,322000,322999.999,4097000,4097999.999
"2099",2179,322633.711,322641.356,4097481.081,4097489.999,"Silva","NEON_D17_TEAK_DP1_322000_4097000_classified_point_cloud_colorized.laz","2018_TEAK_3_322000_4097000_image.tif","Tree",1,322000,322999.999,4097000,4097999.999
"2100",2180,322652.596,322660.477,4097483.638,4097491.821,"Silva","NEON_D17_TEAK_DP1_322000_4097000_classified_point_cloud_colorized.laz","2018_TEAK_3_322000_4097000_image.tif","Tree",1,322000,322999.999,4097000,4097999.999
"2101",2181,322960.576,322967.423,4097496.004,4097502.688,"Silva","NEON_D17_TEAK_DP1_322000_4097000_classified_point_cloud_colorized.laz","2018_TEAK_3_322000_4097000_image.tif","Tree",1,322000,322999.999,4097000,4097999.999
"2102",2182,322675.925,322681.994,4097485.568,4097493.438,"Silva","NEON_D17_TEAK_DP1_322000_4097000_classified_point_cloud_colorized.laz","2018_TEAK_3_322000_4097000_image.tif","Tree",1,322000,322999.999,4097000,4097999.999
"2103",2183,322629.107,322636.857,4097486.015,4097493.335,"Silva","NEON_D17_TEAK_DP1_322000_4097000_classified_point_cloud_colorized.laz","2018_TEAK_3_322000_4097000_image.tif","Tree",1,322000,322999.999,4097000,4097999.999
"2104",2184,322746.75,322755.695,4097490.562,4097498.991,"Silva","NEON_D17_TEAK_DP1_322000_4097000_classified_point_cloud_colorized.laz","2018_TEAK_3_322000_4097000_image.tif","Tree",1,322000,322999.999,4097000,4097999.999
"2105",2185,322950.024,322957.184,4097497.665,4097503.997,"Silva","NEON_D17_TEAK_DP1_322000_4097000_classified_point_cloud_colorized.laz","2018_TEAK_3_322000_4097000_image.tif","Tree",1,322000,322999.999,4097000,4097999.999
"2106",2186,322884.503,322891.952,4097497.24,4097506.996,"Silva","NEON_D17_TEAK_DP1_322000_4097000_classified_point_cloud_colorized.laz","2018_TEAK_3_322000_4097000_image.tif","Tree",1,322000,322999.999,4097000,4097999.999
"2107",2187,322975.657,322976.818,4097505.552,4097506.986,"Silva","NEON_D17_TEAK_DP1_322000_4097000_classified_point_cloud_colorized.laz","2018_TEAK_3_322000_4097000_image.tif","Tree",1,322000,322999.999,4097000,4097999.999
"2108",2188,322942.049,322949.434,4097500.55,4097507.351,"Silva","NEON_D17_TEAK_DP1_322000_4097000_classified_point_cloud_colorized.laz","2018_TEAK_3_322000_4097000_image.tif","Tree",1,322000,322999.999,4097000,4097999.999
"2109",2189,322666.01,322673.417,4097488.332,4097497.947,"Silva","NEON_D17_TEAK_DP1_322000_4097000_classified_point_cloud_colorized.laz","2018_TEAK_3_322000_4097000_image.tif","Tree",1,322000,322999.999,4097000,4097999.999
"2110",2190,322623.327,322629.992,4097488.54,4097493.455,"Silva","NEON_D17_TEAK_DP1_322000_4097000_classified_point_cloud_colorized.laz","2018_TEAK_3_322000_4097000_image.tif","Tree",1,322000,322999.999,4097000,4097999.999
"2111",2191,322544.503,322553.888,4097485.712,4097493.492,"Silva","NEON_D17_TEAK_DP1_322000_4097000_classified_point_cloud_colorized.laz","2018_TEAK_3_322000_4097000_image.tif","Tree",1,322000,322999.999,4097000,4097999.999
"2112",2192,322645.604,322649.425,4097494.015,4097496.879,"Silva","NEON_D17_TEAK_DP1_322000_4097000_classified_point_cloud_colorized.laz","2018_TEAK_3_322000_4097000_image.tif","Tree",1,322000,322999.999,4097000,4097999.999
"2113",2193,322988.568,322993.484,4097507.221,4097510.471,"Silva","NEON_D17_TEAK_DP1_322000_4097000_classified_point_cloud_colorized.laz","2018_TEAK_3_322000_4097000_image.tif","Tree",1,322000,322999.999,4097000,4097999.999
"2114",2194,322611.538,322617.764,4097490.482,4097497.77,"Silva","NEON_D17_TEAK_DP1_322000_4097000_classified_point_cloud_colorized.laz","2018_TEAK_3_322000_4097000_image.tif","Tree",1,322000,322999.999,4097000,4097999.999
"2115",2195,322557.853,322560.808,4097487.007,4097493.394,"Silva","NEON_D17_TEAK_DP1_322000_4097000_classified_point_cloud_colorized.laz","2018_TEAK_3_322000_4097000_image.tif","Tree",1,322000,322999.999,4097000,4097999.999
"2116",2196,322566.289,322571.804,4097490.009,4097494.46,"Silva","NEON_D17_TEAK_DP1_322000_4097000_classified_point_cloud_colorized.laz","2018_TEAK_3_322000_4097000_image.tif","Tree",1,322000,322999.999,4097000,4097999.999
"2117",2197,322770.244,322780.947,4097493.136,4097503.787,"Silva","NEON_D17_TEAK_DP1_322000_4097000_classified_point_cloud_colorized.laz","2018_TEAK_3_322000_4097000_image.tif","Tree",1,322000,322999.999,4097000,4097999.999
"2118",2198,322629.003,322636.966,4097492.55,4097497.988,"Silva","NEON_D17_TEAK_DP1_322000_4097000_classified_point_cloud_colorized.laz","2018_TEAK_3_322000_4097000_image.tif","Tree",1,322000,322999.999,4097000,4097999.999
"2119",2199,322616.595,322621.465,4097492.038,4097497.483,"Silva","NEON_D17_TEAK_DP1_322000_4097000_classified_point_cloud_colorized.laz","2018_TEAK_3_322000_4097000_image.tif","Tree",1,322000,322999.999,4097000,4097999.999
"2120",2200,322778.74,322786.461,4097494.005,4097504.803,"Silva","NEON_D17_TEAK_DP1_322000_4097000_classified_point_cloud_colorized.laz","2018_TEAK_3_322000_4097000_image.tif","Tree",1,322000,322999.999,4097000,4097999.999
"2121",2201,322985.545,322989.98,4097508.073,4097514.5,"Silva","NEON_D17_TEAK_DP1_322000_4097000_classified_point_cloud_colorized.laz","2018_TEAK_3_322000_4097000_image.tif","Tree",1,322000,322999.999,4097000,4097999.999
"2122",2202,322944.701,322948.956,4097506.592,4097511.951,"Silva","NEON_D17_TEAK_DP1_322000_4097000_classified_point_cloud_colorized.laz","2018_TEAK_3_322000_4097000_image.tif","Tree",1,322000,322999.999,4097000,4097999.999
"2123",2203,322650.552,322657.486,4097493.598,4097501.375,"Silva","NEON_D17_TEAK_DP1_322000_4097000_classified_point_cloud_colorized.laz","2018_TEAK_3_322000_4097000_image.tif","Tree",1,322000,322999.999,4097000,4097999.999
"2124",2204,322961.537,322964.974,4097509.504,4097513.957,"Silva","NEON_D17_TEAK_DP1_322000_4097000_classified_point_cloud_colorized.laz","2018_TEAK_3_322000_4097000_image.tif","Tree",1,322000,322999.999,4097000,4097999.999
"2125",2205,322991.499,322997.49,4097510.611,4097516.436,"Silva","NEON_D17_TEAK_DP1_322000_4097000_classified_point_cloud_colorized.laz","2018_TEAK_3_322000_4097000_image.tif","Tree",1,322000,322999.999,4097000,4097999.999
"2126",2206,322888.827,322891.071,4097505.865,4097510.823,"Silva","NEON_D17_TEAK_DP1_322000_4097000_classified_point_cloud_colorized.laz","2018_TEAK_3_322000_4097000_image.tif","Tree",1,322000,322999.999,4097000,4097999.999
"2127",2207,322621.662,322627.811,4097496.009,4097502.493,"Silva","NEON_D17_TEAK_DP1_322000_4097000_classified_point_cloud_colorized.laz","2018_TEAK_3_322000_4097000_image.tif","Tree",1,322000,322999.999,4097000,4097999.999
"2128",2208,322647.014,322653.885,4097496.374,4097503.994,"Silva","NEON_D17_TEAK_DP1_322000_4097000_classified_point_cloud_colorized.laz","2018_TEAK_3_322000_4097000_image.tif","Tree",1,322000,322999.999,4097000,4097999.999
"2129",2209,322710.081,322716.764,4097496.793,4097505.832,"Silva","NEON_D17_TEAK_DP1_322000_4097000_classified_point_cloud_colorized.laz","2018_TEAK_3_322000_4097000_image.tif","Tree",1,322000,322999.999,4097000,4097999.999
"2130",2210,322913.575,322922.414,4097504.613,4097514.459,"Silva","NEON_D17_TEAK_DP1_322000_4097000_classified_point_cloud_colorized.laz","2018_TEAK_3_322000_4097000_image.tif","Tree",1,322000,322999.999,4097000,4097999.999
"2131",2211,322924.038,322931.458,4097507.128,4097514.947,"Silva","NEON_D17_TEAK_DP1_322000_4097000_classified_point_cloud_colorized.laz","2018_TEAK_3_322000_4097000_image.tif","Tree",1,322000,322999.999,4097000,4097999.999
"2132",2212,322749.478,322757.312,4097500.62,4097508.43,"Silva","NEON_D17_TEAK_DP1_322000_4097000_classified_point_cloud_colorized.laz","2018_TEAK_3_322000_4097000_image.tif","Tree",1,322000,322999.999,4097000,4097999.999
"2133",2213,322696.685,322704.475,4097501.631,4097506.489,"Silva","NEON_D17_TEAK_DP1_322000_4097000_classified_point_cloud_colorized.laz","2018_TEAK_3_322000_4097000_image.tif","Tree",1,322000,322999.999,4097000,4097999.999
"2134",2214,322634.409,322640.344,4097495.233,4097500.879,"Silva","NEON_D17_TEAK_DP1_322000_4097000_classified_point_cloud_colorized.laz","2018_TEAK_3_322000_4097000_image.tif","Tree",1,322000,322999.999,4097000,4097999.999
"2135",2215,322628.03,322633.958,4097497.384,4097501.027,"Silva","NEON_D17_TEAK_DP1_322000_4097000_classified_point_cloud_colorized.laz","2018_TEAK_3_322000_4097000_image.tif","Tree",1,322000,322999.999,4097000,4097999.999
"2136",2216,322776.036,322783.355,4097503.088,4097509.176,"Silva","NEON_D17_TEAK_DP1_322000_4097000_classified_point_cloud_colorized.laz","2018_TEAK_3_322000_4097000_image.tif","Tree",1,322000,322999.999,4097000,4097999.999
"2137",2217,322765.829,322773.567,4097500.566,4097509.876,"Silva","NEON_D17_TEAK_DP1_322000_4097000_classified_point_cloud_colorized.laz","2018_TEAK_3_322000_4097000_image.tif","Tree",1,322000,322999.999,4097000,4097999.999
"2138",2218,322720.058,322720.449,4097506.675,4097506.976,"Silva","NEON_D17_TEAK_DP1_322000_4097000_classified_point_cloud_colorized.laz","2018_TEAK_3_322000_4097000_image.tif","Tree",1,322000,322999.999,4097000,4097999.999
"2139",2219,322880.542,322888.997,4097506.579,4097516.989,"Silva","NEON_D17_TEAK_DP1_322000_4097000_classified_point_cloud_colorized.laz","2018_TEAK_3_322000_4097000_image.tif","Tree",1,322000,322999.999,4097000,4097999.999
"2140",2220,322682.01,322688.108,4097497.547,4097506.99,"Silva","NEON_D17_TEAK_DP1_322000_4097000_classified_point_cloud_colorized.laz","2018_TEAK_3_322000_4097000_image.tif","Tree",1,322000,322999.999,4097000,4097999.999
"2141",2221,322614.075,322622.442,4097498.007,4097505.616,"Silva","NEON_D17_TEAK_DP1_322000_4097000_classified_point_cloud_colorized.laz","2018_TEAK_3_322000_4097000_image.tif","Tree",1,322000,322999.999,4097000,4097999.999
"2142",2222,322769.542,322776.913,4097504.504,4097514.717,"Silva","NEON_D17_TEAK_DP1_322000_4097000_classified_point_cloud_colorized.laz","2018_TEAK_3_322000_4097000_image.tif","Tree",1,322000,322999.999,4097000,4097999.999
"2143",2223,322605.514,322611.905,4097497.552,4097506.903,"Silva","NEON_D17_TEAK_DP1_322000_4097000_classified_point_cloud_colorized.laz","2018_TEAK_3_322000_4097000_image.tif","Tree",1,322000,322999.999,4097000,4097999.999
"2144",2225,322642.108,322651.407,4097502.665,4097510.895,"Silva","NEON_D17_TEAK_DP1_322000_4097000_classified_point_cloud_colorized.laz","2018_TEAK_3_322000_4097000_image.tif","Tree",1,322000,322999.999,4097000,4097999.999
"2145",2226,322602.581,322608.366,4097496.513,4097507.817,"Silva","NEON_D17_TEAK_DP1_322000_4097000_classified_point_cloud_colorized.laz","2018_TEAK_3_322000_4097000_image.tif","Tree",1,322000,322999.999,4097000,4097999.999
"2146",2227,322916.838,322922.78,4097514.851,4097520.431,"Silva","NEON_D17_TEAK_DP1_322000_4097000_classified_point_cloud_colorized.laz","2018_TEAK_3_322000_4097000_image.tif","Tree",1,322000,322999.999,4097000,4097999.999
"2147",2228,322980.057,322981.403,4097520.718,4097522.384,"Silva","NEON_D17_TEAK_DP1_322000_4097000_classified_point_cloud_colorized.laz","2018_TEAK_3_322000_4097000_image.tif","Tree",1,322000,322999.999,4097000,4097999.999
"2148",2229,322848.021,322855.966,4097513.506,4097522.455,"Silva","NEON_D17_TEAK_DP1_322000_4097000_classified_point_cloud_colorized.laz","2018_TEAK_3_322000_4097000_image.tif","Tree",1,322000,322999.999,4097000,4097999.999
"2149",2230,322781.23,322787.954,4097509.622,4097515.446,"Silva","NEON_D17_TEAK_DP1_322000_4097000_classified_point_cloud_colorized.laz","2018_TEAK_3_322000_4097000_image.tif","Tree",1,322000,322999.999,4097000,4097999.999
"2150",2231,322578.574,322586.916,4097500.005,4097507.493,"Silva","NEON_D17_TEAK_DP1_322000_4097000_classified_point_cloud_colorized.laz","2018_TEAK_3_322000_4097000_image.tif","Tree",1,322000,322999.999,4097000,4097999.999
"2151",2232,322694.344,322704.885,4097506.134,4097514.499,"Silva","NEON_D17_TEAK_DP1_322000_4097000_classified_point_cloud_colorized.laz","2018_TEAK_3_322000_4097000_image.tif","Tree",1,322000,322999.999,4097000,4097999.999
"2152",2233,322684.532,322691.105,4097506.454,4097514.469,"Silva","NEON_D17_TEAK_DP1_322000_4097000_classified_point_cloud_colorized.laz","2018_TEAK_3_322000_4097000_image.tif","Tree",1,322000,322999.999,4097000,4097999.999
"2153",2234,322660.047,322667.384,4097502.559,4097511.708,"Silva","NEON_D17_TEAK_DP1_322000_4097000_classified_point_cloud_colorized.laz","2018_TEAK_3_322000_4097000_image.tif","Tree",1,322000,322999.999,4097000,4097999.999
"2154",2235,322593.016,322600.858,4097503.049,4097508.454,"Silva","NEON_D17_TEAK_DP1_322000_4097000_classified_point_cloud_colorized.laz","2018_TEAK_3_322000_4097000_image.tif","Tree",1,322000,322999.999,4097000,4097999.999
"2155",2236,322610.165,322618.992,4097502.891,4097511.402,"Silva","NEON_D17_TEAK_DP1_322000_4097000_classified_point_cloud_colorized.laz","2018_TEAK_3_322000_4097000_image.tif","Tree",1,322000,322999.999,4097000,4097999.999
"2156",2237,322648.616,322654.818,4097503.207,4097510.991,"Silva","NEON_D17_TEAK_DP1_322000_4097000_classified_point_cloud_colorized.laz","2018_TEAK_3_322000_4097000_image.tif","Tree",1,322000,322999.999,4097000,4097999.999
"2157",2238,322890.621,322897.421,4097519.505,4097525.122,"Silva","NEON_D17_TEAK_DP1_322000_4097000_classified_point_cloud_colorized.laz","2018_TEAK_3_322000_4097000_image.tif","Tree",1,322000,322999.999,4097000,4097999.999
"2158",2239,322902.013,322911.712,4097515.076,4097522.464,"Silva","NEON_D17_TEAK_DP1_322000_4097000_classified_point_cloud_colorized.laz","2018_TEAK_3_322000_4097000_image.tif","Tree",1,322000,322999.999,4097000,4097999.999
"2159",2240,322922.013,322927.944,4097519.007,4097524.51,"Silva","NEON_D17_TEAK_DP1_322000_4097000_classified_point_cloud_colorized.laz","2018_TEAK_3_322000_4097000_image.tif","Tree",1,322000,322999.999,4097000,4097999.999
"2160",2241,322618.19,322626.038,4097504.537,4097512.979,"Silva","NEON_D17_TEAK_DP1_322000_4097000_classified_point_cloud_colorized.laz","2018_TEAK_3_322000_4097000_image.tif","Tree",1,322000,322999.999,4097000,4097999.999
"2161",2242,322991.514,322993.481,4097526.507,4097528.261,"Silva","NEON_D17_TEAK_DP1_322000_4097000_classified_point_cloud_colorized.laz","2018_TEAK_3_322000_4097000_image.tif","Tree",1,322000,322999.999,4097000,4097999.999
"2162",2243,322966.24,322967.482,4097528.222,4097528.95,"Silva","NEON_D17_TEAK_DP1_322000_4097000_classified_point_cloud_colorized.laz","2018_TEAK_3_322000_4097000_image.tif","Tree",1,322000,322999.999,4097000,4097999.999
"2163",2244,322626,322634.491,4097506.603,4097513.444,"Silva","NEON_D17_TEAK_DP1_322000_4097000_classified_point_cloud_colorized.laz","2018_TEAK_3_322000_4097000_image.tif","Tree",1,322000,322999.999,4097000,4097999.999
"2164",2246,322779.501,322787.287,4097515.006,4097519.686,"Silva","NEON_D17_TEAK_DP1_322000_4097000_classified_point_cloud_colorized.laz","2018_TEAK_3_322000_4097000_image.tif","Tree",1,322000,322999.999,4097000,4097999.999
"2165",2247,322707.07,322712.409,4097511.501,4097517.779,"Silva","NEON_D17_TEAK_DP1_322000_4097000_classified_point_cloud_colorized.laz","2018_TEAK_3_322000_4097000_image.tif","Tree",1,322000,322999.999,4097000,4097999.999
"2166",2248,322551.537,322551.96,4097508.099,4097508.731,"Silva","NEON_D17_TEAK_DP1_322000_4097000_classified_point_cloud_colorized.laz","2018_TEAK_3_322000_4097000_image.tif","Tree",1,322000,322999.999,4097000,4097999.999
"2167",2249,322634.622,322644.461,4097505.681,4097516.482,"Silva","NEON_D17_TEAK_DP1_322000_4097000_classified_point_cloud_colorized.laz","2018_TEAK_3_322000_4097000_image.tif","Tree",1,322000,322999.999,4097000,4097999.999
"2168",2250,322651.63,322657.431,4097509.546,4097515.895,"Silva","NEON_D17_TEAK_DP1_322000_4097000_classified_point_cloud_colorized.laz","2018_TEAK_3_322000_4097000_image.tif","Tree",1,322000,322999.999,4097000,4097999.999
"2169",2251,322895.545,322904.435,4097518.021,4097528.419,"Silva","NEON_D17_TEAK_DP1_322000_4097000_classified_point_cloud_colorized.laz","2018_TEAK_3_322000_4097000_image.tif","Tree",1,322000,322999.999,4097000,4097999.999
"2170",2252,322792.645,322801.459,4097514.229,4097523.904,"Silva","NEON_D17_TEAK_DP1_322000_4097000_classified_point_cloud_colorized.laz","2018_TEAK_3_322000_4097000_image.tif","Tree",1,322000,322999.999,4097000,4097999.999
"2171",2253,322644.051,322652.447,4097510.534,4097516.887,"Silva","NEON_D17_TEAK_DP1_322000_4097000_classified_point_cloud_colorized.laz","2018_TEAK_3_322000_4097000_image.tif","Tree",1,322000,322999.999,4097000,4097999.999
"2172",2254,322700.039,322707.303,4097511.007,4097519.238,"Silva","NEON_D17_TEAK_DP1_322000_4097000_classified_point_cloud_colorized.laz","2018_TEAK_3_322000_4097000_image.tif","Tree",1,322000,322999.999,4097000,4097999.999
"2173",2255,322819.029,322822.972,4097516.56,4097519.307,"Silva","NEON_D17_TEAK_DP1_322000_4097000_classified_point_cloud_colorized.laz","2018_TEAK_3_322000_4097000_image.tif","Tree",1,322000,322999.999,4097000,4097999.999
"2174",2256,322572.022,322578.989,4097508.012,4097515.905,"Silva","NEON_D17_TEAK_DP1_322000_4097000_classified_point_cloud_colorized.laz","2018_TEAK_3_322000_4097000_image.tif","Tree",1,322000,322999.999,4097000,4097999.999
"2175",2257,322607.547,322612.884,4097508.67,4097515.937,"Silva","NEON_D17_TEAK_DP1_322000_4097000_classified_point_cloud_colorized.laz","2018_TEAK_3_322000_4097000_image.tif","Tree",1,322000,322999.999,4097000,4097999.999
"2176",2258,322769.512,322778.081,4097514.625,4097525.213,"Silva","NEON_D17_TEAK_DP1_322000_4097000_classified_point_cloud_colorized.laz","2018_TEAK_3_322000_4097000_image.tif","Tree",1,322000,322999.999,4097000,4097999.999
"2177",2259,322855.593,322864.852,4097520.346,4097530.07,"Silva","NEON_D17_TEAK_DP1_322000_4097000_classified_point_cloud_colorized.laz","2018_TEAK_3_322000_4097000_image.tif","Tree",1,322000,322999.999,4097000,4097999.999
"2178",2260,322988.652,322995.935,4097527.624,4097535.959,"Silva","NEON_D17_TEAK_DP1_322000_4097000_classified_point_cloud_colorized.laz","2018_TEAK_3_322000_4097000_image.tif","Tree",1,322000,322999.999,4097000,4097999.999
"2179",2261,322901.003,322909.436,4097524.527,4097531.449,"Silva","NEON_D17_TEAK_DP1_322000_4097000_classified_point_cloud_colorized.laz","2018_TEAK_3_322000_4097000_image.tif","Tree",1,322000,322999.999,4097000,4097999.999
"2180",2262,322753.737,322761.418,4097519.508,4097525.882,"Silva","NEON_D17_TEAK_DP1_322000_4097000_classified_point_cloud_colorized.laz","2018_TEAK_3_322000_4097000_image.tif","Tree",1,322000,322999.999,4097000,4097999.999
"2181",2263,322629.808,322634.452,4097514.713,4097518.828,"Silva","NEON_D17_TEAK_DP1_322000_4097000_classified_point_cloud_colorized.laz","2018_TEAK_3_322000_4097000_image.tif","Tree",1,322000,322999.999,4097000,4097999.999
"2182",2264,322800.782,322809.454,4097518.864,4097528.865,"Silva","NEON_D17_TEAK_DP1_322000_4097000_classified_point_cloud_colorized.laz","2018_TEAK_3_322000_4097000_image.tif","Tree",1,322000,322999.999,4097000,4097999.999
"2183",2265,322564.162,322573.232,4097511.04,4097519.495,"Silva","NEON_D17_TEAK_DP1_322000_4097000_classified_point_cloud_colorized.laz","2018_TEAK_3_322000_4097000_image.tif","Tree",1,322000,322999.999,4097000,4097999.999
"2184",2266,322622.546,322627.421,4097512.54,4097518.426,"Silva","NEON_D17_TEAK_DP1_322000_4097000_classified_point_cloud_colorized.laz","2018_TEAK_3_322000_4097000_image.tif","Tree",1,322000,322999.999,4097000,4097999.999
"2185",2267,322698.523,322707.887,4097517.753,4097525.932,"Silva","NEON_D17_TEAK_DP1_322000_4097000_classified_point_cloud_colorized.laz","2018_TEAK_3_322000_4097000_image.tif","Tree",1,322000,322999.999,4097000,4097999.999
"2186",2268,322972.17,322977.914,4097531.017,4097535.962,"Silva","NEON_D17_TEAK_DP1_322000_4097000_classified_point_cloud_colorized.laz","2018_TEAK_3_322000_4097000_image.tif","Tree",1,322000,322999.999,4097000,4097999.999
"2187",2269,322837.508,322846.472,4097523.67,4097534.973,"Silva","NEON_D17_TEAK_DP1_322000_4097000_classified_point_cloud_colorized.laz","2018_TEAK_3_322000_4097000_image.tif","Tree",1,322000,322999.999,4097000,4097999.999
"2188",2270,322846.017,322857.466,4097521.513,4097534.076,"Silva","NEON_D17_TEAK_DP1_322000_4097000_classified_point_cloud_colorized.laz","2018_TEAK_3_322000_4097000_image.tif","Tree",1,322000,322999.999,4097000,4097999.999
"2189",2271,322595.779,322604.969,4097515.56,4097523.437,"Silva","NEON_D17_TEAK_DP1_322000_4097000_classified_point_cloud_colorized.laz","2018_TEAK_3_322000_4097000_image.tif","Tree",1,322000,322999.999,4097000,4097999.999
"2190",2272,322675.515,322683.365,4097517.51,4097525.971,"Silva","NEON_D17_TEAK_DP1_322000_4097000_classified_point_cloud_colorized.laz","2018_TEAK_3_322000_4097000_image.tif","Tree",1,322000,322999.999,4097000,4097999.999
"2191",2273,322948.124,322948.475,4097528.784,4097529.149,"Silva","NEON_D17_TEAK_DP1_322000_4097000_classified_point_cloud_colorized.laz","2018_TEAK_3_322000_4097000_image.tif","Tree",1,322000,322999.999,4097000,4097999.999
"2192",2274,322666.542,322675.492,4097518.526,4097526.312,"Silva","NEON_D17_TEAK_DP1_322000_4097000_classified_point_cloud_colorized.laz","2018_TEAK_3_322000_4097000_image.tif","Tree",1,322000,322999.999,4097000,4097999.999
"2193",2275,322540.446,322546.365,4097514.028,4097522.984,"Silva","NEON_D17_TEAK_DP1_322000_4097000_classified_point_cloud_colorized.laz","2018_TEAK_3_322000_4097000_image.tif","Tree",1,322000,322999.999,4097000,4097999.999
"2194",2276,322634.127,322642.984,4097516.53,4097524.997,"Silva","NEON_D17_TEAK_DP1_322000_4097000_classified_point_cloud_colorized.laz","2018_TEAK_3_322000_4097000_image.tif","Tree",1,322000,322999.999,4097000,4097999.999
"2195",2277,322929.731,322937.256,4097532.087,4097536.998,"Silva","NEON_D17_TEAK_DP1_322000_4097000_classified_point_cloud_colorized.laz","2018_TEAK_3_322000_4097000_image.tif","Tree",1,322000,322999.999,4097000,4097999.999
"2196",2278,322830.513,322840.487,4097526.634,4097535.47,"Silva","NEON_D17_TEAK_DP1_322000_4097000_classified_point_cloud_colorized.laz","2018_TEAK_3_322000_4097000_image.tif","Tree",1,322000,322999.999,4097000,4097999.999
"2197",2279,322905.04,322911.963,4097531.854,4097541.144,"Silva","NEON_D17_TEAK_DP1_322000_4097000_classified_point_cloud_colorized.laz","2018_TEAK_3_322000_4097000_image.tif","Tree",1,322000,322999.999,4097000,4097999.999
"2198",2280,322736.048,322744.379,4097522.745,4097532.913,"Silva","NEON_D17_TEAK_DP1_322000_4097000_classified_point_cloud_colorized.laz","2018_TEAK_3_322000_4097000_image.tif","Tree",1,322000,322999.999,4097000,4097999.999
"2199",2281,322617.884,322623.491,4097519.252,4097526.399,"Silva","NEON_D17_TEAK_DP1_322000_4097000_classified_point_cloud_colorized.laz","2018_TEAK_3_322000_4097000_image.tif","Tree",1,322000,322999.999,4097000,4097999.999
"2200",2282,322680.503,322687.957,4097521.811,4097530.5,"Silva","NEON_D17_TEAK_DP1_322000_4097000_classified_point_cloud_colorized.laz","2018_TEAK_3_322000_4097000_image.tif","Tree",1,322000,322999.999,4097000,4097999.999
"2201",2283,322603.569,322610.995,4097519.514,4097527.418,"Silva","NEON_D17_TEAK_DP1_322000_4097000_classified_point_cloud_colorized.laz","2018_TEAK_3_322000_4097000_image.tif","Tree",1,322000,322999.999,4097000,4097999.999
"2202",2284,322751.573,322756.443,4097530.064,4097534.76,"Silva","NEON_D17_TEAK_DP1_322000_4097000_classified_point_cloud_colorized.laz","2018_TEAK_3_322000_4097000_image.tif","Tree",1,322000,322999.999,4097000,4097999.999
"2203",2285,322970.397,322973.409,4097540.504,4097543.895,"Silva","NEON_D17_TEAK_DP1_322000_4097000_classified_point_cloud_colorized.laz","2018_TEAK_3_322000_4097000_image.tif","Tree",1,322000,322999.999,4097000,4097999.999
"2204",2286,322713.015,322721.729,4097525.104,4097536.823,"Silva","NEON_D17_TEAK_DP1_322000_4097000_classified_point_cloud_colorized.laz","2018_TEAK_3_322000_4097000_image.tif","Tree",1,322000,322999.999,4097000,4097999.999
"2205",2287,322608.007,322616.434,4097524.012,4097534.963,"Silva","NEON_D17_TEAK_DP1_322000_4097000_classified_point_cloud_colorized.laz","2018_TEAK_3_322000_4097000_image.tif","Tree",1,322000,322999.999,4097000,4097999.999
"2206",2288,322936.082,322938.311,4097541.14,4097544.325,"Silva","NEON_D17_TEAK_DP1_322000_4097000_classified_point_cloud_colorized.laz","2018_TEAK_3_322000_4097000_image.tif","Tree",1,322000,322999.999,4097000,4097999.999
"2207",2289,322967.525,322970.837,4097542.087,4097546.41,"Silva","NEON_D17_TEAK_DP1_322000_4097000_classified_point_cloud_colorized.laz","2018_TEAK_3_322000_4097000_image.tif","Tree",1,322000,322999.999,4097000,4097999.999
"2208",2290,322615,322624.838,4097526.013,4097534.5,"Silva","NEON_D17_TEAK_DP1_322000_4097000_classified_point_cloud_colorized.laz","2018_TEAK_3_322000_4097000_image.tif","Tree",1,322000,322999.999,4097000,4097999.999
"2209",2291,322592.572,322601.842,4097522.242,4097530.861,"Silva","NEON_D17_TEAK_DP1_322000_4097000_classified_point_cloud_colorized.laz","2018_TEAK_3_322000_4097000_image.tif","Tree",1,322000,322999.999,4097000,4097999.999
"2210",2292,322868.064,322872.448,4097539.094,4097542.908,"Silva","NEON_D17_TEAK_DP1_322000_4097000_classified_point_cloud_colorized.laz","2018_TEAK_3_322000_4097000_image.tif","Tree",1,322000,322999.999,4097000,4097999.999
"2211",2293,322720.529,322729.434,4097532.067,4097539.258,"Silva","NEON_D17_TEAK_DP1_322000_4097000_classified_point_cloud_colorized.laz","2018_TEAK_3_322000_4097000_image.tif","Tree",1,322000,322999.999,4097000,4097999.999
"2212",2294,322583.631,322592.436,4097523.838,4097533.469,"Silva","NEON_D17_TEAK_DP1_322000_4097000_classified_point_cloud_colorized.laz","2018_TEAK_3_322000_4097000_image.tif","Tree",1,322000,322999.999,4097000,4097999.999
"2213",2295,322633.021,322642.788,4097528.549,4097537.682,"Silva","NEON_D17_TEAK_DP1_322000_4097000_classified_point_cloud_colorized.laz","2018_TEAK_3_322000_4097000_image.tif","Tree",1,322000,322999.999,4097000,4097999.999
"2214",2296,322808.055,322811.477,4097537.527,4097544.9,"Silva","NEON_D17_TEAK_DP1_322000_4097000_classified_point_cloud_colorized.laz","2018_TEAK_3_322000_4097000_image.tif","Tree",1,322000,322999.999,4097000,4097999.999
"2215",2297,322590.003,322596.493,4097525.306,4097534.476,"Silva","NEON_D17_TEAK_DP1_322000_4097000_classified_point_cloud_colorized.laz","2018_TEAK_3_322000_4097000_image.tif","Tree",1,322000,322999.999,4097000,4097999.999
"2216",2298,322976.59,322982.47,4097546.097,4097550.255,"Silva","NEON_D17_TEAK_DP1_322000_4097000_classified_point_cloud_colorized.laz","2018_TEAK_3_322000_4097000_image.tif","Tree",1,322000,322999.999,4097000,4097999.999
"2217",2299,322745.068,322750.491,4097536.504,4097541.73,"Silva","NEON_D17_TEAK_DP1_322000_4097000_classified_point_cloud_colorized.laz","2018_TEAK_3_322000_4097000_image.tif","Tree",1,322000,322999.999,4097000,4097999.999
"2218",2300,322855.44,322863.986,4097538.157,4097549.494,"Silva","NEON_D17_TEAK_DP1_322000_4097000_classified_point_cloud_colorized.laz","2018_TEAK_3_322000_4097000_image.tif","Tree",1,322000,322999.999,4097000,4097999.999
"2219",2301,322982.064,322987.933,4097546.502,4097552.451,"Silva","NEON_D17_TEAK_DP1_322000_4097000_classified_point_cloud_colorized.laz","2018_TEAK_3_322000_4097000_image.tif","Tree",1,322000,322999.999,4097000,4097999.999
"2220",2302,322576.64,322586.482,4097526.544,4097536.99,"Silva","NEON_D17_TEAK_DP1_322000_4097000_classified_point_cloud_colorized.laz","2018_TEAK_3_322000_4097000_image.tif","Tree",1,322000,322999.999,4097000,4097999.999
"2221",2303,322594.54,322604.914,4097529.567,4097538.895,"Silva","NEON_D17_TEAK_DP1_322000_4097000_classified_point_cloud_colorized.laz","2018_TEAK_3_322000_4097000_image.tif","Tree",1,322000,322999.999,4097000,4097999.999
"2222",2304,322663.535,322671.78,4097532.719,4097541.495,"Silva","NEON_D17_TEAK_DP1_322000_4097000_classified_point_cloud_colorized.laz","2018_TEAK_3_322000_4097000_image.tif","Tree",1,322000,322999.999,4097000,4097999.999
"2223",2305,322561.517,322569.859,4097527.017,4097537.468,"Silva","NEON_D17_TEAK_DP1_322000_4097000_classified_point_cloud_colorized.laz","2018_TEAK_3_322000_4097000_image.tif","Tree",1,322000,322999.999,4097000,4097999.999
"2224",2306,322929.891,322932.879,4097548.008,4097550.293,"Silva","NEON_D17_TEAK_DP1_322000_4097000_classified_point_cloud_colorized.laz","2018_TEAK_3_322000_4097000_image.tif","Tree",1,322000,322999.999,4097000,4097999.999
"2225",2307,322738.421,322744.972,4097539.067,4097544.472,"Silva","NEON_D17_TEAK_DP1_322000_4097000_classified_point_cloud_colorized.laz","2018_TEAK_3_322000_4097000_image.tif","Tree",1,322000,322999.999,4097000,4097999.999
"2226",2308,322680.536,322685.496,4097538.263,4097542.727,"Silva","NEON_D17_TEAK_DP1_322000_4097000_classified_point_cloud_colorized.laz","2018_TEAK_3_322000_4097000_image.tif","Tree",1,322000,322999.999,4097000,4097999.999
"2227",2309,322942.529,322951.993,4097547.102,4097555.974,"Silva","NEON_D17_TEAK_DP1_322000_4097000_classified_point_cloud_colorized.laz","2018_TEAK_3_322000_4097000_image.tif","Tree",1,322000,322999.999,4097000,4097999.999
"2228",2310,322832.065,322841.352,4097540.001,4097551.158,"Silva","NEON_D17_TEAK_DP1_322000_4097000_classified_point_cloud_colorized.laz","2018_TEAK_3_322000_4097000_image.tif","Tree",1,322000,322999.999,4097000,4097999.999
"2229",2311,322569.092,322577.358,4097530.009,4097538.439,"Silva","NEON_D17_TEAK_DP1_322000_4097000_classified_point_cloud_colorized.laz","2018_TEAK_3_322000_4097000_image.tif","Tree",1,322000,322999.999,4097000,4097999.999
"2230",2312,322850.216,322858.981,4097544.043,4097550.97,"Silva","NEON_D17_TEAK_DP1_322000_4097000_classified_point_cloud_colorized.laz","2018_TEAK_3_322000_4097000_image.tif","Tree",1,322000,322999.999,4097000,4097999.999
"2231",2313,322717.016,322727.415,4097539.002,4097547.496,"Silva","NEON_D17_TEAK_DP1_322000_4097000_classified_point_cloud_colorized.laz","2018_TEAK_3_322000_4097000_image.tif","Tree",1,322000,322999.999,4097000,4097999.999
"2232",2314,322758.911,322765.372,4097544.552,4097551.423,"Silva","NEON_D17_TEAK_DP1_322000_4097000_classified_point_cloud_colorized.laz","2018_TEAK_3_322000_4097000_image.tif","Tree",1,322000,322999.999,4097000,4097999.999
"2233",2315,322989.539,322998.487,4097553.569,4097559.726,"Silva","NEON_D17_TEAK_DP1_322000_4097000_classified_point_cloud_colorized.laz","2018_TEAK_3_322000_4097000_image.tif","Tree",1,322000,322999.999,4097000,4097999.999
"2234",2316,322863.638,322872.704,4097546.585,4097554.976,"Silva","NEON_D17_TEAK_DP1_322000_4097000_classified_point_cloud_colorized.laz","2018_TEAK_3_322000_4097000_image.tif","Tree",1,322000,322999.999,4097000,4097999.999
"2235",2317,322566.351,322573.971,4097534.715,4097541.907,"Silva","NEON_D17_TEAK_DP1_322000_4097000_classified_point_cloud_colorized.laz","2018_TEAK_3_322000_4097000_image.tif","Tree",1,322000,322999.999,4097000,4097999.999
"2236",2318,322832.051,322834.86,4097546.871,4097550.53,"Silva","NEON_D17_TEAK_DP1_322000_4097000_classified_point_cloud_colorized.laz","2018_TEAK_3_322000_4097000_image.tif","Tree",1,322000,322999.999,4097000,4097999.999
"2237",2319,322698.014,322703.634,4097541.336,4097548.485,"Silva","NEON_D17_TEAK_DP1_322000_4097000_classified_point_cloud_colorized.laz","2018_TEAK_3_322000_4097000_image.tif","Tree",1,322000,322999.999,4097000,4097999.999
"2238",2320,322674.299,322679.975,4097541.831,4097547.474,"Silva","NEON_D17_TEAK_DP1_322000_4097000_classified_point_cloud_colorized.laz","2018_TEAK_3_322000_4097000_image.tif","Tree",1,322000,322999.999,4097000,4097999.999
"2239",2321,322976.24,322981.94,4097556.529,4097561.494,"Silva","NEON_D17_TEAK_DP1_322000_4097000_classified_point_cloud_colorized.laz","2018_TEAK_3_322000_4097000_image.tif","Tree",1,322000,322999.999,4097000,4097999.999
"2240",2322,322624.015,322628.922,4097538.581,4097543.622,"Silva","NEON_D17_TEAK_DP1_322000_4097000_classified_point_cloud_colorized.laz","2018_TEAK_3_322000_4097000_image.tif","Tree",1,322000,322999.999,4097000,4097999.999
"2241",2324,322726.55,322731.173,4097544.079,4097549.958,"Silva","NEON_D17_TEAK_DP1_322000_4097000_classified_point_cloud_colorized.laz","2018_TEAK_3_322000_4097000_image.tif","Tree",1,322000,322999.999,4097000,4097999.999
"2242",2325,322992.54,322999.985,4097554.576,4097562.375,"Silva","NEON_D17_TEAK_DP1_322000_4097000_classified_point_cloud_colorized.laz","2018_TEAK_3_322000_4097000_image.tif","Tree",1,322000,322999.999,4097000,4097999.999
"2243",2326,322827.511,322833.751,4097551.513,4097555.989,"Silva","NEON_D17_TEAK_DP1_322000_4097000_classified_point_cloud_colorized.laz","2018_TEAK_3_322000_4097000_image.tif","Tree",1,322000,322999.999,4097000,4097999.999
"2244",2327,322814.566,322820.949,4097548.507,4097555.961,"Silva","NEON_D17_TEAK_DP1_322000_4097000_classified_point_cloud_colorized.laz","2018_TEAK_3_322000_4097000_image.tif","Tree",1,322000,322999.999,4097000,4097999.999
"2245",2328,322608.731,322616.976,4097539.013,4097547.424,"Silva","NEON_D17_TEAK_DP1_322000_4097000_classified_point_cloud_colorized.laz","2018_TEAK_3_322000_4097000_image.tif","Tree",1,322000,322999.999,4097000,4097999.999
"2246",2329,322629,322635.379,4097539.625,4097546.93,"Silva","NEON_D17_TEAK_DP1_322000_4097000_classified_point_cloud_colorized.laz","2018_TEAK_3_322000_4097000_image.tif","Tree",1,322000,322999.999,4097000,4097999.999
"2247",2330,322821.153,322827.43,4097551.508,4097554.892,"Silva","NEON_D17_TEAK_DP1_322000_4097000_classified_point_cloud_colorized.laz","2018_TEAK_3_322000_4097000_image.tif","Tree",1,322000,322999.999,4097000,4097999.999
"2248",2331,322577.033,322585.488,4097540.639,4097547.657,"Silva","NEON_D17_TEAK_DP1_322000_4097000_classified_point_cloud_colorized.laz","2018_TEAK_3_322000_4097000_image.tif","Tree",1,322000,322999.999,4097000,4097999.999
"2249",2332,322568.503,322576.979,4097540.003,4097545.884,"Silva","NEON_D17_TEAK_DP1_322000_4097000_classified_point_cloud_colorized.laz","2018_TEAK_3_322000_4097000_image.tif","Tree",1,322000,322999.999,4097000,4097999.999
"2250",2333,322719.212,322726.446,4097547.032,4097554.437,"Silva","NEON_D17_TEAK_DP1_322000_4097000_classified_point_cloud_colorized.laz","2018_TEAK_3_322000_4097000_image.tif","Tree",1,322000,322999.999,4097000,4097999.999
"2251",2334,322993.831,322999.937,4097560.504,4097566.968,"Silva","NEON_D17_TEAK_DP1_322000_4097000_classified_point_cloud_colorized.laz","2018_TEAK_3_322000_4097000_image.tif","Tree",1,322000,322999.999,4097000,4097999.999
"2252",2335,322584.505,322592.272,4097541.815,4097549.209,"Silva","NEON_D17_TEAK_DP1_322000_4097000_classified_point_cloud_colorized.laz","2018_TEAK_3_322000_4097000_image.tif","Tree",1,322000,322999.999,4097000,4097999.999
"2253",2336,322601.75,322602.849,4097546.737,4097547.331,"Silva","NEON_D17_TEAK_DP1_322000_4097000_classified_point_cloud_colorized.laz","2018_TEAK_3_322000_4097000_image.tif","Tree",1,322000,322999.999,4097000,4097999.999
"2254",2337,322669.667,322671.077,4097547.273,4097549.867,"Silva","NEON_D17_TEAK_DP1_322000_4097000_classified_point_cloud_colorized.laz","2018_TEAK_3_322000_4097000_image.tif","Tree",1,322000,322999.999,4097000,4097999.999
"2255",2338,322708.504,322708.504,4097551.599,4097551.599,"Silva","NEON_D17_TEAK_DP1_322000_4097000_classified_point_cloud_colorized.laz","2018_TEAK_3_322000_4097000_image.tif","Tree",1,322000,322999.999,4097000,4097999.999
"2256",2339,322959.024,322964.94,4097562.148,4097567.964,"Silva","NEON_D17_TEAK_DP1_322000_4097000_classified_point_cloud_colorized.laz","2018_TEAK_3_322000_4097000_image.tif","Tree",1,322000,322999.999,4097000,4097999.999
"2257",2340,322890.502,322895.987,4097558.217,4097562.879,"Silva","NEON_D17_TEAK_DP1_322000_4097000_classified_point_cloud_colorized.laz","2018_TEAK_3_322000_4097000_image.tif","Tree",1,322000,322999.999,4097000,4097999.999
"2258",2341,322674.545,322680.435,4097547.544,4097554.918,"Silva","NEON_D17_TEAK_DP1_322000_4097000_classified_point_cloud_colorized.laz","2018_TEAK_3_322000_4097000_image.tif","Tree",1,322000,322999.999,4097000,4097999.999
"2259",2342,322548.552,322558.469,4097540.538,4097549.496,"Silva","NEON_D17_TEAK_DP1_322000_4097000_classified_point_cloud_colorized.laz","2018_TEAK_3_322000_4097000_image.tif","Tree",1,322000,322999.999,4097000,4097999.999
"2260",2343,322946.562,322956.295,4097558.074,4097568.473,"Silva","NEON_D17_TEAK_DP1_322000_4097000_classified_point_cloud_colorized.laz","2018_TEAK_3_322000_4097000_image.tif","Tree",1,322000,322999.999,4097000,4097999.999
"2261",2344,322737.154,322746.136,4097549.014,4097557.959,"Silva","NEON_D17_TEAK_DP1_322000_4097000_classified_point_cloud_colorized.laz","2018_TEAK_3_322000_4097000_image.tif","Tree",1,322000,322999.999,4097000,4097999.999
"2262",2345,322664.529,322669.654,4097549.482,4097555.943,"Silva","NEON_D17_TEAK_DP1_322000_4097000_classified_point_cloud_colorized.laz","2018_TEAK_3_322000_4097000_image.tif","Tree",1,322000,322999.999,4097000,4097999.999
"2263",2346,322568.594,322577.978,4097545.007,4097549.916,"Silva","NEON_D17_TEAK_DP1_322000_4097000_classified_point_cloud_colorized.laz","2018_TEAK_3_322000_4097000_image.tif","Tree",1,322000,322999.999,4097000,4097999.999
"2264",2347,322835.08,322843.484,4097555.506,4097564,"Silva","NEON_D17_TEAK_DP1_322000_4097000_classified_point_cloud_colorized.laz","2018_TEAK_3_322000_4097000_image.tif","Tree",1,322000,322999.999,4097000,4097999.999
"2265",2348,322610.627,322616.395,4097547.028,4097552.468,"Silva","NEON_D17_TEAK_DP1_322000_4097000_classified_point_cloud_colorized.laz","2018_TEAK_3_322000_4097000_image.tif","Tree",1,322000,322999.999,4097000,4097999.999
"2266",2349,322671.533,322677.448,4097551.088,4097556.949,"Silva","NEON_D17_TEAK_DP1_322000_4097000_classified_point_cloud_colorized.laz","2018_TEAK_3_322000_4097000_image.tif","Tree",1,322000,322999.999,4097000,4097999.999
"2267",2350,322756.897,322767.467,4097551.07,4097563.303,"Silva","NEON_D17_TEAK_DP1_322000_4097000_classified_point_cloud_colorized.laz","2018_TEAK_3_322000_4097000_image.tif","Tree",1,322000,322999.999,4097000,4097999.999
"2268",2351,322971.804,322975.682,4097565.342,4097569.787,"Silva","NEON_D17_TEAK_DP1_322000_4097000_classified_point_cloud_colorized.laz","2018_TEAK_3_322000_4097000_image.tif","Tree",1,322000,322999.999,4097000,4097999.999
"2269",2352,322767.503,322776.515,4097556.084,4097561.242,"Silva","NEON_D17_TEAK_DP1_322000_4097000_classified_point_cloud_colorized.laz","2018_TEAK_3_322000_4097000_image.tif","Tree",1,322000,322999.999,4097000,4097999.999
"2270",2353,322693.571,322699.084,4097553.059,4097558.998,"Silva","NEON_D17_TEAK_DP1_322000_4097000_classified_point_cloud_colorized.laz","2018_TEAK_3_322000_4097000_image.tif","Tree",1,322000,322999.999,4097000,4097999.999
"2271",2354,322570.578,322575.267,4097548.048,4097553.268,"Silva","NEON_D17_TEAK_DP1_322000_4097000_classified_point_cloud_colorized.laz","2018_TEAK_3_322000_4097000_image.tif","Tree",1,322000,322999.999,4097000,4097999.999
"2272",2355,322710.066,322711.447,4097555.689,4097558.487,"Silva","NEON_D17_TEAK_DP1_322000_4097000_classified_point_cloud_colorized.laz","2018_TEAK_3_322000_4097000_image.tif","Tree",1,322000,322999.999,4097000,4097999.999
"2273",2356,322782.306,322791.887,4097553.034,4097564.802,"Silva","NEON_D17_TEAK_DP1_322000_4097000_classified_point_cloud_colorized.laz","2018_TEAK_3_322000_4097000_image.tif","Tree",1,322000,322999.999,4097000,4097999.999
"2274",2357,322929.542,322934.012,4097564.517,4097568.873,"Silva","NEON_D17_TEAK_DP1_322000_4097000_classified_point_cloud_colorized.laz","2018_TEAK_3_322000_4097000_image.tif","Tree",1,322000,322999.999,4097000,4097999.999
"2275",2358,322593.082,322597.362,4097553.134,4097557.405,"Silva","NEON_D17_TEAK_DP1_322000_4097000_classified_point_cloud_colorized.laz","2018_TEAK_3_322000_4097000_image.tif","Tree",1,322000,322999.999,4097000,4097999.999
"2276",2359,322940.791,322947.488,4097566.513,4097572.502,"Silva","NEON_D17_TEAK_DP1_322000_4097000_classified_point_cloud_colorized.laz","2018_TEAK_3_322000_4097000_image.tif","Tree",1,322000,322999.999,4097000,4097999.999
"2277",2360,322671.504,322680.051,4097555.005,4097562.896,"Silva","NEON_D17_TEAK_DP1_322000_4097000_classified_point_cloud_colorized.laz","2018_TEAK_3_322000_4097000_image.tif","Tree",1,322000,322999.999,4097000,4097999.999
"2278",2361,322793.059,322798.094,4097561.819,4097568.337,"Silva","NEON_D17_TEAK_DP1_322000_4097000_classified_point_cloud_colorized.laz","2018_TEAK_3_322000_4097000_image.tif","Tree",1,322000,322999.999,4097000,4097999.999
"2279",2362,322919.923,322924.963,4097568.549,4097573.924,"Silva","NEON_D17_TEAK_DP1_322000_4097000_classified_point_cloud_colorized.laz","2018_TEAK_3_322000_4097000_image.tif","Tree",1,322000,322999.999,4097000,4097999.999
"2280",2363,322823.163,322830.486,4097564.991,4097569.965,"Silva","NEON_D17_TEAK_DP1_322000_4097000_classified_point_cloud_colorized.laz","2018_TEAK_3_322000_4097000_image.tif","Tree",1,322000,322999.999,4097000,4097999.999
"2281",2364,322561.059,322569.496,4097552.541,4097558.914,"Silva","NEON_D17_TEAK_DP1_322000_4097000_classified_point_cloud_colorized.laz","2018_TEAK_3_322000_4097000_image.tif","Tree",1,322000,322999.999,4097000,4097999.999
"2282",2365,322639.284,322641.907,4097559.578,4097562.473,"Silva","NEON_D17_TEAK_DP1_322000_4097000_classified_point_cloud_colorized.laz","2018_TEAK_3_322000_4097000_image.tif","Tree",1,322000,322999.999,4097000,4097999.999
"2283",2366,322688.639,322693.355,4097559.956,4097565.996,"Silva","NEON_D17_TEAK_DP1_322000_4097000_classified_point_cloud_colorized.laz","2018_TEAK_3_322000_4097000_image.tif","Tree",1,322000,322999.999,4097000,4097999.999
"2284",2367,322605.088,322608.491,4097558.213,4097562.496,"Silva","NEON_D17_TEAK_DP1_322000_4097000_classified_point_cloud_colorized.laz","2018_TEAK_3_322000_4097000_image.tif","Tree",1,322000,322999.999,4097000,4097999.999
"2285",2368,322910.97,322915.844,4097571.014,4097576.876,"Silva","NEON_D17_TEAK_DP1_322000_4097000_classified_point_cloud_colorized.laz","2018_TEAK_3_322000_4097000_image.tif","Tree",1,322000,322999.999,4097000,4097999.999
"2286",2369,322662.624,322669.946,4097561.501,4097563.441,"Silva","NEON_D17_TEAK_DP1_322000_4097000_classified_point_cloud_colorized.laz","2018_TEAK_3_322000_4097000_image.tif","Tree",1,322000,322999.999,4097000,4097999.999
"2287",2370,322802.712,322811.949,4097566.705,4097575.443,"Silva","NEON_D17_TEAK_DP1_322000_4097000_classified_point_cloud_colorized.laz","2018_TEAK_3_322000_4097000_image.tif","Tree",1,322000,322999.999,4097000,4097999.999
"2288",2371,322766.644,322773.478,4097566.479,4097572.86,"Silva","NEON_D17_TEAK_DP1_322000_4097000_classified_point_cloud_colorized.laz","2018_TEAK_3_322000_4097000_image.tif","Tree",1,322000,322999.999,4097000,4097999.999
"2289",2372,322949.098,322954.303,4097576.595,4097581.475,"Silva","NEON_D17_TEAK_DP1_322000_4097000_classified_point_cloud_colorized.laz","2018_TEAK_3_322000_4097000_image.tif","Tree",1,322000,322999.999,4097000,4097999.999
"2290",2373,322666.064,322669.909,4097567.203,4097570.458,"Silva","NEON_D17_TEAK_DP1_322000_4097000_classified_point_cloud_colorized.laz","2018_TEAK_3_322000_4097000_image.tif","Tree",1,322000,322999.999,4097000,4097999.999
"2291",2374,322890.306,322890.753,4097577.54,4097578.448,"Silva","NEON_D17_TEAK_DP1_322000_4097000_classified_point_cloud_colorized.laz","2018_TEAK_3_322000_4097000_image.tif","Tree",1,322000,322999.999,4097000,4097999.999
"2292",2376,322563.52,322564.316,4097565.071,4097566.615,"Silva","NEON_D17_TEAK_DP1_322000_4097000_classified_point_cloud_colorized.laz","2018_TEAK_3_322000_4097000_image.tif","Tree",1,322000,322999.999,4097000,4097999.999
"2293",2377,322596.506,322600.983,4097563.506,4097568.977,"Silva","NEON_D17_TEAK_DP1_322000_4097000_classified_point_cloud_colorized.laz","2018_TEAK_3_322000_4097000_image.tif","Tree",1,322000,322999.999,4097000,4097999.999
"2294",2378,322868.566,322870.984,4097577.51,4097579.895,"Silva","NEON_D17_TEAK_DP1_322000_4097000_classified_point_cloud_colorized.laz","2018_TEAK_3_322000_4097000_image.tif","Tree",1,322000,322999.999,4097000,4097999.999
"2295",2379,322770.837,322777.093,4097571.822,4097578.492,"Silva","NEON_D17_TEAK_DP1_322000_4097000_classified_point_cloud_colorized.laz","2018_TEAK_3_322000_4097000_image.tif","Tree",1,322000,322999.999,4097000,4097999.999
"2296",2380,322643.609,322644.933,4097569.041,4097570.24,"Silva","NEON_D17_TEAK_DP1_322000_4097000_classified_point_cloud_colorized.laz","2018_TEAK_3_322000_4097000_image.tif","Tree",1,322000,322999.999,4097000,4097999.999
"2297",2381,322788.048,322791.996,4097574.561,4097578.904,"Silva","NEON_D17_TEAK_DP1_322000_4097000_classified_point_cloud_colorized.laz","2018_TEAK_3_322000_4097000_image.tif","Tree",1,322000,322999.999,4097000,4097999.999
"2298",2382,322668.597,322673.831,4097570.036,4097574.956,"Silva","NEON_D17_TEAK_DP1_322000_4097000_classified_point_cloud_colorized.laz","2018_TEAK_3_322000_4097000_image.tif","Tree",1,322000,322999.999,4097000,4097999.999
"2299",2383,322652.32,322659.433,4097566.22,4097574.452,"Silva","NEON_D17_TEAK_DP1_322000_4097000_classified_point_cloud_colorized.laz","2018_TEAK_3_322000_4097000_image.tif","Tree",1,322000,322999.999,4097000,4097999.999
"2300",2384,322757.56,322766.183,4097572.032,4097581.988,"Silva","NEON_D17_TEAK_DP1_322000_4097000_classified_point_cloud_colorized.laz","2018_TEAK_3_322000_4097000_image.tif","Tree",1,322000,322999.999,4097000,4097999.999
"2301",2386,322949.273,322951.494,4097584.255,4097587.333,"Silva","NEON_D17_TEAK_DP1_322000_4097000_classified_point_cloud_colorized.laz","2018_TEAK_3_322000_4097000_image.tif","Tree",1,322000,322999.999,4097000,4097999.999
"2302",2387,322833.56,322840.486,4097576.754,4097583.495,"Silva","NEON_D17_TEAK_DP1_322000_4097000_classified_point_cloud_colorized.laz","2018_TEAK_3_322000_4097000_image.tif","Tree",1,322000,322999.999,4097000,4097999.999
"2303",2388,322803.053,322808.659,4097575.128,4097581.973,"Silva","NEON_D17_TEAK_DP1_322000_4097000_classified_point_cloud_colorized.laz","2018_TEAK_3_322000_4097000_image.tif","Tree",1,322000,322999.999,4097000,4097999.999
"2304",2389,322557.096,322564.621,4097564.648,4097572.971,"Silva","NEON_D17_TEAK_DP1_322000_4097000_classified_point_cloud_colorized.laz","2018_TEAK_3_322000_4097000_image.tif","Tree",1,322000,322999.999,4097000,4097999.999
"2305",2390,322688.47,322689.869,4097574.199,4097575.783,"Silva","NEON_D17_TEAK_DP1_322000_4097000_classified_point_cloud_colorized.laz","2018_TEAK_3_322000_4097000_image.tif","Tree",1,322000,322999.999,4097000,4097999.999
"2306",2391,322969.01,322972.446,4097586.029,4097589.72,"Silva","NEON_D17_TEAK_DP1_322000_4097000_classified_point_cloud_colorized.laz","2018_TEAK_3_322000_4097000_image.tif","Tree",1,322000,322999.999,4097000,4097999.999
"2307",2392,322596,322601.412,4097569.001,4097573.854,"Silva","NEON_D17_TEAK_DP1_322000_4097000_classified_point_cloud_colorized.laz","2018_TEAK_3_322000_4097000_image.tif","Tree",1,322000,322999.999,4097000,4097999.999
"2308",2393,322593.175,322595.988,4097570.044,4097574.944,"Silva","NEON_D17_TEAK_DP1_322000_4097000_classified_point_cloud_colorized.laz","2018_TEAK_3_322000_4097000_image.tif","Tree",1,322000,322999.999,4097000,4097999.999
"2309",2394,322715.536,322718.939,4097576.048,4097578.672,"Silva","NEON_D17_TEAK_DP1_322000_4097000_classified_point_cloud_colorized.laz","2018_TEAK_3_322000_4097000_image.tif","Tree",1,322000,322999.999,4097000,4097999.999
"2310",2395,322929.575,322935.843,4097583.553,4097588.935,"Silva","NEON_D17_TEAK_DP1_322000_4097000_classified_point_cloud_colorized.laz","2018_TEAK_3_322000_4097000_image.tif","Tree",1,322000,322999.999,4097000,4097999.999
"2311",2396,322903.191,322906.988,4097584.3,4097588.348,"Silva","NEON_D17_TEAK_DP1_322000_4097000_classified_point_cloud_colorized.laz","2018_TEAK_3_322000_4097000_image.tif","Tree",1,322000,322999.999,4097000,4097999.999
"2312",2397,322846.199,322852.915,4097582.068,4097585.189,"Silva","NEON_D17_TEAK_DP1_322000_4097000_classified_point_cloud_colorized.laz","2018_TEAK_3_322000_4097000_image.tif","Tree",1,322000,322999.999,4097000,4097999.999
"2313",2398,322750.564,322760.491,4097573.529,4097583.875,"Silva","NEON_D17_TEAK_DP1_322000_4097000_classified_point_cloud_colorized.laz","2018_TEAK_3_322000_4097000_image.tif","Tree",1,322000,322999.999,4097000,4097999.999
"2314",2399,322967.152,322969.487,4097591.058,4097593.974,"Silva","NEON_D17_TEAK_DP1_322000_4097000_classified_point_cloud_colorized.laz","2018_TEAK_3_322000_4097000_image.tif","Tree",1,322000,322999.999,4097000,4097999.999
"2315",2400,322686.03,322688.498,4097578.505,4097581.464,"Silva","NEON_D17_TEAK_DP1_322000_4097000_classified_point_cloud_colorized.laz","2018_TEAK_3_322000_4097000_image.tif","Tree",1,322000,322999.999,4097000,4097999.999
"2316",2401,322573.602,322579.293,4097571.501,4097578.493,"Silva","NEON_D17_TEAK_DP1_322000_4097000_classified_point_cloud_colorized.laz","2018_TEAK_3_322000_4097000_image.tif","Tree",1,322000,322999.999,4097000,4097999.999
"2317",2402,322625.701,322626.874,4097578.764,4097580.409,"Silva","NEON_D17_TEAK_DP1_322000_4097000_classified_point_cloud_colorized.laz","2018_TEAK_3_322000_4097000_image.tif","Tree",1,322000,322999.999,4097000,4097999.999
"2318",2403,322556.28,322564.351,4097573.004,4097580.989,"Silva","NEON_D17_TEAK_DP1_322000_4097000_classified_point_cloud_colorized.laz","2018_TEAK_3_322000_4097000_image.tif","Tree",1,322000,322999.999,4097000,4097999.999
"2319",2405,322679.57,322685.651,4097582.41,4097587.991,"Silva","NEON_D17_TEAK_DP1_322000_4097000_classified_point_cloud_colorized.laz","2018_TEAK_3_322000_4097000_image.tif","Tree",1,322000,322999.999,4097000,4097999.999
"2320",2406,322750.671,322759.237,4097582.573,4097590.721,"Silva","NEON_D17_TEAK_DP1_322000_4097000_classified_point_cloud_colorized.laz","2018_TEAK_3_322000_4097000_image.tif","Tree",1,322000,322999.999,4097000,4097999.999
"2321",2407,322989.939,322995.997,4097595.51,4097601.474,"Silva","NEON_D17_TEAK_DP1_322000_4097000_classified_point_cloud_colorized.laz","2018_TEAK_3_322000_4097000_image.tif","Tree",1,322000,322999.999,4097000,4097999.999
"2322",2408,322720.202,322720.505,4097587.134,4097587.197,"Silva","NEON_D17_TEAK_DP1_322000_4097000_classified_point_cloud_colorized.laz","2018_TEAK_3_322000_4097000_image.tif","Tree",1,322000,322999.999,4097000,4097999.999
"2323",2409,322697.686,322698.266,4097587.001,4097587.958,"Silva","NEON_D17_TEAK_DP1_322000_4097000_classified_point_cloud_colorized.laz","2018_TEAK_3_322000_4097000_image.tif","Tree",1,322000,322999.999,4097000,4097999.999
"2324",2410,322635.5,322642.877,4097580.514,4097588.973,"Silva","NEON_D17_TEAK_DP1_322000_4097000_classified_point_cloud_colorized.laz","2018_TEAK_3_322000_4097000_image.tif","Tree",1,322000,322999.999,4097000,4097999.999
"2325",2411,322671.581,322678.879,4097583.238,4097589.879,"Silva","NEON_D17_TEAK_DP1_322000_4097000_classified_point_cloud_colorized.laz","2018_TEAK_3_322000_4097000_image.tif","Tree",1,322000,322999.999,4097000,4097999.999
"2326",2412,322726.505,322729.913,4097587.579,4097590.946,"Silva","NEON_D17_TEAK_DP1_322000_4097000_classified_point_cloud_colorized.laz","2018_TEAK_3_322000_4097000_image.tif","Tree",1,322000,322999.999,4097000,4097999.999
"2327",2413,322920.674,322923.969,4097596.017,4097599.454,"Silva","NEON_D17_TEAK_DP1_322000_4097000_classified_point_cloud_colorized.laz","2018_TEAK_3_322000_4097000_image.tif","Tree",1,322000,322999.999,4097000,4097999.999
"2328",2414,322822.547,322834.477,4097587.2,4097597.991,"Silva","NEON_D17_TEAK_DP1_322000_4097000_classified_point_cloud_colorized.laz","2018_TEAK_3_322000_4097000_image.tif","Tree",1,322000,322999.999,4097000,4097999.999
"2329",2415,322760.062,322762.315,4097590.733,4097592.508,"Silva","NEON_D17_TEAK_DP1_322000_4097000_classified_point_cloud_colorized.laz","2018_TEAK_3_322000_4097000_image.tif","Tree",1,322000,322999.999,4097000,4097999.999
"2330",2416,322746.198,322750.951,4097589.036,4097592.443,"Silva","NEON_D17_TEAK_DP1_322000_4097000_classified_point_cloud_colorized.laz","2018_TEAK_3_322000_4097000_image.tif","Tree",1,322000,322999.999,4097000,4097999.999
"2331",2417,322871.64,322876.828,4097593.019,4097600.14,"Silva","NEON_D17_TEAK_DP1_322000_4097000_classified_point_cloud_colorized.laz","2018_TEAK_3_322000_4097000_image.tif","Tree",1,322000,322999.999,4097000,4097999.999
"2332",2418,322912.567,322914.465,4097598.543,4097600.513,"Silva","NEON_D17_TEAK_DP1_322000_4097000_classified_point_cloud_colorized.laz","2018_TEAK_3_322000_4097000_image.tif","Tree",1,322000,322999.999,4097000,4097999.999
"2333",2419,322658.107,322664.863,4097582.263,4097592.425,"Silva","NEON_D17_TEAK_DP1_322000_4097000_classified_point_cloud_colorized.laz","2018_TEAK_3_322000_4097000_image.tif","Tree",1,322000,322999.999,4097000,4097999.999
"2334",2420,322718.513,322720.393,4097590.538,4097592.024,"Silva","NEON_D17_TEAK_DP1_322000_4097000_classified_point_cloud_colorized.laz","2018_TEAK_3_322000_4097000_image.tif","Tree",1,322000,322999.999,4097000,4097999.999
"2335",2421,322743.191,322750.333,4097593.579,4097598.227,"Silva","NEON_D17_TEAK_DP1_322000_4097000_classified_point_cloud_colorized.laz","2018_TEAK_3_322000_4097000_image.tif","Tree",1,322000,322999.999,4097000,4097999.999
"2336",2422,322566.523,322570.822,4097584.055,4097590.313,"Silva","NEON_D17_TEAK_DP1_322000_4097000_classified_point_cloud_colorized.laz","2018_TEAK_3_322000_4097000_image.tif","Tree",1,322000,322999.999,4097000,4097999.999
"2337",2423,322672.562,322681.388,4097588.502,4097596.372,"Silva","NEON_D17_TEAK_DP1_322000_4097000_classified_point_cloud_colorized.laz","2018_TEAK_3_322000_4097000_image.tif","Tree",1,322000,322999.999,4097000,4097999.999
"2338",2425,322996.004,322999.864,4097603.669,4097608.263,"Silva","NEON_D17_TEAK_DP1_322000_4097000_classified_point_cloud_colorized.laz","2018_TEAK_3_322000_4097000_image.tif","Tree",1,322000,322999.999,4097000,4097999.999
"2339",2426,322956.686,322963.383,4097603.008,4097609.409,"Silva","NEON_D17_TEAK_DP1_322000_4097000_classified_point_cloud_colorized.laz","2018_TEAK_3_322000_4097000_image.tif","Tree",1,322000,322999.999,4097000,4097999.999
"2340",2427,322676.809,322686.336,4097589.538,4097599.862,"Silva","NEON_D17_TEAK_DP1_322000_4097000_classified_point_cloud_colorized.laz","2018_TEAK_3_322000_4097000_image.tif","Tree",1,322000,322999.999,4097000,4097999.999
"2341",2428,322689.576,322694.805,4097593.051,4097598.443,"Silva","NEON_D17_TEAK_DP1_322000_4097000_classified_point_cloud_colorized.laz","2018_TEAK_3_322000_4097000_image.tif","Tree",1,322000,322999.999,4097000,4097999.999
"2342",2429,322751.131,322759.347,4097596.568,4097602.471,"Silva","NEON_D17_TEAK_DP1_322000_4097000_classified_point_cloud_colorized.laz","2018_TEAK_3_322000_4097000_image.tif","Tree",1,322000,322999.999,4097000,4097999.999
"2343",2430,322572.683,322577.98,4097589.006,4097594.993,"Silva","NEON_D17_TEAK_DP1_322000_4097000_classified_point_cloud_colorized.laz","2018_TEAK_3_322000_4097000_image.tif","Tree",1,322000,322999.999,4097000,4097999.999
"2344",2431,322599.1,322603.47,4097592.015,4097596.191,"Silva","NEON_D17_TEAK_DP1_322000_4097000_classified_point_cloud_colorized.laz","2018_TEAK_3_322000_4097000_image.tif","Tree",1,322000,322999.999,4097000,4097999.999
"2345",2432,322874.517,322880.436,4097603.579,4097609.814,"Silva","NEON_D17_TEAK_DP1_322000_4097000_classified_point_cloud_colorized.laz","2018_TEAK_3_322000_4097000_image.tif","Tree",1,322000,322999.999,4097000,4097999.999
"2346",2433,322829.344,322836.493,4097598.113,4097608.998,"Silva","NEON_D17_TEAK_DP1_322000_4097000_classified_point_cloud_colorized.laz","2018_TEAK_3_322000_4097000_image.tif","Tree",1,322000,322999.999,4097000,4097999.999
"2347",2434,322948.529,322952.411,4097609.02,4097614.409,"Silva","NEON_D17_TEAK_DP1_322000_4097000_classified_point_cloud_colorized.laz","2018_TEAK_3_322000_4097000_image.tif","Tree",1,322000,322999.999,4097000,4097999.999
"2348",2435,322982.064,322991.214,4097611.039,4097615.963,"Silva","NEON_D17_TEAK_DP1_322000_4097000_classified_point_cloud_colorized.laz","2018_TEAK_3_322000_4097000_image.tif","Tree",1,322000,322999.999,4097000,4097999.999
"2349",2436,322994.026,322997.312,4097610.013,4097613.744,"Silva","NEON_D17_TEAK_DP1_322000_4097000_classified_point_cloud_colorized.laz","2018_TEAK_3_322000_4097000_image.tif","Tree",1,322000,322999.999,4097000,4097999.999
"2350",2437,322855.481,322858.455,4097605.627,4097610.412,"Silva","NEON_D17_TEAK_DP1_322000_4097000_classified_point_cloud_colorized.laz","2018_TEAK_3_322000_4097000_image.tif","Tree",1,322000,322999.999,4097000,4097999.999
"2351",2438,322687.828,322691.489,4097598.002,4097601.474,"Silva","NEON_D17_TEAK_DP1_322000_4097000_classified_point_cloud_colorized.laz","2018_TEAK_3_322000_4097000_image.tif","Tree",1,322000,322999.999,4097000,4097999.999
"2352",2439,322757.362,322758.9,4097604.444,4097605.952,"Silva","NEON_D17_TEAK_DP1_322000_4097000_classified_point_cloud_colorized.laz","2018_TEAK_3_322000_4097000_image.tif","Tree",1,322000,322999.999,4097000,4097999.999
"2353",2440,322618.589,322623.997,4097596.075,4097603.123,"Silva","NEON_D17_TEAK_DP1_322000_4097000_classified_point_cloud_colorized.laz","2018_TEAK_3_322000_4097000_image.tif","Tree",1,322000,322999.999,4097000,4097999.999
"2354",2441,322766.561,322775.405,4097601.022,4097608.974,"Silva","NEON_D17_TEAK_DP1_322000_4097000_classified_point_cloud_colorized.laz","2018_TEAK_3_322000_4097000_image.tif","Tree",1,322000,322999.999,4097000,4097999.999
"2355",2442,322899.332,322901.101,4097610.532,4097613.839,"Silva","NEON_D17_TEAK_DP1_322000_4097000_classified_point_cloud_colorized.laz","2018_TEAK_3_322000_4097000_image.tif","Tree",1,322000,322999.999,4097000,4097999.999
"2356",2443,322766.077,322767.331,4097602.188,4097608.268,"Silva","NEON_D17_TEAK_DP1_322000_4097000_classified_point_cloud_colorized.laz","2018_TEAK_3_322000_4097000_image.tif","Tree",1,322000,322999.999,4097000,4097999.999
"2357",2444,322581.143,322587.457,4097594.515,4097601.956,"Silva","NEON_D17_TEAK_DP1_322000_4097000_classified_point_cloud_colorized.laz","2018_TEAK_3_322000_4097000_image.tif","Tree",1,322000,322999.999,4097000,4097999.999
"2358",2445,322982.689,322990.995,4097615.518,4097622.931,"Silva","NEON_D17_TEAK_DP1_322000_4097000_classified_point_cloud_colorized.laz","2018_TEAK_3_322000_4097000_image.tif","Tree",1,322000,322999.999,4097000,4097999.999
"2359",2446,322780.65,322787.724,4097613.561,4097617.459,"Silva","NEON_D17_TEAK_DP1_322000_4097000_classified_point_cloud_colorized.laz","2018_TEAK_3_322000_4097000_image.tif","Tree",1,322000,322999.999,4097000,4097999.999
"2360",2447,322980.303,322987.973,4097616.788,4097623.955,"Silva","NEON_D17_TEAK_DP1_322000_4097000_classified_point_cloud_colorized.laz","2018_TEAK_3_322000_4097000_image.tif","Tree",1,322000,322999.999,4097000,4097999.999
"2361",2448,322913.141,322917.425,4097617.04,4097621.403,"Silva","NEON_D17_TEAK_DP1_322000_4097000_classified_point_cloud_colorized.laz","2018_TEAK_3_322000_4097000_image.tif","Tree",1,322000,322999.999,4097000,4097999.999
"2362",2449,322763.772,322768.995,4097608.53,4097615.877,"Silva","NEON_D17_TEAK_DP1_322000_4097000_classified_point_cloud_colorized.laz","2018_TEAK_3_322000_4097000_image.tif","Tree",1,322000,322999.999,4097000,4097999.999
"2363",2450,322683.252,322687.978,4097607.037,4097611.994,"Silva","NEON_D17_TEAK_DP1_322000_4097000_classified_point_cloud_colorized.laz","2018_TEAK_3_322000_4097000_image.tif","Tree",1,322000,322999.999,4097000,4097999.999
"2364",2451,322970.54,322980.43,4097616.694,4097628.925,"Silva","NEON_D17_TEAK_DP1_322000_4097000_classified_point_cloud_colorized.laz","2018_TEAK_3_322000_4097000_image.tif","Tree",1,322000,322999.999,4097000,4097999.999
"2365",2452,322636.103,322642.386,4097605.545,4097611.963,"Silva","NEON_D17_TEAK_DP1_322000_4097000_classified_point_cloud_colorized.laz","2018_TEAK_3_322000_4097000_image.tif","Tree",1,322000,322999.999,4097000,4097999.999
"2366",2453,322907.009,322912.388,4097618.038,4097623.424,"Silva","NEON_D17_TEAK_DP1_322000_4097000_classified_point_cloud_colorized.laz","2018_TEAK_3_322000_4097000_image.tif","Tree",1,322000,322999.999,4097000,4097999.999
"2367",2454,322813.522,322821.221,4097614.087,4097620.977,"Silva","NEON_D17_TEAK_DP1_322000_4097000_classified_point_cloud_colorized.laz","2018_TEAK_3_322000_4097000_image.tif","Tree",1,322000,322999.999,4097000,4097999.999
"2368",2455,322945.024,322949.491,4097621.409,4097627.076,"Silva","NEON_D17_TEAK_DP1_322000_4097000_classified_point_cloud_colorized.laz","2018_TEAK_3_322000_4097000_image.tif","Tree",1,322000,322999.999,4097000,4097999.999
"2369",2456,322706.215,322713.413,4097610.865,4097617.492,"Silva","NEON_D17_TEAK_DP1_322000_4097000_classified_point_cloud_colorized.laz","2018_TEAK_3_322000_4097000_image.tif","Tree",1,322000,322999.999,4097000,4097999.999
"2370",2457,322941.032,322946.451,4097623.036,4097629,"Silva","NEON_D17_TEAK_DP1_322000_4097000_classified_point_cloud_colorized.laz","2018_TEAK_3_322000_4097000_image.tif","Tree",1,322000,322999.999,4097000,4097999.999
"2371",2458,322674.05,322677.997,4097612.013,4097616.267,"Silva","NEON_D17_TEAK_DP1_322000_4097000_classified_point_cloud_colorized.laz","2018_TEAK_3_322000_4097000_image.tif","Tree",1,322000,322999.999,4097000,4097999.999
"2372",2459,322822.268,322829.994,4097618.563,4097624.011,"Silva","NEON_D17_TEAK_DP1_322000_4097000_classified_point_cloud_colorized.laz","2018_TEAK_3_322000_4097000_image.tif","Tree",1,322000,322999.999,4097000,4097999.999
"2373",2460,322588.212,322591.487,4097610.547,4097614.938,"Silva","NEON_D17_TEAK_DP1_322000_4097000_classified_point_cloud_colorized.laz","2018_TEAK_3_322000_4097000_image.tif","Tree",1,322000,322999.999,4097000,4097999.999
"2374",2461,322714.575,322720.323,4097616.512,4097622.03,"Silva","NEON_D17_TEAK_DP1_322000_4097000_classified_point_cloud_colorized.laz","2018_TEAK_3_322000_4097000_image.tif","Tree",1,322000,322999.999,4097000,4097999.999
"2375",2462,322822.515,322830.357,4097623.043,4097626.474,"Silva","NEON_D17_TEAK_DP1_322000_4097000_classified_point_cloud_colorized.laz","2018_TEAK_3_322000_4097000_image.tif","Tree",1,322000,322999.999,4097000,4097999.999
"2376",2463,322792.547,322798.485,4097621.902,4097627.436,"Silva","NEON_D17_TEAK_DP1_322000_4097000_classified_point_cloud_colorized.laz","2018_TEAK_3_322000_4097000_image.tif","Tree",1,322000,322999.999,4097000,4097999.999
"2377",2464,322737.55,322747.461,4097618.525,4097628.307,"Silva","NEON_D17_TEAK_DP1_322000_4097000_classified_point_cloud_colorized.laz","2018_TEAK_3_322000_4097000_image.tif","Tree",1,322000,322999.999,4097000,4097999.999
"2378",2465,322883.579,322887.97,4097629.734,4097634.99,"Silva","NEON_D17_TEAK_DP1_322000_4097000_classified_point_cloud_colorized.laz","2018_TEAK_3_322000_4097000_image.tif","Tree",1,322000,322999.999,4097000,4097999.999
"2379",2466,322734.969,322742.977,4097619.65,4097630.379,"Silva","NEON_D17_TEAK_DP1_322000_4097000_classified_point_cloud_colorized.laz","2018_TEAK_3_322000_4097000_image.tif","Tree",1,322000,322999.999,4097000,4097999.999
"2380",2467,322989.614,322999.4,4097634.038,4097641.984,"Silva","NEON_D17_TEAK_DP1_322000_4097000_classified_point_cloud_colorized.laz","2018_TEAK_3_322000_4097000_image.tif","Tree",1,322000,322999.999,4097000,4097999.999
"2381",2468,322664.36,322664.36,4097625.488,4097625.488,"Silva","NEON_D17_TEAK_DP1_322000_4097000_classified_point_cloud_colorized.laz","2018_TEAK_3_322000_4097000_image.tif","Tree",1,322000,322999.999,4097000,4097999.999
"2382",2469,322593.545,322595.981,4097621.005,4097623.485,"Silva","NEON_D17_TEAK_DP1_322000_4097000_classified_point_cloud_colorized.laz","2018_TEAK_3_322000_4097000_image.tif","Tree",1,322000,322999.999,4097000,4097999.999
"2383",2470,322695.502,322699.938,4097624.605,4097629.495,"Silva","NEON_D17_TEAK_DP1_322000_4097000_classified_point_cloud_colorized.laz","2018_TEAK_3_322000_4097000_image.tif","Tree",1,322000,322999.999,4097000,4097999.999
"2384",2471,322943.608,322949.25,4097635.155,4097641.446,"Silva","NEON_D17_TEAK_DP1_322000_4097000_classified_point_cloud_colorized.laz","2018_TEAK_3_322000_4097000_image.tif","Tree",1,322000,322999.999,4097000,4097999.999
"2385",2472,322912.143,322913.929,4097637.658,4097639.898,"Silva","NEON_D17_TEAK_DP1_322000_4097000_classified_point_cloud_colorized.laz","2018_TEAK_3_322000_4097000_image.tif","Tree",1,322000,322999.999,4097000,4097999.999
"2386",2473,322783.223,322785.971,4097631.506,4097634.958,"Silva","NEON_D17_TEAK_DP1_322000_4097000_classified_point_cloud_colorized.laz","2018_TEAK_3_322000_4097000_image.tif","Tree",1,322000,322999.999,4097000,4097999.999
"2387",2474,322765.159,322772.394,4097628.511,4097638.67,"Silva","NEON_D17_TEAK_DP1_322000_4097000_classified_point_cloud_colorized.laz","2018_TEAK_3_322000_4097000_image.tif","Tree",1,322000,322999.999,4097000,4097999.999
"2388",2475,322621.298,322622.815,4097625.672,4097626.853,"Silva","NEON_D17_TEAK_DP1_322000_4097000_classified_point_cloud_colorized.laz","2018_TEAK_3_322000_4097000_image.tif","Tree",1,322000,322999.999,4097000,4097999.999
"2389",2476,322631.192,322631.641,4097626.527,4097626.684,"Silva","NEON_D17_TEAK_DP1_322000_4097000_classified_point_cloud_colorized.laz","2018_TEAK_3_322000_4097000_image.tif","Tree",1,322000,322999.999,4097000,4097999.999
"2390",2477,322996.541,322999.996,4097641.041,4097648.432,"Silva","NEON_D17_TEAK_DP1_322000_4097000_classified_point_cloud_colorized.laz","2018_TEAK_3_322000_4097000_image.tif","Tree",1,322000,322999.999,4097000,4097999.999
"2391",2478,322731.521,322735.352,4097632.093,4097636.768,"Silva","NEON_D17_TEAK_DP1_322000_4097000_classified_point_cloud_colorized.laz","2018_TEAK_3_322000_4097000_image.tif","Tree",1,322000,322999.999,4097000,4097999.999
"2392",2479,322898.57,322905.453,4097639.069,4097644.975,"Silva","NEON_D17_TEAK_DP1_322000_4097000_classified_point_cloud_colorized.laz","2018_TEAK_3_322000_4097000_image.tif","Tree",1,322000,322999.999,4097000,4097999.999
"2393",2480,322928.587,322932.28,4097642.117,4097647.169,"Silva","NEON_D17_TEAK_DP1_322000_4097000_classified_point_cloud_colorized.laz","2018_TEAK_3_322000_4097000_image.tif","Tree",1,322000,322999.999,4097000,4097999.999
"2394",2481,322925.085,322929.79,4097644.34,4097648.802,"Silva","NEON_D17_TEAK_DP1_322000_4097000_classified_point_cloud_colorized.laz","2018_TEAK_3_322000_4097000_image.tif","Tree",1,322000,322999.999,4097000,4097999.999
"2395",2482,322814.924,322820.995,4097639.816,4097645.596,"Silva","NEON_D17_TEAK_DP1_322000_4097000_classified_point_cloud_colorized.laz","2018_TEAK_3_322000_4097000_image.tif","Tree",1,322000,322999.999,4097000,4097999.999
"2396",2483,322984.543,322992.332,4097652.069,4097654.976,"Silva","NEON_D17_TEAK_DP1_322000_4097000_classified_point_cloud_colorized.laz","2018_TEAK_3_322000_4097000_image.tif","Tree",1,322000,322999.999,4097000,4097999.999
"2397",2484,322758.085,322769.193,4097637.553,4097645.493,"Silva","NEON_D17_TEAK_DP1_322000_4097000_classified_point_cloud_colorized.laz","2018_TEAK_3_322000_4097000_image.tif","Tree",1,322000,322999.999,4097000,4097999.999
"2398",2485,322770.043,322773.918,4097638.442,4097644.91,"Silva","NEON_D17_TEAK_DP1_322000_4097000_classified_point_cloud_colorized.laz","2018_TEAK_3_322000_4097000_image.tif","Tree",1,322000,322999.999,4097000,4097999.999
"2399",2486,322944.671,322945.136,4097651.273,4097652.45,"Silva","NEON_D17_TEAK_DP1_322000_4097000_classified_point_cloud_colorized.laz","2018_TEAK_3_322000_4097000_image.tif","Tree",1,322000,322999.999,4097000,4097999.999
"2400",2487,322934.924,322937.481,4097650.071,4097653.038,"Silva","NEON_D17_TEAK_DP1_322000_4097000_classified_point_cloud_colorized.laz","2018_TEAK_3_322000_4097000_image.tif","Tree",1,322000,322999.999,4097000,4097999.999
"2401",2488,322915.141,322922.411,4097646.203,4097652.42,"Silva","NEON_D17_TEAK_DP1_322000_4097000_classified_point_cloud_colorized.laz","2018_TEAK_3_322000_4097000_image.tif","Tree",1,322000,322999.999,4097000,4097999.999
"2402",2489,322875.147,322881.964,4097645.695,4097651.98,"Silva","NEON_D17_TEAK_DP1_322000_4097000_classified_point_cloud_colorized.laz","2018_TEAK_3_322000_4097000_image.tif","Tree",1,322000,322999.999,4097000,4097999.999
"2403",2490,322883.579,322887.827,4097648.007,4097650.877,"Silva","NEON_D17_TEAK_DP1_322000_4097000_classified_point_cloud_colorized.laz","2018_TEAK_3_322000_4097000_image.tif","Tree",1,322000,322999.999,4097000,4097999.999
"2404",2491,322715.948,322725.883,4097637.035,4097646,"Silva","NEON_D17_TEAK_DP1_322000_4097000_classified_point_cloud_colorized.laz","2018_TEAK_3_322000_4097000_image.tif","Tree",1,322000,322999.999,4097000,4097999.999
"2405",2492,322792.136,322796.884,4097644.257,4097649.949,"Silva","NEON_D17_TEAK_DP1_322000_4097000_classified_point_cloud_colorized.laz","2018_TEAK_3_322000_4097000_image.tif","Tree",1,322000,322999.999,4097000,4097999.999
"2406",2493,322603.247,322604.991,4097638.301,4097639.974,"Silva","NEON_D17_TEAK_DP1_322000_4097000_classified_point_cloud_colorized.laz","2018_TEAK_3_322000_4097000_image.tif","Tree",1,322000,322999.999,4097000,4097999.999
"2407",2494,322625.516,322627.285,4097639.181,4097640.894,"Silva","NEON_D17_TEAK_DP1_322000_4097000_classified_point_cloud_colorized.laz","2018_TEAK_3_322000_4097000_image.tif","Tree",1,322000,322999.999,4097000,4097999.999
"2408",2495,322755.575,322762.78,4097642.978,4097648.992,"Silva","NEON_D17_TEAK_DP1_322000_4097000_classified_point_cloud_colorized.laz","2018_TEAK_3_322000_4097000_image.tif","Tree",1,322000,322999.999,4097000,4097999.999
"2409",2496,322840.089,322845.991,4097646.508,4097652.977,"Silva","NEON_D17_TEAK_DP1_322000_4097000_classified_point_cloud_colorized.laz","2018_TEAK_3_322000_4097000_image.tif","Tree",1,322000,322999.999,4097000,4097999.999
"2410",2497,322907.088,322910.48,4097651.035,4097654.832,"Silva","NEON_D17_TEAK_DP1_322000_4097000_classified_point_cloud_colorized.laz","2018_TEAK_3_322000_4097000_image.tif","Tree",1,322000,322999.999,4097000,4097999.999
"2411",2498,322941.014,322942.36,4097654.575,4097656.476,"Silva","NEON_D17_TEAK_DP1_322000_4097000_classified_point_cloud_colorized.laz","2018_TEAK_3_322000_4097000_image.tif","Tree",1,322000,322999.999,4097000,4097999.999
"2412",2499,322864.069,322868.994,4097649.028,4097654.426,"Silva","NEON_D17_TEAK_DP1_322000_4097000_classified_point_cloud_colorized.laz","2018_TEAK_3_322000_4097000_image.tif","Tree",1,322000,322999.999,4097000,4097999.999
"2413",2501,322606.061,322607.911,4097640.522,4097642.943,"Silva","NEON_D17_TEAK_DP1_322000_4097000_classified_point_cloud_colorized.laz","2018_TEAK_3_322000_4097000_image.tif","Tree",1,322000,322999.999,4097000,4097999.999
"2414",2502,322781.518,322787.013,4097646.005,4097652.576,"Silva","NEON_D17_TEAK_DP1_322000_4097000_classified_point_cloud_colorized.laz","2018_TEAK_3_322000_4097000_image.tif","Tree",1,322000,322999.999,4097000,4097999.999
"2415",2503,322888.592,322894.673,4097654.156,4097660.966,"Silva","NEON_D17_TEAK_DP1_322000_4097000_classified_point_cloud_colorized.laz","2018_TEAK_3_322000_4097000_image.tif","Tree",1,322000,322999.999,4097000,4097999.999
"2416",2504,322784.647,322790.929,4097649.715,4097655.985,"Silva","NEON_D17_TEAK_DP1_322000_4097000_classified_point_cloud_colorized.laz","2018_TEAK_3_322000_4097000_image.tif","Tree",1,322000,322999.999,4097000,4097999.999
"2417",2505,322624.545,322627.485,4097644.545,4097647.49,"Silva","NEON_D17_TEAK_DP1_322000_4097000_classified_point_cloud_colorized.laz","2018_TEAK_3_322000_4097000_image.tif","Tree",1,322000,322999.999,4097000,4097999.999
"2418",2506,322718.073,322724.892,4097646.003,4097655.499,"Silva","NEON_D17_TEAK_DP1_322000_4097000_classified_point_cloud_colorized.laz","2018_TEAK_3_322000_4097000_image.tif","Tree",1,322000,322999.999,4097000,4097999.999
"2419",2507,322937.561,322939.383,4097660.054,4097661.943,"Silva","NEON_D17_TEAK_DP1_322000_4097000_classified_point_cloud_colorized.laz","2018_TEAK_3_322000_4097000_image.tif","Tree",1,322000,322999.999,4097000,4097999.999
"2420",2508,322675.601,322675.846,4097649.787,4097649.913,"Silva","NEON_D17_TEAK_DP1_322000_4097000_classified_point_cloud_colorized.laz","2018_TEAK_3_322000_4097000_image.tif","Tree",1,322000,322999.999,4097000,4097999.999
"2421",2509,322598.618,322603.489,4097642.533,4097649.259,"Silva","NEON_D17_TEAK_DP1_322000_4097000_classified_point_cloud_colorized.laz","2018_TEAK_3_322000_4097000_image.tif","Tree",1,322000,322999.999,4097000,4097999.999
"2422",2510,322581.51,322587.274,4097642.506,4097648.496,"Silva","NEON_D17_TEAK_DP1_322000_4097000_classified_point_cloud_colorized.laz","2018_TEAK_3_322000_4097000_image.tif","Tree",1,322000,322999.999,4097000,4097999.999
"2423",2511,322756.354,322762.237,4097651.099,4097657.861,"Silva","NEON_D17_TEAK_DP1_322000_4097000_classified_point_cloud_colorized.laz","2018_TEAK_3_322000_4097000_image.tif","Tree",1,322000,322999.999,4097000,4097999.999
"2424",2512,322983.086,322988.225,4097662.014,4097668.869,"Silva","NEON_D17_TEAK_DP1_322000_4097000_classified_point_cloud_colorized.laz","2018_TEAK_3_322000_4097000_image.tif","Tree",1,322000,322999.999,4097000,4097999.999
"2425",2513,322675.289,322675.989,4097653.603,4097653.987,"Silva","NEON_D17_TEAK_DP1_322000_4097000_classified_point_cloud_colorized.laz","2018_TEAK_3_322000_4097000_image.tif","Tree",1,322000,322999.999,4097000,4097999.999
"2426",2514,322891.45,322892.949,4097666.067,4097668.915,"Silva","NEON_D17_TEAK_DP1_322000_4097000_classified_point_cloud_colorized.laz","2018_TEAK_3_322000_4097000_image.tif","Tree",1,322000,322999.999,4097000,4097999.999
"2427",2516,322976.503,322983.419,4097667.012,4097674.462,"Silva","NEON_D17_TEAK_DP1_322000_4097000_classified_point_cloud_colorized.laz","2018_TEAK_3_322000_4097000_image.tif","Tree",1,322000,322999.999,4097000,4097999.999
"2428",2517,322591.526,322593.977,4097653.521,4097655.092,"Silva","NEON_D17_TEAK_DP1_322000_4097000_classified_point_cloud_colorized.laz","2018_TEAK_3_322000_4097000_image.tif","Tree",1,322000,322999.999,4097000,4097999.999
"2429",2518,322920.165,322921.312,4097669.045,4097670.462,"Silva","NEON_D17_TEAK_DP1_322000_4097000_classified_point_cloud_colorized.laz","2018_TEAK_3_322000_4097000_image.tif","Tree",1,322000,322999.999,4097000,4097999.999
"2430",2519,322983.125,322990.479,4097669.516,4097675.92,"Silva","NEON_D17_TEAK_DP1_322000_4097000_classified_point_cloud_colorized.laz","2018_TEAK_3_322000_4097000_image.tif","Tree",1,322000,322999.999,4097000,4097999.999
"2431",2520,322721.51,322726.098,4097659.166,4097663.131,"Silva","NEON_D17_TEAK_DP1_322000_4097000_classified_point_cloud_colorized.laz","2018_TEAK_3_322000_4097000_image.tif","Tree",1,322000,322999.999,4097000,4097999.999
"2432",2522,322956.879,322962.986,4097669.127,4097673.991,"Silva","NEON_D17_TEAK_DP1_322000_4097000_classified_point_cloud_colorized.laz","2018_TEAK_3_322000_4097000_image.tif","Tree",1,322000,322999.999,4097000,4097999.999
"2433",2523,322929.509,322930.992,4097672.338,4097674.969,"Silva","NEON_D17_TEAK_DP1_322000_4097000_classified_point_cloud_colorized.laz","2018_TEAK_3_322000_4097000_image.tif","Tree",1,322000,322999.999,4097000,4097999.999
"2434",2524,322694.067,322699.454,4097660.516,4097665.823,"Silva","NEON_D17_TEAK_DP1_322000_4097000_classified_point_cloud_colorized.laz","2018_TEAK_3_322000_4097000_image.tif","Tree",1,322000,322999.999,4097000,4097999.999
"2435",2525,322699.508,322703.805,4097659.504,4097666.771,"Silva","NEON_D17_TEAK_DP1_322000_4097000_classified_point_cloud_colorized.laz","2018_TEAK_3_322000_4097000_image.tif","Tree",1,322000,322999.999,4097000,4097999.999
"2436",2526,322960.012,322962.995,4097674.049,4097677.997,"Silva","NEON_D17_TEAK_DP1_322000_4097000_classified_point_cloud_colorized.laz","2018_TEAK_3_322000_4097000_image.tif","Tree",1,322000,322999.999,4097000,4097999.999
"2437",2527,322605.543,322606.881,4097660.023,4097660.51,"Silva","NEON_D17_TEAK_DP1_322000_4097000_classified_point_cloud_colorized.laz","2018_TEAK_3_322000_4097000_image.tif","Tree",1,322000,322999.999,4097000,4097999.999
"2438",2528,322687.554,322691.366,4097662.67,4097666.464,"Silva","NEON_D17_TEAK_DP1_322000_4097000_classified_point_cloud_colorized.laz","2018_TEAK_3_322000_4097000_image.tif","Tree",1,322000,322999.999,4097000,4097999.999
"2439",2529,322981.529,322987.999,4097675.133,4097682.529,"Silva","NEON_D17_TEAK_DP1_322000_4097000_classified_point_cloud_colorized.laz","2018_TEAK_3_322000_4097000_image.tif","Tree",1,322000,322999.999,4097000,4097999.999
"2440",2530,322913.517,322916.705,4097673.554,4097676.846,"Silva","NEON_D17_TEAK_DP1_322000_4097000_classified_point_cloud_colorized.laz","2018_TEAK_3_322000_4097000_image.tif","Tree",1,322000,322999.999,4097000,4097999.999
"2441",2531,322586.524,322587.407,4097660.263,4097661.459,"Silva","NEON_D17_TEAK_DP1_322000_4097000_classified_point_cloud_colorized.laz","2018_TEAK_3_322000_4097000_image.tif","Tree",1,322000,322999.999,4097000,4097999.999
"2442",2532,322677.13,322680.307,4097663.298,4097666.027,"Silva","NEON_D17_TEAK_DP1_322000_4097000_classified_point_cloud_colorized.laz","2018_TEAK_3_322000_4097000_image.tif","Tree",1,322000,322999.999,4097000,4097999.999
"2443",2533,322788.436,322795.474,4097667.519,4097673.692,"Silva","NEON_D17_TEAK_DP1_322000_4097000_classified_point_cloud_colorized.laz","2018_TEAK_3_322000_4097000_image.tif","Tree",1,322000,322999.999,4097000,4097999.999
"2444",2534,322951.044,322955.946,4097677.05,4097680.983,"Silva","NEON_D17_TEAK_DP1_322000_4097000_classified_point_cloud_colorized.laz","2018_TEAK_3_322000_4097000_image.tif","Tree",1,322000,322999.999,4097000,4097999.999
"2445",2535,322679.048,322681.715,4097666.09,4097668.297,"Silva","NEON_D17_TEAK_DP1_322000_4097000_classified_point_cloud_colorized.laz","2018_TEAK_3_322000_4097000_image.tif","Tree",1,322000,322999.999,4097000,4097999.999
"2446",2537,322640.002,322641.846,4097666.265,4097667.398,"Silva","NEON_D17_TEAK_DP1_322000_4097000_classified_point_cloud_colorized.laz","2018_TEAK_3_322000_4097000_image.tif","Tree",1,322000,322999.999,4097000,4097999.999
"2447",2538,322974.047,322980.974,4097679.552,4097685.446,"Silva","NEON_D17_TEAK_DP1_322000_4097000_classified_point_cloud_colorized.laz","2018_TEAK_3_322000_4097000_image.tif","Tree",1,322000,322999.999,4097000,4097999.999
"2448",2539,322955.008,322959.825,4097678.578,4097684.926,"Silva","NEON_D17_TEAK_DP1_322000_4097000_classified_point_cloud_colorized.laz","2018_TEAK_3_322000_4097000_image.tif","Tree",1,322000,322999.999,4097000,4097999.999
"2449",2540,322856.76,322862.429,4097675.568,4097680.982,"Silva","NEON_D17_TEAK_DP1_322000_4097000_classified_point_cloud_colorized.laz","2018_TEAK_3_322000_4097000_image.tif","Tree",1,322000,322999.999,4097000,4097999.999
"2450",2541,322948.178,322952.495,4097681.079,4097685.952,"Silva","NEON_D17_TEAK_DP1_322000_4097000_classified_point_cloud_colorized.laz","2018_TEAK_3_322000_4097000_image.tif","Tree",1,322000,322999.999,4097000,4097999.999
"2451",2542,322728.014,322734.963,4097669.233,4097677.262,"Silva","NEON_D17_TEAK_DP1_322000_4097000_classified_point_cloud_colorized.laz","2018_TEAK_3_322000_4097000_image.tif","Tree",1,322000,322999.999,4097000,4097999.999
"2452",2543,322686.217,322692.106,4097668.158,4097673.907,"Silva","NEON_D17_TEAK_DP1_322000_4097000_classified_point_cloud_colorized.laz","2018_TEAK_3_322000_4097000_image.tif","Tree",1,322000,322999.999,4097000,4097999.999
"2453",2544,322680.111,322683.327,4097671.923,4097674.647,"Silva","NEON_D17_TEAK_DP1_322000_4097000_classified_point_cloud_colorized.laz","2018_TEAK_3_322000_4097000_image.tif","Tree",1,322000,322999.999,4097000,4097999.999
"2454",2545,322740.588,322743.475,4097673.852,4097676.58,"Silva","NEON_D17_TEAK_DP1_322000_4097000_classified_point_cloud_colorized.laz","2018_TEAK_3_322000_4097000_image.tif","Tree",1,322000,322999.999,4097000,4097999.999
"2455",2546,322958.774,322960.971,4097686.528,4097688.97,"Silva","NEON_D17_TEAK_DP1_322000_4097000_classified_point_cloud_colorized.laz","2018_TEAK_3_322000_4097000_image.tif","Tree",1,322000,322999.999,4097000,4097999.999
"2456",2547,322609.515,322614.487,4097668.55,4097673.346,"Silva","NEON_D17_TEAK_DP1_322000_4097000_classified_point_cloud_colorized.laz","2018_TEAK_3_322000_4097000_image.tif","Tree",1,322000,322999.999,4097000,4097999.999
"2457",2548,322954.003,322957.429,4097686.648,4097689.956,"Silva","NEON_D17_TEAK_DP1_322000_4097000_classified_point_cloud_colorized.laz","2018_TEAK_3_322000_4097000_image.tif","Tree",1,322000,322999.999,4097000,4097999.999
"2458",2549,322851.118,322856.968,4097680.532,4097686.462,"Silva","NEON_D17_TEAK_DP1_322000_4097000_classified_point_cloud_colorized.laz","2018_TEAK_3_322000_4097000_image.tif","Tree",1,322000,322999.999,4097000,4097999.999
"2459",2550,322629.435,322632.994,4097672.026,4097674.438,"Silva","NEON_D17_TEAK_DP1_322000_4097000_classified_point_cloud_colorized.laz","2018_TEAK_3_322000_4097000_image.tif","Tree",1,322000,322999.999,4097000,4097999.999
"2460",2551,322966.089,322970.369,4097688.044,4097692.205,"Silva","NEON_D17_TEAK_DP1_322000_4097000_classified_point_cloud_colorized.laz","2018_TEAK_3_322000_4097000_image.tif","Tree",1,322000,322999.999,4097000,4097999.999
"2461",2552,322989.633,322995.921,4097688.547,4097695.49,"Silva","NEON_D17_TEAK_DP1_322000_4097000_classified_point_cloud_colorized.laz","2018_TEAK_3_322000_4097000_image.tif","Tree",1,322000,322999.999,4097000,4097999.999
"2462",2553,322913.104,322915.454,4097688.052,4097690.318,"Silva","NEON_D17_TEAK_DP1_322000_4097000_classified_point_cloud_colorized.laz","2018_TEAK_3_322000_4097000_image.tif","Tree",1,322000,322999.999,4097000,4097999.999
"2463",2554,322618.319,322624.993,4097671.161,4097678.398,"Silva","NEON_D17_TEAK_DP1_322000_4097000_classified_point_cloud_colorized.laz","2018_TEAK_3_322000_4097000_image.tif","Tree",1,322000,322999.999,4097000,4097999.999
"2464",2555,322897.686,322898.441,4097688.585,4097689.431,"Silva","NEON_D17_TEAK_DP1_322000_4097000_classified_point_cloud_colorized.laz","2018_TEAK_3_322000_4097000_image.tif","Tree",1,322000,322999.999,4097000,4097999.999
"2465",2556,322918.57,322920.975,4097688.715,4097691.471,"Silva","NEON_D17_TEAK_DP1_322000_4097000_classified_point_cloud_colorized.laz","2018_TEAK_3_322000_4097000_image.tif","Tree",1,322000,322999.999,4097000,4097999.999
"2466",2557,322944.41,322950.83,4097688.287,4097696.985,"Silva","NEON_D17_TEAK_DP1_322000_4097000_classified_point_cloud_colorized.laz","2018_TEAK_3_322000_4097000_image.tif","Tree",1,322000,322999.999,4097000,4097999.999
"2467",2558,322964.768,322969.467,4097692.104,4097695.909,"Silva","NEON_D17_TEAK_DP1_322000_4097000_classified_point_cloud_colorized.laz","2018_TEAK_3_322000_4097000_image.tif","Tree",1,322000,322999.999,4097000,4097999.999
"2468",2559,322997.21,322999.959,4097693.536,4097697.454,"Silva","NEON_D17_TEAK_DP1_322000_4097000_classified_point_cloud_colorized.laz","2018_TEAK_3_322000_4097000_image.tif","Tree",1,322000,322999.999,4097000,4097999.999
"2469",2560,322732.062,322733.94,4097681.703,4097684.489,"Silva","NEON_D17_TEAK_DP1_322000_4097000_classified_point_cloud_colorized.laz","2018_TEAK_3_322000_4097000_image.tif","Tree",1,322000,322999.999,4097000,4097999.999
"2470",2561,322885.337,322887.998,4097689.723,4097692.496,"Silva","NEON_D17_TEAK_DP1_322000_4097000_classified_point_cloud_colorized.laz","2018_TEAK_3_322000_4097000_image.tif","Tree",1,322000,322999.999,4097000,4097999.999
"2471",2562,322956.057,322963.114,4097692.001,4097698.461,"Silva","NEON_D17_TEAK_DP1_322000_4097000_classified_point_cloud_colorized.laz","2018_TEAK_3_322000_4097000_image.tif","Tree",1,322000,322999.999,4097000,4097999.999
"2472",2563,322938.68,322947.963,4097689.92,4097696.499,"Silva","NEON_D17_TEAK_DP1_322000_4097000_classified_point_cloud_colorized.laz","2018_TEAK_3_322000_4097000_image.tif","Tree",1,322000,322999.999,4097000,4097999.999
"2473",2565,322870.519,322875.975,4097688.018,4097693.204,"Silva","NEON_D17_TEAK_DP1_322000_4097000_classified_point_cloud_colorized.laz","2018_TEAK_3_322000_4097000_image.tif","Tree",1,322000,322999.999,4097000,4097999.999
"2474",2566,322887.611,322889.275,4097691.591,4097693.716,"Silva","NEON_D17_TEAK_DP1_322000_4097000_classified_point_cloud_colorized.laz","2018_TEAK_3_322000_4097000_image.tif","Tree",1,322000,322999.999,4097000,4097999.999
"2475",2567,322587.157,322590.266,4097674.57,4097675.899,"Silva","NEON_D17_TEAK_DP1_322000_4097000_classified_point_cloud_colorized.laz","2018_TEAK_3_322000_4097000_image.tif","Tree",1,322000,322999.999,4097000,4097999.999
"2476",2568,322612.559,322617.615,4097676.544,4097683.939,"Silva","NEON_D17_TEAK_DP1_322000_4097000_classified_point_cloud_colorized.laz","2018_TEAK_3_322000_4097000_image.tif","Tree",1,322000,322999.999,4097000,4097999.999
"2477",2569,322968.048,322972.707,4097698.115,4097701.896,"Silva","NEON_D17_TEAK_DP1_322000_4097000_classified_point_cloud_colorized.laz","2018_TEAK_3_322000_4097000_image.tif","Tree",1,322000,322999.999,4097000,4097999.999
"2478",2570,322938.583,322950.412,4097696.576,4097703.448,"Silva","NEON_D17_TEAK_DP1_322000_4097000_classified_point_cloud_colorized.laz","2018_TEAK_3_322000_4097000_image.tif","Tree",1,322000,322999.999,4097000,4097999.999
"2479",2571,322695.278,322702.388,4097683.294,4097690.832,"Silva","NEON_D17_TEAK_DP1_322000_4097000_classified_point_cloud_colorized.laz","2018_TEAK_3_322000_4097000_image.tif","Tree",1,322000,322999.999,4097000,4097999.999
"2480",2572,322966.586,322971.946,4097700.012,4097706.391,"Silva","NEON_D17_TEAK_DP1_322000_4097000_classified_point_cloud_colorized.laz","2018_TEAK_3_322000_4097000_image.tif","Tree",1,322000,322999.999,4097000,4097999.999
"2481",2573,322992.554,322998.455,4097700.001,4097708.813,"Silva","NEON_D17_TEAK_DP1_322000_4097000_classified_point_cloud_colorized.laz","2018_TEAK_3_322000_4097000_image.tif","Tree",1,322000,322999.999,4097000,4097999.999
"2482",2574,322776.093,322777.41,4097695.021,4097696.952,"Silva","NEON_D17_TEAK_DP1_322000_4097000_classified_point_cloud_colorized.laz","2018_TEAK_3_322000_4097000_image.tif","Tree",1,322000,322999.999,4097000,4097999.999
"2483",2575,322606.838,322610.498,4097684.36,4097688.413,"Silva","NEON_D17_TEAK_DP1_322000_4097000_classified_point_cloud_colorized.laz","2018_TEAK_3_322000_4097000_image.tif","Tree",1,322000,322999.999,4097000,4097999.999
"2484",2576,322610.515,322615.848,4097684.802,4097688.975,"Silva","NEON_D17_TEAK_DP1_322000_4097000_classified_point_cloud_colorized.laz","2018_TEAK_3_322000_4097000_image.tif","Tree",1,322000,322999.999,4097000,4097999.999
"2485",2577,322951.303,322951.849,4097705.526,4097706.481,"Silva","NEON_D17_TEAK_DP1_322000_4097000_classified_point_cloud_colorized.laz","2018_TEAK_3_322000_4097000_image.tif","Tree",1,322000,322999.999,4097000,4097999.999
"2486",2578,322996.126,322999.997,4097703.6,4097712.395,"Silva","NEON_D17_TEAK_DP1_322000_4097000_classified_point_cloud_colorized.laz","2018_TEAK_3_322000_4097000_image.tif","Tree",1,322000,322999.999,4097000,4097999.999
"2487",2579,322942.188,322944.449,4097703.587,4097707.296,"Silva","NEON_D17_TEAK_DP1_322000_4097000_classified_point_cloud_colorized.laz","2018_TEAK_3_322000_4097000_image.tif","Tree",1,322000,322999.999,4097000,4097999.999
"2488",2580,322739.112,322744.266,4097691.59,4097698.309,"Silva","NEON_D17_TEAK_DP1_322000_4097000_classified_point_cloud_colorized.laz","2018_TEAK_3_322000_4097000_image.tif","Tree",1,322000,322999.999,4097000,4097999.999
"2489",2581,322685.536,322692.978,4097688.793,4097695.671,"Silva","NEON_D17_TEAK_DP1_322000_4097000_classified_point_cloud_colorized.laz","2018_TEAK_3_322000_4097000_image.tif","Tree",1,322000,322999.999,4097000,4097999.999
"2490",2582,322899.549,322904.904,4097701.559,4097706.414,"Silva","NEON_D17_TEAK_DP1_322000_4097000_classified_point_cloud_colorized.laz","2018_TEAK_3_322000_4097000_image.tif","Tree",1,322000,322999.999,4097000,4097999.999
"2491",2583,322778.564,322782.989,4097696.635,4097701.497,"Silva","NEON_D17_TEAK_DP1_322000_4097000_classified_point_cloud_colorized.laz","2018_TEAK_3_322000_4097000_image.tif","Tree",1,322000,322999.999,4097000,4097999.999
"2492",2584,322915.713,322920.923,4097704.169,4097709.327,"Silva","NEON_D17_TEAK_DP1_322000_4097000_classified_point_cloud_colorized.laz","2018_TEAK_3_322000_4097000_image.tif","Tree",1,322000,322999.999,4097000,4097999.999
"2493",2585,322637.074,322638.86,4097691.07,4097693.84,"Silva","NEON_D17_TEAK_DP1_322000_4097000_classified_point_cloud_colorized.laz","2018_TEAK_3_322000_4097000_image.tif","Tree",1,322000,322999.999,4097000,4097999.999
"2494",2586,322902.564,322907.067,4097704.538,4097709.76,"Silva","NEON_D17_TEAK_DP1_322000_4097000_classified_point_cloud_colorized.laz","2018_TEAK_3_322000_4097000_image.tif","Tree",1,322000,322999.999,4097000,4097999.999
"2495",2587,322958.067,322961.259,4097709.584,4097712.822,"Silva","NEON_D17_TEAK_DP1_322000_4097000_classified_point_cloud_colorized.laz","2018_TEAK_3_322000_4097000_image.tif","Tree",1,322000,322999.999,4097000,4097999.999
"2496",2588,322981.234,322988.375,4097705.677,4097715.209,"Silva","NEON_D17_TEAK_DP1_322000_4097000_classified_point_cloud_colorized.laz","2018_TEAK_3_322000_4097000_image.tif","Tree",1,322000,322999.999,4097000,4097999.999
"2497",2589,322706.247,322706.272,4097696.143,4097696.5,"Silva","NEON_D17_TEAK_DP1_322000_4097000_classified_point_cloud_colorized.laz","2018_TEAK_3_322000_4097000_image.tif","Tree",1,322000,322999.999,4097000,4097999.999
"2498",2590,322921.503,322924.165,4097710.048,4097712.097,"Silva","NEON_D17_TEAK_DP1_322000_4097000_classified_point_cloud_colorized.laz","2018_TEAK_3_322000_4097000_image.tif","Tree",1,322000,322999.999,4097000,4097999.999
"2499",2591,322591.519,322599.75,4097688.569,4097696.998,"Silva","NEON_D17_TEAK_DP1_322000_4097000_classified_point_cloud_colorized.laz","2018_TEAK_3_322000_4097000_image.tif","Tree",1,322000,322999.999,4097000,4097999.999
"2500",2592,322620.073,322625.41,4097693.042,4097696.59,"Silva","NEON_D17_TEAK_DP1_322000_4097000_classified_point_cloud_colorized.laz","2018_TEAK_3_322000_4097000_image.tif","Tree",1,322000,322999.999,4097000,4097999.999
"2501",2593,322950.581,322952.773,4097713.083,4097715.492,"Silva","NEON_D17_TEAK_DP1_322000_4097000_classified_point_cloud_colorized.laz","2018_TEAK_3_322000_4097000_image.tif","Tree",1,322000,322999.999,4097000,4097999.999
"2502",2594,322994.052,322999.949,4097712.526,4097718.835,"Silva","NEON_D17_TEAK_DP1_322000_4097000_classified_point_cloud_colorized.laz","2018_TEAK_3_322000_4097000_image.tif","Tree",1,322000,322999.999,4097000,4097999.999
"2503",2595,322905.118,322908.996,4097710.128,4097712.886,"Silva","NEON_D17_TEAK_DP1_322000_4097000_classified_point_cloud_colorized.laz","2018_TEAK_3_322000_4097000_image.tif","Tree",1,322000,322999.999,4097000,4097999.999
"2504",2596,322967.614,322977.432,4097710.103,4097719.81,"Silva","NEON_D17_TEAK_DP1_322000_4097000_classified_point_cloud_colorized.laz","2018_TEAK_3_322000_4097000_image.tif","Tree",1,322000,322999.999,4097000,4097999.999
"2505",2597,322681.31,322688.944,4097696.521,4097704.251,"Silva","NEON_D17_TEAK_DP1_322000_4097000_classified_point_cloud_colorized.laz","2018_TEAK_3_322000_4097000_image.tif","Tree",1,322000,322999.999,4097000,4097999.999
"2506",2598,322576.513,322584.449,4097690.527,4097698.937,"Silva","NEON_D17_TEAK_DP1_322000_4097000_classified_point_cloud_colorized.laz","2018_TEAK_3_322000_4097000_image.tif","Tree",1,322000,322999.999,4097000,4097999.999
"2507",2599,322615.099,322618.766,4097695.786,4097699.488,"Silva","NEON_D17_TEAK_DP1_322000_4097000_classified_point_cloud_colorized.laz","2018_TEAK_3_322000_4097000_image.tif","Tree",1,322000,322999.999,4097000,4097999.999
"2508",2600,322588.534,322596.7,4097692.852,4097700.778,"Silva","NEON_D17_TEAK_DP1_322000_4097000_classified_point_cloud_colorized.laz","2018_TEAK_3_322000_4097000_image.tif","Tree",1,322000,322999.999,4097000,4097999.999
"2509",2601,322618.672,322622.952,4097697.147,4097703.47,"Silva","NEON_D17_TEAK_DP1_322000_4097000_classified_point_cloud_colorized.laz","2018_TEAK_3_322000_4097000_image.tif","Tree",1,322000,322999.999,4097000,4097999.999
"2510",2602,322611.063,322615.439,4097698.139,4097701.428,"Silva","NEON_D17_TEAK_DP1_322000_4097000_classified_point_cloud_colorized.laz","2018_TEAK_3_322000_4097000_image.tif","Tree",1,322000,322999.999,4097000,4097999.999
"2511",2603,322742.761,322748.346,4097706.001,4097711.275,"Silva","NEON_D17_TEAK_DP1_322000_4097000_classified_point_cloud_colorized.laz","2018_TEAK_3_322000_4097000_image.tif","Tree",1,322000,322999.999,4097000,4097999.999
"2512",2604,322627.033,322631.278,4097699.702,4097704.488,"Silva","NEON_D17_TEAK_DP1_322000_4097000_classified_point_cloud_colorized.laz","2018_TEAK_3_322000_4097000_image.tif","Tree",1,322000,322999.999,4097000,4097999.999
"2513",2605,322615.524,322619.468,4097700.594,4097704.467,"Silva","NEON_D17_TEAK_DP1_322000_4097000_classified_point_cloud_colorized.laz","2018_TEAK_3_322000_4097000_image.tif","Tree",1,322000,322999.999,4097000,4097999.999
"2514",2606,322658.549,322665.922,4097700.039,4097707.406,"Silva","NEON_D17_TEAK_DP1_322000_4097000_classified_point_cloud_colorized.laz","2018_TEAK_3_322000_4097000_image.tif","Tree",1,322000,322999.999,4097000,4097999.999
"2515",2607,322889.157,322892.758,4097717.1,4097721.413,"Silva","NEON_D17_TEAK_DP1_322000_4097000_classified_point_cloud_colorized.laz","2018_TEAK_3_322000_4097000_image.tif","Tree",1,322000,322999.999,4097000,4097999.999
"2516",2608,322652.167,322658.978,4097699.58,4097709,"Silva","NEON_D17_TEAK_DP1_322000_4097000_classified_point_cloud_colorized.laz","2018_TEAK_3_322000_4097000_image.tif","Tree",1,322000,322999.999,4097000,4097999.999
"2517",2609,322607.071,322611.926,4097698.505,4097706.769,"Silva","NEON_D17_TEAK_DP1_322000_4097000_classified_point_cloud_colorized.laz","2018_TEAK_3_322000_4097000_image.tif","Tree",1,322000,322999.999,4097000,4097999.999
"2518",2610,322598.058,322605.491,4097698.517,4097705.372,"Silva","NEON_D17_TEAK_DP1_322000_4097000_classified_point_cloud_colorized.laz","2018_TEAK_3_322000_4097000_image.tif","Tree",1,322000,322999.999,4097000,4097999.999
"2519",2611,322684.548,322691.363,4097703.612,4097707.579,"Silva","NEON_D17_TEAK_DP1_322000_4097000_classified_point_cloud_colorized.laz","2018_TEAK_3_322000_4097000_image.tif","Tree",1,322000,322999.999,4097000,4097999.999
"2520",2612,322983.079,322985.937,4097724.262,4097728.78,"Silva","NEON_D17_TEAK_DP1_322000_4097000_classified_point_cloud_colorized.laz","2018_TEAK_3_322000_4097000_image.tif","Tree",1,322000,322999.999,4097000,4097999.999
"2521",2613,322854.526,322860.462,4097715.127,4097720.998,"Silva","NEON_D17_TEAK_DP1_322000_4097000_classified_point_cloud_colorized.laz","2018_TEAK_3_322000_4097000_image.tif","Tree",1,322000,322999.999,4097000,4097999.999
"2522",2614,322611.359,322617.981,4097702.089,4097707.743,"Silva","NEON_D17_TEAK_DP1_322000_4097000_classified_point_cloud_colorized.laz","2018_TEAK_3_322000_4097000_image.tif","Tree",1,322000,322999.999,4097000,4097999.999
"2523",2615,322603.079,322607.451,4097699.672,4097705.358,"Silva","NEON_D17_TEAK_DP1_322000_4097000_classified_point_cloud_colorized.laz","2018_TEAK_3_322000_4097000_image.tif","Tree",1,322000,322999.999,4097000,4097999.999
"2524",2616,322702.161,322713.489,4097704.013,4097714.986,"Silva","NEON_D17_TEAK_DP1_322000_4097000_classified_point_cloud_colorized.laz","2018_TEAK_3_322000_4097000_image.tif","Tree",1,322000,322999.999,4097000,4097999.999
"2525",2617,322913.131,322922.273,4097717.338,4097727.409,"Silva","NEON_D17_TEAK_DP1_322000_4097000_classified_point_cloud_colorized.laz","2018_TEAK_3_322000_4097000_image.tif","Tree",1,322000,322999.999,4097000,4097999.999
"2526",2618,322950.11,322958.973,4097720.577,4097730.891,"Silva","NEON_D17_TEAK_DP1_322000_4097000_classified_point_cloud_colorized.laz","2018_TEAK_3_322000_4097000_image.tif","Tree",1,322000,322999.999,4097000,4097999.999
"2527",2619,322830.126,322838.994,4097714.599,4097722.393,"Silva","NEON_D17_TEAK_DP1_322000_4097000_classified_point_cloud_colorized.laz","2018_TEAK_3_322000_4097000_image.tif","Tree",1,322000,322999.999,4097000,4097999.999
"2528",2620,322790.526,322796.448,4097713.175,4097718.938,"Silva","NEON_D17_TEAK_DP1_322000_4097000_classified_point_cloud_colorized.laz","2018_TEAK_3_322000_4097000_image.tif","Tree",1,322000,322999.999,4097000,4097999.999
"2529",2621,322585.006,322593.437,4097700.013,4097706.499,"Silva","NEON_D17_TEAK_DP1_322000_4097000_classified_point_cloud_colorized.laz","2018_TEAK_3_322000_4097000_image.tif","Tree",1,322000,322999.999,4097000,4097999.999
"2530",2622,322572.541,322578.984,4097698.045,4097704.998,"Silva","NEON_D17_TEAK_DP1_322000_4097000_classified_point_cloud_colorized.laz","2018_TEAK_3_322000_4097000_image.tif","Tree",1,322000,322999.999,4097000,4097999.999
"2531",2623,322627.301,322632.839,4097705.381,4097709.955,"Silva","NEON_D17_TEAK_DP1_322000_4097000_classified_point_cloud_colorized.laz","2018_TEAK_3_322000_4097000_image.tif","Tree",1,322000,322999.999,4097000,4097999.999
"2532",2624,322988.102,322991.424,4097727.003,4097730.392,"Silva","NEON_D17_TEAK_DP1_322000_4097000_classified_point_cloud_colorized.laz","2018_TEAK_3_322000_4097000_image.tif","Tree",1,322000,322999.999,4097000,4097999.999
"2533",2625,322958.221,322967.556,4097721.053,4097730.985,"Silva","NEON_D17_TEAK_DP1_322000_4097000_classified_point_cloud_colorized.laz","2018_TEAK_3_322000_4097000_image.tif","Tree",1,322000,322999.999,4097000,4097999.999
"2534",2626,322747.112,322753.862,4097712.059,4097718.368,"Silva","NEON_D17_TEAK_DP1_322000_4097000_classified_point_cloud_colorized.laz","2018_TEAK_3_322000_4097000_image.tif","Tree",1,322000,322999.999,4097000,4097999.999
"2535",2627,322617.101,322623.954,4097703.519,4097711.449,"Silva","NEON_D17_TEAK_DP1_322000_4097000_classified_point_cloud_colorized.laz","2018_TEAK_3_322000_4097000_image.tif","Tree",1,322000,322999.999,4097000,4097999.999
"2536",2628,322824.72,322828.101,4097719.116,4097723.44,"Silva","NEON_D17_TEAK_DP1_322000_4097000_classified_point_cloud_colorized.laz","2018_TEAK_3_322000_4097000_image.tif","Tree",1,322000,322999.999,4097000,4097999.999
"2537",2629,322959.064,322968.484,4097726.216,4097732.419,"Silva","NEON_D17_TEAK_DP1_322000_4097000_classified_point_cloud_colorized.laz","2018_TEAK_3_322000_4097000_image.tif","Tree",1,322000,322999.999,4097000,4097999.999
"2538",2630,322621.629,322627.998,4097705.035,4097711.987,"Silva","NEON_D17_TEAK_DP1_322000_4097000_classified_point_cloud_colorized.laz","2018_TEAK_3_322000_4097000_image.tif","Tree",1,322000,322999.999,4097000,4097999.999
"2539",2631,322891.015,322899.43,4097722.506,4097730.438,"Silva","NEON_D17_TEAK_DP1_322000_4097000_classified_point_cloud_colorized.laz","2018_TEAK_3_322000_4097000_image.tif","Tree",1,322000,322999.999,4097000,4097999.999
"2540",2632,322924.679,322932.424,4097724.05,4097731.97,"Silva","NEON_D17_TEAK_DP1_322000_4097000_classified_point_cloud_colorized.laz","2018_TEAK_3_322000_4097000_image.tif","Tree",1,322000,322999.999,4097000,4097999.999
"2541",2633,322868.004,322872.932,4097722.029,4097728.481,"Silva","NEON_D17_TEAK_DP1_322000_4097000_classified_point_cloud_colorized.laz","2018_TEAK_3_322000_4097000_image.tif","Tree",1,322000,322999.999,4097000,4097999.999
"2542",2634,322843.325,322849.848,4097719.564,4097727.367,"Silva","NEON_D17_TEAK_DP1_322000_4097000_classified_point_cloud_colorized.laz","2018_TEAK_3_322000_4097000_image.tif","Tree",1,322000,322999.999,4097000,4097999.999
"2543",2635,322762.5,322769.684,4097715.097,4097721.498,"Silva","NEON_D17_TEAK_DP1_322000_4097000_classified_point_cloud_colorized.laz","2018_TEAK_3_322000_4097000_image.tif","Tree",1,322000,322999.999,4097000,4097999.999
"2544",2636,322573.003,322579.499,4097704.566,4097708.963,"Silva","NEON_D17_TEAK_DP1_322000_4097000_classified_point_cloud_colorized.laz","2018_TEAK_3_322000_4097000_image.tif","Tree",1,322000,322999.999,4097000,4097999.999
"2545",2637,322834.059,322839.381,4097721.213,4097727.48,"Silva","NEON_D17_TEAK_DP1_322000_4097000_classified_point_cloud_colorized.laz","2018_TEAK_3_322000_4097000_image.tif","Tree",1,322000,322999.999,4097000,4097999.999
"2546",2638,322590.149,322595.499,4097705.133,4097710.379,"Silva","NEON_D17_TEAK_DP1_322000_4097000_classified_point_cloud_colorized.laz","2018_TEAK_3_322000_4097000_image.tif","Tree",1,322000,322999.999,4097000,4097999.999
"2547",2639,322921.294,322925.453,4097730.24,4097734.904,"Silva","NEON_D17_TEAK_DP1_322000_4097000_classified_point_cloud_colorized.laz","2018_TEAK_3_322000_4097000_image.tif","Tree",1,322000,322999.999,4097000,4097999.999
"2548",2640,322724.097,322731.371,4097716.017,4097721.943,"Silva","NEON_D17_TEAK_DP1_322000_4097000_classified_point_cloud_colorized.laz","2018_TEAK_3_322000_4097000_image.tif","Tree",1,322000,322999.999,4097000,4097999.999
"2549",2641,322643.649,322644.168,4097711.579,4097711.781,"Silva","NEON_D17_TEAK_DP1_322000_4097000_classified_point_cloud_colorized.laz","2018_TEAK_3_322000_4097000_image.tif","Tree",1,322000,322999.999,4097000,4097999.999
"2550",2642,322911.059,322916.917,4097727.537,4097732.992,"Silva","NEON_D17_TEAK_DP1_322000_4097000_classified_point_cloud_colorized.laz","2018_TEAK_3_322000_4097000_image.tif","Tree",1,322000,322999.999,4097000,4097999.999
"2551",2643,322934.126,322938.999,4097732.004,4097736.174,"Silva","NEON_D17_TEAK_DP1_322000_4097000_classified_point_cloud_colorized.laz","2018_TEAK_3_322000_4097000_image.tif","Tree",1,322000,322999.999,4097000,4097999.999
"2552",2644,322878.613,322885.887,4097728.57,4097735.658,"Silva","NEON_D17_TEAK_DP1_322000_4097000_classified_point_cloud_colorized.laz","2018_TEAK_3_322000_4097000_image.tif","Tree",1,322000,322999.999,4097000,4097999.999
"2553",2645,322818.697,322820.491,4097727.513,4097729.913,"Silva","NEON_D17_TEAK_DP1_322000_4097000_classified_point_cloud_colorized.laz","2018_TEAK_3_322000_4097000_image.tif","Tree",1,322000,322999.999,4097000,4097999.999
"2554",2646,322599.07,322605.375,4097712.215,4097718.419,"Silva","NEON_D17_TEAK_DP1_322000_4097000_classified_point_cloud_colorized.laz","2018_TEAK_3_322000_4097000_image.tif","Tree",1,322000,322999.999,4097000,4097999.999
"2555",2647,322656.027,322662.453,4097715.362,4097723.796,"Silva","NEON_D17_TEAK_DP1_322000_4097000_classified_point_cloud_colorized.laz","2018_TEAK_3_322000_4097000_image.tif","Tree",1,322000,322999.999,4097000,4097999.999
"2556",2648,322701.547,322706.865,4097717.028,4097726.828,"Silva","NEON_D17_TEAK_DP1_322000_4097000_classified_point_cloud_colorized.laz","2018_TEAK_3_322000_4097000_image.tif","Tree",1,322000,322999.999,4097000,4097999.999
"2557",2650,322920.09,322923.449,4097735.201,4097739.116,"Silva","NEON_D17_TEAK_DP1_322000_4097000_classified_point_cloud_colorized.laz","2018_TEAK_3_322000_4097000_image.tif","Tree",1,322000,322999.999,4097000,4097999.999
"2558",2651,322573.092,322581.949,4097712.506,4097718.998,"Silva","NEON_D17_TEAK_DP1_322000_4097000_classified_point_cloud_colorized.laz","2018_TEAK_3_322000_4097000_image.tif","Tree",1,322000,322999.999,4097000,4097999.999
"2559",2652,322862.114,322866.305,4097731.754,4097736.801,"Silva","NEON_D17_TEAK_DP1_322000_4097000_classified_point_cloud_colorized.laz","2018_TEAK_3_322000_4097000_image.tif","Tree",1,322000,322999.999,4097000,4097999.999
"2560",2653,322640.267,322644.993,4097720.539,4097723.969,"Silva","NEON_D17_TEAK_DP1_322000_4097000_classified_point_cloud_colorized.laz","2018_TEAK_3_322000_4097000_image.tif","Tree",1,322000,322999.999,4097000,4097999.999
"2561",2654,322624.501,322631.498,4097715.002,4097723.711,"Silva","NEON_D17_TEAK_DP1_322000_4097000_classified_point_cloud_colorized.laz","2018_TEAK_3_322000_4097000_image.tif","Tree",1,322000,322999.999,4097000,4097999.999
"2562",2655,322563.502,322569.487,4097711.537,4097718.931,"Silva","NEON_D17_TEAK_DP1_322000_4097000_classified_point_cloud_colorized.laz","2018_TEAK_3_322000_4097000_image.tif","Tree",1,322000,322999.999,4097000,4097999.999
"2563",2656,322732.049,322740.285,4097720.128,4097731.169,"Silva","NEON_D17_TEAK_DP1_322000_4097000_classified_point_cloud_colorized.laz","2018_TEAK_3_322000_4097000_image.tif","Tree",1,322000,322999.999,4097000,4097999.999
"2564",2657,322912.065,322918.412,4097735.529,4097741.308,"Silva","NEON_D17_TEAK_DP1_322000_4097000_classified_point_cloud_colorized.laz","2018_TEAK_3_322000_4097000_image.tif","Tree",1,322000,322999.999,4097000,4097999.999
"2565",2658,322579.632,322587.99,4097713.093,4097721.99,"Silva","NEON_D17_TEAK_DP1_322000_4097000_classified_point_cloud_colorized.laz","2018_TEAK_3_322000_4097000_image.tif","Tree",1,322000,322999.999,4097000,4097999.999
"2566",2659,322567.751,322574.994,4097711.548,4097719.993,"Silva","NEON_D17_TEAK_DP1_322000_4097000_classified_point_cloud_colorized.laz","2018_TEAK_3_322000_4097000_image.tif","Tree",1,322000,322999.999,4097000,4097999.999
"2567",2660,322620.651,322627.962,4097716.049,4097723.998,"Silva","NEON_D17_TEAK_DP1_322000_4097000_classified_point_cloud_colorized.laz","2018_TEAK_3_322000_4097000_image.tif","Tree",1,322000,322999.999,4097000,4097999.999
"2568",2661,322714.5,322722.462,4097724.51,4097732.251,"Silva","NEON_D17_TEAK_DP1_322000_4097000_classified_point_cloud_colorized.laz","2018_TEAK_3_322000_4097000_image.tif","Tree",1,322000,322999.999,4097000,4097999.999
"2569",2662,322764.544,322769.391,4097729.193,4097733.619,"Silva","NEON_D17_TEAK_DP1_322000_4097000_classified_point_cloud_colorized.laz","2018_TEAK_3_322000_4097000_image.tif","Tree",1,322000,322999.999,4097000,4097999.999
"2570",2663,322748.529,322754.303,4097728.13,4097734.161,"Silva","NEON_D17_TEAK_DP1_322000_4097000_classified_point_cloud_colorized.laz","2018_TEAK_3_322000_4097000_image.tif","Tree",1,322000,322999.999,4097000,4097999.999
"2571",2664,322600.508,322608.372,4097720.013,4097724.823,"Silva","NEON_D17_TEAK_DP1_322000_4097000_classified_point_cloud_colorized.laz","2018_TEAK_3_322000_4097000_image.tif","Tree",1,322000,322999.999,4097000,4097999.999
"2572",2665,322648.591,322656.727,4097718.204,4097728.43,"Silva","NEON_D17_TEAK_DP1_322000_4097000_classified_point_cloud_colorized.laz","2018_TEAK_3_322000_4097000_image.tif","Tree",1,322000,322999.999,4097000,4097999.999
"2573",2666,322888.061,322891.45,4097739.527,4097743.206,"Silva","NEON_D17_TEAK_DP1_322000_4097000_classified_point_cloud_colorized.laz","2018_TEAK_3_322000_4097000_image.tif","Tree",1,322000,322999.999,4097000,4097999.999
"2574",2667,322981.04,322982.084,4097747.216,4097751.314,"Silva","NEON_D17_TEAK_DP1_322000_4097000_classified_point_cloud_colorized.laz","2018_TEAK_3_322000_4097000_image.tif","Tree",1,322000,322999.999,4097000,4097999.999
"2575",2668,322908.502,322912.825,4097740.107,4097745.978,"Silva","NEON_D17_TEAK_DP1_322000_4097000_classified_point_cloud_colorized.laz","2018_TEAK_3_322000_4097000_image.tif","Tree",1,322000,322999.999,4097000,4097999.999
"2576",2669,322593.13,322600.352,4097719.02,4097725.817,"Silva","NEON_D17_TEAK_DP1_322000_4097000_classified_point_cloud_colorized.laz","2018_TEAK_3_322000_4097000_image.tif","Tree",1,322000,322999.999,4097000,4097999.999
"2577",2670,322929.725,322934.468,4097744.004,4097748.492,"Silva","NEON_D17_TEAK_DP1_322000_4097000_classified_point_cloud_colorized.laz","2018_TEAK_3_322000_4097000_image.tif","Tree",1,322000,322999.999,4097000,4097999.999
"2578",2671,322769.628,322771.463,4097735.091,4097737.763,"Silva","NEON_D17_TEAK_DP1_322000_4097000_classified_point_cloud_colorized.laz","2018_TEAK_3_322000_4097000_image.tif","Tree",1,322000,322999.999,4097000,4097999.999
"2579",2672,322852.517,322858.967,4097738.289,4097744.816,"Silva","NEON_D17_TEAK_DP1_322000_4097000_classified_point_cloud_colorized.laz","2018_TEAK_3_322000_4097000_image.tif","Tree",1,322000,322999.999,4097000,4097999.999
"2580",2673,322934.071,322938.775,4097746.045,4097751.44,"Silva","NEON_D17_TEAK_DP1_322000_4097000_classified_point_cloud_colorized.laz","2018_TEAK_3_322000_4097000_image.tif","Tree",1,322000,322999.999,4097000,4097999.999
"2581",2674,322802.758,322811.46,4097734.017,4097742.403,"Silva","NEON_D17_TEAK_DP1_322000_4097000_classified_point_cloud_colorized.laz","2018_TEAK_3_322000_4097000_image.tif","Tree",1,322000,322999.999,4097000,4097999.999
"2582",2675,322697.376,322706.351,4097727.515,4097736.386,"Silva","NEON_D17_TEAK_DP1_322000_4097000_classified_point_cloud_colorized.laz","2018_TEAK_3_322000_4097000_image.tif","Tree",1,322000,322999.999,4097000,4097999.999
"2583",2676,322568.672,322575.965,4097720.009,4097727.442,"Silva","NEON_D17_TEAK_DP1_322000_4097000_classified_point_cloud_colorized.laz","2018_TEAK_3_322000_4097000_image.tif","Tree",1,322000,322999.999,4097000,4097999.999
"2584",2677,322596.647,322602.906,4097722.39,4097728.433,"Silva","NEON_D17_TEAK_DP1_322000_4097000_classified_point_cloud_colorized.laz","2018_TEAK_3_322000_4097000_image.tif","Tree",1,322000,322999.999,4097000,4097999.999
"2585",2678,322578.509,322588.457,4097721.065,4097729.499,"Silva","NEON_D17_TEAK_DP1_322000_4097000_classified_point_cloud_colorized.laz","2018_TEAK_3_322000_4097000_image.tif","Tree",1,322000,322999.999,4097000,4097999.999
"2586",2679,322836.005,322843.393,4097739.802,4097745.961,"Silva","NEON_D17_TEAK_DP1_322000_4097000_classified_point_cloud_colorized.laz","2018_TEAK_3_322000_4097000_image.tif","Tree",1,322000,322999.999,4097000,4097999.999
"2587",2680,322602.058,322609.963,4097724.617,4097732.887,"Silva","NEON_D17_TEAK_DP1_322000_4097000_classified_point_cloud_colorized.laz","2018_TEAK_3_322000_4097000_image.tif","Tree",1,322000,322999.999,4097000,4097999.999
"2588",2681,322562.001,322568.985,4097724.532,4097730.34,"Silva","NEON_D17_TEAK_DP1_322000_4097000_classified_point_cloud_colorized.laz","2018_TEAK_3_322000_4097000_image.tif","Tree",1,322000,322999.999,4097000,4097999.999
"2589",2682,322702.586,322712.914,4097732.05,4097742.825,"Silva","NEON_D17_TEAK_DP1_322000_4097000_classified_point_cloud_colorized.laz","2018_TEAK_3_322000_4097000_image.tif","Tree",1,322000,322999.999,4097000,4097999.999
"2590",2683,322744.169,322747.824,4097738.299,4097741.306,"Silva","NEON_D17_TEAK_DP1_322000_4097000_classified_point_cloud_colorized.laz","2018_TEAK_3_322000_4097000_image.tif","Tree",1,322000,322999.999,4097000,4097999.999
"2591",2684,322817.476,322824.972,4097742.034,4097748.965,"Silva","NEON_D17_TEAK_DP1_322000_4097000_classified_point_cloud_colorized.laz","2018_TEAK_3_322000_4097000_image.tif","Tree",1,322000,322999.999,4097000,4097999.999
"2592",2685,322787.097,322793.993,4097739.518,4097746.43,"Silva","NEON_D17_TEAK_DP1_322000_4097000_classified_point_cloud_colorized.laz","2018_TEAK_3_322000_4097000_image.tif","Tree",1,322000,322999.999,4097000,4097999.999
"2593",2686,322722.057,322728.893,4097733.997,4097742.656,"Silva","NEON_D17_TEAK_DP1_322000_4097000_classified_point_cloud_colorized.laz","2018_TEAK_3_322000_4097000_image.tif","Tree",1,322000,322999.999,4097000,4097999.999
"2594",2687,322716.004,322721.904,4097734.243,4097741.411,"Silva","NEON_D17_TEAK_DP1_322000_4097000_classified_point_cloud_colorized.laz","2018_TEAK_3_322000_4097000_image.tif","Tree",1,322000,322999.999,4097000,4097999.999
"2595",2688,322639.636,322642.357,4097730.244,4097734.3,"Silva","NEON_D17_TEAK_DP1_322000_4097000_classified_point_cloud_colorized.laz","2018_TEAK_3_322000_4097000_image.tif","Tree",1,322000,322999.999,4097000,4097999.999
"2596",2689,322754.106,322762.313,4097736.012,4097743.925,"Silva","NEON_D17_TEAK_DP1_322000_4097000_classified_point_cloud_colorized.laz","2018_TEAK_3_322000_4097000_image.tif","Tree",1,322000,322999.999,4097000,4097999.999
"2597",2690,322711.031,322717.757,4097734.874,4097742,"Silva","NEON_D17_TEAK_DP1_322000_4097000_classified_point_cloud_colorized.laz","2018_TEAK_3_322000_4097000_image.tif","Tree",1,322000,322999.999,4097000,4097999.999
"2598",2691,322655.501,322660.461,4097733.042,4097738.105,"Silva","NEON_D17_TEAK_DP1_322000_4097000_classified_point_cloud_colorized.laz","2018_TEAK_3_322000_4097000_image.tif","Tree",1,322000,322999.999,4097000,4097999.999
"2599",2692,322741.568,322746.467,4097739.587,4097744.988,"Silva","NEON_D17_TEAK_DP1_322000_4097000_classified_point_cloud_colorized.laz","2018_TEAK_3_322000_4097000_image.tif","Tree",1,322000,322999.999,4097000,4097999.999
"2600",2693,322667.155,322673.313,4097735.21,4097740.979,"Silva","NEON_D17_TEAK_DP1_322000_4097000_classified_point_cloud_colorized.laz","2018_TEAK_3_322000_4097000_image.tif","Tree",1,322000,322999.999,4097000,4097999.999
"2601",2694,322629.319,322634.788,4097732.879,4097737.859,"Silva","NEON_D17_TEAK_DP1_322000_4097000_classified_point_cloud_colorized.laz","2018_TEAK_3_322000_4097000_image.tif","Tree",1,322000,322999.999,4097000,4097999.999
"2602",2695,322608.543,322616.965,4097730.526,4097738.657,"Silva","NEON_D17_TEAK_DP1_322000_4097000_classified_point_cloud_colorized.laz","2018_TEAK_3_322000_4097000_image.tif","Tree",1,322000,322999.999,4097000,4097999.999
"2603",2696,322947.663,322951.326,4097756.177,4097759.496,"Silva","NEON_D17_TEAK_DP1_322000_4097000_classified_point_cloud_colorized.laz","2018_TEAK_3_322000_4097000_image.tif","Tree",1,322000,322999.999,4097000,4097999.999
"2604",2697,322835.561,322840.981,4097746.017,4097750.48,"Silva","NEON_D17_TEAK_DP1_322000_4097000_classified_point_cloud_colorized.laz","2018_TEAK_3_322000_4097000_image.tif","Tree",1,322000,322999.999,4097000,4097999.999
"2605",2698,322827.92,322832.482,4097747.56,4097751.911,"Silva","NEON_D17_TEAK_DP1_322000_4097000_classified_point_cloud_colorized.laz","2018_TEAK_3_322000_4097000_image.tif","Tree",1,322000,322999.999,4097000,4097999.999
"2606",2699,322822.02,322827.857,4097746.402,4097752.481,"Silva","NEON_D17_TEAK_DP1_322000_4097000_classified_point_cloud_colorized.laz","2018_TEAK_3_322000_4097000_image.tif","Tree",1,322000,322999.999,4097000,4097999.999
"2607",2700,322809.565,322813.456,4097746.818,4097750.265,"Silva","NEON_D17_TEAK_DP1_322000_4097000_classified_point_cloud_colorized.laz","2018_TEAK_3_322000_4097000_image.tif","Tree",1,322000,322999.999,4097000,4097999.999
"2608",2701,322792.68,322798.908,4097746.054,4097751.857,"Silva","NEON_D17_TEAK_DP1_322000_4097000_classified_point_cloud_colorized.laz","2018_TEAK_3_322000_4097000_image.tif","Tree",1,322000,322999.999,4097000,4097999.999
"2609",2702,322622.613,322628.992,4097734.031,4097739.851,"Silva","NEON_D17_TEAK_DP1_322000_4097000_classified_point_cloud_colorized.laz","2018_TEAK_3_322000_4097000_image.tif","Tree",1,322000,322999.999,4097000,4097999.999
"2610",2703,322630.056,322636.482,4097736.647,4097742.291,"Silva","NEON_D17_TEAK_DP1_322000_4097000_classified_point_cloud_colorized.laz","2018_TEAK_3_322000_4097000_image.tif","Tree",1,322000,322999.999,4097000,4097999.999
"2611",2704,322947.542,322951.181,4097759.518,4097763.989,"Silva","NEON_D17_TEAK_DP1_322000_4097000_classified_point_cloud_colorized.laz","2018_TEAK_3_322000_4097000_image.tif","Tree",1,322000,322999.999,4097000,4097999.999
"2612",2705,322579.268,322585.497,4097733.111,4097740.425,"Silva","NEON_D17_TEAK_DP1_322000_4097000_classified_point_cloud_colorized.laz","2018_TEAK_3_322000_4097000_image.tif","Tree",1,322000,322999.999,4097000,4097999.999
"2613",2706,322619.534,322624.915,4097736.591,4097742.937,"Silva","NEON_D17_TEAK_DP1_322000_4097000_classified_point_cloud_colorized.laz","2018_TEAK_3_322000_4097000_image.tif","Tree",1,322000,322999.999,4097000,4097999.999
"2614",2707,322655,322661.149,4097739.033,4097745.309,"Silva","NEON_D17_TEAK_DP1_322000_4097000_classified_point_cloud_colorized.laz","2018_TEAK_3_322000_4097000_image.tif","Tree",1,322000,322999.999,4097000,4097999.999
"2615",2708,322739.785,322746.865,4097745.197,4097751.85,"Silva","NEON_D17_TEAK_DP1_322000_4097000_classified_point_cloud_colorized.laz","2018_TEAK_3_322000_4097000_image.tif","Tree",1,322000,322999.999,4097000,4097999.999
"2616",2709,322776.532,322784.839,4097747.055,4097756.422,"Silva","NEON_D17_TEAK_DP1_322000_4097000_classified_point_cloud_colorized.laz","2018_TEAK_3_322000_4097000_image.tif","Tree",1,322000,322999.999,4097000,4097999.999
"2617",2710,322729.605,322735.489,4097744.554,4097751.853,"Silva","NEON_D17_TEAK_DP1_322000_4097000_classified_point_cloud_colorized.laz","2018_TEAK_3_322000_4097000_image.tif","Tree",1,322000,322999.999,4097000,4097999.999
"2618",2711,322586.005,322592.432,4097735.673,4097740.865,"Silva","NEON_D17_TEAK_DP1_322000_4097000_classified_point_cloud_colorized.laz","2018_TEAK_3_322000_4097000_image.tif","Tree",1,322000,322999.999,4097000,4097999.999
"2619",2712,322593.058,322600.584,4097734.551,4097742.156,"Silva","NEON_D17_TEAK_DP1_322000_4097000_classified_point_cloud_colorized.laz","2018_TEAK_3_322000_4097000_image.tif","Tree",1,322000,322999.999,4097000,4097999.999
"2620",2713,322639.673,322645.367,4097739.074,4097744.964,"Silva","NEON_D17_TEAK_DP1_322000_4097000_classified_point_cloud_colorized.laz","2018_TEAK_3_322000_4097000_image.tif","Tree",1,322000,322999.999,4097000,4097999.999
"2621",2715,322725.141,322730.474,4097744.121,4097753.498,"Silva","NEON_D17_TEAK_DP1_322000_4097000_classified_point_cloud_colorized.laz","2018_TEAK_3_322000_4097000_image.tif","Tree",1,322000,322999.999,4097000,4097999.999
"2622",2716,322718.666,322725.475,4097745.061,4097752.898,"Silva","NEON_D17_TEAK_DP1_322000_4097000_classified_point_cloud_colorized.laz","2018_TEAK_3_322000_4097000_image.tif","Tree",1,322000,322999.999,4097000,4097999.999
"2623",2717,322732.115,322738.325,4097746.562,4097753.428,"Silva","NEON_D17_TEAK_DP1_322000_4097000_classified_point_cloud_colorized.laz","2018_TEAK_3_322000_4097000_image.tif","Tree",1,322000,322999.999,4097000,4097999.999
"2624",2718,322816.014,322819.497,4097755.173,4097757.933,"Silva","NEON_D17_TEAK_DP1_322000_4097000_classified_point_cloud_colorized.laz","2018_TEAK_3_322000_4097000_image.tif","Tree",1,322000,322999.999,4097000,4097999.999
"2625",2719,322595.143,322603.773,4097737.782,4097746.462,"Silva","NEON_D17_TEAK_DP1_322000_4097000_classified_point_cloud_colorized.laz","2018_TEAK_3_322000_4097000_image.tif","Tree",1,322000,322999.999,4097000,4097999.999
"2626",2720,322892.588,322896.499,4097760.746,4097764.862,"Silva","NEON_D17_TEAK_DP1_322000_4097000_classified_point_cloud_colorized.laz","2018_TEAK_3_322000_4097000_image.tif","Tree",1,322000,322999.999,4097000,4097999.999
"2627",2721,322887.779,322890.099,4097761.026,4097763.297,"Silva","NEON_D17_TEAK_DP1_322000_4097000_classified_point_cloud_colorized.laz","2018_TEAK_3_322000_4097000_image.tif","Tree",1,322000,322999.999,4097000,4097999.999
"2628",2722,322638,322644.872,4097743.655,4097749.409,"Silva","NEON_D17_TEAK_DP1_322000_4097000_classified_point_cloud_colorized.laz","2018_TEAK_3_322000_4097000_image.tif","Tree",1,322000,322999.999,4097000,4097999.999
"2629",2723,322711.199,322715.226,4097748.532,4097753.919,"Silva","NEON_D17_TEAK_DP1_322000_4097000_classified_point_cloud_colorized.laz","2018_TEAK_3_322000_4097000_image.tif","Tree",1,322000,322999.999,4097000,4097999.999
"2630",2724,322928.519,322936.962,4097759.658,4097767.916,"Silva","NEON_D17_TEAK_DP1_322000_4097000_classified_point_cloud_colorized.laz","2018_TEAK_3_322000_4097000_image.tif","Tree",1,322000,322999.999,4097000,4097999.999
"2631",2725,322624.572,322631.478,4097744.028,4097751.461,"Silva","NEON_D17_TEAK_DP1_322000_4097000_classified_point_cloud_colorized.laz","2018_TEAK_3_322000_4097000_image.tif","Tree",1,322000,322999.999,4097000,4097999.999
"2632",2726,322693.637,322702.425,4097747.296,4097755.4,"Silva","NEON_D17_TEAK_DP1_322000_4097000_classified_point_cloud_colorized.laz","2018_TEAK_3_322000_4097000_image.tif","Tree",1,322000,322999.999,4097000,4097999.999
"2633",2727,322752.606,322759.471,4097752.156,4097758.44,"Silva","NEON_D17_TEAK_DP1_322000_4097000_classified_point_cloud_colorized.laz","2018_TEAK_3_322000_4097000_image.tif","Tree",1,322000,322999.999,4097000,4097999.999
"2634",2728,322796.566,322804.113,4097754.034,4097763.954,"Silva","NEON_D17_TEAK_DP1_322000_4097000_classified_point_cloud_colorized.laz","2018_TEAK_3_322000_4097000_image.tif","Tree",1,322000,322999.999,4097000,4097999.999
"2635",2729,322945.275,322947.133,4097770.226,4097773.875,"Silva","NEON_D17_TEAK_DP1_322000_4097000_classified_point_cloud_colorized.laz","2018_TEAK_3_322000_4097000_image.tif","Tree",1,322000,322999.999,4097000,4097999.999
"2636",2730,322820.572,322826.45,4097756.011,4097765.453,"Silva","NEON_D17_TEAK_DP1_322000_4097000_classified_point_cloud_colorized.laz","2018_TEAK_3_322000_4097000_image.tif","Tree",1,322000,322999.999,4097000,4097999.999
"2637",2731,322759.035,322765.992,4097755.511,4097761.78,"Silva","NEON_D17_TEAK_DP1_322000_4097000_classified_point_cloud_colorized.laz","2018_TEAK_3_322000_4097000_image.tif","Tree",1,322000,322999.999,4097000,4097999.999
"2638",2732,322986.213,322988.421,4097772.531,4097775.343,"Silva","NEON_D17_TEAK_DP1_322000_4097000_classified_point_cloud_colorized.laz","2018_TEAK_3_322000_4097000_image.tif","Tree",1,322000,322999.999,4097000,4097999.999
"2639",2733,322791.116,322798.555,4097756.558,4097763.915,"Silva","NEON_D17_TEAK_DP1_322000_4097000_classified_point_cloud_colorized.laz","2018_TEAK_3_322000_4097000_image.tif","Tree",1,322000,322999.999,4097000,4097999.999
"2640",2734,322558.535,322565.981,4097740.18,4097749.811,"Silva","NEON_D17_TEAK_DP1_322000_4097000_classified_point_cloud_colorized.laz","2018_TEAK_3_322000_4097000_image.tif","Tree",1,322000,322999.999,4097000,4097999.999
"2641",2735,322900.662,322906.459,4097764.577,4097773.449,"Silva","NEON_D17_TEAK_DP1_322000_4097000_classified_point_cloud_colorized.laz","2018_TEAK_3_322000_4097000_image.tif","Tree",1,322000,322999.999,4097000,4097999.999
"2642",2736,322762.503,322770.471,4097756.054,4097764.426,"Silva","NEON_D17_TEAK_DP1_322000_4097000_classified_point_cloud_colorized.laz","2018_TEAK_3_322000_4097000_image.tif","Tree",1,322000,322999.999,4097000,4097999.999
"2643",2737,322649.708,322654.477,4097751.655,4097755.965,"Silva","NEON_D17_TEAK_DP1_322000_4097000_classified_point_cloud_colorized.laz","2018_TEAK_3_322000_4097000_image.tif","Tree",1,322000,322999.999,4097000,4097999.999
"2644",2738,322664.47,322670.916,4097751.111,4097758.592,"Silva","NEON_D17_TEAK_DP1_322000_4097000_classified_point_cloud_colorized.laz","2018_TEAK_3_322000_4097000_image.tif","Tree",1,322000,322999.999,4097000,4097999.999
"2645",2739,322822.167,322830.491,4097761.053,4097767.986,"Silva","NEON_D17_TEAK_DP1_322000_4097000_classified_point_cloud_colorized.laz","2018_TEAK_3_322000_4097000_image.tif","Tree",1,322000,322999.999,4097000,4097999.999
"2646",2741,322891.395,322896.302,4097767.36,4097772.32,"Silva","NEON_D17_TEAK_DP1_322000_4097000_classified_point_cloud_colorized.laz","2018_TEAK_3_322000_4097000_image.tif","Tree",1,322000,322999.999,4097000,4097999.999
"2647",2742,322645.643,322649.958,4097751.018,4097756.974,"Silva","NEON_D17_TEAK_DP1_322000_4097000_classified_point_cloud_colorized.laz","2018_TEAK_3_322000_4097000_image.tif","Tree",1,322000,322999.999,4097000,4097999.999
"2648",2743,322634.064,322642.381,4097748.563,4097756.43,"Silva","NEON_D17_TEAK_DP1_322000_4097000_classified_point_cloud_colorized.laz","2018_TEAK_3_322000_4097000_image.tif","Tree",1,322000,322999.999,4097000,4097999.999
"2649",2744,322691.61,322699.878,4097753.053,4097759.941,"Silva","NEON_D17_TEAK_DP1_322000_4097000_classified_point_cloud_colorized.laz","2018_TEAK_3_322000_4097000_image.tif","Tree",1,322000,322999.999,4097000,4097999.999
"2650",2745,322783.538,322791.928,4097757.866,4097768.042,"Silva","NEON_D17_TEAK_DP1_322000_4097000_classified_point_cloud_colorized.laz","2018_TEAK_3_322000_4097000_image.tif","Tree",1,322000,322999.999,4097000,4097999.999
"2651",2746,322714.549,322724.46,4097756.77,4097763.378,"Silva","NEON_D17_TEAK_DP1_322000_4097000_classified_point_cloud_colorized.laz","2018_TEAK_3_322000_4097000_image.tif","Tree",1,322000,322999.999,4097000,4097999.999
"2652",2747,322671.002,322679.498,4097751.058,4097760.803,"Silva","NEON_D17_TEAK_DP1_322000_4097000_classified_point_cloud_colorized.laz","2018_TEAK_3_322000_4097000_image.tif","Tree",1,322000,322999.999,4097000,4097999.999
"2653",2748,322641.516,322646.901,4097750.518,4097758.639,"Silva","NEON_D17_TEAK_DP1_322000_4097000_classified_point_cloud_colorized.laz","2018_TEAK_3_322000_4097000_image.tif","Tree",1,322000,322999.999,4097000,4097999.999
"2654",2749,322612.021,322619.943,4097749.028,4097756.465,"Silva","NEON_D17_TEAK_DP1_322000_4097000_classified_point_cloud_colorized.laz","2018_TEAK_3_322000_4097000_image.tif","Tree",1,322000,322999.999,4097000,4097999.999
"2655",2750,322658.052,322663.412,4097754.041,4097758.696,"Silva","NEON_D17_TEAK_DP1_322000_4097000_classified_point_cloud_colorized.laz","2018_TEAK_3_322000_4097000_image.tif","Tree",1,322000,322999.999,4097000,4097999.999
"2656",2751,322791.555,322798.339,4097763.102,4097770.563,"Silva","NEON_D17_TEAK_DP1_322000_4097000_classified_point_cloud_colorized.laz","2018_TEAK_3_322000_4097000_image.tif","Tree",1,322000,322999.999,4097000,4097999.999
"2657",2752,322774.765,322784.937,4097757.506,4097768.864,"Silva","NEON_D17_TEAK_DP1_322000_4097000_classified_point_cloud_colorized.laz","2018_TEAK_3_322000_4097000_image.tif","Tree",1,322000,322999.999,4097000,4097999.999
"2658",2753,322730.521,322735.997,4097759.672,4097764.88,"Silva","NEON_D17_TEAK_DP1_322000_4097000_classified_point_cloud_colorized.laz","2018_TEAK_3_322000_4097000_image.tif","Tree",1,322000,322999.999,4097000,4097999.999
"2659",2754,322828.852,322836.959,4097764.534,4097772.307,"Silva","NEON_D17_TEAK_DP1_322000_4097000_classified_point_cloud_colorized.laz","2018_TEAK_3_322000_4097000_image.tif","Tree",1,322000,322999.999,4097000,4097999.999
"2660",2755,322759.02,322764.986,4097762.599,4097768.821,"Silva","NEON_D17_TEAK_DP1_322000_4097000_classified_point_cloud_colorized.laz","2018_TEAK_3_322000_4097000_image.tif","Tree",1,322000,322999.999,4097000,4097999.999
"2661",2756,322615.656,322621.99,4097753.576,4097759.922,"Silva","NEON_D17_TEAK_DP1_322000_4097000_classified_point_cloud_colorized.laz","2018_TEAK_3_322000_4097000_image.tif","Tree",1,322000,322999.999,4097000,4097999.999
"2662",2757,322575,322578.462,4097752.477,4097757.857,"Silva","NEON_D17_TEAK_DP1_322000_4097000_classified_point_cloud_colorized.laz","2018_TEAK_3_322000_4097000_image.tif","Tree",1,322000,322999.999,4097000,4097999.999
"2663",2758,322797.403,322804.811,4097764.098,4097772.425,"Silva","NEON_D17_TEAK_DP1_322000_4097000_classified_point_cloud_colorized.laz","2018_TEAK_3_322000_4097000_image.tif","Tree",1,322000,322999.999,4097000,4097999.999
"2664",2759,322951.316,322957.993,4097775.002,4097784.711,"Silva","NEON_D17_TEAK_DP1_322000_4097000_classified_point_cloud_colorized.laz","2018_TEAK_3_322000_4097000_image.tif","Tree",1,322000,322999.999,4097000,4097999.999
"2665",2760,322808.436,322811.175,4097769.708,4097772.979,"Silva","NEON_D17_TEAK_DP1_322000_4097000_classified_point_cloud_colorized.laz","2018_TEAK_3_322000_4097000_image.tif","Tree",1,322000,322999.999,4097000,4097999.999
"2666",2762,322726.334,322733.714,4097763.264,4097768.613,"Silva","NEON_D17_TEAK_DP1_322000_4097000_classified_point_cloud_colorized.laz","2018_TEAK_3_322000_4097000_image.tif","Tree",1,322000,322999.999,4097000,4097999.999
"2667",2763,322761.962,322768.385,4097764.526,4097771.948,"Silva","NEON_D17_TEAK_DP1_322000_4097000_classified_point_cloud_colorized.laz","2018_TEAK_3_322000_4097000_image.tif","Tree",1,322000,322999.999,4097000,4097999.999
"2668",2764,322888.03,322892.849,4097777.65,4097781.847,"Silva","NEON_D17_TEAK_DP1_322000_4097000_classified_point_cloud_colorized.laz","2018_TEAK_3_322000_4097000_image.tif","Tree",1,322000,322999.999,4097000,4097999.999
"2669",2765,322612.598,322620.436,4097756.597,4097763.994,"Silva","NEON_D17_TEAK_DP1_322000_4097000_classified_point_cloud_colorized.laz","2018_TEAK_3_322000_4097000_image.tif","Tree",1,322000,322999.999,4097000,4097999.999
"2670",2766,322829.509,322838.469,4097770.012,4097777.861,"Silva","NEON_D17_TEAK_DP1_322000_4097000_classified_point_cloud_colorized.laz","2018_TEAK_3_322000_4097000_image.tif","Tree",1,322000,322999.999,4097000,4097999.999
"2671",2767,322886.09,322886.402,4097782.246,4097782.261,"Silva","NEON_D17_TEAK_DP1_322000_4097000_classified_point_cloud_colorized.laz","2018_TEAK_3_322000_4097000_image.tif","Tree",1,322000,322999.999,4097000,4097999.999
"2672",2768,322997.149,322999.996,4097782.792,4097787.277,"Silva","NEON_D17_TEAK_DP1_322000_4097000_classified_point_cloud_colorized.laz","2018_TEAK_3_322000_4097000_image.tif","Tree",1,322000,322999.999,4097000,4097999.999
"2673",2769,322764.135,322771.965,4097767.73,4097774.96,"Silva","NEON_D17_TEAK_DP1_322000_4097000_classified_point_cloud_colorized.laz","2018_TEAK_3_322000_4097000_image.tif","Tree",1,322000,322999.999,4097000,4097999.999
"2674",2770,322640.999,322646.874,4097759.549,4097766.349,"Silva","NEON_D17_TEAK_DP1_322000_4097000_classified_point_cloud_colorized.laz","2018_TEAK_3_322000_4097000_image.tif","Tree",1,322000,322999.999,4097000,4097999.999
"2675",2771,322902.333,322913.869,4097774.001,4097784.483,"Silva","NEON_D17_TEAK_DP1_322000_4097000_classified_point_cloud_colorized.laz","2018_TEAK_3_322000_4097000_image.tif","Tree",1,322000,322999.999,4097000,4097999.999
"2676",2773,322773.046,322782.289,4097766.856,4097774.852,"Silva","NEON_D17_TEAK_DP1_322000_4097000_classified_point_cloud_colorized.laz","2018_TEAK_3_322000_4097000_image.tif","Tree",1,322000,322999.999,4097000,4097999.999
"2677",2774,322556.031,322563.983,4097753.651,4097760.917,"Silva","NEON_D17_TEAK_DP1_322000_4097000_classified_point_cloud_colorized.laz","2018_TEAK_3_322000_4097000_image.tif","Tree",1,322000,322999.999,4097000,4097999.999
"2678",2775,322833.803,322841.293,4097772.544,4097781.409,"Silva","NEON_D17_TEAK_DP1_322000_4097000_classified_point_cloud_colorized.laz","2018_TEAK_3_322000_4097000_image.tif","Tree",1,322000,322999.999,4097000,4097999.999
"2679",2776,322979.87,322985.302,4097781.696,4097790.77,"Silva","NEON_D17_TEAK_DP1_322000_4097000_classified_point_cloud_colorized.laz","2018_TEAK_3_322000_4097000_image.tif","Tree",1,322000,322999.999,4097000,4097999.999
"2680",2777,322801.62,322802.214,4097772.516,4097773.429,"Silva","NEON_D17_TEAK_DP1_322000_4097000_classified_point_cloud_colorized.laz","2018_TEAK_3_322000_4097000_image.tif","Tree",1,322000,322999.999,4097000,4097999.999
"2681",2778,322703.486,322710.994,4097761.658,4097774.399,"Silva","NEON_D17_TEAK_DP1_322000_4097000_classified_point_cloud_colorized.laz","2018_TEAK_3_322000_4097000_image.tif","Tree",1,322000,322999.999,4097000,4097999.999
"2682",2779,322654.304,322662.332,4097763.058,4097770.638,"Silva","NEON_D17_TEAK_DP1_322000_4097000_classified_point_cloud_colorized.laz","2018_TEAK_3_322000_4097000_image.tif","Tree",1,322000,322999.999,4097000,4097999.999
"2683",2780,322568.037,322572.365,4097759.058,4097763.33,"Silva","NEON_D17_TEAK_DP1_322000_4097000_classified_point_cloud_colorized.laz","2018_TEAK_3_322000_4097000_image.tif","Tree",1,322000,322999.999,4097000,4097999.999
"2684",2781,322809.026,322813.26,4097774.543,4097778.996,"Silva","NEON_D17_TEAK_DP1_322000_4097000_classified_point_cloud_colorized.laz","2018_TEAK_3_322000_4097000_image.tif","Tree",1,322000,322999.999,4097000,4097999.999
"2685",2782,322922.088,322929.937,4097781.059,4097787.936,"Silva","NEON_D17_TEAK_DP1_322000_4097000_classified_point_cloud_colorized.laz","2018_TEAK_3_322000_4097000_image.tif","Tree",1,322000,322999.999,4097000,4097999.999
"2686",2783,322627.324,322631.964,4097763.293,4097767.932,"Silva","NEON_D17_TEAK_DP1_322000_4097000_classified_point_cloud_colorized.laz","2018_TEAK_3_322000_4097000_image.tif","Tree",1,322000,322999.999,4097000,4097999.999
"2687",2784,322549.753,322554.902,4097758.19,4097761.955,"Silva","NEON_D17_TEAK_DP1_322000_4097000_classified_point_cloud_colorized.laz","2018_TEAK_3_322000_4097000_image.tif","Tree",1,322000,322999.999,4097000,4097999.999
"2688",2785,322758.056,322766.897,4097770.668,4097779.338,"Silva","NEON_D17_TEAK_DP1_322000_4097000_classified_point_cloud_colorized.laz","2018_TEAK_3_322000_4097000_image.tif","Tree",1,322000,322999.999,4097000,4097999.999
"2689",2786,322818.116,322821.838,4097778.274,4097782.901,"Silva","NEON_D17_TEAK_DP1_322000_4097000_classified_point_cloud_colorized.laz","2018_TEAK_3_322000_4097000_image.tif","Tree",1,322000,322999.999,4097000,4097999.999
"2690",2787,322774.101,322780.511,4097774.205,4097778.122,"Silva","NEON_D17_TEAK_DP1_322000_4097000_classified_point_cloud_colorized.laz","2018_TEAK_3_322000_4097000_image.tif","Tree",1,322000,322999.999,4097000,4097999.999
"2691",2788,322561.517,322567.946,4097761.556,4097767.499,"Silva","NEON_D17_TEAK_DP1_322000_4097000_classified_point_cloud_colorized.laz","2018_TEAK_3_322000_4097000_image.tif","Tree",1,322000,322999.999,4097000,4097999.999
"2692",2789,322631.088,322637.484,4097766.181,4097772.399,"Silva","NEON_D17_TEAK_DP1_322000_4097000_classified_point_cloud_colorized.laz","2018_TEAK_3_322000_4097000_image.tif","Tree",1,322000,322999.999,4097000,4097999.999
"2693",2790,322793.993,322796.441,4097783.906,4097784.963,"Silva","NEON_D17_TEAK_DP1_322000_4097000_classified_point_cloud_colorized.laz","2018_TEAK_3_322000_4097000_image.tif","Tree",1,322000,322999.999,4097000,4097999.999
"2694",2791,322660.54,322674.652,4097765.558,4097776.178,"Silva","NEON_D17_TEAK_DP1_322000_4097000_classified_point_cloud_colorized.laz","2018_TEAK_3_322000_4097000_image.tif","Tree",1,322000,322999.999,4097000,4097999.999
"2695",2792,322589.503,322596.427,4097763.136,4097769.872,"Silva","NEON_D17_TEAK_DP1_322000_4097000_classified_point_cloud_colorized.laz","2018_TEAK_3_322000_4097000_image.tif","Tree",1,322000,322999.999,4097000,4097999.999
"2696",2793,322813.026,322817.273,4097780.153,4097784.636,"Silva","NEON_D17_TEAK_DP1_322000_4097000_classified_point_cloud_colorized.laz","2018_TEAK_3_322000_4097000_image.tif","Tree",1,322000,322999.999,4097000,4097999.999
"2697",2794,322802.011,322807.407,4097779.017,4097784.507,"Silva","NEON_D17_TEAK_DP1_322000_4097000_classified_point_cloud_colorized.laz","2018_TEAK_3_322000_4097000_image.tif","Tree",1,322000,322999.999,4097000,4097999.999
"2698",2795,322649.018,322658.375,4097769.722,4097775.484,"Silva","NEON_D17_TEAK_DP1_322000_4097000_classified_point_cloud_colorized.laz","2018_TEAK_3_322000_4097000_image.tif","Tree",1,322000,322999.999,4097000,4097999.999
"2699",2796,322727.528,322733.343,4097775.593,4097780.959,"Silva","NEON_D17_TEAK_DP1_322000_4097000_classified_point_cloud_colorized.laz","2018_TEAK_3_322000_4097000_image.tif","Tree",1,322000,322999.999,4097000,4097999.999
"2700",2797,322722.036,322727.42,4097773.679,4097779.897,"Silva","NEON_D17_TEAK_DP1_322000_4097000_classified_point_cloud_colorized.laz","2018_TEAK_3_322000_4097000_image.tif","Tree",1,322000,322999.999,4097000,4097999.999
"2701",2798,322622.947,322629.322,4097768.636,4097775.422,"Silva","NEON_D17_TEAK_DP1_322000_4097000_classified_point_cloud_colorized.laz","2018_TEAK_3_322000_4097000_image.tif","Tree",1,322000,322999.999,4097000,4097999.999
"2702",2799,322769.687,322775.738,4097776.715,4097784.908,"Silva","NEON_D17_TEAK_DP1_322000_4097000_classified_point_cloud_colorized.laz","2018_TEAK_3_322000_4097000_image.tif","Tree",1,322000,322999.999,4097000,4097999.999
"2703",2800,322940.09,322949.459,4097791.584,4097796.456,"Silva","NEON_D17_TEAK_DP1_322000_4097000_classified_point_cloud_colorized.laz","2018_TEAK_3_322000_4097000_image.tif","Tree",1,322000,322999.999,4097000,4097999.999
"2704",2801,322810.749,322815.086,4097782.78,4097786.794,"Silva","NEON_D17_TEAK_DP1_322000_4097000_classified_point_cloud_colorized.laz","2018_TEAK_3_322000_4097000_image.tif","Tree",1,322000,322999.999,4097000,4097999.999
"2705",2802,322554.07,322559.395,4097765.544,4097772.865,"Silva","NEON_D17_TEAK_DP1_322000_4097000_classified_point_cloud_colorized.laz","2018_TEAK_3_322000_4097000_image.tif","Tree",1,322000,322999.999,4097000,4097999.999
"2706",2803,322757.585,322765.807,4097778.39,4097784.456,"Silva","NEON_D17_TEAK_DP1_322000_4097000_classified_point_cloud_colorized.laz","2018_TEAK_3_322000_4097000_image.tif","Tree",1,322000,322999.999,4097000,4097999.999
"2707",2804,322773.465,322779.697,4097779.537,4097785.721,"Silva","NEON_D17_TEAK_DP1_322000_4097000_classified_point_cloud_colorized.laz","2018_TEAK_3_322000_4097000_image.tif","Tree",1,322000,322999.999,4097000,4097999.999
"2708",2805,322909.02,322916.851,4097785.058,4097796.895,"Silva","NEON_D17_TEAK_DP1_322000_4097000_classified_point_cloud_colorized.laz","2018_TEAK_3_322000_4097000_image.tif","Tree",1,322000,322999.999,4097000,4097999.999
"2709",2806,322981.014,322989.497,4097790.587,4097799.426,"Silva","NEON_D17_TEAK_DP1_322000_4097000_classified_point_cloud_colorized.laz","2018_TEAK_3_322000_4097000_image.tif","Tree",1,322000,322999.999,4097000,4097999.999
"2710",2807,322670.143,322678.485,4097772.35,4097781.957,"Silva","NEON_D17_TEAK_DP1_322000_4097000_classified_point_cloud_colorized.laz","2018_TEAK_3_322000_4097000_image.tif","Tree",1,322000,322999.999,4097000,4097999.999
"2711",2808,322562.094,322567.891,4097768.697,4097774.928,"Silva","NEON_D17_TEAK_DP1_322000_4097000_classified_point_cloud_colorized.laz","2018_TEAK_3_322000_4097000_image.tif","Tree",1,322000,322999.999,4097000,4097999.999
"2712",2809,322572.572,322576.974,4097768.406,4097774.486,"Silva","NEON_D17_TEAK_DP1_322000_4097000_classified_point_cloud_colorized.laz","2018_TEAK_3_322000_4097000_image.tif","Tree",1,322000,322999.999,4097000,4097999.999
"2713",2810,322577.215,322584.412,4097768.368,4097775.011,"Silva","NEON_D17_TEAK_DP1_322000_4097000_classified_point_cloud_colorized.laz","2018_TEAK_3_322000_4097000_image.tif","Tree",1,322000,322999.999,4097000,4097999.999
"2714",2811,322920.001,322927.089,4097789.032,4097798.323,"Silva","NEON_D17_TEAK_DP1_322000_4097000_classified_point_cloud_colorized.laz","2018_TEAK_3_322000_4097000_image.tif","Tree",1,322000,322999.999,4097000,4097999.999
"2715",2812,322598.655,322604.339,4097772.084,4097779.372,"Silva","NEON_D17_TEAK_DP1_322000_4097000_classified_point_cloud_colorized.laz","2018_TEAK_3_322000_4097000_image.tif","Tree",1,322000,322999.999,4097000,4097999.999
"2716",2813,322646.04,322653.96,4097773.017,4097780.37,"Silva","NEON_D17_TEAK_DP1_322000_4097000_classified_point_cloud_colorized.laz","2018_TEAK_3_322000_4097000_image.tif","Tree",1,322000,322999.999,4097000,4097999.999
"2717",2814,322816.576,322822.76,4097784.667,4097791.476,"Silva","NEON_D17_TEAK_DP1_322000_4097000_classified_point_cloud_colorized.laz","2018_TEAK_3_322000_4097000_image.tif","Tree",1,322000,322999.999,4097000,4097999.999
"2718",2815,322775.96,322782.483,4097782.084,4097788.148,"Silva","NEON_D17_TEAK_DP1_322000_4097000_classified_point_cloud_colorized.laz","2018_TEAK_3_322000_4097000_image.tif","Tree",1,322000,322999.999,4097000,4097999.999
"2719",2816,322556.147,322563.278,4097770.059,4097776.887,"Silva","NEON_D17_TEAK_DP1_322000_4097000_classified_point_cloud_colorized.laz","2018_TEAK_3_322000_4097000_image.tif","Tree",1,322000,322999.999,4097000,4097999.999
"2720",2817,322593.223,322598.962,4097772.712,4097778.5,"Silva","NEON_D17_TEAK_DP1_322000_4097000_classified_point_cloud_colorized.laz","2018_TEAK_3_322000_4097000_image.tif","Tree",1,322000,322999.999,4097000,4097999.999
"2721",2818,322761.043,322768.947,4097781.373,4097788.904,"Silva","NEON_D17_TEAK_DP1_322000_4097000_classified_point_cloud_colorized.laz","2018_TEAK_3_322000_4097000_image.tif","Tree",1,322000,322999.999,4097000,4097999.999
"2722",2819,322811.344,322816.473,4097786.517,4097791.9,"Silva","NEON_D17_TEAK_DP1_322000_4097000_classified_point_cloud_colorized.laz","2018_TEAK_3_322000_4097000_image.tif","Tree",1,322000,322999.999,4097000,4097999.999
"2723",2820,322782.673,322790.958,4097785.32,4097788.554,"Silva","NEON_D17_TEAK_DP1_322000_4097000_classified_point_cloud_colorized.laz","2018_TEAK_3_322000_4097000_image.tif","Tree",1,322000,322999.999,4097000,4097999.999
"2724",2821,322578.755,322586.453,4097772.253,4097779.906,"Silva","NEON_D17_TEAK_DP1_322000_4097000_classified_point_cloud_colorized.laz","2018_TEAK_3_322000_4097000_image.tif","Tree",1,322000,322999.999,4097000,4097999.999
"2725",2822,322801.048,322802.515,4097788.354,4097790.912,"Silva","NEON_D17_TEAK_DP1_322000_4097000_classified_point_cloud_colorized.laz","2018_TEAK_3_322000_4097000_image.tif","Tree",1,322000,322999.999,4097000,4097999.999
"2726",2823,322777.281,322782.979,4097785.043,4097791.279,"Silva","NEON_D17_TEAK_DP1_322000_4097000_classified_point_cloud_colorized.laz","2018_TEAK_3_322000_4097000_image.tif","Tree",1,322000,322999.999,4097000,4097999.999
"2727",2824,322704.091,322709.494,4097781.518,4097787.485,"Silva","NEON_D17_TEAK_DP1_322000_4097000_classified_point_cloud_colorized.laz","2018_TEAK_3_322000_4097000_image.tif","Tree",1,322000,322999.999,4097000,4097999.999
"2728",2825,322925.913,322933.112,4097793.183,4097802.971,"Silva","NEON_D17_TEAK_DP1_322000_4097000_classified_point_cloud_colorized.laz","2018_TEAK_3_322000_4097000_image.tif","Tree",1,322000,322999.999,4097000,4097999.999
"2729",2826,322881.01,322890.455,4097790.836,4097799.972,"Silva","NEON_D17_TEAK_DP1_322000_4097000_classified_point_cloud_colorized.laz","2018_TEAK_3_322000_4097000_image.tif","Tree",1,322000,322999.999,4097000,4097999.999
"2730",2827,322638.001,322646.654,4097775.005,4097785.439,"Silva","NEON_D17_TEAK_DP1_322000_4097000_classified_point_cloud_colorized.laz","2018_TEAK_3_322000_4097000_image.tif","Tree",1,322000,322999.999,4097000,4097999.999
"2731",2828,322551.011,322557.555,4097772.542,4097779.454,"Silva","NEON_D17_TEAK_DP1_322000_4097000_classified_point_cloud_colorized.laz","2018_TEAK_3_322000_4097000_image.tif","Tree",1,322000,322999.999,4097000,4097999.999
"2732",2829,322933.628,322943.145,4097792.508,4097803.497,"Silva","NEON_D17_TEAK_DP1_322000_4097000_classified_point_cloud_colorized.laz","2018_TEAK_3_322000_4097000_image.tif","Tree",1,322000,322999.999,4097000,4097999.999
"2733",2830,322790.538,322800.482,4097784.526,4097794.928,"Silva","NEON_D17_TEAK_DP1_322000_4097000_classified_point_cloud_colorized.laz","2018_TEAK_3_322000_4097000_image.tif","Tree",1,322000,322999.999,4097000,4097999.999
"2734",2831,322631.502,322638.433,4097778.673,4097785.413,"Silva","NEON_D17_TEAK_DP1_322000_4097000_classified_point_cloud_colorized.laz","2018_TEAK_3_322000_4097000_image.tif","Tree",1,322000,322999.999,4097000,4097999.999
"2735",2833,322583.618,322593.439,4097776.554,4097784.178,"Silva","NEON_D17_TEAK_DP1_322000_4097000_classified_point_cloud_colorized.laz","2018_TEAK_3_322000_4097000_image.tif","Tree",1,322000,322999.999,4097000,4097999.999
"2736",2834,322784.773,322790.856,4097789.272,4097795.759,"Silva","NEON_D17_TEAK_DP1_322000_4097000_classified_point_cloud_colorized.laz","2018_TEAK_3_322000_4097000_image.tif","Tree",1,322000,322999.999,4097000,4097999.999
"2737",2835,322531.034,322539.978,4097773.551,4097782.446,"Silva","NEON_D17_TEAK_DP1_322000_4097000_classified_point_cloud_colorized.laz","2018_TEAK_3_322000_4097000_image.tif","Tree",1,322000,322999.999,4097000,4097999.999
"2738",2836,322557.792,322565.49,4097776.109,4097781.996,"Silva","NEON_D17_TEAK_DP1_322000_4097000_classified_point_cloud_colorized.laz","2018_TEAK_3_322000_4097000_image.tif","Tree",1,322000,322999.999,4097000,4097999.999
"2739",2837,322593.018,322601.932,4097778.511,4097785.922,"Silva","NEON_D17_TEAK_DP1_322000_4097000_classified_point_cloud_colorized.laz","2018_TEAK_3_322000_4097000_image.tif","Tree",1,322000,322999.999,4097000,4097999.999
"2740",2838,322761.569,322769.649,4097788.171,4097795.678,"Silva","NEON_D17_TEAK_DP1_322000_4097000_classified_point_cloud_colorized.laz","2018_TEAK_3_322000_4097000_image.tif","Tree",1,322000,322999.999,4097000,4097999.999
"2741",2839,322772.161,322779.116,4097788.515,4097794.982,"Silva","NEON_D17_TEAK_DP1_322000_4097000_classified_point_cloud_colorized.laz","2018_TEAK_3_322000_4097000_image.tif","Tree",1,322000,322999.999,4097000,4097999.999
"2742",2840,322778.518,322784.528,4097790.942,4097795.136,"Silva","NEON_D17_TEAK_DP1_322000_4097000_classified_point_cloud_colorized.laz","2018_TEAK_3_322000_4097000_image.tif","Tree",1,322000,322999.999,4097000,4097999.999
"2743",2841,322601.513,322608.865,4097778.631,4097785.808,"Silva","NEON_D17_TEAK_DP1_322000_4097000_classified_point_cloud_colorized.laz","2018_TEAK_3_322000_4097000_image.tif","Tree",1,322000,322999.999,4097000,4097999.999
"2744",2842,322809.283,322815.856,4097793.199,4097799.654,"Silva","NEON_D17_TEAK_DP1_322000_4097000_classified_point_cloud_colorized.laz","2018_TEAK_3_322000_4097000_image.tif","Tree",1,322000,322999.999,4097000,4097999.999
"2745",2843,322821.525,322831.401,4097792.535,4097800.975,"Silva","NEON_D17_TEAK_DP1_322000_4097000_classified_point_cloud_colorized.laz","2018_TEAK_3_322000_4097000_image.tif","Tree",1,322000,322999.999,4097000,4097999.999
"2746",2844,322698.528,322704.499,4097786.9,4097793.31,"Silva","NEON_D17_TEAK_DP1_322000_4097000_classified_point_cloud_colorized.laz","2018_TEAK_3_322000_4097000_image.tif","Tree",1,322000,322999.999,4097000,4097999.999
"2747",2845,322650.529,322657.459,4097783.609,4097789.93,"Silva","NEON_D17_TEAK_DP1_322000_4097000_classified_point_cloud_colorized.laz","2018_TEAK_3_322000_4097000_image.tif","Tree",1,322000,322999.999,4097000,4097999.999
"2748",2846,322552.056,322558.35,4097778.506,4097785.356,"Silva","NEON_D17_TEAK_DP1_322000_4097000_classified_point_cloud_colorized.laz","2018_TEAK_3_322000_4097000_image.tif","Tree",1,322000,322999.999,4097000,4097999.999
"2749",2847,322728.015,322738.242,4097786.548,4097796.479,"Silva","NEON_D17_TEAK_DP1_322000_4097000_classified_point_cloud_colorized.laz","2018_TEAK_3_322000_4097000_image.tif","Tree",1,322000,322999.999,4097000,4097999.999
"2750",2848,322766.526,322773.426,4097790.125,4097799.236,"Silva","NEON_D17_TEAK_DP1_322000_4097000_classified_point_cloud_colorized.laz","2018_TEAK_3_322000_4097000_image.tif","Tree",1,322000,322999.999,4097000,4097999.999
"2751",2849,322642.73,322649.907,4097784.632,4097791.46,"Silva","NEON_D17_TEAK_DP1_322000_4097000_classified_point_cloud_colorized.laz","2018_TEAK_3_322000_4097000_image.tif","Tree",1,322000,322999.999,4097000,4097999.999
"2752",2850,322558.587,322565.415,4097781.218,4097786.712,"Silva","NEON_D17_TEAK_DP1_322000_4097000_classified_point_cloud_colorized.laz","2018_TEAK_3_322000_4097000_image.tif","Tree",1,322000,322999.999,4097000,4097999.999
"2753",2851,322605.051,322611.427,4097782.298,4097788.945,"Silva","NEON_D17_TEAK_DP1_322000_4097000_classified_point_cloud_colorized.laz","2018_TEAK_3_322000_4097000_image.tif","Tree",1,322000,322999.999,4097000,4097999.999
"2754",2852,322657.008,322662.685,4097785.334,4097791.82,"Silva","NEON_D17_TEAK_DP1_322000_4097000_classified_point_cloud_colorized.laz","2018_TEAK_3_322000_4097000_image.tif","Tree",1,322000,322999.999,4097000,4097999.999
"2755",2853,322754.002,322763.249,4097789.953,4097798.92,"Silva","NEON_D17_TEAK_DP1_322000_4097000_classified_point_cloud_colorized.laz","2018_TEAK_3_322000_4097000_image.tif","Tree",1,322000,322999.999,4097000,4097999.999
"2756",2854,322904.039,322912.917,4097796.199,4097808,"Silva","NEON_D17_TEAK_DP1_322000_4097000_classified_point_cloud_colorized.laz","2018_TEAK_3_322000_4097000_image.tif","Tree",1,322000,322999.999,4097000,4097999.999
"2757",2855,322549.099,322551.452,4097783.288,4097785.777,"Silva","NEON_D17_TEAK_DP1_322000_4097000_classified_point_cloud_colorized.laz","2018_TEAK_3_322000_4097000_image.tif","Tree",1,322000,322999.999,4097000,4097999.999
"2758",2856,322597.797,322604.918,4097783.636,4097790.359,"Silva","NEON_D17_TEAK_DP1_322000_4097000_classified_point_cloud_colorized.laz","2018_TEAK_3_322000_4097000_image.tif","Tree",1,322000,322999.999,4097000,4097999.999
"2759",2857,322651.085,322657.349,4097787.641,4097791.908,"Silva","NEON_D17_TEAK_DP1_322000_4097000_classified_point_cloud_colorized.laz","2018_TEAK_3_322000_4097000_image.tif","Tree",1,322000,322999.999,4097000,4097999.999
"2760",2858,322663.054,322667.964,4097786.009,4097793.363,"Silva","NEON_D17_TEAK_DP1_322000_4097000_classified_point_cloud_colorized.laz","2018_TEAK_3_322000_4097000_image.tif","Tree",1,322000,322999.999,4097000,4097999.999
"2761",2859,322772.19,322778.76,4097794.344,4097799.478,"Silva","NEON_D17_TEAK_DP1_322000_4097000_classified_point_cloud_colorized.laz","2018_TEAK_3_322000_4097000_image.tif","Tree",1,322000,322999.999,4097000,4097999.999
"2762",2861,322929.606,322937.952,4097801.312,4097810.992,"Silva","NEON_D17_TEAK_DP1_322000_4097000_classified_point_cloud_colorized.laz","2018_TEAK_3_322000_4097000_image.tif","Tree",1,322000,322999.999,4097000,4097999.999
"2763",2862,322691.752,322698.899,4097788.645,4097797.496,"Silva","NEON_D17_TEAK_DP1_322000_4097000_classified_point_cloud_colorized.laz","2018_TEAK_3_322000_4097000_image.tif","Tree",1,322000,322999.999,4097000,4097999.999
"2764",2863,322589.646,322597.473,4097783.525,4097791.413,"Silva","NEON_D17_TEAK_DP1_322000_4097000_classified_point_cloud_colorized.laz","2018_TEAK_3_322000_4097000_image.tif","Tree",1,322000,322999.999,4097000,4097999.999
"2765",2864,322897.075,322905.92,4097801.59,4097809.97,"Silva","NEON_D17_TEAK_DP1_322000_4097000_classified_point_cloud_colorized.laz","2018_TEAK_3_322000_4097000_image.tif","Tree",1,322000,322999.999,4097000,4097999.999
"2766",2865,322812.446,322820.367,4097795.713,4097804.391,"Silva","NEON_D17_TEAK_DP1_322000_4097000_classified_point_cloud_colorized.laz","2018_TEAK_3_322000_4097000_image.tif","Tree",1,322000,322999.999,4097000,4097999.999
"2767",2866,322700.534,322706.992,4097792.63,4097798.843,"Silva","NEON_D17_TEAK_DP1_322000_4097000_classified_point_cloud_colorized.laz","2018_TEAK_3_322000_4097000_image.tif","Tree",1,322000,322999.999,4097000,4097999.999
"2768",2867,322934.542,322943.787,4097803.522,4097813.373,"Silva","NEON_D17_TEAK_DP1_322000_4097000_classified_point_cloud_colorized.laz","2018_TEAK_3_322000_4097000_image.tif","Tree",1,322000,322999.999,4097000,4097999.999
"2769",2868,322825.504,322833.412,4097798.42,4097806.901,"Silva","NEON_D17_TEAK_DP1_322000_4097000_classified_point_cloud_colorized.laz","2018_TEAK_3_322000_4097000_image.tif","Tree",1,322000,322999.999,4097000,4097999.999
"2770",2869,322685.594,322693.742,4097791.939,4097799.976,"Silva","NEON_D17_TEAK_DP1_322000_4097000_classified_point_cloud_colorized.laz","2018_TEAK_3_322000_4097000_image.tif","Tree",1,322000,322999.999,4097000,4097999.999
"2771",2870,322651.018,322657.992,4097791.508,4097797.961,"Silva","NEON_D17_TEAK_DP1_322000_4097000_classified_point_cloud_colorized.laz","2018_TEAK_3_322000_4097000_image.tif","Tree",1,322000,322999.999,4097000,4097999.999
"2772",2871,322657.549,322663.963,4097791.593,4097797.987,"Silva","NEON_D17_TEAK_DP1_322000_4097000_classified_point_cloud_colorized.laz","2018_TEAK_3_322000_4097000_image.tif","Tree",1,322000,322999.999,4097000,4097999.999
"2773",2872,322739.117,322750.992,4097795.001,4097803.13,"Silva","NEON_D17_TEAK_DP1_322000_4097000_classified_point_cloud_colorized.laz","2018_TEAK_3_322000_4097000_image.tif","Tree",1,322000,322999.999,4097000,4097999.999
"2774",2873,322779.596,322786.867,4097797.898,4097804.817,"Silva","NEON_D17_TEAK_DP1_322000_4097000_classified_point_cloud_colorized.laz","2018_TEAK_3_322000_4097000_image.tif","Tree",1,322000,322999.999,4097000,4097999.999
"2775",2874,322840.518,322847.815,4097801.596,4097808.974,"Silva","NEON_D17_TEAK_DP1_322000_4097000_classified_point_cloud_colorized.laz","2018_TEAK_3_322000_4097000_image.tif","Tree",1,322000,322999.999,4097000,4097999.999
"2776",2875,322604.488,322611.976,4097789.036,4097795.481,"Silva","NEON_D17_TEAK_DP1_322000_4097000_classified_point_cloud_colorized.laz","2018_TEAK_3_322000_4097000_image.tif","Tree",1,322000,322999.999,4097000,4097999.999
"2777",2876,322595.517,322603.346,4097788.557,4097795.607,"Silva","NEON_D17_TEAK_DP1_322000_4097000_classified_point_cloud_colorized.laz","2018_TEAK_3_322000_4097000_image.tif","Tree",1,322000,322999.999,4097000,4097999.999
"2778",2877,322561.515,322567.965,4097786.049,4097792.999,"Silva","NEON_D17_TEAK_DP1_322000_4097000_classified_point_cloud_colorized.laz","2018_TEAK_3_322000_4097000_image.tif","Tree",1,322000,322999.999,4097000,4097999.999
"2779",2878,322758.525,322767.952,4097797.009,4097804.367,"Silva","NEON_D17_TEAK_DP1_322000_4097000_classified_point_cloud_colorized.laz","2018_TEAK_3_322000_4097000_image.tif","Tree",1,322000,322999.999,4097000,4097999.999
"2780",2879,322771.561,322778.959,4097799.505,4097804.713,"Silva","NEON_D17_TEAK_DP1_322000_4097000_classified_point_cloud_colorized.laz","2018_TEAK_3_322000_4097000_image.tif","Tree",1,322000,322999.999,4097000,4097999.999
"2781",2880,322832.556,322840.488,4097798.516,4097807.334,"Silva","NEON_D17_TEAK_DP1_322000_4097000_classified_point_cloud_colorized.laz","2018_TEAK_3_322000_4097000_image.tif","Tree",1,322000,322999.999,4097000,4097999.999
"2782",2881,322531.012,322538.426,4097785.088,4097792.015,"Silva","NEON_D17_TEAK_DP1_322000_4097000_classified_point_cloud_colorized.laz","2018_TEAK_3_322000_4097000_image.tif","Tree",1,322000,322999.999,4097000,4097999.999
"2783",2882,322795.107,322802.711,4097800.071,4097809.374,"Silva","NEON_D17_TEAK_DP1_322000_4097000_classified_point_cloud_colorized.laz","2018_TEAK_3_322000_4097000_image.tif","Tree",1,322000,322999.999,4097000,4097999.999
"2784",2883,322827.201,322835.822,4097805.286,4097811.496,"Silva","NEON_D17_TEAK_DP1_322000_4097000_classified_point_cloud_colorized.laz","2018_TEAK_3_322000_4097000_image.tif","Tree",1,322000,322999.999,4097000,4097999.999
"2785",2884,322804.173,322812.788,4097804.001,4097810.95,"Silva","NEON_D17_TEAK_DP1_322000_4097000_classified_point_cloud_colorized.laz","2018_TEAK_3_322000_4097000_image.tif","Tree",1,322000,322999.999,4097000,4097999.999
"2786",2885,322704.185,322712.236,4097797.171,4097805.486,"Silva","NEON_D17_TEAK_DP1_322000_4097000_classified_point_cloud_colorized.laz","2018_TEAK_3_322000_4097000_image.tif","Tree",1,322000,322999.999,4097000,4097999.999
"2787",2886,322889.103,322899.878,4097807.078,4097810.393,"Silva","NEON_D17_TEAK_DP1_322000_4097000_classified_point_cloud_colorized.laz","2018_TEAK_3_322000_4097000_image.tif","Tree",1,322000,322999.999,4097000,4097999.999
"2788",2887,322780.738,322790.463,4097802.993,4097808.499,"Silva","NEON_D17_TEAK_DP1_322000_4097000_classified_point_cloud_colorized.laz","2018_TEAK_3_322000_4097000_image.tif","Tree",1,322000,322999.999,4097000,4097999.999
"2789",2888,322549.818,322553.48,4097792.007,4097796.633,"Silva","NEON_D17_TEAK_DP1_322000_4097000_classified_point_cloud_colorized.laz","2018_TEAK_3_322000_4097000_image.tif","Tree",1,322000,322999.999,4097000,4097999.999
"2790",2889,322530.025,322536.966,4097791.138,4097796.89,"Silva","NEON_D17_TEAK_DP1_322000_4097000_classified_point_cloud_colorized.laz","2018_TEAK_3_322000_4097000_image.tif","Tree",1,322000,322999.999,4097000,4097999.999
"2791",2891,322812.261,322820.407,4097804.547,4097813.799,"Silva","NEON_D17_TEAK_DP1_322000_4097000_classified_point_cloud_colorized.laz","2018_TEAK_3_322000_4097000_image.tif","Tree",1,322000,322999.999,4097000,4097999.999
"2792",2892,322836.156,322842.97,4097804.518,4097812.337,"Silva","NEON_D17_TEAK_DP1_322000_4097000_classified_point_cloud_colorized.laz","2018_TEAK_3_322000_4097000_image.tif","Tree",1,322000,322999.999,4097000,4097999.999
"2793",2893,322576.058,322582.928,4097794.081,4097800.877,"Silva","NEON_D17_TEAK_DP1_322000_4097000_classified_point_cloud_colorized.laz","2018_TEAK_3_322000_4097000_image.tif","Tree",1,322000,322999.999,4097000,4097999.999
"2794",2894,322604.501,322611.842,4097795.015,4097801.99,"Silva","NEON_D17_TEAK_DP1_322000_4097000_classified_point_cloud_colorized.laz","2018_TEAK_3_322000_4097000_image.tif","Tree",1,322000,322999.999,4097000,4097999.999
"2795",2895,322709.428,322718.311,4097800.966,4097807.978,"Silva","NEON_D17_TEAK_DP1_322000_4097000_classified_point_cloud_colorized.laz","2018_TEAK_3_322000_4097000_image.tif","Tree",1,322000,322999.999,4097000,4097999.999
"2796",2896,322915.139,322921.703,4097811.019,4097817.563,"Silva","NEON_D17_TEAK_DP1_322000_4097000_classified_point_cloud_colorized.laz","2018_TEAK_3_322000_4097000_image.tif","Tree",1,322000,322999.999,4097000,4097999.999
"2797",2897,322947.578,322953.998,4097813.006,4097820.979,"Silva","NEON_D17_TEAK_DP1_322000_4097000_classified_point_cloud_colorized.laz","2018_TEAK_3_322000_4097000_image.tif","Tree",1,322000,322999.999,4097000,4097999.999
"2798",2898,322904.519,322911.273,4097810.167,4097817.897,"Silva","NEON_D17_TEAK_DP1_322000_4097000_classified_point_cloud_colorized.laz","2018_TEAK_3_322000_4097000_image.tif","Tree",1,322000,322999.999,4097000,4097999.999
"2799",2899,322898.367,322904.471,4097810.504,4097817.5,"Silva","NEON_D17_TEAK_DP1_322000_4097000_classified_point_cloud_colorized.laz","2018_TEAK_3_322000_4097000_image.tif","Tree",1,322000,322999.999,4097000,4097999.999
"2800",2900,322687.04,322690.324,4097802.3,4097805.851,"Silva","NEON_D17_TEAK_DP1_322000_4097000_classified_point_cloud_colorized.laz","2018_TEAK_3_322000_4097000_image.tif","Tree",1,322000,322999.999,4097000,4097999.999
"2801",2901,322611.01,322617.94,4097796.047,4097804.582,"Silva","NEON_D17_TEAK_DP1_322000_4097000_classified_point_cloud_colorized.laz","2018_TEAK_3_322000_4097000_image.tif","Tree",1,322000,322999.999,4097000,4097999.999
"2802",2902,322597.02,322605.462,4097797.145,4097803.203,"Silva","NEON_D17_TEAK_DP1_322000_4097000_classified_point_cloud_colorized.laz","2018_TEAK_3_322000_4097000_image.tif","Tree",1,322000,322999.999,4097000,4097999.999
"2803",2903,322621.56,322627.446,4097798.504,4097803.08,"Silva","NEON_D17_TEAK_DP1_322000_4097000_classified_point_cloud_colorized.laz","2018_TEAK_3_322000_4097000_image.tif","Tree",1,322000,322999.999,4097000,4097999.999
"2804",2904,322762.447,322768.36,4097803.517,4097811.435,"Silva","NEON_D17_TEAK_DP1_322000_4097000_classified_point_cloud_colorized.laz","2018_TEAK_3_322000_4097000_image.tif","Tree",1,322000,322999.999,4097000,4097999.999
"2805",2905,322769.507,322778.448,4097806.073,4097812.986,"Silva","NEON_D17_TEAK_DP1_322000_4097000_classified_point_cloud_colorized.laz","2018_TEAK_3_322000_4097000_image.tif","Tree",1,322000,322999.999,4097000,4097999.999
"2806",2906,322780.489,322788.847,4097807.038,4097811.246,"Silva","NEON_D17_TEAK_DP1_322000_4097000_classified_point_cloud_colorized.laz","2018_TEAK_3_322000_4097000_image.tif","Tree",1,322000,322999.999,4097000,4097999.999
"2807",2907,322970.217,322976.946,4097815.158,4097822.381,"Silva","NEON_D17_TEAK_DP1_322000_4097000_classified_point_cloud_colorized.laz","2018_TEAK_3_322000_4097000_image.tif","Tree",1,322000,322999.999,4097000,4097999.999
"2808",2908,322679.584,322683.026,4097808.301,4097809.482,"Silva","NEON_D17_TEAK_DP1_322000_4097000_classified_point_cloud_colorized.laz","2018_TEAK_3_322000_4097000_image.tif","Tree",1,322000,322999.999,4097000,4097999.999
"2809",2909,322695.382,322703.429,4097803.514,4097809.48,"Silva","NEON_D17_TEAK_DP1_322000_4097000_classified_point_cloud_colorized.laz","2018_TEAK_3_322000_4097000_image.tif","Tree",1,322000,322999.999,4097000,4097999.999
"2810",2910,322583.808,322591.488,4097797.505,4097805.497,"Silva","NEON_D17_TEAK_DP1_322000_4097000_classified_point_cloud_colorized.laz","2018_TEAK_3_322000_4097000_image.tif","Tree",1,322000,322999.999,4097000,4097999.999
"2811",2911,322672.187,322674.639,4097805.514,4097807.736,"Silva","NEON_D17_TEAK_DP1_322000_4097000_classified_point_cloud_colorized.laz","2018_TEAK_3_322000_4097000_image.tif","Tree",1,322000,322999.999,4097000,4097999.999
"2812",2912,322781.78,322787.247,4097809.686,4097816.371,"Silva","NEON_D17_TEAK_DP1_322000_4097000_classified_point_cloud_colorized.laz","2018_TEAK_3_322000_4097000_image.tif","Tree",1,322000,322999.999,4097000,4097999.999
"2813",2913,322818.225,322827.451,4097806.719,4097817.487,"Silva","NEON_D17_TEAK_DP1_322000_4097000_classified_point_cloud_colorized.laz","2018_TEAK_3_322000_4097000_image.tif","Tree",1,322000,322999.999,4097000,4097999.999
"2814",2914,322826.016,322832.491,4097809.738,4097818.805,"Silva","NEON_D17_TEAK_DP1_322000_4097000_classified_point_cloud_colorized.laz","2018_TEAK_3_322000_4097000_image.tif","Tree",1,322000,322999.999,4097000,4097999.999
"2815",2915,322787.008,322793.471,4097807.721,4097815.754,"Silva","NEON_D17_TEAK_DP1_322000_4097000_classified_point_cloud_colorized.laz","2018_TEAK_3_322000_4097000_image.tif","Tree",1,322000,322999.999,4097000,4097999.999
"2816",2916,322619.5,322624.93,4097801.511,4097807.431,"Silva","NEON_D17_TEAK_DP1_322000_4097000_classified_point_cloud_colorized.laz","2018_TEAK_3_322000_4097000_image.tif","Tree",1,322000,322999.999,4097000,4097999.999
"2817",2917,322701.673,322707.639,4097803.859,4097812.384,"Silva","NEON_D17_TEAK_DP1_322000_4097000_classified_point_cloud_colorized.laz","2018_TEAK_3_322000_4097000_image.tif","Tree",1,322000,322999.999,4097000,4097999.999
"2818",2918,322759.007,322767.46,4097807.031,4097815.382,"Silva","NEON_D17_TEAK_DP1_322000_4097000_classified_point_cloud_colorized.laz","2018_TEAK_3_322000_4097000_image.tif","Tree",1,322000,322999.999,4097000,4097999.999
"2819",2919,322837,322843.963,4097812.069,4097819.38,"Silva","NEON_D17_TEAK_DP1_322000_4097000_classified_point_cloud_colorized.laz","2018_TEAK_3_322000_4097000_image.tif","Tree",1,322000,322999.999,4097000,4097999.999
"2820",2920,322831.3,322836.981,4097811.283,4097818.478,"Silva","NEON_D17_TEAK_DP1_322000_4097000_classified_point_cloud_colorized.laz","2018_TEAK_3_322000_4097000_image.tif","Tree",1,322000,322999.999,4097000,4097999.999
"2821",2921,322941.696,322950.212,4097820.033,4097827.628,"Silva","NEON_D17_TEAK_DP1_322000_4097000_classified_point_cloud_colorized.laz","2018_TEAK_3_322000_4097000_image.tif","Tree",1,322000,322999.999,4097000,4097999.999
"2822",2922,322773.298,322780.183,4097809.158,4097817.337,"Silva","NEON_D17_TEAK_DP1_322000_4097000_classified_point_cloud_colorized.laz","2018_TEAK_3_322000_4097000_image.tif","Tree",1,322000,322999.999,4097000,4097999.999
"2823",2923,322603.564,322614.177,4097802.014,4097809.986,"Silva","NEON_D17_TEAK_DP1_322000_4097000_classified_point_cloud_colorized.laz","2018_TEAK_3_322000_4097000_image.tif","Tree",1,322000,322999.999,4097000,4097999.999
"2824",2924,322727.037,322737.932,4097806.12,4097818.877,"Silva","NEON_D17_TEAK_DP1_322000_4097000_classified_point_cloud_colorized.laz","2018_TEAK_3_322000_4097000_image.tif","Tree",1,322000,322999.999,4097000,4097999.999
"2825",2925,322805.015,322814.922,4097810.501,4097820.454,"Silva","NEON_D17_TEAK_DP1_322000_4097000_classified_point_cloud_colorized.laz","2018_TEAK_3_322000_4097000_image.tif","Tree",1,322000,322999.999,4097000,4097999.999
"2826",2926,322550.043,322555.872,4097802.185,4097807.875,"Silva","NEON_D17_TEAK_DP1_322000_4097000_classified_point_cloud_colorized.laz","2018_TEAK_3_322000_4097000_image.tif","Tree",1,322000,322999.999,4097000,4097999.999
"2827",2927,322669.206,322674.381,4097810.007,4097814.894,"Silva","NEON_D17_TEAK_DP1_322000_4097000_classified_point_cloud_colorized.laz","2018_TEAK_3_322000_4097000_image.tif","Tree",1,322000,322999.999,4097000,4097999.999
"2828",2928,322690.047,322696.983,4097807.521,4097814.542,"Silva","NEON_D17_TEAK_DP1_322000_4097000_classified_point_cloud_colorized.laz","2018_TEAK_3_322000_4097000_image.tif","Tree",1,322000,322999.999,4097000,4097999.999
"2829",2929,322733.749,322742.611,4097812.155,4097818.98,"Silva","NEON_D17_TEAK_DP1_322000_4097000_classified_point_cloud_colorized.laz","2018_TEAK_3_322000_4097000_image.tif","Tree",1,322000,322999.999,4097000,4097999.999
"2830",2930,322714.556,322720.922,4097810.512,4097816.436,"Silva","NEON_D17_TEAK_DP1_322000_4097000_classified_point_cloud_colorized.laz","2018_TEAK_3_322000_4097000_image.tif","Tree",1,322000,322999.999,4097000,4097999.999
"2831",2931,322674.548,322682.471,4097809.158,4097817.323,"Silva","NEON_D17_TEAK_DP1_322000_4097000_classified_point_cloud_colorized.laz","2018_TEAK_3_322000_4097000_image.tif","Tree",1,322000,322999.999,4097000,4097999.999
"2832",2932,322555.102,322560.486,4097803.513,4097810.419,"Silva","NEON_D17_TEAK_DP1_322000_4097000_classified_point_cloud_colorized.laz","2018_TEAK_3_322000_4097000_image.tif","Tree",1,322000,322999.999,4097000,4097999.999
"2833",2933,322630.002,322635.427,4097809.109,4097814.811,"Silva","NEON_D17_TEAK_DP1_322000_4097000_classified_point_cloud_colorized.laz","2018_TEAK_3_322000_4097000_image.tif","Tree",1,322000,322999.999,4097000,4097999.999
"2834",2934,322784.078,322791.967,4097814.563,4097822.765,"Silva","NEON_D17_TEAK_DP1_322000_4097000_classified_point_cloud_colorized.laz","2018_TEAK_3_322000_4097000_image.tif","Tree",1,322000,322999.999,4097000,4097999.999
"2835",2935,322954.512,322960.907,4097822.696,4097828.983,"Silva","NEON_D17_TEAK_DP1_322000_4097000_classified_point_cloud_colorized.laz","2018_TEAK_3_322000_4097000_image.tif","Tree",1,322000,322999.999,4097000,4097999.999
"2836",2936,322593.164,322600.39,4097807.018,4097812.936,"Silva","NEON_D17_TEAK_DP1_322000_4097000_classified_point_cloud_colorized.laz","2018_TEAK_3_322000_4097000_image.tif","Tree",1,322000,322999.999,4097000,4097999.999
"2837",2937,322541.014,322547.353,4097804.518,4097812.976,"Silva","NEON_D17_TEAK_DP1_322000_4097000_classified_point_cloud_colorized.laz","2018_TEAK_3_322000_4097000_image.tif","Tree",1,322000,322999.999,4097000,4097999.999
"2838",2938,322580.094,322585.887,4097806.518,4097811.871,"Silva","NEON_D17_TEAK_DP1_322000_4097000_classified_point_cloud_colorized.laz","2018_TEAK_3_322000_4097000_image.tif","Tree",1,322000,322999.999,4097000,4097999.999
"2839",2939,322829.063,322838.314,4097818.098,4097825.964,"Silva","NEON_D17_TEAK_DP1_322000_4097000_classified_point_cloud_colorized.laz","2018_TEAK_3_322000_4097000_image.tif","Tree",1,322000,322999.999,4097000,4097999.999
"2840",2940,322536.273,322541.37,4097805.523,4097810.967,"Silva","NEON_D17_TEAK_DP1_322000_4097000_classified_point_cloud_colorized.laz","2018_TEAK_3_322000_4097000_image.tif","Tree",1,322000,322999.999,4097000,4097999.999
"2841",2941,322814.516,322825.482,4097816.689,4097827.825,"Silva","NEON_D17_TEAK_DP1_322000_4097000_classified_point_cloud_colorized.laz","2018_TEAK_3_322000_4097000_image.tif","Tree",1,322000,322999.999,4097000,4097999.999
"2842",2942,322852.798,322862.461,4097817.567,4097826.899,"Silva","NEON_D17_TEAK_DP1_322000_4097000_classified_point_cloud_colorized.laz","2018_TEAK_3_322000_4097000_image.tif","Tree",1,322000,322999.999,4097000,4097999.999
"2843",2943,322639.681,322641.98,4097813.524,4097817.804,"Silva","NEON_D17_TEAK_DP1_322000_4097000_classified_point_cloud_colorized.laz","2018_TEAK_3_322000_4097000_image.tif","Tree",1,322000,322999.999,4097000,4097999.999
"2844",2944,322589.33,322594.936,4097809.797,4097815.655,"Silva","NEON_D17_TEAK_DP1_322000_4097000_classified_point_cloud_colorized.laz","2018_TEAK_3_322000_4097000_image.tif","Tree",1,322000,322999.999,4097000,4097999.999
"2845",2945,322569.565,322574.949,4097808.138,4097815.189,"Silva","NEON_D17_TEAK_DP1_322000_4097000_classified_point_cloud_colorized.laz","2018_TEAK_3_322000_4097000_image.tif","Tree",1,322000,322999.999,4097000,4097999.999
"2846",2946,322789.092,322796.966,4097817.605,4097826.236,"Silva","NEON_D17_TEAK_DP1_322000_4097000_classified_point_cloud_colorized.laz","2018_TEAK_3_322000_4097000_image.tif","Tree",1,322000,322999.999,4097000,4097999.999
"2847",2947,322837.522,322845.284,4097819.517,4097828.495,"Silva","NEON_D17_TEAK_DP1_322000_4097000_classified_point_cloud_colorized.laz","2018_TEAK_3_322000_4097000_image.tif","Tree",1,322000,322999.999,4097000,4097999.999
"2848",2948,322749.702,322755.462,4097816.666,4097823.946,"Silva","NEON_D17_TEAK_DP1_322000_4097000_classified_point_cloud_colorized.laz","2018_TEAK_3_322000_4097000_image.tif","Tree",1,322000,322999.999,4097000,4097999.999
"2849",2949,322597.017,322602.859,4097809.074,4097816.869,"Silva","NEON_D17_TEAK_DP1_322000_4097000_classified_point_cloud_colorized.laz","2018_TEAK_3_322000_4097000_image.tif","Tree",1,322000,322999.999,4097000,4097999.999
"2850",2950,322573.018,322578.445,4097811.267,4097816.486,"Silva","NEON_D17_TEAK_DP1_322000_4097000_classified_point_cloud_colorized.laz","2018_TEAK_3_322000_4097000_image.tif","Tree",1,322000,322999.999,4097000,4097999.999
"2851",2951,322602.04,322608.495,4097810.092,4097817.83,"Silva","NEON_D17_TEAK_DP1_322000_4097000_classified_point_cloud_colorized.laz","2018_TEAK_3_322000_4097000_image.tif","Tree",1,322000,322999.999,4097000,4097999.999
"2852",2952,322656.69,322664.309,4097811.067,4097819.652,"Silva","NEON_D17_TEAK_DP1_322000_4097000_classified_point_cloud_colorized.laz","2018_TEAK_3_322000_4097000_image.tif","Tree",1,322000,322999.999,4097000,4097999.999
"2853",2953,322699.617,322707.919,4097815.506,4097823.812,"Silva","NEON_D17_TEAK_DP1_322000_4097000_classified_point_cloud_colorized.laz","2018_TEAK_3_322000_4097000_image.tif","Tree",1,322000,322999.999,4097000,4097999.999
"2854",2954,322668.055,322677.964,4097813.638,4097822.998,"Silva","NEON_D17_TEAK_DP1_322000_4097000_classified_point_cloud_colorized.laz","2018_TEAK_3_322000_4097000_image.tif","Tree",1,322000,322999.999,4097000,4097999.999
"2855",2955,322578.604,322584.966,4097811.587,4097817.925,"Silva","NEON_D17_TEAK_DP1_322000_4097000_classified_point_cloud_colorized.laz","2018_TEAK_3_322000_4097000_image.tif","Tree",1,322000,322999.999,4097000,4097999.999
"2856",2956,322801.93,322812.267,4097819.804,4097828.442,"Silva","NEON_D17_TEAK_DP1_322000_4097000_classified_point_cloud_colorized.laz","2018_TEAK_3_322000_4097000_image.tif","Tree",1,322000,322999.999,4097000,4097999.999
"2857",2957,322947.671,322954.453,4097828.015,4097834.076,"Silva","NEON_D17_TEAK_DP1_322000_4097000_classified_point_cloud_colorized.laz","2018_TEAK_3_322000_4097000_image.tif","Tree",1,322000,322999.999,4097000,4097999.999
"2858",2958,322954.621,322960.95,4097829.011,4097834.469,"Silva","NEON_D17_TEAK_DP1_322000_4097000_classified_point_cloud_colorized.laz","2018_TEAK_3_322000_4097000_image.tif","Tree",1,322000,322999.999,4097000,4097999.999
"2859",2959,322981.552,322990.366,4097827.522,4097838.488,"Silva","NEON_D17_TEAK_DP1_322000_4097000_classified_point_cloud_colorized.laz","2018_TEAK_3_322000_4097000_image.tif","Tree",1,322000,322999.999,4097000,4097999.999
"2860",2960,322637.046,322641.058,4097816.797,4097821.477,"Silva","NEON_D17_TEAK_DP1_322000_4097000_classified_point_cloud_colorized.laz","2018_TEAK_3_322000_4097000_image.tif","Tree",1,322000,322999.999,4097000,4097999.999
"2861",2962,322679.639,322685.889,4097818.527,4097825.206,"Silva","NEON_D17_TEAK_DP1_322000_4097000_classified_point_cloud_colorized.laz","2018_TEAK_3_322000_4097000_image.tif","Tree",1,322000,322999.999,4097000,4097999.999
"2862",2963,322961.124,322969.958,4097831.121,4097838.853,"Silva","NEON_D17_TEAK_DP1_322000_4097000_classified_point_cloud_colorized.laz","2018_TEAK_3_322000_4097000_image.tif","Tree",1,322000,322999.999,4097000,4097999.999
"2863",2964,322712.205,322718.823,4097818.983,4097828.123,"Silva","NEON_D17_TEAK_DP1_322000_4097000_classified_point_cloud_colorized.laz","2018_TEAK_3_322000_4097000_image.tif","Tree",1,322000,322999.999,4097000,4097999.999
"2864",2965,322619.058,322627.455,4097815.272,4097823.223,"Silva","NEON_D17_TEAK_DP1_322000_4097000_classified_point_cloud_colorized.laz","2018_TEAK_3_322000_4097000_image.tif","Tree",1,322000,322999.999,4097000,4097999.999
"2865",2966,322808.557,322815.263,4097824.19,4097832.479,"Silva","NEON_D17_TEAK_DP1_322000_4097000_classified_point_cloud_colorized.laz","2018_TEAK_3_322000_4097000_image.tif","Tree",1,322000,322999.999,4097000,4097999.999
"2866",2967,322795.062,322802.415,4097824.033,4097830.904,"Silva","NEON_D17_TEAK_DP1_322000_4097000_classified_point_cloud_colorized.laz","2018_TEAK_3_322000_4097000_image.tif","Tree",1,322000,322999.999,4097000,4097999.999
"2867",2968,322518.747,322526.371,4097812.768,4097821.989,"Silva","NEON_D17_TEAK_DP1_322000_4097000_classified_point_cloud_colorized.laz","2018_TEAK_3_322000_4097000_image.tif","Tree",1,322000,322999.999,4097000,4097999.999
"2868",2969,322592.026,322598.687,4097817.152,4097822.934,"Silva","NEON_D17_TEAK_DP1_322000_4097000_classified_point_cloud_colorized.laz","2018_TEAK_3_322000_4097000_image.tif","Tree",1,322000,322999.999,4097000,4097999.999
"2869",2970,322664.542,322672.883,4097817.304,4097826.471,"Silva","NEON_D17_TEAK_DP1_322000_4097000_classified_point_cloud_colorized.laz","2018_TEAK_3_322000_4097000_image.tif","Tree",1,322000,322999.999,4097000,4097999.999
"2870",2971,322986.006,322995.966,4097831.083,4097841.38,"Silva","NEON_D17_TEAK_DP1_322000_4097000_classified_point_cloud_colorized.laz","2018_TEAK_3_322000_4097000_image.tif","Tree",1,322000,322999.999,4097000,4097999.999
"2871",2972,322827.114,322837.479,4097825.567,4097833.951,"Silva","NEON_D17_TEAK_DP1_322000_4097000_classified_point_cloud_colorized.laz","2018_TEAK_3_322000_4097000_image.tif","Tree",1,322000,322999.999,4097000,4097999.999
"2872",2973,322649.727,322659.412,4097818.199,4097828.84,"Silva","NEON_D17_TEAK_DP1_322000_4097000_classified_point_cloud_colorized.laz","2018_TEAK_3_322000_4097000_image.tif","Tree",1,322000,322999.999,4097000,4097999.999
"2873",2974,322636.038,322638.998,4097823.079,4097827.289,"Silva","NEON_D17_TEAK_DP1_322000_4097000_classified_point_cloud_colorized.laz","2018_TEAK_3_322000_4097000_image.tif","Tree",1,322000,322999.999,4097000,4097999.999
"2874",2975,322755.837,322761.686,4097825.515,4097831.48,"Silva","NEON_D17_TEAK_DP1_322000_4097000_classified_point_cloud_colorized.laz","2018_TEAK_3_322000_4097000_image.tif","Tree",1,322000,322999.999,4097000,4097999.999
"2875",2976,322811.059,322817.961,4097827.323,4097834.953,"Silva","NEON_D17_TEAK_DP1_322000_4097000_classified_point_cloud_colorized.laz","2018_TEAK_3_322000_4097000_image.tif","Tree",1,322000,322999.999,4097000,4097999.999
"2876",2977,322587.111,322593.271,4097817.566,4097827.492,"Silva","NEON_D17_TEAK_DP1_322000_4097000_classified_point_cloud_colorized.laz","2018_TEAK_3_322000_4097000_image.tif","Tree",1,322000,322999.999,4097000,4097999.999
"2877",2978,322515.279,322521.784,4097817.006,4097826.456,"Silva","NEON_D17_TEAK_DP1_322000_4097000_classified_point_cloud_colorized.laz","2018_TEAK_3_322000_4097000_image.tif","Tree",1,322000,322999.999,4097000,4097999.999
"2878",2979,322598.457,322604.755,4097821.127,4097827.76,"Silva","NEON_D17_TEAK_DP1_322000_4097000_classified_point_cloud_colorized.laz","2018_TEAK_3_322000_4097000_image.tif","Tree",1,322000,322999.999,4097000,4097999.999
"2879",2980,322641.637,322650.224,4097820.583,4097829.438,"Silva","NEON_D17_TEAK_DP1_322000_4097000_classified_point_cloud_colorized.laz","2018_TEAK_3_322000_4097000_image.tif","Tree",1,322000,322999.999,4097000,4097999.999
"2880",2981,322799.033,322806.092,4097828.388,4097835.293,"Silva","NEON_D17_TEAK_DP1_322000_4097000_classified_point_cloud_colorized.laz","2018_TEAK_3_322000_4097000_image.tif","Tree",1,322000,322999.999,4097000,4097999.999
"2881",2982,322816.214,322824.816,4097828.744,4097838.492,"Silva","NEON_D17_TEAK_DP1_322000_4097000_classified_point_cloud_colorized.laz","2018_TEAK_3_322000_4097000_image.tif","Tree",1,322000,322999.999,4097000,4097999.999
"2882",2983,322605.046,322612.672,4097822.606,4097829.41,"Silva","NEON_D17_TEAK_DP1_322000_4097000_classified_point_cloud_colorized.laz","2018_TEAK_3_322000_4097000_image.tif","Tree",1,322000,322999.999,4097000,4097999.999
"2883",2984,322573.502,322583.491,4097819.353,4097828.127,"Silva","NEON_D17_TEAK_DP1_322000_4097000_classified_point_cloud_colorized.laz","2018_TEAK_3_322000_4097000_image.tif","Tree",1,322000,322999.999,4097000,4097999.999
"2884",2985,322875.624,322884.834,4097832.341,4097843.125,"Silva","NEON_D17_TEAK_DP1_322000_4097000_classified_point_cloud_colorized.laz","2018_TEAK_3_322000_4097000_image.tif","Tree",1,322000,322999.999,4097000,4097999.999
"2885",2986,322689.013,322693.091,4097831.239,4097834.994,"Silva","NEON_D17_TEAK_DP1_322000_4097000_classified_point_cloud_colorized.laz","2018_TEAK_3_322000_4097000_image.tif","Tree",1,322000,322999.999,4097000,4097999.999
"2886",2987,322733.636,322738.661,4097831.501,4097833.917,"Silva","NEON_D17_TEAK_DP1_322000_4097000_classified_point_cloud_colorized.laz","2018_TEAK_3_322000_4097000_image.tif","Tree",1,322000,322999.999,4097000,4097999.999
"2887",2988,322646.688,322652.825,4097828.003,4097835.455,"Silva","NEON_D17_TEAK_DP1_322000_4097000_classified_point_cloud_colorized.laz","2018_TEAK_3_322000_4097000_image.tif","Tree",1,322000,322999.999,4097000,4097999.999
"2888",2989,322625.584,322634.908,4097826.131,4097836.49,"Silva","NEON_D17_TEAK_DP1_322000_4097000_classified_point_cloud_colorized.laz","2018_TEAK_3_322000_4097000_image.tif","Tree",1,322000,322999.999,4097000,4097999.999
"2889",2990,322634.549,322641.688,4097827.012,4097835.896,"Silva","NEON_D17_TEAK_DP1_322000_4097000_classified_point_cloud_colorized.laz","2018_TEAK_3_322000_4097000_image.tif","Tree",1,322000,322999.999,4097000,4097999.999
"2890",2991,322806.198,322813.759,4097832.509,4097841.215,"Silva","NEON_D17_TEAK_DP1_322000_4097000_classified_point_cloud_colorized.laz","2018_TEAK_3_322000_4097000_image.tif","Tree",1,322000,322999.999,4097000,4097999.999
"2891",2992,322825.847,322835.496,4097832.375,4097844.152,"Silva","NEON_D17_TEAK_DP1_322000_4097000_classified_point_cloud_colorized.laz","2018_TEAK_3_322000_4097000_image.tif","Tree",1,322000,322999.999,4097000,4097999.999
"2892",2993,322577.525,322586.495,4097825.563,4097835.995,"Silva","NEON_D17_TEAK_DP1_322000_4097000_classified_point_cloud_colorized.laz","2018_TEAK_3_322000_4097000_image.tif","Tree",1,322000,322999.999,4097000,4097999.999
"2893",2994,322757.001,322763.981,4097834.824,4097840.113,"Silva","NEON_D17_TEAK_DP1_322000_4097000_classified_point_cloud_colorized.laz","2018_TEAK_3_322000_4097000_image.tif","Tree",1,322000,322999.999,4097000,4097999.999
"2894",2995,322813.055,322822.473,4097836.095,4097843,"Silva","NEON_D17_TEAK_DP1_322000_4097000_classified_point_cloud_colorized.laz","2018_TEAK_3_322000_4097000_image.tif","Tree",1,322000,322999.999,4097000,4097999.999
"2895",2996,322612.116,322618.956,4097830.04,4097838.586,"Silva","NEON_D17_TEAK_DP1_322000_4097000_classified_point_cloud_colorized.laz","2018_TEAK_3_322000_4097000_image.tif","Tree",1,322000,322999.999,4097000,4097999.999
"2896",2997,322606.02,322611.497,4097829.522,4097834.933,"Silva","NEON_D17_TEAK_DP1_322000_4097000_classified_point_cloud_colorized.laz","2018_TEAK_3_322000_4097000_image.tif","Tree",1,322000,322999.999,4097000,4097999.999
"2897",2998,322556.407,322567.07,4097826.007,4097836.934,"Silva","NEON_D17_TEAK_DP1_322000_4097000_classified_point_cloud_colorized.laz","2018_TEAK_3_322000_4097000_image.tif","Tree",1,322000,322999.999,4097000,4097999.999
"2898",2999,322888.507,322894.971,4097838.121,4097845.997,"Silva","NEON_D17_TEAK_DP1_322000_4097000_classified_point_cloud_colorized.laz","2018_TEAK_3_322000_4097000_image.tif","Tree",1,322000,322999.999,4097000,4097999.999
"2899",3000,322658.593,322666.976,4097832.618,4097841.443,"Silva","NEON_D17_TEAK_DP1_322000_4097000_classified_point_cloud_colorized.laz","2018_TEAK_3_322000_4097000_image.tif","Tree",1,322000,322999.999,4097000,4097999.999
"2900",3001,322670.203,322671.965,4097836.838,4097839.671,"Silva","NEON_D17_TEAK_DP1_322000_4097000_classified_point_cloud_colorized.laz","2018_TEAK_3_322000_4097000_image.tif","Tree",1,322000,322999.999,4097000,4097999.999
"2901",3002,322729.542,322733.229,4097837.049,4097841.316,"Silva","NEON_D17_TEAK_DP1_322000_4097000_classified_point_cloud_colorized.laz","2018_TEAK_3_322000_4097000_image.tif","Tree",1,322000,322999.999,4097000,4097999.999
"2902",3003,322822.155,322832.991,4097836.116,4097844.992,"Silva","NEON_D17_TEAK_DP1_322000_4097000_classified_point_cloud_colorized.laz","2018_TEAK_3_322000_4097000_image.tif","Tree",1,322000,322999.999,4097000,4097999.999
"2903",3004,322519,322527.442,4097826.01,4097836.103,"Silva","NEON_D17_TEAK_DP1_322000_4097000_classified_point_cloud_colorized.laz","2018_TEAK_3_322000_4097000_image.tif","Tree",1,322000,322999.999,4097000,4097999.999
"2904",3005,322509.658,322518.999,4097825.849,4097835.997,"Silva","NEON_D17_TEAK_DP1_322000_4097000_classified_point_cloud_colorized.laz","2018_TEAK_3_322000_4097000_image.tif","Tree",1,322000,322999.999,4097000,4097999.999
"2905",3006,322650.132,322658.363,4097833.801,4097842.491,"Silva","NEON_D17_TEAK_DP1_322000_4097000_classified_point_cloud_colorized.laz","2018_TEAK_3_322000_4097000_image.tif","Tree",1,322000,322999.999,4097000,4097999.999
"2906",3007,322810.504,322821.416,4097841.532,4097849.695,"Silva","NEON_D17_TEAK_DP1_322000_4097000_classified_point_cloud_colorized.laz","2018_TEAK_3_322000_4097000_image.tif","Tree",1,322000,322999.999,4097000,4097999.999
"2907",3008,322662.94,322671.868,4097837.168,4097844.131,"Silva","NEON_D17_TEAK_DP1_322000_4097000_classified_point_cloud_colorized.laz","2018_TEAK_3_322000_4097000_image.tif","Tree",1,322000,322999.999,4097000,4097999.999
"2908",3009,322526.502,322534.813,4097833.006,4097839.034,"Silva","NEON_D17_TEAK_DP1_322000_4097000_classified_point_cloud_colorized.laz","2018_TEAK_3_322000_4097000_image.tif","Tree",1,322000,322999.999,4097000,4097999.999
"2909",3010,322642.516,322648.715,4097838.036,4097843.785,"Silva","NEON_D17_TEAK_DP1_322000_4097000_classified_point_cloud_colorized.laz","2018_TEAK_3_322000_4097000_image.tif","Tree",1,322000,322999.999,4097000,4097999.999
"2910",3011,322678.042,322680.472,4097841.62,4097843.95,"Silva","NEON_D17_TEAK_DP1_322000_4097000_classified_point_cloud_colorized.laz","2018_TEAK_3_322000_4097000_image.tif","Tree",1,322000,322999.999,4097000,4097999.999
"2911",3012,322727.53,322728.965,4097844.272,4097845.399,"Silva","NEON_D17_TEAK_DP1_322000_4097000_classified_point_cloud_colorized.laz","2018_TEAK_3_322000_4097000_image.tif","Tree",1,322000,322999.999,4097000,4097999.999
"2912",3013,322848.147,322857.361,4097844.015,4097849.978,"Silva","NEON_D17_TEAK_DP1_322000_4097000_classified_point_cloud_colorized.laz","2018_TEAK_3_322000_4097000_image.tif","Tree",1,322000,322999.999,4097000,4097999.999
"2913",3014,322953.073,322961.476,4097845.051,4097856.493,"Silva","NEON_D17_TEAK_DP1_322000_4097000_classified_point_cloud_colorized.laz","2018_TEAK_3_322000_4097000_image.tif","Tree",1,322000,322999.999,4097000,4097999.999
"2914",3015,322550.502,322559.479,4097835.566,4097843.895,"Silva","NEON_D17_TEAK_DP1_322000_4097000_classified_point_cloud_colorized.laz","2018_TEAK_3_322000_4097000_image.tif","Tree",1,322000,322999.999,4097000,4097999.999
"2915",3016,322822.892,322833.433,4097845.015,4097853.158,"Silva","NEON_D17_TEAK_DP1_322000_4097000_classified_point_cloud_colorized.laz","2018_TEAK_3_322000_4097000_image.tif","Tree",1,322000,322999.999,4097000,4097999.999
"2916",3017,322705.569,322714.386,4097841.628,4097846.767,"Silva","NEON_D17_TEAK_DP1_322000_4097000_classified_point_cloud_colorized.laz","2018_TEAK_3_322000_4097000_image.tif","Tree",1,322000,322999.999,4097000,4097999.999
"2917",3018,322540.524,322550.374,4097833.528,4097841.978,"Silva","NEON_D17_TEAK_DP1_322000_4097000_classified_point_cloud_colorized.laz","2018_TEAK_3_322000_4097000_image.tif","Tree",1,322000,322999.999,4097000,4097999.999
"2918",3019,322562.025,322571.821,4097832.546,4097842.991,"Silva","NEON_D17_TEAK_DP1_322000_4097000_classified_point_cloud_colorized.laz","2018_TEAK_3_322000_4097000_image.tif","Tree",1,322000,322999.999,4097000,4097999.999
"2919",3020,322965.357,322967.46,4097853.118,4097856.2,"Silva","NEON_D17_TEAK_DP1_322000_4097000_classified_point_cloud_colorized.laz","2018_TEAK_3_322000_4097000_image.tif","Tree",1,322000,322999.999,4097000,4097999.999
"2920",3021,322906.638,322913.969,4097849.061,4097856.246,"Silva","NEON_D17_TEAK_DP1_322000_4097000_classified_point_cloud_colorized.laz","2018_TEAK_3_322000_4097000_image.tif","Tree",1,322000,322999.999,4097000,4097999.999
"2921",3022,322846.012,322850.37,4097846.685,4097852.69,"Silva","NEON_D17_TEAK_DP1_322000_4097000_classified_point_cloud_colorized.laz","2018_TEAK_3_322000_4097000_image.tif","Tree",1,322000,322999.999,4097000,4097999.999
"2922",3023,322714.519,322720.412,4097842.017,4097851.316,"Silva","NEON_D17_TEAK_DP1_322000_4097000_classified_point_cloud_colorized.laz","2018_TEAK_3_322000_4097000_image.tif","Tree",1,322000,322999.999,4097000,4097999.999
"2923",3024,322512.506,322520.284,4097834.591,4097843.443,"Silva","NEON_D17_TEAK_DP1_322000_4097000_classified_point_cloud_colorized.laz","2018_TEAK_3_322000_4097000_image.tif","Tree",1,322000,322999.999,4097000,4097999.999
"2924",3025,322508.595,322512.463,4097834.506,4097841.998,"Silva","NEON_D17_TEAK_DP1_322000_4097000_classified_point_cloud_colorized.laz","2018_TEAK_3_322000_4097000_image.tif","Tree",1,322000,322999.999,4097000,4097999.999
"2925",3026,322881.574,322891.983,4097847.512,4097855.956,"Silva","NEON_D17_TEAK_DP1_322000_4097000_classified_point_cloud_colorized.laz","2018_TEAK_3_322000_4097000_image.tif","Tree",1,322000,322999.999,4097000,4097999.999
"2926",3027,322796.001,322802.487,4097844.538,4097853.304,"Silva","NEON_D17_TEAK_DP1_322000_4097000_classified_point_cloud_colorized.laz","2018_TEAK_3_322000_4097000_image.tif","Tree",1,322000,322999.999,4097000,4097999.999
"2927",3028,322778.179,322786.483,4097842.543,4097851.78,"Silva","NEON_D17_TEAK_DP1_322000_4097000_classified_point_cloud_colorized.laz","2018_TEAK_3_322000_4097000_image.tif","Tree",1,322000,322999.999,4097000,4097999.999
"2928",3030,322695.949,322697.465,4097843.463,4097845.305,"Silva","NEON_D17_TEAK_DP1_322000_4097000_classified_point_cloud_colorized.laz","2018_TEAK_3_322000_4097000_image.tif","Tree",1,322000,322999.999,4097000,4097999.999
"2929",3031,322687.06,322689.96,4097845.047,4097848.338,"Silva","NEON_D17_TEAK_DP1_322000_4097000_classified_point_cloud_colorized.laz","2018_TEAK_3_322000_4097000_image.tif","Tree",1,322000,322999.999,4097000,4097999.999
"2930",3032,322634.607,322641.992,4097841.053,4097848.397,"Silva","NEON_D17_TEAK_DP1_322000_4097000_classified_point_cloud_colorized.laz","2018_TEAK_3_322000_4097000_image.tif","Tree",1,322000,322999.999,4097000,4097999.999
"2931",3033,322622.536,322633.996,4097837.991,4097848.902,"Silva","NEON_D17_TEAK_DP1_322000_4097000_classified_point_cloud_colorized.laz","2018_TEAK_3_322000_4097000_image.tif","Tree",1,322000,322999.999,4097000,4097999.999
"2932",3034,322668.51,322668.788,4097847.619,4097847.832,"Silva","NEON_D17_TEAK_DP1_322000_4097000_classified_point_cloud_colorized.laz","2018_TEAK_3_322000_4097000_image.tif","Tree",1,322000,322999.999,4097000,4097999.999
"2933",3035,322938.609,322946.418,4097851.617,4097858.885,"Silva","NEON_D17_TEAK_DP1_322000_4097000_classified_point_cloud_colorized.laz","2018_TEAK_3_322000_4097000_image.tif","Tree",1,322000,322999.999,4097000,4097999.999
"2934",3036,322818.511,322828.559,4097849.302,4097857.991,"Silva","NEON_D17_TEAK_DP1_322000_4097000_classified_point_cloud_colorized.laz","2018_TEAK_3_322000_4097000_image.tif","Tree",1,322000,322999.999,4097000,4097999.999
"2935",3037,322558.992,322564.461,4097837.007,4097849.435,"Silva","NEON_D17_TEAK_DP1_322000_4097000_classified_point_cloud_colorized.laz","2018_TEAK_3_322000_4097000_image.tif","Tree",1,322000,322999.999,4097000,4097999.999
"2936",3038,322871.073,322880.43,4097850.516,4097860.488,"Silva","NEON_D17_TEAK_DP1_322000_4097000_classified_point_cloud_colorized.laz","2018_TEAK_3_322000_4097000_image.tif","Tree",1,322000,322999.999,4097000,4097999.999
"2937",3039,322699.104,322703.289,4097846.027,4097847.37,"Silva","NEON_D17_TEAK_DP1_322000_4097000_classified_point_cloud_colorized.laz","2018_TEAK_3_322000_4097000_image.tif","Tree",1,322000,322999.999,4097000,4097999.999
"2938",3040,322938.844,322946.302,4097857.47,4097863.429,"Silva","NEON_D17_TEAK_DP1_322000_4097000_classified_point_cloud_colorized.laz","2018_TEAK_3_322000_4097000_image.tif","Tree",1,322000,322999.999,4097000,4097999.999
"2939",3041,322691.504,322695.953,4097850.505,4097854.728,"Silva","NEON_D17_TEAK_DP1_322000_4097000_classified_point_cloud_colorized.laz","2018_TEAK_3_322000_4097000_image.tif","Tree",1,322000,322999.999,4097000,4097999.999
"2940",3042,322776.041,322784.437,4097852.646,4097859.495,"Silva","NEON_D17_TEAK_DP1_322000_4097000_classified_point_cloud_colorized.laz","2018_TEAK_3_322000_4097000_image.tif","Tree",1,322000,322999.999,4097000,4097999.999
"2941",3043,322682.513,322688.491,4097850.588,4097857.77,"Silva","NEON_D17_TEAK_DP1_322000_4097000_classified_point_cloud_colorized.laz","2018_TEAK_3_322000_4097000_image.tif","Tree",1,322000,322999.999,4097000,4097999.999
"2942",3044,322725.549,322730.467,4097853.036,4097858.322,"Silva","NEON_D17_TEAK_DP1_322000_4097000_classified_point_cloud_colorized.laz","2018_TEAK_3_322000_4097000_image.tif","Tree",1,322000,322999.999,4097000,4097999.999
"2943",3045,322931.025,322939.175,4097859.004,4097866.249,"Silva","NEON_D17_TEAK_DP1_322000_4097000_classified_point_cloud_colorized.laz","2018_TEAK_3_322000_4097000_image.tif","Tree",1,322000,322999.999,4097000,4097999.999
"2944",3046,322887.804,322897.971,4097854.612,4097868.471,"Silva","NEON_D17_TEAK_DP1_322000_4097000_classified_point_cloud_colorized.laz","2018_TEAK_3_322000_4097000_image.tif","Tree",1,322000,322999.999,4097000,4097999.999
"2945",3047,322652.501,322663.289,4097848.546,4097858,"Silva","NEON_D17_TEAK_DP1_322000_4097000_classified_point_cloud_colorized.laz","2018_TEAK_3_322000_4097000_image.tif","Tree",1,322000,322999.999,4097000,4097999.999
"2946",3048,322525.026,322534.97,4097844.024,4097853.452,"Silva","NEON_D17_TEAK_DP1_322000_4097000_classified_point_cloud_colorized.laz","2018_TEAK_3_322000_4097000_image.tif","Tree",1,322000,322999.999,4097000,4097999.999
"2947",3049,322822.542,322832.38,4097853.537,4097863.883,"Silva","NEON_D17_TEAK_DP1_322000_4097000_classified_point_cloud_colorized.laz","2018_TEAK_3_322000_4097000_image.tif","Tree",1,322000,322999.999,4097000,4097999.999
"2948",3050,322972.654,322977.655,4097862.517,4097867.857,"Silva","NEON_D17_TEAK_DP1_322000_4097000_classified_point_cloud_colorized.laz","2018_TEAK_3_322000_4097000_image.tif","Tree",1,322000,322999.999,4097000,4097999.999
"2949",3051,322643.181,322648.853,4097851.545,4097858.496,"Silva","NEON_D17_TEAK_DP1_322000_4097000_classified_point_cloud_colorized.laz","2018_TEAK_3_322000_4097000_image.tif","Tree",1,322000,322999.999,4097000,4097999.999
"2950",3052,322648.506,322654.802,4097852.336,4097859.489,"Silva","NEON_D17_TEAK_DP1_322000_4097000_classified_point_cloud_colorized.laz","2018_TEAK_3_322000_4097000_image.tif","Tree",1,322000,322999.999,4097000,4097999.999
"2951",3053,322614.199,322621.986,4097853.032,4097859.852,"Silva","NEON_D17_TEAK_DP1_322000_4097000_classified_point_cloud_colorized.laz","2018_TEAK_3_322000_4097000_image.tif","Tree",1,322000,322999.999,4097000,4097999.999
"2952",3054,322745.532,322752.868,4097858.558,4097865.77,"Silva","NEON_D17_TEAK_DP1_322000_4097000_classified_point_cloud_colorized.laz","2018_TEAK_3_322000_4097000_image.tif","Tree",1,322000,322999.999,4097000,4097999.999
"2953",3055,322816.002,322826.997,4097857.232,4097869.936,"Silva","NEON_D17_TEAK_DP1_322000_4097000_classified_point_cloud_colorized.laz","2018_TEAK_3_322000_4097000_image.tif","Tree",1,322000,322999.999,4097000,4097999.999
"2954",3056,322992.026,322995.97,4097868.772,4097872.438,"Silva","NEON_D17_TEAK_DP1_322000_4097000_classified_point_cloud_colorized.laz","2018_TEAK_3_322000_4097000_image.tif","Tree",1,322000,322999.999,4097000,4097999.999
"2955",3057,322880.527,322889.221,4097862.724,4097870.664,"Silva","NEON_D17_TEAK_DP1_322000_4097000_classified_point_cloud_colorized.laz","2018_TEAK_3_322000_4097000_image.tif","Tree",1,322000,322999.999,4097000,4097999.999
"2956",3058,322826.506,322836.963,4097863.649,4097871.885,"Silva","NEON_D17_TEAK_DP1_322000_4097000_classified_point_cloud_colorized.laz","2018_TEAK_3_322000_4097000_image.tif","Tree",1,322000,322999.999,4097000,4097999.999
"2957",3059,322732.137,322739.461,4097860.738,4097867.804,"Silva","NEON_D17_TEAK_DP1_322000_4097000_classified_point_cloud_colorized.laz","2018_TEAK_3_322000_4097000_image.tif","Tree",1,322000,322999.999,4097000,4097999.999
"2958",3060,322542.246,322550.357,4097855.02,4097861.968,"Silva","NEON_D17_TEAK_DP1_322000_4097000_classified_point_cloud_colorized.laz","2018_TEAK_3_322000_4097000_image.tif","Tree",1,322000,322999.999,4097000,4097999.999
"2959",3061,322795.503,322802.213,4097864.031,4097868.908,"Silva","NEON_D17_TEAK_DP1_322000_4097000_classified_point_cloud_colorized.laz","2018_TEAK_3_322000_4097000_image.tif","Tree",1,322000,322999.999,4097000,4097999.999
"2960",3062,322510.243,322519.434,4097854.55,4097862.162,"Silva","NEON_D17_TEAK_DP1_322000_4097000_classified_point_cloud_colorized.laz","2018_TEAK_3_322000_4097000_image.tif","Tree",1,322000,322999.999,4097000,4097999.999
"2961",3064,322769.027,322774.658,4097862.058,4097871.498,"Silva","NEON_D17_TEAK_DP1_322000_4097000_classified_point_cloud_colorized.laz","2018_TEAK_3_322000_4097000_image.tif","Tree",1,322000,322999.999,4097000,4097999.999
"2962",3065,322501.645,322510.375,4097857.212,4097865.838,"Silva","NEON_D17_TEAK_DP1_322000_4097000_classified_point_cloud_colorized.laz","2018_TEAK_3_322000_4097000_image.tif","Tree",1,322000,322999.999,4097000,4097999.999
"2963",3066,322677.531,322684.444,4097861.549,4097868.863,"Silva","NEON_D17_TEAK_DP1_322000_4097000_classified_point_cloud_colorized.laz","2018_TEAK_3_322000_4097000_image.tif","Tree",1,322000,322999.999,4097000,4097999.999
"2964",3067,322906.191,322912.384,4097869.203,4097876.961,"Silva","NEON_D17_TEAK_DP1_322000_4097000_classified_point_cloud_colorized.laz","2018_TEAK_3_322000_4097000_image.tif","Tree",1,322000,322999.999,4097000,4097999.999
"2965",3068,322931.506,322936.464,4097870.616,4097880.327,"Silva","NEON_D17_TEAK_DP1_322000_4097000_classified_point_cloud_colorized.laz","2018_TEAK_3_322000_4097000_image.tif","Tree",1,322000,322999.999,4097000,4097999.999
"2966",3069,322993.282,322998.298,4097874.356,4097879.949,"Silva","NEON_D17_TEAK_DP1_322000_4097000_classified_point_cloud_colorized.laz","2018_TEAK_3_322000_4097000_image.tif","Tree",1,322000,322999.999,4097000,4097999.999
"2967",3070,322972.333,322981.477,4097871.054,4097880.796,"Silva","NEON_D17_TEAK_DP1_322000_4097000_classified_point_cloud_colorized.laz","2018_TEAK_3_322000_4097000_image.tif","Tree",1,322000,322999.999,4097000,4097999.999
"2968",3071,322919.126,322931.482,4097870.958,4097881.787,"Silva","NEON_D17_TEAK_DP1_322000_4097000_classified_point_cloud_colorized.laz","2018_TEAK_3_322000_4097000_image.tif","Tree",1,322000,322999.999,4097000,4097999.999
"2969",3072,322507.031,322514.498,4097858.785,4097867.754,"Silva","NEON_D17_TEAK_DP1_322000_4097000_classified_point_cloud_colorized.laz","2018_TEAK_3_322000_4097000_image.tif","Tree",1,322000,322999.999,4097000,4097999.999
"2970",3073,322700.586,322706.479,4097865.55,4097871.97,"Silva","NEON_D17_TEAK_DP1_322000_4097000_classified_point_cloud_colorized.laz","2018_TEAK_3_322000_4097000_image.tif","Tree",1,322000,322999.999,4097000,4097999.999
"2971",3074,322812.086,322821.104,4097866.891,4097874.924,"Silva","NEON_D17_TEAK_DP1_322000_4097000_classified_point_cloud_colorized.laz","2018_TEAK_3_322000_4097000_image.tif","Tree",1,322000,322999.999,4097000,4097999.999
"2972",3075,322555.565,322562.826,4097860.026,4097867.998,"Silva","NEON_D17_TEAK_DP1_322000_4097000_classified_point_cloud_colorized.laz","2018_TEAK_3_322000_4097000_image.tif","Tree",1,322000,322999.999,4097000,4097999.999
"2973",3076,322935.626,322944.834,4097874.178,4097878.998,"Silva","NEON_D17_TEAK_DP1_322000_4097000_classified_point_cloud_colorized.laz","2018_TEAK_3_322000_4097000_image.tif","Tree",1,322000,322999.999,4097000,4097999.999
"2974",3077,322815.03,322826.075,4097869.726,4097877.408,"Silva","NEON_D17_TEAK_DP1_322000_4097000_classified_point_cloud_colorized.laz","2018_TEAK_3_322000_4097000_image.tif","Tree",1,322000,322999.999,4097000,4097999.999
"2975",3078,322755.025,322761.969,4097871.207,4097876.418,"Silva","NEON_D17_TEAK_DP1_322000_4097000_classified_point_cloud_colorized.laz","2018_TEAK_3_322000_4097000_image.tif","Tree",1,322000,322999.999,4097000,4097999.999
"2976",3079,322852.727,322860.976,4097869.008,4097881.305,"Silva","NEON_D17_TEAK_DP1_322000_4097000_classified_point_cloud_colorized.laz","2018_TEAK_3_322000_4097000_image.tif","Tree",1,322000,322999.999,4097000,4097999.999
"2977",3080,322553.637,322561.412,4097868.005,4097873.683,"Silva","NEON_D17_TEAK_DP1_322000_4097000_classified_point_cloud_colorized.laz","2018_TEAK_3_322000_4097000_image.tif","Tree",1,322000,322999.999,4097000,4097999.999
"2978",3081,322774.571,322780.434,4097873.791,4097881.226,"Silva","NEON_D17_TEAK_DP1_322000_4097000_classified_point_cloud_colorized.laz","2018_TEAK_3_322000_4097000_image.tif","Tree",1,322000,322999.999,4097000,4097999.999
"2979",3082,322725.019,322732.476,4097873.736,4097879.737,"Silva","NEON_D17_TEAK_DP1_322000_4097000_classified_point_cloud_colorized.laz","2018_TEAK_3_322000_4097000_image.tif","Tree",1,322000,322999.999,4097000,4097999.999
"2980",3083,322808.512,322816.847,4097874.002,4097882.208,"Silva","NEON_D17_TEAK_DP1_322000_4097000_classified_point_cloud_colorized.laz","2018_TEAK_3_322000_4097000_image.tif","Tree",1,322000,322999.999,4097000,4097999.999
"2981",3084,322898.634,322908.989,4097876.501,4097884.825,"Silva","NEON_D17_TEAK_DP1_322000_4097000_classified_point_cloud_colorized.laz","2018_TEAK_3_322000_4097000_image.tif","Tree",1,322000,322999.999,4097000,4097999.999
"2982",3085,322866.111,322875.99,4097875.075,4097886.896,"Silva","NEON_D17_TEAK_DP1_322000_4097000_classified_point_cloud_colorized.laz","2018_TEAK_3_322000_4097000_image.tif","Tree",1,322000,322999.999,4097000,4097999.999
"2983",3086,322818.658,322828.497,4097871.171,4097883.485,"Silva","NEON_D17_TEAK_DP1_322000_4097000_classified_point_cloud_colorized.laz","2018_TEAK_3_322000_4097000_image.tif","Tree",1,322000,322999.999,4097000,4097999.999
"2984",3087,322718.082,322723.451,4097874.61,4097880.868,"Silva","NEON_D17_TEAK_DP1_322000_4097000_classified_point_cloud_colorized.laz","2018_TEAK_3_322000_4097000_image.tif","Tree",1,322000,322999.999,4097000,4097999.999
"2985",3088,322741.001,322747.293,4097877.157,4097883.977,"Silva","NEON_D17_TEAK_DP1_322000_4097000_classified_point_cloud_colorized.laz","2018_TEAK_3_322000_4097000_image.tif","Tree",1,322000,322999.999,4097000,4097999.999
"2986",3089,322824.425,322831.961,4097873.889,4097883.998,"Silva","NEON_D17_TEAK_DP1_322000_4097000_classified_point_cloud_colorized.laz","2018_TEAK_3_322000_4097000_image.tif","Tree",1,322000,322999.999,4097000,4097999.999
"2987",3090,322592.144,322600.3,4097871.87,4097880.326,"Silva","NEON_D17_TEAK_DP1_322000_4097000_classified_point_cloud_colorized.laz","2018_TEAK_3_322000_4097000_image.tif","Tree",1,322000,322999.999,4097000,4097999.999
"2988",3091,322940.302,322946.473,4097882.148,4097891.492,"Silva","NEON_D17_TEAK_DP1_322000_4097000_classified_point_cloud_colorized.laz","2018_TEAK_3_322000_4097000_image.tif","Tree",1,322000,322999.999,4097000,4097999.999
"2989",3092,322812.619,322819.849,4097879.699,4097886.415,"Silva","NEON_D17_TEAK_DP1_322000_4097000_classified_point_cloud_colorized.laz","2018_TEAK_3_322000_4097000_image.tif","Tree",1,322000,322999.999,4097000,4097999.999
"2990",3093,322800.002,322807.938,4097878.676,4097885.685,"Silva","NEON_D17_TEAK_DP1_322000_4097000_classified_point_cloud_colorized.laz","2018_TEAK_3_322000_4097000_image.tif","Tree",1,322000,322999.999,4097000,4097999.999
"2991",3094,322689.047,322695.408,4097878.875,4097883.954,"Silva","NEON_D17_TEAK_DP1_322000_4097000_classified_point_cloud_colorized.laz","2018_TEAK_3_322000_4097000_image.tif","Tree",1,322000,322999.999,4097000,4097999.999
"2992",3096,322554.031,322560.411,4097873.506,4097880.926,"Silva","NEON_D17_TEAK_DP1_322000_4097000_classified_point_cloud_colorized.laz","2018_TEAK_3_322000_4097000_image.tif","Tree",1,322000,322999.999,4097000,4097999.999
"2993",3097,322549.095,322554.143,4097871.603,4097879.929,"Silva","NEON_D17_TEAK_DP1_322000_4097000_classified_point_cloud_colorized.laz","2018_TEAK_3_322000_4097000_image.tif","Tree",1,322000,322999.999,4097000,4097999.999
"2994",3099,322698.376,322703.287,4097879.541,4097885.332,"Silva","NEON_D17_TEAK_DP1_322000_4097000_classified_point_cloud_colorized.laz","2018_TEAK_3_322000_4097000_image.tif","Tree",1,322000,322999.999,4097000,4097999.999
"2995",3100,322717.548,322724.493,4097880.616,4097884.99,"Silva","NEON_D17_TEAK_DP1_322000_4097000_classified_point_cloud_colorized.laz","2018_TEAK_3_322000_4097000_image.tif","Tree",1,322000,322999.999,4097000,4097999.999
"2996",3101,322823.599,322831.805,4097883.161,4097888.413,"Silva","NEON_D17_TEAK_DP1_322000_4097000_classified_point_cloud_colorized.laz","2018_TEAK_3_322000_4097000_image.tif","Tree",1,322000,322999.999,4097000,4097999.999
"2997",3102,322833.674,322842.956,4097881.264,4097889.444,"Silva","NEON_D17_TEAK_DP1_322000_4097000_classified_point_cloud_colorized.laz","2018_TEAK_3_322000_4097000_image.tif","Tree",1,322000,322999.999,4097000,4097999.999
"2998",3103,322617.088,322619.987,4097880.697,4097883.432,"Silva","NEON_D17_TEAK_DP1_322000_4097000_classified_point_cloud_colorized.laz","2018_TEAK_3_322000_4097000_image.tif","Tree",1,322000,322999.999,4097000,4097999.999
"2999",3104,322734.62,322740.693,4097881.335,4097887.83,"Silva","NEON_D17_TEAK_DP1_322000_4097000_classified_point_cloud_colorized.laz","2018_TEAK_3_322000_4097000_image.tif","Tree",1,322000,322999.999,4097000,4097999.999
"3000",3105,322816.664,322823.48,4097882.801,4097890.103,"Silva","NEON_D17_TEAK_DP1_322000_4097000_classified_point_cloud_colorized.laz","2018_TEAK_3_322000_4097000_image.tif","Tree",1,322000,322999.999,4097000,4097999.999
"3001",3106,322805.515,322813.191,4097882.748,4097890.978,"Silva","NEON_D17_TEAK_DP1_322000_4097000_classified_point_cloud_colorized.laz","2018_TEAK_3_322000_4097000_image.tif","Tree",1,322000,322999.999,4097000,4097999.999
"3002",3107,322798.547,322805.212,4097882.184,4097889.49,"Silva","NEON_D17_TEAK_DP1_322000_4097000_classified_point_cloud_colorized.laz","2018_TEAK_3_322000_4097000_image.tif","Tree",1,322000,322999.999,4097000,4097999.999
"3003",3108,322589.501,322598.937,4097878.072,4097884.92,"Silva","NEON_D17_TEAK_DP1_322000_4097000_classified_point_cloud_colorized.laz","2018_TEAK_3_322000_4097000_image.tif","Tree",1,322000,322999.999,4097000,4097999.999
"3004",3109,322612.102,322614.915,4097881.513,4097884.4,"Silva","NEON_D17_TEAK_DP1_322000_4097000_classified_point_cloud_colorized.laz","2018_TEAK_3_322000_4097000_image.tif","Tree",1,322000,322999.999,4097000,4097999.999
"3005",3110,322944.555,322950.495,4097887.513,4097894.366,"Silva","NEON_D17_TEAK_DP1_322000_4097000_classified_point_cloud_colorized.laz","2018_TEAK_3_322000_4097000_image.tif","Tree",1,322000,322999.999,4097000,4097999.999
"3006",3111,322906.114,322914.851,4097884.604,4097893.481,"Silva","NEON_D17_TEAK_DP1_322000_4097000_classified_point_cloud_colorized.laz","2018_TEAK_3_322000_4097000_image.tif","Tree",1,322000,322999.999,4097000,4097999.999
"3007",3112,322842.093,322852.866,4097884.025,4097893.415,"Silva","NEON_D17_TEAK_DP1_322000_4097000_classified_point_cloud_colorized.laz","2018_TEAK_3_322000_4097000_image.tif","Tree",1,322000,322999.999,4097000,4097999.999
"3008",3113,322559.526,322567.948,4097877.073,4097884.749,"Silva","NEON_D17_TEAK_DP1_322000_4097000_classified_point_cloud_colorized.laz","2018_TEAK_3_322000_4097000_image.tif","Tree",1,322000,322999.999,4097000,4097999.999
"3009",3114,322692.699,322696.47,4097884.013,4097886.86,"Silva","NEON_D17_TEAK_DP1_322000_4097000_classified_point_cloud_colorized.laz","2018_TEAK_3_322000_4097000_image.tif","Tree",1,322000,322999.999,4097000,4097999.999
"3010",3115,322794.627,322800.451,4097883.675,4097890.867,"Silva","NEON_D17_TEAK_DP1_322000_4097000_classified_point_cloud_colorized.laz","2018_TEAK_3_322000_4097000_image.tif","Tree",1,322000,322999.999,4097000,4097999.999
"3011",3116,322687.682,322691.968,4097884.788,4097888.778,"Silva","NEON_D17_TEAK_DP1_322000_4097000_classified_point_cloud_colorized.laz","2018_TEAK_3_322000_4097000_image.tif","Tree",1,322000,322999.999,4097000,4097999.999
"3012",3117,322525.515,322532.976,4097876.051,4097886.5,"Silva","NEON_D17_TEAK_DP1_322000_4097000_classified_point_cloud_colorized.laz","2018_TEAK_3_322000_4097000_image.tif","Tree",1,322000,322999.999,4097000,4097999.999
"3013",3118,322637.625,322640.449,4097884.515,4097887.483,"Silva","NEON_D17_TEAK_DP1_322000_4097000_classified_point_cloud_colorized.laz","2018_TEAK_3_322000_4097000_image.tif","Tree",1,322000,322999.999,4097000,4097999.999
"3014",3119,322493.072,322501.484,4097878.271,4097885.843,"Silva","NEON_D17_TEAK_DP1_322000_4097000_classified_point_cloud_colorized.laz","2018_TEAK_3_322000_4097000_image.tif","Tree",1,322000,322999.999,4097000,4097999.999
"3015",3120,322703.54,322708.568,4097886.486,4097889.939,"Silva","NEON_D17_TEAK_DP1_322000_4097000_classified_point_cloud_colorized.laz","2018_TEAK_3_322000_4097000_image.tif","Tree",1,322000,322999.999,4097000,4097999.999
"3016",3121,322911.094,322917.326,4097890.13,4097894.489,"Silva","NEON_D17_TEAK_DP1_322000_4097000_classified_point_cloud_colorized.laz","2018_TEAK_3_322000_4097000_image.tif","Tree",1,322000,322999.999,4097000,4097999.999
"3017",3122,322975.061,322977.383,4097895.219,4097897.494,"Silva","NEON_D17_TEAK_DP1_322000_4097000_classified_point_cloud_colorized.laz","2018_TEAK_3_322000_4097000_image.tif","Tree",1,322000,322999.999,4097000,4097999.999
"3018",3123,322824.159,322833.951,4097888.155,4097895.475,"Silva","NEON_D17_TEAK_DP1_322000_4097000_classified_point_cloud_colorized.laz","2018_TEAK_3_322000_4097000_image.tif","Tree",1,322000,322999.999,4097000,4097999.999
"3019",3124,322682.547,322682.961,4097888.57,4097889.377,"Silva","NEON_D17_TEAK_DP1_322000_4097000_classified_point_cloud_colorized.laz","2018_TEAK_3_322000_4097000_image.tif","Tree",1,322000,322999.999,4097000,4097999.999
"3020",3125,322792.135,322798.457,4097888.26,4097894.983,"Silva","NEON_D17_TEAK_DP1_322000_4097000_classified_point_cloud_colorized.laz","2018_TEAK_3_322000_4097000_image.tif","Tree",1,322000,322999.999,4097000,4097999.999
"3021",3126,322798.538,322805.386,4097889.003,4097896.992,"Silva","NEON_D17_TEAK_DP1_322000_4097000_classified_point_cloud_colorized.laz","2018_TEAK_3_322000_4097000_image.tif","Tree",1,322000,322999.999,4097000,4097999.999
"3022",3127,322668.525,322669.955,4097888.745,4097890.985,"Silva","NEON_D17_TEAK_DP1_322000_4097000_classified_point_cloud_colorized.laz","2018_TEAK_3_322000_4097000_image.tif","Tree",1,322000,322999.999,4097000,4097999.999
"3023",3128,322571.529,322580.336,4097883.004,4097891.324,"Silva","NEON_D17_TEAK_DP1_322000_4097000_classified_point_cloud_colorized.laz","2018_TEAK_3_322000_4097000_image.tif","Tree",1,322000,322999.999,4097000,4097999.999
"3024",3129,322879.828,322884.795,4097893.071,4097900.473,"Silva","NEON_D17_TEAK_DP1_322000_4097000_classified_point_cloud_colorized.laz","2018_TEAK_3_322000_4097000_image.tif","Tree",1,322000,322999.999,4097000,4097999.999
"3025",3130,322809.619,322816.831,4097889.058,4097896.381,"Silva","NEON_D17_TEAK_DP1_322000_4097000_classified_point_cloud_colorized.laz","2018_TEAK_3_322000_4097000_image.tif","Tree",1,322000,322999.999,4097000,4097999.999
"3026",3131,322585.021,322593.277,4097883.52,4097892.905,"Silva","NEON_D17_TEAK_DP1_322000_4097000_classified_point_cloud_colorized.laz","2018_TEAK_3_322000_4097000_image.tif","Tree",1,322000,322999.999,4097000,4097999.999
"3027",3132,322500.015,322507.297,4097882.032,4097888.366,"Silva","NEON_D17_TEAK_DP1_322000_4097000_classified_point_cloud_colorized.laz","2018_TEAK_3_322000_4097000_image.tif","Tree",1,322000,322999.999,4097000,4097999.999
"3028",3133,322819.329,322825.476,4097893.674,4097899.469,"Silva","NEON_D17_TEAK_DP1_322000_4097000_classified_point_cloud_colorized.laz","2018_TEAK_3_322000_4097000_image.tif","Tree",1,322000,322999.999,4097000,4097999.999
"3029",3134,322553.504,322562.404,4097888.098,4097894.188,"Silva","NEON_D17_TEAK_DP1_322000_4097000_classified_point_cloud_colorized.laz","2018_TEAK_3_322000_4097000_image.tif","Tree",1,322000,322999.999,4097000,4097999.999
"3030",3135,322511.5,322519.999,4097883.211,4097893.498,"Silva","NEON_D17_TEAK_DP1_322000_4097000_classified_point_cloud_colorized.laz","2018_TEAK_3_322000_4097000_image.tif","Tree",1,322000,322999.999,4097000,4097999.999
"3031",3136,322520.026,322528.974,4097885.01,4097893.904,"Silva","NEON_D17_TEAK_DP1_322000_4097000_classified_point_cloud_colorized.laz","2018_TEAK_3_322000_4097000_image.tif","Tree",1,322000,322999.999,4097000,4097999.999
"3032",3137,322629.132,322633.441,4097888.718,4097893.9,"Silva","NEON_D17_TEAK_DP1_322000_4097000_classified_point_cloud_colorized.laz","2018_TEAK_3_322000_4097000_image.tif","Tree",1,322000,322999.999,4097000,4097999.999
"3033",3138,322933.851,322942.301,4097898.002,4097904.7,"Silva","NEON_D17_TEAK_DP1_322000_4097000_classified_point_cloud_colorized.laz","2018_TEAK_3_322000_4097000_image.tif","Tree",1,322000,322999.999,4097000,4097999.999
"3034",3139,322811.118,322818.497,4097895.622,4097901.776,"Silva","NEON_D17_TEAK_DP1_322000_4097000_classified_point_cloud_colorized.laz","2018_TEAK_3_322000_4097000_image.tif","Tree",1,322000,322999.999,4097000,4097999.999
"3035",3140,322682.501,322689.984,4097891.04,4097898.485,"Silva","NEON_D17_TEAK_DP1_322000_4097000_classified_point_cloud_colorized.laz","2018_TEAK_3_322000_4097000_image.tif","Tree",1,322000,322999.999,4097000,4097999.999
"3036",3141,322500.016,322506.34,4097887.123,4097892.678,"Silva","NEON_D17_TEAK_DP1_322000_4097000_classified_point_cloud_colorized.laz","2018_TEAK_3_322000_4097000_image.tif","Tree",1,322000,322999.999,4097000,4097999.999
"3037",3142,322717.044,322721.496,4097894.646,4097899.788,"Silva","NEON_D17_TEAK_DP1_322000_4097000_classified_point_cloud_colorized.laz","2018_TEAK_3_322000_4097000_image.tif","Tree",1,322000,322999.999,4097000,4097999.999
"3038",3143,322492.104,322500.216,4097886.201,4097894.226,"Silva","NEON_D17_TEAK_DP1_322000_4097000_classified_point_cloud_colorized.laz","2018_TEAK_3_322000_4097000_image.tif","Tree",1,322000,322999.999,4097000,4097999.999
"3039",3144,322563.048,322571.928,4097889.588,4097895.471,"Silva","NEON_D17_TEAK_DP1_322000_4097000_classified_point_cloud_colorized.laz","2018_TEAK_3_322000_4097000_image.tif","Tree",1,322000,322999.999,4097000,4097999.999
"3040",3145,322832.348,322837.726,4097897.67,4097903.972,"Silva","NEON_D17_TEAK_DP1_322000_4097000_classified_point_cloud_colorized.laz","2018_TEAK_3_322000_4097000_image.tif","Tree",1,322000,322999.999,4097000,4097999.999
"3041",3146,322972.001,322978.925,4097902.52,4097908.965,"Silva","NEON_D17_TEAK_DP1_322000_4097000_classified_point_cloud_colorized.laz","2018_TEAK_3_322000_4097000_image.tif","Tree",1,322000,322999.999,4097000,4097999.999
"3042",3147,322818.026,322823.659,4097897.541,4097904.374,"Silva","NEON_D17_TEAK_DP1_322000_4097000_classified_point_cloud_colorized.laz","2018_TEAK_3_322000_4097000_image.tif","Tree",1,322000,322999.999,4097000,4097999.999
"3043",3148,322576.793,322586.414,4097887.517,4097897.311,"Silva","NEON_D17_TEAK_DP1_322000_4097000_classified_point_cloud_colorized.laz","2018_TEAK_3_322000_4097000_image.tif","Tree",1,322000,322999.999,4097000,4097999.999
"3044",3149,322671.502,322676.741,4097894.213,4097899.811,"Silva","NEON_D17_TEAK_DP1_322000_4097000_classified_point_cloud_colorized.laz","2018_TEAK_3_322000_4097000_image.tif","Tree",1,322000,322999.999,4097000,4097999.999
"3045",3150,322913.519,322923.886,4097899.585,4097908.915,"Silva","NEON_D17_TEAK_DP1_322000_4097000_classified_point_cloud_colorized.laz","2018_TEAK_3_322000_4097000_image.tif","Tree",1,322000,322999.999,4097000,4097999.999
"3046",3151,322759.521,322768.984,4097897.002,4097907.665,"Silva","NEON_D17_TEAK_DP1_322000_4097000_classified_point_cloud_colorized.laz","2018_TEAK_3_322000_4097000_image.tif","Tree",1,322000,322999.999,4097000,4097999.999
"3047",3152,322807.127,322814.402,4097898.352,4097905.559,"Silva","NEON_D17_TEAK_DP1_322000_4097000_classified_point_cloud_colorized.laz","2018_TEAK_3_322000_4097000_image.tif","Tree",1,322000,322999.999,4097000,4097999.999
"3048",3153,322978.517,322986.926,4097906.161,4097912.889,"Silva","NEON_D17_TEAK_DP1_322000_4097000_classified_point_cloud_colorized.laz","2018_TEAK_3_322000_4097000_image.tif","Tree",1,322000,322999.999,4097000,4097999.999
"3049",3154,322830.53,322835.825,4097900.14,4097905.449,"Silva","NEON_D17_TEAK_DP1_322000_4097000_classified_point_cloud_colorized.laz","2018_TEAK_3_322000_4097000_image.tif","Tree",1,322000,322999.999,4097000,4097999.999
"3050",3155,322608.754,322615.714,4097893.525,4097900.892,"Silva","NEON_D17_TEAK_DP1_322000_4097000_classified_point_cloud_colorized.laz","2018_TEAK_3_322000_4097000_image.tif","Tree",1,322000,322999.999,4097000,4097999.999
"3051",3156,322494.509,322502.455,4097891.099,4097897.975,"Silva","NEON_D17_TEAK_DP1_322000_4097000_classified_point_cloud_colorized.laz","2018_TEAK_3_322000_4097000_image.tif","Tree",1,322000,322999.999,4097000,4097999.999
"3052",3157,322582.533,322590.471,4097890.598,4097899.96,"Silva","NEON_D17_TEAK_DP1_322000_4097000_classified_point_cloud_colorized.laz","2018_TEAK_3_322000_4097000_image.tif","Tree",1,322000,322999.999,4097000,4097999.999
"3053",3158,322728.683,322733.444,4097899.033,4097903.389,"Silva","NEON_D17_TEAK_DP1_322000_4097000_classified_point_cloud_colorized.laz","2018_TEAK_3_322000_4097000_image.tif","Tree",1,322000,322999.999,4097000,4097999.999
"3054",3159,322937.108,322943.939,4097903.13,4097910.41,"Silva","NEON_D17_TEAK_DP1_322000_4097000_classified_point_cloud_colorized.laz","2018_TEAK_3_322000_4097000_image.tif","Tree",1,322000,322999.999,4097000,4097999.999
"3055",3160,322793.539,322802.968,4097898.53,4097907.248,"Silva","NEON_D17_TEAK_DP1_322000_4097000_classified_point_cloud_colorized.laz","2018_TEAK_3_322000_4097000_image.tif","Tree",1,322000,322999.999,4097000,4097999.999
"3056",3161,322502.039,322507.991,4097891.52,4097898.881,"Silva","NEON_D17_TEAK_DP1_322000_4097000_classified_point_cloud_colorized.laz","2018_TEAK_3_322000_4097000_image.tif","Tree",1,322000,322999.999,4097000,4097999.999
"3057",3162,322830.394,322830.416,4097903.546,4097903.817,"Silva","NEON_D17_TEAK_DP1_322000_4097000_classified_point_cloud_colorized.laz","2018_TEAK_3_322000_4097000_image.tif","Tree",1,322000,322999.999,4097000,4097999.999
"3058",3163,322837.518,322844.995,4097902.515,4097908.398,"Silva","NEON_D17_TEAK_DP1_322000_4097000_classified_point_cloud_colorized.laz","2018_TEAK_3_322000_4097000_image.tif","Tree",1,322000,322999.999,4097000,4097999.999
"3059",3164,322738.515,322744.471,4097901.152,4097907.733,"Silva","NEON_D17_TEAK_DP1_322000_4097000_classified_point_cloud_colorized.laz","2018_TEAK_3_322000_4097000_image.tif","Tree",1,322000,322999.999,4097000,4097999.999
"3060",3165,322506.061,322513.543,4097891.01,4097899.352,"Silva","NEON_D17_TEAK_DP1_322000_4097000_classified_point_cloud_colorized.laz","2018_TEAK_3_322000_4097000_image.tif","Tree",1,322000,322999.999,4097000,4097999.999
"3061",3166,322657.608,322661.972,4097897.166,4097904.495,"Silva","NEON_D17_TEAK_DP1_322000_4097000_classified_point_cloud_colorized.laz","2018_TEAK_3_322000_4097000_image.tif","Tree",1,322000,322999.999,4097000,4097999.999
"3062",3167,322704.268,322711.375,4097900.546,4097905.939,"Silva","NEON_D17_TEAK_DP1_322000_4097000_classified_point_cloud_colorized.laz","2018_TEAK_3_322000_4097000_image.tif","Tree",1,322000,322999.999,4097000,4097999.999
"3063",3168,322772.586,322777.46,4097901.585,4097907.388,"Silva","NEON_D17_TEAK_DP1_322000_4097000_classified_point_cloud_colorized.laz","2018_TEAK_3_322000_4097000_image.tif","Tree",1,322000,322999.999,4097000,4097999.999
"3064",3169,322785.506,322791.841,4097899.55,4097908.87,"Silva","NEON_D17_TEAK_DP1_322000_4097000_classified_point_cloud_colorized.laz","2018_TEAK_3_322000_4097000_image.tif","Tree",1,322000,322999.999,4097000,4097999.999
"3065",3170,322780.11,322785.483,4097899.757,4097909.844,"Silva","NEON_D17_TEAK_DP1_322000_4097000_classified_point_cloud_colorized.laz","2018_TEAK_3_322000_4097000_image.tif","Tree",1,322000,322999.999,4097000,4097999.999
"3066",3171,322667.077,322673.723,4097900.061,4097906.254,"Silva","NEON_D17_TEAK_DP1_322000_4097000_classified_point_cloud_colorized.laz","2018_TEAK_3_322000_4097000_image.tif","Tree",1,322000,322999.999,4097000,4097999.999
"3067",3172,322508.257,322515.879,4097893.536,4097902.789,"Silva","NEON_D17_TEAK_DP1_322000_4097000_classified_point_cloud_colorized.laz","2018_TEAK_3_322000_4097000_image.tif","Tree",1,322000,322999.999,4097000,4097999.999
"3068",3173,322579.944,322587.821,4097897.025,4097904.488,"Silva","NEON_D17_TEAK_DP1_322000_4097000_classified_point_cloud_colorized.laz","2018_TEAK_3_322000_4097000_image.tif","Tree",1,322000,322999.999,4097000,4097999.999
"3069",3174,322687.151,322694.215,4097899.614,4097907.984,"Silva","NEON_D17_TEAK_DP1_322000_4097000_classified_point_cloud_colorized.laz","2018_TEAK_3_322000_4097000_image.tif","Tree",1,322000,322999.999,4097000,4097999.999
"3070",3175,322940.598,322945.433,4097908.582,4097914.438,"Silva","NEON_D17_TEAK_DP1_322000_4097000_classified_point_cloud_colorized.laz","2018_TEAK_3_322000_4097000_image.tif","Tree",1,322000,322999.999,4097000,4097999.999
"3071",3176,322817.009,322823.192,4097903.525,4097910.704,"Silva","NEON_D17_TEAK_DP1_322000_4097000_classified_point_cloud_colorized.laz","2018_TEAK_3_322000_4097000_image.tif","Tree",1,322000,322999.999,4097000,4097999.999
"3072",3177,322809.555,322816.928,4097903.347,4097911.919,"Silva","NEON_D17_TEAK_DP1_322000_4097000_classified_point_cloud_colorized.laz","2018_TEAK_3_322000_4097000_image.tif","Tree",1,322000,322999.999,4097000,4097999.999
"3073",3178,322835.041,322840.428,4097906.641,4097912.464,"Silva","NEON_D17_TEAK_DP1_322000_4097000_classified_point_cloud_colorized.laz","2018_TEAK_3_322000_4097000_image.tif","Tree",1,322000,322999.999,4097000,4097999.999
"3074",3179,322996.316,322999.32,4097912.718,4097915.902,"Silva","NEON_D17_TEAK_DP1_322000_4097000_classified_point_cloud_colorized.laz","2018_TEAK_3_322000_4097000_image.tif","Tree",1,322000,322999.999,4097000,4097999.999
"3075",3180,322838.003,322843.979,4097908.537,4097913.953,"Silva","NEON_D17_TEAK_DP1_322000_4097000_classified_point_cloud_colorized.laz","2018_TEAK_3_322000_4097000_image.tif","Tree",1,322000,322999.999,4097000,4097999.999
"3076",3181,322543.015,322548.448,4097898.119,4097905.478,"Silva","NEON_D17_TEAK_DP1_322000_4097000_classified_point_cloud_colorized.laz","2018_TEAK_3_322000_4097000_image.tif","Tree",1,322000,322999.999,4097000,4097999.999
"3077",3182,322678.001,322686.695,4097902.588,4097912.463,"Silva","NEON_D17_TEAK_DP1_322000_4097000_classified_point_cloud_colorized.laz","2018_TEAK_3_322000_4097000_image.tif","Tree",1,322000,322999.999,4097000,4097999.999
"3078",3183,322799.328,322809.149,4097904.826,4097914.435,"Silva","NEON_D17_TEAK_DP1_322000_4097000_classified_point_cloud_colorized.laz","2018_TEAK_3_322000_4097000_image.tif","Tree",1,322000,322999.999,4097000,4097999.999
"3079",3184,322705.526,322711.755,4097905.066,4097911.949,"Silva","NEON_D17_TEAK_DP1_322000_4097000_classified_point_cloud_colorized.laz","2018_TEAK_3_322000_4097000_image.tif","Tree",1,322000,322999.999,4097000,4097999.999
"3080",3185,322662.587,322670.458,4097903.675,4097909.694,"Silva","NEON_D17_TEAK_DP1_322000_4097000_classified_point_cloud_colorized.laz","2018_TEAK_3_322000_4097000_image.tif","Tree",1,322000,322999.999,4097000,4097999.999
"3081",3186,322556.504,322564.743,4097900.016,4097908.934,"Silva","NEON_D17_TEAK_DP1_322000_4097000_classified_point_cloud_colorized.laz","2018_TEAK_3_322000_4097000_image.tif","Tree",1,322000,322999.999,4097000,4097999.999
"3082",3187,322524.165,322534.37,4097898.004,4097905.413,"Silva","NEON_D17_TEAK_DP1_322000_4097000_classified_point_cloud_colorized.laz","2018_TEAK_3_322000_4097000_image.tif","Tree",1,322000,322999.999,4097000,4097999.999
"3083",3188,322774.614,322783.119,4097906.59,4097916.258,"Silva","NEON_D17_TEAK_DP1_322000_4097000_classified_point_cloud_colorized.laz","2018_TEAK_3_322000_4097000_image.tif","Tree",1,322000,322999.999,4097000,4097999.999
"3084",3189,322830.078,322834.939,4097910.587,4097914.98,"Silva","NEON_D17_TEAK_DP1_322000_4097000_classified_point_cloud_colorized.laz","2018_TEAK_3_322000_4097000_image.tif","Tree",1,322000,322999.999,4097000,4097999.999
"3085",3190,322920.662,322922.411,4097914.102,4097917.985,"Silva","NEON_D17_TEAK_DP1_322000_4097000_classified_point_cloud_colorized.laz","2018_TEAK_3_322000_4097000_image.tif","Tree",1,322000,322999.999,4097000,4097999.999
"3086",3191,322670.653,322678.787,4097905.044,4097912.986,"Silva","NEON_D17_TEAK_DP1_322000_4097000_classified_point_cloud_colorized.laz","2018_TEAK_3_322000_4097000_image.tif","Tree",1,322000,322999.999,4097000,4097999.999
"3087",3192,322655.043,322663.187,4097904.569,4097910.492,"Silva","NEON_D17_TEAK_DP1_322000_4097000_classified_point_cloud_colorized.laz","2018_TEAK_3_322000_4097000_image.tif","Tree",1,322000,322999.999,4097000,4097999.999
"3088",3193,322816.549,322823.995,4097910.017,4097918.714,"Silva","NEON_D17_TEAK_DP1_322000_4097000_classified_point_cloud_colorized.laz","2018_TEAK_3_322000_4097000_image.tif","Tree",1,322000,322999.999,4097000,4097999.999
"3089",3194,322852.036,322859.498,4097910.504,4097918.878,"Silva","NEON_D17_TEAK_DP1_322000_4097000_classified_point_cloud_colorized.laz","2018_TEAK_3_322000_4097000_image.tif","Tree",1,322000,322999.999,4097000,4097999.999
"3090",3195,322922.535,322930.975,4097909.543,4097920.977,"Silva","NEON_D17_TEAK_DP1_322000_4097000_classified_point_cloud_colorized.laz","2018_TEAK_3_322000_4097000_image.tif","Tree",1,322000,322999.999,4097000,4097999.999
"3091",3196,322934.728,322942.929,4097912.521,4097920.479,"Silva","NEON_D17_TEAK_DP1_322000_4097000_classified_point_cloud_colorized.laz","2018_TEAK_3_322000_4097000_image.tif","Tree",1,322000,322999.999,4097000,4097999.999
"3092",3197,322785.439,322792.396,4097909.003,4097918.315,"Silva","NEON_D17_TEAK_DP1_322000_4097000_classified_point_cloud_colorized.laz","2018_TEAK_3_322000_4097000_image.tif","Tree",1,322000,322999.999,4097000,4097999.999
"3093",3198,322732.634,322738.266,4097909.289,4097915.935,"Silva","NEON_D17_TEAK_DP1_322000_4097000_classified_point_cloud_colorized.laz","2018_TEAK_3_322000_4097000_image.tif","Tree",1,322000,322999.999,4097000,4097999.999
"3094",3199,322725.571,322732.407,4097911.503,4097917.957,"Silva","NEON_D17_TEAK_DP1_322000_4097000_classified_point_cloud_colorized.laz","2018_TEAK_3_322000_4097000_image.tif","Tree",1,322000,322999.999,4097000,4097999.999
"3095",3200,322706.608,322715.01,4097909.577,4097916.382,"Silva","NEON_D17_TEAK_DP1_322000_4097000_classified_point_cloud_colorized.laz","2018_TEAK_3_322000_4097000_image.tif","Tree",1,322000,322999.999,4097000,4097999.999
"3096",3201,322526.043,322535.452,4097904.001,4097910.506,"Silva","NEON_D17_TEAK_DP1_322000_4097000_classified_point_cloud_colorized.laz","2018_TEAK_3_322000_4097000_image.tif","Tree",1,322000,322999.999,4097000,4097999.999
"3097",3202,322811.54,322819.191,4097912.515,4097920.473,"Silva","NEON_D17_TEAK_DP1_322000_4097000_classified_point_cloud_colorized.laz","2018_TEAK_3_322000_4097000_image.tif","Tree",1,322000,322999.999,4097000,4097999.999
"3098",3203,322804.911,322811.494,4097910.862,4097917.801,"Silva","NEON_D17_TEAK_DP1_322000_4097000_classified_point_cloud_colorized.laz","2018_TEAK_3_322000_4097000_image.tif","Tree",1,322000,322999.999,4097000,4097999.999
"3099",3204,322881.52,322887.496,4097915.725,4097921.903,"Silva","NEON_D17_TEAK_DP1_322000_4097000_classified_point_cloud_colorized.laz","2018_TEAK_3_322000_4097000_image.tif","Tree",1,322000,322999.999,4097000,4097999.999
"3100",3205,322754.618,322770.436,4097907.035,4097923.661,"Silva","NEON_D17_TEAK_DP1_322000_4097000_classified_point_cloud_colorized.laz","2018_TEAK_3_322000_4097000_image.tif","Tree",1,322000,322999.999,4097000,4097999.999
"3101",3206,322638.534,322645.378,4097909.054,4097916.83,"Silva","NEON_D17_TEAK_DP1_322000_4097000_classified_point_cloud_colorized.laz","2018_TEAK_3_322000_4097000_image.tif","Tree",1,322000,322999.999,4097000,4097999.999
"3102",3207,322669.612,322675.821,4097910.505,4097917.343,"Silva","NEON_D17_TEAK_DP1_322000_4097000_classified_point_cloud_colorized.laz","2018_TEAK_3_322000_4097000_image.tif","Tree",1,322000,322999.999,4097000,4097999.999
"3103",3208,322739.855,322745.836,4097911.053,4097915.915,"Silva","NEON_D17_TEAK_DP1_322000_4097000_classified_point_cloud_colorized.laz","2018_TEAK_3_322000_4097000_image.tif","Tree",1,322000,322999.999,4097000,4097999.999
"3104",3209,322776.087,322787.233,4097911.536,4097923.96,"Silva","NEON_D17_TEAK_DP1_322000_4097000_classified_point_cloud_colorized.laz","2018_TEAK_3_322000_4097000_image.tif","Tree",1,322000,322999.999,4097000,4097999.999
"3105",3210,322655.634,322661.32,4097910.526,4097918.93,"Silva","NEON_D17_TEAK_DP1_322000_4097000_classified_point_cloud_colorized.laz","2018_TEAK_3_322000_4097000_image.tif","Tree",1,322000,322999.999,4097000,4097999.999
"3106",3211,322515.531,322526.391,4097907.005,4097912.235,"Silva","NEON_D17_TEAK_DP1_322000_4097000_classified_point_cloud_colorized.laz","2018_TEAK_3_322000_4097000_image.tif","Tree",1,322000,322999.999,4097000,4097999.999
"3107",3212,322550.126,322556.982,4097907.072,4097916.378,"Silva","NEON_D17_TEAK_DP1_322000_4097000_classified_point_cloud_colorized.laz","2018_TEAK_3_322000_4097000_image.tif","Tree",1,322000,322999.999,4097000,4097999.999
"3108",3213,322806.186,322812.921,4097916.564,4097921.315,"Silva","NEON_D17_TEAK_DP1_322000_4097000_classified_point_cloud_colorized.laz","2018_TEAK_3_322000_4097000_image.tif","Tree",1,322000,322999.999,4097000,4097999.999
"3109",3214,322985.033,322992.979,4097919.515,4097927.753,"Silva","NEON_D17_TEAK_DP1_322000_4097000_classified_point_cloud_colorized.laz","2018_TEAK_3_322000_4097000_image.tif","Tree",1,322000,322999.999,4097000,4097999.999
"3110",3215,322884.513,322889.949,4097919.109,4097924.335,"Silva","NEON_D17_TEAK_DP1_322000_4097000_classified_point_cloud_colorized.laz","2018_TEAK_3_322000_4097000_image.tif","Tree",1,322000,322999.999,4097000,4097999.999
"3111",3216,322838.023,322846.155,4097916.074,4097922.677,"Silva","NEON_D17_TEAK_DP1_322000_4097000_classified_point_cloud_colorized.laz","2018_TEAK_3_322000_4097000_image.tif","Tree",1,322000,322999.999,4097000,4097999.999
"3112",3218,322652.029,322659.288,4097910.501,4097920.822,"Silva","NEON_D17_TEAK_DP1_322000_4097000_classified_point_cloud_colorized.laz","2018_TEAK_3_322000_4097000_image.tif","Tree",1,322000,322999.999,4097000,4097999.999
"3113",3219,322661.677,322669.373,4097914.104,4097920.992,"Silva","NEON_D17_TEAK_DP1_322000_4097000_classified_point_cloud_colorized.laz","2018_TEAK_3_322000_4097000_image.tif","Tree",1,322000,322999.999,4097000,4097999.999
"3114",3220,322960.207,322964.999,4097922.721,4097927.409,"Silva","NEON_D17_TEAK_DP1_322000_4097000_classified_point_cloud_colorized.laz","2018_TEAK_3_322000_4097000_image.tif","Tree",1,322000,322999.999,4097000,4097999.999
"3115",3221,322820.712,322829.952,4097916.182,4097923.448,"Silva","NEON_D17_TEAK_DP1_322000_4097000_classified_point_cloud_colorized.laz","2018_TEAK_3_322000_4097000_image.tif","Tree",1,322000,322999.999,4097000,4097999.999
"3116",3222,322701.091,322707.251,4097915.087,4097921.804,"Silva","NEON_D17_TEAK_DP1_322000_4097000_classified_point_cloud_colorized.laz","2018_TEAK_3_322000_4097000_image.tif","Tree",1,322000,322999.999,4097000,4097999.999
"3117",3223,322679.115,322684.68,4097914.547,4097919.998,"Silva","NEON_D17_TEAK_DP1_322000_4097000_classified_point_cloud_colorized.laz","2018_TEAK_3_322000_4097000_image.tif","Tree",1,322000,322999.999,4097000,4097999.999
"3118",3224,322644.043,322648.56,4097914.665,4097920.429,"Silva","NEON_D17_TEAK_DP1_322000_4097000_classified_point_cloud_colorized.laz","2018_TEAK_3_322000_4097000_image.tif","Tree",1,322000,322999.999,4097000,4097999.999
"3119",3225,322937.327,322941.773,4097920.545,4097922.976,"Silva","NEON_D17_TEAK_DP1_322000_4097000_classified_point_cloud_colorized.laz","2018_TEAK_3_322000_4097000_image.tif","Tree",1,322000,322999.999,4097000,4097999.999
"3120",3226,322869.536,322873.906,4097921.088,4097926.489,"Silva","NEON_D17_TEAK_DP1_322000_4097000_classified_point_cloud_colorized.laz","2018_TEAK_3_322000_4097000_image.tif","Tree",1,322000,322999.999,4097000,4097999.999
"3121",3227,322617.238,322617.486,4097919.116,4097919.316,"Silva","NEON_D17_TEAK_DP1_322000_4097000_classified_point_cloud_colorized.laz","2018_TEAK_3_322000_4097000_image.tif","Tree",1,322000,322999.999,4097000,4097999.999
"3122",3228,322923.228,322929.875,4097921.005,4097926.195,"Silva","NEON_D17_TEAK_DP1_322000_4097000_classified_point_cloud_colorized.laz","2018_TEAK_3_322000_4097000_image.tif","Tree",1,322000,322999.999,4097000,4097999.999
"3123",3229,322964.588,322970.722,4097923.841,4097930.476,"Silva","NEON_D17_TEAK_DP1_322000_4097000_classified_point_cloud_colorized.laz","2018_TEAK_3_322000_4097000_image.tif","Tree",1,322000,322999.999,4097000,4097999.999
"3124",3230,322851.049,322859.977,4097918.514,4097924.028,"Silva","NEON_D17_TEAK_DP1_322000_4097000_classified_point_cloud_colorized.laz","2018_TEAK_3_322000_4097000_image.tif","Tree",1,322000,322999.999,4097000,4097999.999
"3125",3231,322797.005,322802.976,4097918.78,4097924.939,"Silva","NEON_D17_TEAK_DP1_322000_4097000_classified_point_cloud_colorized.laz","2018_TEAK_3_322000_4097000_image.tif","Tree",1,322000,322999.999,4097000,4097999.999
"3126",3232,322694.006,322699.911,4097917.556,4097923.453,"Silva","NEON_D17_TEAK_DP1_322000_4097000_classified_point_cloud_colorized.laz","2018_TEAK_3_322000_4097000_image.tif","Tree",1,322000,322999.999,4097000,4097999.999
"3127",3233,322640.238,322647.453,4097915.296,4097921.497,"Silva","NEON_D17_TEAK_DP1_322000_4097000_classified_point_cloud_colorized.laz","2018_TEAK_3_322000_4097000_image.tif","Tree",1,322000,322999.999,4097000,4097999.999
"3128",3234,322579.182,322584.928,4097915.042,4097918.299,"Silva","NEON_D17_TEAK_DP1_322000_4097000_classified_point_cloud_colorized.laz","2018_TEAK_3_322000_4097000_image.tif","Tree",1,322000,322999.999,4097000,4097999.999
"3129",3235,322748.669,322761.668,4097913.578,4097926.101,"Silva","NEON_D17_TEAK_DP1_322000_4097000_classified_point_cloud_colorized.laz","2018_TEAK_3_322000_4097000_image.tif","Tree",1,322000,322999.999,4097000,4097999.999
"3130",3236,322811.295,322817.988,4097920.685,4097930.195,"Silva","NEON_D17_TEAK_DP1_322000_4097000_classified_point_cloud_colorized.laz","2018_TEAK_3_322000_4097000_image.tif","Tree",1,322000,322999.999,4097000,4097999.999
"3131",3237,322717.25,322725.012,4097914.029,4097924.998,"Silva","NEON_D17_TEAK_DP1_322000_4097000_classified_point_cloud_colorized.laz","2018_TEAK_3_322000_4097000_image.tif","Tree",1,322000,322999.999,4097000,4097999.999
"3132",3238,322933.112,322937.898,4097926.206,4097930.998,"Silva","NEON_D17_TEAK_DP1_322000_4097000_classified_point_cloud_colorized.laz","2018_TEAK_3_322000_4097000_image.tif","Tree",1,322000,322999.999,4097000,4097999.999
"3133",3239,322847.624,322855.421,4097921.15,4097931.974,"Silva","NEON_D17_TEAK_DP1_322000_4097000_classified_point_cloud_colorized.laz","2018_TEAK_3_322000_4097000_image.tif","Tree",1,322000,322999.999,4097000,4097999.999
"3134",3240,322817.56,322824.966,4097919.04,4097931.266,"Silva","NEON_D17_TEAK_DP1_322000_4097000_classified_point_cloud_colorized.laz","2018_TEAK_3_322000_4097000_image.tif","Tree",1,322000,322999.999,4097000,4097999.999
"3135",3241,322710.093,322714.763,4097921.502,4097925.992,"Silva","NEON_D17_TEAK_DP1_322000_4097000_classified_point_cloud_colorized.laz","2018_TEAK_3_322000_4097000_image.tif","Tree",1,322000,322999.999,4097000,4097999.999
"3136",3243,322915.088,322919.807,4097927.02,4097931.391,"Silva","NEON_D17_TEAK_DP1_322000_4097000_classified_point_cloud_colorized.laz","2018_TEAK_3_322000_4097000_image.tif","Tree",1,322000,322999.999,4097000,4097999.999
"3137",3244,322853.383,322861.983,4097923.051,4097931.746,"Silva","NEON_D17_TEAK_DP1_322000_4097000_classified_point_cloud_colorized.laz","2018_TEAK_3_322000_4097000_image.tif","Tree",1,322000,322999.999,4097000,4097999.999
"3138",3245,322729.501,322733.099,4097922.041,4097927.833,"Silva","NEON_D17_TEAK_DP1_322000_4097000_classified_point_cloud_colorized.laz","2018_TEAK_3_322000_4097000_image.tif","Tree",1,322000,322999.999,4097000,4097999.999
"3139",3246,322821.135,322829.886,4097923.509,4097931.492,"Silva","NEON_D17_TEAK_DP1_322000_4097000_classified_point_cloud_colorized.laz","2018_TEAK_3_322000_4097000_image.tif","Tree",1,322000,322999.999,4097000,4097999.999
"3140",3247,322802.705,322810.492,4097923.287,4097930.92,"Silva","NEON_D17_TEAK_DP1_322000_4097000_classified_point_cloud_colorized.laz","2018_TEAK_3_322000_4097000_image.tif","Tree",1,322000,322999.999,4097000,4097999.999
"3141",3248,322795.541,322798.496,4097925.602,4097930.2,"Silva","NEON_D17_TEAK_DP1_322000_4097000_classified_point_cloud_colorized.laz","2018_TEAK_3_322000_4097000_image.tif","Tree",1,322000,322999.999,4097000,4097999.999
"3142",3249,322788.575,322792.245,4097930.073,4097931.457,"Silva","NEON_D17_TEAK_DP1_322000_4097000_classified_point_cloud_colorized.laz","2018_TEAK_3_322000_4097000_image.tif","Tree",1,322000,322999.999,4097000,4097999.999
"3143",3250,322701.134,322707.366,4097922.986,4097928.776,"Silva","NEON_D17_TEAK_DP1_322000_4097000_classified_point_cloud_colorized.laz","2018_TEAK_3_322000_4097000_image.tif","Tree",1,322000,322999.999,4097000,4097999.999
"3144",3251,322745.01,322754.983,4097921.057,4097931.919,"Silva","NEON_D17_TEAK_DP1_322000_4097000_classified_point_cloud_colorized.laz","2018_TEAK_3_322000_4097000_image.tif","Tree",1,322000,322999.999,4097000,4097999.999
"3145",3252,322582.027,322588.489,4097918.671,4097927.902,"Silva","NEON_D17_TEAK_DP1_322000_4097000_classified_point_cloud_colorized.laz","2018_TEAK_3_322000_4097000_image.tif","Tree",1,322000,322999.999,4097000,4097999.999
"3146",3253,322990.965,322997.95,4097931.507,4097937.25,"Silva","NEON_D17_TEAK_DP1_322000_4097000_classified_point_cloud_colorized.laz","2018_TEAK_3_322000_4097000_image.tif","Tree",1,322000,322999.999,4097000,4097999.999
"3147",3254,322847.609,322849.481,4097926.02,4097932.25,"Silva","NEON_D17_TEAK_DP1_322000_4097000_classified_point_cloud_colorized.laz","2018_TEAK_3_322000_4097000_image.tif","Tree",1,322000,322999.999,4097000,4097999.999
"3148",3256,322955.932,322961.236,4097931.216,4097936.238,"Silva","NEON_D17_TEAK_DP1_322000_4097000_classified_point_cloud_colorized.laz","2018_TEAK_3_322000_4097000_image.tif","Tree",1,322000,322999.999,4097000,4097999.999
"3149",3257,322961.512,322965.92,4097930.654,4097936.936,"Silva","NEON_D17_TEAK_DP1_322000_4097000_classified_point_cloud_colorized.laz","2018_TEAK_3_322000_4097000_image.tif","Tree",1,322000,322999.999,4097000,4097999.999
"3150",3258,322686.406,322691.497,4097924.02,4097930.928,"Silva","NEON_D17_TEAK_DP1_322000_4097000_classified_point_cloud_colorized.laz","2018_TEAK_3_322000_4097000_image.tif","Tree",1,322000,322999.999,4097000,4097999.999
"3151",3259,322513.526,322523.984,4097917.626,4097928.47,"Silva","NEON_D17_TEAK_DP1_322000_4097000_classified_point_cloud_colorized.laz","2018_TEAK_3_322000_4097000_image.tif","Tree",1,322000,322999.999,4097000,4097999.999
"3152",3260,322706.273,322713.297,4097926.572,4097931.971,"Silva","NEON_D17_TEAK_DP1_322000_4097000_classified_point_cloud_colorized.laz","2018_TEAK_3_322000_4097000_image.tif","Tree",1,322000,322999.999,4097000,4097999.999
"3153",3261,322725.189,322730.341,4097927.012,4097932.252,"Silva","NEON_D17_TEAK_DP1_322000_4097000_classified_point_cloud_colorized.laz","2018_TEAK_3_322000_4097000_image.tif","Tree",1,322000,322999.999,4097000,4097999.999
"3154",3262,322634.616,322642.999,4097922.009,4097932.032,"Silva","NEON_D17_TEAK_DP1_322000_4097000_classified_point_cloud_colorized.laz","2018_TEAK_3_322000_4097000_image.tif","Tree",1,322000,322999.999,4097000,4097999.999
"3155",3263,322781.504,322788.549,4097924.538,4097937.108,"Silva","NEON_D17_TEAK_DP1_322000_4097000_classified_point_cloud_colorized.laz","2018_TEAK_3_322000_4097000_image.tif","Tree",1,322000,322999.999,4097000,4097999.999
"3156",3264,322774.524,322781.32,4097924.774,4097937.404,"Silva","NEON_D17_TEAK_DP1_322000_4097000_classified_point_cloud_colorized.laz","2018_TEAK_3_322000_4097000_image.tif","Tree",1,322000,322999.999,4097000,4097999.999
"3157",3265,322751.037,322758.882,4097926.542,4097935.892,"Silva","NEON_D17_TEAK_DP1_322000_4097000_classified_point_cloud_colorized.laz","2018_TEAK_3_322000_4097000_image.tif","Tree",1,322000,322999.999,4097000,4097999.999
"3158",3266,322933.51,322936.957,4097934.635,4097937.997,"Silva","NEON_D17_TEAK_DP1_322000_4097000_classified_point_cloud_colorized.laz","2018_TEAK_3_322000_4097000_image.tif","Tree",1,322000,322999.999,4097000,4097999.999
"3159",3267,322843.245,322844.396,4097934.287,4097935.651,"Silva","NEON_D17_TEAK_DP1_322000_4097000_classified_point_cloud_colorized.laz","2018_TEAK_3_322000_4097000_image.tif","Tree",1,322000,322999.999,4097000,4097999.999
"3160",3269,322796.049,322803.459,4097930.014,4097937.489,"Silva","NEON_D17_TEAK_DP1_322000_4097000_classified_point_cloud_colorized.laz","2018_TEAK_3_322000_4097000_image.tif","Tree",1,322000,322999.999,4097000,4097999.999
"3161",3270,322825.312,322829.926,4097930.635,4097936.965,"Silva","NEON_D17_TEAK_DP1_322000_4097000_classified_point_cloud_colorized.laz","2018_TEAK_3_322000_4097000_image.tif","Tree",1,322000,322999.999,4097000,4097999.999
"3162",3271,322951.635,322961.367,4097936.025,4097943.361,"Silva","NEON_D17_TEAK_DP1_322000_4097000_classified_point_cloud_colorized.laz","2018_TEAK_3_322000_4097000_image.tif","Tree",1,322000,322999.999,4097000,4097999.999
"3163",3272,322738.516,322747.308,4097928.517,4097937.296,"Silva","NEON_D17_TEAK_DP1_322000_4097000_classified_point_cloud_colorized.laz","2018_TEAK_3_322000_4097000_image.tif","Tree",1,322000,322999.999,4097000,4097999.999
"3164",3273,322648.251,322653.431,4097928.649,4097933.936,"Silva","NEON_D17_TEAK_DP1_322000_4097000_classified_point_cloud_colorized.laz","2018_TEAK_3_322000_4097000_image.tif","Tree",1,322000,322999.999,4097000,4097999.999
"3165",3274,322734.639,322735.777,4097938.706,4097939.342,"Silva","NEON_D17_TEAK_DP1_322000_4097000_classified_point_cloud_colorized.laz","2018_TEAK_3_322000_4097000_image.tif","Tree",1,322000,322999.999,4097000,4097999.999
"3166",3275,322768.005,322774.411,4097929.524,4097936.893,"Silva","NEON_D17_TEAK_DP1_322000_4097000_classified_point_cloud_colorized.laz","2018_TEAK_3_322000_4097000_image.tif","Tree",1,322000,322999.999,4097000,4097999.999
"3167",3276,322989.001,322998.278,4097934.015,4097943.89,"Silva","NEON_D17_TEAK_DP1_322000_4097000_classified_point_cloud_colorized.laz","2018_TEAK_3_322000_4097000_image.tif","Tree",1,322000,322999.999,4097000,4097999.999
"3168",3277,322834.509,322840.274,4097933.558,4097938.575,"Silva","NEON_D17_TEAK_DP1_322000_4097000_classified_point_cloud_colorized.laz","2018_TEAK_3_322000_4097000_image.tif","Tree",1,322000,322999.999,4097000,4097999.999
"3169",3278,322787.539,322796.835,4097931.181,4097938.79,"Silva","NEON_D17_TEAK_DP1_322000_4097000_classified_point_cloud_colorized.laz","2018_TEAK_3_322000_4097000_image.tif","Tree",1,322000,322999.999,4097000,4097999.999
"3170",3279,322620.54,322627.787,4097928.519,4097935.075,"Silva","NEON_D17_TEAK_DP1_322000_4097000_classified_point_cloud_colorized.laz","2018_TEAK_3_322000_4097000_image.tif","Tree",1,322000,322999.999,4097000,4097999.999
"3171",3280,322569.046,322575.894,4097926.52,4097934.149,"Silva","NEON_D17_TEAK_DP1_322000_4097000_classified_point_cloud_colorized.laz","2018_TEAK_3_322000_4097000_image.tif","Tree",1,322000,322999.999,4097000,4097999.999
"3172",3281,322721.592,322722.314,4097938.574,4097939.237,"Silva","NEON_D17_TEAK_DP1_322000_4097000_classified_point_cloud_colorized.laz","2018_TEAK_3_322000_4097000_image.tif","Tree",1,322000,322999.999,4097000,4097999.999
"3173",3282,322819.541,322824.743,4097931.559,4097933.373,"Silva","NEON_D17_TEAK_DP1_322000_4097000_classified_point_cloud_colorized.laz","2018_TEAK_3_322000_4097000_image.tif","Tree",1,322000,322999.999,4097000,4097999.999
"3174",3283,322631.512,322638.894,4097929.007,4097937.788,"Silva","NEON_D17_TEAK_DP1_322000_4097000_classified_point_cloud_colorized.laz","2018_TEAK_3_322000_4097000_image.tif","Tree",1,322000,322999.999,4097000,4097999.999
"3175",3284,322684.055,322690.8,4097931.001,4097937.921,"Silva","NEON_D17_TEAK_DP1_322000_4097000_classified_point_cloud_colorized.laz","2018_TEAK_3_322000_4097000_image.tif","Tree",1,322000,322999.999,4097000,4097999.999
"3176",3285,322560.544,322564.943,4097929.557,4097934.231,"Silva","NEON_D17_TEAK_DP1_322000_4097000_classified_point_cloud_colorized.laz","2018_TEAK_3_322000_4097000_image.tif","Tree",1,322000,322999.999,4097000,4097999.999
"3177",3286,322744.349,322751.99,4097932.897,4097940.339,"Silva","NEON_D17_TEAK_DP1_322000_4097000_classified_point_cloud_colorized.laz","2018_TEAK_3_322000_4097000_image.tif","Tree",1,322000,322999.999,4097000,4097999.999
"3178",3287,322765.15,322768.949,4097936.27,4097939.296,"Silva","NEON_D17_TEAK_DP1_322000_4097000_classified_point_cloud_colorized.laz","2018_TEAK_3_322000_4097000_image.tif","Tree",1,322000,322999.999,4097000,4097999.999
"3179",3288,322929.607,322934.993,4097938.522,4097943,"Silva","NEON_D17_TEAK_DP1_322000_4097000_classified_point_cloud_colorized.laz","2018_TEAK_3_322000_4097000_image.tif","Tree",1,322000,322999.999,4097000,4097999.999
"3180",3289,322849.531,322860.491,4097932.036,4097942.335,"Silva","NEON_D17_TEAK_DP1_322000_4097000_classified_point_cloud_colorized.laz","2018_TEAK_3_322000_4097000_image.tif","Tree",1,322000,322999.999,4097000,4097999.999
"3181",3290,322564.504,322570.356,4097931.115,4097936.4,"Silva","NEON_D17_TEAK_DP1_322000_4097000_classified_point_cloud_colorized.laz","2018_TEAK_3_322000_4097000_image.tif","Tree",1,322000,322999.999,4097000,4097999.999
"3182",3291,322637.587,322647.445,4097930.064,4097938.998,"Silva","NEON_D17_TEAK_DP1_322000_4097000_classified_point_cloud_colorized.laz","2018_TEAK_3_322000_4097000_image.tif","Tree",1,322000,322999.999,4097000,4097999.999
"3183",3292,322659.158,322660.709,4097937.45,4097938.969,"Silva","NEON_D17_TEAK_DP1_322000_4097000_classified_point_cloud_colorized.laz","2018_TEAK_3_322000_4097000_image.tif","Tree",1,322000,322999.999,4097000,4097999.999
"3184",3293,322818.382,322819.534,4097933.251,4097933.275,"Silva","NEON_D17_TEAK_DP1_322000_4097000_classified_point_cloud_colorized.laz","2018_TEAK_3_322000_4097000_image.tif","Tree",1,322000,322999.999,4097000,4097999.999
"3185",3294,322906.049,322909.915,4097939.669,4097943.89,"Silva","NEON_D17_TEAK_DP1_322000_4097000_classified_point_cloud_colorized.laz","2018_TEAK_3_322000_4097000_image.tif","Tree",1,322000,322999.999,4097000,4097999.999
"3186",3295,322698.62,322703.988,4097933.723,4097941.416,"Silva","NEON_D17_TEAK_DP1_322000_4097000_classified_point_cloud_colorized.laz","2018_TEAK_3_322000_4097000_image.tif","Tree",1,322000,322999.999,4097000,4097999.999
"3187",3296,322785.362,322794.976,4097935.508,4097944.114,"Silva","NEON_D17_TEAK_DP1_322000_4097000_classified_point_cloud_colorized.laz","2018_TEAK_3_322000_4097000_image.tif","Tree",1,322000,322999.999,4097000,4097999.999
"3188",3297,322750.147,322756.791,4097935.501,4097940.984,"Silva","NEON_D17_TEAK_DP1_322000_4097000_classified_point_cloud_colorized.laz","2018_TEAK_3_322000_4097000_image.tif","Tree",1,322000,322999.999,4097000,4097999.999
"3189",3298,322977.821,322980.488,4097943.611,4097946.278,"Silva","NEON_D17_TEAK_DP1_322000_4097000_classified_point_cloud_colorized.laz","2018_TEAK_3_322000_4097000_image.tif","Tree",1,322000,322999.999,4097000,4097999.999
"3190",3299,322674.108,322680.959,4097935.635,4097944,"Silva","NEON_D17_TEAK_DP1_322000_4097000_classified_point_cloud_colorized.laz","2018_TEAK_3_322000_4097000_image.tif","Tree",1,322000,322999.999,4097000,4097999.999
"3191",3300,322583.507,322590.342,4097932.65,4097939.999,"Silva","NEON_D17_TEAK_DP1_322000_4097000_classified_point_cloud_colorized.laz","2018_TEAK_3_322000_4097000_image.tif","Tree",1,322000,322999.999,4097000,4097999.999
"3192",3301,322667.636,322674.494,4097935.11,4097942.947,"Silva","NEON_D17_TEAK_DP1_322000_4097000_classified_point_cloud_colorized.laz","2018_TEAK_3_322000_4097000_image.tif","Tree",1,322000,322999.999,4097000,4097999.999
"3193",3302,322685.661,322692.98,4097937.059,4097942.869,"Silva","NEON_D17_TEAK_DP1_322000_4097000_classified_point_cloud_colorized.laz","2018_TEAK_3_322000_4097000_image.tif","Tree",1,322000,322999.999,4097000,4097999.999
"3194",3303,322845.051,322851.997,4097938.198,4097946.916,"Silva","NEON_D17_TEAK_DP1_322000_4097000_classified_point_cloud_colorized.laz","2018_TEAK_3_322000_4097000_image.tif","Tree",1,322000,322999.999,4097000,4097999.999
"3195",3304,322517.607,322524.904,4097933.053,4097940.517,"Silva","NEON_D17_TEAK_DP1_322000_4097000_classified_point_cloud_colorized.laz","2018_TEAK_3_322000_4097000_image.tif","Tree",1,322000,322999.999,4097000,4097999.999
"3196",3305,322824.291,322827.697,4097942.634,4097946.166,"Silva","NEON_D17_TEAK_DP1_322000_4097000_classified_point_cloud_colorized.laz","2018_TEAK_3_322000_4097000_image.tif","Tree",1,322000,322999.999,4097000,4097999.999
"3197",3306,322880.123,322886.928,4097940.043,4097944.951,"Silva","NEON_D17_TEAK_DP1_322000_4097000_classified_point_cloud_colorized.laz","2018_TEAK_3_322000_4097000_image.tif","Tree",1,322000,322999.999,4097000,4097999.999
"3198",3307,322758.201,322762.402,4097941.109,4097945.605,"Silva","NEON_D17_TEAK_DP1_322000_4097000_classified_point_cloud_colorized.laz","2018_TEAK_3_322000_4097000_image.tif","Tree",1,322000,322999.999,4097000,4097999.999
"3199",3308,322777.039,322784.969,4097940.083,4097947.793,"Silva","NEON_D17_TEAK_DP1_322000_4097000_classified_point_cloud_colorized.laz","2018_TEAK_3_322000_4097000_image.tif","Tree",1,322000,322999.999,4097000,4097999.999
"3200",3309,322658.63,322665.996,4097937.554,4097945.295,"Silva","NEON_D17_TEAK_DP1_322000_4097000_classified_point_cloud_colorized.laz","2018_TEAK_3_322000_4097000_image.tif","Tree",1,322000,322999.999,4097000,4097999.999
"3201",3310,322614.069,322620.355,4097936.533,4097943.359,"Silva","NEON_D17_TEAK_DP1_322000_4097000_classified_point_cloud_colorized.laz","2018_TEAK_3_322000_4097000_image.tif","Tree",1,322000,322999.999,4097000,4097999.999
"3202",3311,322715.536,322722.971,4097938.551,4097947.487,"Silva","NEON_D17_TEAK_DP1_322000_4097000_classified_point_cloud_colorized.laz","2018_TEAK_3_322000_4097000_image.tif","Tree",1,322000,322999.999,4097000,4097999.999
"3203",3312,322804.669,322811.013,4097941.598,4097948.401,"Silva","NEON_D17_TEAK_DP1_322000_4097000_classified_point_cloud_colorized.laz","2018_TEAK_3_322000_4097000_image.tif","Tree",1,322000,322999.999,4097000,4097999.999
"3204",3313,322818.507,322824.458,4097942.242,4097947.934,"Silva","NEON_D17_TEAK_DP1_322000_4097000_classified_point_cloud_colorized.laz","2018_TEAK_3_322000_4097000_image.tif","Tree",1,322000,322999.999,4097000,4097999.999
"3205",3314,322944.603,322955.968,4097940.023,4097951.983,"Silva","NEON_D17_TEAK_DP1_322000_4097000_classified_point_cloud_colorized.laz","2018_TEAK_3_322000_4097000_image.tif","Tree",1,322000,322999.999,4097000,4097999.999
"3206",3315,322989.502,322995.391,4097944.075,4097951.478,"Silva","NEON_D17_TEAK_DP1_322000_4097000_classified_point_cloud_colorized.laz","2018_TEAK_3_322000_4097000_image.tif","Tree",1,322000,322999.999,4097000,4097999.999
"3207",3316,322956.022,322967.446,4097941.01,4097951.956,"Silva","NEON_D17_TEAK_DP1_322000_4097000_classified_point_cloud_colorized.laz","2018_TEAK_3_322000_4097000_image.tif","Tree",1,322000,322999.999,4097000,4097999.999
"3208",3317,322593.51,322600.966,4097938.092,4097944.544,"Silva","NEON_D17_TEAK_DP1_322000_4097000_classified_point_cloud_colorized.laz","2018_TEAK_3_322000_4097000_image.tif","Tree",1,322000,322999.999,4097000,4097999.999
"3209",3318,322780.687,322787.308,4097942.105,4097949.368,"Silva","NEON_D17_TEAK_DP1_322000_4097000_classified_point_cloud_colorized.laz","2018_TEAK_3_322000_4097000_image.tif","Tree",1,322000,322999.999,4097000,4097999.999
"3210",3319,322764.617,322770.835,4097943.117,4097949.952,"Silva","NEON_D17_TEAK_DP1_322000_4097000_classified_point_cloud_colorized.laz","2018_TEAK_3_322000_4097000_image.tif","Tree",1,322000,322999.999,4097000,4097999.999
"3211",3320,322683.788,322692.476,4097942.742,4097946.974,"Silva","NEON_D17_TEAK_DP1_322000_4097000_classified_point_cloud_colorized.laz","2018_TEAK_3_322000_4097000_image.tif","Tree",1,322000,322999.999,4097000,4097999.999
"3212",3321,322740.522,322749.443,4097942.642,4097947.97,"Silva","NEON_D17_TEAK_DP1_322000_4097000_classified_point_cloud_colorized.laz","2018_TEAK_3_322000_4097000_image.tif","Tree",1,322000,322999.999,4097000,4097999.999
"3213",3322,322752.136,322756.386,4097944.402,4097950.434,"Silva","NEON_D17_TEAK_DP1_322000_4097000_classified_point_cloud_colorized.laz","2018_TEAK_3_322000_4097000_image.tif","Tree",1,322000,322999.999,4097000,4097999.999
"3214",3323,322821.066,322828.363,4097944.389,4097950.898,"Silva","NEON_D17_TEAK_DP1_322000_4097000_classified_point_cloud_colorized.laz","2018_TEAK_3_322000_4097000_image.tif","Tree",1,322000,322999.999,4097000,4097999.999
"3215",3324,322586.513,322591.888,4097939.567,4097947.677,"Silva","NEON_D17_TEAK_DP1_322000_4097000_classified_point_cloud_colorized.laz","2018_TEAK_3_322000_4097000_image.tif","Tree",1,322000,322999.999,4097000,4097999.999
"3216",3325,322793.102,322802.763,4097941.521,4097952.399,"Silva","NEON_D17_TEAK_DP1_322000_4097000_classified_point_cloud_colorized.laz","2018_TEAK_3_322000_4097000_image.tif","Tree",1,322000,322999.999,4097000,4097999.999
"3217",3326,322760.358,322765.02,4097946.023,4097951.566,"Silva","NEON_D17_TEAK_DP1_322000_4097000_classified_point_cloud_colorized.laz","2018_TEAK_3_322000_4097000_image.tif","Tree",1,322000,322999.999,4097000,4097999.999
"3218",3327,322847.539,322856.114,4097944.618,4097952.477,"Silva","NEON_D17_TEAK_DP1_322000_4097000_classified_point_cloud_colorized.laz","2018_TEAK_3_322000_4097000_image.tif","Tree",1,322000,322999.999,4097000,4097999.999
"3219",3328,322833.647,322837.981,4097947.572,4097952.427,"Silva","NEON_D17_TEAK_DP1_322000_4097000_classified_point_cloud_colorized.laz","2018_TEAK_3_322000_4097000_image.tif","Tree",1,322000,322999.999,4097000,4097999.999
"3220",3329,322562.049,322568.959,4097941.702,4097949.864,"Silva","NEON_D17_TEAK_DP1_322000_4097000_classified_point_cloud_colorized.laz","2018_TEAK_3_322000_4097000_image.tif","Tree",1,322000,322999.999,4097000,4097999.999
"3221",3330,322809.594,322814.874,4097946.039,4097952.184,"Silva","NEON_D17_TEAK_DP1_322000_4097000_classified_point_cloud_colorized.laz","2018_TEAK_3_322000_4097000_image.tif","Tree",1,322000,322999.999,4097000,4097999.999
"3222",3331,322815.257,322820.925,4097947.258,4097953.374,"Silva","NEON_D17_TEAK_DP1_322000_4097000_classified_point_cloud_colorized.laz","2018_TEAK_3_322000_4097000_image.tif","Tree",1,322000,322999.999,4097000,4097999.999
"3223",3332,322982.545,322987.293,4097951.539,4097956.327,"Silva","NEON_D17_TEAK_DP1_322000_4097000_classified_point_cloud_colorized.laz","2018_TEAK_3_322000_4097000_image.tif","Tree",1,322000,322999.999,4097000,4097999.999
"3224",3333,322672.582,322681.172,4097944.1,4097952.476,"Silva","NEON_D17_TEAK_DP1_322000_4097000_classified_point_cloud_colorized.laz","2018_TEAK_3_322000_4097000_image.tif","Tree",1,322000,322999.999,4097000,4097999.999
"3225",3334,322685.11,322692.419,4097947.018,4097951.772,"Silva","NEON_D17_TEAK_DP1_322000_4097000_classified_point_cloud_colorized.laz","2018_TEAK_3_322000_4097000_image.tif","Tree",1,322000,322999.999,4097000,4097999.999
"3226",3335,322927.572,322930.68,4097949.635,4097955.982,"Silva","NEON_D17_TEAK_DP1_322000_4097000_classified_point_cloud_colorized.laz","2018_TEAK_3_322000_4097000_image.tif","Tree",1,322000,322999.999,4097000,4097999.999
"3227",3336,322843.065,322848.49,4097950.621,4097954.734,"Silva","NEON_D17_TEAK_DP1_322000_4097000_classified_point_cloud_colorized.laz","2018_TEAK_3_322000_4097000_image.tif","Tree",1,322000,322999.999,4097000,4097999.999
"3228",3337,322838.853,322842.953,4097950.09,4097954.723,"Silva","NEON_D17_TEAK_DP1_322000_4097000_classified_point_cloud_colorized.laz","2018_TEAK_3_322000_4097000_image.tif","Tree",1,322000,322999.999,4097000,4097999.999
"3229",3338,322768.327,322777.383,4097942.607,4097955.096,"Silva","NEON_D17_TEAK_DP1_322000_4097000_classified_point_cloud_colorized.laz","2018_TEAK_3_322000_4097000_image.tif","Tree",1,322000,322999.999,4097000,4097999.999
"3230",3339,322728.168,322739.95,4097942.108,4097953.817,"Silva","NEON_D17_TEAK_DP1_322000_4097000_classified_point_cloud_colorized.laz","2018_TEAK_3_322000_4097000_image.tif","Tree",1,322000,322999.999,4097000,4097999.999
"3231",3340,322624.009,322634.824,4097944.079,4097950.989,"Silva","NEON_D17_TEAK_DP1_322000_4097000_classified_point_cloud_colorized.laz","2018_TEAK_3_322000_4097000_image.tif","Tree",1,322000,322999.999,4097000,4097999.999
"3232",3341,322784.557,322790.445,4097948.002,4097955.902,"Silva","NEON_D17_TEAK_DP1_322000_4097000_classified_point_cloud_colorized.laz","2018_TEAK_3_322000_4097000_image.tif","Tree",1,322000,322999.999,4097000,4097999.999
"3233",3342,322682.536,322689.972,4097948.024,4097954.997,"Silva","NEON_D17_TEAK_DP1_322000_4097000_classified_point_cloud_colorized.laz","2018_TEAK_3_322000_4097000_image.tif","Tree",1,322000,322999.999,4097000,4097999.999
"3234",3343,322534.084,322540.489,4097945.613,4097951.992,"Silva","NEON_D17_TEAK_DP1_322000_4097000_classified_point_cloud_colorized.laz","2018_TEAK_3_322000_4097000_image.tif","Tree",1,322000,322999.999,4097000,4097999.999
"3235",3344,322789.147,322795.422,4097948.301,4097955.196,"Silva","NEON_D17_TEAK_DP1_322000_4097000_classified_point_cloud_colorized.laz","2018_TEAK_3_322000_4097000_image.tif","Tree",1,322000,322999.999,4097000,4097999.999
"3236",3345,322928.531,322930.855,4097955.024,4097959.451,"Silva","NEON_D17_TEAK_DP1_322000_4097000_classified_point_cloud_colorized.laz","2018_TEAK_3_322000_4097000_image.tif","Tree",1,322000,322999.999,4097000,4097999.999
"3237",3346,322922.043,322928.991,4097952.546,4097959.802,"Silva","NEON_D17_TEAK_DP1_322000_4097000_classified_point_cloud_colorized.laz","2018_TEAK_3_322000_4097000_image.tif","Tree",1,322000,322999.999,4097000,4097999.999
"3238",3347,322802.556,322809.031,4097949.578,4097954.954,"Silva","NEON_D17_TEAK_DP1_322000_4097000_classified_point_cloud_colorized.laz","2018_TEAK_3_322000_4097000_image.tif","Tree",1,322000,322999.999,4097000,4097999.999
"3239",3348,322746.673,322755.421,4097948.339,4097957.847,"Silva","NEON_D17_TEAK_DP1_322000_4097000_classified_point_cloud_colorized.laz","2018_TEAK_3_322000_4097000_image.tif","Tree",1,322000,322999.999,4097000,4097999.999
"3240",3349,322755.61,322763.281,4097950.544,4097955.217,"Silva","NEON_D17_TEAK_DP1_322000_4097000_classified_point_cloud_colorized.laz","2018_TEAK_3_322000_4097000_image.tif","Tree",1,322000,322999.999,4097000,4097999.999
"3241",3350,322895.054,322900.721,4097952.663,4097958.299,"Silva","NEON_D17_TEAK_DP1_322000_4097000_classified_point_cloud_colorized.laz","2018_TEAK_3_322000_4097000_image.tif","Tree",1,322000,322999.999,4097000,4097999.999
"3242",3351,322834.986,322838.911,4097952.661,4097957.382,"Silva","NEON_D17_TEAK_DP1_322000_4097000_classified_point_cloud_colorized.laz","2018_TEAK_3_322000_4097000_image.tif","Tree",1,322000,322999.999,4097000,4097999.999
"3243",3352,322665.034,322672.766,4097946.629,4097954.92,"Silva","NEON_D17_TEAK_DP1_322000_4097000_classified_point_cloud_colorized.laz","2018_TEAK_3_322000_4097000_image.tif","Tree",1,322000,322999.999,4097000,4097999.999
"3244",3353,322634.616,322644.732,4097946.792,4097955.275,"Silva","NEON_D17_TEAK_DP1_322000_4097000_classified_point_cloud_colorized.laz","2018_TEAK_3_322000_4097000_image.tif","Tree",1,322000,322999.999,4097000,4097999.999
"3245",3354,322653.544,322657.61,4097951.019,4097955.795,"Silva","NEON_D17_TEAK_DP1_322000_4097000_classified_point_cloud_colorized.laz","2018_TEAK_3_322000_4097000_image.tif","Tree",1,322000,322999.999,4097000,4097999.999
"3246",3355,322763.763,322772.218,4097949.506,4097957.992,"Silva","NEON_D17_TEAK_DP1_322000_4097000_classified_point_cloud_colorized.laz","2018_TEAK_3_322000_4097000_image.tif","Tree",1,322000,322999.999,4097000,4097999.999
"3247",3356,322818.523,322827.972,4097950.505,4097958.914,"Silva","NEON_D17_TEAK_DP1_322000_4097000_classified_point_cloud_colorized.laz","2018_TEAK_3_322000_4097000_image.tif","Tree",1,322000,322999.999,4097000,4097999.999
"3248",3357,322848.03,322857.864,4097951.565,4097958.647,"Silva","NEON_D17_TEAK_DP1_322000_4097000_classified_point_cloud_colorized.laz","2018_TEAK_3_322000_4097000_image.tif","Tree",1,322000,322999.999,4097000,4097999.999
"3249",3358,322809.057,322810.735,4097955.163,4097957.02,"Silva","NEON_D17_TEAK_DP1_322000_4097000_classified_point_cloud_colorized.laz","2018_TEAK_3_322000_4097000_image.tif","Tree",1,322000,322999.999,4097000,4097999.999
"3250",3359,322589.618,322595.926,4097948.612,4097956.307,"Silva","NEON_D17_TEAK_DP1_322000_4097000_classified_point_cloud_colorized.laz","2018_TEAK_3_322000_4097000_image.tif","Tree",1,322000,322999.999,4097000,4097999.999
"3251",3360,322780.369,322787.448,4097952.748,4097958.892,"Silva","NEON_D17_TEAK_DP1_322000_4097000_classified_point_cloud_colorized.laz","2018_TEAK_3_322000_4097000_image.tif","Tree",1,322000,322999.999,4097000,4097999.999
"3252",3361,322791.678,322798.403,4097951.552,4097958.981,"Silva","NEON_D17_TEAK_DP1_322000_4097000_classified_point_cloud_colorized.laz","2018_TEAK_3_322000_4097000_image.tif","Tree",1,322000,322999.999,4097000,4097999.999
"3253",3362,322798.506,322804.892,4097951.106,4097958.226,"Silva","NEON_D17_TEAK_DP1_322000_4097000_classified_point_cloud_colorized.laz","2018_TEAK_3_322000_4097000_image.tif","Tree",1,322000,322999.999,4097000,4097999.999
"3254",3363,322561.52,322565.434,4097951.666,4097956.499,"Silva","NEON_D17_TEAK_DP1_322000_4097000_classified_point_cloud_colorized.laz","2018_TEAK_3_322000_4097000_image.tif","Tree",1,322000,322999.999,4097000,4097999.999
"3255",3364,322568.966,322576.466,4097949.636,4097957.854,"Silva","NEON_D17_TEAK_DP1_322000_4097000_classified_point_cloud_colorized.laz","2018_TEAK_3_322000_4097000_image.tif","Tree",1,322000,322999.999,4097000,4097999.999
"3256",3365,322908.591,322914.436,4097955.548,4097961.442,"Silva","NEON_D17_TEAK_DP1_322000_4097000_classified_point_cloud_colorized.laz","2018_TEAK_3_322000_4097000_image.tif","Tree",1,322000,322999.999,4097000,4097999.999
"3257",3366,322814.12,322817.889,4097955.226,4097958.304,"Silva","NEON_D17_TEAK_DP1_322000_4097000_classified_point_cloud_colorized.laz","2018_TEAK_3_322000_4097000_image.tif","Tree",1,322000,322999.999,4097000,4097999.999
"3258",3367,322606.041,322613.498,4097949.173,4097957.304,"Silva","NEON_D17_TEAK_DP1_322000_4097000_classified_point_cloud_colorized.laz","2018_TEAK_3_322000_4097000_image.tif","Tree",1,322000,322999.999,4097000,4097999.999
"3259",3368,322722.106,322729.952,4097952.368,4097961.289,"Silva","NEON_D17_TEAK_DP1_322000_4097000_classified_point_cloud_colorized.laz","2018_TEAK_3_322000_4097000_image.tif","Tree",1,322000,322999.999,4097000,4097999.999
"3260",3369,322738.523,322749.414,4097950.553,4097961.901,"Silva","NEON_D17_TEAK_DP1_322000_4097000_classified_point_cloud_colorized.laz","2018_TEAK_3_322000_4097000_image.tif","Tree",1,322000,322999.999,4097000,4097999.999
"3261",3370,322760.092,322767.989,4097955.187,4097962.848,"Silva","NEON_D17_TEAK_DP1_322000_4097000_classified_point_cloud_colorized.laz","2018_TEAK_3_322000_4097000_image.tif","Tree",1,322000,322999.999,4097000,4097999.999
"3262",3371,322971.59,322981.083,4097954.667,4097964.847,"Silva","NEON_D17_TEAK_DP1_322000_4097000_classified_point_cloud_colorized.laz","2018_TEAK_3_322000_4097000_image.tif","Tree",1,322000,322999.999,4097000,4097999.999
"3263",3372,322958.531,322963.343,4097955.699,4097964.21,"Silva","NEON_D17_TEAK_DP1_322000_4097000_classified_point_cloud_colorized.laz","2018_TEAK_3_322000_4097000_image.tif","Tree",1,322000,322999.999,4097000,4097999.999
"3264",3373,322543.471,322546.549,4097953.002,4097958.255,"Silva","NEON_D17_TEAK_DP1_322000_4097000_classified_point_cloud_colorized.laz","2018_TEAK_3_322000_4097000_image.tif","Tree",1,322000,322999.999,4097000,4097999.999
"3265",3374,322574.548,322583.986,4097949.54,4097960.976,"Silva","NEON_D17_TEAK_DP1_322000_4097000_classified_point_cloud_colorized.laz","2018_TEAK_3_322000_4097000_image.tif","Tree",1,322000,322999.999,4097000,4097999.999
"3266",3375,322849.204,322859.421,4097955.053,4097963.155,"Silva","NEON_D17_TEAK_DP1_322000_4097000_classified_point_cloud_colorized.laz","2018_TEAK_3_322000_4097000_image.tif","Tree",1,322000,322999.999,4097000,4097999.999
"3267",3376,322729.082,322737.16,4097954.019,4097962.5,"Silva","NEON_D17_TEAK_DP1_322000_4097000_classified_point_cloud_colorized.laz","2018_TEAK_3_322000_4097000_image.tif","Tree",1,322000,322999.999,4097000,4097999.999
"3268",3377,322684.117,322686.926,4097954.921,4097960.723,"Silva","NEON_D17_TEAK_DP1_322000_4097000_classified_point_cloud_colorized.laz","2018_TEAK_3_322000_4097000_image.tif","Tree",1,322000,322999.999,4097000,4097999.999
"3269",3378,322642.054,322648.992,4097954.133,4097961.445,"Silva","NEON_D17_TEAK_DP1_322000_4097000_classified_point_cloud_colorized.laz","2018_TEAK_3_322000_4097000_image.tif","Tree",1,322000,322999.999,4097000,4097999.999
"3270",3379,322632.081,322638.46,4097952.518,4097960.428,"Silva","NEON_D17_TEAK_DP1_322000_4097000_classified_point_cloud_colorized.laz","2018_TEAK_3_322000_4097000_image.tif","Tree",1,322000,322999.999,4097000,4097999.999
"3271",3380,322512.017,322518.853,4097953.508,4097960.494,"Silva","NEON_D17_TEAK_DP1_322000_4097000_classified_point_cloud_colorized.laz","2018_TEAK_3_322000_4097000_image.tif","Tree",1,322000,322999.999,4097000,4097999.999
"3272",3381,322961.08,322966.982,4097959.11,4097965.568,"Silva","NEON_D17_TEAK_DP1_322000_4097000_classified_point_cloud_colorized.laz","2018_TEAK_3_322000_4097000_image.tif","Tree",1,322000,322999.999,4097000,4097999.999
"3273",3382,322794.425,322799.431,4097958.173,4097963.34,"Silva","NEON_D17_TEAK_DP1_322000_4097000_classified_point_cloud_colorized.laz","2018_TEAK_3_322000_4097000_image.tif","Tree",1,322000,322999.999,4097000,4097999.999
"3274",3383,322753.725,322759.982,4097956.735,4097964,"Silva","NEON_D17_TEAK_DP1_322000_4097000_classified_point_cloud_colorized.laz","2018_TEAK_3_322000_4097000_image.tif","Tree",1,322000,322999.999,4097000,4097999.999
"3275",3384,322770.417,322776.537,4097955.01,4097965.387,"Silva","NEON_D17_TEAK_DP1_322000_4097000_classified_point_cloud_colorized.laz","2018_TEAK_3_322000_4097000_image.tif","Tree",1,322000,322999.999,4097000,4097999.999
"3276",3385,322828.603,322832.423,4097960.003,4097963.902,"Silva","NEON_D17_TEAK_DP1_322000_4097000_classified_point_cloud_colorized.laz","2018_TEAK_3_322000_4097000_image.tif","Tree",1,322000,322999.999,4097000,4097999.999
"3277",3386,322836.517,322841.471,4097959.303,4097964.755,"Silva","NEON_D17_TEAK_DP1_322000_4097000_classified_point_cloud_colorized.laz","2018_TEAK_3_322000_4097000_image.tif","Tree",1,322000,322999.999,4097000,4097999.999
"3278",3387,322841.735,322847.732,4097962.106,4097964.313,"Silva","NEON_D17_TEAK_DP1_322000_4097000_classified_point_cloud_colorized.laz","2018_TEAK_3_322000_4097000_image.tif","Tree",1,322000,322999.999,4097000,4097999.999
"3279",3388,322785.53,322789.952,4097959.287,4097964.364,"Silva","NEON_D17_TEAK_DP1_322000_4097000_classified_point_cloud_colorized.laz","2018_TEAK_3_322000_4097000_image.tif","Tree",1,322000,322999.999,4097000,4097999.999
"3280",3389,322781.544,322785.496,4097959.747,4097963.805,"Silva","NEON_D17_TEAK_DP1_322000_4097000_classified_point_cloud_colorized.laz","2018_TEAK_3_322000_4097000_image.tif","Tree",1,322000,322999.999,4097000,4097999.999
"3281",3390,322736.755,322747.071,4097957.04,4097964.889,"Silva","NEON_D17_TEAK_DP1_322000_4097000_classified_point_cloud_colorized.laz","2018_TEAK_3_322000_4097000_image.tif","Tree",1,322000,322999.999,4097000,4097999.999
"3282",3391,322819.138,322826.313,4097958.542,4097966.317,"Silva","NEON_D17_TEAK_DP1_322000_4097000_classified_point_cloud_colorized.laz","2018_TEAK_3_322000_4097000_image.tif","Tree",1,322000,322999.999,4097000,4097999.999
"3283",3392,322944.552,322951.116,4097960.03,4097966.442,"Silva","NEON_D17_TEAK_DP1_322000_4097000_classified_point_cloud_colorized.laz","2018_TEAK_3_322000_4097000_image.tif","Tree",1,322000,322999.999,4097000,4097999.999
"3284",3393,322853.541,322864.438,4097958.059,4097967.959,"Silva","NEON_D17_TEAK_DP1_322000_4097000_classified_point_cloud_colorized.laz","2018_TEAK_3_322000_4097000_image.tif","Tree",1,322000,322999.999,4097000,4097999.999
"3285",3394,322668.02,322678.476,4097958.039,4097966.484,"Silva","NEON_D17_TEAK_DP1_322000_4097000_classified_point_cloud_colorized.laz","2018_TEAK_3_322000_4097000_image.tif","Tree",1,322000,322999.999,4097000,4097999.999
"3286",3395,322780.114,322783.956,4097962.038,4097966.382,"Silva","NEON_D17_TEAK_DP1_322000_4097000_classified_point_cloud_colorized.laz","2018_TEAK_3_322000_4097000_image.tif","Tree",1,322000,322999.999,4097000,4097999.999
"3287",3396,322685.484,322692.194,4097959.019,4097966.732,"Silva","NEON_D17_TEAK_DP1_322000_4097000_classified_point_cloud_colorized.laz","2018_TEAK_3_322000_4097000_image.tif","Tree",1,322000,322999.999,4097000,4097999.999
"3288",3397,322592.272,322600.498,4097958.003,4097965.399,"Silva","NEON_D17_TEAK_DP1_322000_4097000_classified_point_cloud_colorized.laz","2018_TEAK_3_322000_4097000_image.tif","Tree",1,322000,322999.999,4097000,4097999.999
"3289",3399,322799.079,322803.581,4097963.182,4097967.922,"Silva","NEON_D17_TEAK_DP1_322000_4097000_classified_point_cloud_colorized.laz","2018_TEAK_3_322000_4097000_image.tif","Tree",1,322000,322999.999,4097000,4097999.999
"3290",3400,322614.77,322622.465,4097959.643,4097967.812,"Silva","NEON_D17_TEAK_DP1_322000_4097000_classified_point_cloud_colorized.laz","2018_TEAK_3_322000_4097000_image.tif","Tree",1,322000,322999.999,4097000,4097999.999
"3291",3401,322641.388,322647.692,4097960.146,4097967.988,"Silva","NEON_D17_TEAK_DP1_322000_4097000_classified_point_cloud_colorized.laz","2018_TEAK_3_322000_4097000_image.tif","Tree",1,322000,322999.999,4097000,4097999.999
"3292",3402,322729.587,322736.963,4097960.722,4097967.355,"Silva","NEON_D17_TEAK_DP1_322000_4097000_classified_point_cloud_colorized.laz","2018_TEAK_3_322000_4097000_image.tif","Tree",1,322000,322999.999,4097000,4097999.999
"3293",3403,322737.08,322743.065,4097962.149,4097967.214,"Silva","NEON_D17_TEAK_DP1_322000_4097000_classified_point_cloud_colorized.laz","2018_TEAK_3_322000_4097000_image.tif","Tree",1,322000,322999.999,4097000,4097999.999
"3294",3404,322784.091,322788.466,4097964.211,4097967.989,"Silva","NEON_D17_TEAK_DP1_322000_4097000_classified_point_cloud_colorized.laz","2018_TEAK_3_322000_4097000_image.tif","Tree",1,322000,322999.999,4097000,4097999.999
"3295",3405,322912.083,322917.878,4097963.093,4097970.239,"Silva","NEON_D17_TEAK_DP1_322000_4097000_classified_point_cloud_colorized.laz","2018_TEAK_3_322000_4097000_image.tif","Tree",1,322000,322999.999,4097000,4097999.999
"3296",3406,322637.061,322642.969,4097960.115,4097968.8,"Silva","NEON_D17_TEAK_DP1_322000_4097000_classified_point_cloud_colorized.laz","2018_TEAK_3_322000_4097000_image.tif","Tree",1,322000,322999.999,4097000,4097999.999
"3297",3407,322717.089,322727.31,4097961.296,4097970.926,"Silva","NEON_D17_TEAK_DP1_322000_4097000_classified_point_cloud_colorized.laz","2018_TEAK_3_322000_4097000_image.tif","Tree",1,322000,322999.999,4097000,4097999.999
"3298",3408,322805.243,322812.726,4097962.662,4097970.96,"Silva","NEON_D17_TEAK_DP1_322000_4097000_classified_point_cloud_colorized.laz","2018_TEAK_3_322000_4097000_image.tif","Tree",1,322000,322999.999,4097000,4097999.999
"3299",3409,322830.215,322834.396,4097964.564,4097969.812,"Silva","NEON_D17_TEAK_DP1_322000_4097000_classified_point_cloud_colorized.laz","2018_TEAK_3_322000_4097000_image.tif","Tree",1,322000,322999.999,4097000,4097999.999
"3300",3410,322847.03,322854.489,4097961.731,4097970.178,"Silva","NEON_D17_TEAK_DP1_322000_4097000_classified_point_cloud_colorized.laz","2018_TEAK_3_322000_4097000_image.tif","Tree",1,322000,322999.999,4097000,4097999.999
"3301",3411,322987.101,322989.941,4097967.641,4097971.282,"Silva","NEON_D17_TEAK_DP1_322000_4097000_classified_point_cloud_colorized.laz","2018_TEAK_3_322000_4097000_image.tif","Tree",1,322000,322999.999,4097000,4097999.999
"3302",3412,322794.595,322798.864,4097965.001,4097969.873,"Silva","NEON_D17_TEAK_DP1_322000_4097000_classified_point_cloud_colorized.laz","2018_TEAK_3_322000_4097000_image.tif","Tree",1,322000,322999.999,4097000,4097999.999
"3303",3413,322762.011,322769.452,4097963.005,4097970.476,"Silva","NEON_D17_TEAK_DP1_322000_4097000_classified_point_cloud_colorized.laz","2018_TEAK_3_322000_4097000_image.tif","Tree",1,322000,322999.999,4097000,4097999.999
"3304",3414,322659.611,322668.939,4097960.11,4097970.926,"Silva","NEON_D17_TEAK_DP1_322000_4097000_classified_point_cloud_colorized.laz","2018_TEAK_3_322000_4097000_image.tif","Tree",1,322000,322999.999,4097000,4097999.999
"3305",3415,322584.136,322594.06,4097961.315,4097969.966,"Silva","NEON_D17_TEAK_DP1_322000_4097000_classified_point_cloud_colorized.laz","2018_TEAK_3_322000_4097000_image.tif","Tree",1,322000,322999.999,4097000,4097999.999
"3306",3416,322825.513,322830.466,4097966.696,4097971.374,"Silva","NEON_D17_TEAK_DP1_322000_4097000_classified_point_cloud_colorized.laz","2018_TEAK_3_322000_4097000_image.tif","Tree",1,322000,322999.999,4097000,4097999.999
"3307",3417,322634.157,322640.251,4097964.61,4097970.754,"Silva","NEON_D17_TEAK_DP1_322000_4097000_classified_point_cloud_colorized.laz","2018_TEAK_3_322000_4097000_image.tif","Tree",1,322000,322999.999,4097000,4097999.999
"3308",3418,322752.503,322759.899,4097964.277,4097972.439,"Silva","NEON_D17_TEAK_DP1_322000_4097000_classified_point_cloud_colorized.laz","2018_TEAK_3_322000_4097000_image.tif","Tree",1,322000,322999.999,4097000,4097999.999
"3309",3419,322800.018,322804.116,4097968.248,4097971.962,"Silva","NEON_D17_TEAK_DP1_322000_4097000_classified_point_cloud_colorized.laz","2018_TEAK_3_322000_4097000_image.tif","Tree",1,322000,322999.999,4097000,4097999.999
"3310",3420,322739.039,322746.715,4097965.351,4097972.948,"Silva","NEON_D17_TEAK_DP1_322000_4097000_classified_point_cloud_colorized.laz","2018_TEAK_3_322000_4097000_image.tif","Tree",1,322000,322999.999,4097000,4097999.999
"3311",3421,322733.595,322739.468,4097966.625,4097972.158,"Silva","NEON_D17_TEAK_DP1_322000_4097000_classified_point_cloud_colorized.laz","2018_TEAK_3_322000_4097000_image.tif","Tree",1,322000,322999.999,4097000,4097999.999
"3312",3422,322619.005,322627.403,4097966.095,4097972.457,"Silva","NEON_D17_TEAK_DP1_322000_4097000_classified_point_cloud_colorized.laz","2018_TEAK_3_322000_4097000_image.tif","Tree",1,322000,322999.999,4097000,4097999.999
"3313",3423,322849.215,322858.473,4097966.255,4097973.638,"Silva","NEON_D17_TEAK_DP1_322000_4097000_classified_point_cloud_colorized.laz","2018_TEAK_3_322000_4097000_image.tif","Tree",1,322000,322999.999,4097000,4097999.999
"3314",3424,322996.721,322999.943,4097968.148,4097973.711,"Silva","NEON_D17_TEAK_DP1_322000_4097000_classified_point_cloud_colorized.laz","2018_TEAK_3_322000_4097000_image.tif","Tree",1,322000,322999.999,4097000,4097999.999
"3315",3425,322773.124,322779.484,4097967.181,4097973.918,"Silva","NEON_D17_TEAK_DP1_322000_4097000_classified_point_cloud_colorized.laz","2018_TEAK_3_322000_4097000_image.tif","Tree",1,322000,322999.999,4097000,4097999.999
"3316",3426,322944.563,322948.386,4097971.504,4097974.997,"Silva","NEON_D17_TEAK_DP1_322000_4097000_classified_point_cloud_colorized.laz","2018_TEAK_3_322000_4097000_image.tif","Tree",1,322000,322999.999,4097000,4097999.999
"3317",3427,322726.586,322734.996,4097967.866,4097974.472,"Silva","NEON_D17_TEAK_DP1_322000_4097000_classified_point_cloud_colorized.laz","2018_TEAK_3_322000_4097000_image.tif","Tree",1,322000,322999.999,4097000,4097999.999
"3318",3428,322552.041,322553.957,4097969.526,4097972.426,"Silva","NEON_D17_TEAK_DP1_322000_4097000_classified_point_cloud_colorized.laz","2018_TEAK_3_322000_4097000_image.tif","Tree",1,322000,322999.999,4097000,4097999.999
"3319",3429,322576.588,322585.408,4097965.786,4097974.486,"Silva","NEON_D17_TEAK_DP1_322000_4097000_classified_point_cloud_colorized.laz","2018_TEAK_3_322000_4097000_image.tif","Tree",1,322000,322999.999,4097000,4097999.999
"3320",3430,322992.376,322996.999,4097971.527,4097976.476,"Silva","NEON_D17_TEAK_DP1_322000_4097000_classified_point_cloud_colorized.laz","2018_TEAK_3_322000_4097000_image.tif","Tree",1,322000,322999.999,4097000,4097999.999
"3321",3431,322894.018,322901.368,4097971.024,4097975.331,"Silva","NEON_D17_TEAK_DP1_322000_4097000_classified_point_cloud_colorized.laz","2018_TEAK_3_322000_4097000_image.tif","Tree",1,322000,322999.999,4097000,4097999.999
"3322",3432,322781.58,322786.489,4097970.407,4097976.385,"Silva","NEON_D17_TEAK_DP1_322000_4097000_classified_point_cloud_colorized.laz","2018_TEAK_3_322000_4097000_image.tif","Tree",1,322000,322999.999,4097000,4097999.999
"3323",3433,322604.534,322612.288,4097970.036,4097976.695,"Silva","NEON_D17_TEAK_DP1_322000_4097000_classified_point_cloud_colorized.laz","2018_TEAK_3_322000_4097000_image.tif","Tree",1,322000,322999.999,4097000,4097999.999
"3324",3434,322564.081,322574.952,4097965.488,4097978.498,"Silva","NEON_D17_TEAK_DP1_322000_4097000_classified_point_cloud_colorized.laz","2018_TEAK_3_322000_4097000_image.tif","Tree",1,322000,322999.999,4097000,4097999.999
"3325",3435,322535.006,322541.951,4097966.596,4097975.492,"Silva","NEON_D17_TEAK_DP1_322000_4097000_classified_point_cloud_colorized.laz","2018_TEAK_3_322000_4097000_image.tif","Tree",1,322000,322999.999,4097000,4097999.999
"3326",3436,322531.583,322535.482,4097968.824,4097975.467,"Silva","NEON_D17_TEAK_DP1_322000_4097000_classified_point_cloud_colorized.laz","2018_TEAK_3_322000_4097000_image.tif","Tree",1,322000,322999.999,4097000,4097999.999
"3327",3437,322655.506,322660.485,4097971.759,4097976.404,"Silva","NEON_D17_TEAK_DP1_322000_4097000_classified_point_cloud_colorized.laz","2018_TEAK_3_322000_4097000_image.tif","Tree",1,322000,322999.999,4097000,4097999.999
"3328",3438,322745.163,322754.447,4097967.652,4097977.021,"Silva","NEON_D17_TEAK_DP1_322000_4097000_classified_point_cloud_colorized.laz","2018_TEAK_3_322000_4097000_image.tif","Tree",1,322000,322999.999,4097000,4097999.999
"3329",3439,322853.561,322862.486,4097970.594,4097977.967,"Silva","NEON_D17_TEAK_DP1_322000_4097000_classified_point_cloud_colorized.laz","2018_TEAK_3_322000_4097000_image.tif","Tree",1,322000,322999.999,4097000,4097999.999
"3330",3440,322803.234,322806.898,4097974.615,4097976.781,"Silva","NEON_D17_TEAK_DP1_322000_4097000_classified_point_cloud_colorized.laz","2018_TEAK_3_322000_4097000_image.tif","Tree",1,322000,322999.999,4097000,4097999.999
"3331",3441,322797.548,322799.803,4097974.59,4097976.414,"Silva","NEON_D17_TEAK_DP1_322000_4097000_classified_point_cloud_colorized.laz","2018_TEAK_3_322000_4097000_image.tif","Tree",1,322000,322999.999,4097000,4097999.999
"3332",3442,322679.509,322687.443,4097970.041,4097979.448,"Silva","NEON_D17_TEAK_DP1_322000_4097000_classified_point_cloud_colorized.laz","2018_TEAK_3_322000_4097000_image.tif","Tree",1,322000,322999.999,4097000,4097999.999
"3333",3443,322646.264,322649.992,4097972.776,4097977,"Silva","NEON_D17_TEAK_DP1_322000_4097000_classified_point_cloud_colorized.laz","2018_TEAK_3_322000_4097000_image.tif","Tree",1,322000,322999.999,4097000,4097999.999
"3334",3444,322617.658,322624.467,4097969.643,4097976.911,"Silva","NEON_D17_TEAK_DP1_322000_4097000_classified_point_cloud_colorized.laz","2018_TEAK_3_322000_4097000_image.tif","Tree",1,322000,322999.999,4097000,4097999.999
"3335",3445,322812.519,322821.982,4097968.724,4097979.967,"Silva","NEON_D17_TEAK_DP1_322000_4097000_classified_point_cloud_colorized.laz","2018_TEAK_3_322000_4097000_image.tif","Tree",1,322000,322999.999,4097000,4097999.999
"3336",3446,322987.58,322993.47,4097973.643,4097979.209,"Silva","NEON_D17_TEAK_DP1_322000_4097000_classified_point_cloud_colorized.laz","2018_TEAK_3_322000_4097000_image.tif","Tree",1,322000,322999.999,4097000,4097999.999
"3337",3447,322823.644,322828.583,4097972.534,4097978.818,"Silva","NEON_D17_TEAK_DP1_322000_4097000_classified_point_cloud_colorized.laz","2018_TEAK_3_322000_4097000_image.tif","Tree",1,322000,322999.999,4097000,4097999.999
"3338",3448,322762.69,322768.263,4097973.468,4097977.39,"Silva","NEON_D17_TEAK_DP1_322000_4097000_classified_point_cloud_colorized.laz","2018_TEAK_3_322000_4097000_image.tif","Tree",1,322000,322999.999,4097000,4097999.999
"3339",3449,322504.007,322508.986,4097971.798,4097976.95,"Silva","NEON_D17_TEAK_DP1_322000_4097000_classified_point_cloud_colorized.laz","2018_TEAK_3_322000_4097000_image.tif","Tree",1,322000,322999.999,4097000,4097999.999
"3340",3450,322597.517,322604.401,4097972.534,4097978.914,"Silva","NEON_D17_TEAK_DP1_322000_4097000_classified_point_cloud_colorized.laz","2018_TEAK_3_322000_4097000_image.tif","Tree",1,322000,322999.999,4097000,4097999.999
"3341",3451,322716.523,322724.483,4097971.779,4097979.839,"Silva","NEON_D17_TEAK_DP1_322000_4097000_classified_point_cloud_colorized.laz","2018_TEAK_3_322000_4097000_image.tif","Tree",1,322000,322999.999,4097000,4097999.999
"3342",3452,322752.858,322760.896,4097972.014,4097977.977,"Silva","NEON_D17_TEAK_DP1_322000_4097000_classified_point_cloud_colorized.laz","2018_TEAK_3_322000_4097000_image.tif","Tree",1,322000,322999.999,4097000,4097999.999
"3343",3453,322772.571,322777.945,4097973.078,4097979.352,"Silva","NEON_D17_TEAK_DP1_322000_4097000_classified_point_cloud_colorized.laz","2018_TEAK_3_322000_4097000_image.tif","Tree",1,322000,322999.999,4097000,4097999.999
"3344",3454,322967.532,322971.393,4097975.491,4097978.882,"Silva","NEON_D17_TEAK_DP1_322000_4097000_classified_point_cloud_colorized.laz","2018_TEAK_3_322000_4097000_image.tif","Tree",1,322000,322999.999,4097000,4097999.999
"3345",3455,322709.592,322716.978,4097970.021,4097978.922,"Silva","NEON_D17_TEAK_DP1_322000_4097000_classified_point_cloud_colorized.laz","2018_TEAK_3_322000_4097000_image.tif","Tree",1,322000,322999.999,4097000,4097999.999
"3346",3456,322800.005,322803.807,4097976.166,4097978.791,"Silva","NEON_D17_TEAK_DP1_322000_4097000_classified_point_cloud_colorized.laz","2018_TEAK_3_322000_4097000_image.tif","Tree",1,322000,322999.999,4097000,4097999.999
"3347",3457,322846.553,322854.284,4097972.558,4097979.835,"Silva","NEON_D17_TEAK_DP1_322000_4097000_classified_point_cloud_colorized.laz","2018_TEAK_3_322000_4097000_image.tif","Tree",1,322000,322999.999,4097000,4097999.999
"3348",3458,322913.735,322919.4,4097975.029,4097981.424,"Silva","NEON_D17_TEAK_DP1_322000_4097000_classified_point_cloud_colorized.laz","2018_TEAK_3_322000_4097000_image.tif","Tree",1,322000,322999.999,4097000,4097999.999
"3349",3459,322700.767,322709.236,4097974.024,4097980.293,"Silva","NEON_D17_TEAK_DP1_322000_4097000_classified_point_cloud_colorized.laz","2018_TEAK_3_322000_4097000_image.tif","Tree",1,322000,322999.999,4097000,4097999.999
"3350",3460,322669.574,322675.41,4097972.66,4097982.396,"Silva","NEON_D17_TEAK_DP1_322000_4097000_classified_point_cloud_colorized.laz","2018_TEAK_3_322000_4097000_image.tif","Tree",1,322000,322999.999,4097000,4097999.999
"3351",3461,322505.017,322511.488,4097975.691,4097981.483,"Silva","NEON_D17_TEAK_DP1_322000_4097000_classified_point_cloud_colorized.laz","2018_TEAK_3_322000_4097000_image.tif","Tree",1,322000,322999.999,4097000,4097999.999
"3352",3462,322775.783,322782.48,4097974.502,4097982.388,"Silva","NEON_D17_TEAK_DP1_322000_4097000_classified_point_cloud_colorized.laz","2018_TEAK_3_322000_4097000_image.tif","Tree",1,322000,322999.999,4097000,4097999.999
"3353",3463,322790.605,322796.828,4097974.588,4097981.215,"Silva","NEON_D17_TEAK_DP1_322000_4097000_classified_point_cloud_colorized.laz","2018_TEAK_3_322000_4097000_image.tif","Tree",1,322000,322999.999,4097000,4097999.999
"3354",3464,322837.185,322846.344,4097973.529,4097983.799,"Silva","NEON_D17_TEAK_DP1_322000_4097000_classified_point_cloud_colorized.laz","2018_TEAK_3_322000_4097000_image.tif","Tree",1,322000,322999.999,4097000,4097999.999
"3355",3465,322510.503,322516.424,4097975.512,4097981.806,"Silva","NEON_D17_TEAK_DP1_322000_4097000_classified_point_cloud_colorized.laz","2018_TEAK_3_322000_4097000_image.tif","Tree",1,322000,322999.999,4097000,4097999.999
"3356",3466,322629.587,322634.727,4097976.04,4097982.359,"Silva","NEON_D17_TEAK_DP1_322000_4097000_classified_point_cloud_colorized.laz","2018_TEAK_3_322000_4097000_image.tif","Tree",1,322000,322999.999,4097000,4097999.999
"3357",3467,322782.551,322788.982,4097976.568,4097983.147,"Silva","NEON_D17_TEAK_DP1_322000_4097000_classified_point_cloud_colorized.laz","2018_TEAK_3_322000_4097000_image.tif","Tree",1,322000,322999.999,4097000,4097999.999
"3358",3468,322968.062,322970.739,4097978.818,4097983.457,"Silva","NEON_D17_TEAK_DP1_322000_4097000_classified_point_cloud_colorized.laz","2018_TEAK_3_322000_4097000_image.tif","Tree",1,322000,322999.999,4097000,4097999.999
"3359",3469,322751.872,322759.863,4097977.323,4097983.932,"Silva","NEON_D17_TEAK_DP1_322000_4097000_classified_point_cloud_colorized.laz","2018_TEAK_3_322000_4097000_image.tif","Tree",1,322000,322999.999,4097000,4097999.999
"3360",3470,322643.756,322647.96,4097983.006,4097985.499,"Silva","NEON_D17_TEAK_DP1_322000_4097000_classified_point_cloud_colorized.laz","2018_TEAK_3_322000_4097000_image.tif","Tree",1,322000,322999.999,4097000,4097999.999
"3361",3471,322721.769,322729.115,4097976.654,4097983.46,"Silva","NEON_D17_TEAK_DP1_322000_4097000_classified_point_cloud_colorized.laz","2018_TEAK_3_322000_4097000_image.tif","Tree",1,322000,322999.999,4097000,4097999.999
"3362",3472,322762.706,322767.98,4097979.089,4097983.679,"Silva","NEON_D17_TEAK_DP1_322000_4097000_classified_point_cloud_colorized.laz","2018_TEAK_3_322000_4097000_image.tif","Tree",1,322000,322999.999,4097000,4097999.999
"3363",3473,322768.505,322775.835,4097978.064,4097983.174,"Silva","NEON_D17_TEAK_DP1_322000_4097000_classified_point_cloud_colorized.laz","2018_TEAK_3_322000_4097000_image.tif","Tree",1,322000,322999.999,4097000,4097999.999
"3364",3474,322818.61,322826.499,4097977.044,4097983.546,"Silva","NEON_D17_TEAK_DP1_322000_4097000_classified_point_cloud_colorized.laz","2018_TEAK_3_322000_4097000_image.tif","Tree",1,322000,322999.999,4097000,4097999.999
"3365",3475,322963.677,322969.406,4097978.617,4097985.47,"Silva","NEON_D17_TEAK_DP1_322000_4097000_classified_point_cloud_colorized.laz","2018_TEAK_3_322000_4097000_image.tif","Tree",1,322000,322999.999,4097000,4097999.999
"3366",3476,322939.112,322945.467,4097980.08,4097984.597,"Silva","NEON_D17_TEAK_DP1_322000_4097000_classified_point_cloud_colorized.laz","2018_TEAK_3_322000_4097000_image.tif","Tree",1,322000,322999.999,4097000,4097999.999
"3367",3477,322856.594,322861.408,4097978.608,4097983.306,"Silva","NEON_D17_TEAK_DP1_322000_4097000_classified_point_cloud_colorized.laz","2018_TEAK_3_322000_4097000_image.tif","Tree",1,322000,322999.999,4097000,4097999.999
"3368",3478,322733.206,322740.947,4097976.723,4097985.339,"Silva","NEON_D17_TEAK_DP1_322000_4097000_classified_point_cloud_colorized.laz","2018_TEAK_3_322000_4097000_image.tif","Tree",1,322000,322999.999,4097000,4097999.999
"3369",3479,322713.542,322720.104,4097978.51,4097984.481,"Silva","NEON_D17_TEAK_DP1_322000_4097000_classified_point_cloud_colorized.laz","2018_TEAK_3_322000_4097000_image.tif","Tree",1,322000,322999.999,4097000,4097999.999
"3370",3480,322740.2,322746.578,4097975.541,4097984.938,"Silva","NEON_D17_TEAK_DP1_322000_4097000_classified_point_cloud_colorized.laz","2018_TEAK_3_322000_4097000_image.tif","Tree",1,322000,322999.999,4097000,4097999.999
"3371",3482,322901.54,322909.472,4097979.519,4097986.347,"Silva","NEON_D17_TEAK_DP1_322000_4097000_classified_point_cloud_colorized.laz","2018_TEAK_3_322000_4097000_image.tif","Tree",1,322000,322999.999,4097000,4097999.999
"3372",3483,322945.508,322951.499,4097980.09,4097985.759,"Silva","NEON_D17_TEAK_DP1_322000_4097000_classified_point_cloud_colorized.laz","2018_TEAK_3_322000_4097000_image.tif","Tree",1,322000,322999.999,4097000,4097999.999
"3373",3484,322703.023,322709.491,4097980.053,4097985.998,"Silva","NEON_D17_TEAK_DP1_322000_4097000_classified_point_cloud_colorized.laz","2018_TEAK_3_322000_4097000_image.tif","Tree",1,322000,322999.999,4097000,4097999.999
"3374",3485,322860.476,322864.902,4097981.229,4097985.341,"Silva","NEON_D17_TEAK_DP1_322000_4097000_classified_point_cloud_colorized.laz","2018_TEAK_3_322000_4097000_image.tif","Tree",1,322000,322999.999,4097000,4097999.999
"3375",3486,322821.55,322828.982,4097980.854,4097988.383,"Silva","NEON_D17_TEAK_DP1_322000_4097000_classified_point_cloud_colorized.laz","2018_TEAK_3_322000_4097000_image.tif","Tree",1,322000,322999.999,4097000,4097999.999
"3376",3487,322709.588,322715.359,4097981.51,4097987.308,"Silva","NEON_D17_TEAK_DP1_322000_4097000_classified_point_cloud_colorized.laz","2018_TEAK_3_322000_4097000_image.tif","Tree",1,322000,322999.999,4097000,4097999.999
"3377",3488,322865.026,322869.442,4097981.584,4097987.976,"Silva","NEON_D17_TEAK_DP1_322000_4097000_classified_point_cloud_colorized.laz","2018_TEAK_3_322000_4097000_image.tif","Tree",1,322000,322999.999,4097000,4097999.999
"3378",3489,322847.014,322849.681,4097983.145,4097986.833,"Silva","NEON_D17_TEAK_DP1_322000_4097000_classified_point_cloud_colorized.laz","2018_TEAK_3_322000_4097000_image.tif","Tree",1,322000,322999.999,4097000,4097999.999
"3379",3490,322719.202,322724.249,4097981.504,4097988.471,"Silva","NEON_D17_TEAK_DP1_322000_4097000_classified_point_cloud_colorized.laz","2018_TEAK_3_322000_4097000_image.tif","Tree",1,322000,322999.999,4097000,4097999.999
"3380",3491,322656.599,322663.993,4097981.522,4097989.493,"Silva","NEON_D17_TEAK_DP1_322000_4097000_classified_point_cloud_colorized.laz","2018_TEAK_3_322000_4097000_image.tif","Tree",1,322000,322999.999,4097000,4097999.999
"3381",3492,322540.646,322541.862,4097984.708,4097985.746,"Silva","NEON_D17_TEAK_DP1_322000_4097000_classified_point_cloud_colorized.laz","2018_TEAK_3_322000_4097000_image.tif","Tree",1,322000,322999.999,4097000,4097999.999
"3382",3493,322771.694,322774.749,4097983.623,4097988.489,"Silva","NEON_D17_TEAK_DP1_322000_4097000_classified_point_cloud_colorized.laz","2018_TEAK_3_322000_4097000_image.tif","Tree",1,322000,322999.999,4097000,4097999.999
"3383",3494,322803.144,322811.693,4097981.66,4097989.92,"Silva","NEON_D17_TEAK_DP1_322000_4097000_classified_point_cloud_colorized.laz","2018_TEAK_3_322000_4097000_image.tif","Tree",1,322000,322999.999,4097000,4097999.999
"3384",3495,322812.058,322819.869,4097980.108,4097991.336,"Silva","NEON_D17_TEAK_DP1_322000_4097000_classified_point_cloud_colorized.laz","2018_TEAK_3_322000_4097000_image.tif","Tree",1,322000,322999.999,4097000,4097999.999
"3385",3496,322785.003,322790.967,4097984.21,4097989.439,"Silva","NEON_D17_TEAK_DP1_322000_4097000_classified_point_cloud_colorized.laz","2018_TEAK_3_322000_4097000_image.tif","Tree",1,322000,322999.999,4097000,4097999.999
"3386",3497,322768.101,322771.682,4097985.058,4097988.497,"Silva","NEON_D17_TEAK_DP1_322000_4097000_classified_point_cloud_colorized.laz","2018_TEAK_3_322000_4097000_image.tif","Tree",1,322000,322999.999,4097000,4097999.999
"3387",3498,322695.204,322701.196,4097982.22,4097989.684,"Silva","NEON_D17_TEAK_DP1_322000_4097000_classified_point_cloud_colorized.laz","2018_TEAK_3_322000_4097000_image.tif","Tree",1,322000,322999.999,4097000,4097999.999
"3388",3499,322630.578,322635.491,4097983.149,4097989.33,"Silva","NEON_D17_TEAK_DP1_322000_4097000_classified_point_cloud_colorized.laz","2018_TEAK_3_322000_4097000_image.tif","Tree",1,322000,322999.999,4097000,4097999.999
"3389",3500,322723.544,322729.412,4097984.065,4097988.499,"Silva","NEON_D17_TEAK_DP1_322000_4097000_classified_point_cloud_colorized.laz","2018_TEAK_3_322000_4097000_image.tif","Tree",1,322000,322999.999,4097000,4097999.999
"3390",3501,322729.623,322736.489,4097984.376,4097992.36,"Silva","NEON_D17_TEAK_DP1_322000_4097000_classified_point_cloud_colorized.laz","2018_TEAK_3_322000_4097000_image.tif","Tree",1,322000,322999.999,4097000,4097999.999
"3391",3502,322736.7,322744.473,4097983.538,4097992.979,"Silva","NEON_D17_TEAK_DP1_322000_4097000_classified_point_cloud_colorized.laz","2018_TEAK_3_322000_4097000_image.tif","Tree",1,322000,322999.999,4097000,4097999.999
"3392",3503,322749.4,322757.467,4097982.614,4097989.366,"Silva","NEON_D17_TEAK_DP1_322000_4097000_classified_point_cloud_colorized.laz","2018_TEAK_3_322000_4097000_image.tif","Tree",1,322000,322999.999,4097000,4097999.999
"3393",3504,322793.373,322799.38,4097985.509,4097991.207,"Silva","NEON_D17_TEAK_DP1_322000_4097000_classified_point_cloud_colorized.laz","2018_TEAK_3_322000_4097000_image.tif","Tree",1,322000,322999.999,4097000,4097999.999
"3394",3505,322676.246,322679.427,4097988.02,4097991.334,"Silva","NEON_D17_TEAK_DP1_322000_4097000_classified_point_cloud_colorized.laz","2018_TEAK_3_322000_4097000_image.tif","Tree",1,322000,322999.999,4097000,4097999.999
"3395",3506,322662.008,322668.614,4097985.551,4097992.496,"Silva","NEON_D17_TEAK_DP1_322000_4097000_classified_point_cloud_colorized.laz","2018_TEAK_3_322000_4097000_image.tif","Tree",1,322000,322999.999,4097000,4097999.999
"3396",3507,322868.063,322870.967,4097988.211,4097992.405,"Silva","NEON_D17_TEAK_DP1_322000_4097000_classified_point_cloud_colorized.laz","2018_TEAK_3_322000_4097000_image.tif","Tree",1,322000,322999.999,4097000,4097999.999
"3397",3508,322749.036,322757.434,4097988.037,4097994.036,"Silva","NEON_D17_TEAK_DP1_322000_4097000_classified_point_cloud_colorized.laz","2018_TEAK_3_322000_4097000_image.tif","Tree",1,322000,322999.999,4097000,4097999.999
"3398",3509,322849.3,322854.982,4097987.625,4097993.993,"Silva","NEON_D17_TEAK_DP1_322000_4097000_classified_point_cloud_colorized.laz","2018_TEAK_3_322000_4097000_image.tif","Tree",1,322000,322999.999,4097000,4097999.999
"3399",3510,322861.673,322865.408,4097988.77,4097993.21,"Silva","NEON_D17_TEAK_DP1_322000_4097000_classified_point_cloud_colorized.laz","2018_TEAK_3_322000_4097000_image.tif","Tree",1,322000,322999.999,4097000,4097999.999
"3400",3511,322888.017,322892.997,4097986.587,4097994.485,"Silva","NEON_D17_TEAK_DP1_322000_4097000_classified_point_cloud_colorized.laz","2018_TEAK_3_322000_4097000_image.tif","Tree",1,322000,322999.999,4097000,4097999.999
"3401",3512,322865.251,322868.645,4097989.572,4097993.191,"Silva","NEON_D17_TEAK_DP1_322000_4097000_classified_point_cloud_colorized.laz","2018_TEAK_3_322000_4097000_image.tif","Tree",1,322000,322999.999,4097000,4097999.999
"3402",3513,322838.183,322838.271,4097991.407,4097991.875,"Silva","NEON_D17_TEAK_DP1_322000_4097000_classified_point_cloud_colorized.laz","2018_TEAK_3_322000_4097000_image.tif","Tree",1,322000,322999.999,4097000,4097999.999
"3403",3514,322832.588,322832.588,4097991.885,4097991.885,"Silva","NEON_D17_TEAK_DP1_322000_4097000_classified_point_cloud_colorized.laz","2018_TEAK_3_322000_4097000_image.tif","Tree",1,322000,322999.999,4097000,4097999.999
"3404",3515,322766.233,322769.738,4097989.686,4097993.843,"Silva","NEON_D17_TEAK_DP1_322000_4097000_classified_point_cloud_colorized.laz","2018_TEAK_3_322000_4097000_image.tif","Tree",1,322000,322999.999,4097000,4097999.999
"3405",3516,322515.077,322521.444,4097986.648,4097994.5,"Silva","NEON_D17_TEAK_DP1_322000_4097000_classified_point_cloud_colorized.laz","2018_TEAK_3_322000_4097000_image.tif","Tree",1,322000,322999.999,4097000,4097999.999
"3406",3517,322530.565,322531.343,4097991.575,4097992.156,"Silva","NEON_D17_TEAK_DP1_322000_4097000_classified_point_cloud_colorized.laz","2018_TEAK_3_322000_4097000_image.tif","Tree",1,322000,322999.999,4097000,4097999.999
"3407",3518,322786.139,322787.95,4097989.653,4097993.01,"Silva","NEON_D17_TEAK_DP1_322000_4097000_classified_point_cloud_colorized.laz","2018_TEAK_3_322000_4097000_image.tif","Tree",1,322000,322999.999,4097000,4097999.999
"3408",3519,322799.039,322803.456,4097990.586,4097994.39,"Silva","NEON_D17_TEAK_DP1_322000_4097000_classified_point_cloud_colorized.laz","2018_TEAK_3_322000_4097000_image.tif","Tree",1,322000,322999.999,4097000,4097999.999
"3409",3520,322841.57,322842.579,4097992.022,4097993.046,"Silva","NEON_D17_TEAK_DP1_322000_4097000_classified_point_cloud_colorized.laz","2018_TEAK_3_322000_4097000_image.tif","Tree",1,322000,322999.999,4097000,4097999.999
"3410",3521,322859.17,322863.952,4097990.55,4097995.665,"Silva","NEON_D17_TEAK_DP1_322000_4097000_classified_point_cloud_colorized.laz","2018_TEAK_3_322000_4097000_image.tif","Tree",1,322000,322999.999,4097000,4097999.999
"3411",3522,322823.277,322827.668,4097989.541,4097994.925,"Silva","NEON_D17_TEAK_DP1_322000_4097000_classified_point_cloud_colorized.laz","2018_TEAK_3_322000_4097000_image.tif","Tree",1,322000,322999.999,4097000,4097999.999
"3412",3523,322773.419,322778.923,4097989.029,4097996.12,"Silva","NEON_D17_TEAK_DP1_322000_4097000_classified_point_cloud_colorized.laz","2018_TEAK_3_322000_4097000_image.tif","Tree",1,322000,322999.999,4097000,4097999.999
"3413",3524,322928.711,322932.448,4097992.796,4097995.999,"Silva","NEON_D17_TEAK_DP1_322000_4097000_classified_point_cloud_colorized.laz","2018_TEAK_3_322000_4097000_image.tif","Tree",1,322000,322999.999,4097000,4097999.999
"3414",3525,322855.023,322861.774,4097990.886,4097997.379,"Silva","NEON_D17_TEAK_DP1_322000_4097000_classified_point_cloud_colorized.laz","2018_TEAK_3_322000_4097000_image.tif","Tree",1,322000,322999.999,4097000,4097999.999
"3415",3526,322756.616,322759.996,4097990.493,4097996.95,"Silva","NEON_D17_TEAK_DP1_322000_4097000_classified_point_cloud_colorized.laz","2018_TEAK_3_322000_4097000_image.tif","Tree",1,322000,322999.999,4097000,4097999.999
"3416",3527,322694.026,322699.736,4097989.578,4097996.499,"Silva","NEON_D17_TEAK_DP1_322000_4097000_classified_point_cloud_colorized.laz","2018_TEAK_3_322000_4097000_image.tif","Tree",1,322000,322999.999,4097000,4097999.999
"3417",3528,322874.191,322881.891,4097991.153,4097998.961,"Silva","NEON_D17_TEAK_DP1_322000_4097000_classified_point_cloud_colorized.laz","2018_TEAK_3_322000_4097000_image.tif","Tree",1,322000,322999.999,4097000,4097999.999
"3418",3529,322729.64,322739.677,4097990.061,4097999.478,"Silva","NEON_D17_TEAK_DP1_322000_4097000_classified_point_cloud_colorized.laz","2018_TEAK_3_322000_4097000_image.tif","Tree",1,322000,322999.999,4097000,4097999.999
"3419",3530,322648.449,322652.877,4097992.945,4097997.578,"Silva","NEON_D17_TEAK_DP1_322000_4097000_classified_point_cloud_colorized.laz","2018_TEAK_3_322000_4097000_image.tif","Tree",1,322000,322999.999,4097000,4097999.999
"3420",3531,322751.535,322757.965,4097992.011,4097999.864,"Silva","NEON_D17_TEAK_DP1_322000_4097000_classified_point_cloud_colorized.laz","2018_TEAK_3_322000_4097000_image.tif","Tree",1,322000,322999.999,4097000,4097999.999
"3421",3532,322832.45,322835.961,4097994.635,4097996.958,"Silva","NEON_D17_TEAK_DP1_322000_4097000_classified_point_cloud_colorized.laz","2018_TEAK_3_322000_4097000_image.tif","Tree",1,322000,322999.999,4097000,4097999.999
"3422",3533,322890.567,322898.439,4097993.264,4097999.975,"Silva","NEON_D17_TEAK_DP1_322000_4097000_classified_point_cloud_colorized.laz","2018_TEAK_3_322000_4097000_image.tif","Tree",1,322000,322999.999,4097000,4097999.999
"3423",3534,322764.517,322771.937,4097993.522,4097999.93,"Silva","NEON_D17_TEAK_DP1_322000_4097000_classified_point_cloud_colorized.laz","2018_TEAK_3_322000_4097000_image.tif","Tree",1,322000,322999.999,4097000,4097999.999
"3424",3535,322550.699,322550.942,4097996.519,4097997.162,"Silva","NEON_D17_TEAK_DP1_322000_4097000_classified_point_cloud_colorized.laz","2018_TEAK_3_322000_4097000_image.tif","Tree",1,322000,322999.999,4097000,4097999.999
"3425",3536,322929.528,322933.393,4097995.639,4097999.894,"Silva","NEON_D17_TEAK_DP1_322000_4097000_classified_point_cloud_colorized.laz","2018_TEAK_3_322000_4097000_image.tif","Tree",1,322000,322999.999,4097000,4097999.999
"3426",3537,322819.001,322823.933,4097992.528,4097999.907,"Silva","NEON_D17_TEAK_DP1_322000_4097000_classified_point_cloud_colorized.laz","2018_TEAK_3_322000_4097000_image.tif","Tree",1,322000,322999.999,4097000,4097999.999
"3427",3538,322808.047,322813.406,4097995.554,4097999.956,"Silva","NEON_D17_TEAK_DP1_322000_4097000_classified_point_cloud_colorized.laz","2018_TEAK_3_322000_4097000_image.tif","Tree",1,322000,322999.999,4097000,4097999.999
"3428",3539,322794.172,322797.497,4097996.982,4097999.998,"Silva","NEON_D17_TEAK_DP1_322000_4097000_classified_point_cloud_colorized.laz","2018_TEAK_3_322000_4097000_image.tif","Tree",1,322000,322999.999,4097000,4097999.999
"3429",3540,322685.815,322689.951,4097993.448,4097997.976,"Silva","NEON_D17_TEAK_DP1_322000_4097000_classified_point_cloud_colorized.laz","2018_TEAK_3_322000_4097000_image.tif","Tree",1,322000,322999.999,4097000,4097999.999
"3430",3541,322602.007,322609.386,4097991.105,4097999.5,"Silva","NEON_D17_TEAK_DP1_322000_4097000_classified_point_cloud_colorized.laz","2018_TEAK_3_322000_4097000_image.tif","Tree",1,322000,322999.999,4097000,4097999.999
"3431",3542,322525.646,322528.936,4097999.529,4097999.762,"Silva","NEON_D17_TEAK_DP1_322000_4097000_classified_point_cloud_colorized.laz","2018_TEAK_3_322000_4097000_image.tif","Tree",1,322000,322999.999,4097000,4097999.999
"3432",3543,322737.119,322744.221,4097995.803,4097999.913,"Silva","NEON_D17_TEAK_DP1_322000_4097000_classified_point_cloud_colorized.laz","2018_TEAK_3_322000_4097000_image.tif","Tree",1,322000,322999.999,4097000,4097999.999
"3433",3544,322832.039,322835.715,4097996.218,4097999.995,"Silva","NEON_D17_TEAK_DP1_322000_4097000_classified_point_cloud_colorized.laz","2018_TEAK_3_322000_4097000_image.tif","Tree",1,322000,322999.999,4097000,4097999.999
"3434",3545,322869.539,322876.393,4097993.737,4097999.941,"Silva","NEON_D17_TEAK_DP1_322000_4097000_classified_point_cloud_colorized.laz","2018_TEAK_3_322000_4097000_image.tif","Tree",1,322000,322999.999,4097000,4097999.999
"3435",3546,322655.399,322661.833,4097996.297,4097999.98,"Silva","NEON_D17_TEAK_DP1_322000_4097000_classified_point_cloud_colorized.laz","2018_TEAK_3_322000_4097000_image.tif","Tree",1,322000,322999.999,4097000,4097999.999
"3436",3547,322676.779,322681.767,4097995.127,4097999.942,"Silva","NEON_D17_TEAK_DP1_322000_4097000_classified_point_cloud_colorized.laz","2018_TEAK_3_322000_4097000_image.tif","Tree",1,322000,322999.999,4097000,4097999.999
"3437",3548,322744.873,322752.393,4097992.028,4097999.997,"Silva","NEON_D17_TEAK_DP1_322000_4097000_classified_point_cloud_colorized.laz","2018_TEAK_3_322000_4097000_image.tif","Tree",1,322000,322999.999,4097000,4097999.999
"3438",3549,322758.893,322765.852,4097996.371,4097999.719,"Silva","NEON_D17_TEAK_DP1_322000_4097000_classified_point_cloud_colorized.laz","2018_TEAK_3_322000_4097000_image.tif","Tree",1,322000,322999.999,4097000,4097999.999
"3439",3550,322774.126,322782.956,4097994.553,4097999.967,"Silva","NEON_D17_TEAK_DP1_322000_4097000_classified_point_cloud_colorized.laz","2018_TEAK_3_322000_4097000_image.tif","Tree",1,322000,322999.999,4097000,4097999.999
"3440",3551,322790.045,322794.491,4097997.67,4097999.884,"Silva","NEON_D17_TEAK_DP1_322000_4097000_classified_point_cloud_colorized.laz","2018_TEAK_3_322000_4097000_image.tif","Tree",1,322000,322999.999,4097000,4097999.999
"3441",3552,322829.614,322831.835,4097997.517,4097999.762,"Silva","NEON_D17_TEAK_DP1_322000_4097000_classified_point_cloud_colorized.laz","2018_TEAK_3_322000_4097000_image.tif","Tree",1,322000,322999.999,4097000,4097999.999
"3442",3553,322838.449,322842.375,4097997.507,4097999.93,"Silva","NEON_D17_TEAK_DP1_322000_4097000_classified_point_cloud_colorized.laz","2018_TEAK_3_322000_4097000_image.tif","Tree",1,322000,322999.999,4097000,4097999.999
"3443",3554,322988.503,322992.974,4097997.608,4097999.997,"Silva","NEON_D17_TEAK_DP1_322000_4097000_classified_point_cloud_colorized.laz","2018_TEAK_3_322000_4097000_image.tif","Tree",1,322000,322999.999,4097000,4097999.999
"3444",3555,322922.55,322923.969,4097998.84,4097999.785,"Silva","NEON_D17_TEAK_DP1_322000_4097000_classified_point_cloud_colorized.laz","2018_TEAK_3_322000_4097000_image.tif","Tree",1,322000,322999.999,4097000,4097999.999
"3445",3556,322921.153,322922.41,4097999.013,4097999.707,"Silva","NEON_D17_TEAK_DP1_322000_4097000_classified_point_cloud_colorized.laz","2018_TEAK_3_322000_4097000_image.tif","Tree",1,322000,322999.999,4097000,4097999.999
"3446",3557,322861.073,322866.088,4097996.611,4097999.939,"Silva","NEON_D17_TEAK_DP1_322000_4097000_classified_point_cloud_colorized.laz","2018_TEAK_3_322000_4097000_image.tif","Tree",1,322000,322999.999,4097000,4097999.999
"3447",3558,322847.615,322852.429,4097996.186,4097999.925,"Silva","NEON_D17_TEAK_DP1_322000_4097000_classified_point_cloud_colorized.laz","2018_TEAK_3_322000_4097000_image.tif","Tree",1,322000,322999.999,4097000,4097999.999
"3448",3559,322523.082,322525.265,4097999.549,4097999.771,"Silva","NEON_D17_TEAK_DP1_322000_4097000_classified_point_cloud_colorized.laz","2018_TEAK_3_322000_4097000_image.tif","Tree",1,322000,322999.999,4097000,4097999.999
"3449",3560,322708.269,322719.378,4097994.502,4097999.993,"Silva","NEON_D17_TEAK_DP1_322000_4097000_classified_point_cloud_colorized.laz","2018_TEAK_3_322000_4097000_image.tif","Tree",1,322000,322999.999,4097000,4097999.999
"3450",3561,322694.106,322701.394,4097996.509,4097999.976,"Silva","NEON_D17_TEAK_DP1_322000_4097000_classified_point_cloud_colorized.laz","2018_TEAK_3_322000_4097000_image.tif","Tree",1,322000,322999.999,4097000,4097999.999
"3451",3562,322647.022,322650.956,4097998.15,4097999.993,"Silva","NEON_D17_TEAK_DP1_322000_4097000_classified_point_cloud_colorized.laz","2018_TEAK_3_322000_4097000_image.tif","Tree",1,322000,322999.999,4097000,4097999.999
"3452",3563,322560.707,322562.538,4097999.144,4097999.951,"Silva","NEON_D17_TEAK_DP1_322000_4097000_classified_point_cloud_colorized.laz","2018_TEAK_3_322000_4097000_image.tif","Tree",1,322000,322999.999,4097000,4097999.999
"3453",3564,322625.667,322629.973,4097995.015,4097999.409,"Silva","NEON_D17_TEAK_DP1_322000_4097000_classified_point_cloud_colorized.laz","2018_TEAK_3_322000_4097000_image.tif","Tree",1,322000,322999.999,4097000,4097999.999
"3454",3565,322498.218,322503.995,4097996.414,4097999.923,"Silva","NEON_D17_TEAK_DP1_322000_4097000_classified_point_cloud_colorized.laz","2018_TEAK_3_322000_4097000_image.tif","Tree",1,322000,322999.999,4097000,4097999.999
"3455",3566,322489.857,322493.494,4097995.633,4097999.49,"Silva","NEON_D17_TEAK_DP1_322000_4097000_classified_point_cloud_colorized.laz","2018_TEAK_3_322000_4097000_image.tif","Tree",1,322000,322999.999,4097000,4097999.999
"3456",3567,322347.006,322351.103,4097998.184,4097999.968,"Silva","NEON_D17_TEAK_DP1_322000_4097000_classified_point_cloud_colorized.laz","2018_TEAK_3_322000_4097000_image.tif","Tree",1,322000,322999.999,4097000,4097999.999
"3457",3568,322655.545,322661.091,4097990.23,4097996.474,"Silva","NEON_D17_TEAK_DP1_322000_4097000_classified_point_cloud_colorized.laz","2018_TEAK_3_322000_4097000_image.tif","Tree",1,322000,322999.999,4097000,4097999.999
"3458",3569,322686.051,322693.449,4097988.531,4097995.936,"Silva","NEON_D17_TEAK_DP1_322000_4097000_classified_point_cloud_colorized.laz","2018_TEAK_3_322000_4097000_image.tif","Tree",1,322000,322999.999,4097000,4097999.999
"3459",3570,322665.554,322671.392,4097990.503,4097996.386,"Silva","NEON_D17_TEAK_DP1_322000_4097000_classified_point_cloud_colorized.laz","2018_TEAK_3_322000_4097000_image.tif","Tree",1,322000,322999.999,4097000,4097999.999
"3460",3571,322344.2,322346.498,4097998.208,4097999.927,"Silva","NEON_D17_TEAK_DP1_322000_4097000_classified_point_cloud_colorized.laz","2018_TEAK_3_322000_4097000_image.tif","Tree",1,322000,322999.999,4097000,4097999.999
"3461",3572,322316.645,322318.973,4097998.043,4097999.495,"Silva","NEON_D17_TEAK_DP1_322000_4097000_classified_point_cloud_colorized.laz","2018_TEAK_3_322000_4097000_image.tif","Tree",1,322000,322999.999,4097000,4097999.999
"3462",3573,322291.339,322291.731,4097999.898,4097999.944,"Silva","NEON_D17_TEAK_DP1_322000_4097000_classified_point_cloud_colorized.laz","2018_TEAK_3_322000_4097000_image.tif","Tree",1,322000,322999.999,4097000,4097999.999
"3463",3574,322469.625,322476.26,4097992.813,4097999.123,"Silva","NEON_D17_TEAK_DP1_322000_4097000_classified_point_cloud_colorized.laz","2018_TEAK_3_322000_4097000_image.tif","Tree",1,322000,322999.999,4097000,4097999.999
"3464",3575,322368.054,322375.732,4097993.663,4097999.985,"Silva","NEON_D17_TEAK_DP1_322000_4097000_classified_point_cloud_colorized.laz","2018_TEAK_3_322000_4097000_image.tif","Tree",1,322000,322999.999,4097000,4097999.999
"3465",3576,322155.091,322161.311,4097996.622,4097999.998,"Silva","NEON_D17_TEAK_DP1_322000_4097000_classified_point_cloud_colorized.laz","2018_TEAK_3_322000_4097000_image.tif","Tree",1,322000,322999.999,4097000,4097999.999
"3466",3577,322630.508,322637.825,4097988.506,4097995.914,"Silva","NEON_D17_TEAK_DP1_322000_4097000_classified_point_cloud_colorized.laz","2018_TEAK_3_322000_4097000_image.tif","Tree",1,322000,322999.999,4097000,4097999.999
"3467",3578,322678.122,322683.468,4097988.051,4097994.351,"Silva","NEON_D17_TEAK_DP1_322000_4097000_classified_point_cloud_colorized.laz","2018_TEAK_3_322000_4097000_image.tif","Tree",1,322000,322999.999,4097000,4097999.999
"3468",3579,322706.573,322713.469,4097989.16,4097994.986,"Silva","NEON_D17_TEAK_DP1_322000_4097000_classified_point_cloud_colorized.laz","2018_TEAK_3_322000_4097000_image.tif","Tree",1,322000,322999.999,4097000,4097999.999
"3469",3580,322713.676,322717.982,4097990.065,4097994.948,"Silva","NEON_D17_TEAK_DP1_322000_4097000_classified_point_cloud_colorized.laz","2018_TEAK_3_322000_4097000_image.tif","Tree",1,322000,322999.999,4097000,4097999.999
"3470",3581,322209.773,322213.447,4097995.566,4097999.492,"Silva","NEON_D17_TEAK_DP1_322000_4097000_classified_point_cloud_colorized.laz","2018_TEAK_3_322000_4097000_image.tif","Tree",1,322000,322999.999,4097000,4097999.999
"3471",3582,322699.546,322707.458,4097986.184,4097993.474,"Silva","NEON_D17_TEAK_DP1_322000_4097000_classified_point_cloud_colorized.laz","2018_TEAK_3_322000_4097000_image.tif","Tree",1,322000,322999.999,4097000,4097999.999
"3472",3583,322304.608,322309.493,4097991.738,4097996.47,"Silva","NEON_D17_TEAK_DP1_322000_4097000_classified_point_cloud_colorized.laz","2018_TEAK_3_322000_4097000_image.tif","Tree",1,322000,322999.999,4097000,4097999.999
"3473",3584,322492.066,322499.282,4097985.893,4097994.231,"Silva","NEON_D17_TEAK_DP1_322000_4097000_classified_point_cloud_colorized.laz","2018_TEAK_3_322000_4097000_image.tif","Tree",1,322000,322999.999,4097000,4097999.999
"3474",3585,322221.001,322223.476,4097993.054,4097996.264,"Silva","NEON_D17_TEAK_DP1_322000_4097000_classified_point_cloud_colorized.laz","2018_TEAK_3_322000_4097000_image.tif","Tree",1,322000,322999.999,4097000,4097999.999
"3475",3586,322354.064,322354.48,4097991.716,4097992.037,"Silva","NEON_D17_TEAK_DP1_322000_4097000_classified_point_cloud_colorized.laz","2018_TEAK_3_322000_4097000_image.tif","Tree",1,322000,322999.999,4097000,4097999.999
"3476",3587,322358.023,322361.167,4097989.871,4097993.423,"Silva","NEON_D17_TEAK_DP1_322000_4097000_classified_point_cloud_colorized.laz","2018_TEAK_3_322000_4097000_image.tif","Tree",1,322000,322999.999,4097000,4097999.999
"3477",3588,322161.281,322166.456,4097991.012,4097996.49,"Silva","NEON_D17_TEAK_DP1_322000_4097000_classified_point_cloud_colorized.laz","2018_TEAK_3_322000_4097000_image.tif","Tree",1,322000,322999.999,4097000,4097999.999
"3478",3589,322208.752,322212.921,4097990.612,4097994.969,"Silva","NEON_D17_TEAK_DP1_322000_4097000_classified_point_cloud_colorized.laz","2018_TEAK_3_322000_4097000_image.tif","Tree",1,322000,322999.999,4097000,4097999.999
"3479",3590,322295.378,322296.775,4097987.041,4097987.289,"Silva","NEON_D17_TEAK_DP1_322000_4097000_classified_point_cloud_colorized.laz","2018_TEAK_3_322000_4097000_image.tif","Tree",1,322000,322999.999,4097000,4097999.999
"3480",3591,322416.507,322420.988,4097987.029,4097991.494,"Silva","NEON_D17_TEAK_DP1_322000_4097000_classified_point_cloud_colorized.laz","2018_TEAK_3_322000_4097000_image.tif","Tree",1,322000,322999.999,4097000,4097999.999
"3481",3592,322672.544,322676.838,4097980.56,4097985.42,"Silva","NEON_D17_TEAK_DP1_322000_4097000_classified_point_cloud_colorized.laz","2018_TEAK_3_322000_4097000_image.tif","Tree",1,322000,322999.999,4097000,4097999.999
"3482",3593,322556.665,322569.966,4097977.979,4097991.457,"Silva","NEON_D17_TEAK_DP1_322000_4097000_classified_point_cloud_colorized.laz","2018_TEAK_3_322000_4097000_image.tif","Tree",1,322000,322999.999,4097000,4097999.999
"3483",3594,322508.549,322512.458,4097982.554,4097988.214,"Silva","NEON_D17_TEAK_DP1_322000_4097000_classified_point_cloud_colorized.laz","2018_TEAK_3_322000_4097000_image.tif","Tree",1,322000,322999.999,4097000,4097999.999
"3484",3595,322446.962,322447.123,4097986.721,4097986.772,"Silva","NEON_D17_TEAK_DP1_322000_4097000_classified_point_cloud_colorized.laz","2018_TEAK_3_322000_4097000_image.tif","Tree",1,322000,322999.999,4097000,4097999.999
"3485",3596,322133.559,322139.898,4097985.67,4097994.428,"Silva","NEON_D17_TEAK_DP1_322000_4097000_classified_point_cloud_colorized.laz","2018_TEAK_3_322000_4097000_image.tif","Tree",1,322000,322999.999,4097000,4097999.999
"3486",3597,322127.015,322132.489,4097988.738,4097994.463,"Silva","NEON_D17_TEAK_DP1_322000_4097000_classified_point_cloud_colorized.laz","2018_TEAK_3_322000_4097000_image.tif","Tree",1,322000,322999.999,4097000,4097999.999
"3487",3598,322683.782,322694.454,4097978.421,4097987.465,"Silva","NEON_D17_TEAK_DP1_322000_4097000_classified_point_cloud_colorized.laz","2018_TEAK_3_322000_4097000_image.tif","Tree",1,322000,322999.999,4097000,4097999.999
"3488",3599,322435.183,322437.993,4097984.501,4097986.492,"Silva","NEON_D17_TEAK_DP1_322000_4097000_classified_point_cloud_colorized.laz","2018_TEAK_3_322000_4097000_image.tif","Tree",1,322000,322999.999,4097000,4097999.999
"3489",3600,322283.579,322285.885,4097986.034,4097988.415,"Silva","NEON_D17_TEAK_DP1_322000_4097000_classified_point_cloud_colorized.laz","2018_TEAK_3_322000_4097000_image.tif","Tree",1,322000,322999.999,4097000,4097999.999
"3490",3601,322190.513,322196.975,4097985.027,4097992.469,"Silva","NEON_D17_TEAK_DP1_322000_4097000_classified_point_cloud_colorized.laz","2018_TEAK_3_322000_4097000_image.tif","Tree",1,322000,322999.999,4097000,4097999.999
"3491",3602,322275.523,322279.495,4097984.512,4097988.995,"Silva","NEON_D17_TEAK_DP1_322000_4097000_classified_point_cloud_colorized.laz","2018_TEAK_3_322000_4097000_image.tif","Tree",1,322000,322999.999,4097000,4097999.999
"3492",3603,322269.558,322271.999,4097984.567,4097986.963,"Silva","NEON_D17_TEAK_DP1_322000_4097000_classified_point_cloud_colorized.laz","2018_TEAK_3_322000_4097000_image.tif","Tree",1,322000,322999.999,4097000,4097999.999
"3493",3604,322125.281,322130.948,4097984.681,4097989.415,"Silva","NEON_D17_TEAK_DP1_322000_4097000_classified_point_cloud_colorized.laz","2018_TEAK_3_322000_4097000_image.tif","Tree",1,322000,322999.999,4097000,4097999.999
"3494",3605,322159.076,322164.467,4097984.034,4097988.894,"Silva","NEON_D17_TEAK_DP1_322000_4097000_classified_point_cloud_colorized.laz","2018_TEAK_3_322000_4097000_image.tif","Tree",1,322000,322999.999,4097000,4097999.999
"3495",3607,322548.541,322554.837,4097978.075,4097984.471,"Silva","NEON_D17_TEAK_DP1_322000_4097000_classified_point_cloud_colorized.laz","2018_TEAK_3_322000_4097000_image.tif","Tree",1,322000,322999.999,4097000,4097999.999
"3496",3608,322586.26,322594.733,4097975.514,4097986.985,"Silva","NEON_D17_TEAK_DP1_322000_4097000_classified_point_cloud_colorized.laz","2018_TEAK_3_322000_4097000_image.tif","Tree",1,322000,322999.999,4097000,4097999.999
"3497",3609,322650.077,322655.985,4097976.08,4097982.44,"Silva","NEON_D17_TEAK_DP1_322000_4097000_classified_point_cloud_colorized.laz","2018_TEAK_3_322000_4097000_image.tif","Tree",1,322000,322999.999,4097000,4097999.999
"3498",3610,322663.596,322671.911,4097979.615,4097982.247,"Silva","NEON_D17_TEAK_DP1_322000_4097000_classified_point_cloud_colorized.laz","2018_TEAK_3_322000_4097000_image.tif","Tree",1,322000,322999.999,4097000,4097999.999
"3499",3611,322694.105,322701.999,4097975.555,4097982.947,"Silva","NEON_D17_TEAK_DP1_322000_4097000_classified_point_cloud_colorized.laz","2018_TEAK_3_322000_4097000_image.tif","Tree",1,322000,322999.999,4097000,4097999.999
"3500",3612,322482.175,322482.175,4097981.955,4097981.955,"Silva","NEON_D17_TEAK_DP1_322000_4097000_classified_point_cloud_colorized.laz","2018_TEAK_3_322000_4097000_image.tif","Tree",1,322000,322999.999,4097000,4097999.999
"3501",3613,322322.633,322330.979,4097979.686,4097986.93,"Silva","NEON_D17_TEAK_DP1_322000_4097000_classified_point_cloud_colorized.laz","2018_TEAK_3_322000_4097000_image.tif","Tree",1,322000,322999.999,4097000,4097999.999
"3502",3614,322222.667,322227.362,4097982.514,4097987.158,"Silva","NEON_D17_TEAK_DP1_322000_4097000_classified_point_cloud_colorized.laz","2018_TEAK_3_322000_4097000_image.tif","Tree",1,322000,322999.999,4097000,4097999.999
"3503",3615,322213.21,322218.782,4097980.678,4097987.463,"Silva","NEON_D17_TEAK_DP1_322000_4097000_classified_point_cloud_colorized.laz","2018_TEAK_3_322000_4097000_image.tif","Tree",1,322000,322999.999,4097000,4097999.999
"3504",3616,322179.276,322190.935,4097978.501,4097990.291,"Silva","NEON_D17_TEAK_DP1_322000_4097000_classified_point_cloud_colorized.laz","2018_TEAK_3_322000_4097000_image.tif","Tree",1,322000,322999.999,4097000,4097999.999
"3505",3617,322428.342,322433.664,4097978.582,4097983.348,"Silva","NEON_D17_TEAK_DP1_322000_4097000_classified_point_cloud_colorized.laz","2018_TEAK_3_322000_4097000_image.tif","Tree",1,322000,322999.999,4097000,4097999.999
"3506",3618,322656.077,322663.801,4097973.553,4097981.864,"Silva","NEON_D17_TEAK_DP1_322000_4097000_classified_point_cloud_colorized.laz","2018_TEAK_3_322000_4097000_image.tif","Tree",1,322000,322999.999,4097000,4097999.999
"3507",3619,322142.539,322148.963,4097980.669,4097987.315,"Silva","NEON_D17_TEAK_DP1_322000_4097000_classified_point_cloud_colorized.laz","2018_TEAK_3_322000_4097000_image.tif","Tree",1,322000,322999.999,4097000,4097999.999
"3508",3620,322165.067,322169.981,4097981.385,4097985.988,"Silva","NEON_D17_TEAK_DP1_322000_4097000_classified_point_cloud_colorized.laz","2018_TEAK_3_322000_4097000_image.tif","Tree",1,322000,322999.999,4097000,4097999.999
"3509",3621,322413.813,322414.904,4097979.567,4097980.484,"Silva","NEON_D17_TEAK_DP1_322000_4097000_classified_point_cloud_colorized.laz","2018_TEAK_3_322000_4097000_image.tif","Tree",1,322000,322999.999,4097000,4097999.999
"3510",3623,322129.773,322136.742,4097979.009,4097986.239,"Silva","NEON_D17_TEAK_DP1_322000_4097000_classified_point_cloud_colorized.laz","2018_TEAK_3_322000_4097000_image.tif","Tree",1,322000,322999.999,4097000,4097999.999
"3511",3624,322673.735,322679.987,4097971.39,4097980.432,"Silva","NEON_D17_TEAK_DP1_322000_4097000_classified_point_cloud_colorized.laz","2018_TEAK_3_322000_4097000_image.tif","Tree",1,322000,322999.999,4097000,4097999.999
"3512",3625,322686.57,322695.724,4097972.015,4097979.259,"Silva","NEON_D17_TEAK_DP1_322000_4097000_classified_point_cloud_colorized.laz","2018_TEAK_3_322000_4097000_image.tif","Tree",1,322000,322999.999,4097000,4097999.999
"3513",3626,322462.063,322464.457,4097976.91,4097979.272,"Silva","NEON_D17_TEAK_DP1_322000_4097000_classified_point_cloud_colorized.laz","2018_TEAK_3_322000_4097000_image.tif","Tree",1,322000,322999.999,4097000,4097999.999
"3514",3627,322469.135,322473.309,4097974.573,4097979.143,"Silva","NEON_D17_TEAK_DP1_322000_4097000_classified_point_cloud_colorized.laz","2018_TEAK_3_322000_4097000_image.tif","Tree",1,322000,322999.999,4097000,4097999.999
"3515",3628,322234.088,322238.448,4097975.816,4097981.987,"Silva","NEON_D17_TEAK_DP1_322000_4097000_classified_point_cloud_colorized.laz","2018_TEAK_3_322000_4097000_image.tif","Tree",1,322000,322999.999,4097000,4097999.999
"3516",3629,322664.531,322672.261,4097969.52,4097975.982,"Silva","NEON_D17_TEAK_DP1_322000_4097000_classified_point_cloud_colorized.laz","2018_TEAK_3_322000_4097000_image.tif","Tree",1,322000,322999.999,4097000,4097999.999
"3517",3630,322146.6,322151.032,4097975.906,4097980.94,"Silva","NEON_D17_TEAK_DP1_322000_4097000_classified_point_cloud_colorized.laz","2018_TEAK_3_322000_4097000_image.tif","Tree",1,322000,322999.999,4097000,4097999.999
"3518",3631,322202.651,322208.982,4097973.359,4097979.978,"Silva","NEON_D17_TEAK_DP1_322000_4097000_classified_point_cloud_colorized.laz","2018_TEAK_3_322000_4097000_image.tif","Tree",1,322000,322999.999,4097000,4097999.999
"3519",3632,322363.699,322365.602,4097973.643,4097976.089,"Silva","NEON_D17_TEAK_DP1_322000_4097000_classified_point_cloud_colorized.laz","2018_TEAK_3_322000_4097000_image.tif","Tree",1,322000,322999.999,4097000,4097999.999
"3520",3633,322694.105,322701.255,4097966.804,4097975.673,"Silva","NEON_D17_TEAK_DP1_322000_4097000_classified_point_cloud_colorized.laz","2018_TEAK_3_322000_4097000_image.tif","Tree",1,322000,322999.999,4097000,4097999.999
"3521",3634,322129.634,322137.945,4097972.723,4097979.284,"Silva","NEON_D17_TEAK_DP1_322000_4097000_classified_point_cloud_colorized.laz","2018_TEAK_3_322000_4097000_image.tif","Tree",1,322000,322999.999,4097000,4097999.999
"3522",3635,322259.541,322266.895,4097971.016,4097978.366,"Silva","NEON_D17_TEAK_DP1_322000_4097000_classified_point_cloud_colorized.laz","2018_TEAK_3_322000_4097000_image.tif","Tree",1,322000,322999.999,4097000,4097999.999
"3523",3636,322195.031,322200.966,4097971.023,4097977.924,"Silva","NEON_D17_TEAK_DP1_322000_4097000_classified_point_cloud_colorized.laz","2018_TEAK_3_322000_4097000_image.tif","Tree",1,322000,322999.999,4097000,4097999.999
"3524",3637,322164.155,322167.94,4097972.084,4097975.951,"Silva","NEON_D17_TEAK_DP1_322000_4097000_classified_point_cloud_colorized.laz","2018_TEAK_3_322000_4097000_image.tif","Tree",1,322000,322999.999,4097000,4097999.999
"3525",3638,322687.058,322694.897,4097965.514,4097972.49,"Silva","NEON_D17_TEAK_DP1_322000_4097000_classified_point_cloud_colorized.laz","2018_TEAK_3_322000_4097000_image.tif","Tree",1,322000,322999.999,4097000,4097999.999
"3526",3639,322666.519,322674.99,4097963.774,4097972.43,"Silva","NEON_D17_TEAK_DP1_322000_4097000_classified_point_cloud_colorized.laz","2018_TEAK_3_322000_4097000_image.tif","Tree",1,322000,322999.999,4097000,4097999.999
"3527",3640,322159.599,322161.876,4097970.454,4097974.92,"Silva","NEON_D17_TEAK_DP1_322000_4097000_classified_point_cloud_colorized.laz","2018_TEAK_3_322000_4097000_image.tif","Tree",1,322000,322999.999,4097000,4097999.999
"3528",3641,322156.193,322159.444,4097969.514,4097975.991,"Silva","NEON_D17_TEAK_DP1_322000_4097000_classified_point_cloud_colorized.laz","2018_TEAK_3_322000_4097000_image.tif","Tree",1,322000,322999.999,4097000,4097999.999
"3529",3642,322181.581,322187.771,4097967.514,4097977.376,"Silva","NEON_D17_TEAK_DP1_322000_4097000_classified_point_cloud_colorized.laz","2018_TEAK_3_322000_4097000_image.tif","Tree",1,322000,322999.999,4097000,4097999.999
"3530",3643,322286.075,322287.392,4097971.472,4097972.167,"Silva","NEON_D17_TEAK_DP1_322000_4097000_classified_point_cloud_colorized.laz","2018_TEAK_3_322000_4097000_image.tif","Tree",1,322000,322999.999,4097000,4097999.999
"3531",3644,322429.166,322429.962,4097970.136,4097970.455,"Silva","NEON_D17_TEAK_DP1_322000_4097000_classified_point_cloud_colorized.laz","2018_TEAK_3_322000_4097000_image.tif","Tree",1,322000,322999.999,4097000,4097999.999
"3532",3645,322674.504,322683.473,4097963.628,4097971.997,"Silva","NEON_D17_TEAK_DP1_322000_4097000_classified_point_cloud_colorized.laz","2018_TEAK_3_322000_4097000_image.tif","Tree",1,322000,322999.999,4097000,4097999.999
"3533",3646,322607.662,322614.896,4097964.38,4097970.29,"Silva","NEON_D17_TEAK_DP1_322000_4097000_classified_point_cloud_colorized.laz","2018_TEAK_3_322000_4097000_image.tif","Tree",1,322000,322999.999,4097000,4097999.999
"3534",3647,322310.048,322313.466,4097968.004,4097971.696,"Silva","NEON_D17_TEAK_DP1_322000_4097000_classified_point_cloud_colorized.laz","2018_TEAK_3_322000_4097000_image.tif","Tree",1,322000,322999.999,4097000,4097999.999
"3535",3649,322185.563,322192.948,4097965.105,4097972.975,"Silva","NEON_D17_TEAK_DP1_322000_4097000_classified_point_cloud_colorized.laz","2018_TEAK_3_322000_4097000_image.tif","Tree",1,322000,322999.999,4097000,4097999.999
"3536",3650,322146.214,322150.863,4097967.281,4097972.403,"Silva","NEON_D17_TEAK_DP1_322000_4097000_classified_point_cloud_colorized.laz","2018_TEAK_3_322000_4097000_image.tif","Tree",1,322000,322999.999,4097000,4097999.999
"3537",3651,322231.644,322237.916,4097962.527,4097968.014,"Silva","NEON_D17_TEAK_DP1_322000_4097000_classified_point_cloud_colorized.laz","2018_TEAK_3_322000_4097000_image.tif","Tree",1,322000,322999.999,4097000,4097999.999
"3538",3652,322652.502,322659.851,4097962.703,4097968.486,"Silva","NEON_D17_TEAK_DP1_322000_4097000_classified_point_cloud_colorized.laz","2018_TEAK_3_322000_4097000_image.tif","Tree",1,322000,322999.999,4097000,4097999.999
"3539",3653,322690.657,322698.353,4097961.678,4097968.99,"Silva","NEON_D17_TEAK_DP1_322000_4097000_classified_point_cloud_colorized.laz","2018_TEAK_3_322000_4097000_image.tif","Tree",1,322000,322999.999,4097000,4097999.999
"3540",3654,322563.694,322565.474,4097964.507,4097968.83,"Silva","NEON_D17_TEAK_DP1_322000_4097000_classified_point_cloud_colorized.laz","2018_TEAK_3_322000_4097000_image.tif","Tree",1,322000,322999.999,4097000,4097999.999
"3541",3655,322293.021,322300.886,4097960.491,4097971.704,"Silva","NEON_D17_TEAK_DP1_322000_4097000_classified_point_cloud_colorized.laz","2018_TEAK_3_322000_4097000_image.tif","Tree",1,322000,322999.999,4097000,4097999.999
"3542",3656,322166.113,322171.902,4097962.656,4097969.687,"Silva","NEON_D17_TEAK_DP1_322000_4097000_classified_point_cloud_colorized.laz","2018_TEAK_3_322000_4097000_image.tif","Tree",1,322000,322999.999,4097000,4097999.999
"3543",3657,322140.868,322143.486,4097964.24,4097968.948,"Silva","NEON_D17_TEAK_DP1_322000_4097000_classified_point_cloud_colorized.laz","2018_TEAK_3_322000_4097000_image.tif","Tree",1,322000,322999.999,4097000,4097999.999
"3544",3658,322160.569,322162.876,4097962.4,4097966.783,"Silva","NEON_D17_TEAK_DP1_322000_4097000_classified_point_cloud_colorized.laz","2018_TEAK_3_322000_4097000_image.tif","Tree",1,322000,322999.999,4097000,4097999.999
"3545",3659,322172.715,322178.998,4097962.504,4097968.351,"Silva","NEON_D17_TEAK_DP1_322000_4097000_classified_point_cloud_colorized.laz","2018_TEAK_3_322000_4097000_image.tif","Tree",1,322000,322999.999,4097000,4097999.999
"3546",3660,322287.015,322293.299,4097959.02,4097968.739,"Silva","NEON_D17_TEAK_DP1_322000_4097000_classified_point_cloud_colorized.laz","2018_TEAK_3_322000_4097000_image.tif","Tree",1,322000,322999.999,4097000,4097999.999
"3547",3661,322425.549,322426.323,4097963.704,4097965.179,"Silva","NEON_D17_TEAK_DP1_322000_4097000_classified_point_cloud_colorized.laz","2018_TEAK_3_322000_4097000_image.tif","Tree",1,322000,322999.999,4097000,4097999.999
"3548",3662,322698.021,322707.242,4097960.018,4097967.016,"Silva","NEON_D17_TEAK_DP1_322000_4097000_classified_point_cloud_colorized.laz","2018_TEAK_3_322000_4097000_image.tif","Tree",1,322000,322999.999,4097000,4097999.999
"3549",3663,322202.145,322205.365,4097962.554,4097964.989,"Silva","NEON_D17_TEAK_DP1_322000_4097000_classified_point_cloud_colorized.laz","2018_TEAK_3_322000_4097000_image.tif","Tree",1,322000,322999.999,4097000,4097999.999
"3550",3664,322275.047,322280.439,4097959.661,4097965.478,"Silva","NEON_D17_TEAK_DP1_322000_4097000_classified_point_cloud_colorized.laz","2018_TEAK_3_322000_4097000_image.tif","Tree",1,322000,322999.999,4097000,4097999.999
"3551",3665,322224.541,322235.489,4097956.821,4097969.497,"Silva","NEON_D17_TEAK_DP1_322000_4097000_classified_point_cloud_colorized.laz","2018_TEAK_3_322000_4097000_image.tif","Tree",1,322000,322999.999,4097000,4097999.999
"3552",3666,322151.594,322157.872,4097960.723,4097966.998,"Silva","NEON_D17_TEAK_DP1_322000_4097000_classified_point_cloud_colorized.laz","2018_TEAK_3_322000_4097000_image.tif","Tree",1,322000,322999.999,4097000,4097999.999
"3553",3667,322475.087,322481.289,4097957.696,4097964.497,"Silva","NEON_D17_TEAK_DP1_322000_4097000_classified_point_cloud_colorized.laz","2018_TEAK_3_322000_4097000_image.tif","Tree",1,322000,322999.999,4097000,4097999.999
"3554",3668,322652.795,322659.897,4097957.574,4097963,"Silva","NEON_D17_TEAK_DP1_322000_4097000_classified_point_cloud_colorized.laz","2018_TEAK_3_322000_4097000_image.tif","Tree",1,322000,322999.999,4097000,4097999.999
"3555",3669,322410.072,322413.234,4097959.015,4097962.413,"Silva","NEON_D17_TEAK_DP1_322000_4097000_classified_point_cloud_colorized.laz","2018_TEAK_3_322000_4097000_image.tif","Tree",1,322000,322999.999,4097000,4097999.999
"3556",3670,322268.071,322274.314,4097958.001,4097963.929,"Silva","NEON_D17_TEAK_DP1_322000_4097000_classified_point_cloud_colorized.laz","2018_TEAK_3_322000_4097000_image.tif","Tree",1,322000,322999.999,4097000,4097999.999
"3557",3671,322146.688,322152.408,4097958.638,4097965.457,"Silva","NEON_D17_TEAK_DP1_322000_4097000_classified_point_cloud_colorized.laz","2018_TEAK_3_322000_4097000_image.tif","Tree",1,322000,322999.999,4097000,4097999.999
"3558",3672,322127.599,322131.499,4097959.371,4097963.489,"Silva","NEON_D17_TEAK_DP1_322000_4097000_classified_point_cloud_colorized.laz","2018_TEAK_3_322000_4097000_image.tif","Tree",1,322000,322999.999,4097000,4097999.999
"3559",3673,322713.296,322720.988,4097956.027,4097963.086,"Silva","NEON_D17_TEAK_DP1_322000_4097000_classified_point_cloud_colorized.laz","2018_TEAK_3_322000_4097000_image.tif","Tree",1,322000,322999.999,4097000,4097999.999
"3560",3674,322697.042,322707.356,4097952.014,4097960.958,"Silva","NEON_D17_TEAK_DP1_322000_4097000_classified_point_cloud_colorized.laz","2018_TEAK_3_322000_4097000_image.tif","Tree",1,322000,322999.999,4097000,4097999.999
"3561",3675,322687.005,322693.483,4097954.645,4097961.785,"Silva","NEON_D17_TEAK_DP1_322000_4097000_classified_point_cloud_colorized.laz","2018_TEAK_3_322000_4097000_image.tif","Tree",1,322000,322999.999,4097000,4097999.999
"3562",3676,322217.038,322225.727,4097954.574,4097963.117,"Silva","NEON_D17_TEAK_DP1_322000_4097000_classified_point_cloud_colorized.laz","2018_TEAK_3_322000_4097000_image.tif","Tree",1,322000,322999.999,4097000,4097999.999
"3563",3677,322304.631,322306.993,4097956.581,4097958.307,"Silva","NEON_D17_TEAK_DP1_322000_4097000_classified_point_cloud_colorized.laz","2018_TEAK_3_322000_4097000_image.tif","Tree",1,322000,322999.999,4097000,4097999.999
"3564",3678,322133.852,322138.987,4097955.549,4097961.977,"Silva","NEON_D17_TEAK_DP1_322000_4097000_classified_point_cloud_colorized.laz","2018_TEAK_3_322000_4097000_image.tif","Tree",1,322000,322999.999,4097000,4097999.999
"3565",3679,322209.408,322215.666,4097953.63,4097961.441,"Silva","NEON_D17_TEAK_DP1_322000_4097000_classified_point_cloud_colorized.laz","2018_TEAK_3_322000_4097000_image.tif","Tree",1,322000,322999.999,4097000,4097999.999
"3566",3680,322715.223,322722.424,4097954.617,4097959.495,"Silva","NEON_D17_TEAK_DP1_322000_4097000_classified_point_cloud_colorized.laz","2018_TEAK_3_322000_4097000_image.tif","Tree",1,322000,322999.999,4097000,4097999.999
"3567",3681,322459.462,322462.887,4097954.033,4097958.479,"Silva","NEON_D17_TEAK_DP1_322000_4097000_classified_point_cloud_colorized.laz","2018_TEAK_3_322000_4097000_image.tif","Tree",1,322000,322999.999,4097000,4097999.999
"3568",3682,322248.505,322249.984,4097955.017,4097957.387,"Silva","NEON_D17_TEAK_DP1_322000_4097000_classified_point_cloud_colorized.laz","2018_TEAK_3_322000_4097000_image.tif","Tree",1,322000,322999.999,4097000,4097999.999
"3569",3683,322146.555,322152.493,4097953.146,4097959.479,"Silva","NEON_D17_TEAK_DP1_322000_4097000_classified_point_cloud_colorized.laz","2018_TEAK_3_322000_4097000_image.tif","Tree",1,322000,322999.999,4097000,4097999.999
"3570",3684,322141.11,322146.481,4097953.51,4097958.495,"Silva","NEON_D17_TEAK_DP1_322000_4097000_classified_point_cloud_colorized.laz","2018_TEAK_3_322000_4097000_image.tif","Tree",1,322000,322999.999,4097000,4097999.999
"3571",3685,322203.764,322209.471,4097952.782,4097958.809,"Silva","NEON_D17_TEAK_DP1_322000_4097000_classified_point_cloud_colorized.laz","2018_TEAK_3_322000_4097000_image.tif","Tree",1,322000,322999.999,4097000,4097999.999
"3572",3686,322371.227,322371.227,4097955.616,4097955.616,"Silva","NEON_D17_TEAK_DP1_322000_4097000_classified_point_cloud_colorized.laz","2018_TEAK_3_322000_4097000_image.tif","Tree",1,322000,322999.999,4097000,4097999.999
"3573",3687,322466.058,322472.935,4097950.598,4097959.468,"Silva","NEON_D17_TEAK_DP1_322000_4097000_classified_point_cloud_colorized.laz","2018_TEAK_3_322000_4097000_image.tif","Tree",1,322000,322999.999,4097000,4097999.999
"3574",3688,322668.516,322675.264,4097951.094,4097958.74,"Silva","NEON_D17_TEAK_DP1_322000_4097000_classified_point_cloud_colorized.laz","2018_TEAK_3_322000_4097000_image.tif","Tree",1,322000,322999.999,4097000,4097999.999
"3575",3689,322452.855,322457.489,4097952.395,4097956.869,"Silva","NEON_D17_TEAK_DP1_322000_4097000_classified_point_cloud_colorized.laz","2018_TEAK_3_322000_4097000_image.tif","Tree",1,322000,322999.999,4097000,4097999.999
"3576",3690,322279.574,322286.483,4097952.568,4097957.991,"Silva","NEON_D17_TEAK_DP1_322000_4097000_classified_point_cloud_colorized.laz","2018_TEAK_3_322000_4097000_image.tif","Tree",1,322000,322999.999,4097000,4097999.999
"3577",3691,322186.116,322193.936,4097951.083,4097956.881,"Silva","NEON_D17_TEAK_DP1_322000_4097000_classified_point_cloud_colorized.laz","2018_TEAK_3_322000_4097000_image.tif","Tree",1,322000,322999.999,4097000,4097999.999
"3578",3692,322412.009,322413.168,4097952.515,4097953.766,"Silva","NEON_D17_TEAK_DP1_322000_4097000_classified_point_cloud_colorized.laz","2018_TEAK_3_322000_4097000_image.tif","Tree",1,322000,322999.999,4097000,4097999.999
"3579",3693,322177.038,322182.132,4097950.207,4097956.588,"Silva","NEON_D17_TEAK_DP1_322000_4097000_classified_point_cloud_colorized.laz","2018_TEAK_3_322000_4097000_image.tif","Tree",1,322000,322999.999,4097000,4097999.999
"3580",3694,322170.164,322174.658,4097950.086,4097955.996,"Silva","NEON_D17_TEAK_DP1_322000_4097000_classified_point_cloud_colorized.laz","2018_TEAK_3_322000_4097000_image.tif","Tree",1,322000,322999.999,4097000,4097999.999
"3581",3695,322123.673,322127.477,4097952.099,4097955.219,"Silva","NEON_D17_TEAK_DP1_322000_4097000_classified_point_cloud_colorized.laz","2018_TEAK_3_322000_4097000_image.tif","Tree",1,322000,322999.999,4097000,4097999.999
"3582",3697,322709.519,322713.92,4097949.237,4097955.89,"Silva","NEON_D17_TEAK_DP1_322000_4097000_classified_point_cloud_colorized.laz","2018_TEAK_3_322000_4097000_image.tif","Tree",1,322000,322999.999,4097000,4097999.999
"3583",3698,322476.302,322482.87,4097948.817,4097955.439,"Silva","NEON_D17_TEAK_DP1_322000_4097000_classified_point_cloud_colorized.laz","2018_TEAK_3_322000_4097000_image.tif","Tree",1,322000,322999.999,4097000,4097999.999
"3584",3699,322142.529,322143.955,4097948.001,4097949.998,"Silva","NEON_D17_TEAK_DP1_322000_4097000_classified_point_cloud_colorized.laz","2018_TEAK_3_322000_4097000_image.tif","Tree",1,322000,322999.999,4097000,4097999.999
"3585",3700,322203.714,322209.456,4097946.538,4097952.163,"Silva","NEON_D17_TEAK_DP1_322000_4097000_classified_point_cloud_colorized.laz","2018_TEAK_3_322000_4097000_image.tif","Tree",1,322000,322999.999,4097000,4097999.999
"3586",3701,322197.15,322204.995,4097943.572,4097951.979,"Silva","NEON_D17_TEAK_DP1_322000_4097000_classified_point_cloud_colorized.laz","2018_TEAK_3_322000_4097000_image.tif","Tree",1,322000,322999.999,4097000,4097999.999
"3587",3702,322274.135,322277.212,4097946.799,4097950.331,"Silva","NEON_D17_TEAK_DP1_322000_4097000_classified_point_cloud_colorized.laz","2018_TEAK_3_322000_4097000_image.tif","Tree",1,322000,322999.999,4097000,4097999.999
"3588",3703,322399.012,322403.292,4097946.361,4097949.77,"Silva","NEON_D17_TEAK_DP1_322000_4097000_classified_point_cloud_colorized.laz","2018_TEAK_3_322000_4097000_image.tif","Tree",1,322000,322999.999,4097000,4097999.999
"3589",3704,322395.023,322399.173,4097944.88,4097949.484,"Silva","NEON_D17_TEAK_DP1_322000_4097000_classified_point_cloud_colorized.laz","2018_TEAK_3_322000_4097000_image.tif","Tree",1,322000,322999.999,4097000,4097999.999
"3590",3705,322230.531,322238.962,4097942.155,4097951.469,"Silva","NEON_D17_TEAK_DP1_322000_4097000_classified_point_cloud_colorized.laz","2018_TEAK_3_322000_4097000_image.tif","Tree",1,322000,322999.999,4097000,4097999.999
"3591",3707,322539.642,322545.482,4097944.522,4097949.492,"Silva","NEON_D17_TEAK_DP1_322000_4097000_classified_point_cloud_colorized.laz","2018_TEAK_3_322000_4097000_image.tif","Tree",1,322000,322999.999,4097000,4097999.999
"3592",3708,322149.022,322153.464,4097942.056,4097947.978,"Silva","NEON_D17_TEAK_DP1_322000_4097000_classified_point_cloud_colorized.laz","2018_TEAK_3_322000_4097000_image.tif","Tree",1,322000,322999.999,4097000,4097999.999
"3593",3709,322288.431,322293.247,4097941.649,4097947.129,"Silva","NEON_D17_TEAK_DP1_322000_4097000_classified_point_cloud_colorized.laz","2018_TEAK_3_322000_4097000_image.tif","Tree",1,322000,322999.999,4097000,4097999.999
"3594",3710,322668.402,322677.948,4097943.064,4097949.349,"Silva","NEON_D17_TEAK_DP1_322000_4097000_classified_point_cloud_colorized.laz","2018_TEAK_3_322000_4097000_image.tif","Tree",1,322000,322999.999,4097000,4097999.999
"3595",3711,322711.006,322717.414,4097944.624,4097947.868,"Silva","NEON_D17_TEAK_DP1_322000_4097000_classified_point_cloud_colorized.laz","2018_TEAK_3_322000_4097000_image.tif","Tree",1,322000,322999.999,4097000,4097999.999
"3596",3712,322720.51,322730.187,4097940.506,4097950.454,"Silva","NEON_D17_TEAK_DP1_322000_4097000_classified_point_cloud_colorized.laz","2018_TEAK_3_322000_4097000_image.tif","Tree",1,322000,322999.999,4097000,4097999.999
"3597",3713,322183.609,322187.054,4097940.586,4097944.904,"Silva","NEON_D17_TEAK_DP1_322000_4097000_classified_point_cloud_colorized.laz","2018_TEAK_3_322000_4097000_image.tif","Tree",1,322000,322999.999,4097000,4097999.999
"3598",3714,322162.252,322171.208,4097938.009,4097947.429,"Silva","NEON_D17_TEAK_DP1_322000_4097000_classified_point_cloud_colorized.laz","2018_TEAK_3_322000_4097000_image.tif","Tree",1,322000,322999.999,4097000,4097999.999
"3599",3715,322538.329,322542.375,4097942.862,4097946.413,"Silva","NEON_D17_TEAK_DP1_322000_4097000_classified_point_cloud_colorized.laz","2018_TEAK_3_322000_4097000_image.tif","Tree",1,322000,322999.999,4097000,4097999.999
"3600",3716,322644.065,322653.487,4097939.098,4097948.798,"Silva","NEON_D17_TEAK_DP1_322000_4097000_classified_point_cloud_colorized.laz","2018_TEAK_3_322000_4097000_image.tif","Tree",1,322000,322999.999,4097000,4097999.999
"3601",3717,322627.015,322636.95,4097939.337,4097948.863,"Silva","NEON_D17_TEAK_DP1_322000_4097000_classified_point_cloud_colorized.laz","2018_TEAK_3_322000_4097000_image.tif","Tree",1,322000,322999.999,4097000,4097999.999
"3602",3718,322137.103,322141.994,4097938.169,4097943.477,"Silva","NEON_D17_TEAK_DP1_322000_4097000_classified_point_cloud_colorized.laz","2018_TEAK_3_322000_4097000_image.tif","Tree",1,322000,322999.999,4097000,4097999.999
"3603",3719,322142.504,322147.342,4097938.269,4097943.973,"Silva","NEON_D17_TEAK_DP1_322000_4097000_classified_point_cloud_colorized.laz","2018_TEAK_3_322000_4097000_image.tif","Tree",1,322000,322999.999,4097000,4097999.999
"3604",3720,322636.517,322645.492,4097938.131,4097947.207,"Silva","NEON_D17_TEAK_DP1_322000_4097000_classified_point_cloud_colorized.laz","2018_TEAK_3_322000_4097000_image.tif","Tree",1,322000,322999.999,4097000,4097999.999
"3605",3721,322265.587,322272.409,4097935.052,4097943.457,"Silva","NEON_D17_TEAK_DP1_322000_4097000_classified_point_cloud_colorized.laz","2018_TEAK_3_322000_4097000_image.tif","Tree",1,322000,322999.999,4097000,4097999.999
"3606",3722,322692.504,322700.344,4097938.76,4097947.975,"Silva","NEON_D17_TEAK_DP1_322000_4097000_classified_point_cloud_colorized.laz","2018_TEAK_3_322000_4097000_image.tif","Tree",1,322000,322999.999,4097000,4097999.999
"3607",3723,322558.034,322561.445,4097938.657,4097941.269,"Silva","NEON_D17_TEAK_DP1_322000_4097000_classified_point_cloud_colorized.laz","2018_TEAK_3_322000_4097000_image.tif","Tree",1,322000,322999.999,4097000,4097999.999
"3608",3724,322679.032,322685.451,4097936.128,4097945.99,"Silva","NEON_D17_TEAK_DP1_322000_4097000_classified_point_cloud_colorized.laz","2018_TEAK_3_322000_4097000_image.tif","Tree",1,322000,322999.999,4097000,4097999.999
"3609",3725,322624.544,322630.399,4097934.527,4097943.377,"Silva","NEON_D17_TEAK_DP1_322000_4097000_classified_point_cloud_colorized.laz","2018_TEAK_3_322000_4097000_image.tif","Tree",1,322000,322999.999,4097000,4097999.999
"3610",3726,322695.621,322701.357,4097936.634,4097942.379,"Silva","NEON_D17_TEAK_DP1_322000_4097000_classified_point_cloud_colorized.laz","2018_TEAK_3_322000_4097000_image.tif","Tree",1,322000,322999.999,4097000,4097999.999
"3611",3727,322336.915,322337.417,4097935.212,4097936.031,"Silva","NEON_D17_TEAK_DP1_322000_4097000_classified_point_cloud_colorized.laz","2018_TEAK_3_322000_4097000_image.tif","Tree",1,322000,322999.999,4097000,4097999.999
"3612",3728,322188.601,322189.462,4097933.548,4097934.952,"Silva","NEON_D17_TEAK_DP1_322000_4097000_classified_point_cloud_colorized.laz","2018_TEAK_3_322000_4097000_image.tif","Tree",1,322000,322999.999,4097000,4097999.999
"3613",3729,322443.026,322446.459,4097933.771,4097936.997,"Silva","NEON_D17_TEAK_DP1_322000_4097000_classified_point_cloud_colorized.laz","2018_TEAK_3_322000_4097000_image.tif","Tree",1,322000,322999.999,4097000,4097999.999
"3614",3730,322148.533,322156.304,4097927.513,4097935.46,"Silva","NEON_D17_TEAK_DP1_322000_4097000_classified_point_cloud_colorized.laz","2018_TEAK_3_322000_4097000_image.tif","Tree",1,322000,322999.999,4097000,4097999.999
"3615",3731,322261.642,322263.342,4097930.174,4097932.989,"Silva","NEON_D17_TEAK_DP1_322000_4097000_classified_point_cloud_colorized.laz","2018_TEAK_3_322000_4097000_image.tif","Tree",1,322000,322999.999,4097000,4097999.999
"3616",3732,322276.603,322277.997,4097931.089,4097933.291,"Silva","NEON_D17_TEAK_DP1_322000_4097000_classified_point_cloud_colorized.laz","2018_TEAK_3_322000_4097000_image.tif","Tree",1,322000,322999.999,4097000,4097999.999
"3617",3733,322181.512,322182.882,4097926.507,4097928.484,"Silva","NEON_D17_TEAK_DP1_322000_4097000_classified_point_cloud_colorized.laz","2018_TEAK_3_322000_4097000_image.tif","Tree",1,322000,322999.999,4097000,4097999.999
"3618",3734,322518.572,322527.49,4097925.758,4097935.488,"Silva","NEON_D17_TEAK_DP1_322000_4097000_classified_point_cloud_colorized.laz","2018_TEAK_3_322000_4097000_image.tif","Tree",1,322000,322999.999,4097000,4097999.999
"3619",3735,322474.038,322481.49,4097927.215,4097934.8,"Silva","NEON_D17_TEAK_DP1_322000_4097000_classified_point_cloud_colorized.laz","2018_TEAK_3_322000_4097000_image.tif","Tree",1,322000,322999.999,4097000,4097999.999
"3620",3736,322673.382,322680.987,4097927.58,4097935.54,"Silva","NEON_D17_TEAK_DP1_322000_4097000_classified_point_cloud_colorized.laz","2018_TEAK_3_322000_4097000_image.tif","Tree",1,322000,322999.999,4097000,4097999.999
"3621",3737,322710.032,322717.367,4097929.229,4097936.813,"Silva","NEON_D17_TEAK_DP1_322000_4097000_classified_point_cloud_colorized.laz","2018_TEAK_3_322000_4097000_image.tif","Tree",1,322000,322999.999,4097000,4097999.999
"3622",3738,322463.531,322470.999,4097924.09,4097931.867,"Silva","NEON_D17_TEAK_DP1_322000_4097000_classified_point_cloud_colorized.laz","2018_TEAK_3_322000_4097000_image.tif","Tree",1,322000,322999.999,4097000,4097999.999
"3623",3739,322255.13,322258.958,4097922.989,4097926.922,"Silva","NEON_D17_TEAK_DP1_322000_4097000_classified_point_cloud_colorized.laz","2018_TEAK_3_322000_4097000_image.tif","Tree",1,322000,322999.999,4097000,4097999.999
"3624",3740,322181.382,322190.985,4097919.05,4097928.989,"Silva","NEON_D17_TEAK_DP1_322000_4097000_classified_point_cloud_colorized.laz","2018_TEAK_3_322000_4097000_image.tif","Tree",1,322000,322999.999,4097000,4097999.999
"3625",3741,322198.019,322203.466,4097920.638,4097928.417,"Silva","NEON_D17_TEAK_DP1_322000_4097000_classified_point_cloud_colorized.laz","2018_TEAK_3_322000_4097000_image.tif","Tree",1,322000,322999.999,4097000,4097999.999
"3626",3742,322220.023,322226.985,4097919.718,4097928.867,"Silva","NEON_D17_TEAK_DP1_322000_4097000_classified_point_cloud_colorized.laz","2018_TEAK_3_322000_4097000_image.tif","Tree",1,322000,322999.999,4097000,4097999.999
"3627",3743,322280.765,322287.476,4097919.084,4097927.395,"Silva","NEON_D17_TEAK_DP1_322000_4097000_classified_point_cloud_colorized.laz","2018_TEAK_3_322000_4097000_image.tif","Tree",1,322000,322999.999,4097000,4097999.999
"3628",3744,322158.031,322160.997,4097921.153,4097923.465,"Silva","NEON_D17_TEAK_DP1_322000_4097000_classified_point_cloud_colorized.laz","2018_TEAK_3_322000_4097000_image.tif","Tree",1,322000,322999.999,4097000,4097999.999
"3629",3745,322170.135,322172.924,4097921.069,4097923.941,"Silva","NEON_D17_TEAK_DP1_322000_4097000_classified_point_cloud_colorized.laz","2018_TEAK_3_322000_4097000_image.tif","Tree",1,322000,322999.999,4097000,4097999.999
"3630",3746,322306.03,322308.913,4097922.784,4097925.435,"Silva","NEON_D17_TEAK_DP1_322000_4097000_classified_point_cloud_colorized.laz","2018_TEAK_3_322000_4097000_image.tif","Tree",1,322000,322999.999,4097000,4097999.999
"3631",3747,322731.249,322737.493,4097926.054,4097931.495,"Silva","NEON_D17_TEAK_DP1_322000_4097000_classified_point_cloud_colorized.laz","2018_TEAK_3_322000_4097000_image.tif","Tree",1,322000,322999.999,4097000,4097999.999
"3632",3748,322720.548,322724.346,4097924.551,4097925.915,"Silva","NEON_D17_TEAK_DP1_322000_4097000_classified_point_cloud_colorized.laz","2018_TEAK_3_322000_4097000_image.tif","Tree",1,322000,322999.999,4097000,4097999.999
"3633",3749,322663.196,322674.42,4097922.032,4097933.483,"Silva","NEON_D17_TEAK_DP1_322000_4097000_classified_point_cloud_colorized.laz","2018_TEAK_3_322000_4097000_image.tif","Tree",1,322000,322999.999,4097000,4097999.999
"3634",3750,322253.107,322254.996,4097920.567,4097923.479,"Silva","NEON_D17_TEAK_DP1_322000_4097000_classified_point_cloud_colorized.laz","2018_TEAK_3_322000_4097000_image.tif","Tree",1,322000,322999.999,4097000,4097999.999
"3635",3751,322315.655,322320.955,4097919.784,4097925.965,"Silva","NEON_D17_TEAK_DP1_322000_4097000_classified_point_cloud_colorized.laz","2018_TEAK_3_322000_4097000_image.tif","Tree",1,322000,322999.999,4097000,4097999.999
"3636",3753,322695.626,322700.992,4097924.442,4097929.493,"Silva","NEON_D17_TEAK_DP1_322000_4097000_classified_point_cloud_colorized.laz","2018_TEAK_3_322000_4097000_image.tif","Tree",1,322000,322999.999,4097000,4097999.999
"3637",3754,322160.569,322164.957,4097917.413,4097920.984,"Silva","NEON_D17_TEAK_DP1_322000_4097000_classified_point_cloud_colorized.laz","2018_TEAK_3_322000_4097000_image.tif","Tree",1,322000,322999.999,4097000,4097999.999
"3638",3755,322202.015,322209.989,4097915.601,4097923.482,"Silva","NEON_D17_TEAK_DP1_322000_4097000_classified_point_cloud_colorized.laz","2018_TEAK_3_322000_4097000_image.tif","Tree",1,322000,322999.999,4097000,4097999.999
"3639",3756,322655.515,322663.496,4097920.792,4097929.332,"Silva","NEON_D17_TEAK_DP1_322000_4097000_classified_point_cloud_colorized.laz","2018_TEAK_3_322000_4097000_image.tif","Tree",1,322000,322999.999,4097000,4097999.999
"3640",3757,322678.555,322685.933,4097923.089,4097928.991,"Silva","NEON_D17_TEAK_DP1_322000_4097000_classified_point_cloud_colorized.laz","2018_TEAK_3_322000_4097000_image.tif","Tree",1,322000,322999.999,4097000,4097999.999
"3641",3758,322640.039,322647.425,4097921.532,4097929.968,"Silva","NEON_D17_TEAK_DP1_322000_4097000_classified_point_cloud_colorized.laz","2018_TEAK_3_322000_4097000_image.tif","Tree",1,322000,322999.999,4097000,4097999.999
"3642",3759,322724.163,322729.483,4097922.017,4097927.461,"Silva","NEON_D17_TEAK_DP1_322000_4097000_classified_point_cloud_colorized.laz","2018_TEAK_3_322000_4097000_image.tif","Tree",1,322000,322999.999,4097000,4097999.999
"3643",3760,322243.341,322248.421,4097915.188,4097919.997,"Silva","NEON_D17_TEAK_DP1_322000_4097000_classified_point_cloud_colorized.laz","2018_TEAK_3_322000_4097000_image.tif","Tree",1,322000,322999.999,4097000,4097999.999
"3644",3761,322394.035,322397.948,4097916.07,4097920.974,"Silva","NEON_D17_TEAK_DP1_322000_4097000_classified_point_cloud_colorized.laz","2018_TEAK_3_322000_4097000_image.tif","Tree",1,322000,322999.999,4097000,4097999.999
"3645",3762,322489.564,322500.821,4097918.027,4097924.432,"Silva","NEON_D17_TEAK_DP1_322000_4097000_classified_point_cloud_colorized.laz","2018_TEAK_3_322000_4097000_image.tif","Tree",1,322000,322999.999,4097000,4097999.999
"3646",3763,322447.7,322450.882,4097914.503,4097922.421,"Silva","NEON_D17_TEAK_DP1_322000_4097000_classified_point_cloud_colorized.laz","2018_TEAK_3_322000_4097000_image.tif","Tree",1,322000,322999.999,4097000,4097999.999
"3647",3764,322431.175,322433.866,4097915.729,4097919.324,"Silva","NEON_D17_TEAK_DP1_322000_4097000_classified_point_cloud_colorized.laz","2018_TEAK_3_322000_4097000_image.tif","Tree",1,322000,322999.999,4097000,4097999.999
"3648",3765,322677.561,322683.733,4097919.047,4097923.989,"Silva","NEON_D17_TEAK_DP1_322000_4097000_classified_point_cloud_colorized.laz","2018_TEAK_3_322000_4097000_image.tif","Tree",1,322000,322999.999,4097000,4097999.999
"3649",3766,322237.622,322243.942,4097911.926,4097916.989,"Silva","NEON_D17_TEAK_DP1_322000_4097000_classified_point_cloud_colorized.laz","2018_TEAK_3_322000_4097000_image.tif","Tree",1,322000,322999.999,4097000,4097999.999
"3650",3767,322210.123,322218.994,4097909.689,4097917.993,"Silva","NEON_D17_TEAK_DP1_322000_4097000_classified_point_cloud_colorized.laz","2018_TEAK_3_322000_4097000_image.tif","Tree",1,322000,322999.999,4097000,4097999.999
"3651",3768,322499.23,322506.398,4097916.09,4097922.483,"Silva","NEON_D17_TEAK_DP1_322000_4097000_classified_point_cloud_colorized.laz","2018_TEAK_3_322000_4097000_image.tif","Tree",1,322000,322999.999,4097000,4097999.999
"3652",3769,322160.749,322168.468,4097906.507,4097914.82,"Silva","NEON_D17_TEAK_DP1_322000_4097000_classified_point_cloud_colorized.laz","2018_TEAK_3_322000_4097000_image.tif","Tree",1,322000,322999.999,4097000,4097999.999
"3653",3770,322354.622,322357.433,4097911.225,4097914.442,"Silva","NEON_D17_TEAK_DP1_322000_4097000_classified_point_cloud_colorized.laz","2018_TEAK_3_322000_4097000_image.tif","Tree",1,322000,322999.999,4097000,4097999.999
"3654",3771,322502.045,322507.952,4097912.022,4097917.868,"Silva","NEON_D17_TEAK_DP1_322000_4097000_classified_point_cloud_colorized.laz","2018_TEAK_3_322000_4097000_image.tif","Tree",1,322000,322999.999,4097000,4097999.999
"3655",3772,322673.027,322678.972,4097913.033,4097921.777,"Silva","NEON_D17_TEAK_DP1_322000_4097000_classified_point_cloud_colorized.laz","2018_TEAK_3_322000_4097000_image.tif","Tree",1,322000,322999.999,4097000,4097999.999
"3656",3773,322712.526,322720.804,4097913.78,4097919.96,"Silva","NEON_D17_TEAK_DP1_322000_4097000_classified_point_cloud_colorized.laz","2018_TEAK_3_322000_4097000_image.tif","Tree",1,322000,322999.999,4097000,4097999.999
"3657",3774,322195.602,322199.916,4097906.93,4097910.382,"Silva","NEON_D17_TEAK_DP1_322000_4097000_classified_point_cloud_colorized.laz","2018_TEAK_3_322000_4097000_image.tif","Tree",1,322000,322999.999,4097000,4097999.999
"3658",3775,322306.74,322314.939,4097905.248,4097914.949,"Silva","NEON_D17_TEAK_DP1_322000_4097000_classified_point_cloud_colorized.laz","2018_TEAK_3_322000_4097000_image.tif","Tree",1,322000,322999.999,4097000,4097999.999
"3659",3776,322692.141,322696.659,4097915.01,4097918.949,"Silva","NEON_D17_TEAK_DP1_322000_4097000_classified_point_cloud_colorized.laz","2018_TEAK_3_322000_4097000_image.tif","Tree",1,322000,322999.999,4097000,4097999.999
"3660",3777,322189.179,322195.495,4097904.437,4097910.461,"Silva","NEON_D17_TEAK_DP1_322000_4097000_classified_point_cloud_colorized.laz","2018_TEAK_3_322000_4097000_image.tif","Tree",1,322000,322999.999,4097000,4097999.999
"3661",3778,322286.038,322289.808,4097905.133,4097909.934,"Silva","NEON_D17_TEAK_DP1_322000_4097000_classified_point_cloud_colorized.laz","2018_TEAK_3_322000_4097000_image.tif","Tree",1,322000,322999.999,4097000,4097999.999
"3662",3779,322185.684,322189.948,4097903.29,4097908.412,"Silva","NEON_D17_TEAK_DP1_322000_4097000_classified_point_cloud_colorized.laz","2018_TEAK_3_322000_4097000_image.tif","Tree",1,322000,322999.999,4097000,4097999.999
"3663",3780,322239.511,322243.473,4097903.089,4097906.434,"Silva","NEON_D17_TEAK_DP1_322000_4097000_classified_point_cloud_colorized.laz","2018_TEAK_3_322000_4097000_image.tif","Tree",1,322000,322999.999,4097000,4097999.999
"3664",3781,322656.777,322663.489,4097910.008,4097913.805,"Silva","NEON_D17_TEAK_DP1_322000_4097000_classified_point_cloud_colorized.laz","2018_TEAK_3_322000_4097000_image.tif","Tree",1,322000,322999.999,4097000,4097999.999
"3665",3782,322663.501,322670.208,4097909.509,4097914.491,"Silva","NEON_D17_TEAK_DP1_322000_4097000_classified_point_cloud_colorized.laz","2018_TEAK_3_322000_4097000_image.tif","Tree",1,322000,322999.999,4097000,4097999.999
"3666",3783,322394.268,322395.133,4097905.828,4097907.466,"Silva","NEON_D17_TEAK_DP1_322000_4097000_classified_point_cloud_colorized.laz","2018_TEAK_3_322000_4097000_image.tif","Tree",1,322000,322999.999,4097000,4097999.999
"3667",3784,322339.625,322344.913,4097902.638,4097907.945,"Silva","NEON_D17_TEAK_DP1_322000_4097000_classified_point_cloud_colorized.laz","2018_TEAK_3_322000_4097000_image.tif","Tree",1,322000,322999.999,4097000,4097999.999
"3668",3785,322580.062,322586.295,4097906.545,4097912.915,"Silva","NEON_D17_TEAK_DP1_322000_4097000_classified_point_cloud_colorized.laz","2018_TEAK_3_322000_4097000_image.tif","Tree",1,322000,322999.999,4097000,4097999.999
"3669",3786,322633.733,322639.473,4097906.502,4097913.864,"Silva","NEON_D17_TEAK_DP1_322000_4097000_classified_point_cloud_colorized.laz","2018_TEAK_3_322000_4097000_image.tif","Tree",1,322000,322999.999,4097000,4097999.999
"3670",3787,322687.534,322693.959,4097907.534,4097913.836,"Silva","NEON_D17_TEAK_DP1_322000_4097000_classified_point_cloud_colorized.laz","2018_TEAK_3_322000_4097000_image.tif","Tree",1,322000,322999.999,4097000,4097999.999
"3671",3788,322469.101,322476.937,4097901.039,4097911.902,"Silva","NEON_D17_TEAK_DP1_322000_4097000_classified_point_cloud_colorized.laz","2018_TEAK_3_322000_4097000_image.tif","Tree",1,322000,322999.999,4097000,4097999.999
"3672",3789,322210.584,322221.449,4097894.043,4097905.296,"Silva","NEON_D17_TEAK_DP1_322000_4097000_classified_point_cloud_colorized.laz","2018_TEAK_3_322000_4097000_image.tif","Tree",1,322000,322999.999,4097000,4097999.999
"3673",3790,322284.237,322286.907,4097901.186,4097903.978,"Silva","NEON_D17_TEAK_DP1_322000_4097000_classified_point_cloud_colorized.laz","2018_TEAK_3_322000_4097000_image.tif","Tree",1,322000,322999.999,4097000,4097999.999
"3674",3791,322699.177,322706.595,4097906.048,4097914.834,"Silva","NEON_D17_TEAK_DP1_322000_4097000_classified_point_cloud_colorized.laz","2018_TEAK_3_322000_4097000_image.tif","Tree",1,322000,322999.999,4097000,4097999.999
"3675",3792,322280.511,322282.176,4097900.509,4097902.441,"Silva","NEON_D17_TEAK_DP1_322000_4097000_classified_point_cloud_colorized.laz","2018_TEAK_3_322000_4097000_image.tif","Tree",1,322000,322999.999,4097000,4097999.999
"3676",3793,322171.093,322179.488,4097895.03,4097904.813,"Silva","NEON_D17_TEAK_DP1_322000_4097000_classified_point_cloud_colorized.laz","2018_TEAK_3_322000_4097000_image.tif","Tree",1,322000,322999.999,4097000,4097999.999
"3677",3794,322740.538,322751.489,4097905.021,4097915.455,"Silva","NEON_D17_TEAK_DP1_322000_4097000_classified_point_cloud_colorized.laz","2018_TEAK_3_322000_4097000_image.tif","Tree",1,322000,322999.999,4097000,4097999.999
"3678",3795,322395.155,322395.414,4097902.102,4097902.596,"Silva","NEON_D17_TEAK_DP1_322000_4097000_classified_point_cloud_colorized.laz","2018_TEAK_3_322000_4097000_image.tif","Tree",1,322000,322999.999,4097000,4097999.999
"3679",3796,322204.532,322213.949,4097894.6,4097903.473,"Silva","NEON_D17_TEAK_DP1_322000_4097000_classified_point_cloud_colorized.laz","2018_TEAK_3_322000_4097000_image.tif","Tree",1,322000,322999.999,4097000,4097999.999
"3680",3797,322382.009,322384.093,4097900.543,4097903.422,"Silva","NEON_D17_TEAK_DP1_322000_4097000_classified_point_cloud_colorized.laz","2018_TEAK_3_322000_4097000_image.tif","Tree",1,322000,322999.999,4097000,4097999.999
"3681",3798,322460.001,322469.654,4097898.083,4097907,"Silva","NEON_D17_TEAK_DP1_322000_4097000_classified_point_cloud_colorized.laz","2018_TEAK_3_322000_4097000_image.tif","Tree",1,322000,322999.999,4097000,4097999.999
"3682",3799,322730.685,322735.792,4097906.598,4097910.922,"Silva","NEON_D17_TEAK_DP1_322000_4097000_classified_point_cloud_colorized.laz","2018_TEAK_3_322000_4097000_image.tif","Tree",1,322000,322999.999,4097000,4097999.999
"3683",3800,322714.618,322721.427,4097906.005,4097913.122,"Silva","NEON_D17_TEAK_DP1_322000_4097000_classified_point_cloud_colorized.laz","2018_TEAK_3_322000_4097000_image.tif","Tree",1,322000,322999.999,4097000,4097999.999
"3684",3801,322186.088,322193.953,4097893.028,4097899.997,"Silva","NEON_D17_TEAK_DP1_322000_4097000_classified_point_cloud_colorized.laz","2018_TEAK_3_322000_4097000_image.tif","Tree",1,322000,322999.999,4097000,4097999.999
"3685",3802,322711.573,322715.965,4097905.755,4097910.454,"Silva","NEON_D17_TEAK_DP1_322000_4097000_classified_point_cloud_colorized.laz","2018_TEAK_3_322000_4097000_image.tif","Tree",1,322000,322999.999,4097000,4097999.999
"3686",3803,322245.714,322251.123,4097894.967,4097900.921,"Silva","NEON_D17_TEAK_DP1_322000_4097000_classified_point_cloud_colorized.laz","2018_TEAK_3_322000_4097000_image.tif","Tree",1,322000,322999.999,4097000,4097999.999
"3687",3804,322693.509,322701.353,4097901.848,4097907.469,"Silva","NEON_D17_TEAK_DP1_322000_4097000_classified_point_cloud_colorized.laz","2018_TEAK_3_322000_4097000_image.tif","Tree",1,322000,322999.999,4097000,4097999.999
"3688",3806,322379.569,322381.382,4097895.823,4097897.978,"Silva","NEON_D17_TEAK_DP1_322000_4097000_classified_point_cloud_colorized.laz","2018_TEAK_3_322000_4097000_image.tif","Tree",1,322000,322999.999,4097000,4097999.999
"3689",3807,322718.748,322726.953,4097899.694,4097908.426,"Silva","NEON_D17_TEAK_DP1_322000_4097000_classified_point_cloud_colorized.laz","2018_TEAK_3_322000_4097000_image.tif","Tree",1,322000,322999.999,4097000,4097999.999
"3690",3808,322436.009,322439.404,4097894.563,4097897.185,"Silva","NEON_D17_TEAK_DP1_322000_4097000_classified_point_cloud_colorized.laz","2018_TEAK_3_322000_4097000_image.tif","Tree",1,322000,322999.999,4097000,4097999.999
"3691",3809,322561.004,322568.488,4097894.03,4097903.464,"Silva","NEON_D17_TEAK_DP1_322000_4097000_classified_point_cloud_colorized.laz","2018_TEAK_3_322000_4097000_image.tif","Tree",1,322000,322999.999,4097000,4097999.999
"3692",3810,322697.74,322704.384,4097897.528,4097905.375,"Silva","NEON_D17_TEAK_DP1_322000_4097000_classified_point_cloud_colorized.laz","2018_TEAK_3_322000_4097000_image.tif","Tree",1,322000,322999.999,4097000,4097999.999
"3693",3811,322472.63,322475.999,4097894.063,4097897.491,"Silva","NEON_D17_TEAK_DP1_322000_4097000_classified_point_cloud_colorized.laz","2018_TEAK_3_322000_4097000_image.tif","Tree",1,322000,322999.999,4097000,4097999.999
"3694",3812,322361.572,322366.391,4097890.653,4097895.477,"Silva","NEON_D17_TEAK_DP1_322000_4097000_classified_point_cloud_colorized.laz","2018_TEAK_3_322000_4097000_image.tif","Tree",1,322000,322999.999,4097000,4097999.999
"3695",3813,322294.129,322297.628,4097888.487,4097893.869,"Silva","NEON_D17_TEAK_DP1_322000_4097000_classified_point_cloud_colorized.laz","2018_TEAK_3_322000_4097000_image.tif","Tree",1,322000,322999.999,4097000,4097999.999
"3696",3814,322515.322,322526.458,4097891.227,4097900.5,"Silva","NEON_D17_TEAK_DP1_322000_4097000_classified_point_cloud_colorized.laz","2018_TEAK_3_322000_4097000_image.tif","Tree",1,322000,322999.999,4097000,4097999.999
"3697",3815,322278.514,322285.928,4097885.546,4097892.961,"Silva","NEON_D17_TEAK_DP1_322000_4097000_classified_point_cloud_colorized.laz","2018_TEAK_3_322000_4097000_image.tif","Tree",1,322000,322999.999,4097000,4097999.999
"3698",3816,322690.273,322697.804,4097896.004,4097902.226,"Silva","NEON_D17_TEAK_DP1_322000_4097000_classified_point_cloud_colorized.laz","2018_TEAK_3_322000_4097000_image.tif","Tree",1,322000,322999.999,4097000,4097999.999
"3699",3817,322744.515,322748.927,4097897.516,4097904.967,"Silva","NEON_D17_TEAK_DP1_322000_4097000_classified_point_cloud_colorized.laz","2018_TEAK_3_322000_4097000_image.tif","Tree",1,322000,322999.999,4097000,4097999.999
"3700",3818,322376.341,322380.218,4097888.251,4097891.994,"Silva","NEON_D17_TEAK_DP1_322000_4097000_classified_point_cloud_colorized.laz","2018_TEAK_3_322000_4097000_image.tif","Tree",1,322000,322999.999,4097000,4097999.999
"3701",3819,322776.491,322781.297,4097898.576,4097901.877,"Silva","NEON_D17_TEAK_DP1_322000_4097000_classified_point_cloud_colorized.laz","2018_TEAK_3_322000_4097000_image.tif","Tree",1,322000,322999.999,4097000,4097999.999
"3702",3820,322541.735,322547.97,4097887.055,4097897.786,"Silva","NEON_D17_TEAK_DP1_322000_4097000_classified_point_cloud_colorized.laz","2018_TEAK_3_322000_4097000_image.tif","Tree",1,322000,322999.999,4097000,4097999.999
"3703",3821,322532.515,322541.499,4097890.025,4097898.41,"Silva","NEON_D17_TEAK_DP1_322000_4097000_classified_point_cloud_colorized.laz","2018_TEAK_3_322000_4097000_image.tif","Tree",1,322000,322999.999,4097000,4097999.999
"3704",3822,322192.376,322201.882,4097877.009,4097888.946,"Silva","NEON_D17_TEAK_DP1_322000_4097000_classified_point_cloud_colorized.laz","2018_TEAK_3_322000_4097000_image.tif","Tree",1,322000,322999.999,4097000,4097999.999
"3705",3823,322442.225,322445.373,4097888.167,4097892.963,"Silva","NEON_D17_TEAK_DP1_322000_4097000_classified_point_cloud_colorized.laz","2018_TEAK_3_322000_4097000_image.tif","Tree",1,322000,322999.999,4097000,4097999.999
"3706",3824,322756.679,322761.463,4097897.318,4097899.499,"Silva","NEON_D17_TEAK_DP1_322000_4097000_classified_point_cloud_colorized.laz","2018_TEAK_3_322000_4097000_image.tif","Tree",1,322000,322999.999,4097000,4097999.999
"3707",3825,322730.008,322734.895,4097894.042,4097899.448,"Silva","NEON_D17_TEAK_DP1_322000_4097000_classified_point_cloud_colorized.laz","2018_TEAK_3_322000_4097000_image.tif","Tree",1,322000,322999.999,4097000,4097999.999
"3708",3826,322209.042,322218.496,4097878.092,4097890.454,"Silva","NEON_D17_TEAK_DP1_322000_4097000_classified_point_cloud_colorized.laz","2018_TEAK_3_322000_4097000_image.tif","Tree",1,322000,322999.999,4097000,4097999.999
"3709",3827,322251.075,322256.494,4097882.03,4097886.906,"Silva","NEON_D17_TEAK_DP1_322000_4097000_classified_point_cloud_colorized.laz","2018_TEAK_3_322000_4097000_image.tif","Tree",1,322000,322999.999,4097000,4097999.999
"3710",3828,322752.006,322757.349,4097894.301,4097899.472,"Silva","NEON_D17_TEAK_DP1_322000_4097000_classified_point_cloud_colorized.laz","2018_TEAK_3_322000_4097000_image.tif","Tree",1,322000,322999.999,4097000,4097999.999
"3711",3829,322721.518,322724.839,4097894.051,4097899.736,"Silva","NEON_D17_TEAK_DP1_322000_4097000_classified_point_cloud_colorized.laz","2018_TEAK_3_322000_4097000_image.tif","Tree",1,322000,322999.999,4097000,4097999.999
"3712",3830,322712.814,322716.995,4097892.185,4097899.261,"Silva","NEON_D17_TEAK_DP1_322000_4097000_classified_point_cloud_colorized.laz","2018_TEAK_3_322000_4097000_image.tif","Tree",1,322000,322999.999,4097000,4097999.999
"3713",3831,322286.504,322288.423,4097881.726,4097882.361,"Silva","NEON_D17_TEAK_DP1_322000_4097000_classified_point_cloud_colorized.laz","2018_TEAK_3_322000_4097000_image.tif","Tree",1,322000,322999.999,4097000,4097999.999
"3714",3832,322653.518,322662.47,4097888.118,4097896.969,"Silva","NEON_D17_TEAK_DP1_322000_4097000_classified_point_cloud_colorized.laz","2018_TEAK_3_322000_4097000_image.tif","Tree",1,322000,322999.999,4097000,4097999.999
"3715",3833,322770.519,322775.884,4097892.56,4097898.361,"Silva","NEON_D17_TEAK_DP1_322000_4097000_classified_point_cloud_colorized.laz","2018_TEAK_3_322000_4097000_image.tif","Tree",1,322000,322999.999,4097000,4097999.999
"3716",3834,322597.791,322600.767,4097890.029,4097892.4,"Silva","NEON_D17_TEAK_DP1_322000_4097000_classified_point_cloud_colorized.laz","2018_TEAK_3_322000_4097000_image.tif","Tree",1,322000,322999.999,4097000,4097999.999
"3717",3836,322218.735,322229.317,4097880.069,4097888.182,"Silva","NEON_D17_TEAK_DP1_322000_4097000_classified_point_cloud_colorized.laz","2018_TEAK_3_322000_4097000_image.tif","Tree",1,322000,322999.999,4097000,4097999.999
"3718",3837,322734.024,322739.975,4097891.626,4097896.302,"Silva","NEON_D17_TEAK_DP1_322000_4097000_classified_point_cloud_colorized.laz","2018_TEAK_3_322000_4097000_image.tif","Tree",1,322000,322999.999,4097000,4097999.999
"3719",3838,322716.518,322721.374,4097890.096,4097894.937,"Silva","NEON_D17_TEAK_DP1_322000_4097000_classified_point_cloud_colorized.laz","2018_TEAK_3_322000_4097000_image.tif","Tree",1,322000,322999.999,4097000,4097999.999
"3720",3839,322699.107,322703.406,4097890.592,4097896.946,"Silva","NEON_D17_TEAK_DP1_322000_4097000_classified_point_cloud_colorized.laz","2018_TEAK_3_322000_4097000_image.tif","Tree",1,322000,322999.999,4097000,4097999.999
"3721",3840,322694.044,322698.978,4097890.519,4097895.924,"Silva","NEON_D17_TEAK_DP1_322000_4097000_classified_point_cloud_colorized.laz","2018_TEAK_3_322000_4097000_image.tif","Tree",1,322000,322999.999,4097000,4097999.999
"3722",3841,322532.013,322540.931,4097884.562,4097892.222,"Silva","NEON_D17_TEAK_DP1_322000_4097000_classified_point_cloud_colorized.laz","2018_TEAK_3_322000_4097000_image.tif","Tree",1,322000,322999.999,4097000,4097999.999
"3723",3842,322743.738,322749.446,4097890.713,4097896.197,"Silva","NEON_D17_TEAK_DP1_322000_4097000_classified_point_cloud_colorized.laz","2018_TEAK_3_322000_4097000_image.tif","Tree",1,322000,322999.999,4097000,4097999.999
"3724",3843,322719.541,322725.445,4097889.55,4097894.421,"Silva","NEON_D17_TEAK_DP1_322000_4097000_classified_point_cloud_colorized.laz","2018_TEAK_3_322000_4097000_image.tif","Tree",1,322000,322999.999,4097000,4097999.999
"3725",3844,322703.267,322707.478,4097889.733,4097894.519,"Silva","NEON_D17_TEAK_DP1_322000_4097000_classified_point_cloud_colorized.laz","2018_TEAK_3_322000_4097000_image.tif","Tree",1,322000,322999.999,4097000,4097999.999
"3726",3845,322357.341,322361.968,4097880.704,4097884.915,"Silva","NEON_D17_TEAK_DP1_322000_4097000_classified_point_cloud_colorized.laz","2018_TEAK_3_322000_4097000_image.tif","Tree",1,322000,322999.999,4097000,4097999.999
"3727",3846,322691.024,322695.448,4097888.807,4097893.993,"Silva","NEON_D17_TEAK_DP1_322000_4097000_classified_point_cloud_colorized.laz","2018_TEAK_3_322000_4097000_image.tif","Tree",1,322000,322999.999,4097000,4097999.999
"3728",3847,322757.535,322761.423,4097889.021,4097895.053,"Silva","NEON_D17_TEAK_DP1_322000_4097000_classified_point_cloud_colorized.laz","2018_TEAK_3_322000_4097000_image.tif","Tree",1,322000,322999.999,4097000,4097999.999
"3729",3848,322282.011,322287.992,4097876.349,4097883.42,"Silva","NEON_D17_TEAK_DP1_322000_4097000_classified_point_cloud_colorized.laz","2018_TEAK_3_322000_4097000_image.tif","Tree",1,322000,322999.999,4097000,4097999.999
"3730",3849,322343.532,322347.449,4097877.502,4097882.95,"Silva","NEON_D17_TEAK_DP1_322000_4097000_classified_point_cloud_colorized.laz","2018_TEAK_3_322000_4097000_image.tif","Tree",1,322000,322999.999,4097000,4097999.999
"3731",3851,322779.081,322784.484,4097888.546,4097893.996,"Silva","NEON_D17_TEAK_DP1_322000_4097000_classified_point_cloud_colorized.laz","2018_TEAK_3_322000_4097000_image.tif","Tree",1,322000,322999.999,4097000,4097999.999
"3732",3852,322731.755,322739.495,4097887.13,4097893.921,"Silva","NEON_D17_TEAK_DP1_322000_4097000_classified_point_cloud_colorized.laz","2018_TEAK_3_322000_4097000_image.tif","Tree",1,322000,322999.999,4097000,4097999.999
"3733",3853,322620.065,322624.457,4097885.078,4097890.876,"Silva","NEON_D17_TEAK_DP1_322000_4097000_classified_point_cloud_colorized.laz","2018_TEAK_3_322000_4097000_image.tif","Tree",1,322000,322999.999,4097000,4097999.999
"3734",3854,322724.593,322731.954,4097885.072,4097893.314,"Silva","NEON_D17_TEAK_DP1_322000_4097000_classified_point_cloud_colorized.laz","2018_TEAK_3_322000_4097000_image.tif","Tree",1,322000,322999.999,4097000,4097999.999
"3735",3855,322712.533,322718.846,4097885.075,4097892.443,"Silva","NEON_D17_TEAK_DP1_322000_4097000_classified_point_cloud_colorized.laz","2018_TEAK_3_322000_4097000_image.tif","Tree",1,322000,322999.999,4097000,4097999.999
"3736",3856,322226.056,322231.981,4097873.591,4097878.849,"Silva","NEON_D17_TEAK_DP1_322000_4097000_classified_point_cloud_colorized.laz","2018_TEAK_3_322000_4097000_image.tif","Tree",1,322000,322999.999,4097000,4097999.999
"3737",3857,322323.065,322328.491,4097873.542,4097880.905,"Silva","NEON_D17_TEAK_DP1_322000_4097000_classified_point_cloud_colorized.laz","2018_TEAK_3_322000_4097000_image.tif","Tree",1,322000,322999.999,4097000,4097999.999
"3738",3858,322459.45,322461.413,4097877.656,4097878.997,"Silva","NEON_D17_TEAK_DP1_322000_4097000_classified_point_cloud_colorized.laz","2018_TEAK_3_322000_4097000_image.tif","Tree",1,322000,322999.999,4097000,4097999.999
"3739",3859,322740.055,322746.431,4097884.569,4097892.409,"Silva","NEON_D17_TEAK_DP1_322000_4097000_classified_point_cloud_colorized.laz","2018_TEAK_3_322000_4097000_image.tif","Tree",1,322000,322999.999,4097000,4097999.999
"3740",3860,322775.544,322779.471,4097888.077,4097892.23,"Silva","NEON_D17_TEAK_DP1_322000_4097000_classified_point_cloud_colorized.laz","2018_TEAK_3_322000_4097000_image.tif","Tree",1,322000,322999.999,4097000,4097999.999
"3741",3861,322746.749,322752.333,4097885.522,4097891.48,"Silva","NEON_D17_TEAK_DP1_322000_4097000_classified_point_cloud_colorized.laz","2018_TEAK_3_322000_4097000_image.tif","Tree",1,322000,322999.999,4097000,4097999.999
"3742",3862,322391.642,322400.348,4097876.017,4097883.365,"Silva","NEON_D17_TEAK_DP1_322000_4097000_classified_point_cloud_colorized.laz","2018_TEAK_3_322000_4097000_image.tif","Tree",1,322000,322999.999,4097000,4097999.999
"3743",3863,322294.044,322297.949,4097871.603,4097877.465,"Silva","NEON_D17_TEAK_DP1_322000_4097000_classified_point_cloud_colorized.laz","2018_TEAK_3_322000_4097000_image.tif","Tree",1,322000,322999.999,4097000,4097999.999
"3744",3864,322408.565,322417.387,4097876.544,4097879.996,"Silva","NEON_D17_TEAK_DP1_322000_4097000_classified_point_cloud_colorized.laz","2018_TEAK_3_322000_4097000_image.tif","Tree",1,322000,322999.999,4097000,4097999.999
"3745",3865,322717.732,322724.986,4097885.019,4097889.596,"Silva","NEON_D17_TEAK_DP1_322000_4097000_classified_point_cloud_colorized.laz","2018_TEAK_3_322000_4097000_image.tif","Tree",1,322000,322999.999,4097000,4097999.999
"3746",3866,322785.673,322790.525,4097886.322,4097890.981,"Silva","NEON_D17_TEAK_DP1_322000_4097000_classified_point_cloud_colorized.laz","2018_TEAK_3_322000_4097000_image.tif","Tree",1,322000,322999.999,4097000,4097999.999
"3747",3867,322304.503,322314.369,4097871.324,4097881.978,"Silva","NEON_D17_TEAK_DP1_322000_4097000_classified_point_cloud_colorized.laz","2018_TEAK_3_322000_4097000_image.tif","Tree",1,322000,322999.999,4097000,4097999.999
"3748",3868,322750.551,322755.393,4097883.589,4097889.481,"Silva","NEON_D17_TEAK_DP1_322000_4097000_classified_point_cloud_colorized.laz","2018_TEAK_3_322000_4097000_image.tif","Tree",1,322000,322999.999,4097000,4097999.999
"3749",3869,322256.541,322266.95,4097867.016,4097877.96,"Silva","NEON_D17_TEAK_DP1_322000_4097000_classified_point_cloud_colorized.laz","2018_TEAK_3_322000_4097000_image.tif","Tree",1,322000,322999.999,4097000,4097999.999
"3750",3870,322705.778,322713.429,4097881.001,4097888.195,"Silva","NEON_D17_TEAK_DP1_322000_4097000_classified_point_cloud_colorized.laz","2018_TEAK_3_322000_4097000_image.tif","Tree",1,322000,322999.999,4097000,4097999.999
"3751",3871,322762.581,322768.449,4097882.513,4097888.609,"Silva","NEON_D17_TEAK_DP1_322000_4097000_classified_point_cloud_colorized.laz","2018_TEAK_3_322000_4097000_image.tif","Tree",1,322000,322999.999,4097000,4097999.999
"3752",3872,322367.03,322373.964,4097871.016,4097877.43,"Silva","NEON_D17_TEAK_DP1_322000_4097000_classified_point_cloud_colorized.laz","2018_TEAK_3_322000_4097000_image.tif","Tree",1,322000,322999.999,4097000,4097999.999
"3753",3873,322194.073,322202.95,4097865.545,4097875.987,"Silva","NEON_D17_TEAK_DP1_322000_4097000_classified_point_cloud_colorized.laz","2018_TEAK_3_322000_4097000_image.tif","Tree",1,322000,322999.999,4097000,4097999.999
"3754",3874,322342.006,322346.847,4097870.131,4097877.437,"Silva","NEON_D17_TEAK_DP1_322000_4097000_classified_point_cloud_colorized.laz","2018_TEAK_3_322000_4097000_image.tif","Tree",1,322000,322999.999,4097000,4097999.999
"3755",3876,322765.544,322770.385,4097880.196,4097885.945,"Silva","NEON_D17_TEAK_DP1_322000_4097000_classified_point_cloud_colorized.laz","2018_TEAK_3_322000_4097000_image.tif","Tree",1,322000,322999.999,4097000,4097999.999
"3756",3877,322208.006,322216.995,4097866.012,4097874.48,"Silva","NEON_D17_TEAK_DP1_322000_4097000_classified_point_cloud_colorized.laz","2018_TEAK_3_322000_4097000_image.tif","Tree",1,322000,322999.999,4097000,4097999.999
"3757",3878,322217.008,322224.997,4097861.635,4097874.999,"Silva","NEON_D17_TEAK_DP1_322000_4097000_classified_point_cloud_colorized.laz","2018_TEAK_3_322000_4097000_image.tif","Tree",1,322000,322999.999,4097000,4097999.999
"3758",3879,322359.658,322363.748,4097869.509,4097873.915,"Silva","NEON_D17_TEAK_DP1_322000_4097000_classified_point_cloud_colorized.laz","2018_TEAK_3_322000_4097000_image.tif","Tree",1,322000,322999.999,4097000,4097999.999
"3759",3880,322671.026,322678.918,4097875.278,4097884.415,"Silva","NEON_D17_TEAK_DP1_322000_4097000_classified_point_cloud_colorized.laz","2018_TEAK_3_322000_4097000_image.tif","Tree",1,322000,322999.999,4097000,4097999.999
"3760",3881,322737.123,322743.999,4097878.807,4097885.403,"Silva","NEON_D17_TEAK_DP1_322000_4097000_classified_point_cloud_colorized.laz","2018_TEAK_3_322000_4097000_image.tif","Tree",1,322000,322999.999,4097000,4097999.999
"3761",3882,322457.001,322464.495,4097869.03,4097877.401,"Silva","NEON_D17_TEAK_DP1_322000_4097000_classified_point_cloud_colorized.laz","2018_TEAK_3_322000_4097000_image.tif","Tree",1,322000,322999.999,4097000,4097999.999
"3762",3883,322286.077,322288.726,4097867.521,4097870.41,"Silva","NEON_D17_TEAK_DP1_322000_4097000_classified_point_cloud_colorized.laz","2018_TEAK_3_322000_4097000_image.tif","Tree",1,322000,322999.999,4097000,4097999.999
"3763",3884,322240.14,322250.49,4097862.503,4097873.182,"Silva","NEON_D17_TEAK_DP1_322000_4097000_classified_point_cloud_colorized.laz","2018_TEAK_3_322000_4097000_image.tif","Tree",1,322000,322999.999,4097000,4097999.999
"3764",3885,322663.274,322671.439,4097876.516,4097882.485,"Silva","NEON_D17_TEAK_DP1_322000_4097000_classified_point_cloud_colorized.laz","2018_TEAK_3_322000_4097000_image.tif","Tree",1,322000,322999.999,4097000,4097999.999
"3765",3886,322750.529,322756.841,4097877.539,4097883.441,"Silva","NEON_D17_TEAK_DP1_322000_4097000_classified_point_cloud_colorized.laz","2018_TEAK_3_322000_4097000_image.tif","Tree",1,322000,322999.999,4097000,4097999.999
"3766",3887,322323.012,322323.453,4097868.177,4097869.409,"Silva","NEON_D17_TEAK_DP1_322000_4097000_classified_point_cloud_colorized.laz","2018_TEAK_3_322000_4097000_image.tif","Tree",1,322000,322999.999,4097000,4097999.999
"3767",3888,322316.509,322316.949,4097868.026,4097869.996,"Silva","NEON_D17_TEAK_DP1_322000_4097000_classified_point_cloud_colorized.laz","2018_TEAK_3_322000_4097000_image.tif","Tree",1,322000,322999.999,4097000,4097999.999
"3768",3889,322264.001,322273.98,4097860.044,4097872.499,"Silva","NEON_D17_TEAK_DP1_322000_4097000_classified_point_cloud_colorized.laz","2018_TEAK_3_322000_4097000_image.tif","Tree",1,322000,322999.999,4097000,4097999.999
"3769",3890,322336.012,322341.964,4097866.035,4097871.977,"Silva","NEON_D17_TEAK_DP1_322000_4097000_classified_point_cloud_colorized.laz","2018_TEAK_3_322000_4097000_image.tif","Tree",1,322000,322999.999,4097000,4097999.999
"3770",3891,322210.912,322217.94,4097860.502,4097865.99,"Silva","NEON_D17_TEAK_DP1_322000_4097000_classified_point_cloud_colorized.laz","2018_TEAK_3_322000_4097000_image.tif","Tree",1,322000,322999.999,4097000,4097999.999
"3771",3892,322302.583,322309.663,4097864.033,4097869.947,"Silva","NEON_D17_TEAK_DP1_322000_4097000_classified_point_cloud_colorized.laz","2018_TEAK_3_322000_4097000_image.tif","Tree",1,322000,322999.999,4097000,4097999.999
"3772",3893,322204.605,322211.947,4097859.054,4097868.485,"Silva","NEON_D17_TEAK_DP1_322000_4097000_classified_point_cloud_colorized.laz","2018_TEAK_3_322000_4097000_image.tif","Tree",1,322000,322999.999,4097000,4097999.999
"3773",3894,322368.21,322371.97,4097865.189,4097871,"Silva","NEON_D17_TEAK_DP1_322000_4097000_classified_point_cloud_colorized.laz","2018_TEAK_3_322000_4097000_image.tif","Tree",1,322000,322999.999,4097000,4097999.999
"3774",3896,322788.252,322795.923,4097875.001,4097882.848,"Silva","NEON_D17_TEAK_DP1_322000_4097000_classified_point_cloud_colorized.laz","2018_TEAK_3_322000_4097000_image.tif","Tree",1,322000,322999.999,4097000,4097999.999
"3775",3897,322753.771,322758.546,4097874.527,4097880.989,"Silva","NEON_D17_TEAK_DP1_322000_4097000_classified_point_cloud_colorized.laz","2018_TEAK_3_322000_4097000_image.tif","Tree",1,322000,322999.999,4097000,4097999.999
"3776",3898,322745.547,322750.441,4097872.888,4097882.428,"Silva","NEON_D17_TEAK_DP1_322000_4097000_classified_point_cloud_colorized.laz","2018_TEAK_3_322000_4097000_image.tif","Tree",1,322000,322999.999,4097000,4097999.999
"3777",3899,322734.228,322741.637,4097873.06,4097879.721,"Silva","NEON_D17_TEAK_DP1_322000_4097000_classified_point_cloud_colorized.laz","2018_TEAK_3_322000_4097000_image.tif","Tree",1,322000,322999.999,4097000,4097999.999
"3778",3900,322280.531,322284.487,4097860.507,4097865.925,"Silva","NEON_D17_TEAK_DP1_322000_4097000_classified_point_cloud_colorized.laz","2018_TEAK_3_322000_4097000_image.tif","Tree",1,322000,322999.999,4097000,4097999.999
"3779",3901,322570.021,322578.376,4097867.508,4097875.336,"Silva","NEON_D17_TEAK_DP1_322000_4097000_classified_point_cloud_colorized.laz","2018_TEAK_3_322000_4097000_image.tif","Tree",1,322000,322999.999,4097000,4097999.999
"3780",3902,322718.505,322725.498,4097869.714,4097877.279,"Silva","NEON_D17_TEAK_DP1_322000_4097000_classified_point_cloud_colorized.laz","2018_TEAK_3_322000_4097000_image.tif","Tree",1,322000,322999.999,4097000,4097999.999
"3781",3903,322795.532,322802.925,4097873.098,4097881.916,"Silva","NEON_D17_TEAK_DP1_322000_4097000_classified_point_cloud_colorized.laz","2018_TEAK_3_322000_4097000_image.tif","Tree",1,322000,322999.999,4097000,4097999.999
"3782",3904,322780.619,322788.664,4097873.061,4097880.784,"Silva","NEON_D17_TEAK_DP1_322000_4097000_classified_point_cloud_colorized.laz","2018_TEAK_3_322000_4097000_image.tif","Tree",1,322000,322999.999,4097000,4097999.999
"3783",3905,322346.871,322353.475,4097860.616,4097866.967,"Silva","NEON_D17_TEAK_DP1_322000_4097000_classified_point_cloud_colorized.laz","2018_TEAK_3_322000_4097000_image.tif","Tree",1,322000,322999.999,4097000,4097999.999
"3784",3906,322695.978,322700.336,4097871.867,4097875.228,"Silva","NEON_D17_TEAK_DP1_322000_4097000_classified_point_cloud_colorized.laz","2018_TEAK_3_322000_4097000_image.tif","Tree",1,322000,322999.999,4097000,4097999.999
"3785",3907,322764.31,322772.48,4097870.983,4097879.184,"Silva","NEON_D17_TEAK_DP1_322000_4097000_classified_point_cloud_colorized.laz","2018_TEAK_3_322000_4097000_image.tif","Tree",1,322000,322999.999,4097000,4097999.999
"3786",3908,322291.16,322295.481,4097860.025,4097863.644,"Silva","NEON_D17_TEAK_DP1_322000_4097000_classified_point_cloud_colorized.laz","2018_TEAK_3_322000_4097000_image.tif","Tree",1,322000,322999.999,4097000,4097999.999
"3787",3909,322801.5,322806.481,4097871.913,4097878.663,"Silva","NEON_D17_TEAK_DP1_322000_4097000_classified_point_cloud_colorized.laz","2018_TEAK_3_322000_4097000_image.tif","Tree",1,322000,322999.999,4097000,4097999.999
"3788",3910,322666.571,322672.489,4097867.508,4097874.498,"Silva","NEON_D17_TEAK_DP1_322000_4097000_classified_point_cloud_colorized.laz","2018_TEAK_3_322000_4097000_image.tif","Tree",1,322000,322999.999,4097000,4097999.999
"3789",3911,322328.633,322334.471,4097858.535,4097864.821,"Silva","NEON_D17_TEAK_DP1_322000_4097000_classified_point_cloud_colorized.laz","2018_TEAK_3_322000_4097000_image.tif","Tree",1,322000,322999.999,4097000,4097999.999
"3790",3912,322378.594,322384.986,4097860.026,4097865.457,"Silva","NEON_D17_TEAK_DP1_322000_4097000_classified_point_cloud_colorized.laz","2018_TEAK_3_322000_4097000_image.tif","Tree",1,322000,322999.999,4097000,4097999.999
"3791",3913,322641.002,322644.419,4097866.067,4097870.816,"Silva","NEON_D17_TEAK_DP1_322000_4097000_classified_point_cloud_colorized.laz","2018_TEAK_3_322000_4097000_image.tif","Tree",1,322000,322999.999,4097000,4097999.999
"3792",3914,322729.202,322734.949,4097868.509,4097874.881,"Silva","NEON_D17_TEAK_DP1_322000_4097000_classified_point_cloud_colorized.laz","2018_TEAK_3_322000_4097000_image.tif","Tree",1,322000,322999.999,4097000,4097999.999
"3793",3915,322705.613,322711.516,4097868.07,4097874.457,"Silva","NEON_D17_TEAK_DP1_322000_4097000_classified_point_cloud_colorized.laz","2018_TEAK_3_322000_4097000_image.tif","Tree",1,322000,322999.999,4097000,4097999.999
"3794",3916,322713.855,322722.492,4097866.51,4097874.804,"Silva","NEON_D17_TEAK_DP1_322000_4097000_classified_point_cloud_colorized.laz","2018_TEAK_3_322000_4097000_image.tif","Tree",1,322000,322999.999,4097000,4097999.999
"3795",3917,322758.026,322764.767,4097867.857,4097875.427,"Silva","NEON_D17_TEAK_DP1_322000_4097000_classified_point_cloud_colorized.laz","2018_TEAK_3_322000_4097000_image.tif","Tree",1,322000,322999.999,4097000,4097999.999
"3796",3918,322383.112,322387.999,4097858.69,4097864.978,"Silva","NEON_D17_TEAK_DP1_322000_4097000_classified_point_cloud_colorized.laz","2018_TEAK_3_322000_4097000_image.tif","Tree",1,322000,322999.999,4097000,4097999.999
"3797",3919,322244.622,322252.406,4097854.041,4097862.494,"Silva","NEON_D17_TEAK_DP1_322000_4097000_classified_point_cloud_colorized.laz","2018_TEAK_3_322000_4097000_image.tif","Tree",1,322000,322999.999,4097000,4097999.999
"3798",3920,322212.517,322220.931,4097852.308,4097861.471,"Silva","NEON_D17_TEAK_DP1_322000_4097000_classified_point_cloud_colorized.laz","2018_TEAK_3_322000_4097000_image.tif","Tree",1,322000,322999.999,4097000,4097999.999
"3799",3921,322671.525,322680.447,4097864.519,4097871.978,"Silva","NEON_D17_TEAK_DP1_322000_4097000_classified_point_cloud_colorized.laz","2018_TEAK_3_322000_4097000_image.tif","Tree",1,322000,322999.999,4097000,4097999.999
"3800",3922,322687.064,322692.789,4097865.54,4097872.84,"Silva","NEON_D17_TEAK_DP1_322000_4097000_classified_point_cloud_colorized.laz","2018_TEAK_3_322000_4097000_image.tif","Tree",1,322000,322999.999,4097000,4097999.999
"3801",3923,322771.202,322777.989,4097865.605,4097873.98,"Silva","NEON_D17_TEAK_DP1_322000_4097000_classified_point_cloud_colorized.laz","2018_TEAK_3_322000_4097000_image.tif","Tree",1,322000,322999.999,4097000,4097999.999
"3802",3924,322681.734,322687.491,4097864.635,4097871.836,"Silva","NEON_D17_TEAK_DP1_322000_4097000_classified_point_cloud_colorized.laz","2018_TEAK_3_322000_4097000_image.tif","Tree",1,322000,322999.999,4097000,4097999.999
"3803",3925,322413.509,322420.447,4097858.164,4097864.458,"Silva","NEON_D17_TEAK_DP1_322000_4097000_classified_point_cloud_colorized.laz","2018_TEAK_3_322000_4097000_image.tif","Tree",1,322000,322999.999,4097000,4097999.999
"3804",3926,322751.637,322758.458,4097864.313,4097872.985,"Silva","NEON_D17_TEAK_DP1_322000_4097000_classified_point_cloud_colorized.laz","2018_TEAK_3_322000_4097000_image.tif","Tree",1,322000,322999.999,4097000,4097999.999
"3805",3927,322742.211,322751.433,4097865.008,4097873.227,"Silva","NEON_D17_TEAK_DP1_322000_4097000_classified_point_cloud_colorized.laz","2018_TEAK_3_322000_4097000_image.tif","Tree",1,322000,322999.999,4097000,4097999.999
"3806",3928,322802.084,322807.877,4097865.578,4097871.994,"Silva","NEON_D17_TEAK_DP1_322000_4097000_classified_point_cloud_colorized.laz","2018_TEAK_3_322000_4097000_image.tif","Tree",1,322000,322999.999,4097000,4097999.999
"3807",3929,322778.511,322786.965,4097865.073,4097870.062,"Silva","NEON_D17_TEAK_DP1_322000_4097000_classified_point_cloud_colorized.laz","2018_TEAK_3_322000_4097000_image.tif","Tree",1,322000,322999.999,4097000,4097999.999
"3808",3930,322399.582,322401.116,4097858.615,4097859.347,"Silva","NEON_D17_TEAK_DP1_322000_4097000_classified_point_cloud_colorized.laz","2018_TEAK_3_322000_4097000_image.tif","Tree",1,322000,322999.999,4097000,4097999.999
"3809",3931,322387.084,322392.449,4097855.193,4097859.938,"Silva","NEON_D17_TEAK_DP1_322000_4097000_classified_point_cloud_colorized.laz","2018_TEAK_3_322000_4097000_image.tif","Tree",1,322000,322999.999,4097000,4097999.999
"3810",3932,322754.096,322761.563,4097862.545,4097869.221,"Silva","NEON_D17_TEAK_DP1_322000_4097000_classified_point_cloud_colorized.laz","2018_TEAK_3_322000_4097000_image.tif","Tree",1,322000,322999.999,4097000,4097999.999
"3811",3933,322706.006,322712.969,4097862.024,4097868.411,"Silva","NEON_D17_TEAK_DP1_322000_4097000_classified_point_cloud_colorized.laz","2018_TEAK_3_322000_4097000_image.tif","Tree",1,322000,322999.999,4097000,4097999.999
"3812",3934,322370.335,322377.964,4097853.015,4097860.729,"Silva","NEON_D17_TEAK_DP1_322000_4097000_classified_point_cloud_colorized.laz","2018_TEAK_3_322000_4097000_image.tif","Tree",1,322000,322999.999,4097000,4097999.999
"3813",3935,322250.678,322256.445,4097850.519,4097857.869,"Silva","NEON_D17_TEAK_DP1_322000_4097000_classified_point_cloud_colorized.laz","2018_TEAK_3_322000_4097000_image.tif","Tree",1,322000,322999.999,4097000,4097999.999
"3814",3936,322303.002,322311.359,4097849.629,4097859.91,"Silva","NEON_D17_TEAK_DP1_322000_4097000_classified_point_cloud_colorized.laz","2018_TEAK_3_322000_4097000_image.tif","Tree",1,322000,322999.999,4097000,4097999.999
"3815",3937,322381.526,322386.961,4097857.005,4097859.991,"Silva","NEON_D17_TEAK_DP1_322000_4097000_classified_point_cloud_colorized.laz","2018_TEAK_3_322000_4097000_image.tif","Tree",1,322000,322999.999,4097000,4097999.999
"3816",3938,322408.513,322413.475,4097855.003,4097859.998,"Silva","NEON_D17_TEAK_DP1_322000_4097000_classified_point_cloud_colorized.laz","2018_TEAK_3_322000_4097000_image.tif","Tree",1,322000,322999.999,4097000,4097999.999
"3817",3939,322695.558,322702.245,4097859.689,4097867.463,"Silva","NEON_D17_TEAK_DP1_322000_4097000_classified_point_cloud_colorized.laz","2018_TEAK_3_322000_4097000_image.tif","Tree",1,322000,322999.999,4097000,4097999.999
"3818",3940,322222.085,322231.245,4097850.002,4097857.428,"Silva","NEON_D17_TEAK_DP1_322000_4097000_classified_point_cloud_colorized.laz","2018_TEAK_3_322000_4097000_image.tif","Tree",1,322000,322999.999,4097000,4097999.999
"3819",3941,322350.555,322355.366,4097852.522,4097857.781,"Silva","NEON_D17_TEAK_DP1_322000_4097000_classified_point_cloud_colorized.laz","2018_TEAK_3_322000_4097000_image.tif","Tree",1,322000,322999.999,4097000,4097999.999
"3820",3942,322363.356,322370.556,4097851.005,4097859.988,"Silva","NEON_D17_TEAK_DP1_322000_4097000_classified_point_cloud_colorized.laz","2018_TEAK_3_322000_4097000_image.tif","Tree",1,322000,322999.999,4097000,4097999.999
"3821",3943,322233.571,322239.988,4097848.534,4097855.978,"Silva","NEON_D17_TEAK_DP1_322000_4097000_classified_point_cloud_colorized.laz","2018_TEAK_3_322000_4097000_image.tif","Tree",1,322000,322999.999,4097000,4097999.999
"3822",3944,322315.055,322320.495,4097850.646,4097856.482,"Silva","NEON_D17_TEAK_DP1_322000_4097000_classified_point_cloud_colorized.laz","2018_TEAK_3_322000_4097000_image.tif","Tree",1,322000,322999.999,4097000,4097999.999
"3823",3945,322671.212,322678.639,4097858.562,4097865.178,"Silva","NEON_D17_TEAK_DP1_322000_4097000_classified_point_cloud_colorized.laz","2018_TEAK_3_322000_4097000_image.tif","Tree",1,322000,322999.999,4097000,4097999.999
"3824",3946,322701.033,322708.383,4097859.25,4097865.481,"Silva","NEON_D17_TEAK_DP1_322000_4097000_classified_point_cloud_colorized.laz","2018_TEAK_3_322000_4097000_image.tif","Tree",1,322000,322999.999,4097000,4097999.999
"3825",3947,322787.064,322796.916,4097859.529,4097869.851,"Silva","NEON_D17_TEAK_DP1_322000_4097000_classified_point_cloud_colorized.laz","2018_TEAK_3_322000_4097000_image.tif","Tree",1,322000,322999.999,4097000,4097999.999
"3826",3948,322805.329,322813.385,4097860.984,4097868.125,"Silva","NEON_D17_TEAK_DP1_322000_4097000_classified_point_cloud_colorized.laz","2018_TEAK_3_322000_4097000_image.tif","Tree",1,322000,322999.999,4097000,4097999.999
"3827",3949,322720.085,322725.765,4097858.615,4097863.997,"Silva","NEON_D17_TEAK_DP1_322000_4097000_classified_point_cloud_colorized.laz","2018_TEAK_3_322000_4097000_image.tif","Tree",1,322000,322999.999,4097000,4097999.999
"3828",3950,322730.759,322737.478,4097858.062,4097865.116,"Silva","NEON_D17_TEAK_DP1_322000_4097000_classified_point_cloud_colorized.laz","2018_TEAK_3_322000_4097000_image.tif","Tree",1,322000,322999.999,4097000,4097999.999
"3829",3951,322763.004,322770.728,4097858.977,4097863.971,"Silva","NEON_D17_TEAK_DP1_322000_4097000_classified_point_cloud_colorized.laz","2018_TEAK_3_322000_4097000_image.tif","Tree",1,322000,322999.999,4097000,4097999.999
"3830",3952,322756.54,322762.904,4097859.228,4097865.37,"Silva","NEON_D17_TEAK_DP1_322000_4097000_classified_point_cloud_colorized.laz","2018_TEAK_3_322000_4097000_image.tif","Tree",1,322000,322999.999,4097000,4097999.999
"3831",3953,322775.358,322787.485,4097859.107,4097864.33,"Silva","NEON_D17_TEAK_DP1_322000_4097000_classified_point_cloud_colorized.laz","2018_TEAK_3_322000_4097000_image.tif","Tree",1,322000,322999.999,4097000,4097999.999
"3832",3954,322791.003,322798.454,4097857.769,4097865.449,"Silva","NEON_D17_TEAK_DP1_322000_4097000_classified_point_cloud_colorized.laz","2018_TEAK_3_322000_4097000_image.tif","Tree",1,322000,322999.999,4097000,4097999.999
"3833",3955,322343.113,322345.993,4097849.012,4097853.967,"Silva","NEON_D17_TEAK_DP1_322000_4097000_classified_point_cloud_colorized.laz","2018_TEAK_3_322000_4097000_image.tif","Tree",1,322000,322999.999,4097000,4097999.999
"3834",3956,322258.099,322264.669,4097846.54,4097853.483,"Silva","NEON_D17_TEAK_DP1_322000_4097000_classified_point_cloud_colorized.laz","2018_TEAK_3_322000_4097000_image.tif","Tree",1,322000,322999.999,4097000,4097999.999
"3835",3957,322666.029,322673.197,4097854.612,4097861.486,"Silva","NEON_D17_TEAK_DP1_322000_4097000_classified_point_cloud_colorized.laz","2018_TEAK_3_322000_4097000_image.tif","Tree",1,322000,322999.999,4097000,4097999.999
"3836",3958,322740.63,322746.787,4097856.019,4097862.978,"Silva","NEON_D17_TEAK_DP1_322000_4097000_classified_point_cloud_colorized.laz","2018_TEAK_3_322000_4097000_image.tif","Tree",1,322000,322999.999,4097000,4097999.999
"3837",3959,322689.5,322694.492,4097855.501,4097860.974,"Silva","NEON_D17_TEAK_DP1_322000_4097000_classified_point_cloud_colorized.laz","2018_TEAK_3_322000_4097000_image.tif","Tree",1,322000,322999.999,4097000,4097999.999
"3838",3960,322673.696,322680.499,4097854.537,4097861.187,"Silva","NEON_D17_TEAK_DP1_322000_4097000_classified_point_cloud_colorized.laz","2018_TEAK_3_322000_4097000_image.tif","Tree",1,322000,322999.999,4097000,4097999.999
"3839",3961,322324.007,322329.412,4097847.563,4097852.93,"Silva","NEON_D17_TEAK_DP1_322000_4097000_classified_point_cloud_colorized.laz","2018_TEAK_3_322000_4097000_image.tif","Tree",1,322000,322999.999,4097000,4097999.999
"3840",3962,322222.536,322230.49,4097845.044,4097850.491,"Silva","NEON_D17_TEAK_DP1_322000_4097000_classified_point_cloud_colorized.laz","2018_TEAK_3_322000_4097000_image.tif","Tree",1,322000,322999.999,4097000,4097999.999
"3841",3963,322289.013,322296.455,4097845.209,4097852.217,"Silva","NEON_D17_TEAK_DP1_322000_4097000_classified_point_cloud_colorized.laz","2018_TEAK_3_322000_4097000_image.tif","Tree",1,322000,322999.999,4097000,4097999.999
"3842",3964,322727.206,322733.438,4097856.052,4097861.979,"Silva","NEON_D17_TEAK_DP1_322000_4097000_classified_point_cloud_colorized.laz","2018_TEAK_3_322000_4097000_image.tif","Tree",1,322000,322999.999,4097000,4097999.999
"3843",3965,322693.571,322696.816,4097855.156,4097859.054,"Silva","NEON_D17_TEAK_DP1_322000_4097000_classified_point_cloud_colorized.laz","2018_TEAK_3_322000_4097000_image.tif","Tree",1,322000,322999.999,4097000,4097999.999
"3844",3966,322230.028,322236.99,4097844.09,4097851.071,"Silva","NEON_D17_TEAK_DP1_322000_4097000_classified_point_cloud_colorized.laz","2018_TEAK_3_322000_4097000_image.tif","Tree",1,322000,322999.999,4097000,4097999.999
"3845",3967,322607.075,322614.495,4097851.502,4097859.894,"Silva","NEON_D17_TEAK_DP1_322000_4097000_classified_point_cloud_colorized.laz","2018_TEAK_3_322000_4097000_image.tif","Tree",1,322000,322999.999,4097000,4097999.999
"3846",3968,322752.006,322756.998,4097855.04,4097862.892,"Silva","NEON_D17_TEAK_DP1_322000_4097000_classified_point_cloud_colorized.laz","2018_TEAK_3_322000_4097000_image.tif","Tree",1,322000,322999.999,4097000,4097999.999
"3847",3969,322757.002,322762.301,4097854.517,4097860.896,"Silva","NEON_D17_TEAK_DP1_322000_4097000_classified_point_cloud_colorized.laz","2018_TEAK_3_322000_4097000_image.tif","Tree",1,322000,322999.999,4097000,4097999.999
"3848",3971,322743.569,322750.878,4097853.321,4097858.894,"Silva","NEON_D17_TEAK_DP1_322000_4097000_classified_point_cloud_colorized.laz","2018_TEAK_3_322000_4097000_image.tif","Tree",1,322000,322999.999,4097000,4097999.999
"3849",3972,322804.018,322811.603,4097853.947,4097861.472,"Silva","NEON_D17_TEAK_DP1_322000_4097000_classified_point_cloud_colorized.laz","2018_TEAK_3_322000_4097000_image.tif","Tree",1,322000,322999.999,4097000,4097999.999
"3850",3973,322521.042,322528.95,4097846.525,4097856.916,"Silva","NEON_D17_TEAK_DP1_322000_4097000_classified_point_cloud_colorized.laz","2018_TEAK_3_322000_4097000_image.tif","Tree",1,322000,322999.999,4097000,4097999.999
"3851",3974,322768.034,322776.428,4097852.242,4097861.911,"Silva","NEON_D17_TEAK_DP1_322000_4097000_classified_point_cloud_colorized.laz","2018_TEAK_3_322000_4097000_image.tif","Tree",1,322000,322999.999,4097000,4097999.999
"3852",3975,322634.558,322641.91,4097848.071,4097857.469,"Silva","NEON_D17_TEAK_DP1_322000_4097000_classified_point_cloud_colorized.laz","2018_TEAK_3_322000_4097000_image.tif","Tree",1,322000,322999.999,4097000,4097999.999
"3853",3976,322217.545,322225.455,4097839.014,4097848.219,"Silva","NEON_D17_TEAK_DP1_322000_4097000_classified_point_cloud_colorized.laz","2018_TEAK_3_322000_4097000_image.tif","Tree",1,322000,322999.999,4097000,4097999.999
"3854",3977,322263.578,322266.463,4097842.361,4097845.881,"Silva","NEON_D17_TEAK_DP1_322000_4097000_classified_point_cloud_colorized.laz","2018_TEAK_3_322000_4097000_image.tif","Tree",1,322000,322999.999,4097000,4097999.999
"3855",3978,322477.69,322486.108,4097843.037,4097849.431,"Silva","NEON_D17_TEAK_DP1_322000_4097000_classified_point_cloud_colorized.laz","2018_TEAK_3_322000_4097000_image.tif","Tree",1,322000,322999.999,4097000,4097999.999
"3856",3979,322807.043,322815.496,4097849.021,4097857.126,"Silva","NEON_D17_TEAK_DP1_322000_4097000_classified_point_cloud_colorized.laz","2018_TEAK_3_322000_4097000_image.tif","Tree",1,322000,322999.999,4097000,4097999.999
"3857",3980,322789.102,322799.937,4097850.061,4097857.446,"Silva","NEON_D17_TEAK_DP1_322000_4097000_classified_point_cloud_colorized.laz","2018_TEAK_3_322000_4097000_image.tif","Tree",1,322000,322999.999,4097000,4097999.999
"3858",3981,322243.237,322252.184,4097837.503,4097847.485,"Silva","NEON_D17_TEAK_DP1_322000_4097000_classified_point_cloud_colorized.laz","2018_TEAK_3_322000_4097000_image.tif","Tree",1,322000,322999.999,4097000,4097999.999
"3859",3982,322355.548,322360.982,4097840.554,4097847.894,"Silva","NEON_D17_TEAK_DP1_322000_4097000_classified_point_cloud_colorized.laz","2018_TEAK_3_322000_4097000_image.tif","Tree",1,322000,322999.999,4097000,4097999.999
"3860",3983,322396.181,322400.984,4097842.08,4097848.351,"Silva","NEON_D17_TEAK_DP1_322000_4097000_classified_point_cloud_colorized.laz","2018_TEAK_3_322000_4097000_image.tif","Tree",1,322000,322999.999,4097000,4097999.999
"3861",3984,322776.142,322785.456,4097847.541,4097854.447,"Silva","NEON_D17_TEAK_DP1_322000_4097000_classified_point_cloud_colorized.laz","2018_TEAK_3_322000_4097000_image.tif","Tree",1,322000,322999.999,4097000,4097999.999
"3862",3986,322211.6,322218.254,4097839.029,4097845.497,"Silva","NEON_D17_TEAK_DP1_322000_4097000_classified_point_cloud_colorized.laz","2018_TEAK_3_322000_4097000_image.tif","Tree",1,322000,322999.999,4097000,4097999.999
"3863",3987,322323.684,322327.186,4097842.614,4097843.83,"Silva","NEON_D17_TEAK_DP1_322000_4097000_classified_point_cloud_colorized.laz","2018_TEAK_3_322000_4097000_image.tif","Tree",1,322000,322999.999,4097000,4097999.999
"3864",3988,322328.511,322333.974,4097838.698,4097845.797,"Silva","NEON_D17_TEAK_DP1_322000_4097000_classified_point_cloud_colorized.laz","2018_TEAK_3_322000_4097000_image.tif","Tree",1,322000,322999.999,4097000,4097999.999
"3865",3989,322714.199,322715.365,4097847.306,4097848.826,"Silva","NEON_D17_TEAK_DP1_322000_4097000_classified_point_cloud_colorized.laz","2018_TEAK_3_322000_4097000_image.tif","Tree",1,322000,322999.999,4097000,4097999.999
"3866",3990,322732.136,322734.488,4097846.729,4097850.997,"Silva","NEON_D17_TEAK_DP1_322000_4097000_classified_point_cloud_colorized.laz","2018_TEAK_3_322000_4097000_image.tif","Tree",1,322000,322999.999,4097000,4097999.999
"3867",3991,322341.505,322347.476,4097838.043,4097844.911,"Silva","NEON_D17_TEAK_DP1_322000_4097000_classified_point_cloud_colorized.laz","2018_TEAK_3_322000_4097000_image.tif","Tree",1,322000,322999.999,4097000,4097999.999
"3868",3992,322786.557,322792.198,4097845.656,4097853.983,"Silva","NEON_D17_TEAK_DP1_322000_4097000_classified_point_cloud_colorized.laz","2018_TEAK_3_322000_4097000_image.tif","Tree",1,322000,322999.999,4097000,4097999.999
"3869",3993,322767.181,322777.444,4097844.548,4097851.955,"Silva","NEON_D17_TEAK_DP1_322000_4097000_classified_point_cloud_colorized.laz","2018_TEAK_3_322000_4097000_image.tif","Tree",1,322000,322999.999,4097000,4097999.999
"3870",3994,322655.525,322663.341,4097841.561,4097850.861,"Silva","NEON_D17_TEAK_DP1_322000_4097000_classified_point_cloud_colorized.laz","2018_TEAK_3_322000_4097000_image.tif","Tree",1,322000,322999.999,4097000,4097999.999
"3871",3995,322333.514,322338.425,4097839.046,4097843.691,"Silva","NEON_D17_TEAK_DP1_322000_4097000_classified_point_cloud_colorized.laz","2018_TEAK_3_322000_4097000_image.tif","Tree",1,322000,322999.999,4097000,4097999.999
"3872",3996,322215.54,322222.947,4097836.501,4097843,"Silva","NEON_D17_TEAK_DP1_322000_4097000_classified_point_cloud_colorized.laz","2018_TEAK_3_322000_4097000_image.tif","Tree",1,322000,322999.999,4097000,4097999.999
"3873",3997,322791.615,322797.496,4097844.48,4097850.338,"Silva","NEON_D17_TEAK_DP1_322000_4097000_classified_point_cloud_colorized.laz","2018_TEAK_3_322000_4097000_image.tif","Tree",1,322000,322999.999,4097000,4097999.999
"3874",3998,322662.53,322669.344,4097841.62,4097848.492,"Silva","NEON_D17_TEAK_DP1_322000_4097000_classified_point_cloud_colorized.laz","2018_TEAK_3_322000_4097000_image.tif","Tree",1,322000,322999.999,4097000,4097999.999
"3875",3999,322206.527,322213.48,4097836.202,4097842.469,"Silva","NEON_D17_TEAK_DP1_322000_4097000_classified_point_cloud_colorized.laz","2018_TEAK_3_322000_4097000_image.tif","Tree",1,322000,322999.999,4097000,4097999.999
"3876",4000,322376.628,322386.436,4097835.538,4097845.987,"Silva","NEON_D17_TEAK_DP1_322000_4097000_classified_point_cloud_colorized.laz","2018_TEAK_3_322000_4097000_image.tif","Tree",1,322000,322999.999,4097000,4097999.999
"3877",4001,322465.274,322472.423,4097836.993,4097846.887,"Silva","NEON_D17_TEAK_DP1_322000_4097000_classified_point_cloud_colorized.laz","2018_TEAK_3_322000_4097000_image.tif","Tree",1,322000,322999.999,4097000,4097999.999
"3878",4002,322719.514,322722.385,4097842.074,4097849.895,"Silva","NEON_D17_TEAK_DP1_322000_4097000_classified_point_cloud_colorized.laz","2018_TEAK_3_322000_4097000_image.tif","Tree",1,322000,322999.999,4097000,4097999.999
"3879",4003,322365.542,322370.217,4097837.198,4097842.437,"Silva","NEON_D17_TEAK_DP1_322000_4097000_classified_point_cloud_colorized.laz","2018_TEAK_3_322000_4097000_image.tif","Tree",1,322000,322999.999,4097000,4097999.999
"3880",4004,322213.214,322217.977,4097833.551,4097839.436,"Silva","NEON_D17_TEAK_DP1_322000_4097000_classified_point_cloud_colorized.laz","2018_TEAK_3_322000_4097000_image.tif","Tree",1,322000,322999.999,4097000,4097999.999
"3881",4005,322287.514,322289.998,4097837.032,4097839.819,"Silva","NEON_D17_TEAK_DP1_322000_4097000_classified_point_cloud_colorized.laz","2018_TEAK_3_322000_4097000_image.tif","Tree",1,322000,322999.999,4097000,4097999.999
"3882",4006,322647.595,322653.155,4097839.672,4097845.496,"Silva","NEON_D17_TEAK_DP1_322000_4097000_classified_point_cloud_colorized.laz","2018_TEAK_3_322000_4097000_image.tif","Tree",1,322000,322999.999,4097000,4097999.999
"3883",4008,322351.587,322357.996,4097834.297,4097841.642,"Silva","NEON_D17_TEAK_DP1_322000_4097000_classified_point_cloud_colorized.laz","2018_TEAK_3_322000_4097000_image.tif","Tree",1,322000,322999.999,4097000,4097999.999
"3884",4009,322399.637,322409.253,4097834.836,4097842.994,"Silva","NEON_D17_TEAK_DP1_322000_4097000_classified_point_cloud_colorized.laz","2018_TEAK_3_322000_4097000_image.tif","Tree",1,322000,322999.999,4097000,4097999.999
"3885",4010,322482.824,322489.321,4097834.592,4097845.429,"Silva","NEON_D17_TEAK_DP1_322000_4097000_classified_point_cloud_colorized.laz","2018_TEAK_3_322000_4097000_image.tif","Tree",1,322000,322999.999,4097000,4097999.999
"3886",4012,322575.517,322581.978,4097834.025,4097846.474,"Silva","NEON_D17_TEAK_DP1_322000_4097000_classified_point_cloud_colorized.laz","2018_TEAK_3_322000_4097000_image.tif","Tree",1,322000,322999.999,4097000,4097999.999
"3887",4013,322570.588,322575.974,4097836.7,4097845.996,"Silva","NEON_D17_TEAK_DP1_322000_4097000_classified_point_cloud_colorized.laz","2018_TEAK_3_322000_4097000_image.tif","Tree",1,322000,322999.999,4097000,4097999.999
"3888",4014,322366.575,322372.497,4097835.02,4097840.839,"Silva","NEON_D17_TEAK_DP1_322000_4097000_classified_point_cloud_colorized.laz","2018_TEAK_3_322000_4097000_image.tif","Tree",1,322000,322999.999,4097000,4097999.999
"3889",4015,322299.653,322309.993,4097832.012,4097839.866,"Silva","NEON_D17_TEAK_DP1_322000_4097000_classified_point_cloud_colorized.laz","2018_TEAK_3_322000_4097000_image.tif","Tree",1,322000,322999.999,4097000,4097999.999
"3890",4016,322333.658,322337.963,4097835.171,4097838.981,"Silva","NEON_D17_TEAK_DP1_322000_4097000_classified_point_cloud_colorized.laz","2018_TEAK_3_322000_4097000_image.tif","Tree",1,322000,322999.999,4097000,4097999.999
"3891",4017,322682.776,322686.277,4097840.066,4097843.777,"Silva","NEON_D17_TEAK_DP1_322000_4097000_classified_point_cloud_colorized.laz","2018_TEAK_3_322000_4097000_image.tif","Tree",1,322000,322999.999,4097000,4097999.999
"3892",4018,322493.037,322498.965,4097835.502,4097841.496,"Silva","NEON_D17_TEAK_DP1_322000_4097000_classified_point_cloud_colorized.laz","2018_TEAK_3_322000_4097000_image.tif","Tree",1,322000,322999.999,4097000,4097999.999
"3893",4019,322371.604,322379.452,4097832.461,4097841.396,"Silva","NEON_D17_TEAK_DP1_322000_4097000_classified_point_cloud_colorized.laz","2018_TEAK_3_322000_4097000_image.tif","Tree",1,322000,322999.999,4097000,4097999.999
"3894",4020,322209.546,322214.462,4097832.045,4097836.454,"Silva","NEON_D17_TEAK_DP1_322000_4097000_classified_point_cloud_colorized.laz","2018_TEAK_3_322000_4097000_image.tif","Tree",1,322000,322999.999,4097000,4097999.999
"3895",4021,322695.584,322707.423,4097836.041,4097846.445,"Silva","NEON_D17_TEAK_DP1_322000_4097000_classified_point_cloud_colorized.laz","2018_TEAK_3_322000_4097000_image.tif","Tree",1,322000,322999.999,4097000,4097999.999
"3896",4022,322741.501,322751.891,4097838.028,4097846.314,"Silva","NEON_D17_TEAK_DP1_322000_4097000_classified_point_cloud_colorized.laz","2018_TEAK_3_322000_4097000_image.tif","Tree",1,322000,322999.999,4097000,4097999.999
"3897",4023,322474.005,322482.841,4097834.613,4097842.132,"Silva","NEON_D17_TEAK_DP1_322000_4097000_classified_point_cloud_colorized.laz","2018_TEAK_3_322000_4097000_image.tif","Tree",1,322000,322999.999,4097000,4097999.999
"3898",4024,322214.51,322222.335,4097832.117,4097836.932,"Silva","NEON_D17_TEAK_DP1_322000_4097000_classified_point_cloud_colorized.laz","2018_TEAK_3_322000_4097000_image.tif","Tree",1,322000,322999.999,4097000,4097999.999
"3899",4025,322290.027,322291.194,4097834.166,4097835.36,"Silva","NEON_D17_TEAK_DP1_322000_4097000_classified_point_cloud_colorized.laz","2018_TEAK_3_322000_4097000_image.tif","Tree",1,322000,322999.999,4097000,4097999.999
"3900",4026,322325.067,322332.455,4097832.067,4097838.383,"Silva","NEON_D17_TEAK_DP1_322000_4097000_classified_point_cloud_colorized.laz","2018_TEAK_3_322000_4097000_image.tif","Tree",1,322000,322999.999,4097000,4097999.999
"3901",4027,322802.152,322809.439,4097838.029,4097847.45,"Silva","NEON_D17_TEAK_DP1_322000_4097000_classified_point_cloud_colorized.laz","2018_TEAK_3_322000_4097000_image.tif","Tree",1,322000,322999.999,4097000,4097999.999
"3902",4028,322335.773,322339.996,4097832.118,4097836.644,"Silva","NEON_D17_TEAK_DP1_322000_4097000_classified_point_cloud_colorized.laz","2018_TEAK_3_322000_4097000_image.tif","Tree",1,322000,322999.999,4097000,4097999.999
"3903",4029,322228.557,322233.483,4097832.595,4097836.5,"Silva","NEON_D17_TEAK_DP1_322000_4097000_classified_point_cloud_colorized.laz","2018_TEAK_3_322000_4097000_image.tif","Tree",1,322000,322999.999,4097000,4097999.999
"3904",4030,322344.564,322349.732,4097829.111,4097835.898,"Silva","NEON_D17_TEAK_DP1_322000_4097000_classified_point_cloud_colorized.laz","2018_TEAK_3_322000_4097000_image.tif","Tree",1,322000,322999.999,4097000,4097999.999
"3905",4031,322751.104,322758.374,4097837.164,4097843.481,"Silva","NEON_D17_TEAK_DP1_322000_4097000_classified_point_cloud_colorized.laz","2018_TEAK_3_322000_4097000_image.tif","Tree",1,322000,322999.999,4097000,4097999.999
"3906",4032,322788.023,322794.958,4097836.72,4097844.113,"Silva","NEON_D17_TEAK_DP1_322000_4097000_classified_point_cloud_colorized.laz","2018_TEAK_3_322000_4097000_image.tif","Tree",1,322000,322999.999,4097000,4097999.999
"3907",4033,322469.58,322477.288,4097831.26,4097839.443,"Silva","NEON_D17_TEAK_DP1_322000_4097000_classified_point_cloud_colorized.laz","2018_TEAK_3_322000_4097000_image.tif","Tree",1,322000,322999.999,4097000,4097999.999
"3908",4034,322241.043,322244.491,4097830.041,4097835.966,"Silva","NEON_D17_TEAK_DP1_322000_4097000_classified_point_cloud_colorized.laz","2018_TEAK_3_322000_4097000_image.tif","Tree",1,322000,322999.999,4097000,4097999.999
"3909",4035,322302.377,322313.459,4097827.615,4097837.078,"Silva","NEON_D17_TEAK_DP1_322000_4097000_classified_point_cloud_colorized.laz","2018_TEAK_3_322000_4097000_image.tif","Tree",1,322000,322999.999,4097000,4097999.999
"3910",4036,322740.5,322742.302,4097839.597,4097842.951,"Silva","NEON_D17_TEAK_DP1_322000_4097000_classified_point_cloud_colorized.laz","2018_TEAK_3_322000_4097000_image.tif","Tree",1,322000,322999.999,4097000,4097999.999
"3911",4037,322763.516,322773.492,4097834.514,4097842.457,"Silva","NEON_D17_TEAK_DP1_322000_4097000_classified_point_cloud_colorized.laz","2018_TEAK_3_322000_4097000_image.tif","Tree",1,322000,322999.999,4097000,4097999.999
"3912",4038,322217.693,322222.993,4097827.009,4097833.988,"Silva","NEON_D17_TEAK_DP1_322000_4097000_classified_point_cloud_colorized.laz","2018_TEAK_3_322000_4097000_image.tif","Tree",1,322000,322999.999,4097000,4097999.999
"3913",4039,322616.869,322627.404,4097830.01,4097840.338,"Silva","NEON_D17_TEAK_DP1_322000_4097000_classified_point_cloud_colorized.laz","2018_TEAK_3_322000_4097000_image.tif","Tree",1,322000,322999.999,4097000,4097999.999
"3914",4040,322586.043,322593.998,4097829.218,4097840.241,"Silva","NEON_D17_TEAK_DP1_322000_4097000_classified_point_cloud_colorized.laz","2018_TEAK_3_322000_4097000_image.tif","Tree",1,322000,322999.999,4097000,4097999.999
"3915",4041,322343.557,322345.967,4097827.227,4097830.414,"Silva","NEON_D17_TEAK_DP1_322000_4097000_classified_point_cloud_colorized.laz","2018_TEAK_3_322000_4097000_image.tif","Tree",1,322000,322999.999,4097000,4097999.999
"3916",4042,322201.038,322206.952,4097826.588,4097834.495,"Silva","NEON_D17_TEAK_DP1_322000_4097000_classified_point_cloud_colorized.laz","2018_TEAK_3_322000_4097000_image.tif","Tree",1,322000,322999.999,4097000,4097999.999
"3917",4043,322684.394,322686.919,4097834.665,4097836.913,"Silva","NEON_D17_TEAK_DP1_322000_4097000_classified_point_cloud_colorized.laz","2018_TEAK_3_322000_4097000_image.tif","Tree",1,322000,322999.999,4097000,4097999.999
"3918",4044,322238.133,322243.452,4097825.509,4097830,"Silva","NEON_D17_TEAK_DP1_322000_4097000_classified_point_cloud_colorized.laz","2018_TEAK_3_322000_4097000_image.tif","Tree",1,322000,322999.999,4097000,4097999.999
"3919",4045,322352.004,322360.384,4097827.876,4097831.645,"Silva","NEON_D17_TEAK_DP1_322000_4097000_classified_point_cloud_colorized.laz","2018_TEAK_3_322000_4097000_image.tif","Tree",1,322000,322999.999,4097000,4097999.999
"3920",4046,322378.783,322387.647,4097827.013,4097834.17,"Silva","NEON_D17_TEAK_DP1_322000_4097000_classified_point_cloud_colorized.laz","2018_TEAK_3_322000_4097000_image.tif","Tree",1,322000,322999.999,4097000,4097999.999
"3921",4047,322793.626,322801.808,4097832.042,4097840.869,"Silva","NEON_D17_TEAK_DP1_322000_4097000_classified_point_cloud_colorized.laz","2018_TEAK_3_322000_4097000_image.tif","Tree",1,322000,322999.999,4097000,4097999.999
"3922",4048,322773.261,322779.857,4097832.176,4097839.752,"Silva","NEON_D17_TEAK_DP1_322000_4097000_classified_point_cloud_colorized.laz","2018_TEAK_3_322000_4097000_image.tif","Tree",1,322000,322999.999,4097000,4097999.999
"3923",4049,322193.217,322200.491,4097823.594,4097831.429,"Silva","NEON_D17_TEAK_DP1_322000_4097000_classified_point_cloud_colorized.laz","2018_TEAK_3_322000_4097000_image.tif","Tree",1,322000,322999.999,4097000,4097999.999
"3924",4050,322695.531,322701.488,4097835.427,4097839.168,"Silva","NEON_D17_TEAK_DP1_322000_4097000_classified_point_cloud_colorized.laz","2018_TEAK_3_322000_4097000_image.tif","Tree",1,322000,322999.999,4097000,4097999.999
"3925",4051,322754.541,322760.931,4097831.095,4097836.735,"Silva","NEON_D17_TEAK_DP1_322000_4097000_classified_point_cloud_colorized.laz","2018_TEAK_3_322000_4097000_image.tif","Tree",1,322000,322999.999,4097000,4097999.999
"3926",4052,322212.147,322218.696,4097822.502,4097829.89,"Silva","NEON_D17_TEAK_DP1_322000_4097000_classified_point_cloud_colorized.laz","2018_TEAK_3_322000_4097000_image.tif","Tree",1,322000,322999.999,4097000,4097999.999
"3927",4053,322317.029,322320.705,4097824.129,4097829.434,"Silva","NEON_D17_TEAK_DP1_322000_4097000_classified_point_cloud_colorized.laz","2018_TEAK_3_322000_4097000_image.tif","Tree",1,322000,322999.999,4097000,4097999.999
"3928",4055,322785.602,322792.465,4097829.021,4097836.982,"Silva","NEON_D17_TEAK_DP1_322000_4097000_classified_point_cloud_colorized.laz","2018_TEAK_3_322000_4097000_image.tif","Tree",1,322000,322999.999,4097000,4097999.999
"3929",4056,322749.74,322754.339,4097829.53,4097836.038,"Silva","NEON_D17_TEAK_DP1_322000_4097000_classified_point_cloud_colorized.laz","2018_TEAK_3_322000_4097000_image.tif","Tree",1,322000,322999.999,4097000,4097999.999
"3930",4057,322465.592,322472.493,4097823.508,4097833.483,"Silva","NEON_D17_TEAK_DP1_322000_4097000_classified_point_cloud_colorized.laz","2018_TEAK_3_322000_4097000_image.tif","Tree",1,322000,322999.999,4097000,4097999.999
"3931",4058,322251.513,322256.468,4097822.71,4097827.985,"Silva","NEON_D17_TEAK_DP1_322000_4097000_classified_point_cloud_colorized.laz","2018_TEAK_3_322000_4097000_image.tif","Tree",1,322000,322999.999,4097000,4097999.999
"3932",4060,322287.724,322288.489,4097823.034,4097823.978,"Silva","NEON_D17_TEAK_DP1_322000_4097000_classified_point_cloud_colorized.laz","2018_TEAK_3_322000_4097000_image.tif","Tree",1,322000,322999.999,4097000,4097999.999
"3933",4061,322417.617,322422.897,4097823.519,4097829.923,"Silva","NEON_D17_TEAK_DP1_322000_4097000_classified_point_cloud_colorized.laz","2018_TEAK_3_322000_4097000_image.tif","Tree",1,322000,322999.999,4097000,4097999.999
"3934",4062,322660.06,322668.989,4097826.013,4097834.283,"Silva","NEON_D17_TEAK_DP1_322000_4097000_classified_point_cloud_colorized.laz","2018_TEAK_3_322000_4097000_image.tif","Tree",1,322000,322999.999,4097000,4097999.999
"3935",4063,322703.478,322709.453,4097831.301,4097836.492,"Silva","NEON_D17_TEAK_DP1_322000_4097000_classified_point_cloud_colorized.laz","2018_TEAK_3_322000_4097000_image.tif","Tree",1,322000,322999.999,4097000,4097999.999
"3936",4064,322458.053,322466.488,4097822.73,4097830.053,"Silva","NEON_D17_TEAK_DP1_322000_4097000_classified_point_cloud_colorized.laz","2018_TEAK_3_322000_4097000_image.tif","Tree",1,322000,322999.999,4097000,4097999.999
"3937",4065,322200.533,322208.493,4097820.01,4097826.469,"Silva","NEON_D17_TEAK_DP1_322000_4097000_classified_point_cloud_colorized.laz","2018_TEAK_3_322000_4097000_image.tif","Tree",1,322000,322999.999,4097000,4097999.999
"3938",4066,322472.432,322481.333,4097821.063,4097831.186,"Silva","NEON_D17_TEAK_DP1_322000_4097000_classified_point_cloud_colorized.laz","2018_TEAK_3_322000_4097000_image.tif","Tree",1,322000,322999.999,4097000,4097999.999
"3939",4067,322780.594,322786.743,4097828.843,4097834.871,"Silva","NEON_D17_TEAK_DP1_322000_4097000_classified_point_cloud_colorized.laz","2018_TEAK_3_322000_4097000_image.tif","Tree",1,322000,322999.999,4097000,4097999.999
"3940",4068,322759.544,322765.556,4097828.171,4097833.466,"Silva","NEON_D17_TEAK_DP1_322000_4097000_classified_point_cloud_colorized.laz","2018_TEAK_3_322000_4097000_image.tif","Tree",1,322000,322999.999,4097000,4097999.999
"3941",4069,322696.59,322698.968,4097829.039,4097831.408,"Silva","NEON_D17_TEAK_DP1_322000_4097000_classified_point_cloud_colorized.laz","2018_TEAK_3_322000_4097000_image.tif","Tree",1,322000,322999.999,4097000,4097999.999
"3942",4070,322343.74,322352.793,4097818.518,4097829.902,"Silva","NEON_D17_TEAK_DP1_322000_4097000_classified_point_cloud_colorized.laz","2018_TEAK_3_322000_4097000_image.tif","Tree",1,322000,322999.999,4097000,4097999.999
"3943",4071,322276.506,322280.791,4097821.513,4097825.934,"Silva","NEON_D17_TEAK_DP1_322000_4097000_classified_point_cloud_colorized.laz","2018_TEAK_3_322000_4097000_image.tif","Tree",1,322000,322999.999,4097000,4097999.999
"3944",4072,322666.523,322675.426,4097823.537,4097831.976,"Silva","NEON_D17_TEAK_DP1_322000_4097000_classified_point_cloud_colorized.laz","2018_TEAK_3_322000_4097000_image.tif","Tree",1,322000,322999.999,4097000,4097999.999
"3945",4073,322766.039,322771.718,4097826.028,4097832.75,"Silva","NEON_D17_TEAK_DP1_322000_4097000_classified_point_cloud_colorized.laz","2018_TEAK_3_322000_4097000_image.tif","Tree",1,322000,322999.999,4097000,4097999.999
"3946",4074,322772.034,322777.934,4097826.325,4097832.994,"Silva","NEON_D17_TEAK_DP1_322000_4097000_classified_point_cloud_colorized.laz","2018_TEAK_3_322000_4097000_image.tif","Tree",1,322000,322999.999,4097000,4097999.999
"3947",4075,322790.594,322797.458,4097826.001,4097834.145,"Silva","NEON_D17_TEAK_DP1_322000_4097000_classified_point_cloud_colorized.laz","2018_TEAK_3_322000_4097000_image.tif","Tree",1,322000,322999.999,4097000,4097999.999
"3948",4076,322296.71,322302.99,4097819.004,4097825.483,"Silva","NEON_D17_TEAK_DP1_322000_4097000_classified_point_cloud_colorized.laz","2018_TEAK_3_322000_4097000_image.tif","Tree",1,322000,322999.999,4097000,4097999.999
"3949",4077,322287.766,322295.314,4097817.061,4097826.18,"Silva","NEON_D17_TEAK_DP1_322000_4097000_classified_point_cloud_colorized.laz","2018_TEAK_3_322000_4097000_image.tif","Tree",1,322000,322999.999,4097000,4097999.999
"3950",4078,322207.648,322214.803,4097817.516,4097822.926,"Silva","NEON_D17_TEAK_DP1_322000_4097000_classified_point_cloud_colorized.laz","2018_TEAK_3_322000_4097000_image.tif","Tree",1,322000,322999.999,4097000,4097999.999
"3951",4079,322193.067,322202.726,4097815.515,4097823.493,"Silva","NEON_D17_TEAK_DP1_322000_4097000_classified_point_cloud_colorized.laz","2018_TEAK_3_322000_4097000_image.tif","Tree",1,322000,322999.999,4097000,4097999.999
"3952",4080,322264.117,322269.453,4097816.514,4097824.462,"Silva","NEON_D17_TEAK_DP1_322000_4097000_classified_point_cloud_colorized.laz","2018_TEAK_3_322000_4097000_image.tif","Tree",1,322000,322999.999,4097000,4097999.999
"3953",4081,322315.646,322318.491,4097819.624,4097823.79,"Silva","NEON_D17_TEAK_DP1_322000_4097000_classified_point_cloud_colorized.laz","2018_TEAK_3_322000_4097000_image.tif","Tree",1,322000,322999.999,4097000,4097999.999
"3954",4082,322323.241,322323.694,4097821.775,4097822.188,"Silva","NEON_D17_TEAK_DP1_322000_4097000_classified_point_cloud_colorized.laz","2018_TEAK_3_322000_4097000_image.tif","Tree",1,322000,322999.999,4097000,4097999.999
"3955",4083,322749.518,322755.994,4097824.024,4097830.472,"Silva","NEON_D17_TEAK_DP1_322000_4097000_classified_point_cloud_colorized.laz","2018_TEAK_3_322000_4097000_image.tif","Tree",1,322000,322999.999,4097000,4097999.999
"3956",4084,322420.716,322430.872,4097817.221,4097828.261,"Silva","NEON_D17_TEAK_DP1_322000_4097000_classified_point_cloud_colorized.laz","2018_TEAK_3_322000_4097000_image.tif","Tree",1,322000,322999.999,4097000,4097999.999
"3957",4085,322206.552,322212.901,4097814.535,4097820.934,"Silva","NEON_D17_TEAK_DP1_322000_4097000_classified_point_cloud_colorized.laz","2018_TEAK_3_322000_4097000_image.tif","Tree",1,322000,322999.999,4097000,4097999.999
"3958",4086,322762.552,322768.928,4097822.04,4097827.854,"Silva","NEON_D17_TEAK_DP1_322000_4097000_classified_point_cloud_colorized.laz","2018_TEAK_3_322000_4097000_image.tif","Tree",1,322000,322999.999,4097000,4097999.999
"3959",4087,322715.882,322726.987,4097819.666,4097828.835,"Silva","NEON_D17_TEAK_DP1_322000_4097000_classified_point_cloud_colorized.laz","2018_TEAK_3_322000_4097000_image.tif","Tree",1,322000,322999.999,4097000,4097999.999
"3960",4088,322352.715,322360.995,4097815.729,4097823.844,"Silva","NEON_D17_TEAK_DP1_322000_4097000_classified_point_cloud_colorized.laz","2018_TEAK_3_322000_4097000_image.tif","Tree",1,322000,322999.999,4097000,4097999.999
"3961",4089,322220.015,322227.498,4097813.542,4097820.917,"Silva","NEON_D17_TEAK_DP1_322000_4097000_classified_point_cloud_colorized.laz","2018_TEAK_3_322000_4097000_image.tif","Tree",1,322000,322999.999,4097000,4097999.999
"3962",4090,322455.54,322462.276,4097813.545,4097823.471,"Silva","NEON_D17_TEAK_DP1_322000_4097000_classified_point_cloud_colorized.laz","2018_TEAK_3_322000_4097000_image.tif","Tree",1,322000,322999.999,4097000,4097999.999
"3963",4091,322738.199,322747.77,4097819.149,4097827.369,"Silva","NEON_D17_TEAK_DP1_322000_4097000_classified_point_cloud_colorized.laz","2018_TEAK_3_322000_4097000_image.tif","Tree",1,322000,322999.999,4097000,4097999.999
"3964",4092,322772.002,322778.965,4097819.069,4097827.373,"Silva","NEON_D17_TEAK_DP1_322000_4097000_classified_point_cloud_colorized.laz","2018_TEAK_3_322000_4097000_image.tif","Tree",1,322000,322999.999,4097000,4097999.999
"3965",4093,322658.783,322664.995,4097818.027,4097827.419,"Silva","NEON_D17_TEAK_DP1_322000_4097000_classified_point_cloud_colorized.laz","2018_TEAK_3_322000_4097000_image.tif","Tree",1,322000,322999.999,4097000,4097999.999
"3966",4094,322582.502,322588.47,4097817.521,4097826.486,"Silva","NEON_D17_TEAK_DP1_322000_4097000_classified_point_cloud_colorized.laz","2018_TEAK_3_322000_4097000_image.tif","Tree",1,322000,322999.999,4097000,4097999.999
"3967",4095,322274.581,322280.967,4097813.554,4097819.272,"Silva","NEON_D17_TEAK_DP1_322000_4097000_classified_point_cloud_colorized.laz","2018_TEAK_3_322000_4097000_image.tif","Tree",1,322000,322999.999,4097000,4097999.999
"3968",4096,322758.38,322764.102,4097819.029,4097825.995,"Silva","NEON_D17_TEAK_DP1_322000_4097000_classified_point_cloud_colorized.laz","2018_TEAK_3_322000_4097000_image.tif","Tree",1,322000,322999.999,4097000,4097999.999
"3969",4097,322429.666,322438.853,4097813.036,4097823.701,"Silva","NEON_D17_TEAK_DP1_322000_4097000_classified_point_cloud_colorized.laz","2018_TEAK_3_322000_4097000_image.tif","Tree",1,322000,322999.999,4097000,4097999.999
"3970",4098,322398.553,322405.773,4097812.536,4097823.468,"Silva","NEON_D17_TEAK_DP1_322000_4097000_classified_point_cloud_colorized.laz","2018_TEAK_3_322000_4097000_image.tif","Tree",1,322000,322999.999,4097000,4097999.999
"3971",4099,322256.069,322263.479,4097809.588,4097818.34,"Silva","NEON_D17_TEAK_DP1_322000_4097000_classified_point_cloud_colorized.laz","2018_TEAK_3_322000_4097000_image.tif","Tree",1,322000,322999.999,4097000,4097999.999
"3972",4100,322323.583,322325.387,4097813.575,4097815.376,"Silva","NEON_D17_TEAK_DP1_322000_4097000_classified_point_cloud_colorized.laz","2018_TEAK_3_322000_4097000_image.tif","Tree",1,322000,322999.999,4097000,4097999.999
"3973",4101,322410.492,322419.477,4097810.049,4097817.354,"Silva","NEON_D17_TEAK_DP1_322000_4097000_classified_point_cloud_colorized.laz","2018_TEAK_3_322000_4097000_image.tif","Tree",1,322000,322999.999,4097000,4097999.999
"3974",4102,322303.01,322310.86,4097808.55,4097819.79,"Silva","NEON_D17_TEAK_DP1_322000_4097000_classified_point_cloud_colorized.laz","2018_TEAK_3_322000_4097000_image.tif","Tree",1,322000,322999.999,4097000,4097999.999
"3975",4103,322206.041,322212.418,4097808.56,4097814.968,"Silva","NEON_D17_TEAK_DP1_322000_4097000_classified_point_cloud_colorized.laz","2018_TEAK_3_322000_4097000_image.tif","Tree",1,322000,322999.999,4097000,4097999.999
"3976",4104,322764.52,322775.455,4097813.115,4097823.41,"Silva","NEON_D17_TEAK_DP1_322000_4097000_classified_point_cloud_colorized.laz","2018_TEAK_3_322000_4097000_image.tif","Tree",1,322000,322999.999,4097000,4097999.999
"3977",4105,322370.608,322375.356,4097809.559,4097814.963,"Silva","NEON_D17_TEAK_DP1_322000_4097000_classified_point_cloud_colorized.laz","2018_TEAK_3_322000_4097000_image.tif","Tree",1,322000,322999.999,4097000,4097999.999
"3978",4106,322309.046,322316.223,4097809.073,4097815.811,"Silva","NEON_D17_TEAK_DP1_322000_4097000_classified_point_cloud_colorized.laz","2018_TEAK_3_322000_4097000_image.tif","Tree",1,322000,322999.999,4097000,4097999.999
"3979",4107,322265.507,322271.98,4097808.526,4097815.491,"Silva","NEON_D17_TEAK_DP1_322000_4097000_classified_point_cloud_colorized.laz","2018_TEAK_3_322000_4097000_image.tif","Tree",1,322000,322999.999,4097000,4097999.999
"3980",4108,322428.075,322437.37,4097809.206,4097817.254,"Silva","NEON_D17_TEAK_DP1_322000_4097000_classified_point_cloud_colorized.laz","2018_TEAK_3_322000_4097000_image.tif","Tree",1,322000,322999.999,4097000,4097999.999
"3981",4110,322563.035,322571.399,4097811.639,4097819.993,"Silva","NEON_D17_TEAK_DP1_322000_4097000_classified_point_cloud_colorized.laz","2018_TEAK_3_322000_4097000_image.tif","Tree",1,322000,322999.999,4097000,4097999.999
"3982",4111,322591.048,322597.496,4097812.527,4097817.969,"Silva","NEON_D17_TEAK_DP1_322000_4097000_classified_point_cloud_colorized.laz","2018_TEAK_3_322000_4097000_image.tif","Tree",1,322000,322999.999,4097000,4097999.999
"3983",4112,322739.171,322746.472,4097813.567,4097820.896,"Silva","NEON_D17_TEAK_DP1_322000_4097000_classified_point_cloud_colorized.laz","2018_TEAK_3_322000_4097000_image.tif","Tree",1,322000,322999.999,4097000,4097999.999
"3984",4113,322753.084,322760.636,4097813.637,4097820.886,"Silva","NEON_D17_TEAK_DP1_322000_4097000_classified_point_cloud_colorized.laz","2018_TEAK_3_322000_4097000_image.tif","Tree",1,322000,322999.999,4097000,4097999.999
"3985",4114,322353.563,322359.977,4097806.135,4097813.357,"Silva","NEON_D17_TEAK_DP1_322000_4097000_classified_point_cloud_colorized.laz","2018_TEAK_3_322000_4097000_image.tif","Tree",1,322000,322999.999,4097000,4097999.999
"3986",4115,322203.04,322207.966,4097804.021,4097811.94,"Silva","NEON_D17_TEAK_DP1_322000_4097000_classified_point_cloud_colorized.laz","2018_TEAK_3_322000_4097000_image.tif","Tree",1,322000,322999.999,4097000,4097999.999
"3987",4116,322290.923,322296.8,4097806.051,4097814.417,"Silva","NEON_D17_TEAK_DP1_322000_4097000_classified_point_cloud_colorized.laz","2018_TEAK_3_322000_4097000_image.tif","Tree",1,322000,322999.999,4097000,4097999.999
"3988",4117,322720.655,322732.496,4097806.542,4097823.442,"Silva","NEON_D17_TEAK_DP1_322000_4097000_classified_point_cloud_colorized.laz","2018_TEAK_3_322000_4097000_image.tif","Tree",1,322000,322999.999,4097000,4097999.999
"3989",4118,322285.741,322292.983,4097805.347,4097812.717,"Silva","NEON_D17_TEAK_DP1_322000_4097000_classified_point_cloud_colorized.laz","2018_TEAK_3_322000_4097000_image.tif","Tree",1,322000,322999.999,4097000,4097999.999
"3990",4119,322610.783,322619.374,4097807.545,4097815.999,"Silva","NEON_D17_TEAK_DP1_322000_4097000_classified_point_cloud_colorized.laz","2018_TEAK_3_322000_4097000_image.tif","Tree",1,322000,322999.999,4097000,4097999.999
"3991",4120,322372.544,322379.992,4097805.032,4097811.492,"Silva","NEON_D17_TEAK_DP1_322000_4097000_classified_point_cloud_colorized.laz","2018_TEAK_3_322000_4097000_image.tif","Tree",1,322000,322999.999,4097000,4097999.999
"3992",4121,322206.511,322214.496,4097802.654,4097809.399,"Silva","NEON_D17_TEAK_DP1_322000_4097000_classified_point_cloud_colorized.laz","2018_TEAK_3_322000_4097000_image.tif","Tree",1,322000,322999.999,4097000,4097999.999
"3993",4122,322218.391,322220.964,4097805.617,4097808.28,"Silva","NEON_D17_TEAK_DP1_322000_4097000_classified_point_cloud_colorized.laz","2018_TEAK_3_322000_4097000_image.tif","Tree",1,322000,322999.999,4097000,4097999.999
"3994",4123,322272.065,322276.376,4097805.51,4097809.903,"Silva","NEON_D17_TEAK_DP1_322000_4097000_classified_point_cloud_colorized.laz","2018_TEAK_3_322000_4097000_image.tif","Tree",1,322000,322999.999,4097000,4097999.999
"3995",4124,322349.149,322355.907,4097804.519,4097810.824,"Silva","NEON_D17_TEAK_DP1_322000_4097000_classified_point_cloud_colorized.laz","2018_TEAK_3_322000_4097000_image.tif","Tree",1,322000,322999.999,4097000,4097999.999
"3996",4125,322484.578,322494.98,4097806.62,4097815.356,"Silva","NEON_D17_TEAK_DP1_322000_4097000_classified_point_cloud_colorized.laz","2018_TEAK_3_322000_4097000_image.tif","Tree",1,322000,322999.999,4097000,4097999.999
"3997",4126,322626.008,322630.903,4097809.505,4097814.983,"Silva","NEON_D17_TEAK_DP1_322000_4097000_classified_point_cloud_colorized.laz","2018_TEAK_3_322000_4097000_image.tif","Tree",1,322000,322999.999,4097000,4097999.999
"3998",4127,322682.512,322689.974,4097809.097,4097816.422,"Silva","NEON_D17_TEAK_DP1_322000_4097000_classified_point_cloud_colorized.laz","2018_TEAK_3_322000_4097000_image.tif","Tree",1,322000,322999.999,4097000,4097999.999
"3999",4128,322744.054,322752.456,4097809.094,4097819.324,"Silva","NEON_D17_TEAK_DP1_322000_4097000_classified_point_cloud_colorized.laz","2018_TEAK_3_322000_4097000_image.tif","Tree",1,322000,322999.999,4097000,4097999.999
"4000",4129,322707.055,322707.055,4097811.132,4097811.132,"Silva","NEON_D17_TEAK_DP1_322000_4097000_classified_point_cloud_colorized.laz","2018_TEAK_3_322000_4097000_image.tif","Tree",1,322000,322999.999,4097000,4097999.999
"4001",4130,322278.586,322283.496,4097803.019,4097808.978,"Silva","NEON_D17_TEAK_DP1_322000_4097000_classified_point_cloud_colorized.laz","2018_TEAK_3_322000_4097000_image.tif","Tree",1,322000,322999.999,4097000,4097999.999
"4002",4131,322166.054,322175.946,4097801.011,4097809.088,"Silva","NEON_D17_TEAK_DP1_322000_4097000_classified_point_cloud_colorized.laz","2018_TEAK_3_322000_4097000_image.tif","Tree",1,322000,322999.999,4097000,4097999.999
"4003",4132,322574.059,322579.969,4097806.728,4097812.397,"Silva","NEON_D17_TEAK_DP1_322000_4097000_classified_point_cloud_colorized.laz","2018_TEAK_3_322000_4097000_image.tif","Tree",1,322000,322999.999,4097000,4097999.999
"4004",4133,322751.566,322759.437,4097809.801,4097815.602,"Silva","NEON_D17_TEAK_DP1_322000_4097000_classified_point_cloud_colorized.laz","2018_TEAK_3_322000_4097000_image.tif","Tree",1,322000,322999.999,4097000,4097999.999
"4005",4135,322300.048,322307.927,4097800.008,4097808.374,"Silva","NEON_D17_TEAK_DP1_322000_4097000_classified_point_cloud_colorized.laz","2018_TEAK_3_322000_4097000_image.tif","Tree",1,322000,322999.999,4097000,4097999.999
"4006",4136,322695.542,322701.978,4097807.334,4097813.861,"Silva","NEON_D17_TEAK_DP1_322000_4097000_classified_point_cloud_colorized.laz","2018_TEAK_3_322000_4097000_image.tif","Tree",1,322000,322999.999,4097000,4097999.999
"4007",4137,322586.144,322591.324,4097805.073,4097810.865,"Silva","NEON_D17_TEAK_DP1_322000_4097000_classified_point_cloud_colorized.laz","2018_TEAK_3_322000_4097000_image.tif","Tree",1,322000,322999.999,4097000,4097999.999
"4008",4138,322391.692,322399.916,4097800.524,4097808.924,"Silva","NEON_D17_TEAK_DP1_322000_4097000_classified_point_cloud_colorized.laz","2018_TEAK_3_322000_4097000_image.tif","Tree",1,322000,322999.999,4097000,4097999.999
"4009",4139,322344.638,322354.55,4097799.517,4097806.789,"Silva","NEON_D17_TEAK_DP1_322000_4097000_classified_point_cloud_colorized.laz","2018_TEAK_3_322000_4097000_image.tif","Tree",1,322000,322999.999,4097000,4097999.999
"4010",4140,322737.511,322745.944,4097806.553,4097813.445,"Silva","NEON_D17_TEAK_DP1_322000_4097000_classified_point_cloud_colorized.laz","2018_TEAK_3_322000_4097000_image.tif","Tree",1,322000,322999.999,4097000,4097999.999
"4011",4141,322418.528,322424.415,4097800.519,4097808.451,"Silva","NEON_D17_TEAK_DP1_322000_4097000_classified_point_cloud_colorized.laz","2018_TEAK_3_322000_4097000_image.tif","Tree",1,322000,322999.999,4097000,4097999.999
"4012",4142,322281.241,322287.984,4097798.617,4097807.936,"Silva","NEON_D17_TEAK_DP1_322000_4097000_classified_point_cloud_colorized.laz","2018_TEAK_3_322000_4097000_image.tif","Tree",1,322000,322999.999,4097000,4097999.999
"4013",4143,322626.508,322629.929,4097805.222,4097809.429,"Silva","NEON_D17_TEAK_DP1_322000_4097000_classified_point_cloud_colorized.laz","2018_TEAK_3_322000_4097000_image.tif","Tree",1,322000,322999.999,4097000,4097999.999
"4014",4144,322712.603,322721.478,4097804.096,4097810.925,"Silva","NEON_D17_TEAK_DP1_322000_4097000_classified_point_cloud_colorized.laz","2018_TEAK_3_322000_4097000_image.tif","Tree",1,322000,322999.999,4097000,4097999.999
"4015",4145,322455.006,322463.263,4097798.056,4097808.862,"Silva","NEON_D17_TEAK_DP1_322000_4097000_classified_point_cloud_colorized.laz","2018_TEAK_3_322000_4097000_image.tif","Tree",1,322000,322999.999,4097000,4097999.999
"4016",4146,322172.043,322176.802,4097798.074,4097802.463,"Silva","NEON_D17_TEAK_DP1_322000_4097000_classified_point_cloud_colorized.laz","2018_TEAK_3_322000_4097000_image.tif","Tree",1,322000,322999.999,4097000,4097999.999
"4017",4147,322217.518,322220.893,4097798.504,4097801.902,"Silva","NEON_D17_TEAK_DP1_322000_4097000_classified_point_cloud_colorized.laz","2018_TEAK_3_322000_4097000_image.tif","Tree",1,322000,322999.999,4097000,4097999.999
"4018",4148,322544.016,322550.457,4097800.518,4097808.48,"Silva","NEON_D17_TEAK_DP1_322000_4097000_classified_point_cloud_colorized.laz","2018_TEAK_3_322000_4097000_image.tif","Tree",1,322000,322999.999,4097000,4097999.999
"4019",4149,322751.592,322758.905,4097803.159,4097809.989,"Silva","NEON_D17_TEAK_DP1_322000_4097000_classified_point_cloud_colorized.laz","2018_TEAK_3_322000_4097000_image.tif","Tree",1,322000,322999.999,4097000,4097999.999
"4020",4150,322591.519,322599.458,4097799.524,4097807.33,"Silva","NEON_D17_TEAK_DP1_322000_4097000_classified_point_cloud_colorized.laz","2018_TEAK_3_322000_4097000_image.tif","Tree",1,322000,322999.999,4097000,4097999.999
"4021",4151,322566.071,322568.469,4097803.135,4097805.141,"Silva","NEON_D17_TEAK_DP1_322000_4097000_classified_point_cloud_colorized.laz","2018_TEAK_3_322000_4097000_image.tif","Tree",1,322000,322999.999,4097000,4097999.999
"4022",4152,322185.108,322189.862,4097798.569,4097802.981,"Silva","NEON_D17_TEAK_DP1_322000_4097000_classified_point_cloud_colorized.laz","2018_TEAK_3_322000_4097000_image.tif","Tree",1,322000,322999.999,4097000,4097999.999
"4023",4153,322745.036,322751.974,4097800.072,4097809.484,"Silva","NEON_D17_TEAK_DP1_322000_4097000_classified_point_cloud_colorized.laz","2018_TEAK_3_322000_4097000_image.tif","Tree",1,322000,322999.999,4097000,4097999.999
"4024",4154,322325.644,322334.725,4097794.505,4097802.497,"Silva","NEON_D17_TEAK_DP1_322000_4097000_classified_point_cloud_colorized.laz","2018_TEAK_3_322000_4097000_image.tif","Tree",1,322000,322999.999,4097000,4097999.999
"4025",4155,322378.157,322384.969,4097796.13,4097801.787,"Silva","NEON_D17_TEAK_DP1_322000_4097000_classified_point_cloud_colorized.laz","2018_TEAK_3_322000_4097000_image.tif","Tree",1,322000,322999.999,4097000,4097999.999
"4026",4156,322735.563,322743.647,4097801.206,4097807.952,"Silva","NEON_D17_TEAK_DP1_322000_4097000_classified_point_cloud_colorized.laz","2018_TEAK_3_322000_4097000_image.tif","Tree",1,322000,322999.999,4097000,4097999.999
"4027",4157,322212.514,322214.957,4097795.528,4097798.157,"Silva","NEON_D17_TEAK_DP1_322000_4097000_classified_point_cloud_colorized.laz","2018_TEAK_3_322000_4097000_image.tif","Tree",1,322000,322999.999,4097000,4097999.999
"4028",4158,322337.519,322343.865,4097794.112,4097802.481,"Silva","NEON_D17_TEAK_DP1_322000_4097000_classified_point_cloud_colorized.laz","2018_TEAK_3_322000_4097000_image.tif","Tree",1,322000,322999.999,4097000,4097999.999
"4029",4159,322565.286,322567.899,4097799.325,4097801.923,"Silva","NEON_D17_TEAK_DP1_322000_4097000_classified_point_cloud_colorized.laz","2018_TEAK_3_322000_4097000_image.tif","Tree",1,322000,322999.999,4097000,4097999.999
"4030",4160,322557.61,322559.487,4097799.236,4097802.249,"Silva","NEON_D17_TEAK_DP1_322000_4097000_classified_point_cloud_colorized.laz","2018_TEAK_3_322000_4097000_image.tif","Tree",1,322000,322999.999,4097000,4097999.999
"4031",4161,322321.055,322327.916,4097793.904,4097801.999,"Silva","NEON_D17_TEAK_DP1_322000_4097000_classified_point_cloud_colorized.laz","2018_TEAK_3_322000_4097000_image.tif","Tree",1,322000,322999.999,4097000,4097999.999
"4032",4162,322284.002,322291.971,4097792.697,4097800.461,"Silva","NEON_D17_TEAK_DP1_322000_4097000_classified_point_cloud_colorized.laz","2018_TEAK_3_322000_4097000_image.tif","Tree",1,322000,322999.999,4097000,4097999.999
"4033",4163,322246.722,322254.468,4097791.734,4097799.496,"Silva","NEON_D17_TEAK_DP1_322000_4097000_classified_point_cloud_colorized.laz","2018_TEAK_3_322000_4097000_image.tif","Tree",1,322000,322999.999,4097000,4097999.999
"4034",4164,322165.64,322171.978,4097790.528,4097798.493,"Silva","NEON_D17_TEAK_DP1_322000_4097000_classified_point_cloud_colorized.laz","2018_TEAK_3_322000_4097000_image.tif","Tree",1,322000,322999.999,4097000,4097999.999
"4035",4166,322730.528,322738.982,4097796.373,4097806.495,"Silva","NEON_D17_TEAK_DP1_322000_4097000_classified_point_cloud_colorized.laz","2018_TEAK_3_322000_4097000_image.tif","Tree",1,322000,322999.999,4097000,4097999.999
"4036",4167,322694.681,322701.902,4097796.268,4097804.989,"Silva","NEON_D17_TEAK_DP1_322000_4097000_classified_point_cloud_colorized.laz","2018_TEAK_3_322000_4097000_image.tif","Tree",1,322000,322999.999,4097000,4097999.999
"4037",4168,322267.713,322272.967,4097791.037,4097797.973,"Silva","NEON_D17_TEAK_DP1_322000_4097000_classified_point_cloud_colorized.laz","2018_TEAK_3_322000_4097000_image.tif","Tree",1,322000,322999.999,4097000,4097999.999
"4038",4169,322449.291,322457.333,4097791.614,4097800.28,"Silva","NEON_D17_TEAK_DP1_322000_4097000_classified_point_cloud_colorized.laz","2018_TEAK_3_322000_4097000_image.tif","Tree",1,322000,322999.999,4097000,4097999.999
"4039",4170,322435.529,322442.461,4097790.039,4097799.881,"Silva","NEON_D17_TEAK_DP1_322000_4097000_classified_point_cloud_colorized.laz","2018_TEAK_3_322000_4097000_image.tif","Tree",1,322000,322999.999,4097000,4097999.999
"4040",4171,322271.544,322277.474,4097789.543,4097797.923,"Silva","NEON_D17_TEAK_DP1_322000_4097000_classified_point_cloud_colorized.laz","2018_TEAK_3_322000_4097000_image.tif","Tree",1,322000,322999.999,4097000,4097999.999
"4041",4172,322226.066,322227.487,4097792.749,4097794.469,"Silva","NEON_D17_TEAK_DP1_322000_4097000_classified_point_cloud_colorized.laz","2018_TEAK_3_322000_4097000_image.tif","Tree",1,322000,322999.999,4097000,4097999.999
"4042",4173,322317.674,322324.427,4097789.54,4097796.418,"Silva","NEON_D17_TEAK_DP1_322000_4097000_classified_point_cloud_colorized.laz","2018_TEAK_3_322000_4097000_image.tif","Tree",1,322000,322999.999,4097000,4097999.999
"4043",4174,322356.467,322360.471,4097792.21,4097797.144,"Silva","NEON_D17_TEAK_DP1_322000_4097000_classified_point_cloud_colorized.laz","2018_TEAK_3_322000_4097000_image.tif","Tree",1,322000,322999.999,4097000,4097999.999
"4044",4175,322402.599,322410.078,4097792.034,4097798.834,"Silva","NEON_D17_TEAK_DP1_322000_4097000_classified_point_cloud_colorized.laz","2018_TEAK_3_322000_4097000_image.tif","Tree",1,322000,322999.999,4097000,4097999.999
"4045",4176,322724.514,322733.962,4097794.008,4097804.902,"Silva","NEON_D17_TEAK_DP1_322000_4097000_classified_point_cloud_colorized.laz","2018_TEAK_3_322000_4097000_image.tif","Tree",1,322000,322999.999,4097000,4097999.999
"4046",4177,322421.044,322427.899,4097789.293,4097798.38,"Silva","NEON_D17_TEAK_DP1_322000_4097000_classified_point_cloud_colorized.laz","2018_TEAK_3_322000_4097000_image.tif","Tree",1,322000,322999.999,4097000,4097999.999
"4047",4178,322149.894,322158.225,4097788.002,4097795.347,"Silva","NEON_D17_TEAK_DP1_322000_4097000_classified_point_cloud_colorized.laz","2018_TEAK_3_322000_4097000_image.tif","Tree",1,322000,322999.999,4097000,4097999.999
"4048",4179,322365.003,322365.897,4097792.839,4097795.335,"Silva","NEON_D17_TEAK_DP1_322000_4097000_classified_point_cloud_colorized.laz","2018_TEAK_3_322000_4097000_image.tif","Tree",1,322000,322999.999,4097000,4097999.999
"4049",4180,322552.583,322557.923,4097792.018,4097798.423,"Silva","NEON_D17_TEAK_DP1_322000_4097000_classified_point_cloud_colorized.laz","2018_TEAK_3_322000_4097000_image.tif","Tree",1,322000,322999.999,4097000,4097999.999
"4050",4181,322255.515,322259.478,4097787.528,4097794.994,"Silva","NEON_D17_TEAK_DP1_322000_4097000_classified_point_cloud_colorized.laz","2018_TEAK_3_322000_4097000_image.tif","Tree",1,322000,322999.999,4097000,4097999.999
"4051",4182,322592.578,322599.897,4097791.058,4097799.462,"Silva","NEON_D17_TEAK_DP1_322000_4097000_classified_point_cloud_colorized.laz","2018_TEAK_3_322000_4097000_image.tif","Tree",1,322000,322999.999,4097000,4097999.999
"4052",4183,322640.054,322646.479,4097790.775,4097797.375,"Silva","NEON_D17_TEAK_DP1_322000_4097000_classified_point_cloud_colorized.laz","2018_TEAK_3_322000_4097000_image.tif","Tree",1,322000,322999.999,4097000,4097999.999
"4053",4184,322568.791,322572.433,4097791.028,4097794.888,"Silva","NEON_D17_TEAK_DP1_322000_4097000_classified_point_cloud_colorized.laz","2018_TEAK_3_322000_4097000_image.tif","Tree",1,322000,322999.999,4097000,4097999.999
"4054",4185,322416.988,322425.47,4097786.783,4097794.478,"Silva","NEON_D17_TEAK_DP1_322000_4097000_classified_point_cloud_colorized.laz","2018_TEAK_3_322000_4097000_image.tif","Tree",1,322000,322999.999,4097000,4097999.999
"4055",4186,322311.52,322319.449,4097784.658,4097792.998,"Silva","NEON_D17_TEAK_DP1_322000_4097000_classified_point_cloud_colorized.laz","2018_TEAK_3_322000_4097000_image.tif","Tree",1,322000,322999.999,4097000,4097999.999
"4056",4187,322498.097,322505.723,4097787.049,4097794.482,"Silva","NEON_D17_TEAK_DP1_322000_4097000_classified_point_cloud_colorized.laz","2018_TEAK_3_322000_4097000_image.tif","Tree",1,322000,322999.999,4097000,4097999.999
"4057",4188,322264.8,322272.432,4097784.53,4097791.491,"Silva","NEON_D17_TEAK_DP1_322000_4097000_classified_point_cloud_colorized.laz","2018_TEAK_3_322000_4097000_image.tif","Tree",1,322000,322999.999,4097000,4097999.999
"4058",4189,322289.705,322294.995,4097784.366,4097790.611,"Silva","NEON_D17_TEAK_DP1_322000_4097000_classified_point_cloud_colorized.laz","2018_TEAK_3_322000_4097000_image.tif","Tree",1,322000,322999.999,4097000,4097999.999
"4059",4190,322445.161,322455.498,4097784.561,4097793.723,"Silva","NEON_D17_TEAK_DP1_322000_4097000_classified_point_cloud_colorized.laz","2018_TEAK_3_322000_4097000_image.tif","Tree",1,322000,322999.999,4097000,4097999.999
"4060",4191,322539.018,322546.981,4097787.004,4097795.44,"Silva","NEON_D17_TEAK_DP1_322000_4097000_classified_point_cloud_colorized.laz","2018_TEAK_3_322000_4097000_image.tif","Tree",1,322000,322999.999,4097000,4097999.999
"4061",4192,322572.015,322575.496,4097788.506,4097792.492,"Silva","NEON_D17_TEAK_DP1_322000_4097000_classified_point_cloud_colorized.laz","2018_TEAK_3_322000_4097000_image.tif","Tree",1,322000,322999.999,4097000,4097999.999
"4062",4193,322149.008,322156.974,4097780.002,4097787.996,"Silva","NEON_D17_TEAK_DP1_322000_4097000_classified_point_cloud_colorized.laz","2018_TEAK_3_322000_4097000_image.tif","Tree",1,322000,322999.999,4097000,4097999.999
"4063",4194,322157.003,322166.424,4097779.572,4097790.583,"Silva","NEON_D17_TEAK_DP1_322000_4097000_classified_point_cloud_colorized.laz","2018_TEAK_3_322000_4097000_image.tif","Tree",1,322000,322999.999,4097000,4097999.999
"4064",4195,322192.533,322199.427,4097781.512,4097788.83,"Silva","NEON_D17_TEAK_DP1_322000_4097000_classified_point_cloud_colorized.laz","2018_TEAK_3_322000_4097000_image.tif","Tree",1,322000,322999.999,4097000,4097999.999
"4065",4196,322359.252,322361.443,4097787.134,4097789.474,"Silva","NEON_D17_TEAK_DP1_322000_4097000_classified_point_cloud_colorized.laz","2018_TEAK_3_322000_4097000_image.tif","Tree",1,322000,322999.999,4097000,4097999.999
"4066",4197,322611.683,322616.875,4097787.56,4097792.636,"Silva","NEON_D17_TEAK_DP1_322000_4097000_classified_point_cloud_colorized.laz","2018_TEAK_3_322000_4097000_image.tif","Tree",1,322000,322999.999,4097000,4097999.999
"4067",4198,322635.599,322643.211,4097786.505,4097793.137,"Silva","NEON_D17_TEAK_DP1_322000_4097000_classified_point_cloud_colorized.laz","2018_TEAK_3_322000_4097000_image.tif","Tree",1,322000,322999.999,4097000,4097999.999
"4068",4199,322740.706,322748.057,4097787.073,4097794.999,"Silva","NEON_D17_TEAK_DP1_322000_4097000_classified_point_cloud_colorized.laz","2018_TEAK_3_322000_4097000_image.tif","Tree",1,322000,322999.999,4097000,4097999.999
"4069",4200,322704.542,322709.493,4097788.164,4097793.763,"Silva","NEON_D17_TEAK_DP1_322000_4097000_classified_point_cloud_colorized.laz","2018_TEAK_3_322000_4097000_image.tif","Tree",1,322000,322999.999,4097000,4097999.999
"4070",4201,322455.026,322465.452,4097784.058,4097793.383,"Silva","NEON_D17_TEAK_DP1_322000_4097000_classified_point_cloud_colorized.laz","2018_TEAK_3_322000_4097000_image.tif","Tree",1,322000,322999.999,4097000,4097999.999
"4071",4202,322412.072,322418.445,4097784.547,4097789.345,"Silva","NEON_D17_TEAK_DP1_322000_4097000_classified_point_cloud_colorized.laz","2018_TEAK_3_322000_4097000_image.tif","Tree",1,322000,322999.999,4097000,4097999.999
"4072",4203,322261.147,322268.431,4097780.7,4097786.931,"Silva","NEON_D17_TEAK_DP1_322000_4097000_classified_point_cloud_colorized.laz","2018_TEAK_3_322000_4097000_image.tif","Tree",1,322000,322999.999,4097000,4097999.999
"4073",4204,322307.597,322313.962,4097781.241,4097787.841,"Silva","NEON_D17_TEAK_DP1_322000_4097000_classified_point_cloud_colorized.laz","2018_TEAK_3_322000_4097000_image.tif","Tree",1,322000,322999.999,4097000,4097999.999
"4074",4205,322579.05,322587.477,4097782.609,4097791.41,"Silva","NEON_D17_TEAK_DP1_322000_4097000_classified_point_cloud_colorized.laz","2018_TEAK_3_322000_4097000_image.tif","Tree",1,322000,322999.999,4097000,4097999.999
"4075",4206,322689.573,322696.979,4097784.171,4097791.275,"Silva","NEON_D17_TEAK_DP1_322000_4097000_classified_point_cloud_colorized.laz","2018_TEAK_3_322000_4097000_image.tif","Tree",1,322000,322999.999,4097000,4097999.999
"4076",4207,322714.579,322718.777,4097787.027,4097790.618,"Silva","NEON_D17_TEAK_DP1_322000_4097000_classified_point_cloud_colorized.laz","2018_TEAK_3_322000_4097000_image.tif","Tree",1,322000,322999.999,4097000,4097999.999
"4077",4208,322747.574,322755.969,4097784.645,4097792.799,"Silva","NEON_D17_TEAK_DP1_322000_4097000_classified_point_cloud_colorized.laz","2018_TEAK_3_322000_4097000_image.tif","Tree",1,322000,322999.999,4097000,4097999.999
"4078",4209,322719.665,322726.438,4097785.101,4097791.969,"Silva","NEON_D17_TEAK_DP1_322000_4097000_classified_point_cloud_colorized.laz","2018_TEAK_3_322000_4097000_image.tif","Tree",1,322000,322999.999,4097000,4097999.999
"4079",4210,322273.753,322275.44,4097782.334,4097784.383,"Silva","NEON_D17_TEAK_DP1_322000_4097000_classified_point_cloud_colorized.laz","2018_TEAK_3_322000_4097000_image.tif","Tree",1,322000,322999.999,4097000,4097999.999
"4080",4211,322186.566,322191.966,4097779.035,4097784.966,"Silva","NEON_D17_TEAK_DP1_322000_4097000_classified_point_cloud_colorized.laz","2018_TEAK_3_322000_4097000_image.tif","Tree",1,322000,322999.999,4097000,4097999.999
"4081",4212,322378.182,322383.757,4097780.54,4097786.829,"Silva","NEON_D17_TEAK_DP1_322000_4097000_classified_point_cloud_colorized.laz","2018_TEAK_3_322000_4097000_image.tif","Tree",1,322000,322999.999,4097000,4097999.999
"4082",4213,322647.501,322652.919,4097782.581,4097789.223,"Silva","NEON_D17_TEAK_DP1_322000_4097000_classified_point_cloud_colorized.laz","2018_TEAK_3_322000_4097000_image.tif","Tree",1,322000,322999.999,4097000,4097999.999
"4083",4214,322285.152,322293.993,4097775.509,4097785.213,"Silva","NEON_D17_TEAK_DP1_322000_4097000_classified_point_cloud_colorized.laz","2018_TEAK_3_322000_4097000_image.tif","Tree",1,322000,322999.999,4097000,4097999.999
"4084",4215,322414.357,322421.964,4097779.535,4097782.705,"Silva","NEON_D17_TEAK_DP1_322000_4097000_classified_point_cloud_colorized.laz","2018_TEAK_3_322000_4097000_image.tif","Tree",1,322000,322999.999,4097000,4097999.999
"4085",4216,322690.014,322698.454,4097779.531,4097787.962,"Silva","NEON_D17_TEAK_DP1_322000_4097000_classified_point_cloud_colorized.laz","2018_TEAK_3_322000_4097000_image.tif","Tree",1,322000,322999.999,4097000,4097999.999
"4086",4217,322567.017,322570.416,4097781.054,4097784.497,"Silva","NEON_D17_TEAK_DP1_322000_4097000_classified_point_cloud_colorized.laz","2018_TEAK_3_322000_4097000_image.tif","Tree",1,322000,322999.999,4097000,4097999.999
"4087",4219,322219.802,322228.957,4097776.001,4097782.987,"Silva","NEON_D17_TEAK_DP1_322000_4097000_classified_point_cloud_colorized.laz","2018_TEAK_3_322000_4097000_image.tif","Tree",1,322000,322999.999,4097000,4097999.999
"4088",4220,322457.227,322464.46,4097774.076,4097783.816,"Silva","NEON_D17_TEAK_DP1_322000_4097000_classified_point_cloud_colorized.laz","2018_TEAK_3_322000_4097000_image.tif","Tree",1,322000,322999.999,4097000,4097999.999
"4089",4221,322279.036,322286.406,4097775.516,4097782.124,"Silva","NEON_D17_TEAK_DP1_322000_4097000_classified_point_cloud_colorized.laz","2018_TEAK_3_322000_4097000_image.tif","Tree",1,322000,322999.999,4097000,4097999.999
"4090",4222,322701.154,322707.462,4097778.506,4097784.973,"Silva","NEON_D17_TEAK_DP1_322000_4097000_classified_point_cloud_colorized.laz","2018_TEAK_3_322000_4097000_image.tif","Tree",1,322000,322999.999,4097000,4097999.999
"4091",4223,322660.531,322669.948,4097775.542,4097785.992,"Silva","NEON_D17_TEAK_DP1_322000_4097000_classified_point_cloud_colorized.laz","2018_TEAK_3_322000_4097000_image.tif","Tree",1,322000,322999.999,4097000,4097999.999
"4092",4225,322304.55,322311.703,4097774.16,4097781.439,"Silva","NEON_D17_TEAK_DP1_322000_4097000_classified_point_cloud_colorized.laz","2018_TEAK_3_322000_4097000_image.tif","Tree",1,322000,322999.999,4097000,4097999.999
"4093",4226,322736.67,322744.288,4097778.029,4097785.403,"Silva","NEON_D17_TEAK_DP1_322000_4097000_classified_point_cloud_colorized.laz","2018_TEAK_3_322000_4097000_image.tif","Tree",1,322000,322999.999,4097000,4097999.999
"4094",4227,322345.027,322348.956,4097774.672,4097778.701,"Silva","NEON_D17_TEAK_DP1_322000_4097000_classified_point_cloud_colorized.laz","2018_TEAK_3_322000_4097000_image.tif","Tree",1,322000,322999.999,4097000,4097999.999
"4095",4228,322396.164,322404.993,4097774.504,4097782.49,"Silva","NEON_D17_TEAK_DP1_322000_4097000_classified_point_cloud_colorized.laz","2018_TEAK_3_322000_4097000_image.tif","Tree",1,322000,322999.999,4097000,4097999.999
"4096",4229,322691.582,322698.796,4097778.032,4097782.922,"Silva","NEON_D17_TEAK_DP1_322000_4097000_classified_point_cloud_colorized.laz","2018_TEAK_3_322000_4097000_image.tif","Tree",1,322000,322999.999,4097000,4097999.999
"4097",4230,322751.038,322756.931,4097777.501,4097782.897,"Silva","NEON_D17_TEAK_DP1_322000_4097000_classified_point_cloud_colorized.laz","2018_TEAK_3_322000_4097000_image.tif","Tree",1,322000,322999.999,4097000,4097999.999
"4098",4231,322404.556,322413.433,4097773.1,4097781.978,"Silva","NEON_D17_TEAK_DP1_322000_4097000_classified_point_cloud_colorized.laz","2018_TEAK_3_322000_4097000_image.tif","Tree",1,322000,322999.999,4097000,4097999.999
"4099",4232,322352.714,322359.48,4097772.604,4097779.797,"Silva","NEON_D17_TEAK_DP1_322000_4097000_classified_point_cloud_colorized.laz","2018_TEAK_3_322000_4097000_image.tif","Tree",1,322000,322999.999,4097000,4097999.999
"4100",4233,322222.219,322227.83,4097772.729,4097775.993,"Silva","NEON_D17_TEAK_DP1_322000_4097000_classified_point_cloud_colorized.laz","2018_TEAK_3_322000_4097000_image.tif","Tree",1,322000,322999.999,4097000,4097999.999
"4101",4234,322169.803,322175.467,4097770.623,4097779.403,"Silva","NEON_D17_TEAK_DP1_322000_4097000_classified_point_cloud_colorized.laz","2018_TEAK_3_322000_4097000_image.tif","Tree",1,322000,322999.999,4097000,4097999.999
"4102",4235,322711.506,322719.373,4097772.586,4097781.709,"Silva","NEON_D17_TEAK_DP1_322000_4097000_classified_point_cloud_colorized.laz","2018_TEAK_3_322000_4097000_image.tif","Tree",1,322000,322999.999,4097000,4097999.999
"4103",4236,322743.514,322747.907,4097774.842,4097779.863,"Silva","NEON_D17_TEAK_DP1_322000_4097000_classified_point_cloud_colorized.laz","2018_TEAK_3_322000_4097000_image.tif","Tree",1,322000,322999.999,4097000,4097999.999
"4104",4237,322628.15,322637.439,4097772.474,4097779.992,"Silva","NEON_D17_TEAK_DP1_322000_4097000_classified_point_cloud_colorized.laz","2018_TEAK_3_322000_4097000_image.tif","Tree",1,322000,322999.999,4097000,4097999.999
"4105",4238,322512.163,322518.622,4097770.513,4097779.982,"Silva","NEON_D17_TEAK_DP1_322000_4097000_classified_point_cloud_colorized.laz","2018_TEAK_3_322000_4097000_image.tif","Tree",1,322000,322999.999,4097000,4097999.999
"4106",4239,322391.652,322396.652,4097770.749,4097776.962,"Silva","NEON_D17_TEAK_DP1_322000_4097000_classified_point_cloud_colorized.laz","2018_TEAK_3_322000_4097000_image.tif","Tree",1,322000,322999.999,4097000,4097999.999
"4107",4240,322193.138,322198.443,4097770.442,4097776.385,"Silva","NEON_D17_TEAK_DP1_322000_4097000_classified_point_cloud_colorized.laz","2018_TEAK_3_322000_4097000_image.tif","Tree",1,322000,322999.999,4097000,4097999.999
"4108",4241,322251.092,322258.422,4097767.068,4097775.914,"Silva","NEON_D17_TEAK_DP1_322000_4097000_classified_point_cloud_colorized.laz","2018_TEAK_3_322000_4097000_image.tif","Tree",1,322000,322999.999,4097000,4097999.999
"4109",4242,322725.001,322731.076,4097770.653,4097775.063,"Silva","NEON_D17_TEAK_DP1_322000_4097000_classified_point_cloud_colorized.laz","2018_TEAK_3_322000_4097000_image.tif","Tree",1,322000,322999.999,4097000,4097999.999
"4110",4243,322386.168,322393.969,4097767.715,4097773.348,"Silva","NEON_D17_TEAK_DP1_322000_4097000_classified_point_cloud_colorized.laz","2018_TEAK_3_322000_4097000_image.tif","Tree",1,322000,322999.999,4097000,4097999.999
"4111",4244,322292.048,322298.854,4097766.063,4097773.827,"Silva","NEON_D17_TEAK_DP1_322000_4097000_classified_point_cloud_colorized.laz","2018_TEAK_3_322000_4097000_image.tif","Tree",1,322000,322999.999,4097000,4097999.999
"4112",4245,322309.632,322313.222,4097767.535,4097771.692,"Silva","NEON_D17_TEAK_DP1_322000_4097000_classified_point_cloud_colorized.laz","2018_TEAK_3_322000_4097000_image.tif","Tree",1,322000,322999.999,4097000,4097999.999
"4113",4246,322408.517,322414.495,4097766.663,4097773.439,"Silva","NEON_D17_TEAK_DP1_322000_4097000_classified_point_cloud_colorized.laz","2018_TEAK_3_322000_4097000_image.tif","Tree",1,322000,322999.999,4097000,4097999.999
"4114",4247,322458.821,322467.252,4097768.57,4097774.369,"Silva","NEON_D17_TEAK_DP1_322000_4097000_classified_point_cloud_colorized.laz","2018_TEAK_3_322000_4097000_image.tif","Tree",1,322000,322999.999,4097000,4097999.999
"4115",4248,322746.064,322753.898,4097767.024,4097774.876,"Silva","NEON_D17_TEAK_DP1_322000_4097000_classified_point_cloud_colorized.laz","2018_TEAK_3_322000_4097000_image.tif","Tree",1,322000,322999.999,4097000,4097999.999
"4116",4249,322593.046,322598.917,4097767.277,4097772.776,"Silva","NEON_D17_TEAK_DP1_322000_4097000_classified_point_cloud_colorized.laz","2018_TEAK_3_322000_4097000_image.tif","Tree",1,322000,322999.999,4097000,4097999.999
"4117",4250,322567.857,322573.547,4097766.316,4097772.919,"Silva","NEON_D17_TEAK_DP1_322000_4097000_classified_point_cloud_colorized.laz","2018_TEAK_3_322000_4097000_image.tif","Tree",1,322000,322999.999,4097000,4097999.999
"4118",4251,322167.553,322173.989,4097763.184,4097769.877,"Silva","NEON_D17_TEAK_DP1_322000_4097000_classified_point_cloud_colorized.laz","2018_TEAK_3_322000_4097000_image.tif","Tree",1,322000,322999.999,4097000,4097999.999
"4119",4252,322156.021,322162.475,4097762.034,4097770.923,"Silva","NEON_D17_TEAK_DP1_322000_4097000_classified_point_cloud_colorized.laz","2018_TEAK_3_322000_4097000_image.tif","Tree",1,322000,322999.999,4097000,4097999.999
"4120",4253,322186.761,322193.871,4097764.561,4097769.68,"Silva","NEON_D17_TEAK_DP1_322000_4097000_classified_point_cloud_colorized.laz","2018_TEAK_3_322000_4097000_image.tif","Tree",1,322000,322999.999,4097000,4097999.999
"4121",4254,322197.599,322206.446,4097763.014,4097771.475,"Silva","NEON_D17_TEAK_DP1_322000_4097000_classified_point_cloud_colorized.laz","2018_TEAK_3_322000_4097000_image.tif","Tree",1,322000,322999.999,4097000,4097999.999
"4122",4256,322646.575,322653.975,4097764.724,4097772.33,"Silva","NEON_D17_TEAK_DP1_322000_4097000_classified_point_cloud_colorized.laz","2018_TEAK_3_322000_4097000_image.tif","Tree",1,322000,322999.999,4097000,4097999.999
"4123",4257,322638.111,322646.431,4097765.512,4097773.429,"Silva","NEON_D17_TEAK_DP1_322000_4097000_classified_point_cloud_colorized.laz","2018_TEAK_3_322000_4097000_image.tif","Tree",1,322000,322999.999,4097000,4097999.999
"4124",4258,322483.802,322490.379,4097762.705,4097772.413,"Silva","NEON_D17_TEAK_DP1_322000_4097000_classified_point_cloud_colorized.laz","2018_TEAK_3_322000_4097000_image.tif","Tree",1,322000,322999.999,4097000,4097999.999
"4125",4259,322461.552,322470.985,4097763.869,4097769.476,"Silva","NEON_D17_TEAK_DP1_322000_4097000_classified_point_cloud_colorized.laz","2018_TEAK_3_322000_4097000_image.tif","Tree",1,322000,322999.999,4097000,4097999.999
"4126",4260,322411.692,322419.989,4097764.143,4097770.924,"Silva","NEON_D17_TEAK_DP1_322000_4097000_classified_point_cloud_colorized.laz","2018_TEAK_3_322000_4097000_image.tif","Tree",1,322000,322999.999,4097000,4097999.999
"4127",4261,322348.505,322357.366,4097762.11,4097770.638,"Silva","NEON_D17_TEAK_DP1_322000_4097000_classified_point_cloud_colorized.laz","2018_TEAK_3_322000_4097000_image.tif","Tree",1,322000,322999.999,4097000,4097999.999
"4128",4262,322143.617,322149.838,4097766.663,4097769.669,"Silva","NEON_D17_TEAK_DP1_322000_4097000_classified_point_cloud_colorized.laz","2018_TEAK_3_322000_4097000_image.tif","Tree",1,322000,322999.999,4097000,4097999.999
"4129",4263,322266.559,322277.878,4097762.139,4097769.996,"Silva","NEON_D17_TEAK_DP1_322000_4097000_classified_point_cloud_colorized.laz","2018_TEAK_3_322000_4097000_image.tif","Tree",1,322000,322999.999,4097000,4097999.999
"4130",4264,322391.074,322398.028,4097761.629,4097770.197,"Silva","NEON_D17_TEAK_DP1_322000_4097000_classified_point_cloud_colorized.laz","2018_TEAK_3_322000_4097000_image.tif","Tree",1,322000,322999.999,4097000,4097999.999
"4131",4265,322498.536,322506.14,4097762.078,4097769.829,"Silva","NEON_D17_TEAK_DP1_322000_4097000_classified_point_cloud_colorized.laz","2018_TEAK_3_322000_4097000_image.tif","Tree",1,322000,322999.999,4097000,4097999.999
"4132",4266,322440.001,322446.442,4097763.677,4097771.49,"Silva","NEON_D17_TEAK_DP1_322000_4097000_classified_point_cloud_colorized.laz","2018_TEAK_3_322000_4097000_image.tif","Tree",1,322000,322999.999,4097000,4097999.999
"4133",4267,322161.138,322169.903,4097758.509,4097768.794,"Silva","NEON_D17_TEAK_DP1_322000_4097000_classified_point_cloud_colorized.laz","2018_TEAK_3_322000_4097000_image.tif","Tree",1,322000,322999.999,4097000,4097999.999
"4134",4268,322384.521,322391.814,4097761.6,4097769.468,"Silva","NEON_D17_TEAK_DP1_322000_4097000_classified_point_cloud_colorized.laz","2018_TEAK_3_322000_4097000_image.tif","Tree",1,322000,322999.999,4097000,4097999.999
"4135",4269,322432.034,322440.425,4097761.651,4097771.232,"Silva","NEON_D17_TEAK_DP1_322000_4097000_classified_point_cloud_colorized.laz","2018_TEAK_3_322000_4097000_image.tif","Tree",1,322000,322999.999,4097000,4097999.999
"4136",4270,322488.024,322495.977,4097761.769,4097770.699,"Silva","NEON_D17_TEAK_DP1_322000_4097000_classified_point_cloud_colorized.laz","2018_TEAK_3_322000_4097000_image.tif","Tree",1,322000,322999.999,4097000,4097999.999
"4137",4271,322618.078,322624.926,4097761.504,4097770.283,"Silva","NEON_D17_TEAK_DP1_322000_4097000_classified_point_cloud_colorized.laz","2018_TEAK_3_322000_4097000_image.tif","Tree",1,322000,322999.999,4097000,4097999.999
"4138",4272,322710.272,322717.471,4097761.286,4097771.946,"Silva","NEON_D17_TEAK_DP1_322000_4097000_classified_point_cloud_colorized.laz","2018_TEAK_3_322000_4097000_image.tif","Tree",1,322000,322999.999,4097000,4097999.999
"4139",4273,322744.098,322750.483,4097763.805,4097769.868,"Silva","NEON_D17_TEAK_DP1_322000_4097000_classified_point_cloud_colorized.laz","2018_TEAK_3_322000_4097000_image.tif","Tree",1,322000,322999.999,4097000,4097999.999
"4140",4274,322577.56,322587.211,4097760.545,4097769.749,"Silva","NEON_D17_TEAK_DP1_322000_4097000_classified_point_cloud_colorized.laz","2018_TEAK_3_322000_4097000_image.tif","Tree",1,322000,322999.999,4097000,4097999.999
"4141",4275,322231.13,322236.455,4097765.011,4097768.437,"Silva","NEON_D17_TEAK_DP1_322000_4097000_classified_point_cloud_colorized.laz","2018_TEAK_3_322000_4097000_image.tif","Tree",1,322000,322999.999,4097000,4097999.999
"4142",4276,322190.015,322195.889,4097759.502,4097765.98,"Silva","NEON_D17_TEAK_DP1_322000_4097000_classified_point_cloud_colorized.laz","2018_TEAK_3_322000_4097000_image.tif","Tree",1,322000,322999.999,4097000,4097999.999
"4143",4277,322293.566,322300.977,4097759.028,4097767.458,"Silva","NEON_D17_TEAK_DP1_322000_4097000_classified_point_cloud_colorized.laz","2018_TEAK_3_322000_4097000_image.tif","Tree",1,322000,322999.999,4097000,4097999.999
"4144",4278,322326.544,322327.23,4097763.847,4097764.428,"Silva","NEON_D17_TEAK_DP1_322000_4097000_classified_point_cloud_colorized.laz","2018_TEAK_3_322000_4097000_image.tif","Tree",1,322000,322999.999,4097000,4097999.999
"4145",4279,322342.055,322349.854,4097759.608,4097767.993,"Silva","NEON_D17_TEAK_DP1_322000_4097000_classified_point_cloud_colorized.laz","2018_TEAK_3_322000_4097000_image.tif","Tree",1,322000,322999.999,4097000,4097999.999
"4146",4280,322529.067,322536.867,4097760.503,4097768.734,"Silva","NEON_D17_TEAK_DP1_322000_4097000_classified_point_cloud_colorized.laz","2018_TEAK_3_322000_4097000_image.tif","Tree",1,322000,322999.999,4097000,4097999.999
"4147",4281,322622.801,322628.465,4097761.022,4097768.489,"Silva","NEON_D17_TEAK_DP1_322000_4097000_classified_point_cloud_colorized.laz","2018_TEAK_3_322000_4097000_image.tif","Tree",1,322000,322999.999,4097000,4097999.999
"4148",4282,322696.513,322705.792,4097761.565,4097768.577,"Silva","NEON_D17_TEAK_DP1_322000_4097000_classified_point_cloud_colorized.laz","2018_TEAK_3_322000_4097000_image.tif","Tree",1,322000,322999.999,4097000,4097999.999
"4149",4283,322714.286,322722.459,4097761.011,4097771.916,"Silva","NEON_D17_TEAK_DP1_322000_4097000_classified_point_cloud_colorized.laz","2018_TEAK_3_322000_4097000_image.tif","Tree",1,322000,322999.999,4097000,4097999.999
"4150",4284,322454.015,322460.95,4097760.02,4097768.236,"Silva","NEON_D17_TEAK_DP1_322000_4097000_classified_point_cloud_colorized.laz","2018_TEAK_3_322000_4097000_image.tif","Tree",1,322000,322999.999,4097000,4097999.999
"4151",4285,322419.047,322427.956,4097759.08,4097768.787,"Silva","NEON_D17_TEAK_DP1_322000_4097000_classified_point_cloud_colorized.laz","2018_TEAK_3_322000_4097000_image.tif","Tree",1,322000,322999.999,4097000,4097999.999
"4152",4286,322397.425,322404.719,4097759.555,4097767.909,"Silva","NEON_D17_TEAK_DP1_322000_4097000_classified_point_cloud_colorized.laz","2018_TEAK_3_322000_4097000_image.tif","Tree",1,322000,322999.999,4097000,4097999.999
"4153",4287,322247.541,322254.84,4097758.611,4097765.943,"Silva","NEON_D17_TEAK_DP1_322000_4097000_classified_point_cloud_colorized.laz","2018_TEAK_3_322000_4097000_image.tif","Tree",1,322000,322999.999,4097000,4097999.999
"4154",4288,322201.042,322208.715,4097755.8,4097766.989,"Silva","NEON_D17_TEAK_DP1_322000_4097000_classified_point_cloud_colorized.laz","2018_TEAK_3_322000_4097000_image.tif","Tree",1,322000,322999.999,4097000,4097999.999
"4155",4289,322628.573,322633.949,4097760.133,4097766.328,"Silva","NEON_D17_TEAK_DP1_322000_4097000_classified_point_cloud_colorized.laz","2018_TEAK_3_322000_4097000_image.tif","Tree",1,322000,322999.999,4097000,4097999.999
"4156",4290,322633.522,322637.406,4097760.726,4097766.367,"Silva","NEON_D17_TEAK_DP1_322000_4097000_classified_point_cloud_colorized.laz","2018_TEAK_3_322000_4097000_image.tif","Tree",1,322000,322999.999,4097000,4097999.999
"4157",4291,322253.147,322258.887,4097758.003,4097763.924,"Silva","NEON_D17_TEAK_DP1_322000_4097000_classified_point_cloud_colorized.laz","2018_TEAK_3_322000_4097000_image.tif","Tree",1,322000,322999.999,4097000,4097999.999
"4158",4292,322194.024,322201.334,4097756.571,4097764.847,"Silva","NEON_D17_TEAK_DP1_322000_4097000_classified_point_cloud_colorized.laz","2018_TEAK_3_322000_4097000_image.tif","Tree",1,322000,322999.999,4097000,4097999.999
"4159",4293,322413.663,322420.37,4097758.519,4097764.851,"Silva","NEON_D17_TEAK_DP1_322000_4097000_classified_point_cloud_colorized.laz","2018_TEAK_3_322000_4097000_image.tif","Tree",1,322000,322999.999,4097000,4097999.999
"4160",4294,322723.533,322730.485,4097758.529,4097766.412,"Silva","NEON_D17_TEAK_DP1_322000_4097000_classified_point_cloud_colorized.laz","2018_TEAK_3_322000_4097000_image.tif","Tree",1,322000,322999.999,4097000,4097999.999
"4161",4295,322735.758,322742.351,4097758.545,4097767.297,"Silva","NEON_D17_TEAK_DP1_322000_4097000_classified_point_cloud_colorized.laz","2018_TEAK_3_322000_4097000_image.tif","Tree",1,322000,322999.999,4097000,4097999.999
"4162",4296,322581.553,322592.474,4097759.172,4097767.365,"Silva","NEON_D17_TEAK_DP1_322000_4097000_classified_point_cloud_colorized.laz","2018_TEAK_3_322000_4097000_image.tif","Tree",1,322000,322999.999,4097000,4097999.999
"4163",4297,322463.727,322473.366,4097757.541,4097765.499,"Silva","NEON_D17_TEAK_DP1_322000_4097000_classified_point_cloud_colorized.laz","2018_TEAK_3_322000_4097000_image.tif","Tree",1,322000,322999.999,4097000,4097999.999
"4164",4298,322217.051,322220.802,4097758.19,4097761.932,"Silva","NEON_D17_TEAK_DP1_322000_4097000_classified_point_cloud_colorized.laz","2018_TEAK_3_322000_4097000_image.tif","Tree",1,322000,322999.999,4097000,4097999.999
"4165",4299,322380.836,322391.145,4097754.539,4097763.488,"Silva","NEON_D17_TEAK_DP1_322000_4097000_classified_point_cloud_colorized.laz","2018_TEAK_3_322000_4097000_image.tif","Tree",1,322000,322999.999,4097000,4097999.999
"4166",4300,322511.066,322519.481,4097756.72,4097764.376,"Silva","NEON_D17_TEAK_DP1_322000_4097000_classified_point_cloud_colorized.laz","2018_TEAK_3_322000_4097000_image.tif","Tree",1,322000,322999.999,4097000,4097999.999
"4167",4301,322666.595,322675.87,4097756.742,4097766.931,"Silva","NEON_D17_TEAK_DP1_322000_4097000_classified_point_cloud_colorized.laz","2018_TEAK_3_322000_4097000_image.tif","Tree",1,322000,322999.999,4097000,4097999.999
"4168",4302,322645.566,322652.465,4097758.512,4097764.649,"Silva","NEON_D17_TEAK_DP1_322000_4097000_classified_point_cloud_colorized.laz","2018_TEAK_3_322000_4097000_image.tif","Tree",1,322000,322999.999,4097000,4097999.999
"4169",4303,322425.505,322432.988,4097756.141,4097765.034,"Silva","NEON_D17_TEAK_DP1_322000_4097000_classified_point_cloud_colorized.laz","2018_TEAK_3_322000_4097000_image.tif","Tree",1,322000,322999.999,4097000,4097999.999
"4170",4304,322327.03,322327.572,4097758.848,4097759.473,"Silva","NEON_D17_TEAK_DP1_322000_4097000_classified_point_cloud_colorized.laz","2018_TEAK_3_322000_4097000_image.tif","Tree",1,322000,322999.999,4097000,4097999.999
"4171",4305,322150.541,322158.449,4097752.933,4097762.457,"Silva","NEON_D17_TEAK_DP1_322000_4097000_classified_point_cloud_colorized.laz","2018_TEAK_3_322000_4097000_image.tif","Tree",1,322000,322999.999,4097000,4097999.999
"4172",4307,322693.542,322702.684,4097755.63,4097763.998,"Silva","NEON_D17_TEAK_DP1_322000_4097000_classified_point_cloud_colorized.laz","2018_TEAK_3_322000_4097000_image.tif","Tree",1,322000,322999.999,4097000,4097999.999
"4173",4308,322746.512,322752.956,4097757.256,4097763.885,"Silva","NEON_D17_TEAK_DP1_322000_4097000_classified_point_cloud_colorized.laz","2018_TEAK_3_322000_4097000_image.tif","Tree",1,322000,322999.999,4097000,4097999.999
"4174",4309,322753.198,322758.715,4097758.564,4097762.733,"Silva","NEON_D17_TEAK_DP1_322000_4097000_classified_point_cloud_colorized.laz","2018_TEAK_3_322000_4097000_image.tif","Tree",1,322000,322999.999,4097000,4097999.999
"4175",4310,322502.252,322507.893,4097755.531,4097762.846,"Silva","NEON_D17_TEAK_DP1_322000_4097000_classified_point_cloud_colorized.laz","2018_TEAK_3_322000_4097000_image.tif","Tree",1,322000,322999.999,4097000,4097999.999
"4176",4311,322646.653,322653.479,4097755.554,4097760.475,"Silva","NEON_D17_TEAK_DP1_322000_4097000_classified_point_cloud_colorized.laz","2018_TEAK_3_322000_4097000_image.tif","Tree",1,322000,322999.999,4097000,4097999.999
"4177",4312,322582.064,322593.947,4097752.611,4097760.864,"Silva","NEON_D17_TEAK_DP1_322000_4097000_classified_point_cloud_colorized.laz","2018_TEAK_3_322000_4097000_image.tif","Tree",1,322000,322999.999,4097000,4097999.999
"4178",4313,322299.586,322305.463,4097755.252,4097760.957,"Silva","NEON_D17_TEAK_DP1_322000_4097000_classified_point_cloud_colorized.laz","2018_TEAK_3_322000_4097000_image.tif","Tree",1,322000,322999.999,4097000,4097999.999
"4179",4314,322253.551,322260.479,4097752.444,4097758.95,"Silva","NEON_D17_TEAK_DP1_322000_4097000_classified_point_cloud_colorized.laz","2018_TEAK_3_322000_4097000_image.tif","Tree",1,322000,322999.999,4097000,4097999.999
"4180",4315,322401.105,322409.904,4097752.185,4097758.457,"Silva","NEON_D17_TEAK_DP1_322000_4097000_classified_point_cloud_colorized.laz","2018_TEAK_3_322000_4097000_image.tif","Tree",1,322000,322999.999,4097000,4097999.999
"4181",4316,322435.523,322437.444,4097755.211,4097756.657,"Silva","NEON_D17_TEAK_DP1_322000_4097000_classified_point_cloud_colorized.laz","2018_TEAK_3_322000_4097000_image.tif","Tree",1,322000,322999.999,4097000,4097999.999
"4182",4317,322571.696,322574.866,4097755.024,4097758.933,"Silva","NEON_D17_TEAK_DP1_322000_4097000_classified_point_cloud_colorized.laz","2018_TEAK_3_322000_4097000_image.tif","Tree",1,322000,322999.999,4097000,4097999.999
"4183",4318,322622.039,322628.335,4097752.327,4097760.972,"Silva","NEON_D17_TEAK_DP1_322000_4097000_classified_point_cloud_colorized.laz","2018_TEAK_3_322000_4097000_image.tif","Tree",1,322000,322999.999,4097000,4097999.999
"4184",4319,322729.005,322736.65,4097753.102,4097759.974,"Silva","NEON_D17_TEAK_DP1_322000_4097000_classified_point_cloud_colorized.laz","2018_TEAK_3_322000_4097000_image.tif","Tree",1,322000,322999.999,4097000,4097999.999
"4185",4320,322652.644,322657.776,4097753.509,4097760.038,"Silva","NEON_D17_TEAK_DP1_322000_4097000_classified_point_cloud_colorized.laz","2018_TEAK_3_322000_4097000_image.tif","Tree",1,322000,322999.999,4097000,4097999.999
"4186",4321,322417.127,322418.722,4097757.422,4097758.474,"Silva","NEON_D17_TEAK_DP1_322000_4097000_classified_point_cloud_colorized.laz","2018_TEAK_3_322000_4097000_image.tif","Tree",1,322000,322999.999,4097000,4097999.999
"4187",4322,322394.46,322394.999,4097754.236,4097755.704,"Silva","NEON_D17_TEAK_DP1_322000_4097000_classified_point_cloud_colorized.laz","2018_TEAK_3_322000_4097000_image.tif","Tree",1,322000,322999.999,4097000,4097999.999
"4188",4324,322625.627,322633.895,4097751.505,4097759.99,"Silva","NEON_D17_TEAK_DP1_322000_4097000_classified_point_cloud_colorized.laz","2018_TEAK_3_322000_4097000_image.tif","Tree",1,322000,322999.999,4097000,4097999.999
"4189",4325,322713.864,322721.389,4097753.016,4097758.726,"Silva","NEON_D17_TEAK_DP1_322000_4097000_classified_point_cloud_colorized.laz","2018_TEAK_3_322000_4097000_image.tif","Tree",1,322000,322999.999,4097000,4097999.999
"4190",4326,322548.117,322558.449,4097749.017,4097760.386,"Silva","NEON_D17_TEAK_DP1_322000_4097000_classified_point_cloud_colorized.laz","2018_TEAK_3_322000_4097000_image.tif","Tree",1,322000,322999.999,4097000,4097999.999
"4191",4327,322420.541,322426.387,4097755.258,4097758.448,"Silva","NEON_D17_TEAK_DP1_322000_4097000_classified_point_cloud_colorized.laz","2018_TEAK_3_322000_4097000_image.tif","Tree",1,322000,322999.999,4097000,4097999.999
"4192",4328,322190.156,322197.878,4097749.533,4097757.99,"Silva","NEON_D17_TEAK_DP1_322000_4097000_classified_point_cloud_colorized.laz","2018_TEAK_3_322000_4097000_image.tif","Tree",1,322000,322999.999,4097000,4097999.999
"4193",4329,322228.122,322231.846,4097752.267,4097753.722,"Silva","NEON_D17_TEAK_DP1_322000_4097000_classified_point_cloud_colorized.laz","2018_TEAK_3_322000_4097000_image.tif","Tree",1,322000,322999.999,4097000,4097999.999
"4194",4330,322337.775,322339.291,4097752.858,4097754.478,"Silva","NEON_D17_TEAK_DP1_322000_4097000_classified_point_cloud_colorized.laz","2018_TEAK_3_322000_4097000_image.tif","Tree",1,322000,322999.999,4097000,4097999.999
"4195",4331,322745.473,322753.944,4097749.623,4097757.487,"Silva","NEON_D17_TEAK_DP1_322000_4097000_classified_point_cloud_colorized.laz","2018_TEAK_3_322000_4097000_image.tif","Tree",1,322000,322999.999,4097000,4097999.999
"4196",4332,322737.175,322742.961,4097751.663,4097757.489,"Silva","NEON_D17_TEAK_DP1_322000_4097000_classified_point_cloud_colorized.laz","2018_TEAK_3_322000_4097000_image.tif","Tree",1,322000,322999.999,4097000,4097999.999
"4197",4333,322467.577,322477.464,4097747.599,4097757.463,"Silva","NEON_D17_TEAK_DP1_322000_4097000_classified_point_cloud_colorized.laz","2018_TEAK_3_322000_4097000_image.tif","Tree",1,322000,322999.999,4097000,4097999.999
"4198",4335,322425.536,322429.714,4097750.56,4097754.989,"Silva","NEON_D17_TEAK_DP1_322000_4097000_classified_point_cloud_colorized.laz","2018_TEAK_3_322000_4097000_image.tif","Tree",1,322000,322999.999,4097000,4097999.999
"4199",4336,322563.084,322565.305,4097748.744,4097749.807,"Silva","NEON_D17_TEAK_DP1_322000_4097000_classified_point_cloud_colorized.laz","2018_TEAK_3_322000_4097000_image.tif","Tree",1,322000,322999.999,4097000,4097999.999
"4200",4337,322757.571,322765.493,4097748.094,4097755.417,"Silva","NEON_D17_TEAK_DP1_322000_4097000_classified_point_cloud_colorized.laz","2018_TEAK_3_322000_4097000_image.tif","Tree",1,322000,322999.999,4097000,4097999.999
"4201",4338,322691.108,322693.47,4097751.512,4097755.923,"Silva","NEON_D17_TEAK_DP1_322000_4097000_classified_point_cloud_colorized.laz","2018_TEAK_3_322000_4097000_image.tif","Tree",1,322000,322999.999,4097000,4097999.999
"4202",4339,322657.637,322659.98,4097751.504,4097753.226,"Silva","NEON_D17_TEAK_DP1_322000_4097000_classified_point_cloud_colorized.laz","2018_TEAK_3_322000_4097000_image.tif","Tree",1,322000,322999.999,4097000,4097999.999
"4203",4340,322764.903,322768.836,4097750.501,4097754.839,"Silva","NEON_D17_TEAK_DP1_322000_4097000_classified_point_cloud_colorized.laz","2018_TEAK_3_322000_4097000_image.tif","Tree",1,322000,322999.999,4097000,4097999.999
"4204",4341,322231.577,322240.479,4097743.57,4097753.916,"Silva","NEON_D17_TEAK_DP1_322000_4097000_classified_point_cloud_colorized.laz","2018_TEAK_3_322000_4097000_image.tif","Tree",1,322000,322999.999,4097000,4097999.999
"4205",4342,322198.585,322211.18,4097747.514,4097755.417,"Silva","NEON_D17_TEAK_DP1_322000_4097000_classified_point_cloud_colorized.laz","2018_TEAK_3_322000_4097000_image.tif","Tree",1,322000,322999.999,4097000,4097999.999
"4206",4343,322458.555,322462.478,4097747.809,4097751.995,"Silva","NEON_D17_TEAK_DP1_322000_4097000_classified_point_cloud_colorized.laz","2018_TEAK_3_322000_4097000_image.tif","Tree",1,322000,322999.999,4097000,4097999.999
"4207",4344,322647.139,322652.516,4097747.132,4097751.956,"Silva","NEON_D17_TEAK_DP1_322000_4097000_classified_point_cloud_colorized.laz","2018_TEAK_3_322000_4097000_image.tif","Tree",1,322000,322999.999,4097000,4097999.999
"4208",4345,322702.04,322707.363,4097748.911,4097754.509,"Silva","NEON_D17_TEAK_DP1_322000_4097000_classified_point_cloud_colorized.laz","2018_TEAK_3_322000_4097000_image.tif","Tree",1,322000,322999.999,4097000,4097999.999
"4209",4346,322266.824,322273.625,4097745.039,4097751.497,"Silva","NEON_D17_TEAK_DP1_322000_4097000_classified_point_cloud_colorized.laz","2018_TEAK_3_322000_4097000_image.tif","Tree",1,322000,322999.999,4097000,4097999.999
"4210",4347,322316.5,322316.606,4097748.474,4097748.935,"Silva","NEON_D17_TEAK_DP1_322000_4097000_classified_point_cloud_colorized.laz","2018_TEAK_3_322000_4097000_image.tif","Tree",1,322000,322999.999,4097000,4097999.999
"4211",4348,322615.732,322623.327,4097745.705,4097752.979,"Silva","NEON_D17_TEAK_DP1_322000_4097000_classified_point_cloud_colorized.laz","2018_TEAK_3_322000_4097000_image.tif","Tree",1,322000,322999.999,4097000,4097999.999
"4212",4349,322762.611,322769.476,4097747.12,4097750.496,"Silva","NEON_D17_TEAK_DP1_322000_4097000_classified_point_cloud_colorized.laz","2018_TEAK_3_322000_4097000_image.tif","Tree",1,322000,322999.999,4097000,4097999.999
"4213",4350,322419.027,322422.96,4097745.772,4097750.464,"Silva","NEON_D17_TEAK_DP1_322000_4097000_classified_point_cloud_colorized.laz","2018_TEAK_3_322000_4097000_image.tif","Tree",1,322000,322999.999,4097000,4097999.999
"4214",4351,322199.11,322211.459,4097739.547,4097748.226,"Silva","NEON_D17_TEAK_DP1_322000_4097000_classified_point_cloud_colorized.laz","2018_TEAK_3_322000_4097000_image.tif","Tree",1,322000,322999.999,4097000,4097999.999
"4215",4352,322220.009,322220.08,4097743.082,4097743.258,"Silva","NEON_D17_TEAK_DP1_322000_4097000_classified_point_cloud_colorized.laz","2018_TEAK_3_322000_4097000_image.tif","Tree",1,322000,322999.999,4097000,4097999.999
"4216",4353,322528.127,322536.411,4097743.567,4097750.185,"Silva","NEON_D17_TEAK_DP1_322000_4097000_classified_point_cloud_colorized.laz","2018_TEAK_3_322000_4097000_image.tif","Tree",1,322000,322999.999,4097000,4097999.999
"4217",4355,322438.585,322445.08,4097743.055,4097750.492,"Silva","NEON_D17_TEAK_DP1_322000_4097000_classified_point_cloud_colorized.laz","2018_TEAK_3_322000_4097000_image.tif","Tree",1,322000,322999.999,4097000,4097999.999
"4218",4356,322395.556,322400.655,4097744.303,4097748.476,"Silva","NEON_D17_TEAK_DP1_322000_4097000_classified_point_cloud_colorized.laz","2018_TEAK_3_322000_4097000_image.tif","Tree",1,322000,322999.999,4097000,4097999.999
"4219",4357,322292.511,322299.486,4097739.53,4097750.225,"Silva","NEON_D17_TEAK_DP1_322000_4097000_classified_point_cloud_colorized.laz","2018_TEAK_3_322000_4097000_image.tif","Tree",1,322000,322999.999,4097000,4097999.999
"4220",4358,322243.29,322252.939,4097741.359,4097751.231,"Silva","NEON_D17_TEAK_DP1_322000_4097000_classified_point_cloud_colorized.laz","2018_TEAK_3_322000_4097000_image.tif","Tree",1,322000,322999.999,4097000,4097999.999
"4221",4359,322298.617,322303.634,4097739.581,4097748.911,"Silva","NEON_D17_TEAK_DP1_322000_4097000_classified_point_cloud_colorized.laz","2018_TEAK_3_322000_4097000_image.tif","Tree",1,322000,322999.999,4097000,4097999.999
"4222",4360,322360.415,322366.723,4097740.579,4097748.967,"Silva","NEON_D17_TEAK_DP1_322000_4097000_classified_point_cloud_colorized.laz","2018_TEAK_3_322000_4097000_image.tif","Tree",1,322000,322999.999,4097000,4097999.999
"4223",4361,322607.04,322615.384,4097741.65,4097749.98,"Silva","NEON_D17_TEAK_DP1_322000_4097000_classified_point_cloud_colorized.laz","2018_TEAK_3_322000_4097000_image.tif","Tree",1,322000,322999.999,4097000,4097999.999
"4224",4362,322690.593,322698.38,4097742.032,4097749.739,"Silva","NEON_D17_TEAK_DP1_322000_4097000_classified_point_cloud_colorized.laz","2018_TEAK_3_322000_4097000_image.tif","Tree",1,322000,322999.999,4097000,4097999.999
"4225",4363,322750.717,322757.351,4097742.298,4097750.789,"Silva","NEON_D17_TEAK_DP1_322000_4097000_classified_point_cloud_colorized.laz","2018_TEAK_3_322000_4097000_image.tif","Tree",1,322000,322999.999,4097000,4097999.999
"4226",4364,322744.517,322749.363,4097743.59,4097749.871,"Silva","NEON_D17_TEAK_DP1_322000_4097000_classified_point_cloud_colorized.laz","2018_TEAK_3_322000_4097000_image.tif","Tree",1,322000,322999.999,4097000,4097999.999
"4227",4365,322619.385,322625.972,4097742.514,4097749.933,"Silva","NEON_D17_TEAK_DP1_322000_4097000_classified_point_cloud_colorized.laz","2018_TEAK_3_322000_4097000_image.tif","Tree",1,322000,322999.999,4097000,4097999.999
"4228",4366,322343.238,322349.88,4097740.484,4097747.484,"Silva","NEON_D17_TEAK_DP1_322000_4097000_classified_point_cloud_colorized.laz","2018_TEAK_3_322000_4097000_image.tif","Tree",1,322000,322999.999,4097000,4097999.999
"4229",4367,322171.529,322177.46,4097741.213,4097747.172,"Silva","NEON_D17_TEAK_DP1_322000_4097000_classified_point_cloud_colorized.laz","2018_TEAK_3_322000_4097000_image.tif","Tree",1,322000,322999.999,4097000,4097999.999
"4230",4368,322278.792,322287.253,4097739.121,4097748.876,"Silva","NEON_D17_TEAK_DP1_322000_4097000_classified_point_cloud_colorized.laz","2018_TEAK_3_322000_4097000_image.tif","Tree",1,322000,322999.999,4097000,4097999.999
"4231",4369,322773.15,322778.319,4097742.055,4097748.116,"Silva","NEON_D17_TEAK_DP1_322000_4097000_classified_point_cloud_colorized.laz","2018_TEAK_3_322000_4097000_image.tif","Tree",1,322000,322999.999,4097000,4097999.999
"4232",4370,322763.537,322769.922,4097743.023,4097747.278,"Silva","NEON_D17_TEAK_DP1_322000_4097000_classified_point_cloud_colorized.laz","2018_TEAK_3_322000_4097000_image.tif","Tree",1,322000,322999.999,4097000,4097999.999
"4233",4371,322747.459,322751.218,4097743.201,4097748.663,"Silva","NEON_D17_TEAK_DP1_322000_4097000_classified_point_cloud_colorized.laz","2018_TEAK_3_322000_4097000_image.tif","Tree",1,322000,322999.999,4097000,4097999.999
"4234",4372,322319.792,322319.859,4097743.144,4097743.558,"Silva","NEON_D17_TEAK_DP1_322000_4097000_classified_point_cloud_colorized.laz","2018_TEAK_3_322000_4097000_image.tif","Tree",1,322000,322999.999,4097000,4097999.999
"4235",4373,322228.031,322233.893,4097737.555,4097741.963,"Silva","NEON_D17_TEAK_DP1_322000_4097000_classified_point_cloud_colorized.laz","2018_TEAK_3_322000_4097000_image.tif","Tree",1,322000,322999.999,4097000,4097999.999
"4236",4374,322777.554,322782.544,4097741.039,4097746.953,"Silva","NEON_D17_TEAK_DP1_322000_4097000_classified_point_cloud_colorized.laz","2018_TEAK_3_322000_4097000_image.tif","Tree",1,322000,322999.999,4097000,4097999.999
"4237",4375,322738.026,322743.486,4097740.536,4097746.825,"Silva","NEON_D17_TEAK_DP1_322000_4097000_classified_point_cloud_colorized.laz","2018_TEAK_3_322000_4097000_image.tif","Tree",1,322000,322999.999,4097000,4097999.999
"4238",4376,322690.769,322699.993,4097736.073,4097746.376,"Silva","NEON_D17_TEAK_DP1_322000_4097000_classified_point_cloud_colorized.laz","2018_TEAK_3_322000_4097000_image.tif","Tree",1,322000,322999.999,4097000,4097999.999
"4239",4377,322159.545,322164.963,4097739.073,4097744.459,"Silva","NEON_D17_TEAK_DP1_322000_4097000_classified_point_cloud_colorized.laz","2018_TEAK_3_322000_4097000_image.tif","Tree",1,322000,322999.999,4097000,4097999.999
"4240",4378,322265.794,322275.483,4097737.073,4097744.994,"Silva","NEON_D17_TEAK_DP1_322000_4097000_classified_point_cloud_colorized.laz","2018_TEAK_3_322000_4097000_image.tif","Tree",1,322000,322999.999,4097000,4097999.999
"4241",4379,322331.618,322337.903,4097738.511,4097746.227,"Silva","NEON_D17_TEAK_DP1_322000_4097000_classified_point_cloud_colorized.laz","2018_TEAK_3_322000_4097000_image.tif","Tree",1,322000,322999.999,4097000,4097999.999
"4242",4380,322442.334,322447.718,4097738.626,4097744.647,"Silva","NEON_D17_TEAK_DP1_322000_4097000_classified_point_cloud_colorized.laz","2018_TEAK_3_322000_4097000_image.tif","Tree",1,322000,322999.999,4097000,4097999.999
"4243",4381,322662.108,322668.649,4097737.705,4097746.898,"Silva","NEON_D17_TEAK_DP1_322000_4097000_classified_point_cloud_colorized.laz","2018_TEAK_3_322000_4097000_image.tif","Tree",1,322000,322999.999,4097000,4097999.999
"4244",4382,322729.516,322736.116,4097738.539,4097745.277,"Silva","NEON_D17_TEAK_DP1_322000_4097000_classified_point_cloud_colorized.laz","2018_TEAK_3_322000_4097000_image.tif","Tree",1,322000,322999.999,4097000,4097999.999
"4245",4383,322624.537,322631.484,4097738.894,4097744.463,"Silva","NEON_D17_TEAK_DP1_322000_4097000_classified_point_cloud_colorized.laz","2018_TEAK_3_322000_4097000_image.tif","Tree",1,322000,322999.999,4097000,4097999.999
"4246",4384,322746.014,322751.884,4097739.494,4097742.978,"Silva","NEON_D17_TEAK_DP1_322000_4097000_classified_point_cloud_colorized.laz","2018_TEAK_3_322000_4097000_image.tif","Tree",1,322000,322999.999,4097000,4097999.999
"4247",4385,322463.53,322471.175,4097736.017,4097742.924,"Silva","NEON_D17_TEAK_DP1_322000_4097000_classified_point_cloud_colorized.laz","2018_TEAK_3_322000_4097000_image.tif","Tree",1,322000,322999.999,4097000,4097999.999
"4248",4386,322436.805,322440.771,4097737.311,4097740.627,"Silva","NEON_D17_TEAK_DP1_322000_4097000_classified_point_cloud_colorized.laz","2018_TEAK_3_322000_4097000_image.tif","Tree",1,322000,322999.999,4097000,4097999.999
"4249",4387,322258.61,322266.996,4097735.147,4097743.362,"Silva","NEON_D17_TEAK_DP1_322000_4097000_classified_point_cloud_colorized.laz","2018_TEAK_3_322000_4097000_image.tif","Tree",1,322000,322999.999,4097000,4097999.999
"4250",4388,322346.572,322353.152,4097736.585,4097743.224,"Silva","NEON_D17_TEAK_DP1_322000_4097000_classified_point_cloud_colorized.laz","2018_TEAK_3_322000_4097000_image.tif","Tree",1,322000,322999.999,4097000,4097999.999
"4251",4389,322378.156,322386.988,4097735.231,4097742.497,"Silva","NEON_D17_TEAK_DP1_322000_4097000_classified_point_cloud_colorized.laz","2018_TEAK_3_322000_4097000_image.tif","Tree",1,322000,322999.999,4097000,4097999.999
"4252",4390,322781.105,322786.663,4097736.606,4097742.982,"Silva","NEON_D17_TEAK_DP1_322000_4097000_classified_point_cloud_colorized.laz","2018_TEAK_3_322000_4097000_image.tif","Tree",1,322000,322999.999,4097000,4097999.999
"4253",4391,322474.688,322479.484,4097736.782,4097742.166,"Silva","NEON_D17_TEAK_DP1_322000_4097000_classified_point_cloud_colorized.laz","2018_TEAK_3_322000_4097000_image.tif","Tree",1,322000,322999.999,4097000,4097999.999
"4254",4392,322241.05,322249.991,4097734.132,4097743,"Silva","NEON_D17_TEAK_DP1_322000_4097000_classified_point_cloud_colorized.laz","2018_TEAK_3_322000_4097000_image.tif","Tree",1,322000,322999.999,4097000,4097999.999
"4255",4393,322272.927,322281.488,4097734.746,4097742.452,"Silva","NEON_D17_TEAK_DP1_322000_4097000_classified_point_cloud_colorized.laz","2018_TEAK_3_322000_4097000_image.tif","Tree",1,322000,322999.999,4097000,4097999.999
"4256",4394,322352.505,322358.972,4097735.269,4097741.499,"Silva","NEON_D17_TEAK_DP1_322000_4097000_classified_point_cloud_colorized.laz","2018_TEAK_3_322000_4097000_image.tif","Tree",1,322000,322999.999,4097000,4097999.999
"4257",4395,322604.725,322613.923,4097733.098,4097743.372,"Silva","NEON_D17_TEAK_DP1_322000_4097000_classified_point_cloud_colorized.laz","2018_TEAK_3_322000_4097000_image.tif","Tree",1,322000,322999.999,4097000,4097999.999
"4258",4396,322646.027,322651.978,4097734.578,4097741.085,"Silva","NEON_D17_TEAK_DP1_322000_4097000_classified_point_cloud_colorized.laz","2018_TEAK_3_322000_4097000_image.tif","Tree",1,322000,322999.999,4097000,4097999.999
"4259",4397,322485.509,322488.525,4097736.016,4097739.435,"Silva","NEON_D17_TEAK_DP1_322000_4097000_classified_point_cloud_colorized.laz","2018_TEAK_3_322000_4097000_image.tif","Tree",1,322000,322999.999,4097000,4097999.999
"4260",4398,322309.634,322316.386,4097733.754,4097740.486,"Silva","NEON_D17_TEAK_DP1_322000_4097000_classified_point_cloud_colorized.laz","2018_TEAK_3_322000_4097000_image.tif","Tree",1,322000,322999.999,4097000,4097999.999
"4261",4399,322439.282,322445.228,4097734.548,4097739.916,"Silva","NEON_D17_TEAK_DP1_322000_4097000_classified_point_cloud_colorized.laz","2018_TEAK_3_322000_4097000_image.tif","Tree",1,322000,322999.999,4097000,4097999.999
"4262",4400,322767.079,322767.299,4097737.043,4097737.264,"Silva","NEON_D17_TEAK_DP1_322000_4097000_classified_point_cloud_colorized.laz","2018_TEAK_3_322000_4097000_image.tif","Tree",1,322000,322999.999,4097000,4097999.999
"4263",4401,322174.61,322183.38,4097729.086,4097738.984,"Silva","NEON_D17_TEAK_DP1_322000_4097000_classified_point_cloud_colorized.laz","2018_TEAK_3_322000_4097000_image.tif","Tree",1,322000,322999.999,4097000,4097999.999
"4264",4402,322616.604,322622.376,4097733.099,4097737.97,"Silva","NEON_D17_TEAK_DP1_322000_4097000_classified_point_cloud_colorized.laz","2018_TEAK_3_322000_4097000_image.tif","Tree",1,322000,322999.999,4097000,4097999.999
"4265",4403,322736.025,322742.619,4097731.947,4097739.776,"Silva","NEON_D17_TEAK_DP1_322000_4097000_classified_point_cloud_colorized.laz","2018_TEAK_3_322000_4097000_image.tif","Tree",1,322000,322999.999,4097000,4097999.999
"4266",4404,322725.17,322732.373,4097732.039,4097739.464,"Silva","NEON_D17_TEAK_DP1_322000_4097000_classified_point_cloud_colorized.laz","2018_TEAK_3_322000_4097000_image.tif","Tree",1,322000,322999.999,4097000,4097999.999
"4267",4405,322491.523,322493.913,4097733.615,4097736.438,"Silva","NEON_D17_TEAK_DP1_322000_4097000_classified_point_cloud_colorized.laz","2018_TEAK_3_322000_4097000_image.tif","Tree",1,322000,322999.999,4097000,4097999.999
"4268",4406,322400.012,322406.311,4097730.513,4097736.74,"Silva","NEON_D17_TEAK_DP1_322000_4097000_classified_point_cloud_colorized.laz","2018_TEAK_3_322000_4097000_image.tif","Tree",1,322000,322999.999,4097000,4097999.999
"4269",4407,322291.515,322296.48,4097731.211,4097736.324,"Silva","NEON_D17_TEAK_DP1_322000_4097000_classified_point_cloud_colorized.laz","2018_TEAK_3_322000_4097000_image.tif","Tree",1,322000,322999.999,4097000,4097999.999
"4270",4408,322208.481,322215.497,4097729.163,4097738.953,"Silva","NEON_D17_TEAK_DP1_322000_4097000_classified_point_cloud_colorized.laz","2018_TEAK_3_322000_4097000_image.tif","Tree",1,322000,322999.999,4097000,4097999.999
"4271",4409,322286.032,322291.499,4097730.025,4097738.483,"Silva","NEON_D17_TEAK_DP1_322000_4097000_classified_point_cloud_colorized.laz","2018_TEAK_3_322000_4097000_image.tif","Tree",1,322000,322999.999,4097000,4097999.999
"4272",4410,322582.536,322589.965,4097729.001,4097737.393,"Silva","NEON_D17_TEAK_DP1_322000_4097000_classified_point_cloud_colorized.laz","2018_TEAK_3_322000_4097000_image.tif","Tree",1,322000,322999.999,4097000,4097999.999
"4273",4411,322506.024,322511.416,4097731.207,4097736.91,"Silva","NEON_D17_TEAK_DP1_322000_4097000_classified_point_cloud_colorized.laz","2018_TEAK_3_322000_4097000_image.tif","Tree",1,322000,322999.999,4097000,4097999.999
"4274",4412,322443.598,322449.989,4097730.417,4097736.074,"Silva","NEON_D17_TEAK_DP1_322000_4097000_classified_point_cloud_colorized.laz","2018_TEAK_3_322000_4097000_image.tif","Tree",1,322000,322999.999,4097000,4097999.999
"4275",4413,322317.553,322324.408,4097729.134,4097736.993,"Silva","NEON_D17_TEAK_DP1_322000_4097000_classified_point_cloud_colorized.laz","2018_TEAK_3_322000_4097000_image.tif","Tree",1,322000,322999.999,4097000,4097999.999
"4276",4414,322183.649,322195.229,4097728.271,4097735.992,"Silva","NEON_D17_TEAK_DP1_322000_4097000_classified_point_cloud_colorized.laz","2018_TEAK_3_322000_4097000_image.tif","Tree",1,322000,322999.999,4097000,4097999.999
"4277",4415,322371.36,322371.453,4097732.526,4097732.853,"Silva","NEON_D17_TEAK_DP1_322000_4097000_classified_point_cloud_colorized.laz","2018_TEAK_3_322000_4097000_image.tif","Tree",1,322000,322999.999,4097000,4097999.999
"4278",4416,322388.554,322394.411,4097730.014,4097735.918,"Silva","NEON_D17_TEAK_DP1_322000_4097000_classified_point_cloud_colorized.laz","2018_TEAK_3_322000_4097000_image.tif","Tree",1,322000,322999.999,4097000,4097999.999
"4279",4417,322660.077,322667.463,4097728.56,4097737.472,"Silva","NEON_D17_TEAK_DP1_322000_4097000_classified_point_cloud_colorized.laz","2018_TEAK_3_322000_4097000_image.tif","Tree",1,322000,322999.999,4097000,4097999.999
"4280",4418,322438.646,322444.419,4097730.544,4097734.386,"Silva","NEON_D17_TEAK_DP1_322000_4097000_classified_point_cloud_colorized.laz","2018_TEAK_3_322000_4097000_image.tif","Tree",1,322000,322999.999,4097000,4097999.999
"4281",4419,322630.806,322636.516,4097729.079,4097734.762,"Silva","NEON_D17_TEAK_DP1_322000_4097000_classified_point_cloud_colorized.laz","2018_TEAK_3_322000_4097000_image.tif","Tree",1,322000,322999.999,4097000,4097999.999
"4282",4420,322772.139,322780.944,4097726.755,4097734.894,"Silva","NEON_D17_TEAK_DP1_322000_4097000_classified_point_cloud_colorized.laz","2018_TEAK_3_322000_4097000_image.tif","Tree",1,322000,322999.999,4097000,4097999.999
"4283",4421,322594.872,322603.319,4097728.054,4097735.617,"Silva","NEON_D17_TEAK_DP1_322000_4097000_classified_point_cloud_colorized.laz","2018_TEAK_3_322000_4097000_image.tif","Tree",1,322000,322999.999,4097000,4097999.999
"4284",4422,322202.518,322211.987,4097726.054,4097733.998,"Silva","NEON_D17_TEAK_DP1_322000_4097000_classified_point_cloud_colorized.laz","2018_TEAK_3_322000_4097000_image.tif","Tree",1,322000,322999.999,4097000,4097999.999
"4285",4423,322493.606,322496.821,4097727.698,4097731.692,"Silva","NEON_D17_TEAK_DP1_322000_4097000_classified_point_cloud_colorized.laz","2018_TEAK_3_322000_4097000_image.tif","Tree",1,322000,322999.999,4097000,4097999.999
"4286",4424,322228.519,322234.881,4097728.653,4097734.497,"Silva","NEON_D17_TEAK_DP1_322000_4097000_classified_point_cloud_colorized.laz","2018_TEAK_3_322000_4097000_image.tif","Tree",1,322000,322999.999,4097000,4097999.999
"4287",4425,322235.58,322241.795,4097729.771,4097733.929,"Silva","NEON_D17_TEAK_DP1_322000_4097000_classified_point_cloud_colorized.laz","2018_TEAK_3_322000_4097000_image.tif","Tree",1,322000,322999.999,4097000,4097999.999
"4288",4426,322759.529,322765.159,4097726.11,4097733.953,"Silva","NEON_D17_TEAK_DP1_322000_4097000_classified_point_cloud_colorized.laz","2018_TEAK_3_322000_4097000_image.tif","Tree",1,322000,322999.999,4097000,4097999.999
"4289",4427,322799.042,322801.941,4097728.592,4097731.302,"Silva","NEON_D17_TEAK_DP1_322000_4097000_classified_point_cloud_colorized.laz","2018_TEAK_3_322000_4097000_image.tif","Tree",1,322000,322999.999,4097000,4097999.999
"4290",4428,322705.633,322713.372,4097726.508,4097733.436,"Silva","NEON_D17_TEAK_DP1_322000_4097000_classified_point_cloud_colorized.laz","2018_TEAK_3_322000_4097000_image.tif","Tree",1,322000,322999.999,4097000,4097999.999
"4291",4429,322689.012,322695.907,4097725.097,4097732.828,"Silva","NEON_D17_TEAK_DP1_322000_4097000_classified_point_cloud_colorized.laz","2018_TEAK_3_322000_4097000_image.tif","Tree",1,322000,322999.999,4097000,4097999.999
"4292",4430,322430.017,322434.231,4097726.118,4097730.944,"Silva","NEON_D17_TEAK_DP1_322000_4097000_classified_point_cloud_colorized.laz","2018_TEAK_3_322000_4097000_image.tif","Tree",1,322000,322999.999,4097000,4097999.999
"4293",4431,322350.569,322357.295,4097725.508,4097729.997,"Silva","NEON_D17_TEAK_DP1_322000_4097000_classified_point_cloud_colorized.laz","2018_TEAK_3_322000_4097000_image.tif","Tree",1,322000,322999.999,4097000,4097999.999
"4294",4433,322282.75,322288.859,4097724.044,4097730.366,"Silva","NEON_D17_TEAK_DP1_322000_4097000_classified_point_cloud_colorized.laz","2018_TEAK_3_322000_4097000_image.tif","Tree",1,322000,322999.999,4097000,4097999.999
"4295",4434,322334.517,322336.996,4097723.721,4097729.622,"Silva","NEON_D17_TEAK_DP1_322000_4097000_classified_point_cloud_colorized.laz","2018_TEAK_3_322000_4097000_image.tif","Tree",1,322000,322999.999,4097000,4097999.999
"4296",4435,322291.734,322296.855,4097723.292,4097728.431,"Silva","NEON_D17_TEAK_DP1_322000_4097000_classified_point_cloud_colorized.laz","2018_TEAK_3_322000_4097000_image.tif","Tree",1,322000,322999.999,4097000,4097999.999
"4297",4436,322327.516,322332.404,4097723.66,4097728.946,"Silva","NEON_D17_TEAK_DP1_322000_4097000_classified_point_cloud_colorized.laz","2018_TEAK_3_322000_4097000_image.tif","Tree",1,322000,322999.999,4097000,4097999.999
"4298",4437,322722.009,322727.452,4097724.002,4097732.407,"Silva","NEON_D17_TEAK_DP1_322000_4097000_classified_point_cloud_colorized.laz","2018_TEAK_3_322000_4097000_image.tif","Tree",1,322000,322999.999,4097000,4097999.999
"4299",4438,322667.225,322668.438,4097725.05,4097728.139,"Silva","NEON_D17_TEAK_DP1_322000_4097000_classified_point_cloud_colorized.laz","2018_TEAK_3_322000_4097000_image.tif","Tree",1,322000,322999.999,4097000,4097999.999
"4300",4439,322644.009,322650.997,4097723.735,4097730.385,"Silva","NEON_D17_TEAK_DP1_322000_4097000_classified_point_cloud_colorized.laz","2018_TEAK_3_322000_4097000_image.tif","Tree",1,322000,322999.999,4097000,4097999.999
"4301",4440,322638.051,322643.936,4097723.511,4097730.491,"Silva","NEON_D17_TEAK_DP1_322000_4097000_classified_point_cloud_colorized.laz","2018_TEAK_3_322000_4097000_image.tif","Tree",1,322000,322999.999,4097000,4097999.999
"4302",4441,322628.168,322635.941,4097722.534,4097730.785,"Silva","NEON_D17_TEAK_DP1_322000_4097000_classified_point_cloud_colorized.laz","2018_TEAK_3_322000_4097000_image.tif","Tree",1,322000,322999.999,4097000,4097999.999
"4303",4442,322268.797,322277.97,4097720.73,4097727.937,"Silva","NEON_D17_TEAK_DP1_322000_4097000_classified_point_cloud_colorized.laz","2018_TEAK_3_322000_4097000_image.tif","Tree",1,322000,322999.999,4097000,4097999.999
"4304",4443,322693.294,322700.776,4097722.023,4097730.966,"Silva","NEON_D17_TEAK_DP1_322000_4097000_classified_point_cloud_colorized.laz","2018_TEAK_3_322000_4097000_image.tif","Tree",1,322000,322999.999,4097000,4097999.999
"4305",4444,322444.173,322450.021,4097721.517,4097727.988,"Silva","NEON_D17_TEAK_DP1_322000_4097000_classified_point_cloud_colorized.laz","2018_TEAK_3_322000_4097000_image.tif","Tree",1,322000,322999.999,4097000,4097999.999
"4306",4445,322416.656,322423.916,4097720.031,4097729.692,"Silva","NEON_D17_TEAK_DP1_322000_4097000_classified_point_cloud_colorized.laz","2018_TEAK_3_322000_4097000_image.tif","Tree",1,322000,322999.999,4097000,4097999.999
"4307",4446,322305.117,322311.925,4097722.571,4097727.997,"Silva","NEON_D17_TEAK_DP1_322000_4097000_classified_point_cloud_colorized.laz","2018_TEAK_3_322000_4097000_image.tif","Tree",1,322000,322999.999,4097000,4097999.999
"4308",4447,322217.042,322220.845,4097720.78,4097725.113,"Silva","NEON_D17_TEAK_DP1_322000_4097000_classified_point_cloud_colorized.laz","2018_TEAK_3_322000_4097000_image.tif","Tree",1,322000,322999.999,4097000,4097999.999
"4309",4448,322222.585,322226.367,4097721.204,4097726.342,"Silva","NEON_D17_TEAK_DP1_322000_4097000_classified_point_cloud_colorized.laz","2018_TEAK_3_322000_4097000_image.tif","Tree",1,322000,322999.999,4097000,4097999.999
"4310",4449,322768.013,322774.903,4097722.496,4097729.495,"Silva","NEON_D17_TEAK_DP1_322000_4097000_classified_point_cloud_colorized.laz","2018_TEAK_3_322000_4097000_image.tif","Tree",1,322000,322999.999,4097000,4097999.999
"4311",4450,322484.065,322485.935,4097723.45,4097724.594,"Silva","NEON_D17_TEAK_DP1_322000_4097000_classified_point_cloud_colorized.laz","2018_TEAK_3_322000_4097000_image.tif","Tree",1,322000,322999.999,4097000,4097999.999
"4312",4451,322435.288,322439.429,4097721.03,4097726.182,"Silva","NEON_D17_TEAK_DP1_322000_4097000_classified_point_cloud_colorized.laz","2018_TEAK_3_322000_4097000_image.tif","Tree",1,322000,322999.999,4097000,4097999.999
"4313",4452,322211.055,322216.328,4097720.008,4097726.341,"Silva","NEON_D17_TEAK_DP1_322000_4097000_classified_point_cloud_colorized.laz","2018_TEAK_3_322000_4097000_image.tif","Tree",1,322000,322999.999,4097000,4097999.999
"4314",4453,322277.017,322284.407,4097718.057,4097727.486,"Silva","NEON_D17_TEAK_DP1_322000_4097000_classified_point_cloud_colorized.laz","2018_TEAK_3_322000_4097000_image.tif","Tree",1,322000,322999.999,4097000,4097999.999
"4315",4454,322699.023,322705.921,4097721.599,4097727.96,"Silva","NEON_D17_TEAK_DP1_322000_4097000_classified_point_cloud_colorized.laz","2018_TEAK_3_322000_4097000_image.tif","Tree",1,322000,322999.999,4097000,4097999.999
"4316",4455,322195.532,322201.975,4097718.085,4097723.899,"Silva","NEON_D17_TEAK_DP1_322000_4097000_classified_point_cloud_colorized.laz","2018_TEAK_3_322000_4097000_image.tif","Tree",1,322000,322999.999,4097000,4097999.999
"4317",4456,322230.579,322234.961,4097719.107,4097722.643,"Silva","NEON_D17_TEAK_DP1_322000_4097000_classified_point_cloud_colorized.laz","2018_TEAK_3_322000_4097000_image.tif","Tree",1,322000,322999.999,4097000,4097999.999
"4318",4457,322240.529,322241.452,4097720.16,4097721.941,"Silva","NEON_D17_TEAK_DP1_322000_4097000_classified_point_cloud_colorized.laz","2018_TEAK_3_322000_4097000_image.tif","Tree",1,322000,322999.999,4097000,4097999.999
"4319",4458,322756.037,322762.457,4097719.557,4097727.471,"Silva","NEON_D17_TEAK_DP1_322000_4097000_classified_point_cloud_colorized.laz","2018_TEAK_3_322000_4097000_image.tif","Tree",1,322000,322999.999,4097000,4097999.999
"4320",4459,322707.766,322714.473,4097720.707,4097726.485,"Silva","NEON_D17_TEAK_DP1_322000_4097000_classified_point_cloud_colorized.laz","2018_TEAK_3_322000_4097000_image.tif","Tree",1,322000,322999.999,4097000,4097999.999
"4321",4460,322684.648,322692.887,4097720.013,4097726.481,"Silva","NEON_D17_TEAK_DP1_322000_4097000_classified_point_cloud_colorized.laz","2018_TEAK_3_322000_4097000_image.tif","Tree",1,322000,322999.999,4097000,4097999.999
"4322",4461,322608.519,322615.987,4097719.232,4097726.327,"Silva","NEON_D17_TEAK_DP1_322000_4097000_classified_point_cloud_colorized.laz","2018_TEAK_3_322000_4097000_image.tif","Tree",1,322000,322999.999,4097000,4097999.999
"4323",4462,322472.056,322479.433,4097717.665,4097725.324,"Silva","NEON_D17_TEAK_DP1_322000_4097000_classified_point_cloud_colorized.laz","2018_TEAK_3_322000_4097000_image.tif","Tree",1,322000,322999.999,4097000,4097999.999
"4324",4463,322448.636,322456.49,4097717.508,4097724.874,"Silva","NEON_D17_TEAK_DP1_322000_4097000_classified_point_cloud_colorized.laz","2018_TEAK_3_322000_4097000_image.tif","Tree",1,322000,322999.999,4097000,4097999.999
"4325",4464,322410.016,322416.41,4097718.165,4097724.363,"Silva","NEON_D17_TEAK_DP1_322000_4097000_classified_point_cloud_colorized.laz","2018_TEAK_3_322000_4097000_image.tif","Tree",1,322000,322999.999,4097000,4097999.999
"4326",4465,322317.767,322325.989,4097717.824,4097725.416,"Silva","NEON_D17_TEAK_DP1_322000_4097000_classified_point_cloud_colorized.laz","2018_TEAK_3_322000_4097000_image.tif","Tree",1,322000,322999.999,4097000,4097999.999
"4327",4466,322282.59,322288.349,4097717.664,4097723.887,"Silva","NEON_D17_TEAK_DP1_322000_4097000_classified_point_cloud_colorized.laz","2018_TEAK_3_322000_4097000_image.tif","Tree",1,322000,322999.999,4097000,4097999.999
"4328",4467,322304.464,322312.986,4097715.625,4097721.957,"Silva","NEON_D17_TEAK_DP1_322000_4097000_classified_point_cloud_colorized.laz","2018_TEAK_3_322000_4097000_image.tif","Tree",1,322000,322999.999,4097000,4097999.999
"4329",4468,322742.245,322748.372,4097719.706,4097724.447,"Silva","NEON_D17_TEAK_DP1_322000_4097000_classified_point_cloud_colorized.laz","2018_TEAK_3_322000_4097000_image.tif","Tree",1,322000,322999.999,4097000,4097999.999
"4330",4469,322762.006,322766.777,4097719.567,4097725.952,"Silva","NEON_D17_TEAK_DP1_322000_4097000_classified_point_cloud_colorized.laz","2018_TEAK_3_322000_4097000_image.tif","Tree",1,322000,322999.999,4097000,4097999.999
"4331",4470,322662.549,322668.379,4097719.149,4097725.885,"Silva","NEON_D17_TEAK_DP1_322000_4097000_classified_point_cloud_colorized.laz","2018_TEAK_3_322000_4097000_image.tif","Tree",1,322000,322999.999,4097000,4097999.999
"4332",4471,322231.667,322237.349,4097715.504,4097721.49,"Silva","NEON_D17_TEAK_DP1_322000_4097000_classified_point_cloud_colorized.laz","2018_TEAK_3_322000_4097000_image.tif","Tree",1,322000,322999.999,4097000,4097999.999
"4333",4472,322717.691,322723.89,4097717.081,4097724.587,"Silva","NEON_D17_TEAK_DP1_322000_4097000_classified_point_cloud_colorized.laz","2018_TEAK_3_322000_4097000_image.tif","Tree",1,322000,322999.999,4097000,4097999.999
"4334",4474,322372.381,322376.93,4097715.504,4097721.407,"Silva","NEON_D17_TEAK_DP1_322000_4097000_classified_point_cloud_colorized.laz","2018_TEAK_3_322000_4097000_image.tif","Tree",1,322000,322999.999,4097000,4097999.999
"4335",4475,322355.103,322362.218,4097714.217,4097721.728,"Silva","NEON_D17_TEAK_DP1_322000_4097000_classified_point_cloud_colorized.laz","2018_TEAK_3_322000_4097000_image.tif","Tree",1,322000,322999.999,4097000,4097999.999
"4336",4476,322192.217,322198.483,4097713.068,4097719.972,"Silva","NEON_D17_TEAK_DP1_322000_4097000_classified_point_cloud_colorized.laz","2018_TEAK_3_322000_4097000_image.tif","Tree",1,322000,322999.999,4097000,4097999.999
"4337",4477,322802.024,322808.481,4097717.701,4097723.831,"Silva","NEON_D17_TEAK_DP1_322000_4097000_classified_point_cloud_colorized.laz","2018_TEAK_3_322000_4097000_image.tif","Tree",1,322000,322999.999,4097000,4097999.999
"4338",4478,322711.194,322715.471,4097717.74,4097723.679,"Silva","NEON_D17_TEAK_DP1_322000_4097000_classified_point_cloud_colorized.laz","2018_TEAK_3_322000_4097000_image.tif","Tree",1,322000,322999.999,4097000,4097999.999
"4339",4479,322325.587,322332.949,4097713.063,4097719.927,"Silva","NEON_D17_TEAK_DP1_322000_4097000_classified_point_cloud_colorized.laz","2018_TEAK_3_322000_4097000_image.tif","Tree",1,322000,322999.999,4097000,4097999.999
"4340",4480,322600.538,322607.844,4097714.808,4097719.975,"Silva","NEON_D17_TEAK_DP1_322000_4097000_classified_point_cloud_colorized.laz","2018_TEAK_3_322000_4097000_image.tif","Tree",1,322000,322999.999,4097000,4097999.999
"4341",4481,322794.015,322799.361,4097717.279,4097722.263,"Silva","NEON_D17_TEAK_DP1_322000_4097000_classified_point_cloud_colorized.laz","2018_TEAK_3_322000_4097000_image.tif","Tree",1,322000,322999.999,4097000,4097999.999
"4342",4482,322752.746,322759.463,4097715.546,4097722.502,"Silva","NEON_D17_TEAK_DP1_322000_4097000_classified_point_cloud_colorized.laz","2018_TEAK_3_322000_4097000_image.tif","Tree",1,322000,322999.999,4097000,4097999.999
"4343",4483,322547.547,322554.985,4097713.513,4097721.47,"Silva","NEON_D17_TEAK_DP1_322000_4097000_classified_point_cloud_colorized.laz","2018_TEAK_3_322000_4097000_image.tif","Tree",1,322000,322999.999,4097000,4097999.999
"4344",4484,322333.003,322341.485,4097713.119,4097718.329,"Silva","NEON_D17_TEAK_DP1_322000_4097000_classified_point_cloud_colorized.laz","2018_TEAK_3_322000_4097000_image.tif","Tree",1,322000,322999.999,4097000,4097999.999
"4345",4485,322221.537,322224.971,4097713.196,4097716.723,"Silva","NEON_D17_TEAK_DP1_322000_4097000_classified_point_cloud_colorized.laz","2018_TEAK_3_322000_4097000_image.tif","Tree",1,322000,322999.999,4097000,4097999.999
"4346",4486,322199.022,322206.998,4097710.698,4097719.425,"Silva","NEON_D17_TEAK_DP1_322000_4097000_classified_point_cloud_colorized.laz","2018_TEAK_3_322000_4097000_image.tif","Tree",1,322000,322999.999,4097000,4097999.999
"4347",4487,322452.711,322460.964,4097712.004,4097719.928,"Silva","NEON_D17_TEAK_DP1_322000_4097000_classified_point_cloud_colorized.laz","2018_TEAK_3_322000_4097000_image.tif","Tree",1,322000,322999.999,4097000,4097999.999
"4348",4488,322684.504,322691.421,4097714.504,4097720.486,"Silva","NEON_D17_TEAK_DP1_322000_4097000_classified_point_cloud_colorized.laz","2018_TEAK_3_322000_4097000_image.tif","Tree",1,322000,322999.999,4097000,4097999.999
"4349",4489,322738.02,322740.37,4097720.156,4097722.975,"Silva","NEON_D17_TEAK_DP1_322000_4097000_classified_point_cloud_colorized.laz","2018_TEAK_3_322000_4097000_image.tif","Tree",1,322000,322999.999,4097000,4097999.999
"4350",4490,322807.585,322814.473,4097715.051,4097721.947,"Silva","NEON_D17_TEAK_DP1_322000_4097000_classified_point_cloud_colorized.laz","2018_TEAK_3_322000_4097000_image.tif","Tree",1,322000,322999.999,4097000,4097999.999
"4351",4491,322661.91,322666.784,4097714.274,4097719.9,"Silva","NEON_D17_TEAK_DP1_322000_4097000_classified_point_cloud_colorized.laz","2018_TEAK_3_322000_4097000_image.tif","Tree",1,322000,322999.999,4097000,4097999.999
"4352",4492,322651.06,322660.358,4097713.029,4097721.371,"Silva","NEON_D17_TEAK_DP1_322000_4097000_classified_point_cloud_colorized.laz","2018_TEAK_3_322000_4097000_image.tif","Tree",1,322000,322999.999,4097000,4097999.999
"4353",4493,322323.669,322330.985,4097709.211,4097716.927,"Silva","NEON_D17_TEAK_DP1_322000_4097000_classified_point_cloud_colorized.laz","2018_TEAK_3_322000_4097000_image.tif","Tree",1,322000,322999.999,4097000,4097999.999
"4354",4494,322541.219,322548.871,4097712.391,4097719.995,"Silva","NEON_D17_TEAK_DP1_322000_4097000_classified_point_cloud_colorized.laz","2018_TEAK_3_322000_4097000_image.tif","Tree",1,322000,322999.999,4097000,4097999.999
"4355",4495,322822.503,322824.499,4097717.591,4097719.949,"Silva","NEON_D17_TEAK_DP1_322000_4097000_classified_point_cloud_colorized.laz","2018_TEAK_3_322000_4097000_image.tif","Tree",1,322000,322999.999,4097000,4097999.999
"4356",4496,322240.109,322242.778,4097711.781,4097714.019,"Silva","NEON_D17_TEAK_DP1_322000_4097000_classified_point_cloud_colorized.laz","2018_TEAK_3_322000_4097000_image.tif","Tree",1,322000,322999.999,4097000,4097999.999
"4357",4497,322227.043,322229.488,4097711.104,4097713.979,"Silva","NEON_D17_TEAK_DP1_322000_4097000_classified_point_cloud_colorized.laz","2018_TEAK_3_322000_4097000_image.tif","Tree",1,322000,322999.999,4097000,4097999.999
"4358",4498,322812.609,322819.485,4097713.636,4097721.487,"Silva","NEON_D17_TEAK_DP1_322000_4097000_classified_point_cloud_colorized.laz","2018_TEAK_3_322000_4097000_image.tif","Tree",1,322000,322999.999,4097000,4097999.999
"4359",4499,322735.576,322740.91,4097713.016,4097720.399,"Silva","NEON_D17_TEAK_DP1_322000_4097000_classified_point_cloud_colorized.laz","2018_TEAK_3_322000_4097000_image.tif","Tree",1,322000,322999.999,4097000,4097999.999
"4360",4500,322334.038,322341.89,4097708.511,4097714.77,"Silva","NEON_D17_TEAK_DP1_322000_4097000_classified_point_cloud_colorized.laz","2018_TEAK_3_322000_4097000_image.tif","Tree",1,322000,322999.999,4097000,4097999.999
"4361",4501,322265.714,322275.361,4097707.532,4097716.473,"Silva","NEON_D17_TEAK_DP1_322000_4097000_classified_point_cloud_colorized.laz","2018_TEAK_3_322000_4097000_image.tif","Tree",1,322000,322999.999,4097000,4097999.999
"4362",4502,322232.248,322237.482,4097708.134,4097713.412,"Silva","NEON_D17_TEAK_DP1_322000_4097000_classified_point_cloud_colorized.laz","2018_TEAK_3_322000_4097000_image.tif","Tree",1,322000,322999.999,4097000,4097999.999
"4363",4503,322215.508,322218.886,4097708.674,4097713.262,"Silva","NEON_D17_TEAK_DP1_322000_4097000_classified_point_cloud_colorized.laz","2018_TEAK_3_322000_4097000_image.tif","Tree",1,322000,322999.999,4097000,4097999.999
"4364",4504,322494.218,322495.71,4097712.027,4097713.467,"Silva","NEON_D17_TEAK_DP1_322000_4097000_classified_point_cloud_colorized.laz","2018_TEAK_3_322000_4097000_image.tif","Tree",1,322000,322999.999,4097000,4097999.999
"4365",4506,322354.677,322359.335,4097709.264,4097714.89,"Silva","NEON_D17_TEAK_DP1_322000_4097000_classified_point_cloud_colorized.laz","2018_TEAK_3_322000_4097000_image.tif","Tree",1,322000,322999.999,4097000,4097999.999
"4366",4507,322381.009,322389.439,4097707.504,4097715.273,"Silva","NEON_D17_TEAK_DP1_322000_4097000_classified_point_cloud_colorized.laz","2018_TEAK_3_322000_4097000_image.tif","Tree",1,322000,322999.999,4097000,4097999.999
"4367",4508,322413.659,322416.776,4097710.065,4097712.77,"Silva","NEON_D17_TEAK_DP1_322000_4097000_classified_point_cloud_colorized.laz","2018_TEAK_3_322000_4097000_image.tif","Tree",1,322000,322999.999,4097000,4097999.999
"4368",4509,322801.076,322808.487,4097711.031,4097717.915,"Silva","NEON_D17_TEAK_DP1_322000_4097000_classified_point_cloud_colorized.laz","2018_TEAK_3_322000_4097000_image.tif","Tree",1,322000,322999.999,4097000,4097999.999
"4369",4510,322760.045,322765.493,4097712.221,4097716.896,"Silva","NEON_D17_TEAK_DP1_322000_4097000_classified_point_cloud_colorized.laz","2018_TEAK_3_322000_4097000_image.tif","Tree",1,322000,322999.999,4097000,4097999.999
"4370",4511,322723.595,322727.478,4097711.619,4097715.975,"Silva","NEON_D17_TEAK_DP1_322000_4097000_classified_point_cloud_colorized.laz","2018_TEAK_3_322000_4097000_image.tif","Tree",1,322000,322999.999,4097000,4097999.999
"4371",4512,322433.139,322434.978,4097710.354,4097711.499,"Silva","NEON_D17_TEAK_DP1_322000_4097000_classified_point_cloud_colorized.laz","2018_TEAK_3_322000_4097000_image.tif","Tree",1,322000,322999.999,4097000,4097999.999
"4372",4513,322275.551,322284.956,4097704.028,4097713.406,"Silva","NEON_D17_TEAK_DP1_322000_4097000_classified_point_cloud_colorized.laz","2018_TEAK_3_322000_4097000_image.tif","Tree",1,322000,322999.999,4097000,4097999.999
"4373",4514,322389.503,322397.946,4097706.095,4097713.484,"Silva","NEON_D17_TEAK_DP1_322000_4097000_classified_point_cloud_colorized.laz","2018_TEAK_3_322000_4097000_image.tif","Tree",1,322000,322999.999,4097000,4097999.999
"4374",4515,322544.164,322552.967,4097708.032,4097714.36,"Silva","NEON_D17_TEAK_DP1_322000_4097000_classified_point_cloud_colorized.laz","2018_TEAK_3_322000_4097000_image.tif","Tree",1,322000,322999.999,4097000,4097999.999
"4375",4516,322729.668,322735.157,4097710.022,4097715.915,"Silva","NEON_D17_TEAK_DP1_322000_4097000_classified_point_cloud_colorized.laz","2018_TEAK_3_322000_4097000_image.tif","Tree",1,322000,322999.999,4097000,4097999.999
"4376",4517,322260.778,322267.985,4097704.333,4097711.414,"Silva","NEON_D17_TEAK_DP1_322000_4097000_classified_point_cloud_colorized.laz","2018_TEAK_3_322000_4097000_image.tif","Tree",1,322000,322999.999,4097000,4097999.999
"4377",4518,322219.232,322223.425,4097705.055,4097708.991,"Silva","NEON_D17_TEAK_DP1_322000_4097000_classified_point_cloud_colorized.laz","2018_TEAK_3_322000_4097000_image.tif","Tree",1,322000,322999.999,4097000,4097999.999
"4378",4519,322201.642,322208.487,4097704.264,4097710.035,"Silva","NEON_D17_TEAK_DP1_322000_4097000_classified_point_cloud_colorized.laz","2018_TEAK_3_322000_4097000_image.tif","Tree",1,322000,322999.999,4097000,4097999.999
"4379",4520,322612.504,322620.67,4097707.224,4097714.991,"Silva","NEON_D17_TEAK_DP1_322000_4097000_classified_point_cloud_colorized.laz","2018_TEAK_3_322000_4097000_image.tif","Tree",1,322000,322999.999,4097000,4097999.999
"4380",4521,322658.524,322665.984,4097707.009,4097714.48,"Silva","NEON_D17_TEAK_DP1_322000_4097000_classified_point_cloud_colorized.laz","2018_TEAK_3_322000_4097000_image.tif","Tree",1,322000,322999.999,4097000,4097999.999
"4381",4522,322739.056,322746.169,4097709.545,4097715.227,"Silva","NEON_D17_TEAK_DP1_322000_4097000_classified_point_cloud_colorized.laz","2018_TEAK_3_322000_4097000_image.tif","Tree",1,322000,322999.999,4097000,4097999.999
"4382",4523,322813.35,322819.487,4097710.023,4097715.488,"Silva","NEON_D17_TEAK_DP1_322000_4097000_classified_point_cloud_colorized.laz","2018_TEAK_3_322000_4097000_image.tif","Tree",1,322000,322999.999,4097000,4097999.999
"4383",4524,322499.082,322501.486,4097708.016,4097710.392,"Silva","NEON_D17_TEAK_DP1_322000_4097000_classified_point_cloud_colorized.laz","2018_TEAK_3_322000_4097000_image.tif","Tree",1,322000,322999.999,4097000,4097999.999
"4384",4525,322302.505,322311.773,4097701.033,4097711.332,"Silva","NEON_D17_TEAK_DP1_322000_4097000_classified_point_cloud_colorized.laz","2018_TEAK_3_322000_4097000_image.tif","Tree",1,322000,322999.999,4097000,4097999.999
"4385",4526,322226.642,322231.996,4097703.547,4097708.966,"Silva","NEON_D17_TEAK_DP1_322000_4097000_classified_point_cloud_colorized.laz","2018_TEAK_3_322000_4097000_image.tif","Tree",1,322000,322999.999,4097000,4097999.999
"4386",4527,322806.272,322810.978,4097709.036,4097714.198,"Silva","NEON_D17_TEAK_DP1_322000_4097000_classified_point_cloud_colorized.laz","2018_TEAK_3_322000_4097000_image.tif","Tree",1,322000,322999.999,4097000,4097999.999
"4387",4528,322633,322640.476,4097706.826,4097713.453,"Silva","NEON_D17_TEAK_DP1_322000_4097000_classified_point_cloud_colorized.laz","2018_TEAK_3_322000_4097000_image.tif","Tree",1,322000,322999.999,4097000,4097999.999
"4388",4529,322513.722,322522.377,4097703.567,4097710.893,"Silva","NEON_D17_TEAK_DP1_322000_4097000_classified_point_cloud_colorized.laz","2018_TEAK_3_322000_4097000_image.tif","Tree",1,322000,322999.999,4097000,4097999.999
"4389",4530,322312.616,322325.49,4097700.552,4097710.406,"Silva","NEON_D17_TEAK_DP1_322000_4097000_classified_point_cloud_colorized.laz","2018_TEAK_3_322000_4097000_image.tif","Tree",1,322000,322999.999,4097000,4097999.999
"4390",4531,322727.516,322733.294,4097707.011,4097712.066,"Silva","NEON_D17_TEAK_DP1_322000_4097000_classified_point_cloud_colorized.laz","2018_TEAK_3_322000_4097000_image.tif","Tree",1,322000,322999.999,4097000,4097999.999
"4391",4532,322654.566,322662.42,4097706.197,4097712.94,"Silva","NEON_D17_TEAK_DP1_322000_4097000_classified_point_cloud_colorized.laz","2018_TEAK_3_322000_4097000_image.tif","Tree",1,322000,322999.999,4097000,4097999.999
"4392",4533,322504.64,322513.429,4097702.282,4097710.945,"Silva","NEON_D17_TEAK_DP1_322000_4097000_classified_point_cloud_colorized.laz","2018_TEAK_3_322000_4097000_image.tif","Tree",1,322000,322999.999,4097000,4097999.999
"4393",4534,322296.004,322304.874,4097700.528,4097708.344,"Silva","NEON_D17_TEAK_DP1_322000_4097000_classified_point_cloud_colorized.laz","2018_TEAK_3_322000_4097000_image.tif","Tree",1,322000,322999.999,4097000,4097999.999
"4394",4535,322246.023,322252.8,4097699.508,4097706.801,"Silva","NEON_D17_TEAK_DP1_322000_4097000_classified_point_cloud_colorized.laz","2018_TEAK_3_322000_4097000_image.tif","Tree",1,322000,322999.999,4097000,4097999.999
"4395",4536,322282.55,322291.415,4097700.509,4097707.933,"Silva","NEON_D17_TEAK_DP1_322000_4097000_classified_point_cloud_colorized.laz","2018_TEAK_3_322000_4097000_image.tif","Tree",1,322000,322999.999,4097000,4097999.999
"4396",4537,322362.529,322369.383,4097701.068,4097707.456,"Silva","NEON_D17_TEAK_DP1_322000_4097000_classified_point_cloud_colorized.laz","2018_TEAK_3_322000_4097000_image.tif","Tree",1,322000,322999.999,4097000,4097999.999
"4397",4538,322641.036,322648.456,4097703.561,4097711.48,"Silva","NEON_D17_TEAK_DP1_322000_4097000_classified_point_cloud_colorized.laz","2018_TEAK_3_322000_4097000_image.tif","Tree",1,322000,322999.999,4097000,4097999.999
"4398",4539,322691.5,322701.911,4097703.055,4097712.902,"Silva","NEON_D17_TEAK_DP1_322000_4097000_classified_point_cloud_colorized.laz","2018_TEAK_3_322000_4097000_image.tif","Tree",1,322000,322999.999,4097000,4097999.999
"4399",4540,322754.076,322760.024,4097705.623,4097712.343,"Silva","NEON_D17_TEAK_DP1_322000_4097000_classified_point_cloud_colorized.laz","2018_TEAK_3_322000_4097000_image.tif","Tree",1,322000,322999.999,4097000,4097999.999
"4400",4541,322382.418,322388.981,4097699.702,4097707.468,"Silva","NEON_D17_TEAK_DP1_322000_4097000_classified_point_cloud_colorized.laz","2018_TEAK_3_322000_4097000_image.tif","Tree",1,322000,322999.999,4097000,4097999.999
"4401",4542,322257.234,322265.19,4097698.535,4097705.484,"Silva","NEON_D17_TEAK_DP1_322000_4097000_classified_point_cloud_colorized.laz","2018_TEAK_3_322000_4097000_image.tif","Tree",1,322000,322999.999,4097000,4097999.999
"4402",4543,322233.138,322236.947,4097699.847,4097704.493,"Silva","NEON_D17_TEAK_DP1_322000_4097000_classified_point_cloud_colorized.laz","2018_TEAK_3_322000_4097000_image.tif","Tree",1,322000,322999.999,4097000,4097999.999
"4403",4544,322214.69,322215.994,4097701.219,4097702.401,"Silva","NEON_D17_TEAK_DP1_322000_4097000_classified_point_cloud_colorized.laz","2018_TEAK_3_322000_4097000_image.tif","Tree",1,322000,322999.999,4097000,4097999.999
"4404",4545,322566.015,322571.831,4097703.207,4097708.689,"Silva","NEON_D17_TEAK_DP1_322000_4097000_classified_point_cloud_colorized.laz","2018_TEAK_3_322000_4097000_image.tif","Tree",1,322000,322999.999,4097000,4097999.999
"4405",4546,322632.82,322635.965,4097705.679,4097709.834,"Silva","NEON_D17_TEAK_DP1_322000_4097000_classified_point_cloud_colorized.laz","2018_TEAK_3_322000_4097000_image.tif","Tree",1,322000,322999.999,4097000,4097999.999
"4406",4547,322273.044,322277.157,4097697.508,4097704.708,"Silva","NEON_D17_TEAK_DP1_322000_4097000_classified_point_cloud_colorized.laz","2018_TEAK_3_322000_4097000_image.tif","Tree",1,322000,322999.999,4097000,4097999.999
"4407",4548,322488.54,322491.948,4097702.044,4097705.454,"Silva","NEON_D17_TEAK_DP1_322000_4097000_classified_point_cloud_colorized.laz","2018_TEAK_3_322000_4097000_image.tif","Tree",1,322000,322999.999,4097000,4097999.999
"4408",4549,322796.57,322802.983,4097705.542,4097710.884,"Silva","NEON_D17_TEAK_DP1_322000_4097000_classified_point_cloud_colorized.laz","2018_TEAK_3_322000_4097000_image.tif","Tree",1,322000,322999.999,4097000,4097999.999
"4409",4550,322497.072,322498.618,4097702.832,4097704.184,"Silva","NEON_D17_TEAK_DP1_322000_4097000_classified_point_cloud_colorized.laz","2018_TEAK_3_322000_4097000_image.tif","Tree",1,322000,322999.999,4097000,4097999.999
"4410",4551,322471.515,322481.948,4097697.58,4097707.754,"Silva","NEON_D17_TEAK_DP1_322000_4097000_classified_point_cloud_colorized.laz","2018_TEAK_3_322000_4097000_image.tif","Tree",1,322000,322999.999,4097000,4097999.999
"4411",4552,322333.091,322340.371,4097697.008,4097704.316,"Silva","NEON_D17_TEAK_DP1_322000_4097000_classified_point_cloud_colorized.laz","2018_TEAK_3_322000_4097000_image.tif","Tree",1,322000,322999.999,4097000,4097999.999
"4412",4553,322758.542,322765.224,4097702.001,4097710.422,"Silva","NEON_D17_TEAK_DP1_322000_4097000_classified_point_cloud_colorized.laz","2018_TEAK_3_322000_4097000_image.tif","Tree",1,322000,322999.999,4097000,4097999.999
"4413",4554,322802.97,322807.979,4097703.504,4097708.436,"Silva","NEON_D17_TEAK_DP1_322000_4097000_classified_point_cloud_colorized.laz","2018_TEAK_3_322000_4097000_image.tif","Tree",1,322000,322999.999,4097000,4097999.999
"4414",4555,322823.559,322830.479,4097703.276,4097711.199,"Silva","NEON_D17_TEAK_DP1_322000_4097000_classified_point_cloud_colorized.laz","2018_TEAK_3_322000_4097000_image.tif","Tree",1,322000,322999.999,4097000,4097999.999
"4415",4556,322840.508,322845.921,4097704.039,4097709.399,"Silva","NEON_D17_TEAK_DP1_322000_4097000_classified_point_cloud_colorized.laz","2018_TEAK_3_322000_4097000_image.tif","Tree",1,322000,322999.999,4097000,4097999.999
"4416",4557,322697.501,322707.208,4097701.004,4097708.565,"Silva","NEON_D17_TEAK_DP1_322000_4097000_classified_point_cloud_colorized.laz","2018_TEAK_3_322000_4097000_image.tif","Tree",1,322000,322999.999,4097000,4097999.999
"4417",4558,322323.503,322331.323,4097696.583,4097702.993,"Silva","NEON_D17_TEAK_DP1_322000_4097000_classified_point_cloud_colorized.laz","2018_TEAK_3_322000_4097000_image.tif","Tree",1,322000,322999.999,4097000,4097999.999
"4418",4559,322797.722,322803.451,4097702.701,4097706.495,"Silva","NEON_D17_TEAK_DP1_322000_4097000_classified_point_cloud_colorized.laz","2018_TEAK_3_322000_4097000_image.tif","Tree",1,322000,322999.999,4097000,4097999.999
"4419",4560,322724.189,322727.251,4097702.023,4097705.06,"Silva","NEON_D17_TEAK_DP1_322000_4097000_classified_point_cloud_colorized.laz","2018_TEAK_3_322000_4097000_image.tif","Tree",1,322000,322999.999,4097000,4097999.999
"4420",4561,322443.512,322451.944,4097694.48,4097703.479,"Silva","NEON_D17_TEAK_DP1_322000_4097000_classified_point_cloud_colorized.laz","2018_TEAK_3_322000_4097000_image.tif","Tree",1,322000,322999.999,4097000,4097999.999
"4421",4562,322369.882,322376.372,4097694.104,4097700.945,"Silva","NEON_D17_TEAK_DP1_322000_4097000_classified_point_cloud_colorized.laz","2018_TEAK_3_322000_4097000_image.tif","Tree",1,322000,322999.999,4097000,4097999.999
"4422",4563,322317.125,322323.976,4097691.192,4097701.939,"Silva","NEON_D17_TEAK_DP1_322000_4097000_classified_point_cloud_colorized.laz","2018_TEAK_3_322000_4097000_image.tif","Tree",1,322000,322999.999,4097000,4097999.999
"4423",4564,322300.024,322305.107,4097692.738,4097700.669,"Silva","NEON_D17_TEAK_DP1_322000_4097000_classified_point_cloud_colorized.laz","2018_TEAK_3_322000_4097000_image.tif","Tree",1,322000,322999.999,4097000,4097999.999
"4424",4565,322360.622,322367.387,4097694.899,4097700.995,"Silva","NEON_D17_TEAK_DP1_322000_4097000_classified_point_cloud_colorized.laz","2018_TEAK_3_322000_4097000_image.tif","Tree",1,322000,322999.999,4097000,4097999.999
"4425",4566,322728.072,322734.075,4097699.747,4097704.989,"Silva","NEON_D17_TEAK_DP1_322000_4097000_classified_point_cloud_colorized.laz","2018_TEAK_3_322000_4097000_image.tif","Tree",1,322000,322999.999,4097000,4097999.999
"4426",4568,322310.651,322317.993,4097690.568,4097699.915,"Silva","NEON_D17_TEAK_DP1_322000_4097000_classified_point_cloud_colorized.laz","2018_TEAK_3_322000_4097000_image.tif","Tree",1,322000,322999.999,4097000,4097999.999
"4427",4569,322303.992,322310.494,4097690.791,4097697.794,"Silva","NEON_D17_TEAK_DP1_322000_4097000_classified_point_cloud_colorized.laz","2018_TEAK_3_322000_4097000_image.tif","Tree",1,322000,322999.999,4097000,4097999.999
"4428",4570,322740.577,322746.853,4097698.556,4097704.994,"Silva","NEON_D17_TEAK_DP1_322000_4097000_classified_point_cloud_colorized.laz","2018_TEAK_3_322000_4097000_image.tif","Tree",1,322000,322999.999,4097000,4097999.999
"4429",4571,322783.541,322790.436,4097700.068,4097705.823,"Silva","NEON_D17_TEAK_DP1_322000_4097000_classified_point_cloud_colorized.laz","2018_TEAK_3_322000_4097000_image.tif","Tree",1,322000,322999.999,4097000,4097999.999
"4430",4572,322754.916,322760.91,4097699.527,4097705.395,"Silva","NEON_D17_TEAK_DP1_322000_4097000_classified_point_cloud_colorized.laz","2018_TEAK_3_322000_4097000_image.tif","Tree",1,322000,322999.999,4097000,4097999.999
"4431",4573,322638.721,322644.307,4097697.1,4097702.975,"Silva","NEON_D17_TEAK_DP1_322000_4097000_classified_point_cloud_colorized.laz","2018_TEAK_3_322000_4097000_image.tif","Tree",1,322000,322999.999,4097000,4097999.999
"4432",4574,322343.527,322348.399,4097692.759,4097697.356,"Silva","NEON_D17_TEAK_DP1_322000_4097000_classified_point_cloud_colorized.laz","2018_TEAK_3_322000_4097000_image.tif","Tree",1,322000,322999.999,4097000,4097999.999
"4433",4575,322537.362,322544.624,4097695.513,4097701.704,"Silva","NEON_D17_TEAK_DP1_322000_4097000_classified_point_cloud_colorized.laz","2018_TEAK_3_322000_4097000_image.tif","Tree",1,322000,322999.999,4097000,4097999.999
"4434",4576,322790.034,322795.916,4097698.53,4097704.446,"Silva","NEON_D17_TEAK_DP1_322000_4097000_classified_point_cloud_colorized.laz","2018_TEAK_3_322000_4097000_image.tif","Tree",1,322000,322999.999,4097000,4097999.999
"4435",4577,322831.532,322838.951,4097698.052,4097703.997,"Silva","NEON_D17_TEAK_DP1_322000_4097000_classified_point_cloud_colorized.laz","2018_TEAK_3_322000_4097000_image.tif","Tree",1,322000,322999.999,4097000,4097999.999
"4436",4578,322801.511,322805.972,4097698.565,4097703.973,"Silva","NEON_D17_TEAK_DP1_322000_4097000_classified_point_cloud_colorized.laz","2018_TEAK_3_322000_4097000_image.tif","Tree",1,322000,322999.999,4097000,4097999.999
"4437",4579,322796.038,322801.485,4097698.094,4097704.422,"Silva","NEON_D17_TEAK_DP1_322000_4097000_classified_point_cloud_colorized.laz","2018_TEAK_3_322000_4097000_image.tif","Tree",1,322000,322999.999,4097000,4097999.999
"4438",4580,322621.568,322625.851,4097696.563,4097700.892,"Silva","NEON_D17_TEAK_DP1_322000_4097000_classified_point_cloud_colorized.laz","2018_TEAK_3_322000_4097000_image.tif","Tree",1,322000,322999.999,4097000,4097999.999
"4439",4581,322647.038,322649.213,4097697.634,4097700.427,"Silva","NEON_D17_TEAK_DP1_322000_4097000_classified_point_cloud_colorized.laz","2018_TEAK_3_322000_4097000_image.tif","Tree",1,322000,322999.999,4097000,4097999.999
"4440",4582,322718.009,322721.997,4097697.159,4097700.455,"Silva","NEON_D17_TEAK_DP1_322000_4097000_classified_point_cloud_colorized.laz","2018_TEAK_3_322000_4097000_image.tif","Tree",1,322000,322999.999,4097000,4097999.999
"4441",4583,322816.505,322819.361,4097699.605,4097702.935,"Silva","NEON_D17_TEAK_DP1_322000_4097000_classified_point_cloud_colorized.laz","2018_TEAK_3_322000_4097000_image.tif","Tree",1,322000,322999.999,4097000,4097999.999
"4442",4584,322841.544,322846.35,4097698.545,4097703.997,"Silva","NEON_D17_TEAK_DP1_322000_4097000_classified_point_cloud_colorized.laz","2018_TEAK_3_322000_4097000_image.tif","Tree",1,322000,322999.999,4097000,4097999.999
"4443",4585,322745.516,322750.132,4097696.558,4097701.94,"Silva","NEON_D17_TEAK_DP1_322000_4097000_classified_point_cloud_colorized.laz","2018_TEAK_3_322000_4097000_image.tif","Tree",1,322000,322999.999,4097000,4097999.999
"4444",4586,322730.019,322735.978,4097696.206,4097702.412,"Silva","NEON_D17_TEAK_DP1_322000_4097000_classified_point_cloud_colorized.laz","2018_TEAK_3_322000_4097000_image.tif","Tree",1,322000,322999.999,4097000,4097999.999
"4445",4587,322283.766,322289.4,4097687.735,4097694.498,"Silva","NEON_D17_TEAK_DP1_322000_4097000_classified_point_cloud_colorized.laz","2018_TEAK_3_322000_4097000_image.tif","Tree",1,322000,322999.999,4097000,4097999.999
"4446",4588,322723.004,322726.359,4097696.503,4097699.865,"Silva","NEON_D17_TEAK_DP1_322000_4097000_classified_point_cloud_colorized.laz","2018_TEAK_3_322000_4097000_image.tif","Tree",1,322000,322999.999,4097000,4097999.999
"4447",4589,322735.09,322741.375,4097695.038,4097701.89,"Silva","NEON_D17_TEAK_DP1_322000_4097000_classified_point_cloud_colorized.laz","2018_TEAK_3_322000_4097000_image.tif","Tree",1,322000,322999.999,4097000,4097999.999
"4448",4590,322834.982,322841.278,4097696.256,4097702.935,"Silva","NEON_D17_TEAK_DP1_322000_4097000_classified_point_cloud_colorized.laz","2018_TEAK_3_322000_4097000_image.tif","Tree",1,322000,322999.999,4097000,4097999.999
"4449",4591,322699.607,322705.952,4097694.532,4097700.991,"Silva","NEON_D17_TEAK_DP1_322000_4097000_classified_point_cloud_colorized.laz","2018_TEAK_3_322000_4097000_image.tif","Tree",1,322000,322999.999,4097000,4097999.999
"4450",4592,322427.132,322433.141,4097688.501,4097695.801,"Silva","NEON_D17_TEAK_DP1_322000_4097000_classified_point_cloud_colorized.laz","2018_TEAK_3_322000_4097000_image.tif","Tree",1,322000,322999.999,4097000,4097999.999
"4451",4593,322411.01,322419.599,4097688.224,4097693.693,"Silva","NEON_D17_TEAK_DP1_322000_4097000_classified_point_cloud_colorized.laz","2018_TEAK_3_322000_4097000_image.tif","Tree",1,322000,322999.999,4097000,4097999.999
"4452",4594,322785.132,322791.703,4097694.507,4097700.908,"Silva","NEON_D17_TEAK_DP1_322000_4097000_classified_point_cloud_colorized.laz","2018_TEAK_3_322000_4097000_image.tif","Tree",1,322000,322999.999,4097000,4097999.999
"4453",4596,322480.63,322486.573,4097687.889,4097695.951,"Silva","NEON_D17_TEAK_DP1_322000_4097000_classified_point_cloud_colorized.laz","2018_TEAK_3_322000_4097000_image.tif","Tree",1,322000,322999.999,4097000,4097999.999
"4454",4597,322260.346,322265.938,4097684.73,4097690.352,"Silva","NEON_D17_TEAK_DP1_322000_4097000_classified_point_cloud_colorized.laz","2018_TEAK_3_322000_4097000_image.tif","Tree",1,322000,322999.999,4097000,4097999.999
"4455",4598,322285.687,322292.423,4097683.685,4097690.985,"Silva","NEON_D17_TEAK_DP1_322000_4097000_classified_point_cloud_colorized.laz","2018_TEAK_3_322000_4097000_image.tif","Tree",1,322000,322999.999,4097000,4097999.999
"4456",4599,322434.073,322440.927,4097686.988,4097694.916,"Silva","NEON_D17_TEAK_DP1_322000_4097000_classified_point_cloud_colorized.laz","2018_TEAK_3_322000_4097000_image.tif","Tree",1,322000,322999.999,4097000,4097999.999
"4457",4600,322455.937,322460.543,4097687.503,4097693.84,"Silva","NEON_D17_TEAK_DP1_322000_4097000_classified_point_cloud_colorized.laz","2018_TEAK_3_322000_4097000_image.tif","Tree",1,322000,322999.999,4097000,4097999.999
"4458",4601,322235.04,322242.471,4097681.76,4097689.983,"Silva","NEON_D17_TEAK_DP1_322000_4097000_classified_point_cloud_colorized.laz","2018_TEAK_3_322000_4097000_image.tif","Tree",1,322000,322999.999,4097000,4097999.999
"4459",4602,322272.5,322273.973,4097686.04,4097686.882,"Silva","NEON_D17_TEAK_DP1_322000_4097000_classified_point_cloud_colorized.laz","2018_TEAK_3_322000_4097000_image.tif","Tree",1,322000,322999.999,4097000,4097999.999
"4460",4603,322557.539,322561.487,4097689.528,4097693.952,"Silva","NEON_D17_TEAK_DP1_322000_4097000_classified_point_cloud_colorized.laz","2018_TEAK_3_322000_4097000_image.tif","Tree",1,322000,322999.999,4097000,4097999.999
"4461",4604,322662.138,322663.427,4097693.046,4097694.994,"Silva","NEON_D17_TEAK_DP1_322000_4097000_classified_point_cloud_colorized.laz","2018_TEAK_3_322000_4097000_image.tif","Tree",1,322000,322999.999,4097000,4097999.999
"4462",4605,322725.508,322730.989,4097692.554,4097697.347,"Silva","NEON_D17_TEAK_DP1_322000_4097000_classified_point_cloud_colorized.laz","2018_TEAK_3_322000_4097000_image.tif","Tree",1,322000,322999.999,4097000,4097999.999
"4463",4606,322849.597,322854.481,4097694.504,4097700.447,"Silva","NEON_D17_TEAK_DP1_322000_4097000_classified_point_cloud_colorized.laz","2018_TEAK_3_322000_4097000_image.tif","Tree",1,322000,322999.999,4097000,4097999.999
"4464",4608,322441.893,322446.941,4097686.068,4097691.4,"Silva","NEON_D17_TEAK_DP1_322000_4097000_classified_point_cloud_colorized.laz","2018_TEAK_3_322000_4097000_image.tif","Tree",1,322000,322999.999,4097000,4097999.999
"4465",4610,322246.17,322252.361,4097680.04,4097687.489,"Silva","NEON_D17_TEAK_DP1_322000_4097000_classified_point_cloud_colorized.laz","2018_TEAK_3_322000_4097000_image.tif","Tree",1,322000,322999.999,4097000,4097999.999
"4466",4611,322255.773,322260.49,4097682.076,4097688.349,"Silva","NEON_D17_TEAK_DP1_322000_4097000_classified_point_cloud_colorized.laz","2018_TEAK_3_322000_4097000_image.tif","Tree",1,322000,322999.999,4097000,4097999.999
"4467",4612,322332.598,322338.459,4097685.503,4097689.499,"Silva","NEON_D17_TEAK_DP1_322000_4097000_classified_point_cloud_colorized.laz","2018_TEAK_3_322000_4097000_image.tif","Tree",1,322000,322999.999,4097000,4097999.999
"4468",4613,322521.013,322528.426,4097685.2,4097692.988,"Silva","NEON_D17_TEAK_DP1_322000_4097000_classified_point_cloud_colorized.laz","2018_TEAK_3_322000_4097000_image.tif","Tree",1,322000,322999.999,4097000,4097999.999
"4469",4614,322569.567,322570.247,4097690.167,4097690.311,"Silva","NEON_D17_TEAK_DP1_322000_4097000_classified_point_cloud_colorized.laz","2018_TEAK_3_322000_4097000_image.tif","Tree",1,322000,322999.999,4097000,4097999.999
"4470",4615,322622.062,322624.492,4097690.688,4097693.16,"Silva","NEON_D17_TEAK_DP1_322000_4097000_classified_point_cloud_colorized.laz","2018_TEAK_3_322000_4097000_image.tif","Tree",1,322000,322999.999,4097000,4097999.999
"4471",4616,322693.506,322700.601,4097688.51,4097696.759,"Silva","NEON_D17_TEAK_DP1_322000_4097000_classified_point_cloud_colorized.laz","2018_TEAK_3_322000_4097000_image.tif","Tree",1,322000,322999.999,4097000,4097999.999
"4472",4617,322713.049,322719.41,4097690.502,4097697.955,"Silva","NEON_D17_TEAK_DP1_322000_4097000_classified_point_cloud_colorized.laz","2018_TEAK_3_322000_4097000_image.tif","Tree",1,322000,322999.999,4097000,4097999.999
"4473",4618,322794.517,322798.981,4097693.169,4097697.488,"Silva","NEON_D17_TEAK_DP1_322000_4097000_classified_point_cloud_colorized.laz","2018_TEAK_3_322000_4097000_image.tif","Tree",1,322000,322999.999,4097000,4097999.999
"4474",4619,322822.002,322829.394,4097693.284,4097698.487,"Silva","NEON_D17_TEAK_DP1_322000_4097000_classified_point_cloud_colorized.laz","2018_TEAK_3_322000_4097000_image.tif","Tree",1,322000,322999.999,4097000,4097999.999
"4475",4620,322652.637,322654.927,4097690.872,4097693.451,"Silva","NEON_D17_TEAK_DP1_322000_4097000_classified_point_cloud_colorized.laz","2018_TEAK_3_322000_4097000_image.tif","Tree",1,322000,322999.999,4097000,4097999.999
"4476",4621,322573.514,322580.674,4097686.512,4097693.426,"Silva","NEON_D17_TEAK_DP1_322000_4097000_classified_point_cloud_colorized.laz","2018_TEAK_3_322000_4097000_image.tif","Tree",1,322000,322999.999,4097000,4097999.999
"4477",4622,322308.091,322310.976,4097683.139,4097685.499,"Silva","NEON_D17_TEAK_DP1_322000_4097000_classified_point_cloud_colorized.laz","2018_TEAK_3_322000_4097000_image.tif","Tree",1,322000,322999.999,4097000,4097999.999
"4478",4624,322281.267,322285.441,4097683.729,4097686.152,"Silva","NEON_D17_TEAK_DP1_322000_4097000_classified_point_cloud_colorized.laz","2018_TEAK_3_322000_4097000_image.tif","Tree",1,322000,322999.999,4097000,4097999.999
"4479",4625,322399.621,322408.481,4097682.144,4097687.733,"Silva","NEON_D17_TEAK_DP1_322000_4097000_classified_point_cloud_colorized.laz","2018_TEAK_3_322000_4097000_image.tif","Tree",1,322000,322999.999,4097000,4097999.999
"4480",4626,322468.002,322473.909,4097685.19,4097690.21,"Silva","NEON_D17_TEAK_DP1_322000_4097000_classified_point_cloud_colorized.laz","2018_TEAK_3_322000_4097000_image.tif","Tree",1,322000,322999.999,4097000,4097999.999
"4481",4627,322758.269,322758.269,4097693.575,4097693.575,"Silva","NEON_D17_TEAK_DP1_322000_4097000_classified_point_cloud_colorized.laz","2018_TEAK_3_322000_4097000_image.tif","Tree",1,322000,322999.999,4097000,4097999.999
"4482",4628,322300.167,322301.348,4097682.616,4097683.977,"Silva","NEON_D17_TEAK_DP1_322000_4097000_classified_point_cloud_colorized.laz","2018_TEAK_3_322000_4097000_image.tif","Tree",1,322000,322999.999,4097000,4097999.999
"4483",4629,322312.985,322315.388,4097683.234,4097684.85,"Silva","NEON_D17_TEAK_DP1_322000_4097000_classified_point_cloud_colorized.laz","2018_TEAK_3_322000_4097000_image.tif","Tree",1,322000,322999.999,4097000,4097999.999
"4484",4630,322646.208,322647.304,4097689.003,4097690.122,"Silva","NEON_D17_TEAK_DP1_322000_4097000_classified_point_cloud_colorized.laz","2018_TEAK_3_322000_4097000_image.tif","Tree",1,322000,322999.999,4097000,4097999.999
"4485",4631,322504.507,322504.602,4097684.792,4097684.966,"Silva","NEON_D17_TEAK_DP1_322000_4097000_classified_point_cloud_colorized.laz","2018_TEAK_3_322000_4097000_image.tif","Tree",1,322000,322999.999,4097000,4097999.999
"4486",4632,322561.069,322564.699,4097684.932,4097688.415,"Silva","NEON_D17_TEAK_DP1_322000_4097000_classified_point_cloud_colorized.laz","2018_TEAK_3_322000_4097000_image.tif","Tree",1,322000,322999.999,4097000,4097999.999
"4487",4633,322827.577,322835.98,4097689.032,4097698.48,"Silva","NEON_D17_TEAK_DP1_322000_4097000_classified_point_cloud_colorized.laz","2018_TEAK_3_322000_4097000_image.tif","Tree",1,322000,322999.999,4097000,4097999.999
"4488",4634,322802.054,322808.809,4097689.168,4097695.938,"Silva","NEON_D17_TEAK_DP1_322000_4097000_classified_point_cloud_colorized.laz","2018_TEAK_3_322000_4097000_image.tif","Tree",1,322000,322999.999,4097000,4097999.999
"4489",4635,322716.578,322722.307,4097686.605,4097691.919,"Silva","NEON_D17_TEAK_DP1_322000_4097000_classified_point_cloud_colorized.laz","2018_TEAK_3_322000_4097000_image.tif","Tree",1,322000,322999.999,4097000,4097999.999
"4490",4636,322848.072,322851.483,4097691.189,4097695.444,"Silva","NEON_D17_TEAK_DP1_322000_4097000_classified_point_cloud_colorized.laz","2018_TEAK_3_322000_4097000_image.tif","Tree",1,322000,322999.999,4097000,4097999.999
"4491",4637,322446.048,322454.99,4097680.849,4097685.964,"Silva","NEON_D17_TEAK_DP1_322000_4097000_classified_point_cloud_colorized.laz","2018_TEAK_3_322000_4097000_image.tif","Tree",1,322000,322999.999,4097000,4097999.999
"4492",4638,322771.186,322771.586,4097689.526,4097689.852,"Silva","NEON_D17_TEAK_DP1_322000_4097000_classified_point_cloud_colorized.laz","2018_TEAK_3_322000_4097000_image.tif","Tree",1,322000,322999.999,4097000,4097999.999
"4493",4639,322782.089,322788.066,4097687.14,4097692.992,"Silva","NEON_D17_TEAK_DP1_322000_4097000_classified_point_cloud_colorized.laz","2018_TEAK_3_322000_4097000_image.tif","Tree",1,322000,322999.999,4097000,4097999.999
"4494",4640,322708.505,322714.952,4097685.505,4097691.49,"Silva","NEON_D17_TEAK_DP1_322000_4097000_classified_point_cloud_colorized.laz","2018_TEAK_3_322000_4097000_image.tif","Tree",1,322000,322999.999,4097000,4097999.999
"4495",4641,322625.111,322630.961,4097683.36,4097689.392,"Silva","NEON_D17_TEAK_DP1_322000_4097000_classified_point_cloud_colorized.laz","2018_TEAK_3_322000_4097000_image.tif","Tree",1,322000,322999.999,4097000,4097999.999
"4496",4642,322569.518,322572.43,4097679.6,4097684.074,"Silva","NEON_D17_TEAK_DP1_322000_4097000_classified_point_cloud_colorized.laz","2018_TEAK_3_322000_4097000_image.tif","Tree",1,322000,322999.999,4097000,4097999.999
"4497",4643,322392.013,322401.111,4097676.103,4097683.96,"Silva","NEON_D17_TEAK_DP1_322000_4097000_classified_point_cloud_colorized.laz","2018_TEAK_3_322000_4097000_image.tif","Tree",1,322000,322999.999,4097000,4097999.999
"4498",4644,322417,322421.787,4097676.58,4097682.999,"Silva","NEON_D17_TEAK_DP1_322000_4097000_classified_point_cloud_colorized.laz","2018_TEAK_3_322000_4097000_image.tif","Tree",1,322000,322999.999,4097000,4097999.999
"4499",4645,322776.125,322780.439,4097687.484,4097690.357,"Silva","NEON_D17_TEAK_DP1_322000_4097000_classified_point_cloud_colorized.laz","2018_TEAK_3_322000_4097000_image.tif","Tree",1,322000,322999.999,4097000,4097999.999
"4500",4646,322844.76,322848.785,4097688.088,4097691.414,"Silva","NEON_D17_TEAK_DP1_322000_4097000_classified_point_cloud_colorized.laz","2018_TEAK_3_322000_4097000_image.tif","Tree",1,322000,322999.999,4097000,4097999.999
"4501",4647,322735.002,322740.387,4097684.506,4097690.491,"Silva","NEON_D17_TEAK_DP1_322000_4097000_classified_point_cloud_colorized.laz","2018_TEAK_3_322000_4097000_image.tif","Tree",1,322000,322999.999,4097000,4097999.999
"4502",4648,322719.581,322725.313,4097684.027,4097689.817,"Silva","NEON_D17_TEAK_DP1_322000_4097000_classified_point_cloud_colorized.laz","2018_TEAK_3_322000_4097000_image.tif","Tree",1,322000,322999.999,4097000,4097999.999
"4503",4649,322485.52,322495.493,4097675.44,4097684.999,"Silva","NEON_D17_TEAK_DP1_322000_4097000_classified_point_cloud_colorized.laz","2018_TEAK_3_322000_4097000_image.tif","Tree",1,322000,322999.999,4097000,4097999.999
"4504",4650,322436.724,322439.464,4097678.812,4097681.543,"Silva","NEON_D17_TEAK_DP1_322000_4097000_classified_point_cloud_colorized.laz","2018_TEAK_3_322000_4097000_image.tif","Tree",1,322000,322999.999,4097000,4097999.999
"4505",4651,322373.365,322382.998,4097675.551,4097683.999,"Silva","NEON_D17_TEAK_DP1_322000_4097000_classified_point_cloud_colorized.laz","2018_TEAK_3_322000_4097000_image.tif","Tree",1,322000,322999.999,4097000,4097999.999
"4506",4652,322620.635,322626.921,4097680.6,4097686.991,"Silva","NEON_D17_TEAK_DP1_322000_4097000_classified_point_cloud_colorized.laz","2018_TEAK_3_322000_4097000_image.tif","Tree",1,322000,322999.999,4097000,4097999.999
"4507",4653,322659.13,322661.343,4097683.514,4097686.407,"Silva","NEON_D17_TEAK_DP1_322000_4097000_classified_point_cloud_colorized.laz","2018_TEAK_3_322000_4097000_image.tif","Tree",1,322000,322999.999,4097000,4097999.999
"4508",4654,322858.072,322862.424,4097687.537,4097691.957,"Silva","NEON_D17_TEAK_DP1_322000_4097000_classified_point_cloud_colorized.laz","2018_TEAK_3_322000_4097000_image.tif","Tree",1,322000,322999.999,4097000,4097999.999
"4509",4655,322801.014,322807.151,4097684.524,4097689.958,"Silva","NEON_D17_TEAK_DP1_322000_4097000_classified_point_cloud_colorized.laz","2018_TEAK_3_322000_4097000_image.tif","Tree",1,322000,322999.999,4097000,4097999.999
"4510",4656,322708.602,322716.348,4097682.017,4097686.463,"Silva","NEON_D17_TEAK_DP1_322000_4097000_classified_point_cloud_colorized.laz","2018_TEAK_3_322000_4097000_image.tif","Tree",1,322000,322999.999,4097000,4097999.999
"4511",4657,322233.009,322237.946,4097668.339,4097674.994,"Silva","NEON_D17_TEAK_DP1_322000_4097000_classified_point_cloud_colorized.laz","2018_TEAK_3_322000_4097000_image.tif","Tree",1,322000,322999.999,4097000,4097999.999
"4512",4658,322413.533,322419.845,4097673.042,4097679.233,"Silva","NEON_D17_TEAK_DP1_322000_4097000_classified_point_cloud_colorized.laz","2018_TEAK_3_322000_4097000_image.tif","Tree",1,322000,322999.999,4097000,4097999.999
"4513",4659,322689.515,322694.11,4097680.669,4097685.695,"Silva","NEON_D17_TEAK_DP1_322000_4097000_classified_point_cloud_colorized.laz","2018_TEAK_3_322000_4097000_image.tif","Tree",1,322000,322999.999,4097000,4097999.999
"4514",4660,322785.504,322791.406,4097682.74,4097688.983,"Silva","NEON_D17_TEAK_DP1_322000_4097000_classified_point_cloud_colorized.laz","2018_TEAK_3_322000_4097000_image.tif","Tree",1,322000,322999.999,4097000,4097999.999
"4515",4661,322820.001,322824.999,4097684.018,4097688.996,"Silva","NEON_D17_TEAK_DP1_322000_4097000_classified_point_cloud_colorized.laz","2018_TEAK_3_322000_4097000_image.tif","Tree",1,322000,322999.999,4097000,4097999.999
"4516",4662,322772.523,322774.975,4097683.768,4097686.695,"Silva","NEON_D17_TEAK_DP1_322000_4097000_classified_point_cloud_colorized.laz","2018_TEAK_3_322000_4097000_image.tif","Tree",1,322000,322999.999,4097000,4097999.999
"4517",4663,322729.237,322731.231,4097683.064,4097685.379,"Silva","NEON_D17_TEAK_DP1_322000_4097000_classified_point_cloud_colorized.laz","2018_TEAK_3_322000_4097000_image.tif","Tree",1,322000,322999.999,4097000,4097999.999
"4518",4664,322237.516,322242.943,4097668.533,4097673.425,"Silva","NEON_D17_TEAK_DP1_322000_4097000_classified_point_cloud_colorized.laz","2018_TEAK_3_322000_4097000_image.tif","Tree",1,322000,322999.999,4097000,4097999.999
"4519",4665,322339.004,322348.31,4097667.694,4097678.173,"Silva","NEON_D17_TEAK_DP1_322000_4097000_classified_point_cloud_colorized.laz","2018_TEAK_3_322000_4097000_image.tif","Tree",1,322000,322999.999,4097000,4097999.999
"4520",4666,322462.052,322468.902,4097674.503,4097680.451,"Silva","NEON_D17_TEAK_DP1_322000_4097000_classified_point_cloud_colorized.laz","2018_TEAK_3_322000_4097000_image.tif","Tree",1,322000,322999.999,4097000,4097999.999
"4521",4667,322562.532,322571.484,4097673.009,4097681.58,"Silva","NEON_D17_TEAK_DP1_322000_4097000_classified_point_cloud_colorized.laz","2018_TEAK_3_322000_4097000_image.tif","Tree",1,322000,322999.999,4097000,4097999.999
"4522",4668,322860.649,322864.994,4097684.173,4097688.926,"Silva","NEON_D17_TEAK_DP1_322000_4097000_classified_point_cloud_colorized.laz","2018_TEAK_3_322000_4097000_image.tif","Tree",1,322000,322999.999,4097000,4097999.999
"4523",4669,322816.04,322821.198,4097683.043,4097688.335,"Silva","NEON_D17_TEAK_DP1_322000_4097000_classified_point_cloud_colorized.laz","2018_TEAK_3_322000_4097000_image.tif","Tree",1,322000,322999.999,4097000,4097999.999
"4524",4670,322608.011,322613.157,4097677.591,4097682.991,"Silva","NEON_D17_TEAK_DP1_322000_4097000_classified_point_cloud_colorized.laz","2018_TEAK_3_322000_4097000_image.tif","Tree",1,322000,322999.999,4097000,4097999.999
"4525",4671,322492.543,322495.788,4097674.969,4097681.451,"Silva","NEON_D17_TEAK_DP1_322000_4097000_classified_point_cloud_colorized.laz","2018_TEAK_3_322000_4097000_image.tif","Tree",1,322000,322999.999,4097000,4097999.999
"4526",4672,322453.589,322461.755,4097673.918,4097679.482,"Silva","NEON_D17_TEAK_DP1_322000_4097000_classified_point_cloud_colorized.laz","2018_TEAK_3_322000_4097000_image.tif","Tree",1,322000,322999.999,4097000,4097999.999
"4527",4673,322401.886,322410.954,4097670.838,4097678.976,"Silva","NEON_D17_TEAK_DP1_322000_4097000_classified_point_cloud_colorized.laz","2018_TEAK_3_322000_4097000_image.tif","Tree",1,322000,322999.999,4097000,4097999.999
"4528",4674,322379.014,322383.997,4097670.251,4097676.281,"Silva","NEON_D17_TEAK_DP1_322000_4097000_classified_point_cloud_colorized.laz","2018_TEAK_3_322000_4097000_image.tif","Tree",1,322000,322999.999,4097000,4097999.999
"4529",4675,322348.083,322357.383,4097668.037,4097677.781,"Silva","NEON_D17_TEAK_DP1_322000_4097000_classified_point_cloud_colorized.laz","2018_TEAK_3_322000_4097000_image.tif","Tree",1,322000,322999.999,4097000,4097999.999
"4530",4676,322554.052,322559.915,4097674.023,4097680.892,"Silva","NEON_D17_TEAK_DP1_322000_4097000_classified_point_cloud_colorized.laz","2018_TEAK_3_322000_4097000_image.tif","Tree",1,322000,322999.999,4097000,4097999.999
"4531",4677,322474.004,322481.226,4097671.625,4097678.934,"Silva","NEON_D17_TEAK_DP1_322000_4097000_classified_point_cloud_colorized.laz","2018_TEAK_3_322000_4097000_image.tif","Tree",1,322000,322999.999,4097000,4097999.999
"4532",4678,322622.602,322628.452,4097676.099,4097681.479,"Silva","NEON_D17_TEAK_DP1_322000_4097000_classified_point_cloud_colorized.laz","2018_TEAK_3_322000_4097000_image.tif","Tree",1,322000,322999.999,4097000,4097999.999
"4533",4679,322791.566,322798.442,4097679.255,4097686.759,"Silva","NEON_D17_TEAK_DP1_322000_4097000_classified_point_cloud_colorized.laz","2018_TEAK_3_322000_4097000_image.tif","Tree",1,322000,322999.999,4097000,4097999.999
"4534",4680,322742.018,322746.335,4097678.694,4097684.487,"Silva","NEON_D17_TEAK_DP1_322000_4097000_classified_point_cloud_colorized.laz","2018_TEAK_3_322000_4097000_image.tif","Tree",1,322000,322999.999,4097000,4097999.999
"4535",4681,322640.019,322642.277,4097677.086,4097679.47,"Silva","NEON_D17_TEAK_DP1_322000_4097000_classified_point_cloud_colorized.laz","2018_TEAK_3_322000_4097000_image.tif","Tree",1,322000,322999.999,4097000,4097999.999
"4536",4682,322504.175,322508.22,4097672.967,4097676.705,"Silva","NEON_D17_TEAK_DP1_322000_4097000_classified_point_cloud_colorized.laz","2018_TEAK_3_322000_4097000_image.tif","Tree",1,322000,322999.999,4097000,4097999.999
"4537",4683,322423.576,322429.897,4097669.373,4097675.468,"Silva","NEON_D17_TEAK_DP1_322000_4097000_classified_point_cloud_colorized.laz","2018_TEAK_3_322000_4097000_image.tif","Tree",1,322000,322999.999,4097000,4097999.999
"4538",4684,322235.017,322241.999,4097664.006,4097669.912,"Silva","NEON_D17_TEAK_DP1_322000_4097000_classified_point_cloud_colorized.laz","2018_TEAK_3_322000_4097000_image.tif","Tree",1,322000,322999.999,4097000,4097999.999
"4539",4685,322242.212,322247.98,4097664.576,4097670.458,"Silva","NEON_D17_TEAK_DP1_322000_4097000_classified_point_cloud_colorized.laz","2018_TEAK_3_322000_4097000_image.tif","Tree",1,322000,322999.999,4097000,4097999.999
"4540",4686,322651.181,322654.704,4097676.601,4097679.969,"Silva","NEON_D17_TEAK_DP1_322000_4097000_classified_point_cloud_colorized.laz","2018_TEAK_3_322000_4097000_image.tif","Tree",1,322000,322999.999,4097000,4097999.999
"4541",4687,322693.218,322699.252,4097677.519,4097681.451,"Silva","NEON_D17_TEAK_DP1_322000_4097000_classified_point_cloud_colorized.laz","2018_TEAK_3_322000_4097000_image.tif","Tree",1,322000,322999.999,4097000,4097999.999
"4542",4688,322721.576,322727.15,4097677.293,4097682.99,"Silva","NEON_D17_TEAK_DP1_322000_4097000_classified_point_cloud_colorized.laz","2018_TEAK_3_322000_4097000_image.tif","Tree",1,322000,322999.999,4097000,4097999.999
"4543",4689,322783.045,322789.63,4097678.225,4097684.37,"Silva","NEON_D17_TEAK_DP1_322000_4097000_classified_point_cloud_colorized.laz","2018_TEAK_3_322000_4097000_image.tif","Tree",1,322000,322999.999,4097000,4097999.999
"4544",4690,322766.109,322770.981,4097678.601,4097683.758,"Silva","NEON_D17_TEAK_DP1_322000_4097000_classified_point_cloud_colorized.laz","2018_TEAK_3_322000_4097000_image.tif","Tree",1,322000,322999.999,4097000,4097999.999
"4545",4691,322716.266,322718.101,4097682.516,4097682.963,"Silva","NEON_D17_TEAK_DP1_322000_4097000_classified_point_cloud_colorized.laz","2018_TEAK_3_322000_4097000_image.tif","Tree",1,322000,322999.999,4097000,4097999.999
"4546",4692,322258.337,322267.477,4097661.607,4097669.406,"Silva","NEON_D17_TEAK_DP1_322000_4097000_classified_point_cloud_colorized.laz","2018_TEAK_3_322000_4097000_image.tif","Tree",1,322000,322999.999,4097000,4097999.999
"4547",4694,322607.557,322614.872,4097673.021,4097677.743,"Silva","NEON_D17_TEAK_DP1_322000_4097000_classified_point_cloud_colorized.laz","2018_TEAK_3_322000_4097000_image.tif","Tree",1,322000,322999.999,4097000,4097999.999
"4548",4695,322679.889,322688.903,4097673.015,4097682.486,"Silva","NEON_D17_TEAK_DP1_322000_4097000_classified_point_cloud_colorized.laz","2018_TEAK_3_322000_4097000_image.tif","Tree",1,322000,322999.999,4097000,4097999.999
"4549",4696,322699.08,322706.725,4097673.903,4097682.4,"Silva","NEON_D17_TEAK_DP1_322000_4097000_classified_point_cloud_colorized.laz","2018_TEAK_3_322000_4097000_image.tif","Tree",1,322000,322999.999,4097000,4097999.999
"4550",4697,322415.554,322420.648,4097667.259,4097672.395,"Silva","NEON_D17_TEAK_DP1_322000_4097000_classified_point_cloud_colorized.laz","2018_TEAK_3_322000_4097000_image.tif","Tree",1,322000,322999.999,4097000,4097999.999
"4551",4698,322330.529,322337.392,4097661.522,4097669.435,"Silva","NEON_D17_TEAK_DP1_322000_4097000_classified_point_cloud_colorized.laz","2018_TEAK_3_322000_4097000_image.tif","Tree",1,322000,322999.999,4097000,4097999.999
"4552",4699,322388.16,322393.729,4097664.574,4097671.448,"Silva","NEON_D17_TEAK_DP1_322000_4097000_classified_point_cloud_colorized.laz","2018_TEAK_3_322000_4097000_image.tif","Tree",1,322000,322999.999,4097000,4097999.999
"4553",4700,322511.126,322518.983,4097668.013,4097677.232,"Silva","NEON_D17_TEAK_DP1_322000_4097000_classified_point_cloud_colorized.laz","2018_TEAK_3_322000_4097000_image.tif","Tree",1,322000,322999.999,4097000,4097999.999
"4554",4701,322864.554,322868.492,4097680.098,4097683.943,"Silva","NEON_D17_TEAK_DP1_322000_4097000_classified_point_cloud_colorized.laz","2018_TEAK_3_322000_4097000_image.tif","Tree",1,322000,322999.999,4097000,4097999.999
"4555",4702,322544.503,322551.982,4097666.584,4097675.983,"Silva","NEON_D17_TEAK_DP1_322000_4097000_classified_point_cloud_colorized.laz","2018_TEAK_3_322000_4097000_image.tif","Tree",1,322000,322999.999,4097000,4097999.999
"4556",4703,322424.509,322432.421,4097664.406,4097670.29,"Silva","NEON_D17_TEAK_DP1_322000_4097000_classified_point_cloud_colorized.laz","2018_TEAK_3_322000_4097000_image.tif","Tree",1,322000,322999.999,4097000,4097999.999
"4557",4704,322376.098,322381.936,4097664.017,4097668.932,"Silva","NEON_D17_TEAK_DP1_322000_4097000_classified_point_cloud_colorized.laz","2018_TEAK_3_322000_4097000_image.tif","Tree",1,322000,322999.999,4097000,4097999.999
"4558",4705,322272.516,322278.791,4097658.812,4097664.145,"Silva","NEON_D17_TEAK_DP1_322000_4097000_classified_point_cloud_colorized.laz","2018_TEAK_3_322000_4097000_image.tif","Tree",1,322000,322999.999,4097000,4097999.999
"4559",4706,322254.021,322260.963,4097657.613,4097667.448,"Silva","NEON_D17_TEAK_DP1_322000_4097000_classified_point_cloud_colorized.laz","2018_TEAK_3_322000_4097000_image.tif","Tree",1,322000,322999.999,4097000,4097999.999
"4560",4707,322238.042,322242.982,4097658.005,4097664.971,"Silva","NEON_D17_TEAK_DP1_322000_4097000_classified_point_cloud_colorized.laz","2018_TEAK_3_322000_4097000_image.tif","Tree",1,322000,322999.999,4097000,4097999.999
"4561",4708,322249.012,322254.438,4097658.006,4097665.241,"Silva","NEON_D17_TEAK_DP1_322000_4097000_classified_point_cloud_colorized.laz","2018_TEAK_3_322000_4097000_image.tif","Tree",1,322000,322999.999,4097000,4097999.999
"4562",4709,322265.153,322272.412,4097655.06,4097666.925,"Silva","NEON_D17_TEAK_DP1_322000_4097000_classified_point_cloud_colorized.laz","2018_TEAK_3_322000_4097000_image.tif","Tree",1,322000,322999.999,4097000,4097999.999
"4563",4710,322648.708,322650.001,4097672.878,4097674.246,"Silva","NEON_D17_TEAK_DP1_322000_4097000_classified_point_cloud_colorized.laz","2018_TEAK_3_322000_4097000_image.tif","Tree",1,322000,322999.999,4097000,4097999.999
"4564",4711,322637.127,322641.982,4097669.692,4097675.132,"Silva","NEON_D17_TEAK_DP1_322000_4097000_classified_point_cloud_colorized.laz","2018_TEAK_3_322000_4097000_image.tif","Tree",1,322000,322999.999,4097000,4097999.999
"4565",4712,322445.773,322446.911,4097666.601,4097667.292,"Silva","NEON_D17_TEAK_DP1_322000_4097000_classified_point_cloud_colorized.laz","2018_TEAK_3_322000_4097000_image.tif","Tree",1,322000,322999.999,4097000,4097999.999
"4566",4713,322287.019,322292.407,4097659.057,4097665.462,"Silva","NEON_D17_TEAK_DP1_322000_4097000_classified_point_cloud_colorized.laz","2018_TEAK_3_322000_4097000_image.tif","Tree",1,322000,322999.999,4097000,4097999.999
"4567",4714,322790.506,322796.44,4097673.506,4097679.899,"Silva","NEON_D17_TEAK_DP1_322000_4097000_classified_point_cloud_colorized.laz","2018_TEAK_3_322000_4097000_image.tif","Tree",1,322000,322999.999,4097000,4097999.999
"4568",4715,322785.044,322790.479,4097673.024,4097679.139,"Silva","NEON_D17_TEAK_DP1_322000_4097000_classified_point_cloud_colorized.laz","2018_TEAK_3_322000_4097000_image.tif","Tree",1,322000,322999.999,4097000,4097999.999
"4569",4716,322614.517,322618.408,4097668.666,4097673.301,"Silva","NEON_D17_TEAK_DP1_322000_4097000_classified_point_cloud_colorized.laz","2018_TEAK_3_322000_4097000_image.tif","Tree",1,322000,322999.999,4097000,4097999.999
"4570",4718,322460.299,322465.39,4097661.091,4097665.878,"Silva","NEON_D17_TEAK_DP1_322000_4097000_classified_point_cloud_colorized.laz","2018_TEAK_3_322000_4097000_image.tif","Tree",1,322000,322999.999,4097000,4097999.999
"4571",4719,322830.007,322837.366,4097672.024,4097682.426,"Silva","NEON_D17_TEAK_DP1_322000_4097000_classified_point_cloud_colorized.laz","2018_TEAK_3_322000_4097000_image.tif","Tree",1,322000,322999.999,4097000,4097999.999
"4572",4720,322602.034,322603.361,4097669.462,4097669.949,"Silva","NEON_D17_TEAK_DP1_322000_4097000_classified_point_cloud_colorized.laz","2018_TEAK_3_322000_4097000_image.tif","Tree",1,322000,322999.999,4097000,4097999.999
"4573",4721,322555.042,322562.889,4097662.816,4097671.995,"Silva","NEON_D17_TEAK_DP1_322000_4097000_classified_point_cloud_colorized.laz","2018_TEAK_3_322000_4097000_image.tif","Tree",1,322000,322999.999,4097000,4097999.999
"4574",4722,322495.118,322504.761,4097661.005,4097668.121,"Silva","NEON_D17_TEAK_DP1_322000_4097000_classified_point_cloud_colorized.laz","2018_TEAK_3_322000_4097000_image.tif","Tree",1,322000,322999.999,4097000,4097999.999
"4575",4723,322697.165,322702.733,4097668.147,4097674.985,"Silva","NEON_D17_TEAK_DP1_322000_4097000_classified_point_cloud_colorized.laz","2018_TEAK_3_322000_4097000_image.tif","Tree",1,322000,322999.999,4097000,4097999.999
"4576",4724,322778.512,322783.057,4097672.009,4097676.978,"Silva","NEON_D17_TEAK_DP1_322000_4097000_classified_point_cloud_colorized.laz","2018_TEAK_3_322000_4097000_image.tif","Tree",1,322000,322999.999,4097000,4097999.999
"4577",4725,322430.095,322434.329,4097660.581,4097666.475,"Silva","NEON_D17_TEAK_DP1_322000_4097000_classified_point_cloud_colorized.laz","2018_TEAK_3_322000_4097000_image.tif","Tree",1,322000,322999.999,4097000,4097999.999
"4578",4726,322815.11,322819.488,4097671.901,4097676.536,"Silva","NEON_D17_TEAK_DP1_322000_4097000_classified_point_cloud_colorized.laz","2018_TEAK_3_322000_4097000_image.tif","Tree",1,322000,322999.999,4097000,4097999.999
"4579",4727,322432.238,322438.985,4097657.853,4097666.5,"Silva","NEON_D17_TEAK_DP1_322000_4097000_classified_point_cloud_colorized.laz","2018_TEAK_3_322000_4097000_image.tif","Tree",1,322000,322999.999,4097000,4097999.999
"4580",4728,322295.043,322302.193,4097654.753,4097658.994,"Silva","NEON_D17_TEAK_DP1_322000_4097000_classified_point_cloud_colorized.laz","2018_TEAK_3_322000_4097000_image.tif","Tree",1,322000,322999.999,4097000,4097999.999
"4581",4729,322279.068,322285.963,4097655.508,4097658.414,"Silva","NEON_D17_TEAK_DP1_322000_4097000_classified_point_cloud_colorized.laz","2018_TEAK_3_322000_4097000_image.tif","Tree",1,322000,322999.999,4097000,4097999.999
"4582",4730,322630.809,322633.78,4097666.052,4097668.794,"Silva","NEON_D17_TEAK_DP1_322000_4097000_classified_point_cloud_colorized.laz","2018_TEAK_3_322000_4097000_image.tif","Tree",1,322000,322999.999,4097000,4097999.999
"4583",4731,322856.138,322861.94,4097672.091,4097676.983,"Silva","NEON_D17_TEAK_DP1_322000_4097000_classified_point_cloud_colorized.laz","2018_TEAK_3_322000_4097000_image.tif","Tree",1,322000,322999.999,4097000,4097999.999
"4584",4732,322803.532,322809.931,4097669.073,4097674.969,"Silva","NEON_D17_TEAK_DP1_322000_4097000_classified_point_cloud_colorized.laz","2018_TEAK_3_322000_4097000_image.tif","Tree",1,322000,322999.999,4097000,4097999.999
"4585",4733,322851.552,322857.335,4097671.109,4097676.865,"Silva","NEON_D17_TEAK_DP1_322000_4097000_classified_point_cloud_colorized.laz","2018_TEAK_3_322000_4097000_image.tif","Tree",1,322000,322999.999,4097000,4097999.999
"4586",4734,322781.365,322787.497,4097667.089,4097674.477,"Silva","NEON_D17_TEAK_DP1_322000_4097000_classified_point_cloud_colorized.laz","2018_TEAK_3_322000_4097000_image.tif","Tree",1,322000,322999.999,4097000,4097999.999
"4587",4735,322448.062,322451.475,4097656.501,4097660.098,"Silva","NEON_D17_TEAK_DP1_322000_4097000_classified_point_cloud_colorized.laz","2018_TEAK_3_322000_4097000_image.tif","Tree",1,322000,322999.999,4097000,4097999.999
"4588",4736,322251.706,322257.872,4097648.052,4097657.859,"Silva","NEON_D17_TEAK_DP1_322000_4097000_classified_point_cloud_colorized.laz","2018_TEAK_3_322000_4097000_image.tif","Tree",1,322000,322999.999,4097000,4097999.999
"4589",4737,322302.526,322307.969,4097651.596,4097657.923,"Silva","NEON_D17_TEAK_DP1_322000_4097000_classified_point_cloud_colorized.laz","2018_TEAK_3_322000_4097000_image.tif","Tree",1,322000,322999.999,4097000,4097999.999
"4590",4738,322337.118,322343.981,4097651.544,4097659.415,"Silva","NEON_D17_TEAK_DP1_322000_4097000_classified_point_cloud_colorized.laz","2018_TEAK_3_322000_4097000_image.tif","Tree",1,322000,322999.999,4097000,4097999.999
"4591",4739,322455.554,322465.789,4097653.669,4097664.469,"Silva","NEON_D17_TEAK_DP1_322000_4097000_classified_point_cloud_colorized.laz","2018_TEAK_3_322000_4097000_image.tif","Tree",1,322000,322999.999,4097000,4097999.999
"4592",4740,322563.025,322571.944,4097657.523,4097666.674,"Silva","NEON_D17_TEAK_DP1_322000_4097000_classified_point_cloud_colorized.laz","2018_TEAK_3_322000_4097000_image.tif","Tree",1,322000,322999.999,4097000,4097999.999
"4593",4741,322572.568,322574.907,4097663.047,4097665.403,"Silva","NEON_D17_TEAK_DP1_322000_4097000_classified_point_cloud_colorized.laz","2018_TEAK_3_322000_4097000_image.tif","Tree",1,322000,322999.999,4097000,4097999.999
"4594",4742,322725.249,322730.943,4097665.312,4097670.564,"Silva","NEON_D17_TEAK_DP1_322000_4097000_classified_point_cloud_colorized.laz","2018_TEAK_3_322000_4097000_image.tif","Tree",1,322000,322999.999,4097000,4097999.999
"4595",4743,322794.649,322801.767,4097664.579,4097674.985,"Silva","NEON_D17_TEAK_DP1_322000_4097000_classified_point_cloud_colorized.laz","2018_TEAK_3_322000_4097000_image.tif","Tree",1,322000,322999.999,4097000,4097999.999
"4596",4744,322402.345,322411.472,4097652.534,4097660.993,"Silva","NEON_D17_TEAK_DP1_322000_4097000_classified_point_cloud_colorized.laz","2018_TEAK_3_322000_4097000_image.tif","Tree",1,322000,322999.999,4097000,4097999.999
"4597",4745,322241.514,322250.596,4097646.523,4097654.415,"Silva","NEON_D17_TEAK_DP1_322000_4097000_classified_point_cloud_colorized.laz","2018_TEAK_3_322000_4097000_image.tif","Tree",1,322000,322999.999,4097000,4097999.999
"4598",4746,322704.212,322710.908,4097662.521,4097669.488,"Silva","NEON_D17_TEAK_DP1_322000_4097000_classified_point_cloud_colorized.laz","2018_TEAK_3_322000_4097000_image.tif","Tree",1,322000,322999.999,4097000,4097999.999
"4599",4747,322834.647,322841.466,4097666.815,4097673.985,"Silva","NEON_D17_TEAK_DP1_322000_4097000_classified_point_cloud_colorized.laz","2018_TEAK_3_322000_4097000_image.tif","Tree",1,322000,322999.999,4097000,4097999.999
"4600",4748,322857.537,322861.231,4097667.587,4097672.934,"Silva","NEON_D17_TEAK_DP1_322000_4097000_classified_point_cloud_colorized.laz","2018_TEAK_3_322000_4097000_image.tif","Tree",1,322000,322999.999,4097000,4097999.999
"4601",4749,322292.099,322296.49,4097649.015,4097653.485,"Silva","NEON_D17_TEAK_DP1_322000_4097000_classified_point_cloud_colorized.laz","2018_TEAK_3_322000_4097000_image.tif","Tree",1,322000,322999.999,4097000,4097999.999
"4602",4750,322436.526,322445.417,4097651.596,4097659.709,"Silva","NEON_D17_TEAK_DP1_322000_4097000_classified_point_cloud_colorized.laz","2018_TEAK_3_322000_4097000_image.tif","Tree",1,322000,322999.999,4097000,4097999.999
"4603",4751,322524.932,322535.477,4097653.138,4097663.286,"Silva","NEON_D17_TEAK_DP1_322000_4097000_classified_point_cloud_colorized.laz","2018_TEAK_3_322000_4097000_image.tif","Tree",1,322000,322999.999,4097000,4097999.999
"4604",4752,322755.567,322763.735,4097662.542,4097670.463,"Silva","NEON_D17_TEAK_DP1_322000_4097000_classified_point_cloud_colorized.laz","2018_TEAK_3_322000_4097000_image.tif","Tree",1,322000,322999.999,4097000,4097999.999
"4605",4753,322771.592,322778.262,4097664.052,4097672,"Silva","NEON_D17_TEAK_DP1_322000_4097000_classified_point_cloud_colorized.laz","2018_TEAK_3_322000_4097000_image.tif","Tree",1,322000,322999.999,4097000,4097999.999
"4606",4754,322784.053,322789.725,4097664.588,4097671.229,"Silva","NEON_D17_TEAK_DP1_322000_4097000_classified_point_cloud_colorized.laz","2018_TEAK_3_322000_4097000_image.tif","Tree",1,322000,322999.999,4097000,4097999.999
"4607",4755,322854.001,322858.487,4097666.015,4097671.977,"Silva","NEON_D17_TEAK_DP1_322000_4097000_classified_point_cloud_colorized.laz","2018_TEAK_3_322000_4097000_image.tif","Tree",1,322000,322999.999,4097000,4097999.999
"4608",4756,322279.024,322286.767,4097644.507,4097652.461,"Silva","NEON_D17_TEAK_DP1_322000_4097000_classified_point_cloud_colorized.laz","2018_TEAK_3_322000_4097000_image.tif","Tree",1,322000,322999.999,4097000,4097999.999
"4609",4757,322332.551,322340.362,4097649.523,4097654.95,"Silva","NEON_D17_TEAK_DP1_322000_4097000_classified_point_cloud_colorized.laz","2018_TEAK_3_322000_4097000_image.tif","Tree",1,322000,322999.999,4097000,4097999.999
"4610",4758,322703.034,322707.594,4097659.694,4097666.953,"Silva","NEON_D17_TEAK_DP1_322000_4097000_classified_point_cloud_colorized.laz","2018_TEAK_3_322000_4097000_image.tif","Tree",1,322000,322999.999,4097000,4097999.999
"4611",4759,322602.017,322603.869,4097659.027,4097660.949,"Silva","NEON_D17_TEAK_DP1_322000_4097000_classified_point_cloud_colorized.laz","2018_TEAK_3_322000_4097000_image.tif","Tree",1,322000,322999.999,4097000,4097999.999
"4612",4760,322376.035,322383.482,4097648.506,4097655.508,"Silva","NEON_D17_TEAK_DP1_322000_4097000_classified_point_cloud_colorized.laz","2018_TEAK_3_322000_4097000_image.tif","Tree",1,322000,322999.999,4097000,4097999.999
"4613",4761,322714.555,322721.884,4097658.137,4097668.424,"Silva","NEON_D17_TEAK_DP1_322000_4097000_classified_point_cloud_colorized.laz","2018_TEAK_3_322000_4097000_image.tif","Tree",1,322000,322999.999,4097000,4097999.999
"4614",4762,322388.005,322394.155,4097647.159,4097654.807,"Silva","NEON_D17_TEAK_DP1_322000_4097000_classified_point_cloud_colorized.laz","2018_TEAK_3_322000_4097000_image.tif","Tree",1,322000,322999.999,4097000,4097999.999
"4615",4763,322304.712,322311.394,4097645.008,4097651.895,"Silva","NEON_D17_TEAK_DP1_322000_4097000_classified_point_cloud_colorized.laz","2018_TEAK_3_322000_4097000_image.tif","Tree",1,322000,322999.999,4097000,4097999.999
"4616",4764,322244.099,322254.461,4097641.027,4097652.494,"Silva","NEON_D17_TEAK_DP1_322000_4097000_classified_point_cloud_colorized.laz","2018_TEAK_3_322000_4097000_image.tif","Tree",1,322000,322999.999,4097000,4097999.999
"4617",4765,322410.637,322419.994,4097647.032,4097653.952,"Silva","NEON_D17_TEAK_DP1_322000_4097000_classified_point_cloud_colorized.laz","2018_TEAK_3_322000_4097000_image.tif","Tree",1,322000,322999.999,4097000,4097999.999
"4618",4766,322695.847,322701.149,4097659.128,4097662.419,"Silva","NEON_D17_TEAK_DP1_322000_4097000_classified_point_cloud_colorized.laz","2018_TEAK_3_322000_4097000_image.tif","Tree",1,322000,322999.999,4097000,4097999.999
"4619",4767,322764.506,322771.494,4097658.835,4097666.481,"Silva","NEON_D17_TEAK_DP1_322000_4097000_classified_point_cloud_colorized.laz","2018_TEAK_3_322000_4097000_image.tif","Tree",1,322000,322999.999,4097000,4097999.999
"4620",4768,322781.052,322785.935,4097661.542,4097666.661,"Silva","NEON_D17_TEAK_DP1_322000_4097000_classified_point_cloud_colorized.laz","2018_TEAK_3_322000_4097000_image.tif","Tree",1,322000,322999.999,4097000,4097999.999
"4621",4769,322623.573,322627.995,4097655.719,4097659.998,"Silva","NEON_D17_TEAK_DP1_322000_4097000_classified_point_cloud_colorized.laz","2018_TEAK_3_322000_4097000_image.tif","Tree",1,322000,322999.999,4097000,4097999.999
"4622",4770,322352.605,322363.44,4097642.716,4097654.73,"Silva","NEON_D17_TEAK_DP1_322000_4097000_classified_point_cloud_colorized.laz","2018_TEAK_3_322000_4097000_image.tif","Tree",1,322000,322999.999,4097000,4097999.999
"4623",4771,322706.532,322714.399,4097656.879,4097663.972,"Silva","NEON_D17_TEAK_DP1_322000_4097000_classified_point_cloud_colorized.laz","2018_TEAK_3_322000_4097000_image.tif","Tree",1,322000,322999.999,4097000,4097999.999
"4624",4772,322754.109,322760.836,4097658.502,4097665.467,"Silva","NEON_D17_TEAK_DP1_322000_4097000_classified_point_cloud_colorized.laz","2018_TEAK_3_322000_4097000_image.tif","Tree",1,322000,322999.999,4097000,4097999.999
"4625",4773,322810.508,322819.987,4097658.523,4097667.884,"Silva","NEON_D17_TEAK_DP1_322000_4097000_classified_point_cloud_colorized.laz","2018_TEAK_3_322000_4097000_image.tif","Tree",1,322000,322999.999,4097000,4097999.999
"4626",4774,322848.615,322855.458,4097660.068,4097666.997,"Silva","NEON_D17_TEAK_DP1_322000_4097000_classified_point_cloud_colorized.laz","2018_TEAK_3_322000_4097000_image.tif","Tree",1,322000,322999.999,4097000,4097999.999
"4627",4775,322363.615,322372.431,4097643.003,4097649.5,"Silva","NEON_D17_TEAK_DP1_322000_4097000_classified_point_cloud_colorized.laz","2018_TEAK_3_322000_4097000_image.tif","Tree",1,322000,322999.999,4097000,4097999.999
"4628",4776,322441.075,322442.957,4097649.049,4097651.358,"Silva","NEON_D17_TEAK_DP1_322000_4097000_classified_point_cloud_colorized.laz","2018_TEAK_3_322000_4097000_image.tif","Tree",1,322000,322999.999,4097000,4097999.999
"4629",4777,322384.504,322391.365,4097642.602,4097649.973,"Silva","NEON_D17_TEAK_DP1_322000_4097000_classified_point_cloud_colorized.laz","2018_TEAK_3_322000_4097000_image.tif","Tree",1,322000,322999.999,4097000,4097999.999
"4630",4778,322486.001,322493.803,4097645.61,4097651.498,"Silva","NEON_D17_TEAK_DP1_322000_4097000_classified_point_cloud_colorized.laz","2018_TEAK_3_322000_4097000_image.tif","Tree",1,322000,322999.999,4097000,4097999.999
"4631",4779,322379.524,322385.468,4097641.569,4097648.487,"Silva","NEON_D17_TEAK_DP1_322000_4097000_classified_point_cloud_colorized.laz","2018_TEAK_3_322000_4097000_image.tif","Tree",1,322000,322999.999,4097000,4097999.999
"4632",4780,322304.576,322310.925,4097639.534,4097645.356,"Silva","NEON_D17_TEAK_DP1_322000_4097000_classified_point_cloud_colorized.laz","2018_TEAK_3_322000_4097000_image.tif","Tree",1,322000,322999.999,4097000,4097999.999
"4633",4781,322260.11,322266.403,4097637.011,4097643.48,"Silva","NEON_D17_TEAK_DP1_322000_4097000_classified_point_cloud_colorized.laz","2018_TEAK_3_322000_4097000_image.tif","Tree",1,322000,322999.999,4097000,4097999.999
"4634",4782,322311.509,322321.462,4097636.572,4097646.838,"Silva","NEON_D17_TEAK_DP1_322000_4097000_classified_point_cloud_colorized.laz","2018_TEAK_3_322000_4097000_image.tif","Tree",1,322000,322999.999,4097000,4097999.999
"4635",4783,322445.103,322457.495,4097640.571,4097650.495,"Silva","NEON_D17_TEAK_DP1_322000_4097000_classified_point_cloud_colorized.laz","2018_TEAK_3_322000_4097000_image.tif","Tree",1,322000,322999.999,4097000,4097999.999
"4636",4784,322650.149,322652.939,4097652.582,4097655.261,"Silva","NEON_D17_TEAK_DP1_322000_4097000_classified_point_cloud_colorized.laz","2018_TEAK_3_322000_4097000_image.tif","Tree",1,322000,322999.999,4097000,4097999.999
"4637",4785,322728.014,322731.915,4097654.63,4097658.955,"Silva","NEON_D17_TEAK_DP1_322000_4097000_classified_point_cloud_colorized.laz","2018_TEAK_3_322000_4097000_image.tif","Tree",1,322000,322999.999,4097000,4097999.999
"4638",4786,322799.501,322804.999,4097656.988,4097662.416,"Silva","NEON_D17_TEAK_DP1_322000_4097000_classified_point_cloud_colorized.laz","2018_TEAK_3_322000_4097000_image.tif","Tree",1,322000,322999.999,4097000,4097999.999
"4639",4787,322785.009,322791.014,4097656.001,4097661.89,"Silva","NEON_D17_TEAK_DP1_322000_4097000_classified_point_cloud_colorized.laz","2018_TEAK_3_322000_4097000_image.tif","Tree",1,322000,322999.999,4097000,4097999.999
"4640",4788,322342.176,322347.15,4097640.019,4097644.494,"Silva","NEON_D17_TEAK_DP1_322000_4097000_classified_point_cloud_colorized.laz","2018_TEAK_3_322000_4097000_image.tif","Tree",1,322000,322999.999,4097000,4097999.999
"4641",4789,322244.332,322249.903,4097633.616,4097642.42,"Silva","NEON_D17_TEAK_DP1_322000_4097000_classified_point_cloud_colorized.laz","2018_TEAK_3_322000_4097000_image.tif","Tree",1,322000,322999.999,4097000,4097999.999
"4642",4790,322279.518,322288.465,4097634.165,4097644.403,"Silva","NEON_D17_TEAK_DP1_322000_4097000_classified_point_cloud_colorized.laz","2018_TEAK_3_322000_4097000_image.tif","Tree",1,322000,322999.999,4097000,4097999.999
"4643",4791,322712.618,322717.854,4097651.613,4097658.923,"Silva","NEON_D17_TEAK_DP1_322000_4097000_classified_point_cloud_colorized.laz","2018_TEAK_3_322000_4097000_image.tif","Tree",1,322000,322999.999,4097000,4097999.999
"4644",4792,322767.626,322772.859,4097654.017,4097660.396,"Silva","NEON_D17_TEAK_DP1_322000_4097000_classified_point_cloud_colorized.laz","2018_TEAK_3_322000_4097000_image.tif","Tree",1,322000,322999.999,4097000,4097999.999
"4645",4793,322829.046,322836.468,4097654.07,4097664.895,"Silva","NEON_D17_TEAK_DP1_322000_4097000_classified_point_cloud_colorized.laz","2018_TEAK_3_322000_4097000_image.tif","Tree",1,322000,322999.999,4097000,4097999.999
"4646",4794,322707.648,322712.886,4097650.526,4097657.24,"Silva","NEON_D17_TEAK_DP1_322000_4097000_classified_point_cloud_colorized.laz","2018_TEAK_3_322000_4097000_image.tif","Tree",1,322000,322999.999,4097000,4097999.999
"4647",4795,322505.513,322515.849,4097641.511,4097650.98,"Silva","NEON_D17_TEAK_DP1_322000_4097000_classified_point_cloud_colorized.laz","2018_TEAK_3_322000_4097000_image.tif","Tree",1,322000,322999.999,4097000,4097999.999
"4648",4796,322372.174,322379.512,4097638.056,4097645.891,"Silva","NEON_D17_TEAK_DP1_322000_4097000_classified_point_cloud_colorized.laz","2018_TEAK_3_322000_4097000_image.tif","Tree",1,322000,322999.999,4097000,4097999.999
"4649",4797,322752.565,322758.831,4097652.672,4097658.89,"Silva","NEON_D17_TEAK_DP1_322000_4097000_classified_point_cloud_colorized.laz","2018_TEAK_3_322000_4097000_image.tif","Tree",1,322000,322999.999,4097000,4097999.999
"4650",4798,322853.363,322859.336,4097657.379,4097663.49,"Silva","NEON_D17_TEAK_DP1_322000_4097000_classified_point_cloud_colorized.laz","2018_TEAK_3_322000_4097000_image.tif","Tree",1,322000,322999.999,4097000,4097999.999
"4651",4799,322860.579,322866.45,4097657.018,4097663.946,"Silva","NEON_D17_TEAK_DP1_322000_4097000_classified_point_cloud_colorized.laz","2018_TEAK_3_322000_4097000_image.tif","Tree",1,322000,322999.999,4097000,4097999.999
"4652",4800,322797.09,322802.995,4097654.218,4097660.46,"Silva","NEON_D17_TEAK_DP1_322000_4097000_classified_point_cloud_colorized.laz","2018_TEAK_3_322000_4097000_image.tif","Tree",1,322000,322999.999,4097000,4097999.999
"4653",4801,322779.076,322783.925,4097653.115,4097657.812,"Silva","NEON_D17_TEAK_DP1_322000_4097000_classified_point_cloud_colorized.laz","2018_TEAK_3_322000_4097000_image.tif","Tree",1,322000,322999.999,4097000,4097999.999
"4654",4802,322302.623,322311.955,4097633.088,4097640.466,"Silva","NEON_D17_TEAK_DP1_322000_4097000_classified_point_cloud_colorized.laz","2018_TEAK_3_322000_4097000_image.tif","Tree",1,322000,322999.999,4097000,4097999.999
"4655",4803,322271.604,322272.963,4097635.522,4097637.446,"Silva","NEON_D17_TEAK_DP1_322000_4097000_classified_point_cloud_colorized.laz","2018_TEAK_3_322000_4097000_image.tif","Tree",1,322000,322999.999,4097000,4097999.999
"4656",4804,322290.55,322291.39,4097637.598,4097639.289,"Silva","NEON_D17_TEAK_DP1_322000_4097000_classified_point_cloud_colorized.laz","2018_TEAK_3_322000_4097000_image.tif","Tree",1,322000,322999.999,4097000,4097999.999
"4657",4805,322815.537,322821.99,4097652.579,4097659.5,"Silva","NEON_D17_TEAK_DP1_322000_4097000_classified_point_cloud_colorized.laz","2018_TEAK_3_322000_4097000_image.tif","Tree",1,322000,322999.999,4097000,4097999.999
"4658",4806,322654.276,322654.706,4097649.677,4097649.726,"Silva","NEON_D17_TEAK_DP1_322000_4097000_classified_point_cloud_colorized.laz","2018_TEAK_3_322000_4097000_image.tif","Tree",1,322000,322999.999,4097000,4097999.999
"4659",4807,322722.504,322726.437,4097647.818,4097655.917,"Silva","NEON_D17_TEAK_DP1_322000_4097000_classified_point_cloud_colorized.laz","2018_TEAK_3_322000_4097000_image.tif","Tree",1,322000,322999.999,4097000,4097999.999
"4660",4808,322762.188,322768.62,4097649.073,4097657.995,"Silva","NEON_D17_TEAK_DP1_322000_4097000_classified_point_cloud_colorized.laz","2018_TEAK_3_322000_4097000_image.tif","Tree",1,322000,322999.999,4097000,4097999.999
"4661",4809,322807.508,322815.462,4097651.191,4097659.414,"Silva","NEON_D17_TEAK_DP1_322000_4097000_classified_point_cloud_colorized.laz","2018_TEAK_3_322000_4097000_image.tif","Tree",1,322000,322999.999,4097000,4097999.999
"4662",4810,322607.857,322608.29,4097646.781,4097646.992,"Silva","NEON_D17_TEAK_DP1_322000_4097000_classified_point_cloud_colorized.laz","2018_TEAK_3_322000_4097000_image.tif","Tree",1,322000,322999.999,4097000,4097999.999
"4663",4812,322489.546,322494.408,4097639.642,4097644.782,"Silva","NEON_D17_TEAK_DP1_322000_4097000_classified_point_cloud_colorized.laz","2018_TEAK_3_322000_4097000_image.tif","Tree",1,322000,322999.999,4097000,4097999.999
"4664",4813,322850.684,322856.471,4097651.504,4097658.548,"Silva","NEON_D17_TEAK_DP1_322000_4097000_classified_point_cloud_colorized.laz","2018_TEAK_3_322000_4097000_image.tif","Tree",1,322000,322999.999,4097000,4097999.999
"4665",4814,322273.528,322275.996,4097630.567,4097634.967,"Silva","NEON_D17_TEAK_DP1_322000_4097000_classified_point_cloud_colorized.laz","2018_TEAK_3_322000_4097000_image.tif","Tree",1,322000,322999.999,4097000,4097999.999
"4666",4815,322685.098,322696.859,4097640.658,4097652.965,"Silva","NEON_D17_TEAK_DP1_322000_4097000_classified_point_cloud_colorized.laz","2018_TEAK_3_322000_4097000_image.tif","Tree",1,322000,322999.999,4097000,4097999.999
"4667",4816,322860.558,322866.961,4097652.537,4097656.968,"Silva","NEON_D17_TEAK_DP1_322000_4097000_classified_point_cloud_colorized.laz","2018_TEAK_3_322000_4097000_image.tif","Tree",1,322000,322999.999,4097000,4097999.999
"4668",4817,322746.022,322754.447,4097645.716,4097653.656,"Silva","NEON_D17_TEAK_DP1_322000_4097000_classified_point_cloud_colorized.laz","2018_TEAK_3_322000_4097000_image.tif","Tree",1,322000,322999.999,4097000,4097999.999
"4669",4818,322640.163,322640.698,4097645.742,4097646.267,"Silva","NEON_D17_TEAK_DP1_322000_4097000_classified_point_cloud_colorized.laz","2018_TEAK_3_322000_4097000_image.tif","Tree",1,322000,322999.999,4097000,4097999.999
"4670",4819,322559.09,322561.407,4097641.522,4097644.916,"Silva","NEON_D17_TEAK_DP1_322000_4097000_classified_point_cloud_colorized.laz","2018_TEAK_3_322000_4097000_image.tif","Tree",1,322000,322999.999,4097000,4097999.999
"4671",4820,322521.981,322529.702,4097638.014,4097644.952,"Silva","NEON_D17_TEAK_DP1_322000_4097000_classified_point_cloud_colorized.laz","2018_TEAK_3_322000_4097000_image.tif","Tree",1,322000,322999.999,4097000,4097999.999
"4672",4821,322615.137,322615.401,4097644.144,4097644.184,"Silva","NEON_D17_TEAK_DP1_322000_4097000_classified_point_cloud_colorized.laz","2018_TEAK_3_322000_4097000_image.tif","Tree",1,322000,322999.999,4097000,4097999.999
"4673",4822,322787.728,322793.291,4097649.012,4097653.924,"Silva","NEON_D17_TEAK_DP1_322000_4097000_classified_point_cloud_colorized.laz","2018_TEAK_3_322000_4097000_image.tif","Tree",1,322000,322999.999,4097000,4097999.999
"4674",4823,322800.566,322807.478,4097649.004,4097654.501,"Silva","NEON_D17_TEAK_DP1_322000_4097000_classified_point_cloud_colorized.laz","2018_TEAK_3_322000_4097000_image.tif","Tree",1,322000,322999.999,4097000,4097999.999
"4675",4824,322712.541,322719.994,4097641.015,4097651.496,"Silva","NEON_D17_TEAK_DP1_322000_4097000_classified_point_cloud_colorized.laz","2018_TEAK_3_322000_4097000_image.tif","Tree",1,322000,322999.999,4097000,4097999.999
"4676",4825,322534.193,322540.495,4097637.116,4097646.443,"Silva","NEON_D17_TEAK_DP1_322000_4097000_classified_point_cloud_colorized.laz","2018_TEAK_3_322000_4097000_image.tif","Tree",1,322000,322999.999,4097000,4097999.999
"4677",4826,322355.151,322365.252,4097626.113,4097639.465,"Silva","NEON_D17_TEAK_DP1_322000_4097000_classified_point_cloud_colorized.laz","2018_TEAK_3_322000_4097000_image.tif","Tree",1,322000,322999.999,4097000,4097999.999
"4678",4827,322250.038,322259.278,4097626.075,4097632.967,"Silva","NEON_D17_TEAK_DP1_322000_4097000_classified_point_cloud_colorized.laz","2018_TEAK_3_322000_4097000_image.tif","Tree",1,322000,322999.999,4097000,4097999.999
"4679",4828,322309.015,322314.49,4097628.566,4097634.823,"Silva","NEON_D17_TEAK_DP1_322000_4097000_classified_point_cloud_colorized.laz","2018_TEAK_3_322000_4097000_image.tif","Tree",1,322000,322999.999,4097000,4097999.999
"4680",4829,322703.063,322712.824,4097640.911,4097651.32,"Silva","NEON_D17_TEAK_DP1_322000_4097000_classified_point_cloud_colorized.laz","2018_TEAK_3_322000_4097000_image.tif","Tree",1,322000,322999.999,4097000,4097999.999
"4681",4830,322549.243,322555.965,4097637.31,4097642.486,"Silva","NEON_D17_TEAK_DP1_322000_4097000_classified_point_cloud_colorized.laz","2018_TEAK_3_322000_4097000_image.tif","Tree",1,322000,322999.999,4097000,4097999.999
"4682",4831,322369.626,322375.463,4097630.562,4097636.469,"Silva","NEON_D17_TEAK_DP1_322000_4097000_classified_point_cloud_colorized.laz","2018_TEAK_3_322000_4097000_image.tif","Tree",1,322000,322999.999,4097000,4097999.999
"4683",4832,322335.519,322343.865,4097627.585,4097635.466,"Silva","NEON_D17_TEAK_DP1_322000_4097000_classified_point_cloud_colorized.laz","2018_TEAK_3_322000_4097000_image.tif","Tree",1,322000,322999.999,4097000,4097999.999
"4684",4833,322845.035,322848.974,4097647.529,4097652.908,"Silva","NEON_D17_TEAK_DP1_322000_4097000_classified_point_cloud_colorized.laz","2018_TEAK_3_322000_4097000_image.tif","Tree",1,322000,322999.999,4097000,4097999.999
"4685",4834,322776.044,322781.802,4097646.092,4097650.913,"Silva","NEON_D17_TEAK_DP1_322000_4097000_classified_point_cloud_colorized.laz","2018_TEAK_3_322000_4097000_image.tif","Tree",1,322000,322999.999,4097000,4097999.999
"4686",4835,322470.066,322475.952,4097632.571,4097638.396,"Silva","NEON_D17_TEAK_DP1_322000_4097000_classified_point_cloud_colorized.laz","2018_TEAK_3_322000_4097000_image.tif","Tree",1,322000,322999.999,4097000,4097999.999
"4687",4836,322543.035,322550.478,4097633.073,4097642.894,"Silva","NEON_D17_TEAK_DP1_322000_4097000_classified_point_cloud_colorized.laz","2018_TEAK_3_322000_4097000_image.tif","Tree",1,322000,322999.999,4097000,4097999.999
"4688",4837,322566.128,322568.083,4097637.186,4097639.965,"Silva","NEON_D17_TEAK_DP1_322000_4097000_classified_point_cloud_colorized.laz","2018_TEAK_3_322000_4097000_image.tif","Tree",1,322000,322999.999,4097000,4097999.999
"4689",4838,322328.593,322335.448,4097626.598,4097633.356,"Silva","NEON_D17_TEAK_DP1_322000_4097000_classified_point_cloud_colorized.laz","2018_TEAK_3_322000_4097000_image.tif","Tree",1,322000,322999.999,4097000,4097999.999
"4690",4839,322347.409,322355.935,4097626.036,4097634.487,"Silva","NEON_D17_TEAK_DP1_322000_4097000_classified_point_cloud_colorized.laz","2018_TEAK_3_322000_4097000_image.tif","Tree",1,322000,322999.999,4097000,4097999.999
"4691",4840,322796.621,322800.972,4097643.566,4097649.99,"Silva","NEON_D17_TEAK_DP1_322000_4097000_classified_point_cloud_colorized.laz","2018_TEAK_3_322000_4097000_image.tif","Tree",1,322000,322999.999,4097000,4097999.999
"4692",4841,322801.001,322806.481,4097644.556,4097648.995,"Silva","NEON_D17_TEAK_DP1_322000_4097000_classified_point_cloud_colorized.laz","2018_TEAK_3_322000_4097000_image.tif","Tree",1,322000,322999.999,4097000,4097999.999
"4693",4842,322323.016,322328.487,4097624.535,4097631.468,"Silva","NEON_D17_TEAK_DP1_322000_4097000_classified_point_cloud_colorized.laz","2018_TEAK_3_322000_4097000_image.tif","Tree",1,322000,322999.999,4097000,4097999.999
"4694",4843,322750.154,322756.77,4097640.502,4097647.308,"Silva","NEON_D17_TEAK_DP1_322000_4097000_classified_point_cloud_colorized.laz","2018_TEAK_3_322000_4097000_image.tif","Tree",1,322000,322999.999,4097000,4097999.999
"4695",4844,322373.167,322379.974,4097625.057,4097631.975,"Silva","NEON_D17_TEAK_DP1_322000_4097000_classified_point_cloud_colorized.laz","2018_TEAK_3_322000_4097000_image.tif","Tree",1,322000,322999.999,4097000,4097999.999
"4696",4845,322249.64,322258.857,4097620.088,4097626.912,"Silva","NEON_D17_TEAK_DP1_322000_4097000_classified_point_cloud_colorized.laz","2018_TEAK_3_322000_4097000_image.tif","Tree",1,322000,322999.999,4097000,4097999.999
"4697",4846,322822.56,322828.493,4097641.534,4097649.453,"Silva","NEON_D17_TEAK_DP1_322000_4097000_classified_point_cloud_colorized.laz","2018_TEAK_3_322000_4097000_image.tif","Tree",1,322000,322999.999,4097000,4097999.999
"4698",4847,322451.116,322455.411,4097628.485,4097635.425,"Silva","NEON_D17_TEAK_DP1_322000_4097000_classified_point_cloud_colorized.laz","2018_TEAK_3_322000_4097000_image.tif","Tree",1,322000,322999.999,4097000,4097999.999
"4699",4848,322442.78,322449.315,4097627.493,4097632.479,"Silva","NEON_D17_TEAK_DP1_322000_4097000_classified_point_cloud_colorized.laz","2018_TEAK_3_322000_4097000_image.tif","Tree",1,322000,322999.999,4097000,4097999.999
"4700",4849,322335.026,322341.841,4097622.578,4097630.362,"Silva","NEON_D17_TEAK_DP1_322000_4097000_classified_point_cloud_colorized.laz","2018_TEAK_3_322000_4097000_image.tif","Tree",1,322000,322999.999,4097000,4097999.999
"4701",4850,322292.029,322298.364,4097621.111,4097628.109,"Silva","NEON_D17_TEAK_DP1_322000_4097000_classified_point_cloud_colorized.laz","2018_TEAK_3_322000_4097000_image.tif","Tree",1,322000,322999.999,4097000,4097999.999
"4702",4851,322862.05,322868.35,4097642.807,4097648.974,"Silva","NEON_D17_TEAK_DP1_322000_4097000_classified_point_cloud_colorized.laz","2018_TEAK_3_322000_4097000_image.tif","Tree",1,322000,322999.999,4097000,4097999.999
"4703",4852,322869.176,322874.478,4097643.618,4097649.489,"Silva","NEON_D17_TEAK_DP1_322000_4097000_classified_point_cloud_colorized.laz","2018_TEAK_3_322000_4097000_image.tif","Tree",1,322000,322999.999,4097000,4097999.999
"4704",4853,322854.714,322859.441,4097643.597,4097647.97,"Silva","NEON_D17_TEAK_DP1_322000_4097000_classified_point_cloud_colorized.laz","2018_TEAK_3_322000_4097000_image.tif","Tree",1,322000,322999.999,4097000,4097999.999
"4705",4854,322831.374,322831.805,4097647.189,4097647.792,"Silva","NEON_D17_TEAK_DP1_322000_4097000_classified_point_cloud_colorized.laz","2018_TEAK_3_322000_4097000_image.tif","Tree",1,322000,322999.999,4097000,4097999.999
"4706",4855,322740.008,322745.397,4097638.028,4097643.47,"Silva","NEON_D17_TEAK_DP1_322000_4097000_classified_point_cloud_colorized.laz","2018_TEAK_3_322000_4097000_image.tif","Tree",1,322000,322999.999,4097000,4097999.999
"4707",4856,322698.515,322707.98,4097634.506,4097644.498,"Silva","NEON_D17_TEAK_DP1_322000_4097000_classified_point_cloud_colorized.laz","2018_TEAK_3_322000_4097000_image.tif","Tree",1,322000,322999.999,4097000,4097999.999
"4708",4857,322427.018,322434.493,4097622.55,4097633.421,"Silva","NEON_D17_TEAK_DP1_322000_4097000_classified_point_cloud_colorized.laz","2018_TEAK_3_322000_4097000_image.tif","Tree",1,322000,322999.999,4097000,4097999.999
"4709",4858,322629.577,322631.926,4097634.597,4097637.301,"Silva","NEON_D17_TEAK_DP1_322000_4097000_classified_point_cloud_colorized.laz","2018_TEAK_3_322000_4097000_image.tif","Tree",1,322000,322999.999,4097000,4097999.999
"4710",4859,322799.008,322804.484,4097640.136,4097645.459,"Silva","NEON_D17_TEAK_DP1_322000_4097000_classified_point_cloud_colorized.laz","2018_TEAK_3_322000_4097000_image.tif","Tree",1,322000,322999.999,4097000,4097999.999
"4711",4860,322836.068,322842.775,4097640.002,4097648.446,"Silva","NEON_D17_TEAK_DP1_322000_4097000_classified_point_cloud_colorized.laz","2018_TEAK_3_322000_4097000_image.tif","Tree",1,322000,322999.999,4097000,4097999.999
"4712",4861,322793.049,322798.925,4097638.488,4097644.816,"Silva","NEON_D17_TEAK_DP1_322000_4097000_classified_point_cloud_colorized.laz","2018_TEAK_3_322000_4097000_image.tif","Tree",1,322000,322999.999,4097000,4097999.999
"4713",4862,322786.025,322792.999,4097638.525,4097645.499,"Silva","NEON_D17_TEAK_DP1_322000_4097000_classified_point_cloud_colorized.laz","2018_TEAK_3_322000_4097000_image.tif","Tree",1,322000,322999.999,4097000,4097999.999
"4714",4863,322617.035,322620.244,4097633.117,4097637.468,"Silva","NEON_D17_TEAK_DP1_322000_4097000_classified_point_cloud_colorized.laz","2018_TEAK_3_322000_4097000_image.tif","Tree",1,322000,322999.999,4097000,4097999.999
"4715",4864,322303.327,322309.822,4097619.033,4097627.486,"Silva","NEON_D17_TEAK_DP1_322000_4097000_classified_point_cloud_colorized.laz","2018_TEAK_3_322000_4097000_image.tif","Tree",1,322000,322999.999,4097000,4097999.999
"4716",4865,322842.644,322849.205,4097640.516,4097646.996,"Silva","NEON_D17_TEAK_DP1_322000_4097000_classified_point_cloud_colorized.laz","2018_TEAK_3_322000_4097000_image.tif","Tree",1,322000,322999.999,4097000,4097999.999
"4717",4866,322874.511,322880.149,4097641.505,4097647.727,"Silva","NEON_D17_TEAK_DP1_322000_4097000_classified_point_cloud_colorized.laz","2018_TEAK_3_322000_4097000_image.tif","Tree",1,322000,322999.999,4097000,4097999.999
"4718",4867,322858.593,322864.628,4097640.008,4097647.424,"Silva","NEON_D17_TEAK_DP1_322000_4097000_classified_point_cloud_colorized.laz","2018_TEAK_3_322000_4097000_image.tif","Tree",1,322000,322999.999,4097000,4097999.999
"4719",4868,322260.719,322269.482,4097617.84,4097623.098,"Silva","NEON_D17_TEAK_DP1_322000_4097000_classified_point_cloud_colorized.laz","2018_TEAK_3_322000_4097000_image.tif","Tree",1,322000,322999.999,4097000,4097999.999
"4720",4869,322309.109,322312.442,4097617.72,4097624.983,"Silva","NEON_D17_TEAK_DP1_322000_4097000_classified_point_cloud_colorized.laz","2018_TEAK_3_322000_4097000_image.tif","Tree",1,322000,322999.999,4097000,4097999.999
"4721",4870,322340.69,322348.477,4097620.069,4097627.462,"Silva","NEON_D17_TEAK_DP1_322000_4097000_classified_point_cloud_colorized.laz","2018_TEAK_3_322000_4097000_image.tif","Tree",1,322000,322999.999,4097000,4097999.999
"4722",4871,322465.509,322472.85,4097622.526,4097630.967,"Silva","NEON_D17_TEAK_DP1_322000_4097000_classified_point_cloud_colorized.laz","2018_TEAK_3_322000_4097000_image.tif","Tree",1,322000,322999.999,4097000,4097999.999
"4723",4872,322493.572,322499.991,4097624.505,4097630.567,"Silva","NEON_D17_TEAK_DP1_322000_4097000_classified_point_cloud_colorized.laz","2018_TEAK_3_322000_4097000_image.tif","Tree",1,322000,322999.999,4097000,4097999.999
"4724",4873,322243.559,322245.941,4097617.078,4097620.675,"Silva","NEON_D17_TEAK_DP1_322000_4097000_classified_point_cloud_colorized.laz","2018_TEAK_3_322000_4097000_image.tif","Tree",1,322000,322999.999,4097000,4097999.999
"4725",4874,322693.374,322701.675,4097632.86,4097639.812,"Silva","NEON_D17_TEAK_DP1_322000_4097000_classified_point_cloud_colorized.laz","2018_TEAK_3_322000_4097000_image.tif","Tree",1,322000,322999.999,4097000,4097999.999
"4726",4875,322270.038,322277.839,4097615.152,4097621.927,"Silva","NEON_D17_TEAK_DP1_322000_4097000_classified_point_cloud_colorized.laz","2018_TEAK_3_322000_4097000_image.tif","Tree",1,322000,322999.999,4097000,4097999.999
"4727",4876,322311.73,322318.278,4097615.174,4097624.388,"Silva","NEON_D17_TEAK_DP1_322000_4097000_classified_point_cloud_colorized.laz","2018_TEAK_3_322000_4097000_image.tif","Tree",1,322000,322999.999,4097000,4097999.999
"4728",4877,322733.54,322738.382,4097633.545,4097638.923,"Silva","NEON_D17_TEAK_DP1_322000_4097000_classified_point_cloud_colorized.laz","2018_TEAK_3_322000_4097000_image.tif","Tree",1,322000,322999.999,4097000,4097999.999
"4729",4878,322758.201,322769.337,4097632.305,4097639.427,"Silva","NEON_D17_TEAK_DP1_322000_4097000_classified_point_cloud_colorized.laz","2018_TEAK_3_322000_4097000_image.tif","Tree",1,322000,322999.999,4097000,4097999.999
"4730",4879,322800.009,322806.473,4097635.229,4097640.892,"Silva","NEON_D17_TEAK_DP1_322000_4097000_classified_point_cloud_colorized.laz","2018_TEAK_3_322000_4097000_image.tif","Tree",1,322000,322999.999,4097000,4097999.999
"4731",4880,322816.523,322822.489,4097635.55,4097641.869,"Silva","NEON_D17_TEAK_DP1_322000_4097000_classified_point_cloud_colorized.laz","2018_TEAK_3_322000_4097000_image.tif","Tree",1,322000,322999.999,4097000,4097999.999
"4732",4881,322251.543,322259.91,4097612.023,4097621.236,"Silva","NEON_D17_TEAK_DP1_322000_4097000_classified_point_cloud_colorized.laz","2018_TEAK_3_322000_4097000_image.tif","Tree",1,322000,322999.999,4097000,4097999.999
"4733",4882,322339.598,322347.469,4097615.543,4097622.973,"Silva","NEON_D17_TEAK_DP1_322000_4097000_classified_point_cloud_colorized.laz","2018_TEAK_3_322000_4097000_image.tif","Tree",1,322000,322999.999,4097000,4097999.999
"4734",4883,322498.037,322503.991,4097620.064,4097627.425,"Silva","NEON_D17_TEAK_DP1_322000_4097000_classified_point_cloud_colorized.laz","2018_TEAK_3_322000_4097000_image.tif","Tree",1,322000,322999.999,4097000,4097999.999
"4735",4884,322865.509,322872.9,4097636.014,4097643.5,"Silva","NEON_D17_TEAK_DP1_322000_4097000_classified_point_cloud_colorized.laz","2018_TEAK_3_322000_4097000_image.tif","Tree",1,322000,322999.999,4097000,4097999.999
"4736",4885,322874.552,322881.815,4097636.641,4097642.962,"Silva","NEON_D17_TEAK_DP1_322000_4097000_classified_point_cloud_colorized.laz","2018_TEAK_3_322000_4097000_image.tif","Tree",1,322000,322999.999,4097000,4097999.999
"4737",4886,322810.167,322817.485,4097634.165,4097640.112,"Silva","NEON_D17_TEAK_DP1_322000_4097000_classified_point_cloud_colorized.laz","2018_TEAK_3_322000_4097000_image.tif","Tree",1,322000,322999.999,4097000,4097999.999
"4738",4887,322512.007,322521.257,4097619.617,4097631.418,"Silva","NEON_D17_TEAK_DP1_322000_4097000_classified_point_cloud_colorized.laz","2018_TEAK_3_322000_4097000_image.tif","Tree",1,322000,322999.999,4097000,4097999.999
"4739",4888,322422.535,322432.404,4097617.023,4097626.475,"Silva","NEON_D17_TEAK_DP1_322000_4097000_classified_point_cloud_colorized.laz","2018_TEAK_3_322000_4097000_image.tif","Tree",1,322000,322999.999,4097000,4097999.999
"4740",4889,322319.051,322326.309,4097616.621,4097621.705,"Silva","NEON_D17_TEAK_DP1_322000_4097000_classified_point_cloud_colorized.laz","2018_TEAK_3_322000_4097000_image.tif","Tree",1,322000,322999.999,4097000,4097999.999
"4741",4890,322263.602,322270.141,4097613.054,4097617.998,"Silva","NEON_D17_TEAK_DP1_322000_4097000_classified_point_cloud_colorized.laz","2018_TEAK_3_322000_4097000_image.tif","Tree",1,322000,322999.999,4097000,4097999.999
"4742",4891,322435.553,322443.992,4097617.042,4097627.46,"Silva","NEON_D17_TEAK_DP1_322000_4097000_classified_point_cloud_colorized.laz","2018_TEAK_3_322000_4097000_image.tif","Tree",1,322000,322999.999,4097000,4097999.999
"4743",4892,322291.573,322300.859,4097610.553,4097618.948,"Silva","NEON_D17_TEAK_DP1_322000_4097000_classified_point_cloud_colorized.laz","2018_TEAK_3_322000_4097000_image.tif","Tree",1,322000,322999.999,4097000,4097999.999
"4744",4893,322275.566,322283.381,4097611.583,4097619.473,"Silva","NEON_D17_TEAK_DP1_322000_4097000_classified_point_cloud_colorized.laz","2018_TEAK_3_322000_4097000_image.tif","Tree",1,322000,322999.999,4097000,4097999.999
"4745",4894,322787.046,322793.922,4097632.134,4097638.363,"Silva","NEON_D17_TEAK_DP1_322000_4097000_classified_point_cloud_colorized.laz","2018_TEAK_3_322000_4097000_image.tif","Tree",1,322000,322999.999,4097000,4097999.999
"4746",4895,322302.004,322312.337,4097610.52,4097618.939,"Silva","NEON_D17_TEAK_DP1_322000_4097000_classified_point_cloud_colorized.laz","2018_TEAK_3_322000_4097000_image.tif","Tree",1,322000,322999.999,4097000,4097999.999
"4747",4896,322258.018,322264.958,4097609.007,4097616.682,"Silva","NEON_D17_TEAK_DP1_322000_4097000_classified_point_cloud_colorized.laz","2018_TEAK_3_322000_4097000_image.tif","Tree",1,322000,322999.999,4097000,4097999.999
"4748",4897,322394.103,322398.941,4097615.158,4097621.121,"Silva","NEON_D17_TEAK_DP1_322000_4097000_classified_point_cloud_colorized.laz","2018_TEAK_3_322000_4097000_image.tif","Tree",1,322000,322999.999,4097000,4097999.999
"4749",4898,322399.016,322402.242,4097614.532,4097621.499,"Silva","NEON_D17_TEAK_DP1_322000_4097000_classified_point_cloud_colorized.laz","2018_TEAK_3_322000_4097000_image.tif","Tree",1,322000,322999.999,4097000,4097999.999
"4750",4899,322818.251,322824.143,4097630.676,4097637.288,"Silva","NEON_D17_TEAK_DP1_322000_4097000_classified_point_cloud_colorized.laz","2018_TEAK_3_322000_4097000_image.tif","Tree",1,322000,322999.999,4097000,4097999.999
"4751",4900,322751.578,322758.01,4097628.74,4097636.694,"Silva","NEON_D17_TEAK_DP1_322000_4097000_classified_point_cloud_colorized.laz","2018_TEAK_3_322000_4097000_image.tif","Tree",1,322000,322999.999,4097000,4097999.999
"4752",4901,322744.041,322751.497,4097627.546,4097635.794,"Silva","NEON_D17_TEAK_DP1_322000_4097000_classified_point_cloud_colorized.laz","2018_TEAK_3_322000_4097000_image.tif","Tree",1,322000,322999.999,4097000,4097999.999
"4753",4902,322458.13,322467.939,4097617.067,4097624.859,"Silva","NEON_D17_TEAK_DP1_322000_4097000_classified_point_cloud_colorized.laz","2018_TEAK_3_322000_4097000_image.tif","Tree",1,322000,322999.999,4097000,4097999.999
"4754",4903,322854.583,322862.595,4097632.124,4097640.35,"Silva","NEON_D17_TEAK_DP1_322000_4097000_classified_point_cloud_colorized.laz","2018_TEAK_3_322000_4097000_image.tif","Tree",1,322000,322999.999,4097000,4097999.999
"4755",4904,322698.377,322703.943,4097624.616,4097631.972,"Silva","NEON_D17_TEAK_DP1_322000_4097000_classified_point_cloud_colorized.laz","2018_TEAK_3_322000_4097000_image.tif","Tree",1,322000,322999.999,4097000,4097999.999
"4756",4905,322791.696,322797.458,4097628.59,4097636.233,"Silva","NEON_D17_TEAK_DP1_322000_4097000_classified_point_cloud_colorized.laz","2018_TEAK_3_322000_4097000_image.tif","Tree",1,322000,322999.999,4097000,4097999.999
"4757",4906,322871.555,322878.389,4097632.502,4097638.389,"Silva","NEON_D17_TEAK_DP1_322000_4097000_classified_point_cloud_colorized.laz","2018_TEAK_3_322000_4097000_image.tif","Tree",1,322000,322999.999,4097000,4097999.999
"4758",4907,322832.335,322837.992,4097632.157,4097635.496,"Silva","NEON_D17_TEAK_DP1_322000_4097000_classified_point_cloud_colorized.laz","2018_TEAK_3_322000_4097000_image.tif","Tree",1,322000,322999.999,4097000,4097999.999
"4759",4908,322754.568,322760.935,4097627.188,4097633.875,"Silva","NEON_D17_TEAK_DP1_322000_4097000_classified_point_cloud_colorized.laz","2018_TEAK_3_322000_4097000_image.tif","Tree",1,322000,322999.999,4097000,4097999.999
"4760",4909,322731.048,322732.97,4097628.588,4097630.921,"Silva","NEON_D17_TEAK_DP1_322000_4097000_classified_point_cloud_colorized.laz","2018_TEAK_3_322000_4097000_image.tif","Tree",1,322000,322999.999,4097000,4097999.999
"4761",4910,322360.153,322366.326,4097611.142,4097617.931,"Silva","NEON_D17_TEAK_DP1_322000_4097000_classified_point_cloud_colorized.laz","2018_TEAK_3_322000_4097000_image.tif","Tree",1,322000,322999.999,4097000,4097999.999
"4762",4911,322264.742,322272.071,4097607.055,4097613.156,"Silva","NEON_D17_TEAK_DP1_322000_4097000_classified_point_cloud_colorized.laz","2018_TEAK_3_322000_4097000_image.tif","Tree",1,322000,322999.999,4097000,4097999.999
"4763",4912,322447.275,322450.272,4097614.501,4097619.015,"Silva","NEON_D17_TEAK_DP1_322000_4097000_classified_point_cloud_colorized.laz","2018_TEAK_3_322000_4097000_image.tif","Tree",1,322000,322999.999,4097000,4097999.999
"4764",4913,322810.027,322815.493,4097628.51,4097634.947,"Silva","NEON_D17_TEAK_DP1_322000_4097000_classified_point_cloud_colorized.laz","2018_TEAK_3_322000_4097000_image.tif","Tree",1,322000,322999.999,4097000,4097999.999
"4765",4914,322272.013,322281.466,4097606.591,4097612.967,"Silva","NEON_D17_TEAK_DP1_322000_4097000_classified_point_cloud_colorized.laz","2018_TEAK_3_322000_4097000_image.tif","Tree",1,322000,322999.999,4097000,4097999.999
"4766",4915,322242.635,322248.994,4097605.589,4097610.308,"Silva","NEON_D17_TEAK_DP1_322000_4097000_classified_point_cloud_colorized.laz","2018_TEAK_3_322000_4097000_image.tif","Tree",1,322000,322999.999,4097000,4097999.999
"4767",4916,322806.074,322807.401,4097629.311,4097631.415,"Silva","NEON_D17_TEAK_DP1_322000_4097000_classified_point_cloud_colorized.laz","2018_TEAK_3_322000_4097000_image.tif","Tree",1,322000,322999.999,4097000,4097999.999
"4768",4917,322870.566,322876.452,4097630.008,4097635.404,"Silva","NEON_D17_TEAK_DP1_322000_4097000_classified_point_cloud_colorized.laz","2018_TEAK_3_322000_4097000_image.tif","Tree",1,322000,322999.999,4097000,4097999.999
"4769",4918,322477.067,322484.459,4097612.566,4097621.491,"Silva","NEON_D17_TEAK_DP1_322000_4097000_classified_point_cloud_colorized.laz","2018_TEAK_3_322000_4097000_image.tif","Tree",1,322000,322999.999,4097000,4097999.999
"4770",4919,322286.537,322294.929,4097603.64,4097613.484,"Silva","NEON_D17_TEAK_DP1_322000_4097000_classified_point_cloud_colorized.laz","2018_TEAK_3_322000_4097000_image.tif","Tree",1,322000,322999.999,4097000,4097999.999
"4771",4920,322702.03,322706.301,4097624.044,4097627.463,"Silva","NEON_D17_TEAK_DP1_322000_4097000_classified_point_cloud_colorized.laz","2018_TEAK_3_322000_4097000_image.tif","Tree",1,322000,322999.999,4097000,4097999.999
"4772",4921,322726.54,322730.317,4097624.557,4097627.477,"Silva","NEON_D17_TEAK_DP1_322000_4097000_classified_point_cloud_colorized.laz","2018_TEAK_3_322000_4097000_image.tif","Tree",1,322000,322999.999,4097000,4097999.999
"4773",4922,322389.067,322397.442,4097607.028,4097615.911,"Silva","NEON_D17_TEAK_DP1_322000_4097000_classified_point_cloud_colorized.laz","2018_TEAK_3_322000_4097000_image.tif","Tree",1,322000,322999.999,4097000,4097999.999
"4774",4923,322280.527,322287.495,4097603.704,4097612.369,"Silva","NEON_D17_TEAK_DP1_322000_4097000_classified_point_cloud_colorized.laz","2018_TEAK_3_322000_4097000_image.tif","Tree",1,322000,322999.999,4097000,4097999.999
"4775",4924,322333.501,322341.963,4097604.584,4097613.428,"Silva","NEON_D17_TEAK_DP1_322000_4097000_classified_point_cloud_colorized.laz","2018_TEAK_3_322000_4097000_image.tif","Tree",1,322000,322999.999,4097000,4097999.999
"4776",4925,322848.008,322852.988,4097628.511,4097632.993,"Silva","NEON_D17_TEAK_DP1_322000_4097000_classified_point_cloud_colorized.laz","2018_TEAK_3_322000_4097000_image.tif","Tree",1,322000,322999.999,4097000,4097999.999
"4777",4926,322856.898,322863.22,4097627.041,4097633.209,"Silva","NEON_D17_TEAK_DP1_322000_4097000_classified_point_cloud_colorized.laz","2018_TEAK_3_322000_4097000_image.tif","Tree",1,322000,322999.999,4097000,4097999.999
"4778",4927,322771.175,322779.661,4097621.544,4097630.996,"Silva","NEON_D17_TEAK_DP1_322000_4097000_classified_point_cloud_colorized.laz","2018_TEAK_3_322000_4097000_image.tif","Tree",1,322000,322999.999,4097000,4097999.999
"4779",4928,322441.298,322447.947,4097611.53,4097616.424,"Silva","NEON_D17_TEAK_DP1_322000_4097000_classified_point_cloud_colorized.laz","2018_TEAK_3_322000_4097000_image.tif","Tree",1,322000,322999.999,4097000,4097999.999
"4780",4929,322260.257,322268.485,4097601.609,4097609.387,"Silva","NEON_D17_TEAK_DP1_322000_4097000_classified_point_cloud_colorized.laz","2018_TEAK_3_322000_4097000_image.tif","Tree",1,322000,322999.999,4097000,4097999.999
"4781",4930,322448.238,322454.478,4097610.118,4097615.477,"Silva","NEON_D17_TEAK_DP1_322000_4097000_classified_point_cloud_colorized.laz","2018_TEAK_3_322000_4097000_image.tif","Tree",1,322000,322999.999,4097000,4097999.999
"4782",4931,322876.112,322881.495,4097629.176,4097632.496,"Silva","NEON_D17_TEAK_DP1_322000_4097000_classified_point_cloud_colorized.laz","2018_TEAK_3_322000_4097000_image.tif","Tree",1,322000,322999.999,4097000,4097999.999
"4783",4932,322268.741,322274.976,4097602.016,4097608.799,"Silva","NEON_D17_TEAK_DP1_322000_4097000_classified_point_cloud_colorized.laz","2018_TEAK_3_322000_4097000_image.tif","Tree",1,322000,322999.999,4097000,4097999.999
"4784",4933,322251.006,322252.324,4097603.064,4097604.738,"Silva","NEON_D17_TEAK_DP1_322000_4097000_classified_point_cloud_colorized.laz","2018_TEAK_3_322000_4097000_image.tif","Tree",1,322000,322999.999,4097000,4097999.999
"4785",4934,322318.14,322318.575,4097606.097,4097607.503,"Silva","NEON_D17_TEAK_DP1_322000_4097000_classified_point_cloud_colorized.laz","2018_TEAK_3_322000_4097000_image.tif","Tree",1,322000,322999.999,4097000,4097999.999
"4786",4935,322398.589,322407.499,4097605.027,4097613.924,"Silva","NEON_D17_TEAK_DP1_322000_4097000_classified_point_cloud_colorized.laz","2018_TEAK_3_322000_4097000_image.tif","Tree",1,322000,322999.999,4097000,4097999.999
"4787",4937,322513.022,322516.755,4097612.068,4097616.32,"Silva","NEON_D17_TEAK_DP1_322000_4097000_classified_point_cloud_colorized.laz","2018_TEAK_3_322000_4097000_image.tif","Tree",1,322000,322999.999,4097000,4097999.999
"4788",4938,322718.571,322722.726,4097619.075,4097624.758,"Silva","NEON_D17_TEAK_DP1_322000_4097000_classified_point_cloud_colorized.laz","2018_TEAK_3_322000_4097000_image.tif","Tree",1,322000,322999.999,4097000,4097999.999
"4789",4939,322757.009,322761.417,4097623.339,4097627.454,"Silva","NEON_D17_TEAK_DP1_322000_4097000_classified_point_cloud_colorized.laz","2018_TEAK_3_322000_4097000_image.tif","Tree",1,322000,322999.999,4097000,4097999.999
"4790",4940,322870.528,322872.877,4097626.016,4097629.472,"Silva","NEON_D17_TEAK_DP1_322000_4097000_classified_point_cloud_colorized.laz","2018_TEAK_3_322000_4097000_image.tif","Tree",1,322000,322999.999,4097000,4097999.999
"4791",4941,322878.004,322881.41,4097625.026,4097628.995,"Silva","NEON_D17_TEAK_DP1_322000_4097000_classified_point_cloud_colorized.laz","2018_TEAK_3_322000_4097000_image.tif","Tree",1,322000,322999.999,4097000,4097999.999
"4792",4942,322806.003,322810.032,4097622.378,4097626.443,"Silva","NEON_D17_TEAK_DP1_322000_4097000_classified_point_cloud_colorized.laz","2018_TEAK_3_322000_4097000_image.tif","Tree",1,322000,322999.999,4097000,4097999.999
"4793",4943,322404.73,322410.487,4097604.04,4097610.943,"Silva","NEON_D17_TEAK_DP1_322000_4097000_classified_point_cloud_colorized.laz","2018_TEAK_3_322000_4097000_image.tif","Tree",1,322000,322999.999,4097000,4097999.999
"4794",4944,322309.109,322319.294,4097598.106,4097607.471,"Silva","NEON_D17_TEAK_DP1_322000_4097000_classified_point_cloud_colorized.laz","2018_TEAK_3_322000_4097000_image.tif","Tree",1,322000,322999.999,4097000,4097999.999
"4795",4946,322778.003,322790.105,4097616.535,4097627.41,"Silva","NEON_D17_TEAK_DP1_322000_4097000_classified_point_cloud_colorized.laz","2018_TEAK_3_322000_4097000_image.tif","Tree",1,322000,322999.999,4097000,4097999.999
"4796",4947,322845,322849.986,4097622.046,4097625.849,"Silva","NEON_D17_TEAK_DP1_322000_4097000_classified_point_cloud_colorized.laz","2018_TEAK_3_322000_4097000_image.tif","Tree",1,322000,322999.999,4097000,4097999.999
"4797",4948,322800.016,322804.793,4097620.576,4097626.287,"Silva","NEON_D17_TEAK_DP1_322000_4097000_classified_point_cloud_colorized.laz","2018_TEAK_3_322000_4097000_image.tif","Tree",1,322000,322999.999,4097000,4097999.999
"4798",4949,322372.724,322379.205,4097601.156,4097608.963,"Silva","NEON_D17_TEAK_DP1_322000_4097000_classified_point_cloud_colorized.laz","2018_TEAK_3_322000_4097000_image.tif","Tree",1,322000,322999.999,4097000,4097999.999
"4799",4950,322364.69,322370.419,4097601.733,4097608.668,"Silva","NEON_D17_TEAK_DP1_322000_4097000_classified_point_cloud_colorized.laz","2018_TEAK_3_322000_4097000_image.tif","Tree",1,322000,322999.999,4097000,4097999.999
"4800",4951,322327.52,322336.971,4097597.249,4097606.252,"Silva","NEON_D17_TEAK_DP1_322000_4097000_classified_point_cloud_colorized.laz","2018_TEAK_3_322000_4097000_image.tif","Tree",1,322000,322999.999,4097000,4097999.999
"4801",4952,322303.588,322307.959,4097600.998,4097605.478,"Silva","NEON_D17_TEAK_DP1_322000_4097000_classified_point_cloud_colorized.laz","2018_TEAK_3_322000_4097000_image.tif","Tree",1,322000,322999.999,4097000,4097999.999
"4802",4954,322466.122,322469.926,4097604.097,4097610.289,"Silva","NEON_D17_TEAK_DP1_322000_4097000_classified_point_cloud_colorized.laz","2018_TEAK_3_322000_4097000_image.tif","Tree",1,322000,322999.999,4097000,4097999.999
"4803",4955,322564.759,322566.584,4097614.082,4097616.33,"Silva","NEON_D17_TEAK_DP1_322000_4097000_classified_point_cloud_colorized.laz","2018_TEAK_3_322000_4097000_image.tif","Tree",1,322000,322999.999,4097000,4097999.999
"4804",4956,322738.237,322747.959,4097615.035,4097622.448,"Silva","NEON_D17_TEAK_DP1_322000_4097000_classified_point_cloud_colorized.laz","2018_TEAK_3_322000_4097000_image.tif","Tree",1,322000,322999.999,4097000,4097999.999
"4805",4957,322850.511,322853.481,4097622.508,4097624.273,"Silva","NEON_D17_TEAK_DP1_322000_4097000_classified_point_cloud_colorized.laz","2018_TEAK_3_322000_4097000_image.tif","Tree",1,322000,322999.999,4097000,4097999.999
"4806",4958,322584.035,322587.357,4097610.542,4097613.965,"Silva","NEON_D17_TEAK_DP1_322000_4097000_classified_point_cloud_colorized.laz","2018_TEAK_3_322000_4097000_image.tif","Tree",1,322000,322999.999,4097000,4097999.999
"4807",4959,322470.164,322474.471,4097605.044,4097610.489,"Silva","NEON_D17_TEAK_DP1_322000_4097000_classified_point_cloud_colorized.laz","2018_TEAK_3_322000_4097000_image.tif","Tree",1,322000,322999.999,4097000,4097999.999
"4808",4960,322570.35,322575.474,4097608.057,4097614.463,"Silva","NEON_D17_TEAK_DP1_322000_4097000_classified_point_cloud_colorized.laz","2018_TEAK_3_322000_4097000_image.tif","Tree",1,322000,322999.999,4097000,4097999.999
"4809",4961,322764.007,322770.986,4097615.69,4097620.007,"Silva","NEON_D17_TEAK_DP1_322000_4097000_classified_point_cloud_colorized.laz","2018_TEAK_3_322000_4097000_image.tif","Tree",1,322000,322999.999,4097000,4097999.999
"4810",4962,322794.133,322797.921,4097616.831,4097622.849,"Silva","NEON_D17_TEAK_DP1_322000_4097000_classified_point_cloud_colorized.laz","2018_TEAK_3_322000_4097000_image.tif","Tree",1,322000,322999.999,4097000,4097999.999
"4811",4963,322841.526,322847.482,4097618.528,4097624.995,"Silva","NEON_D17_TEAK_DP1_322000_4097000_classified_point_cloud_colorized.laz","2018_TEAK_3_322000_4097000_image.tif","Tree",1,322000,322999.999,4097000,4097999.999
"4812",4964,322870.557,322873.962,4097621.029,4097623.992,"Silva","NEON_D17_TEAK_DP1_322000_4097000_classified_point_cloud_colorized.laz","2018_TEAK_3_322000_4097000_image.tif","Tree",1,322000,322999.999,4097000,4097999.999
"4813",4965,322247.025,322249.429,4097596.503,4097598.475,"Silva","NEON_D17_TEAK_DP1_322000_4097000_classified_point_cloud_colorized.laz","2018_TEAK_3_322000_4097000_image.tif","Tree",1,322000,322999.999,4097000,4097999.999
"4814",4966,322235.642,322241.486,4097594.613,4097599.302,"Silva","NEON_D17_TEAK_DP1_322000_4097000_classified_point_cloud_colorized.laz","2018_TEAK_3_322000_4097000_image.tif","Tree",1,322000,322999.999,4097000,4097999.999
"4815",4967,322321.24,322328.423,4097595.54,4097603.439,"Silva","NEON_D17_TEAK_DP1_322000_4097000_classified_point_cloud_colorized.laz","2018_TEAK_3_322000_4097000_image.tif","Tree",1,322000,322999.999,4097000,4097999.999
"4816",4968,322615.509,322619.773,4097609.513,4097613.888,"Silva","NEON_D17_TEAK_DP1_322000_4097000_classified_point_cloud_colorized.laz","2018_TEAK_3_322000_4097000_image.tif","Tree",1,322000,322999.999,4097000,4097999.999
"4817",4969,322745.556,322752.011,4097612.522,4097621.917,"Silva","NEON_D17_TEAK_DP1_322000_4097000_classified_point_cloud_colorized.laz","2018_TEAK_3_322000_4097000_image.tif","Tree",1,322000,322999.999,4097000,4097999.999
"4818",4970,322807.568,322808.766,4097619.313,4097621.686,"Silva","NEON_D17_TEAK_DP1_322000_4097000_classified_point_cloud_colorized.laz","2018_TEAK_3_322000_4097000_image.tif","Tree",1,322000,322999.999,4097000,4097999.999
"4819",4971,322280.025,322289.44,4097594.52,4097602.39,"Silva","NEON_D17_TEAK_DP1_322000_4097000_classified_point_cloud_colorized.laz","2018_TEAK_3_322000_4097000_image.tif","Tree",1,322000,322999.999,4097000,4097999.999
"4820",4972,322268.06,322278.452,4097594.006,4097600.783,"Silva","NEON_D17_TEAK_DP1_322000_4097000_classified_point_cloud_colorized.laz","2018_TEAK_3_322000_4097000_image.tif","Tree",1,322000,322999.999,4097000,4097999.999
"4821",4973,322548.504,322556.212,4097603.075,4097613.47,"Silva","NEON_D17_TEAK_DP1_322000_4097000_classified_point_cloud_colorized.laz","2018_TEAK_3_322000_4097000_image.tif","Tree",1,322000,322999.999,4097000,4097999.999
"4822",4974,322470.041,322479.833,4097598.547,4097605.945,"Silva","NEON_D17_TEAK_DP1_322000_4097000_classified_point_cloud_colorized.laz","2018_TEAK_3_322000_4097000_image.tif","Tree",1,322000,322999.999,4097000,4097999.999
"4823",4975,322366.618,322372.396,4097597.023,4097603.374,"Silva","NEON_D17_TEAK_DP1_322000_4097000_classified_point_cloud_colorized.laz","2018_TEAK_3_322000_4097000_image.tif","Tree",1,322000,322999.999,4097000,4097999.999
"4824",4976,322375.183,322386.911,4097596.038,4097603.931,"Silva","NEON_D17_TEAK_DP1_322000_4097000_classified_point_cloud_colorized.laz","2018_TEAK_3_322000_4097000_image.tif","Tree",1,322000,322999.999,4097000,4097999.999
"4825",4977,322571.611,322575.49,4097606.709,4097609.208,"Silva","NEON_D17_TEAK_DP1_322000_4097000_classified_point_cloud_colorized.laz","2018_TEAK_3_322000_4097000_image.tif","Tree",1,322000,322999.999,4097000,4097999.999
"4826",4978,322870.015,322875.472,4097617.064,4097621.537,"Silva","NEON_D17_TEAK_DP1_322000_4097000_classified_point_cloud_colorized.laz","2018_TEAK_3_322000_4097000_image.tif","Tree",1,322000,322999.999,4097000,4097999.999
"4827",4979,322875.538,322879.454,4097617.084,4097622.471,"Silva","NEON_D17_TEAK_DP1_322000_4097000_classified_point_cloud_colorized.laz","2018_TEAK_3_322000_4097000_image.tif","Tree",1,322000,322999.999,4097000,4097999.999
"4828",4980,322556.505,322556.914,4097607.452,4097607.718,"Silva","NEON_D17_TEAK_DP1_322000_4097000_classified_point_cloud_colorized.laz","2018_TEAK_3_322000_4097000_image.tif","Tree",1,322000,322999.999,4097000,4097999.999
"4829",4981,322789.577,322798.153,4097611.611,4097618.747,"Silva","NEON_D17_TEAK_DP1_322000_4097000_classified_point_cloud_colorized.laz","2018_TEAK_3_322000_4097000_image.tif","Tree",1,322000,322999.999,4097000,4097999.999
"4830",4982,322755.518,322761.394,4097610.426,4097618.497,"Silva","NEON_D17_TEAK_DP1_322000_4097000_classified_point_cloud_colorized.laz","2018_TEAK_3_322000_4097000_image.tif","Tree",1,322000,322999.999,4097000,4097999.999
"4831",4983,322359.507,322364.864,4097595.923,4097599.99,"Silva","NEON_D17_TEAK_DP1_322000_4097000_classified_point_cloud_colorized.laz","2018_TEAK_3_322000_4097000_image.tif","Tree",1,322000,322999.999,4097000,4097999.999
"4832",4984,322723.111,322730.874,4097608.194,4097613.97,"Silva","NEON_D17_TEAK_DP1_322000_4097000_classified_point_cloud_colorized.laz","2018_TEAK_3_322000_4097000_image.tif","Tree",1,322000,322999.999,4097000,4097999.999
"4833",4985,322860.669,322866.37,4097614.204,4097620.876,"Silva","NEON_D17_TEAK_DP1_322000_4097000_classified_point_cloud_colorized.laz","2018_TEAK_3_322000_4097000_image.tif","Tree",1,322000,322999.999,4097000,4097999.999
"4834",4986,322282.573,322288.986,4097587.966,4097595.965,"Silva","NEON_D17_TEAK_DP1_322000_4097000_classified_point_cloud_colorized.laz","2018_TEAK_3_322000_4097000_image.tif","Tree",1,322000,322999.999,4097000,4097999.999
"4835",4987,322291.706,322300.467,4097588.547,4097596.975,"Silva","NEON_D17_TEAK_DP1_322000_4097000_classified_point_cloud_colorized.laz","2018_TEAK_3_322000_4097000_image.tif","Tree",1,322000,322999.999,4097000,4097999.999
"4836",4988,322854.497,322861.487,4097613.01,4097618.637,"Silva","NEON_D17_TEAK_DP1_322000_4097000_classified_point_cloud_colorized.laz","2018_TEAK_3_322000_4097000_image.tif","Tree",1,322000,322999.999,4097000,4097999.999
"4837",4989,322768.648,322778.476,4097608.225,4097617.346,"Silva","NEON_D17_TEAK_DP1_322000_4097000_classified_point_cloud_colorized.laz","2018_TEAK_3_322000_4097000_image.tif","Tree",1,322000,322999.999,4097000,4097999.999
"4838",4990,322696.091,322697.69,4097607.098,4097608.985,"Silva","NEON_D17_TEAK_DP1_322000_4097000_classified_point_cloud_colorized.laz","2018_TEAK_3_322000_4097000_image.tif","Tree",1,322000,322999.999,4097000,4097999.999
"4839",4991,322677.046,322682.762,4097603.521,4097610.495,"Silva","NEON_D17_TEAK_DP1_322000_4097000_classified_point_cloud_colorized.laz","2018_TEAK_3_322000_4097000_image.tif","Tree",1,322000,322999.999,4097000,4097999.999
"4840",4992,322286.022,322294.418,4097587.111,4097596.897,"Silva","NEON_D17_TEAK_DP1_322000_4097000_classified_point_cloud_colorized.laz","2018_TEAK_3_322000_4097000_image.tif","Tree",1,322000,322999.999,4097000,4097999.999
"4841",4993,322305.204,322307.422,4097590.532,4097594.518,"Silva","NEON_D17_TEAK_DP1_322000_4097000_classified_point_cloud_colorized.laz","2018_TEAK_3_322000_4097000_image.tif","Tree",1,322000,322999.999,4097000,4097999.999
"4842",4994,322311.066,322319.995,4097588.27,4097594.681,"Silva","NEON_D17_TEAK_DP1_322000_4097000_classified_point_cloud_colorized.laz","2018_TEAK_3_322000_4097000_image.tif","Tree",1,322000,322999.999,4097000,4097999.999
"4843",4995,322842.716,322852.469,4097608.535,4097617.348,"Silva","NEON_D17_TEAK_DP1_322000_4097000_classified_point_cloud_colorized.laz","2018_TEAK_3_322000_4097000_image.tif","Tree",1,322000,322999.999,4097000,4097999.999
"4844",4996,322834.008,322841.44,4097607.146,4097616.43,"Silva","NEON_D17_TEAK_DP1_322000_4097000_classified_point_cloud_colorized.laz","2018_TEAK_3_322000_4097000_image.tif","Tree",1,322000,322999.999,4097000,4097999.999
"4845",4997,322604.508,322607.988,4097601.642,4097604.222,"Silva","NEON_D17_TEAK_DP1_322000_4097000_classified_point_cloud_colorized.laz","2018_TEAK_3_322000_4097000_image.tif","Tree",1,322000,322999.999,4097000,4097999.999
"4846",4999,322717.512,322718.776,4097606.094,4097607.494,"Silva","NEON_D17_TEAK_DP1_322000_4097000_classified_point_cloud_colorized.laz","2018_TEAK_3_322000_4097000_image.tif","Tree",1,322000,322999.999,4097000,4097999.999
"4847",5000,322812.173,322818.997,4097608.015,4097614.486,"Silva","NEON_D17_TEAK_DP1_322000_4097000_classified_point_cloud_colorized.laz","2018_TEAK_3_322000_4097000_image.tif","Tree",1,322000,322999.999,4097000,4097999.999
"4848",5001,322819.02,322825.37,4097607.153,4097614.458,"Silva","NEON_D17_TEAK_DP1_322000_4097000_classified_point_cloud_colorized.laz","2018_TEAK_3_322000_4097000_image.tif","Tree",1,322000,322999.999,4097000,4097999.999
"4849",5002,322775.578,322783.806,4097603.032,4097616.429,"Silva","NEON_D17_TEAK_DP1_322000_4097000_classified_point_cloud_colorized.laz","2018_TEAK_3_322000_4097000_image.tif","Tree",1,322000,322999.999,4097000,4097999.999
"4850",5003,322690.668,322693.281,4097604.029,4097606.494,"Silva","NEON_D17_TEAK_DP1_322000_4097000_classified_point_cloud_colorized.laz","2018_TEAK_3_322000_4097000_image.tif","Tree",1,322000,322999.999,4097000,4097999.999
"4851",5004,322361.325,322363.234,4097587.932,4097589.725,"Silva","NEON_D17_TEAK_DP1_322000_4097000_classified_point_cloud_colorized.laz","2018_TEAK_3_322000_4097000_image.tif","Tree",1,322000,322999.999,4097000,4097999.999
"4852",5005,322825.514,322833.996,4097606.592,4097614.451,"Silva","NEON_D17_TEAK_DP1_322000_4097000_classified_point_cloud_colorized.laz","2018_TEAK_3_322000_4097000_image.tif","Tree",1,322000,322999.999,4097000,4097999.999
"4853",5006,322725.518,322734.971,4097598.61,4097610.983,"Silva","NEON_D17_TEAK_DP1_322000_4097000_classified_point_cloud_colorized.laz","2018_TEAK_3_322000_4097000_image.tif","Tree",1,322000,322999.999,4097000,4097999.999
"4854",5007,322380.084,322384.992,4097587.809,4097594.499,"Silva","NEON_D17_TEAK_DP1_322000_4097000_classified_point_cloud_colorized.laz","2018_TEAK_3_322000_4097000_image.tif","Tree",1,322000,322999.999,4097000,4097999.999
"4855",5008,322374.161,322374.161,4097586.859,4097586.859,"Silva","NEON_D17_TEAK_DP1_322000_4097000_classified_point_cloud_colorized.laz","2018_TEAK_3_322000_4097000_image.tif","Tree",1,322000,322999.999,4097000,4097999.999
"4856",5009,322244.008,322249.06,4097582.021,4097587.993,"Silva","NEON_D17_TEAK_DP1_322000_4097000_classified_point_cloud_colorized.laz","2018_TEAK_3_322000_4097000_image.tif","Tree",1,322000,322999.999,4097000,4097999.999
"4857",5011,322657.586,322662.445,4097599.055,4097603.982,"Silva","NEON_D17_TEAK_DP1_322000_4097000_classified_point_cloud_colorized.laz","2018_TEAK_3_322000_4097000_image.tif","Tree",1,322000,322999.999,4097000,4097999.999
"4858",5012,322704.739,322711.958,4097600.082,4097607.959,"Silva","NEON_D17_TEAK_DP1_322000_4097000_classified_point_cloud_colorized.laz","2018_TEAK_3_322000_4097000_image.tif","Tree",1,322000,322999.999,4097000,4097999.999
"4859",5013,322719.571,322720.41,4097604.153,4097605.416,"Silva","NEON_D17_TEAK_DP1_322000_4097000_classified_point_cloud_colorized.laz","2018_TEAK_3_322000_4097000_image.tif","Tree",1,322000,322999.999,4097000,4097999.999
"4860",5014,322334.164,322340.217,4097584.653,4097590.529,"Silva","NEON_D17_TEAK_DP1_322000_4097000_classified_point_cloud_colorized.laz","2018_TEAK_3_322000_4097000_image.tif","Tree",1,322000,322999.999,4097000,4097999.999
"4861",5015,322439.505,322445.604,4097589.039,4097594.884,"Silva","NEON_D17_TEAK_DP1_322000_4097000_classified_point_cloud_colorized.laz","2018_TEAK_3_322000_4097000_image.tif","Tree",1,322000,322999.999,4097000,4097999.999
"4862",5016,322815.104,322820.397,4097604.678,4097609.434,"Silva","NEON_D17_TEAK_DP1_322000_4097000_classified_point_cloud_colorized.laz","2018_TEAK_3_322000_4097000_image.tif","Tree",1,322000,322999.999,4097000,4097999.999
"4863",5017,322859.525,322866.406,4097603.544,4097611.489,"Silva","NEON_D17_TEAK_DP1_322000_4097000_classified_point_cloud_colorized.laz","2018_TEAK_3_322000_4097000_image.tif","Tree",1,322000,322999.999,4097000,4097999.999
"4864",5018,322788.613,322797.772,4097601.01,4097608.967,"Silva","NEON_D17_TEAK_DP1_322000_4097000_classified_point_cloud_colorized.laz","2018_TEAK_3_322000_4097000_image.tif","Tree",1,322000,322999.999,4097000,4097999.999
"4865",5019,322742.13,322752.44,4097598.008,4097608.3,"Silva","NEON_D17_TEAK_DP1_322000_4097000_classified_point_cloud_colorized.laz","2018_TEAK_3_322000_4097000_image.tif","Tree",1,322000,322999.999,4097000,4097999.999
"4866",5020,322560.504,322563.878,4097593.544,4097596.932,"Silva","NEON_D17_TEAK_DP1_322000_4097000_classified_point_cloud_colorized.laz","2018_TEAK_3_322000_4097000_image.tif","Tree",1,322000,322999.999,4097000,4097999.999
"4867",5021,322269.535,322272.51,4097577.715,4097586.387,"Silva","NEON_D17_TEAK_DP1_322000_4097000_classified_point_cloud_colorized.laz","2018_TEAK_3_322000_4097000_image.tif","Tree",1,322000,322999.999,4097000,4097999.999
"4868",5022,322283.501,322290.434,4097578.011,4097585.753,"Silva","NEON_D17_TEAK_DP1_322000_4097000_classified_point_cloud_colorized.laz","2018_TEAK_3_322000_4097000_image.tif","Tree",1,322000,322999.999,4097000,4097999.999
"4869",5023,322700.583,322705.899,4097597.036,4097602.667,"Silva","NEON_D17_TEAK_DP1_322000_4097000_classified_point_cloud_colorized.laz","2018_TEAK_3_322000_4097000_image.tif","Tree",1,322000,322999.999,4097000,4097999.999
"4870",5024,322810.665,322818.053,4097599.903,4097607.994,"Silva","NEON_D17_TEAK_DP1_322000_4097000_classified_point_cloud_colorized.laz","2018_TEAK_3_322000_4097000_image.tif","Tree",1,322000,322999.999,4097000,4097999.999
"4871",5025,322524.047,322534.931,4097588.565,4097595.997,"Silva","NEON_D17_TEAK_DP1_322000_4097000_classified_point_cloud_colorized.laz","2018_TEAK_3_322000_4097000_image.tif","Tree",1,322000,322999.999,4097000,4097999.999
"4872",5026,322375.186,322382.746,4097582.064,4097587.375,"Silva","NEON_D17_TEAK_DP1_322000_4097000_classified_point_cloud_colorized.laz","2018_TEAK_3_322000_4097000_image.tif","Tree",1,322000,322999.999,4097000,4097999.999
"4873",5027,322351.076,322356.498,4097581.025,4097587.491,"Silva","NEON_D17_TEAK_DP1_322000_4097000_classified_point_cloud_colorized.laz","2018_TEAK_3_322000_4097000_image.tif","Tree",1,322000,322999.999,4097000,4097999.999
"4874",5028,322802.119,322808.485,4097599.028,4097605.474,"Silva","NEON_D17_TEAK_DP1_322000_4097000_classified_point_cloud_colorized.laz","2018_TEAK_3_322000_4097000_image.tif","Tree",1,322000,322999.999,4097000,4097999.999
"4875",5029,322643.024,322649.967,4097591.03,4097599.994,"Silva","NEON_D17_TEAK_DP1_322000_4097000_classified_point_cloud_colorized.laz","2018_TEAK_3_322000_4097000_image.tif","Tree",1,322000,322999.999,4097000,4097999.999
"4876",5030,322443.514,322448.482,4097584.685,4097591.933,"Silva","NEON_D17_TEAK_DP1_322000_4097000_classified_point_cloud_colorized.laz","2018_TEAK_3_322000_4097000_image.tif","Tree",1,322000,322999.999,4097000,4097999.999
"4877",5031,322324.513,322331.942,4097577.967,4097585.964,"Silva","NEON_D17_TEAK_DP1_322000_4097000_classified_point_cloud_colorized.laz","2018_TEAK_3_322000_4097000_image.tif","Tree",1,322000,322999.999,4097000,4097999.999
"4878",5032,322385.76,322391.859,4097581.057,4097586.801,"Silva","NEON_D17_TEAK_DP1_322000_4097000_classified_point_cloud_colorized.laz","2018_TEAK_3_322000_4097000_image.tif","Tree",1,322000,322999.999,4097000,4097999.999
"4879",5033,322410.024,322416.308,4097581.107,4097588.52,"Silva","NEON_D17_TEAK_DP1_322000_4097000_classified_point_cloud_colorized.laz","2018_TEAK_3_322000_4097000_image.tif","Tree",1,322000,322999.999,4097000,4097999.999
"4880",5034,322863.547,322868.409,4097601.515,4097605.489,"Silva","NEON_D17_TEAK_DP1_322000_4097000_classified_point_cloud_colorized.laz","2018_TEAK_3_322000_4097000_image.tif","Tree",1,322000,322999.999,4097000,4097999.999
"4881",5035,322794.53,322800.805,4097597.238,4097604.326,"Silva","NEON_D17_TEAK_DP1_322000_4097000_classified_point_cloud_colorized.laz","2018_TEAK_3_322000_4097000_image.tif","Tree",1,322000,322999.999,4097000,4097999.999
"4882",5036,322661.186,322668.346,4097589.507,4097598.971,"Silva","NEON_D17_TEAK_DP1_322000_4097000_classified_point_cloud_colorized.laz","2018_TEAK_3_322000_4097000_image.tif","Tree",1,322000,322999.999,4097000,4097999.999
"4883",5037,322419.643,322428.991,4097579.523,4097586.976,"Silva","NEON_D17_TEAK_DP1_322000_4097000_classified_point_cloud_colorized.laz","2018_TEAK_3_322000_4097000_image.tif","Tree",1,322000,322999.999,4097000,4097999.999
"4884",5038,322306.59,322313.363,4097574.365,4097581.991,"Silva","NEON_D17_TEAK_DP1_322000_4097000_classified_point_cloud_colorized.laz","2018_TEAK_3_322000_4097000_image.tif","Tree",1,322000,322999.999,4097000,4097999.999
"4885",5039,322505.156,322516.094,4097581.026,4097591.751,"Silva","NEON_D17_TEAK_DP1_322000_4097000_classified_point_cloud_colorized.laz","2018_TEAK_3_322000_4097000_image.tif","Tree",1,322000,322999.999,4097000,4097999.999
"4886",5040,322784.086,322790.114,4097597.053,4097601.456,"Silva","NEON_D17_TEAK_DP1_322000_4097000_classified_point_cloud_colorized.laz","2018_TEAK_3_322000_4097000_image.tif","Tree",1,322000,322999.999,4097000,4097999.999
"4887",5041,322768.528,322774.356,4097595.094,4097601.42,"Silva","NEON_D17_TEAK_DP1_322000_4097000_classified_point_cloud_colorized.laz","2018_TEAK_3_322000_4097000_image.tif","Tree",1,322000,322999.999,4097000,4097999.999
"4888",5042,322665.362,322672.742,4097587.054,4097597.486,"Silva","NEON_D17_TEAK_DP1_322000_4097000_classified_point_cloud_colorized.laz","2018_TEAK_3_322000_4097000_image.tif","Tree",1,322000,322999.999,4097000,4097999.999
"4889",5043,322404.505,322410.762,4097577.24,4097583.982,"Silva","NEON_D17_TEAK_DP1_322000_4097000_classified_point_cloud_colorized.laz","2018_TEAK_3_322000_4097000_image.tif","Tree",1,322000,322999.999,4097000,4097999.999
"4890",5044,322298.619,322304.423,4097573.741,4097579.962,"Silva","NEON_D17_TEAK_DP1_322000_4097000_classified_point_cloud_colorized.laz","2018_TEAK_3_322000_4097000_image.tif","Tree",1,322000,322999.999,4097000,4097999.999
"4891",5045,322462.552,322464.354,4097581.223,4097582.252,"Silva","NEON_D17_TEAK_DP1_322000_4097000_classified_point_cloud_colorized.laz","2018_TEAK_3_322000_4097000_image.tif","Tree",1,322000,322999.999,4097000,4097999.999
"4892",5047,322776.504,322783.754,4097593.017,4097598.678,"Silva","NEON_D17_TEAK_DP1_322000_4097000_classified_point_cloud_colorized.laz","2018_TEAK_3_322000_4097000_image.tif","Tree",1,322000,322999.999,4097000,4097999.999
"4893",5048,322790.052,322794.799,4097595.752,4097600.427,"Silva","NEON_D17_TEAK_DP1_322000_4097000_classified_point_cloud_colorized.laz","2018_TEAK_3_322000_4097000_image.tif","Tree",1,322000,322999.999,4097000,4097999.999
"4894",5049,322258.5,322265.097,4097570.01,4097576.258,"Silva","NEON_D17_TEAK_DP1_322000_4097000_classified_point_cloud_colorized.laz","2018_TEAK_3_322000_4097000_image.tif","Tree",1,322000,322999.999,4097000,4097999.999
"4895",5050,322473.003,322482.748,4097579.505,4097586.405,"Silva","NEON_D17_TEAK_DP1_322000_4097000_classified_point_cloud_colorized.laz","2018_TEAK_3_322000_4097000_image.tif","Tree",1,322000,322999.999,4097000,4097999.999
"4896",5051,322806.004,322811.991,4097595.031,4097601.092,"Silva","NEON_D17_TEAK_DP1_322000_4097000_classified_point_cloud_colorized.laz","2018_TEAK_3_322000_4097000_image.tif","Tree",1,322000,322999.999,4097000,4097999.999
"4897",5052,322762.066,322765.971,4097592.529,4097597.409,"Silva","NEON_D17_TEAK_DP1_322000_4097000_classified_point_cloud_colorized.laz","2018_TEAK_3_322000_4097000_image.tif","Tree",1,322000,322999.999,4097000,4097999.999
"4898",5054,322331.099,322340.941,4097571.617,4097578.49,"Silva","NEON_D17_TEAK_DP1_322000_4097000_classified_point_cloud_colorized.laz","2018_TEAK_3_322000_4097000_image.tif","Tree",1,322000,322999.999,4097000,4097999.999
"4899",5055,322766.943,322771.319,4097591.087,4097596.89,"Silva","NEON_D17_TEAK_DP1_322000_4097000_classified_point_cloud_colorized.laz","2018_TEAK_3_322000_4097000_image.tif","Tree",1,322000,322999.999,4097000,4097999.999
"4900",5056,322802.589,322807.485,4097592.103,4097598.954,"Silva","NEON_D17_TEAK_DP1_322000_4097000_classified_point_cloud_colorized.laz","2018_TEAK_3_322000_4097000_image.tif","Tree",1,322000,322999.999,4097000,4097999.999
"4901",5057,322821.129,322824.623,4097591.265,4097596.348,"Silva","NEON_D17_TEAK_DP1_322000_4097000_classified_point_cloud_colorized.laz","2018_TEAK_3_322000_4097000_image.tif","Tree",1,322000,322999.999,4097000,4097999.999
"4902",5058,322811.233,322817.432,4097593.073,4097599.832,"Silva","NEON_D17_TEAK_DP1_322000_4097000_classified_point_cloud_colorized.laz","2018_TEAK_3_322000_4097000_image.tif","Tree",1,322000,322999.999,4097000,4097999.999
"4903",5059,322755.032,322758.957,4097591.271,4097596.384,"Silva","NEON_D17_TEAK_DP1_322000_4097000_classified_point_cloud_colorized.laz","2018_TEAK_3_322000_4097000_image.tif","Tree",1,322000,322999.999,4097000,4097999.999
"4904",5060,322287.278,322296.248,4097565.599,4097578.437,"Silva","NEON_D17_TEAK_DP1_322000_4097000_classified_point_cloud_colorized.laz","2018_TEAK_3_322000_4097000_image.tif","Tree",1,322000,322999.999,4097000,4097999.999
"4905",5061,322237.472,322244.242,4097565.527,4097573.855,"Silva","NEON_D17_TEAK_DP1_322000_4097000_classified_point_cloud_colorized.laz","2018_TEAK_3_322000_4097000_image.tif","Tree",1,322000,322999.999,4097000,4097999.999
"4906",5062,322415.098,322423.998,4097573.197,4097582.287,"Silva","NEON_D17_TEAK_DP1_322000_4097000_classified_point_cloud_colorized.laz","2018_TEAK_3_322000_4097000_image.tif","Tree",1,322000,322999.999,4097000,4097999.999
"4907",5063,322541.016,322546.986,4097579.599,4097587.272,"Silva","NEON_D17_TEAK_DP1_322000_4097000_classified_point_cloud_colorized.laz","2018_TEAK_3_322000_4097000_image.tif","Tree",1,322000,322999.999,4097000,4097999.999
"4908",5064,322226.599,322232.934,4097565.318,4097571.19,"Silva","NEON_D17_TEAK_DP1_322000_4097000_classified_point_cloud_colorized.laz","2018_TEAK_3_322000_4097000_image.tif","Tree",1,322000,322999.999,4097000,4097999.999
"4909",5065,322268.508,322275.862,4097566.198,4097576.919,"Silva","NEON_D17_TEAK_DP1_322000_4097000_classified_point_cloud_colorized.laz","2018_TEAK_3_322000_4097000_image.tif","Tree",1,322000,322999.999,4097000,4097999.999
"4910",5066,322454.632,322460.956,4097571.503,4097581.113,"Silva","NEON_D17_TEAK_DP1_322000_4097000_classified_point_cloud_colorized.laz","2018_TEAK_3_322000_4097000_image.tif","Tree",1,322000,322999.999,4097000,4097999.999
"4911",5067,322769.165,322775.675,4097587.722,4097594.375,"Silva","NEON_D17_TEAK_DP1_322000_4097000_classified_point_cloud_colorized.laz","2018_TEAK_3_322000_4097000_image.tif","Tree",1,322000,322999.999,4097000,4097999.999
"4912",5068,322806.556,322811.917,4097590.017,4097594.925,"Silva","NEON_D17_TEAK_DP1_322000_4097000_classified_point_cloud_colorized.laz","2018_TEAK_3_322000_4097000_image.tif","Tree",1,322000,322999.999,4097000,4097999.999
"4913",5069,322408.682,322416.222,4097573.014,4097578.411,"Silva","NEON_D17_TEAK_DP1_322000_4097000_classified_point_cloud_colorized.laz","2018_TEAK_3_322000_4097000_image.tif","Tree",1,322000,322999.999,4097000,4097999.999
"4914",5070,322331.552,322338.398,4097568.047,4097575.288,"Silva","NEON_D17_TEAK_DP1_322000_4097000_classified_point_cloud_colorized.laz","2018_TEAK_3_322000_4097000_image.tif","Tree",1,322000,322999.999,4097000,4097999.999
"4915",5071,322344.016,322348.301,4097567.53,4097573.922,"Silva","NEON_D17_TEAK_DP1_322000_4097000_classified_point_cloud_colorized.laz","2018_TEAK_3_322000_4097000_image.tif","Tree",1,322000,322999.999,4097000,4097999.999
"4916",5072,322691.633,322693.213,4097585.284,4097586.989,"Silva","NEON_D17_TEAK_DP1_322000_4097000_classified_point_cloud_colorized.laz","2018_TEAK_3_322000_4097000_image.tif","Tree",1,322000,322999.999,4097000,4097999.999
"4917",5073,322817.184,322822.463,4097586.103,4097588.911,"Silva","NEON_D17_TEAK_DP1_322000_4097000_classified_point_cloud_colorized.laz","2018_TEAK_3_322000_4097000_image.tif","Tree",1,322000,322999.999,4097000,4097999.999
"4918",5074,322534.05,322539.238,4097575.566,4097580.855,"Silva","NEON_D17_TEAK_DP1_322000_4097000_classified_point_cloud_colorized.laz","2018_TEAK_3_322000_4097000_image.tif","Tree",1,322000,322999.999,4097000,4097999.999
"4919",5075,322477.085,322481.976,4097577.468,4097579.903,"Silva","NEON_D17_TEAK_DP1_322000_4097000_classified_point_cloud_colorized.laz","2018_TEAK_3_322000_4097000_image.tif","Tree",1,322000,322999.999,4097000,4097999.999
"4920",5076,322384.535,322388.93,4097570.953,4097576.982,"Silva","NEON_D17_TEAK_DP1_322000_4097000_classified_point_cloud_colorized.laz","2018_TEAK_3_322000_4097000_image.tif","Tree",1,322000,322999.999,4097000,4097999.999
"4921",5077,322378.762,322383.985,4097567.616,4097571.672,"Silva","NEON_D17_TEAK_DP1_322000_4097000_classified_point_cloud_colorized.laz","2018_TEAK_3_322000_4097000_image.tif","Tree",1,322000,322999.999,4097000,4097999.999
"4922",5078,322316.338,322322.929,4097567.546,4097575.489,"Silva","NEON_D17_TEAK_DP1_322000_4097000_classified_point_cloud_colorized.laz","2018_TEAK_3_322000_4097000_image.tif","Tree",1,322000,322999.999,4097000,4097999.999
"4923",5079,322307.998,322310.922,4097568.007,4097573.83,"Silva","NEON_D17_TEAK_DP1_322000_4097000_classified_point_cloud_colorized.laz","2018_TEAK_3_322000_4097000_image.tif","Tree",1,322000,322999.999,4097000,4097999.999
"4924",5080,322649.698,322652.976,4097583.817,4097588.446,"Silva","NEON_D17_TEAK_DP1_322000_4097000_classified_point_cloud_colorized.laz","2018_TEAK_3_322000_4097000_image.tif","Tree",1,322000,322999.999,4097000,4097999.999
"4925",5081,322777.395,322785.466,4097585.617,4097592.968,"Silva","NEON_D17_TEAK_DP1_322000_4097000_classified_point_cloud_colorized.laz","2018_TEAK_3_322000_4097000_image.tif","Tree",1,322000,322999.999,4097000,4097999.999
"4926",5083,322518.001,322527.495,4097571.486,4097582.98,"Silva","NEON_D17_TEAK_DP1_322000_4097000_classified_point_cloud_colorized.laz","2018_TEAK_3_322000_4097000_image.tif","Tree",1,322000,322999.999,4097000,4097999.999
"4927",5084,322488.119,322495.345,4097573.014,4097580.929,"Silva","NEON_D17_TEAK_DP1_322000_4097000_classified_point_cloud_colorized.laz","2018_TEAK_3_322000_4097000_image.tif","Tree",1,322000,322999.999,4097000,4097999.999
"4928",5085,322260.172,322266.934,4097561.735,4097569.976,"Silva","NEON_D17_TEAK_DP1_322000_4097000_classified_point_cloud_colorized.laz","2018_TEAK_3_322000_4097000_image.tif","Tree",1,322000,322999.999,4097000,4097999.999
"4929",5086,322706.1,322707.286,4097584.729,4097585.581,"Silva","NEON_D17_TEAK_DP1_322000_4097000_classified_point_cloud_colorized.laz","2018_TEAK_3_322000_4097000_image.tif","Tree",1,322000,322999.999,4097000,4097999.999
"4930",5087,322737.044,322740.939,4097584.067,4097587.907,"Silva","NEON_D17_TEAK_DP1_322000_4097000_classified_point_cloud_colorized.laz","2018_TEAK_3_322000_4097000_image.tif","Tree",1,322000,322999.999,4097000,4097999.999
"4931",5088,322799.026,322801.67,4097587.76,4097590.778,"Silva","NEON_D17_TEAK_DP1_322000_4097000_classified_point_cloud_colorized.laz","2018_TEAK_3_322000_4097000_image.tif","Tree",1,322000,322999.999,4097000,4097999.999
"4932",5089,322421.004,322424.943,4097569.538,4097573.609,"Silva","NEON_D17_TEAK_DP1_322000_4097000_classified_point_cloud_colorized.laz","2018_TEAK_3_322000_4097000_image.tif","Tree",1,322000,322999.999,4097000,4097999.999
"4933",5090,322361.038,322370.781,4097563.056,4097575.941,"Silva","NEON_D17_TEAK_DP1_322000_4097000_classified_point_cloud_colorized.laz","2018_TEAK_3_322000_4097000_image.tif","Tree",1,322000,322999.999,4097000,4097999.999
"4934",5091,322713.034,322714.831,4097583.109,4097584.562,"Silva","NEON_D17_TEAK_DP1_322000_4097000_classified_point_cloud_colorized.laz","2018_TEAK_3_322000_4097000_image.tif","Tree",1,322000,322999.999,4097000,4097999.999
"4935",5092,322787.255,322793.808,4097583.534,4097590.489,"Silva","NEON_D17_TEAK_DP1_322000_4097000_classified_point_cloud_colorized.laz","2018_TEAK_3_322000_4097000_image.tif","Tree",1,322000,322999.999,4097000,4097999.999
"4936",5093,322668.091,322675.387,4097578.538,4097585.457,"Silva","NEON_D17_TEAK_DP1_322000_4097000_classified_point_cloud_colorized.laz","2018_TEAK_3_322000_4097000_image.tif","Tree",1,322000,322999.999,4097000,4097999.999
"4937",5094,322335.721,322345.147,4097563.019,4097572.641,"Silva","NEON_D17_TEAK_DP1_322000_4097000_classified_point_cloud_colorized.laz","2018_TEAK_3_322000_4097000_image.tif","Tree",1,322000,322999.999,4097000,4097999.999
"4938",5095,322679.5,322684.45,4097578.535,4097583.425,"Silva","NEON_D17_TEAK_DP1_322000_4097000_classified_point_cloud_colorized.laz","2018_TEAK_3_322000_4097000_image.tif","Tree",1,322000,322999.999,4097000,4097999.999
"4939",5096,322375.536,322383.881,4097564.028,4097571.858,"Silva","NEON_D17_TEAK_DP1_322000_4097000_classified_point_cloud_colorized.laz","2018_TEAK_3_322000_4097000_image.tif","Tree",1,322000,322999.999,4097000,4097999.999
"4940",5097,322279.254,322284.995,4097560.245,4097565.946,"Silva","NEON_D17_TEAK_DP1_322000_4097000_classified_point_cloud_colorized.laz","2018_TEAK_3_322000_4097000_image.tif","Tree",1,322000,322999.999,4097000,4097999.999
"4941",5098,322223.679,322226.363,4097559.164,4097563.483,"Silva","NEON_D17_TEAK_DP1_322000_4097000_classified_point_cloud_colorized.laz","2018_TEAK_3_322000_4097000_image.tif","Tree",1,322000,322999.999,4097000,4097999.999
"4942",5099,322226.519,322231.495,4097559.013,4097562.822,"Silva","NEON_D17_TEAK_DP1_322000_4097000_classified_point_cloud_colorized.laz","2018_TEAK_3_322000_4097000_image.tif","Tree",1,322000,322999.999,4097000,4097999.999
"4943",5100,322250.725,322253.335,4097560.514,4097563.497,"Silva","NEON_D17_TEAK_DP1_322000_4097000_classified_point_cloud_colorized.laz","2018_TEAK_3_322000_4097000_image.tif","Tree",1,322000,322999.999,4097000,4097999.999
"4944",5101,322329.514,322335.378,4097563.531,4097566.901,"Silva","NEON_D17_TEAK_DP1_322000_4097000_classified_point_cloud_colorized.laz","2018_TEAK_3_322000_4097000_image.tif","Tree",1,322000,322999.999,4097000,4097999.999
"4945",5102,322780.468,322787.173,4097581.028,4097588.491,"Silva","NEON_D17_TEAK_DP1_322000_4097000_classified_point_cloud_colorized.laz","2018_TEAK_3_322000_4097000_image.tif","Tree",1,322000,322999.999,4097000,4097999.999
"4946",5103,322674.526,322680.433,4097576.519,4097582.479,"Silva","NEON_D17_TEAK_DP1_322000_4097000_classified_point_cloud_colorized.laz","2018_TEAK_3_322000_4097000_image.tif","Tree",1,322000,322999.999,4097000,4097999.999
"4947",5104,322371.027,322376.414,4097563.105,4097569.945,"Silva","NEON_D17_TEAK_DP1_322000_4097000_classified_point_cloud_colorized.laz","2018_TEAK_3_322000_4097000_image.tif","Tree",1,322000,322999.999,4097000,4097999.999
"4948",5105,322269.84,322275.019,4097560.034,4097564.956,"Silva","NEON_D17_TEAK_DP1_322000_4097000_classified_point_cloud_colorized.laz","2018_TEAK_3_322000_4097000_image.tif","Tree",1,322000,322999.999,4097000,4097999.999
"4949",5106,322800.029,322806.105,4097580.56,4097585.491,"Silva","NEON_D17_TEAK_DP1_322000_4097000_classified_point_cloud_colorized.laz","2018_TEAK_3_322000_4097000_image.tif","Tree",1,322000,322999.999,4097000,4097999.999
"4950",5107,322793.26,322799.803,4097579.515,4097586.991,"Silva","NEON_D17_TEAK_DP1_322000_4097000_classified_point_cloud_colorized.laz","2018_TEAK_3_322000_4097000_image.tif","Tree",1,322000,322999.999,4097000,4097999.999
"4951",5108,322764.531,322771.307,4097581.503,4097586.643,"Silva","NEON_D17_TEAK_DP1_322000_4097000_classified_point_cloud_colorized.laz","2018_TEAK_3_322000_4097000_image.tif","Tree",1,322000,322999.999,4097000,4097999.999
"4952",5109,322666.563,322673.341,4097574.591,4097580.984,"Silva","NEON_D17_TEAK_DP1_322000_4097000_classified_point_cloud_colorized.laz","2018_TEAK_3_322000_4097000_image.tif","Tree",1,322000,322999.999,4097000,4097999.999
"4953",5110,322594.035,322601.427,4097573.071,4097578.082,"Silva","NEON_D17_TEAK_DP1_322000_4097000_classified_point_cloud_colorized.laz","2018_TEAK_3_322000_4097000_image.tif","Tree",1,322000,322999.999,4097000,4097999.999
"4954",5111,322300.875,322306.337,4097558.56,4097564.73,"Silva","NEON_D17_TEAK_DP1_322000_4097000_classified_point_cloud_colorized.laz","2018_TEAK_3_322000_4097000_image.tif","Tree",1,322000,322999.999,4097000,4097999.999
"4955",5112,322658.673,322663.42,4097579.819,4097581.974,"Silva","NEON_D17_TEAK_DP1_322000_4097000_classified_point_cloud_colorized.laz","2018_TEAK_3_322000_4097000_image.tif","Tree",1,322000,322999.999,4097000,4097999.999
"4956",5113,322277.009,322283.886,4097557.007,4097562.206,"Silva","NEON_D17_TEAK_DP1_322000_4097000_classified_point_cloud_colorized.laz","2018_TEAK_3_322000_4097000_image.tif","Tree",1,322000,322999.999,4097000,4097999.999
"4957",5114,322311.538,322319.45,4097556.044,4097565.964,"Silva","NEON_D17_TEAK_DP1_322000_4097000_classified_point_cloud_colorized.laz","2018_TEAK_3_322000_4097000_image.tif","Tree",1,322000,322999.999,4097000,4097999.999
"4958",5115,322805.067,322809.947,4097579.337,4097585.739,"Silva","NEON_D17_TEAK_DP1_322000_4097000_classified_point_cloud_colorized.laz","2018_TEAK_3_322000_4097000_image.tif","Tree",1,322000,322999.999,4097000,4097999.999
"4959",5116,322826.561,322833.952,4097578.868,4097586.492,"Silva","NEON_D17_TEAK_DP1_322000_4097000_classified_point_cloud_colorized.laz","2018_TEAK_3_322000_4097000_image.tif","Tree",1,322000,322999.999,4097000,4097999.999
"4960",5117,322770.049,322772.312,4097579.535,4097582.401,"Silva","NEON_D17_TEAK_DP1_322000_4097000_classified_point_cloud_colorized.laz","2018_TEAK_3_322000_4097000_image.tif","Tree",1,322000,322999.999,4097000,4097999.999
"4961",5118,322455.5,322463.805,4097562.529,4097571.991,"Silva","NEON_D17_TEAK_DP1_322000_4097000_classified_point_cloud_colorized.laz","2018_TEAK_3_322000_4097000_image.tif","Tree",1,322000,322999.999,4097000,4097999.999
"4962",5119,322335.013,322340.871,4097557.56,4097564.32,"Silva","NEON_D17_TEAK_DP1_322000_4097000_classified_point_cloud_colorized.laz","2018_TEAK_3_322000_4097000_image.tif","Tree",1,322000,322999.999,4097000,4097999.999
"4963",5120,322285.778,322291.99,4097554.719,4097560.264,"Silva","NEON_D17_TEAK_DP1_322000_4097000_classified_point_cloud_colorized.laz","2018_TEAK_3_322000_4097000_image.tif","Tree",1,322000,322999.999,4097000,4097999.999
"4964",5121,322296.833,322301.227,4097556.545,4097561.841,"Silva","NEON_D17_TEAK_DP1_322000_4097000_classified_point_cloud_colorized.laz","2018_TEAK_3_322000_4097000_image.tif","Tree",1,322000,322999.999,4097000,4097999.999
"4965",5122,322397.651,322403.298,4097557.266,4097566.358,"Silva","NEON_D17_TEAK_DP1_322000_4097000_classified_point_cloud_colorized.laz","2018_TEAK_3_322000_4097000_image.tif","Tree",1,322000,322999.999,4097000,4097999.999
"4966",5123,322725.556,322726.465,4097577.128,4097578.48,"Silva","NEON_D17_TEAK_DP1_322000_4097000_classified_point_cloud_colorized.laz","2018_TEAK_3_322000_4097000_image.tif","Tree",1,322000,322999.999,4097000,4097999.999
"4967",5124,322815.484,322827.284,4097574.729,4097587.944,"Silva","NEON_D17_TEAK_DP1_322000_4097000_classified_point_cloud_colorized.laz","2018_TEAK_3_322000_4097000_image.tif","Tree",1,322000,322999.999,4097000,4097999.999
"4968",5125,322788.632,322796.148,4097576.374,4097582.921,"Silva","NEON_D17_TEAK_DP1_322000_4097000_classified_point_cloud_colorized.laz","2018_TEAK_3_322000_4097000_image.tif","Tree",1,322000,322999.999,4097000,4097999.999
"4969",5126,322375.917,322381.993,4097557.074,4097563.972,"Silva","NEON_D17_TEAK_DP1_322000_4097000_classified_point_cloud_colorized.laz","2018_TEAK_3_322000_4097000_image.tif","Tree",1,322000,322999.999,4097000,4097999.999
"4970",5127,322413.253,322418.435,4097561.123,4097565.995,"Silva","NEON_D17_TEAK_DP1_322000_4097000_classified_point_cloud_colorized.laz","2018_TEAK_3_322000_4097000_image.tif","Tree",1,322000,322999.999,4097000,4097999.999
"4971",5128,322673.635,322678.959,4097571.082,4097576.827,"Silva","NEON_D17_TEAK_DP1_322000_4097000_classified_point_cloud_colorized.laz","2018_TEAK_3_322000_4097000_image.tif","Tree",1,322000,322999.999,4097000,4097999.999
"4972",5129,322316.588,322320.279,4097554.385,4097562.704,"Silva","NEON_D17_TEAK_DP1_322000_4097000_classified_point_cloud_colorized.laz","2018_TEAK_3_322000_4097000_image.tif","Tree",1,322000,322999.999,4097000,4097999.999
"4973",5130,322209.664,322217.498,4097547.505,4097557.422,"Silva","NEON_D17_TEAK_DP1_322000_4097000_classified_point_cloud_colorized.laz","2018_TEAK_3_322000_4097000_image.tif","Tree",1,322000,322999.999,4097000,4097999.999
"4974",5131,322247.01,322254.418,4097551.751,4097556.925,"Silva","NEON_D17_TEAK_DP1_322000_4097000_classified_point_cloud_colorized.laz","2018_TEAK_3_322000_4097000_image.tif","Tree",1,322000,322999.999,4097000,4097999.999
"4975",5132,322422.644,322427.473,4097557.048,4097562.459,"Silva","NEON_D17_TEAK_DP1_322000_4097000_classified_point_cloud_colorized.laz","2018_TEAK_3_322000_4097000_image.tif","Tree",1,322000,322999.999,4097000,4097999.999
"4976",5133,322301.219,322304.895,4097554.019,4097558.251,"Silva","NEON_D17_TEAK_DP1_322000_4097000_classified_point_cloud_colorized.laz","2018_TEAK_3_322000_4097000_image.tif","Tree",1,322000,322999.999,4097000,4097999.999
"4977",5134,322277.801,322282.418,4097552.913,4097556.95,"Silva","NEON_D17_TEAK_DP1_322000_4097000_classified_point_cloud_colorized.laz","2018_TEAK_3_322000_4097000_image.tif","Tree",1,322000,322999.999,4097000,4097999.999
"4978",5136,322739.095,322744.364,4097571.539,4097576.452,"Silva","NEON_D17_TEAK_DP1_322000_4097000_classified_point_cloud_colorized.laz","2018_TEAK_3_322000_4097000_image.tif","Tree",1,322000,322999.999,4097000,4097999.999
"4979",5137,322681.046,322685.943,4097568.526,4097574.412,"Silva","NEON_D17_TEAK_DP1_322000_4097000_classified_point_cloud_colorized.laz","2018_TEAK_3_322000_4097000_image.tif","Tree",1,322000,322999.999,4097000,4097999.999
"4980",5138,322237.02,322243.207,4097542.968,4097557.866,"Silva","NEON_D17_TEAK_DP1_322000_4097000_classified_point_cloud_colorized.laz","2018_TEAK_3_322000_4097000_image.tif","Tree",1,322000,322999.999,4097000,4097999.999
"4981",5139,322412.992,322416.902,4097555.104,4097558.974,"Silva","NEON_D17_TEAK_DP1_322000_4097000_classified_point_cloud_colorized.laz","2018_TEAK_3_322000_4097000_image.tif","Tree",1,322000,322999.999,4097000,4097999.999
"4982",5140,322323.093,322327.369,4097551.609,4097556.487,"Silva","NEON_D17_TEAK_DP1_322000_4097000_classified_point_cloud_colorized.laz","2018_TEAK_3_322000_4097000_image.tif","Tree",1,322000,322999.999,4097000,4097999.999
"4983",5141,322290.274,322297.89,4097548.006,4097553.896,"Silva","NEON_D17_TEAK_DP1_322000_4097000_classified_point_cloud_colorized.laz","2018_TEAK_3_322000_4097000_image.tif","Tree",1,322000,322999.999,4097000,4097999.999
"4984",5142,322456.452,322463.945,4097556.059,4097562.925,"Silva","NEON_D17_TEAK_DP1_322000_4097000_classified_point_cloud_colorized.laz","2018_TEAK_3_322000_4097000_image.tif","Tree",1,322000,322999.999,4097000,4097999.999
"4985",5143,322747.42,322754.812,4097568.111,4097576.998,"Silva","NEON_D17_TEAK_DP1_322000_4097000_classified_point_cloud_colorized.laz","2018_TEAK_3_322000_4097000_image.tif","Tree",1,322000,322999.999,4097000,4097999.999
"4986",5144,322787.003,322794.472,4097571.283,4097575.856,"Silva","NEON_D17_TEAK_DP1_322000_4097000_classified_point_cloud_colorized.laz","2018_TEAK_3_322000_4097000_image.tif","Tree",1,322000,322999.999,4097000,4097999.999
"4987",5145,322775.035,322781.484,4097570.593,4097576.946,"Silva","NEON_D17_TEAK_DP1_322000_4097000_classified_point_cloud_colorized.laz","2018_TEAK_3_322000_4097000_image.tif","Tree",1,322000,322999.999,4097000,4097999.999
"4988",5146,322497.02,322503.978,4097557.586,4097565.098,"Silva","NEON_D17_TEAK_DP1_322000_4097000_classified_point_cloud_colorized.laz","2018_TEAK_3_322000_4097000_image.tif","Tree",1,322000,322999.999,4097000,4097999.999
"4989",5147,322304.109,322307.462,4097549.681,4097554.785,"Silva","NEON_D17_TEAK_DP1_322000_4097000_classified_point_cloud_colorized.laz","2018_TEAK_3_322000_4097000_image.tif","Tree",1,322000,322999.999,4097000,4097999.999
"4990",5148,322307.541,322314.579,4097548.077,4097555.012,"Silva","NEON_D17_TEAK_DP1_322000_4097000_classified_point_cloud_colorized.laz","2018_TEAK_3_322000_4097000_image.tif","Tree",1,322000,322999.999,4097000,4097999.999
"4991",5149,322738.024,322742.29,4097568.945,4097573.431,"Silva","NEON_D17_TEAK_DP1_322000_4097000_classified_point_cloud_colorized.laz","2018_TEAK_3_322000_4097000_image.tif","Tree",1,322000,322999.999,4097000,4097999.999
"4992",5150,322610.612,322617.391,4097561.635,4097567.413,"Silva","NEON_D17_TEAK_DP1_322000_4097000_classified_point_cloud_colorized.laz","2018_TEAK_3_322000_4097000_image.tif","Tree",1,322000,322999.999,4097000,4097999.999
"4993",5151,322570.04,322573.473,4097561.741,4097563.996,"Silva","NEON_D17_TEAK_DP1_322000_4097000_classified_point_cloud_colorized.laz","2018_TEAK_3_322000_4097000_image.tif","Tree",1,322000,322999.999,4097000,4097999.999
"4994",5152,322320.085,322325.488,4097547.075,4097553.969,"Silva","NEON_D17_TEAK_DP1_322000_4097000_classified_point_cloud_colorized.laz","2018_TEAK_3_322000_4097000_image.tif","Tree",1,322000,322999.999,4097000,4097999.999
"4995",5153,322273.802,322278.247,4097547.058,4097552.486,"Silva","NEON_D17_TEAK_DP1_322000_4097000_classified_point_cloud_colorized.laz","2018_TEAK_3_322000_4097000_image.tif","Tree",1,322000,322999.999,4097000,4097999.999
"4996",5154,322732.232,322739.377,4097565.928,4097572.953,"Silva","NEON_D17_TEAK_DP1_322000_4097000_classified_point_cloud_colorized.laz","2018_TEAK_3_322000_4097000_image.tif","Tree",1,322000,322999.999,4097000,4097999.999
"4997",5155,322726.043,322728.913,4097565.791,4097570.194,"Silva","NEON_D17_TEAK_DP1_322000_4097000_classified_point_cloud_colorized.laz","2018_TEAK_3_322000_4097000_image.tif","Tree",1,322000,322999.999,4097000,4097999.999
"4998",5156,322537.011,322545.693,4097561.95,4097565.815,"Silva","NEON_D17_TEAK_DP1_322000_4097000_classified_point_cloud_colorized.laz","2018_TEAK_3_322000_4097000_image.tif","Tree",1,322000,322999.999,4097000,4097999.999
"4999",5157,322280.529,322285.45,4097545.046,4097551.109,"Silva","NEON_D17_TEAK_DP1_322000_4097000_classified_point_cloud_colorized.laz","2018_TEAK_3_322000_4097000_image.tif","Tree",1,322000,322999.999,4097000,4097999.999
"5000",5158,322285.534,322293.466,4097544.567,4097549.814,"Silva","NEON_D17_TEAK_DP1_322000_4097000_classified_point_cloud_colorized.laz","2018_TEAK_3_322000_4097000_image.tif","Tree",1,322000,322999.999,4097000,4097999.999
"5001",5159,322347.542,322353.747,4097547.626,4097555.388,"Silva","NEON_D17_TEAK_DP1_322000_4097000_classified_point_cloud_colorized.laz","2018_TEAK_3_322000_4097000_image.tif","Tree",1,322000,322999.999,4097000,4097999.999
"5002",5160,322431.138,322438.314,4097552.138,4097557.9,"Silva","NEON_D17_TEAK_DP1_322000_4097000_classified_point_cloud_colorized.laz","2018_TEAK_3_322000_4097000_image.tif","Tree",1,322000,322999.999,4097000,4097999.999
"5003",5161,322711.058,322712.198,4097565.639,4097567.995,"Silva","NEON_D17_TEAK_DP1_322000_4097000_classified_point_cloud_colorized.laz","2018_TEAK_3_322000_4097000_image.tif","Tree",1,322000,322999.999,4097000,4097999.999
"5004",5162,322721.608,322725.808,4097564.654,4097568.904,"Silva","NEON_D17_TEAK_DP1_322000_4097000_classified_point_cloud_colorized.laz","2018_TEAK_3_322000_4097000_image.tif","Tree",1,322000,322999.999,4097000,4097999.999
"5005",5163,322739.587,322746.26,4097566.244,4097569.422,"Silva","NEON_D17_TEAK_DP1_322000_4097000_classified_point_cloud_colorized.laz","2018_TEAK_3_322000_4097000_image.tif","Tree",1,322000,322999.999,4097000,4097999.999
"5006",5164,322776.947,322784.48,4097564.917,4097571.866,"Silva","NEON_D17_TEAK_DP1_322000_4097000_classified_point_cloud_colorized.laz","2018_TEAK_3_322000_4097000_image.tif","Tree",1,322000,322999.999,4097000,4097999.999
"5007",5165,322821.169,322827.828,4097574.124,4097577.967,"Silva","NEON_D17_TEAK_DP1_322000_4097000_classified_point_cloud_colorized.laz","2018_TEAK_3_322000_4097000_image.tif","Tree",1,322000,322999.999,4097000,4097999.999
"5008",5166,322796.368,322804.488,4097566.606,4097575.556,"Silva","NEON_D17_TEAK_DP1_322000_4097000_classified_point_cloud_colorized.laz","2018_TEAK_3_322000_4097000_image.tif","Tree",1,322000,322999.999,4097000,4097999.999
"5009",5167,322340.064,322345.314,4097546.552,4097551.919,"Silva","NEON_D17_TEAK_DP1_322000_4097000_classified_point_cloud_colorized.laz","2018_TEAK_3_322000_4097000_image.tif","Tree",1,322000,322999.999,4097000,4097999.999
"5010",5168,322396.11,322406.887,4097546.589,4097557.453,"Silva","NEON_D17_TEAK_DP1_322000_4097000_classified_point_cloud_colorized.laz","2018_TEAK_3_322000_4097000_image.tif","Tree",1,322000,322999.999,4097000,4097999.999
"5011",5169,322412.247,322417.457,4097549.06,4097555.9,"Silva","NEON_D17_TEAK_DP1_322000_4097000_classified_point_cloud_colorized.laz","2018_TEAK_3_322000_4097000_image.tif","Tree",1,322000,322999.999,4097000,4097999.999
"5012",5170,322417.519,322422.927,4097549.557,4097556.93,"Silva","NEON_D17_TEAK_DP1_322000_4097000_classified_point_cloud_colorized.laz","2018_TEAK_3_322000_4097000_image.tif","Tree",1,322000,322999.999,4097000,4097999.999
"5013",5171,322761.513,322769.914,4097561.516,4097572.417,"Silva","NEON_D17_TEAK_DP1_322000_4097000_classified_point_cloud_colorized.laz","2018_TEAK_3_322000_4097000_image.tif","Tree",1,322000,322999.999,4097000,4097999.999
"5014",5172,322705.754,322706.999,4097564.027,4097566.648,"Silva","NEON_D17_TEAK_DP1_322000_4097000_classified_point_cloud_colorized.laz","2018_TEAK_3_322000_4097000_image.tif","Tree",1,322000,322999.999,4097000,4097999.999
"5015",5173,322653.128,322654.392,4097566.12,4097566.496,"Silva","NEON_D17_TEAK_DP1_322000_4097000_classified_point_cloud_colorized.laz","2018_TEAK_3_322000_4097000_image.tif","Tree",1,322000,322999.999,4097000,4097999.999
"5016",5174,322227.515,322235.414,4097539.532,4097548.221,"Silva","NEON_D17_TEAK_DP1_322000_4097000_classified_point_cloud_colorized.laz","2018_TEAK_3_322000_4097000_image.tif","Tree",1,322000,322999.999,4097000,4097999.999
"5017",5175,322197.038,322205.942,4097536.146,4097547.922,"Silva","NEON_D17_TEAK_DP1_322000_4097000_classified_point_cloud_colorized.laz","2018_TEAK_3_322000_4097000_image.tif","Tree",1,322000,322999.999,4097000,4097999.999
"5018",5176,322253.384,322261.813,4097539.024,4097550.985,"Silva","NEON_D17_TEAK_DP1_322000_4097000_classified_point_cloud_colorized.laz","2018_TEAK_3_322000_4097000_image.tif","Tree",1,322000,322999.999,4097000,4097999.999
"5019",5177,322309.556,322315.947,4097545.023,4097551.354,"Silva","NEON_D17_TEAK_DP1_322000_4097000_classified_point_cloud_colorized.laz","2018_TEAK_3_322000_4097000_image.tif","Tree",1,322000,322999.999,4097000,4097999.999
"5020",5178,322450.29,322457.473,4097549.735,4097556.449,"Silva","NEON_D17_TEAK_DP1_322000_4097000_classified_point_cloud_colorized.laz","2018_TEAK_3_322000_4097000_image.tif","Tree",1,322000,322999.999,4097000,4097999.999
"5021",5179,322270.595,322275.361,4097542.021,4097545.893,"Silva","NEON_D17_TEAK_DP1_322000_4097000_classified_point_cloud_colorized.laz","2018_TEAK_3_322000_4097000_image.tif","Tree",1,322000,322999.999,4097000,4097999.999
"5022",5180,322608.554,322615.079,4097555.189,4097561.497,"Silva","NEON_D17_TEAK_DP1_322000_4097000_classified_point_cloud_colorized.laz","2018_TEAK_3_322000_4097000_image.tif","Tree",1,322000,322999.999,4097000,4097999.999
"5023",5181,322771.343,322780.471,4097561.028,4097568.372,"Silva","NEON_D17_TEAK_DP1_322000_4097000_classified_point_cloud_colorized.laz","2018_TEAK_3_322000_4097000_image.tif","Tree",1,322000,322999.999,4097000,4097999.999
"5024",5182,322728.013,322730.421,4097562.219,4097566.296,"Silva","NEON_D17_TEAK_DP1_322000_4097000_classified_point_cloud_colorized.laz","2018_TEAK_3_322000_4097000_image.tif","Tree",1,322000,322999.999,4097000,4097999.999
"5025",5183,322293.021,322299.875,4097539.894,4097548.141,"Silva","NEON_D17_TEAK_DP1_322000_4097000_classified_point_cloud_colorized.laz","2018_TEAK_3_322000_4097000_image.tif","Tree",1,322000,322999.999,4097000,4097999.999
"5026",5184,322572.022,322578.989,4097551.6,4097558.405,"Silva","NEON_D17_TEAK_DP1_322000_4097000_classified_point_cloud_colorized.laz","2018_TEAK_3_322000_4097000_image.tif","Tree",1,322000,322999.999,4097000,4097999.999
"5027",5185,322286.869,322293.986,4097539.328,4097546.487,"Silva","NEON_D17_TEAK_DP1_322000_4097000_classified_point_cloud_colorized.laz","2018_TEAK_3_322000_4097000_image.tif","Tree",1,322000,322999.999,4097000,4097999.999
"5028",5186,322421.509,322422.462,4097546.427,4097550.995,"Silva","NEON_D17_TEAK_DP1_322000_4097000_classified_point_cloud_colorized.laz","2018_TEAK_3_322000_4097000_image.tif","Tree",1,322000,322999.999,4097000,4097999.999
"5029",5187,322660.674,322670.993,4097555.009,4097561.998,"Silva","NEON_D17_TEAK_DP1_322000_4097000_classified_point_cloud_colorized.laz","2018_TEAK_3_322000_4097000_image.tif","Tree",1,322000,322999.999,4097000,4097999.999
"5030",5188,322687.633,322692.462,4097558.317,4097562.327,"Silva","NEON_D17_TEAK_DP1_322000_4097000_classified_point_cloud_colorized.laz","2018_TEAK_3_322000_4097000_image.tif","Tree",1,322000,322999.999,4097000,4097999.999
"5031",5189,322805.446,322812.922,4097559.191,4097569.455,"Silva","NEON_D17_TEAK_DP1_322000_4097000_classified_point_cloud_colorized.laz","2018_TEAK_3_322000_4097000_image.tif","Tree",1,322000,322999.999,4097000,4097999.999
"5032",5190,322445.158,322451.482,4097545.508,4097552.458,"Silva","NEON_D17_TEAK_DP1_322000_4097000_classified_point_cloud_colorized.laz","2018_TEAK_3_322000_4097000_image.tif","Tree",1,322000,322999.999,4097000,4097999.999
"5033",5191,322325.809,322330.429,4097540.092,4097546.075,"Silva","NEON_D17_TEAK_DP1_322000_4097000_classified_point_cloud_colorized.laz","2018_TEAK_3_322000_4097000_image.tif","Tree",1,322000,322999.999,4097000,4097999.999
"5034",5192,322725.605,322729.92,4097558.647,4097562.162,"Silva","NEON_D17_TEAK_DP1_322000_4097000_classified_point_cloud_colorized.laz","2018_TEAK_3_322000_4097000_image.tif","Tree",1,322000,322999.999,4097000,4097999.999
"5035",5193,322740.646,322745.994,4097558.783,4097563.913,"Silva","NEON_D17_TEAK_DP1_322000_4097000_classified_point_cloud_colorized.laz","2018_TEAK_3_322000_4097000_image.tif","Tree",1,322000,322999.999,4097000,4097999.999
"5036",5194,322818.293,322826.97,4097560.54,4097568.97,"Silva","NEON_D17_TEAK_DP1_322000_4097000_classified_point_cloud_colorized.laz","2018_TEAK_3_322000_4097000_image.tif","Tree",1,322000,322999.999,4097000,4097999.999
"5037",5195,322527.548,322535.054,4097547.541,4097555.493,"Silva","NEON_D17_TEAK_DP1_322000_4097000_classified_point_cloud_colorized.laz","2018_TEAK_3_322000_4097000_image.tif","Tree",1,322000,322999.999,4097000,4097999.999
"5038",5196,322340.726,322347.861,4097539.545,4097545.924,"Silva","NEON_D17_TEAK_DP1_322000_4097000_classified_point_cloud_colorized.laz","2018_TEAK_3_322000_4097000_image.tif","Tree",1,322000,322999.999,4097000,4097999.999
"5039",5197,322270.608,322275.992,4097537.873,4097542.463,"Silva","NEON_D17_TEAK_DP1_322000_4097000_classified_point_cloud_colorized.laz","2018_TEAK_3_322000_4097000_image.tif","Tree",1,322000,322999.999,4097000,4097999.999
"5040",5198,322544.52,322552.65,4097548.01,4097554.524,"Silva","NEON_D17_TEAK_DP1_322000_4097000_classified_point_cloud_colorized.laz","2018_TEAK_3_322000_4097000_image.tif","Tree",1,322000,322999.999,4097000,4097999.999
"5041",5199,322748.013,322757.454,4097555.11,4097563.85,"Silva","NEON_D17_TEAK_DP1_322000_4097000_classified_point_cloud_colorized.laz","2018_TEAK_3_322000_4097000_image.tif","Tree",1,322000,322999.999,4097000,4097999.999
"5042",5200,322712.233,322713.733,4097557.516,4097558.688,"Silva","NEON_D17_TEAK_DP1_322000_4097000_classified_point_cloud_colorized.laz","2018_TEAK_3_322000_4097000_image.tif","Tree",1,322000,322999.999,4097000,4097999.999
"5043",5201,322631.521,322632.89,4097554.925,4097556.426,"Silva","NEON_D17_TEAK_DP1_322000_4097000_classified_point_cloud_colorized.laz","2018_TEAK_3_322000_4097000_image.tif","Tree",1,322000,322999.999,4097000,4097999.999
"5044",5202,322454.028,322458.322,4097545.414,4097549.724,"Silva","NEON_D17_TEAK_DP1_322000_4097000_classified_point_cloud_colorized.laz","2018_TEAK_3_322000_4097000_image.tif","Tree",1,322000,322999.999,4097000,4097999.999
"5045",5203,322702.061,322703.944,4097557.113,4097558.24,"Silva","NEON_D17_TEAK_DP1_322000_4097000_classified_point_cloud_colorized.laz","2018_TEAK_3_322000_4097000_image.tif","Tree",1,322000,322999.999,4097000,4097999.999
"5046",5204,322736.744,322747.487,4097555.194,4097560.96,"Silva","NEON_D17_TEAK_DP1_322000_4097000_classified_point_cloud_colorized.laz","2018_TEAK_3_322000_4097000_image.tif","Tree",1,322000,322999.999,4097000,4097999.999
"5047",5205,322266.202,322271.398,4097534.503,4097541.617,"Silva","NEON_D17_TEAK_DP1_322000_4097000_classified_point_cloud_colorized.laz","2018_TEAK_3_322000_4097000_image.tif","Tree",1,322000,322999.999,4097000,4097999.999
"5048",5206,322298.586,322304.93,4097535.051,4097540.354,"Silva","NEON_D17_TEAK_DP1_322000_4097000_classified_point_cloud_colorized.laz","2018_TEAK_3_322000_4097000_image.tif","Tree",1,322000,322999.999,4097000,4097999.999
"5049",5207,322356.027,322363.984,4097536.051,4097545.916,"Silva","NEON_D17_TEAK_DP1_322000_4097000_classified_point_cloud_colorized.laz","2018_TEAK_3_322000_4097000_image.tif","Tree",1,322000,322999.999,4097000,4097999.999
"5050",5208,322647.916,322654.62,4097549.832,4097557.472,"Silva","NEON_D17_TEAK_DP1_322000_4097000_classified_point_cloud_colorized.laz","2018_TEAK_3_322000_4097000_image.tif","Tree",1,322000,322999.999,4097000,4097999.999
"5051",5209,322793.861,322800.452,4097557.078,4097563.48,"Silva","NEON_D17_TEAK_DP1_322000_4097000_classified_point_cloud_colorized.laz","2018_TEAK_3_322000_4097000_image.tif","Tree",1,322000,322999.999,4097000,4097999.999
"5052",5210,322538.161,322545.254,4097544.392,4097552.253,"Silva","NEON_D17_TEAK_DP1_322000_4097000_classified_point_cloud_colorized.laz","2018_TEAK_3_322000_4097000_image.tif","Tree",1,322000,322999.999,4097000,4097999.999
"5053",5211,322438.04,322441.312,4097542.78,4097545.465,"Silva","NEON_D17_TEAK_DP1_322000_4097000_classified_point_cloud_colorized.laz","2018_TEAK_3_322000_4097000_image.tif","Tree",1,322000,322999.999,4097000,4097999.999
"5054",5212,322199.001,322211.422,4097529.512,4097538.587,"Silva","NEON_D17_TEAK_DP1_322000_4097000_classified_point_cloud_colorized.laz","2018_TEAK_3_322000_4097000_image.tif","Tree",1,322000,322999.999,4097000,4097999.999
"5055",5213,322592.029,322592.408,4097547.536,4097547.756,"Silva","NEON_D17_TEAK_DP1_322000_4097000_classified_point_cloud_colorized.laz","2018_TEAK_3_322000_4097000_image.tif","Tree",1,322000,322999.999,4097000,4097999.999
"5056",5214,322346.014,322351.458,4097533.858,4097540.874,"Silva","NEON_D17_TEAK_DP1_322000_4097000_classified_point_cloud_colorized.laz","2018_TEAK_3_322000_4097000_image.tif","Tree",1,322000,322999.999,4097000,4097999.999
"5057",5215,322339.559,322344.411,4097535.026,4097539.63,"Silva","NEON_D17_TEAK_DP1_322000_4097000_classified_point_cloud_colorized.laz","2018_TEAK_3_322000_4097000_image.tif","Tree",1,322000,322999.999,4097000,4097999.999
"5058",5216,322330.626,322334.95,4097535.35,4097539.435,"Silva","NEON_D17_TEAK_DP1_322000_4097000_classified_point_cloud_colorized.laz","2018_TEAK_3_322000_4097000_image.tif","Tree",1,322000,322999.999,4097000,4097999.999
"5059",5217,322769.992,322776.451,4097552.216,4097557.95,"Silva","NEON_D17_TEAK_DP1_322000_4097000_classified_point_cloud_colorized.laz","2018_TEAK_3_322000_4097000_image.tif","Tree",1,322000,322999.999,4097000,4097999.999
"5060",5218,322256.019,322263.976,4097527.613,4097533.823,"Silva","NEON_D17_TEAK_DP1_322000_4097000_classified_point_cloud_colorized.laz","2018_TEAK_3_322000_4097000_image.tif","Tree",1,322000,322999.999,4097000,4097999.999
"5061",5219,322811.001,322815.413,4097550.534,4097559.971,"Silva","NEON_D17_TEAK_DP1_322000_4097000_classified_point_cloud_colorized.laz","2018_TEAK_3_322000_4097000_image.tif","Tree",1,322000,322999.999,4097000,4097999.999
"5062",5220,322805.01,322810.976,4097550.309,4097559.186,"Silva","NEON_D17_TEAK_DP1_322000_4097000_classified_point_cloud_colorized.laz","2018_TEAK_3_322000_4097000_image.tif","Tree",1,322000,322999.999,4097000,4097999.999
"5063",5221,322329.579,322333.284,4097532.57,4097535.903,"Silva","NEON_D17_TEAK_DP1_322000_4097000_classified_point_cloud_colorized.laz","2018_TEAK_3_322000_4097000_image.tif","Tree",1,322000,322999.999,4097000,4097999.999
"5064",5222,322322.571,322324.853,4097532.625,4097535.316,"Silva","NEON_D17_TEAK_DP1_322000_4097000_classified_point_cloud_colorized.laz","2018_TEAK_3_322000_4097000_image.tif","Tree",1,322000,322999.999,4097000,4097999.999
"5065",5223,322273.531,322279.486,4097529.069,4097534.354,"Silva","NEON_D17_TEAK_DP1_322000_4097000_classified_point_cloud_colorized.laz","2018_TEAK_3_322000_4097000_image.tif","Tree",1,322000,322999.999,4097000,4097999.999
"5066",5224,322245.502,322256.84,4097524.879,4097536.422,"Silva","NEON_D17_TEAK_DP1_322000_4097000_classified_point_cloud_colorized.laz","2018_TEAK_3_322000_4097000_image.tif","Tree",1,322000,322999.999,4097000,4097999.999
"5067",5225,322765.133,322773.895,4097548.607,4097554.83,"Silva","NEON_D17_TEAK_DP1_322000_4097000_classified_point_cloud_colorized.laz","2018_TEAK_3_322000_4097000_image.tif","Tree",1,322000,322999.999,4097000,4097999.999
"5068",5226,322796.509,322805.948,4097545.586,4097554.95,"Silva","NEON_D17_TEAK_DP1_322000_4097000_classified_point_cloud_colorized.laz","2018_TEAK_3_322000_4097000_image.tif","Tree",1,322000,322999.999,4097000,4097999.999
"5069",5227,322743.567,322752.915,4097544.779,4097555.481,"Silva","NEON_D17_TEAK_DP1_322000_4097000_classified_point_cloud_colorized.laz","2018_TEAK_3_322000_4097000_image.tif","Tree",1,322000,322999.999,4097000,4097999.999
"5070",5228,322288.457,322295.552,4097531.686,4097536.948,"Silva","NEON_D17_TEAK_DP1_322000_4097000_classified_point_cloud_colorized.laz","2018_TEAK_3_322000_4097000_image.tif","Tree",1,322000,322999.999,4097000,4097999.999
"5071",5229,322269.515,322274.484,4097527.835,4097533.716,"Silva","NEON_D17_TEAK_DP1_322000_4097000_classified_point_cloud_colorized.laz","2018_TEAK_3_322000_4097000_image.tif","Tree",1,322000,322999.999,4097000,4097999.999
"5072",5230,322338.739,322347.426,4097529.081,4097536.133,"Silva","NEON_D17_TEAK_DP1_322000_4097000_classified_point_cloud_colorized.laz","2018_TEAK_3_322000_4097000_image.tif","Tree",1,322000,322999.999,4097000,4097999.999
"5073",5231,322450.512,322453.464,4097535.519,4097538.928,"Silva","NEON_D17_TEAK_DP1_322000_4097000_classified_point_cloud_colorized.laz","2018_TEAK_3_322000_4097000_image.tif","Tree",1,322000,322999.999,4097000,4097999.999
"5074",5232,322805.551,322813.567,4097545.549,4097553.48,"Silva","NEON_D17_TEAK_DP1_322000_4097000_classified_point_cloud_colorized.laz","2018_TEAK_3_322000_4097000_image.tif","Tree",1,322000,322999.999,4097000,4097999.999
"5075",5233,322367.613,322370.264,4097532.608,4097536.916,"Silva","NEON_D17_TEAK_DP1_322000_4097000_classified_point_cloud_colorized.laz","2018_TEAK_3_322000_4097000_image.tif","Tree",1,322000,322999.999,4097000,4097999.999
"5076",5234,322302.559,322309.959,4097527.02,4097531.685,"Silva","NEON_D17_TEAK_DP1_322000_4097000_classified_point_cloud_colorized.laz","2018_TEAK_3_322000_4097000_image.tif","Tree",1,322000,322999.999,4097000,4097999.999
"5077",5235,322212.507,322220.955,4097521.816,4097533.947,"Silva","NEON_D17_TEAK_DP1_322000_4097000_classified_point_cloud_colorized.laz","2018_TEAK_3_322000_4097000_image.tif","Tree",1,322000,322999.999,4097000,4097999.999
"5078",5236,322205.948,322212.492,4097523.513,4097531.641,"Silva","NEON_D17_TEAK_DP1_322000_4097000_classified_point_cloud_colorized.laz","2018_TEAK_3_322000_4097000_image.tif","Tree",1,322000,322999.999,4097000,4097999.999
"5079",5237,322668.525,322675.167,4097540.545,4097547.982,"Silva","NEON_D17_TEAK_DP1_322000_4097000_classified_point_cloud_colorized.laz","2018_TEAK_3_322000_4097000_image.tif","Tree",1,322000,322999.999,4097000,4097999.999
"5080",5238,322820.048,322826.901,4097546.541,4097553.489,"Silva","NEON_D17_TEAK_DP1_322000_4097000_classified_point_cloud_colorized.laz","2018_TEAK_3_322000_4097000_image.tif","Tree",1,322000,322999.999,4097000,4097999.999
"5081",5239,322282.155,322286.449,4097527.271,4097531.925,"Silva","NEON_D17_TEAK_DP1_322000_4097000_classified_point_cloud_colorized.laz","2018_TEAK_3_322000_4097000_image.tif","Tree",1,322000,322999.999,4097000,4097999.999
"5082",5240,322321.864,322325.418,4097529.576,4097532.348,"Silva","NEON_D17_TEAK_DP1_322000_4097000_classified_point_cloud_colorized.laz","2018_TEAK_3_322000_4097000_image.tif","Tree",1,322000,322999.999,4097000,4097999.999
"5083",5241,322433.772,322446.439,4097530.323,4097538.365,"Silva","NEON_D17_TEAK_DP1_322000_4097000_classified_point_cloud_colorized.laz","2018_TEAK_3_322000_4097000_image.tif","Tree",1,322000,322999.999,4097000,4097999.999
"5084",5242,322658.556,322668.499,4097539.088,4097549.485,"Silva","NEON_D17_TEAK_DP1_322000_4097000_classified_point_cloud_colorized.laz","2018_TEAK_3_322000_4097000_image.tif","Tree",1,322000,322999.999,4097000,4097999.999
"5085",5243,322788.527,322800.267,4097543.51,4097554.496,"Silva","NEON_D17_TEAK_DP1_322000_4097000_classified_point_cloud_colorized.laz","2018_TEAK_3_322000_4097000_image.tif","Tree",1,322000,322999.999,4097000,4097999.999
"5086",5244,322357.207,322363.102,4097527.561,4097536.482,"Silva","NEON_D17_TEAK_DP1_322000_4097000_classified_point_cloud_colorized.laz","2018_TEAK_3_322000_4097000_image.tif","Tree",1,322000,322999.999,4097000,4097999.999
"5087",5245,322408.514,322414.331,4097530.038,4097536.481,"Silva","NEON_D17_TEAK_DP1_322000_4097000_classified_point_cloud_colorized.laz","2018_TEAK_3_322000_4097000_image.tif","Tree",1,322000,322999.999,4097000,4097999.999
"5088",5246,322736.04,322743.931,4097543.022,4097549.97,"Silva","NEON_D17_TEAK_DP1_322000_4097000_classified_point_cloud_colorized.laz","2018_TEAK_3_322000_4097000_image.tif","Tree",1,322000,322999.999,4097000,4097999.999
"5089",5247,322779.752,322788.474,4097543.032,4097552.313,"Silva","NEON_D17_TEAK_DP1_322000_4097000_classified_point_cloud_colorized.laz","2018_TEAK_3_322000_4097000_image.tif","Tree",1,322000,322999.999,4097000,4097999.999
"5090",5248,322574.227,322581.926,4097534.209,4097542.788,"Silva","NEON_D17_TEAK_DP1_322000_4097000_classified_point_cloud_colorized.laz","2018_TEAK_3_322000_4097000_image.tif","Tree",1,322000,322999.999,4097000,4097999.999
"5091",5249,322235.54,322239.977,4097524.514,4097525.863,"Silva","NEON_D17_TEAK_DP1_322000_4097000_classified_point_cloud_colorized.laz","2018_TEAK_3_322000_4097000_image.tif","Tree",1,322000,322999.999,4097000,4097999.999
"5092",5250,322483.009,322488.492,4097533.39,4097537.873,"Silva","NEON_D17_TEAK_DP1_322000_4097000_classified_point_cloud_colorized.laz","2018_TEAK_3_322000_4097000_image.tif","Tree",1,322000,322999.999,4097000,4097999.999
"5093",5251,322511.001,322520.479,4097531.006,4097538.95,"Silva","NEON_D17_TEAK_DP1_322000_4097000_classified_point_cloud_colorized.laz","2018_TEAK_3_322000_4097000_image.tif","Tree",1,322000,322999.999,4097000,4097999.999
"5094",5252,322773.098,322777.459,4097543.52,4097548.408,"Silva","NEON_D17_TEAK_DP1_322000_4097000_classified_point_cloud_colorized.laz","2018_TEAK_3_322000_4097000_image.tif","Tree",1,322000,322999.999,4097000,4097999.999
"5095",5253,322465.544,322474.292,4097529.647,4097536.907,"Silva","NEON_D17_TEAK_DP1_322000_4097000_classified_point_cloud_colorized.laz","2018_TEAK_3_322000_4097000_image.tif","Tree",1,322000,322999.999,4097000,4097999.999
"5096",5254,322382.158,322388.653,4097527.024,4097533.354,"Silva","NEON_D17_TEAK_DP1_322000_4097000_classified_point_cloud_colorized.laz","2018_TEAK_3_322000_4097000_image.tif","Tree",1,322000,322999.999,4097000,4097999.999
"5097",5255,322203.619,322209.467,4097520.473,4097528.402,"Silva","NEON_D17_TEAK_DP1_322000_4097000_classified_point_cloud_colorized.laz","2018_TEAK_3_322000_4097000_image.tif","Tree",1,322000,322999.999,4097000,4097999.999
"5098",5256,322273.237,322278.045,4097523.022,4097528.41,"Silva","NEON_D17_TEAK_DP1_322000_4097000_classified_point_cloud_colorized.laz","2018_TEAK_3_322000_4097000_image.tif","Tree",1,322000,322999.999,4097000,4097999.999
"5099",5257,322288.069,322292.393,4097526.509,4097529.977,"Silva","NEON_D17_TEAK_DP1_322000_4097000_classified_point_cloud_colorized.laz","2018_TEAK_3_322000_4097000_image.tif","Tree",1,322000,322999.999,4097000,4097999.999
"5100",5258,322346.53,322356.599,4097525.663,4097533.823,"Silva","NEON_D17_TEAK_DP1_322000_4097000_classified_point_cloud_colorized.laz","2018_TEAK_3_322000_4097000_image.tif","Tree",1,322000,322999.999,4097000,4097999.999
"5101",5259,322585.298,322596.472,4097534.643,4097541.122,"Silva","NEON_D17_TEAK_DP1_322000_4097000_classified_point_cloud_colorized.laz","2018_TEAK_3_322000_4097000_image.tif","Tree",1,322000,322999.999,4097000,4097999.999
"5102",5260,322755.507,322761.964,4097540.342,4097546.856,"Silva","NEON_D17_TEAK_DP1_322000_4097000_classified_point_cloud_colorized.laz","2018_TEAK_3_322000_4097000_image.tif","Tree",1,322000,322999.999,4097000,4097999.999
"5103",5261,322690.053,322694.428,4097538.687,4097543.968,"Silva","NEON_D17_TEAK_DP1_322000_4097000_classified_point_cloud_colorized.laz","2018_TEAK_3_322000_4097000_image.tif","Tree",1,322000,322999.999,4097000,4097999.999
"5104",5262,322374.239,322382.994,4097524.352,4097533.998,"Silva","NEON_D17_TEAK_DP1_322000_4097000_classified_point_cloud_colorized.laz","2018_TEAK_3_322000_4097000_image.tif","Tree",1,322000,322999.999,4097000,4097999.999
"5105",5263,322331.503,322338.392,4097522.615,4097528.933,"Silva","NEON_D17_TEAK_DP1_322000_4097000_classified_point_cloud_colorized.laz","2018_TEAK_3_322000_4097000_image.tif","Tree",1,322000,322999.999,4097000,4097999.999
"5106",5264,322413.577,322421.451,4097526.602,4097532.116,"Silva","NEON_D17_TEAK_DP1_322000_4097000_classified_point_cloud_colorized.laz","2018_TEAK_3_322000_4097000_image.tif","Tree",1,322000,322999.999,4097000,4097999.999
"5107",5265,322455.646,322462.786,4097528.065,4097535.47,"Silva","NEON_D17_TEAK_DP1_322000_4097000_classified_point_cloud_colorized.laz","2018_TEAK_3_322000_4097000_image.tif","Tree",1,322000,322999.999,4097000,4097999.999
"5108",5266,322811.649,322823.232,4097541.004,4097548.498,"Silva","NEON_D17_TEAK_DP1_322000_4097000_classified_point_cloud_colorized.laz","2018_TEAK_3_322000_4097000_image.tif","Tree",1,322000,322999.999,4097000,4097999.999
"5109",5267,322518.207,322526.992,4097525.641,4097536.948,"Silva","NEON_D17_TEAK_DP1_322000_4097000_classified_point_cloud_colorized.laz","2018_TEAK_3_322000_4097000_image.tif","Tree",1,322000,322999.999,4097000,4097999.999
"5110",5268,322773.037,322776.264,4097541.016,4097543.74,"Silva","NEON_D17_TEAK_DP1_322000_4097000_classified_point_cloud_colorized.laz","2018_TEAK_3_322000_4097000_image.tif","Tree",1,322000,322999.999,4097000,4097999.999
"5111",5270,322625.347,322635.48,4097529.125,4097541.37,"Silva","NEON_D17_TEAK_DP1_322000_4097000_classified_point_cloud_colorized.laz","2018_TEAK_3_322000_4097000_image.tif","Tree",1,322000,322999.999,4097000,4097999.999
"5112",5271,322423.542,322434.416,4097521.026,4097535.338,"Silva","NEON_D17_TEAK_DP1_322000_4097000_classified_point_cloud_colorized.laz","2018_TEAK_3_322000_4097000_image.tif","Tree",1,322000,322999.999,4097000,4097999.999
"5113",5272,322240.075,322245.492,4097517.083,4097525.238,"Silva","NEON_D17_TEAK_DP1_322000_4097000_classified_point_cloud_colorized.laz","2018_TEAK_3_322000_4097000_image.tif","Tree",1,322000,322999.999,4097000,4097999.999
"5114",5273,322364.041,322367.977,4097521.652,4097527.86,"Silva","NEON_D17_TEAK_DP1_322000_4097000_classified_point_cloud_colorized.laz","2018_TEAK_3_322000_4097000_image.tif","Tree",1,322000,322999.999,4097000,4097999.999
"5115",5274,322750.051,322753.993,4097538.816,4097542.977,"Silva","NEON_D17_TEAK_DP1_322000_4097000_classified_point_cloud_colorized.laz","2018_TEAK_3_322000_4097000_image.tif","Tree",1,322000,322999.999,4097000,4097999.999
"5116",5275,322413.188,322422.321,4097525.066,4097530.857,"Silva","NEON_D17_TEAK_DP1_322000_4097000_classified_point_cloud_colorized.laz","2018_TEAK_3_322000_4097000_image.tif","Tree",1,322000,322999.999,4097000,4097999.999
"5117",5276,322288.511,322290.944,4097519.639,4097523.895,"Silva","NEON_D17_TEAK_DP1_322000_4097000_classified_point_cloud_colorized.laz","2018_TEAK_3_322000_4097000_image.tif","Tree",1,322000,322999.999,4097000,4097999.999
"5118",5277,322286.001,322288.478,4097520.048,4097523.684,"Silva","NEON_D17_TEAK_DP1_322000_4097000_classified_point_cloud_colorized.laz","2018_TEAK_3_322000_4097000_image.tif","Tree",1,322000,322999.999,4097000,4097999.999
"5119",5278,322298,322303.388,4097519.057,4097525.874,"Silva","NEON_D17_TEAK_DP1_322000_4097000_classified_point_cloud_colorized.laz","2018_TEAK_3_322000_4097000_image.tif","Tree",1,322000,322999.999,4097000,4097999.999
"5120",5279,322697.022,322704.176,4097533.08,4097540.95,"Silva","NEON_D17_TEAK_DP1_322000_4097000_classified_point_cloud_colorized.laz","2018_TEAK_3_322000_4097000_image.tif","Tree",1,322000,322999.999,4097000,4097999.999
"5121",5280,322737.677,322741.403,4097534.656,4097539.999,"Silva","NEON_D17_TEAK_DP1_322000_4097000_classified_point_cloud_colorized.laz","2018_TEAK_3_322000_4097000_image.tif","Tree",1,322000,322999.999,4097000,4097999.999
"5122",5281,322799.04,322809.073,4097534.629,4097546.928,"Silva","NEON_D17_TEAK_DP1_322000_4097000_classified_point_cloud_colorized.laz","2018_TEAK_3_322000_4097000_image.tif","Tree",1,322000,322999.999,4097000,4097999.999
"5123",5282,322261.519,322264.973,4097518.632,4097522.999,"Silva","NEON_D17_TEAK_DP1_322000_4097000_classified_point_cloud_colorized.laz","2018_TEAK_3_322000_4097000_image.tif","Tree",1,322000,322999.999,4097000,4097999.999
"5124",5283,322210.524,322220.493,4097513.766,4097522.74,"Silva","NEON_D17_TEAK_DP1_322000_4097000_classified_point_cloud_colorized.laz","2018_TEAK_3_322000_4097000_image.tif","Tree",1,322000,322999.999,4097000,4097999.999
"5125",5284,322220.506,322230.118,4097515.088,4097522.441,"Silva","NEON_D17_TEAK_DP1_322000_4097000_classified_point_cloud_colorized.laz","2018_TEAK_3_322000_4097000_image.tif","Tree",1,322000,322999.999,4097000,4097999.999
"5126",5285,322242.768,322250.903,4097516.003,4097525.189,"Silva","NEON_D17_TEAK_DP1_322000_4097000_classified_point_cloud_colorized.laz","2018_TEAK_3_322000_4097000_image.tif","Tree",1,322000,322999.999,4097000,4097999.999
"5127",5286,322522.532,322533.969,4097523.796,4097534.356,"Silva","NEON_D17_TEAK_DP1_322000_4097000_classified_point_cloud_colorized.laz","2018_TEAK_3_322000_4097000_image.tif","Tree",1,322000,322999.999,4097000,4097999.999
"5128",5287,322741.514,322746.095,4097535.065,4097539.86,"Silva","NEON_D17_TEAK_DP1_322000_4097000_classified_point_cloud_colorized.laz","2018_TEAK_3_322000_4097000_image.tif","Tree",1,322000,322999.999,4097000,4097999.999
"5129",5288,322787.096,322799.446,4097533.216,4097543.777,"Silva","NEON_D17_TEAK_DP1_322000_4097000_classified_point_cloud_colorized.laz","2018_TEAK_3_322000_4097000_image.tif","Tree",1,322000,322999.999,4097000,4097999.999
"5130",5289,322499.148,322503.097,4097525.594,4097528.924,"Silva","NEON_D17_TEAK_DP1_322000_4097000_classified_point_cloud_colorized.laz","2018_TEAK_3_322000_4097000_image.tif","Tree",1,322000,322999.999,4097000,4097999.999
"5131",5290,322431.53,322440.422,4097521.151,4097532.326,"Silva","NEON_D17_TEAK_DP1_322000_4097000_classified_point_cloud_colorized.laz","2018_TEAK_3_322000_4097000_image.tif","Tree",1,322000,322999.999,4097000,4097999.999
"5132",5292,322818.558,322826.47,4097535.157,4097544.266,"Silva","NEON_D17_TEAK_DP1_322000_4097000_classified_point_cloud_colorized.laz","2018_TEAK_3_322000_4097000_image.tif","Tree",1,322000,322999.999,4097000,4097999.999
"5133",5293,322453.847,322457.955,4097521.521,4097528.45,"Silva","NEON_D17_TEAK_DP1_322000_4097000_classified_point_cloud_colorized.laz","2018_TEAK_3_322000_4097000_image.tif","Tree",1,322000,322999.999,4097000,4097999.999
"5134",5294,322251.563,322252.25,4097516.535,4097517.731,"Silva","NEON_D17_TEAK_DP1_322000_4097000_classified_point_cloud_colorized.laz","2018_TEAK_3_322000_4097000_image.tif","Tree",1,322000,322999.999,4097000,4097999.999
"5135",5295,322685.564,322692.987,4097529.603,4097537.343,"Silva","NEON_D17_TEAK_DP1_322000_4097000_classified_point_cloud_colorized.laz","2018_TEAK_3_322000_4097000_image.tif","Tree",1,322000,322999.999,4097000,4097999.999
"5136",5296,322761.688,322766.441,4097529.026,4097536.944,"Silva","NEON_D17_TEAK_DP1_322000_4097000_classified_point_cloud_colorized.laz","2018_TEAK_3_322000_4097000_image.tif","Tree",1,322000,322999.999,4097000,4097999.999
"5137",5297,322327.052,322331.414,4097518.124,4097521.917,"Silva","NEON_D17_TEAK_DP1_322000_4097000_classified_point_cloud_colorized.laz","2018_TEAK_3_322000_4097000_image.tif","Tree",1,322000,322999.999,4097000,4097999.999
"5138",5298,322198.642,322204.987,4097511.755,4097519.46,"Silva","NEON_D17_TEAK_DP1_322000_4097000_classified_point_cloud_colorized.laz","2018_TEAK_3_322000_4097000_image.tif","Tree",1,322000,322999.999,4097000,4097999.999
"5139",5299,322347.823,322353.198,4097515.554,4097523.308,"Silva","NEON_D17_TEAK_DP1_322000_4097000_classified_point_cloud_colorized.laz","2018_TEAK_3_322000_4097000_image.tif","Tree",1,322000,322999.999,4097000,4097999.999
"5140",5300,322535.019,322543.986,4097521.705,4097532,"Silva","NEON_D17_TEAK_DP1_322000_4097000_classified_point_cloud_colorized.laz","2018_TEAK_3_322000_4097000_image.tif","Tree",1,322000,322999.999,4097000,4097999.999
"5141",5301,322740.5,322745.83,4097530.682,4097535.666,"Silva","NEON_D17_TEAK_DP1_322000_4097000_classified_point_cloud_colorized.laz","2018_TEAK_3_322000_4097000_image.tif","Tree",1,322000,322999.999,4097000,4097999.999
"5142",5302,322805.606,322810.983,4097531.627,4097537.491,"Silva","NEON_D17_TEAK_DP1_322000_4097000_classified_point_cloud_colorized.laz","2018_TEAK_3_322000_4097000_image.tif","Tree",1,322000,322999.999,4097000,4097999.999
"5143",5303,322828.62,322837.417,4097534.269,4097541.988,"Silva","NEON_D17_TEAK_DP1_322000_4097000_classified_point_cloud_colorized.laz","2018_TEAK_3_322000_4097000_image.tif","Tree",1,322000,322999.999,4097000,4097999.999
"5144",5304,322642.769,322651.639,4097525.047,4097533.94,"Silva","NEON_D17_TEAK_DP1_322000_4097000_classified_point_cloud_colorized.laz","2018_TEAK_3_322000_4097000_image.tif","Tree",1,322000,322999.999,4097000,4097999.999
"5145",5305,322512.594,322520.375,4097522.368,4097530.383,"Silva","NEON_D17_TEAK_DP1_322000_4097000_classified_point_cloud_colorized.laz","2018_TEAK_3_322000_4097000_image.tif","Tree",1,322000,322999.999,4097000,4097999.999
"5146",5306,322316.249,322320.494,4097516.204,4097520.279,"Silva","NEON_D17_TEAK_DP1_322000_4097000_classified_point_cloud_colorized.laz","2018_TEAK_3_322000_4097000_image.tif","Tree",1,322000,322999.999,4097000,4097999.999
"5147",5307,322727.098,322732.954,4097529.016,4097536.933,"Silva","NEON_D17_TEAK_DP1_322000_4097000_classified_point_cloud_colorized.laz","2018_TEAK_3_322000_4097000_image.tif","Tree",1,322000,322999.999,4097000,4097999.999
"5148",5308,322667.092,322672.661,4097525.539,4097533.801,"Silva","NEON_D17_TEAK_DP1_322000_4097000_classified_point_cloud_colorized.laz","2018_TEAK_3_322000_4097000_image.tif","Tree",1,322000,322999.999,4097000,4097999.999
"5149",5309,322466.037,322469.849,4097520.288,4097524.775,"Silva","NEON_D17_TEAK_DP1_322000_4097000_classified_point_cloud_colorized.laz","2018_TEAK_3_322000_4097000_image.tif","Tree",1,322000,322999.999,4097000,4097999.999
"5150",5310,322474.174,322480.808,4097519.019,4097528.495,"Silva","NEON_D17_TEAK_DP1_322000_4097000_classified_point_cloud_colorized.laz","2018_TEAK_3_322000_4097000_image.tif","Tree",1,322000,322999.999,4097000,4097999.999
"5151",5311,322814.034,322817.362,4097531.522,4097536.485,"Silva","NEON_D17_TEAK_DP1_322000_4097000_classified_point_cloud_colorized.laz","2018_TEAK_3_322000_4097000_image.tif","Tree",1,322000,322999.999,4097000,4097999.999
"5152",5312,322630.071,322640.806,4097523.513,4097531.336,"Silva","NEON_D17_TEAK_DP1_322000_4097000_classified_point_cloud_colorized.laz","2018_TEAK_3_322000_4097000_image.tif","Tree",1,322000,322999.999,4097000,4097999.999
"5153",5313,322600.53,322608.682,4097522.026,4097532.654,"Silva","NEON_D17_TEAK_DP1_322000_4097000_classified_point_cloud_colorized.laz","2018_TEAK_3_322000_4097000_image.tif","Tree",1,322000,322999.999,4097000,4097999.999
"5154",5314,322499.936,322505.435,4097519.113,4097525.568,"Silva","NEON_D17_TEAK_DP1_322000_4097000_classified_point_cloud_colorized.laz","2018_TEAK_3_322000_4097000_image.tif","Tree",1,322000,322999.999,4097000,4097999.999
"5155",5315,322346.021,322351.979,4097512.025,4097519.929,"Silva","NEON_D17_TEAK_DP1_322000_4097000_classified_point_cloud_colorized.laz","2018_TEAK_3_322000_4097000_image.tif","Tree",1,322000,322999.999,4097000,4097999.999
"5156",5316,322226.091,322232.498,4097509.595,4097516.457,"Silva","NEON_D17_TEAK_DP1_322000_4097000_classified_point_cloud_colorized.laz","2018_TEAK_3_322000_4097000_image.tif","Tree",1,322000,322999.999,4097000,4097999.999
"5157",5317,322569.101,322580.479,4097518.771,4097527.972,"Silva","NEON_D17_TEAK_DP1_322000_4097000_classified_point_cloud_colorized.laz","2018_TEAK_3_322000_4097000_image.tif","Tree",1,322000,322999.999,4097000,4097999.999
"5158",5318,322780.043,322790.791,4097527.091,4097536.953,"Silva","NEON_D17_TEAK_DP1_322000_4097000_classified_point_cloud_colorized.laz","2018_TEAK_3_322000_4097000_image.tif","Tree",1,322000,322999.999,4097000,4097999.999
"5159",5319,322823.13,322830.486,4097528.501,4097537.09,"Silva","NEON_D17_TEAK_DP1_322000_4097000_classified_point_cloud_colorized.laz","2018_TEAK_3_322000_4097000_image.tif","Tree",1,322000,322999.999,4097000,4097999.999
"5160",5320,322657.115,322666.413,4097524.51,4097529.879,"Silva","NEON_D17_TEAK_DP1_322000_4097000_classified_point_cloud_colorized.laz","2018_TEAK_3_322000_4097000_image.tif","Tree",1,322000,322999.999,4097000,4097999.999
"5161",5321,322404.971,322412.47,4097514.324,4097522.79,"Silva","NEON_D17_TEAK_DP1_322000_4097000_classified_point_cloud_colorized.laz","2018_TEAK_3_322000_4097000_image.tif","Tree",1,322000,322999.999,4097000,4097999.999
"5162",5322,322391.182,322393.299,4097516.721,4097519.384,"Silva","NEON_D17_TEAK_DP1_322000_4097000_classified_point_cloud_colorized.laz","2018_TEAK_3_322000_4097000_image.tif","Tree",1,322000,322999.999,4097000,4097999.999
"5163",5323,322317.193,322321.873,4097513.545,4097518.471,"Silva","NEON_D17_TEAK_DP1_322000_4097000_classified_point_cloud_colorized.laz","2018_TEAK_3_322000_4097000_image.tif","Tree",1,322000,322999.999,4097000,4097999.999
"5164",5324,322235.313,322245.402,4097506.006,4097516.501,"Silva","NEON_D17_TEAK_DP1_322000_4097000_classified_point_cloud_colorized.laz","2018_TEAK_3_322000_4097000_image.tif","Tree",1,322000,322999.999,4097000,4097999.999
"5165",5325,322285.501,322287.927,4097513.365,4097515.95,"Silva","NEON_D17_TEAK_DP1_322000_4097000_classified_point_cloud_colorized.laz","2018_TEAK_3_322000_4097000_image.tif","Tree",1,322000,322999.999,4097000,4097999.999
"5166",5326,322386.147,322386.326,4097516.654,4097517.129,"Silva","NEON_D17_TEAK_DP1_322000_4097000_classified_point_cloud_colorized.laz","2018_TEAK_3_322000_4097000_image.tif","Tree",1,322000,322999.999,4097000,4097999.999
"5167",5327,322647.916,322656.984,4097522.663,4097531.391,"Silva","NEON_D17_TEAK_DP1_322000_4097000_classified_point_cloud_colorized.laz","2018_TEAK_3_322000_4097000_image.tif","Tree",1,322000,322999.999,4097000,4097999.999
"5168",5328,322768.146,322777.843,4097525.579,4097533.121,"Silva","NEON_D17_TEAK_DP1_322000_4097000_classified_point_cloud_colorized.laz","2018_TEAK_3_322000_4097000_image.tif","Tree",1,322000,322999.999,4097000,4097999.999
"5169",5329,322818.025,322819.776,4097528.512,4097532.224,"Silva","NEON_D17_TEAK_DP1_322000_4097000_classified_point_cloud_colorized.laz","2018_TEAK_3_322000_4097000_image.tif","Tree",1,322000,322999.999,4097000,4097999.999
"5170",5330,322337.649,322347.767,4097507.856,4097517.419,"Silva","NEON_D17_TEAK_DP1_322000_4097000_classified_point_cloud_colorized.laz","2018_TEAK_3_322000_4097000_image.tif","Tree",1,322000,322999.999,4097000,4097999.999
"5171",5331,322810.828,322815.956,4097528.017,4097533.456,"Silva","NEON_D17_TEAK_DP1_322000_4097000_classified_point_cloud_colorized.laz","2018_TEAK_3_322000_4097000_image.tif","Tree",1,322000,322999.999,4097000,4097999.999
"5172",5332,322791.01,322798.815,4097526.075,4097533.882,"Silva","NEON_D17_TEAK_DP1_322000_4097000_classified_point_cloud_colorized.laz","2018_TEAK_3_322000_4097000_image.tif","Tree",1,322000,322999.999,4097000,4097999.999
"5173",5333,322398.626,322404.845,4097513.048,4097519.428,"Silva","NEON_D17_TEAK_DP1_322000_4097000_classified_point_cloud_colorized.laz","2018_TEAK_3_322000_4097000_image.tif","Tree",1,322000,322999.999,4097000,4097999.999
"5174",5335,322623.502,322629.999,4097520.46,4097529.916,"Silva","NEON_D17_TEAK_DP1_322000_4097000_classified_point_cloud_colorized.laz","2018_TEAK_3_322000_4097000_image.tif","Tree",1,322000,322999.999,4097000,4097999.999
"5175",5336,322289.006,322290.336,4097508.013,4097508.5,"Silva","NEON_D17_TEAK_DP1_322000_4097000_classified_point_cloud_colorized.laz","2018_TEAK_3_322000_4097000_image.tif","Tree",1,322000,322999.999,4097000,4097999.999
"5176",5337,322322.12,322325.453,4097510.642,4097513.939,"Silva","NEON_D17_TEAK_DP1_322000_4097000_classified_point_cloud_colorized.laz","2018_TEAK_3_322000_4097000_image.tif","Tree",1,322000,322999.999,4097000,4097999.999
"5177",5338,322659.093,322663.942,4097520.56,4097525.477,"Silva","NEON_D17_TEAK_DP1_322000_4097000_classified_point_cloud_colorized.laz","2018_TEAK_3_322000_4097000_image.tif","Tree",1,322000,322999.999,4097000,4097999.999
"5178",5339,322693.589,322700.665,4097519.506,4097527.359,"Silva","NEON_D17_TEAK_DP1_322000_4097000_classified_point_cloud_colorized.laz","2018_TEAK_3_322000_4097000_image.tif","Tree",1,322000,322999.999,4097000,4097999.999
"5179",5340,322412.554,322419.293,4097509.516,4097517.474,"Silva","NEON_D17_TEAK_DP1_322000_4097000_classified_point_cloud_colorized.laz","2018_TEAK_3_322000_4097000_image.tif","Tree",1,322000,322999.999,4097000,4097999.999
"5180",5341,322318.661,322321.008,4097509.084,4097513.466,"Silva","NEON_D17_TEAK_DP1_322000_4097000_classified_point_cloud_colorized.laz","2018_TEAK_3_322000_4097000_image.tif","Tree",1,322000,322999.999,4097000,4097999.999
"5181",5342,322764.419,322777.198,4097520.003,4097528.917,"Silva","NEON_D17_TEAK_DP1_322000_4097000_classified_point_cloud_colorized.laz","2018_TEAK_3_322000_4097000_image.tif","Tree",1,322000,322999.999,4097000,4097999.999
"5182",5343,322748.048,322753.478,4097519.505,4097524.271,"Silva","NEON_D17_TEAK_DP1_322000_4097000_classified_point_cloud_colorized.laz","2018_TEAK_3_322000_4097000_image.tif","Tree",1,322000,322999.999,4097000,4097999.999
"5183",5344,322216.009,322223.965,4097502.515,4097512.455,"Silva","NEON_D17_TEAK_DP1_322000_4097000_classified_point_cloud_colorized.laz","2018_TEAK_3_322000_4097000_image.tif","Tree",1,322000,322999.999,4097000,4097999.999
"5184",5345,322305.837,322305.922,4097508.773,4097508.838,"Silva","NEON_D17_TEAK_DP1_322000_4097000_classified_point_cloud_colorized.laz","2018_TEAK_3_322000_4097000_image.tif","Tree",1,322000,322999.999,4097000,4097999.999
"5185",5346,322311.516,322313.102,4097507.67,4097510.394,"Silva","NEON_D17_TEAK_DP1_322000_4097000_classified_point_cloud_colorized.laz","2018_TEAK_3_322000_4097000_image.tif","Tree",1,322000,322999.999,4097000,4097999.999
"5186",5347,322788.046,322794.445,4097519.096,4097526.884,"Silva","NEON_D17_TEAK_DP1_322000_4097000_classified_point_cloud_colorized.laz","2018_TEAK_3_322000_4097000_image.tif","Tree",1,322000,322999.999,4097000,4097999.999
"5187",5348,322210.65,322216.498,4097500.589,4097506.829,"Silva","NEON_D17_TEAK_DP1_322000_4097000_classified_point_cloud_colorized.laz","2018_TEAK_3_322000_4097000_image.tif","Tree",1,322000,322999.999,4097000,4097999.999
"5188",5349,322436.576,322438.408,4097510.666,4097512.907,"Silva","NEON_D17_TEAK_DP1_322000_4097000_classified_point_cloud_colorized.laz","2018_TEAK_3_322000_4097000_image.tif","Tree",1,322000,322999.999,4097000,4097999.999
"5189",5350,322683.779,322692.404,4097514.046,4097523.025,"Silva","NEON_D17_TEAK_DP1_322000_4097000_classified_point_cloud_colorized.laz","2018_TEAK_3_322000_4097000_image.tif","Tree",1,322000,322999.999,4097000,4097999.999
"5190",5351,322707.093,322711.495,4097517.563,4097524.195,"Silva","NEON_D17_TEAK_DP1_322000_4097000_classified_point_cloud_colorized.laz","2018_TEAK_3_322000_4097000_image.tif","Tree",1,322000,322999.999,4097000,4097999.999
"5191",5352,322834.025,322843.487,4097519.847,4097526.99,"Silva","NEON_D17_TEAK_DP1_322000_4097000_classified_point_cloud_colorized.laz","2018_TEAK_3_322000_4097000_image.tif","Tree",1,322000,322999.999,4097000,4097999.999
"5192",5353,322383.01,322388.396,4097507.011,4097511.902,"Silva","NEON_D17_TEAK_DP1_322000_4097000_classified_point_cloud_colorized.laz","2018_TEAK_3_322000_4097000_image.tif","Tree",1,322000,322999.999,4097000,4097999.999
"5193",5354,322331.723,322341.339,4097500.544,4097512.954,"Silva","NEON_D17_TEAK_DP1_322000_4097000_classified_point_cloud_colorized.laz","2018_TEAK_3_322000_4097000_image.tif","Tree",1,322000,322999.999,4097000,4097999.999
"5194",5355,322460.567,322464.779,4097508.651,4097512.958,"Silva","NEON_D17_TEAK_DP1_322000_4097000_classified_point_cloud_colorized.laz","2018_TEAK_3_322000_4097000_image.tif","Tree",1,322000,322999.999,4097000,4097999.999
"5195",5356,322653.081,322659.888,4097513.848,4097520.446,"Silva","NEON_D17_TEAK_DP1_322000_4097000_classified_point_cloud_colorized.laz","2018_TEAK_3_322000_4097000_image.tif","Tree",1,322000,322999.999,4097000,4097999.999
"5196",5357,322659.925,322667.467,4097516.009,4097519.099,"Silva","NEON_D17_TEAK_DP1_322000_4097000_classified_point_cloud_colorized.laz","2018_TEAK_3_322000_4097000_image.tif","Tree",1,322000,322999.999,4097000,4097999.999
"5197",5358,322716.329,322721.969,4097515.512,4097521.732,"Silva","NEON_D17_TEAK_DP1_322000_4097000_classified_point_cloud_colorized.laz","2018_TEAK_3_322000_4097000_image.tif","Tree",1,322000,322999.999,4097000,4097999.999
"5198",5359,322761.082,322769.445,4097515.046,4097527.459,"Silva","NEON_D17_TEAK_DP1_322000_4097000_classified_point_cloud_colorized.laz","2018_TEAK_3_322000_4097000_image.tif","Tree",1,322000,322999.999,4097000,4097999.999
"5199",5360,322325.602,322326.487,4097505.418,4097506.435,"Silva","NEON_D17_TEAK_DP1_322000_4097000_classified_point_cloud_colorized.laz","2018_TEAK_3_322000_4097000_image.tif","Tree",1,322000,322999.999,4097000,4097999.999
"5200",5361,322425.135,322432.979,4097505.077,4097511.441,"Silva","NEON_D17_TEAK_DP1_322000_4097000_classified_point_cloud_colorized.laz","2018_TEAK_3_322000_4097000_image.tif","Tree",1,322000,322999.999,4097000,4097999.999
"5201",5362,322466.049,322469.479,4097506.62,4097513.958,"Silva","NEON_D17_TEAK_DP1_322000_4097000_classified_point_cloud_colorized.laz","2018_TEAK_3_322000_4097000_image.tif","Tree",1,322000,322999.999,4097000,4097999.999
"5202",5363,322501.012,322504.872,4097509.092,4097512.754,"Silva","NEON_D17_TEAK_DP1_322000_4097000_classified_point_cloud_colorized.laz","2018_TEAK_3_322000_4097000_image.tif","Tree",1,322000,322999.999,4097000,4097999.999
"5203",5364,322597.512,322604.486,4097510.507,4097516.128,"Silva","NEON_D17_TEAK_DP1_322000_4097000_classified_point_cloud_colorized.laz","2018_TEAK_3_322000_4097000_image.tif","Tree",1,322000,322999.999,4097000,4097999.999
"5204",5365,322222.576,322224.246,4097500.018,4097505.415,"Silva","NEON_D17_TEAK_DP1_322000_4097000_classified_point_cloud_colorized.laz","2018_TEAK_3_322000_4097000_image.tif","Tree",1,322000,322999.999,4097000,4097999.999
"5205",5366,322286.678,322291.496,4097501.025,4097507.486,"Silva","NEON_D17_TEAK_DP1_322000_4097000_classified_point_cloud_colorized.laz","2018_TEAK_3_322000_4097000_image.tif","Tree",1,322000,322999.999,4097000,4097999.999
"5206",5367,322398.084,322403.775,4097505.076,4097510.246,"Silva","NEON_D17_TEAK_DP1_322000_4097000_classified_point_cloud_colorized.laz","2018_TEAK_3_322000_4097000_image.tif","Tree",1,322000,322999.999,4097000,4097999.999
"5207",5368,322633.305,322639.373,4097510.069,4097517.994,"Silva","NEON_D17_TEAK_DP1_322000_4097000_classified_point_cloud_colorized.laz","2018_TEAK_3_322000_4097000_image.tif","Tree",1,322000,322999.999,4097000,4097999.999
"5208",5369,322823.003,322835.389,4097513.059,4097522.698,"Silva","NEON_D17_TEAK_DP1_322000_4097000_classified_point_cloud_colorized.laz","2018_TEAK_3_322000_4097000_image.tif","Tree",1,322000,322999.999,4097000,4097999.999
"5209",5370,322835.645,322847.993,4097513.494,4097523.377,"Silva","NEON_D17_TEAK_DP1_322000_4097000_classified_point_cloud_colorized.laz","2018_TEAK_3_322000_4097000_image.tif","Tree",1,322000,322999.999,4097000,4097999.999
"5210",5371,322446.049,322449.072,4097507.129,4097509.985,"Silva","NEON_D17_TEAK_DP1_322000_4097000_classified_point_cloud_colorized.laz","2018_TEAK_3_322000_4097000_image.tif","Tree",1,322000,322999.999,4097000,4097999.999
"5211",5372,322796.655,322806.936,4097511.001,4097521.524,"Silva","NEON_D17_TEAK_DP1_322000_4097000_classified_point_cloud_colorized.laz","2018_TEAK_3_322000_4097000_image.tif","Tree",1,322000,322999.999,4097000,4097999.999
"5212",5373,322724.551,322726.964,4097514.506,4097516.971,"Silva","NEON_D17_TEAK_DP1_322000_4097000_classified_point_cloud_colorized.laz","2018_TEAK_3_322000_4097000_image.tif","Tree",1,322000,322999.999,4097000,4097999.999
"5213",5374,322664.73,322672.473,4097508.563,4097518.443,"Silva","NEON_D17_TEAK_DP1_322000_4097000_classified_point_cloud_colorized.laz","2018_TEAK_3_322000_4097000_image.tif","Tree",1,322000,322999.999,4097000,4097999.999
"5214",5375,322216.503,322223.856,4097497.078,4097502.953,"Silva","NEON_D17_TEAK_DP1_322000_4097000_classified_point_cloud_colorized.laz","2018_TEAK_3_322000_4097000_image.tif","Tree",1,322000,322999.999,4097000,4097999.999
"5215",5376,322381.509,322386.297,4097502.68,4097507.398,"Silva","NEON_D17_TEAK_DP1_322000_4097000_classified_point_cloud_colorized.laz","2018_TEAK_3_322000_4097000_image.tif","Tree",1,322000,322999.999,4097000,4097999.999
"5216",5377,322676.891,322684.481,4097510.061,4097517.484,"Silva","NEON_D17_TEAK_DP1_322000_4097000_classified_point_cloud_colorized.laz","2018_TEAK_3_322000_4097000_image.tif","Tree",1,322000,322999.999,4097000,4097999.999
"5217",5378,322241.06,322245.973,4097497.181,4097503.423,"Silva","NEON_D17_TEAK_DP1_322000_4097000_classified_point_cloud_colorized.laz","2018_TEAK_3_322000_4097000_image.tif","Tree",1,322000,322999.999,4097000,4097999.999
"5218",5379,322388.044,322390.908,4097501.522,4097504.435,"Silva","NEON_D17_TEAK_DP1_322000_4097000_classified_point_cloud_colorized.laz","2018_TEAK_3_322000_4097000_image.tif","Tree",1,322000,322999.999,4097000,4097999.999
"5219",5381,322596.087,322602.686,4097506.153,4097512.261,"Silva","NEON_D17_TEAK_DP1_322000_4097000_classified_point_cloud_colorized.laz","2018_TEAK_3_322000_4097000_image.tif","Tree",1,322000,322999.999,4097000,4097999.999
"5220",5382,322555.639,322555.639,4097508.231,4097508.231,"Silva","NEON_D17_TEAK_DP1_322000_4097000_classified_point_cloud_colorized.laz","2018_TEAK_3_322000_4097000_image.tif","Tree",1,322000,322999.999,4097000,4097999.999
"5221",5383,322318.782,322319.983,4097500.932,4097502,"Silva","NEON_D17_TEAK_DP1_322000_4097000_classified_point_cloud_colorized.laz","2018_TEAK_3_322000_4097000_image.tif","Tree",1,322000,322999.999,4097000,4097999.999
"5222",5384,322279.682,322286.474,4097495.592,4097500.945,"Silva","NEON_D17_TEAK_DP1_322000_4097000_classified_point_cloud_colorized.laz","2018_TEAK_3_322000_4097000_image.tif","Tree",1,322000,322999.999,4097000,4097999.999
"5223",5385,322256.29,322259.963,4097497.607,4097500.435,"Silva","NEON_D17_TEAK_DP1_322000_4097000_classified_point_cloud_colorized.laz","2018_TEAK_3_322000_4097000_image.tif","Tree",1,322000,322999.999,4097000,4097999.999
"5224",5386,322748.55,322755.187,4097508.705,4097517.422,"Silva","NEON_D17_TEAK_DP1_322000_4097000_classified_point_cloud_colorized.laz","2018_TEAK_3_322000_4097000_image.tif","Tree",1,322000,322999.999,4097000,4097999.999
"5225",5387,322530.071,322539.877,4097502.027,4097508.997,"Silva","NEON_D17_TEAK_DP1_322000_4097000_classified_point_cloud_colorized.laz","2018_TEAK_3_322000_4097000_image.tif","Tree",1,322000,322999.999,4097000,4097999.999
"5226",5388,322434.663,322441.884,4097498.65,4097506.933,"Silva","NEON_D17_TEAK_DP1_322000_4097000_classified_point_cloud_colorized.laz","2018_TEAK_3_322000_4097000_image.tif","Tree",1,322000,322999.999,4097000,4097999.999
"5227",5389,322462.146,322466.989,4097501.526,4097506.597,"Silva","NEON_D17_TEAK_DP1_322000_4097000_classified_point_cloud_colorized.laz","2018_TEAK_3_322000_4097000_image.tif","Tree",1,322000,322999.999,4097000,4097999.999
"5228",5390,322392.546,322398.433,4097497.283,4097503.992,"Silva","NEON_D17_TEAK_DP1_322000_4097000_classified_point_cloud_colorized.laz","2018_TEAK_3_322000_4097000_image.tif","Tree",1,322000,322999.999,4097000,4097999.999
"5229",5391,322417.317,322424.483,4097497.588,4097504.287,"Silva","NEON_D17_TEAK_DP1_322000_4097000_classified_point_cloud_colorized.laz","2018_TEAK_3_322000_4097000_image.tif","Tree",1,322000,322999.999,4097000,4097999.999
"5230",5392,322711.128,322718.242,4097505.517,4097513.464,"Silva","NEON_D17_TEAK_DP1_322000_4097000_classified_point_cloud_colorized.laz","2018_TEAK_3_322000_4097000_image.tif","Tree",1,322000,322999.999,4097000,4097999.999
"5231",5393,322823.584,322838.249,4097508.519,4097516.901,"Silva","NEON_D17_TEAK_DP1_322000_4097000_classified_point_cloud_colorized.laz","2018_TEAK_3_322000_4097000_image.tif","Tree",1,322000,322999.999,4097000,4097999.999
"5232",5394,322793.591,322796.469,4097513.625,4097515.481,"Silva","NEON_D17_TEAK_DP1_322000_4097000_classified_point_cloud_colorized.laz","2018_TEAK_3_322000_4097000_image.tif","Tree",1,322000,322999.999,4097000,4097999.999
"5233",5395,322705.258,322711.487,4097506.386,4097511.998,"Silva","NEON_D17_TEAK_DP1_322000_4097000_classified_point_cloud_colorized.laz","2018_TEAK_3_322000_4097000_image.tif","Tree",1,322000,322999.999,4097000,4097999.999
"5234",5396,322624.542,322632.625,4097503.044,4097508.847,"Silva","NEON_D17_TEAK_DP1_322000_4097000_classified_point_cloud_colorized.laz","2018_TEAK_3_322000_4097000_image.tif","Tree",1,322000,322999.999,4097000,4097999.999
"5235",5397,322756.022,322765.596,4097504.097,4097512.968,"Silva","NEON_D17_TEAK_DP1_322000_4097000_classified_point_cloud_colorized.laz","2018_TEAK_3_322000_4097000_image.tif","Tree",1,322000,322999.999,4097000,4097999.999
"5236",5398,322260.587,322265.081,4097493.041,4097497.963,"Silva","NEON_D17_TEAK_DP1_322000_4097000_classified_point_cloud_colorized.laz","2018_TEAK_3_322000_4097000_image.tif","Tree",1,322000,322999.999,4097000,4097999.999
"5237",5399,322459.622,322466.49,4097495.267,4097500.45,"Silva","NEON_D17_TEAK_DP1_322000_4097000_classified_point_cloud_colorized.laz","2018_TEAK_3_322000_4097000_image.tif","Tree",1,322000,322999.999,4097000,4097999.999
"5238",5400,322669.05,322676.894,4097502.53,4097509.999,"Silva","NEON_D17_TEAK_DP1_322000_4097000_classified_point_cloud_colorized.laz","2018_TEAK_3_322000_4097000_image.tif","Tree",1,322000,322999.999,4097000,4097999.999
"5239",5401,322527.007,322532.986,4097498.504,4097504.484,"Silva","NEON_D17_TEAK_DP1_322000_4097000_classified_point_cloud_colorized.laz","2018_TEAK_3_322000_4097000_image.tif","Tree",1,322000,322999.999,4097000,4097999.999
"5240",5402,322345.074,322348.976,4097494.575,4097497.63,"Silva","NEON_D17_TEAK_DP1_322000_4097000_classified_point_cloud_colorized.laz","2018_TEAK_3_322000_4097000_image.tif","Tree",1,322000,322999.999,4097000,4097999.999
"5241",5403,322703.784,322711.378,4097501.537,4097508.984,"Silva","NEON_D17_TEAK_DP1_322000_4097000_classified_point_cloud_colorized.laz","2018_TEAK_3_322000_4097000_image.tif","Tree",1,322000,322999.999,4097000,4097999.999
"5242",5404,322846.246,322851.484,4097506.516,4097510.958,"Silva","NEON_D17_TEAK_DP1_322000_4097000_classified_point_cloud_colorized.laz","2018_TEAK_3_322000_4097000_image.tif","Tree",1,322000,322999.999,4097000,4097999.999
"5243",5405,322743.01,322749.971,4097503.757,4097509.486,"Silva","NEON_D17_TEAK_DP1_322000_4097000_classified_point_cloud_colorized.laz","2018_TEAK_3_322000_4097000_image.tif","Tree",1,322000,322999.999,4097000,4097999.999
"5244",5406,322419.002,322424.93,4097492.537,4097499.47,"Silva","NEON_D17_TEAK_DP1_322000_4097000_classified_point_cloud_colorized.laz","2018_TEAK_3_322000_4097000_image.tif","Tree",1,322000,322999.999,4097000,4097999.999
"5245",5408,322342.011,322347.288,4097489.226,4097495.931,"Silva","NEON_D17_TEAK_DP1_322000_4097000_classified_point_cloud_colorized.laz","2018_TEAK_3_322000_4097000_image.tif","Tree",1,322000,322999.999,4097000,4097999.999
"5246",5409,322371.022,322375.3,4097490.633,4097496.001,"Silva","NEON_D17_TEAK_DP1_322000_4097000_classified_point_cloud_colorized.laz","2018_TEAK_3_322000_4097000_image.tif","Tree",1,322000,322999.999,4097000,4097999.999
"5247",5410,322432.065,322437.412,4097490.516,4097497.891,"Silva","NEON_D17_TEAK_DP1_322000_4097000_classified_point_cloud_colorized.laz","2018_TEAK_3_322000_4097000_image.tif","Tree",1,322000,322999.999,4097000,4097999.999
"5248",5411,322802.505,322808.86,4097500.094,4097508.389,"Silva","NEON_D17_TEAK_DP1_322000_4097000_classified_point_cloud_colorized.laz","2018_TEAK_3_322000_4097000_image.tif","Tree",1,322000,322999.999,4097000,4097999.999
"5249",5412,322795.581,322802.497,4097500.141,4097507.483,"Silva","NEON_D17_TEAK_DP1_322000_4097000_classified_point_cloud_colorized.laz","2018_TEAK_3_322000_4097000_image.tif","Tree",1,322000,322999.999,4097000,4097999.999
"5250",5413,322273.551,322282.493,4097483.513,4097494.498,"Silva","NEON_D17_TEAK_DP1_322000_4097000_classified_point_cloud_colorized.laz","2018_TEAK_3_322000_4097000_image.tif","Tree",1,322000,322999.999,4097000,4097999.999
"5251",5414,322257.904,322258.993,4097488.215,4097490.328,"Silva","NEON_D17_TEAK_DP1_322000_4097000_classified_point_cloud_colorized.laz","2018_TEAK_3_322000_4097000_image.tif","Tree",1,322000,322999.999,4097000,4097999.999
"5252",5415,322437.196,322442.861,4097490.798,4097497.454,"Silva","NEON_D17_TEAK_DP1_322000_4097000_classified_point_cloud_colorized.laz","2018_TEAK_3_322000_4097000_image.tif","Tree",1,322000,322999.999,4097000,4097999.999
"5253",5416,322670.316,322675.99,4097495.933,4097502.637,"Silva","NEON_D17_TEAK_DP1_322000_4097000_classified_point_cloud_colorized.laz","2018_TEAK_3_322000_4097000_image.tif","Tree",1,322000,322999.999,4097000,4097999.999
"5254",5417,322742.004,322751.454,4097496.087,4097503.994,"Silva","NEON_D17_TEAK_DP1_322000_4097000_classified_point_cloud_colorized.laz","2018_TEAK_3_322000_4097000_image.tif","Tree",1,322000,322999.999,4097000,4097999.999
"5255",5418,322391.801,322396.481,4097489.523,4097494.914,"Silva","NEON_D17_TEAK_DP1_322000_4097000_classified_point_cloud_colorized.laz","2018_TEAK_3_322000_4097000_image.tif","Tree",1,322000,322999.999,4097000,4097999.999
"5256",5419,322696.015,322703.474,4097495.509,4097501.431,"Silva","NEON_D17_TEAK_DP1_322000_4097000_classified_point_cloud_colorized.laz","2018_TEAK_3_322000_4097000_image.tif","Tree",1,322000,322999.999,4097000,4097999.999
"5257",5420,322604.038,322615.493,4097491.505,4097500.475,"Silva","NEON_D17_TEAK_DP1_322000_4097000_classified_point_cloud_colorized.laz","2018_TEAK_3_322000_4097000_image.tif","Tree",1,322000,322999.999,4097000,4097999.999
"5258",5421,322343.56,322349.486,4097486.906,4097491.959,"Silva","NEON_D17_TEAK_DP1_322000_4097000_classified_point_cloud_colorized.laz","2018_TEAK_3_322000_4097000_image.tif","Tree",1,322000,322999.999,4097000,4097999.999
"5259",5422,322355.416,322361.495,4097486.019,4097491.963,"Silva","NEON_D17_TEAK_DP1_322000_4097000_classified_point_cloud_colorized.laz","2018_TEAK_3_322000_4097000_image.tif","Tree",1,322000,322999.999,4097000,4097999.999
"5260",5423,322842.558,322847.944,4097496.605,4097505.812,"Silva","NEON_D17_TEAK_DP1_322000_4097000_classified_point_cloud_colorized.laz","2018_TEAK_3_322000_4097000_image.tif","Tree",1,322000,322999.999,4097000,4097999.999
"5261",5424,322830.518,322837.272,4097497.095,4097503.248,"Silva","NEON_D17_TEAK_DP1_322000_4097000_classified_point_cloud_colorized.laz","2018_TEAK_3_322000_4097000_image.tif","Tree",1,322000,322999.999,4097000,4097999.999
"5262",5425,322751.091,322758.973,4097494.574,4097503.482,"Silva","NEON_D17_TEAK_DP1_322000_4097000_classified_point_cloud_colorized.laz","2018_TEAK_3_322000_4097000_image.tif","Tree",1,322000,322999.999,4097000,4097999.999
"5263",5426,322623.888,322629.332,4097493.083,4097496.786,"Silva","NEON_D17_TEAK_DP1_322000_4097000_classified_point_cloud_colorized.laz","2018_TEAK_3_322000_4097000_image.tif","Tree",1,322000,322999.999,4097000,4097999.999
"5264",5427,322784.286,322796.454,4097494.503,4097502.734,"Silva","NEON_D17_TEAK_DP1_322000_4097000_classified_point_cloud_colorized.laz","2018_TEAK_3_322000_4097000_image.tif","Tree",1,322000,322999.999,4097000,4097999.999
"5265",5428,322674.14,322679.589,4097493.102,4097498.861,"Silva","NEON_D17_TEAK_DP1_322000_4097000_classified_point_cloud_colorized.laz","2018_TEAK_3_322000_4097000_image.tif","Tree",1,322000,322999.999,4097000,4097999.999
"5266",5429,322226.157,322237.489,4097477.11,4097489.5,"Silva","NEON_D17_TEAK_DP1_322000_4097000_classified_point_cloud_colorized.laz","2018_TEAK_3_322000_4097000_image.tif","Tree",1,322000,322999.999,4097000,4097999.999
"5267",5430,322704.519,322709.474,4097493.515,4097498.463,"Silva","NEON_D17_TEAK_DP1_322000_4097000_classified_point_cloud_colorized.laz","2018_TEAK_3_322000_4097000_image.tif","Tree",1,322000,322999.999,4097000,4097999.999
"5268",5431,322692.558,322697.684,4097493.358,4097497.313,"Silva","NEON_D17_TEAK_DP1_322000_4097000_classified_point_cloud_colorized.laz","2018_TEAK_3_322000_4097000_image.tif","Tree",1,322000,322999.999,4097000,4097999.999
"5269",5432,322649.516,322657.304,4097488.163,4097496.482,"Silva","NEON_D17_TEAK_DP1_322000_4097000_classified_point_cloud_colorized.laz","2018_TEAK_3_322000_4097000_image.tif","Tree",1,322000,322999.999,4097000,4097999.999
"5270",5433,322476.163,322481.994,4097484.061,4097488.877,"Silva","NEON_D17_TEAK_DP1_322000_4097000_classified_point_cloud_colorized.laz","2018_TEAK_3_322000_4097000_image.tif","Tree",1,322000,322999.999,4097000,4097999.999
"5271",5434,322220.159,322228.951,4097476.311,4097483.679,"Silva","NEON_D17_TEAK_DP1_322000_4097000_classified_point_cloud_colorized.laz","2018_TEAK_3_322000_4097000_image.tif","Tree",1,322000,322999.999,4097000,4097999.999
"5272",5435,322616.094,322623.984,4097486.186,4097492.739,"Silva","NEON_D17_TEAK_DP1_322000_4097000_classified_point_cloud_colorized.laz","2018_TEAK_3_322000_4097000_image.tif","Tree",1,322000,322999.999,4097000,4097999.999
"5273",5436,322801.567,322808.391,4097492.514,4097499.491,"Silva","NEON_D17_TEAK_DP1_322000_4097000_classified_point_cloud_colorized.laz","2018_TEAK_3_322000_4097000_image.tif","Tree",1,322000,322999.999,4097000,4097999.999
"5274",5437,322705.617,322709.687,4097490.051,4097493.915,"Silva","NEON_D17_TEAK_DP1_322000_4097000_classified_point_cloud_colorized.laz","2018_TEAK_3_322000_4097000_image.tif","Tree",1,322000,322999.999,4097000,4097999.999
"5275",5438,322414.566,322422.492,4097483.212,4097488.581,"Silva","NEON_D17_TEAK_DP1_322000_4097000_classified_point_cloud_colorized.laz","2018_TEAK_3_322000_4097000_image.tif","Tree",1,322000,322999.999,4097000,4097999.999
"5276",5439,322365.687,322370.974,4097479.734,4097485.481,"Silva","NEON_D17_TEAK_DP1_322000_4097000_classified_point_cloud_colorized.laz","2018_TEAK_3_322000_4097000_image.tif","Tree",1,322000,322999.999,4097000,4097999.999
"5277",5440,322237.61,322249.486,4097475.014,4097485.496,"Silva","NEON_D17_TEAK_DP1_322000_4097000_classified_point_cloud_colorized.laz","2018_TEAK_3_322000_4097000_image.tif","Tree",1,322000,322999.999,4097000,4097999.999
"5278",5441,322718.538,322723.614,4097488.53,4097494.953,"Silva","NEON_D17_TEAK_DP1_322000_4097000_classified_point_cloud_colorized.laz","2018_TEAK_3_322000_4097000_image.tif","Tree",1,322000,322999.999,4097000,4097999.999
"5279",5442,322642.747,322648.945,4097486.587,4097491.471,"Silva","NEON_D17_TEAK_DP1_322000_4097000_classified_point_cloud_colorized.laz","2018_TEAK_3_322000_4097000_image.tif","Tree",1,322000,322999.999,4097000,4097999.999
"5280",5443,322249.578,322254.416,4097482.512,4097484.492,"Silva","NEON_D17_TEAK_DP1_322000_4097000_classified_point_cloud_colorized.laz","2018_TEAK_3_322000_4097000_image.tif","Tree",1,322000,322999.999,4097000,4097999.999
"5281",5444,322765.16,322779.443,4097487.551,4097497.457,"Silva","NEON_D17_TEAK_DP1_322000_4097000_classified_point_cloud_colorized.laz","2018_TEAK_3_322000_4097000_image.tif","Tree",1,322000,322999.999,4097000,4097999.999
"5282",5445,322823.667,322833.407,4097489.112,4097497.336,"Silva","NEON_D17_TEAK_DP1_322000_4097000_classified_point_cloud_colorized.laz","2018_TEAK_3_322000_4097000_image.tif","Tree",1,322000,322999.999,4097000,4097999.999
"5283",5446,322709.055,322712.886,4097488.558,4097491.751,"Silva","NEON_D17_TEAK_DP1_322000_4097000_classified_point_cloud_colorized.laz","2018_TEAK_3_322000_4097000_image.tif","Tree",1,322000,322999.999,4097000,4097999.999
"5284",5447,322686.52,322693.645,4097485.326,4097491.456,"Silva","NEON_D17_TEAK_DP1_322000_4097000_classified_point_cloud_colorized.laz","2018_TEAK_3_322000_4097000_image.tif","Tree",1,322000,322999.999,4097000,4097999.999
"5285",5448,322784.09,322794.483,4097485.803,4097494.864,"Silva","NEON_D17_TEAK_DP1_322000_4097000_classified_point_cloud_colorized.laz","2018_TEAK_3_322000_4097000_image.tif","Tree",1,322000,322999.999,4097000,4097999.999
"5286",5449,322751.132,322763.494,4097485.042,4097494.017,"Silva","NEON_D17_TEAK_DP1_322000_4097000_classified_point_cloud_colorized.laz","2018_TEAK_3_322000_4097000_image.tif","Tree",1,322000,322999.999,4097000,4097999.999
"5287",5450,322730.081,322738.365,4097485.661,4097493.171,"Silva","NEON_D17_TEAK_DP1_322000_4097000_classified_point_cloud_colorized.laz","2018_TEAK_3_322000_4097000_image.tif","Tree",1,322000,322999.999,4097000,4097999.999
"5288",5451,322445.516,322450.973,4097478.044,4097484.314,"Silva","NEON_D17_TEAK_DP1_322000_4097000_classified_point_cloud_colorized.laz","2018_TEAK_3_322000_4097000_image.tif","Tree",1,322000,322999.999,4097000,4097999.999
"5289",5452,322466.575,322472.296,4097478.729,4097484.597,"Silva","NEON_D17_TEAK_DP1_322000_4097000_classified_point_cloud_colorized.laz","2018_TEAK_3_322000_4097000_image.tif","Tree",1,322000,322999.999,4097000,4097999.999
"5290",5453,322802.044,322810.921,4097487.031,4097492.482,"Silva","NEON_D17_TEAK_DP1_322000_4097000_classified_point_cloud_colorized.laz","2018_TEAK_3_322000_4097000_image.tif","Tree",1,322000,322999.999,4097000,4097999.999
"5291",5454,322623.337,322631.33,4097482.044,4097488.478,"Silva","NEON_D17_TEAK_DP1_322000_4097000_classified_point_cloud_colorized.laz","2018_TEAK_3_322000_4097000_image.tif","Tree",1,322000,322999.999,4097000,4097999.999
"5292",5455,322612.923,322619.972,4097480.295,4097489.38,"Silva","NEON_D17_TEAK_DP1_322000_4097000_classified_point_cloud_colorized.laz","2018_TEAK_3_322000_4097000_image.tif","Tree",1,322000,322999.999,4097000,4097999.999
"5293",5456,322503.083,322504.426,4097482.023,4097482.782,"Silva","NEON_D17_TEAK_DP1_322000_4097000_classified_point_cloud_colorized.laz","2018_TEAK_3_322000_4097000_image.tif","Tree",1,322000,322999.999,4097000,4097999.999
"5294",5457,322259.106,322265.811,4097471.002,4097477.967,"Silva","NEON_D17_TEAK_DP1_322000_4097000_classified_point_cloud_colorized.laz","2018_TEAK_3_322000_4097000_image.tif","Tree",1,322000,322999.999,4097000,4097999.999
"5295",5458,322812.598,322825.343,4097484.115,4097497.175,"Silva","NEON_D17_TEAK_DP1_322000_4097000_classified_point_cloud_colorized.laz","2018_TEAK_3_322000_4097000_image.tif","Tree",1,322000,322999.999,4097000,4097999.999
"5296",5459,322678.064,322686.491,4097481.77,4097489.485,"Silva","NEON_D17_TEAK_DP1_322000_4097000_classified_point_cloud_colorized.laz","2018_TEAK_3_322000_4097000_image.tif","Tree",1,322000,322999.999,4097000,4097999.999
"5297",5460,322403.772,322409.498,4097479.737,4097484.4,"Silva","NEON_D17_TEAK_DP1_322000_4097000_classified_point_cloud_colorized.laz","2018_TEAK_3_322000_4097000_image.tif","Tree",1,322000,322999.999,4097000,4097999.999
"5298",5461,322531.03,322538.675,4097477.164,4097486.275,"Silva","NEON_D17_TEAK_DP1_322000_4097000_classified_point_cloud_colorized.laz","2018_TEAK_3_322000_4097000_image.tif","Tree",1,322000,322999.999,4097000,4097999.999
"5299",5462,322500.967,322502.319,4097479.838,4097480.911,"Silva","NEON_D17_TEAK_DP1_322000_4097000_classified_point_cloud_colorized.laz","2018_TEAK_3_322000_4097000_image.tif","Tree",1,322000,322999.999,4097000,4097999.999
"5300",5463,322370.52,322373.886,4097474.639,4097477.901,"Silva","NEON_D17_TEAK_DP1_322000_4097000_classified_point_cloud_colorized.laz","2018_TEAK_3_322000_4097000_image.tif","Tree",1,322000,322999.999,4097000,4097999.999
"5301",5464,322476.542,322483.341,4097472.028,4097482.485,"Silva","NEON_D17_TEAK_DP1_322000_4097000_classified_point_cloud_colorized.laz","2018_TEAK_3_322000_4097000_image.tif","Tree",1,322000,322999.999,4097000,4097999.999
"5302",5465,322648.793,322656.781,4097479.029,4097487.987,"Silva","NEON_D17_TEAK_DP1_322000_4097000_classified_point_cloud_colorized.laz","2018_TEAK_3_322000_4097000_image.tif","Tree",1,322000,322999.999,4097000,4097999.999
"5303",5466,322825.624,322837.933,4097482.675,4097491.698,"Silva","NEON_D17_TEAK_DP1_322000_4097000_classified_point_cloud_colorized.laz","2018_TEAK_3_322000_4097000_image.tif","Tree",1,322000,322999.999,4097000,4097999.999
"5304",5467,322451.092,322457.249,4097473.666,4097479.44,"Silva","NEON_D17_TEAK_DP1_322000_4097000_classified_point_cloud_colorized.laz","2018_TEAK_3_322000_4097000_image.tif","Tree",1,322000,322999.999,4097000,4097999.999
"5305",5468,322244.072,322250.453,4097466.506,4097475.487,"Silva","NEON_D17_TEAK_DP1_322000_4097000_classified_point_cloud_colorized.laz","2018_TEAK_3_322000_4097000_image.tif","Tree",1,322000,322999.999,4097000,4097999.999
"5306",5469,322265.563,322270.872,4097468.706,4097472.377,"Silva","NEON_D17_TEAK_DP1_322000_4097000_classified_point_cloud_colorized.laz","2018_TEAK_3_322000_4097000_image.tif","Tree",1,322000,322999.999,4097000,4097999.999
"5307",5470,322764.98,322773.499,4097480.057,4097489.472,"Silva","NEON_D17_TEAK_DP1_322000_4097000_classified_point_cloud_colorized.laz","2018_TEAK_3_322000_4097000_image.tif","Tree",1,322000,322999.999,4097000,4097999.999
"5308",5471,322438.528,322441.785,4097476.964,4097479.966,"Silva","NEON_D17_TEAK_DP1_322000_4097000_classified_point_cloud_colorized.laz","2018_TEAK_3_322000_4097000_image.tif","Tree",1,322000,322999.999,4097000,4097999.999
"5309",5472,322740.187,322749.416,4097479.581,4097486.493,"Silva","NEON_D17_TEAK_DP1_322000_4097000_classified_point_cloud_colorized.laz","2018_TEAK_3_322000_4097000_image.tif","Tree",1,322000,322999.999,4097000,4097999.999
"5310",5473,322753.568,322763.481,4097479.689,4097487.999,"Silva","NEON_D17_TEAK_DP1_322000_4097000_classified_point_cloud_colorized.laz","2018_TEAK_3_322000_4097000_image.tif","Tree",1,322000,322999.999,4097000,4097999.999
"5311",5474,322665.749,322672.347,4097478.517,4097485.494,"Silva","NEON_D17_TEAK_DP1_322000_4097000_classified_point_cloud_colorized.laz","2018_TEAK_3_322000_4097000_image.tif","Tree",1,322000,322999.999,4097000,4097999.999
"5312",5475,322411.092,322411.489,4097479.851,4097479.994,"Silva","NEON_D17_TEAK_DP1_322000_4097000_classified_point_cloud_colorized.laz","2018_TEAK_3_322000_4097000_image.tif","Tree",1,322000,322999.999,4097000,4097999.999
"5313",5476,322229.055,322235.712,4097464.114,4097470.957,"Silva","NEON_D17_TEAK_DP1_322000_4097000_classified_point_cloud_colorized.laz","2018_TEAK_3_322000_4097000_image.tif","Tree",1,322000,322999.999,4097000,4097999.999
"5314",5477,322392.944,322392.944,4097472.866,4097472.866,"Silva","NEON_D17_TEAK_DP1_322000_4097000_classified_point_cloud_colorized.laz","2018_TEAK_3_322000_4097000_image.tif","Tree",1,322000,322999.999,4097000,4097999.999
"5315",5478,322729.97,322738.92,4097475.71,4097486.388,"Silva","NEON_D17_TEAK_DP1_322000_4097000_classified_point_cloud_colorized.laz","2018_TEAK_3_322000_4097000_image.tif","Tree",1,322000,322999.999,4097000,4097999.999
"5316",5479,322775.807,322785.869,4097478.586,4097489.004,"Silva","NEON_D17_TEAK_DP1_322000_4097000_classified_point_cloud_colorized.laz","2018_TEAK_3_322000_4097000_image.tif","Tree",1,322000,322999.999,4097000,4097999.999
"5317",5480,322382.503,322386.927,4097469.006,4097473.497,"Silva","NEON_D17_TEAK_DP1_322000_4097000_classified_point_cloud_colorized.laz","2018_TEAK_3_322000_4097000_image.tif","Tree",1,322000,322999.999,4097000,4097999.999
"5318",5481,322721.645,322724.452,4097480.05,4097483.363,"Silva","NEON_D17_TEAK_DP1_322000_4097000_classified_point_cloud_colorized.laz","2018_TEAK_3_322000_4097000_image.tif","Tree",1,322000,322999.999,4097000,4097999.999
"5319",5482,322235.053,322243.482,4097463.064,4097469.965,"Silva","NEON_D17_TEAK_DP1_322000_4097000_classified_point_cloud_colorized.laz","2018_TEAK_3_322000_4097000_image.tif","Tree",1,322000,322999.999,4097000,4097999.999
"5320",5483,322394.119,322394.937,4097470.419,4097470.817,"Silva","NEON_D17_TEAK_DP1_322000_4097000_classified_point_cloud_colorized.laz","2018_TEAK_3_322000_4097000_image.tif","Tree",1,322000,322999.999,4097000,4097999.999
"5321",5484,322527.515,322534.807,4097469.13,4097477.829,"Silva","NEON_D17_TEAK_DP1_322000_4097000_classified_point_cloud_colorized.laz","2018_TEAK_3_322000_4097000_image.tif","Tree",1,322000,322999.999,4097000,4097999.999
"5322",5485,322672.048,322680.951,4097476.36,4097483.381,"Silva","NEON_D17_TEAK_DP1_322000_4097000_classified_point_cloud_colorized.laz","2018_TEAK_3_322000_4097000_image.tif","Tree",1,322000,322999.999,4097000,4097999.999
"5323",5486,322629.911,322630.273,4097476.331,4097476.904,"Silva","NEON_D17_TEAK_DP1_322000_4097000_classified_point_cloud_colorized.laz","2018_TEAK_3_322000_4097000_image.tif","Tree",1,322000,322999.999,4097000,4097999.999
"5324",5487,322749.212,322758.322,4097475.044,4097484.695,"Silva","NEON_D17_TEAK_DP1_322000_4097000_classified_point_cloud_colorized.laz","2018_TEAK_3_322000_4097000_image.tif","Tree",1,322000,322999.999,4097000,4097999.999
"5325",5488,322488.065,322492.66,4097468.57,4097474.468,"Silva","NEON_D17_TEAK_DP1_322000_4097000_classified_point_cloud_colorized.laz","2018_TEAK_3_322000_4097000_image.tif","Tree",1,322000,322999.999,4097000,4097999.999
"5326",5489,322463.132,322470.903,4097465.718,4097473.812,"Silva","NEON_D17_TEAK_DP1_322000_4097000_classified_point_cloud_colorized.laz","2018_TEAK_3_322000_4097000_image.tif","Tree",1,322000,322999.999,4097000,4097999.999
"5327",5491,322266.632,322274.979,4097459.505,4097465.921,"Silva","NEON_D17_TEAK_DP1_322000_4097000_classified_point_cloud_colorized.laz","2018_TEAK_3_322000_4097000_image.tif","Tree",1,322000,322999.999,4097000,4097999.999
"5328",5492,322664.513,322672.953,4097471.66,4097479,"Silva","NEON_D17_TEAK_DP1_322000_4097000_classified_point_cloud_colorized.laz","2018_TEAK_3_322000_4097000_image.tif","Tree",1,322000,322999.999,4097000,4097999.999
"5329",5493,322802.034,322811.898,4097472.589,4097484.866,"Silva","NEON_D17_TEAK_DP1_322000_4097000_classified_point_cloud_colorized.laz","2018_TEAK_3_322000_4097000_image.tif","Tree",1,322000,322999.999,4097000,4097999.999
"5330",5494,322621.016,322627.357,4097470.241,4097477.348,"Silva","NEON_D17_TEAK_DP1_322000_4097000_classified_point_cloud_colorized.laz","2018_TEAK_3_322000_4097000_image.tif","Tree",1,322000,322999.999,4097000,4097999.999
"5331",5495,322226.574,322232.757,4097454.017,4097461.761,"Silva","NEON_D17_TEAK_DP1_322000_4097000_classified_point_cloud_colorized.laz","2018_TEAK_3_322000_4097000_image.tif","Tree",1,322000,322999.999,4097000,4097999.999
"5332",5496,322319.53,322324.389,4097459.623,4097465.461,"Silva","NEON_D17_TEAK_DP1_322000_4097000_classified_point_cloud_colorized.laz","2018_TEAK_3_322000_4097000_image.tif","Tree",1,322000,322999.999,4097000,4097999.999
"5333",5497,322501.631,322509.731,4097464.648,4097472.496,"Silva","NEON_D17_TEAK_DP1_322000_4097000_classified_point_cloud_colorized.laz","2018_TEAK_3_322000_4097000_image.tif","Tree",1,322000,322999.999,4097000,4097999.999
"5334",5498,322689.056,322697.389,4097470.788,4097480.282,"Silva","NEON_D17_TEAK_DP1_322000_4097000_classified_point_cloud_colorized.laz","2018_TEAK_3_322000_4097000_image.tif","Tree",1,322000,322999.999,4097000,4097999.999
"5335",5499,322672.049,322680.444,4097469.169,4097476.987,"Silva","NEON_D17_TEAK_DP1_322000_4097000_classified_point_cloud_colorized.laz","2018_TEAK_3_322000_4097000_image.tif","Tree",1,322000,322999.999,4097000,4097999.999
"5336",5500,322530.623,322534.868,4097466.698,4097472.114,"Silva","NEON_D17_TEAK_DP1_322000_4097000_classified_point_cloud_colorized.laz","2018_TEAK_3_322000_4097000_image.tif","Tree",1,322000,322999.999,4097000,4097999.999
"5337",5501,322758.003,322763.99,4097471.532,4097479.955,"Silva","NEON_D17_TEAK_DP1_322000_4097000_classified_point_cloud_colorized.laz","2018_TEAK_3_322000_4097000_image.tif","Tree",1,322000,322999.999,4097000,4097999.999
"5338",5502,322679.665,322688.288,4097468.053,4097477.617,"Silva","NEON_D17_TEAK_DP1_322000_4097000_classified_point_cloud_colorized.laz","2018_TEAK_3_322000_4097000_image.tif","Tree",1,322000,322999.999,4097000,4097999.999
"5339",5503,322645.003,322657.831,4097464.282,4097476.445,"Silva","NEON_D17_TEAK_DP1_322000_4097000_classified_point_cloud_colorized.laz","2018_TEAK_3_322000_4097000_image.tif","Tree",1,322000,322999.999,4097000,4097999.999
"5340",5504,322454.598,322463.3,4097462.541,4097470.322,"Silva","NEON_D17_TEAK_DP1_322000_4097000_classified_point_cloud_colorized.laz","2018_TEAK_3_322000_4097000_image.tif","Tree",1,322000,322999.999,4097000,4097999.999
"5341",5505,322230.63,322238.783,4097450.559,4097460.498,"Silva","NEON_D17_TEAK_DP1_322000_4097000_classified_point_cloud_colorized.laz","2018_TEAK_3_322000_4097000_image.tif","Tree",1,322000,322999.999,4097000,4097999.999
"5342",5506,322806.512,322819.984,4097469.509,4097481.816,"Silva","NEON_D17_TEAK_DP1_322000_4097000_classified_point_cloud_colorized.laz","2018_TEAK_3_322000_4097000_image.tif","Tree",1,322000,322999.999,4097000,4097999.999
"5343",5507,322522.154,322531.411,4097463.543,4097470.994,"Silva","NEON_D17_TEAK_DP1_322000_4097000_classified_point_cloud_colorized.laz","2018_TEAK_3_322000_4097000_image.tif","Tree",1,322000,322999.999,4097000,4097999.999
"5344",5508,322848.03,322851.984,4097474.65,4097479.972,"Silva","NEON_D17_TEAK_DP1_322000_4097000_classified_point_cloud_colorized.laz","2018_TEAK_3_322000_4097000_image.tif","Tree",1,322000,322999.999,4097000,4097999.999
"5345",5509,322857.567,322860.953,4097476.16,4097479.49,"Silva","NEON_D17_TEAK_DP1_322000_4097000_classified_point_cloud_colorized.laz","2018_TEAK_3_322000_4097000_image.tif","Tree",1,322000,322999.999,4097000,4097999.999
"5346",5510,322769.179,322776.465,4097470.697,4097478.337,"Silva","NEON_D17_TEAK_DP1_322000_4097000_classified_point_cloud_colorized.laz","2018_TEAK_3_322000_4097000_image.tif","Tree",1,322000,322999.999,4097000,4097999.999
"5347",5511,322705.519,322715.488,4097467.885,4097476.778,"Silva","NEON_D17_TEAK_DP1_322000_4097000_classified_point_cloud_colorized.laz","2018_TEAK_3_322000_4097000_image.tif","Tree",1,322000,322999.999,4097000,4097999.999
"5348",5512,322447.293,322455.877,4097456.219,4097468.978,"Silva","NEON_D17_TEAK_DP1_322000_4097000_classified_point_cloud_colorized.laz","2018_TEAK_3_322000_4097000_image.tif","Tree",1,322000,322999.999,4097000,4097999.999
"5349",5513,322412.035,322420.81,4097454.261,4097465.972,"Silva","NEON_D17_TEAK_DP1_322000_4097000_classified_point_cloud_colorized.laz","2018_TEAK_3_322000_4097000_image.tif","Tree",1,322000,322999.999,4097000,4097999.999
"5350",5514,322266.572,322275.961,4097450.548,4097459.986,"Silva","NEON_D17_TEAK_DP1_322000_4097000_classified_point_cloud_colorized.laz","2018_TEAK_3_322000_4097000_image.tif","Tree",1,322000,322999.999,4097000,4097999.999
"5351",5515,322378.633,322385.496,4097454.593,4097462.983,"Silva","NEON_D17_TEAK_DP1_322000_4097000_classified_point_cloud_colorized.laz","2018_TEAK_3_322000_4097000_image.tif","Tree",1,322000,322999.999,4097000,4097999.999
"5352",5516,322791.155,322799.995,4097465.871,4097477.935,"Silva","NEON_D17_TEAK_DP1_322000_4097000_classified_point_cloud_colorized.laz","2018_TEAK_3_322000_4097000_image.tif","Tree",1,322000,322999.999,4097000,4097999.999
"5353",5517,322468.503,322476.985,4097459.596,4097467.816,"Silva","NEON_D17_TEAK_DP1_322000_4097000_classified_point_cloud_colorized.laz","2018_TEAK_3_322000_4097000_image.tif","Tree",1,322000,322999.999,4097000,4097999.999
"5354",5518,322455.017,322462.342,4097456.553,4097462.996,"Silva","NEON_D17_TEAK_DP1_322000_4097000_classified_point_cloud_colorized.laz","2018_TEAK_3_322000_4097000_image.tif","Tree",1,322000,322999.999,4097000,4097999.999
"5355",5519,322602.528,322613.779,4097459.533,4097472.491,"Silva","NEON_D17_TEAK_DP1_322000_4097000_classified_point_cloud_colorized.laz","2018_TEAK_3_322000_4097000_image.tif","Tree",1,322000,322999.999,4097000,4097999.999
"5356",5520,322776.505,322783.954,4097468.539,4097476.865,"Silva","NEON_D17_TEAK_DP1_322000_4097000_classified_point_cloud_colorized.laz","2018_TEAK_3_322000_4097000_image.tif","Tree",1,322000,322999.999,4097000,4097999.999
"5357",5521,322632,322636.997,4097464.641,4097469.918,"Silva","NEON_D17_TEAK_DP1_322000_4097000_classified_point_cloud_colorized.laz","2018_TEAK_3_322000_4097000_image.tif","Tree",1,322000,322999.999,4097000,4097999.999
"5358",5522,322735.334,322743.999,4097464.587,4097475.219,"Silva","NEON_D17_TEAK_DP1_322000_4097000_classified_point_cloud_colorized.laz","2018_TEAK_3_322000_4097000_image.tif","Tree",1,322000,322999.999,4097000,4097999.999
"5359",5523,322683.598,322692.876,4097462.789,4097471.983,"Silva","NEON_D17_TEAK_DP1_322000_4097000_classified_point_cloud_colorized.laz","2018_TEAK_3_322000_4097000_image.tif","Tree",1,322000,322999.999,4097000,4097999.999
"5360",5524,322712.675,322718.322,4097467.192,4097472.474,"Silva","NEON_D17_TEAK_DP1_322000_4097000_classified_point_cloud_colorized.laz","2018_TEAK_3_322000_4097000_image.tif","Tree",1,322000,322999.999,4097000,4097999.999
"5361",5525,322729.186,322736.862,4097463.037,4097472.436,"Silva","NEON_D17_TEAK_DP1_322000_4097000_classified_point_cloud_colorized.laz","2018_TEAK_3_322000_4097000_image.tif","Tree",1,322000,322999.999,4097000,4097999.999
"5362",5526,322782.635,322792.483,4097465.687,4097474.461,"Silva","NEON_D17_TEAK_DP1_322000_4097000_classified_point_cloud_colorized.laz","2018_TEAK_3_322000_4097000_image.tif","Tree",1,322000,322999.999,4097000,4097999.999
"5363",5528,322744.019,322754.994,4097464.512,4097473.997,"Silva","NEON_D17_TEAK_DP1_322000_4097000_classified_point_cloud_colorized.laz","2018_TEAK_3_322000_4097000_image.tif","Tree",1,322000,322999.999,4097000,4097999.999
"5364",5529,322668.503,322678.998,4097461.536,4097471.498,"Silva","NEON_D17_TEAK_DP1_322000_4097000_classified_point_cloud_colorized.laz","2018_TEAK_3_322000_4097000_image.tif","Tree",1,322000,322999.999,4097000,4097999.999
"5365",5530,322652.662,322661.726,4097461.232,4097472.17,"Silva","NEON_D17_TEAK_DP1_322000_4097000_classified_point_cloud_colorized.laz","2018_TEAK_3_322000_4097000_image.tif","Tree",1,322000,322999.999,4097000,4097999.999
"5366",5531,322287.466,322287.466,4097446.411,4097446.411,"Silva","NEON_D17_TEAK_DP1_322000_4097000_classified_point_cloud_colorized.laz","2018_TEAK_3_322000_4097000_image.tif","Tree",1,322000,322999.999,4097000,4097999.999
"5367",5532,322260.503,322267.965,4097445.01,4097453.279,"Silva","NEON_D17_TEAK_DP1_322000_4097000_classified_point_cloud_colorized.laz","2018_TEAK_3_322000_4097000_image.tif","Tree",1,322000,322999.999,4097000,4097999.999
"5368",5533,322247.171,322257.246,4097442.514,4097449.897,"Silva","NEON_D17_TEAK_DP1_322000_4097000_classified_point_cloud_colorized.laz","2018_TEAK_3_322000_4097000_image.tif","Tree",1,322000,322999.999,4097000,4097999.999
"5369",5534,322224.556,322235.499,4097441.002,4097450.974,"Silva","NEON_D17_TEAK_DP1_322000_4097000_classified_point_cloud_colorized.laz","2018_TEAK_3_322000_4097000_image.tif","Tree",1,322000,322999.999,4097000,4097999.999
"5370",5535,322341.527,322345.883,4097446.514,4097449.089,"Silva","NEON_D17_TEAK_DP1_322000_4097000_classified_point_cloud_colorized.laz","2018_TEAK_3_322000_4097000_image.tif","Tree",1,322000,322999.999,4097000,4097999.999
"5371",5536,322722.014,322723.22,4097463.275,4097464.444,"Silva","NEON_D17_TEAK_DP1_322000_4097000_classified_point_cloud_colorized.laz","2018_TEAK_3_322000_4097000_image.tif","Tree",1,322000,322999.999,4097000,4097999.999
"5372",5537,322754.549,322765.38,4097461.002,4097468.332,"Silva","NEON_D17_TEAK_DP1_322000_4097000_classified_point_cloud_colorized.laz","2018_TEAK_3_322000_4097000_image.tif","Tree",1,322000,322999.999,4097000,4097999.999
"5373",5538,322362.707,322367.387,4097443.686,4097449.327,"Silva","NEON_D17_TEAK_DP1_322000_4097000_classified_point_cloud_colorized.laz","2018_TEAK_3_322000_4097000_image.tif","Tree",1,322000,322999.999,4097000,4097999.999
"5374",5539,322304.567,322311.321,4097441.618,4097447.535,"Silva","NEON_D17_TEAK_DP1_322000_4097000_classified_point_cloud_colorized.laz","2018_TEAK_3_322000_4097000_image.tif","Tree",1,322000,322999.999,4097000,4097999.999
"5375",5540,322229.014,322238.482,4097435.122,4097443.429,"Silva","NEON_D17_TEAK_DP1_322000_4097000_classified_point_cloud_colorized.laz","2018_TEAK_3_322000_4097000_image.tif","Tree",1,322000,322999.999,4097000,4097999.999
"5376",5541,322615.627,322622.845,4097454.009,4097460.987,"Silva","NEON_D17_TEAK_DP1_322000_4097000_classified_point_cloud_colorized.laz","2018_TEAK_3_322000_4097000_image.tif","Tree",1,322000,322999.999,4097000,4097999.999
"5377",5542,322644.642,322653.463,4097453.026,4097464.54,"Silva","NEON_D17_TEAK_DP1_322000_4097000_classified_point_cloud_colorized.laz","2018_TEAK_3_322000_4097000_image.tif","Tree",1,322000,322999.999,4097000,4097999.999
"5378",5543,322672.537,322680.379,4097455.087,4097463.493,"Silva","NEON_D17_TEAK_DP1_322000_4097000_classified_point_cloud_colorized.laz","2018_TEAK_3_322000_4097000_image.tif","Tree",1,322000,322999.999,4097000,4097999.999
"5379",5544,322467.982,322473.903,4097445.539,4097450.997,"Silva","NEON_D17_TEAK_DP1_322000_4097000_classified_point_cloud_colorized.laz","2018_TEAK_3_322000_4097000_image.tif","Tree",1,322000,322999.999,4097000,4097999.999
"5380",5545,322353.604,322357.905,4097440.219,4097446.477,"Silva","NEON_D17_TEAK_DP1_322000_4097000_classified_point_cloud_colorized.laz","2018_TEAK_3_322000_4097000_image.tif","Tree",1,322000,322999.999,4097000,4097999.999
"5381",5546,322743.65,322752.484,4097457.057,4097465.34,"Silva","NEON_D17_TEAK_DP1_322000_4097000_classified_point_cloud_colorized.laz","2018_TEAK_3_322000_4097000_image.tif","Tree",1,322000,322999.999,4097000,4097999.999
"5382",5547,322785.009,322795.795,4097459.597,4097468.415,"Silva","NEON_D17_TEAK_DP1_322000_4097000_classified_point_cloud_colorized.laz","2018_TEAK_3_322000_4097000_image.tif","Tree",1,322000,322999.999,4097000,4097999.999
"5383",5548,322709.543,322715.918,4097456.105,4097463.967,"Silva","NEON_D17_TEAK_DP1_322000_4097000_classified_point_cloud_colorized.laz","2018_TEAK_3_322000_4097000_image.tif","Tree",1,322000,322999.999,4097000,4097999.999
"5384",5549,322636.203,322644.935,4097450.552,4097459.392,"Silva","NEON_D17_TEAK_DP1_322000_4097000_classified_point_cloud_colorized.laz","2018_TEAK_3_322000_4097000_image.tif","Tree",1,322000,322999.999,4097000,4097999.999
"5385",5550,322507.059,322512.92,4097446.679,4097453.253,"Silva","NEON_D17_TEAK_DP1_322000_4097000_classified_point_cloud_colorized.laz","2018_TEAK_3_322000_4097000_image.tif","Tree",1,322000,322999.999,4097000,4097999.999
"5386",5551,322566.617,322568.942,4097450.219,4097453.321,"Silva","NEON_D17_TEAK_DP1_322000_4097000_classified_point_cloud_colorized.laz","2018_TEAK_3_322000_4097000_image.tif","Tree",1,322000,322999.999,4097000,4097999.999
"5387",5552,322667.003,322674.947,4097451.814,4097461.887,"Silva","NEON_D17_TEAK_DP1_322000_4097000_classified_point_cloud_colorized.laz","2018_TEAK_3_322000_4097000_image.tif","Tree",1,322000,322999.999,4097000,4097999.999
"5388",5553,322808.436,322815.954,4097457.001,4097468.971,"Silva","NEON_D17_TEAK_DP1_322000_4097000_classified_point_cloud_colorized.laz","2018_TEAK_3_322000_4097000_image.tif","Tree",1,322000,322999.999,4097000,4097999.999
"5389",5554,322732.043,322740.934,4097453.353,4097464.374,"Silva","NEON_D17_TEAK_DP1_322000_4097000_classified_point_cloud_colorized.laz","2018_TEAK_3_322000_4097000_image.tif","Tree",1,322000,322999.999,4097000,4097999.999
"5390",5555,322264.783,322266.472,4097434.059,4097436.902,"Silva","NEON_D17_TEAK_DP1_322000_4097000_classified_point_cloud_colorized.laz","2018_TEAK_3_322000_4097000_image.tif","Tree",1,322000,322999.999,4097000,4097999.999
"5391",5556,322483.373,322486.97,4097444.521,4097448.423,"Silva","NEON_D17_TEAK_DP1_322000_4097000_classified_point_cloud_colorized.laz","2018_TEAK_3_322000_4097000_image.tif","Tree",1,322000,322999.999,4097000,4097999.999
"5392",5557,322562.534,322563.449,4097450.02,4097451.268,"Silva","NEON_D17_TEAK_DP1_322000_4097000_classified_point_cloud_colorized.laz","2018_TEAK_3_322000_4097000_image.tif","Tree",1,322000,322999.999,4097000,4097999.999
"5393",5558,322604.638,322608.429,4097449.547,4097458.5,"Silva","NEON_D17_TEAK_DP1_322000_4097000_classified_point_cloud_colorized.laz","2018_TEAK_3_322000_4097000_image.tif","Tree",1,322000,322999.999,4097000,4097999.999
"5394",5559,322752.708,322759.985,4097454.113,4097464.963,"Silva","NEON_D17_TEAK_DP1_322000_4097000_classified_point_cloud_colorized.laz","2018_TEAK_3_322000_4097000_image.tif","Tree",1,322000,322999.999,4097000,4097999.999
"5395",5560,322816.047,322822.692,4097459.579,4097465.894,"Silva","NEON_D17_TEAK_DP1_322000_4097000_classified_point_cloud_colorized.laz","2018_TEAK_3_322000_4097000_image.tif","Tree",1,322000,322999.999,4097000,4097999.999
"5396",5561,322827.158,322834.969,4097457.09,4097464.947,"Silva","NEON_D17_TEAK_DP1_322000_4097000_classified_point_cloud_colorized.laz","2018_TEAK_3_322000_4097000_image.tif","Tree",1,322000,322999.999,4097000,4097999.999
"5397",5562,322235.116,322246.934,4097428.53,4097437.496,"Silva","NEON_D17_TEAK_DP1_322000_4097000_classified_point_cloud_colorized.laz","2018_TEAK_3_322000_4097000_image.tif","Tree",1,322000,322999.999,4097000,4097999.999
"5398",5563,322414.353,322419.259,4097437.675,4097442.755,"Silva","NEON_D17_TEAK_DP1_322000_4097000_classified_point_cloud_colorized.laz","2018_TEAK_3_322000_4097000_image.tif","Tree",1,322000,322999.999,4097000,4097999.999
"5399",5564,322421.521,322428.262,4097439.254,4097445.999,"Silva","NEON_D17_TEAK_DP1_322000_4097000_classified_point_cloud_colorized.laz","2018_TEAK_3_322000_4097000_image.tif","Tree",1,322000,322999.999,4097000,4097999.999
"5400",5565,322457.516,322462.975,4097443.626,4097446.983,"Silva","NEON_D17_TEAK_DP1_322000_4097000_classified_point_cloud_colorized.laz","2018_TEAK_3_322000_4097000_image.tif","Tree",1,322000,322999.999,4097000,4097999.999
"5401",5566,322688.057,322692.413,4097453.042,4097457.583,"Silva","NEON_D17_TEAK_DP1_322000_4097000_classified_point_cloud_colorized.laz","2018_TEAK_3_322000_4097000_image.tif","Tree",1,322000,322999.999,4097000,4097999.999
"5402",5567,322749.168,322755.407,4097453.519,4097462.356,"Silva","NEON_D17_TEAK_DP1_322000_4097000_classified_point_cloud_colorized.laz","2018_TEAK_3_322000_4097000_image.tif","Tree",1,322000,322999.999,4097000,4097999.999
"5403",5568,322781.507,322788.352,4097455.873,4097465.459,"Silva","NEON_D17_TEAK_DP1_322000_4097000_classified_point_cloud_colorized.laz","2018_TEAK_3_322000_4097000_image.tif","Tree",1,322000,322999.999,4097000,4097999.999
"5404",5569,322680.99,322687.987,4097449.532,4097457.464,"Silva","NEON_D17_TEAK_DP1_322000_4097000_classified_point_cloud_colorized.laz","2018_TEAK_3_322000_4097000_image.tif","Tree",1,322000,322999.999,4097000,4097999.999
"5405",5570,322495.033,322500.644,4097439.563,4097448.962,"Silva","NEON_D17_TEAK_DP1_322000_4097000_classified_point_cloud_colorized.laz","2018_TEAK_3_322000_4097000_image.tif","Tree",1,322000,322999.999,4097000,4097999.999
"5406",5571,322518.125,322524.907,4097441.108,4097449.961,"Silva","NEON_D17_TEAK_DP1_322000_4097000_classified_point_cloud_colorized.laz","2018_TEAK_3_322000_4097000_image.tif","Tree",1,322000,322999.999,4097000,4097999.999
"5407",5572,322710.52,322717.445,4097451.147,4097457.929,"Silva","NEON_D17_TEAK_DP1_322000_4097000_classified_point_cloud_colorized.laz","2018_TEAK_3_322000_4097000_image.tif","Tree",1,322000,322999.999,4097000,4097999.999
"5408",5573,322323.72,322330.945,4097431.274,4097439.336,"Silva","NEON_D17_TEAK_DP1_322000_4097000_classified_point_cloud_colorized.laz","2018_TEAK_3_322000_4097000_image.tif","Tree",1,322000,322999.999,4097000,4097999.999
"5409",5574,322451.927,322457.842,4097437.568,4097444.073,"Silva","NEON_D17_TEAK_DP1_322000_4097000_classified_point_cloud_colorized.laz","2018_TEAK_3_322000_4097000_image.tif","Tree",1,322000,322999.999,4097000,4097999.999
"5410",5575,322728.515,322734.416,4097453.111,4097457.652,"Silva","NEON_D17_TEAK_DP1_322000_4097000_classified_point_cloud_colorized.laz","2018_TEAK_3_322000_4097000_image.tif","Tree",1,322000,322999.999,4097000,4097999.999
"5411",5577,322246.046,322256.994,4097423.088,4097434.991,"Silva","NEON_D17_TEAK_DP1_322000_4097000_classified_point_cloud_colorized.laz","2018_TEAK_3_322000_4097000_image.tif","Tree",1,322000,322999.999,4097000,4097999.999
"5412",5578,322484.763,322489.982,4097438.356,4097443.413,"Silva","NEON_D17_TEAK_DP1_322000_4097000_classified_point_cloud_colorized.laz","2018_TEAK_3_322000_4097000_image.tif","Tree",1,322000,322999.999,4097000,4097999.999
"5413",5579,322785.652,322793.398,4097452.755,4097459.776,"Silva","NEON_D17_TEAK_DP1_322000_4097000_classified_point_cloud_colorized.laz","2018_TEAK_3_322000_4097000_image.tif","Tree",1,322000,322999.999,4097000,4097999.999
"5414",5580,322307.534,322315.951,4097424.263,4097433.996,"Silva","NEON_D17_TEAK_DP1_322000_4097000_classified_point_cloud_colorized.laz","2018_TEAK_3_322000_4097000_image.tif","Tree",1,322000,322999.999,4097000,4097999.999
"5415",5581,322266.627,322273.982,4097424.34,4097431.883,"Silva","NEON_D17_TEAK_DP1_322000_4097000_classified_point_cloud_colorized.laz","2018_TEAK_3_322000_4097000_image.tif","Tree",1,322000,322999.999,4097000,4097999.999
"5416",5582,322378.03,322386.44,4097428.008,4097436.297,"Silva","NEON_D17_TEAK_DP1_322000_4097000_classified_point_cloud_colorized.laz","2018_TEAK_3_322000_4097000_image.tif","Tree",1,322000,322999.999,4097000,4097999.999
"5417",5583,322462.693,322467.346,4097436.007,4097440.913,"Silva","NEON_D17_TEAK_DP1_322000_4097000_classified_point_cloud_colorized.laz","2018_TEAK_3_322000_4097000_image.tif","Tree",1,322000,322999.999,4097000,4097999.999
"5418",5584,322743.751,322753.482,4097450.545,4097457.402,"Silva","NEON_D17_TEAK_DP1_322000_4097000_classified_point_cloud_colorized.laz","2018_TEAK_3_322000_4097000_image.tif","Tree",1,322000,322999.999,4097000,4097999.999
"5419",5585,322816.53,322823.966,4097453.614,4097460.878,"Silva","NEON_D17_TEAK_DP1_322000_4097000_classified_point_cloud_colorized.laz","2018_TEAK_3_322000_4097000_image.tif","Tree",1,322000,322999.999,4097000,4097999.999
"5420",5586,322841.142,322848.488,4097457.1,4097463.966,"Silva","NEON_D17_TEAK_DP1_322000_4097000_classified_point_cloud_colorized.laz","2018_TEAK_3_322000_4097000_image.tif","Tree",1,322000,322999.999,4097000,4097999.999
"5421",5587,322244.008,322249.41,4097419.024,4097430.431,"Silva","NEON_D17_TEAK_DP1_322000_4097000_classified_point_cloud_colorized.laz","2018_TEAK_3_322000_4097000_image.tif","Tree",1,322000,322999.999,4097000,4097999.999
"5422",5588,322605.728,322613.448,4097441.509,4097448.398,"Silva","NEON_D17_TEAK_DP1_322000_4097000_classified_point_cloud_colorized.laz","2018_TEAK_3_322000_4097000_image.tif","Tree",1,322000,322999.999,4097000,4097999.999
"5423",5589,322824,322831.703,4097453.509,4097462.195,"Silva","NEON_D17_TEAK_DP1_322000_4097000_classified_point_cloud_colorized.laz","2018_TEAK_3_322000_4097000_image.tif","Tree",1,322000,322999.999,4097000,4097999.999
"5424",5590,322857.742,322867.934,4097454.032,4097463.295,"Silva","NEON_D17_TEAK_DP1_322000_4097000_classified_point_cloud_colorized.laz","2018_TEAK_3_322000_4097000_image.tif","Tree",1,322000,322999.999,4097000,4097999.999
"5425",5591,322872.663,322876.46,4097458.658,4097462.96,"Silva","NEON_D17_TEAK_DP1_322000_4097000_classified_point_cloud_colorized.laz","2018_TEAK_3_322000_4097000_image.tif","Tree",1,322000,322999.999,4097000,4097999.999
"5426",5592,322442.203,322448.866,4097430.643,4097438.89,"Silva","NEON_D17_TEAK_DP1_322000_4097000_classified_point_cloud_colorized.laz","2018_TEAK_3_322000_4097000_image.tif","Tree",1,322000,322999.999,4097000,4097999.999
"5427",5593,322847.656,322856.464,4097453.508,4097462.817,"Silva","NEON_D17_TEAK_DP1_322000_4097000_classified_point_cloud_colorized.laz","2018_TEAK_3_322000_4097000_image.tif","Tree",1,322000,322999.999,4097000,4097999.999
"5428",5594,322671.076,322681.393,4097443.582,4097450.489,"Silva","NEON_D17_TEAK_DP1_322000_4097000_classified_point_cloud_colorized.laz","2018_TEAK_3_322000_4097000_image.tif","Tree",1,322000,322999.999,4097000,4097999.999
"5429",5595,322327.091,322331.941,4097425.121,4097431.368,"Silva","NEON_D17_TEAK_DP1_322000_4097000_classified_point_cloud_colorized.laz","2018_TEAK_3_322000_4097000_image.tif","Tree",1,322000,322999.999,4097000,4097999.999
"5430",5596,322626.037,322634.624,4097439.551,4097449.382,"Silva","NEON_D17_TEAK_DP1_322000_4097000_classified_point_cloud_colorized.laz","2018_TEAK_3_322000_4097000_image.tif","Tree",1,322000,322999.999,4097000,4097999.999
"5431",5597,322791.155,322798.79,4097450.589,4097457.369,"Silva","NEON_D17_TEAK_DP1_322000_4097000_classified_point_cloud_colorized.laz","2018_TEAK_3_322000_4097000_image.tif","Tree",1,322000,322999.999,4097000,4097999.999
"5432",5598,322407.003,322414.45,4097428.167,4097435.974,"Silva","NEON_D17_TEAK_DP1_322000_4097000_classified_point_cloud_colorized.laz","2018_TEAK_3_322000_4097000_image.tif","Tree",1,322000,322999.999,4097000,4097999.999
"5433",5599,322356.047,322361.541,4097425.297,4097431.19,"Silva","NEON_D17_TEAK_DP1_322000_4097000_classified_point_cloud_colorized.laz","2018_TEAK_3_322000_4097000_image.tif","Tree",1,322000,322999.999,4097000,4097999.999
"5434",5600,322293.534,322304.433,4097421.137,4097427.952,"Silva","NEON_D17_TEAK_DP1_322000_4097000_classified_point_cloud_colorized.laz","2018_TEAK_3_322000_4097000_image.tif","Tree",1,322000,322999.999,4097000,4097999.999
"5435",5601,322418.502,322419.88,4097430.209,4097434.688,"Silva","NEON_D17_TEAK_DP1_322000_4097000_classified_point_cloud_colorized.laz","2018_TEAK_3_322000_4097000_image.tif","Tree",1,322000,322999.999,4097000,4097999.999
"5436",5602,322454.024,322460.149,4097430.719,4097436.838,"Silva","NEON_D17_TEAK_DP1_322000_4097000_classified_point_cloud_colorized.laz","2018_TEAK_3_322000_4097000_image.tif","Tree",1,322000,322999.999,4097000,4097999.999
"5437",5603,322841.509,322848.986,4097450.514,4097457.348,"Silva","NEON_D17_TEAK_DP1_322000_4097000_classified_point_cloud_colorized.laz","2018_TEAK_3_322000_4097000_image.tif","Tree",1,322000,322999.999,4097000,4097999.999
"5438",5604,322314.537,322320.401,4097422.521,4097428.975,"Silva","NEON_D17_TEAK_DP1_322000_4097000_classified_point_cloud_colorized.laz","2018_TEAK_3_322000_4097000_image.tif","Tree",1,322000,322999.999,4097000,4097999.999
"5439",5605,322411.855,322418.976,4097425.647,4097434.47,"Silva","NEON_D17_TEAK_DP1_322000_4097000_classified_point_cloud_colorized.laz","2018_TEAK_3_322000_4097000_image.tif","Tree",1,322000,322999.999,4097000,4097999.999
"5440",5606,322723.033,322729.962,4097444.268,4097450.072,"Silva","NEON_D17_TEAK_DP1_322000_4097000_classified_point_cloud_colorized.laz","2018_TEAK_3_322000_4097000_image.tif","Tree",1,322000,322999.999,4097000,4097999.999
"5441",5607,322810.019,322821.212,4097447.556,4097457.493,"Silva","NEON_D17_TEAK_DP1_322000_4097000_classified_point_cloud_colorized.laz","2018_TEAK_3_322000_4097000_image.tif","Tree",1,322000,322999.999,4097000,4097999.999
"5442",5608,322753.005,322760.248,4097447.019,4097453.991,"Silva","NEON_D17_TEAK_DP1_322000_4097000_classified_point_cloud_colorized.laz","2018_TEAK_3_322000_4097000_image.tif","Tree",1,322000,322999.999,4097000,4097999.999
"5443",5609,322470.05,322472.495,4097431.531,4097433.356,"Silva","NEON_D17_TEAK_DP1_322000_4097000_classified_point_cloud_colorized.laz","2018_TEAK_3_322000_4097000_image.tif","Tree",1,322000,322999.999,4097000,4097999.999
"5444",5610,322330.078,322334.745,4097420.53,4097425.94,"Silva","NEON_D17_TEAK_DP1_322000_4097000_classified_point_cloud_colorized.laz","2018_TEAK_3_322000_4097000_image.tif","Tree",1,322000,322999.999,4097000,4097999.999
"5445",5611,322458.024,322460.955,4097429.809,4097433.927,"Silva","NEON_D17_TEAK_DP1_322000_4097000_classified_point_cloud_colorized.laz","2018_TEAK_3_322000_4097000_image.tif","Tree",1,322000,322999.999,4097000,4097999.999
"5446",5612,322799.034,322804.935,4097447.66,4097453.517,"Silva","NEON_D17_TEAK_DP1_322000_4097000_classified_point_cloud_colorized.laz","2018_TEAK_3_322000_4097000_image.tif","Tree",1,322000,322999.999,4097000,4097999.999
"5447",5613,322245.086,322255.462,4097413.538,4097421.395,"Silva","NEON_D17_TEAK_DP1_322000_4097000_classified_point_cloud_colorized.laz","2018_TEAK_3_322000_4097000_image.tif","Tree",1,322000,322999.999,4097000,4097999.999
"5448",5614,322524.032,322531.911,4097427.741,4097437.989,"Silva","NEON_D17_TEAK_DP1_322000_4097000_classified_point_cloud_colorized.laz","2018_TEAK_3_322000_4097000_image.tif","Tree",1,322000,322999.999,4097000,4097999.999
"5449",5615,322660.653,322669.685,4097435.107,4097447.391,"Silva","NEON_D17_TEAK_DP1_322000_4097000_classified_point_cloud_colorized.laz","2018_TEAK_3_322000_4097000_image.tif","Tree",1,322000,322999.999,4097000,4097999.999
"5450",5616,322446.018,322451.938,4097425.39,4097431.359,"Silva","NEON_D17_TEAK_DP1_322000_4097000_classified_point_cloud_colorized.laz","2018_TEAK_3_322000_4097000_image.tif","Tree",1,322000,322999.999,4097000,4097999.999
"5451",5617,322360.285,322364.897,4097419.929,4097424.381,"Silva","NEON_D17_TEAK_DP1_322000_4097000_classified_point_cloud_colorized.laz","2018_TEAK_3_322000_4097000_image.tif","Tree",1,322000,322999.999,4097000,4097999.999
"5452",5618,322281.508,322291.447,4097414.043,4097421.992,"Silva","NEON_D17_TEAK_DP1_322000_4097000_classified_point_cloud_colorized.laz","2018_TEAK_3_322000_4097000_image.tif","Tree",1,322000,322999.999,4097000,4097999.999
"5453",5619,322296.013,322304.939,4097413.217,4097420.922,"Silva","NEON_D17_TEAK_DP1_322000_4097000_classified_point_cloud_colorized.laz","2018_TEAK_3_322000_4097000_image.tif","Tree",1,322000,322999.999,4097000,4097999.999
"5454",5620,322365.026,322370.984,4097418.017,4097426.953,"Silva","NEON_D17_TEAK_DP1_322000_4097000_classified_point_cloud_colorized.laz","2018_TEAK_3_322000_4097000_image.tif","Tree",1,322000,322999.999,4097000,4097999.999
"5455",5621,322431.265,322432.858,4097425.555,4097427.737,"Silva","NEON_D17_TEAK_DP1_322000_4097000_classified_point_cloud_colorized.laz","2018_TEAK_3_322000_4097000_image.tif","Tree",1,322000,322999.999,4097000,4097999.999
"5456",5622,322475.102,322481.188,4097426.065,4097431.658,"Silva","NEON_D17_TEAK_DP1_322000_4097000_classified_point_cloud_colorized.laz","2018_TEAK_3_322000_4097000_image.tif","Tree",1,322000,322999.999,4097000,4097999.999
"5457",5623,322609.025,322614.855,4097433.624,4097441.458,"Silva","NEON_D17_TEAK_DP1_322000_4097000_classified_point_cloud_colorized.laz","2018_TEAK_3_322000_4097000_image.tif","Tree",1,322000,322999.999,4097000,4097999.999
"5458",5624,322778.723,322788.494,4097441.544,4097452.476,"Silva","NEON_D17_TEAK_DP1_322000_4097000_classified_point_cloud_colorized.laz","2018_TEAK_3_322000_4097000_image.tif","Tree",1,322000,322999.999,4097000,4097999.999
"5459",5625,322652.821,322662.421,4097435.002,4097446.908,"Silva","NEON_D17_TEAK_DP1_322000_4097000_classified_point_cloud_colorized.laz","2018_TEAK_3_322000_4097000_image.tif","Tree",1,322000,322999.999,4097000,4097999.999
"5460",5626,322517.552,322523.966,4097428.029,4097435.41,"Silva","NEON_D17_TEAK_DP1_322000_4097000_classified_point_cloud_colorized.laz","2018_TEAK_3_322000_4097000_image.tif","Tree",1,322000,322999.999,4097000,4097999.999
"5461",5627,322752.738,322759.927,4097441.03,4097447,"Silva","NEON_D17_TEAK_DP1_322000_4097000_classified_point_cloud_colorized.laz","2018_TEAK_3_322000_4097000_image.tif","Tree",1,322000,322999.999,4097000,4097999.999
"5462",5628,322796.755,322802.762,4097443.518,4097451.072,"Silva","NEON_D17_TEAK_DP1_322000_4097000_classified_point_cloud_colorized.laz","2018_TEAK_3_322000_4097000_image.tif","Tree",1,322000,322999.999,4097000,4097999.999
"5463",5629,322874.032,322879.941,4097449.024,4097454.799,"Silva","NEON_D17_TEAK_DP1_322000_4097000_classified_point_cloud_colorized.laz","2018_TEAK_3_322000_4097000_image.tif","Tree",1,322000,322999.999,4097000,4097999.999
"5464",5630,322849.529,322855.92,4097447.521,4097454.834,"Silva","NEON_D17_TEAK_DP1_322000_4097000_classified_point_cloud_colorized.laz","2018_TEAK_3_322000_4097000_image.tif","Tree",1,322000,322999.999,4097000,4097999.999
"5465",5632,322306.502,322314.903,4097411.053,4097421.98,"Silva","NEON_D17_TEAK_DP1_322000_4097000_classified_point_cloud_colorized.laz","2018_TEAK_3_322000_4097000_image.tif","Tree",1,322000,322999.999,4097000,4097999.999
"5466",5633,322356.859,322364.401,4097415.58,4097422.996,"Silva","NEON_D17_TEAK_DP1_322000_4097000_classified_point_cloud_colorized.laz","2018_TEAK_3_322000_4097000_image.tif","Tree",1,322000,322999.999,4097000,4097999.999
"5467",5634,322764.657,322772.999,4097439.579,4097449.287,"Silva","NEON_D17_TEAK_DP1_322000_4097000_classified_point_cloud_colorized.laz","2018_TEAK_3_322000_4097000_image.tif","Tree",1,322000,322999.999,4097000,4097999.999
"5468",5635,322880.17,322886.925,4097449.524,4097456.461,"Silva","NEON_D17_TEAK_DP1_322000_4097000_classified_point_cloud_colorized.laz","2018_TEAK_3_322000_4097000_image.tif","Tree",1,322000,322999.999,4097000,4097999.999
"5469",5636,322865.042,322874.452,4097445.792,4097455.999,"Silva","NEON_D17_TEAK_DP1_322000_4097000_classified_point_cloud_colorized.laz","2018_TEAK_3_322000_4097000_image.tif","Tree",1,322000,322999.999,4097000,4097999.999
"5470",5637,322790.121,322797.944,4097442.622,4097448.811,"Silva","NEON_D17_TEAK_DP1_322000_4097000_classified_point_cloud_colorized.laz","2018_TEAK_3_322000_4097000_image.tif","Tree",1,322000,322999.999,4097000,4097999.999
"5471",5638,322773.076,322781.487,4097441.021,4097449.935,"Silva","NEON_D17_TEAK_DP1_322000_4097000_classified_point_cloud_colorized.laz","2018_TEAK_3_322000_4097000_image.tif","Tree",1,322000,322999.999,4097000,4097999.999
"5472",5639,322273.213,322281.985,4097409.505,4097418.98,"Silva","NEON_D17_TEAK_DP1_322000_4097000_classified_point_cloud_colorized.laz","2018_TEAK_3_322000_4097000_image.tif","Tree",1,322000,322999.999,4097000,4097999.999
"5473",5640,322321.168,322327.937,4097410.575,4097418.452,"Silva","NEON_D17_TEAK_DP1_322000_4097000_classified_point_cloud_colorized.laz","2018_TEAK_3_322000_4097000_image.tif","Tree",1,322000,322999.999,4097000,4097999.999
"5474",5641,322284.693,322292.139,4097409.569,4097415.793,"Silva","NEON_D17_TEAK_DP1_322000_4097000_classified_point_cloud_colorized.laz","2018_TEAK_3_322000_4097000_image.tif","Tree",1,322000,322999.999,4097000,4097999.999
"5475",5642,322748.097,322754.333,4097438.89,4097443.367,"Silva","NEON_D17_TEAK_DP1_322000_4097000_classified_point_cloud_colorized.laz","2018_TEAK_3_322000_4097000_image.tif","Tree",1,322000,322999.999,4097000,4097999.999
"5476",5643,322739.5,322746.746,4097438.81,4097444.379,"Silva","NEON_D17_TEAK_DP1_322000_4097000_classified_point_cloud_colorized.laz","2018_TEAK_3_322000_4097000_image.tif","Tree",1,322000,322999.999,4097000,4097999.999
"5477",5644,322717.51,322725.437,4097436.149,4097442.409,"Silva","NEON_D17_TEAK_DP1_322000_4097000_classified_point_cloud_colorized.laz","2018_TEAK_3_322000_4097000_image.tif","Tree",1,322000,322999.999,4097000,4097999.999
"5478",5645,322685.02,322688.056,4097437.4,4097444.407,"Silva","NEON_D17_TEAK_DP1_322000_4097000_classified_point_cloud_colorized.laz","2018_TEAK_3_322000_4097000_image.tif","Tree",1,322000,322999.999,4097000,4097999.999
"5479",5646,322329.399,322338.425,4097412.031,4097415.894,"Silva","NEON_D17_TEAK_DP1_322000_4097000_classified_point_cloud_colorized.laz","2018_TEAK_3_322000_4097000_image.tif","Tree",1,322000,322999.999,4097000,4097999.999
"5480",5647,322832.547,322840.185,4097443.19,4097447.749,"Silva","NEON_D17_TEAK_DP1_322000_4097000_classified_point_cloud_colorized.laz","2018_TEAK_3_322000_4097000_image.tif","Tree",1,322000,322999.999,4097000,4097999.999
"5481",5648,322397.576,322403.433,4097416.29,4097420.912,"Silva","NEON_D17_TEAK_DP1_322000_4097000_classified_point_cloud_colorized.laz","2018_TEAK_3_322000_4097000_image.tif","Tree",1,322000,322999.999,4097000,4097999.999
"5482",5649,322518.517,322523.974,4097425.105,4097427.694,"Silva","NEON_D17_TEAK_DP1_322000_4097000_classified_point_cloud_colorized.laz","2018_TEAK_3_322000_4097000_image.tif","Tree",1,322000,322999.999,4097000,4097999.999
"5483",5650,322623.001,322623.483,4097426.955,4097433.822,"Silva","NEON_D17_TEAK_DP1_322000_4097000_classified_point_cloud_colorized.laz","2018_TEAK_3_322000_4097000_image.tif","Tree",1,322000,322999.999,4097000,4097999.999
"5484",5651,322623.691,322632.742,4097424.518,4097436.369,"Silva","NEON_D17_TEAK_DP1_322000_4097000_classified_point_cloud_colorized.laz","2018_TEAK_3_322000_4097000_image.tif","Tree",1,322000,322999.999,4097000,4097999.999
"5485",5652,322880.991,322887.366,4097443.728,4097450,"Silva","NEON_D17_TEAK_DP1_322000_4097000_classified_point_cloud_colorized.laz","2018_TEAK_3_322000_4097000_image.tif","Tree",1,322000,322999.999,4097000,4097999.999
"5486",5653,322410.781,322418.025,4097411.587,4097421.923,"Silva","NEON_D17_TEAK_DP1_322000_4097000_classified_point_cloud_colorized.laz","2018_TEAK_3_322000_4097000_image.tif","Tree",1,322000,322999.999,4097000,4097999.999
"5487",5654,322403.552,322410.427,4097414.141,4097417.563,"Silva","NEON_D17_TEAK_DP1_322000_4097000_classified_point_cloud_colorized.laz","2018_TEAK_3_322000_4097000_image.tif","Tree",1,322000,322999.999,4097000,4097999.999
"5488",5655,322564.712,322564.971,4097426.58,4097427.144,"Silva","NEON_D17_TEAK_DP1_322000_4097000_classified_point_cloud_colorized.laz","2018_TEAK_3_322000_4097000_image.tif","Tree",1,322000,322999.999,4097000,4097999.999
"5489",5656,322715.591,322722.322,4097431.528,4097438.484,"Silva","NEON_D17_TEAK_DP1_322000_4097000_classified_point_cloud_colorized.laz","2018_TEAK_3_322000_4097000_image.tif","Tree",1,322000,322999.999,4097000,4097999.999
"5490",5657,322786.637,322794.432,4097437.538,4097444.976,"Silva","NEON_D17_TEAK_DP1_322000_4097000_classified_point_cloud_colorized.laz","2018_TEAK_3_322000_4097000_image.tif","Tree",1,322000,322999.999,4097000,4097999.999
"5491",5658,322876.067,322883.384,4097442.064,4097449.893,"Silva","NEON_D17_TEAK_DP1_322000_4097000_classified_point_cloud_colorized.laz","2018_TEAK_3_322000_4097000_image.tif","Tree",1,322000,322999.999,4097000,4097999.999
"5492",5659,322805.024,322809.446,4097439.116,4097443.479,"Silva","NEON_D17_TEAK_DP1_322000_4097000_classified_point_cloud_colorized.laz","2018_TEAK_3_322000_4097000_image.tif","Tree",1,322000,322999.999,4097000,4097999.999
"5493",5660,322750.903,322756.459,4097435.886,4097440.945,"Silva","NEON_D17_TEAK_DP1_322000_4097000_classified_point_cloud_colorized.laz","2018_TEAK_3_322000_4097000_image.tif","Tree",1,322000,322999.999,4097000,4097999.999
"5494",5661,322705.634,322711.499,4097432.86,4097438.439,"Silva","NEON_D17_TEAK_DP1_322000_4097000_classified_point_cloud_colorized.laz","2018_TEAK_3_322000_4097000_image.tif","Tree",1,322000,322999.999,4097000,4097999.999
"5495",5662,322311.538,322321.933,4097405.461,4097411.767,"Silva","NEON_D17_TEAK_DP1_322000_4097000_classified_point_cloud_colorized.laz","2018_TEAK_3_322000_4097000_image.tif","Tree",1,322000,322999.999,4097000,4097999.999
"5496",5663,322648.696,322656.111,4097431.326,4097436.786,"Silva","NEON_D17_TEAK_DP1_322000_4097000_classified_point_cloud_colorized.laz","2018_TEAK_3_322000_4097000_image.tif","Tree",1,322000,322999.999,4097000,4097999.999
"5497",5664,322696.725,322699.269,4097432.7,4097438.485,"Silva","NEON_D17_TEAK_DP1_322000_4097000_classified_point_cloud_colorized.laz","2018_TEAK_3_322000_4097000_image.tif","Tree",1,322000,322999.999,4097000,4097999.999
"5498",5665,322809.834,322815.351,4097438.518,4097444.403,"Silva","NEON_D17_TEAK_DP1_322000_4097000_classified_point_cloud_colorized.laz","2018_TEAK_3_322000_4097000_image.tif","Tree",1,322000,322999.999,4097000,4097999.999
"5499",5666,322832.016,322840.597,4097438.805,4097444.969,"Silva","NEON_D17_TEAK_DP1_322000_4097000_classified_point_cloud_colorized.laz","2018_TEAK_3_322000_4097000_image.tif","Tree",1,322000,322999.999,4097000,4097999.999
"5500",5667,322824.892,322825.891,4097441.574,4097442.755,"Silva","NEON_D17_TEAK_DP1_322000_4097000_classified_point_cloud_colorized.laz","2018_TEAK_3_322000_4097000_image.tif","Tree",1,322000,322999.999,4097000,4097999.999
"5501",5668,322344.05,322352.995,4097406.799,4097413.878,"Silva","NEON_D17_TEAK_DP1_322000_4097000_classified_point_cloud_colorized.laz","2018_TEAK_3_322000_4097000_image.tif","Tree",1,322000,322999.999,4097000,4097999.999
"5502",5669,322299,322311.975,4097400.569,4097410.462,"Silva","NEON_D17_TEAK_DP1_322000_4097000_classified_point_cloud_colorized.laz","2018_TEAK_3_322000_4097000_image.tif","Tree",1,322000,322999.999,4097000,4097999.999
"5503",5670,322335.544,322340.491,4097406.439,4097412.912,"Silva","NEON_D17_TEAK_DP1_322000_4097000_classified_point_cloud_colorized.laz","2018_TEAK_3_322000_4097000_image.tif","Tree",1,322000,322999.999,4097000,4097999.999
"5504",5671,322748.059,322753.459,4097432.004,4097438.299,"Silva","NEON_D17_TEAK_DP1_322000_4097000_classified_point_cloud_colorized.laz","2018_TEAK_3_322000_4097000_image.tif","Tree",1,322000,322999.999,4097000,4097999.999
"5505",5672,322600.501,322606.93,4097422.033,4097429.992,"Silva","NEON_D17_TEAK_DP1_322000_4097000_classified_point_cloud_colorized.laz","2018_TEAK_3_322000_4097000_image.tif","Tree",1,322000,322999.999,4097000,4097999.999
"5506",5673,322381.428,322388.971,4097407.009,4097414.372,"Silva","NEON_D17_TEAK_DP1_322000_4097000_classified_point_cloud_colorized.laz","2018_TEAK_3_322000_4097000_image.tif","Tree",1,322000,322999.999,4097000,4097999.999
"5507",5674,322318.008,322326.086,4097400.643,4097410.48,"Silva","NEON_D17_TEAK_DP1_322000_4097000_classified_point_cloud_colorized.laz","2018_TEAK_3_322000_4097000_image.tif","Tree",1,322000,322999.999,4097000,4097999.999
"5508",5675,322430.595,322433.461,4097411.524,4097417.13,"Silva","NEON_D17_TEAK_DP1_322000_4097000_classified_point_cloud_colorized.laz","2018_TEAK_3_322000_4097000_image.tif","Tree",1,322000,322999.999,4097000,4097999.999
"5509",5676,322745.197,322748.358,4097432.598,4097435.937,"Silva","NEON_D17_TEAK_DP1_322000_4097000_classified_point_cloud_colorized.laz","2018_TEAK_3_322000_4097000_image.tif","Tree",1,322000,322999.999,4097000,4097999.999
"5510",5678,322340.01,322346.24,4097402.065,4097411.488,"Silva","NEON_D17_TEAK_DP1_322000_4097000_classified_point_cloud_colorized.laz","2018_TEAK_3_322000_4097000_image.tif","Tree",1,322000,322999.999,4097000,4097999.999
"5511",5679,322463.508,322469.996,4097412.182,4097418.997,"Silva","NEON_D17_TEAK_DP1_322000_4097000_classified_point_cloud_colorized.laz","2018_TEAK_3_322000_4097000_image.tif","Tree",1,322000,322999.999,4097000,4097999.999
"5512",5680,322808.003,322814.888,4097434.582,4097440.428,"Silva","NEON_D17_TEAK_DP1_322000_4097000_classified_point_cloud_colorized.laz","2018_TEAK_3_322000_4097000_image.tif","Tree",1,322000,322999.999,4097000,4097999.999
"5513",5681,322848.023,322853.981,4097436.793,4097443.369,"Silva","NEON_D17_TEAK_DP1_322000_4097000_classified_point_cloud_colorized.laz","2018_TEAK_3_322000_4097000_image.tif","Tree",1,322000,322999.999,4097000,4097999.999
"5514",5682,322802.591,322806.944,4097435.877,4097439.823,"Silva","NEON_D17_TEAK_DP1_322000_4097000_classified_point_cloud_colorized.laz","2018_TEAK_3_322000_4097000_image.tif","Tree",1,322000,322999.999,4097000,4097999.999
"5515",5683,322789.527,322795.297,4097432.04,4097439.379,"Silva","NEON_D17_TEAK_DP1_322000_4097000_classified_point_cloud_colorized.laz","2018_TEAK_3_322000_4097000_image.tif","Tree",1,322000,322999.999,4097000,4097999.999
"5516",5684,322675.03,322678.992,4097426.512,4097430.802,"Silva","NEON_D17_TEAK_DP1_322000_4097000_classified_point_cloud_colorized.laz","2018_TEAK_3_322000_4097000_image.tif","Tree",1,322000,322999.999,4097000,4097999.999
"5517",5685,322351.503,322357.89,4097402.075,4097409.533,"Silva","NEON_D17_TEAK_DP1_322000_4097000_classified_point_cloud_colorized.laz","2018_TEAK_3_322000_4097000_image.tif","Tree",1,322000,322999.999,4097000,4097999.999
"5518",5686,322426.27,322430.495,4097407.123,4097413.971,"Silva","NEON_D17_TEAK_DP1_322000_4097000_classified_point_cloud_colorized.laz","2018_TEAK_3_322000_4097000_image.tif","Tree",1,322000,322999.999,4097000,4097999.999
"5519",5687,322650.166,322652.493,4097425.766,4097427.462,"Silva","NEON_D17_TEAK_DP1_322000_4097000_classified_point_cloud_colorized.laz","2018_TEAK_3_322000_4097000_image.tif","Tree",1,322000,322999.999,4097000,4097999.999
"5520",5688,322270.507,322279.496,4097394.526,4097403.48,"Silva","NEON_D17_TEAK_DP1_322000_4097000_classified_point_cloud_colorized.laz","2018_TEAK_3_322000_4097000_image.tif","Tree",1,322000,322999.999,4097000,4097999.999
"5521",5689,322295.525,322305.461,4097394.182,4097406.946,"Silva","NEON_D17_TEAK_DP1_322000_4097000_classified_point_cloud_colorized.laz","2018_TEAK_3_322000_4097000_image.tif","Tree",1,322000,322999.999,4097000,4097999.999
"5522",5690,322399.26,322405.976,4097405.023,4097411.286,"Silva","NEON_D17_TEAK_DP1_322000_4097000_classified_point_cloud_colorized.laz","2018_TEAK_3_322000_4097000_image.tif","Tree",1,322000,322999.999,4097000,4097999.999
"5523",5691,322406.231,322411.971,4097405.734,4097410.476,"Silva","NEON_D17_TEAK_DP1_322000_4097000_classified_point_cloud_colorized.laz","2018_TEAK_3_322000_4097000_image.tif","Tree",1,322000,322999.999,4097000,4097999.999
"5524",5692,322733.543,322740.195,4097426.156,4097434.974,"Silva","NEON_D17_TEAK_DP1_322000_4097000_classified_point_cloud_colorized.laz","2018_TEAK_3_322000_4097000_image.tif","Tree",1,322000,322999.999,4097000,4097999.999
"5525",5693,322762.774,322767.376,4097429.585,4097434.1,"Silva","NEON_D17_TEAK_DP1_322000_4097000_classified_point_cloud_colorized.laz","2018_TEAK_3_322000_4097000_image.tif","Tree",1,322000,322999.999,4097000,4097999.999
"5526",5694,322771.514,322781.843,4097428.014,4097437.841,"Silva","NEON_D17_TEAK_DP1_322000_4097000_classified_point_cloud_colorized.laz","2018_TEAK_3_322000_4097000_image.tif","Tree",1,322000,322999.999,4097000,4097999.999
"5527",5695,322899.564,322905.372,4097438.515,4097444.731,"Silva","NEON_D17_TEAK_DP1_322000_4097000_classified_point_cloud_colorized.laz","2018_TEAK_3_322000_4097000_image.tif","Tree",1,322000,322999.999,4097000,4097999.999
"5528",5696,322800.09,322802.077,4097432.701,4097435.237,"Silva","NEON_D17_TEAK_DP1_322000_4097000_classified_point_cloud_colorized.laz","2018_TEAK_3_322000_4097000_image.tif","Tree",1,322000,322999.999,4097000,4097999.999
"5529",5697,322755.575,322762.998,4097427.639,4097434.509,"Silva","NEON_D17_TEAK_DP1_322000_4097000_classified_point_cloud_colorized.laz","2018_TEAK_3_322000_4097000_image.tif","Tree",1,322000,322999.999,4097000,4097999.999
"5530",5698,322385.511,322392.937,4097402.514,4097409.495,"Silva","NEON_D17_TEAK_DP1_322000_4097000_classified_point_cloud_colorized.laz","2018_TEAK_3_322000_4097000_image.tif","Tree",1,322000,322999.999,4097000,4097999.999
"5531",5699,322344.24,322350.399,4097399.69,4097406.458,"Silva","NEON_D17_TEAK_DP1_322000_4097000_classified_point_cloud_colorized.laz","2018_TEAK_3_322000_4097000_image.tif","Tree",1,322000,322999.999,4097000,4097999.999
"5532",5700,322881.643,322888.351,4097435.514,4097442.443,"Silva","NEON_D17_TEAK_DP1_322000_4097000_classified_point_cloud_colorized.laz","2018_TEAK_3_322000_4097000_image.tif","Tree",1,322000,322999.999,4097000,4097999.999
"5533",5701,322713.852,322720.361,4097426.04,4097430.934,"Silva","NEON_D17_TEAK_DP1_322000_4097000_classified_point_cloud_colorized.laz","2018_TEAK_3_322000_4097000_image.tif","Tree",1,322000,322999.999,4097000,4097999.999
"5534",5702,322441.205,322444.999,4097405.149,4097411.496,"Silva","NEON_D17_TEAK_DP1_322000_4097000_classified_point_cloud_colorized.laz","2018_TEAK_3_322000_4097000_image.tif","Tree",1,322000,322999.999,4097000,4097999.999
"5535",5703,322349.096,322356.758,4097398.511,4097404.817,"Silva","NEON_D17_TEAK_DP1_322000_4097000_classified_point_cloud_colorized.laz","2018_TEAK_3_322000_4097000_image.tif","Tree",1,322000,322999.999,4097000,4097999.999
"5536",5704,322875.01,322882.431,4097433.535,4097441.461,"Silva","NEON_D17_TEAK_DP1_322000_4097000_classified_point_cloud_colorized.laz","2018_TEAK_3_322000_4097000_image.tif","Tree",1,322000,322999.999,4097000,4097999.999
"5537",5705,322861.5,322870.228,4097434.203,4097440.401,"Silva","NEON_D17_TEAK_DP1_322000_4097000_classified_point_cloud_colorized.laz","2018_TEAK_3_322000_4097000_image.tif","Tree",1,322000,322999.999,4097000,4097999.999
"5538",5706,322504.586,322508.935,4097410.165,4097414.433,"Silva","NEON_D17_TEAK_DP1_322000_4097000_classified_point_cloud_colorized.laz","2018_TEAK_3_322000_4097000_image.tif","Tree",1,322000,322999.999,4097000,4097999.999
"5539",5707,322316.546,322323.955,4097392.133,4097402.361,"Silva","NEON_D17_TEAK_DP1_322000_4097000_classified_point_cloud_colorized.laz","2018_TEAK_3_322000_4097000_image.tif","Tree",1,322000,322999.999,4097000,4097999.999
"5540",5708,322654.091,322657.939,4097419.014,4097423.493,"Silva","NEON_D17_TEAK_DP1_322000_4097000_classified_point_cloud_colorized.laz","2018_TEAK_3_322000_4097000_image.tif","Tree",1,322000,322999.999,4097000,4097999.999
"5541",5709,322376.067,322382.435,4097397.603,4097403.382,"Silva","NEON_D17_TEAK_DP1_322000_4097000_classified_point_cloud_colorized.laz","2018_TEAK_3_322000_4097000_image.tif","Tree",1,322000,322999.999,4097000,4097999.999
"5542",5710,322713.511,322720.426,4097420.539,4097425.996,"Silva","NEON_D17_TEAK_DP1_322000_4097000_classified_point_cloud_colorized.laz","2018_TEAK_3_322000_4097000_image.tif","Tree",1,322000,322999.999,4097000,4097999.999
"5543",5711,322848.611,322853.931,4097431.516,4097436.913,"Silva","NEON_D17_TEAK_DP1_322000_4097000_classified_point_cloud_colorized.laz","2018_TEAK_3_322000_4097000_image.tif","Tree",1,322000,322999.999,4097000,4097999.999
"5544",5712,322901.528,322908.998,4097433.577,4097440.961,"Silva","NEON_D17_TEAK_DP1_322000_4097000_classified_point_cloud_colorized.laz","2018_TEAK_3_322000_4097000_image.tif","Tree",1,322000,322999.999,4097000,4097999.999
"5545",5713,322281.542,322289.495,4097389.595,4097397.874,"Silva","NEON_D17_TEAK_DP1_322000_4097000_classified_point_cloud_colorized.laz","2018_TEAK_3_322000_4097000_image.tif","Tree",1,322000,322999.999,4097000,4097999.999
"5546",5714,322693.97,322697.366,4097419.562,4097422.961,"Silva","NEON_D17_TEAK_DP1_322000_4097000_classified_point_cloud_colorized.laz","2018_TEAK_3_322000_4097000_image.tif","Tree",1,322000,322999.999,4097000,4097999.999
"5547",5715,322760.552,322765.993,4097425.092,4097429.957,"Silva","NEON_D17_TEAK_DP1_322000_4097000_classified_point_cloud_colorized.laz","2018_TEAK_3_322000_4097000_image.tif","Tree",1,322000,322999.999,4097000,4097999.999
"5548",5716,322784.644,322791.435,4097425.061,4097430.346,"Silva","NEON_D17_TEAK_DP1_322000_4097000_classified_point_cloud_colorized.laz","2018_TEAK_3_322000_4097000_image.tif","Tree",1,322000,322999.999,4097000,4097999.999
"5549",5717,322838.694,322848.839,4097424.087,4097434.992,"Silva","NEON_D17_TEAK_DP1_322000_4097000_classified_point_cloud_colorized.laz","2018_TEAK_3_322000_4097000_image.tif","Tree",1,322000,322999.999,4097000,4097999.999
"5550",5718,322798.091,322805.961,4097423.507,4097430.979,"Silva","NEON_D17_TEAK_DP1_322000_4097000_classified_point_cloud_colorized.laz","2018_TEAK_3_322000_4097000_image.tif","Tree",1,322000,322999.999,4097000,4097999.999
"5551",5719,322300.285,322306.974,4097391.197,4097398.978,"Silva","NEON_D17_TEAK_DP1_322000_4097000_classified_point_cloud_colorized.laz","2018_TEAK_3_322000_4097000_image.tif","Tree",1,322000,322999.999,4097000,4097999.999
"5552",5720,322755.5,322760.835,4097421.02,4097426.962,"Silva","NEON_D17_TEAK_DP1_322000_4097000_classified_point_cloud_colorized.laz","2018_TEAK_3_322000_4097000_image.tif","Tree",1,322000,322999.999,4097000,4097999.999
"5553",5721,322776.215,322782.43,4097421.526,4097428.797,"Silva","NEON_D17_TEAK_DP1_322000_4097000_classified_point_cloud_colorized.laz","2018_TEAK_3_322000_4097000_image.tif","Tree",1,322000,322999.999,4097000,4097999.999
"5554",5722,322809.624,322812.491,4097426.219,4097428.922,"Silva","NEON_D17_TEAK_DP1_322000_4097000_classified_point_cloud_colorized.laz","2018_TEAK_3_322000_4097000_image.tif","Tree",1,322000,322999.999,4097000,4097999.999
"5555",5723,322288.572,322297.47,4097385.736,4097394.316,"Silva","NEON_D17_TEAK_DP1_322000_4097000_classified_point_cloud_colorized.laz","2018_TEAK_3_322000_4097000_image.tif","Tree",1,322000,322999.999,4097000,4097999.999
"5556",5724,322881.08,322889.341,4097427.447,4097435.156,"Silva","NEON_D17_TEAK_DP1_322000_4097000_classified_point_cloud_colorized.laz","2018_TEAK_3_322000_4097000_image.tif","Tree",1,322000,322999.999,4097000,4097999.999
"5557",5725,322363.031,322370.998,4097386.542,4097398.485,"Silva","NEON_D17_TEAK_DP1_322000_4097000_classified_point_cloud_colorized.laz","2018_TEAK_3_322000_4097000_image.tif","Tree",1,322000,322999.999,4097000,4097999.999
"5558",5726,322513.059,322517.485,4097401.596,4097407.955,"Silva","NEON_D17_TEAK_DP1_322000_4097000_classified_point_cloud_colorized.laz","2018_TEAK_3_322000_4097000_image.tif","Tree",1,322000,322999.999,4097000,4097999.999
"5559",5727,322701.99,322707.498,4097414.598,4097421.374,"Silva","NEON_D17_TEAK_DP1_322000_4097000_classified_point_cloud_colorized.laz","2018_TEAK_3_322000_4097000_image.tif","Tree",1,322000,322999.999,4097000,4097999.999
"5560",5728,322773.041,322778.847,4097420.515,4097426.962,"Silva","NEON_D17_TEAK_DP1_322000_4097000_classified_point_cloud_colorized.laz","2018_TEAK_3_322000_4097000_image.tif","Tree",1,322000,322999.999,4097000,4097999.999
"5561",5729,322827.55,322832.418,4097424.362,4097429.413,"Silva","NEON_D17_TEAK_DP1_322000_4097000_classified_point_cloud_colorized.laz","2018_TEAK_3_322000_4097000_image.tif","Tree",1,322000,322999.999,4097000,4097999.999
"5562",5730,322907.603,322914.953,4097427.502,4097436.969,"Silva","NEON_D17_TEAK_DP1_322000_4097000_classified_point_cloud_colorized.laz","2018_TEAK_3_322000_4097000_image.tif","Tree",1,322000,322999.999,4097000,4097999.999
"5563",5731,322356.55,322363.496,4097389.079,4097397.974,"Silva","NEON_D17_TEAK_DP1_322000_4097000_classified_point_cloud_colorized.laz","2018_TEAK_3_322000_4097000_image.tif","Tree",1,322000,322999.999,4097000,4097999.999
"5564",5732,322878.049,322884.416,4097426.519,4097433.433,"Silva","NEON_D17_TEAK_DP1_322000_4097000_classified_point_cloud_colorized.laz","2018_TEAK_3_322000_4097000_image.tif","Tree",1,322000,322999.999,4097000,4097999.999
"5565",5733,322914.526,322922.43,4097427.652,4097435.99,"Silva","NEON_D17_TEAK_DP1_322000_4097000_classified_point_cloud_colorized.laz","2018_TEAK_3_322000_4097000_image.tif","Tree",1,322000,322999.999,4097000,4097999.999
"5566",5734,322785.793,322788.476,4097421.547,4097424.985,"Silva","NEON_D17_TEAK_DP1_322000_4097000_classified_point_cloud_colorized.laz","2018_TEAK_3_322000_4097000_image.tif","Tree",1,322000,322999.999,4097000,4097999.999
"5567",5735,322341.099,322347.917,4097387.523,4097394.95,"Silva","NEON_D17_TEAK_DP1_322000_4097000_classified_point_cloud_colorized.laz","2018_TEAK_3_322000_4097000_image.tif","Tree",1,322000,322999.999,4097000,4097999.999
"5568",5736,322417.152,322424.522,4097392.053,4097400.876,"Silva","NEON_D17_TEAK_DP1_322000_4097000_classified_point_cloud_colorized.laz","2018_TEAK_3_322000_4097000_image.tif","Tree",1,322000,322999.999,4097000,4097999.999
"5569",5737,322724.826,322728.286,4097415.781,4097420.783,"Silva","NEON_D17_TEAK_DP1_322000_4097000_classified_point_cloud_colorized.laz","2018_TEAK_3_322000_4097000_image.tif","Tree",1,322000,322999.999,4097000,4097999.999
"5570",5738,322856.672,322864.967,4097424.015,4097430.343,"Silva","NEON_D17_TEAK_DP1_322000_4097000_classified_point_cloud_colorized.laz","2018_TEAK_3_322000_4097000_image.tif","Tree",1,322000,322999.999,4097000,4097999.999
"5571",5739,322898.043,322905.432,4097426.021,4097433.364,"Silva","NEON_D17_TEAK_DP1_322000_4097000_classified_point_cloud_colorized.laz","2018_TEAK_3_322000_4097000_image.tif","Tree",1,322000,322999.999,4097000,4097999.999
"5572",5740,322300.345,322305.681,4097383.662,4097389.985,"Silva","NEON_D17_TEAK_DP1_322000_4097000_classified_point_cloud_colorized.laz","2018_TEAK_3_322000_4097000_image.tif","Tree",1,322000,322999.999,4097000,4097999.999
"5573",5741,322756.5,322759.386,4097417.274,4097420.928,"Silva","NEON_D17_TEAK_DP1_322000_4097000_classified_point_cloud_colorized.laz","2018_TEAK_3_322000_4097000_image.tif","Tree",1,322000,322999.999,4097000,4097999.999
"5574",5742,322809.824,322814.854,4097419.115,4097424.632,"Silva","NEON_D17_TEAK_DP1_322000_4097000_classified_point_cloud_colorized.laz","2018_TEAK_3_322000_4097000_image.tif","Tree",1,322000,322999.999,4097000,4097999.999
"5575",5743,322837.048,322837.918,4097421.328,4097424.209,"Silva","NEON_D17_TEAK_DP1_322000_4097000_classified_point_cloud_colorized.laz","2018_TEAK_3_322000_4097000_image.tif","Tree",1,322000,322999.999,4097000,4097999.999
"5576",5744,322738.558,322747.155,4097413.23,4097421.494,"Silva","NEON_D17_TEAK_DP1_322000_4097000_classified_point_cloud_colorized.laz","2018_TEAK_3_322000_4097000_image.tif","Tree",1,322000,322999.999,4097000,4097999.999
"5577",5745,322463.188,322469.693,4097392.536,4097400.979,"Silva","NEON_D17_TEAK_DP1_322000_4097000_classified_point_cloud_colorized.laz","2018_TEAK_3_322000_4097000_image.tif","Tree",1,322000,322999.999,4097000,4097999.999
"5578",5746,322640.303,322640.993,4097409.011,4097410.156,"Silva","NEON_D17_TEAK_DP1_322000_4097000_classified_point_cloud_colorized.laz","2018_TEAK_3_322000_4097000_image.tif","Tree",1,322000,322999.999,4097000,4097999.999
"5579",5747,322771.589,322776.414,4097416.047,4097420.357,"Silva","NEON_D17_TEAK_DP1_322000_4097000_classified_point_cloud_colorized.laz","2018_TEAK_3_322000_4097000_image.tif","Tree",1,322000,322999.999,4097000,4097999.999
"5580",5748,322827.358,322829.862,4097421.031,4097422.581,"Silva","NEON_D17_TEAK_DP1_322000_4097000_classified_point_cloud_colorized.laz","2018_TEAK_3_322000_4097000_image.tif","Tree",1,322000,322999.999,4097000,4097999.999
"5581",5749,322794.025,322799.922,4097417.365,4097422.48,"Silva","NEON_D17_TEAK_DP1_322000_4097000_classified_point_cloud_colorized.laz","2018_TEAK_3_322000_4097000_image.tif","Tree",1,322000,322999.999,4097000,4097999.999
"5582",5750,322603.543,322611.476,4097400.527,4097412.044,"Silva","NEON_D17_TEAK_DP1_322000_4097000_classified_point_cloud_colorized.laz","2018_TEAK_3_322000_4097000_image.tif","Tree",1,322000,322999.999,4097000,4097999.999
"5583",5751,322446.107,322452.787,4097391.516,4097399.459,"Silva","NEON_D17_TEAK_DP1_322000_4097000_classified_point_cloud_colorized.laz","2018_TEAK_3_322000_4097000_image.tif","Tree",1,322000,322999.999,4097000,4097999.999
"5584",5752,322392.607,322394.479,4097391.059,4097392.494,"Silva","NEON_D17_TEAK_DP1_322000_4097000_classified_point_cloud_colorized.laz","2018_TEAK_3_322000_4097000_image.tif","Tree",1,322000,322999.999,4097000,4097999.999
"5585",5753,322689,322695.928,4097407.72,4097415.855,"Silva","NEON_D17_TEAK_DP1_322000_4097000_classified_point_cloud_colorized.laz","2018_TEAK_3_322000_4097000_image.tif","Tree",1,322000,322999.999,4097000,4097999.999
"5586",5754,322865.006,322872.436,4097420.526,4097427.848,"Silva","NEON_D17_TEAK_DP1_322000_4097000_classified_point_cloud_colorized.laz","2018_TEAK_3_322000_4097000_image.tif","Tree",1,322000,322999.999,4097000,4097999.999
"5587",5755,322881.083,322886.452,4097422.258,4097426.989,"Silva","NEON_D17_TEAK_DP1_322000_4097000_classified_point_cloud_colorized.laz","2018_TEAK_3_322000_4097000_image.tif","Tree",1,322000,322999.999,4097000,4097999.999
"5588",5756,322766.112,322771.518,4097414.394,4097419.823,"Silva","NEON_D17_TEAK_DP1_322000_4097000_classified_point_cloud_colorized.laz","2018_TEAK_3_322000_4097000_image.tif","Tree",1,322000,322999.999,4097000,4097999.999
"5589",5757,322647.562,322653.457,4097405.084,4097410.443,"Silva","NEON_D17_TEAK_DP1_322000_4097000_classified_point_cloud_colorized.laz","2018_TEAK_3_322000_4097000_image.tif","Tree",1,322000,322999.999,4097000,4097999.999
"5590",5758,322398.368,322399.343,4097390.212,4097390.92,"Silva","NEON_D17_TEAK_DP1_322000_4097000_classified_point_cloud_colorized.laz","2018_TEAK_3_322000_4097000_image.tif","Tree",1,322000,322999.999,4097000,4097999.999
"5591",5760,322824.136,322825.938,4097418.52,4097420.927,"Silva","NEON_D17_TEAK_DP1_322000_4097000_classified_point_cloud_colorized.laz","2018_TEAK_3_322000_4097000_image.tif","Tree",1,322000,322999.999,4097000,4097999.999
"5592",5761,322912.012,322919.758,4097420.587,4097429.5,"Silva","NEON_D17_TEAK_DP1_322000_4097000_classified_point_cloud_colorized.laz","2018_TEAK_3_322000_4097000_image.tif","Tree",1,322000,322999.999,4097000,4097999.999
"5593",5762,322862.484,322865.967,4097418.046,4097422.35,"Silva","NEON_D17_TEAK_DP1_322000_4097000_classified_point_cloud_colorized.laz","2018_TEAK_3_322000_4097000_image.tif","Tree",1,322000,322999.999,4097000,4097999.999
"5594",5763,322807.505,322813.99,4097415.115,4097421.264,"Silva","NEON_D17_TEAK_DP1_322000_4097000_classified_point_cloud_colorized.laz","2018_TEAK_3_322000_4097000_image.tif","Tree",1,322000,322999.999,4097000,4097999.999
"5595",5764,322316.531,322325.528,4097379.03,4097391.465,"Silva","NEON_D17_TEAK_DP1_322000_4097000_classified_point_cloud_colorized.laz","2018_TEAK_3_322000_4097000_image.tif","Tree",1,322000,322999.999,4097000,4097999.999
"5596",5765,322772.277,322778.968,4097411.525,4097416.693,"Silva","NEON_D17_TEAK_DP1_322000_4097000_classified_point_cloud_colorized.laz","2018_TEAK_3_322000_4097000_image.tif","Tree",1,322000,322999.999,4097000,4097999.999
"5597",5766,322933.012,322943.457,4097423.038,4097430.319,"Silva","NEON_D17_TEAK_DP1_322000_4097000_classified_point_cloud_colorized.laz","2018_TEAK_3_322000_4097000_image.tif","Tree",1,322000,322999.999,4097000,4097999.999
"5598",5767,322919.506,322927.367,4097419.537,4097429.45,"Silva","NEON_D17_TEAK_DP1_322000_4097000_classified_point_cloud_colorized.laz","2018_TEAK_3_322000_4097000_image.tif","Tree",1,322000,322999.999,4097000,4097999.999
"5599",5768,322591.517,322599.977,4097398.531,4097406.945,"Silva","NEON_D17_TEAK_DP1_322000_4097000_classified_point_cloud_colorized.laz","2018_TEAK_3_322000_4097000_image.tif","Tree",1,322000,322999.999,4097000,4097999.999
"5600",5769,322600.005,322609.451,4097396.517,4097405.95,"Silva","NEON_D17_TEAK_DP1_322000_4097000_classified_point_cloud_colorized.laz","2018_TEAK_3_322000_4097000_image.tif","Tree",1,322000,322999.999,4097000,4097999.999
"5601",5770,322790.503,322797.404,4097412.129,4097418.249,"Silva","NEON_D17_TEAK_DP1_322000_4097000_classified_point_cloud_colorized.laz","2018_TEAK_3_322000_4097000_image.tif","Tree",1,322000,322999.999,4097000,4097999.999
"5602",5771,322838.188,322845.778,4097414.544,4097424.481,"Silva","NEON_D17_TEAK_DP1_322000_4097000_classified_point_cloud_colorized.laz","2018_TEAK_3_322000_4097000_image.tif","Tree",1,322000,322999.999,4097000,4097999.999
"5603",5772,322891.519,322896.992,4097419.661,4097425.495,"Silva","NEON_D17_TEAK_DP1_322000_4097000_classified_point_cloud_colorized.laz","2018_TEAK_3_322000_4097000_image.tif","Tree",1,322000,322999.999,4097000,4097999.999
"5604",5773,322886.61,322891.889,4097418.029,4097424.686,"Silva","NEON_D17_TEAK_DP1_322000_4097000_classified_point_cloud_colorized.laz","2018_TEAK_3_322000_4097000_image.tif","Tree",1,322000,322999.999,4097000,4097999.999
"5605",5774,322757.427,322763.418,4097409.124,4097415.494,"Silva","NEON_D17_TEAK_DP1_322000_4097000_classified_point_cloud_colorized.laz","2018_TEAK_3_322000_4097000_image.tif","Tree",1,322000,322999.999,4097000,4097999.999
"5606",5775,322485.567,322492.484,4097389.674,4097396.999,"Silva","NEON_D17_TEAK_DP1_322000_4097000_classified_point_cloud_colorized.laz","2018_TEAK_3_322000_4097000_image.tif","Tree",1,322000,322999.999,4097000,4097999.999
"5607",5776,322332.561,322339.839,4097379.516,4097387.404,"Silva","NEON_D17_TEAK_DP1_322000_4097000_classified_point_cloud_colorized.laz","2018_TEAK_3_322000_4097000_image.tif","Tree",1,322000,322999.999,4097000,4097999.999
"5608",5777,322540.571,322541.412,4097397.346,4097397.617,"Silva","NEON_D17_TEAK_DP1_322000_4097000_classified_point_cloud_colorized.laz","2018_TEAK_3_322000_4097000_image.tif","Tree",1,322000,322999.999,4097000,4097999.999
"5609",5778,322836.796,322839.498,4097415.029,4097420.439,"Silva","NEON_D17_TEAK_DP1_322000_4097000_classified_point_cloud_colorized.laz","2018_TEAK_3_322000_4097000_image.tif","Tree",1,322000,322999.999,4097000,4097999.999
"5610",5779,322931.042,322941.997,4097417.542,4097425.132,"Silva","NEON_D17_TEAK_DP1_322000_4097000_classified_point_cloud_colorized.laz","2018_TEAK_3_322000_4097000_image.tif","Tree",1,322000,322999.999,4097000,4097999.999
"5611",5780,322440.527,322446.809,4097384.558,4097391.857,"Silva","NEON_D17_TEAK_DP1_322000_4097000_classified_point_cloud_colorized.laz","2018_TEAK_3_322000_4097000_image.tif","Tree",1,322000,322999.999,4097000,4097999.999
"5612",5781,322700.551,322706.763,4097403.008,4097408.745,"Silva","NEON_D17_TEAK_DP1_322000_4097000_classified_point_cloud_colorized.laz","2018_TEAK_3_322000_4097000_image.tif","Tree",1,322000,322999.999,4097000,4097999.999
"5613",5782,322797.527,322801.486,4097410.015,4097413.339,"Silva","NEON_D17_TEAK_DP1_322000_4097000_classified_point_cloud_colorized.laz","2018_TEAK_3_322000_4097000_image.tif","Tree",1,322000,322999.999,4097000,4097999.999
"5614",5783,322814.035,322816.156,4097412.09,4097414.971,"Silva","NEON_D17_TEAK_DP1_322000_4097000_classified_point_cloud_colorized.laz","2018_TEAK_3_322000_4097000_image.tif","Tree",1,322000,322999.999,4097000,4097999.999
"5615",5784,322820.134,322821.902,4097413.242,4097414.781,"Silva","NEON_D17_TEAK_DP1_322000_4097000_classified_point_cloud_colorized.laz","2018_TEAK_3_322000_4097000_image.tif","Tree",1,322000,322999.999,4097000,4097999.999
"5616",5785,322902.095,322909.961,4097415.642,4097421.932,"Silva","NEON_D17_TEAK_DP1_322000_4097000_classified_point_cloud_colorized.laz","2018_TEAK_3_322000_4097000_image.tif","Tree",1,322000,322999.999,4097000,4097999.999
"5617",5786,322804.026,322807.192,4097410.76,4097413.475,"Silva","NEON_D17_TEAK_DP1_322000_4097000_classified_point_cloud_colorized.laz","2018_TEAK_3_322000_4097000_image.tif","Tree",1,322000,322999.999,4097000,4097999.999
"5618",5787,322787.609,322794.315,4097408.111,4097414.999,"Silva","NEON_D17_TEAK_DP1_322000_4097000_classified_point_cloud_colorized.laz","2018_TEAK_3_322000_4097000_image.tif","Tree",1,322000,322999.999,4097000,4097999.999
"5619",5788,322771.079,322775.88,4097408.004,4097412.478,"Silva","NEON_D17_TEAK_DP1_322000_4097000_classified_point_cloud_colorized.laz","2018_TEAK_3_322000_4097000_image.tif","Tree",1,322000,322999.999,4097000,4097999.999
"5620",5789,322769.374,322770.955,4097408.055,4097412.49,"Silva","NEON_D17_TEAK_DP1_322000_4097000_classified_point_cloud_colorized.laz","2018_TEAK_3_322000_4097000_image.tif","Tree",1,322000,322999.999,4097000,4097999.999
"5621",5790,322711.505,322715.36,4097403.632,4097407.862,"Silva","NEON_D17_TEAK_DP1_322000_4097000_classified_point_cloud_colorized.laz","2018_TEAK_3_322000_4097000_image.tif","Tree",1,322000,322999.999,4097000,4097999.999
"5622",5791,322687.059,322690.964,4097401.616,4097406.989,"Silva","NEON_D17_TEAK_DP1_322000_4097000_classified_point_cloud_colorized.laz","2018_TEAK_3_322000_4097000_image.tif","Tree",1,322000,322999.999,4097000,4097999.999
"5623",5792,322739.1,322743.941,4097404.605,4097409.861,"Silva","NEON_D17_TEAK_DP1_322000_4097000_classified_point_cloud_colorized.laz","2018_TEAK_3_322000_4097000_image.tif","Tree",1,322000,322999.999,4097000,4097999.999
"5624",5793,322890.126,322895.462,4097412.055,4097419.367,"Silva","NEON_D17_TEAK_DP1_322000_4097000_classified_point_cloud_colorized.laz","2018_TEAK_3_322000_4097000_image.tif","Tree",1,322000,322999.999,4097000,4097999.999
"5625",5794,322895.521,322902.043,4097413.526,4097419.958,"Silva","NEON_D17_TEAK_DP1_322000_4097000_classified_point_cloud_colorized.laz","2018_TEAK_3_322000_4097000_image.tif","Tree",1,322000,322999.999,4097000,4097999.999
"5626",5795,322857.069,322868.999,4097409.577,4097418.447,"Silva","NEON_D17_TEAK_DP1_322000_4097000_classified_point_cloud_colorized.laz","2018_TEAK_3_322000_4097000_image.tif","Tree",1,322000,322999.999,4097000,4097999.999
"5627",5796,322373.054,322377.957,4097378.096,4097383.949,"Silva","NEON_D17_TEAK_DP1_322000_4097000_classified_point_cloud_colorized.laz","2018_TEAK_3_322000_4097000_image.tif","Tree",1,322000,322999.999,4097000,4097999.999
"5628",5797,322941.552,322951.492,4097415.02,4097424.497,"Silva","NEON_D17_TEAK_DP1_322000_4097000_classified_point_cloud_colorized.laz","2018_TEAK_3_322000_4097000_image.tif","Tree",1,322000,322999.999,4097000,4097999.999
"5629",5798,322378.108,322385.355,4097377.41,4097384.337,"Silva","NEON_D17_TEAK_DP1_322000_4097000_classified_point_cloud_colorized.laz","2018_TEAK_3_322000_4097000_image.tif","Tree",1,322000,322999.999,4097000,4097999.999
"5630",5799,322528.752,322532.286,4097389.022,4097393.927,"Silva","NEON_D17_TEAK_DP1_322000_4097000_classified_point_cloud_colorized.laz","2018_TEAK_3_322000_4097000_image.tif","Tree",1,322000,322999.999,4097000,4097999.999
"5631",5800,322840.097,322844.384,4097413.089,4097414.461,"Silva","NEON_D17_TEAK_DP1_322000_4097000_classified_point_cloud_colorized.laz","2018_TEAK_3_322000_4097000_image.tif","Tree",1,322000,322999.999,4097000,4097999.999
"5632",5802,322806.646,322808.812,4097407.039,4097410.463,"Silva","NEON_D17_TEAK_DP1_322000_4097000_classified_point_cloud_colorized.laz","2018_TEAK_3_322000_4097000_image.tif","Tree",1,322000,322999.999,4097000,4097999.999
"5633",5803,322769.585,322777.972,4097402.08,4097407.946,"Silva","NEON_D17_TEAK_DP1_322000_4097000_classified_point_cloud_colorized.laz","2018_TEAK_3_322000_4097000_image.tif","Tree",1,322000,322999.999,4097000,4097999.999
"5634",5804,322348.504,322355.317,4097373.529,4097382.402,"Silva","NEON_D17_TEAK_DP1_322000_4097000_classified_point_cloud_colorized.laz","2018_TEAK_3_322000_4097000_image.tif","Tree",1,322000,322999.999,4097000,4097999.999
"5635",5805,322885.518,322892.488,4097410.505,4097417.429,"Silva","NEON_D17_TEAK_DP1_322000_4097000_classified_point_cloud_colorized.laz","2018_TEAK_3_322000_4097000_image.tif","Tree",1,322000,322999.999,4097000,4097999.999
"5636",5806,322828.074,322832.746,4097406.022,4097411.979,"Silva","NEON_D17_TEAK_DP1_322000_4097000_classified_point_cloud_colorized.laz","2018_TEAK_3_322000_4097000_image.tif","Tree",1,322000,322999.999,4097000,4097999.999
"5637",5807,322818.038,322821.785,4097406.74,4097410.162,"Silva","NEON_D17_TEAK_DP1_322000_4097000_classified_point_cloud_colorized.laz","2018_TEAK_3_322000_4097000_image.tif","Tree",1,322000,322999.999,4097000,4097999.999
"5638",5808,322718.552,322723.914,4097398.283,4097404.775,"Silva","NEON_D17_TEAK_DP1_322000_4097000_classified_point_cloud_colorized.laz","2018_TEAK_3_322000_4097000_image.tif","Tree",1,322000,322999.999,4097000,4097999.999
"5639",5809,322711.579,322713.454,4097400.961,4097402.463,"Silva","NEON_D17_TEAK_DP1_322000_4097000_classified_point_cloud_colorized.laz","2018_TEAK_3_322000_4097000_image.tif","Tree",1,322000,322999.999,4097000,4097999.999
"5640",5810,322686.127,322691.967,4097395.919,4097401.775,"Silva","NEON_D17_TEAK_DP1_322000_4097000_classified_point_cloud_colorized.laz","2018_TEAK_3_322000_4097000_image.tif","Tree",1,322000,322999.999,4097000,4097999.999
"5641",5811,322641.119,322644.35,4097395.625,4097396.996,"Silva","NEON_D17_TEAK_DP1_322000_4097000_classified_point_cloud_colorized.laz","2018_TEAK_3_322000_4097000_image.tif","Tree",1,322000,322999.999,4097000,4097999.999
"5642",5812,322396.207,322404.43,4097375.552,4097385.39,"Silva","NEON_D17_TEAK_DP1_322000_4097000_classified_point_cloud_colorized.laz","2018_TEAK_3_322000_4097000_image.tif","Tree",1,322000,322999.999,4097000,4097999.999
"5643",5813,322951.535,322959.999,4097412.948,4097419.719,"Silva","NEON_D17_TEAK_DP1_322000_4097000_classified_point_cloud_colorized.laz","2018_TEAK_3_322000_4097000_image.tif","Tree",1,322000,322999.999,4097000,4097999.999
"5644",5814,322811.036,322812.276,4097406.04,4097407.31,"Silva","NEON_D17_TEAK_DP1_322000_4097000_classified_point_cloud_colorized.laz","2018_TEAK_3_322000_4097000_image.tif","Tree",1,322000,322999.999,4097000,4097999.999
"5645",5815,322751.529,322756.687,4097399.727,4097404.96,"Silva","NEON_D17_TEAK_DP1_322000_4097000_classified_point_cloud_colorized.laz","2018_TEAK_3_322000_4097000_image.tif","Tree",1,322000,322999.999,4097000,4097999.999
"5646",5816,322353.607,322361.277,4097371.87,4097379.41,"Silva","NEON_D17_TEAK_DP1_322000_4097000_classified_point_cloud_colorized.laz","2018_TEAK_3_322000_4097000_image.tif","Tree",1,322000,322999.999,4097000,4097999.999
"5647",5817,322736.506,322742.367,4097397.096,4097403.722,"Silva","NEON_D17_TEAK_DP1_322000_4097000_classified_point_cloud_colorized.laz","2018_TEAK_3_322000_4097000_image.tif","Tree",1,322000,322999.999,4097000,4097999.999
"5648",5818,322746.06,322751.499,4097397.01,4097404.84,"Silva","NEON_D17_TEAK_DP1_322000_4097000_classified_point_cloud_colorized.laz","2018_TEAK_3_322000_4097000_image.tif","Tree",1,322000,322999.999,4097000,4097999.999
"5649",5819,322892.511,322901.96,4097404.047,4097413.49,"Silva","NEON_D17_TEAK_DP1_322000_4097000_classified_point_cloud_colorized.laz","2018_TEAK_3_322000_4097000_image.tif","Tree",1,322000,322999.999,4097000,4097999.999
"5650",5820,322701.647,322705.612,4097395.73,4097400.488,"Silva","NEON_D17_TEAK_DP1_322000_4097000_classified_point_cloud_colorized.laz","2018_TEAK_3_322000_4097000_image.tif","Tree",1,322000,322999.999,4097000,4097999.999
"5651",5821,322630.614,322638.576,4097389.094,4097396.606,"Silva","NEON_D17_TEAK_DP1_322000_4097000_classified_point_cloud_colorized.laz","2018_TEAK_3_322000_4097000_image.tif","Tree",1,322000,322999.999,4097000,4097999.999
"5652",5822,322440.117,322448.461,4097378.126,4097384.878,"Silva","NEON_D17_TEAK_DP1_322000_4097000_classified_point_cloud_colorized.laz","2018_TEAK_3_322000_4097000_image.tif","Tree",1,322000,322999.999,4097000,4097999.999
"5653",5823,322317.658,322323.919,4097368.404,4097377.344,"Silva","NEON_D17_TEAK_DP1_322000_4097000_classified_point_cloud_colorized.laz","2018_TEAK_3_322000_4097000_image.tif","Tree",1,322000,322999.999,4097000,4097999.999
"5654",5824,322457.558,322466.396,4097377.693,4097386.809,"Silva","NEON_D17_TEAK_DP1_322000_4097000_classified_point_cloud_colorized.laz","2018_TEAK_3_322000_4097000_image.tif","Tree",1,322000,322999.999,4097000,4097999.999
"5655",5825,322466.179,322475.496,4097377.733,4097385.495,"Silva","NEON_D17_TEAK_DP1_322000_4097000_classified_point_cloud_colorized.laz","2018_TEAK_3_322000_4097000_image.tif","Tree",1,322000,322999.999,4097000,4097999.999
"5656",5826,322651.525,322655.918,4097390.748,4097395.298,"Silva","NEON_D17_TEAK_DP1_322000_4097000_classified_point_cloud_colorized.laz","2018_TEAK_3_322000_4097000_image.tif","Tree",1,322000,322999.999,4097000,4097999.999
"5657",5827,322668.606,322671.931,4097392.566,4097397.478,"Silva","NEON_D17_TEAK_DP1_322000_4097000_classified_point_cloud_colorized.laz","2018_TEAK_3_322000_4097000_image.tif","Tree",1,322000,322999.999,4097000,4097999.999
"5658",5828,322722.1,322728.913,4097395.082,4097401.932,"Silva","NEON_D17_TEAK_DP1_322000_4097000_classified_point_cloud_colorized.laz","2018_TEAK_3_322000_4097000_image.tif","Tree",1,322000,322999.999,4097000,4097999.999
"5659",5829,322805.087,322808.125,4097402.016,4097405.233,"Silva","NEON_D17_TEAK_DP1_322000_4097000_classified_point_cloud_colorized.laz","2018_TEAK_3_322000_4097000_image.tif","Tree",1,322000,322999.999,4097000,4097999.999
"5660",5830,322862.507,322872.996,4097400.72,4097412.314,"Silva","NEON_D17_TEAK_DP1_322000_4097000_classified_point_cloud_colorized.laz","2018_TEAK_3_322000_4097000_image.tif","Tree",1,322000,322999.999,4097000,4097999.999
"5661",5831,322757.114,322761.447,4097397.641,4097401.956,"Silva","NEON_D17_TEAK_DP1_322000_4097000_classified_point_cloud_colorized.laz","2018_TEAK_3_322000_4097000_image.tif","Tree",1,322000,322999.999,4097000,4097999.999
"5662",5832,322712.092,322713.261,4097396.254,4097398.44,"Silva","NEON_D17_TEAK_DP1_322000_4097000_classified_point_cloud_colorized.laz","2018_TEAK_3_322000_4097000_image.tif","Tree",1,322000,322999.999,4097000,4097999.999
"5663",5833,322475.55,322485.805,4097376.521,4097387.907,"Silva","NEON_D17_TEAK_DP1_322000_4097000_classified_point_cloud_colorized.laz","2018_TEAK_3_322000_4097000_image.tif","Tree",1,322000,322999.999,4097000,4097999.999
"5664",5834,322324.567,322333.854,4097368.589,4097375.344,"Silva","NEON_D17_TEAK_DP1_322000_4097000_classified_point_cloud_colorized.laz","2018_TEAK_3_322000_4097000_image.tif","Tree",1,322000,322999.999,4097000,4097999.999
"5665",5835,322496.504,322500.843,4097379.429,4097385.456,"Silva","NEON_D17_TEAK_DP1_322000_4097000_classified_point_cloud_colorized.laz","2018_TEAK_3_322000_4097000_image.tif","Tree",1,322000,322999.999,4097000,4097999.999
"5666",5836,322847.511,322851.467,4097402.105,4097406.807,"Silva","NEON_D17_TEAK_DP1_322000_4097000_classified_point_cloud_colorized.laz","2018_TEAK_3_322000_4097000_image.tif","Tree",1,322000,322999.999,4097000,4097999.999
"5667",5837,322952.039,322959.199,4097408.534,4097414.216,"Silva","NEON_D17_TEAK_DP1_322000_4097000_classified_point_cloud_colorized.laz","2018_TEAK_3_322000_4097000_image.tif","Tree",1,322000,322999.999,4097000,4097999.999
"5668",5838,322921.634,322928.48,4097405.534,4097413.059,"Silva","NEON_D17_TEAK_DP1_322000_4097000_classified_point_cloud_colorized.laz","2018_TEAK_3_322000_4097000_image.tif","Tree",1,322000,322999.999,4097000,4097999.999
"5669",5839,322853.537,322857.94,4097402.289,4097406.83,"Silva","NEON_D17_TEAK_DP1_322000_4097000_classified_point_cloud_colorized.laz","2018_TEAK_3_322000_4097000_image.tif","Tree",1,322000,322999.999,4097000,4097999.999
"5670",5840,322355.406,322364.374,4097368.208,4097377.795,"Silva","NEON_D17_TEAK_DP1_322000_4097000_classified_point_cloud_colorized.laz","2018_TEAK_3_322000_4097000_image.tif","Tree",1,322000,322999.999,4097000,4097999.999
"5671",5841,322797.068,322799.917,4097398.021,4097401.427,"Silva","NEON_D17_TEAK_DP1_322000_4097000_classified_point_cloud_colorized.laz","2018_TEAK_3_322000_4097000_image.tif","Tree",1,322000,322999.999,4097000,4097999.999
"5672",5842,322803.031,322804.259,4097400.669,4097401.968,"Silva","NEON_D17_TEAK_DP1_322000_4097000_classified_point_cloud_colorized.laz","2018_TEAK_3_322000_4097000_image.tif","Tree",1,322000,322999.999,4097000,4097999.999
"5673",5843,322927.595,322932.985,4097404.588,4097412.493,"Silva","NEON_D17_TEAK_DP1_322000_4097000_classified_point_cloud_colorized.laz","2018_TEAK_3_322000_4097000_image.tif","Tree",1,322000,322999.999,4097000,4097999.999
"5674",5844,322933.002,322935.464,4097407.124,4097410.47,"Silva","NEON_D17_TEAK_DP1_322000_4097000_classified_point_cloud_colorized.laz","2018_TEAK_3_322000_4097000_image.tif","Tree",1,322000,322999.999,4097000,4097999.999
"5675",5845,322943.621,322947.495,4097405.068,4097414.492,"Silva","NEON_D17_TEAK_DP1_322000_4097000_classified_point_cloud_colorized.laz","2018_TEAK_3_322000_4097000_image.tif","Tree",1,322000,322999.999,4097000,4097999.999
"5676",5846,322887.002,322894.473,4097403.674,4097409.332,"Silva","NEON_D17_TEAK_DP1_322000_4097000_classified_point_cloud_colorized.laz","2018_TEAK_3_322000_4097000_image.tif","Tree",1,322000,322999.999,4097000,4097999.999
"5677",5847,322851.239,322854.944,4097401.83,4097405.795,"Silva","NEON_D17_TEAK_DP1_322000_4097000_classified_point_cloud_colorized.laz","2018_TEAK_3_322000_4097000_image.tif","Tree",1,322000,322999.999,4097000,4097999.999
"5678",5848,322775.516,322777.84,4097397.627,4097400.484,"Silva","NEON_D17_TEAK_DP1_322000_4097000_classified_point_cloud_colorized.laz","2018_TEAK_3_322000_4097000_image.tif","Tree",1,322000,322999.999,4097000,4097999.999
"5679",5850,322758.823,322764.776,4097394.031,4097398.257,"Silva","NEON_D17_TEAK_DP1_322000_4097000_classified_point_cloud_colorized.laz","2018_TEAK_3_322000_4097000_image.tif","Tree",1,322000,322999.999,4097000,4097999.999
"5680",5851,322789.195,322794.263,4097396.804,4097401.456,"Silva","NEON_D17_TEAK_DP1_322000_4097000_classified_point_cloud_colorized.laz","2018_TEAK_3_322000_4097000_image.tif","Tree",1,322000,322999.999,4097000,4097999.999
"5681",5852,322527.082,322534.923,4097377.576,4097385.451,"Silva","NEON_D17_TEAK_DP1_322000_4097000_classified_point_cloud_colorized.laz","2018_TEAK_3_322000_4097000_image.tif","Tree",1,322000,322999.999,4097000,4097999.999
"5682",5853,322387.765,322390.697,4097372.504,4097374.316,"Silva","NEON_D17_TEAK_DP1_322000_4097000_classified_point_cloud_colorized.laz","2018_TEAK_3_322000_4097000_image.tif","Tree",1,322000,322999.999,4097000,4097999.999
"5683",5854,322442.631,322448.897,4097373.045,4097379.26,"Silva","NEON_D17_TEAK_DP1_322000_4097000_classified_point_cloud_colorized.laz","2018_TEAK_3_322000_4097000_image.tif","Tree",1,322000,322999.999,4097000,4097999.999
"5684",5855,322947.91,322954.468,4097404.523,4097409.48,"Silva","NEON_D17_TEAK_DP1_322000_4097000_classified_point_cloud_colorized.laz","2018_TEAK_3_322000_4097000_image.tif","Tree",1,322000,322999.999,4097000,4097999.999
"5685",5857,322887.013,322895.473,4097399.52,4097405.807,"Silva","NEON_D17_TEAK_DP1_322000_4097000_classified_point_cloud_colorized.laz","2018_TEAK_3_322000_4097000_image.tif","Tree",1,322000,322999.999,4097000,4097999.999
"5686",5858,322722.66,322730.354,4097388.565,4097395.464,"Silva","NEON_D17_TEAK_DP1_322000_4097000_classified_point_cloud_colorized.laz","2018_TEAK_3_322000_4097000_image.tif","Tree",1,322000,322999.999,4097000,4097999.999
"5687",5859,322372.52,322380.428,4097364.704,4097374.339,"Silva","NEON_D17_TEAK_DP1_322000_4097000_classified_point_cloud_colorized.laz","2018_TEAK_3_322000_4097000_image.tif","Tree",1,322000,322999.999,4097000,4097999.999
"5688",5860,322901.023,322907.331,4097398.564,4097405.978,"Silva","NEON_D17_TEAK_DP1_322000_4097000_classified_point_cloud_colorized.laz","2018_TEAK_3_322000_4097000_image.tif","Tree",1,322000,322999.999,4097000,4097999.999
"5689",5861,322324.531,322332.964,4097362.011,4097368.981,"Silva","NEON_D17_TEAK_DP1_322000_4097000_classified_point_cloud_colorized.laz","2018_TEAK_3_322000_4097000_image.tif","Tree",1,322000,322999.999,4097000,4097999.999
"5690",5862,322920.595,322924.916,4097400.03,4097405.487,"Silva","NEON_D17_TEAK_DP1_322000_4097000_classified_point_cloud_colorized.laz","2018_TEAK_3_322000_4097000_image.tif","Tree",1,322000,322999.999,4097000,4097999.999
"5691",5863,322938.592,322943.93,4097400.647,4097404.957,"Silva","NEON_D17_TEAK_DP1_322000_4097000_classified_point_cloud_colorized.laz","2018_TEAK_3_322000_4097000_image.tif","Tree",1,322000,322999.999,4097000,4097999.999
"5692",5864,322915.036,322916.994,4097400.032,4097402.682,"Silva","NEON_D17_TEAK_DP1_322000_4097000_classified_point_cloud_colorized.laz","2018_TEAK_3_322000_4097000_image.tif","Tree",1,322000,322999.999,4097000,4097999.999
"5693",5865,322778.502,322783.477,4097391.048,4097397.41,"Silva","NEON_D17_TEAK_DP1_322000_4097000_classified_point_cloud_colorized.laz","2018_TEAK_3_322000_4097000_image.tif","Tree",1,322000,322999.999,4097000,4097999.999
"5694",5866,322704.042,322708.922,4097385.037,4097390.951,"Silva","NEON_D17_TEAK_DP1_322000_4097000_classified_point_cloud_colorized.laz","2018_TEAK_3_322000_4097000_image.tif","Tree",1,322000,322999.999,4097000,4097999.999
"5695",5867,322917.51,322920.459,4097398.011,4097402.635,"Silva","NEON_D17_TEAK_DP1_322000_4097000_classified_point_cloud_colorized.laz","2018_TEAK_3_322000_4097000_image.tif","Tree",1,322000,322999.999,4097000,4097999.999
"5696",5868,322948.685,322952.782,4097400.73,4097404.499,"Silva","NEON_D17_TEAK_DP1_322000_4097000_classified_point_cloud_colorized.laz","2018_TEAK_3_322000_4097000_image.tif","Tree",1,322000,322999.999,4097000,4097999.999
"5697",5869,322890.566,322898.903,4097395.761,4097404.18,"Silva","NEON_D17_TEAK_DP1_322000_4097000_classified_point_cloud_colorized.laz","2018_TEAK_3_322000_4097000_image.tif","Tree",1,322000,322999.999,4097000,4097999.999
"5698",5870,322788.17,322791.887,4097391.215,4097394.342,"Silva","NEON_D17_TEAK_DP1_322000_4097000_classified_point_cloud_colorized.laz","2018_TEAK_3_322000_4097000_image.tif","Tree",1,322000,322999.999,4097000,4097999.999
"5699",5871,322867.054,322873.469,4097394.008,4097402.442,"Silva","NEON_D17_TEAK_DP1_322000_4097000_classified_point_cloud_colorized.laz","2018_TEAK_3_322000_4097000_image.tif","Tree",1,322000,322999.999,4097000,4097999.999
"5700",5872,322937.106,322940.89,4097398.768,4097402.886,"Silva","NEON_D17_TEAK_DP1_322000_4097000_classified_point_cloud_colorized.laz","2018_TEAK_3_322000_4097000_image.tif","Tree",1,322000,322999.999,4097000,4097999.999
"5701",5873,322770.096,322774.478,4097386.949,4097392.196,"Silva","NEON_D17_TEAK_DP1_322000_4097000_classified_point_cloud_colorized.laz","2018_TEAK_3_322000_4097000_image.tif","Tree",1,322000,322999.999,4097000,4097999.999
"5702",5874,322806.303,322812.44,4097385.709,4097395.881,"Silva","NEON_D17_TEAK_DP1_322000_4097000_classified_point_cloud_colorized.laz","2018_TEAK_3_322000_4097000_image.tif","Tree",1,322000,322999.999,4097000,4097999.999
"5703",5875,322857.614,322862.461,4097392.638,4097396.704,"Silva","NEON_D17_TEAK_DP1_322000_4097000_classified_point_cloud_colorized.laz","2018_TEAK_3_322000_4097000_image.tif","Tree",1,322000,322999.999,4097000,4097999.999
"5704",5876,322480.091,322483.921,4097369.107,4097376.454,"Silva","NEON_D17_TEAK_DP1_322000_4097000_classified_point_cloud_colorized.laz","2018_TEAK_3_322000_4097000_image.tif","Tree",1,322000,322999.999,4097000,4097999.999
"5705",5877,322962.926,322968.372,4097394.025,4097403.365,"Silva","NEON_D17_TEAK_DP1_322000_4097000_classified_point_cloud_colorized.laz","2018_TEAK_3_322000_4097000_image.tif","Tree",1,322000,322999.999,4097000,4097999.999
"5706",5878,322908.161,322913.31,4097393.02,4097397.941,"Silva","NEON_D17_TEAK_DP1_322000_4097000_classified_point_cloud_colorized.laz","2018_TEAK_3_322000_4097000_image.tif","Tree",1,322000,322999.999,4097000,4097999.999
"5707",5879,322745.086,322751.43,4097381.183,4097389.114,"Silva","NEON_D17_TEAK_DP1_322000_4097000_classified_point_cloud_colorized.laz","2018_TEAK_3_322000_4097000_image.tif","Tree",1,322000,322999.999,4097000,4097999.999
"5708",5880,322434.837,322435.146,4097367.512,4097367.724,"Silva","NEON_D17_TEAK_DP1_322000_4097000_classified_point_cloud_colorized.laz","2018_TEAK_3_322000_4097000_image.tif","Tree",1,322000,322999.999,4097000,4097999.999
"5709",5881,322728.522,322733.988,4097380.588,4097387.474,"Silva","NEON_D17_TEAK_DP1_322000_4097000_classified_point_cloud_colorized.laz","2018_TEAK_3_322000_4097000_image.tif","Tree",1,322000,322999.999,4097000,4097999.999
"5710",5882,322773.348,322778.576,4097383.515,4097390.596,"Silva","NEON_D17_TEAK_DP1_322000_4097000_classified_point_cloud_colorized.laz","2018_TEAK_3_322000_4097000_image.tif","Tree",1,322000,322999.999,4097000,4097999.999
"5711",5883,322913.06,322917.931,4097392.048,4097398.261,"Silva","NEON_D17_TEAK_DP1_322000_4097000_classified_point_cloud_colorized.laz","2018_TEAK_3_322000_4097000_image.tif","Tree",1,322000,322999.999,4097000,4097999.999
"5712",5884,322978.532,322984.854,4097395.771,4097402.974,"Silva","NEON_D17_TEAK_DP1_322000_4097000_classified_point_cloud_colorized.laz","2018_TEAK_3_322000_4097000_image.tif","Tree",1,322000,322999.999,4097000,4097999.999
"5713",5885,322966.715,322972.339,4097393.522,4097401.46,"Silva","NEON_D17_TEAK_DP1_322000_4097000_classified_point_cloud_colorized.laz","2018_TEAK_3_322000_4097000_image.tif","Tree",1,322000,322999.999,4097000,4097999.999
"5714",5886,322876.52,322882.988,4097390.224,4097395.962,"Silva","NEON_D17_TEAK_DP1_322000_4097000_classified_point_cloud_colorized.laz","2018_TEAK_3_322000_4097000_image.tif","Tree",1,322000,322999.999,4097000,4097999.999
"5715",5887,322763.621,322769.324,4097381.872,4097388.456,"Silva","NEON_D17_TEAK_DP1_322000_4097000_classified_point_cloud_colorized.laz","2018_TEAK_3_322000_4097000_image.tif","Tree",1,322000,322999.999,4097000,4097999.999
"5716",5888,322468.512,322474.556,4097365.193,4097370.962,"Silva","NEON_D17_TEAK_DP1_322000_4097000_classified_point_cloud_colorized.laz","2018_TEAK_3_322000_4097000_image.tif","Tree",1,322000,322999.999,4097000,4097999.999
"5717",5889,322365.035,322371.209,4097359.318,4097365.233,"Silva","NEON_D17_TEAK_DP1_322000_4097000_classified_point_cloud_colorized.laz","2018_TEAK_3_322000_4097000_image.tif","Tree",1,322000,322999.999,4097000,4097999.999
"5718",5890,322777.799,322780.766,4097383.032,4097387.508,"Silva","NEON_D17_TEAK_DP1_322000_4097000_classified_point_cloud_colorized.laz","2018_TEAK_3_322000_4097000_image.tif","Tree",1,322000,322999.999,4097000,4097999.999
"5719",5891,322794.075,322803.641,4097382.136,4097391.364,"Silva","NEON_D17_TEAK_DP1_322000_4097000_classified_point_cloud_colorized.laz","2018_TEAK_3_322000_4097000_image.tif","Tree",1,322000,322999.999,4097000,4097999.999
"5720",5892,322982.686,322988.235,4097394.627,4097401.947,"Silva","NEON_D17_TEAK_DP1_322000_4097000_classified_point_cloud_colorized.laz","2018_TEAK_3_322000_4097000_image.tif","Tree",1,322000,322999.999,4097000,4097999.999
"5721",5893,322930.001,322936.418,4097388.519,4097396.862,"Silva","NEON_D17_TEAK_DP1_322000_4097000_classified_point_cloud_colorized.laz","2018_TEAK_3_322000_4097000_image.tif","Tree",1,322000,322999.999,4097000,4097999.999
"5722",5894,322862.615,322868.888,4097388.102,4097394.98,"Silva","NEON_D17_TEAK_DP1_322000_4097000_classified_point_cloud_colorized.laz","2018_TEAK_3_322000_4097000_image.tif","Tree",1,322000,322999.999,4097000,4097999.999
"5723",5895,322660.868,322661.354,4097381.2,4097381.789,"Silva","NEON_D17_TEAK_DP1_322000_4097000_classified_point_cloud_colorized.laz","2018_TEAK_3_322000_4097000_image.tif","Tree",1,322000,322999.999,4097000,4097999.999
"5724",5896,322502.079,322511.872,4097363.537,4097373.77,"Silva","NEON_D17_TEAK_DP1_322000_4097000_classified_point_cloud_colorized.laz","2018_TEAK_3_322000_4097000_image.tif","Tree",1,322000,322999.999,4097000,4097999.999
"5725",5897,322717.782,322719.844,4097383.05,4097385.01,"Silva","NEON_D17_TEAK_DP1_322000_4097000_classified_point_cloud_colorized.laz","2018_TEAK_3_322000_4097000_image.tif","Tree",1,322000,322999.999,4097000,4097999.999
"5726",5898,322751.739,322756.973,4097379.049,4097384.638,"Silva","NEON_D17_TEAK_DP1_322000_4097000_classified_point_cloud_colorized.laz","2018_TEAK_3_322000_4097000_image.tif","Tree",1,322000,322999.999,4097000,4097999.999
"5727",5899,322339.568,322345.385,4097355.098,4097361.97,"Silva","NEON_D17_TEAK_DP1_322000_4097000_classified_point_cloud_colorized.laz","2018_TEAK_3_322000_4097000_image.tif","Tree",1,322000,322999.999,4097000,4097999.999
"5728",5900,322811.649,322816.87,4097382.545,4097388.46,"Silva","NEON_D17_TEAK_DP1_322000_4097000_classified_point_cloud_colorized.laz","2018_TEAK_3_322000_4097000_image.tif","Tree",1,322000,322999.999,4097000,4097999.999
"5729",5901,322921.507,322926.983,4097390.055,4097394.958,"Silva","NEON_D17_TEAK_DP1_322000_4097000_classified_point_cloud_colorized.laz","2018_TEAK_3_322000_4097000_image.tif","Tree",1,322000,322999.999,4097000,4097999.999
"5730",5902,322939.508,322946.966,4097388.121,4097395.448,"Silva","NEON_D17_TEAK_DP1_322000_4097000_classified_point_cloud_colorized.laz","2018_TEAK_3_322000_4097000_image.tif","Tree",1,322000,322999.999,4097000,4097999.999
"5731",5903,322704.094,322707.322,4097376.612,4097380.472,"Silva","NEON_D17_TEAK_DP1_322000_4097000_classified_point_cloud_colorized.laz","2018_TEAK_3_322000_4097000_image.tif","Tree",1,322000,322999.999,4097000,4097999.999
"5732",5904,322995.036,322997.327,4097392.765,4097395.944,"Silva","NEON_D17_TEAK_DP1_322000_4097000_classified_point_cloud_colorized.laz","2018_TEAK_3_322000_4097000_image.tif","Tree",1,322000,322999.999,4097000,4097999.999
"5733",5905,322482.636,322488.348,4097358.532,4097366.926,"Silva","NEON_D17_TEAK_DP1_322000_4097000_classified_point_cloud_colorized.laz","2018_TEAK_3_322000_4097000_image.tif","Tree",1,322000,322999.999,4097000,4097999.999
"5734",5906,322910.195,322917.496,4097385.112,4097391.997,"Silva","NEON_D17_TEAK_DP1_322000_4097000_classified_point_cloud_colorized.laz","2018_TEAK_3_322000_4097000_image.tif","Tree",1,322000,322999.999,4097000,4097999.999
"5735",5907,322920.504,322926.989,4097386.121,4097390.891,"Silva","NEON_D17_TEAK_DP1_322000_4097000_classified_point_cloud_colorized.laz","2018_TEAK_3_322000_4097000_image.tif","Tree",1,322000,322999.999,4097000,4097999.999
"5736",5908,322862.008,322867.488,4097383.02,4097387.985,"Silva","NEON_D17_TEAK_DP1_322000_4097000_classified_point_cloud_colorized.laz","2018_TEAK_3_322000_4097000_image.tif","Tree",1,322000,322999.999,4097000,4097999.999
"5737",5909,322901.124,322906.988,4097383.038,4097391.402,"Silva","NEON_D17_TEAK_DP1_322000_4097000_classified_point_cloud_colorized.laz","2018_TEAK_3_322000_4097000_image.tif","Tree",1,322000,322999.999,4097000,4097999.999
"5738",5910,322949.171,322954.108,4097385.552,4097392.251,"Silva","NEON_D17_TEAK_DP1_322000_4097000_classified_point_cloud_colorized.laz","2018_TEAK_3_322000_4097000_image.tif","Tree",1,322000,322999.999,4097000,4097999.999
"5739",5911,322681.62,322684.895,4097371.092,4097375.444,"Silva","NEON_D17_TEAK_DP1_322000_4097000_classified_point_cloud_colorized.laz","2018_TEAK_3_322000_4097000_image.tif","Tree",1,322000,322999.999,4097000,4097999.999
"5740",5913,322417.57,322422.69,4097354.185,4097360.906,"Silva","NEON_D17_TEAK_DP1_322000_4097000_classified_point_cloud_colorized.laz","2018_TEAK_3_322000_4097000_image.tif","Tree",1,322000,322999.999,4097000,4097999.999
"5741",5914,322508.564,322519.498,4097356.182,4097367.67,"Silva","NEON_D17_TEAK_DP1_322000_4097000_classified_point_cloud_colorized.laz","2018_TEAK_3_322000_4097000_image.tif","Tree",1,322000,322999.999,4097000,4097999.999
"5742",5915,322649.685,322656.872,4097367.862,4097373.947,"Silva","NEON_D17_TEAK_DP1_322000_4097000_classified_point_cloud_colorized.laz","2018_TEAK_3_322000_4097000_image.tif","Tree",1,322000,322999.999,4097000,4097999.999
"5743",5916,322699.528,322701.802,4097372.055,4097375.966,"Silva","NEON_D17_TEAK_DP1_322000_4097000_classified_point_cloud_colorized.laz","2018_TEAK_3_322000_4097000_image.tif","Tree",1,322000,322999.999,4097000,4097999.999
"5744",5917,322761.223,322763.327,4097375.504,4097378.866,"Silva","NEON_D17_TEAK_DP1_322000_4097000_classified_point_cloud_colorized.laz","2018_TEAK_3_322000_4097000_image.tif","Tree",1,322000,322999.999,4097000,4097999.999
"5745",5918,322640.43,322646.887,4097368.005,4097373.466,"Silva","NEON_D17_TEAK_DP1_322000_4097000_classified_point_cloud_colorized.laz","2018_TEAK_3_322000_4097000_image.tif","Tree",1,322000,322999.999,4097000,4097999.999
"5746",5919,322403.551,322406.994,4097352.808,4097358.396,"Silva","NEON_D17_TEAK_DP1_322000_4097000_classified_point_cloud_colorized.laz","2018_TEAK_3_322000_4097000_image.tif","Tree",1,322000,322999.999,4097000,4097999.999
"5747",5920,322750.654,322754.806,4097375.101,4097379.476,"Silva","NEON_D17_TEAK_DP1_322000_4097000_classified_point_cloud_colorized.laz","2018_TEAK_3_322000_4097000_image.tif","Tree",1,322000,322999.999,4097000,4097999.999
"5748",5921,322838.757,322845.902,4097377.174,4097383.491,"Silva","NEON_D17_TEAK_DP1_322000_4097000_classified_point_cloud_colorized.laz","2018_TEAK_3_322000_4097000_image.tif","Tree",1,322000,322999.999,4097000,4097999.999
"5749",5922,322918.5,322924.808,4097382.589,4097387.46,"Silva","NEON_D17_TEAK_DP1_322000_4097000_classified_point_cloud_colorized.laz","2018_TEAK_3_322000_4097000_image.tif","Tree",1,322000,322999.999,4097000,4097999.999
"5750",5923,322772.062,322773.035,4097375.729,4097378.087,"Silva","NEON_D17_TEAK_DP1_322000_4097000_classified_point_cloud_colorized.laz","2018_TEAK_3_322000_4097000_image.tif","Tree",1,322000,322999.999,4097000,4097999.999
"5751",5924,322346.048,322352.959,4097348.048,4097354.781,"Silva","NEON_D17_TEAK_DP1_322000_4097000_classified_point_cloud_colorized.laz","2018_TEAK_3_322000_4097000_image.tif","Tree",1,322000,322999.999,4097000,4097999.999
"5752",5925,322368.469,322374.142,4097347.112,4097356.385,"Silva","NEON_D17_TEAK_DP1_322000_4097000_classified_point_cloud_colorized.laz","2018_TEAK_3_322000_4097000_image.tif","Tree",1,322000,322999.999,4097000,4097999.999
"5753",5926,322398.594,322402.831,4097350.022,4097356.422,"Silva","NEON_D17_TEAK_DP1_322000_4097000_classified_point_cloud_colorized.laz","2018_TEAK_3_322000_4097000_image.tif","Tree",1,322000,322999.999,4097000,4097999.999
"5754",5927,322462.566,322469.488,4097355.587,4097361.906,"Silva","NEON_D17_TEAK_DP1_322000_4097000_classified_point_cloud_colorized.laz","2018_TEAK_3_322000_4097000_image.tif","Tree",1,322000,322999.999,4097000,4097999.999
"5755",5928,322631.345,322636.164,4097364.532,4097370.949,"Silva","NEON_D17_TEAK_DP1_322000_4097000_classified_point_cloud_colorized.laz","2018_TEAK_3_322000_4097000_image.tif","Tree",1,322000,322999.999,4097000,4097999.999
"5756",5929,322937.015,322942.994,4097381.594,4097388.326,"Silva","NEON_D17_TEAK_DP1_322000_4097000_classified_point_cloud_colorized.laz","2018_TEAK_3_322000_4097000_image.tif","Tree",1,322000,322999.999,4097000,4097999.999
"5757",5930,322822.559,322835.294,4097371.233,4097383.903,"Silva","NEON_D17_TEAK_DP1_322000_4097000_classified_point_cloud_colorized.laz","2018_TEAK_3_322000_4097000_image.tif","Tree",1,322000,322999.999,4097000,4097999.999
"5758",5931,322910.625,322917.304,4097378.933,4097384.971,"Silva","NEON_D17_TEAK_DP1_322000_4097000_classified_point_cloud_colorized.laz","2018_TEAK_3_322000_4097000_image.tif","Tree",1,322000,322999.999,4097000,4097999.999
"5759",5932,322917.53,322923.913,4097379.451,4097384.972,"Silva","NEON_D17_TEAK_DP1_322000_4097000_classified_point_cloud_colorized.laz","2018_TEAK_3_322000_4097000_image.tif","Tree",1,322000,322999.999,4097000,4097999.999
"5760",5933,322924.057,322930.053,4097378.503,4097384.599,"Silva","NEON_D17_TEAK_DP1_322000_4097000_classified_point_cloud_colorized.laz","2018_TEAK_3_322000_4097000_image.tif","Tree",1,322000,322999.999,4097000,4097999.999
"5761",5934,322940.815,322944.543,4097380.073,4097386.99,"Silva","NEON_D17_TEAK_DP1_322000_4097000_classified_point_cloud_colorized.laz","2018_TEAK_3_322000_4097000_image.tif","Tree",1,322000,322999.999,4097000,4097999.999
"5762",5935,322984.072,322988.821,4097384.503,4097388.959,"Silva","NEON_D17_TEAK_DP1_322000_4097000_classified_point_cloud_colorized.laz","2018_TEAK_3_322000_4097000_image.tif","Tree",1,322000,322999.999,4097000,4097999.999
"5763",5936,322872.058,322873.995,4097379.001,4097380.952,"Silva","NEON_D17_TEAK_DP1_322000_4097000_classified_point_cloud_colorized.laz","2018_TEAK_3_322000_4097000_image.tif","Tree",1,322000,322999.999,4097000,4097999.999
"5764",5938,322641.237,322645.484,4097363.582,4097367.995,"Silva","NEON_D17_TEAK_DP1_322000_4097000_classified_point_cloud_colorized.laz","2018_TEAK_3_322000_4097000_image.tif","Tree",1,322000,322999.999,4097000,4097999.999
"5765",5939,322884.516,322890.988,4097377.057,4097382.904,"Silva","NEON_D17_TEAK_DP1_322000_4097000_classified_point_cloud_colorized.laz","2018_TEAK_3_322000_4097000_image.tif","Tree",1,322000,322999.999,4097000,4097999.999
"5766",5940,322357.05,322360.602,4097347.533,4097351.073,"Silva","NEON_D17_TEAK_DP1_322000_4097000_classified_point_cloud_colorized.laz","2018_TEAK_3_322000_4097000_image.tif","Tree",1,322000,322999.999,4097000,4097999.999
"5767",5942,322745.598,322748.768,4097368.568,4097372.928,"Silva","NEON_D17_TEAK_DP1_322000_4097000_classified_point_cloud_colorized.laz","2018_TEAK_3_322000_4097000_image.tif","Tree",1,322000,322999.999,4097000,4097999.999
"5768",5943,322772.562,322774.495,4097371.05,4097373.457,"Silva","NEON_D17_TEAK_DP1_322000_4097000_classified_point_cloud_colorized.laz","2018_TEAK_3_322000_4097000_image.tif","Tree",1,322000,322999.999,4097000,4097999.999
"5769",5944,322776.61,322778.351,4097371.83,4097373.313,"Silva","NEON_D17_TEAK_DP1_322000_4097000_classified_point_cloud_colorized.laz","2018_TEAK_3_322000_4097000_image.tif","Tree",1,322000,322999.999,4097000,4097999.999
"5770",5945,322812.301,322814.465,4097372.291,4097375.456,"Silva","NEON_D17_TEAK_DP1_322000_4097000_classified_point_cloud_colorized.laz","2018_TEAK_3_322000_4097000_image.tif","Tree",1,322000,322999.999,4097000,4097999.999
"5771",5946,322841.619,322849.356,4097371.031,4097379.99,"Silva","NEON_D17_TEAK_DP1_322000_4097000_classified_point_cloud_colorized.laz","2018_TEAK_3_322000_4097000_image.tif","Tree",1,322000,322999.999,4097000,4097999.999
"5772",5947,322368.12,322370.724,4097348.031,4097351.201,"Silva","NEON_D17_TEAK_DP1_322000_4097000_classified_point_cloud_colorized.laz","2018_TEAK_3_322000_4097000_image.tif","Tree",1,322000,322999.999,4097000,4097999.999
"5773",5948,322451.55,322454.933,4097352.041,4097355.437,"Silva","NEON_D17_TEAK_DP1_322000_4097000_classified_point_cloud_colorized.laz","2018_TEAK_3_322000_4097000_image.tif","Tree",1,322000,322999.999,4097000,4097999.999
"5774",5950,322927.043,322932.995,4097376.528,4097383.411,"Silva","NEON_D17_TEAK_DP1_322000_4097000_classified_point_cloud_colorized.laz","2018_TEAK_3_322000_4097000_image.tif","Tree",1,322000,322999.999,4097000,4097999.999
"5775",5951,322932.525,322936.412,4097377.086,4097383.87,"Silva","NEON_D17_TEAK_DP1_322000_4097000_classified_point_cloud_colorized.laz","2018_TEAK_3_322000_4097000_image.tif","Tree",1,322000,322999.999,4097000,4097999.999
"5776",5952,322936.513,322942.441,4097376.508,4097382.619,"Silva","NEON_D17_TEAK_DP1_322000_4097000_classified_point_cloud_colorized.laz","2018_TEAK_3_322000_4097000_image.tif","Tree",1,322000,322999.999,4097000,4097999.999
"5777",5953,322417.537,322427.982,4097348.019,4097354.467,"Silva","NEON_D17_TEAK_DP1_322000_4097000_classified_point_cloud_colorized.laz","2018_TEAK_3_322000_4097000_image.tif","Tree",1,322000,322999.999,4097000,4097999.999
"5778",5954,322386.517,322395.349,4097344.515,4097352.697,"Silva","NEON_D17_TEAK_DP1_322000_4097000_classified_point_cloud_colorized.laz","2018_TEAK_3_322000_4097000_image.tif","Tree",1,322000,322999.999,4097000,4097999.999
"5779",5955,322755.911,322756.422,4097368.2,4097368.973,"Silva","NEON_D17_TEAK_DP1_322000_4097000_classified_point_cloud_colorized.laz","2018_TEAK_3_322000_4097000_image.tif","Tree",1,322000,322999.999,4097000,4097999.999
"5780",5956,322798.346,322806.996,4097366.36,4097374.997,"Silva","NEON_D17_TEAK_DP1_322000_4097000_classified_point_cloud_colorized.laz","2018_TEAK_3_322000_4097000_image.tif","Tree",1,322000,322999.999,4097000,4097999.999
"5781",5957,322659.271,322662.247,4097361.534,4097364.886,"Silva","NEON_D17_TEAK_DP1_322000_4097000_classified_point_cloud_colorized.laz","2018_TEAK_3_322000_4097000_image.tif","Tree",1,322000,322999.999,4097000,4097999.999
"5782",5958,322379.314,322386.959,4097346.12,4097352.989,"Silva","NEON_D17_TEAK_DP1_322000_4097000_classified_point_cloud_colorized.laz","2018_TEAK_3_322000_4097000_image.tif","Tree",1,322000,322999.999,4097000,4097999.999
"5783",5959,322618.727,322620.939,4097359.557,4097361.864,"Silva","NEON_D17_TEAK_DP1_322000_4097000_classified_point_cloud_colorized.laz","2018_TEAK_3_322000_4097000_image.tif","Tree",1,322000,322999.999,4097000,4097999.999
"5784",5960,322860.066,322866.954,4097369.401,4097376.854,"Silva","NEON_D17_TEAK_DP1_322000_4097000_classified_point_cloud_colorized.laz","2018_TEAK_3_322000_4097000_image.tif","Tree",1,322000,322999.999,4097000,4097999.999
"5785",5961,322994.56,322999.975,4097377.003,4097384.999,"Silva","NEON_D17_TEAK_DP1_322000_4097000_classified_point_cloud_colorized.laz","2018_TEAK_3_322000_4097000_image.tif","Tree",1,322000,322999.999,4097000,4097999.999
"5786",5962,322962.66,322970.442,4097376.012,4097384.429,"Silva","NEON_D17_TEAK_DP1_322000_4097000_classified_point_cloud_colorized.laz","2018_TEAK_3_322000_4097000_image.tif","Tree",1,322000,322999.999,4097000,4097999.999
"5787",5963,322815.445,322819.069,4097368.318,4097374.496,"Silva","NEON_D17_TEAK_DP1_322000_4097000_classified_point_cloud_colorized.laz","2018_TEAK_3_322000_4097000_image.tif","Tree",1,322000,322999.999,4097000,4097999.999
"5788",5964,322784.113,322788.019,4097366.806,4097371.298,"Silva","NEON_D17_TEAK_DP1_322000_4097000_classified_point_cloud_colorized.laz","2018_TEAK_3_322000_4097000_image.tif","Tree",1,322000,322999.999,4097000,4097999.999
"5789",5965,322700.012,322705.435,4097360.517,4097366.838,"Silva","NEON_D17_TEAK_DP1_322000_4097000_classified_point_cloud_colorized.laz","2018_TEAK_3_322000_4097000_image.tif","Tree",1,322000,322999.999,4097000,4097999.999
"5790",5966,322781.286,322783.972,4097366.622,4097369.93,"Silva","NEON_D17_TEAK_DP1_322000_4097000_classified_point_cloud_colorized.laz","2018_TEAK_3_322000_4097000_image.tif","Tree",1,322000,322999.999,4097000,4097999.999
"5791",5967,322808.171,322812.218,4097367.531,4097370.992,"Silva","NEON_D17_TEAK_DP1_322000_4097000_classified_point_cloud_colorized.laz","2018_TEAK_3_322000_4097000_image.tif","Tree",1,322000,322999.999,4097000,4097999.999
"5792",5968,322926.638,322932.975,4097373.101,4097378.461,"Silva","NEON_D17_TEAK_DP1_322000_4097000_classified_point_cloud_colorized.laz","2018_TEAK_3_322000_4097000_image.tif","Tree",1,322000,322999.999,4097000,4097999.999
"5793",5969,322933.004,322939.857,4097372.037,4097377.8,"Silva","NEON_D17_TEAK_DP1_322000_4097000_classified_point_cloud_colorized.laz","2018_TEAK_3_322000_4097000_image.tif","Tree",1,322000,322999.999,4097000,4097999.999
"5794",5970,322819.295,322824.957,4097368.377,4097374.872,"Silva","NEON_D17_TEAK_DP1_322000_4097000_classified_point_cloud_colorized.laz","2018_TEAK_3_322000_4097000_image.tif","Tree",1,322000,322999.999,4097000,4097999.999
"5795",5972,322722.046,322728.714,4097362.199,4097369.384,"Silva","NEON_D17_TEAK_DP1_322000_4097000_classified_point_cloud_colorized.laz","2018_TEAK_3_322000_4097000_image.tif","Tree",1,322000,322999.999,4097000,4097999.999
"5796",5973,322681.554,322684.44,4097359.48,4097363.182,"Silva","NEON_D17_TEAK_DP1_322000_4097000_classified_point_cloud_colorized.laz","2018_TEAK_3_322000_4097000_image.tif","Tree",1,322000,322999.999,4097000,4097999.999
"5797",5974,322407.554,322414.976,4097343.222,4097349.455,"Silva","NEON_D17_TEAK_DP1_322000_4097000_classified_point_cloud_colorized.laz","2018_TEAK_3_322000_4097000_image.tif","Tree",1,322000,322999.999,4097000,4097999.999
"5798",5975,322881.577,322884.447,4097370.724,4097373.908,"Silva","NEON_D17_TEAK_DP1_322000_4097000_classified_point_cloud_colorized.laz","2018_TEAK_3_322000_4097000_image.tif","Tree",1,322000,322999.999,4097000,4097999.999
"5799",5976,322769.416,322772.483,4097364.51,4097367.791,"Silva","NEON_D17_TEAK_DP1_322000_4097000_classified_point_cloud_colorized.laz","2018_TEAK_3_322000_4097000_image.tif","Tree",1,322000,322999.999,4097000,4097999.999
"5800",5977,322873.063,322874.45,4097369.624,4097371.469,"Silva","NEON_D17_TEAK_DP1_322000_4097000_classified_point_cloud_colorized.laz","2018_TEAK_3_322000_4097000_image.tif","Tree",1,322000,322999.999,4097000,4097999.999
"5801",5979,322698.526,322701.795,4097360.12,4097362.886,"Silva","NEON_D17_TEAK_DP1_322000_4097000_classified_point_cloud_colorized.laz","2018_TEAK_3_322000_4097000_image.tif","Tree",1,322000,322999.999,4097000,4097999.999
"5802",5980,322752.239,322753.971,4097362.763,4097364.478,"Silva","NEON_D17_TEAK_DP1_322000_4097000_classified_point_cloud_colorized.laz","2018_TEAK_3_322000_4097000_image.tif","Tree",1,322000,322999.999,4097000,4097999.999
"5803",5981,322797.453,322803.724,4097364.073,4097368.98,"Silva","NEON_D17_TEAK_DP1_322000_4097000_classified_point_cloud_colorized.laz","2018_TEAK_3_322000_4097000_image.tif","Tree",1,322000,322999.999,4097000,4097999.999
"5804",5982,322822.011,322827.921,4097365.308,4097372.455,"Silva","NEON_D17_TEAK_DP1_322000_4097000_classified_point_cloud_colorized.laz","2018_TEAK_3_322000_4097000_image.tif","Tree",1,322000,322999.999,4097000,4097999.999
"5805",5983,322855.585,322861.943,4097362.02,4097371.478,"Silva","NEON_D17_TEAK_DP1_322000_4097000_classified_point_cloud_colorized.laz","2018_TEAK_3_322000_4097000_image.tif","Tree",1,322000,322999.999,4097000,4097999.999
"5806",5984,322976.573,322982.398,4097371.054,4097378.955,"Silva","NEON_D17_TEAK_DP1_322000_4097000_classified_point_cloud_colorized.laz","2018_TEAK_3_322000_4097000_image.tif","Tree",1,322000,322999.999,4097000,4097999.999
"5807",5985,322944.522,322954.402,4097370.145,4097376.997,"Silva","NEON_D17_TEAK_DP1_322000_4097000_classified_point_cloud_colorized.laz","2018_TEAK_3_322000_4097000_image.tif","Tree",1,322000,322999.999,4097000,4097999.999
"5808",5986,322915.672,322923.474,4097368.515,4097373.48,"Silva","NEON_D17_TEAK_DP1_322000_4097000_classified_point_cloud_colorized.laz","2018_TEAK_3_322000_4097000_image.tif","Tree",1,322000,322999.999,4097000,4097999.999
"5809",5987,322764.513,322765.723,4097362.529,4097364.97,"Silva","NEON_D17_TEAK_DP1_322000_4097000_classified_point_cloud_colorized.laz","2018_TEAK_3_322000_4097000_image.tif","Tree",1,322000,322999.999,4097000,4097999.999
"5810",5988,322393.872,322399.947,4097341.024,4097347.979,"Silva","NEON_D17_TEAK_DP1_322000_4097000_classified_point_cloud_colorized.laz","2018_TEAK_3_322000_4097000_image.tif","Tree",1,322000,322999.999,4097000,4097999.999
"5811",5989,322820.322,322821.499,4097364.668,4097366.295,"Silva","NEON_D17_TEAK_DP1_322000_4097000_classified_point_cloud_colorized.laz","2018_TEAK_3_322000_4097000_image.tif","Tree",1,322000,322999.999,4097000,4097999.999
"5812",5990,322892.528,322902.326,4097365.019,4097375.999,"Silva","NEON_D17_TEAK_DP1_322000_4097000_classified_point_cloud_colorized.laz","2018_TEAK_3_322000_4097000_image.tif","Tree",1,322000,322999.999,4097000,4097999.999
"5813",5991,322838.897,322841.858,4097365.046,4097367.993,"Silva","NEON_D17_TEAK_DP1_322000_4097000_classified_point_cloud_colorized.laz","2018_TEAK_3_322000_4097000_image.tif","Tree",1,322000,322999.999,4097000,4097999.999
"5814",5992,322792.033,322798.491,4097361.002,4097367.498,"Silva","NEON_D17_TEAK_DP1_322000_4097000_classified_point_cloud_colorized.laz","2018_TEAK_3_322000_4097000_image.tif","Tree",1,322000,322999.999,4097000,4097999.999
"5815",5993,322732.035,322738.956,4097357.167,4097364.498,"Silva","NEON_D17_TEAK_DP1_322000_4097000_classified_point_cloud_colorized.laz","2018_TEAK_3_322000_4097000_image.tif","Tree",1,322000,322999.999,4097000,4097999.999
"5816",5994,322682.756,322691.333,4097353.257,4097363.466,"Silva","NEON_D17_TEAK_DP1_322000_4097000_classified_point_cloud_colorized.laz","2018_TEAK_3_322000_4097000_image.tif","Tree",1,322000,322999.999,4097000,4097999.999
"5817",5995,322660.827,322663.413,4097356.087,4097358.452,"Silva","NEON_D17_TEAK_DP1_322000_4097000_classified_point_cloud_colorized.laz","2018_TEAK_3_322000_4097000_image.tif","Tree",1,322000,322999.999,4097000,4097999.999
"5818",5996,322355.048,322361.781,4097336.016,4097343.985,"Silva","NEON_D17_TEAK_DP1_322000_4097000_classified_point_cloud_colorized.laz","2018_TEAK_3_322000_4097000_image.tif","Tree",1,322000,322999.999,4097000,4097999.999
"5819",5997,322986.022,322990.452,4097370.205,4097375.906,"Silva","NEON_D17_TEAK_DP1_322000_4097000_classified_point_cloud_colorized.laz","2018_TEAK_3_322000_4097000_image.tif","Tree",1,322000,322999.999,4097000,4097999.999
"5820",5998,322999.133,322999.591,4097373.577,4097375.37,"Silva","NEON_D17_TEAK_DP1_322000_4097000_classified_point_cloud_colorized.laz","2018_TEAK_3_322000_4097000_image.tif","Tree",1,322000,322999.999,4097000,4097999.999
"5821",5999,322771.648,322775.349,4097359.764,4097363.99,"Silva","NEON_D17_TEAK_DP1_322000_4097000_classified_point_cloud_colorized.laz","2018_TEAK_3_322000_4097000_image.tif","Tree",1,322000,322999.999,4097000,4097999.999
"5822",6000,322345.009,322353.985,4097334.045,4097343.491,"Silva","NEON_D17_TEAK_DP1_322000_4097000_classified_point_cloud_colorized.laz","2018_TEAK_3_322000_4097000_image.tif","Tree",1,322000,322999.999,4097000,4097999.999
"5823",6001,322604.056,322604.496,4097351.272,4097354.926,"Silva","NEON_D17_TEAK_DP1_322000_4097000_classified_point_cloud_colorized.laz","2018_TEAK_3_322000_4097000_image.tif","Tree",1,322000,322999.999,4097000,4097999.999
"5824",6002,322802.018,322804.31,4097362.215,4097364.949,"Silva","NEON_D17_TEAK_DP1_322000_4097000_classified_point_cloud_colorized.laz","2018_TEAK_3_322000_4097000_image.tif","Tree",1,322000,322999.999,4097000,4097999.999
"5825",6003,322648.705,322652.402,4097352.523,4097356.836,"Silva","NEON_D17_TEAK_DP1_322000_4097000_classified_point_cloud_colorized.laz","2018_TEAK_3_322000_4097000_image.tif","Tree",1,322000,322999.999,4097000,4097999.999
"5826",6004,322681.705,322687.988,4097350.59,4097359.419,"Silva","NEON_D17_TEAK_DP1_322000_4097000_classified_point_cloud_colorized.laz","2018_TEAK_3_322000_4097000_image.tif","Tree",1,322000,322999.999,4097000,4097999.999
"5827",6005,322919.092,322929.987,4097360.624,4097371.903,"Silva","NEON_D17_TEAK_DP1_322000_4097000_classified_point_cloud_colorized.laz","2018_TEAK_3_322000_4097000_image.tif","Tree",1,322000,322999.999,4097000,4097999.999
"5828",6006,322790.56,322795.35,4097359.043,4097362.955,"Silva","NEON_D17_TEAK_DP1_322000_4097000_classified_point_cloud_colorized.laz","2018_TEAK_3_322000_4097000_image.tif","Tree",1,322000,322999.999,4097000,4097999.999
"5829",6007,322807.096,322814.282,4097355.525,4097362.906,"Silva","NEON_D17_TEAK_DP1_322000_4097000_classified_point_cloud_colorized.laz","2018_TEAK_3_322000_4097000_image.tif","Tree",1,322000,322999.999,4097000,4097999.999
"5830",6008,322774.53,322779.188,4097354.233,4097360.494,"Silva","NEON_D17_TEAK_DP1_322000_4097000_classified_point_cloud_colorized.laz","2018_TEAK_3_322000_4097000_image.tif","Tree",1,322000,322999.999,4097000,4097999.999
"5831",6009,322712.937,322718.938,4097351.518,4097359.419,"Silva","NEON_D17_TEAK_DP1_322000_4097000_classified_point_cloud_colorized.laz","2018_TEAK_3_322000_4097000_image.tif","Tree",1,322000,322999.999,4097000,4097999.999
"5832",6010,322454.045,322458.913,4097337.584,4097343.431,"Silva","NEON_D17_TEAK_DP1_322000_4097000_classified_point_cloud_colorized.laz","2018_TEAK_3_322000_4097000_image.tif","Tree",1,322000,322999.999,4097000,4097999.999
"5833",6012,322783.575,322786.037,4097356.641,4097359.185,"Silva","NEON_D17_TEAK_DP1_322000_4097000_classified_point_cloud_colorized.laz","2018_TEAK_3_322000_4097000_image.tif","Tree",1,322000,322999.999,4097000,4097999.999
"5834",6013,322752.5,322758.438,4097353.138,4097358.986,"Silva","NEON_D17_TEAK_DP1_322000_4097000_classified_point_cloud_colorized.laz","2018_TEAK_3_322000_4097000_image.tif","Tree",1,322000,322999.999,4097000,4097999.999
"5835",6014,322444.172,322449.939,4097339.145,4097345.4,"Silva","NEON_D17_TEAK_DP1_322000_4097000_classified_point_cloud_colorized.laz","2018_TEAK_3_322000_4097000_image.tif","Tree",1,322000,322999.999,4097000,4097999.999
"5836",6015,322647.567,322650.472,4097349.058,4097351.929,"Silva","NEON_D17_TEAK_DP1_322000_4097000_classified_point_cloud_colorized.laz","2018_TEAK_3_322000_4097000_image.tif","Tree",1,322000,322999.999,4097000,4097999.999
"5837",6016,322386.073,322391.956,4097335.054,4097341.238,"Silva","NEON_D17_TEAK_DP1_322000_4097000_classified_point_cloud_colorized.laz","2018_TEAK_3_322000_4097000_image.tif","Tree",1,322000,322999.999,4097000,4097999.999
"5838",6017,322395.634,322401.863,4097335.604,4097341.477,"Silva","NEON_D17_TEAK_DP1_322000_4097000_classified_point_cloud_colorized.laz","2018_TEAK_3_322000_4097000_image.tif","Tree",1,322000,322999.999,4097000,4097999.999
"5839",6018,322429.627,322435.46,4097336.614,4097343.478,"Silva","NEON_D17_TEAK_DP1_322000_4097000_classified_point_cloud_colorized.laz","2018_TEAK_3_322000_4097000_image.tif","Tree",1,322000,322999.999,4097000,4097999.999
"5840",6019,322565.018,322570.419,4097344.537,4097349.42,"Silva","NEON_D17_TEAK_DP1_322000_4097000_classified_point_cloud_colorized.laz","2018_TEAK_3_322000_4097000_image.tif","Tree",1,322000,322999.999,4097000,4097999.999
"5841",6020,322972.537,322978.475,4097361.206,4097367.486,"Silva","NEON_D17_TEAK_DP1_322000_4097000_classified_point_cloud_colorized.laz","2018_TEAK_3_322000_4097000_image.tif","Tree",1,322000,322999.999,4097000,4097999.999
"5842",6021,322839.219,322840.463,4097355.043,4097355.96,"Silva","NEON_D17_TEAK_DP1_322000_4097000_classified_point_cloud_colorized.laz","2018_TEAK_3_322000_4097000_image.tif","Tree",1,322000,322999.999,4097000,4097999.999
"5843",6022,322702.594,322710.785,4097346.543,4097356.917,"Silva","NEON_D17_TEAK_DP1_322000_4097000_classified_point_cloud_colorized.laz","2018_TEAK_3_322000_4097000_image.tif","Tree",1,322000,322999.999,4097000,4097999.999
"5844",6023,322638.674,322638.743,4097347.586,4097347.62,"Silva","NEON_D17_TEAK_DP1_322000_4097000_classified_point_cloud_colorized.laz","2018_TEAK_3_322000_4097000_image.tif","Tree",1,322000,322999.999,4097000,4097999.999
"5845",6024,322626.054,322635.458,4097346.542,4097352.312,"Silva","NEON_D17_TEAK_DP1_322000_4097000_classified_point_cloud_colorized.laz","2018_TEAK_3_322000_4097000_image.tif","Tree",1,322000,322999.999,4097000,4097999.999
"5846",6025,322717.284,322723.976,4097348.513,4097355.776,"Silva","NEON_D17_TEAK_DP1_322000_4097000_classified_point_cloud_colorized.laz","2018_TEAK_3_322000_4097000_image.tif","Tree",1,322000,322999.999,4097000,4097999.999
"5847",6026,322873.61,322877.924,4097354.508,4097361.437,"Silva","NEON_D17_TEAK_DP1_322000_4097000_classified_point_cloud_colorized.laz","2018_TEAK_3_322000_4097000_image.tif","Tree",1,322000,322999.999,4097000,4097999.999
"5848",6027,322791.105,322791.388,4097354.652,4097355.738,"Silva","NEON_D17_TEAK_DP1_322000_4097000_classified_point_cloud_colorized.laz","2018_TEAK_3_322000_4097000_image.tif","Tree",1,322000,322999.999,4097000,4097999.999
"5849",6028,322375.107,322381.787,4097332.104,4097339.28,"Silva","NEON_D17_TEAK_DP1_322000_4097000_classified_point_cloud_colorized.laz","2018_TEAK_3_322000_4097000_image.tif","Tree",1,322000,322999.999,4097000,4097999.999
"5850",6029,322778.511,322779.263,4097353.508,4097355.247,"Silva","NEON_D17_TEAK_DP1_322000_4097000_classified_point_cloud_colorized.laz","2018_TEAK_3_322000_4097000_image.tif","Tree",1,322000,322999.999,4097000,4097999.999
"5851",6030,322896.081,322899.481,4097356.903,4097360.088,"Silva","NEON_D17_TEAK_DP1_322000_4097000_classified_point_cloud_colorized.laz","2018_TEAK_3_322000_4097000_image.tif","Tree",1,322000,322999.999,4097000,4097999.999
"5852",6032,322886.545,322892.889,4097355.525,4097361.349,"Silva","NEON_D17_TEAK_DP1_322000_4097000_classified_point_cloud_colorized.laz","2018_TEAK_3_322000_4097000_image.tif","Tree",1,322000,322999.999,4097000,4097999.999
"5853",6033,322806.078,322812.144,4097352.001,4097357.291,"Silva","NEON_D17_TEAK_DP1_322000_4097000_classified_point_cloud_colorized.laz","2018_TEAK_3_322000_4097000_image.tif","Tree",1,322000,322999.999,4097000,4097999.999
"5854",6034,322769.312,322776.376,4097350.527,4097356.484,"Silva","NEON_D17_TEAK_DP1_322000_4097000_classified_point_cloud_colorized.laz","2018_TEAK_3_322000_4097000_image.tif","Tree",1,322000,322999.999,4097000,4097999.999
"5855",6035,322944.554,322951.933,4097355.009,4097364.49,"Silva","NEON_D17_TEAK_DP1_322000_4097000_classified_point_cloud_colorized.laz","2018_TEAK_3_322000_4097000_image.tif","Tree",1,322000,322999.999,4097000,4097999.999
"5856",6036,322880.671,322881.458,4097356.586,4097357.312,"Silva","NEON_D17_TEAK_DP1_322000_4097000_classified_point_cloud_colorized.laz","2018_TEAK_3_322000_4097000_image.tif","Tree",1,322000,322999.999,4097000,4097999.999
"5857",6037,322444.421,322448.311,4097334.614,4097339.655,"Silva","NEON_D17_TEAK_DP1_322000_4097000_classified_point_cloud_colorized.laz","2018_TEAK_3_322000_4097000_image.tif","Tree",1,322000,322999.999,4097000,4097999.999
"5858",6038,322842.508,322851.084,4097351.071,4097359.488,"Silva","NEON_D17_TEAK_DP1_322000_4097000_classified_point_cloud_colorized.laz","2018_TEAK_3_322000_4097000_image.tif","Tree",1,322000,322999.999,4097000,4097999.999
"5859",6039,322767.58,322770.955,4097349.134,4097352.466,"Silva","NEON_D17_TEAK_DP1_322000_4097000_classified_point_cloud_colorized.laz","2018_TEAK_3_322000_4097000_image.tif","Tree",1,322000,322999.999,4097000,4097999.999
"5860",6040,322764.069,322765.494,4097350.685,4097352.467,"Silva","NEON_D17_TEAK_DP1_322000_4097000_classified_point_cloud_colorized.laz","2018_TEAK_3_322000_4097000_image.tif","Tree",1,322000,322999.999,4097000,4097999.999
"5861",6041,322534.38,322543.431,4097337.049,4097345.681,"Silva","NEON_D17_TEAK_DP1_322000_4097000_classified_point_cloud_colorized.laz","2018_TEAK_3_322000_4097000_image.tif","Tree",1,322000,322999.999,4097000,4097999.999
"5862",6042,322694.599,322697.714,4097347.521,4097349.994,"Silva","NEON_D17_TEAK_DP1_322000_4097000_classified_point_cloud_colorized.laz","2018_TEAK_3_322000_4097000_image.tif","Tree",1,322000,322999.999,4097000,4097999.999
"5863",6043,322814.765,322818.313,4097348.51,4097352.749,"Silva","NEON_D17_TEAK_DP1_322000_4097000_classified_point_cloud_colorized.laz","2018_TEAK_3_322000_4097000_image.tif","Tree",1,322000,322999.999,4097000,4097999.999
"5864",6044,322858.02,322865.581,4097349.501,4097359.499,"Silva","NEON_D17_TEAK_DP1_322000_4097000_classified_point_cloud_colorized.laz","2018_TEAK_3_322000_4097000_image.tif","Tree",1,322000,322999.999,4097000,4097999.999
"5865",6045,322995.218,322995.793,4097359.61,4097360.367,"Silva","NEON_D17_TEAK_DP1_322000_4097000_classified_point_cloud_colorized.laz","2018_TEAK_3_322000_4097000_image.tif","Tree",1,322000,322999.999,4097000,4097999.999
"5866",6046,322839.519,322845.708,4097348.634,4097356.451,"Silva","NEON_D17_TEAK_DP1_322000_4097000_classified_point_cloud_colorized.laz","2018_TEAK_3_322000_4097000_image.tif","Tree",1,322000,322999.999,4097000,4097999.999
"5867",6047,322627.597,322636.49,4097339.523,4097346.905,"Silva","NEON_D17_TEAK_DP1_322000_4097000_classified_point_cloud_colorized.laz","2018_TEAK_3_322000_4097000_image.tif","Tree",1,322000,322999.999,4097000,4097999.999
"5868",6048,322679.354,322687.52,4097343.121,4097350.472,"Silva","NEON_D17_TEAK_DP1_322000_4097000_classified_point_cloud_colorized.laz","2018_TEAK_3_322000_4097000_image.tif","Tree",1,322000,322999.999,4097000,4097999.999
"5869",6049,322911.021,322918.406,4097350.246,4097358.477,"Silva","NEON_D17_TEAK_DP1_322000_4097000_classified_point_cloud_colorized.laz","2018_TEAK_3_322000_4097000_image.tif","Tree",1,322000,322999.999,4097000,4097999.999
"5870",6050,322954.035,322955.492,4097356.247,4097357.494,"Silva","NEON_D17_TEAK_DP1_322000_4097000_classified_point_cloud_colorized.laz","2018_TEAK_3_322000_4097000_image.tif","Tree",1,322000,322999.999,4097000,4097999.999
"5871",6051,322924.013,322928.745,4097352.133,4097356.934,"Silva","NEON_D17_TEAK_DP1_322000_4097000_classified_point_cloud_colorized.laz","2018_TEAK_3_322000_4097000_image.tif","Tree",1,322000,322999.999,4097000,4097999.999
"5872",6052,322888.662,322895.978,4097350.156,4097356.807,"Silva","NEON_D17_TEAK_DP1_322000_4097000_classified_point_cloud_colorized.laz","2018_TEAK_3_322000_4097000_image.tif","Tree",1,322000,322999.999,4097000,4097999.999
"5873",6053,322826.916,322826.916,4097351.29,4097351.29,"Silva","NEON_D17_TEAK_DP1_322000_4097000_classified_point_cloud_colorized.laz","2018_TEAK_3_322000_4097000_image.tif","Tree",1,322000,322999.999,4097000,4097999.999
"5874",6054,322787.518,322790.47,4097348.52,4097350.469,"Silva","NEON_D17_TEAK_DP1_322000_4097000_classified_point_cloud_colorized.laz","2018_TEAK_3_322000_4097000_image.tif","Tree",1,322000,322999.999,4097000,4097999.999
"5875",6055,322780.619,322785.974,4097345.01,4097348.973,"Silva","NEON_D17_TEAK_DP1_322000_4097000_classified_point_cloud_colorized.laz","2018_TEAK_3_322000_4097000_image.tif","Tree",1,322000,322999.999,4097000,4097999.999
"5876",6056,322803.07,322806.874,4097347.201,4097352.351,"Silva","NEON_D17_TEAK_DP1_322000_4097000_classified_point_cloud_colorized.laz","2018_TEAK_3_322000_4097000_image.tif","Tree",1,322000,322999.999,4097000,4097999.999
"5877",6057,322769.075,322771.873,4097347.051,4097349.932,"Silva","NEON_D17_TEAK_DP1_322000_4097000_classified_point_cloud_colorized.laz","2018_TEAK_3_322000_4097000_image.tif","Tree",1,322000,322999.999,4097000,4097999.999
"5878",6058,322970.51,322973.988,4097351.511,4097357.461,"Silva","NEON_D17_TEAK_DP1_322000_4097000_classified_point_cloud_colorized.laz","2018_TEAK_3_322000_4097000_image.tif","Tree",1,322000,322999.999,4097000,4097999.999
"5879",6060,322997.029,322999.996,4097351.614,4097357.892,"Silva","NEON_D17_TEAK_DP1_322000_4097000_classified_point_cloud_colorized.laz","2018_TEAK_3_322000_4097000_image.tif","Tree",1,322000,322999.999,4097000,4097999.999
"5880",6061,322798.529,322802.484,4097345.504,4097349.92,"Silva","NEON_D17_TEAK_DP1_322000_4097000_classified_point_cloud_colorized.laz","2018_TEAK_3_322000_4097000_image.tif","Tree",1,322000,322999.999,4097000,4097999.999
"5881",6062,322790.085,322794.922,4097344.559,4097349.936,"Silva","NEON_D17_TEAK_DP1_322000_4097000_classified_point_cloud_colorized.laz","2018_TEAK_3_322000_4097000_image.tif","Tree",1,322000,322999.999,4097000,4097999.999
"5882",6063,322720.514,322725.405,4097342.816,4097348.49,"Silva","NEON_D17_TEAK_DP1_322000_4097000_classified_point_cloud_colorized.laz","2018_TEAK_3_322000_4097000_image.tif","Tree",1,322000,322999.999,4097000,4097999.999
"5883",6064,322845.506,322852.42,4097345.104,4097351.995,"Silva","NEON_D17_TEAK_DP1_322000_4097000_classified_point_cloud_colorized.laz","2018_TEAK_3_322000_4097000_image.tif","Tree",1,322000,322999.999,4097000,4097999.999
"5884",6065,322735.759,322745.827,4097339.161,4097348.831,"Silva","NEON_D17_TEAK_DP1_322000_4097000_classified_point_cloud_colorized.laz","2018_TEAK_3_322000_4097000_image.tif","Tree",1,322000,322999.999,4097000,4097999.999
"5885",6066,322520.066,322527.479,4097335.061,4097340.484,"Silva","NEON_D17_TEAK_DP1_322000_4097000_classified_point_cloud_colorized.laz","2018_TEAK_3_322000_4097000_image.tif","Tree",1,322000,322999.999,4097000,4097999.999
"5886",6067,322958.037,322959.346,4097351.366,4097352.47,"Silva","NEON_D17_TEAK_DP1_322000_4097000_classified_point_cloud_colorized.laz","2018_TEAK_3_322000_4097000_image.tif","Tree",1,322000,322999.999,4097000,4097999.999
"5887",6068,322946.136,322951.363,4097347.651,4097354.496,"Silva","NEON_D17_TEAK_DP1_322000_4097000_classified_point_cloud_colorized.laz","2018_TEAK_3_322000_4097000_image.tif","Tree",1,322000,322999.999,4097000,4097999.999
"5888",6070,322631.793,322639.994,4097336.03,4097346.477,"Silva","NEON_D17_TEAK_DP1_322000_4097000_classified_point_cloud_colorized.laz","2018_TEAK_3_322000_4097000_image.tif","Tree",1,322000,322999.999,4097000,4097999.999
"5889",6071,322981.011,322981.978,4097351.135,4097351.711,"Silva","NEON_D17_TEAK_DP1_322000_4097000_classified_point_cloud_colorized.laz","2018_TEAK_3_322000_4097000_image.tif","Tree",1,322000,322999.999,4097000,4097999.999
"5890",6072,322869.474,322874.947,4097343.89,4097347.894,"Silva","NEON_D17_TEAK_DP1_322000_4097000_classified_point_cloud_colorized.laz","2018_TEAK_3_322000_4097000_image.tif","Tree",1,322000,322999.999,4097000,4097999.999
"5891",6073,322757.059,322764.89,4097337.567,4097344.988,"Silva","NEON_D17_TEAK_DP1_322000_4097000_classified_point_cloud_colorized.laz","2018_TEAK_3_322000_4097000_image.tif","Tree",1,322000,322999.999,4097000,4097999.999
"5892",6074,322436.241,322440.985,4097331.167,4097335.964,"Silva","NEON_D17_TEAK_DP1_322000_4097000_classified_point_cloud_colorized.laz","2018_TEAK_3_322000_4097000_image.tif","Tree",1,322000,322999.999,4097000,4097999.999
"5893",6075,322887.509,322888.925,4097345.264,4097346.991,"Silva","NEON_D17_TEAK_DP1_322000_4097000_classified_point_cloud_colorized.laz","2018_TEAK_3_322000_4097000_image.tif","Tree",1,322000,322999.999,4097000,4097999.999
"5894",6076,322656.544,322662.899,4097336.01,4097343.466,"Silva","NEON_D17_TEAK_DP1_322000_4097000_classified_point_cloud_colorized.laz","2018_TEAK_3_322000_4097000_image.tif","Tree",1,322000,322999.999,4097000,4097999.999
"5895",6077,322452.545,322461.437,4097329.569,4097338.416,"Silva","NEON_D17_TEAK_DP1_322000_4097000_classified_point_cloud_colorized.laz","2018_TEAK_3_322000_4097000_image.tif","Tree",1,322000,322999.999,4097000,4097999.999
"5896",6078,322892.001,322895.735,4097343.013,4097346.934,"Silva","NEON_D17_TEAK_DP1_322000_4097000_classified_point_cloud_colorized.laz","2018_TEAK_3_322000_4097000_image.tif","Tree",1,322000,322999.999,4097000,4097999.999
"5897",6079,322843.74,322851.449,4097339.008,4097346.334,"Silva","NEON_D17_TEAK_DP1_322000_4097000_classified_point_cloud_colorized.laz","2018_TEAK_3_322000_4097000_image.tif","Tree",1,322000,322999.999,4097000,4097999.999
"5898",6080,322699.525,322706.905,4097335.528,4097344,"Silva","NEON_D17_TEAK_DP1_322000_4097000_classified_point_cloud_colorized.laz","2018_TEAK_3_322000_4097000_image.tif","Tree",1,322000,322999.999,4097000,4097999.999
"5899",6081,322968.01,322971.972,4097344.05,4097347.975,"Silva","NEON_D17_TEAK_DP1_322000_4097000_classified_point_cloud_colorized.laz","2018_TEAK_3_322000_4097000_image.tif","Tree",1,322000,322999.999,4097000,4097999.999
"5900",6082,322797.516,322799.233,4097340.742,4097341.988,"Silva","NEON_D17_TEAK_DP1_322000_4097000_classified_point_cloud_colorized.laz","2018_TEAK_3_322000_4097000_image.tif","Tree",1,322000,322999.999,4097000,4097999.999
"5901",6083,322783.908,322785.659,4097340.281,4097342.394,"Silva","NEON_D17_TEAK_DP1_322000_4097000_classified_point_cloud_colorized.laz","2018_TEAK_3_322000_4097000_image.tif","Tree",1,322000,322999.999,4097000,4097999.999
"5902",6084,322661.507,322669.306,4097333.037,4097340.887,"Silva","NEON_D17_TEAK_DP1_322000_4097000_classified_point_cloud_colorized.laz","2018_TEAK_3_322000_4097000_image.tif","Tree",1,322000,322999.999,4097000,4097999.999
"5903",6085,322808.12,322818.948,4097336.504,4097345.913,"Silva","NEON_D17_TEAK_DP1_322000_4097000_classified_point_cloud_colorized.laz","2018_TEAK_3_322000_4097000_image.tif","Tree",1,322000,322999.999,4097000,4097999.999
"5904",6086,322877.084,322880.992,4097339.509,4097343.472,"Silva","NEON_D17_TEAK_DP1_322000_4097000_classified_point_cloud_colorized.laz","2018_TEAK_3_322000_4097000_image.tif","Tree",1,322000,322999.999,4097000,4097999.999
"5905",6087,322914.606,322920.981,4097339.615,4097345.454,"Silva","NEON_D17_TEAK_DP1_322000_4097000_classified_point_cloud_colorized.laz","2018_TEAK_3_322000_4097000_image.tif","Tree",1,322000,322999.999,4097000,4097999.999
"5906",6088,322730.053,322738.428,4097333.554,4097342.272,"Silva","NEON_D17_TEAK_DP1_322000_4097000_classified_point_cloud_colorized.laz","2018_TEAK_3_322000_4097000_image.tif","Tree",1,322000,322999.999,4097000,4097999.999
"5907",6089,322706.619,322713.491,4097330.714,4097340.29,"Silva","NEON_D17_TEAK_DP1_322000_4097000_classified_point_cloud_colorized.laz","2018_TEAK_3_322000_4097000_image.tif","Tree",1,322000,322999.999,4097000,4097999.999
"5908",6090,322935.053,322938.982,4097339.18,4097343.838,"Silva","NEON_D17_TEAK_DP1_322000_4097000_classified_point_cloud_colorized.laz","2018_TEAK_3_322000_4097000_image.tif","Tree",1,322000,322999.999,4097000,4097999.999
"5909",6091,322857.162,322860.944,4097336.501,4097341.189,"Silva","NEON_D17_TEAK_DP1_322000_4097000_classified_point_cloud_colorized.laz","2018_TEAK_3_322000_4097000_image.tif","Tree",1,322000,322999.999,4097000,4097999.999
"5910",6092,322887.345,322892.454,4097335.535,4097341.465,"Silva","NEON_D17_TEAK_DP1_322000_4097000_classified_point_cloud_colorized.laz","2018_TEAK_3_322000_4097000_image.tif","Tree",1,322000,322999.999,4097000,4097999.999
"5911",6093,322788.721,322794.968,4097333.583,4097337.914,"Silva","NEON_D17_TEAK_DP1_322000_4097000_classified_point_cloud_colorized.laz","2018_TEAK_3_322000_4097000_image.tif","Tree",1,322000,322999.999,4097000,4097999.999
"5912",6094,322608.647,322615.933,4097327.537,4097337.486,"Silva","NEON_D17_TEAK_DP1_322000_4097000_classified_point_cloud_colorized.laz","2018_TEAK_3_322000_4097000_image.tif","Tree",1,322000,322999.999,4097000,4097999.999
"5913",6095,322878.551,322883.461,4097335.019,4097339.66,"Silva","NEON_D17_TEAK_DP1_322000_4097000_classified_point_cloud_colorized.laz","2018_TEAK_3_322000_4097000_image.tif","Tree",1,322000,322999.999,4097000,4097999.999
"5914",6096,322911.837,322917.454,4097334.508,4097340.493,"Silva","NEON_D17_TEAK_DP1_322000_4097000_classified_point_cloud_colorized.laz","2018_TEAK_3_322000_4097000_image.tif","Tree",1,322000,322999.999,4097000,4097999.999
"5915",6097,322655.541,322665.4,4097326.76,4097336,"Silva","NEON_D17_TEAK_DP1_322000_4097000_classified_point_cloud_colorized.laz","2018_TEAK_3_322000_4097000_image.tif","Tree",1,322000,322999.999,4097000,4097999.999
"5916",6098,322509.526,322518.906,4097325.047,4097333.979,"Silva","NEON_D17_TEAK_DP1_322000_4097000_classified_point_cloud_colorized.laz","2018_TEAK_3_322000_4097000_image.tif","Tree",1,322000,322999.999,4097000,4097999.999
"5917",6099,322806.074,322814.246,4097331.506,4097339.442,"Silva","NEON_D17_TEAK_DP1_322000_4097000_classified_point_cloud_colorized.laz","2018_TEAK_3_322000_4097000_image.tif","Tree",1,322000,322999.999,4097000,4097999.999
"5918",6100,322846.554,322855.218,4097331.102,4097339.181,"Silva","NEON_D17_TEAK_DP1_322000_4097000_classified_point_cloud_colorized.laz","2018_TEAK_3_322000_4097000_image.tif","Tree",1,322000,322999.999,4097000,4097999.999
"5919",6101,322494.625,322500.499,4097327.53,4097332.963,"Silva","NEON_D17_TEAK_DP1_322000_4097000_classified_point_cloud_colorized.laz","2018_TEAK_3_322000_4097000_image.tif","Tree",1,322000,322999.999,4097000,4097999.999
"5920",6102,322965.046,322970.397,4097333.555,4097339.491,"Silva","NEON_D17_TEAK_DP1_322000_4097000_classified_point_cloud_colorized.laz","2018_TEAK_3_322000_4097000_image.tif","Tree",1,322000,322999.999,4097000,4097999.999
"5921",6103,322897.674,322898.951,4097334.624,4097336.353,"Silva","NEON_D17_TEAK_DP1_322000_4097000_classified_point_cloud_colorized.laz","2018_TEAK_3_322000_4097000_image.tif","Tree",1,322000,322999.999,4097000,4097999.999
"5922",6104,322813.086,322820.998,4097327.568,4097337.984,"Silva","NEON_D17_TEAK_DP1_322000_4097000_classified_point_cloud_colorized.laz","2018_TEAK_3_322000_4097000_image.tif","Tree",1,322000,322999.999,4097000,4097999.999
"5923",6105,322636.25,322646.454,4097326.501,4097335.404,"Silva","NEON_D17_TEAK_DP1_322000_4097000_classified_point_cloud_colorized.laz","2018_TEAK_3_322000_4097000_image.tif","Tree",1,322000,322999.999,4097000,4097999.999
"5924",6106,322476.013,322481.499,4097325.072,4097333.963,"Silva","NEON_D17_TEAK_DP1_322000_4097000_classified_point_cloud_colorized.laz","2018_TEAK_3_322000_4097000_image.tif","Tree",1,322000,322999.999,4097000,4097999.999
"5925",6107,322720.145,322724.253,4097329.505,4097334.423,"Silva","NEON_D17_TEAK_DP1_322000_4097000_classified_point_cloud_colorized.laz","2018_TEAK_3_322000_4097000_image.tif","Tree",1,322000,322999.999,4097000,4097999.999
"5926",6108,322960.523,322961.577,4097334.566,4097336.394,"Silva","NEON_D17_TEAK_DP1_322000_4097000_classified_point_cloud_colorized.laz","2018_TEAK_3_322000_4097000_image.tif","Tree",1,322000,322999.999,4097000,4097999.999
"5927",6109,322684.186,322690.483,4097328.182,4097336.496,"Silva","NEON_D17_TEAK_DP1_322000_4097000_classified_point_cloud_colorized.laz","2018_TEAK_3_322000_4097000_image.tif","Tree",1,322000,322999.999,4097000,4097999.999
"5928",6110,322985.149,322987.106,4097333.007,4097335.957,"Silva","NEON_D17_TEAK_DP1_322000_4097000_classified_point_cloud_colorized.laz","2018_TEAK_3_322000_4097000_image.tif","Tree",1,322000,322999.999,4097000,4097999.999
"5929",6111,322375.52,322383.22,4097322.002,4097330.337,"Silva","NEON_D17_TEAK_DP1_322000_4097000_classified_point_cloud_colorized.laz","2018_TEAK_3_322000_4097000_image.tif","Tree",1,322000,322999.999,4097000,4097999.999
"5930",6112,322681.09,322688.349,4097323.502,4097332.954,"Silva","NEON_D17_TEAK_DP1_322000_4097000_classified_point_cloud_colorized.laz","2018_TEAK_3_322000_4097000_image.tif","Tree",1,322000,322999.999,4097000,4097999.999
"5931",6113,322604.8,322612.474,4097325.527,4097332.847,"Silva","NEON_D17_TEAK_DP1_322000_4097000_classified_point_cloud_colorized.laz","2018_TEAK_3_322000_4097000_image.tif","Tree",1,322000,322999.999,4097000,4097999.999
"5932",6114,322371.02,322373.484,4097324.295,4097328.488,"Silva","NEON_D17_TEAK_DP1_322000_4097000_classified_point_cloud_colorized.laz","2018_TEAK_3_322000_4097000_image.tif","Tree",1,322000,322999.999,4097000,4097999.999
"5933",6115,322790.05,322797.897,4097327.656,4097331.96,"Silva","NEON_D17_TEAK_DP1_322000_4097000_classified_point_cloud_colorized.laz","2018_TEAK_3_322000_4097000_image.tif","Tree",1,322000,322999.999,4097000,4097999.999
"5934",6116,322953.089,322955.989,4097330.162,4097333.492,"Silva","NEON_D17_TEAK_DP1_322000_4097000_classified_point_cloud_colorized.laz","2018_TEAK_3_322000_4097000_image.tif","Tree",1,322000,322999.999,4097000,4097999.999
"5935",6117,322964.017,322967.988,4097329.022,4097333.542,"Silva","NEON_D17_TEAK_DP1_322000_4097000_classified_point_cloud_colorized.laz","2018_TEAK_3_322000_4097000_image.tif","Tree",1,322000,322999.999,4097000,4097999.999
"5936",6118,322927.758,322931.43,4097329.149,4097332.958,"Silva","NEON_D17_TEAK_DP1_322000_4097000_classified_point_cloud_colorized.laz","2018_TEAK_3_322000_4097000_image.tif","Tree",1,322000,322999.999,4097000,4097999.999
"5937",6119,322829.021,322830.287,4097329.533,4097330.439,"Silva","NEON_D17_TEAK_DP1_322000_4097000_classified_point_cloud_colorized.laz","2018_TEAK_3_322000_4097000_image.tif","Tree",1,322000,322999.999,4097000,4097999.999
"5938",6120,322976.023,322981.471,4097327.328,4097333.911,"Silva","NEON_D17_TEAK_DP1_322000_4097000_classified_point_cloud_colorized.laz","2018_TEAK_3_322000_4097000_image.tif","Tree",1,322000,322999.999,4097000,4097999.999
"5939",6121,322844.704,322850.089,4097324.61,4097332.992,"Silva","NEON_D17_TEAK_DP1_322000_4097000_classified_point_cloud_colorized.laz","2018_TEAK_3_322000_4097000_image.tif","Tree",1,322000,322999.999,4097000,4097999.999
"5940",6122,322708.051,322720.346,4097321.31,4097331.37,"Silva","NEON_D17_TEAK_DP1_322000_4097000_classified_point_cloud_colorized.laz","2018_TEAK_3_322000_4097000_image.tif","Tree",1,322000,322999.999,4097000,4097999.999
"5941",6123,322733.694,322736.332,4097325.127,4097328.882,"Silva","NEON_D17_TEAK_DP1_322000_4097000_classified_point_cloud_colorized.laz","2018_TEAK_3_322000_4097000_image.tif","Tree",1,322000,322999.999,4097000,4097999.999
"5942",6124,322756.027,322763.05,4097322.024,4097332.955,"Silva","NEON_D17_TEAK_DP1_322000_4097000_classified_point_cloud_colorized.laz","2018_TEAK_3_322000_4097000_image.tif","Tree",1,322000,322999.999,4097000,4097999.999
"5943",6125,322339.521,322341.457,4097323.598,4097325.475,"Silva","NEON_D17_TEAK_DP1_322000_4097000_classified_point_cloud_colorized.laz","2018_TEAK_3_322000_4097000_image.tif","Tree",1,322000,322999.999,4097000,4097999.999
"5944",6126,322488.406,322494.36,4097322.519,4097328.878,"Silva","NEON_D17_TEAK_DP1_322000_4097000_classified_point_cloud_colorized.laz","2018_TEAK_3_322000_4097000_image.tif","Tree",1,322000,322999.999,4097000,4097999.999
"5945",6127,322791.523,322795.987,4097326.683,4097328.999,"Silva","NEON_D17_TEAK_DP1_322000_4097000_classified_point_cloud_colorized.laz","2018_TEAK_3_322000_4097000_image.tif","Tree",1,322000,322999.999,4097000,4097999.999
"5946",6128,322856.71,322862.474,4097323.668,4097331.448,"Silva","NEON_D17_TEAK_DP1_322000_4097000_classified_point_cloud_colorized.laz","2018_TEAK_3_322000_4097000_image.tif","Tree",1,322000,322999.999,4097000,4097999.999
"5947",6129,322495.648,322501.986,4097322.001,4097327.931,"Silva","NEON_D17_TEAK_DP1_322000_4097000_classified_point_cloud_colorized.laz","2018_TEAK_3_322000_4097000_image.tif","Tree",1,322000,322999.999,4097000,4097999.999
"5948",6130,322650.577,322660.245,4097319.912,4097328.926,"Silva","NEON_D17_TEAK_DP1_322000_4097000_classified_point_cloud_colorized.laz","2018_TEAK_3_322000_4097000_image.tif","Tree",1,322000,322999.999,4097000,4097999.999
"5949",6131,322854.587,322859.88,4097322.532,4097328.989,"Silva","NEON_D17_TEAK_DP1_322000_4097000_classified_point_cloud_colorized.laz","2018_TEAK_3_322000_4097000_image.tif","Tree",1,322000,322999.999,4097000,4097999.999
"5950",6132,322744.416,322751.9,4097320.196,4097327.494,"Silva","NEON_D17_TEAK_DP1_322000_4097000_classified_point_cloud_colorized.laz","2018_TEAK_3_322000_4097000_image.tif","Tree",1,322000,322999.999,4097000,4097999.999
"5951",6133,322834.012,322837.556,4097322.137,4097326.146,"Silva","NEON_D17_TEAK_DP1_322000_4097000_classified_point_cloud_colorized.laz","2018_TEAK_3_322000_4097000_image.tif","Tree",1,322000,322999.999,4097000,4097999.999
"5952",6134,322388.44,322396.372,4097317.448,4097324.97,"Silva","NEON_D17_TEAK_DP1_322000_4097000_classified_point_cloud_colorized.laz","2018_TEAK_3_322000_4097000_image.tif","Tree",1,322000,322999.999,4097000,4097999.999
"5953",6135,322595.195,322601.448,4097318.137,4097326.833,"Silva","NEON_D17_TEAK_DP1_322000_4097000_classified_point_cloud_colorized.laz","2018_TEAK_3_322000_4097000_image.tif","Tree",1,322000,322999.999,4097000,4097999.999
"5954",6136,322774.895,322781.029,4097319.519,4097326.735,"Silva","NEON_D17_TEAK_DP1_322000_4097000_classified_point_cloud_colorized.laz","2018_TEAK_3_322000_4097000_image.tif","Tree",1,322000,322999.999,4097000,4097999.999
"5955",6137,322872.119,322872.628,4097323.081,4097323.242,"Silva","NEON_D17_TEAK_DP1_322000_4097000_classified_point_cloud_colorized.laz","2018_TEAK_3_322000_4097000_image.tif","Tree",1,322000,322999.999,4097000,4097999.999
"5956",6138,322690.101,322699.28,4097318.646,4097326.342,"Silva","NEON_D17_TEAK_DP1_322000_4097000_classified_point_cloud_colorized.laz","2018_TEAK_3_322000_4097000_image.tif","Tree",1,322000,322999.999,4097000,4097999.999
"5957",6139,322600.501,322607.75,4097317.512,4097324.472,"Silva","NEON_D17_TEAK_DP1_322000_4097000_classified_point_cloud_colorized.laz","2018_TEAK_3_322000_4097000_image.tif","Tree",1,322000,322999.999,4097000,4097999.999
"5958",6140,322910.579,322912.849,4097320.601,4097322.831,"Silva","NEON_D17_TEAK_DP1_322000_4097000_classified_point_cloud_colorized.laz","2018_TEAK_3_322000_4097000_image.tif","Tree",1,322000,322999.999,4097000,4097999.999
"5959",6142,322417.579,322418.727,4097322.043,4097322.913,"Silva","NEON_D17_TEAK_DP1_322000_4097000_classified_point_cloud_colorized.laz","2018_TEAK_3_322000_4097000_image.tif","Tree",1,322000,322999.999,4097000,4097999.999
"5960",6143,322302.406,322308.404,4097315.695,4097322.921,"Silva","NEON_D17_TEAK_DP1_322000_4097000_classified_point_cloud_colorized.laz","2018_TEAK_3_322000_4097000_image.tif","Tree",1,322000,322999.999,4097000,4097999.999
"5961",6144,322802.509,322805.985,4097318.113,4097322.98,"Silva","NEON_D17_TEAK_DP1_322000_4097000_classified_point_cloud_colorized.laz","2018_TEAK_3_322000_4097000_image.tif","Tree",1,322000,322999.999,4097000,4097999.999
"5962",6145,322779.773,322786.96,4097316.549,4097324.976,"Silva","NEON_D17_TEAK_DP1_322000_4097000_classified_point_cloud_colorized.laz","2018_TEAK_3_322000_4097000_image.tif","Tree",1,322000,322999.999,4097000,4097999.999
"5963",6146,322584.521,322591.451,4097317.194,4097326.444,"Silva","NEON_D17_TEAK_DP1_322000_4097000_classified_point_cloud_colorized.laz","2018_TEAK_3_322000_4097000_image.tif","Tree",1,322000,322999.999,4097000,4097999.999
"5964",6147,322406.558,322406.896,4097320.72,4097321.661,"Silva","NEON_D17_TEAK_DP1_322000_4097000_classified_point_cloud_colorized.laz","2018_TEAK_3_322000_4097000_image.tif","Tree",1,322000,322999.999,4097000,4097999.999
"5965",6148,322515.31,322525.409,4097315.804,4097325.401,"Silva","NEON_D17_TEAK_DP1_322000_4097000_classified_point_cloud_colorized.laz","2018_TEAK_3_322000_4097000_image.tif","Tree",1,322000,322999.999,4097000,4097999.999
"5966",6149,322763.513,322771.481,4097315.092,4097323.951,"Silva","NEON_D17_TEAK_DP1_322000_4097000_classified_point_cloud_colorized.laz","2018_TEAK_3_322000_4097000_image.tif","Tree",1,322000,322999.999,4097000,4097999.999
"5967",6150,322826.772,322831.148,4097316.599,4097321.896,"Silva","NEON_D17_TEAK_DP1_322000_4097000_classified_point_cloud_colorized.laz","2018_TEAK_3_322000_4097000_image.tif","Tree",1,322000,322999.999,4097000,4097999.999
"5968",6151,322790.413,322792.48,4097316.346,4097319.466,"Silva","NEON_D17_TEAK_DP1_322000_4097000_classified_point_cloud_colorized.laz","2018_TEAK_3_322000_4097000_image.tif","Tree",1,322000,322999.999,4097000,4097999.999
"5969",6152,322756.735,322763.909,4097314.119,4097323.29,"Silva","NEON_D17_TEAK_DP1_322000_4097000_classified_point_cloud_colorized.laz","2018_TEAK_3_322000_4097000_image.tif","Tree",1,322000,322999.999,4097000,4097999.999
"5970",6153,322687.004,322696.408,4097313.696,4097320.994,"Silva","NEON_D17_TEAK_DP1_322000_4097000_classified_point_cloud_colorized.laz","2018_TEAK_3_322000_4097000_image.tif","Tree",1,322000,322999.999,4097000,4097999.999
"5971",6154,322668.538,322674.852,4097313.362,4097321.996,"Silva","NEON_D17_TEAK_DP1_322000_4097000_classified_point_cloud_colorized.laz","2018_TEAK_3_322000_4097000_image.tif","Tree",1,322000,322999.999,4097000,4097999.999
"5972",6155,322306.037,322314.232,4097315.503,4097323.491,"Silva","NEON_D17_TEAK_DP1_322000_4097000_classified_point_cloud_colorized.laz","2018_TEAK_3_322000_4097000_image.tif","Tree",1,322000,322999.999,4097000,4097999.999
"5973",6156,322335.796,322336.389,4097320.155,4097320.417,"Silva","NEON_D17_TEAK_DP1_322000_4097000_classified_point_cloud_colorized.laz","2018_TEAK_3_322000_4097000_image.tif","Tree",1,322000,322999.999,4097000,4097999.999
"5974",6157,322841.725,322843.984,4097315.604,4097319.368,"Silva","NEON_D17_TEAK_DP1_322000_4097000_classified_point_cloud_colorized.laz","2018_TEAK_3_322000_4097000_image.tif","Tree",1,322000,322999.999,4097000,4097999.999
"5975",6158,322858.544,322862.482,4097316.282,4097319.865,"Silva","NEON_D17_TEAK_DP1_322000_4097000_classified_point_cloud_colorized.laz","2018_TEAK_3_322000_4097000_image.tif","Tree",1,322000,322999.999,4097000,4097999.999
"5976",6159,322467.848,322468.089,4097319.818,4097320.058,"Silva","NEON_D17_TEAK_DP1_322000_4097000_classified_point_cloud_colorized.laz","2018_TEAK_3_322000_4097000_image.tif","Tree",1,322000,322999.999,4097000,4097999.999
"5977",6160,322351.086,322357.86,4097315.538,4097322.656,"Silva","NEON_D17_TEAK_DP1_322000_4097000_classified_point_cloud_colorized.laz","2018_TEAK_3_322000_4097000_image.tif","Tree",1,322000,322999.999,4097000,4097999.999
"5978",6161,322590.226,322597.778,4097315.519,4097321.104,"Silva","NEON_D17_TEAK_DP1_322000_4097000_classified_point_cloud_colorized.laz","2018_TEAK_3_322000_4097000_image.tif","Tree",1,322000,322999.999,4097000,4097999.999
"5979",6162,322325.7,322329.463,4097321.276,4097322.985,"Silva","NEON_D17_TEAK_DP1_322000_4097000_classified_point_cloud_colorized.laz","2018_TEAK_3_322000_4097000_image.tif","Tree",1,322000,322999.999,4097000,4097999.999
"5980",6163,322636.732,322646.424,4097313.128,4097320.044,"Silva","NEON_D17_TEAK_DP1_322000_4097000_classified_point_cloud_colorized.laz","2018_TEAK_3_322000_4097000_image.tif","Tree",1,322000,322999.999,4097000,4097999.999
"5981",6164,322811.152,322818.807,4097313.127,4097318.499,"Silva","NEON_D17_TEAK_DP1_322000_4097000_classified_point_cloud_colorized.laz","2018_TEAK_3_322000_4097000_image.tif","Tree",1,322000,322999.999,4097000,4097999.999
"5982",6166,322696.668,322703.946,4097311.085,4097319.986,"Silva","NEON_D17_TEAK_DP1_322000_4097000_classified_point_cloud_colorized.laz","2018_TEAK_3_322000_4097000_image.tif","Tree",1,322000,322999.999,4097000,4097999.999
"5983",6167,322787.024,322793.437,4097311.128,4097316.851,"Silva","NEON_D17_TEAK_DP1_322000_4097000_classified_point_cloud_colorized.laz","2018_TEAK_3_322000_4097000_image.tif","Tree",1,322000,322999.999,4097000,4097999.999
"5984",6168,322937.034,322942.287,4097311.027,4097316.895,"Silva","NEON_D17_TEAK_DP1_322000_4097000_classified_point_cloud_colorized.laz","2018_TEAK_3_322000_4097000_image.tif","Tree",1,322000,322999.999,4097000,4097999.999
"5985",6169,322843.568,322848.474,4097310.736,4097316.369,"Silva","NEON_D17_TEAK_DP1_322000_4097000_classified_point_cloud_colorized.laz","2018_TEAK_3_322000_4097000_image.tif","Tree",1,322000,322999.999,4097000,4097999.999
"5986",6170,322841.289,322843.497,4097311.685,4097313.925,"Silva","NEON_D17_TEAK_DP1_322000_4097000_classified_point_cloud_colorized.laz","2018_TEAK_3_322000_4097000_image.tif","Tree",1,322000,322999.999,4097000,4097999.999
"5987",6171,322765.818,322774.393,4097310.536,4097317.969,"Silva","NEON_D17_TEAK_DP1_322000_4097000_classified_point_cloud_colorized.laz","2018_TEAK_3_322000_4097000_image.tif","Tree",1,322000,322999.999,4097000,4097999.999
"5988",6172,322682.529,322690.394,4097306.537,4097317.339,"Silva","NEON_D17_TEAK_DP1_322000_4097000_classified_point_cloud_colorized.laz","2018_TEAK_3_322000_4097000_image.tif","Tree",1,322000,322999.999,4097000,4097999.999
"5989",6173,322678.073,322682.993,4097309.541,4097319.347,"Silva","NEON_D17_TEAK_DP1_322000_4097000_classified_point_cloud_colorized.laz","2018_TEAK_3_322000_4097000_image.tif","Tree",1,322000,322999.999,4097000,4097999.999
"5990",6174,322290.063,322300.074,4097312.658,4097322.244,"Silva","NEON_D17_TEAK_DP1_322000_4097000_classified_point_cloud_colorized.laz","2018_TEAK_3_322000_4097000_image.tif","Tree",1,322000,322999.999,4097000,4097999.999
"5991",6175,322469.041,322470.34,4097316.061,4097317.229,"Silva","NEON_D17_TEAK_DP1_322000_4097000_classified_point_cloud_colorized.laz","2018_TEAK_3_322000_4097000_image.tif","Tree",1,322000,322999.999,4097000,4097999.999
"5992",6176,322792.072,322798.218,4097310.331,4097316.456,"Silva","NEON_D17_TEAK_DP1_322000_4097000_classified_point_cloud_colorized.laz","2018_TEAK_3_322000_4097000_image.tif","Tree",1,322000,322999.999,4097000,4097999.999
"5993",6177,322587.04,322595.943,4097309.09,4097316.996,"Silva","NEON_D17_TEAK_DP1_322000_4097000_classified_point_cloud_colorized.laz","2018_TEAK_3_322000_4097000_image.tif","Tree",1,322000,322999.999,4097000,4097999.999
"5994",6178,322427.103,322428.282,4097315.053,4097317.481,"Silva","NEON_D17_TEAK_DP1_322000_4097000_classified_point_cloud_colorized.laz","2018_TEAK_3_322000_4097000_image.tif","Tree",1,322000,322999.999,4097000,4097999.999
"5995",6179,322595.53,322602.975,4097309.774,4097318.352,"Silva","NEON_D17_TEAK_DP1_322000_4097000_classified_point_cloud_colorized.laz","2018_TEAK_3_322000_4097000_image.tif","Tree",1,322000,322999.999,4097000,4097999.999
"5996",6180,322708.604,322713.883,4097310.857,4097314.985,"Silva","NEON_D17_TEAK_DP1_322000_4097000_classified_point_cloud_colorized.laz","2018_TEAK_3_322000_4097000_image.tif","Tree",1,322000,322999.999,4097000,4097999.999
"5997",6181,322908.659,322910.919,4097309.53,4097311.831,"Silva","NEON_D17_TEAK_DP1_322000_4097000_classified_point_cloud_colorized.laz","2018_TEAK_3_322000_4097000_image.tif","Tree",1,322000,322999.999,4097000,4097999.999
"5998",6182,322817.623,322819.463,4097307.504,4097312.635,"Silva","NEON_D17_TEAK_DP1_322000_4097000_classified_point_cloud_colorized.laz","2018_TEAK_3_322000_4097000_image.tif","Tree",1,322000,322999.999,4097000,4097999.999
"5999",6183,322759.041,322765.089,4097307.341,4097314.967,"Silva","NEON_D17_TEAK_DP1_322000_4097000_classified_point_cloud_colorized.laz","2018_TEAK_3_322000_4097000_image.tif","Tree",1,322000,322999.999,4097000,4097999.999
"6000",6184,322648.937,322656.889,4097307.656,4097316.117,"Silva","NEON_D17_TEAK_DP1_322000_4097000_classified_point_cloud_colorized.laz","2018_TEAK_3_322000_4097000_image.tif","Tree",1,322000,322999.999,4097000,4097999.999
"6001",6185,322765.276,322771.206,4097306.026,4097313.896,"Silva","NEON_D17_TEAK_DP1_322000_4097000_classified_point_cloud_colorized.laz","2018_TEAK_3_322000_4097000_image.tif","Tree",1,322000,322999.999,4097000,4097999.999
"6002",6186,322784.022,322790.463,4097307.173,4097313.91,"Silva","NEON_D17_TEAK_DP1_322000_4097000_classified_point_cloud_colorized.laz","2018_TEAK_3_322000_4097000_image.tif","Tree",1,322000,322999.999,4097000,4097999.999
"6003",6187,322814.519,322818.408,4097306.642,4097310.825,"Silva","NEON_D17_TEAK_DP1_322000_4097000_classified_point_cloud_colorized.laz","2018_TEAK_3_322000_4097000_image.tif","Tree",1,322000,322999.999,4097000,4097999.999
"6004",6188,322691.071,322695.807,4097312.837,4097315.767,"Silva","NEON_D17_TEAK_DP1_322000_4097000_classified_point_cloud_colorized.laz","2018_TEAK_3_322000_4097000_image.tif","Tree",1,322000,322999.999,4097000,4097999.999
"6005",6189,322642.006,322648.178,4097306.236,4097314.649,"Silva","NEON_D17_TEAK_DP1_322000_4097000_classified_point_cloud_colorized.laz","2018_TEAK_3_322000_4097000_image.tif","Tree",1,322000,322999.999,4097000,4097999.999
"6006",6190,322778.063,322784.478,4097305.358,4097313.454,"Silva","NEON_D17_TEAK_DP1_322000_4097000_classified_point_cloud_colorized.laz","2018_TEAK_3_322000_4097000_image.tif","Tree",1,322000,322999.999,4097000,4097999.999
"6007",6191,322914.088,322919.482,4097303.13,4097310.449,"Silva","NEON_D17_TEAK_DP1_322000_4097000_classified_point_cloud_colorized.laz","2018_TEAK_3_322000_4097000_image.tif","Tree",1,322000,322999.999,4097000,4097999.999
"6008",6192,322800.8,322808.321,4097304.05,4097310.2,"Silva","NEON_D17_TEAK_DP1_322000_4097000_classified_point_cloud_colorized.laz","2018_TEAK_3_322000_4097000_image.tif","Tree",1,322000,322999.999,4097000,4097999.999
"6009",6193,322636.532,322643.763,4097305.593,4097313.426,"Silva","NEON_D17_TEAK_DP1_322000_4097000_classified_point_cloud_colorized.laz","2018_TEAK_3_322000_4097000_image.tif","Tree",1,322000,322999.999,4097000,4097999.999
"6010",6194,322773.539,322780.491,4097302.916,4097311.657,"Silva","NEON_D17_TEAK_DP1_322000_4097000_classified_point_cloud_colorized.laz","2018_TEAK_3_322000_4097000_image.tif","Tree",1,322000,322999.999,4097000,4097999.999
"6011",6195,322646.199,322655.458,4097306.003,4097312.188,"Silva","NEON_D17_TEAK_DP1_322000_4097000_classified_point_cloud_colorized.laz","2018_TEAK_3_322000_4097000_image.tif","Tree",1,322000,322999.999,4097000,4097999.999
"6012",6196,322921.313,322925.859,4097302.594,4097306.29,"Silva","NEON_D17_TEAK_DP1_322000_4097000_classified_point_cloud_colorized.laz","2018_TEAK_3_322000_4097000_image.tif","Tree",1,322000,322999.999,4097000,4097999.999
"6013",6197,322748.565,322752.175,4097304.655,4097306.428,"Silva","NEON_D17_TEAK_DP1_322000_4097000_classified_point_cloud_colorized.laz","2018_TEAK_3_322000_4097000_image.tif","Tree",1,322000,322999.999,4097000,4097999.999
"6014",6198,322936.033,322937.11,4097302.72,4097303.659,"Silva","NEON_D17_TEAK_DP1_322000_4097000_classified_point_cloud_colorized.laz","2018_TEAK_3_322000_4097000_image.tif","Tree",1,322000,322999.999,4097000,4097999.999
"6015",6199,322851.231,322851.231,4097304.121,4097304.121,"Silva","NEON_D17_TEAK_DP1_322000_4097000_classified_point_cloud_colorized.laz","2018_TEAK_3_322000_4097000_image.tif","Tree",1,322000,322999.999,4097000,4097999.999
"6016",6200,322659.16,322664.357,4097304.042,4097311.307,"Silva","NEON_D17_TEAK_DP1_322000_4097000_classified_point_cloud_colorized.laz","2018_TEAK_3_322000_4097000_image.tif","Tree",1,322000,322999.999,4097000,4097999.999
"6017",6201,322604.808,322610.429,4097305.783,4097312.236,"Silva","NEON_D17_TEAK_DP1_322000_4097000_classified_point_cloud_colorized.laz","2018_TEAK_3_322000_4097000_image.tif","Tree",1,322000,322999.999,4097000,4097999.999
"6018",6202,322830.633,322834.363,4097300.613,4097304.365,"Silva","NEON_D17_TEAK_DP1_322000_4097000_classified_point_cloud_colorized.laz","2018_TEAK_3_322000_4097000_image.tif","Tree",1,322000,322999.999,4097000,4097999.999
"6019",6203,322925.501,322929.387,4097300.002,4097303.914,"Silva","NEON_D17_TEAK_DP1_322000_4097000_classified_point_cloud_colorized.laz","2018_TEAK_3_322000_4097000_image.tif","Tree",1,322000,322999.999,4097000,4097999.999
"6020",6204,322740.062,322741.981,4097304.289,4097305.655,"Silva","NEON_D17_TEAK_DP1_322000_4097000_classified_point_cloud_colorized.laz","2018_TEAK_3_322000_4097000_image.tif","Tree",1,322000,322999.999,4097000,4097999.999
"6021",6205,322313.088,322314.142,4097309.395,4097310.929,"Silva","NEON_D17_TEAK_DP1_322000_4097000_classified_point_cloud_colorized.laz","2018_TEAK_3_322000_4097000_image.tif","Tree",1,322000,322999.999,4097000,4097999.999
"6022",6206,322270.504,322280.984,4097306.215,4097312.825,"Silva","NEON_D17_TEAK_DP1_322000_4097000_classified_point_cloud_colorized.laz","2018_TEAK_3_322000_4097000_image.tif","Tree",1,322000,322999.999,4097000,4097999.999
"6023",6207,322901.549,322901.812,4097300.694,4097300.841,"Silva","NEON_D17_TEAK_DP1_322000_4097000_classified_point_cloud_colorized.laz","2018_TEAK_3_322000_4097000_image.tif","Tree",1,322000,322999.999,4097000,4097999.999
"6024",6208,322802.536,322808.942,4097300.071,4097304.443,"Silva","NEON_D17_TEAK_DP1_322000_4097000_classified_point_cloud_colorized.laz","2018_TEAK_3_322000_4097000_image.tif","Tree",1,322000,322999.999,4097000,4097999.999
"6025",6209,322582.617,322592.7,4097302.002,4097310.827,"Silva","NEON_D17_TEAK_DP1_322000_4097000_classified_point_cloud_colorized.laz","2018_TEAK_3_322000_4097000_image.tif","Tree",1,322000,322999.999,4097000,4097999.999
"6026",6210,322478.604,322483.838,4097304.577,4097309.903,"Silva","NEON_D17_TEAK_DP1_322000_4097000_classified_point_cloud_colorized.laz","2018_TEAK_3_322000_4097000_image.tif","Tree",1,322000,322999.999,4097000,4097999.999
"6027",6211,322820.003,322829.498,4097292.637,4097306.464,"Silva","NEON_D17_TEAK_DP1_322000_4097000_classified_point_cloud_colorized.laz","2018_TEAK_3_322000_4097000_image.tif","Tree",1,322000,322999.999,4097000,4097999.999
"6028",6212,322420.616,322427.692,4097304.015,4097310.129,"Silva","NEON_D17_TEAK_DP1_322000_4097000_classified_point_cloud_colorized.laz","2018_TEAK_3_322000_4097000_image.tif","Tree",1,322000,322999.999,4097000,4097999.999
"6029",6213,322406.117,322410.433,4097306.037,4097309.918,"Silva","NEON_D17_TEAK_DP1_322000_4097000_classified_point_cloud_colorized.laz","2018_TEAK_3_322000_4097000_image.tif","Tree",1,322000,322999.999,4097000,4097999.999
"6030",6215,322283.015,322289.279,4097303.658,4097311.401,"Silva","NEON_D17_TEAK_DP1_322000_4097000_classified_point_cloud_colorized.laz","2018_TEAK_3_322000_4097000_image.tif","Tree",1,322000,322999.999,4097000,4097999.999
"6031",6216,322754.043,322761.402,4097294.673,4097302.992,"Silva","NEON_D17_TEAK_DP1_322000_4097000_classified_point_cloud_colorized.laz","2018_TEAK_3_322000_4097000_image.tif","Tree",1,322000,322999.999,4097000,4097999.999
"6032",6217,322777.005,322783.391,4097297.107,4097303.764,"Silva","NEON_D17_TEAK_DP1_322000_4097000_classified_point_cloud_colorized.laz","2018_TEAK_3_322000_4097000_image.tif","Tree",1,322000,322999.999,4097000,4097999.999
"6033",6218,322891.104,322896.988,4097294.25,4097300.973,"Silva","NEON_D17_TEAK_DP1_322000_4097000_classified_point_cloud_colorized.laz","2018_TEAK_3_322000_4097000_image.tif","Tree",1,322000,322999.999,4097000,4097999.999
"6034",6219,322907.563,322913.968,4097294.133,4097300.997,"Silva","NEON_D17_TEAK_DP1_322000_4097000_classified_point_cloud_colorized.laz","2018_TEAK_3_322000_4097000_image.tif","Tree",1,322000,322999.999,4097000,4097999.999
"6035",6220,322770.119,322776.966,4097295.034,4097303.975,"Silva","NEON_D17_TEAK_DP1_322000_4097000_classified_point_cloud_colorized.laz","2018_TEAK_3_322000_4097000_image.tif","Tree",1,322000,322999.999,4097000,4097999.999
"6036",6221,322749.594,322756.749,4097294.003,4097300.877,"Silva","NEON_D17_TEAK_DP1_322000_4097000_classified_point_cloud_colorized.laz","2018_TEAK_3_322000_4097000_image.tif","Tree",1,322000,322999.999,4097000,4097999.999
"6037",6222,322449.579,322453.476,4097303.139,4097306.65,"Silva","NEON_D17_TEAK_DP1_322000_4097000_classified_point_cloud_colorized.laz","2018_TEAK_3_322000_4097000_image.tif","Tree",1,322000,322999.999,4097000,4097999.999
"6038",6223,322606.223,322613.193,4097298.082,4097305.272,"Silva","NEON_D17_TEAK_DP1_322000_4097000_classified_point_cloud_colorized.laz","2018_TEAK_3_322000_4097000_image.tif","Tree",1,322000,322999.999,4097000,4097999.999
"6039",6224,322723.57,322726.976,4097298.107,4097300.933,"Silva","NEON_D17_TEAK_DP1_322000_4097000_classified_point_cloud_colorized.laz","2018_TEAK_3_322000_4097000_image.tif","Tree",1,322000,322999.999,4097000,4097999.999
"6040",6225,322777.615,322784.399,4097294.115,4097299.883,"Silva","NEON_D17_TEAK_DP1_322000_4097000_classified_point_cloud_colorized.laz","2018_TEAK_3_322000_4097000_image.tif","Tree",1,322000,322999.999,4097000,4097999.999
"6041",6227,322431.04,322433.82,4097300.297,4097307.599,"Silva","NEON_D17_TEAK_DP1_322000_4097000_classified_point_cloud_colorized.laz","2018_TEAK_3_322000_4097000_image.tif","Tree",1,322000,322999.999,4097000,4097999.999
"6042",6229,322783.716,322788.828,4097293.176,4097297.963,"Silva","NEON_D17_TEAK_DP1_322000_4097000_classified_point_cloud_colorized.laz","2018_TEAK_3_322000_4097000_image.tif","Tree",1,322000,322999.999,4097000,4097999.999
"6043",6230,322798.115,322802.443,4097291.677,4097295.96,"Silva","NEON_D17_TEAK_DP1_322000_4097000_classified_point_cloud_colorized.laz","2018_TEAK_3_322000_4097000_image.tif","Tree",1,322000,322999.999,4097000,4097999.999
"6044",6231,322790.292,322796.466,4097292.155,4097299.975,"Silva","NEON_D17_TEAK_DP1_322000_4097000_classified_point_cloud_colorized.laz","2018_TEAK_3_322000_4097000_image.tif","Tree",1,322000,322999.999,4097000,4097999.999
"6045",6232,322729.807,322732.882,4097296.357,4097299.352,"Silva","NEON_D17_TEAK_DP1_322000_4097000_classified_point_cloud_colorized.laz","2018_TEAK_3_322000_4097000_image.tif","Tree",1,322000,322999.999,4097000,4097999.999
"6046",6233,322399.372,322399.507,4097303.585,4097303.956,"Silva","NEON_D17_TEAK_DP1_322000_4097000_classified_point_cloud_colorized.laz","2018_TEAK_3_322000_4097000_image.tif","Tree",1,322000,322999.999,4097000,4097999.999
"6047",6234,322712.586,322717.417,4097294.612,4097298.387,"Silva","NEON_D17_TEAK_DP1_322000_4097000_classified_point_cloud_colorized.laz","2018_TEAK_3_322000_4097000_image.tif","Tree",1,322000,322999.999,4097000,4097999.999
"6048",6235,322757.001,322766.363,4097289.661,4097298.454,"Silva","NEON_D17_TEAK_DP1_322000_4097000_classified_point_cloud_colorized.laz","2018_TEAK_3_322000_4097000_image.tif","Tree",1,322000,322999.999,4097000,4097999.999
"6049",6236,322696.208,322699.307,4097293.548,4097296.737,"Silva","NEON_D17_TEAK_DP1_322000_4097000_classified_point_cloud_colorized.laz","2018_TEAK_3_322000_4097000_image.tif","Tree",1,322000,322999.999,4097000,4097999.999
"6050",6237,322793.579,322799.922,4097289.602,4097294.471,"Silva","NEON_D17_TEAK_DP1_322000_4097000_classified_point_cloud_colorized.laz","2018_TEAK_3_322000_4097000_image.tif","Tree",1,322000,322999.999,4097000,4097999.999
"6051",6238,322654.087,322660.703,4097291.149,4097299.357,"Silva","NEON_D17_TEAK_DP1_322000_4097000_classified_point_cloud_colorized.laz","2018_TEAK_3_322000_4097000_image.tif","Tree",1,322000,322999.999,4097000,4097999.999
"6052",6239,322717.108,322720.481,4097291.192,4097294.39,"Silva","NEON_D17_TEAK_DP1_322000_4097000_classified_point_cloud_colorized.laz","2018_TEAK_3_322000_4097000_image.tif","Tree",1,322000,322999.999,4097000,4097999.999
"6053",6240,322767.519,322773.985,4097285.594,4097293.995,"Silva","NEON_D17_TEAK_DP1_322000_4097000_classified_point_cloud_colorized.laz","2018_TEAK_3_322000_4097000_image.tif","Tree",1,322000,322999.999,4097000,4097999.999
"6054",6241,322814.552,322818.152,4097288.526,4097293.85,"Silva","NEON_D17_TEAK_DP1_322000_4097000_classified_point_cloud_colorized.laz","2018_TEAK_3_322000_4097000_image.tif","Tree",1,322000,322999.999,4097000,4097999.999
"6055",6242,322616.531,322623.916,4097292.032,4097297.638,"Silva","NEON_D17_TEAK_DP1_322000_4097000_classified_point_cloud_colorized.laz","2018_TEAK_3_322000_4097000_image.tif","Tree",1,322000,322999.999,4097000,4097999.999
"6056",6243,322443.1,322445.629,4097297.871,4097300.347,"Silva","NEON_D17_TEAK_DP1_322000_4097000_classified_point_cloud_colorized.laz","2018_TEAK_3_322000_4097000_image.tif","Tree",1,322000,322999.999,4097000,4097999.999
"6057",6244,322388.501,322392.482,4097297.533,4097301.221,"Silva","NEON_D17_TEAK_DP1_322000_4097000_classified_point_cloud_colorized.laz","2018_TEAK_3_322000_4097000_image.tif","Tree",1,322000,322999.999,4097000,4097999.999
"6058",6245,322626.65,322636.993,4097287.217,4097296.419,"Silva","NEON_D17_TEAK_DP1_322000_4097000_classified_point_cloud_colorized.laz","2018_TEAK_3_322000_4097000_image.tif","Tree",1,322000,322999.999,4097000,4097999.999
"6059",6246,322728.036,322729.823,4097290.569,4097292.23,"Silva","NEON_D17_TEAK_DP1_322000_4097000_classified_point_cloud_colorized.laz","2018_TEAK_3_322000_4097000_image.tif","Tree",1,322000,322999.999,4097000,4097999.999
"6060",6247,322376.797,322382.465,4097295.671,4097301.986,"Silva","NEON_D17_TEAK_DP1_322000_4097000_classified_point_cloud_colorized.laz","2018_TEAK_3_322000_4097000_image.tif","Tree",1,322000,322999.999,4097000,4097999.999
"6061",6248,322294.569,322300.488,4097296.246,4097303.194,"Silva","NEON_D17_TEAK_DP1_322000_4097000_classified_point_cloud_colorized.laz","2018_TEAK_3_322000_4097000_image.tif","Tree",1,322000,322999.999,4097000,4097999.999
"6062",6249,322699.578,322701.812,4097291.045,4097292.314,"Silva","NEON_D17_TEAK_DP1_322000_4097000_classified_point_cloud_colorized.laz","2018_TEAK_3_322000_4097000_image.tif","Tree",1,322000,322999.999,4097000,4097999.999
"6063",6250,322892.584,322893.365,4097285.741,4097286.109,"Silva","NEON_D17_TEAK_DP1_322000_4097000_classified_point_cloud_colorized.laz","2018_TEAK_3_322000_4097000_image.tif","Tree",1,322000,322999.999,4097000,4097999.999
"6064",6252,322365.603,322371.37,4097294.618,4097300.458,"Silva","NEON_D17_TEAK_DP1_322000_4097000_classified_point_cloud_colorized.laz","2018_TEAK_3_322000_4097000_image.tif","Tree",1,322000,322999.999,4097000,4097999.999
"6065",6253,322344.558,322350.893,4097292.02,4097300.416,"Silva","NEON_D17_TEAK_DP1_322000_4097000_classified_point_cloud_colorized.laz","2018_TEAK_3_322000_4097000_image.tif","Tree",1,322000,322999.999,4097000,4097999.999
"6066",6254,322772.089,322778.85,4097282.093,4097288.854,"Silva","NEON_D17_TEAK_DP1_322000_4097000_classified_point_cloud_colorized.laz","2018_TEAK_3_322000_4097000_image.tif","Tree",1,322000,322999.999,4097000,4097999.999
"6067",6255,322651.039,322656.873,4097285.137,4097291.998,"Silva","NEON_D17_TEAK_DP1_322000_4097000_classified_point_cloud_colorized.laz","2018_TEAK_3_322000_4097000_image.tif","Tree",1,322000,322999.999,4097000,4097999.999
"6068",6257,322780.59,322787.891,4097281.53,4097286.469,"Silva","NEON_D17_TEAK_DP1_322000_4097000_classified_point_cloud_colorized.laz","2018_TEAK_3_322000_4097000_image.tif","Tree",1,322000,322999.999,4097000,4097999.999
"6069",6258,322509.115,322509.52,4097291.532,4097292.354,"Silva","NEON_D17_TEAK_DP1_322000_4097000_classified_point_cloud_colorized.laz","2018_TEAK_3_322000_4097000_image.tif","Tree",1,322000,322999.999,4097000,4097999.999
"6070",6259,322284.535,322291.839,4097290.53,4097297.987,"Silva","NEON_D17_TEAK_DP1_322000_4097000_classified_point_cloud_colorized.laz","2018_TEAK_3_322000_4097000_image.tif","Tree",1,322000,322999.999,4097000,4097999.999
"6071",6260,322250.003,322256.417,4097291.569,4097298.904,"Silva","NEON_D17_TEAK_DP1_322000_4097000_classified_point_cloud_colorized.laz","2018_TEAK_3_322000_4097000_image.tif","Tree",1,322000,322999.999,4097000,4097999.999
"6072",6261,322676.525,322682.46,4097282.846,4097290.435,"Silva","NEON_D17_TEAK_DP1_322000_4097000_classified_point_cloud_colorized.laz","2018_TEAK_3_322000_4097000_image.tif","Tree",1,322000,322999.999,4097000,4097999.999
"6073",6262,322298.832,322305.949,4097292.212,4097296.422,"Silva","NEON_D17_TEAK_DP1_322000_4097000_classified_point_cloud_colorized.laz","2018_TEAK_3_322000_4097000_image.tif","Tree",1,322000,322999.999,4097000,4097999.999
"6074",6263,322292.56,322298.463,4097289.547,4097296.912,"Silva","NEON_D17_TEAK_DP1_322000_4097000_classified_point_cloud_colorized.laz","2018_TEAK_3_322000_4097000_image.tif","Tree",1,322000,322999.999,4097000,4097999.999
"6075",6264,322278.517,322285.42,4097289.59,4097296.942,"Silva","NEON_D17_TEAK_DP1_322000_4097000_classified_point_cloud_colorized.laz","2018_TEAK_3_322000_4097000_image.tif","Tree",1,322000,322999.999,4097000,4097999.999
"6076",6265,322466.56,322467.19,4097290.526,4097291.051,"Silva","NEON_D17_TEAK_DP1_322000_4097000_classified_point_cloud_colorized.laz","2018_TEAK_3_322000_4097000_image.tif","Tree",1,322000,322999.999,4097000,4097999.999
"6077",6266,322528.095,322533.457,4097285.533,4097291.9,"Silva","NEON_D17_TEAK_DP1_322000_4097000_classified_point_cloud_colorized.laz","2018_TEAK_3_322000_4097000_image.tif","Tree",1,322000,322999.999,4097000,4097999.999
"6078",6267,322769.785,322777.916,4097279.383,4097285.437,"Silva","NEON_D17_TEAK_DP1_322000_4097000_classified_point_cloud_colorized.laz","2018_TEAK_3_322000_4097000_image.tif","Tree",1,322000,322999.999,4097000,4097999.999
"6079",6268,322720.161,322728.448,4097278.53,4097284.444,"Silva","NEON_D17_TEAK_DP1_322000_4097000_classified_point_cloud_colorized.laz","2018_TEAK_3_322000_4097000_image.tif","Tree",1,322000,322999.999,4097000,4097999.999
"6080",6269,322707.412,322708.613,4097282.564,4097284.36,"Silva","NEON_D17_TEAK_DP1_322000_4097000_classified_point_cloud_colorized.laz","2018_TEAK_3_322000_4097000_image.tif","Tree",1,322000,322999.999,4097000,4097999.999
"6081",6270,322375.588,322384.822,4097287.545,4097293.819,"Silva","NEON_D17_TEAK_DP1_322000_4097000_classified_point_cloud_colorized.laz","2018_TEAK_3_322000_4097000_image.tif","Tree",1,322000,322999.999,4097000,4097999.999
"6082",6271,322315.533,322322.483,4097287.154,4097296.486,"Silva","NEON_D17_TEAK_DP1_322000_4097000_classified_point_cloud_colorized.laz","2018_TEAK_3_322000_4097000_image.tif","Tree",1,322000,322999.999,4097000,4097999.999
"6083",6272,322273.513,322278.945,4097290.042,4097297.375,"Silva","NEON_D17_TEAK_DP1_322000_4097000_classified_point_cloud_colorized.laz","2018_TEAK_3_322000_4097000_image.tif","Tree",1,322000,322999.999,4097000,4097999.999
"6084",6273,322286.274,322294.42,4097288.108,4097294.029,"Silva","NEON_D17_TEAK_DP1_322000_4097000_classified_point_cloud_colorized.laz","2018_TEAK_3_322000_4097000_image.tif","Tree",1,322000,322999.999,4097000,4097999.999
"6085",6274,322443.206,322449.181,4097285.825,4097292.293,"Silva","NEON_D17_TEAK_DP1_322000_4097000_classified_point_cloud_colorized.laz","2018_TEAK_3_322000_4097000_image.tif","Tree",1,322000,322999.999,4097000,4097999.999
"6086",6275,322780.531,322784.654,4097277.516,4097282.492,"Silva","NEON_D17_TEAK_DP1_322000_4097000_classified_point_cloud_colorized.laz","2018_TEAK_3_322000_4097000_image.tif","Tree",1,322000,322999.999,4097000,4097999.999
"6087",6276,322756.75,322766.461,4097276.021,4097284.35,"Silva","NEON_D17_TEAK_DP1_322000_4097000_classified_point_cloud_colorized.laz","2018_TEAK_3_322000_4097000_image.tif","Tree",1,322000,322999.999,4097000,4097999.999
"6088",6277,322694.629,322700.836,4097279.087,4097283.989,"Silva","NEON_D17_TEAK_DP1_322000_4097000_classified_point_cloud_colorized.laz","2018_TEAK_3_322000_4097000_image.tif","Tree",1,322000,322999.999,4097000,4097999.999
"6089",6278,322600.534,322600.617,4097285.124,4097285.186,"Silva","NEON_D17_TEAK_DP1_322000_4097000_classified_point_cloud_colorized.laz","2018_TEAK_3_322000_4097000_image.tif","Tree",1,322000,322999.999,4097000,4097999.999
"6090",6279,322830.608,322831.305,4097276.758,4097276.859,"Silva","NEON_D17_TEAK_DP1_322000_4097000_classified_point_cloud_colorized.laz","2018_TEAK_3_322000_4097000_image.tif","Tree",1,322000,322999.999,4097000,4097999.999
"6091",6280,322647.585,322652.074,4097277.535,4097282.687,"Silva","NEON_D17_TEAK_DP1_322000_4097000_classified_point_cloud_colorized.laz","2018_TEAK_3_322000_4097000_image.tif","Tree",1,322000,322999.999,4097000,4097999.999
"6092",6281,322415.086,322416.916,4097287.112,4097289.434,"Silva","NEON_D17_TEAK_DP1_322000_4097000_classified_point_cloud_colorized.laz","2018_TEAK_3_322000_4097000_image.tif","Tree",1,322000,322999.999,4097000,4097999.999
"6093",6282,322453.674,322456.97,4097285.385,4097288.415,"Silva","NEON_D17_TEAK_DP1_322000_4097000_classified_point_cloud_colorized.laz","2018_TEAK_3_322000_4097000_image.tif","Tree",1,322000,322999.999,4097000,4097999.999
"6094",6283,322614.627,322616.28,4097282.003,4097283.757,"Silva","NEON_D17_TEAK_DP1_322000_4097000_classified_point_cloud_colorized.laz","2018_TEAK_3_322000_4097000_image.tif","Tree",1,322000,322999.999,4097000,4097999.999
"6095",6284,322556.067,322557.931,4097283.552,4097283.76,"Silva","NEON_D17_TEAK_DP1_322000_4097000_classified_point_cloud_colorized.laz","2018_TEAK_3_322000_4097000_image.tif","Tree",1,322000,322999.999,4097000,4097999.999
"6096",6285,322483.658,322487.841,4097281.707,4097286.478,"Silva","NEON_D17_TEAK_DP1_322000_4097000_classified_point_cloud_colorized.laz","2018_TEAK_3_322000_4097000_image.tif","Tree",1,322000,322999.999,4097000,4097999.999
"6097",6286,322789.227,322790.475,4097274.726,4097275.473,"Silva","NEON_D17_TEAK_DP1_322000_4097000_classified_point_cloud_colorized.laz","2018_TEAK_3_322000_4097000_image.tif","Tree",1,322000,322999.999,4097000,4097999.999
"6098",6288,322427.269,322430.4,4097283.501,4097286.674,"Silva","NEON_D17_TEAK_DP1_322000_4097000_classified_point_cloud_colorized.laz","2018_TEAK_3_322000_4097000_image.tif","Tree",1,322000,322999.999,4097000,4097999.999
"6099",6289,322265.538,322272.398,4097284.756,4097290.769,"Silva","NEON_D17_TEAK_DP1_322000_4097000_classified_point_cloud_colorized.laz","2018_TEAK_3_322000_4097000_image.tif","Tree",1,322000,322999.999,4097000,4097999.999
"6100",6291,322754.535,322760.388,4097271.541,4097277.985,"Silva","NEON_D17_TEAK_DP1_322000_4097000_classified_point_cloud_colorized.laz","2018_TEAK_3_322000_4097000_image.tif","Tree",1,322000,322999.999,4097000,4097999.999
"6101",6292,322525.557,322526.484,4097281.347,4097281.893,"Silva","NEON_D17_TEAK_DP1_322000_4097000_classified_point_cloud_colorized.laz","2018_TEAK_3_322000_4097000_image.tif","Tree",1,322000,322999.999,4097000,4097999.999
"6102",6293,322703.773,322706.944,4097273.631,4097276.373,"Silva","NEON_D17_TEAK_DP1_322000_4097000_classified_point_cloud_colorized.laz","2018_TEAK_3_322000_4097000_image.tif","Tree",1,322000,322999.999,4097000,4097999.999
"6103",6294,322876.691,322877.443,4097268.658,4097268.851,"Silva","NEON_D17_TEAK_DP1_322000_4097000_classified_point_cloud_colorized.laz","2018_TEAK_3_322000_4097000_image.tif","Tree",1,322000,322999.999,4097000,4097999.999
"6104",6296,322275.435,322279.488,4097283.319,4097285.5,"Silva","NEON_D17_TEAK_DP1_322000_4097000_classified_point_cloud_colorized.laz","2018_TEAK_3_322000_4097000_image.tif","Tree",1,322000,322999.999,4097000,4097999.999
"6105",6297,322301.517,322307.94,4097281.037,4097286.461,"Silva","NEON_D17_TEAK_DP1_322000_4097000_classified_point_cloud_colorized.laz","2018_TEAK_3_322000_4097000_image.tif","Tree",1,322000,322999.999,4097000,4097999.999
"6106",6298,322353.53,322358.977,4097277.65,4097284.411,"Silva","NEON_D17_TEAK_DP1_322000_4097000_classified_point_cloud_colorized.laz","2018_TEAK_3_322000_4097000_image.tif","Tree",1,322000,322999.999,4097000,4097999.999
"6107",6299,322404.682,322412.327,4097275.523,4097279.535,"Silva","NEON_D17_TEAK_DP1_322000_4097000_classified_point_cloud_colorized.laz","2018_TEAK_3_322000_4097000_image.tif","Tree",1,322000,322999.999,4097000,4097999.999
"6108",6300,322446.091,322449.217,4097279.199,4097282.305,"Silva","NEON_D17_TEAK_DP1_322000_4097000_classified_point_cloud_colorized.laz","2018_TEAK_3_322000_4097000_image.tif","Tree",1,322000,322999.999,4097000,4097999.999
"6109",6302,322729.676,322731.075,4097274.159,4097275.447,"Silva","NEON_D17_TEAK_DP1_322000_4097000_classified_point_cloud_colorized.laz","2018_TEAK_3_322000_4097000_image.tif","Tree",1,322000,322999.999,4097000,4097999.999
"6110",6303,322801.634,322803.217,4097268.092,4097269.626,"Silva","NEON_D17_TEAK_DP1_322000_4097000_classified_point_cloud_colorized.laz","2018_TEAK_3_322000_4097000_image.tif","Tree",1,322000,322999.999,4097000,4097999.999
"6111",6304,322623.033,322629.123,4097271.245,4097277.971,"Silva","NEON_D17_TEAK_DP1_322000_4097000_classified_point_cloud_colorized.laz","2018_TEAK_3_322000_4097000_image.tif","Tree",1,322000,322999.999,4097000,4097999.999
"6112",6305,322315.038,322324.36,4097277.744,4097285.285,"Silva","NEON_D17_TEAK_DP1_322000_4097000_classified_point_cloud_colorized.laz","2018_TEAK_3_322000_4097000_image.tif","Tree",1,322000,322999.999,4097000,4097999.999
"6113",6306,322374.547,322382.991,4097277.093,4097285.437,"Silva","NEON_D17_TEAK_DP1_322000_4097000_classified_point_cloud_colorized.laz","2018_TEAK_3_322000_4097000_image.tif","Tree",1,322000,322999.999,4097000,4097999.999
"6114",6307,322470.073,322470.285,4097278.56,4097278.781,"Silva","NEON_D17_TEAK_DP1_322000_4097000_classified_point_cloud_colorized.laz","2018_TEAK_3_322000_4097000_image.tif","Tree",1,322000,322999.999,4097000,4097999.999
"6115",6308,322748.058,322753.718,4097264.015,4097269.454,"Silva","NEON_D17_TEAK_DP1_322000_4097000_classified_point_cloud_colorized.laz","2018_TEAK_3_322000_4097000_image.tif","Tree",1,322000,322999.999,4097000,4097999.999
"6116",6309,322710.613,322714.876,4097264.593,4097268.914,"Silva","NEON_D17_TEAK_DP1_322000_4097000_classified_point_cloud_colorized.laz","2018_TEAK_3_322000_4097000_image.tif","Tree",1,322000,322999.999,4097000,4097999.999
"6117",6310,322778.6,322780.237,4097263.262,4097265.409,"Silva","NEON_D17_TEAK_DP1_322000_4097000_classified_point_cloud_colorized.laz","2018_TEAK_3_322000_4097000_image.tif","Tree",1,322000,322999.999,4097000,4097999.999
"6118",6311,322443.079,322448.228,4097272.192,4097276.891,"Silva","NEON_D17_TEAK_DP1_322000_4097000_classified_point_cloud_colorized.laz","2018_TEAK_3_322000_4097000_image.tif","Tree",1,322000,322999.999,4097000,4097999.999
"6119",6312,322268.515,322275.198,4097273.057,4097280.978,"Silva","NEON_D17_TEAK_DP1_322000_4097000_classified_point_cloud_colorized.laz","2018_TEAK_3_322000_4097000_image.tif","Tree",1,322000,322999.999,4097000,4097999.999
"6120",6314,322683.034,322687.434,4097264.384,4097269.452,"Silva","NEON_D17_TEAK_DP1_322000_4097000_classified_point_cloud_colorized.laz","2018_TEAK_3_322000_4097000_image.tif","Tree",1,322000,322999.999,4097000,4097999.999
"6121",6315,322677.563,322682.993,4097263.191,4097268.464,"Silva","NEON_D17_TEAK_DP1_322000_4097000_classified_point_cloud_colorized.laz","2018_TEAK_3_322000_4097000_image.tif","Tree",1,322000,322999.999,4097000,4097999.999
"6122",6316,322300.554,322304.473,4097272.352,4097279.95,"Silva","NEON_D17_TEAK_DP1_322000_4097000_classified_point_cloud_colorized.laz","2018_TEAK_3_322000_4097000_image.tif","Tree",1,322000,322999.999,4097000,4097999.999
"6123",6317,322453.446,322453.446,4097272.453,4097272.453,"Silva","NEON_D17_TEAK_DP1_322000_4097000_classified_point_cloud_colorized.laz","2018_TEAK_3_322000_4097000_image.tif","Tree",1,322000,322999.999,4097000,4097999.999
"6124",6318,322732.273,322732.924,4097261.775,4097262.202,"Silva","NEON_D17_TEAK_DP1_322000_4097000_classified_point_cloud_colorized.laz","2018_TEAK_3_322000_4097000_image.tif","Tree",1,322000,322999.999,4097000,4097999.999
"6125",6319,322274.024,322280.379,4097270.501,4097277.829,"Silva","NEON_D17_TEAK_DP1_322000_4097000_classified_point_cloud_colorized.laz","2018_TEAK_3_322000_4097000_image.tif","Tree",1,322000,322999.999,4097000,4097999.999
"6126",6320,322280.02,322287.839,4097271.134,4097279.459,"Silva","NEON_D17_TEAK_DP1_322000_4097000_classified_point_cloud_colorized.laz","2018_TEAK_3_322000_4097000_image.tif","Tree",1,322000,322999.999,4097000,4097999.999
"6127",6321,322398.013,322405.49,4097267.539,4097275.476,"Silva","NEON_D17_TEAK_DP1_322000_4097000_classified_point_cloud_colorized.laz","2018_TEAK_3_322000_4097000_image.tif","Tree",1,322000,322999.999,4097000,4097999.999
"6128",6322,322712.255,322715.382,4097255.635,4097260.128,"Silva","NEON_D17_TEAK_DP1_322000_4097000_classified_point_cloud_colorized.laz","2018_TEAK_3_322000_4097000_image.tif","Tree",1,322000,322999.999,4097000,4097999.999
"6129",6323,322585.069,322591.904,4097262.008,4097268.748,"Silva","NEON_D17_TEAK_DP1_322000_4097000_classified_point_cloud_colorized.laz","2018_TEAK_3_322000_4097000_image.tif","Tree",1,322000,322999.999,4097000,4097999.999
"6130",6324,322467.505,322468.942,4097268.673,4097269.478,"Silva","NEON_D17_TEAK_DP1_322000_4097000_classified_point_cloud_colorized.laz","2018_TEAK_3_322000_4097000_image.tif","Tree",1,322000,322999.999,4097000,4097999.999
"6131",6325,322392.795,322394.257,4097270.599,4097271.936,"Silva","NEON_D17_TEAK_DP1_322000_4097000_classified_point_cloud_colorized.laz","2018_TEAK_3_322000_4097000_image.tif","Tree",1,322000,322999.999,4097000,4097999.999
"6132",6326,322423.514,322427.943,4097265.04,4097270.599,"Silva","NEON_D17_TEAK_DP1_322000_4097000_classified_point_cloud_colorized.laz","2018_TEAK_3_322000_4097000_image.tif","Tree",1,322000,322999.999,4097000,4097999.999
"6133",6327,322653.962,322660.958,4097254.523,4097264.537,"Silva","NEON_D17_TEAK_DP1_322000_4097000_classified_point_cloud_colorized.laz","2018_TEAK_3_322000_4097000_image.tif","Tree",1,322000,322999.999,4097000,4097999.999
"6134",6328,322688.231,322695.649,4097256.126,4097261.556,"Silva","NEON_D17_TEAK_DP1_322000_4097000_classified_point_cloud_colorized.laz","2018_TEAK_3_322000_4097000_image.tif","Tree",1,322000,322999.999,4097000,4097999.999
"6135",6329,322302.771,322308.413,4097266.173,4097272.352,"Silva","NEON_D17_TEAK_DP1_322000_4097000_classified_point_cloud_colorized.laz","2018_TEAK_3_322000_4097000_image.tif","Tree",1,322000,322999.999,4097000,4097999.999
"6136",6330,322667.12,322676.368,4097253.533,4097261.543,"Silva","NEON_D17_TEAK_DP1_322000_4097000_classified_point_cloud_colorized.laz","2018_TEAK_3_322000_4097000_image.tif","Tree",1,322000,322999.999,4097000,4097999.999
"6137",6331,322325.078,322334.469,4097261.583,4097269.971,"Silva","NEON_D17_TEAK_DP1_322000_4097000_classified_point_cloud_colorized.laz","2018_TEAK_3_322000_4097000_image.tif","Tree",1,322000,322999.999,4097000,4097999.999
"6138",6332,322762.524,322766.321,4097251.11,4097254.837,"Silva","NEON_D17_TEAK_DP1_322000_4097000_classified_point_cloud_colorized.laz","2018_TEAK_3_322000_4097000_image.tif","Tree",1,322000,322999.999,4097000,4097999.999
"6139",6333,322332.058,322342.156,4097257.801,4097268.866,"Silva","NEON_D17_TEAK_DP1_322000_4097000_classified_point_cloud_colorized.laz","2018_TEAK_3_322000_4097000_image.tif","Tree",1,322000,322999.999,4097000,4097999.999
"6140",6334,322347.526,322349.473,4097264.778,4097268.517,"Silva","NEON_D17_TEAK_DP1_322000_4097000_classified_point_cloud_colorized.laz","2018_TEAK_3_322000_4097000_image.tif","Tree",1,322000,322999.999,4097000,4097999.999
"6141",6335,322228.374,322229.213,4097270.928,4097270.966,"Silva","NEON_D17_TEAK_DP1_322000_4097000_classified_point_cloud_colorized.laz","2018_TEAK_3_322000_4097000_image.tif","Tree",1,322000,322999.999,4097000,4097999.999
"6142",6336,322296.535,322303.86,4097257.506,4097266.323,"Silva","NEON_D17_TEAK_DP1_322000_4097000_classified_point_cloud_colorized.laz","2018_TEAK_3_322000_4097000_image.tif","Tree",1,322000,322999.999,4097000,4097999.999
"6143",6337,322565.659,322568.419,4097255.853,4097258.962,"Silva","NEON_D17_TEAK_DP1_322000_4097000_classified_point_cloud_colorized.laz","2018_TEAK_3_322000_4097000_image.tif","Tree",1,322000,322999.999,4097000,4097999.999
"6144",6338,322631.526,322633.246,4097250.47,4097258.249,"Silva","NEON_D17_TEAK_DP1_322000_4097000_classified_point_cloud_colorized.laz","2018_TEAK_3_322000_4097000_image.tif","Tree",1,322000,322999.999,4097000,4097999.999
"6145",6339,322658.627,322668.229,4097247.584,4097256.609,"Silva","NEON_D17_TEAK_DP1_322000_4097000_classified_point_cloud_colorized.laz","2018_TEAK_3_322000_4097000_image.tif","Tree",1,322000,322999.999,4097000,4097999.999
"6146",6340,322384.03,322391.92,4097257.24,4097264.23,"Silva","NEON_D17_TEAK_DP1_322000_4097000_classified_point_cloud_colorized.laz","2018_TEAK_3_322000_4097000_image.tif","Tree",1,322000,322999.999,4097000,4097999.999
"6147",6341,322581.592,322586.399,4097253.154,4097256.354,"Silva","NEON_D17_TEAK_DP1_322000_4097000_classified_point_cloud_colorized.laz","2018_TEAK_3_322000_4097000_image.tif","Tree",1,322000,322999.999,4097000,4097999.999
"6148",6342,322513.046,322515.433,4097255.981,4097257.852,"Silva","NEON_D17_TEAK_DP1_322000_4097000_classified_point_cloud_colorized.laz","2018_TEAK_3_322000_4097000_image.tif","Tree",1,322000,322999.999,4097000,4097999.999
"6149",6343,322250.077,322256.985,4097259.535,4097267.082,"Silva","NEON_D17_TEAK_DP1_322000_4097000_classified_point_cloud_colorized.laz","2018_TEAK_3_322000_4097000_image.tif","Tree",1,322000,322999.999,4097000,4097999.999
"6150",6344,322403.26,322412.403,4097250.517,4097261.069,"Silva","NEON_D17_TEAK_DP1_322000_4097000_classified_point_cloud_colorized.laz","2018_TEAK_3_322000_4097000_image.tif","Tree",1,322000,322999.999,4097000,4097999.999
"6151",6345,322746.079,322747.363,4097244.849,4097247.854,"Silva","NEON_D17_TEAK_DP1_322000_4097000_classified_point_cloud_colorized.laz","2018_TEAK_3_322000_4097000_image.tif","Tree",1,322000,322999.999,4097000,4097999.999
"6152",6346,322717.715,322727.857,4097242.052,4097249.938,"Silva","NEON_D17_TEAK_DP1_322000_4097000_classified_point_cloud_colorized.laz","2018_TEAK_3_322000_4097000_image.tif","Tree",1,322000,322999.999,4097000,4097999.999
"6153",6347,322612.567,322618.43,4097247.101,4097252.45,"Silva","NEON_D17_TEAK_DP1_322000_4097000_classified_point_cloud_colorized.laz","2018_TEAK_3_322000_4097000_image.tif","Tree",1,322000,322999.999,4097000,4097999.999
"6154",6348,322289.043,322292.467,4097256.438,4097260.395,"Silva","NEON_D17_TEAK_DP1_322000_4097000_classified_point_cloud_colorized.laz","2018_TEAK_3_322000_4097000_image.tif","Tree",1,322000,322999.999,4097000,4097999.999
"6155",6349,322542.106,322546.971,4097248.602,4097253.452,"Silva","NEON_D17_TEAK_DP1_322000_4097000_classified_point_cloud_colorized.laz","2018_TEAK_3_322000_4097000_image.tif","Tree",1,322000,322999.999,4097000,4097999.999
"6156",6351,322429.546,322432.14,4097251.146,4097254.18,"Silva","NEON_D17_TEAK_DP1_322000_4097000_classified_point_cloud_colorized.laz","2018_TEAK_3_322000_4097000_image.tif","Tree",1,322000,322999.999,4097000,4097999.999
"6157",6352,322556.033,322558.951,4097249.009,4097251.481,"Silva","NEON_D17_TEAK_DP1_322000_4097000_classified_point_cloud_colorized.laz","2018_TEAK_3_322000_4097000_image.tif","Tree",1,322000,322999.999,4097000,4097999.999
"6158",6353,322616.606,322623.269,4097244.513,4097250.497,"Silva","NEON_D17_TEAK_DP1_322000_4097000_classified_point_cloud_colorized.laz","2018_TEAK_3_322000_4097000_image.tif","Tree",1,322000,322999.999,4097000,4097999.999
"6159",6354,322240.74,322246.498,4097254.045,4097260.226,"Silva","NEON_D17_TEAK_DP1_322000_4097000_classified_point_cloud_colorized.laz","2018_TEAK_3_322000_4097000_image.tif","Tree",1,322000,322999.999,4097000,4097999.999
"6160",6355,322358.007,322363.702,4097250.074,4097257.945,"Silva","NEON_D17_TEAK_DP1_322000_4097000_classified_point_cloud_colorized.laz","2018_TEAK_3_322000_4097000_image.tif","Tree",1,322000,322999.999,4097000,4097999.999
"6161",6356,322381.746,322383.959,4097252.71,4097255.942,"Silva","NEON_D17_TEAK_DP1_322000_4097000_classified_point_cloud_colorized.laz","2018_TEAK_3_322000_4097000_image.tif","Tree",1,322000,322999.999,4097000,4097999.999
"6162",6357,322597.517,322603.851,4097243.514,4097249.974,"Silva","NEON_D17_TEAK_DP1_322000_4097000_classified_point_cloud_colorized.laz","2018_TEAK_3_322000_4097000_image.tif","Tree",1,322000,322999.999,4097000,4097999.999
"6163",6358,322725.1,322737.405,4097234.182,4097247.277,"Silva","NEON_D17_TEAK_DP1_322000_4097000_classified_point_cloud_colorized.laz","2018_TEAK_3_322000_4097000_image.tif","Tree",1,322000,322999.999,4097000,4097999.999
"6164",6359,322229.535,322238.443,4097250.501,4097257.972,"Silva","NEON_D17_TEAK_DP1_322000_4097000_classified_point_cloud_colorized.laz","2018_TEAK_3_322000_4097000_image.tif","Tree",1,322000,322999.999,4097000,4097999.999
"6165",6360,322423.035,322429.913,4097244.627,4097252.355,"Silva","NEON_D17_TEAK_DP1_322000_4097000_classified_point_cloud_colorized.laz","2018_TEAK_3_322000_4097000_image.tif","Tree",1,322000,322999.999,4097000,4097999.999
"6166",6361,322617.883,322624.006,4097239.007,4097244.919,"Silva","NEON_D17_TEAK_DP1_322000_4097000_classified_point_cloud_colorized.laz","2018_TEAK_3_322000_4097000_image.tif","Tree",1,322000,322999.999,4097000,4097999.999
"6167",6362,322397.557,322404.492,4097248.504,4097252.397,"Silva","NEON_D17_TEAK_DP1_322000_4097000_classified_point_cloud_colorized.laz","2018_TEAK_3_322000_4097000_image.tif","Tree",1,322000,322999.999,4097000,4097999.999
"6168",6363,322266.051,322272.952,4097247.618,4097253.995,"Silva","NEON_D17_TEAK_DP1_322000_4097000_classified_point_cloud_colorized.laz","2018_TEAK_3_322000_4097000_image.tif","Tree",1,322000,322999.999,4097000,4097999.999
"6169",6364,322843.58,322844.6,4097232.794,4097232.921,"Silva","NEON_D17_TEAK_DP1_322000_4097000_classified_point_cloud_colorized.laz","2018_TEAK_3_322000_4097000_image.tif","Tree",1,322000,322999.999,4097000,4097999.999
"6170",6365,322367.65,322375.902,4097243.651,4097250.461,"Silva","NEON_D17_TEAK_DP1_322000_4097000_classified_point_cloud_colorized.laz","2018_TEAK_3_322000_4097000_image.tif","Tree",1,322000,322999.999,4097000,4097999.999
"6171",6366,322333.255,322344.983,4097241.085,4097251.745,"Silva","NEON_D17_TEAK_DP1_322000_4097000_classified_point_cloud_colorized.laz","2018_TEAK_3_322000_4097000_image.tif","Tree",1,322000,322999.999,4097000,4097999.999
"6172",6367,322310.51,322316.819,4097245.145,4097252.949,"Silva","NEON_D17_TEAK_DP1_322000_4097000_classified_point_cloud_colorized.laz","2018_TEAK_3_322000_4097000_image.tif","Tree",1,322000,322999.999,4097000,4097999.999
"6173",6368,322501.086,322504.395,4097242.026,4097245.478,"Silva","NEON_D17_TEAK_DP1_322000_4097000_classified_point_cloud_colorized.laz","2018_TEAK_3_322000_4097000_image.tif","Tree",1,322000,322999.999,4097000,4097999.999
"6174",6369,322422.199,322429.903,4097239.567,4097245.888,"Silva","NEON_D17_TEAK_DP1_322000_4097000_classified_point_cloud_colorized.laz","2018_TEAK_3_322000_4097000_image.tif","Tree",1,322000,322999.999,4097000,4097999.999
"6175",6370,322413.33,322419.291,4097240.575,4097246.394,"Silva","NEON_D17_TEAK_DP1_322000_4097000_classified_point_cloud_colorized.laz","2018_TEAK_3_322000_4097000_image.tif","Tree",1,322000,322999.999,4097000,4097999.999
"6176",6371,322483.691,322488.963,4097238.25,4097244.499,"Silva","NEON_D17_TEAK_DP1_322000_4097000_classified_point_cloud_colorized.laz","2018_TEAK_3_322000_4097000_image.tif","Tree",1,322000,322999.999,4097000,4097999.999
"6177",6372,322587.082,322591.484,4097236.049,4097240.981,"Silva","NEON_D17_TEAK_DP1_322000_4097000_classified_point_cloud_colorized.laz","2018_TEAK_3_322000_4097000_image.tif","Tree",1,322000,322999.999,4097000,4097999.999
"6178",6373,322643.641,322651.881,4097230.439,4097237.933,"Silva","NEON_D17_TEAK_DP1_322000_4097000_classified_point_cloud_colorized.laz","2018_TEAK_3_322000_4097000_image.tif","Tree",1,322000,322999.999,4097000,4097999.999
"6179",6374,322474.509,322478.432,4097237.569,4097243.307,"Silva","NEON_D17_TEAK_DP1_322000_4097000_classified_point_cloud_colorized.laz","2018_TEAK_3_322000_4097000_image.tif","Tree",1,322000,322999.999,4097000,4097999.999
"6180",6375,322862.167,322862.879,4097226.203,4097226.895,"Silva","NEON_D17_TEAK_DP1_322000_4097000_classified_point_cloud_colorized.laz","2018_TEAK_3_322000_4097000_image.tif","Tree",1,322000,322999.999,4097000,4097999.999
"6181",6376,322514.136,322514.983,4097238.448,4097238.888,"Silva","NEON_D17_TEAK_DP1_322000_4097000_classified_point_cloud_colorized.laz","2018_TEAK_3_322000_4097000_image.tif","Tree",1,322000,322999.999,4097000,4097999.999
"6182",6377,322373.698,322379.782,4097239.57,4097244.468,"Silva","NEON_D17_TEAK_DP1_322000_4097000_classified_point_cloud_colorized.laz","2018_TEAK_3_322000_4097000_image.tif","Tree",1,322000,322999.999,4097000,4097999.999
"6183",6378,322362.012,322370.369,4097237.536,4097245.948,"Silva","NEON_D17_TEAK_DP1_322000_4097000_classified_point_cloud_colorized.laz","2018_TEAK_3_322000_4097000_image.tif","Tree",1,322000,322999.999,4097000,4097999.999
"6184",6380,322243.582,322247.992,4097241.602,4097246.913,"Silva","NEON_D17_TEAK_DP1_322000_4097000_classified_point_cloud_colorized.laz","2018_TEAK_3_322000_4097000_image.tif","Tree",1,322000,322999.999,4097000,4097999.999
"6185",6381,322403.655,322411.474,4097235.001,4097241.14,"Silva","NEON_D17_TEAK_DP1_322000_4097000_classified_point_cloud_colorized.laz","2018_TEAK_3_322000_4097000_image.tif","Tree",1,322000,322999.999,4097000,4097999.999
"6186",6382,322625.678,322629.748,4097229.526,4097234.232,"Silva","NEON_D17_TEAK_DP1_322000_4097000_classified_point_cloud_colorized.laz","2018_TEAK_3_322000_4097000_image.tif","Tree",1,322000,322999.999,4097000,4097999.999
"6187",6383,322566.559,322568.451,4097234.05,4097235.415,"Silva","NEON_D17_TEAK_DP1_322000_4097000_classified_point_cloud_colorized.laz","2018_TEAK_3_322000_4097000_image.tif","Tree",1,322000,322999.999,4097000,4097999.999
"6188",6384,322413.172,322418.85,4097235.274,4097240.44,"Silva","NEON_D17_TEAK_DP1_322000_4097000_classified_point_cloud_colorized.laz","2018_TEAK_3_322000_4097000_image.tif","Tree",1,322000,322999.999,4097000,4097999.999
"6189",6385,322351.223,322358.979,4097237.03,4097241.937,"Silva","NEON_D17_TEAK_DP1_322000_4097000_classified_point_cloud_colorized.laz","2018_TEAK_3_322000_4097000_image.tif","Tree",1,322000,322999.999,4097000,4097999.999
"6190",6386,322485.101,322490.821,4097232.038,4097237.963,"Silva","NEON_D17_TEAK_DP1_322000_4097000_classified_point_cloud_colorized.laz","2018_TEAK_3_322000_4097000_image.tif","Tree",1,322000,322999.999,4097000,4097999.999
"6191",6387,322838.526,322839.995,4097222.529,4097223.118,"Silva","NEON_D17_TEAK_DP1_322000_4097000_classified_point_cloud_colorized.laz","2018_TEAK_3_322000_4097000_image.tif","Tree",1,322000,322999.999,4097000,4097999.999
"6192",6388,322789.158,322789.948,4097224.132,4097224.74,"Silva","NEON_D17_TEAK_DP1_322000_4097000_classified_point_cloud_colorized.laz","2018_TEAK_3_322000_4097000_image.tif","Tree",1,322000,322999.999,4097000,4097999.999
"6193",6389,322747.09,322747.883,4097225.94,4097226.355,"Silva","NEON_D17_TEAK_DP1_322000_4097000_classified_point_cloud_colorized.laz","2018_TEAK_3_322000_4097000_image.tif","Tree",1,322000,322999.999,4097000,4097999.999
"6194",6390,322813.495,322813.562,4097221.991,4097222.153,"Silva","NEON_D17_TEAK_DP1_322000_4097000_classified_point_cloud_colorized.laz","2018_TEAK_3_322000_4097000_image.tif","Tree",1,322000,322999.999,4097000,4097999.999
"6195",6391,322704.89,322709.753,4097223.145,4097228.301,"Silva","NEON_D17_TEAK_DP1_322000_4097000_classified_point_cloud_colorized.laz","2018_TEAK_3_322000_4097000_image.tif","Tree",1,322000,322999.999,4097000,4097999.999
"6196",6392,322360.007,322367.315,4097232.764,4097239.967,"Silva","NEON_D17_TEAK_DP1_322000_4097000_classified_point_cloud_colorized.laz","2018_TEAK_3_322000_4097000_image.tif","Tree",1,322000,322999.999,4097000,4097999.999
"6197",6393,322329.09,322336.49,4097233.507,4097242.553,"Silva","NEON_D17_TEAK_DP1_322000_4097000_classified_point_cloud_colorized.laz","2018_TEAK_3_322000_4097000_image.tif","Tree",1,322000,322999.999,4097000,4097999.999
"6198",6394,322766.16,322767.79,4097221.559,4097223.979,"Silva","NEON_D17_TEAK_DP1_322000_4097000_classified_point_cloud_colorized.laz","2018_TEAK_3_322000_4097000_image.tif","Tree",1,322000,322999.999,4097000,4097999.999
"6199",6395,322867.123,322867.128,4097219.008,4097219.43,"Silva","NEON_D17_TEAK_DP1_322000_4097000_classified_point_cloud_colorized.laz","2018_TEAK_3_322000_4097000_image.tif","Tree",1,322000,322999.999,4097000,4097999.999
"6200",6396,322801.075,322804.49,4097219.684,4097222.389,"Silva","NEON_D17_TEAK_DP1_322000_4097000_classified_point_cloud_colorized.laz","2018_TEAK_3_322000_4097000_image.tif","Tree",1,322000,322999.999,4097000,4097999.999
"6201",6397,322274.547,322277.42,4097236.053,4097239.711,"Silva","NEON_D17_TEAK_DP1_322000_4097000_classified_point_cloud_colorized.laz","2018_TEAK_3_322000_4097000_image.tif","Tree",1,322000,322999.999,4097000,4097999.999
"6202",6398,322375.201,322379.431,4097232.576,4097237.206,"Silva","NEON_D17_TEAK_DP1_322000_4097000_classified_point_cloud_colorized.laz","2018_TEAK_3_322000_4097000_image.tif","Tree",1,322000,322999.999,4097000,4097999.999
"6203",6399,322585.116,322589.033,4097224.503,4097229.494,"Silva","NEON_D17_TEAK_DP1_322000_4097000_classified_point_cloud_colorized.laz","2018_TEAK_3_322000_4097000_image.tif","Tree",1,322000,322999.999,4097000,4097999.999
"6204",6400,322835.77,322837.382,4097216.509,4097218.055,"Silva","NEON_D17_TEAK_DP1_322000_4097000_classified_point_cloud_colorized.laz","2018_TEAK_3_322000_4097000_image.tif","Tree",1,322000,322999.999,4097000,4097999.999
"6205",6401,322861.401,322862.96,4097215.566,4097216.966,"Silva","NEON_D17_TEAK_DP1_322000_4097000_classified_point_cloud_colorized.laz","2018_TEAK_3_322000_4097000_image.tif","Tree",1,322000,322999.999,4097000,4097999.999
"6206",6402,322684.002,322688.48,4097219.966,4097225.039,"Silva","NEON_D17_TEAK_DP1_322000_4097000_classified_point_cloud_colorized.laz","2018_TEAK_3_322000_4097000_image.tif","Tree",1,322000,322999.999,4097000,4097999.999
"6207",6404,322248.155,322255.216,4097231.51,4097239.99,"Silva","NEON_D17_TEAK_DP1_322000_4097000_classified_point_cloud_colorized.laz","2018_TEAK_3_322000_4097000_image.tif","Tree",1,322000,322999.999,4097000,4097999.999
"6208",6405,322336.275,322343.899,4097229.004,4097236.901,"Silva","NEON_D17_TEAK_DP1_322000_4097000_classified_point_cloud_colorized.laz","2018_TEAK_3_322000_4097000_image.tif","Tree",1,322000,322999.999,4097000,4097999.999
"6209",6407,322760.759,322760.759,4097217.611,4097217.611,"Silva","NEON_D17_TEAK_DP1_322000_4097000_classified_point_cloud_colorized.laz","2018_TEAK_3_322000_4097000_image.tif","Tree",1,322000,322999.999,4097000,4097999.999
"6210",6408,322860.213,322861.999,4097213.962,4097214.757,"Silva","NEON_D17_TEAK_DP1_322000_4097000_classified_point_cloud_colorized.laz","2018_TEAK_3_322000_4097000_image.tif","Tree",1,322000,322999.999,4097000,4097999.999
"6211",6409,322590.553,322595.926,4097221.024,4097225.888,"Silva","NEON_D17_TEAK_DP1_322000_4097000_classified_point_cloud_colorized.laz","2018_TEAK_3_322000_4097000_image.tif","Tree",1,322000,322999.999,4097000,4097999.999
"6212",6410,322355.011,322359.909,4097227.135,4097232.76,"Silva","NEON_D17_TEAK_DP1_322000_4097000_classified_point_cloud_colorized.laz","2018_TEAK_3_322000_4097000_image.tif","Tree",1,322000,322999.999,4097000,4097999.999
"6213",6411,322752.743,322752.743,4097216.637,4097216.637,"Silva","NEON_D17_TEAK_DP1_322000_4097000_classified_point_cloud_colorized.laz","2018_TEAK_3_322000_4097000_image.tif","Tree",1,322000,322999.999,4097000,4097999.999
"6214",6412,322799.863,322800.058,4097214.399,4097214.695,"Silva","NEON_D17_TEAK_DP1_322000_4097000_classified_point_cloud_colorized.laz","2018_TEAK_3_322000_4097000_image.tif","Tree",1,322000,322999.999,4097000,4097999.999
"6215",6413,322772.073,322772.244,4097215.604,4097215.788,"Silva","NEON_D17_TEAK_DP1_322000_4097000_classified_point_cloud_colorized.laz","2018_TEAK_3_322000_4097000_image.tif","Tree",1,322000,322999.999,4097000,4097999.999
"6216",6414,322854.181,322856.453,4097210.017,4097212.414,"Silva","NEON_D17_TEAK_DP1_322000_4097000_classified_point_cloud_colorized.laz","2018_TEAK_3_322000_4097000_image.tif","Tree",1,322000,322999.999,4097000,4097999.999
"6217",6415,322875.043,322875.968,4097210.687,4097211.407,"Silva","NEON_D17_TEAK_DP1_322000_4097000_classified_point_cloud_colorized.laz","2018_TEAK_3_322000_4097000_image.tif","Tree",1,322000,322999.999,4097000,4097999.999
"6218",6416,322481.276,322489.434,4097221.565,4097227.435,"Silva","NEON_D17_TEAK_DP1_322000_4097000_classified_point_cloud_colorized.laz","2018_TEAK_3_322000_4097000_image.tif","Tree",1,322000,322999.999,4097000,4097999.999
"6219",6417,322284.077,322291.456,4097226.534,4097233.498,"Silva","NEON_D17_TEAK_DP1_322000_4097000_classified_point_cloud_colorized.laz","2018_TEAK_3_322000_4097000_image.tif","Tree",1,322000,322999.999,4097000,4097999.999
"6220",6419,322879.018,322879.987,4097209.095,4097209.416,"Silva","NEON_D17_TEAK_DP1_322000_4097000_classified_point_cloud_colorized.laz","2018_TEAK_3_322000_4097000_image.tif","Tree",1,322000,322999.999,4097000,4097999.999
"6221",6421,322371.628,322371.923,4097226.022,4097226.757,"Silva","NEON_D17_TEAK_DP1_322000_4097000_classified_point_cloud_colorized.laz","2018_TEAK_3_322000_4097000_image.tif","Tree",1,322000,322999.999,4097000,4097999.999
"6222",6422,322718.092,322723.406,4097209.9,4097216.23,"Silva","NEON_D17_TEAK_DP1_322000_4097000_classified_point_cloud_colorized.laz","2018_TEAK_3_322000_4097000_image.tif","Tree",1,322000,322999.999,4097000,4097999.999
"6223",6423,322813.535,322818.892,4097205.664,4097213.924,"Silva","NEON_D17_TEAK_DP1_322000_4097000_classified_point_cloud_colorized.laz","2018_TEAK_3_322000_4097000_image.tif","Tree",1,322000,322999.999,4097000,4097999.999
"6224",6424,322696.5,322704.96,4097209.556,4097218.38,"Silva","NEON_D17_TEAK_DP1_322000_4097000_classified_point_cloud_colorized.laz","2018_TEAK_3_322000_4097000_image.tif","Tree",1,322000,322999.999,4097000,4097999.999
"6225",6425,322332.733,322340.406,4097222.141,4097229.426,"Silva","NEON_D17_TEAK_DP1_322000_4097000_classified_point_cloud_colorized.laz","2018_TEAK_3_322000_4097000_image.tif","Tree",1,322000,322999.999,4097000,4097999.999
"6226",6426,322273.173,322280.443,4097223.021,4097230.98,"Silva","NEON_D17_TEAK_DP1_322000_4097000_classified_point_cloud_colorized.laz","2018_TEAK_3_322000_4097000_image.tif","Tree",1,322000,322999.999,4097000,4097999.999
"6227",6427,322656.238,322658.249,4097211.508,4097213.447,"Silva","NEON_D17_TEAK_DP1_322000_4097000_classified_point_cloud_colorized.laz","2018_TEAK_3_322000_4097000_image.tif","Tree",1,322000,322999.999,4097000,4097999.999
"6228",6428,322778.014,322780.797,4097207.769,4097210.913,"Silva","NEON_D17_TEAK_DP1_322000_4097000_classified_point_cloud_colorized.laz","2018_TEAK_3_322000_4097000_image.tif","Tree",1,322000,322999.999,4097000,4097999.999
"6229",6429,322494.25,322498.859,4097218.105,4097222.287,"Silva","NEON_D17_TEAK_DP1_322000_4097000_classified_point_cloud_colorized.laz","2018_TEAK_3_322000_4097000_image.tif","Tree",1,322000,322999.999,4097000,4097999.999
"6230",6431,322689.644,322694.425,4097209.733,4097213.674,"Silva","NEON_D17_TEAK_DP1_322000_4097000_classified_point_cloud_colorized.laz","2018_TEAK_3_322000_4097000_image.tif","Tree",1,322000,322999.999,4097000,4097999.999
"6231",6432,322812.507,322817.831,4097202.509,4097209.47,"Silva","NEON_D17_TEAK_DP1_322000_4097000_classified_point_cloud_colorized.laz","2018_TEAK_3_322000_4097000_image.tif","Tree",1,322000,322999.999,4097000,4097999.999
"6232",6433,322828.575,322830.97,4097204.611,4097207.966,"Silva","NEON_D17_TEAK_DP1_322000_4097000_classified_point_cloud_colorized.laz","2018_TEAK_3_322000_4097000_image.tif","Tree",1,322000,322999.999,4097000,4097999.999
"6233",6434,322696.08,322701.449,4097206.756,4097214.475,"Silva","NEON_D17_TEAK_DP1_322000_4097000_classified_point_cloud_colorized.laz","2018_TEAK_3_322000_4097000_image.tif","Tree",1,322000,322999.999,4097000,4097999.999
"6234",6435,322347.088,322351.925,4097220.237,4097224.957,"Silva","NEON_D17_TEAK_DP1_322000_4097000_classified_point_cloud_colorized.laz","2018_TEAK_3_322000_4097000_image.tif","Tree",1,322000,322999.999,4097000,4097999.999
"6235",6437,322257.03,322263.474,4097220.035,4097227.438,"Silva","NEON_D17_TEAK_DP1_322000_4097000_classified_point_cloud_colorized.laz","2018_TEAK_3_322000_4097000_image.tif","Tree",1,322000,322999.999,4097000,4097999.999
"6236",6438,322823.13,322824.986,4097203.106,4097204.793,"Silva","NEON_D17_TEAK_DP1_322000_4097000_classified_point_cloud_colorized.laz","2018_TEAK_3_322000_4097000_image.tif","Tree",1,322000,322999.999,4097000,4097999.999
"6237",6439,322740.327,322741.836,4097205.07,4097207.109,"Silva","NEON_D17_TEAK_DP1_322000_4097000_classified_point_cloud_colorized.laz","2018_TEAK_3_322000_4097000_image.tif","Tree",1,322000,322999.999,4097000,4097999.999
"6238",6440,322651.028,322658.442,4097205.042,4097213.461,"Silva","NEON_D17_TEAK_DP1_322000_4097000_classified_point_cloud_colorized.laz","2018_TEAK_3_322000_4097000_image.tif","Tree",1,322000,322999.999,4097000,4097999.999
"6239",6441,322805.536,322806.308,4097202.894,4097203.125,"Silva","NEON_D17_TEAK_DP1_322000_4097000_classified_point_cloud_colorized.laz","2018_TEAK_3_322000_4097000_image.tif","Tree",1,322000,322999.999,4097000,4097999.999
"6240",6442,322795.061,322797.442,4097201.594,4097204.48,"Silva","NEON_D17_TEAK_DP1_322000_4097000_classified_point_cloud_colorized.laz","2018_TEAK_3_322000_4097000_image.tif","Tree",1,322000,322999.999,4097000,4097999.999
"6241",6443,322762.556,322765.37,4097202.507,4097206.36,"Silva","NEON_D17_TEAK_DP1_322000_4097000_classified_point_cloud_colorized.laz","2018_TEAK_3_322000_4097000_image.tif","Tree",1,322000,322999.999,4097000,4097999.999
"6242",6444,322759.025,322762.453,4097201.079,4097206.349,"Silva","NEON_D17_TEAK_DP1_322000_4097000_classified_point_cloud_colorized.laz","2018_TEAK_3_322000_4097000_image.tif","Tree",1,322000,322999.999,4097000,4097999.999
"6243",6445,322642.507,322648.677,4097205.575,4097211.625,"Silva","NEON_D17_TEAK_DP1_322000_4097000_classified_point_cloud_colorized.laz","2018_TEAK_3_322000_4097000_image.tif","Tree",1,322000,322999.999,4097000,4097999.999
"6244",6446,322543.081,322543.892,4097213.644,4097214.245,"Silva","NEON_D17_TEAK_DP1_322000_4097000_classified_point_cloud_colorized.laz","2018_TEAK_3_322000_4097000_image.tif","Tree",1,322000,322999.999,4097000,4097999.999
"6245",6447,322280.253,322288.704,4097216.034,4097223.442,"Silva","NEON_D17_TEAK_DP1_322000_4097000_classified_point_cloud_colorized.laz","2018_TEAK_3_322000_4097000_image.tif","Tree",1,322000,322999.999,4097000,4097999.999
"6246",6448,322627.301,322632.323,4097206.527,4097211.436,"Silva","NEON_D17_TEAK_DP1_322000_4097000_classified_point_cloud_colorized.laz","2018_TEAK_3_322000_4097000_image.tif","Tree",1,322000,322999.999,4097000,4097999.999
"6247",6449,322697.727,322707.877,4097199.072,4097209.34,"Silva","NEON_D17_TEAK_DP1_322000_4097000_classified_point_cloud_colorized.laz","2018_TEAK_3_322000_4097000_image.tif","Tree",1,322000,322999.999,4097000,4097999.999
"6248",6450,322391.172,322392.431,4097216.017,4097217.988,"Silva","NEON_D17_TEAK_DP1_322000_4097000_classified_point_cloud_colorized.laz","2018_TEAK_3_322000_4097000_image.tif","Tree",1,322000,322999.999,4097000,4097999.999
"6249",6451,322325.267,322332.92,4097216.518,4097223.756,"Silva","NEON_D17_TEAK_DP1_322000_4097000_classified_point_cloud_colorized.laz","2018_TEAK_3_322000_4097000_image.tif","Tree",1,322000,322999.999,4097000,4097999.999
"6250",6452,322313.023,322324.466,4097215.041,4097223.838,"Silva","NEON_D17_TEAK_DP1_322000_4097000_classified_point_cloud_colorized.laz","2018_TEAK_3_322000_4097000_image.tif","Tree",1,322000,322999.999,4097000,4097999.999
"6251",6453,322487.565,322488.476,4097211.043,4097212.208,"Silva","NEON_D17_TEAK_DP1_322000_4097000_classified_point_cloud_colorized.laz","2018_TEAK_3_322000_4097000_image.tif","Tree",1,322000,322999.999,4097000,4097999.999
"6252",6454,322274.106,322280.955,4097215.794,4097223.456,"Silva","NEON_D17_TEAK_DP1_322000_4097000_classified_point_cloud_colorized.laz","2018_TEAK_3_322000_4097000_image.tif","Tree",1,322000,322999.999,4097000,4097999.999
"6253",6455,322798.179,322798.179,4097198.941,4097198.941,"Silva","NEON_D17_TEAK_DP1_322000_4097000_classified_point_cloud_colorized.laz","2018_TEAK_3_322000_4097000_image.tif","Tree",1,322000,322999.999,4097000,4097999.999
"6254",6456,322881.537,322883.41,4097194.793,4097196.233,"Silva","NEON_D17_TEAK_DP1_322000_4097000_classified_point_cloud_colorized.laz","2018_TEAK_3_322000_4097000_image.tif","Tree",1,322000,322999.999,4097000,4097999.999
"6255",6457,322774.565,322778.246,4097196.675,4097200.915,"Silva","NEON_D17_TEAK_DP1_322000_4097000_classified_point_cloud_colorized.laz","2018_TEAK_3_322000_4097000_image.tif","Tree",1,322000,322999.999,4097000,4097999.999
"6256",6458,322397.084,322397.759,4097213.623,4097214.936,"Silva","NEON_D17_TEAK_DP1_322000_4097000_classified_point_cloud_colorized.laz","2018_TEAK_3_322000_4097000_image.tif","Tree",1,322000,322999.999,4097000,4097999.999
"6257",6460,322823.013,322825.359,4097194.113,4097197.652,"Silva","NEON_D17_TEAK_DP1_322000_4097000_classified_point_cloud_colorized.laz","2018_TEAK_3_322000_4097000_image.tif","Tree",1,322000,322999.999,4097000,4097999.999
"6258",6461,322761.198,322764.447,4097196.083,4097200.231,"Silva","NEON_D17_TEAK_DP1_322000_4097000_classified_point_cloud_colorized.laz","2018_TEAK_3_322000_4097000_image.tif","Tree",1,322000,322999.999,4097000,4097999.999
"6259",6462,322322.015,322327.412,4097210.552,4097218.419,"Silva","NEON_D17_TEAK_DP1_322000_4097000_classified_point_cloud_colorized.laz","2018_TEAK_3_322000_4097000_image.tif","Tree",1,322000,322999.999,4097000,4097999.999
"6260",6463,322784.611,322785.981,4097194.134,4097198.809,"Silva","NEON_D17_TEAK_DP1_322000_4097000_classified_point_cloud_colorized.laz","2018_TEAK_3_322000_4097000_image.tif","Tree",1,322000,322999.999,4097000,4097999.999
"6261",6464,322831.695,322840.278,4097188.157,4097199.989,"Silva","NEON_D17_TEAK_DP1_322000_4097000_classified_point_cloud_colorized.laz","2018_TEAK_3_322000_4097000_image.tif","Tree",1,322000,322999.999,4097000,4097999.999
"6262",6465,322779.071,322779.395,4097195.104,4097195.884,"Silva","NEON_D17_TEAK_DP1_322000_4097000_classified_point_cloud_colorized.laz","2018_TEAK_3_322000_4097000_image.tif","Tree",1,322000,322999.999,4097000,4097999.999
"6263",6466,322805.035,322811.478,4097188.517,4097196.901,"Silva","NEON_D17_TEAK_DP1_322000_4097000_classified_point_cloud_colorized.laz","2018_TEAK_3_322000_4097000_image.tif","Tree",1,322000,322999.999,4097000,4097999.999
"6264",6467,322758.567,322762.318,4097193.543,4097197.426,"Silva","NEON_D17_TEAK_DP1_322000_4097000_classified_point_cloud_colorized.laz","2018_TEAK_3_322000_4097000_image.tif","Tree",1,322000,322999.999,4097000,4097999.999
"6265",6468,322548.061,322555.969,4097200.58,4097207.869,"Silva","NEON_D17_TEAK_DP1_322000_4097000_classified_point_cloud_colorized.laz","2018_TEAK_3_322000_4097000_image.tif","Tree",1,322000,322999.999,4097000,4097999.999
"6266",6469,322634.759,322642.878,4097197.097,4097204.281,"Silva","NEON_D17_TEAK_DP1_322000_4097000_classified_point_cloud_colorized.laz","2018_TEAK_3_322000_4097000_image.tif","Tree",1,322000,322999.999,4097000,4097999.999
"6267",6470,322689.334,322695.847,4097195.52,4097201.917,"Silva","NEON_D17_TEAK_DP1_322000_4097000_classified_point_cloud_colorized.laz","2018_TEAK_3_322000_4097000_image.tif","Tree",1,322000,322999.999,4097000,4097999.999
"6268",6471,322809.551,322818.456,4097185.009,4097196.83,"Silva","NEON_D17_TEAK_DP1_322000_4097000_classified_point_cloud_colorized.laz","2018_TEAK_3_322000_4097000_image.tif","Tree",1,322000,322999.999,4097000,4097999.999
"6269",6472,322709.092,322712.993,4097192.469,4097199.98,"Silva","NEON_D17_TEAK_DP1_322000_4097000_classified_point_cloud_colorized.laz","2018_TEAK_3_322000_4097000_image.tif","Tree",1,322000,322999.999,4097000,4097999.999
"6270",6473,322494.71,322499.948,4097202.022,4097207.392,"Silva","NEON_D17_TEAK_DP1_322000_4097000_classified_point_cloud_colorized.laz","2018_TEAK_3_322000_4097000_image.tif","Tree",1,322000,322999.999,4097000,4097999.999
"6271",6474,322317.043,322324.491,4097207.004,4097214.365,"Silva","NEON_D17_TEAK_DP1_322000_4097000_classified_point_cloud_colorized.laz","2018_TEAK_3_322000_4097000_image.tif","Tree",1,322000,322999.999,4097000,4097999.999
"6272",6475,322331.616,322339.026,4097208.519,4097214.918,"Silva","NEON_D17_TEAK_DP1_322000_4097000_classified_point_cloud_colorized.laz","2018_TEAK_3_322000_4097000_image.tif","Tree",1,322000,322999.999,4097000,4097999.999
"6273",6476,322690.161,322695.292,4097192.001,4097196.425,"Silva","NEON_D17_TEAK_DP1_322000_4097000_classified_point_cloud_colorized.laz","2018_TEAK_3_322000_4097000_image.tif","Tree",1,322000,322999.999,4097000,4097999.999
"6274",6477,322851.226,322861.849,4097183.206,4097192.5,"Silva","NEON_D17_TEAK_DP1_322000_4097000_classified_point_cloud_colorized.laz","2018_TEAK_3_322000_4097000_image.tif","Tree",1,322000,322999.999,4097000,4097999.999
"6275",6478,322751.568,322756.496,4097189.604,4097193.951,"Silva","NEON_D17_TEAK_DP1_322000_4097000_classified_point_cloud_colorized.laz","2018_TEAK_3_322000_4097000_image.tif","Tree",1,322000,322999.999,4097000,4097999.999
"6276",6480,322453.608,322458.438,4097201.844,4097207.901,"Silva","NEON_D17_TEAK_DP1_322000_4097000_classified_point_cloud_colorized.laz","2018_TEAK_3_322000_4097000_image.tif","Tree",1,322000,322999.999,4097000,4097999.999
"6277",6481,322657.822,322667.353,4097188.077,4097198.729,"Silva","NEON_D17_TEAK_DP1_322000_4097000_classified_point_cloud_colorized.laz","2018_TEAK_3_322000_4097000_image.tif","Tree",1,322000,322999.999,4097000,4097999.999
"6278",6482,322760.018,322762.204,4097189.112,4097191.972,"Silva","NEON_D17_TEAK_DP1_322000_4097000_classified_point_cloud_colorized.laz","2018_TEAK_3_322000_4097000_image.tif","Tree",1,322000,322999.999,4097000,4097999.999
"6279",6483,322769.096,322771.368,4097187.592,4097191.794,"Silva","NEON_D17_TEAK_DP1_322000_4097000_classified_point_cloud_colorized.laz","2018_TEAK_3_322000_4097000_image.tif","Tree",1,322000,322999.999,4097000,4097999.999
"6280",6484,322865.558,322869.924,4097183.034,4097187.766,"Silva","NEON_D17_TEAK_DP1_322000_4097000_classified_point_cloud_colorized.laz","2018_TEAK_3_322000_4097000_image.tif","Tree",1,322000,322999.999,4097000,4097999.999
"6281",6485,322694.616,322702.311,4097188.702,4097195.317,"Silva","NEON_D17_TEAK_DP1_322000_4097000_classified_point_cloud_colorized.laz","2018_TEAK_3_322000_4097000_image.tif","Tree",1,322000,322999.999,4097000,4097999.999
"6282",6486,322780.751,322782.379,4097185.574,4097188.525,"Silva","NEON_D17_TEAK_DP1_322000_4097000_classified_point_cloud_colorized.laz","2018_TEAK_3_322000_4097000_image.tif","Tree",1,322000,322999.999,4097000,4097999.999
"6283",6487,322740.432,322742.286,4097187.29,4097191.982,"Silva","NEON_D17_TEAK_DP1_322000_4097000_classified_point_cloud_colorized.laz","2018_TEAK_3_322000_4097000_image.tif","Tree",1,322000,322999.999,4097000,4097999.999
"6284",6488,322642.029,322649.818,4097188.531,4097198.386,"Silva","NEON_D17_TEAK_DP1_322000_4097000_classified_point_cloud_colorized.laz","2018_TEAK_3_322000_4097000_image.tif","Tree",1,322000,322999.999,4097000,4097999.999
"6285",6489,322615.011,322620.983,4097192.186,4097197.47,"Silva","NEON_D17_TEAK_DP1_322000_4097000_classified_point_cloud_colorized.laz","2018_TEAK_3_322000_4097000_image.tif","Tree",1,322000,322999.999,4097000,4097999.999
"6286",6490,322637.596,322642.487,4097190.523,4097197.902,"Silva","NEON_D17_TEAK_DP1_322000_4097000_classified_point_cloud_colorized.laz","2018_TEAK_3_322000_4097000_image.tif","Tree",1,322000,322999.999,4097000,4097999.999
"6287",6491,322667.171,322670.427,4097189.888,4097194.969,"Silva","NEON_D17_TEAK_DP1_322000_4097000_classified_point_cloud_colorized.laz","2018_TEAK_3_322000_4097000_image.tif","Tree",1,322000,322999.999,4097000,4097999.999
"6288",6492,322719.511,322723.912,4097187.52,4097191.487,"Silva","NEON_D17_TEAK_DP1_322000_4097000_classified_point_cloud_colorized.laz","2018_TEAK_3_322000_4097000_image.tif","Tree",1,322000,322999.999,4097000,4097999.999
"6289",6493,322701.691,322709.846,4097183.552,4097197.969,"Silva","NEON_D17_TEAK_DP1_322000_4097000_classified_point_cloud_colorized.laz","2018_TEAK_3_322000_4097000_image.tif","Tree",1,322000,322999.999,4097000,4097999.999
"6290",6494,322416.031,322425.393,4097195.065,4097208.338,"Silva","NEON_D17_TEAK_DP1_322000_4097000_classified_point_cloud_colorized.laz","2018_TEAK_3_322000_4097000_image.tif","Tree",1,322000,322999.999,4097000,4097999.999
"6291",6495,322731.835,322741.264,4097181.904,4097192.486,"Silva","NEON_D17_TEAK_DP1_322000_4097000_classified_point_cloud_colorized.laz","2018_TEAK_3_322000_4097000_image.tif","Tree",1,322000,322999.999,4097000,4097999.999
"6292",6496,322881.623,322886.456,4097178.016,4097183.491,"Silva","NEON_D17_TEAK_DP1_322000_4097000_classified_point_cloud_colorized.laz","2018_TEAK_3_322000_4097000_image.tif","Tree",1,322000,322999.999,4097000,4097999.999
"6293",6497,322705.504,322712.51,4097183.548,4097193.926,"Silva","NEON_D17_TEAK_DP1_322000_4097000_classified_point_cloud_colorized.laz","2018_TEAK_3_322000_4097000_image.tif","Tree",1,322000,322999.999,4097000,4097999.999
"6294",6498,322878.625,322882.415,4097177.525,4097182.496,"Silva","NEON_D17_TEAK_DP1_322000_4097000_classified_point_cloud_colorized.laz","2018_TEAK_3_322000_4097000_image.tif","Tree",1,322000,322999.999,4097000,4097999.999
"6295",6499,322757.048,322759.491,4097184.655,4097187,"Silva","NEON_D17_TEAK_DP1_322000_4097000_classified_point_cloud_colorized.laz","2018_TEAK_3_322000_4097000_image.tif","Tree",1,322000,322999.999,4097000,4097999.999
"6296",6500,322334.097,322336.956,4097203.12,4097206.423,"Silva","NEON_D17_TEAK_DP1_322000_4097000_classified_point_cloud_colorized.laz","2018_TEAK_3_322000_4097000_image.tif","Tree",1,322000,322999.999,4097000,4097999.999
"6297",6501,322617.637,322622.938,4097188.171,4097194.46,"Silva","NEON_D17_TEAK_DP1_322000_4097000_classified_point_cloud_colorized.laz","2018_TEAK_3_322000_4097000_image.tif","Tree",1,322000,322999.999,4097000,4097999.999
"6298",6502,322749.243,322749.265,4097185.214,4097185.283,"Silva","NEON_D17_TEAK_DP1_322000_4097000_classified_point_cloud_colorized.laz","2018_TEAK_3_322000_4097000_image.tif","Tree",1,322000,322999.999,4097000,4097999.999
"6299",6503,322852.526,322859.223,4097174.511,4097182.655,"Silva","NEON_D17_TEAK_DP1_322000_4097000_classified_point_cloud_colorized.laz","2018_TEAK_3_322000_4097000_image.tif","Tree",1,322000,322999.999,4097000,4097999.999
"6300",6504,322492.819,322499.654,4097193.571,4097199.871,"Silva","NEON_D17_TEAK_DP1_322000_4097000_classified_point_cloud_colorized.laz","2018_TEAK_3_322000_4097000_image.tif","Tree",1,322000,322999.999,4097000,4097999.999
"6301",6505,322677.242,322683.866,4097182.643,4097191.702,"Silva","NEON_D17_TEAK_DP1_322000_4097000_classified_point_cloud_colorized.laz","2018_TEAK_3_322000_4097000_image.tif","Tree",1,322000,322999.999,4097000,4097999.999
"6302",6506,322931.028,322935.335,4097170.105,4097179.44,"Silva","NEON_D17_TEAK_DP1_322000_4097000_classified_point_cloud_colorized.laz","2018_TEAK_3_322000_4097000_image.tif","Tree",1,322000,322999.999,4097000,4097999.999
"6303",6507,322888.56,322891.496,4097175.595,4097178.367,"Silva","NEON_D17_TEAK_DP1_322000_4097000_classified_point_cloud_colorized.laz","2018_TEAK_3_322000_4097000_image.tif","Tree",1,322000,322999.999,4097000,4097999.999
"6304",6508,322526.644,322535.979,4097189.038,4097196.997,"Silva","NEON_D17_TEAK_DP1_322000_4097000_classified_point_cloud_colorized.laz","2018_TEAK_3_322000_4097000_image.tif","Tree",1,322000,322999.999,4097000,4097999.999
"6305",6509,322563.515,322569.913,4097188.07,4097195.963,"Silva","NEON_D17_TEAK_DP1_322000_4097000_classified_point_cloud_colorized.laz","2018_TEAK_3_322000_4097000_image.tif","Tree",1,322000,322999.999,4097000,4097999.999
"6306",6510,322637.281,322646.494,4097184.175,4097190.787,"Silva","NEON_D17_TEAK_DP1_322000_4097000_classified_point_cloud_colorized.laz","2018_TEAK_3_322000_4097000_image.tif","Tree",1,322000,322999.999,4097000,4097999.999
"6307",6511,322737.737,322742.969,4097180.627,4097187.236,"Silva","NEON_D17_TEAK_DP1_322000_4097000_classified_point_cloud_colorized.laz","2018_TEAK_3_322000_4097000_image.tif","Tree",1,322000,322999.999,4097000,4097999.999
"6308",6512,322780.724,322784.354,4097182.706,4097185.643,"Silva","NEON_D17_TEAK_DP1_322000_4097000_classified_point_cloud_colorized.laz","2018_TEAK_3_322000_4097000_image.tif","Tree",1,322000,322999.999,4097000,4097999.999
"6309",6513,322824.609,322829.955,4097177.034,4097182.424,"Silva","NEON_D17_TEAK_DP1_322000_4097000_classified_point_cloud_colorized.laz","2018_TEAK_3_322000_4097000_image.tif","Tree",1,322000,322999.999,4097000,4097999.999
"6310",6514,322688.145,322693.119,4097183.629,4097188.17,"Silva","NEON_D17_TEAK_DP1_322000_4097000_classified_point_cloud_colorized.laz","2018_TEAK_3_322000_4097000_image.tif","Tree",1,322000,322999.999,4097000,4097999.999
"6311",6515,322649.103,322661.828,4097182.045,4097191.641,"Silva","NEON_D17_TEAK_DP1_322000_4097000_classified_point_cloud_colorized.laz","2018_TEAK_3_322000_4097000_image.tif","Tree",1,322000,322999.999,4097000,4097999.999
"6312",6516,322442.605,322447.804,4097195.518,4097198.989,"Silva","NEON_D17_TEAK_DP1_322000_4097000_classified_point_cloud_colorized.laz","2018_TEAK_3_322000_4097000_image.tif","Tree",1,322000,322999.999,4097000,4097999.999
"6313",6517,322365.046,322376.429,4097194.527,4097206.84,"Silva","NEON_D17_TEAK_DP1_322000_4097000_classified_point_cloud_colorized.laz","2018_TEAK_3_322000_4097000_image.tif","Tree",1,322000,322999.999,4097000,4097999.999
"6314",6518,322671.668,322678.278,4097182.103,4097188.99,"Silva","NEON_D17_TEAK_DP1_322000_4097000_classified_point_cloud_colorized.laz","2018_TEAK_3_322000_4097000_image.tif","Tree",1,322000,322999.999,4097000,4097999.999
"6315",6519,322808.02,322817.486,4097175.001,4097182.917,"Silva","NEON_D17_TEAK_DP1_322000_4097000_classified_point_cloud_colorized.laz","2018_TEAK_3_322000_4097000_image.tif","Tree",1,322000,322999.999,4097000,4097999.999
"6316",6520,322769.536,322770.459,4097179.141,4097179.374,"Silva","NEON_D17_TEAK_DP1_322000_4097000_classified_point_cloud_colorized.laz","2018_TEAK_3_322000_4097000_image.tif","Tree",1,322000,322999.999,4097000,4097999.999
"6317",6521,322484.028,322487.875,4097191.622,4097195.497,"Silva","NEON_D17_TEAK_DP1_322000_4097000_classified_point_cloud_colorized.laz","2018_TEAK_3_322000_4097000_image.tif","Tree",1,322000,322999.999,4097000,4097999.999
"6318",6522,322718,322724.999,4097177.737,4097184.361,"Silva","NEON_D17_TEAK_DP1_322000_4097000_classified_point_cloud_colorized.laz","2018_TEAK_3_322000_4097000_image.tif","Tree",1,322000,322999.999,4097000,4097999.999
"6319",6523,322895.553,322898.96,4097169.577,4097172.941,"Silva","NEON_D17_TEAK_DP1_322000_4097000_classified_point_cloud_colorized.laz","2018_TEAK_3_322000_4097000_image.tif","Tree",1,322000,322999.999,4097000,4097999.999
"6320",6524,322438.757,322439.898,4097194.564,4097195.856,"Silva","NEON_D17_TEAK_DP1_322000_4097000_classified_point_cloud_colorized.laz","2018_TEAK_3_322000_4097000_image.tif","Tree",1,322000,322999.999,4097000,4097999.999
"6321",6525,322415.195,322416.899,4097196.304,4097198.755,"Silva","NEON_D17_TEAK_DP1_322000_4097000_classified_point_cloud_colorized.laz","2018_TEAK_3_322000_4097000_image.tif","Tree",1,322000,322999.999,4097000,4097999.999
"6322",6526,322283.183,322287.146,4097205.035,4097207.39,"Silva","NEON_D17_TEAK_DP1_322000_4097000_classified_point_cloud_colorized.laz","2018_TEAK_3_322000_4097000_image.tif","Tree",1,322000,322999.999,4097000,4097999.999
"6323",6527,322352.518,322360.933,4097192.136,4097199.449,"Silva","NEON_D17_TEAK_DP1_322000_4097000_classified_point_cloud_colorized.laz","2018_TEAK_3_322000_4097000_image.tif","Tree",1,322000,322999.999,4097000,4097999.999
"6324",6528,322940.348,322947.884,4097164.014,4097172.496,"Silva","NEON_D17_TEAK_DP1_322000_4097000_classified_point_cloud_colorized.laz","2018_TEAK_3_322000_4097000_image.tif","Tree",1,322000,322999.999,4097000,4097999.999
"6325",6529,322918.529,322926.916,4097165.533,4097172.778,"Silva","NEON_D17_TEAK_DP1_322000_4097000_classified_point_cloud_colorized.laz","2018_TEAK_3_322000_4097000_image.tif","Tree",1,322000,322999.999,4097000,4097999.999
"6326",6530,322744.084,322746.436,4097177.274,4097180.483,"Silva","NEON_D17_TEAK_DP1_322000_4097000_classified_point_cloud_colorized.laz","2018_TEAK_3_322000_4097000_image.tif","Tree",1,322000,322999.999,4097000,4097999.999
"6327",6531,322442.659,322445.757,4097192.017,4097195.37,"Silva","NEON_D17_TEAK_DP1_322000_4097000_classified_point_cloud_colorized.laz","2018_TEAK_3_322000_4097000_image.tif","Tree",1,322000,322999.999,4097000,4097999.999
"6328",6532,322592.531,322600.326,4097182.024,4097188.961,"Silva","NEON_D17_TEAK_DP1_322000_4097000_classified_point_cloud_colorized.laz","2018_TEAK_3_322000_4097000_image.tif","Tree",1,322000,322999.999,4097000,4097999.999
"6329",6533,322807.029,322816.628,4097171.511,4097177.484,"Silva","NEON_D17_TEAK_DP1_322000_4097000_classified_point_cloud_colorized.laz","2018_TEAK_3_322000_4097000_image.tif","Tree",1,322000,322999.999,4097000,4097999.999
"6330",6534,322926.541,322934.43,4097164.085,4097171.791,"Silva","NEON_D17_TEAK_DP1_322000_4097000_classified_point_cloud_colorized.laz","2018_TEAK_3_322000_4097000_image.tif","Tree",1,322000,322999.999,4097000,4097999.999
"6331",6535,322890.73,322897.397,4097166.184,4097171.972,"Silva","NEON_D17_TEAK_DP1_322000_4097000_classified_point_cloud_colorized.laz","2018_TEAK_3_322000_4097000_image.tif","Tree",1,322000,322999.999,4097000,4097999.999
"6332",6536,322705.553,322713.244,4097176.903,4097183.903,"Silva","NEON_D17_TEAK_DP1_322000_4097000_classified_point_cloud_colorized.laz","2018_TEAK_3_322000_4097000_image.tif","Tree",1,322000,322999.999,4097000,4097999.999
"6333",6537,322321.027,322324.152,4097197.09,4097199.93,"Silva","NEON_D17_TEAK_DP1_322000_4097000_classified_point_cloud_colorized.laz","2018_TEAK_3_322000_4097000_image.tif","Tree",1,322000,322999.999,4097000,4097999.999
"6334",6538,322712.654,322719.494,4097173.674,4097181.841,"Silva","NEON_D17_TEAK_DP1_322000_4097000_classified_point_cloud_colorized.laz","2018_TEAK_3_322000_4097000_image.tif","Tree",1,322000,322999.999,4097000,4097999.999
"6335",6539,322944.018,322951.88,4097161.527,4097168.721,"Silva","NEON_D17_TEAK_DP1_322000_4097000_classified_point_cloud_colorized.laz","2018_TEAK_3_322000_4097000_image.tif","Tree",1,322000,322999.999,4097000,4097999.999
"6336",6540,322391.406,322397.44,4097190.542,4097196.991,"Silva","NEON_D17_TEAK_DP1_322000_4097000_classified_point_cloud_colorized.laz","2018_TEAK_3_322000_4097000_image.tif","Tree",1,322000,322999.999,4097000,4097999.999
"6337",6541,322290.063,322297.465,4097194.574,4097203.476,"Silva","NEON_D17_TEAK_DP1_322000_4097000_classified_point_cloud_colorized.laz","2018_TEAK_3_322000_4097000_image.tif","Tree",1,322000,322999.999,4097000,4097999.999
"6338",6542,322668.513,322677.206,4097175.021,4097183.376,"Silva","NEON_D17_TEAK_DP1_322000_4097000_classified_point_cloud_colorized.laz","2018_TEAK_3_322000_4097000_image.tif","Tree",1,322000,322999.999,4097000,4097999.999
"6339",6543,322749.539,322755.977,4097172.044,4097178.373,"Silva","NEON_D17_TEAK_DP1_322000_4097000_classified_point_cloud_colorized.laz","2018_TEAK_3_322000_4097000_image.tif","Tree",1,322000,322999.999,4097000,4097999.999
"6340",6544,322836.157,322841.99,4097168.523,4097172.792,"Silva","NEON_D17_TEAK_DP1_322000_4097000_classified_point_cloud_colorized.laz","2018_TEAK_3_322000_4097000_image.tif","Tree",1,322000,322999.999,4097000,4097999.999
"6341",6545,322453.641,322461.196,4097184.556,4097193.727,"Silva","NEON_D17_TEAK_DP1_322000_4097000_classified_point_cloud_colorized.laz","2018_TEAK_3_322000_4097000_image.tif","Tree",1,322000,322999.999,4097000,4097999.999
"6342",6546,322332.046,322337.478,4097193.191,4097198.955,"Silva","NEON_D17_TEAK_DP1_322000_4097000_classified_point_cloud_colorized.laz","2018_TEAK_3_322000_4097000_image.tif","Tree",1,322000,322999.999,4097000,4097999.999
"6343",6547,322704.671,322706.324,4097181.244,4097182.384,"Silva","NEON_D17_TEAK_DP1_322000_4097000_classified_point_cloud_colorized.laz","2018_TEAK_3_322000_4097000_image.tif","Tree",1,322000,322999.999,4097000,4097999.999
"6344",6548,322912.649,322920.263,4097160.05,4097169.979,"Silva","NEON_D17_TEAK_DP1_322000_4097000_classified_point_cloud_colorized.laz","2018_TEAK_3_322000_4097000_image.tif","Tree",1,322000,322999.999,4097000,4097999.999
"6345",6550,322928.5,322935.675,4097157.558,4097166.426,"Silva","NEON_D17_TEAK_DP1_322000_4097000_classified_point_cloud_colorized.laz","2018_TEAK_3_322000_4097000_image.tif","Tree",1,322000,322999.999,4097000,4097999.999
"6346",6551,322840.533,322843.8,4097165.562,4097169.706,"Silva","NEON_D17_TEAK_DP1_322000_4097000_classified_point_cloud_colorized.laz","2018_TEAK_3_322000_4097000_image.tif","Tree",1,322000,322999.999,4097000,4097999.999
"6347",6552,322804.004,322810.168,4097164.111,4097177.457,"Silva","NEON_D17_TEAK_DP1_322000_4097000_classified_point_cloud_colorized.laz","2018_TEAK_3_322000_4097000_image.tif","Tree",1,322000,322999.999,4097000,4097999.999
"6348",6553,322677.848,322684.667,4097172.04,4097181.219,"Silva","NEON_D17_TEAK_DP1_322000_4097000_classified_point_cloud_colorized.laz","2018_TEAK_3_322000_4097000_image.tif","Tree",1,322000,322999.999,4097000,4097999.999
"6349",6554,322435.041,322436.45,4097189.032,4097190.854,"Silva","NEON_D17_TEAK_DP1_322000_4097000_classified_point_cloud_colorized.laz","2018_TEAK_3_322000_4097000_image.tif","Tree",1,322000,322999.999,4097000,4097999.999
"6350",6555,322348.097,322361.266,4097185.095,4097198.936,"Silva","NEON_D17_TEAK_DP1_322000_4097000_classified_point_cloud_colorized.laz","2018_TEAK_3_322000_4097000_image.tif","Tree",1,322000,322999.999,4097000,4097999.999
"6351",6556,322323.034,322326.896,4097193.094,4097197.292,"Silva","NEON_D17_TEAK_DP1_322000_4097000_classified_point_cloud_colorized.laz","2018_TEAK_3_322000_4097000_image.tif","Tree",1,322000,322999.999,4097000,4097999.999
"6352",6557,322818.079,322819.794,4097168.322,4097169.988,"Silva","NEON_D17_TEAK_DP1_322000_4097000_classified_point_cloud_colorized.laz","2018_TEAK_3_322000_4097000_image.tif","Tree",1,322000,322999.999,4097000,4097999.999
"6353",6558,322835.608,322841.392,4097165.055,4097169.255,"Silva","NEON_D17_TEAK_DP1_322000_4097000_classified_point_cloud_colorized.laz","2018_TEAK_3_322000_4097000_image.tif","Tree",1,322000,322999.999,4097000,4097999.999
"6354",6559,322800.514,322806.46,4097162.825,4097176.819,"Silva","NEON_D17_TEAK_DP1_322000_4097000_classified_point_cloud_colorized.laz","2018_TEAK_3_322000_4097000_image.tif","Tree",1,322000,322999.999,4097000,4097999.999
"6355",6560,322764.186,322768.9,4097165.614,4097174.308,"Silva","NEON_D17_TEAK_DP1_322000_4097000_classified_point_cloud_colorized.laz","2018_TEAK_3_322000_4097000_image.tif","Tree",1,322000,322999.999,4097000,4097999.999
"6356",6561,322737.537,322741.993,4097170.083,4097175.415,"Silva","NEON_D17_TEAK_DP1_322000_4097000_classified_point_cloud_colorized.laz","2018_TEAK_3_322000_4097000_image.tif","Tree",1,322000,322999.999,4097000,4097999.999
"6357",6562,322717.531,322724.885,4097168.198,4097174.861,"Silva","NEON_D17_TEAK_DP1_322000_4097000_classified_point_cloud_colorized.laz","2018_TEAK_3_322000_4097000_image.tif","Tree",1,322000,322999.999,4097000,4097999.999
"6358",6563,322794.044,322800.495,4097164.679,4097175.371,"Silva","NEON_D17_TEAK_DP1_322000_4097000_classified_point_cloud_colorized.laz","2018_TEAK_3_322000_4097000_image.tif","Tree",1,322000,322999.999,4097000,4097999.999
"6359",6565,322851.077,322854.977,4097163.508,4097167.411,"Silva","NEON_D17_TEAK_DP1_322000_4097000_classified_point_cloud_colorized.laz","2018_TEAK_3_322000_4097000_image.tif","Tree",1,322000,322999.999,4097000,4097999.999
"6360",6566,322902.124,322903.987,4097161.531,4097163.973,"Silva","NEON_D17_TEAK_DP1_322000_4097000_classified_point_cloud_colorized.laz","2018_TEAK_3_322000_4097000_image.tif","Tree",1,322000,322999.999,4097000,4097999.999
"6361",6567,322940.568,322947.887,4097156.151,4097163.948,"Silva","NEON_D17_TEAK_DP1_322000_4097000_classified_point_cloud_colorized.laz","2018_TEAK_3_322000_4097000_image.tif","Tree",1,322000,322999.999,4097000,4097999.999
"6362",6568,322617.037,322624.469,4097175.66,4097181.934,"Silva","NEON_D17_TEAK_DP1_322000_4097000_classified_point_cloud_colorized.laz","2018_TEAK_3_322000_4097000_image.tif","Tree",1,322000,322999.999,4097000,4097999.999
"6363",6569,322588.589,322594.989,4097176.008,4097183.464,"Silva","NEON_D17_TEAK_DP1_322000_4097000_classified_point_cloud_colorized.laz","2018_TEAK_3_322000_4097000_image.tif","Tree",1,322000,322999.999,4097000,4097999.999
"6364",6570,322778.026,322780.406,4097165.51,4097168.106,"Silva","NEON_D17_TEAK_DP1_322000_4097000_classified_point_cloud_colorized.laz","2018_TEAK_3_322000_4097000_image.tif","Tree",1,322000,322999.999,4097000,4097999.999
"6365",6571,322784.615,322791.46,4097163.515,4097171.314,"Silva","NEON_D17_TEAK_DP1_322000_4097000_classified_point_cloud_colorized.laz","2018_TEAK_3_322000_4097000_image.tif","Tree",1,322000,322999.999,4097000,4097999.999
"6366",6572,322688.731,322694.4,4097169.799,4097175.997,"Silva","NEON_D17_TEAK_DP1_322000_4097000_classified_point_cloud_colorized.laz","2018_TEAK_3_322000_4097000_image.tif","Tree",1,322000,322999.999,4097000,4097999.999
"6367",6573,322834.587,322840.447,4097159.006,4097165.441,"Silva","NEON_D17_TEAK_DP1_322000_4097000_classified_point_cloud_colorized.laz","2018_TEAK_3_322000_4097000_image.tif","Tree",1,322000,322999.999,4097000,4097999.999
"6368",6574,322919.006,322926.815,4097155.531,4097161.941,"Silva","NEON_D17_TEAK_DP1_322000_4097000_classified_point_cloud_colorized.laz","2018_TEAK_3_322000_4097000_image.tif","Tree",1,322000,322999.999,4097000,4097999.999
"6369",6575,322840.133,322843.956,4097158.517,4097165.318,"Silva","NEON_D17_TEAK_DP1_322000_4097000_classified_point_cloud_colorized.laz","2018_TEAK_3_322000_4097000_image.tif","Tree",1,322000,322999.999,4097000,4097999.999
"6370",6576,322603.804,322612.436,4097173.082,4097180.847,"Silva","NEON_D17_TEAK_DP1_322000_4097000_classified_point_cloud_colorized.laz","2018_TEAK_3_322000_4097000_image.tif","Tree",1,322000,322999.999,4097000,4097999.999
"6371",6577,322856.043,322859.846,4097159.531,4097163.968,"Silva","NEON_D17_TEAK_DP1_322000_4097000_classified_point_cloud_colorized.laz","2018_TEAK_3_322000_4097000_image.tif","Tree",1,322000,322999.999,4097000,4097999.999
"6372",6579,322714.127,322720.899,4097165.51,4097172.481,"Silva","NEON_D17_TEAK_DP1_322000_4097000_classified_point_cloud_colorized.laz","2018_TEAK_3_322000_4097000_image.tif","Tree",1,322000,322999.999,4097000,4097999.999
"6373",6580,322433.646,322434.28,4097184.511,4097185.64,"Silva","NEON_D17_TEAK_DP1_322000_4097000_classified_point_cloud_colorized.laz","2018_TEAK_3_322000_4097000_image.tif","Tree",1,322000,322999.999,4097000,4097999.999
"6374",6581,322594.878,322602.94,4097171.34,4097179.871,"Silva","NEON_D17_TEAK_DP1_322000_4097000_classified_point_cloud_colorized.laz","2018_TEAK_3_322000_4097000_image.tif","Tree",1,322000,322999.999,4097000,4097999.999
"6375",6582,322937.046,322944.981,4097151.562,4097159.461,"Silva","NEON_D17_TEAK_DP1_322000_4097000_classified_point_cloud_colorized.laz","2018_TEAK_3_322000_4097000_image.tif","Tree",1,322000,322999.999,4097000,4097999.999
"6376",6583,322454.757,322457.49,4097184.076,4097185.985,"Silva","NEON_D17_TEAK_DP1_322000_4097000_classified_point_cloud_colorized.laz","2018_TEAK_3_322000_4097000_image.tif","Tree",1,322000,322999.999,4097000,4097999.999
"6377",6584,322425.816,322430.927,4097182.158,4097186.935,"Silva","NEON_D17_TEAK_DP1_322000_4097000_classified_point_cloud_colorized.laz","2018_TEAK_3_322000_4097000_image.tif","Tree",1,322000,322999.999,4097000,4097999.999
"6378",6585,322311.042,322314.486,4097187.011,4097192.973,"Silva","NEON_D17_TEAK_DP1_322000_4097000_classified_point_cloud_colorized.laz","2018_TEAK_3_322000_4097000_image.tif","Tree",1,322000,322999.999,4097000,4097999.999
"6379",6586,322664.608,322669.005,4097167.613,4097173.279,"Silva","NEON_D17_TEAK_DP1_322000_4097000_classified_point_cloud_colorized.laz","2018_TEAK_3_322000_4097000_image.tif","Tree",1,322000,322999.999,4097000,4097999.999
"6380",6587,322765.51,322773.836,4097159.501,4097167.698,"Silva","NEON_D17_TEAK_DP1_322000_4097000_classified_point_cloud_colorized.laz","2018_TEAK_3_322000_4097000_image.tif","Tree",1,322000,322999.999,4097000,4097999.999
"6381",6588,322752.057,322760.177,4097159.837,4097168.447,"Silva","NEON_D17_TEAK_DP1_322000_4097000_classified_point_cloud_colorized.laz","2018_TEAK_3_322000_4097000_image.tif","Tree",1,322000,322999.999,4097000,4097999.999
"6382",6589,322694.57,322699.511,4097166.2,4097170.974,"Silva","NEON_D17_TEAK_DP1_322000_4097000_classified_point_cloud_colorized.laz","2018_TEAK_3_322000_4097000_image.tif","Tree",1,322000,322999.999,4097000,4097999.999
"6383",6590,322567.54,322576.926,4097171.289,4097179.978,"Silva","NEON_D17_TEAK_DP1_322000_4097000_classified_point_cloud_colorized.laz","2018_TEAK_3_322000_4097000_image.tif","Tree",1,322000,322999.999,4097000,4097999.999
"6384",6591,322401.513,322410.477,4097179.58,4097189.988,"Silva","NEON_D17_TEAK_DP1_322000_4097000_classified_point_cloud_colorized.laz","2018_TEAK_3_322000_4097000_image.tif","Tree",1,322000,322999.999,4097000,4097999.999
"6385",6592,322657.581,322664.939,4097168.022,4097172.984,"Silva","NEON_D17_TEAK_DP1_322000_4097000_classified_point_cloud_colorized.laz","2018_TEAK_3_322000_4097000_image.tif","Tree",1,322000,322999.999,4097000,4097999.999
"6386",6593,322796.502,322803.492,4097158.59,4097164.91,"Silva","NEON_D17_TEAK_DP1_322000_4097000_classified_point_cloud_colorized.laz","2018_TEAK_3_322000_4097000_image.tif","Tree",1,322000,322999.999,4097000,4097999.999
"6387",6594,322920.558,322926.428,4097151.017,4097156.9,"Silva","NEON_D17_TEAK_DP1_322000_4097000_classified_point_cloud_colorized.laz","2018_TEAK_3_322000_4097000_image.tif","Tree",1,322000,322999.999,4097000,4097999.999
"6388",6595,322944.52,322952.456,4097148.516,4097156.296,"Silva","NEON_D17_TEAK_DP1_322000_4097000_classified_point_cloud_colorized.laz","2018_TEAK_3_322000_4097000_image.tif","Tree",1,322000,322999.999,4097000,4097999.999
"6389",6596,322332.696,322337.774,4097181.605,4097187.601,"Silva","NEON_D17_TEAK_DP1_322000_4097000_classified_point_cloud_colorized.laz","2018_TEAK_3_322000_4097000_image.tif","Tree",1,322000,322999.999,4097000,4097999.999
"6390",6597,322630.045,322637.476,4097166.881,4097173.888,"Silva","NEON_D17_TEAK_DP1_322000_4097000_classified_point_cloud_colorized.laz","2018_TEAK_3_322000_4097000_image.tif","Tree",1,322000,322999.999,4097000,4097999.999
"6391",6598,322730.642,322735.222,4097162.005,4097167.237,"Silva","NEON_D17_TEAK_DP1_322000_4097000_classified_point_cloud_colorized.laz","2018_TEAK_3_322000_4097000_image.tif","Tree",1,322000,322999.999,4097000,4097999.999
"6392",6599,322863.229,322871.476,4097152.062,4097159.99,"Silva","NEON_D17_TEAK_DP1_322000_4097000_classified_point_cloud_colorized.laz","2018_TEAK_3_322000_4097000_image.tif","Tree",1,322000,322999.999,4097000,4097999.999
"6393",6600,322930.054,322936.87,4097149.078,4097156.488,"Silva","NEON_D17_TEAK_DP1_322000_4097000_classified_point_cloud_colorized.laz","2018_TEAK_3_322000_4097000_image.tif","Tree",1,322000,322999.999,4097000,4097999.999
"6394",6602,322881.011,322887.887,4097152.268,4097160.384,"Silva","NEON_D17_TEAK_DP1_322000_4097000_classified_point_cloud_colorized.laz","2018_TEAK_3_322000_4097000_image.tif","Tree",1,322000,322999.999,4097000,4097999.999
"6395",6603,322437.364,322437.364,4097181.452,4097181.452,"Silva","NEON_D17_TEAK_DP1_322000_4097000_classified_point_cloud_colorized.laz","2018_TEAK_3_322000_4097000_image.tif","Tree",1,322000,322999.999,4097000,4097999.999
"6396",6604,322716.013,322721.188,4097160.537,4097166.479,"Silva","NEON_D17_TEAK_DP1_322000_4097000_classified_point_cloud_colorized.laz","2018_TEAK_3_322000_4097000_image.tif","Tree",1,322000,322999.999,4097000,4097999.999
"6397",6605,322744.656,322748.282,4097160.513,4097164.387,"Silva","NEON_D17_TEAK_DP1_322000_4097000_classified_point_cloud_colorized.laz","2018_TEAK_3_322000_4097000_image.tif","Tree",1,322000,322999.999,4097000,4097999.999
"6398",6606,322780.502,322788.847,4097156.062,4097164.165,"Silva","NEON_D17_TEAK_DP1_322000_4097000_classified_point_cloud_colorized.laz","2018_TEAK_3_322000_4097000_image.tif","Tree",1,322000,322999.999,4097000,4097999.999
"6399",6607,322903.521,322908.257,4097149.224,4097155.353,"Silva","NEON_D17_TEAK_DP1_322000_4097000_classified_point_cloud_colorized.laz","2018_TEAK_3_322000_4097000_image.tif","Tree",1,322000,322999.999,4097000,4097999.999
"6400",6608,322599.78,322606.322,4097167.757,4097174.853,"Silva","NEON_D17_TEAK_DP1_322000_4097000_classified_point_cloud_colorized.laz","2018_TEAK_3_322000_4097000_image.tif","Tree",1,322000,322999.999,4097000,4097999.999
"6401",6609,322581.05,322583.986,4097171.124,4097174.451,"Silva","NEON_D17_TEAK_DP1_322000_4097000_classified_point_cloud_colorized.laz","2018_TEAK_3_322000_4097000_image.tif","Tree",1,322000,322999.999,4097000,4097999.999
"6402",6610,322554.624,322563.521,4097168.003,4097178.986,"Silva","NEON_D17_TEAK_DP1_322000_4097000_classified_point_cloud_colorized.laz","2018_TEAK_3_322000_4097000_image.tif","Tree",1,322000,322999.999,4097000,4097999.999
"6403",6611,322336.053,322348.505,4097177.051,4097188.994,"Silva","NEON_D17_TEAK_DP1_322000_4097000_classified_point_cloud_colorized.laz","2018_TEAK_3_322000_4097000_image.tif","Tree",1,322000,322999.999,4097000,4097999.999
"6404",6612,322606.028,322613.937,4097165.368,4097173.433,"Silva","NEON_D17_TEAK_DP1_322000_4097000_classified_point_cloud_colorized.laz","2018_TEAK_3_322000_4097000_image.tif","Tree",1,322000,322999.999,4097000,4097999.999
"6405",6613,322925.573,322931.999,4097146.078,4097152.969,"Silva","NEON_D17_TEAK_DP1_322000_4097000_classified_point_cloud_colorized.laz","2018_TEAK_3_322000_4097000_image.tif","Tree",1,322000,322999.999,4097000,4097999.999
"6406",6614,322802.505,322808.467,4097152.502,4097158.96,"Silva","NEON_D17_TEAK_DP1_322000_4097000_classified_point_cloud_colorized.laz","2018_TEAK_3_322000_4097000_image.tif","Tree",1,322000,322999.999,4097000,4097999.999
"6407",6615,322719.549,322726.953,4097158.813,4097166.31,"Silva","NEON_D17_TEAK_DP1_322000_4097000_classified_point_cloud_colorized.laz","2018_TEAK_3_322000_4097000_image.tif","Tree",1,322000,322999.999,4097000,4097999.999
"6408",6616,322377.178,322384.992,4097178.07,4097185.465,"Silva","NEON_D17_TEAK_DP1_322000_4097000_classified_point_cloud_colorized.laz","2018_TEAK_3_322000_4097000_image.tif","Tree",1,322000,322999.999,4097000,4097999.999
"6409",6617,322589.309,322595.946,4097166.638,4097174.884,"Silva","NEON_D17_TEAK_DP1_322000_4097000_classified_point_cloud_colorized.laz","2018_TEAK_3_322000_4097000_image.tif","Tree",1,322000,322999.999,4097000,4097999.999
"6410",6619,322940.534,322947.973,4097144.74,4097151.996,"Silva","NEON_D17_TEAK_DP1_322000_4097000_classified_point_cloud_colorized.laz","2018_TEAK_3_322000_4097000_image.tif","Tree",1,322000,322999.999,4097000,4097999.999
"6411",6620,322759.072,322766.822,4097155.007,4097161.999,"Silva","NEON_D17_TEAK_DP1_322000_4097000_classified_point_cloud_colorized.laz","2018_TEAK_3_322000_4097000_image.tif","Tree",1,322000,322999.999,4097000,4097999.999
"6412",6621,322312.143,322317.797,4097181.506,4097186.473,"Silva","NEON_D17_TEAK_DP1_322000_4097000_classified_point_cloud_colorized.laz","2018_TEAK_3_322000_4097000_image.tif","Tree",1,322000,322999.999,4097000,4097999.999
"6413",6622,322426,322428.379,4097177.433,4097179.93,"Silva","NEON_D17_TEAK_DP1_322000_4097000_classified_point_cloud_colorized.laz","2018_TEAK_3_322000_4097000_image.tif","Tree",1,322000,322999.999,4097000,4097999.999
"6414",6624,322572.056,322580.488,4097163.093,4097171.782,"Silva","NEON_D17_TEAK_DP1_322000_4097000_classified_point_cloud_colorized.laz","2018_TEAK_3_322000_4097000_image.tif","Tree",1,322000,322999.999,4097000,4097999.999
"6415",6625,322790.541,322790.989,4097159.708,4097159.865,"Silva","NEON_D17_TEAK_DP1_322000_4097000_classified_point_cloud_colorized.laz","2018_TEAK_3_322000_4097000_image.tif","Tree",1,322000,322999.999,4097000,4097999.999
"6416",6626,322912.549,322914.992,4097147.025,4097149.89,"Silva","NEON_D17_TEAK_DP1_322000_4097000_classified_point_cloud_colorized.laz","2018_TEAK_3_322000_4097000_image.tif","Tree",1,322000,322999.999,4097000,4097999.999
"6417",6628,322836.073,322844.477,4097148.024,4097157.496,"Silva","NEON_D17_TEAK_DP1_322000_4097000_classified_point_cloud_colorized.laz","2018_TEAK_3_322000_4097000_image.tif","Tree",1,322000,322999.999,4097000,4097999.999
"6418",6629,322824.653,322829.471,4097150.558,4097155.88,"Silva","NEON_D17_TEAK_DP1_322000_4097000_classified_point_cloud_colorized.laz","2018_TEAK_3_322000_4097000_image.tif","Tree",1,322000,322999.999,4097000,4097999.999
"6419",6630,322404.369,322408.458,4097175.703,4097180.092,"Silva","NEON_D17_TEAK_DP1_322000_4097000_classified_point_cloud_colorized.laz","2018_TEAK_3_322000_4097000_image.tif","Tree",1,322000,322999.999,4097000,4097999.999
"6420",6632,322417.573,322419.971,4097175.612,4097177.963,"Silva","NEON_D17_TEAK_DP1_322000_4097000_classified_point_cloud_colorized.laz","2018_TEAK_3_322000_4097000_image.tif","Tree",1,322000,322999.999,4097000,4097999.999
"6421",6633,322799.517,322802.573,4097149.654,4097153.982,"Silva","NEON_D17_TEAK_DP1_322000_4097000_classified_point_cloud_colorized.laz","2018_TEAK_3_322000_4097000_image.tif","Tree",1,322000,322999.999,4097000,4097999.999
"6422",6634,322863.966,322872.832,4097144.969,4097151.975,"Silva","NEON_D17_TEAK_DP1_322000_4097000_classified_point_cloud_colorized.laz","2018_TEAK_3_322000_4097000_image.tif","Tree",1,322000,322999.999,4097000,4097999.999
"6423",6635,322844.173,322850.319,4097147.603,4097153,"Silva","NEON_D17_TEAK_DP1_322000_4097000_classified_point_cloud_colorized.laz","2018_TEAK_3_322000_4097000_image.tif","Tree",1,322000,322999.999,4097000,4097999.999
"6424",6636,322766.581,322774.441,4097151.662,4097159.485,"Silva","NEON_D17_TEAK_DP1_322000_4097000_classified_point_cloud_colorized.laz","2018_TEAK_3_322000_4097000_image.tif","Tree",1,322000,322999.999,4097000,4097999.999
"6425",6637,322562.722,322571.861,4097164.063,4097171.434,"Silva","NEON_D17_TEAK_DP1_322000_4097000_classified_point_cloud_colorized.laz","2018_TEAK_3_322000_4097000_image.tif","Tree",1,322000,322999.999,4097000,4097999.999
"6426",6638,322602.121,322608.933,4097163.231,4097167.956,"Silva","NEON_D17_TEAK_DP1_322000_4097000_classified_point_cloud_colorized.laz","2018_TEAK_3_322000_4097000_image.tif","Tree",1,322000,322999.999,4097000,4097999.999
"6427",6639,322913.176,322915.494,4097141.633,4097145.876,"Silva","NEON_D17_TEAK_DP1_322000_4097000_classified_point_cloud_colorized.laz","2018_TEAK_3_322000_4097000_image.tif","Tree",1,322000,322999.999,4097000,4097999.999
"6428",6640,322751.022,322758.057,4097154.362,4097158.908,"Silva","NEON_D17_TEAK_DP1_322000_4097000_classified_point_cloud_colorized.laz","2018_TEAK_3_322000_4097000_image.tif","Tree",1,322000,322999.999,4097000,4097999.999
"6429",6641,322475.686,322476.895,4097171.67,4097172.411,"Silva","NEON_D17_TEAK_DP1_322000_4097000_classified_point_cloud_colorized.laz","2018_TEAK_3_322000_4097000_image.tif","Tree",1,322000,322999.999,4097000,4097999.999
"6430",6642,322324.631,322324.876,4097180.277,4097180.345,"Silva","NEON_D17_TEAK_DP1_322000_4097000_classified_point_cloud_colorized.laz","2018_TEAK_3_322000_4097000_image.tif","Tree",1,322000,322999.999,4097000,4097999.999
"6431",6643,322673.171,322677.642,4097157.01,4097161.609,"Silva","NEON_D17_TEAK_DP1_322000_4097000_classified_point_cloud_colorized.laz","2018_TEAK_3_322000_4097000_image.tif","Tree",1,322000,322999.999,4097000,4097999.999
"6432",6644,322773.516,322784.228,4097146.189,4097156.468,"Silva","NEON_D17_TEAK_DP1_322000_4097000_classified_point_cloud_colorized.laz","2018_TEAK_3_322000_4097000_image.tif","Tree",1,322000,322999.999,4097000,4097999.999
"6433",6645,322723.512,322729.366,4097152.622,4097159.456,"Silva","NEON_D17_TEAK_DP1_322000_4097000_classified_point_cloud_colorized.laz","2018_TEAK_3_322000_4097000_image.tif","Tree",1,322000,322999.999,4097000,4097999.999
"6434",6647,322311.512,322317.264,4097178.01,4097181.992,"Silva","NEON_D17_TEAK_DP1_322000_4097000_classified_point_cloud_colorized.laz","2018_TEAK_3_322000_4097000_image.tif","Tree",1,322000,322999.999,4097000,4097999.999
"6435",6648,322873.87,322884.981,4097138.002,4097149.351,"Silva","NEON_D17_TEAK_DP1_322000_4097000_classified_point_cloud_colorized.laz","2018_TEAK_3_322000_4097000_image.tif","Tree",1,322000,322999.999,4097000,4097999.999
"6436",6649,322644.211,322647.399,4097158.015,4097161.377,"Silva","NEON_D17_TEAK_DP1_322000_4097000_classified_point_cloud_colorized.laz","2018_TEAK_3_322000_4097000_image.tif","Tree",1,322000,322999.999,4097000,4097999.999
"6437",6650,322588.789,322595.995,4097158.541,4097165.627,"Silva","NEON_D17_TEAK_DP1_322000_4097000_classified_point_cloud_colorized.laz","2018_TEAK_3_322000_4097000_image.tif","Tree",1,322000,322999.999,4097000,4097999.999
"6438",6651,322569.562,322579.377,4097158.699,4097167.01,"Silva","NEON_D17_TEAK_DP1_322000_4097000_classified_point_cloud_colorized.laz","2018_TEAK_3_322000_4097000_image.tif","Tree",1,322000,322999.999,4097000,4097999.999
"6439",6652,322335.039,322343.863,4097173.078,4097181.864,"Silva","NEON_D17_TEAK_DP1_322000_4097000_classified_point_cloud_colorized.laz","2018_TEAK_3_322000_4097000_image.tif","Tree",1,322000,322999.999,4097000,4097999.999
"6440",6653,322858.553,322865.137,4097140.088,4097147.893,"Silva","NEON_D17_TEAK_DP1_322000_4097000_classified_point_cloud_colorized.laz","2018_TEAK_3_322000_4097000_image.tif","Tree",1,322000,322999.999,4097000,4097999.999
"6441",6654,322352.553,322359.908,4097171.033,4097177.692,"Silva","NEON_D17_TEAK_DP1_322000_4097000_classified_point_cloud_colorized.laz","2018_TEAK_3_322000_4097000_image.tif","Tree",1,322000,322999.999,4097000,4097999.999
"6442",6655,322332.621,322334.992,4097173.067,4097180.934,"Silva","NEON_D17_TEAK_DP1_322000_4097000_classified_point_cloud_colorized.laz","2018_TEAK_3_322000_4097000_image.tif","Tree",1,322000,322999.999,4097000,4097999.999
"6443",6656,322672.535,322678.387,4097152.042,4097157.308,"Silva","NEON_D17_TEAK_DP1_322000_4097000_classified_point_cloud_colorized.laz","2018_TEAK_3_322000_4097000_image.tif","Tree",1,322000,322999.999,4097000,4097999.999
"6444",6658,322904.825,322911.451,4097135.003,4097144.305,"Silva","NEON_D17_TEAK_DP1_322000_4097000_classified_point_cloud_colorized.laz","2018_TEAK_3_322000_4097000_image.tif","Tree",1,322000,322999.999,4097000,4097999.999
"6445",6659,322736.631,322744.247,4097141.671,4097151.206,"Silva","NEON_D17_TEAK_DP1_322000_4097000_classified_point_cloud_colorized.laz","2018_TEAK_3_322000_4097000_image.tif","Tree",1,322000,322999.999,4097000,4097999.999
"6446",6660,322364.535,322367.925,4097168.561,4097169.967,"Silva","NEON_D17_TEAK_DP1_322000_4097000_classified_point_cloud_colorized.laz","2018_TEAK_3_322000_4097000_image.tif","Tree",1,322000,322999.999,4097000,4097999.999
"6447",6661,322383.568,322388.846,4097167.605,4097174.34,"Silva","NEON_D17_TEAK_DP1_322000_4097000_classified_point_cloud_colorized.laz","2018_TEAK_3_322000_4097000_image.tif","Tree",1,322000,322999.999,4097000,4097999.999
"6448",6662,322580,322590.946,4097153.282,4097163.832,"Silva","NEON_D17_TEAK_DP1_322000_4097000_classified_point_cloud_colorized.laz","2018_TEAK_3_322000_4097000_image.tif","Tree",1,322000,322999.999,4097000,4097999.999
"6449",6663,322463.576,322470.105,4097162.516,4097166.964,"Silva","NEON_D17_TEAK_DP1_322000_4097000_classified_point_cloud_colorized.laz","2018_TEAK_3_322000_4097000_image.tif","Tree",1,322000,322999.999,4097000,4097999.999
"6450",6666,322726.17,322730.796,4097146.015,4097149.379,"Silva","NEON_D17_TEAK_DP1_322000_4097000_classified_point_cloud_colorized.laz","2018_TEAK_3_322000_4097000_image.tif","Tree",1,322000,322999.999,4097000,4097999.999
"6451",6667,322779.028,322786.858,4097138.118,4097146.942,"Silva","NEON_D17_TEAK_DP1_322000_4097000_classified_point_cloud_colorized.laz","2018_TEAK_3_322000_4097000_image.tif","Tree",1,322000,322999.999,4097000,4097999.999
"6452",6668,322938.19,322945.331,4097130.261,4097136.807,"Silva","NEON_D17_TEAK_DP1_322000_4097000_classified_point_cloud_colorized.laz","2018_TEAK_3_322000_4097000_image.tif","Tree",1,322000,322999.999,4097000,4097999.999
"6453",6669,322790.36,322800.994,4097139.223,4097147.181,"Silva","NEON_D17_TEAK_DP1_322000_4097000_classified_point_cloud_colorized.laz","2018_TEAK_3_322000_4097000_image.tif","Tree",1,322000,322999.999,4097000,4097999.999
"6454",6670,322328.2,322336.955,4097167.548,4097173.366,"Silva","NEON_D17_TEAK_DP1_322000_4097000_classified_point_cloud_colorized.laz","2018_TEAK_3_322000_4097000_image.tif","Tree",1,322000,322999.999,4097000,4097999.999
"6455",6671,322723.045,322726.473,4097144.581,4097148.867,"Silva","NEON_D17_TEAK_DP1_322000_4097000_classified_point_cloud_colorized.laz","2018_TEAK_3_322000_4097000_image.tif","Tree",1,322000,322999.999,4097000,4097999.999
"6456",6672,322903.095,322908.436,4097130.545,4097136.993,"Silva","NEON_D17_TEAK_DP1_322000_4097000_classified_point_cloud_colorized.laz","2018_TEAK_3_322000_4097000_image.tif","Tree",1,322000,322999.999,4097000,4097999.999
"6457",6673,322829.538,322837.456,4097132.013,4097142.474,"Silva","NEON_D17_TEAK_DP1_322000_4097000_classified_point_cloud_colorized.laz","2018_TEAK_3_322000_4097000_image.tif","Tree",1,322000,322999.999,4097000,4097999.999
"6458",6674,322625.513,322627.643,4097151.363,4097153.185,"Silva","NEON_D17_TEAK_DP1_322000_4097000_classified_point_cloud_colorized.laz","2018_TEAK_3_322000_4097000_image.tif","Tree",1,322000,322999.999,4097000,4097999.999
"6459",6675,322693.529,322693.881,4097146.681,4097147.303,"Silva","NEON_D17_TEAK_DP1_322000_4097000_classified_point_cloud_colorized.laz","2018_TEAK_3_322000_4097000_image.tif","Tree",1,322000,322999.999,4097000,4097999.999
"6460",6677,322466.121,322471.466,4097156.517,4097161.768,"Silva","NEON_D17_TEAK_DP1_322000_4097000_classified_point_cloud_colorized.laz","2018_TEAK_3_322000_4097000_image.tif","Tree",1,322000,322999.999,4097000,4097999.999
"6461",6679,322685.153,322686.474,4097146.531,4097147.947,"Silva","NEON_D17_TEAK_DP1_322000_4097000_classified_point_cloud_colorized.laz","2018_TEAK_3_322000_4097000_image.tif","Tree",1,322000,322999.999,4097000,4097999.999
"6462",6680,322942.503,322946.937,4097126.001,4097132.783,"Silva","NEON_D17_TEAK_DP1_322000_4097000_classified_point_cloud_colorized.laz","2018_TEAK_3_322000_4097000_image.tif","Tree",1,322000,322999.999,4097000,4097999.999
"6463",6681,322927.593,322929.553,4097130.519,4097131.798,"Silva","NEON_D17_TEAK_DP1_322000_4097000_classified_point_cloud_colorized.laz","2018_TEAK_3_322000_4097000_image.tif","Tree",1,322000,322999.999,4097000,4097999.999
"6464",6682,322875.907,322884.452,4097127.575,4097137.997,"Silva","NEON_D17_TEAK_DP1_322000_4097000_classified_point_cloud_colorized.laz","2018_TEAK_3_322000_4097000_image.tif","Tree",1,322000,322999.999,4097000,4097999.999
"6465",6683,322770.098,322779.965,4097136.507,4097142.469,"Silva","NEON_D17_TEAK_DP1_322000_4097000_classified_point_cloud_colorized.laz","2018_TEAK_3_322000_4097000_image.tif","Tree",1,322000,322999.999,4097000,4097999.999
"6466",6684,322495.78,322500.995,4097157.273,4097159.996,"Silva","NEON_D17_TEAK_DP1_322000_4097000_classified_point_cloud_colorized.laz","2018_TEAK_3_322000_4097000_image.tif","Tree",1,322000,322999.999,4097000,4097999.999
"6467",6685,322366.549,322372.395,4097160.179,4097169.237,"Silva","NEON_D17_TEAK_DP1_322000_4097000_classified_point_cloud_colorized.laz","2018_TEAK_3_322000_4097000_image.tif","Tree",1,322000,322999.999,4097000,4097999.999
"6468",6686,322725.627,322726.496,4097142.229,4097143.838,"Silva","NEON_D17_TEAK_DP1_322000_4097000_classified_point_cloud_colorized.laz","2018_TEAK_3_322000_4097000_image.tif","Tree",1,322000,322999.999,4097000,4097999.999
"6469",6687,322935.638,322943.427,4097124.072,4097131.968,"Silva","NEON_D17_TEAK_DP1_322000_4097000_classified_point_cloud_colorized.laz","2018_TEAK_3_322000_4097000_image.tif","Tree",1,322000,322999.999,4097000,4097999.999
"6470",6688,322842.036,322849.348,4097130.027,4097138.445,"Silva","NEON_D17_TEAK_DP1_322000_4097000_classified_point_cloud_colorized.laz","2018_TEAK_3_322000_4097000_image.tif","Tree",1,322000,322999.999,4097000,4097999.999
"6471",6689,322575.651,322583.244,4097147.191,4097156.499,"Silva","NEON_D17_TEAK_DP1_322000_4097000_classified_point_cloud_colorized.laz","2018_TEAK_3_322000_4097000_image.tif","Tree",1,322000,322999.999,4097000,4097999.999
"6472",6690,322478.023,322482.874,4097153.63,4097160.483,"Silva","NEON_D17_TEAK_DP1_322000_4097000_classified_point_cloud_colorized.laz","2018_TEAK_3_322000_4097000_image.tif","Tree",1,322000,322999.999,4097000,4097999.999
"6473",6691,322665.227,322674.455,4097139.543,4097149.988,"Silva","NEON_D17_TEAK_DP1_322000_4097000_classified_point_cloud_colorized.laz","2018_TEAK_3_322000_4097000_image.tif","Tree",1,322000,322999.999,4097000,4097999.999
"6474",6692,322703.527,322709.698,4097140.127,4097144.94,"Silva","NEON_D17_TEAK_DP1_322000_4097000_classified_point_cloud_colorized.laz","2018_TEAK_3_322000_4097000_image.tif","Tree",1,322000,322999.999,4097000,4097999.999
"6475",6693,322789.092,322797.952,4097131.613,4097139.726,"Silva","NEON_D17_TEAK_DP1_322000_4097000_classified_point_cloud_colorized.laz","2018_TEAK_3_322000_4097000_image.tif","Tree",1,322000,322999.999,4097000,4097999.999
"6476",6694,322847.7,322854.487,4097128.741,4097136.431,"Silva","NEON_D17_TEAK_DP1_322000_4097000_classified_point_cloud_colorized.laz","2018_TEAK_3_322000_4097000_image.tif","Tree",1,322000,322999.999,4097000,4097999.999
"6477",6695,322756.379,322768.494,4097131.512,4097146.434,"Silva","NEON_D17_TEAK_DP1_322000_4097000_classified_point_cloud_colorized.laz","2018_TEAK_3_322000_4097000_image.tif","Tree",1,322000,322999.999,4097000,4097999.999
"6478",6696,322599.541,322607.492,4097144.025,4097152.252,"Silva","NEON_D17_TEAK_DP1_322000_4097000_classified_point_cloud_colorized.laz","2018_TEAK_3_322000_4097000_image.tif","Tree",1,322000,322999.999,4097000,4097999.999
"6479",6697,322511.262,322516.075,4097151.071,4097158.885,"Silva","NEON_D17_TEAK_DP1_322000_4097000_classified_point_cloud_colorized.laz","2018_TEAK_3_322000_4097000_image.tif","Tree",1,322000,322999.999,4097000,4097999.999
"6480",6698,322472.605,322477.905,4097154.069,4097158.37,"Silva","NEON_D17_TEAK_DP1_322000_4097000_classified_point_cloud_colorized.laz","2018_TEAK_3_322000_4097000_image.tif","Tree",1,322000,322999.999,4097000,4097999.999
"6481",6699,322326.028,322333.416,4097160.505,4097167.823,"Silva","NEON_D17_TEAK_DP1_322000_4097000_classified_point_cloud_colorized.laz","2018_TEAK_3_322000_4097000_image.tif","Tree",1,322000,322999.999,4097000,4097999.999
"6482",6700,322410.048,322420.232,4097153.291,4097160.975,"Silva","NEON_D17_TEAK_DP1_322000_4097000_classified_point_cloud_colorized.laz","2018_TEAK_3_322000_4097000_image.tif","Tree",1,322000,322999.999,4097000,4097999.999
"6483",6701,322580.128,322588.861,4097146.863,4097151.775,"Silva","NEON_D17_TEAK_DP1_322000_4097000_classified_point_cloud_colorized.laz","2018_TEAK_3_322000_4097000_image.tif","Tree",1,322000,322999.999,4097000,4097999.999
"6484",6702,322901.449,322910.378,4097122.002,4097130.986,"Silva","NEON_D17_TEAK_DP1_322000_4097000_classified_point_cloud_colorized.laz","2018_TEAK_3_322000_4097000_image.tif","Tree",1,322000,322999.999,4097000,4097999.999
"6485",6703,322610.728,322618.424,4097143.04,4097150.909,"Silva","NEON_D17_TEAK_DP1_322000_4097000_classified_point_cloud_colorized.laz","2018_TEAK_3_322000_4097000_image.tif","Tree",1,322000,322999.999,4097000,4097999.999
"6486",6704,322351.562,322354.355,4097160.017,4097164.956,"Silva","NEON_D17_TEAK_DP1_322000_4097000_classified_point_cloud_colorized.laz","2018_TEAK_3_322000_4097000_image.tif","Tree",1,322000,322999.999,4097000,4097999.999
"6487",6705,322494.577,322497.814,4097152.119,4097154.941,"Silva","NEON_D17_TEAK_DP1_322000_4097000_classified_point_cloud_colorized.laz","2018_TEAK_3_322000_4097000_image.tif","Tree",1,322000,322999.999,4097000,4097999.999
"6488",6706,322888.72,322895.962,4097122.512,4097131.414,"Silva","NEON_D17_TEAK_DP1_322000_4097000_classified_point_cloud_colorized.laz","2018_TEAK_3_322000_4097000_image.tif","Tree",1,322000,322999.999,4097000,4097999.999
"6489",6707,322714.66,322721.353,4097135.029,4097140.494,"Silva","NEON_D17_TEAK_DP1_322000_4097000_classified_point_cloud_colorized.laz","2018_TEAK_3_322000_4097000_image.tif","Tree",1,322000,322999.999,4097000,4097999.999
"6490",6708,322292.044,322292.912,4097165.035,4097166.812,"Silva","NEON_D17_TEAK_DP1_322000_4097000_classified_point_cloud_colorized.laz","2018_TEAK_3_322000_4097000_image.tif","Tree",1,322000,322999.999,4097000,4097999.999
"6491",6709,322769.28,322777.999,4097131.219,4097136.482,"Silva","NEON_D17_TEAK_DP1_322000_4097000_classified_point_cloud_colorized.laz","2018_TEAK_3_322000_4097000_image.tif","Tree",1,322000,322999.999,4097000,4097999.999
"6492",6710,322607.398,322614.356,4097140.66,4097148.973,"Silva","NEON_D17_TEAK_DP1_322000_4097000_classified_point_cloud_colorized.laz","2018_TEAK_3_322000_4097000_image.tif","Tree",1,322000,322999.999,4097000,4097999.999
"6493",6711,322704.053,322707.718,4097132.534,4097139.464,"Silva","NEON_D17_TEAK_DP1_322000_4097000_classified_point_cloud_colorized.laz","2018_TEAK_3_322000_4097000_image.tif","Tree",1,322000,322999.999,4097000,4097999.999
"6494",6712,322784.666,322792.844,4097125.585,4097135.341,"Silva","NEON_D17_TEAK_DP1_322000_4097000_classified_point_cloud_colorized.laz","2018_TEAK_3_322000_4097000_image.tif","Tree",1,322000,322999.999,4097000,4097999.999
"6495",6713,322799.523,322806.457,4097127.054,4097133.978,"Silva","NEON_D17_TEAK_DP1_322000_4097000_classified_point_cloud_colorized.laz","2018_TEAK_3_322000_4097000_image.tif","Tree",1,322000,322999.999,4097000,4097999.999
"6496",6714,322341.403,322349.813,4097154.521,4097163.46,"Silva","NEON_D17_TEAK_DP1_322000_4097000_classified_point_cloud_colorized.laz","2018_TEAK_3_322000_4097000_image.tif","Tree",1,322000,322999.999,4097000,4097999.999
"6497",6715,322425.422,322429.303,4097152.108,4097155.996,"Silva","NEON_D17_TEAK_DP1_322000_4097000_classified_point_cloud_colorized.laz","2018_TEAK_3_322000_4097000_image.tif","Tree",1,322000,322999.999,4097000,4097999.999
"6498",6717,322583.511,322588.21,4097139.689,4097145.156,"Silva","NEON_D17_TEAK_DP1_322000_4097000_classified_point_cloud_colorized.laz","2018_TEAK_3_322000_4097000_image.tif","Tree",1,322000,322999.999,4097000,4097999.999
"6499",6718,322627.061,322633.449,4097137.712,4097143.394,"Silva","NEON_D17_TEAK_DP1_322000_4097000_classified_point_cloud_colorized.laz","2018_TEAK_3_322000_4097000_image.tif","Tree",1,322000,322999.999,4097000,4097999.999
"6500",6719,322788.086,322794.982,4097124.135,4097131.402,"Silva","NEON_D17_TEAK_DP1_322000_4097000_classified_point_cloud_colorized.laz","2018_TEAK_3_322000_4097000_image.tif","Tree",1,322000,322999.999,4097000,4097999.999
"6501",6720,322391.622,322398.978,4097149.533,4097157.388,"Silva","NEON_D17_TEAK_DP1_322000_4097000_classified_point_cloud_colorized.laz","2018_TEAK_3_322000_4097000_image.tif","Tree",1,322000,322999.999,4097000,4097999.999
"6502",6721,322369.365,322375.379,4097150.504,4097155.455,"Silva","NEON_D17_TEAK_DP1_322000_4097000_classified_point_cloud_colorized.laz","2018_TEAK_3_322000_4097000_image.tif","Tree",1,322000,322999.999,4097000,4097999.999
"6503",6722,322765.514,322772.986,4097124.217,4097134.388,"Silva","NEON_D17_TEAK_DP1_322000_4097000_classified_point_cloud_colorized.laz","2018_TEAK_3_322000_4097000_image.tif","Tree",1,322000,322999.999,4097000,4097999.999
"6504",6723,322773.015,322774.867,4097126.029,4097130.924,"Silva","NEON_D17_TEAK_DP1_322000_4097000_classified_point_cloud_colorized.laz","2018_TEAK_3_322000_4097000_image.tif","Tree",1,322000,322999.999,4097000,4097999.999
"6505",6724,322632.677,322636.481,4097136.21,4097139.978,"Silva","NEON_D17_TEAK_DP1_322000_4097000_classified_point_cloud_colorized.laz","2018_TEAK_3_322000_4097000_image.tif","Tree",1,322000,322999.999,4097000,4097999.999
"6506",6725,322333.012,322339.951,4097152.159,4097158,"Silva","NEON_D17_TEAK_DP1_322000_4097000_classified_point_cloud_colorized.laz","2018_TEAK_3_322000_4097000_image.tif","Tree",1,322000,322999.999,4097000,4097999.999
"6507",6726,322622.183,322627.986,4097133.099,4097139.379,"Silva","NEON_D17_TEAK_DP1_322000_4097000_classified_point_cloud_colorized.laz","2018_TEAK_3_322000_4097000_image.tif","Tree",1,322000,322999.999,4097000,4097999.999
"6508",6727,322807.654,322813.985,4097120.585,4097127.497,"Silva","NEON_D17_TEAK_DP1_322000_4097000_classified_point_cloud_colorized.laz","2018_TEAK_3_322000_4097000_image.tif","Tree",1,322000,322999.999,4097000,4097999.999
"6509",6728,322912.683,322921.919,4097112.51,4097121.999,"Silva","NEON_D17_TEAK_DP1_322000_4097000_classified_point_cloud_colorized.laz","2018_TEAK_3_322000_4097000_image.tif","Tree",1,322000,322999.999,4097000,4097999.999
"6510",6729,322888.807,322894.986,4097114.039,4097121.443,"Silva","NEON_D17_TEAK_DP1_322000_4097000_classified_point_cloud_colorized.laz","2018_TEAK_3_322000_4097000_image.tif","Tree",1,322000,322999.999,4097000,4097999.999
"6511",6730,322628.015,322632.909,4097133.31,4097137.994,"Silva","NEON_D17_TEAK_DP1_322000_4097000_classified_point_cloud_colorized.laz","2018_TEAK_3_322000_4097000_image.tif","Tree",1,322000,322999.999,4097000,4097999.999
"6512",6731,322584.619,322593.618,4097133.725,4097139.384,"Silva","NEON_D17_TEAK_DP1_322000_4097000_classified_point_cloud_colorized.laz","2018_TEAK_3_322000_4097000_image.tif","Tree",1,322000,322999.999,4097000,4097999.999
"6513",6732,322478.097,322483.591,4097139.519,4097142.381,"Silva","NEON_D17_TEAK_DP1_322000_4097000_classified_point_cloud_colorized.laz","2018_TEAK_3_322000_4097000_image.tif","Tree",1,322000,322999.999,4097000,4097999.999
"6514",6733,322574.1,322578.907,4097137.602,4097138.519,"Silva","NEON_D17_TEAK_DP1_322000_4097000_classified_point_cloud_colorized.laz","2018_TEAK_3_322000_4097000_image.tif","Tree",1,322000,322999.999,4097000,4097999.999
"6515",6734,322638.906,322640.313,4097132.513,4097133.898,"Silva","NEON_D17_TEAK_DP1_322000_4097000_classified_point_cloud_colorized.laz","2018_TEAK_3_322000_4097000_image.tif","Tree",1,322000,322999.999,4097000,4097999.999
"6516",6735,322714.06,322717.399,4097126.449,4097129.988,"Silva","NEON_D17_TEAK_DP1_322000_4097000_classified_point_cloud_colorized.laz","2018_TEAK_3_322000_4097000_image.tif","Tree",1,322000,322999.999,4097000,4097999.999
"6517",6736,322344.199,322349.963,4097146.806,4097154.303,"Silva","NEON_D17_TEAK_DP1_322000_4097000_classified_point_cloud_colorized.laz","2018_TEAK_3_322000_4097000_image.tif","Tree",1,322000,322999.999,4097000,4097999.999
"6518",6737,322318.532,322324.959,4097148.749,4097155.475,"Silva","NEON_D17_TEAK_DP1_322000_4097000_classified_point_cloud_colorized.laz","2018_TEAK_3_322000_4097000_image.tif","Tree",1,322000,322999.999,4097000,4097999.999
"6519",6738,322415.233,322419.462,4097143.541,4097147.854,"Silva","NEON_D17_TEAK_DP1_322000_4097000_classified_point_cloud_colorized.laz","2018_TEAK_3_322000_4097000_image.tif","Tree",1,322000,322999.999,4097000,4097999.999
"6520",6739,322746.151,322750.897,4097118.566,4097127.496,"Silva","NEON_D17_TEAK_DP1_322000_4097000_classified_point_cloud_colorized.laz","2018_TEAK_3_322000_4097000_image.tif","Tree",1,322000,322999.999,4097000,4097999.999
"6521",6740,322766.053,322767.778,4097123.899,4097126.306,"Silva","NEON_D17_TEAK_DP1_322000_4097000_classified_point_cloud_colorized.laz","2018_TEAK_3_322000_4097000_image.tif","Tree",1,322000,322999.999,4097000,4097999.999
"6522",6741,322906.55,322908.985,4097111.708,4097114.452,"Silva","NEON_D17_TEAK_DP1_322000_4097000_classified_point_cloud_colorized.laz","2018_TEAK_3_322000_4097000_image.tif","Tree",1,322000,322999.999,4097000,4097999.999
"6523",6742,322609.579,322617.353,4097127.563,4097135.875,"Silva","NEON_D17_TEAK_DP1_322000_4097000_classified_point_cloud_colorized.laz","2018_TEAK_3_322000_4097000_image.tif","Tree",1,322000,322999.999,4097000,4097999.999
"6524",6743,322368.111,322375.879,4097142.546,4097150.786,"Silva","NEON_D17_TEAK_DP1_322000_4097000_classified_point_cloud_colorized.laz","2018_TEAK_3_322000_4097000_image.tif","Tree",1,322000,322999.999,4097000,4097999.999
"6525",6744,322702.043,322705.357,4097123.524,4097127.334,"Silva","NEON_D17_TEAK_DP1_322000_4097000_classified_point_cloud_colorized.laz","2018_TEAK_3_322000_4097000_image.tif","Tree",1,322000,322999.999,4097000,4097999.999
"6526",6745,322804.113,322809.993,4097115.543,4097121.374,"Silva","NEON_D17_TEAK_DP1_322000_4097000_classified_point_cloud_colorized.laz","2018_TEAK_3_322000_4097000_image.tif","Tree",1,322000,322999.999,4097000,4097999.999
"6527",6746,322504.862,322512.468,4097133.644,4097141.974,"Silva","NEON_D17_TEAK_DP1_322000_4097000_classified_point_cloud_colorized.laz","2018_TEAK_3_322000_4097000_image.tif","Tree",1,322000,322999.999,4097000,4097999.999
"6528",6747,322400.272,322405.687,4097138.561,4097144.456,"Silva","NEON_D17_TEAK_DP1_322000_4097000_classified_point_cloud_colorized.laz","2018_TEAK_3_322000_4097000_image.tif","Tree",1,322000,322999.999,4097000,4097999.999
"6529",6748,322340.056,322344.297,4097144.031,4097149.178,"Silva","NEON_D17_TEAK_DP1_322000_4097000_classified_point_cloud_colorized.laz","2018_TEAK_3_322000_4097000_image.tif","Tree",1,322000,322999.999,4097000,4097999.999
"6530",6749,322329.69,322334.995,4097146.588,4097148.493,"Silva","NEON_D17_TEAK_DP1_322000_4097000_classified_point_cloud_colorized.laz","2018_TEAK_3_322000_4097000_image.tif","Tree",1,322000,322999.999,4097000,4097999.999
"6531",6750,322601.033,322609.897,4097125.517,4097133.858,"Silva","NEON_D17_TEAK_DP1_322000_4097000_classified_point_cloud_colorized.laz","2018_TEAK_3_322000_4097000_image.tif","Tree",1,322000,322999.999,4097000,4097999.999
"6532",6751,322634.063,322635.357,4097127.19,4097129.996,"Silva","NEON_D17_TEAK_DP1_322000_4097000_classified_point_cloud_colorized.laz","2018_TEAK_3_322000_4097000_image.tif","Tree",1,322000,322999.999,4097000,4097999.999
"6533",6752,322685.709,322692.211,4097124.525,4097128.451,"Silva","NEON_D17_TEAK_DP1_322000_4097000_classified_point_cloud_colorized.laz","2018_TEAK_3_322000_4097000_image.tif","Tree",1,322000,322999.999,4097000,4097999.999
"6534",6753,322694.547,322700.408,4097121.707,4097127.487,"Silva","NEON_D17_TEAK_DP1_322000_4097000_classified_point_cloud_colorized.laz","2018_TEAK_3_322000_4097000_image.tif","Tree",1,322000,322999.999,4097000,4097999.999
"6535",6754,322772.267,322778.353,4097115.517,4097120.934,"Silva","NEON_D17_TEAK_DP1_322000_4097000_classified_point_cloud_colorized.laz","2018_TEAK_3_322000_4097000_image.tif","Tree",1,322000,322999.999,4097000,4097999.999
"6536",6755,322794.067,322798.969,4097114.501,4097120.496,"Silva","NEON_D17_TEAK_DP1_322000_4097000_classified_point_cloud_colorized.laz","2018_TEAK_3_322000_4097000_image.tif","Tree",1,322000,322999.999,4097000,4097999.999
"6537",6756,322479.732,322486.311,4097129.101,4097139.82,"Silva","NEON_D17_TEAK_DP1_322000_4097000_classified_point_cloud_colorized.laz","2018_TEAK_3_322000_4097000_image.tif","Tree",1,322000,322999.999,4097000,4097999.999
"6538",6757,322705.106,322708.373,4097120.486,4097124.457,"Silva","NEON_D17_TEAK_DP1_322000_4097000_classified_point_cloud_colorized.laz","2018_TEAK_3_322000_4097000_image.tif","Tree",1,322000,322999.999,4097000,4097999.999
"6539",6758,322849.785,322856.489,4097112.272,4097116.455,"Silva","NEON_D17_TEAK_DP1_322000_4097000_classified_point_cloud_colorized.laz","2018_TEAK_3_322000_4097000_image.tif","Tree",1,322000,322999.999,4097000,4097999.999
"6540",6759,322668.013,322673.476,4097120.949,4097126.969,"Silva","NEON_D17_TEAK_DP1_322000_4097000_classified_point_cloud_colorized.laz","2018_TEAK_3_322000_4097000_image.tif","Tree",1,322000,322999.999,4097000,4097999.999
"6541",6760,322330.076,322334.997,4097143.06,4097146.953,"Silva","NEON_D17_TEAK_DP1_322000_4097000_classified_point_cloud_colorized.laz","2018_TEAK_3_322000_4097000_image.tif","Tree",1,322000,322999.999,4097000,4097999.999
"6542",6761,322427.158,322433.241,4097134.087,4097140.167,"Silva","NEON_D17_TEAK_DP1_322000_4097000_classified_point_cloud_colorized.laz","2018_TEAK_3_322000_4097000_image.tif","Tree",1,322000,322999.999,4097000,4097999.999
"6543",6762,322717.017,322724.971,4097116.015,4097122.783,"Silva","NEON_D17_TEAK_DP1_322000_4097000_classified_point_cloud_colorized.laz","2018_TEAK_3_322000_4097000_image.tif","Tree",1,322000,322999.999,4097000,4097999.999
"6544",6763,322840.294,322845.452,4097107.538,4097113.461,"Silva","NEON_D17_TEAK_DP1_322000_4097000_classified_point_cloud_colorized.laz","2018_TEAK_3_322000_4097000_image.tif","Tree",1,322000,322999.999,4097000,4097999.999
"6545",6764,322756.142,322756.322,4097116.202,4097116.934,"Silva","NEON_D17_TEAK_DP1_322000_4097000_classified_point_cloud_colorized.laz","2018_TEAK_3_322000_4097000_image.tif","Tree",1,322000,322999.999,4097000,4097999.999
"6546",6765,322748.126,322751.384,4097117.84,4097119.997,"Silva","NEON_D17_TEAK_DP1_322000_4097000_classified_point_cloud_colorized.laz","2018_TEAK_3_322000_4097000_image.tif","Tree",1,322000,322999.999,4097000,4097999.999
"6547",6766,322685.014,322688.945,4097119.16,4097123.306,"Silva","NEON_D17_TEAK_DP1_322000_4097000_classified_point_cloud_colorized.laz","2018_TEAK_3_322000_4097000_image.tif","Tree",1,322000,322999.999,4097000,4097999.999
"6548",6767,322423.423,322427.839,4097134.116,4097138.828,"Silva","NEON_D17_TEAK_DP1_322000_4097000_classified_point_cloud_colorized.laz","2018_TEAK_3_322000_4097000_image.tif","Tree",1,322000,322999.999,4097000,4097999.999
"6549",6768,322787.516,322795.992,4097108.007,4097116.308,"Silva","NEON_D17_TEAK_DP1_322000_4097000_classified_point_cloud_colorized.laz","2018_TEAK_3_322000_4097000_image.tif","Tree",1,322000,322999.999,4097000,4097999.999
"6550",6769,322859.512,322870.979,4097099.189,4097110.477,"Silva","NEON_D17_TEAK_DP1_322000_4097000_classified_point_cloud_colorized.laz","2018_TEAK_3_322000_4097000_image.tif","Tree",1,322000,322999.999,4097000,4097999.999
"6551",6770,322924.036,322930.645,4097101.013,4097107.126,"Silva","NEON_D17_TEAK_DP1_322000_4097000_classified_point_cloud_colorized.laz","2018_TEAK_3_322000_4097000_image.tif","Tree",1,322000,322999.999,4097000,4097999.999
"6552",6771,322915.055,322922.108,4097100.027,4097107.392,"Silva","NEON_D17_TEAK_DP1_322000_4097000_classified_point_cloud_colorized.laz","2018_TEAK_3_322000_4097000_image.tif","Tree",1,322000,322999.999,4097000,4097999.999
"6553",6772,322758.108,322760.956,4097113.061,4097116.357,"Silva","NEON_D17_TEAK_DP1_322000_4097000_classified_point_cloud_colorized.laz","2018_TEAK_3_322000_4097000_image.tif","Tree",1,322000,322999.999,4097000,4097999.999
"6554",6773,322709.63,322715.981,4097115.664,4097120.463,"Silva","NEON_D17_TEAK_DP1_322000_4097000_classified_point_cloud_colorized.laz","2018_TEAK_3_322000_4097000_image.tif","Tree",1,322000,322999.999,4097000,4097999.999
"6555",6774,322570.522,322578.852,4097120.928,4097131.492,"Silva","NEON_D17_TEAK_DP1_322000_4097000_classified_point_cloud_colorized.laz","2018_TEAK_3_322000_4097000_image.tif","Tree",1,322000,322999.999,4097000,4097999.999
"6556",6775,322772.539,322781.299,4097107.048,4097115.746,"Silva","NEON_D17_TEAK_DP1_322000_4097000_classified_point_cloud_colorized.laz","2018_TEAK_3_322000_4097000_image.tif","Tree",1,322000,322999.999,4097000,4097999.999
"6557",6776,322639.66,322647.961,4097117.011,4097125.934,"Silva","NEON_D17_TEAK_DP1_322000_4097000_classified_point_cloud_colorized.laz","2018_TEAK_3_322000_4097000_image.tif","Tree",1,322000,322999.999,4097000,4097999.999
"6558",6777,322629.557,322634.997,4097119.415,4097124.403,"Silva","NEON_D17_TEAK_DP1_322000_4097000_classified_point_cloud_colorized.laz","2018_TEAK_3_322000_4097000_image.tif","Tree",1,322000,322999.999,4097000,4097999.999
"6559",6778,322494.078,322500.462,4097128.005,4097132.847,"Silva","NEON_D17_TEAK_DP1_322000_4097000_classified_point_cloud_colorized.laz","2018_TEAK_3_322000_4097000_image.tif","Tree",1,322000,322999.999,4097000,4097999.999
"6560",6779,322301.032,322304.784,4097137.018,4097143.937,"Silva","NEON_D17_TEAK_DP1_322000_4097000_classified_point_cloud_colorized.laz","2018_TEAK_3_322000_4097000_image.tif","Tree",1,322000,322999.999,4097000,4097999.999
"6561",6780,322671.001,322679.383,4097114.575,4097120.612,"Silva","NEON_D17_TEAK_DP1_322000_4097000_classified_point_cloud_colorized.laz","2018_TEAK_3_322000_4097000_image.tif","Tree",1,322000,322999.999,4097000,4097999.999
"6562",6781,322822.628,322830.83,4097102.009,4097112.47,"Silva","NEON_D17_TEAK_DP1_322000_4097000_classified_point_cloud_colorized.laz","2018_TEAK_3_322000_4097000_image.tif","Tree",1,322000,322999.999,4097000,4097999.999
"6563",6782,322608.598,322615.454,4097117.002,4097124.471,"Silva","NEON_D17_TEAK_DP1_322000_4097000_classified_point_cloud_colorized.laz","2018_TEAK_3_322000_4097000_image.tif","Tree",1,322000,322999.999,4097000,4097999.999
"6564",6783,322359.003,322364.965,4097132.65,4097140.494,"Silva","NEON_D17_TEAK_DP1_322000_4097000_classified_point_cloud_colorized.laz","2018_TEAK_3_322000_4097000_image.tif","Tree",1,322000,322999.999,4097000,4097999.999
"6565",6784,322707.505,322713.922,4097110.523,4097115.212,"Silva","NEON_D17_TEAK_DP1_322000_4097000_classified_point_cloud_colorized.laz","2018_TEAK_3_322000_4097000_image.tif","Tree",1,322000,322999.999,4097000,4097999.999
"6566",6785,322827.991,322835.457,4097101.733,4097110.28,"Silva","NEON_D17_TEAK_DP1_322000_4097000_classified_point_cloud_colorized.laz","2018_TEAK_3_322000_4097000_image.tif","Tree",1,322000,322999.999,4097000,4097999.999
"6567",6786,322769.539,322775.298,4097106.541,4097112.463,"Silva","NEON_D17_TEAK_DP1_322000_4097000_classified_point_cloud_colorized.laz","2018_TEAK_3_322000_4097000_image.tif","Tree",1,322000,322999.999,4097000,4097999.999
"6568",6787,322495.568,322500.009,4097124.356,4097129.292,"Silva","NEON_D17_TEAK_DP1_322000_4097000_classified_point_cloud_colorized.laz","2018_TEAK_3_322000_4097000_image.tif","Tree",1,322000,322999.999,4097000,4097999.999
"6569",6788,322489.891,322495.45,4097124.084,4097130.832,"Silva","NEON_D17_TEAK_DP1_322000_4097000_classified_point_cloud_colorized.laz","2018_TEAK_3_322000_4097000_image.tif","Tree",1,322000,322999.999,4097000,4097999.999
"6570",6789,322314.794,322319.174,4097132.905,4097139.999,"Silva","NEON_D17_TEAK_DP1_322000_4097000_classified_point_cloud_colorized.laz","2018_TEAK_3_322000_4097000_image.tif","Tree",1,322000,322999.999,4097000,4097999.999
"6571",6790,322450.527,322458.965,4097125.328,4097132.351,"Silva","NEON_D17_TEAK_DP1_322000_4097000_classified_point_cloud_colorized.laz","2018_TEAK_3_322000_4097000_image.tif","Tree",1,322000,322999.999,4097000,4097999.999
"6572",6791,322618.513,322623.975,4097115.047,4097121.497,"Silva","NEON_D17_TEAK_DP1_322000_4097000_classified_point_cloud_colorized.laz","2018_TEAK_3_322000_4097000_image.tif","Tree",1,322000,322999.999,4097000,4097999.999
"6573",6792,322812.027,322813.994,4097104.077,4097105.661,"Silva","NEON_D17_TEAK_DP1_322000_4097000_classified_point_cloud_colorized.laz","2018_TEAK_3_322000_4097000_image.tif","Tree",1,322000,322999.999,4097000,4097999.999
"6574",6793,322321.52,322327.782,4097133.04,4097140.335,"Silva","NEON_D17_TEAK_DP1_322000_4097000_classified_point_cloud_colorized.laz","2018_TEAK_3_322000_4097000_image.tif","Tree",1,322000,322999.999,4097000,4097999.999
"6575",6794,322286.042,322287.313,4097138.523,4097140.411,"Silva","NEON_D17_TEAK_DP1_322000_4097000_classified_point_cloud_colorized.laz","2018_TEAK_3_322000_4097000_image.tif","Tree",1,322000,322999.999,4097000,4097999.999
"6576",6795,322656.129,322663.406,4097111.512,4097116.793,"Silva","NEON_D17_TEAK_DP1_322000_4097000_classified_point_cloud_colorized.laz","2018_TEAK_3_322000_4097000_image.tif","Tree",1,322000,322999.999,4097000,4097999.999
"6577",6796,322712.025,322717.932,4097106.602,4097114.285,"Silva","NEON_D17_TEAK_DP1_322000_4097000_classified_point_cloud_colorized.laz","2018_TEAK_3_322000_4097000_image.tif","Tree",1,322000,322999.999,4097000,4097999.999
"6578",6797,322882.04,322888.886,4097094.019,4097102.951,"Silva","NEON_D17_TEAK_DP1_322000_4097000_classified_point_cloud_colorized.laz","2018_TEAK_3_322000_4097000_image.tif","Tree",1,322000,322999.999,4097000,4097999.999
"6579",6798,322930.572,322934.989,4097091.046,4097097.489,"Silva","NEON_D17_TEAK_DP1_322000_4097000_classified_point_cloud_colorized.laz","2018_TEAK_3_322000_4097000_image.tif","Tree",1,322000,322999.999,4097000,4097999.999
"6580",6799,322873.636,322881.987,4097094.053,4097101.992,"Silva","NEON_D17_TEAK_DP1_322000_4097000_classified_point_cloud_colorized.laz","2018_TEAK_3_322000_4097000_image.tif","Tree",1,322000,322999.999,4097000,4097999.999
"6581",6800,322749.129,322756.471,4097104.031,4097110.454,"Silva","NEON_D17_TEAK_DP1_322000_4097000_classified_point_cloud_colorized.laz","2018_TEAK_3_322000_4097000_image.tif","Tree",1,322000,322999.999,4097000,4097999.999
"6582",6801,322339.572,322344.879,4097129.705,4097136.188,"Silva","NEON_D17_TEAK_DP1_322000_4097000_classified_point_cloud_colorized.laz","2018_TEAK_3_322000_4097000_image.tif","Tree",1,322000,322999.999,4097000,4097999.999
"6583",6802,322592.008,322597.415,4097114.041,4097120.91,"Silva","NEON_D17_TEAK_DP1_322000_4097000_classified_point_cloud_colorized.laz","2018_TEAK_3_322000_4097000_image.tif","Tree",1,322000,322999.999,4097000,4097999.999
"6584",6803,322918.502,322919.409,4097094.096,4097095.367,"Silva","NEON_D17_TEAK_DP1_322000_4097000_classified_point_cloud_colorized.laz","2018_TEAK_3_322000_4097000_image.tif","Tree",1,322000,322999.999,4097000,4097999.999
"6585",6804,322897.503,322902.228,4097092.019,4097098.483,"Silva","NEON_D17_TEAK_DP1_322000_4097000_classified_point_cloud_colorized.laz","2018_TEAK_3_322000_4097000_image.tif","Tree",1,322000,322999.999,4097000,4097999.999
"6586",6805,322580.503,322587.619,4097113.012,4097119.69,"Silva","NEON_D17_TEAK_DP1_322000_4097000_classified_point_cloud_colorized.laz","2018_TEAK_3_322000_4097000_image.tif","Tree",1,322000,322999.999,4097000,4097999.999
"6587",6806,322454.59,322460.968,4097119.522,4097128.214,"Silva","NEON_D17_TEAK_DP1_322000_4097000_classified_point_cloud_colorized.laz","2018_TEAK_3_322000_4097000_image.tif","Tree",1,322000,322999.999,4097000,4097999.999
"6588",6807,322461.011,322466.746,4097120.917,4097128.982,"Silva","NEON_D17_TEAK_DP1_322000_4097000_classified_point_cloud_colorized.laz","2018_TEAK_3_322000_4097000_image.tif","Tree",1,322000,322999.999,4097000,4097999.999
"6589",6808,322719.523,322724.575,4097104.079,4097110.21,"Silva","NEON_D17_TEAK_DP1_322000_4097000_classified_point_cloud_colorized.laz","2018_TEAK_3_322000_4097000_image.tif","Tree",1,322000,322999.999,4097000,4097999.999
"6590",6809,322728.001,322732.411,4097103.018,4097107.132,"Silva","NEON_D17_TEAK_DP1_322000_4097000_classified_point_cloud_colorized.laz","2018_TEAK_3_322000_4097000_image.tif","Tree",1,322000,322999.999,4097000,4097999.999
"6591",6810,322702.125,322709.135,4097103.744,4097111.714,"Silva","NEON_D17_TEAK_DP1_322000_4097000_classified_point_cloud_colorized.laz","2018_TEAK_3_322000_4097000_image.tif","Tree",1,322000,322999.999,4097000,4097999.999
"6592",6811,322295.051,322300.44,4097130.355,4097136.994,"Silva","NEON_D17_TEAK_DP1_322000_4097000_classified_point_cloud_colorized.laz","2018_TEAK_3_322000_4097000_image.tif","Tree",1,322000,322999.999,4097000,4097999.999
"6593",6812,322622.012,322628.596,4097109.606,4097114.962,"Silva","NEON_D17_TEAK_DP1_322000_4097000_classified_point_cloud_colorized.laz","2018_TEAK_3_322000_4097000_image.tif","Tree",1,322000,322999.999,4097000,4097999.999
"6594",6813,322798.501,322801.469,4097099.294,4097102.321,"Silva","NEON_D17_TEAK_DP1_322000_4097000_classified_point_cloud_colorized.laz","2018_TEAK_3_322000_4097000_image.tif","Tree",1,322000,322999.999,4097000,4097999.999
"6595",6814,322856.013,322860.862,4097093.482,4097097.989,"Silva","NEON_D17_TEAK_DP1_322000_4097000_classified_point_cloud_colorized.laz","2018_TEAK_3_322000_4097000_image.tif","Tree",1,322000,322999.999,4097000,4097999.999
"6596",6815,322512.784,322512.885,4097119.296,4097119.425,"Silva","NEON_D17_TEAK_DP1_322000_4097000_classified_point_cloud_colorized.laz","2018_TEAK_3_322000_4097000_image.tif","Tree",1,322000,322999.999,4097000,4097999.999
"6597",6816,322714.057,322720.947,4097101.827,4097107.395,"Silva","NEON_D17_TEAK_DP1_322000_4097000_classified_point_cloud_colorized.laz","2018_TEAK_3_322000_4097000_image.tif","Tree",1,322000,322999.999,4097000,4097999.999
"6598",6817,322786.025,322791.484,4097097.096,4097102.028,"Silva","NEON_D17_TEAK_DP1_322000_4097000_classified_point_cloud_colorized.laz","2018_TEAK_3_322000_4097000_image.tif","Tree",1,322000,322999.999,4097000,4097999.999
"6599",6818,322764.342,322769.298,4097099.033,4097103.969,"Silva","NEON_D17_TEAK_DP1_322000_4097000_classified_point_cloud_colorized.laz","2018_TEAK_3_322000_4097000_image.tif","Tree",1,322000,322999.999,4097000,4097999.999
"6600",6819,322706.055,322713.955,4097099.533,4097109.489,"Silva","NEON_D17_TEAK_DP1_322000_4097000_classified_point_cloud_colorized.laz","2018_TEAK_3_322000_4097000_image.tif","Tree",1,322000,322999.999,4097000,4097999.999
"6601",6820,322283.481,322289.48,4097129.058,4097134.992,"Silva","NEON_D17_TEAK_DP1_322000_4097000_classified_point_cloud_colorized.laz","2018_TEAK_3_322000_4097000_image.tif","Tree",1,322000,322999.999,4097000,4097999.999
"6602",6821,322440.013,322443.424,4097119.506,4097124.447,"Silva","NEON_D17_TEAK_DP1_322000_4097000_classified_point_cloud_colorized.laz","2018_TEAK_3_322000_4097000_image.tif","Tree",1,322000,322999.999,4097000,4097999.999
"6603",6822,322919.628,322925.957,4097085.65,4097092.739,"Silva","NEON_D17_TEAK_DP1_322000_4097000_classified_point_cloud_colorized.laz","2018_TEAK_3_322000_4097000_image.tif","Tree",1,322000,322999.999,4097000,4097999.999
"6604",6823,322291.619,322297.986,4097125.118,4097134.34,"Silva","NEON_D17_TEAK_DP1_322000_4097000_classified_point_cloud_colorized.laz","2018_TEAK_3_322000_4097000_image.tif","Tree",1,322000,322999.999,4097000,4097999.999
"6605",6824,322638.727,322647.763,4097104.367,4097110.946,"Silva","NEON_D17_TEAK_DP1_322000_4097000_classified_point_cloud_colorized.laz","2018_TEAK_3_322000_4097000_image.tif","Tree",1,322000,322999.999,4097000,4097999.999
"6606",6825,322720.071,322724.496,4097096.748,4097104.417,"Silva","NEON_D17_TEAK_DP1_322000_4097000_classified_point_cloud_colorized.laz","2018_TEAK_3_322000_4097000_image.tif","Tree",1,322000,322999.999,4097000,4097999.999
"6607",6826,322880.318,322884.874,4097089.026,4097092.903,"Silva","NEON_D17_TEAK_DP1_322000_4097000_classified_point_cloud_colorized.laz","2018_TEAK_3_322000_4097000_image.tif","Tree",1,322000,322999.999,4097000,4097999.999
"6608",6827,322740.286,322746.198,4097096.595,4097102.471,"Silva","NEON_D17_TEAK_DP1_322000_4097000_classified_point_cloud_colorized.laz","2018_TEAK_3_322000_4097000_image.tif","Tree",1,322000,322999.999,4097000,4097999.999
"6609",6828,322697.558,322698.984,4097103.044,4097104.388,"Silva","NEON_D17_TEAK_DP1_322000_4097000_classified_point_cloud_colorized.laz","2018_TEAK_3_322000_4097000_image.tif","Tree",1,322000,322999.999,4097000,4097999.999
"6610",6829,322457.058,322463.938,4097117.307,4097121.398,"Silva","NEON_D17_TEAK_DP1_322000_4097000_classified_point_cloud_colorized.laz","2018_TEAK_3_322000_4097000_image.tif","Tree",1,322000,322999.999,4097000,4097999.999
"6611",6830,322849.787,322855.98,4097086.232,4097092.416,"Silva","NEON_D17_TEAK_DP1_322000_4097000_classified_point_cloud_colorized.laz","2018_TEAK_3_322000_4097000_image.tif","Tree",1,322000,322999.999,4097000,4097999.999
"6612",6831,322773.044,322779.146,4097094.07,4097100.462,"Silva","NEON_D17_TEAK_DP1_322000_4097000_classified_point_cloud_colorized.laz","2018_TEAK_3_322000_4097000_image.tif","Tree",1,322000,322999.999,4097000,4097999.999
"6613",6832,322764.545,322768.788,4097094.576,4097099.315,"Silva","NEON_D17_TEAK_DP1_322000_4097000_classified_point_cloud_colorized.laz","2018_TEAK_3_322000_4097000_image.tif","Tree",1,322000,322999.999,4097000,4097999.999
"6614",6833,322347.194,322356.426,4097118.108,4097129.439,"Silva","NEON_D17_TEAK_DP1_322000_4097000_classified_point_cloud_colorized.laz","2018_TEAK_3_322000_4097000_image.tif","Tree",1,322000,322999.999,4097000,4097999.999
"6615",6834,322745.687,322751.929,4097094.217,4097102.991,"Silva","NEON_D17_TEAK_DP1_322000_4097000_classified_point_cloud_colorized.laz","2018_TEAK_3_322000_4097000_image.tif","Tree",1,322000,322999.999,4097000,4097999.999
"6616",6835,322760.587,322764.967,4097095.138,4097099.703,"Silva","NEON_D17_TEAK_DP1_322000_4097000_classified_point_cloud_colorized.laz","2018_TEAK_3_322000_4097000_image.tif","Tree",1,322000,322999.999,4097000,4097999.999
"6617",6836,322892.501,322900.477,4097082.509,4097088.171,"Silva","NEON_D17_TEAK_DP1_322000_4097000_classified_point_cloud_colorized.laz","2018_TEAK_3_322000_4097000_image.tif","Tree",1,322000,322999.999,4097000,4097999.999
"6618",6837,322868.144,322874.346,4097084.133,4097090.964,"Silva","NEON_D17_TEAK_DP1_322000_4097000_classified_point_cloud_colorized.laz","2018_TEAK_3_322000_4097000_image.tif","Tree",1,322000,322999.999,4097000,4097999.999
"6619",6838,322642.764,322647.464,4097099.077,4097107.318,"Silva","NEON_D17_TEAK_DP1_322000_4097000_classified_point_cloud_colorized.laz","2018_TEAK_3_322000_4097000_image.tif","Tree",1,322000,322999.999,4097000,4097999.999
"6620",6840,322372.056,322380.972,4097115.02,4097124.851,"Silva","NEON_D17_TEAK_DP1_322000_4097000_classified_point_cloud_colorized.laz","2018_TEAK_3_322000_4097000_image.tif","Tree",1,322000,322999.999,4097000,4097999.999
"6621",6841,322861.018,322868.388,4097081.502,4097090.347,"Silva","NEON_D17_TEAK_DP1_322000_4097000_classified_point_cloud_colorized.laz","2018_TEAK_3_322000_4097000_image.tif","Tree",1,322000,322999.999,4097000,4097999.999
"6622",6842,322919.182,322924.99,4097079.544,4097085.997,"Silva","NEON_D17_TEAK_DP1_322000_4097000_classified_point_cloud_colorized.laz","2018_TEAK_3_322000_4097000_image.tif","Tree",1,322000,322999.999,4097000,4097999.999
"6623",6843,322760.003,322765.05,4097091.028,4097095.447,"Silva","NEON_D17_TEAK_DP1_322000_4097000_classified_point_cloud_colorized.laz","2018_TEAK_3_322000_4097000_image.tif","Tree",1,322000,322999.999,4097000,4097999.999
"6624",6844,322575.039,322583.853,4097103.267,4097110.026,"Silva","NEON_D17_TEAK_DP1_322000_4097000_classified_point_cloud_colorized.laz","2018_TEAK_3_322000_4097000_image.tif","Tree",1,322000,322999.999,4097000,4097999.999
"6625",6845,322755.627,322759.796,4097092.138,4097093.688,"Silva","NEON_D17_TEAK_DP1_322000_4097000_classified_point_cloud_colorized.laz","2018_TEAK_3_322000_4097000_image.tif","Tree",1,322000,322999.999,4097000,4097999.999
"6626",6846,322584.022,322589.483,4097101.385,4097106.975,"Silva","NEON_D17_TEAK_DP1_322000_4097000_classified_point_cloud_colorized.laz","2018_TEAK_3_322000_4097000_image.tif","Tree",1,322000,322999.999,4097000,4097999.999
"6627",6848,322343.074,322353.894,4097110.534,4097121.383,"Silva","NEON_D17_TEAK_DP1_322000_4097000_classified_point_cloud_colorized.laz","2018_TEAK_3_322000_4097000_image.tif","Tree",1,322000,322999.999,4097000,4097999.999
"6628",6849,322380.024,322388.454,4097112.774,4097120.386,"Silva","NEON_D17_TEAK_DP1_322000_4097000_classified_point_cloud_colorized.laz","2018_TEAK_3_322000_4097000_image.tif","Tree",1,322000,322999.999,4097000,4097999.999
"6629",6850,322891.542,322900.609,4097073.581,4097082.997,"Silva","NEON_D17_TEAK_DP1_322000_4097000_classified_point_cloud_colorized.laz","2018_TEAK_3_322000_4097000_image.tif","Tree",1,322000,322999.999,4097000,4097999.999
"6630",6851,322749.83,322756.925,4097088.654,4097094.941,"Silva","NEON_D17_TEAK_DP1_322000_4097000_classified_point_cloud_colorized.laz","2018_TEAK_3_322000_4097000_image.tif","Tree",1,322000,322999.999,4097000,4097999.999
"6631",6852,322427.419,322429.923,4097110.034,4097111.397,"Silva","NEON_D17_TEAK_DP1_322000_4097000_classified_point_cloud_colorized.laz","2018_TEAK_3_322000_4097000_image.tif","Tree",1,322000,322999.999,4097000,4097999.999
"6632",6853,322790.518,322796.977,4097085.062,4097090.45,"Silva","NEON_D17_TEAK_DP1_322000_4097000_classified_point_cloud_colorized.laz","2018_TEAK_3_322000_4097000_image.tif","Tree",1,322000,322999.999,4097000,4097999.999
"6633",6854,322387.101,322393.147,4097110.036,4097117.497,"Silva","NEON_D17_TEAK_DP1_322000_4097000_classified_point_cloud_colorized.laz","2018_TEAK_3_322000_4097000_image.tif","Tree",1,322000,322999.999,4097000,4097999.999
"6634",6855,322664.599,322670.991,4097090.501,4097098.2,"Silva","NEON_D17_TEAK_DP1_322000_4097000_classified_point_cloud_colorized.laz","2018_TEAK_3_322000_4097000_image.tif","Tree",1,322000,322999.999,4097000,4097999.999
"6635",6856,322681.004,322687.896,4097091.107,4097098.483,"Silva","NEON_D17_TEAK_DP1_322000_4097000_classified_point_cloud_colorized.laz","2018_TEAK_3_322000_4097000_image.tif","Tree",1,322000,322999.999,4097000,4097999.999
"6636",6857,322712.124,322718.674,4097088.562,4097094.876,"Silva","NEON_D17_TEAK_DP1_322000_4097000_classified_point_cloud_colorized.laz","2018_TEAK_3_322000_4097000_image.tif","Tree",1,322000,322999.999,4097000,4097999.999
"6637",6858,322742.576,322747.899,4097085.017,4097093.435,"Silva","NEON_D17_TEAK_DP1_322000_4097000_classified_point_cloud_colorized.laz","2018_TEAK_3_322000_4097000_image.tif","Tree",1,322000,322999.999,4097000,4097999.999
"6638",6859,322796.519,322803.45,4097081.55,4097088.973,"Silva","NEON_D17_TEAK_DP1_322000_4097000_classified_point_cloud_colorized.laz","2018_TEAK_3_322000_4097000_image.tif","Tree",1,322000,322999.999,4097000,4097999.999
"6639",6860,322777.528,322782.389,4097084.652,4097089.635,"Silva","NEON_D17_TEAK_DP1_322000_4097000_classified_point_cloud_colorized.laz","2018_TEAK_3_322000_4097000_image.tif","Tree",1,322000,322999.999,4097000,4097999.999
"6640",6861,322333.111,322341.99,4097112.507,4097121.406,"Silva","NEON_D17_TEAK_DP1_322000_4097000_classified_point_cloud_colorized.laz","2018_TEAK_3_322000_4097000_image.tif","Tree",1,322000,322999.999,4097000,4097999.999
"6641",6862,322633.506,322637.379,4097092.513,4097097.348,"Silva","NEON_D17_TEAK_DP1_322000_4097000_classified_point_cloud_colorized.laz","2018_TEAK_3_322000_4097000_image.tif","Tree",1,322000,322999.999,4097000,4097999.999
"6642",6863,322645.545,322651.825,4097091.988,4097098.959,"Silva","NEON_D17_TEAK_DP1_322000_4097000_classified_point_cloud_colorized.laz","2018_TEAK_3_322000_4097000_image.tif","Tree",1,322000,322999.999,4097000,4097999.999
"6643",6864,322687.19,322694.976,4097087.875,4097096.385,"Silva","NEON_D17_TEAK_DP1_322000_4097000_classified_point_cloud_colorized.laz","2018_TEAK_3_322000_4097000_image.tif","Tree",1,322000,322999.999,4097000,4097999.999
"6644",6865,322834.797,322845.764,4097075.511,4097085.89,"Silva","NEON_D17_TEAK_DP1_322000_4097000_classified_point_cloud_colorized.laz","2018_TEAK_3_322000_4097000_image.tif","Tree",1,322000,322999.999,4097000,4097999.999
"6645",6866,322668.563,322675.426,4097090.037,4097095.973,"Silva","NEON_D17_TEAK_DP1_322000_4097000_classified_point_cloud_colorized.laz","2018_TEAK_3_322000_4097000_image.tif","Tree",1,322000,322999.999,4097000,4097999.999
"6646",6867,322311.539,322317.967,4097111.554,4097115.893,"Silva","NEON_D17_TEAK_DP1_322000_4097000_classified_point_cloud_colorized.laz","2018_TEAK_3_322000_4097000_image.tif","Tree",1,322000,322999.999,4097000,4097999.999
"6647",6868,322340.114,322350.154,4097109.01,4097118.632,"Silva","NEON_D17_TEAK_DP1_322000_4097000_classified_point_cloud_colorized.laz","2018_TEAK_3_322000_4097000_image.tif","Tree",1,322000,322999.999,4097000,4097999.999
"6648",6869,322758.937,322762.259,4097084.01,4097088.079,"Silva","NEON_D17_TEAK_DP1_322000_4097000_classified_point_cloud_colorized.laz","2018_TEAK_3_322000_4097000_image.tif","Tree",1,322000,322999.999,4097000,4097999.999
"6649",6870,322936.075,322941.999,4097070.097,4097077.976,"Silva","NEON_D17_TEAK_DP1_322000_4097000_classified_point_cloud_colorized.laz","2018_TEAK_3_322000_4097000_image.tif","Tree",1,322000,322999.999,4097000,4097999.999
"6650",6871,322931.63,322936.469,4097069.525,4097078.981,"Silva","NEON_D17_TEAK_DP1_322000_4097000_classified_point_cloud_colorized.laz","2018_TEAK_3_322000_4097000_image.tif","Tree",1,322000,322999.999,4097000,4097999.999
"6651",6872,322926.795,322931.996,4097070.762,4097079.404,"Silva","NEON_D17_TEAK_DP1_322000_4097000_classified_point_cloud_colorized.laz","2018_TEAK_3_322000_4097000_image.tif","Tree",1,322000,322999.999,4097000,4097999.999
"6652",6874,322624.026,322625.459,4097093.341,4097095.431,"Silva","NEON_D17_TEAK_DP1_322000_4097000_classified_point_cloud_colorized.laz","2018_TEAK_3_322000_4097000_image.tif","Tree",1,322000,322999.999,4097000,4097999.999
"6653",6875,322720.177,322727.7,4097083.117,4097090.676,"Silva","NEON_D17_TEAK_DP1_322000_4097000_classified_point_cloud_colorized.laz","2018_TEAK_3_322000_4097000_image.tif","Tree",1,322000,322999.999,4097000,4097999.999
"6654",6876,322850.527,322855.935,4097073.864,4097083.924,"Silva","NEON_D17_TEAK_DP1_322000_4097000_classified_point_cloud_colorized.laz","2018_TEAK_3_322000_4097000_image.tif","Tree",1,322000,322999.999,4097000,4097999.999
"6655",6877,322855.584,322860.49,4097073.034,4097081.549,"Silva","NEON_D17_TEAK_DP1_322000_4097000_classified_point_cloud_colorized.laz","2018_TEAK_3_322000_4097000_image.tif","Tree",1,322000,322999.999,4097000,4097999.999
"6656",6878,322877.557,322891.398,4097070.183,4097080.467,"Silva","NEON_D17_TEAK_DP1_322000_4097000_classified_point_cloud_colorized.laz","2018_TEAK_3_322000_4097000_image.tif","Tree",1,322000,322999.999,4097000,4097999.999
"6657",6879,322506.015,322507.495,4097100.582,4097102.876,"Silva","NEON_D17_TEAK_DP1_322000_4097000_classified_point_cloud_colorized.laz","2018_TEAK_3_322000_4097000_image.tif","Tree",1,322000,322999.999,4097000,4097999.999
"6658",6880,322444.439,322449.39,4097102.223,4097107.445,"Silva","NEON_D17_TEAK_DP1_322000_4097000_classified_point_cloud_colorized.laz","2018_TEAK_3_322000_4097000_image.tif","Tree",1,322000,322999.999,4097000,4097999.999
"6659",6881,322352,322365.396,4097103.555,4097113.484,"Silva","NEON_D17_TEAK_DP1_322000_4097000_classified_point_cloud_colorized.laz","2018_TEAK_3_322000_4097000_image.tif","Tree",1,322000,322999.999,4097000,4097999.999
"6660",6882,322746.642,322753.729,4097080.138,4097086.285,"Silva","NEON_D17_TEAK_DP1_322000_4097000_classified_point_cloud_colorized.laz","2018_TEAK_3_322000_4097000_image.tif","Tree",1,322000,322999.999,4097000,4097999.999
"6661",6883,322791.53,322797.981,4097078.061,4097083.989,"Silva","NEON_D17_TEAK_DP1_322000_4097000_classified_point_cloud_colorized.laz","2018_TEAK_3_322000_4097000_image.tif","Tree",1,322000,322999.999,4097000,4097999.999
"6662",6884,322919.716,322927.457,4097067.54,4097076.364,"Silva","NEON_D17_TEAK_DP1_322000_4097000_classified_point_cloud_colorized.laz","2018_TEAK_3_322000_4097000_image.tif","Tree",1,322000,322999.999,4097000,4097999.999
"6663",6885,322902.698,322913.449,4097066.067,4097076.97,"Silva","NEON_D17_TEAK_DP1_322000_4097000_classified_point_cloud_colorized.laz","2018_TEAK_3_322000_4097000_image.tif","Tree",1,322000,322999.999,4097000,4097999.999
"6664",6886,322402.503,322409.496,4097102.265,4097110.381,"Silva","NEON_D17_TEAK_DP1_322000_4097000_classified_point_cloud_colorized.laz","2018_TEAK_3_322000_4097000_image.tif","Tree",1,322000,322999.999,4097000,4097999.999
"6665",6887,322335.905,322341.95,4097104.599,4097112.485,"Silva","NEON_D17_TEAK_DP1_322000_4097000_classified_point_cloud_colorized.laz","2018_TEAK_3_322000_4097000_image.tif","Tree",1,322000,322999.999,4097000,4097999.999
"6666",6888,322715.788,322717.879,4097079.138,4097085.499,"Silva","NEON_D17_TEAK_DP1_322000_4097000_classified_point_cloud_colorized.laz","2018_TEAK_3_322000_4097000_image.tif","Tree",1,322000,322999.999,4097000,4097999.999
"6667",6889,322781.616,322788.036,4097076.014,4097083.792,"Silva","NEON_D17_TEAK_DP1_322000_4097000_classified_point_cloud_colorized.laz","2018_TEAK_3_322000_4097000_image.tif","Tree",1,322000,322999.999,4097000,4097999.999
"6668",6890,322331.607,322336.996,4097105.359,4097112.93,"Silva","NEON_D17_TEAK_DP1_322000_4097000_classified_point_cloud_colorized.laz","2018_TEAK_3_322000_4097000_image.tif","Tree",1,322000,322999.999,4097000,4097999.999
"6669",6891,322691.679,322699.258,4097081.286,4097089.966,"Silva","NEON_D17_TEAK_DP1_322000_4097000_classified_point_cloud_colorized.laz","2018_TEAK_3_322000_4097000_image.tif","Tree",1,322000,322999.999,4097000,4097999.999
"6670",6892,322863.309,322863.343,4097073.565,4097073.611,"Silva","NEON_D17_TEAK_DP1_322000_4097000_classified_point_cloud_colorized.laz","2018_TEAK_3_322000_4097000_image.tif","Tree",1,322000,322999.999,4097000,4097999.999
"6671",6893,322742.732,322750.124,4097075.189,4097084.963,"Silva","NEON_D17_TEAK_DP1_322000_4097000_classified_point_cloud_colorized.laz","2018_TEAK_3_322000_4097000_image.tif","Tree",1,322000,322999.999,4097000,4097999.999
"6672",6894,322665.243,322671.126,4097084.167,4097090.389,"Silva","NEON_D17_TEAK_DP1_322000_4097000_classified_point_cloud_colorized.laz","2018_TEAK_3_322000_4097000_image.tif","Tree",1,322000,322999.999,4097000,4097999.999
"6673",6895,322565.04,322574.139,4097087.927,4097099.036,"Silva","NEON_D17_TEAK_DP1_322000_4097000_classified_point_cloud_colorized.laz","2018_TEAK_3_322000_4097000_image.tif","Tree",1,322000,322999.999,4097000,4097999.999
"6674",6896,322300.519,322307.008,4097105.721,4097113.966,"Silva","NEON_D17_TEAK_DP1_322000_4097000_classified_point_cloud_colorized.laz","2018_TEAK_3_322000_4097000_image.tif","Tree",1,322000,322999.999,4097000,4097999.999
"6675",6897,322309.525,322319.139,4097103.006,4097112.479,"Silva","NEON_D17_TEAK_DP1_322000_4097000_classified_point_cloud_colorized.laz","2018_TEAK_3_322000_4097000_image.tif","Tree",1,322000,322999.999,4097000,4097999.999
"6676",6898,322625.26,322631.274,4097085.381,4097089.439,"Silva","NEON_D17_TEAK_DP1_322000_4097000_classified_point_cloud_colorized.laz","2018_TEAK_3_322000_4097000_image.tif","Tree",1,322000,322999.999,4097000,4097999.999
"6677",6899,322338.587,322351.809,4097100.538,4097110.462,"Silva","NEON_D17_TEAK_DP1_322000_4097000_classified_point_cloud_colorized.laz","2018_TEAK_3_322000_4097000_image.tif","Tree",1,322000,322999.999,4097000,4097999.999
"6678",6900,322319.117,322329.715,4097103.699,4097109.528,"Silva","NEON_D17_TEAK_DP1_322000_4097000_classified_point_cloud_colorized.laz","2018_TEAK_3_322000_4097000_image.tif","Tree",1,322000,322999.999,4097000,4097999.999
"6679",6901,322467.54,322472.322,4097092.525,4097094.471,"Silva","NEON_D17_TEAK_DP1_322000_4097000_classified_point_cloud_colorized.laz","2018_TEAK_3_322000_4097000_image.tif","Tree",1,322000,322999.999,4097000,4097999.999
"6680",6902,322596.379,322601.695,4097087.164,4097091.314,"Silva","NEON_D17_TEAK_DP1_322000_4097000_classified_point_cloud_colorized.laz","2018_TEAK_3_322000_4097000_image.tif","Tree",1,322000,322999.999,4097000,4097999.999
"6681",6903,322730.182,322730.327,4097080.144,4097080.997,"Silva","NEON_D17_TEAK_DP1_322000_4097000_classified_point_cloud_colorized.laz","2018_TEAK_3_322000_4097000_image.tif","Tree",1,322000,322999.999,4097000,4097999.999
"6682",6904,322736.764,322738.381,4097078.186,4097081.37,"Silva","NEON_D17_TEAK_DP1_322000_4097000_classified_point_cloud_colorized.laz","2018_TEAK_3_322000_4097000_image.tif","Tree",1,322000,322999.999,4097000,4097999.999
"6683",6905,322882.501,322892.935,4097065.005,4097074.376,"Silva","NEON_D17_TEAK_DP1_322000_4097000_classified_point_cloud_colorized.laz","2018_TEAK_3_322000_4097000_image.tif","Tree",1,322000,322999.999,4097000,4097999.999
"6684",6906,322896.062,322905.948,4097062.086,4097073.946,"Silva","NEON_D17_TEAK_DP1_322000_4097000_classified_point_cloud_colorized.laz","2018_TEAK_3_322000_4097000_image.tif","Tree",1,322000,322999.999,4097000,4097999.999
"6685",6907,322937.553,322941.209,4097063.054,4097066.913,"Silva","NEON_D17_TEAK_DP1_322000_4097000_classified_point_cloud_colorized.laz","2018_TEAK_3_322000_4097000_image.tif","Tree",1,322000,322999.999,4097000,4097999.999
"6686",6908,322866.938,322874.925,4097066.088,4097068.995,"Silva","NEON_D17_TEAK_DP1_322000_4097000_classified_point_cloud_colorized.laz","2018_TEAK_3_322000_4097000_image.tif","Tree",1,322000,322999.999,4097000,4097999.999
"6687",6909,322683.172,322691.974,4097078.864,4097084.973,"Silva","NEON_D17_TEAK_DP1_322000_4097000_classified_point_cloud_colorized.laz","2018_TEAK_3_322000_4097000_image.tif","Tree",1,322000,322999.999,4097000,4097999.999
"6688",6910,322767.122,322773.767,4097071.648,4097079.448,"Silva","NEON_D17_TEAK_DP1_322000_4097000_classified_point_cloud_colorized.laz","2018_TEAK_3_322000_4097000_image.tif","Tree",1,322000,322999.999,4097000,4097999.999
"6689",6911,322925.587,322931.446,4097060.036,4097067.47,"Silva","NEON_D17_TEAK_DP1_322000_4097000_classified_point_cloud_colorized.laz","2018_TEAK_3_322000_4097000_image.tif","Tree",1,322000,322999.999,4097000,4097999.999
"6690",6912,322931.501,322933.879,4097061.161,4097066.338,"Silva","NEON_D17_TEAK_DP1_322000_4097000_classified_point_cloud_colorized.laz","2018_TEAK_3_322000_4097000_image.tif","Tree",1,322000,322999.999,4097000,4097999.999
"6691",6913,322671.742,322678.479,4097079.884,4097083.869,"Silva","NEON_D17_TEAK_DP1_322000_4097000_classified_point_cloud_colorized.laz","2018_TEAK_3_322000_4097000_image.tif","Tree",1,322000,322999.999,4097000,4097999.999
"6692",6914,322587.248,322592.936,4097085.682,4097090.389,"Silva","NEON_D17_TEAK_DP1_322000_4097000_classified_point_cloud_colorized.laz","2018_TEAK_3_322000_4097000_image.tif","Tree",1,322000,322999.999,4097000,4097999.999
"6693",6915,322495.632,322501.453,4097090.02,4097097.952,"Silva","NEON_D17_TEAK_DP1_322000_4097000_classified_point_cloud_colorized.laz","2018_TEAK_3_322000_4097000_image.tif","Tree",1,322000,322999.999,4097000,4097999.999
"6694",6916,322447.187,322454.472,4097092.549,4097098.883,"Silva","NEON_D17_TEAK_DP1_322000_4097000_classified_point_cloud_colorized.laz","2018_TEAK_3_322000_4097000_image.tif","Tree",1,322000,322999.999,4097000,4097999.999
"6695",6917,322408.529,322416.487,4097095.614,4097102.985,"Silva","NEON_D17_TEAK_DP1_322000_4097000_classified_point_cloud_colorized.laz","2018_TEAK_3_322000_4097000_image.tif","Tree",1,322000,322999.999,4097000,4097999.999
"6696",6918,322328.223,322337.158,4097100.896,4097106.962,"Silva","NEON_D17_TEAK_DP1_322000_4097000_classified_point_cloud_colorized.laz","2018_TEAK_3_322000_4097000_image.tif","Tree",1,322000,322999.999,4097000,4097999.999
"6697",6919,322958,322963.482,4097057.607,4097064.985,"Silva","NEON_D17_TEAK_DP1_322000_4097000_classified_point_cloud_colorized.laz","2018_TEAK_3_322000_4097000_image.tif","Tree",1,322000,322999.999,4097000,4097999.999
"6698",6920,322730.632,322730.632,4097077.34,4097077.34,"Silva","NEON_D17_TEAK_DP1_322000_4097000_classified_point_cloud_colorized.laz","2018_TEAK_3_322000_4097000_image.tif","Tree",1,322000,322999.999,4097000,4097999.999
"6699",6921,322611.634,322621.963,4097082.504,4097088.837,"Silva","NEON_D17_TEAK_DP1_322000_4097000_classified_point_cloud_colorized.laz","2018_TEAK_3_322000_4097000_image.tif","Tree",1,322000,322999.999,4097000,4097999.999
"6700",6922,322501.051,322507.982,4097088.561,4097096.488,"Silva","NEON_D17_TEAK_DP1_322000_4097000_classified_point_cloud_colorized.laz","2018_TEAK_3_322000_4097000_image.tif","Tree",1,322000,322999.999,4097000,4097999.999
"6701",6923,322493.545,322496.938,4097090.597,4097095.962,"Silva","NEON_D17_TEAK_DP1_322000_4097000_classified_point_cloud_colorized.laz","2018_TEAK_3_322000_4097000_image.tif","Tree",1,322000,322999.999,4097000,4097999.999
"6702",6924,322776.01,322782.328,4097067.091,4097074.971,"Silva","NEON_D17_TEAK_DP1_322000_4097000_classified_point_cloud_colorized.laz","2018_TEAK_3_322000_4097000_image.tif","Tree",1,322000,322999.999,4097000,4097999.999
"6703",6925,322811.003,322816.786,4097064.784,4097072.933,"Silva","NEON_D17_TEAK_DP1_322000_4097000_classified_point_cloud_colorized.laz","2018_TEAK_3_322000_4097000_image.tif","Tree",1,322000,322999.999,4097000,4097999.999
"6704",6926,322844.53,322849.383,4097064.096,4097070.427,"Silva","NEON_D17_TEAK_DP1_322000_4097000_classified_point_cloud_colorized.laz","2018_TEAK_3_322000_4097000_image.tif","Tree",1,322000,322999.999,4097000,4097999.999
"6705",6927,322786.545,322787.932,4097071.029,4097072.996,"Silva","NEON_D17_TEAK_DP1_322000_4097000_classified_point_cloud_colorized.laz","2018_TEAK_3_322000_4097000_image.tif","Tree",1,322000,322999.999,4097000,4097999.999
"6706",6928,322670.187,322677.783,4097075.537,4097080.938,"Silva","NEON_D17_TEAK_DP1_322000_4097000_classified_point_cloud_colorized.laz","2018_TEAK_3_322000_4097000_image.tif","Tree",1,322000,322999.999,4097000,4097999.999
"6707",6929,322482.875,322483.834,4097092.253,4097092.741,"Silva","NEON_D17_TEAK_DP1_322000_4097000_classified_point_cloud_colorized.laz","2018_TEAK_3_322000_4097000_image.tif","Tree",1,322000,322999.999,4097000,4097999.999
"6708",6930,322736.072,322741.261,4097070.776,4097076.543,"Silva","NEON_D17_TEAK_DP1_322000_4097000_classified_point_cloud_colorized.laz","2018_TEAK_3_322000_4097000_image.tif","Tree",1,322000,322999.999,4097000,4097999.999
"6709",6931,322934.549,322937.414,4097058.555,4097060.891,"Silva","NEON_D17_TEAK_DP1_322000_4097000_classified_point_cloud_colorized.laz","2018_TEAK_3_322000_4097000_image.tif","Tree",1,322000,322999.999,4097000,4097999.999
"6710",6932,322898.545,322909.965,4097055.529,4097066.422,"Silva","NEON_D17_TEAK_DP1_322000_4097000_classified_point_cloud_colorized.laz","2018_TEAK_3_322000_4097000_image.tif","Tree",1,322000,322999.999,4097000,4097999.999
"6711",6933,322811.515,322812.38,4097064.034,4097064.964,"Silva","NEON_D17_TEAK_DP1_322000_4097000_classified_point_cloud_colorized.laz","2018_TEAK_3_322000_4097000_image.tif","Tree",1,322000,322999.999,4097000,4097999.999
"6712",6934,322713.215,322721.975,4097068.074,4097079.04,"Silva","NEON_D17_TEAK_DP1_322000_4097000_classified_point_cloud_colorized.laz","2018_TEAK_3_322000_4097000_image.tif","Tree",1,322000,322999.999,4097000,4097999.999
"6713",6935,322330.521,322339.472,4097096.647,4097104.383,"Silva","NEON_D17_TEAK_DP1_322000_4097000_classified_point_cloud_colorized.laz","2018_TEAK_3_322000_4097000_image.tif","Tree",1,322000,322999.999,4097000,4097999.999
"6714",6936,322567.616,322570.147,4097082.289,4097089.433,"Silva","NEON_D17_TEAK_DP1_322000_4097000_classified_point_cloud_colorized.laz","2018_TEAK_3_322000_4097000_image.tif","Tree",1,322000,322999.999,4097000,4097999.999
"6715",6937,322613.652,322620.418,4097078.188,4097082.488,"Silva","NEON_D17_TEAK_DP1_322000_4097000_classified_point_cloud_colorized.laz","2018_TEAK_3_322000_4097000_image.tif","Tree",1,322000,322999.999,4097000,4097999.999
"6716",6938,322889.167,322892.945,4097059.544,4097062.923,"Silva","NEON_D17_TEAK_DP1_322000_4097000_classified_point_cloud_colorized.laz","2018_TEAK_3_322000_4097000_image.tif","Tree",1,322000,322999.999,4097000,4097999.999
"6717",6939,322692.074,322700.401,4097071.121,4097078.436,"Silva","NEON_D17_TEAK_DP1_322000_4097000_classified_point_cloud_colorized.laz","2018_TEAK_3_322000_4097000_image.tif","Tree",1,322000,322999.999,4097000,4097999.999
"6718",6940,322489.522,322492.46,4097087.209,4097090.881,"Silva","NEON_D17_TEAK_DP1_322000_4097000_classified_point_cloud_colorized.laz","2018_TEAK_3_322000_4097000_image.tif","Tree",1,322000,322999.999,4097000,4097999.999
"6719",6941,322956.022,322961.597,4097050.536,4097057.485,"Silva","NEON_D17_TEAK_DP1_322000_4097000_classified_point_cloud_colorized.laz","2018_TEAK_3_322000_4097000_image.tif","Tree",1,322000,322999.999,4097000,4097999.999
"6720",6942,322908.124,322919.132,4097051.157,4097061.122,"Silva","NEON_D17_TEAK_DP1_322000_4097000_classified_point_cloud_colorized.laz","2018_TEAK_3_322000_4097000_image.tif","Tree",1,322000,322999.999,4097000,4097999.999
"6721",6943,322784.082,322787.843,4097064.622,4097068.34,"Silva","NEON_D17_TEAK_DP1_322000_4097000_classified_point_cloud_colorized.laz","2018_TEAK_3_322000_4097000_image.tif","Tree",1,322000,322999.999,4097000,4097999.999
"6722",6944,322412.084,322416.312,4097090.023,4097095.962,"Silva","NEON_D17_TEAK_DP1_322000_4097000_classified_point_cloud_colorized.laz","2018_TEAK_3_322000_4097000_image.tif","Tree",1,322000,322999.999,4097000,4097999.999
"6723",6945,322464.068,322472.999,4097083.527,4097094.263,"Silva","NEON_D17_TEAK_DP1_322000_4097000_classified_point_cloud_colorized.laz","2018_TEAK_3_322000_4097000_image.tif","Tree",1,322000,322999.999,4097000,4097999.999
"6724",6946,322498.227,322503.212,4097083.67,4097086.766,"Silva","NEON_D17_TEAK_DP1_322000_4097000_classified_point_cloud_colorized.laz","2018_TEAK_3_322000_4097000_image.tif","Tree",1,322000,322999.999,4097000,4097999.999
"6725",6947,322883.16,322887.947,4097055.521,4097060.866,"Silva","NEON_D17_TEAK_DP1_322000_4097000_classified_point_cloud_colorized.laz","2018_TEAK_3_322000_4097000_image.tif","Tree",1,322000,322999.999,4097000,4097999.999
"6726",6948,322768.176,322773.396,4097064.009,4097069.764,"Silva","NEON_D17_TEAK_DP1_322000_4097000_classified_point_cloud_colorized.laz","2018_TEAK_3_322000_4097000_image.tif","Tree",1,322000,322999.999,4097000,4097999.999
"6727",6949,322643.025,322650.816,4097068.717,4097079.447,"Silva","NEON_D17_TEAK_DP1_322000_4097000_classified_point_cloud_colorized.laz","2018_TEAK_3_322000_4097000_image.tif","Tree",1,322000,322999.999,4097000,4097999.999
"6728",6950,322392.527,322399.236,4097087.631,4097095.979,"Silva","NEON_D17_TEAK_DP1_322000_4097000_classified_point_cloud_colorized.laz","2018_TEAK_3_322000_4097000_image.tif","Tree",1,322000,322999.999,4097000,4097999.999
"6729",6951,322386.621,322388.161,4097091.642,4097093.26,"Silva","NEON_D17_TEAK_DP1_322000_4097000_classified_point_cloud_colorized.laz","2018_TEAK_3_322000_4097000_image.tif","Tree",1,322000,322999.999,4097000,4097999.999
"6730",6952,322579.8,322586.915,4097075.529,4097082.412,"Silva","NEON_D17_TEAK_DP1_322000_4097000_classified_point_cloud_colorized.laz","2018_TEAK_3_322000_4097000_image.tif","Tree",1,322000,322999.999,4097000,4097999.999
"6731",6953,322710.675,322712.337,4097067.266,4097072.344,"Silva","NEON_D17_TEAK_DP1_322000_4097000_classified_point_cloud_colorized.laz","2018_TEAK_3_322000_4097000_image.tif","Tree",1,322000,322999.999,4097000,4097999.999
"6732",6954,322759.719,322767.443,4097063.172,4097068.861,"Silva","NEON_D17_TEAK_DP1_322000_4097000_classified_point_cloud_colorized.laz","2018_TEAK_3_322000_4097000_image.tif","Tree",1,322000,322999.999,4097000,4097999.999
"6733",6955,322630.113,322637.458,4097069.592,4097076.965,"Silva","NEON_D17_TEAK_DP1_322000_4097000_classified_point_cloud_colorized.laz","2018_TEAK_3_322000_4097000_image.tif","Tree",1,322000,322999.999,4097000,4097999.999
"6734",6956,322546.136,322555.35,4097073.589,4097084.495,"Silva","NEON_D17_TEAK_DP1_322000_4097000_classified_point_cloud_colorized.laz","2018_TEAK_3_322000_4097000_image.tif","Tree",1,322000,322999.999,4097000,4097999.999
"6735",6957,322329.613,322335.601,4097091.581,4097097.255,"Silva","NEON_D17_TEAK_DP1_322000_4097000_classified_point_cloud_colorized.laz","2018_TEAK_3_322000_4097000_image.tif","Tree",1,322000,322999.999,4097000,4097999.999
"6736",6958,322350.568,322360.464,4097087.521,4097096.281,"Silva","NEON_D17_TEAK_DP1_322000_4097000_classified_point_cloud_colorized.laz","2018_TEAK_3_322000_4097000_image.tif","Tree",1,322000,322999.999,4097000,4097999.999
"6737",6959,322601.536,322609.439,4097071.613,4097079.882,"Silva","NEON_D17_TEAK_DP1_322000_4097000_classified_point_cloud_colorized.laz","2018_TEAK_3_322000_4097000_image.tif","Tree",1,322000,322999.999,4097000,4097999.999
"6738",6960,322766.531,322770.556,4097060.824,4097066.931,"Silva","NEON_D17_TEAK_DP1_322000_4097000_classified_point_cloud_colorized.laz","2018_TEAK_3_322000_4097000_image.tif","Tree",1,322000,322999.999,4097000,4097999.999
"6739",6961,322970.028,322980.999,4097041.23,4097052.937,"Silva","NEON_D17_TEAK_DP1_322000_4097000_classified_point_cloud_colorized.laz","2018_TEAK_3_322000_4097000_image.tif","Tree",1,322000,322999.999,4097000,4097999.999
"6740",6962,322938.162,322943.098,4097047.697,4097054.9,"Silva","NEON_D17_TEAK_DP1_322000_4097000_classified_point_cloud_colorized.laz","2018_TEAK_3_322000_4097000_image.tif","Tree",1,322000,322999.999,4097000,4097999.999
"6741",6963,322799.663,322802.973,4097058.672,4097061.897,"Silva","NEON_D17_TEAK_DP1_322000_4097000_classified_point_cloud_colorized.laz","2018_TEAK_3_322000_4097000_image.tif","Tree",1,322000,322999.999,4097000,4097999.999
"6742",6964,322785.326,322787.428,4097062.002,4097064.353,"Silva","NEON_D17_TEAK_DP1_322000_4097000_classified_point_cloud_colorized.laz","2018_TEAK_3_322000_4097000_image.tif","Tree",1,322000,322999.999,4097000,4097999.999
"6743",6965,322782.148,322784.953,4097060.738,4097063.442,"Silva","NEON_D17_TEAK_DP1_322000_4097000_classified_point_cloud_colorized.laz","2018_TEAK_3_322000_4097000_image.tif","Tree",1,322000,322999.999,4097000,4097999.999
"6744",6966,322410.082,322414.994,4097085.209,4097090.5,"Silva","NEON_D17_TEAK_DP1_322000_4097000_classified_point_cloud_colorized.laz","2018_TEAK_3_322000_4097000_image.tif","Tree",1,322000,322999.999,4097000,4097999.999
"6745",6967,322504.147,322506.984,4097080.098,4097082.493,"Silva","NEON_D17_TEAK_DP1_322000_4097000_classified_point_cloud_colorized.laz","2018_TEAK_3_322000_4097000_image.tif","Tree",1,322000,322999.999,4097000,4097999.999
"6746",6968,322699.027,322703.401,4097065.167,4097070.487,"Silva","NEON_D17_TEAK_DP1_322000_4097000_classified_point_cloud_colorized.laz","2018_TEAK_3_322000_4097000_image.tif","Tree",1,322000,322999.999,4097000,4097999.999
"6747",6969,322761.017,322766.922,4097058.813,4097063.944,"Silva","NEON_D17_TEAK_DP1_322000_4097000_classified_point_cloud_colorized.laz","2018_TEAK_3_322000_4097000_image.tif","Tree",1,322000,322999.999,4097000,4097999.999
"6748",6970,322872.604,322878.489,4097051.284,4097057.791,"Silva","NEON_D17_TEAK_DP1_322000_4097000_classified_point_cloud_colorized.laz","2018_TEAK_3_322000_4097000_image.tif","Tree",1,322000,322999.999,4097000,4097999.999
"6749",6971,322889.323,322892.847,4097051.727,4097055.854,"Silva","NEON_D17_TEAK_DP1_322000_4097000_classified_point_cloud_colorized.laz","2018_TEAK_3_322000_4097000_image.tif","Tree",1,322000,322999.999,4097000,4097999.999
"6750",6972,322789.585,322789.902,4097060.336,4097061.138,"Silva","NEON_D17_TEAK_DP1_322000_4097000_classified_point_cloud_colorized.laz","2018_TEAK_3_322000_4097000_image.tif","Tree",1,322000,322999.999,4097000,4097999.999
"6751",6973,322396.269,322402.686,4097085.052,4097091.725,"Silva","NEON_D17_TEAK_DP1_322000_4097000_classified_point_cloud_colorized.laz","2018_TEAK_3_322000_4097000_image.tif","Tree",1,322000,322999.999,4097000,4097999.999
"6752",6974,322370.037,322374.349,4097085.079,4097087.647,"Silva","NEON_D17_TEAK_DP1_322000_4097000_classified_point_cloud_colorized.laz","2018_TEAK_3_322000_4097000_image.tif","Tree",1,322000,322999.999,4097000,4097999.999
"6753",6975,322946.75,322958.532,4097043.029,4097051.993,"Silva","NEON_D17_TEAK_DP1_322000_4097000_classified_point_cloud_colorized.laz","2018_TEAK_3_322000_4097000_image.tif","Tree",1,322000,322999.999,4097000,4097999.999
"6754",6976,322928.248,322929.448,4097048.718,4097049.854,"Silva","NEON_D17_TEAK_DP1_322000_4097000_classified_point_cloud_colorized.laz","2018_TEAK_3_322000_4097000_image.tif","Tree",1,322000,322999.999,4097000,4097999.999
"6755",6977,322900.511,322908.91,4097046.012,4097054.984,"Silva","NEON_D17_TEAK_DP1_322000_4097000_classified_point_cloud_colorized.laz","2018_TEAK_3_322000_4097000_image.tif","Tree",1,322000,322999.999,4097000,4097999.999
"6756",6978,322774.288,322778.146,4097056.86,4097061.457,"Silva","NEON_D17_TEAK_DP1_322000_4097000_classified_point_cloud_colorized.laz","2018_TEAK_3_322000_4097000_image.tif","Tree",1,322000,322999.999,4097000,4097999.999
"6757",6979,322675.112,322682.481,4097063.022,4097070.156,"Silva","NEON_D17_TEAK_DP1_322000_4097000_classified_point_cloud_colorized.laz","2018_TEAK_3_322000_4097000_image.tif","Tree",1,322000,322999.999,4097000,4097999.999
"6758",6980,322660,322665.9,4097064.913,4097071.968,"Silva","NEON_D17_TEAK_DP1_322000_4097000_classified_point_cloud_colorized.laz","2018_TEAK_3_322000_4097000_image.tif","Tree",1,322000,322999.999,4097000,4097999.999
"6759",6981,322377.433,322384.485,4097082.038,4097089.407,"Silva","NEON_D17_TEAK_DP1_322000_4097000_classified_point_cloud_colorized.laz","2018_TEAK_3_322000_4097000_image.tif","Tree",1,322000,322999.999,4097000,4097999.999
"6760",6982,322711.046,322717.411,4097059.013,4097068.84,"Silva","NEON_D17_TEAK_DP1_322000_4097000_classified_point_cloud_colorized.laz","2018_TEAK_3_322000_4097000_image.tif","Tree",1,322000,322999.999,4097000,4097999.999
"6761",6983,322768.023,322774.49,4097055.019,4097062.485,"Silva","NEON_D17_TEAK_DP1_322000_4097000_classified_point_cloud_colorized.laz","2018_TEAK_3_322000_4097000_image.tif","Tree",1,322000,322999.999,4097000,4097999.999
"6762",6984,322793.13,322798.941,4097054.577,4097058.843,"Silva","NEON_D17_TEAK_DP1_322000_4097000_classified_point_cloud_colorized.laz","2018_TEAK_3_322000_4097000_image.tif","Tree",1,322000,322999.999,4097000,4097999.999
"6763",6985,322666.619,322670.777,4097064.274,4097069.338,"Silva","NEON_D17_TEAK_DP1_322000_4097000_classified_point_cloud_colorized.laz","2018_TEAK_3_322000_4097000_image.tif","Tree",1,322000,322999.999,4097000,4097999.999
"6764",6986,322868.292,322870.847,4097049.613,4097053.496,"Silva","NEON_D17_TEAK_DP1_322000_4097000_classified_point_cloud_colorized.laz","2018_TEAK_3_322000_4097000_image.tif","Tree",1,322000,322999.999,4097000,4097999.999
"6765",6987,322399.5,322402.393,4097078.501,4097083.837,"Silva","NEON_D17_TEAK_DP1_322000_4097000_classified_point_cloud_colorized.laz","2018_TEAK_3_322000_4097000_image.tif","Tree",1,322000,322999.999,4097000,4097999.999
"6766",6988,322345.79,322354.475,4097081.638,4097091.132,"Silva","NEON_D17_TEAK_DP1_322000_4097000_classified_point_cloud_colorized.laz","2018_TEAK_3_322000_4097000_image.tif","Tree",1,322000,322999.999,4097000,4097999.999
"6767",6989,322691.716,322695.841,4097057.149,4097064.355,"Silva","NEON_D17_TEAK_DP1_322000_4097000_classified_point_cloud_colorized.laz","2018_TEAK_3_322000_4097000_image.tif","Tree",1,322000,322999.999,4097000,4097999.999
"6768",6990,322732.02,322741.385,4097054.104,4097061.927,"Silva","NEON_D17_TEAK_DP1_322000_4097000_classified_point_cloud_colorized.laz","2018_TEAK_3_322000_4097000_image.tif","Tree",1,322000,322999.999,4097000,4097999.999
"6769",6991,322757.494,322765.458,4097053.041,4097060.478,"Silva","NEON_D17_TEAK_DP1_322000_4097000_classified_point_cloud_colorized.laz","2018_TEAK_3_322000_4097000_image.tif","Tree",1,322000,322999.999,4097000,4097999.999
"6770",6992,322827.329,322834.42,4097052.469,4097056.462,"Silva","NEON_D17_TEAK_DP1_322000_4097000_classified_point_cloud_colorized.laz","2018_TEAK_3_322000_4097000_image.tif","Tree",1,322000,322999.999,4097000,4097999.999
"6771",6993,322912.103,322917.392,4097042.151,4097046.85,"Silva","NEON_D17_TEAK_DP1_322000_4097000_classified_point_cloud_colorized.laz","2018_TEAK_3_322000_4097000_image.tif","Tree",1,322000,322999.999,4097000,4097999.999
"6772",6994,322933.036,322938.999,4097040.205,4097046.965,"Silva","NEON_D17_TEAK_DP1_322000_4097000_classified_point_cloud_colorized.laz","2018_TEAK_3_322000_4097000_image.tif","Tree",1,322000,322999.999,4097000,4097999.999
"6773",6995,322800.017,322809.648,4097046.777,4097055.953,"Silva","NEON_D17_TEAK_DP1_322000_4097000_classified_point_cloud_colorized.laz","2018_TEAK_3_322000_4097000_image.tif","Tree",1,322000,322999.999,4097000,4097999.999
"6774",6996,322781.915,322788.846,4097051.074,4097056.453,"Silva","NEON_D17_TEAK_DP1_322000_4097000_classified_point_cloud_colorized.laz","2018_TEAK_3_322000_4097000_image.tif","Tree",1,322000,322999.999,4097000,4097999.999
"6775",6997,322741.602,322749.462,4097051.018,4097059.147,"Silva","NEON_D17_TEAK_DP1_322000_4097000_classified_point_cloud_colorized.laz","2018_TEAK_3_322000_4097000_image.tif","Tree",1,322000,322999.999,4097000,4097999.999
"6776",6998,322498.266,322501.181,4097076.859,4097078,"Silva","NEON_D17_TEAK_DP1_322000_4097000_classified_point_cloud_colorized.laz","2018_TEAK_3_322000_4097000_image.tif","Tree",1,322000,322999.999,4097000,4097999.999
"6777",6999,322474.018,322476.954,4097073.016,4097078.222,"Silva","NEON_D17_TEAK_DP1_322000_4097000_classified_point_cloud_colorized.laz","2018_TEAK_3_322000_4097000_image.tif","Tree",1,322000,322999.999,4097000,4097999.999
"6778",7000,322465.26,322467.187,4097075.034,4097077.127,"Silva","NEON_D17_TEAK_DP1_322000_4097000_classified_point_cloud_colorized.laz","2018_TEAK_3_322000_4097000_image.tif","Tree",1,322000,322999.999,4097000,4097999.999
"6779",7001,322654.568,322662.174,4097059.513,4097065.99,"Silva","NEON_D17_TEAK_DP1_322000_4097000_classified_point_cloud_colorized.laz","2018_TEAK_3_322000_4097000_image.tif","Tree",1,322000,322999.999,4097000,4097999.999
"6780",7002,322684.143,322692.233,4097056.589,4097061.874,"Silva","NEON_D17_TEAK_DP1_322000_4097000_classified_point_cloud_colorized.laz","2018_TEAK_3_322000_4097000_image.tif","Tree",1,322000,322999.999,4097000,4097999.999
"6781",7003,322862.135,322862.476,4097048.117,4097048.388,"Silva","NEON_D17_TEAK_DP1_322000_4097000_classified_point_cloud_colorized.laz","2018_TEAK_3_322000_4097000_image.tif","Tree",1,322000,322999.999,4097000,4097999.999
"6782",7004,322361.037,322370.43,4097073.667,4097084.484,"Silva","NEON_D17_TEAK_DP1_322000_4097000_classified_point_cloud_colorized.laz","2018_TEAK_3_322000_4097000_image.tif","Tree",1,322000,322999.999,4097000,4097999.999
"6783",7005,322417.52,322424.969,4097073.027,4097081.439,"Silva","NEON_D17_TEAK_DP1_322000_4097000_classified_point_cloud_colorized.laz","2018_TEAK_3_322000_4097000_image.tif","Tree",1,322000,322999.999,4097000,4097999.999
"6784",7006,322765.512,322771.464,4097049.897,4097056.116,"Silva","NEON_D17_TEAK_DP1_322000_4097000_classified_point_cloud_colorized.laz","2018_TEAK_3_322000_4097000_image.tif","Tree",1,322000,322999.999,4097000,4097999.999
"6785",7007,322865.508,322866.437,4097045.525,4097046.02,"Silva","NEON_D17_TEAK_DP1_322000_4097000_classified_point_cloud_colorized.laz","2018_TEAK_3_322000_4097000_image.tif","Tree",1,322000,322999.999,4097000,4097999.999
"6786",7008,322914.192,322920.416,4097038.153,4097045.467,"Silva","NEON_D17_TEAK_DP1_322000_4097000_classified_point_cloud_colorized.laz","2018_TEAK_3_322000_4097000_image.tif","Tree",1,322000,322999.999,4097000,4097999.999
"6787",7009,322892.716,322902.471,4097037.005,4097045.953,"Silva","NEON_D17_TEAK_DP1_322000_4097000_classified_point_cloud_colorized.laz","2018_TEAK_3_322000_4097000_image.tif","Tree",1,322000,322999.999,4097000,4097999.999
"6788",7010,322812.563,322818.449,4097043.285,4097052.631,"Silva","NEON_D17_TEAK_DP1_322000_4097000_classified_point_cloud_colorized.laz","2018_TEAK_3_322000_4097000_image.tif","Tree",1,322000,322999.999,4097000,4097999.999
"6789",7011,322793.111,322797.302,4097045.548,4097051.515,"Silva","NEON_D17_TEAK_DP1_322000_4097000_classified_point_cloud_colorized.laz","2018_TEAK_3_322000_4097000_image.tif","Tree",1,322000,322999.999,4097000,4097999.999
"6790",7012,322661.323,322667.234,4097057.225,4097063.46,"Silva","NEON_D17_TEAK_DP1_322000_4097000_classified_point_cloud_colorized.laz","2018_TEAK_3_322000_4097000_image.tif","Tree",1,322000,322999.999,4097000,4097999.999
"6791",7013,322582.061,322587.407,4097061.103,4097068.969,"Silva","NEON_D17_TEAK_DP1_322000_4097000_classified_point_cloud_colorized.laz","2018_TEAK_3_322000_4097000_image.tif","Tree",1,322000,322999.999,4097000,4097999.999
"6792",7014,322568.335,322572.48,4097062.679,4097067.972,"Silva","NEON_D17_TEAK_DP1_322000_4097000_classified_point_cloud_colorized.laz","2018_TEAK_3_322000_4097000_image.tif","Tree",1,322000,322999.999,4097000,4097999.999
"6793",7015,322709.069,322713.44,4097053.574,4097057.409,"Silva","NEON_D17_TEAK_DP1_322000_4097000_classified_point_cloud_colorized.laz","2018_TEAK_3_322000_4097000_image.tif","Tree",1,322000,322999.999,4097000,4097999.999
"6794",7016,322759.281,322765.451,4097049.634,4097054.35,"Silva","NEON_D17_TEAK_DP1_322000_4097000_classified_point_cloud_colorized.laz","2018_TEAK_3_322000_4097000_image.tif","Tree",1,322000,322999.999,4097000,4097999.999
"6795",7017,322546.002,322553.486,4097061.551,4097068.985,"Silva","NEON_D17_TEAK_DP1_322000_4097000_classified_point_cloud_colorized.laz","2018_TEAK_3_322000_4097000_image.tif","Tree",1,322000,322999.999,4097000,4097999.999
"6796",7018,322505.048,322509.991,4097067.09,4097071.376,"Silva","NEON_D17_TEAK_DP1_322000_4097000_classified_point_cloud_colorized.laz","2018_TEAK_3_322000_4097000_image.tif","Tree",1,322000,322999.999,4097000,4097999.999
"6797",7019,322465.655,322469.201,4097069.24,4097071.957,"Silva","NEON_D17_TEAK_DP1_322000_4097000_classified_point_cloud_colorized.laz","2018_TEAK_3_322000_4097000_image.tif","Tree",1,322000,322999.999,4097000,4097999.999
"6798",7020,322689.556,322693.939,4097048.549,4097057.095,"Silva","NEON_D17_TEAK_DP1_322000_4097000_classified_point_cloud_colorized.laz","2018_TEAK_3_322000_4097000_image.tif","Tree",1,322000,322999.999,4097000,4097999.999
"6799",7021,322859.143,322863.998,4097040.54,4097045.295,"Silva","NEON_D17_TEAK_DP1_322000_4097000_classified_point_cloud_colorized.laz","2018_TEAK_3_322000_4097000_image.tif","Tree",1,322000,322999.999,4097000,4097999.999
"6800",7022,322986.527,322993.72,4097027.013,4097035.377,"Silva","NEON_D17_TEAK_DP1_322000_4097000_classified_point_cloud_colorized.laz","2018_TEAK_3_322000_4097000_image.tif","Tree",1,322000,322999.999,4097000,4097999.999
"6801",7023,322794.077,322804.481,4097041.085,4097051.462,"Silva","NEON_D17_TEAK_DP1_322000_4097000_classified_point_cloud_colorized.laz","2018_TEAK_3_322000_4097000_image.tif","Tree",1,322000,322999.999,4097000,4097999.999
"6802",7024,322681.663,322690.49,4097049.015,4097058.92,"Silva","NEON_D17_TEAK_DP1_322000_4097000_classified_point_cloud_colorized.laz","2018_TEAK_3_322000_4097000_image.tif","Tree",1,322000,322999.999,4097000,4097999.999
"6803",7025,322354.051,322362.907,4097072.148,4097083.268,"Silva","NEON_D17_TEAK_DP1_322000_4097000_classified_point_cloud_colorized.laz","2018_TEAK_3_322000_4097000_image.tif","Tree",1,322000,322999.999,4097000,4097999.999
"6804",7026,322660.03,322666.981,4097051.608,4097057.553,"Silva","NEON_D17_TEAK_DP1_322000_4097000_classified_point_cloud_colorized.laz","2018_TEAK_3_322000_4097000_image.tif","Tree",1,322000,322999.999,4097000,4097999.999
"6805",7027,322746.434,322756.122,4097044.032,4097052.979,"Silva","NEON_D17_TEAK_DP1_322000_4097000_classified_point_cloud_colorized.laz","2018_TEAK_3_322000_4097000_image.tif","Tree",1,322000,322999.999,4097000,4097999.999
"6806",7028,322760.727,322766.513,4097045.601,4097050.421,"Silva","NEON_D17_TEAK_DP1_322000_4097000_classified_point_cloud_colorized.laz","2018_TEAK_3_322000_4097000_image.tif","Tree",1,322000,322999.999,4097000,4097999.999
"6807",7029,322778.65,322784.107,4097044.245,4097050.7,"Silva","NEON_D17_TEAK_DP1_322000_4097000_classified_point_cloud_colorized.laz","2018_TEAK_3_322000_4097000_image.tif","Tree",1,322000,322999.999,4097000,4097999.999
"6808",7030,322826.589,322830.497,4097041.007,4097046.668,"Silva","NEON_D17_TEAK_DP1_322000_4097000_classified_point_cloud_colorized.laz","2018_TEAK_3_322000_4097000_image.tif","Tree",1,322000,322999.999,4097000,4097999.999
"6809",7031,322729.001,322736.945,4097047.367,4097052.095,"Silva","NEON_D17_TEAK_DP1_322000_4097000_classified_point_cloud_colorized.laz","2018_TEAK_3_322000_4097000_image.tif","Tree",1,322000,322999.999,4097000,4097999.999
"6810",7032,322463.52,322470.187,4097065.005,4097071.471,"Silva","NEON_D17_TEAK_DP1_322000_4097000_classified_point_cloud_colorized.laz","2018_TEAK_3_322000_4097000_image.tif","Tree",1,322000,322999.999,4097000,4097999.999
"6811",7033,322501.009,322505.957,4097064.046,4097068.496,"Silva","NEON_D17_TEAK_DP1_322000_4097000_classified_point_cloud_colorized.laz","2018_TEAK_3_322000_4097000_image.tif","Tree",1,322000,322999.999,4097000,4097999.999
"6812",7034,322699.876,322704.47,4097049.044,4097053.913,"Silva","NEON_D17_TEAK_DP1_322000_4097000_classified_point_cloud_colorized.laz","2018_TEAK_3_322000_4097000_image.tif","Tree",1,322000,322999.999,4097000,4097999.999
"6813",7035,322883.531,322891.821,4097033.502,4097042.44,"Silva","NEON_D17_TEAK_DP1_322000_4097000_classified_point_cloud_colorized.laz","2018_TEAK_3_322000_4097000_image.tif","Tree",1,322000,322999.999,4097000,4097999.999
"6814",7036,322911.052,322918.457,4097033.058,4097039.424,"Silva","NEON_D17_TEAK_DP1_322000_4097000_classified_point_cloud_colorized.laz","2018_TEAK_3_322000_4097000_image.tif","Tree",1,322000,322999.999,4097000,4097999.999
"6815",7037,322584.626,322591.281,4097055.005,4097062.074,"Silva","NEON_D17_TEAK_DP1_322000_4097000_classified_point_cloud_colorized.laz","2018_TEAK_3_322000_4097000_image.tif","Tree",1,322000,322999.999,4097000,4097999.999
"6816",7038,322389.553,322399.405,4097065.096,4097075.496,"Silva","NEON_D17_TEAK_DP1_322000_4097000_classified_point_cloud_colorized.laz","2018_TEAK_3_322000_4097000_image.tif","Tree",1,322000,322999.999,4097000,4097999.999
"6817",7039,322715.033,322722.438,4097046.03,4097052.028,"Silva","NEON_D17_TEAK_DP1_322000_4097000_classified_point_cloud_colorized.laz","2018_TEAK_3_322000_4097000_image.tif","Tree",1,322000,322999.999,4097000,4097999.999
"6818",7040,322970.544,322977.494,4097025.598,4097034.372,"Silva","NEON_D17_TEAK_DP1_322000_4097000_classified_point_cloud_colorized.laz","2018_TEAK_3_322000_4097000_image.tif","Tree",1,322000,322999.999,4097000,4097999.999
"6819",7041,322933.65,322940.476,4097029.522,4097036.441,"Silva","NEON_D17_TEAK_DP1_322000_4097000_classified_point_cloud_colorized.laz","2018_TEAK_3_322000_4097000_image.tif","Tree",1,322000,322999.999,4097000,4097999.999
"6820",7042,322774.226,322781.388,4097041.217,4097047.888,"Silva","NEON_D17_TEAK_DP1_322000_4097000_classified_point_cloud_colorized.laz","2018_TEAK_3_322000_4097000_image.tif","Tree",1,322000,322999.999,4097000,4097999.999
"6821",7043,322767.574,322774.407,4097040.216,4097047.894,"Silva","NEON_D17_TEAK_DP1_322000_4097000_classified_point_cloud_colorized.laz","2018_TEAK_3_322000_4097000_image.tif","Tree",1,322000,322999.999,4097000,4097999.999
"6822",7044,322366.519,322375.929,4097072.59,4097075.998,"Silva","NEON_D17_TEAK_DP1_322000_4097000_classified_point_cloud_colorized.laz","2018_TEAK_3_322000_4097000_image.tif","Tree",1,322000,322999.999,4097000,4097999.999
"6823",7045,322804.831,322810.839,4097039.58,4097046.461,"Silva","NEON_D17_TEAK_DP1_322000_4097000_classified_point_cloud_colorized.laz","2018_TEAK_3_322000_4097000_image.tif","Tree",1,322000,322999.999,4097000,4097999.999
"6824",7046,322987.504,322999.455,4097019.839,4097033.367,"Silva","NEON_D17_TEAK_DP1_322000_4097000_classified_point_cloud_colorized.laz","2018_TEAK_3_322000_4097000_image.tif","Tree",1,322000,322999.999,4097000,4097999.999
"6825",7047,322645.54,322651.45,4097049.069,4097054.896,"Silva","NEON_D17_TEAK_DP1_322000_4097000_classified_point_cloud_colorized.laz","2018_TEAK_3_322000_4097000_image.tif","Tree",1,322000,322999.999,4097000,4097999.999
"6826",7048,322573.001,322579.738,4097053.127,4097059.467,"Silva","NEON_D17_TEAK_DP1_322000_4097000_classified_point_cloud_colorized.laz","2018_TEAK_3_322000_4097000_image.tif","Tree",1,322000,322999.999,4097000,4097999.999
"6827",7049,322789.627,322797.318,4097037.601,4097045.483,"Silva","NEON_D17_TEAK_DP1_322000_4097000_classified_point_cloud_colorized.laz","2018_TEAK_3_322000_4097000_image.tif","Tree",1,322000,322999.999,4097000,4097999.999
"6828",7050,322952.271,322953.477,4097028.191,4097031.949,"Silva","NEON_D17_TEAK_DP1_322000_4097000_classified_point_cloud_colorized.laz","2018_TEAK_3_322000_4097000_image.tif","Tree",1,322000,322999.999,4097000,4097999.999
"6829",7051,322953.003,322964.49,4097023.569,4097033.307,"Silva","NEON_D17_TEAK_DP1_322000_4097000_classified_point_cloud_colorized.laz","2018_TEAK_3_322000_4097000_image.tif","Tree",1,322000,322999.999,4097000,4097999.999
"6830",7052,322760.054,322762.776,4097042.103,4097043.545,"Silva","NEON_D17_TEAK_DP1_322000_4097000_classified_point_cloud_colorized.laz","2018_TEAK_3_322000_4097000_image.tif","Tree",1,322000,322999.999,4097000,4097999.999
"6831",7053,322708.627,322713.951,4097044.026,4097047.984,"Silva","NEON_D17_TEAK_DP1_322000_4097000_classified_point_cloud_colorized.laz","2018_TEAK_3_322000_4097000_image.tif","Tree",1,322000,322999.999,4097000,4097999.999
"6832",7054,322661.515,322671.369,4097041.576,4097051.958,"Silva","NEON_D17_TEAK_DP1_322000_4097000_classified_point_cloud_colorized.laz","2018_TEAK_3_322000_4097000_image.tif","Tree",1,322000,322999.999,4097000,4097999.999
"6833",7055,322860.003,322865.452,4097032.071,4097036.482,"Silva","NEON_D17_TEAK_DP1_322000_4097000_classified_point_cloud_colorized.laz","2018_TEAK_3_322000_4097000_image.tif","Tree",1,322000,322999.999,4097000,4097999.999
"6834",7056,322640.057,322646.882,4097043.658,4097054.014,"Silva","NEON_D17_TEAK_DP1_322000_4097000_classified_point_cloud_colorized.laz","2018_TEAK_3_322000_4097000_image.tif","Tree",1,322000,322999.999,4097000,4097999.999
"6835",7057,322619.588,322625.33,4097047.641,4097052.776,"Silva","NEON_D17_TEAK_DP1_322000_4097000_classified_point_cloud_colorized.laz","2018_TEAK_3_322000_4097000_image.tif","Tree",1,322000,322999.999,4097000,4097999.999
"6836",7058,322481.957,322489.976,4097052.159,4097063.278,"Silva","NEON_D17_TEAK_DP1_322000_4097000_classified_point_cloud_colorized.laz","2018_TEAK_3_322000_4097000_image.tif","Tree",1,322000,322999.999,4097000,4097999.999
"6837",7059,322712.579,322717.192,4097040.637,4097045.3,"Silva","NEON_D17_TEAK_DP1_322000_4097000_classified_point_cloud_colorized.laz","2018_TEAK_3_322000_4097000_image.tif","Tree",1,322000,322999.999,4097000,4097999.999
"6838",7060,322768.018,322775.946,4097034.607,4097042.565,"Silva","NEON_D17_TEAK_DP1_322000_4097000_classified_point_cloud_colorized.laz","2018_TEAK_3_322000_4097000_image.tif","Tree",1,322000,322999.999,4097000,4097999.999
"6839",7061,322745.002,322751.93,4097035.741,4097045.685,"Silva","NEON_D17_TEAK_DP1_322000_4097000_classified_point_cloud_colorized.laz","2018_TEAK_3_322000_4097000_image.tif","Tree",1,322000,322999.999,4097000,4097999.999
"6840",7062,322699.083,322703.251,4097041.868,4097045.456,"Silva","NEON_D17_TEAK_DP1_322000_4097000_classified_point_cloud_colorized.laz","2018_TEAK_3_322000_4097000_image.tif","Tree",1,322000,322999.999,4097000,4097999.999
"6841",7063,322636.359,322641.876,4097044.063,4097051.98,"Silva","NEON_D17_TEAK_DP1_322000_4097000_classified_point_cloud_colorized.laz","2018_TEAK_3_322000_4097000_image.tif","Tree",1,322000,322999.999,4097000,4097999.999
"6842",7064,322735.85,322745.724,4097034.588,4097045.811,"Silva","NEON_D17_TEAK_DP1_322000_4097000_classified_point_cloud_colorized.laz","2018_TEAK_3_322000_4097000_image.tif","Tree",1,322000,322999.999,4097000,4097999.999
"6843",7065,322782.098,322786.255,4097035.038,4097039.94,"Silva","NEON_D17_TEAK_DP1_322000_4097000_classified_point_cloud_colorized.laz","2018_TEAK_3_322000_4097000_image.tif","Tree",1,322000,322999.999,4097000,4097999.999
"6844",7066,322865.502,322870.407,4097029.032,4097034.492,"Silva","NEON_D17_TEAK_DP1_322000_4097000_classified_point_cloud_colorized.laz","2018_TEAK_3_322000_4097000_image.tif","Tree",1,322000,322999.999,4097000,4097999.999
"6845",7067,322934.071,322941.479,4097022.073,4097029.493,"Silva","NEON_D17_TEAK_DP1_322000_4097000_classified_point_cloud_colorized.laz","2018_TEAK_3_322000_4097000_image.tif","Tree",1,322000,322999.999,4097000,4097999.999
"6846",7068,322645.781,322652.721,4097043.012,4097048.496,"Silva","NEON_D17_TEAK_DP1_322000_4097000_classified_point_cloud_colorized.laz","2018_TEAK_3_322000_4097000_image.tif","Tree",1,322000,322999.999,4097000,4097999.999
"6847",7069,322499.603,322502.368,4097053.592,4097056.419,"Silva","NEON_D17_TEAK_DP1_322000_4097000_classified_point_cloud_colorized.laz","2018_TEAK_3_322000_4097000_image.tif","Tree",1,322000,322999.999,4097000,4097999.999
"6848",7070,322369.699,322371.696,4097061.062,4097063.029,"Silva","NEON_D17_TEAK_DP1_322000_4097000_classified_point_cloud_colorized.laz","2018_TEAK_3_322000_4097000_image.tif","Tree",1,322000,322999.999,4097000,4097999.999
"6849",7071,322460.261,322462.282,4097056.059,4097058.474,"Silva","NEON_D17_TEAK_DP1_322000_4097000_classified_point_cloud_colorized.laz","2018_TEAK_3_322000_4097000_image.tif","Tree",1,322000,322999.999,4097000,4097999.999
"6850",7072,322472.555,322475.835,4097053.104,4097058.365,"Silva","NEON_D17_TEAK_DP1_322000_4097000_classified_point_cloud_colorized.laz","2018_TEAK_3_322000_4097000_image.tif","Tree",1,322000,322999.999,4097000,4097999.999
"6851",7073,322964.047,322975.69,4097017.58,4097027.481,"Silva","NEON_D17_TEAK_DP1_322000_4097000_classified_point_cloud_colorized.laz","2018_TEAK_3_322000_4097000_image.tif","Tree",1,322000,322999.999,4097000,4097999.999
"6852",7074,322835.138,322839.398,4097029.617,4097034.411,"Silva","NEON_D17_TEAK_DP1_322000_4097000_classified_point_cloud_colorized.laz","2018_TEAK_3_322000_4097000_image.tif","Tree",1,322000,322999.999,4097000,4097999.999
"6853",7075,322517.011,322520.522,4097049.549,4097054.971,"Silva","NEON_D17_TEAK_DP1_322000_4097000_classified_point_cloud_colorized.laz","2018_TEAK_3_322000_4097000_image.tif","Tree",1,322000,322999.999,4097000,4097999.999
"6854",7076,322458.081,322458.898,4097055.82,4097056.393,"Silva","NEON_D17_TEAK_DP1_322000_4097000_classified_point_cloud_colorized.laz","2018_TEAK_3_322000_4097000_image.tif","Tree",1,322000,322999.999,4097000,4097999.999
"6855",7077,322430.144,322435.475,4097055.092,4097060.43,"Silva","NEON_D17_TEAK_DP1_322000_4097000_classified_point_cloud_colorized.laz","2018_TEAK_3_322000_4097000_image.tif","Tree",1,322000,322999.999,4097000,4097999.999
"6856",7078,322446.578,322450.778,4097054.2,4097057.993,"Silva","NEON_D17_TEAK_DP1_322000_4097000_classified_point_cloud_colorized.laz","2018_TEAK_3_322000_4097000_image.tif","Tree",1,322000,322999.999,4097000,4097999.999
"6857",7079,322469.57,322474.411,4097051.536,4097057.315,"Silva","NEON_D17_TEAK_DP1_322000_4097000_classified_point_cloud_colorized.laz","2018_TEAK_3_322000_4097000_image.tif","Tree",1,322000,322999.999,4097000,4097999.999
"6858",7080,322793.022,322798.962,4097031.12,4097037.157,"Silva","NEON_D17_TEAK_DP1_322000_4097000_classified_point_cloud_colorized.laz","2018_TEAK_3_322000_4097000_image.tif","Tree",1,322000,322999.999,4097000,4097999.999
"6859",7081,322854.507,322858.95,4097027.064,4097031.957,"Silva","NEON_D17_TEAK_DP1_322000_4097000_classified_point_cloud_colorized.laz","2018_TEAK_3_322000_4097000_image.tif","Tree",1,322000,322999.999,4097000,4097999.999
"6860",7082,322800.191,322803.931,4097029.321,4097034.365,"Silva","NEON_D17_TEAK_DP1_322000_4097000_classified_point_cloud_colorized.laz","2018_TEAK_3_322000_4097000_image.tif","Tree",1,322000,322999.999,4097000,4097999.999
"6861",7083,322814.596,322817.976,4097029.513,4097032.891,"Silva","NEON_D17_TEAK_DP1_322000_4097000_classified_point_cloud_colorized.laz","2018_TEAK_3_322000_4097000_image.tif","Tree",1,322000,322999.999,4097000,4097999.999
"6862",7084,322896.006,322903.432,4097020.46,4097029.995,"Silva","NEON_D17_TEAK_DP1_322000_4097000_classified_point_cloud_colorized.laz","2018_TEAK_3_322000_4097000_image.tif","Tree",1,322000,322999.999,4097000,4097999.999
"6863",7085,322806.048,322808.693,4097029.128,4097031.446,"Silva","NEON_D17_TEAK_DP1_322000_4097000_classified_point_cloud_colorized.laz","2018_TEAK_3_322000_4097000_image.tif","Tree",1,322000,322999.999,4097000,4097999.999
"6864",7086,322601.51,322608.46,4097038.514,4097045.883,"Silva","NEON_D17_TEAK_DP1_322000_4097000_classified_point_cloud_colorized.laz","2018_TEAK_3_322000_4097000_image.tif","Tree",1,322000,322999.999,4097000,4097999.999
"6865",7087,322415.281,322420.492,4097051.053,4097053.842,"Silva","NEON_D17_TEAK_DP1_322000_4097000_classified_point_cloud_colorized.laz","2018_TEAK_3_322000_4097000_image.tif","Tree",1,322000,322999.999,4097000,4097999.999
"6866",7088,322420.635,322425.493,4097047.588,4097052.935,"Silva","NEON_D17_TEAK_DP1_322000_4097000_classified_point_cloud_colorized.laz","2018_TEAK_3_322000_4097000_image.tif","Tree",1,322000,322999.999,4097000,4097999.999
"6867",7089,322473.549,322478.345,4097046.558,4097052.998,"Silva","NEON_D17_TEAK_DP1_322000_4097000_classified_point_cloud_colorized.laz","2018_TEAK_3_322000_4097000_image.tif","Tree",1,322000,322999.999,4097000,4097999.999
"6868",7090,322655.55,322661.363,4097034.544,4097040.98,"Silva","NEON_D17_TEAK_DP1_322000_4097000_classified_point_cloud_colorized.laz","2018_TEAK_3_322000_4097000_image.tif","Tree",1,322000,322999.999,4097000,4097999.999
"6869",7091,322716.557,322724.85,4097031.078,4097038.849,"Silva","NEON_D17_TEAK_DP1_322000_4097000_classified_point_cloud_colorized.laz","2018_TEAK_3_322000_4097000_image.tif","Tree",1,322000,322999.999,4097000,4097999.999
"6870",7092,322852.577,322857.793,4097023.515,4097028.431,"Silva","NEON_D17_TEAK_DP1_322000_4097000_classified_point_cloud_colorized.laz","2018_TEAK_3_322000_4097000_image.tif","Tree",1,322000,322999.999,4097000,4097999.999
"6871",7093,322752.583,322758.451,4097029.016,4097035.463,"Silva","NEON_D17_TEAK_DP1_322000_4097000_classified_point_cloud_colorized.laz","2018_TEAK_3_322000_4097000_image.tif","Tree",1,322000,322999.999,4097000,4097999.999
"6872",7094,322624.006,322633.644,4097036.507,4097042.955,"Silva","NEON_D17_TEAK_DP1_322000_4097000_classified_point_cloud_colorized.laz","2018_TEAK_3_322000_4097000_image.tif","Tree",1,322000,322999.999,4097000,4097999.999
"6873",7095,322576.167,322581.982,4097038.882,4097045.099,"Silva","NEON_D17_TEAK_DP1_322000_4097000_classified_point_cloud_colorized.laz","2018_TEAK_3_322000_4097000_image.tif","Tree",1,322000,322999.999,4097000,4097999.999
"6874",7096,322617.115,322623.884,4097036.126,4097043.371,"Silva","NEON_D17_TEAK_DP1_322000_4097000_classified_point_cloud_colorized.laz","2018_TEAK_3_322000_4097000_image.tif","Tree",1,322000,322999.999,4097000,4097999.999
"6875",7097,322661.502,322668.948,4097032.633,4097041.667,"Silva","NEON_D17_TEAK_DP1_322000_4097000_classified_point_cloud_colorized.laz","2018_TEAK_3_322000_4097000_image.tif","Tree",1,322000,322999.999,4097000,4097999.999
"6876",7098,322768.746,322774.43,4097027.025,4097034.476,"Silva","NEON_D17_TEAK_DP1_322000_4097000_classified_point_cloud_colorized.laz","2018_TEAK_3_322000_4097000_image.tif","Tree",1,322000,322999.999,4097000,4097999.999
"6877",7099,322831.23,322834.479,4097025.097,4097028.211,"Silva","NEON_D17_TEAK_DP1_322000_4097000_classified_point_cloud_colorized.laz","2018_TEAK_3_322000_4097000_image.tif","Tree",1,322000,322999.999,4097000,4097999.999
"6878",7100,322780.642,322784.978,4097026.106,4097030.962,"Silva","NEON_D17_TEAK_DP1_322000_4097000_classified_point_cloud_colorized.laz","2018_TEAK_3_322000_4097000_image.tif","Tree",1,322000,322999.999,4097000,4097999.999
"6879",7101,322787.686,322793.428,4097025.184,4097030.443,"Silva","NEON_D17_TEAK_DP1_322000_4097000_classified_point_cloud_colorized.laz","2018_TEAK_3_322000_4097000_image.tif","Tree",1,322000,322999.999,4097000,4097999.999
"6880",7102,322760.626,322766.699,4097024.608,4097031.983,"Silva","NEON_D17_TEAK_DP1_322000_4097000_classified_point_cloud_colorized.laz","2018_TEAK_3_322000_4097000_image.tif","Tree",1,322000,322999.999,4097000,4097999.999
"6881",7103,322746.7,322752.771,4097027.504,4097032.854,"Silva","NEON_D17_TEAK_DP1_322000_4097000_classified_point_cloud_colorized.laz","2018_TEAK_3_322000_4097000_image.tif","Tree",1,322000,322999.999,4097000,4097999.999
"6882",7104,322478.734,322483.895,4097041.566,4097047.967,"Silva","NEON_D17_TEAK_DP1_322000_4097000_classified_point_cloud_colorized.laz","2018_TEAK_3_322000_4097000_image.tif","Tree",1,322000,322999.999,4097000,4097999.999
"6883",7105,322406.056,322413.45,4097042.111,4097050.91,"Silva","NEON_D17_TEAK_DP1_322000_4097000_classified_point_cloud_colorized.laz","2018_TEAK_3_322000_4097000_image.tif","Tree",1,322000,322999.999,4097000,4097999.999
"6884",7106,322734.34,322740.793,4097026.605,4097033.874,"Silva","NEON_D17_TEAK_DP1_322000_4097000_classified_point_cloud_colorized.laz","2018_TEAK_3_322000_4097000_image.tif","Tree",1,322000,322999.999,4097000,4097999.999
"6885",7107,322892.103,322898.373,4097013.849,4097022.473,"Silva","NEON_D17_TEAK_DP1_322000_4097000_classified_point_cloud_colorized.laz","2018_TEAK_3_322000_4097000_image.tif","Tree",1,322000,322999.999,4097000,4097999.999
"6886",7108,322901.533,322910.429,4097014.56,4097021.887,"Silva","NEON_D17_TEAK_DP1_322000_4097000_classified_point_cloud_colorized.laz","2018_TEAK_3_322000_4097000_image.tif","Tree",1,322000,322999.999,4097000,4097999.999
"6887",7109,322766.019,322773.825,4097024.293,4097031.367,"Silva","NEON_D17_TEAK_DP1_322000_4097000_classified_point_cloud_colorized.laz","2018_TEAK_3_322000_4097000_image.tif","Tree",1,322000,322999.999,4097000,4097999.999
"6888",7110,322695.675,322706.475,4097027.501,4097035.989,"Silva","NEON_D17_TEAK_DP1_322000_4097000_classified_point_cloud_colorized.laz","2018_TEAK_3_322000_4097000_image.tif","Tree",1,322000,322999.999,4097000,4097999.999
"6889",7111,322605.142,322612.65,4097032.545,4097040.179,"Silva","NEON_D17_TEAK_DP1_322000_4097000_classified_point_cloud_colorized.laz","2018_TEAK_3_322000_4097000_image.tif","Tree",1,322000,322999.999,4097000,4097999.999
"6890",7112,322431.582,322434.972,4097043.109,4097048.353,"Silva","NEON_D17_TEAK_DP1_322000_4097000_classified_point_cloud_colorized.laz","2018_TEAK_3_322000_4097000_image.tif","Tree",1,322000,322999.999,4097000,4097999.999
"6891",7113,322390.071,322397.424,4097042.522,4097051.87,"Silva","NEON_D17_TEAK_DP1_322000_4097000_classified_point_cloud_colorized.laz","2018_TEAK_3_322000_4097000_image.tif","Tree",1,322000,322999.999,4097000,4097999.999
"6892",7114,322411.713,322424.955,4097038.042,4097048.339,"Silva","NEON_D17_TEAK_DP1_322000_4097000_classified_point_cloud_colorized.laz","2018_TEAK_3_322000_4097000_image.tif","Tree",1,322000,322999.999,4097000,4097999.999
"6893",7115,322717.501,322724.912,4097023.514,4097031.471,"Silva","NEON_D17_TEAK_DP1_322000_4097000_classified_point_cloud_colorized.laz","2018_TEAK_3_322000_4097000_image.tif","Tree",1,322000,322999.999,4097000,4097999.999
"6894",7116,322867.279,322872.87,4097017.736,4097022.941,"Silva","NEON_D17_TEAK_DP1_322000_4097000_classified_point_cloud_colorized.laz","2018_TEAK_3_322000_4097000_image.tif","Tree",1,322000,322999.999,4097000,4097999.999
"6895",7117,322842.86,322843.244,4097021.994,4097022.32,"Silva","NEON_D17_TEAK_DP1_322000_4097000_classified_point_cloud_colorized.laz","2018_TEAK_3_322000_4097000_image.tif","Tree",1,322000,322999.999,4097000,4097999.999
"6896",7118,322801.052,322803.804,4097022.057,4097025.788,"Silva","NEON_D17_TEAK_DP1_322000_4097000_classified_point_cloud_colorized.laz","2018_TEAK_3_322000_4097000_image.tif","Tree",1,322000,322999.999,4097000,4097999.999
"6897",7119,322789.943,322794.916,4097022.544,4097026.744,"Silva","NEON_D17_TEAK_DP1_322000_4097000_classified_point_cloud_colorized.laz","2018_TEAK_3_322000_4097000_image.tif","Tree",1,322000,322999.999,4097000,4097999.999
"6898",7120,322649.21,322655.959,4097029.132,4097036.302,"Silva","NEON_D17_TEAK_DP1_322000_4097000_classified_point_cloud_colorized.laz","2018_TEAK_3_322000_4097000_image.tif","Tree",1,322000,322999.999,4097000,4097999.999
"6899",7121,322477.379,322482.745,4097038.546,4097043.909,"Silva","NEON_D17_TEAK_DP1_322000_4097000_classified_point_cloud_colorized.laz","2018_TEAK_3_322000_4097000_image.tif","Tree",1,322000,322999.999,4097000,4097999.999
"6900",7122,322375.36,322381.407,4097044.092,4097049.411,"Silva","NEON_D17_TEAK_DP1_322000_4097000_classified_point_cloud_colorized.laz","2018_TEAK_3_322000_4097000_image.tif","Tree",1,322000,322999.999,4097000,4097999.999
"6901",7123,322503.164,322509.991,4097037.209,4097041.499,"Silva","NEON_D17_TEAK_DP1_322000_4097000_classified_point_cloud_colorized.laz","2018_TEAK_3_322000_4097000_image.tif","Tree",1,322000,322999.999,4097000,4097999.999
"6902",7124,322569.522,322575.576,4097036.52,4097038.971,"Silva","NEON_D17_TEAK_DP1_322000_4097000_classified_point_cloud_colorized.laz","2018_TEAK_3_322000_4097000_image.tif","Tree",1,322000,322999.999,4097000,4097999.999
"6903",7125,322854.001,322858.667,4097017.529,4097021.642,"Silva","NEON_D17_TEAK_DP1_322000_4097000_classified_point_cloud_colorized.laz","2018_TEAK_3_322000_4097000_image.tif","Tree",1,322000,322999.999,4097000,4097999.999
"6904",7126,322874.1,322881.896,4097011.524,4097021.304,"Silva","NEON_D17_TEAK_DP1_322000_4097000_classified_point_cloud_colorized.laz","2018_TEAK_3_322000_4097000_image.tif","Tree",1,322000,322999.999,4097000,4097999.999
"6905",7127,322581.506,322586.487,4097030.092,4097035.944,"Silva","NEON_D17_TEAK_DP1_322000_4097000_classified_point_cloud_colorized.laz","2018_TEAK_3_322000_4097000_image.tif","Tree",1,322000,322999.999,4097000,4097999.999
"6906",7128,322964.969,322973.474,4097006.58,4097017.42,"Silva","NEON_D17_TEAK_DP1_322000_4097000_classified_point_cloud_colorized.laz","2018_TEAK_3_322000_4097000_image.tif","Tree",1,322000,322999.999,4097000,4097999.999
"6907",7129,322731.573,322737.869,4097022.102,4097028.4,"Silva","NEON_D17_TEAK_DP1_322000_4097000_classified_point_cloud_colorized.laz","2018_TEAK_3_322000_4097000_image.tif","Tree",1,322000,322999.999,4097000,4097999.999
"6908",7130,322401.575,322412.831,4097034.108,4097042.504,"Silva","NEON_D17_TEAK_DP1_322000_4097000_classified_point_cloud_colorized.laz","2018_TEAK_3_322000_4097000_image.tif","Tree",1,322000,322999.999,4097000,4097999.999
"6909",7131,322569.9,322576.41,4097029.544,4097033.478,"Silva","NEON_D17_TEAK_DP1_322000_4097000_classified_point_cloud_colorized.laz","2018_TEAK_3_322000_4097000_image.tif","Tree",1,322000,322999.999,4097000,4097999.999
"6910",7132,322864.257,322865.997,4097015.512,4097017.273,"Silva","NEON_D17_TEAK_DP1_322000_4097000_classified_point_cloud_colorized.laz","2018_TEAK_3_322000_4097000_image.tif","Tree",1,322000,322999.999,4097000,4097999.999
"6911",7133,322789.105,322794.312,4097015.575,4097020.54,"Silva","NEON_D17_TEAK_DP1_322000_4097000_classified_point_cloud_colorized.laz","2018_TEAK_3_322000_4097000_image.tif","Tree",1,322000,322999.999,4097000,4097999.999
"6912",7134,322763.037,322769.983,4097018.024,4097025.715,"Silva","NEON_D17_TEAK_DP1_322000_4097000_classified_point_cloud_colorized.laz","2018_TEAK_3_322000_4097000_image.tif","Tree",1,322000,322999.999,4097000,4097999.999
"6913",7135,322751.606,322757.335,4097019.796,4097024.804,"Silva","NEON_D17_TEAK_DP1_322000_4097000_classified_point_cloud_colorized.laz","2018_TEAK_3_322000_4097000_image.tif","Tree",1,322000,322999.999,4097000,4097999.999
"6914",7136,322628.583,322639.302,4097023.704,4097031.47,"Silva","NEON_D17_TEAK_DP1_322000_4097000_classified_point_cloud_colorized.laz","2018_TEAK_3_322000_4097000_image.tif","Tree",1,322000,322999.999,4097000,4097999.999
"6915",7137,322615.534,322620.942,4097026.254,4097031.976,"Silva","NEON_D17_TEAK_DP1_322000_4097000_classified_point_cloud_colorized.laz","2018_TEAK_3_322000_4097000_image.tif","Tree",1,322000,322999.999,4097000,4097999.999
"6916",7138,322347.015,322356.945,4097035.06,4097045.321,"Silva","NEON_D17_TEAK_DP1_322000_4097000_classified_point_cloud_colorized.laz","2018_TEAK_3_322000_4097000_image.tif","Tree",1,322000,322999.999,4097000,4097999.999
"6917",7139,322395.523,322403.914,4097034.508,4097042.46,"Silva","NEON_D17_TEAK_DP1_322000_4097000_classified_point_cloud_colorized.laz","2018_TEAK_3_322000_4097000_image.tif","Tree",1,322000,322999.999,4097000,4097999.999
"6918",7140,322429.043,322431.901,4097036.649,4097039.962,"Silva","NEON_D17_TEAK_DP1_322000_4097000_classified_point_cloud_colorized.laz","2018_TEAK_3_322000_4097000_image.tif","Tree",1,322000,322999.999,4097000,4097999.999
"6919",7141,322490.599,322497.93,4097030.035,4097038.989,"Silva","NEON_D17_TEAK_DP1_322000_4097000_classified_point_cloud_colorized.laz","2018_TEAK_3_322000_4097000_image.tif","Tree",1,322000,322999.999,4097000,4097999.999
"6920",7142,322577.054,322585.448,4097023.546,4097031.5,"Silva","NEON_D17_TEAK_DP1_322000_4097000_classified_point_cloud_colorized.laz","2018_TEAK_3_322000_4097000_image.tif","Tree",1,322000,322999.999,4097000,4097999.999
"6921",7143,322620.016,322628.404,4097025.071,4097032.28,"Silva","NEON_D17_TEAK_DP1_322000_4097000_classified_point_cloud_colorized.laz","2018_TEAK_3_322000_4097000_image.tif","Tree",1,322000,322999.999,4097000,4097999.999
"6922",7144,322850.114,322855.425,4097013.009,4097018.496,"Silva","NEON_D17_TEAK_DP1_322000_4097000_classified_point_cloud_colorized.laz","2018_TEAK_3_322000_4097000_image.tif","Tree",1,322000,322999.999,4097000,4097999.999
"6923",7145,322336.282,322346.985,4097035.676,4097045.937,"Silva","NEON_D17_TEAK_DP1_322000_4097000_classified_point_cloud_colorized.laz","2018_TEAK_3_322000_4097000_image.tif","Tree",1,322000,322999.999,4097000,4097999.999
"6924",7146,322836.036,322839.588,4097014.446,4097017.984,"Silva","NEON_D17_TEAK_DP1_322000_4097000_classified_point_cloud_colorized.laz","2018_TEAK_3_322000_4097000_image.tif","Tree",1,322000,322999.999,4097000,4097999.999
"6925",7147,322779.077,322786.79,4097014.187,4097020.436,"Silva","NEON_D17_TEAK_DP1_322000_4097000_classified_point_cloud_colorized.laz","2018_TEAK_3_322000_4097000_image.tif","Tree",1,322000,322999.999,4097000,4097999.999
"6926",7148,322769.777,322776.931,4097015.056,4097021.419,"Silva","NEON_D17_TEAK_DP1_322000_4097000_classified_point_cloud_colorized.laz","2018_TEAK_3_322000_4097000_image.tif","Tree",1,322000,322999.999,4097000,4097999.999
"6927",7149,322658.388,322666.433,4097018.525,4097026.49,"Silva","NEON_D17_TEAK_DP1_322000_4097000_classified_point_cloud_colorized.laz","2018_TEAK_3_322000_4097000_image.tif","Tree",1,322000,322999.999,4097000,4097999.999
"6928",7150,322729.576,322736.897,4097017.573,4097023.144,"Silva","NEON_D17_TEAK_DP1_322000_4097000_classified_point_cloud_colorized.laz","2018_TEAK_3_322000_4097000_image.tif","Tree",1,322000,322999.999,4097000,4097999.999
"6929",7151,322808.207,322815.487,4097012.798,4097018.848,"Silva","NEON_D17_TEAK_DP1_322000_4097000_classified_point_cloud_colorized.laz","2018_TEAK_3_322000_4097000_image.tif","Tree",1,322000,322999.999,4097000,4097999.999
"6930",7152,322514.085,322520.08,4097025.545,4097032.449,"Silva","NEON_D17_TEAK_DP1_322000_4097000_classified_point_cloud_colorized.laz","2018_TEAK_3_322000_4097000_image.tif","Tree",1,322000,322999.999,4097000,4097999.999
"6931",7153,322724.014,322729.978,4097016.621,4097021.689,"Silva","NEON_D17_TEAK_DP1_322000_4097000_classified_point_cloud_colorized.laz","2018_TEAK_3_322000_4097000_image.tif","Tree",1,322000,322999.999,4097000,4097999.999
"6932",7154,322784.591,322793.287,4097011.524,4097018.985,"Silva","NEON_D17_TEAK_DP1_322000_4097000_classified_point_cloud_colorized.laz","2018_TEAK_3_322000_4097000_image.tif","Tree",1,322000,322999.999,4097000,4097999.999
"6933",7155,322868.023,322873.811,4097010.148,4097013.964,"Silva","NEON_D17_TEAK_DP1_322000_4097000_classified_point_cloud_colorized.laz","2018_TEAK_3_322000_4097000_image.tif","Tree",1,322000,322999.999,4097000,4097999.999
"6934",7156,322916.048,322921.371,4097006.685,4097012.421,"Silva","NEON_D17_TEAK_DP1_322000_4097000_classified_point_cloud_colorized.laz","2018_TEAK_3_322000_4097000_image.tif","Tree",1,322000,322999.999,4097000,4097999.999
"6935",7157,322645.008,322652.496,4097017.552,4097024.969,"Silva","NEON_D17_TEAK_DP1_322000_4097000_classified_point_cloud_colorized.laz","2018_TEAK_3_322000_4097000_image.tif","Tree",1,322000,322999.999,4097000,4097999.999
"6936",7158,322742.258,322746.981,4097013.724,4097019.755,"Silva","NEON_D17_TEAK_DP1_322000_4097000_classified_point_cloud_colorized.laz","2018_TEAK_3_322000_4097000_image.tif","Tree",1,322000,322999.999,4097000,4097999.999
"6937",7159,322911.667,322916.489,4097006.564,4097010.931,"Silva","NEON_D17_TEAK_DP1_322000_4097000_classified_point_cloud_colorized.laz","2018_TEAK_3_322000_4097000_image.tif","Tree",1,322000,322999.999,4097000,4097999.999
"6938",7160,322413.389,322415.4,4097035.271,4097036.96,"Silva","NEON_D17_TEAK_DP1_322000_4097000_classified_point_cloud_colorized.laz","2018_TEAK_3_322000_4097000_image.tif","Tree",1,322000,322999.999,4097000,4097999.999
"6939",7161,322715.562,322720.778,4097011.604,4097021.483,"Silva","NEON_D17_TEAK_DP1_322000_4097000_classified_point_cloud_colorized.laz","2018_TEAK_3_322000_4097000_image.tif","Tree",1,322000,322999.999,4097000,4097999.999
"6940",7162,322766.513,322771.315,4097010.119,4097015.449,"Silva","NEON_D17_TEAK_DP1_322000_4097000_classified_point_cloud_colorized.laz","2018_TEAK_3_322000_4097000_image.tif","Tree",1,322000,322999.999,4097000,4097999.999
"6941",7163,322793.943,322800.98,4097008.022,4097015.955,"Silva","NEON_D17_TEAK_DP1_322000_4097000_classified_point_cloud_colorized.laz","2018_TEAK_3_322000_4097000_image.tif","Tree",1,322000,322999.999,4097000,4097999.999
"6942",7164,322937.047,322944.445,4097001.1,4097010.347,"Silva","NEON_D17_TEAK_DP1_322000_4097000_classified_point_cloud_colorized.laz","2018_TEAK_3_322000_4097000_image.tif","Tree",1,322000,322999.999,4097000,4097999.999
"6943",7165,322709.035,322715.407,4097012.091,4097018.772,"Silva","NEON_D17_TEAK_DP1_322000_4097000_classified_point_cloud_colorized.laz","2018_TEAK_3_322000_4097000_image.tif","Tree",1,322000,322999.999,4097000,4097999.999
"6944",7166,322409.563,322413.919,4097028.073,4097031.771,"Silva","NEON_D17_TEAK_DP1_322000_4097000_classified_point_cloud_colorized.laz","2018_TEAK_3_322000_4097000_image.tif","Tree",1,322000,322999.999,4097000,4097999.999
"6945",7167,322626.068,322631.674,4097014.65,4097022.992,"Silva","NEON_D17_TEAK_DP1_322000_4097000_classified_point_cloud_colorized.laz","2018_TEAK_3_322000_4097000_image.tif","Tree",1,322000,322999.999,4097000,4097999.999
"6946",7168,322751.515,322757.968,4097008.311,4097016.372,"Silva","NEON_D17_TEAK_DP1_322000_4097000_classified_point_cloud_colorized.laz","2018_TEAK_3_322000_4097000_image.tif","Tree",1,322000,322999.999,4097000,4097999.999
"6947",7169,322769.225,322774.88,4097008.537,4097013.539,"Silva","NEON_D17_TEAK_DP1_322000_4097000_classified_point_cloud_colorized.laz","2018_TEAK_3_322000_4097000_image.tif","Tree",1,322000,322999.999,4097000,4097999.999
"6948",7170,322875.516,322882.49,4097003.003,4097011.486,"Silva","NEON_D17_TEAK_DP1_322000_4097000_classified_point_cloud_colorized.laz","2018_TEAK_3_322000_4097000_image.tif","Tree",1,322000,322999.999,4097000,4097999.999
"6949",7171,322953.508,322958.881,4097000.531,4097005.794,"Silva","NEON_D17_TEAK_DP1_322000_4097000_classified_point_cloud_colorized.laz","2018_TEAK_3_322000_4097000_image.tif","Tree",1,322000,322999.999,4097000,4097999.999
"6950",7172,322384.092,322391.996,4097021.044,4097029.056,"Silva","NEON_D17_TEAK_DP1_322000_4097000_classified_point_cloud_colorized.laz","2018_TEAK_3_322000_4097000_image.tif","Tree",1,322000,322999.999,4097000,4097999.999
"6951",7173,322339.033,322347.495,4097025.845,4097032.461,"Silva","NEON_D17_TEAK_DP1_322000_4097000_classified_point_cloud_colorized.laz","2018_TEAK_3_322000_4097000_image.tif","Tree",1,322000,322999.999,4097000,4097999.999
"6952",7174,322412.447,322416.977,4097022.042,4097027.399,"Silva","NEON_D17_TEAK_DP1_322000_4097000_classified_point_cloud_colorized.laz","2018_TEAK_3_322000_4097000_image.tif","Tree",1,322000,322999.999,4097000,4097999.999
"6953",7175,322657.083,322663.913,4097011.116,4097018.388,"Silva","NEON_D17_TEAK_DP1_322000_4097000_classified_point_cloud_colorized.laz","2018_TEAK_3_322000_4097000_image.tif","Tree",1,322000,322999.999,4097000,4097999.999
"6954",7176,322682.095,322688.758,4097010.094,4097016.093,"Silva","NEON_D17_TEAK_DP1_322000_4097000_classified_point_cloud_colorized.laz","2018_TEAK_3_322000_4097000_image.tif","Tree",1,322000,322999.999,4097000,4097999.999
"6955",7177,322698.01,322705.385,4097008.69,4097017.432,"Silva","NEON_D17_TEAK_DP1_322000_4097000_classified_point_cloud_colorized.laz","2018_TEAK_3_322000_4097000_image.tif","Tree",1,322000,322999.999,4097000,4097999.999
"6956",7178,322782.527,322790.323,4097004.074,4097012.945,"Silva","NEON_D17_TEAK_DP1_322000_4097000_classified_point_cloud_colorized.laz","2018_TEAK_3_322000_4097000_image.tif","Tree",1,322000,322999.999,4097000,4097999.999
"6957",7179,322922.107,322929.851,4097000.002,4097006.334,"Silva","NEON_D17_TEAK_DP1_322000_4097000_classified_point_cloud_colorized.laz","2018_TEAK_3_322000_4097000_image.tif","Tree",1,322000,322999.999,4097000,4097999.999
"6958",7180,322645.336,322652.916,4097010.791,4097017.497,"Silva","NEON_D17_TEAK_DP1_322000_4097000_classified_point_cloud_colorized.laz","2018_TEAK_3_322000_4097000_image.tif","Tree",1,322000,322999.999,4097000,4097999.999
"6959",7181,322582.616,322590.869,4097012.574,4097019.391,"Silva","NEON_D17_TEAK_DP1_322000_4097000_classified_point_cloud_colorized.laz","2018_TEAK_3_322000_4097000_image.tif","Tree",1,322000,322999.999,4097000,4097999.999
"6960",7182,322503.614,322507.986,4097016.577,4097022.928,"Silva","NEON_D17_TEAK_DP1_322000_4097000_classified_point_cloud_colorized.laz","2018_TEAK_3_322000_4097000_image.tif","Tree",1,322000,322999.999,4097000,4097999.999
"6961",7183,322431.834,322433.619,4097022.538,4097024.433,"Silva","NEON_D17_TEAK_DP1_322000_4097000_classified_point_cloud_colorized.laz","2018_TEAK_3_322000_4097000_image.tif","Tree",1,322000,322999.999,4097000,4097999.999
"6962",7184,322538.019,322543.371,4097013.932,4097021.478,"Silva","NEON_D17_TEAK_DP1_322000_4097000_classified_point_cloud_colorized.laz","2018_TEAK_3_322000_4097000_image.tif","Tree",1,322000,322999.999,4097000,4097999.999
"6963",7185,322671.917,322678.658,4097008.058,4097016.996,"Silva","NEON_D17_TEAK_DP1_322000_4097000_classified_point_cloud_colorized.laz","2018_TEAK_3_322000_4097000_image.tif","Tree",1,322000,322999.999,4097000,4097999.999
"6964",7186,322806.225,322808.464,4097005.199,4097007.683,"Silva","NEON_D17_TEAK_DP1_322000_4097000_classified_point_cloud_colorized.laz","2018_TEAK_3_322000_4097000_image.tif","Tree",1,322000,322999.999,4097000,4097999.999
"6965",7187,322367.663,322373.791,4097018.509,4097025.634,"Silva","NEON_D17_TEAK_DP1_322000_4097000_classified_point_cloud_colorized.laz","2018_TEAK_3_322000_4097000_image.tif","Tree",1,322000,322999.999,4097000,4097999.999
"6966",7188,322391.683,322398.076,4097018.62,4097025.94,"Silva","NEON_D17_TEAK_DP1_322000_4097000_classified_point_cloud_colorized.laz","2018_TEAK_3_322000_4097000_image.tif","Tree",1,322000,322999.999,4097000,4097999.999
"6967",7189,322623.605,322631.729,4097010.249,4097016.357,"Silva","NEON_D17_TEAK_DP1_322000_4097000_classified_point_cloud_colorized.laz","2018_TEAK_3_322000_4097000_image.tif","Tree",1,322000,322999.999,4097000,4097999.999
"6968",7190,322652.009,322659.236,4097006.076,4097016.325,"Silva","NEON_D17_TEAK_DP1_322000_4097000_classified_point_cloud_colorized.laz","2018_TEAK_3_322000_4097000_image.tif","Tree",1,322000,322999.999,4097000,4097999.999
"6969",7191,322837.557,322841.187,4097002.561,4097006.345,"Silva","NEON_D17_TEAK_DP1_322000_4097000_classified_point_cloud_colorized.laz","2018_TEAK_3_322000_4097000_image.tif","Tree",1,322000,322999.999,4097000,4097999.999
"6970",7192,322766.233,322769.213,4097003.667,4097010.817,"Silva","NEON_D17_TEAK_DP1_322000_4097000_classified_point_cloud_colorized.laz","2018_TEAK_3_322000_4097000_image.tif","Tree",1,322000,322999.999,4097000,4097999.999
"6971",7193,322535.845,322541.226,4097011.93,4097018.982,"Silva","NEON_D17_TEAK_DP1_322000_4097000_classified_point_cloud_colorized.laz","2018_TEAK_3_322000_4097000_image.tif","Tree",1,322000,322999.999,4097000,4097999.999
"6972",7194,322409.182,322414.258,4097018.54,4097022.649,"Silva","NEON_D17_TEAK_DP1_322000_4097000_classified_point_cloud_colorized.laz","2018_TEAK_3_322000_4097000_image.tif","Tree",1,322000,322999.999,4097000,4097999.999
"6973",7195,322608.244,322614.949,4097008.574,4097012.913,"Silva","NEON_D17_TEAK_DP1_322000_4097000_classified_point_cloud_colorized.laz","2018_TEAK_3_322000_4097000_image.tif","Tree",1,322000,322999.999,4097000,4097999.999
"6974",7196,322822.062,322830.915,4097000.007,4097008.384,"Silva","NEON_D17_TEAK_DP1_322000_4097000_classified_point_cloud_colorized.laz","2018_TEAK_3_322000_4097000_image.tif","Tree",1,322000,322999.999,4097000,4097999.999
"6975",7197,322754.053,322760.379,4097002.114,4097009.434,"Silva","NEON_D17_TEAK_DP1_322000_4097000_classified_point_cloud_colorized.laz","2018_TEAK_3_322000_4097000_image.tif","Tree",1,322000,322999.999,4097000,4097999.999
"6976",7198,322699.136,322708.913,4097005.584,4097011.988,"Silva","NEON_D17_TEAK_DP1_322000_4097000_classified_point_cloud_colorized.laz","2018_TEAK_3_322000_4097000_image.tif","Tree",1,322000,322999.999,4097000,4097999.999
"6977",7199,322676.591,322684.432,4097005.098,4097011.667,"Silva","NEON_D17_TEAK_DP1_322000_4097000_classified_point_cloud_colorized.laz","2018_TEAK_3_322000_4097000_image.tif","Tree",1,322000,322999.999,4097000,4097999.999
"6978",7200,322544.667,322550.491,4097011.439,4097017.965,"Silva","NEON_D17_TEAK_DP1_322000_4097000_classified_point_cloud_colorized.laz","2018_TEAK_3_322000_4097000_image.tif","Tree",1,322000,322999.999,4097000,4097999.999
"6979",7201,322549.837,322555.466,4097009.091,4097016.963,"Silva","NEON_D17_TEAK_DP1_322000_4097000_classified_point_cloud_colorized.laz","2018_TEAK_3_322000_4097000_image.tif","Tree",1,322000,322999.999,4097000,4097999.999
"6980",7202,322644.03,322654.075,4097003.26,4097012.349,"Silva","NEON_D17_TEAK_DP1_322000_4097000_classified_point_cloud_colorized.laz","2018_TEAK_3_322000_4097000_image.tif","Tree",1,322000,322999.999,4097000,4097999.999
"6981",7203,322713.19,322722.444,4097003.505,4097009.476,"Silva","NEON_D17_TEAK_DP1_322000_4097000_classified_point_cloud_colorized.laz","2018_TEAK_3_322000_4097000_image.tif","Tree",1,322000,322999.999,4097000,4097999.999
"6982",7204,322394.528,322395.689,4097013.616,4097018.975,"Silva","NEON_D17_TEAK_DP1_322000_4097000_classified_point_cloud_colorized.laz","2018_TEAK_3_322000_4097000_image.tif","Tree",1,322000,322999.999,4097000,4097999.999
"6983",7205,322505.028,322510.481,4097010.583,4097015.935,"Silva","NEON_D17_TEAK_DP1_322000_4097000_classified_point_cloud_colorized.laz","2018_TEAK_3_322000_4097000_image.tif","Tree",1,322000,322999.999,4097000,4097999.999
"6984",7206,322585.266,322588.82,4097011.036,4097013.244,"Silva","NEON_D17_TEAK_DP1_322000_4097000_classified_point_cloud_colorized.laz","2018_TEAK_3_322000_4097000_image.tif","Tree",1,322000,322999.999,4097000,4097999.999
"6985",7208,322684.155,322689.798,4097003.134,4097010.303,"Silva","NEON_D17_TEAK_DP1_322000_4097000_classified_point_cloud_colorized.laz","2018_TEAK_3_322000_4097000_image.tif","Tree",1,322000,322999.999,4097000,4097999.999
"6986",7209,322788.734,322796.435,4097000.556,4097006.3,"Silva","NEON_D17_TEAK_DP1_322000_4097000_classified_point_cloud_colorized.laz","2018_TEAK_3_322000_4097000_image.tif","Tree",1,322000,322999.999,4097000,4097999.999
"6987",7210,322542.005,322548.797,4097007.779,4097013.462,"Silva","NEON_D17_TEAK_DP1_322000_4097000_classified_point_cloud_colorized.laz","2018_TEAK_3_322000_4097000_image.tif","Tree",1,322000,322999.999,4097000,4097999.999
"6988",7211,322561.717,322567.455,4097008.851,4097010.794,"Silva","NEON_D17_TEAK_DP1_322000_4097000_classified_point_cloud_colorized.laz","2018_TEAK_3_322000_4097000_image.tif","Tree",1,322000,322999.999,4097000,4097999.999
"6989",7212,322608.053,322616.466,4097002.722,4097010.452,"Silva","NEON_D17_TEAK_DP1_322000_4097000_classified_point_cloud_colorized.laz","2018_TEAK_3_322000_4097000_image.tif","Tree",1,322000,322999.999,4097000,4097999.999
"6990",7213,322709.266,322714.981,4097002.236,4097008.496,"Silva","NEON_D17_TEAK_DP1_322000_4097000_classified_point_cloud_colorized.laz","2018_TEAK_3_322000_4097000_image.tif","Tree",1,322000,322999.999,4097000,4097999.999
"6991",7214,322809.011,322814.981,4097000.018,4097002.453,"Silva","NEON_D17_TEAK_DP1_322000_4097000_classified_point_cloud_colorized.laz","2018_TEAK_3_322000_4097000_image.tif","Tree",1,322000,322999.999,4097000,4097999.999
"6992",7215,322366.508,322371.497,4097006.581,4097019.988,"Silva","NEON_D17_TEAK_DP1_322000_4097000_classified_point_cloud_colorized.laz","2018_TEAK_3_322000_4097000_image.tif","Tree",1,322000,322999.999,4097000,4097999.999
"6993",7216,322347.501,322350.95,4097012.542,4097016.755,"Silva","NEON_D17_TEAK_DP1_322000_4097000_classified_point_cloud_colorized.laz","2018_TEAK_3_322000_4097000_image.tif","Tree",1,322000,322999.999,4097000,4097999.999
"6994",7217,322359.513,322366.945,4097007.658,4097020.757,"Silva","NEON_D17_TEAK_DP1_322000_4097000_classified_point_cloud_colorized.laz","2018_TEAK_3_322000_4097000_image.tif","Tree",1,322000,322999.999,4097000,4097999.999
"6995",7218,322504.034,322509.493,4097007.581,4097012.343,"Silva","NEON_D17_TEAK_DP1_322000_4097000_classified_point_cloud_colorized.laz","2018_TEAK_3_322000_4097000_image.tif","Tree",1,322000,322999.999,4097000,4097999.999
"6996",7219,322556.472,322561.403,4097005.246,4097010.528,"Silva","NEON_D17_TEAK_DP1_322000_4097000_classified_point_cloud_colorized.laz","2018_TEAK_3_322000_4097000_image.tif","Tree",1,322000,322999.999,4097000,4097999.999
"6997",7220,322616.114,322622.447,4097000.687,4097009.252,"Silva","NEON_D17_TEAK_DP1_322000_4097000_classified_point_cloud_colorized.laz","2018_TEAK_3_322000_4097000_image.tif","Tree",1,322000,322999.999,4097000,4097999.999
"6998",7221,322656.107,322665.962,4097001.555,4097009.071,"Silva","NEON_D17_TEAK_DP1_322000_4097000_classified_point_cloud_colorized.laz","2018_TEAK_3_322000_4097000_image.tif","Tree",1,322000,322999.999,4097000,4097999.999
"6999",7222,322735.223,322735.916,4097004.094,4097005.256,"Silva","NEON_D17_TEAK_DP1_322000_4097000_classified_point_cloud_colorized.laz","2018_TEAK_3_322000_4097000_image.tif","Tree",1,322000,322999.999,4097000,4097999.999
"7000",7223,322747.695,322750.481,4097000.599,4097003.225,"Silva","NEON_D17_TEAK_DP1_322000_4097000_classified_point_cloud_colorized.laz","2018_TEAK_3_322000_4097000_image.tif","Tree",1,322000,322999.999,4097000,4097999.999
"7001",7224,322758.558,322763.861,4097000.038,4097003.933,"Silva","NEON_D17_TEAK_DP1_322000_4097000_classified_point_cloud_colorized.laz","2018_TEAK_3_322000_4097000_image.tif","Tree",1,322000,322999.999,4097000,4097999.999
"7002",7225,322775.997,322779.786,4097000.381,4097001.774,"Silva","NEON_D17_TEAK_DP1_322000_4097000_classified_point_cloud_colorized.laz","2018_TEAK_3_322000_4097000_image.tif","Tree",1,322000,322999.999,4097000,4097999.999
"7003",7226,322783.759,322787.716,4097000.473,4097004.305,"Silva","NEON_D17_TEAK_DP1_322000_4097000_classified_point_cloud_colorized.laz","2018_TEAK_3_322000_4097000_image.tif","Tree",1,322000,322999.999,4097000,4097999.999
"7004",7227,322770.016,322774.139,4097000.03,4097003.497,"Silva","NEON_D17_TEAK_DP1_322000_4097000_classified_point_cloud_colorized.laz","2018_TEAK_3_322000_4097000_image.tif","Tree",1,322000,322999.999,4097000,4097999.999
"7005",7228,322667.1,322675.308,4097000.509,4097008.31,"Silva","NEON_D17_TEAK_DP1_322000_4097000_classified_point_cloud_colorized.laz","2018_TEAK_3_322000_4097000_image.tif","Tree",1,322000,322999.999,4097000,4097999.999
"7006",7229,322682.08,322688.472,4097000.043,4097005.836,"Silva","NEON_D17_TEAK_DP1_322000_4097000_classified_point_cloud_colorized.laz","2018_TEAK_3_322000_4097000_image.tif","Tree",1,322000,322999.999,4097000,4097999.999
"7007",7230,322742.599,322746.981,4097000.056,4097002.9,"Silva","NEON_D17_TEAK_DP1_322000_4097000_classified_point_cloud_colorized.laz","2018_TEAK_3_322000_4097000_image.tif","Tree",1,322000,322999.999,4097000,4097999.999
"7008",7231,322328.562,322333.387,4097010.433,4097015.315,"Silva","NEON_D17_TEAK_DP1_322000_4097000_classified_point_cloud_colorized.laz","2018_TEAK_3_322000_4097000_image.tif","Tree",1,322000,322999.999,4097000,4097999.999
"7009",7232,322343.675,322350.306,4097007.91,4097013.126,"Silva","NEON_D17_TEAK_DP1_322000_4097000_classified_point_cloud_colorized.laz","2018_TEAK_3_322000_4097000_image.tif","Tree",1,322000,322999.999,4097000,4097999.999
"7010",7233,322540.518,322546.38,4097002.794,4097008.8,"Silva","NEON_D17_TEAK_DP1_322000_4097000_classified_point_cloud_colorized.laz","2018_TEAK_3_322000_4097000_image.tif","Tree",1,322000,322999.999,4097000,4097999.999
"7011",7234,322552.667,322559.365,4097001.005,4097008.318,"Silva","NEON_D17_TEAK_DP1_322000_4097000_classified_point_cloud_colorized.laz","2018_TEAK_3_322000_4097000_image.tif","Tree",1,322000,322999.999,4097000,4097999.999
"7012",7235,322688.376,322694.324,4097000.036,4097004.737,"Silva","NEON_D17_TEAK_DP1_322000_4097000_classified_point_cloud_colorized.laz","2018_TEAK_3_322000_4097000_image.tif","Tree",1,322000,322999.999,4097000,4097999.999
"7013",7236,322505.164,322510.534,4097003.599,4097008.434,"Silva","NEON_D17_TEAK_DP1_322000_4097000_classified_point_cloud_colorized.laz","2018_TEAK_3_322000_4097000_image.tif","Tree",1,322000,322999.999,4097000,4097999.999
"7014",7237,322660.174,322664.926,4097000.047,4097002.995,"Silva","NEON_D17_TEAK_DP1_322000_4097000_classified_point_cloud_colorized.laz","2018_TEAK_3_322000_4097000_image.tif","Tree",1,322000,322999.999,4097000,4097999.999
"7015",7238,322649.577,322654.468,4097000.001,4097005.229,"Silva","NEON_D17_TEAK_DP1_322000_4097000_classified_point_cloud_colorized.laz","2018_TEAK_3_322000_4097000_image.tif","Tree",1,322000,322999.999,4097000,4097999.999
"7016",7239,322584.581,322588.695,4097000.03,4097004.47,"Silva","NEON_D17_TEAK_DP1_322000_4097000_classified_point_cloud_colorized.laz","2018_TEAK_3_322000_4097000_image.tif","Tree",1,322000,322999.999,4097000,4097999.999
"7017",7240,322624.613,322632.44,4097000.042,4097003.839,"Silva","NEON_D17_TEAK_DP1_322000_4097000_classified_point_cloud_colorized.laz","2018_TEAK_3_322000_4097000_image.tif","Tree",1,322000,322999.999,4097000,4097999.999
"7018",7241,322550.141,322556.31,4097000.275,4097003.975,"Silva","NEON_D17_TEAK_DP1_322000_4097000_classified_point_cloud_colorized.laz","2018_TEAK_3_322000_4097000_image.tif","Tree",1,322000,322999.999,4097000,4097999.999
"7019",7242,322346.196,322352.993,4097000.012,4097008.477,"Silva","NEON_D17_TEAK_DP1_322000_4097000_classified_point_cloud_colorized.laz","2018_TEAK_3_322000_4097000_image.tif","Tree",1,322000,322999.999,4097000,4097999.999
"7020",7243,322502.363,322505.024,4097000.078,4097000.669,"Silva","NEON_D17_TEAK_DP1_322000_4097000_classified_point_cloud_colorized.laz","2018_TEAK_3_322000_4097000_image.tif","Tree",1,322000,322999.999,4097000,4097999.999
"7021",7244,322299.087,322308.474,4097003.502,4097009.496,"Silva","NEON_D17_TEAK_DP1_322000_4097000_classified_point_cloud_colorized.laz","2018_TEAK_3_322000_4097000_image.tif","Tree",1,322000,322999.999,4097000,4097999.999
"7022",7245,322401.515,322407.475,4097000.073,4097004.48,"Silva","NEON_D17_TEAK_DP1_322000_4097000_classified_point_cloud_colorized.laz","2018_TEAK_3_322000_4097000_image.tif","Tree",1,322000,322999.999,4097000,4097999.999
"7023",7246,322386.074,322392.219,4097000.002,4097003.226,"Silva","NEON_D17_TEAK_DP1_322000_4097000_classified_point_cloud_colorized.laz","2018_TEAK_3_322000_4097000_image.tif","Tree",1,322000,322999.999,4097000,4097999.999
"7024",7247,322277.01,322279.664,4097001.017,4097005.979,"Silva","NEON_D17_TEAK_DP1_322000_4097000_classified_point_cloud_colorized.laz","2018_TEAK_3_322000_4097000_image.tif","Tree",1,322000,322999.999,4097000,4097999.999
"7025",7248,322294.03,322300.985,4097000.139,4097005.492,"Silva","NEON_D17_TEAK_DP1_322000_4097000_classified_point_cloud_colorized.laz","2018_TEAK_3_322000_4097000_image.tif","Tree",1,322000,322999.999,4097000,4097999.999
"7026",7249,322484.92,322488.797,4097000.007,4097000.801,"Silva","NEON_D17_TEAK_DP1_322000_4097000_classified_point_cloud_colorized.laz","2018_TEAK_3_322000_4097000_image.tif","Tree",1,322000,322999.999,4097000,4097999.999
"7027",7250,322496.568,322499.286,4097000.553,4097002.495,"Silva","NEON_D17_TEAK_DP1_322000_4097000_classified_point_cloud_colorized.laz","2018_TEAK_3_322000_4097000_image.tif","Tree",1,322000,322999.999,4097000,4097999.999
"7028",7251,322534.513,322539.672,4097000.007,4097002.647,"Silva","NEON_D17_TEAK_DP1_322000_4097000_classified_point_cloud_colorized.laz","2018_TEAK_3_322000_4097000_image.tif","Tree",1,322000,322999.999,4097000,4097999.999
"7029",7252,322521.116,322524.095,4097000.024,4097002.749,"Silva","NEON_D17_TEAK_DP1_322000_4097000_classified_point_cloud_colorized.laz","2018_TEAK_3_322000_4097000_image.tif","Tree",1,322000,322999.999,4097000,4097999.999
"7030",7253,322473.441,322480.83,4097000.026,4097004.428,"Silva","NEON_D17_TEAK_DP1_322000_4097000_classified_point_cloud_colorized.laz","2018_TEAK_3_322000_4097000_image.tif","Tree",1,322000,322999.999,4097000,4097999.999
"7031",7254,322528.015,322530.974,4097001.119,4097003.454,"Silva","NEON_D17_TEAK_DP1_322000_4097000_classified_point_cloud_colorized.laz","2018_TEAK_3_322000_4097000_image.tif","Tree",1,322000,322999.999,4097000,4097999.999
"7032",7255,322493.813,322494.898,4097001.525,4097002.911,"Silva","NEON_D17_TEAK_DP1_322000_4097000_classified_point_cloud_colorized.laz","2018_TEAK_3_322000_4097000_image.tif","Tree",1,322000,322999.999,4097000,4097999.999
"7033",7256,322362.297,322366.881,4097000.129,4097001.995,"Silva","NEON_D17_TEAK_DP1_322000_4097000_classified_point_cloud_colorized.laz","2018_TEAK_3_322000_4097000_image.tif","Tree",1,322000,322999.999,4097000,4097999.999
"7034",7257,322225.223,322226.744,4097000.008,4097000.618,"Silva","NEON_D17_TEAK_DP1_322000_4097000_classified_point_cloud_colorized.laz","2018_TEAK_3_322000_4097000_image.tif","Tree",1,322000,322999.999,4097000,4097999.999
"7035",7258,322132.033,322136.224,4097000.073,4097002.222,"Silva","NEON_D17_TEAK_DP1_322000_4097000_classified_point_cloud_colorized.laz","2018_TEAK_3_322000_4097000_image.tif","Tree",1,322000,322999.999,4097000,4097999.999
"7036",7259,322065.949,322066.475,4097000.039,4097004.036,"Silva","NEON_D17_TEAK_DP1_322000_4097000_classified_point_cloud_colorized.laz","2018_TEAK_3_322000_4097000_image.tif","Tree",1,322000,322999.999,4097000,4097999.999
"7037",7260,322073.355,322073.656,4097000.764,4097003.278,"Silva","NEON_D17_TEAK_DP1_322000_4097000_classified_point_cloud_colorized.laz","2018_TEAK_3_322000_4097000_image.tif","Tree",1,322000,322999.999,4097000,4097999.999
"7038",7261,322102.531,322109.865,4097000.015,4097003.996,"Silva","NEON_D17_TEAK_DP1_322000_4097000_classified_point_cloud_colorized.laz","2018_TEAK_3_322000_4097000_image.tif","Tree",1,322000,322999.999,4097000,4097999.999
"7039",7262,322327.117,322328.568,4097000.074,4097001.988,"Silva","NEON_D17_TEAK_DP1_322000_4097000_classified_point_cloud_colorized.laz","2018_TEAK_3_322000_4097000_image.tif","Tree",1,322000,322999.999,4097000,4097999.999
"7040",7263,322340.117,322349.447,4097000.015,4097004.245,"Silva","NEON_D17_TEAK_DP1_322000_4097000_classified_point_cloud_colorized.laz","2018_TEAK_3_322000_4097000_image.tif","Tree",1,322000,322999.999,4097000,4097999.999
"7041",7264,322372.129,322378.004,4097000.026,4097006.487,"Silva","NEON_D17_TEAK_DP1_322000_4097000_classified_point_cloud_colorized.laz","2018_TEAK_3_322000_4097000_image.tif","Tree",1,322000,322999.999,4097000,4097999.999
"7042",7265,322535.012,322539.53,4097002.531,4097006.965,"Silva","NEON_D17_TEAK_DP1_322000_4097000_classified_point_cloud_colorized.laz","2018_TEAK_3_322000_4097000_image.tif","Tree",1,322000,322999.999,4097000,4097999.999
"7043",7266,322511.53,322516.445,4097001.501,4097006.987,"Silva","NEON_D17_TEAK_DP1_322000_4097000_classified_point_cloud_colorized.laz","2018_TEAK_3_322000_4097000_image.tif","Tree",1,322000,322999.999,4097000,4097999.999
"7044",7267,322319.082,322326.956,4097000.006,4097004.467,"Silva","NEON_D17_TEAK_DP1_322000_4097000_classified_point_cloud_colorized.laz","2018_TEAK_3_322000_4097000_image.tif","Tree",1,322000,322999.999,4097000,4097999.999
"7045",7268,322287.049,322293.773,4097000.014,4097002.779,"Silva","NEON_D17_TEAK_DP1_322000_4097000_classified_point_cloud_colorized.laz","2018_TEAK_3_322000_4097000_image.tif","Tree",1,322000,322999.999,4097000,4097999.999
"7046",7269,322176.728,322187.154,4097000.021,4097003.763,"Silva","NEON_D17_TEAK_DP1_322000_4097000_classified_point_cloud_colorized.laz","2018_TEAK_3_322000_4097000_image.tif","Tree",1,322000,322999.999,4097000,4097999.999
"7047",7270,322118.768,322128.192,4097000.026,4097004.847,"Silva","NEON_D17_TEAK_DP1_322000_4097000_classified_point_cloud_colorized.laz","2018_TEAK_3_322000_4097000_image.tif","Tree",1,322000,322999.999,4097000,4097999.999
"7048",7271,322032.502,322033.382,4097001.273,4097001.879,"Silva","NEON_D17_TEAK_DP1_322000_4097000_classified_point_cloud_colorized.laz","2018_TEAK_3_322000_4097000_image.tif","Tree",1,322000,322999.999,4097000,4097999.999
"7049",7272,322029.172,322029.727,4097001.473,4097002.773,"Silva","NEON_D17_TEAK_DP1_322000_4097000_classified_point_cloud_colorized.laz","2018_TEAK_3_322000_4097000_image.tif","Tree",1,322000,322999.999,4097000,4097999.999
"7050",7273,322066.562,322073.479,4097000.002,4097005.464,"Silva","NEON_D17_TEAK_DP1_322000_4097000_classified_point_cloud_colorized.laz","2018_TEAK_3_322000_4097000_image.tif","Tree",1,322000,322999.999,4097000,4097999.999
"7051",7274,322146.784,322153.908,4097000.027,4097006.5,"Silva","NEON_D17_TEAK_DP1_322000_4097000_classified_point_cloud_colorized.laz","2018_TEAK_3_322000_4097000_image.tif","Tree",1,322000,322999.999,4097000,4097999.999
"7052",7275,322228.03,322229.409,4097002.204,4097003.359,"Silva","NEON_D17_TEAK_DP1_322000_4097000_classified_point_cloud_colorized.laz","2018_TEAK_3_322000_4097000_image.tif","Tree",1,322000,322999.999,4097000,4097999.999
"7053",7276,322038.523,322041.485,4097001.13,4097004.185,"Silva","NEON_D17_TEAK_DP1_322000_4097000_classified_point_cloud_colorized.laz","2018_TEAK_3_322000_4097000_image.tif","Tree",1,322000,322999.999,4097000,4097999.999
"7054",7277,322140.511,322146.833,4097001.82,4097007.916,"Silva","NEON_D17_TEAK_DP1_322000_4097000_classified_point_cloud_colorized.laz","2018_TEAK_3_322000_4097000_image.tif","Tree",1,322000,322999.999,4097000,4097999.999
"7055",7278,322207.213,322212.953,4097000.105,4097006.351,"Silva","NEON_D17_TEAK_DP1_322000_4097000_classified_point_cloud_colorized.laz","2018_TEAK_3_322000_4097000_image.tif","Tree",1,322000,322999.999,4097000,4097999.999
"7056",7280,322407.563,322410.442,4097003.794,4097006.931,"Silva","NEON_D17_TEAK_DP1_322000_4097000_classified_point_cloud_colorized.laz","2018_TEAK_3_322000_4097000_image.tif","Tree",1,322000,322999.999,4097000,4097999.999
"7057",7281,322190.563,322200.441,4097000.016,4097008.097,"Silva","NEON_D17_TEAK_DP1_322000_4097000_classified_point_cloud_colorized.laz","2018_TEAK_3_322000_4097000_image.tif","Tree",1,322000,322999.999,4097000,4097999.999
"7058",7282,322009.08,322014.912,4097000.045,4097005.941,"Silva","NEON_D17_TEAK_DP1_322000_4097000_classified_point_cloud_colorized.laz","2018_TEAK_3_322000_4097000_image.tif","Tree",1,322000,322999.999,4097000,4097999.999
"7059",7283,322015.056,322020.982,4097000.013,4097005.378,"Silva","NEON_D17_TEAK_DP1_322000_4097000_classified_point_cloud_colorized.laz","2018_TEAK_3_322000_4097000_image.tif","Tree",1,322000,322999.999,4097000,4097999.999
"7060",7284,322100.667,322108.366,4097001.237,4097007.485,"Silva","NEON_D17_TEAK_DP1_322000_4097000_classified_point_cloud_colorized.laz","2018_TEAK_3_322000_4097000_image.tif","Tree",1,322000,322999.999,4097000,4097999.999
"7061",7285,322120.634,322120.675,4097003.705,4097004.513,"Silva","NEON_D17_TEAK_DP1_322000_4097000_classified_point_cloud_colorized.laz","2018_TEAK_3_322000_4097000_image.tif","Tree",1,322000,322999.999,4097000,4097999.999
"7062",7286,322253.799,322257.385,4097002.505,4097005.434,"Silva","NEON_D17_TEAK_DP1_322000_4097000_classified_point_cloud_colorized.laz","2018_TEAK_3_322000_4097000_image.tif","Tree",1,322000,322999.999,4097000,4097999.999
"7063",7287,322523.36,322524.456,4097007.096,4097008.869,"Silva","NEON_D17_TEAK_DP1_322000_4097000_classified_point_cloud_colorized.laz","2018_TEAK_3_322000_4097000_image.tif","Tree",1,322000,322999.999,4097000,4097999.999
"7064",7288,322535.571,322541.681,4097006.09,4097011.5,"Silva","NEON_D17_TEAK_DP1_322000_4097000_classified_point_cloud_colorized.laz","2018_TEAK_3_322000_4097000_image.tif","Tree",1,322000,322999.999,4097000,4097999.999
"7065",7290,322083.164,322090.99,4097000.686,4097009.377,"Silva","NEON_D17_TEAK_DP1_322000_4097000_classified_point_cloud_colorized.laz","2018_TEAK_3_322000_4097000_image.tif","Tree",1,322000,322999.999,4097000,4097999.999
"7066",7291,322242.055,322248.999,4097002.098,4097009.447,"Silva","NEON_D17_TEAK_DP1_322000_4097000_classified_point_cloud_colorized.laz","2018_TEAK_3_322000_4097000_image.tif","Tree",1,322000,322999.999,4097000,4097999.999
"7067",7292,322394.452,322399.466,4097003.182,4097010.811,"Silva","NEON_D17_TEAK_DP1_322000_4097000_classified_point_cloud_colorized.laz","2018_TEAK_3_322000_4097000_image.tif","Tree",1,322000,322999.999,4097000,4097999.999
"7068",7293,322454.03,322459.432,4097005.099,4097010.931,"Silva","NEON_D17_TEAK_DP1_322000_4097000_classified_point_cloud_colorized.laz","2018_TEAK_3_322000_4097000_image.tif","Tree",1,322000,322999.999,4097000,4097999.999
"7069",7294,322516.609,322519.76,4097008.203,4097010.866,"Silva","NEON_D17_TEAK_DP1_322000_4097000_classified_point_cloud_colorized.laz","2018_TEAK_3_322000_4097000_image.tif","Tree",1,322000,322999.999,4097000,4097999.999
"7070",7295,322186.867,322190.49,4097002.671,4097007.492,"Silva","NEON_D17_TEAK_DP1_322000_4097000_classified_point_cloud_colorized.laz","2018_TEAK_3_322000_4097000_image.tif","Tree",1,322000,322999.999,4097000,4097999.999
"7071",7296,322019.705,322025.404,4097001.577,4097008.443,"Silva","NEON_D17_TEAK_DP1_322000_4097000_classified_point_cloud_colorized.laz","2018_TEAK_3_322000_4097000_image.tif","Tree",1,322000,322999.999,4097000,4097999.999
"7072",7297,322000.001,322006.25,4097000.037,4097007.738,"Silva","NEON_D17_TEAK_DP1_322000_4097000_classified_point_cloud_colorized.laz","2018_TEAK_3_322000_4097000_image.tif","Tree",1,322000,322999.999,4097000,4097999.999
"7073",7298,322131.706,322136.894,4097005.285,4097010.969,"Silva","NEON_D17_TEAK_DP1_322000_4097000_classified_point_cloud_colorized.laz","2018_TEAK_3_322000_4097000_image.tif","Tree",1,322000,322999.999,4097000,4097999.999
"7074",7299,322160.604,322168.401,4097004.138,4097010.49,"Silva","NEON_D17_TEAK_DP1_322000_4097000_classified_point_cloud_colorized.laz","2018_TEAK_3_322000_4097000_image.tif","Tree",1,322000,322999.999,4097000,4097999.999
"7075",7300,322237.176,322237.176,4097007.573,4097007.573,"Silva","NEON_D17_TEAK_DP1_322000_4097000_classified_point_cloud_colorized.laz","2018_TEAK_3_322000_4097000_image.tif","Tree",1,322000,322999.999,4097000,4097999.999
"7076",7301,322268.797,322269.439,4097006.667,4097008.493,"Silva","NEON_D17_TEAK_DP1_322000_4097000_classified_point_cloud_colorized.laz","2018_TEAK_3_322000_4097000_image.tif","Tree",1,322000,322999.999,4097000,4097999.999
"7077",7302,322499.575,322504.419,4097008.539,4097013.863,"Silva","NEON_D17_TEAK_DP1_322000_4097000_classified_point_cloud_colorized.laz","2018_TEAK_3_322000_4097000_image.tif","Tree",1,322000,322999.999,4097000,4097999.999
"7078",7303,322350.027,322355.443,4097005.181,4097010.82,"Silva","NEON_D17_TEAK_DP1_322000_4097000_classified_point_cloud_colorized.laz","2018_TEAK_3_322000_4097000_image.tif","Tree",1,322000,322999.999,4097000,4097999.999
"7079",7304,322150.322,322158.919,4097004.509,4097010.428,"Silva","NEON_D17_TEAK_DP1_322000_4097000_classified_point_cloud_colorized.laz","2018_TEAK_3_322000_4097000_image.tif","Tree",1,322000,322999.999,4097000,4097999.999
"7080",7305,322009.039,322012.787,4097005.632,4097010.138,"Silva","NEON_D17_TEAK_DP1_322000_4097000_classified_point_cloud_colorized.laz","2018_TEAK_3_322000_4097000_image.tif","Tree",1,322000,322999.999,4097000,4097999.999
"7081",7306,322034.518,322041.975,4097005.351,4097011.847,"Silva","NEON_D17_TEAK_DP1_322000_4097000_classified_point_cloud_colorized.laz","2018_TEAK_3_322000_4097000_image.tif","Tree",1,322000,322999.999,4097000,4097999.999
"7082",7307,322496.224,322498.36,4097011.061,4097013.429,"Silva","NEON_D17_TEAK_DP1_322000_4097000_classified_point_cloud_colorized.laz","2018_TEAK_3_322000_4097000_image.tif","Tree",1,322000,322999.999,4097000,4097999.999
"7083",7308,322319.939,322324.985,4097004.004,4097011.27,"Silva","NEON_D17_TEAK_DP1_322000_4097000_classified_point_cloud_colorized.laz","2018_TEAK_3_322000_4097000_image.tif","Tree",1,322000,322999.999,4097000,4097999.999
"7084",7309,322011.006,322016.415,4097006.045,4097011.469,"Silva","NEON_D17_TEAK_DP1_322000_4097000_classified_point_cloud_colorized.laz","2018_TEAK_3_322000_4097000_image.tif","Tree",1,322000,322999.999,4097000,4097999.999
"7085",7310,322026.245,322033.493,4097005.842,4097010.985,"Silva","NEON_D17_TEAK_DP1_322000_4097000_classified_point_cloud_colorized.laz","2018_TEAK_3_322000_4097000_image.tif","Tree",1,322000,322999.999,4097000,4097999.999
"7086",7311,322493.574,322494.595,4097013.404,4097014.454,"Silva","NEON_D17_TEAK_DP1_322000_4097000_classified_point_cloud_colorized.laz","2018_TEAK_3_322000_4097000_image.tif","Tree",1,322000,322999.999,4097000,4097999.999
"7087",7312,322479.641,322486.99,4097009.784,4097016.969,"Silva","NEON_D17_TEAK_DP1_322000_4097000_classified_point_cloud_colorized.laz","2018_TEAK_3_322000_4097000_image.tif","Tree",1,322000,322999.999,4097000,4097999.999
"7088",7314,322513.478,322515.841,4097013.197,4097017.782,"Silva","NEON_D17_TEAK_DP1_322000_4097000_classified_point_cloud_colorized.laz","2018_TEAK_3_322000_4097000_image.tif","Tree",1,322000,322999.999,4097000,4097999.999
"7089",7315,322313.505,322319.184,4097008.096,4097014.982,"Silva","NEON_D17_TEAK_DP1_322000_4097000_classified_point_cloud_colorized.laz","2018_TEAK_3_322000_4097000_image.tif","Tree",1,322000,322999.999,4097000,4097999.999
"7090",7316,322136.133,322142.454,4097007.609,4097016.942,"Silva","NEON_D17_TEAK_DP1_322000_4097000_classified_point_cloud_colorized.laz","2018_TEAK_3_322000_4097000_image.tif","Tree",1,322000,322999.999,4097000,4097999.999
"7091",7317,322007.508,322010.993,4097009.647,4097013.702,"Silva","NEON_D17_TEAK_DP1_322000_4097000_classified_point_cloud_colorized.laz","2018_TEAK_3_322000_4097000_image.tif","Tree",1,322000,322999.999,4097000,4097999.999
"7092",7318,322044.703,322048.852,4097012.21,4097013.781,"Silva","NEON_D17_TEAK_DP1_322000_4097000_classified_point_cloud_colorized.laz","2018_TEAK_3_322000_4097000_image.tif","Tree",1,322000,322999.999,4097000,4097999.999
"7093",7319,322171.365,322175.398,4097005.676,4097015.557,"Silva","NEON_D17_TEAK_DP1_322000_4097000_classified_point_cloud_colorized.laz","2018_TEAK_3_322000_4097000_image.tif","Tree",1,322000,322999.999,4097000,4097999.999
"7094",7320,322318.232,322324.347,4097009.61,4097015.769,"Silva","NEON_D17_TEAK_DP1_322000_4097000_classified_point_cloud_colorized.laz","2018_TEAK_3_322000_4097000_image.tif","Tree",1,322000,322999.999,4097000,4097999.999
"7095",7321,322350.52,322357.289,4097010.514,4097015.83,"Silva","NEON_D17_TEAK_DP1_322000_4097000_classified_point_cloud_colorized.laz","2018_TEAK_3_322000_4097000_image.tif","Tree",1,322000,322999.999,4097000,4097999.999
"7096",7322,322460.072,322462.356,4097014.684,4097017.35,"Silva","NEON_D17_TEAK_DP1_322000_4097000_classified_point_cloud_colorized.laz","2018_TEAK_3_322000_4097000_image.tif","Tree",1,322000,322999.999,4097000,4097999.999
"7097",7323,322514.709,322518.248,4097014.333,4097019.48,"Silva","NEON_D17_TEAK_DP1_322000_4097000_classified_point_cloud_colorized.laz","2018_TEAK_3_322000_4097000_image.tif","Tree",1,322000,322999.999,4097000,4097999.999
"7098",7324,322526.503,322534.476,4097010.557,4097020.992,"Silva","NEON_D17_TEAK_DP1_322000_4097000_classified_point_cloud_colorized.laz","2018_TEAK_3_322000_4097000_image.tif","Tree",1,322000,322999.999,4097000,4097999.999
"7099",7325,322141.012,322148.999,4097007.667,4097017.467,"Silva","NEON_D17_TEAK_DP1_322000_4097000_classified_point_cloud_colorized.laz","2018_TEAK_3_322000_4097000_image.tif","Tree",1,322000,322999.999,4097000,4097999.999
"7100",7326,322076.082,322082.792,4097010.896,4097016.984,"Silva","NEON_D17_TEAK_DP1_322000_4097000_classified_point_cloud_colorized.laz","2018_TEAK_3_322000_4097000_image.tif","Tree",1,322000,322999.999,4097000,4097999.999
"7101",7327,322012.528,322018.331,4097010.733,4097016.54,"Silva","NEON_D17_TEAK_DP1_322000_4097000_classified_point_cloud_colorized.laz","2018_TEAK_3_322000_4097000_image.tif","Tree",1,322000,322999.999,4097000,4097999.999
"7102",7328,322025.554,322031.954,4097011.004,4097015.742,"Silva","NEON_D17_TEAK_DP1_322000_4097000_classified_point_cloud_colorized.laz","2018_TEAK_3_322000_4097000_image.tif","Tree",1,322000,322999.999,4097000,4097999.999
"7103",7329,322091.893,322093.309,4097013.789,4097014.884,"Silva","NEON_D17_TEAK_DP1_322000_4097000_classified_point_cloud_colorized.laz","2018_TEAK_3_322000_4097000_image.tif","Tree",1,322000,322999.999,4097000,4097999.999
"7104",7330,322225.085,322228.726,4097011.551,4097015.944,"Silva","NEON_D17_TEAK_DP1_322000_4097000_classified_point_cloud_colorized.laz","2018_TEAK_3_322000_4097000_image.tif","Tree",1,322000,322999.999,4097000,4097999.999
"7105",7331,322285.032,322291.991,4097009.013,4097018.494,"Silva","NEON_D17_TEAK_DP1_322000_4097000_classified_point_cloud_colorized.laz","2018_TEAK_3_322000_4097000_image.tif","Tree",1,322000,322999.999,4097000,4097999.999
"7106",7332,322476.015,322482.574,4097013.583,4097020.91,"Silva","NEON_D17_TEAK_DP1_322000_4097000_classified_point_cloud_colorized.laz","2018_TEAK_3_322000_4097000_image.tif","Tree",1,322000,322999.999,4097000,4097999.999
"7107",7333,322494.565,322495.713,4097017.893,4097018.319,"Silva","NEON_D17_TEAK_DP1_322000_4097000_classified_point_cloud_colorized.laz","2018_TEAK_3_322000_4097000_image.tif","Tree",1,322000,322999.999,4097000,4097999.999
"7108",7334,322338.511,322343.344,4097009.041,4097016.662,"Silva","NEON_D17_TEAK_DP1_322000_4097000_classified_point_cloud_colorized.laz","2018_TEAK_3_322000_4097000_image.tif","Tree",1,322000,322999.999,4097000,4097999.999
"7109",7335,322096.03,322098.967,4097012.669,4097015.449,"Silva","NEON_D17_TEAK_DP1_322000_4097000_classified_point_cloud_colorized.laz","2018_TEAK_3_322000_4097000_image.tif","Tree",1,322000,322999.999,4097000,4097999.999
"7110",7336,322021.752,322025.897,4097012.536,4097015.411,"Silva","NEON_D17_TEAK_DP1_322000_4097000_classified_point_cloud_colorized.laz","2018_TEAK_3_322000_4097000_image.tif","Tree",1,322000,322999.999,4097000,4097999.999
"7111",7337,322010.005,322014.981,4097011.59,4097017.487,"Silva","NEON_D17_TEAK_DP1_322000_4097000_classified_point_cloud_colorized.laz","2018_TEAK_3_322000_4097000_image.tif","Tree",1,322000,322999.999,4097000,4097999.999
"7112",7338,322000.013,322004.374,4097012.635,4097017.481,"Silva","NEON_D17_TEAK_DP1_322000_4097000_classified_point_cloud_colorized.laz","2018_TEAK_3_322000_4097000_image.tif","Tree",1,322000,322999.999,4097000,4097999.999
"7113",7339,322371.506,322376.347,4097007.561,4097018.917,"Silva","NEON_D17_TEAK_DP1_322000_4097000_classified_point_cloud_colorized.laz","2018_TEAK_3_322000_4097000_image.tif","Tree",1,322000,322999.999,4097000,4097999.999
"7114",7340,322375.569,322383.853,4097013.032,4097020.246,"Silva","NEON_D17_TEAK_DP1_322000_4097000_classified_point_cloud_colorized.laz","2018_TEAK_3_322000_4097000_image.tif","Tree",1,322000,322999.999,4097000,4097999.999
"7115",7341,322471.526,322473.973,4097017.407,4097019.986,"Silva","NEON_D17_TEAK_DP1_322000_4097000_classified_point_cloud_colorized.laz","2018_TEAK_3_322000_4097000_image.tif","Tree",1,322000,322999.999,4097000,4097999.999
"7116",7342,322237.089,322247.343,4097008.006,4097019.898,"Silva","NEON_D17_TEAK_DP1_322000_4097000_classified_point_cloud_colorized.laz","2018_TEAK_3_322000_4097000_image.tif","Tree",1,322000,322999.999,4097000,4097999.999
"7117",7343,322188.885,322195.45,4097010.054,4097016.512,"Silva","NEON_D17_TEAK_DP1_322000_4097000_classified_point_cloud_colorized.laz","2018_TEAK_3_322000_4097000_image.tif","Tree",1,322000,322999.999,4097000,4097999.999
"7118",7344,322088.18,322089.992,4097015.025,4097017.734,"Silva","NEON_D17_TEAK_DP1_322000_4097000_classified_point_cloud_colorized.laz","2018_TEAK_3_322000_4097000_image.tif","Tree",1,322000,322999.999,4097000,4097999.999
"7119",7345,322082.022,322086.982,4097012.074,4097018.981,"Silva","NEON_D17_TEAK_DP1_322000_4097000_classified_point_cloud_colorized.laz","2018_TEAK_3_322000_4097000_image.tif","Tree",1,322000,322999.999,4097000,4097999.999
"7120",7346,322028.529,322035.471,4097011.653,4097018.335,"Silva","NEON_D17_TEAK_DP1_322000_4097000_classified_point_cloud_colorized.laz","2018_TEAK_3_322000_4097000_image.tif","Tree",1,322000,322999.999,4097000,4097999.999
"7121",7347,322429.146,322429.51,4097019.12,4097019.408,"Silva","NEON_D17_TEAK_DP1_322000_4097000_classified_point_cloud_colorized.laz","2018_TEAK_3_322000_4097000_image.tif","Tree",1,322000,322999.999,4097000,4097999.999
"7122",7348,322384.613,322394.472,4097009.552,4097021.319,"Silva","NEON_D17_TEAK_DP1_322000_4097000_classified_point_cloud_colorized.laz","2018_TEAK_3_322000_4097000_image.tif","Tree",1,322000,322999.999,4097000,4097999.999
"7123",7349,322022.059,322025.909,4097015.71,4097019.81,"Silva","NEON_D17_TEAK_DP1_322000_4097000_classified_point_cloud_colorized.laz","2018_TEAK_3_322000_4097000_image.tif","Tree",1,322000,322999.999,4097000,4097999.999
"7124",7350,322200.002,322206.33,4097012.018,4097020.366,"Silva","NEON_D17_TEAK_DP1_322000_4097000_classified_point_cloud_colorized.laz","2018_TEAK_3_322000_4097000_image.tif","Tree",1,322000,322999.999,4097000,4097999.999
"7125",7351,322351.111,322358.431,4097015.519,4097022.997,"Silva","NEON_D17_TEAK_DP1_322000_4097000_classified_point_cloud_colorized.laz","2018_TEAK_3_322000_4097000_image.tif","Tree",1,322000,322999.999,4097000,4097999.999
"7126",7352,322009.11,322013.478,4097015.551,4097020.994,"Silva","NEON_D17_TEAK_DP1_322000_4097000_classified_point_cloud_colorized.laz","2018_TEAK_3_322000_4097000_image.tif","Tree",1,322000,322999.999,4097000,4097999.999
"7127",7353,322195.08,322200.453,4097015.053,4097021.406,"Silva","NEON_D17_TEAK_DP1_322000_4097000_classified_point_cloud_colorized.laz","2018_TEAK_3_322000_4097000_image.tif","Tree",1,322000,322999.999,4097000,4097999.999
"7128",7354,322496.904,322501.472,4097019.504,4097023.97,"Silva","NEON_D17_TEAK_DP1_322000_4097000_classified_point_cloud_colorized.laz","2018_TEAK_3_322000_4097000_image.tif","Tree",1,322000,322999.999,4097000,4097999.999
"7129",7355,322517.009,322522.357,4097020.567,4097026.435,"Silva","NEON_D17_TEAK_DP1_322000_4097000_classified_point_cloud_colorized.laz","2018_TEAK_3_322000_4097000_image.tif","Tree",1,322000,322999.999,4097000,4097999.999
"7130",7356,322185.129,322190.402,4097015.048,4097021.432,"Silva","NEON_D17_TEAK_DP1_322000_4097000_classified_point_cloud_colorized.laz","2018_TEAK_3_322000_4097000_image.tif","Tree",1,322000,322999.999,4097000,4097999.999
"7131",7357,322171.617,322178.193,4097014.563,4097022.911,"Silva","NEON_D17_TEAK_DP1_322000_4097000_classified_point_cloud_colorized.laz","2018_TEAK_3_322000_4097000_image.tif","Tree",1,322000,322999.999,4097000,4097999.999
"7132",7358,322036.294,322041.438,4097013.15,4097021.457,"Silva","NEON_D17_TEAK_DP1_322000_4097000_classified_point_cloud_colorized.laz","2018_TEAK_3_322000_4097000_image.tif","Tree",1,322000,322999.999,4097000,4097999.999
"7133",7359,322003.014,322007.485,4097015.55,4097021.241,"Silva","NEON_D17_TEAK_DP1_322000_4097000_classified_point_cloud_colorized.laz","2018_TEAK_3_322000_4097000_image.tif","Tree",1,322000,322999.999,4097000,4097999.999
"7134",7360,322059.106,322064.427,4097018.121,4097021.584,"Silva","NEON_D17_TEAK_DP1_322000_4097000_classified_point_cloud_colorized.laz","2018_TEAK_3_322000_4097000_image.tif","Tree",1,322000,322999.999,4097000,4097999.999
"7135",7361,322086.577,322089.468,4097018.124,4097021.938,"Silva","NEON_D17_TEAK_DP1_322000_4097000_classified_point_cloud_colorized.laz","2018_TEAK_3_322000_4097000_image.tif","Tree",1,322000,322999.999,4097000,4097999.999
"7136",7362,322156.522,322163.979,4097016.018,4097021.964,"Silva","NEON_D17_TEAK_DP1_322000_4097000_classified_point_cloud_colorized.laz","2018_TEAK_3_322000_4097000_image.tif","Tree",1,322000,322999.999,4097000,4097999.999
"7137",7363,322223.509,322228.262,4097017.243,4097022.423,"Silva","NEON_D17_TEAK_DP1_322000_4097000_classified_point_cloud_colorized.laz","2018_TEAK_3_322000_4097000_image.tif","Tree",1,322000,322999.999,4097000,4097999.999
"7138",7364,322249.053,322254.904,4097014.072,4097022.97,"Silva","NEON_D17_TEAK_DP1_322000_4097000_classified_point_cloud_colorized.laz","2018_TEAK_3_322000_4097000_image.tif","Tree",1,322000,322999.999,4097000,4097999.999
"7139",7365,322436.057,322437.163,4097021.726,4097022.954,"Silva","NEON_D17_TEAK_DP1_322000_4097000_classified_point_cloud_colorized.laz","2018_TEAK_3_322000_4097000_image.tif","Tree",1,322000,322999.999,4097000,4097999.999
"7140",7366,322125.753,322136.885,4097016.553,4097024.403,"Silva","NEON_D17_TEAK_DP1_322000_4097000_classified_point_cloud_colorized.laz","2018_TEAK_3_322000_4097000_image.tif","Tree",1,322000,322999.999,4097000,4097999.999
"7141",7367,322066.039,322073.852,4097016.002,4097021.992,"Silva","NEON_D17_TEAK_DP1_322000_4097000_classified_point_cloud_colorized.laz","2018_TEAK_3_322000_4097000_image.tif","Tree",1,322000,322999.999,4097000,4097999.999
"7142",7368,322000.034,322004.665,4097017.684,4097023.49,"Silva","NEON_D17_TEAK_DP1_322000_4097000_classified_point_cloud_colorized.laz","2018_TEAK_3_322000_4097000_image.tif","Tree",1,322000,322999.999,4097000,4097999.999
"7143",7369,322046.569,322052.41,4097017.547,4097023.608,"Silva","NEON_D17_TEAK_DP1_322000_4097000_classified_point_cloud_colorized.laz","2018_TEAK_3_322000_4097000_image.tif","Tree",1,322000,322999.999,4097000,4097999.999
"7144",7370,322196.554,322204.282,4097018.528,4097026.746,"Silva","NEON_D17_TEAK_DP1_322000_4097000_classified_point_cloud_colorized.laz","2018_TEAK_3_322000_4097000_image.tif","Tree",1,322000,322999.999,4097000,4097999.999
"7145",7371,322521.588,322527.153,4097021.199,4097029.324,"Silva","NEON_D17_TEAK_DP1_322000_4097000_classified_point_cloud_colorized.laz","2018_TEAK_3_322000_4097000_image.tif","Tree",1,322000,322999.999,4097000,4097999.999
"7146",7372,322502.003,322505.113,4097024.894,4097027.992,"Silva","NEON_D17_TEAK_DP1_322000_4097000_classified_point_cloud_colorized.laz","2018_TEAK_3_322000_4097000_image.tif","Tree",1,322000,322999.999,4097000,4097999.999
"7147",7373,322294.556,322307.902,4097014.03,4097024.488,"Silva","NEON_D17_TEAK_DP1_322000_4097000_classified_point_cloud_colorized.laz","2018_TEAK_3_322000_4097000_image.tif","Tree",1,322000,322999.999,4097000,4097999.999
"7148",7374,322143.62,322148.41,4097017.604,4097026.338,"Silva","NEON_D17_TEAK_DP1_322000_4097000_classified_point_cloud_colorized.laz","2018_TEAK_3_322000_4097000_image.tif","Tree",1,322000,322999.999,4097000,4097999.999
"7149",7376,322137.608,322143.95,4097018.08,4097025.793,"Silva","NEON_D17_TEAK_DP1_322000_4097000_classified_point_cloud_colorized.laz","2018_TEAK_3_322000_4097000_image.tif","Tree",1,322000,322999.999,4097000,4097999.999
"7150",7377,322352.001,322364.156,4097017.016,4097027.987,"Silva","NEON_D17_TEAK_DP1_322000_4097000_classified_point_cloud_colorized.laz","2018_TEAK_3_322000_4097000_image.tif","Tree",1,322000,322999.999,4097000,4097999.999
"7151",7378,322484.233,322489.098,4097026.605,4097029.282,"Silva","NEON_D17_TEAK_DP1_322000_4097000_classified_point_cloud_colorized.laz","2018_TEAK_3_322000_4097000_image.tif","Tree",1,322000,322999.999,4097000,4097999.999
"7152",7379,322507.51,322510.989,4097025.533,4097029.496,"Silva","NEON_D17_TEAK_DP1_322000_4097000_classified_point_cloud_colorized.laz","2018_TEAK_3_322000_4097000_image.tif","Tree",1,322000,322999.999,4097000,4097999.999
"7153",7380,322043.688,322046.988,4097021.523,4097026.177,"Silva","NEON_D17_TEAK_DP1_322000_4097000_classified_point_cloud_colorized.laz","2018_TEAK_3_322000_4097000_image.tif","Tree",1,322000,322999.999,4097000,4097999.999
"7154",7381,322029.055,322034.955,4097020.044,4097026.37,"Silva","NEON_D17_TEAK_DP1_322000_4097000_classified_point_cloud_colorized.laz","2018_TEAK_3_322000_4097000_image.tif","Tree",1,322000,322999.999,4097000,4097999.999
"7155",7382,322074.013,322079.961,4097021.018,4097025.486,"Silva","NEON_D17_TEAK_DP1_322000_4097000_classified_point_cloud_colorized.laz","2018_TEAK_3_322000_4097000_image.tif","Tree",1,322000,322999.999,4097000,4097999.999
"7156",7383,322081.417,322086.15,4097020.505,4097027.147,"Silva","NEON_D17_TEAK_DP1_322000_4097000_classified_point_cloud_colorized.laz","2018_TEAK_3_322000_4097000_image.tif","Tree",1,322000,322999.999,4097000,4097999.999
"7157",7384,322373.79,322380.17,4097021.001,4097026.977,"Silva","NEON_D17_TEAK_DP1_322000_4097000_classified_point_cloud_colorized.laz","2018_TEAK_3_322000_4097000_image.tif","Tree",1,322000,322999.999,4097000,4097999.999
"7158",7385,322406.032,322411.292,4097022.019,4097026.289,"Silva","NEON_D17_TEAK_DP1_322000_4097000_classified_point_cloud_colorized.laz","2018_TEAK_3_322000_4097000_image.tif","Tree",1,322000,322999.999,4097000,4097999.999
"7159",7386,322227.511,322230.768,4097022.039,4097027.453,"Silva","NEON_D17_TEAK_DP1_322000_4097000_classified_point_cloud_colorized.laz","2018_TEAK_3_322000_4097000_image.tif","Tree",1,322000,322999.999,4097000,4097999.999
"7160",7387,322001.1,322007.28,4097025.456,4097028.978,"Silva","NEON_D17_TEAK_DP1_322000_4097000_classified_point_cloud_colorized.laz","2018_TEAK_3_322000_4097000_image.tif","Tree",1,322000,322999.999,4097000,4097999.999
"7161",7388,322023.494,322029.994,4097021.006,4097028.485,"Silva","NEON_D17_TEAK_DP1_322000_4097000_classified_point_cloud_colorized.laz","2018_TEAK_3_322000_4097000_image.tif","Tree",1,322000,322999.999,4097000,4097999.999
"7162",7390,322501.542,322504.93,4097028.109,4097031.97,"Silva","NEON_D17_TEAK_DP1_322000_4097000_classified_point_cloud_colorized.laz","2018_TEAK_3_322000_4097000_image.tif","Tree",1,322000,322999.999,4097000,4097999.999
"7163",7391,322374.036,322380.864,4097026.114,4097030.755,"Silva","NEON_D17_TEAK_DP1_322000_4097000_classified_point_cloud_colorized.laz","2018_TEAK_3_322000_4097000_image.tif","Tree",1,322000,322999.999,4097000,4097999.999
"7164",7392,322364.349,322371.928,4097023.031,4097031.093,"Silva","NEON_D17_TEAK_DP1_322000_4097000_classified_point_cloud_colorized.laz","2018_TEAK_3_322000_4097000_image.tif","Tree",1,322000,322999.999,4097000,4097999.999
"7165",7393,322086.837,322088.407,4097026.597,4097028.417,"Silva","NEON_D17_TEAK_DP1_322000_4097000_classified_point_cloud_colorized.laz","2018_TEAK_3_322000_4097000_image.tif","Tree",1,322000,322999.999,4097000,4097999.999
"7166",7394,322008.515,322017.494,4097022.196,4097029.966,"Silva","NEON_D17_TEAK_DP1_322000_4097000_classified_point_cloud_colorized.laz","2018_TEAK_3_322000_4097000_image.tif","Tree",1,322000,322999.999,4097000,4097999.999
"7167",7395,322063.606,322069.318,4097022.701,4097030.372,"Silva","NEON_D17_TEAK_DP1_322000_4097000_classified_point_cloud_colorized.laz","2018_TEAK_3_322000_4097000_image.tif","Tree",1,322000,322999.999,4097000,4097999.999
"7168",7396,322522.79,322528.175,4097028.521,4097033.725,"Silva","NEON_D17_TEAK_DP1_322000_4097000_classified_point_cloud_colorized.laz","2018_TEAK_3_322000_4097000_image.tif","Tree",1,322000,322999.999,4097000,4097999.999
"7169",7397,322146.582,322152.552,4097025.025,4097030.455,"Silva","NEON_D17_TEAK_DP1_322000_4097000_classified_point_cloud_colorized.laz","2018_TEAK_3_322000_4097000_image.tif","Tree",1,322000,322999.999,4097000,4097999.999
"7170",7398,322397.679,322405.613,4097026.702,4097034.463,"Silva","NEON_D17_TEAK_DP1_322000_4097000_classified_point_cloud_colorized.laz","2018_TEAK_3_322000_4097000_image.tif","Tree",1,322000,322999.999,4097000,4097999.999
"7171",7399,322536.035,322541.394,4097027.545,4097037.393,"Silva","NEON_D17_TEAK_DP1_322000_4097000_classified_point_cloud_colorized.laz","2018_TEAK_3_322000_4097000_image.tif","Tree",1,322000,322999.999,4097000,4097999.999
"7172",7401,322431.066,322434.439,4097029.558,4097033.445,"Silva","NEON_D17_TEAK_DP1_322000_4097000_classified_point_cloud_colorized.laz","2018_TEAK_3_322000_4097000_image.tif","Tree",1,322000,322999.999,4097000,4097999.999
"7173",7402,322379.418,322385.615,4097025.987,4097032.357,"Silva","NEON_D17_TEAK_DP1_322000_4097000_classified_point_cloud_colorized.laz","2018_TEAK_3_322000_4097000_image.tif","Tree",1,322000,322999.999,4097000,4097999.999
"7174",7403,322288.126,322297.908,4097020.035,4097032.483,"Silva","NEON_D17_TEAK_DP1_322000_4097000_classified_point_cloud_colorized.laz","2018_TEAK_3_322000_4097000_image.tif","Tree",1,322000,322999.999,4097000,4097999.999
"7175",7404,322357.033,322365.709,4097024.64,4097032.886,"Silva","NEON_D17_TEAK_DP1_322000_4097000_classified_point_cloud_colorized.laz","2018_TEAK_3_322000_4097000_image.tif","Tree",1,322000,322999.999,4097000,4097999.999
"7176",7405,322392.207,322398.946,4097027.674,4097034.982,"Silva","NEON_D17_TEAK_DP1_322000_4097000_classified_point_cloud_colorized.laz","2018_TEAK_3_322000_4097000_image.tif","Tree",1,322000,322999.999,4097000,4097999.999
"7177",7406,322460.948,322468.458,4097027.031,4097037.602,"Silva","NEON_D17_TEAK_DP1_322000_4097000_classified_point_cloud_colorized.laz","2018_TEAK_3_322000_4097000_image.tif","Tree",1,322000,322999.999,4097000,4097999.999
"7178",7407,322484.003,322491.872,4097029.768,4097036.377,"Silva","NEON_D17_TEAK_DP1_322000_4097000_classified_point_cloud_colorized.laz","2018_TEAK_3_322000_4097000_image.tif","Tree",1,322000,322999.999,4097000,4097999.999
"7179",7408,322371.605,322378.458,4097027.709,4097033.269,"Silva","NEON_D17_TEAK_DP1_322000_4097000_classified_point_cloud_colorized.laz","2018_TEAK_3_322000_4097000_image.tif","Tree",1,322000,322999.999,4097000,4097999.999
"7180",7409,322053.53,322057.22,4097028.222,4097032.475,"Silva","NEON_D17_TEAK_DP1_322000_4097000_classified_point_cloud_colorized.laz","2018_TEAK_3_322000_4097000_image.tif","Tree",1,322000,322999.999,4097000,4097999.999
"7181",7410,322084.558,322087.406,4097029.093,4097032.265,"Silva","NEON_D17_TEAK_DP1_322000_4097000_classified_point_cloud_colorized.laz","2018_TEAK_3_322000_4097000_image.tif","Tree",1,322000,322999.999,4097000,4097999.999
"7182",7411,322510.683,322515.358,4097031.718,4097039.387,"Silva","NEON_D17_TEAK_DP1_322000_4097000_classified_point_cloud_colorized.laz","2018_TEAK_3_322000_4097000_image.tif","Tree",1,322000,322999.999,4097000,4097999.999
"7183",7412,322384.624,322391.969,4097028.617,4097034.94,"Silva","NEON_D17_TEAK_DP1_322000_4097000_classified_point_cloud_colorized.laz","2018_TEAK_3_322000_4097000_image.tif","Tree",1,322000,322999.999,4097000,4097999.999
"7184",7413,322145.653,322152.786,4097027.534,4097034.991,"Silva","NEON_D17_TEAK_DP1_322000_4097000_classified_point_cloud_colorized.laz","2018_TEAK_3_322000_4097000_image.tif","Tree",1,322000,322999.999,4097000,4097999.999
"7185",7414,322091.097,322096.955,4097027.633,4097033.811,"Silva","NEON_D17_TEAK_DP1_322000_4097000_classified_point_cloud_colorized.laz","2018_TEAK_3_322000_4097000_image.tif","Tree",1,322000,322999.999,4097000,4097999.999
"7186",7415,322101.015,322107.973,4097028.152,4097034.819,"Silva","NEON_D17_TEAK_DP1_322000_4097000_classified_point_cloud_colorized.laz","2018_TEAK_3_322000_4097000_image.tif","Tree",1,322000,322999.999,4097000,4097999.999
"7187",7417,322530.234,322536.938,4097033.055,4097039.093,"Silva","NEON_D17_TEAK_DP1_322000_4097000_classified_point_cloud_colorized.laz","2018_TEAK_3_322000_4097000_image.tif","Tree",1,322000,322999.999,4097000,4097999.999
"7188",7418,322039.52,322046.492,4097028.548,4097037.48,"Silva","NEON_D17_TEAK_DP1_322000_4097000_classified_point_cloud_colorized.laz","2018_TEAK_3_322000_4097000_image.tif","Tree",1,322000,322999.999,4097000,4097999.999
"7189",7419,322121.769,322128.992,4097025.014,4097036.487,"Silva","NEON_D17_TEAK_DP1_322000_4097000_classified_point_cloud_colorized.laz","2018_TEAK_3_322000_4097000_image.tif","Tree",1,322000,322999.999,4097000,4097999.999
"7190",7420,322471.546,322474.217,4097034.558,4097037.676,"Silva","NEON_D17_TEAK_DP1_322000_4097000_classified_point_cloud_colorized.laz","2018_TEAK_3_322000_4097000_image.tif","Tree",1,322000,322999.999,4097000,4097999.999
"7191",7421,322034.611,322039.496,4097031.019,4097037.782,"Silva","NEON_D17_TEAK_DP1_322000_4097000_classified_point_cloud_colorized.laz","2018_TEAK_3_322000_4097000_image.tif","Tree",1,322000,322999.999,4097000,4097999.999
"7192",7422,322024.021,322030.957,4097028.183,4097034.817,"Silva","NEON_D17_TEAK_DP1_322000_4097000_classified_point_cloud_colorized.laz","2018_TEAK_3_322000_4097000_image.tif","Tree",1,322000,322999.999,4097000,4097999.999
"7193",7423,322004,322011.953,4097027.023,4097036.496,"Silva","NEON_D17_TEAK_DP1_322000_4097000_classified_point_cloud_colorized.laz","2018_TEAK_3_322000_4097000_image.tif","Tree",1,322000,322999.999,4097000,4097999.999
"7194",7424,322377.757,322382.269,4097031.797,4097038.486,"Silva","NEON_D17_TEAK_DP1_322000_4097000_classified_point_cloud_colorized.laz","2018_TEAK_3_322000_4097000_image.tif","Tree",1,322000,322999.999,4097000,4097999.999
"7195",7425,322011.682,322019.313,4097029.337,4097036.975,"Silva","NEON_D17_TEAK_DP1_322000_4097000_classified_point_cloud_colorized.laz","2018_TEAK_3_322000_4097000_image.tif","Tree",1,322000,322999.999,4097000,4097999.999
"7196",7426,322250.58,322258.922,4097028.061,4097037.647,"Silva","NEON_D17_TEAK_DP1_322000_4097000_classified_point_cloud_colorized.laz","2018_TEAK_3_322000_4097000_image.tif","Tree",1,322000,322999.999,4097000,4097999.999
"7197",7427,322525.735,322526.09,4097039.692,4097040.463,"Silva","NEON_D17_TEAK_DP1_322000_4097000_classified_point_cloud_colorized.laz","2018_TEAK_3_322000_4097000_image.tif","Tree",1,322000,322999.999,4097000,4097999.999
"7198",7428,322390.226,322397.174,4097032.039,4097040.326,"Silva","NEON_D17_TEAK_DP1_322000_4097000_classified_point_cloud_colorized.laz","2018_TEAK_3_322000_4097000_image.tif","Tree",1,322000,322999.999,4097000,4097999.999
"7199",7429,322365.509,322372.126,4097031.557,4097039.877,"Silva","NEON_D17_TEAK_DP1_322000_4097000_classified_point_cloud_colorized.laz","2018_TEAK_3_322000_4097000_image.tif","Tree",1,322000,322999.999,4097000,4097999.999
"7200",7430,322089.576,322095.474,4097032.593,4097037.496,"Silva","NEON_D17_TEAK_DP1_322000_4097000_classified_point_cloud_colorized.laz","2018_TEAK_3_322000_4097000_image.tif","Tree",1,322000,322999.999,4097000,4097999.999
"7201",7431,322055.745,322061.979,4097031.668,4097038.636,"Silva","NEON_D17_TEAK_DP1_322000_4097000_classified_point_cloud_colorized.laz","2018_TEAK_3_322000_4097000_image.tif","Tree",1,322000,322999.999,4097000,4097999.999
"7202",7432,322068.625,322073.41,4097033.123,4097037.611,"Silva","NEON_D17_TEAK_DP1_322000_4097000_classified_point_cloud_colorized.laz","2018_TEAK_3_322000_4097000_image.tif","Tree",1,322000,322999.999,4097000,4097999.999
"7203",7433,322488.026,322492.718,4097036.221,4097039.962,"Silva","NEON_D17_TEAK_DP1_322000_4097000_classified_point_cloud_colorized.laz","2018_TEAK_3_322000_4097000_image.tif","Tree",1,322000,322999.999,4097000,4097999.999
"7204",7434,322541.501,322549.978,4097037.501,4097041.938,"Silva","NEON_D17_TEAK_DP1_322000_4097000_classified_point_cloud_colorized.laz","2018_TEAK_3_322000_4097000_image.tif","Tree",1,322000,322999.999,4097000,4097999.999
"7205",7435,322348.004,322358.436,4097028.69,4097037.963,"Silva","NEON_D17_TEAK_DP1_322000_4097000_classified_point_cloud_colorized.laz","2018_TEAK_3_322000_4097000_image.tif","Tree",1,322000,322999.999,4097000,4097999.999
"7206",7436,322087.11,322090.465,4097034.003,4097038.984,"Silva","NEON_D17_TEAK_DP1_322000_4097000_classified_point_cloud_colorized.laz","2018_TEAK_3_322000_4097000_image.tif","Tree",1,322000,322999.999,4097000,4097999.999
"7207",7437,322259.125,322266.629,4097031.554,4097039.695,"Silva","NEON_D17_TEAK_DP1_322000_4097000_classified_point_cloud_colorized.laz","2018_TEAK_3_322000_4097000_image.tif","Tree",1,322000,322999.999,4097000,4097999.999
"7208",7438,322536.58,322537.941,4097038.039,4097038.902,"Silva","NEON_D17_TEAK_DP1_322000_4097000_classified_point_cloud_colorized.laz","2018_TEAK_3_322000_4097000_image.tif","Tree",1,322000,322999.999,4097000,4097999.999
"7209",7439,322236.118,322245.893,4097030.722,4097041.412,"Silva","NEON_D17_TEAK_DP1_322000_4097000_classified_point_cloud_colorized.laz","2018_TEAK_3_322000_4097000_image.tif","Tree",1,322000,322999.999,4097000,4097999.999
"7210",7440,322079.258,322082.988,4097035.523,4097039.427,"Silva","NEON_D17_TEAK_DP1_322000_4097000_classified_point_cloud_colorized.laz","2018_TEAK_3_322000_4097000_image.tif","Tree",1,322000,322999.999,4097000,4097999.999
"7211",7441,322061.264,322066.472,4097033.555,4097040.498,"Silva","NEON_D17_TEAK_DP1_322000_4097000_classified_point_cloud_colorized.laz","2018_TEAK_3_322000_4097000_image.tif","Tree",1,322000,322999.999,4097000,4097999.999
"7212",7442,322047.567,322053.16,4097035.55,4097040.065,"Silva","NEON_D17_TEAK_DP1_322000_4097000_classified_point_cloud_colorized.laz","2018_TEAK_3_322000_4097000_image.tif","Tree",1,322000,322999.999,4097000,4097999.999
"7213",7443,322208.074,322214.78,4097031.6,4097039.894,"Silva","NEON_D17_TEAK_DP1_322000_4097000_classified_point_cloud_colorized.laz","2018_TEAK_3_322000_4097000_image.tif","Tree",1,322000,322999.999,4097000,4097999.999
"7214",7444,322542.321,322549.489,4097041.008,4097047.406,"Silva","NEON_D17_TEAK_DP1_322000_4097000_classified_point_cloud_colorized.laz","2018_TEAK_3_322000_4097000_image.tif","Tree",1,322000,322999.999,4097000,4097999.999
"7215",7445,322511.528,322517.396,4097038.051,4097044.902,"Silva","NEON_D17_TEAK_DP1_322000_4097000_classified_point_cloud_colorized.laz","2018_TEAK_3_322000_4097000_image.tif","Tree",1,322000,322999.999,4097000,4097999.999
"7216",7446,322446.1,322448.943,4097041.071,4097043.507,"Silva","NEON_D17_TEAK_DP1_322000_4097000_classified_point_cloud_colorized.laz","2018_TEAK_3_322000_4097000_image.tif","Tree",1,322000,322999.999,4097000,4097999.999
"7217",7447,322135.51,322143.754,4097035.058,4097042.353,"Silva","NEON_D17_TEAK_DP1_322000_4097000_classified_point_cloud_colorized.laz","2018_TEAK_3_322000_4097000_image.tif","Tree",1,322000,322999.999,4097000,4097999.999
"7218",7448,322125.548,322132.428,4097036.027,4097041.996,"Silva","NEON_D17_TEAK_DP1_322000_4097000_classified_point_cloud_colorized.laz","2018_TEAK_3_322000_4097000_image.tif","Tree",1,322000,322999.999,4097000,4097999.999
"7219",7450,322356.239,322358.829,4097038.001,4097045.022,"Silva","NEON_D17_TEAK_DP1_322000_4097000_classified_point_cloud_colorized.laz","2018_TEAK_3_322000_4097000_image.tif","Tree",1,322000,322999.999,4097000,4097999.999
"7220",7451,322473.085,322477.981,4097040.917,4097045.956,"Silva","NEON_D17_TEAK_DP1_322000_4097000_classified_point_cloud_colorized.laz","2018_TEAK_3_322000_4097000_image.tif","Tree",1,322000,322999.999,4097000,4097999.999
"7221",7452,322497.082,322501.577,4097041.069,4097045.462,"Silva","NEON_D17_TEAK_DP1_322000_4097000_classified_point_cloud_colorized.laz","2018_TEAK_3_322000_4097000_image.tif","Tree",1,322000,322999.999,4097000,4097999.999
"7222",7454,322082.576,322087.494,4097039.122,4097043.773,"Silva","NEON_D17_TEAK_DP1_322000_4097000_classified_point_cloud_colorized.laz","2018_TEAK_3_322000_4097000_image.tif","Tree",1,322000,322999.999,4097000,4097999.999
"7223",7455,322076.57,322079.176,4097039.536,4097042.844,"Silva","NEON_D17_TEAK_DP1_322000_4097000_classified_point_cloud_colorized.laz","2018_TEAK_3_322000_4097000_image.tif","Tree",1,322000,322999.999,4097000,4097999.999
"7224",7456,322132.011,322137.903,4097036.726,4097043.599,"Silva","NEON_D17_TEAK_DP1_322000_4097000_classified_point_cloud_colorized.laz","2018_TEAK_3_322000_4097000_image.tif","Tree",1,322000,322999.999,4097000,4097999.999
"7225",7457,322145.618,322152.937,4097036.054,4097045.966,"Silva","NEON_D17_TEAK_DP1_322000_4097000_classified_point_cloud_colorized.laz","2018_TEAK_3_322000_4097000_image.tif","Tree",1,322000,322999.999,4097000,4097999.999
"7226",7458,322003.18,322010.477,4097036.001,4097043.609,"Silva","NEON_D17_TEAK_DP1_322000_4097000_classified_point_cloud_colorized.laz","2018_TEAK_3_322000_4097000_image.tif","Tree",1,322000,322999.999,4097000,4097999.999
"7227",7459,322491.526,322494.935,4097044.126,4097047.86,"Silva","NEON_D17_TEAK_DP1_322000_4097000_classified_point_cloud_colorized.laz","2018_TEAK_3_322000_4097000_image.tif","Tree",1,322000,322999.999,4097000,4097999.999
"7228",7460,322434.107,322436.461,4097043.048,4097046.131,"Silva","NEON_D17_TEAK_DP1_322000_4097000_classified_point_cloud_colorized.laz","2018_TEAK_3_322000_4097000_image.tif","Tree",1,322000,322999.999,4097000,4097999.999
"7229",7461,322049.243,322055.647,4097038.556,4097044.71,"Silva","NEON_D17_TEAK_DP1_322000_4097000_classified_point_cloud_colorized.laz","2018_TEAK_3_322000_4097000_image.tif","Tree",1,322000,322999.999,4097000,4097999.999
"7230",7462,322015.128,322017.368,4097041.169,4097043.967,"Silva","NEON_D17_TEAK_DP1_322000_4097000_classified_point_cloud_colorized.laz","2018_TEAK_3_322000_4097000_image.tif","Tree",1,322000,322999.999,4097000,4097999.999
"7231",7463,322362.87,322367.432,4097041.553,4097046.689,"Silva","NEON_D17_TEAK_DP1_322000_4097000_classified_point_cloud_colorized.laz","2018_TEAK_3_322000_4097000_image.tif","Tree",1,322000,322999.999,4097000,4097999.999
"7232",7464,322282.651,322290.928,4097038.035,4097046.869,"Silva","NEON_D17_TEAK_DP1_322000_4097000_classified_point_cloud_colorized.laz","2018_TEAK_3_322000_4097000_image.tif","Tree",1,322000,322999.999,4097000,4097999.999
"7233",7465,322243.302,322251.999,4097036.623,4097047.945,"Silva","NEON_D17_TEAK_DP1_322000_4097000_classified_point_cloud_colorized.laz","2018_TEAK_3_322000_4097000_image.tif","Tree",1,322000,322999.999,4097000,4097999.999
"7234",7466,322059.731,322063.687,4097043.016,4097045.875,"Silva","NEON_D17_TEAK_DP1_322000_4097000_classified_point_cloud_colorized.laz","2018_TEAK_3_322000_4097000_image.tif","Tree",1,322000,322999.999,4097000,4097999.999
"7235",7467,322459.011,322469.019,4097040.046,4097050.87,"Silva","NEON_D17_TEAK_DP1_322000_4097000_classified_point_cloud_colorized.laz","2018_TEAK_3_322000_4097000_image.tif","Tree",1,322000,322999.999,4097000,4097999.999
"7236",7468,322527.009,322530.949,4097046.496,4097054.992,"Silva","NEON_D17_TEAK_DP1_322000_4097000_classified_point_cloud_colorized.laz","2018_TEAK_3_322000_4097000_image.tif","Tree",1,322000,322999.999,4097000,4097999.999
"7237",7469,322496.684,322498.972,4097045.528,4097049.018,"Silva","NEON_D17_TEAK_DP1_322000_4097000_classified_point_cloud_colorized.laz","2018_TEAK_3_322000_4097000_image.tif","Tree",1,322000,322999.999,4097000,4097999.999
"7238",7470,322399.523,322406.483,4097043.04,4097047.792,"Silva","NEON_D17_TEAK_DP1_322000_4097000_classified_point_cloud_colorized.laz","2018_TEAK_3_322000_4097000_image.tif","Tree",1,322000,322999.999,4097000,4097999.999
"7239",7471,322035.163,322044.473,4097037.518,4097048.454,"Silva","NEON_D17_TEAK_DP1_322000_4097000_classified_point_cloud_colorized.laz","2018_TEAK_3_322000_4097000_image.tif","Tree",1,322000,322999.999,4097000,4097999.999
"7240",7472,322128.524,322133.872,4097042.001,4097048.5,"Silva","NEON_D17_TEAK_DP1_322000_4097000_classified_point_cloud_colorized.laz","2018_TEAK_3_322000_4097000_image.tif","Tree",1,322000,322999.999,4097000,4097999.999
"7241",7473,322181.127,322188.777,4097039.535,4097048.454,"Silva","NEON_D17_TEAK_DP1_322000_4097000_classified_point_cloud_colorized.laz","2018_TEAK_3_322000_4097000_image.tif","Tree",1,322000,322999.999,4097000,4097999.999
"7242",7474,322345.538,322355.658,4097039.212,4097046.907,"Silva","NEON_D17_TEAK_DP1_322000_4097000_classified_point_cloud_colorized.laz","2018_TEAK_3_322000_4097000_image.tif","Tree",1,322000,322999.999,4097000,4097999.999
"7243",7476,322549.029,322556.408,4097047.605,4097057.493,"Silva","NEON_D17_TEAK_DP1_322000_4097000_classified_point_cloud_colorized.laz","2018_TEAK_3_322000_4097000_image.tif","Tree",1,322000,322999.999,4097000,4097999.999
"7244",7477,322199.346,322206.952,4097041.883,4097048.643,"Silva","NEON_D17_TEAK_DP1_322000_4097000_classified_point_cloud_colorized.laz","2018_TEAK_3_322000_4097000_image.tif","Tree",1,322000,322999.999,4097000,4097999.999
"7245",7478,322114.83,322122.434,4097045.342,4097049.399,"Silva","NEON_D17_TEAK_DP1_322000_4097000_classified_point_cloud_colorized.laz","2018_TEAK_3_322000_4097000_image.tif","Tree",1,322000,322999.999,4097000,4097999.999
"7246",7479,322526.507,322528.961,4097054.034,4097056.43,"Silva","NEON_D17_TEAK_DP1_322000_4097000_classified_point_cloud_colorized.laz","2018_TEAK_3_322000_4097000_image.tif","Tree",1,322000,322999.999,4097000,4097999.999
"7247",7480,322394.578,322399.855,4097045.149,4097052.949,"Silva","NEON_D17_TEAK_DP1_322000_4097000_classified_point_cloud_colorized.laz","2018_TEAK_3_322000_4097000_image.tif","Tree",1,322000,322999.999,4097000,4097999.999
"7248",7481,322402.632,322406.479,4097047.026,4097052.98,"Silva","NEON_D17_TEAK_DP1_322000_4097000_classified_point_cloud_colorized.laz","2018_TEAK_3_322000_4097000_image.tif","Tree",1,322000,322999.999,4097000,4097999.999
"7249",7482,322505.064,322509.432,4097049.613,4097053.281,"Silva","NEON_D17_TEAK_DP1_322000_4097000_classified_point_cloud_colorized.laz","2018_TEAK_3_322000_4097000_image.tif","Tree",1,322000,322999.999,4097000,4097999.999
"7250",7483,322035.304,322035.47,4097045.147,4097045.357,"Silva","NEON_D17_TEAK_DP1_322000_4097000_classified_point_cloud_colorized.laz","2018_TEAK_3_322000_4097000_image.tif","Tree",1,322000,322999.999,4097000,4097999.999
"7251",7485,322071.564,322076.992,4097046.626,4097050.471,"Silva","NEON_D17_TEAK_DP1_322000_4097000_classified_point_cloud_colorized.laz","2018_TEAK_3_322000_4097000_image.tif","Tree",1,322000,322999.999,4097000,4097999.999
"7252",7486,322194.568,322199.82,4097045.065,4097052.16,"Silva","NEON_D17_TEAK_DP1_322000_4097000_classified_point_cloud_colorized.laz","2018_TEAK_3_322000_4097000_image.tif","Tree",1,322000,322999.999,4097000,4097999.999
"7253",7487,322398.565,322403.813,4097047.038,4097053.339,"Silva","NEON_D17_TEAK_DP1_322000_4097000_classified_point_cloud_colorized.laz","2018_TEAK_3_322000_4097000_image.tif","Tree",1,322000,322999.999,4097000,4097999.999
"7254",7488,322413.515,322423.864,4097046.514,4097050.993,"Silva","NEON_D17_TEAK_DP1_322000_4097000_classified_point_cloud_colorized.laz","2018_TEAK_3_322000_4097000_image.tif","Tree",1,322000,322999.999,4097000,4097999.999
"7255",7489,322481.064,322483.966,4097052.622,4097055.989,"Silva","NEON_D17_TEAK_DP1_322000_4097000_classified_point_cloud_colorized.laz","2018_TEAK_3_322000_4097000_image.tif","Tree",1,322000,322999.999,4097000,4097999.999
"7256",7490,322512.465,322516.988,4097050.544,4097054.961,"Silva","NEON_D17_TEAK_DP1_322000_4097000_classified_point_cloud_colorized.laz","2018_TEAK_3_322000_4097000_image.tif","Tree",1,322000,322999.999,4097000,4097999.999
"7257",7491,322355.098,322358.373,4097046.179,4097053.241,"Silva","NEON_D17_TEAK_DP1_322000_4097000_classified_point_cloud_colorized.laz","2018_TEAK_3_322000_4097000_image.tif","Tree",1,322000,322999.999,4097000,4097999.999
"7258",7492,322095.555,322099.925,4097047.023,4097051.367,"Silva","NEON_D17_TEAK_DP1_322000_4097000_classified_point_cloud_colorized.laz","2018_TEAK_3_322000_4097000_image.tif","Tree",1,322000,322999.999,4097000,4097999.999
"7259",7493,322046.047,322049.628,4097046.533,4097050.314,"Silva","NEON_D17_TEAK_DP1_322000_4097000_classified_point_cloud_colorized.laz","2018_TEAK_3_322000_4097000_image.tif","Tree",1,322000,322999.999,4097000,4097999.999
"7260",7494,322216.529,322227.301,4097042.675,4097051.457,"Silva","NEON_D17_TEAK_DP1_322000_4097000_classified_point_cloud_colorized.laz","2018_TEAK_3_322000_4097000_image.tif","Tree",1,322000,322999.999,4097000,4097999.999
"7261",7495,322522.102,322526.856,4097055.575,4097059.993,"Silva","NEON_D17_TEAK_DP1_322000_4097000_classified_point_cloud_colorized.laz","2018_TEAK_3_322000_4097000_image.tif","Tree",1,322000,322999.999,4097000,4097999.999
"7262",7496,322385.263,322393.451,4097046.751,4097054.913,"Silva","NEON_D17_TEAK_DP1_322000_4097000_classified_point_cloud_colorized.laz","2018_TEAK_3_322000_4097000_image.tif","Tree",1,322000,322999.999,4097000,4097999.999
"7263",7497,322344.066,322353.907,4097045.56,4097054.473,"Silva","NEON_D17_TEAK_DP1_322000_4097000_classified_point_cloud_colorized.laz","2018_TEAK_3_322000_4097000_image.tif","Tree",1,322000,322999.999,4097000,4097999.999
"7264",7498,322171.655,322181.966,4097044.284,4097053.498,"Silva","NEON_D17_TEAK_DP1_322000_4097000_classified_point_cloud_colorized.laz","2018_TEAK_3_322000_4097000_image.tif","Tree",1,322000,322999.999,4097000,4097999.999
"7265",7499,322142.222,322150.466,4097044.638,4097051.418,"Silva","NEON_D17_TEAK_DP1_322000_4097000_classified_point_cloud_colorized.laz","2018_TEAK_3_322000_4097000_image.tif","Tree",1,322000,322999.999,4097000,4097999.999
"7266",7500,322024.201,322026.903,4097049.197,4097051.911,"Silva","NEON_D17_TEAK_DP1_322000_4097000_classified_point_cloud_colorized.laz","2018_TEAK_3_322000_4097000_image.tif","Tree",1,322000,322999.999,4097000,4097999.999
"7267",7501,322028.611,322033.471,4097051.431,4097053.994,"Silva","NEON_D17_TEAK_DP1_322000_4097000_classified_point_cloud_colorized.laz","2018_TEAK_3_322000_4097000_image.tif","Tree",1,322000,322999.999,4097000,4097999.999
"7268",7502,322362.542,322369.937,4097049.031,4097054.888,"Silva","NEON_D17_TEAK_DP1_322000_4097000_classified_point_cloud_colorized.laz","2018_TEAK_3_322000_4097000_image.tif","Tree",1,322000,322999.999,4097000,4097999.999
"7269",7503,322424.131,322425.947,4097048.924,4097055.011,"Silva","NEON_D17_TEAK_DP1_322000_4097000_classified_point_cloud_colorized.laz","2018_TEAK_3_322000_4097000_image.tif","Tree",1,322000,322999.999,4097000,4097999.999
"7270",7504,322127.446,322135.695,4097048.054,4097053.25,"Silva","NEON_D17_TEAK_DP1_322000_4097000_classified_point_cloud_colorized.laz","2018_TEAK_3_322000_4097000_image.tif","Tree",1,322000,322999.999,4097000,4097999.999
"7271",7505,322075.284,322077.688,4097051.054,4097054.285,"Silva","NEON_D17_TEAK_DP1_322000_4097000_classified_point_cloud_colorized.laz","2018_TEAK_3_322000_4097000_image.tif","Tree",1,322000,322999.999,4097000,4097999.999
"7272",7506,322120.121,322125.992,4097047.764,4097055.463,"Silva","NEON_D17_TEAK_DP1_322000_4097000_classified_point_cloud_colorized.laz","2018_TEAK_3_322000_4097000_image.tif","Tree",1,322000,322999.999,4097000,4097999.999
"7273",7507,322438.098,322443.864,4097052.211,4097058.677,"Silva","NEON_D17_TEAK_DP1_322000_4097000_classified_point_cloud_colorized.laz","2018_TEAK_3_322000_4097000_image.tif","Tree",1,322000,322999.999,4097000,4097999.999
"7274",7508,322214.512,322221.927,4097047.031,4097055.738,"Silva","NEON_D17_TEAK_DP1_322000_4097000_classified_point_cloud_colorized.laz","2018_TEAK_3_322000_4097000_image.tif","Tree",1,322000,322999.999,4097000,4097999.999
"7275",7509,322082.563,322090.842,4097049.017,4097056.391,"Silva","NEON_D17_TEAK_DP1_322000_4097000_classified_point_cloud_colorized.laz","2018_TEAK_3_322000_4097000_image.tif","Tree",1,322000,322999.999,4097000,4097999.999
"7276",7510,322143.281,322148.406,4097051.012,4097054.48,"Silva","NEON_D17_TEAK_DP1_322000_4097000_classified_point_cloud_colorized.laz","2018_TEAK_3_322000_4097000_image.tif","Tree",1,322000,322999.999,4097000,4097999.999
"7277",7511,322277.765,322284.221,4097049.098,4097056.848,"Silva","NEON_D17_TEAK_DP1_322000_4097000_classified_point_cloud_colorized.laz","2018_TEAK_3_322000_4097000_image.tif","Tree",1,322000,322999.999,4097000,4097999.999
"7278",7512,322410.563,322416.177,4097050.552,4097056.967,"Silva","NEON_D17_TEAK_DP1_322000_4097000_classified_point_cloud_colorized.laz","2018_TEAK_3_322000_4097000_image.tif","Tree",1,322000,322999.999,4097000,4097999.999
"7279",7513,322094.009,322099.417,4097052.279,4097057.431,"Silva","NEON_D17_TEAK_DP1_322000_4097000_classified_point_cloud_colorized.laz","2018_TEAK_3_322000_4097000_image.tif","Tree",1,322000,322999.999,4097000,4097999.999
"7280",7514,322157.805,322164.981,4097050.553,4097057.773,"Silva","NEON_D17_TEAK_DP1_322000_4097000_classified_point_cloud_colorized.laz","2018_TEAK_3_322000_4097000_image.tif","Tree",1,322000,322999.999,4097000,4097999.999
"7281",7515,322418.179,322422.486,4097055.277,4097058.482,"Silva","NEON_D17_TEAK_DP1_322000_4097000_classified_point_cloud_colorized.laz","2018_TEAK_3_322000_4097000_image.tif","Tree",1,322000,322999.999,4097000,4097999.999
"7282",7516,322509.017,322512.913,4097056.555,4097061.464,"Silva","NEON_D17_TEAK_DP1_322000_4097000_classified_point_cloud_colorized.laz","2018_TEAK_3_322000_4097000_image.tif","Tree",1,322000,322999.999,4097000,4097999.999
"7283",7517,322506.068,322506.909,4097057.056,4097059.828,"Silva","NEON_D17_TEAK_DP1_322000_4097000_classified_point_cloud_colorized.laz","2018_TEAK_3_322000_4097000_image.tif","Tree",1,322000,322999.999,4097000,4097999.999
"7284",7518,322394.625,322396.815,4097053.522,4097054.335,"Silva","NEON_D17_TEAK_DP1_322000_4097000_classified_point_cloud_colorized.laz","2018_TEAK_3_322000_4097000_image.tif","Tree",1,322000,322999.999,4097000,4097999.999
"7285",7519,322389.566,322393.256,4097053.525,4097054.567,"Silva","NEON_D17_TEAK_DP1_322000_4097000_classified_point_cloud_colorized.laz","2018_TEAK_3_322000_4097000_image.tif","Tree",1,322000,322999.999,4097000,4097999.999
"7286",7520,322058.675,322060.655,4097054.676,4097056.868,"Silva","NEON_D17_TEAK_DP1_322000_4097000_classified_point_cloud_colorized.laz","2018_TEAK_3_322000_4097000_image.tif","Tree",1,322000,322999.999,4097000,4097999.999
"7287",7521,322075.044,322078.443,4097054.058,4097057.623,"Silva","NEON_D17_TEAK_DP1_322000_4097000_classified_point_cloud_colorized.laz","2018_TEAK_3_322000_4097000_image.tif","Tree",1,322000,322999.999,4097000,4097999.999
"7288",7522,322377.116,322386.942,4097052.096,4097062.969,"Silva","NEON_D17_TEAK_DP1_322000_4097000_classified_point_cloud_colorized.laz","2018_TEAK_3_322000_4097000_image.tif","Tree",1,322000,322999.999,4097000,4097999.999
"7289",7523,322407.228,322412.942,4097052.705,4097059.832,"Silva","NEON_D17_TEAK_DP1_322000_4097000_classified_point_cloud_colorized.laz","2018_TEAK_3_322000_4097000_image.tif","Tree",1,322000,322999.999,4097000,4097999.999
"7290",7524,322435.092,322440.903,4097055.13,4097061.372,"Silva","NEON_D17_TEAK_DP1_322000_4097000_classified_point_cloud_colorized.laz","2018_TEAK_3_322000_4097000_image.tif","Tree",1,322000,322999.999,4097000,4097999.999
"7291",7525,322458.531,322460.996,4097057.514,4097060.398,"Silva","NEON_D17_TEAK_DP1_322000_4097000_classified_point_cloud_colorized.laz","2018_TEAK_3_322000_4097000_image.tif","Tree",1,322000,322999.999,4097000,4097999.999
"7292",7526,322414.29,322418.92,4097055.291,4097060.296,"Silva","NEON_D17_TEAK_DP1_322000_4097000_classified_point_cloud_colorized.laz","2018_TEAK_3_322000_4097000_image.tif","Tree",1,322000,322999.999,4097000,4097999.999
"7293",7527,322105.017,322109.883,4097054.619,4097058.462,"Silva","NEON_D17_TEAK_DP1_322000_4097000_classified_point_cloud_colorized.laz","2018_TEAK_3_322000_4097000_image.tif","Tree",1,322000,322999.999,4097000,4097999.999
"7294",7528,322044.127,322047.404,4097055.113,4097057.928,"Silva","NEON_D17_TEAK_DP1_322000_4097000_classified_point_cloud_colorized.laz","2018_TEAK_3_322000_4097000_image.tif","Tree",1,322000,322999.999,4097000,4097999.999
"7295",7530,322002.622,322013.997,4097050.556,4097059.873,"Silva","NEON_D17_TEAK_DP1_322000_4097000_classified_point_cloud_colorized.laz","2018_TEAK_3_322000_4097000_image.tif","Tree",1,322000,322999.999,4097000,4097999.999
"7296",7531,322115.562,322122.977,4097053.038,4097061.497,"Silva","NEON_D17_TEAK_DP1_322000_4097000_classified_point_cloud_colorized.laz","2018_TEAK_3_322000_4097000_image.tif","Tree",1,322000,322999.999,4097000,4097999.999
"7297",7532,322030.075,322037.233,4097051.564,4097059.376,"Silva","NEON_D17_TEAK_DP1_322000_4097000_classified_point_cloud_colorized.laz","2018_TEAK_3_322000_4097000_image.tif","Tree",1,322000,322999.999,4097000,4097999.999
"7298",7533,322056.161,322058.677,4097057.208,4097059.697,"Silva","NEON_D17_TEAK_DP1_322000_4097000_classified_point_cloud_colorized.laz","2018_TEAK_3_322000_4097000_image.tif","Tree",1,322000,322999.999,4097000,4097999.999
"7299",7534,322182.118,322189.495,4097052.128,4097059.936,"Silva","NEON_D17_TEAK_DP1_322000_4097000_classified_point_cloud_colorized.laz","2018_TEAK_3_322000_4097000_image.tif","Tree",1,322000,322999.999,4097000,4097999.999
"7300",7535,322195.123,322199.314,4097053.16,4097062.251,"Silva","NEON_D17_TEAK_DP1_322000_4097000_classified_point_cloud_colorized.laz","2018_TEAK_3_322000_4097000_image.tif","Tree",1,322000,322999.999,4097000,4097999.999
"7301",7536,322513.067,322514.384,4097061.2,4097062.359,"Silva","NEON_D17_TEAK_DP1_322000_4097000_classified_point_cloud_colorized.laz","2018_TEAK_3_322000_4097000_image.tif","Tree",1,322000,322999.999,4097000,4097999.999
"7302",7537,322135.647,322143.973,4097055.422,4097061.394,"Silva","NEON_D17_TEAK_DP1_322000_4097000_classified_point_cloud_colorized.laz","2018_TEAK_3_322000_4097000_image.tif","Tree",1,322000,322999.999,4097000,4097999.999
"7303",7538,322421.317,322424.401,4097059.599,4097061.868,"Silva","NEON_D17_TEAK_DP1_322000_4097000_classified_point_cloud_colorized.laz","2018_TEAK_3_322000_4097000_image.tif","Tree",1,322000,322999.999,4097000,4097999.999
"7304",7539,322449.124,322452.196,4097060.61,4097064.457,"Silva","NEON_D17_TEAK_DP1_322000_4097000_classified_point_cloud_colorized.laz","2018_TEAK_3_322000_4097000_image.tif","Tree",1,322000,322999.999,4097000,4097999.999
"7305",7540,322143.632,322152.695,4097056.072,4097062.438,"Silva","NEON_D17_TEAK_DP1_322000_4097000_classified_point_cloud_colorized.laz","2018_TEAK_3_322000_4097000_image.tif","Tree",1,322000,322999.999,4097000,4097999.999
"7306",7541,322364.941,322370.951,4097057.064,4097062.44,"Silva","NEON_D17_TEAK_DP1_322000_4097000_classified_point_cloud_colorized.laz","2018_TEAK_3_322000_4097000_image.tif","Tree",1,322000,322999.999,4097000,4097999.999
"7307",7542,322522.631,322535.985,4097055.58,4097066.963,"Silva","NEON_D17_TEAK_DP1_322000_4097000_classified_point_cloud_colorized.laz","2018_TEAK_3_322000_4097000_image.tif","Tree",1,322000,322999.999,4097000,4097999.999
"7308",7543,322463.013,322465.881,4097061.672,4097065.729,"Silva","NEON_D17_TEAK_DP1_322000_4097000_classified_point_cloud_colorized.laz","2018_TEAK_3_322000_4097000_image.tif","Tree",1,322000,322999.999,4097000,4097999.999
"7309",7544,322413.68,322417.267,4097060.007,4097064.72,"Silva","NEON_D17_TEAK_DP1_322000_4097000_classified_point_cloud_colorized.laz","2018_TEAK_3_322000_4097000_image.tif","Tree",1,322000,322999.999,4097000,4097999.999
"7310",7545,322010.12,322016.915,4097055.051,4097061.965,"Silva","NEON_D17_TEAK_DP1_322000_4097000_classified_point_cloud_colorized.laz","2018_TEAK_3_322000_4097000_image.tif","Tree",1,322000,322999.999,4097000,4097999.999
"7311",7546,322203.049,322212.9,4097054.64,4097063.482,"Silva","NEON_D17_TEAK_DP1_322000_4097000_classified_point_cloud_colorized.laz","2018_TEAK_3_322000_4097000_image.tif","Tree",1,322000,322999.999,4097000,4097999.999
"7312",7547,322408.586,322413.398,4097061.044,4097066.325,"Silva","NEON_D17_TEAK_DP1_322000_4097000_classified_point_cloud_colorized.laz","2018_TEAK_3_322000_4097000_image.tif","Tree",1,322000,322999.999,4097000,4097999.999
"7313",7548,322451.635,322455.586,4097062.591,4097065.33,"Silva","NEON_D17_TEAK_DP1_322000_4097000_classified_point_cloud_colorized.laz","2018_TEAK_3_322000_4097000_image.tif","Tree",1,322000,322999.999,4097000,4097999.999
"7314",7549,322351.509,322359.443,4097054.567,4097067.091,"Silva","NEON_D17_TEAK_DP1_322000_4097000_classified_point_cloud_colorized.laz","2018_TEAK_3_322000_4097000_image.tif","Tree",1,322000,322999.999,4097000,4097999.999
"7315",7550,322222.017,322227.386,4097058.008,4097063.917,"Silva","NEON_D17_TEAK_DP1_322000_4097000_classified_point_cloud_colorized.laz","2018_TEAK_3_322000_4097000_image.tif","Tree",1,322000,322999.999,4097000,4097999.999
"7316",7551,322073.912,322077.425,4097060.032,4097063.874,"Silva","NEON_D17_TEAK_DP1_322000_4097000_classified_point_cloud_colorized.laz","2018_TEAK_3_322000_4097000_image.tif","Tree",1,322000,322999.999,4097000,4097999.999
"7317",7552,322024.01,322027.422,4097060.559,4097063.375,"Silva","NEON_D17_TEAK_DP1_322000_4097000_classified_point_cloud_colorized.laz","2018_TEAK_3_322000_4097000_image.tif","Tree",1,322000,322999.999,4097000,4097999.999
"7318",7553,322472.08,322476.344,4097063.103,4097067.821,"Silva","NEON_D17_TEAK_DP1_322000_4097000_classified_point_cloud_colorized.laz","2018_TEAK_3_322000_4097000_image.tif","Tree",1,322000,322999.999,4097000,4097999.999
"7319",7554,322426.007,322431.455,4097061.686,4097067.98,"Silva","NEON_D17_TEAK_DP1_322000_4097000_classified_point_cloud_colorized.laz","2018_TEAK_3_322000_4097000_image.tif","Tree",1,322000,322999.999,4097000,4097999.999
"7320",7555,322070.679,322074.482,4097061.417,4097064.997,"Silva","NEON_D17_TEAK_DP1_322000_4097000_classified_point_cloud_colorized.laz","2018_TEAK_3_322000_4097000_image.tif","Tree",1,322000,322999.999,4097000,4097999.999
"7321",7556,322021.549,322024.381,4097062.111,4097063.897,"Silva","NEON_D17_TEAK_DP1_322000_4097000_classified_point_cloud_colorized.laz","2018_TEAK_3_322000_4097000_image.tif","Tree",1,322000,322999.999,4097000,4097999.999
"7322",7557,322124.018,322128.067,4097061.042,4097067.431,"Silva","NEON_D17_TEAK_DP1_322000_4097000_classified_point_cloud_colorized.laz","2018_TEAK_3_322000_4097000_image.tif","Tree",1,322000,322999.999,4097000,4097999.999
"7323",7558,322364.523,322369.979,4097062.041,4097065.491,"Silva","NEON_D17_TEAK_DP1_322000_4097000_classified_point_cloud_colorized.laz","2018_TEAK_3_322000_4097000_image.tif","Tree",1,322000,322999.999,4097000,4097999.999
"7324",7559,322454.74,322458.406,4097065.682,4097067.999,"Silva","NEON_D17_TEAK_DP1_322000_4097000_classified_point_cloud_colorized.laz","2018_TEAK_3_322000_4097000_image.tif","Tree",1,322000,322999.999,4097000,4097999.999
"7325",7560,322479.164,322484.564,4097062.581,4097067.988,"Silva","NEON_D17_TEAK_DP1_322000_4097000_classified_point_cloud_colorized.laz","2018_TEAK_3_322000_4097000_image.tif","Tree",1,322000,322999.999,4097000,4097999.999
"7326",7561,322273.214,322283.301,4097058.576,4097067.334,"Silva","NEON_D17_TEAK_DP1_322000_4097000_classified_point_cloud_colorized.laz","2018_TEAK_3_322000_4097000_image.tif","Tree",1,322000,322999.999,4097000,4097999.999
"7327",7563,322142.522,322149.77,4097060.596,4097067.95,"Silva","NEON_D17_TEAK_DP1_322000_4097000_classified_point_cloud_colorized.laz","2018_TEAK_3_322000_4097000_image.tif","Tree",1,322000,322999.999,4097000,4097999.999
"7328",7564,322050.081,322053.963,4097062.043,4097066.355,"Silva","NEON_D17_TEAK_DP1_322000_4097000_classified_point_cloud_colorized.laz","2018_TEAK_3_322000_4097000_image.tif","Tree",1,322000,322999.999,4097000,4097999.999
"7329",7565,322083.537,322088.978,4097062.497,4097066.997,"Silva","NEON_D17_TEAK_DP1_322000_4097000_classified_point_cloud_colorized.laz","2018_TEAK_3_322000_4097000_image.tif","Tree",1,322000,322999.999,4097000,4097999.999
"7330",7566,322110.61,322116.448,4097059.898,4097067.432,"Silva","NEON_D17_TEAK_DP1_322000_4097000_classified_point_cloud_colorized.laz","2018_TEAK_3_322000_4097000_image.tif","Tree",1,322000,322999.999,4097000,4097999.999
"7331",7567,322450.511,322454.874,4097065.189,4097069.492,"Silva","NEON_D17_TEAK_DP1_322000_4097000_classified_point_cloud_colorized.laz","2018_TEAK_3_322000_4097000_image.tif","Tree",1,322000,322999.999,4097000,4097999.999
"7332",7568,322521.592,322531.423,4097062.666,4097068.451,"Silva","NEON_D17_TEAK_DP1_322000_4097000_classified_point_cloud_colorized.laz","2018_TEAK_3_322000_4097000_image.tif","Tree",1,322000,322999.999,4097000,4097999.999
"7333",7569,322174.532,322183.485,4097059.521,4097068.908,"Silva","NEON_D17_TEAK_DP1_322000_4097000_classified_point_cloud_colorized.laz","2018_TEAK_3_322000_4097000_image.tif","Tree",1,322000,322999.999,4097000,4097999.999
"7334",7570,322483.065,322486.689,4097068.095,4097071.455,"Silva","NEON_D17_TEAK_DP1_322000_4097000_classified_point_cloud_colorized.laz","2018_TEAK_3_322000_4097000_image.tif","Tree",1,322000,322999.999,4097000,4097999.999
"7335",7571,322113.638,322119.965,4097061.193,4097070.928,"Silva","NEON_D17_TEAK_DP1_322000_4097000_classified_point_cloud_colorized.laz","2018_TEAK_3_322000_4097000_image.tif","Tree",1,322000,322999.999,4097000,4097999.999
"7336",7572,322037.236,322041.455,4097064.519,4097068.872,"Silva","NEON_D17_TEAK_DP1_322000_4097000_classified_point_cloud_colorized.laz","2018_TEAK_3_322000_4097000_image.tif","Tree",1,322000,322999.999,4097000,4097999.999
"7337",7573,322099.144,322100.372,4097069.591,4097069.934,"Silva","NEON_D17_TEAK_DP1_322000_4097000_classified_point_cloud_colorized.laz","2018_TEAK_3_322000_4097000_image.tif","Tree",1,322000,322999.999,4097000,4097999.999
"7338",7574,322471.333,322474.941,4097066.796,4097070.98,"Silva","NEON_D17_TEAK_DP1_322000_4097000_classified_point_cloud_colorized.laz","2018_TEAK_3_322000_4097000_image.tif","Tree",1,322000,322999.999,4097000,4097999.999
"7339",7575,322062.611,322066.292,4097065.562,4097069.5,"Silva","NEON_D17_TEAK_DP1_322000_4097000_classified_point_cloud_colorized.laz","2018_TEAK_3_322000_4097000_image.tif","Tree",1,322000,322999.999,4097000,4097999.999
"7340",7576,322027.006,322030.977,4097065.653,4097069.663,"Silva","NEON_D17_TEAK_DP1_322000_4097000_classified_point_cloud_colorized.laz","2018_TEAK_3_322000_4097000_image.tif","Tree",1,322000,322999.999,4097000,4097999.999
"7341",7577,322067.358,322071.95,4097065.522,4097069.919,"Silva","NEON_D17_TEAK_DP1_322000_4097000_classified_point_cloud_colorized.laz","2018_TEAK_3_322000_4097000_image.tif","Tree",1,322000,322999.999,4097000,4097999.999
"7342",7578,322169.524,322176.941,4097063.495,4097068.983,"Silva","NEON_D17_TEAK_DP1_322000_4097000_classified_point_cloud_colorized.laz","2018_TEAK_3_322000_4097000_image.tif","Tree",1,322000,322999.999,4097000,4097999.999
"7343",7579,322438.755,322446.97,4097065.034,4097072.909,"Silva","NEON_D17_TEAK_DP1_322000_4097000_classified_point_cloud_colorized.laz","2018_TEAK_3_322000_4097000_image.tif","Tree",1,322000,322999.999,4097000,4097999.999
"7344",7580,322403.152,322409.979,4097067.574,4097071.974,"Silva","NEON_D17_TEAK_DP1_322000_4097000_classified_point_cloud_colorized.laz","2018_TEAK_3_322000_4097000_image.tif","Tree",1,322000,322999.999,4097000,4097999.999
"7345",7581,322089.212,322095.441,4097064.073,4097070.423,"Silva","NEON_D17_TEAK_DP1_322000_4097000_classified_point_cloud_colorized.laz","2018_TEAK_3_322000_4097000_image.tif","Tree",1,322000,322999.999,4097000,4097999.999
"7346",7582,322422.506,322430.333,4097067.055,4097074.457,"Silva","NEON_D17_TEAK_DP1_322000_4097000_classified_point_cloud_colorized.laz","2018_TEAK_3_322000_4097000_image.tif","Tree",1,322000,322999.999,4097000,4097999.999
"7347",7583,322040.041,322044.063,4097068.028,4097071.266,"Silva","NEON_D17_TEAK_DP1_322000_4097000_classified_point_cloud_colorized.laz","2018_TEAK_3_322000_4097000_image.tif","Tree",1,322000,322999.999,4097000,4097999.999
"7348",7584,322019.021,322023.986,4097066.603,4097071.491,"Silva","NEON_D17_TEAK_DP1_322000_4097000_classified_point_cloud_colorized.laz","2018_TEAK_3_322000_4097000_image.tif","Tree",1,322000,322999.999,4097000,4097999.999
"7349",7585,322013.536,322018.997,4097067.028,4097070.995,"Silva","NEON_D17_TEAK_DP1_322000_4097000_classified_point_cloud_colorized.laz","2018_TEAK_3_322000_4097000_image.tif","Tree",1,322000,322999.999,4097000,4097999.999
"7350",7586,322076.004,322080.486,4097067.544,4097072.486,"Silva","NEON_D17_TEAK_DP1_322000_4097000_classified_point_cloud_colorized.laz","2018_TEAK_3_322000_4097000_image.tif","Tree",1,322000,322999.999,4097000,4097999.999
"7351",7587,322353.739,322366.407,4097065.356,4097075.468,"Silva","NEON_D17_TEAK_DP1_322000_4097000_classified_point_cloud_colorized.laz","2018_TEAK_3_322000_4097000_image.tif","Tree",1,322000,322999.999,4097000,4097999.999
"7352",7588,322447.563,322452.969,4097069.22,4097073.919,"Silva","NEON_D17_TEAK_DP1_322000_4097000_classified_point_cloud_colorized.laz","2018_TEAK_3_322000_4097000_image.tif","Tree",1,322000,322999.999,4097000,4097999.999
"7353",7589,322084.601,322089.898,4097069.045,4097073.386,"Silva","NEON_D17_TEAK_DP1_322000_4097000_classified_point_cloud_colorized.laz","2018_TEAK_3_322000_4097000_image.tif","Tree",1,322000,322999.999,4097000,4097999.999
"7354",7590,322035.276,322038.978,4097068.954,4097072.961,"Silva","NEON_D17_TEAK_DP1_322000_4097000_classified_point_cloud_colorized.laz","2018_TEAK_3_322000_4097000_image.tif","Tree",1,322000,322999.999,4097000,4097999.999
"7355",7591,322025.025,322028.467,4097069.12,4097072.74,"Silva","NEON_D17_TEAK_DP1_322000_4097000_classified_point_cloud_colorized.laz","2018_TEAK_3_322000_4097000_image.tif","Tree",1,322000,322999.999,4097000,4097999.999
"7356",7592,322059.504,322062.962,4097069.003,4097072.711,"Silva","NEON_D17_TEAK_DP1_322000_4097000_classified_point_cloud_colorized.laz","2018_TEAK_3_322000_4097000_image.tif","Tree",1,322000,322999.999,4097000,4097999.999
"7357",7593,322175.097,322179.998,4097067.39,4097072.383,"Silva","NEON_D17_TEAK_DP1_322000_4097000_classified_point_cloud_colorized.laz","2018_TEAK_3_322000_4097000_image.tif","Tree",1,322000,322999.999,4097000,4097999.999
"7358",7594,322028.631,322032.989,4097070.14,4097072.498,"Silva","NEON_D17_TEAK_DP1_322000_4097000_classified_point_cloud_colorized.laz","2018_TEAK_3_322000_4097000_image.tif","Tree",1,322000,322999.999,4097000,4097999.999
"7359",7595,322046.507,322050.203,4097070.538,4097073.579,"Silva","NEON_D17_TEAK_DP1_322000_4097000_classified_point_cloud_colorized.laz","2018_TEAK_3_322000_4097000_image.tif","Tree",1,322000,322999.999,4097000,4097999.999
"7360",7596,322128.03,322138.398,4097064.73,4097074.964,"Silva","NEON_D17_TEAK_DP1_322000_4097000_classified_point_cloud_colorized.laz","2018_TEAK_3_322000_4097000_image.tif","Tree",1,322000,322999.999,4097000,4097999.999
"7361",7597,322490.523,322497.895,4097071.034,4097079.326,"Silva","NEON_D17_TEAK_DP1_322000_4097000_classified_point_cloud_colorized.laz","2018_TEAK_3_322000_4097000_image.tif","Tree",1,322000,322999.999,4097000,4097999.999
"7362",7598,322527.03,322531.457,4097072.508,4097078.969,"Silva","NEON_D17_TEAK_DP1_322000_4097000_classified_point_cloud_colorized.laz","2018_TEAK_3_322000_4097000_image.tif","Tree",1,322000,322999.999,4097000,4097999.999
"7363",7599,322089.511,322096.749,4097069.559,4097075.35,"Silva","NEON_D17_TEAK_DP1_322000_4097000_classified_point_cloud_colorized.laz","2018_TEAK_3_322000_4097000_image.tif","Tree",1,322000,322999.999,4097000,4097999.999
"7364",7600,322042.559,322044.987,4097071.518,4097074.932,"Silva","NEON_D17_TEAK_DP1_322000_4097000_classified_point_cloud_colorized.laz","2018_TEAK_3_322000_4097000_image.tif","Tree",1,322000,322999.999,4097000,4097999.999
"7365",7601,322146.019,322152.999,4097068.079,4097075.99,"Silva","NEON_D17_TEAK_DP1_322000_4097000_classified_point_cloud_colorized.laz","2018_TEAK_3_322000_4097000_image.tif","Tree",1,322000,322999.999,4097000,4097999.999
"7366",7602,322520.007,322527.85,4097073.338,4097079.568,"Silva","NEON_D17_TEAK_DP1_322000_4097000_classified_point_cloud_colorized.laz","2018_TEAK_3_322000_4097000_image.tif","Tree",1,322000,322999.999,4097000,4097999.999
"7367",7603,322511.619,322519.863,4097070.525,4097080.489,"Silva","NEON_D17_TEAK_DP1_322000_4097000_classified_point_cloud_colorized.laz","2018_TEAK_3_322000_4097000_image.tif","Tree",1,322000,322999.999,4097000,4097999.999
"7368",7604,322477.014,322478.42,4097074.047,4097077.861,"Silva","NEON_D17_TEAK_DP1_322000_4097000_classified_point_cloud_colorized.laz","2018_TEAK_3_322000_4097000_image.tif","Tree",1,322000,322999.999,4097000,4097999.999
"7369",7605,322443.953,322448.77,4097072.6,4097075.598,"Silva","NEON_D17_TEAK_DP1_322000_4097000_classified_point_cloud_colorized.laz","2018_TEAK_3_322000_4097000_image.tif","Tree",1,322000,322999.999,4097000,4097999.999
"7370",7606,322334.716,322347.473,4097066.163,4097077.927,"Silva","NEON_D17_TEAK_DP1_322000_4097000_classified_point_cloud_colorized.laz","2018_TEAK_3_322000_4097000_image.tif","Tree",1,322000,322999.999,4097000,4097999.999
"7371",7607,322209.547,322214.81,4097070.095,4097075.918,"Silva","NEON_D17_TEAK_DP1_322000_4097000_classified_point_cloud_colorized.laz","2018_TEAK_3_322000_4097000_image.tif","Tree",1,322000,322999.999,4097000,4097999.999
"7372",7608,322034.209,322036.978,4097072.704,4097076.347,"Silva","NEON_D17_TEAK_DP1_322000_4097000_classified_point_cloud_colorized.laz","2018_TEAK_3_322000_4097000_image.tif","Tree",1,322000,322999.999,4097000,4097999.999
"7373",7609,322021.529,322025.835,4097071.74,4097076.353,"Silva","NEON_D17_TEAK_DP1_322000_4097000_classified_point_cloud_colorized.laz","2018_TEAK_3_322000_4097000_image.tif","Tree",1,322000,322999.999,4097000,4097999.999
"7374",7610,322007.646,322012.02,4097071.501,4097076.478,"Silva","NEON_D17_TEAK_DP1_322000_4097000_classified_point_cloud_colorized.laz","2018_TEAK_3_322000_4097000_image.tif","Tree",1,322000,322999.999,4097000,4097999.999
"7375",7611,322172.091,322173.389,4097073.56,4097074.863,"Silva","NEON_D17_TEAK_DP1_322000_4097000_classified_point_cloud_colorized.laz","2018_TEAK_3_322000_4097000_image.tif","Tree",1,322000,322999.999,4097000,4097999.999
"7376",7612,322395.977,322402.442,4097067.696,4097077.295,"Silva","NEON_D17_TEAK_DP1_322000_4097000_classified_point_cloud_colorized.laz","2018_TEAK_3_322000_4097000_image.tif","Tree",1,322000,322999.999,4097000,4097999.999
"7377",7613,322438.036,322443.726,4097072.646,4097077.955,"Silva","NEON_D17_TEAK_DP1_322000_4097000_classified_point_cloud_colorized.laz","2018_TEAK_3_322000_4097000_image.tif","Tree",1,322000,322999.999,4097000,4097999.999
"7378",7614,322319.509,322323.227,4097072.272,4097075.842,"Silva","NEON_D17_TEAK_DP1_322000_4097000_classified_point_cloud_colorized.laz","2018_TEAK_3_322000_4097000_image.tif","Tree",1,322000,322999.999,4097000,4097999.999
"7379",7615,322226.578,322237.433,4097067.53,4097075.746,"Silva","NEON_D17_TEAK_DP1_322000_4097000_classified_point_cloud_colorized.laz","2018_TEAK_3_322000_4097000_image.tif","Tree",1,322000,322999.999,4097000,4097999.999
"7380",7616,322025.523,322028.126,4097073.019,4097077.878,"Silva","NEON_D17_TEAK_DP1_322000_4097000_classified_point_cloud_colorized.laz","2018_TEAK_3_322000_4097000_image.tif","Tree",1,322000,322999.999,4097000,4097999.999
"7381",7617,322049.027,322051.74,4097074.191,4097077.323,"Silva","NEON_D17_TEAK_DP1_322000_4097000_classified_point_cloud_colorized.laz","2018_TEAK_3_322000_4097000_image.tif","Tree",1,322000,322999.999,4097000,4097999.999
"7382",7618,322078.572,322083.748,4097071.812,4097078.468,"Silva","NEON_D17_TEAK_DP1_322000_4097000_classified_point_cloud_colorized.laz","2018_TEAK_3_322000_4097000_image.tif","Tree",1,322000,322999.999,4097000,4097999.999
"7383",7620,322443.05,322444.415,4097076.538,4097078.771,"Silva","NEON_D17_TEAK_DP1_322000_4097000_classified_point_cloud_colorized.laz","2018_TEAK_3_322000_4097000_image.tif","Tree",1,322000,322999.999,4097000,4097999.999
"7384",7621,322430.065,322436.568,4097073.649,4097081.225,"Silva","NEON_D17_TEAK_DP1_322000_4097000_classified_point_cloud_colorized.laz","2018_TEAK_3_322000_4097000_image.tif","Tree",1,322000,322999.999,4097000,4097999.999
"7385",7622,322224.031,322231.994,4097070.12,4097078.451,"Silva","NEON_D17_TEAK_DP1_322000_4097000_classified_point_cloud_colorized.laz","2018_TEAK_3_322000_4097000_image.tif","Tree",1,322000,322999.999,4097000,4097999.999
"7386",7623,322342.739,322349.237,4097071.531,4097080.996,"Silva","NEON_D17_TEAK_DP1_322000_4097000_classified_point_cloud_colorized.laz","2018_TEAK_3_322000_4097000_image.tif","Tree",1,322000,322999.999,4097000,4097999.999
"7387",7624,322407.109,322408.802,4097078.635,4097081.251,"Silva","NEON_D17_TEAK_DP1_322000_4097000_classified_point_cloud_colorized.laz","2018_TEAK_3_322000_4097000_image.tif","Tree",1,322000,322999.999,4097000,4097999.999
"7388",7625,322515.709,322522.986,4097076.582,4097085.981,"Silva","NEON_D17_TEAK_DP1_322000_4097000_classified_point_cloud_colorized.laz","2018_TEAK_3_322000_4097000_image.tif","Tree",1,322000,322999.999,4097000,4097999.999
"7389",7626,322055.54,322061.49,4097075.006,4097082.999,"Silva","NEON_D17_TEAK_DP1_322000_4097000_classified_point_cloud_colorized.laz","2018_TEAK_3_322000_4097000_image.tif","Tree",1,322000,322999.999,4097000,4097999.999
"7390",7627,322030.02,322032.201,4097078.049,4097081.635,"Silva","NEON_D17_TEAK_DP1_322000_4097000_classified_point_cloud_colorized.laz","2018_TEAK_3_322000_4097000_image.tif","Tree",1,322000,322999.999,4097000,4097999.999
"7391",7628,322222.648,322224.434,4097075.119,4097078.433,"Silva","NEON_D17_TEAK_DP1_322000_4097000_classified_point_cloud_colorized.laz","2018_TEAK_3_322000_4097000_image.tif","Tree",1,322000,322999.999,4097000,4097999.999
"7392",7629,322326.701,322336.464,4097074.584,4097082.731,"Silva","NEON_D17_TEAK_DP1_322000_4097000_classified_point_cloud_colorized.laz","2018_TEAK_3_322000_4097000_image.tif","Tree",1,322000,322999.999,4097000,4097999.999
"7393",7630,322436.528,322440.878,4097078.06,4097082.981,"Silva","NEON_D17_TEAK_DP1_322000_4097000_classified_point_cloud_colorized.laz","2018_TEAK_3_322000_4097000_image.tif","Tree",1,322000,322999.999,4097000,4097999.999
"7394",7631,322499.505,322503.064,4097078.116,4097083.757,"Silva","NEON_D17_TEAK_DP1_322000_4097000_classified_point_cloud_colorized.laz","2018_TEAK_3_322000_4097000_image.tif","Tree",1,322000,322999.999,4097000,4097999.999
"7395",7632,322489.145,322494.453,4097079.034,4097084.348,"Silva","NEON_D17_TEAK_DP1_322000_4097000_classified_point_cloud_colorized.laz","2018_TEAK_3_322000_4097000_image.tif","Tree",1,322000,322999.999,4097000,4097999.999
"7396",7633,322040.505,322045.999,4097078.502,4097083.798,"Silva","NEON_D17_TEAK_DP1_322000_4097000_classified_point_cloud_colorized.laz","2018_TEAK_3_322000_4097000_image.tif","Tree",1,322000,322999.999,4097000,4097999.999
"7397",7634,322032.678,322037.924,4097077.57,4097082.556,"Silva","NEON_D17_TEAK_DP1_322000_4097000_classified_point_cloud_colorized.laz","2018_TEAK_3_322000_4097000_image.tif","Tree",1,322000,322999.999,4097000,4097999.999
"7398",7635,322370.568,322376.801,4097075.526,4097084,"Silva","NEON_D17_TEAK_DP1_322000_4097000_classified_point_cloud_colorized.laz","2018_TEAK_3_322000_4097000_image.tif","Tree",1,322000,322999.999,4097000,4097999.999
"7399",7636,322538.003,322545.397,4097078.764,4097086.413,"Silva","NEON_D17_TEAK_DP1_322000_4097000_classified_point_cloud_colorized.laz","2018_TEAK_3_322000_4097000_image.tif","Tree",1,322000,322999.999,4097000,4097999.999
"7400",7637,322494.511,322500.348,4097077.502,4097085.867,"Silva","NEON_D17_TEAK_DP1_322000_4097000_classified_point_cloud_colorized.laz","2018_TEAK_3_322000_4097000_image.tif","Tree",1,322000,322999.999,4097000,4097999.999
"7401",7638,322456.228,322463.202,4097078.519,4097085.5,"Silva","NEON_D17_TEAK_DP1_322000_4097000_classified_point_cloud_colorized.laz","2018_TEAK_3_322000_4097000_image.tif","Tree",1,322000,322999.999,4097000,4097999.999
"7402",7639,322396.082,322399.924,4097078.519,4097082.979,"Silva","NEON_D17_TEAK_DP1_322000_4097000_classified_point_cloud_colorized.laz","2018_TEAK_3_322000_4097000_image.tif","Tree",1,322000,322999.999,4097000,4097999.999
"7403",7640,322159.02,322166.229,4097076.553,4097083.043,"Silva","NEON_D17_TEAK_DP1_322000_4097000_classified_point_cloud_colorized.laz","2018_TEAK_3_322000_4097000_image.tif","Tree",1,322000,322999.999,4097000,4097999.999
"7404",7641,322152.306,322158.957,4097077.001,4097084.561,"Silva","NEON_D17_TEAK_DP1_322000_4097000_classified_point_cloud_colorized.laz","2018_TEAK_3_322000_4097000_image.tif","Tree",1,322000,322999.999,4097000,4097999.999
"7405",7642,322477.004,322481.953,4097081.361,4097086.396,"Silva","NEON_D17_TEAK_DP1_322000_4097000_classified_point_cloud_colorized.laz","2018_TEAK_3_322000_4097000_image.tif","Tree",1,322000,322999.999,4097000,4097999.999
"7406",7643,322507.793,322510.954,4097081.963,4097087.925,"Silva","NEON_D17_TEAK_DP1_322000_4097000_classified_point_cloud_colorized.laz","2018_TEAK_3_322000_4097000_image.tif","Tree",1,322000,322999.999,4097000,4097999.999
"7407",7644,322434.033,322438.982,4097080.112,4097086.724,"Silva","NEON_D17_TEAK_DP1_322000_4097000_classified_point_cloud_colorized.laz","2018_TEAK_3_322000_4097000_image.tif","Tree",1,322000,322999.999,4097000,4097999.999
"7408",7645,322374.025,322379.889,4097079.503,4097085.317,"Silva","NEON_D17_TEAK_DP1_322000_4097000_classified_point_cloud_colorized.laz","2018_TEAK_3_322000_4097000_image.tif","Tree",1,322000,322999.999,4097000,4097999.999
"7409",7646,322133.516,322141.978,4097076.287,4097086.552,"Silva","NEON_D17_TEAK_DP1_322000_4097000_classified_point_cloud_colorized.laz","2018_TEAK_3_322000_4097000_image.tif","Tree",1,322000,322999.999,4097000,4097999.999
"7410",7647,322452.56,322458.296,4097082.14,4097086.428,"Silva","NEON_D17_TEAK_DP1_322000_4097000_classified_point_cloud_colorized.laz","2018_TEAK_3_322000_4097000_image.tif","Tree",1,322000,322999.999,4097000,4097999.999
"7411",7648,322437.513,322442.367,4097082.573,4097087.984,"Silva","NEON_D17_TEAK_DP1_322000_4097000_classified_point_cloud_colorized.laz","2018_TEAK_3_322000_4097000_image.tif","Tree",1,322000,322999.999,4097000,4097999.999
"7412",7649,322368.586,322373.934,4097079.004,4097085.274,"Silva","NEON_D17_TEAK_DP1_322000_4097000_classified_point_cloud_colorized.laz","2018_TEAK_3_322000_4097000_image.tif","Tree",1,322000,322999.999,4097000,4097999.999
"7413",7650,322088.469,322092.913,4097081.02,4097085.95,"Silva","NEON_D17_TEAK_DP1_322000_4097000_classified_point_cloud_colorized.laz","2018_TEAK_3_322000_4097000_image.tif","Tree",1,322000,322999.999,4097000,4097999.999
"7414",7651,322024.037,322027.892,4097082.17,4097085.947,"Silva","NEON_D17_TEAK_DP1_322000_4097000_classified_point_cloud_colorized.laz","2018_TEAK_3_322000_4097000_image.tif","Tree",1,322000,322999.999,4097000,4097999.999
"7415",7652,322057.817,322064.394,4097080.588,4097086.96,"Silva","NEON_D17_TEAK_DP1_322000_4097000_classified_point_cloud_colorized.laz","2018_TEAK_3_322000_4097000_image.tif","Tree",1,322000,322999.999,4097000,4097999.999
"7416",7653,322442.531,322445.428,4097084.191,4097087.22,"Silva","NEON_D17_TEAK_DP1_322000_4097000_classified_point_cloud_colorized.laz","2018_TEAK_3_322000_4097000_image.tif","Tree",1,322000,322999.999,4097000,4097999.999
"7417",7654,322126.859,322135.283,4097081.526,4097089.026,"Silva","NEON_D17_TEAK_DP1_322000_4097000_classified_point_cloud_colorized.laz","2018_TEAK_3_322000_4097000_image.tif","Tree",1,322000,322999.999,4097000,4097999.999
"7418",7655,322335.043,322342.843,4097080.295,4097088.487,"Silva","NEON_D17_TEAK_DP1_322000_4097000_classified_point_cloud_colorized.laz","2018_TEAK_3_322000_4097000_image.tif","Tree",1,322000,322999.999,4097000,4097999.999
"7419",7656,322363.245,322371.237,4097082.541,4097089.118,"Silva","NEON_D17_TEAK_DP1_322000_4097000_classified_point_cloud_colorized.laz","2018_TEAK_3_322000_4097000_image.tif","Tree",1,322000,322999.999,4097000,4097999.999
"7420",7657,322421.338,322421.422,4097090.058,4097090.116,"Silva","NEON_D17_TEAK_DP1_322000_4097000_classified_point_cloud_colorized.laz","2018_TEAK_3_322000_4097000_image.tif","Tree",1,322000,322999.999,4097000,4097999.999
"7421",7658,322483.549,322483.981,4097087.853,4097088.299,"Silva","NEON_D17_TEAK_DP1_322000_4097000_classified_point_cloud_colorized.laz","2018_TEAK_3_322000_4097000_image.tif","Tree",1,322000,322999.999,4097000,4097999.999
"7422",7659,322036.618,322043.253,4097082.897,4097088.855,"Silva","NEON_D17_TEAK_DP1_322000_4097000_classified_point_cloud_colorized.laz","2018_TEAK_3_322000_4097000_image.tif","Tree",1,322000,322999.999,4097000,4097999.999
"7423",7660,322154.593,322160.976,4097082.451,4097088.423,"Silva","NEON_D17_TEAK_DP1_322000_4097000_classified_point_cloud_colorized.laz","2018_TEAK_3_322000_4097000_image.tif","Tree",1,322000,322999.999,4097000,4097999.999
"7424",7661,322203.5,322209.934,4097080.108,4097089.483,"Silva","NEON_D17_TEAK_DP1_322000_4097000_classified_point_cloud_colorized.laz","2018_TEAK_3_322000_4097000_image.tif","Tree",1,322000,322999.999,4097000,4097999.999
"7425",7662,322539.501,322544.864,4097087.109,4097093.412,"Silva","NEON_D17_TEAK_DP1_322000_4097000_classified_point_cloud_colorized.laz","2018_TEAK_3_322000_4097000_image.tif","Tree",1,322000,322999.999,4097000,4097999.999
"7426",7663,322185.641,322195.764,4097080.88,4097090.992,"Silva","NEON_D17_TEAK_DP1_322000_4097000_classified_point_cloud_colorized.laz","2018_TEAK_3_322000_4097000_image.tif","Tree",1,322000,322999.999,4097000,4097999.999
"7427",7664,322041.672,322048.991,4097084.664,4097091.201,"Silva","NEON_D17_TEAK_DP1_322000_4097000_classified_point_cloud_colorized.laz","2018_TEAK_3_322000_4097000_image.tif","Tree",1,322000,322999.999,4097000,4097999.999
"7428",7665,322057.504,322062.732,4097086.288,4097091.392,"Silva","NEON_D17_TEAK_DP1_322000_4097000_classified_point_cloud_colorized.laz","2018_TEAK_3_322000_4097000_image.tif","Tree",1,322000,322999.999,4097000,4097999.999
"7429",7666,322072.501,322076.981,4097084.611,4097091.788,"Silva","NEON_D17_TEAK_DP1_322000_4097000_classified_point_cloud_colorized.laz","2018_TEAK_3_322000_4097000_image.tif","Tree",1,322000,322999.999,4097000,4097999.999
"7430",7667,322447.11,322452.891,4097086.579,4097093.65,"Silva","NEON_D17_TEAK_DP1_322000_4097000_classified_point_cloud_colorized.laz","2018_TEAK_3_322000_4097000_image.tif","Tree",1,322000,322999.999,4097000,4097999.999
"7431",7668,322036.522,322036.981,4097090.609,4097090.867,"Silva","NEON_D17_TEAK_DP1_322000_4097000_classified_point_cloud_colorized.laz","2018_TEAK_3_322000_4097000_image.tif","Tree",1,322000,322999.999,4097000,4097999.999
"7432",7669,322406.457,322407.914,4097089.166,4097092.904,"Silva","NEON_D17_TEAK_DP1_322000_4097000_classified_point_cloud_colorized.laz","2018_TEAK_3_322000_4097000_image.tif","Tree",1,322000,322999.999,4097000,4097999.999
"7433",7670,322520.533,322529.491,4097088.066,4097094.478,"Silva","NEON_D17_TEAK_DP1_322000_4097000_classified_point_cloud_colorized.laz","2018_TEAK_3_322000_4097000_image.tif","Tree",1,322000,322999.999,4097000,4097999.999
"7434",7671,322328.883,322336.994,4097085.452,4097092.437,"Silva","NEON_D17_TEAK_DP1_322000_4097000_classified_point_cloud_colorized.laz","2018_TEAK_3_322000_4097000_image.tif","Tree",1,322000,322999.999,4097000,4097999.999
"7435",7672,322175.153,322182.405,4097088.201,4097093.581,"Silva","NEON_D17_TEAK_DP1_322000_4097000_classified_point_cloud_colorized.laz","2018_TEAK_3_322000_4097000_image.tif","Tree",1,322000,322999.999,4097000,4097999.999
"7436",7673,322000.001,322005.463,4097089.078,4097094.434,"Silva","NEON_D17_TEAK_DP1_322000_4097000_classified_point_cloud_colorized.laz","2018_TEAK_3_322000_4097000_image.tif","Tree",1,322000,322999.999,4097000,4097999.999
"7437",7674,322359.559,322366.595,4097083.053,4097092.935,"Silva","NEON_D17_TEAK_DP1_322000_4097000_classified_point_cloud_colorized.laz","2018_TEAK_3_322000_4097000_image.tif","Tree",1,322000,322999.999,4097000,4097999.999
"7438",7675,322267.008,322275.772,4097086.202,4097095.945,"Silva","NEON_D17_TEAK_DP1_322000_4097000_classified_point_cloud_colorized.laz","2018_TEAK_3_322000_4097000_image.tif","Tree",1,322000,322999.999,4097000,4097999.999
"7439",7676,322051.104,322056.486,4097090.067,4097094.889,"Silva","NEON_D17_TEAK_DP1_322000_4097000_classified_point_cloud_colorized.laz","2018_TEAK_3_322000_4097000_image.tif","Tree",1,322000,322999.999,4097000,4097999.999
"7440",7677,322122.1,322128.497,4097088.109,4097094.847,"Silva","NEON_D17_TEAK_DP1_322000_4097000_classified_point_cloud_colorized.laz","2018_TEAK_3_322000_4097000_image.tif","Tree",1,322000,322999.999,4097000,4097999.999
"7441",7678,322128.528,322138.354,4097087.064,4097094.874,"Silva","NEON_D17_TEAK_DP1_322000_4097000_classified_point_cloud_colorized.laz","2018_TEAK_3_322000_4097000_image.tif","Tree",1,322000,322999.999,4097000,4097999.999
"7442",7679,322025.101,322028.937,4097091.026,4097096.404,"Silva","NEON_D17_TEAK_DP1_322000_4097000_classified_point_cloud_colorized.laz","2018_TEAK_3_322000_4097000_image.tif","Tree",1,322000,322999.999,4097000,4097999.999
"7443",7680,322422.104,322434.479,4097086.148,4097098.893,"Silva","NEON_D17_TEAK_DP1_322000_4097000_classified_point_cloud_colorized.laz","2018_TEAK_3_322000_4097000_image.tif","Tree",1,322000,322999.999,4097000,4097999.999
"7444",7681,322549.503,322554.97,4097091.506,4097094.973,"Silva","NEON_D17_TEAK_DP1_322000_4097000_classified_point_cloud_colorized.laz","2018_TEAK_3_322000_4097000_image.tif","Tree",1,322000,322999.999,4097000,4097999.999
"7445",7682,322013.656,322016.934,4097093.02,4097095.54,"Silva","NEON_D17_TEAK_DP1_322000_4097000_classified_point_cloud_colorized.laz","2018_TEAK_3_322000_4097000_image.tif","Tree",1,322000,322999.999,4097000,4097999.999
"7446",7683,322017.724,322023.251,4097092.614,4097097.98,"Silva","NEON_D17_TEAK_DP1_322000_4097000_classified_point_cloud_colorized.laz","2018_TEAK_3_322000_4097000_image.tif","Tree",1,322000,322999.999,4097000,4097999.999
"7447",7684,322308.025,322316.395,4097092.062,4097099.824,"Silva","NEON_D17_TEAK_DP1_322000_4097000_classified_point_cloud_colorized.laz","2018_TEAK_3_322000_4097000_image.tif","Tree",1,322000,322999.999,4097000,4097999.999
"7448",7685,322053.587,322058.485,4097093.684,4097097.922,"Silva","NEON_D17_TEAK_DP1_322000_4097000_classified_point_cloud_colorized.laz","2018_TEAK_3_322000_4097000_image.tif","Tree",1,322000,322999.999,4097000,4097999.999
"7449",7686,322048.109,322052.493,4097093.1,4097097.768,"Silva","NEON_D17_TEAK_DP1_322000_4097000_classified_point_cloud_colorized.laz","2018_TEAK_3_322000_4097000_image.tif","Tree",1,322000,322999.999,4097000,4097999.999
"7450",7687,322520.011,322529.487,4097094.509,4097102.305,"Silva","NEON_D17_TEAK_DP1_322000_4097000_classified_point_cloud_colorized.laz","2018_TEAK_3_322000_4097000_image.tif","Tree",1,322000,322999.999,4097000,4097999.999
"7451",7688,322257.568,322265.424,4097092.505,4097098.986,"Silva","NEON_D17_TEAK_DP1_322000_4097000_classified_point_cloud_colorized.laz","2018_TEAK_3_322000_4097000_image.tif","Tree",1,322000,322999.999,4097000,4097999.999
"7452",7689,322227.319,322229.995,4097094.029,4097096.858,"Silva","NEON_D17_TEAK_DP1_322000_4097000_classified_point_cloud_colorized.laz","2018_TEAK_3_322000_4097000_image.tif","Tree",1,322000,322999.999,4097000,4097999.999
"7453",7690,322114.074,322120.227,4097093.124,4097099.983,"Silva","NEON_D17_TEAK_DP1_322000_4097000_classified_point_cloud_colorized.laz","2018_TEAK_3_322000_4097000_image.tif","Tree",1,322000,322999.999,4097000,4097999.999
"7454",7691,322003.101,322009.436,4097094.027,4097098.974,"Silva","NEON_D17_TEAK_DP1_322000_4097000_classified_point_cloud_colorized.laz","2018_TEAK_3_322000_4097000_image.tif","Tree",1,322000,322999.999,4097000,4097999.999
"7455",7692,322167.5,322178.94,4097087.518,4097100.645,"Silva","NEON_D17_TEAK_DP1_322000_4097000_classified_point_cloud_colorized.laz","2018_TEAK_3_322000_4097000_image.tif","Tree",1,322000,322999.999,4097000,4097999.999
"7456",7693,322439.517,322441.828,4097097.516,4097099.171,"Silva","NEON_D17_TEAK_DP1_322000_4097000_classified_point_cloud_colorized.laz","2018_TEAK_3_322000_4097000_image.tif","Tree",1,322000,322999.999,4097000,4097999.999
"7457",7694,322099.132,322105.464,4097095.093,4097100.758,"Silva","NEON_D17_TEAK_DP1_322000_4097000_classified_point_cloud_colorized.laz","2018_TEAK_3_322000_4097000_image.tif","Tree",1,322000,322999.999,4097000,4097999.999
"7458",7695,322120.052,322124.77,4097094.653,4097100.883,"Silva","NEON_D17_TEAK_DP1_322000_4097000_classified_point_cloud_colorized.laz","2018_TEAK_3_322000_4097000_image.tif","Tree",1,322000,322999.999,4097000,4097999.999
"7459",7696,322131.946,322137.477,4097094.428,4097101.078,"Silva","NEON_D17_TEAK_DP1_322000_4097000_classified_point_cloud_colorized.laz","2018_TEAK_3_322000_4097000_image.tif","Tree",1,322000,322999.999,4097000,4097999.999
"7460",7697,322450.553,322454.976,4097095.578,4097100.528,"Silva","NEON_D17_TEAK_DP1_322000_4097000_classified_point_cloud_colorized.laz","2018_TEAK_3_322000_4097000_image.tif","Tree",1,322000,322999.999,4097000,4097999.999
"7461",7698,322057.799,322062.485,4097096.537,4097101.392,"Silva","NEON_D17_TEAK_DP1_322000_4097000_classified_point_cloud_colorized.laz","2018_TEAK_3_322000_4097000_image.tif","Tree",1,322000,322999.999,4097000,4097999.999
"7462",7699,322434.178,322439.817,4097096.698,4097102.492,"Silva","NEON_D17_TEAK_DP1_322000_4097000_classified_point_cloud_colorized.laz","2018_TEAK_3_322000_4097000_image.tif","Tree",1,322000,322999.999,4097000,4097999.999
"7463",7700,322454.711,322457.845,4097098.099,4097101.958,"Silva","NEON_D17_TEAK_DP1_322000_4097000_classified_point_cloud_colorized.laz","2018_TEAK_3_322000_4097000_image.tif","Tree",1,322000,322999.999,4097000,4097999.999
"7464",7701,322177,322184.439,4097094.622,4097100.274,"Silva","NEON_D17_TEAK_DP1_322000_4097000_classified_point_cloud_colorized.laz","2018_TEAK_3_322000_4097000_image.tif","Tree",1,322000,322999.999,4097000,4097999.999
"7465",7702,322001.008,322005.905,4097098.008,4097102.802,"Silva","NEON_D17_TEAK_DP1_322000_4097000_classified_point_cloud_colorized.laz","2018_TEAK_3_322000_4097000_image.tif","Tree",1,322000,322999.999,4097000,4097999.999
"7466",7703,322508.961,322509.472,4097101.669,4097103.068,"Silva","NEON_D17_TEAK_DP1_322000_4097000_classified_point_cloud_colorized.laz","2018_TEAK_3_322000_4097000_image.tif","Tree",1,322000,322999.999,4097000,4097999.999
"7467",7704,322446.007,322451.999,4097097.51,4097103.829,"Silva","NEON_D17_TEAK_DP1_322000_4097000_classified_point_cloud_colorized.laz","2018_TEAK_3_322000_4097000_image.tif","Tree",1,322000,322999.999,4097000,4097999.999
"7468",7705,322425.378,322432.877,4097096.152,4097102.336,"Silva","NEON_D17_TEAK_DP1_322000_4097000_classified_point_cloud_colorized.laz","2018_TEAK_3_322000_4097000_image.tif","Tree",1,322000,322999.999,4097000,4097999.999
"7469",7706,322381.553,322386.346,4097097.519,4097102.92,"Silva","NEON_D17_TEAK_DP1_322000_4097000_classified_point_cloud_colorized.laz","2018_TEAK_3_322000_4097000_image.tif","Tree",1,322000,322999.999,4097000,4097999.999
"7470",7707,322538.661,322543.439,4097100.578,4097105.855,"Silva","NEON_D17_TEAK_DP1_322000_4097000_classified_point_cloud_colorized.laz","2018_TEAK_3_322000_4097000_image.tif","Tree",1,322000,322999.999,4097000,4097999.999
"7471",7708,322470.048,322472.951,4097101.967,4097104.817,"Silva","NEON_D17_TEAK_DP1_322000_4097000_classified_point_cloud_colorized.laz","2018_TEAK_3_322000_4097000_image.tif","Tree",1,322000,322999.999,4097000,4097999.999
"7472",7709,322377.003,322382.409,4097100.021,4097104.869,"Silva","NEON_D17_TEAK_DP1_322000_4097000_classified_point_cloud_colorized.laz","2018_TEAK_3_322000_4097000_image.tif","Tree",1,322000,322999.999,4097000,4097999.999
"7473",7710,322103.565,322109.489,4097097.668,4097103.417,"Silva","NEON_D17_TEAK_DP1_322000_4097000_classified_point_cloud_colorized.laz","2018_TEAK_3_322000_4097000_image.tif","Tree",1,322000,322999.999,4097000,4097999.999
"7474",7711,322038.007,322042.98,4097100.531,4097105.263,"Silva","NEON_D17_TEAK_DP1_322000_4097000_classified_point_cloud_colorized.laz","2018_TEAK_3_322000_4097000_image.tif","Tree",1,322000,322999.999,4097000,4097999.999
"7475",7712,322003.066,322007.963,4097101.507,4097106.436,"Silva","NEON_D17_TEAK_DP1_322000_4097000_classified_point_cloud_colorized.laz","2018_TEAK_3_322000_4097000_image.tif","Tree",1,322000,322999.999,4097000,4097999.999
"7476",7713,322043.015,322047.974,4097100.125,4097106.48,"Silva","NEON_D17_TEAK_DP1_322000_4097000_classified_point_cloud_colorized.laz","2018_TEAK_3_322000_4097000_image.tif","Tree",1,322000,322999.999,4097000,4097999.999
"7477",7714,322161.912,322164.488,4097105.682,4097106.974,"Silva","NEON_D17_TEAK_DP1_322000_4097000_classified_point_cloud_colorized.laz","2018_TEAK_3_322000_4097000_image.tif","Tree",1,322000,322999.999,4097000,4097999.999
"7478",7715,322396.048,322403.227,4097097.56,4097106.975,"Silva","NEON_D17_TEAK_DP1_322000_4097000_classified_point_cloud_colorized.laz","2018_TEAK_3_322000_4097000_image.tif","Tree",1,322000,322999.999,4097000,4097999.999
"7479",7716,322090.602,322097.458,4097099.58,4097107.982,"Silva","NEON_D17_TEAK_DP1_322000_4097000_classified_point_cloud_colorized.laz","2018_TEAK_3_322000_4097000_image.tif","Tree",1,322000,322999.999,4097000,4097999.999
"7480",7717,322051.523,322054.447,4097103.078,4097106.154,"Silva","NEON_D17_TEAK_DP1_322000_4097000_classified_point_cloud_colorized.laz","2018_TEAK_3_322000_4097000_image.tif","Tree",1,322000,322999.999,4097000,4097999.999
"7481",7719,322176.712,322184.571,4097099.032,4097105.849,"Silva","NEON_D17_TEAK_DP1_322000_4097000_classified_point_cloud_colorized.laz","2018_TEAK_3_322000_4097000_image.tif","Tree",1,322000,322999.999,4097000,4097999.999
"7482",7720,322465.21,322467.388,4097104.532,4097106.43,"Silva","NEON_D17_TEAK_DP1_322000_4097000_classified_point_cloud_colorized.laz","2018_TEAK_3_322000_4097000_image.tif","Tree",1,322000,322999.999,4097000,4097999.999
"7483",7721,322268.588,322278.929,4097098.071,4097105.988,"Silva","NEON_D17_TEAK_DP1_322000_4097000_classified_point_cloud_colorized.laz","2018_TEAK_3_322000_4097000_image.tif","Tree",1,322000,322999.999,4097000,4097999.999
"7484",7722,322103.591,322109.989,4097102.588,4097108.871,"Silva","NEON_D17_TEAK_DP1_322000_4097000_classified_point_cloud_colorized.laz","2018_TEAK_3_322000_4097000_image.tif","Tree",1,322000,322999.999,4097000,4097999.999
"7485",7723,322084.171,322090.159,4097102.594,4097108.374,"Silva","NEON_D17_TEAK_DP1_322000_4097000_classified_point_cloud_colorized.laz","2018_TEAK_3_322000_4097000_image.tif","Tree",1,322000,322999.999,4097000,4097999.999
"7486",7724,322031.194,322035.941,4097103.099,4097107.49,"Silva","NEON_D17_TEAK_DP1_322000_4097000_classified_point_cloud_colorized.laz","2018_TEAK_3_322000_4097000_image.tif","Tree",1,322000,322999.999,4097000,4097999.999
"7487",7726,322172.588,322180.801,4097099.696,4097109.494,"Silva","NEON_D17_TEAK_DP1_322000_4097000_classified_point_cloud_colorized.laz","2018_TEAK_3_322000_4097000_image.tif","Tree",1,322000,322999.999,4097000,4097999.999
"7488",7727,322387.027,322393.202,4097102.896,4097109.979,"Silva","NEON_D17_TEAK_DP1_322000_4097000_classified_point_cloud_colorized.laz","2018_TEAK_3_322000_4097000_image.tif","Tree",1,322000,322999.999,4097000,4097999.999
"7489",7728,322409.009,322414.408,4097102.501,4097109.402,"Silva","NEON_D17_TEAK_DP1_322000_4097000_classified_point_cloud_colorized.laz","2018_TEAK_3_322000_4097000_image.tif","Tree",1,322000,322999.999,4097000,4097999.999
"7490",7729,322425.018,322430.413,4097103.573,4097110.49,"Silva","NEON_D17_TEAK_DP1_322000_4097000_classified_point_cloud_colorized.laz","2018_TEAK_3_322000_4097000_image.tif","Tree",1,322000,322999.999,4097000,4097999.999
"7491",7730,322439.33,322444.94,4097105.353,4097110.51,"Silva","NEON_D17_TEAK_DP1_322000_4097000_classified_point_cloud_colorized.laz","2018_TEAK_3_322000_4097000_image.tif","Tree",1,322000,322999.999,4097000,4097999.999
"7492",7731,322455.515,322459.909,4097104.626,4097109.47,"Silva","NEON_D17_TEAK_DP1_322000_4097000_classified_point_cloud_colorized.laz","2018_TEAK_3_322000_4097000_image.tif","Tree",1,322000,322999.999,4097000,4097999.999
"7493",7732,322421.055,322425.492,4097105.016,4097109.5,"Silva","NEON_D17_TEAK_DP1_322000_4097000_classified_point_cloud_colorized.laz","2018_TEAK_3_322000_4097000_image.tif","Tree",1,322000,322999.999,4097000,4097999.999
"7494",7733,322038.044,322042.55,4097105.792,4097110.956,"Silva","NEON_D17_TEAK_DP1_322000_4097000_classified_point_cloud_colorized.laz","2018_TEAK_3_322000_4097000_image.tif","Tree",1,322000,322999.999,4097000,4097999.999
"7495",7734,322381.843,322385.878,4097106.008,4097108.934,"Silva","NEON_D17_TEAK_DP1_322000_4097000_classified_point_cloud_colorized.laz","2018_TEAK_3_322000_4097000_image.tif","Tree",1,322000,322999.999,4097000,4097999.999
"7496",7735,322392.9,322400.987,4097104.062,4097109.951,"Silva","NEON_D17_TEAK_DP1_322000_4097000_classified_point_cloud_colorized.laz","2018_TEAK_3_322000_4097000_image.tif","Tree",1,322000,322999.999,4097000,4097999.999
"7497",7736,322031.71,322037.987,4097107.158,4097112.322,"Silva","NEON_D17_TEAK_DP1_322000_4097000_classified_point_cloud_colorized.laz","2018_TEAK_3_322000_4097000_image.tif","Tree",1,322000,322999.999,4097000,4097999.999
"7498",7737,322047.058,322050.967,4097107.531,4097110.964,"Silva","NEON_D17_TEAK_DP1_322000_4097000_classified_point_cloud_colorized.laz","2018_TEAK_3_322000_4097000_image.tif","Tree",1,322000,322999.999,4097000,4097999.999
"7499",7738,322454.043,322458.459,4097108.111,4097112.863,"Silva","NEON_D17_TEAK_DP1_322000_4097000_classified_point_cloud_colorized.laz","2018_TEAK_3_322000_4097000_image.tif","Tree",1,322000,322999.999,4097000,4097999.999
"7500",7739,322186.097,322189.959,4097107.683,4097111.926,"Silva","NEON_D17_TEAK_DP1_322000_4097000_classified_point_cloud_colorized.laz","2018_TEAK_3_322000_4097000_image.tif","Tree",1,322000,322999.999,4097000,4097999.999
"7501",7740,322148.546,322150.327,4097109.206,4097111.367,"Silva","NEON_D17_TEAK_DP1_322000_4097000_classified_point_cloud_colorized.laz","2018_TEAK_3_322000_4097000_image.tif","Tree",1,322000,322999.999,4097000,4097999.999
"7502",7741,322043.08,322047.488,4097109.781,4097114.369,"Silva","NEON_D17_TEAK_DP1_322000_4097000_classified_point_cloud_colorized.laz","2018_TEAK_3_322000_4097000_image.tif","Tree",1,322000,322999.999,4097000,4097999.999
"7503",7742,322527.891,322533.995,4097110.002,4097115.878,"Silva","NEON_D17_TEAK_DP1_322000_4097000_classified_point_cloud_colorized.laz","2018_TEAK_3_322000_4097000_image.tif","Tree",1,322000,322999.999,4097000,4097999.999
"7504",7743,322516.313,322522.92,4097108.063,4097116.475,"Silva","NEON_D17_TEAK_DP1_322000_4097000_classified_point_cloud_colorized.laz","2018_TEAK_3_322000_4097000_image.tif","Tree",1,322000,322999.999,4097000,4097999.999
"7505",7744,322416.245,322421.952,4097108.503,4097115.882,"Silva","NEON_D17_TEAK_DP1_322000_4097000_classified_point_cloud_colorized.laz","2018_TEAK_3_322000_4097000_image.tif","Tree",1,322000,322999.999,4097000,4097999.999
"7506",7745,322373.031,322379.623,4097108.173,4097115.427,"Silva","NEON_D17_TEAK_DP1_322000_4097000_classified_point_cloud_colorized.laz","2018_TEAK_3_322000_4097000_image.tif","Tree",1,322000,322999.999,4097000,4097999.999
"7507",7746,322001.045,322004.038,4097111.421,4097114.994,"Silva","NEON_D17_TEAK_DP1_322000_4097000_classified_point_cloud_colorized.laz","2018_TEAK_3_322000_4097000_image.tif","Tree",1,322000,322999.999,4097000,4097999.999
"7508",7747,322034.083,322038.693,4097110.672,4097115.361,"Silva","NEON_D17_TEAK_DP1_322000_4097000_classified_point_cloud_colorized.laz","2018_TEAK_3_322000_4097000_image.tif","Tree",1,322000,322999.999,4097000,4097999.999
"7509",7748,322392.515,322400.928,4097109.527,4097115.58,"Silva","NEON_D17_TEAK_DP1_322000_4097000_classified_point_cloud_colorized.laz","2018_TEAK_3_322000_4097000_image.tif","Tree",1,322000,322999.999,4097000,4097999.999
"7510",7749,322364.034,322373.443,4097107.675,4097117.718,"Silva","NEON_D17_TEAK_DP1_322000_4097000_classified_point_cloud_colorized.laz","2018_TEAK_3_322000_4097000_image.tif","Tree",1,322000,322999.999,4097000,4097999.999
"7511",7750,322521.159,322527.987,4097110.55,4097117.903,"Silva","NEON_D17_TEAK_DP1_322000_4097000_classified_point_cloud_colorized.laz","2018_TEAK_3_322000_4097000_image.tif","Tree",1,322000,322999.999,4097000,4097999.999
"7512",7751,322003.021,322007.903,4097113.07,4097117.972,"Silva","NEON_D17_TEAK_DP1_322000_4097000_classified_point_cloud_colorized.laz","2018_TEAK_3_322000_4097000_image.tif","Tree",1,322000,322999.999,4097000,4097999.999
"7513",7752,322127.597,322129.464,4097114.696,4097116.963,"Silva","NEON_D17_TEAK_DP1_322000_4097000_classified_point_cloud_colorized.laz","2018_TEAK_3_322000_4097000_image.tif","Tree",1,322000,322999.999,4097000,4097999.999
"7514",7753,322506.016,322509.349,4097115.083,4097118.763,"Silva","NEON_D17_TEAK_DP1_322000_4097000_classified_point_cloud_colorized.laz","2018_TEAK_3_322000_4097000_image.tif","Tree",1,322000,322999.999,4097000,4097999.999
"7515",7754,322405.293,322411.281,4097111.921,4097117.894,"Silva","NEON_D17_TEAK_DP1_322000_4097000_classified_point_cloud_colorized.laz","2018_TEAK_3_322000_4097000_image.tif","Tree",1,322000,322999.999,4097000,4097999.999
"7516",7755,322034.519,322040.398,4097116.101,4097121.995,"Silva","NEON_D17_TEAK_DP1_322000_4097000_classified_point_cloud_colorized.laz","2018_TEAK_3_322000_4097000_image.tif","Tree",1,322000,322999.999,4097000,4097999.999
"7517",7757,322353.572,322365.358,4097113.199,4097122.236,"Silva","NEON_D17_TEAK_DP1_322000_4097000_classified_point_cloud_colorized.laz","2018_TEAK_3_322000_4097000_image.tif","Tree",1,322000,322999.999,4097000,4097999.999
"7518",7758,322043.529,322045.192,4097118.573,4097120.912,"Silva","NEON_D17_TEAK_DP1_322000_4097000_classified_point_cloud_colorized.laz","2018_TEAK_3_322000_4097000_image.tif","Tree",1,322000,322999.999,4097000,4097999.999
"7519",7759,322199.62,322207.962,4097112.003,4097122.024,"Silva","NEON_D17_TEAK_DP1_322000_4097000_classified_point_cloud_colorized.laz","2018_TEAK_3_322000_4097000_image.tif","Tree",1,322000,322999.999,4097000,4097999.999
"7520",7760,322417.105,322425.547,4097114.143,4097123.422,"Silva","NEON_D17_TEAK_DP1_322000_4097000_classified_point_cloud_colorized.laz","2018_TEAK_3_322000_4097000_image.tif","Tree",1,322000,322999.999,4097000,4097999.999
"7521",7761,322403.138,322406.478,4097116.385,4097121.458,"Silva","NEON_D17_TEAK_DP1_322000_4097000_classified_point_cloud_colorized.laz","2018_TEAK_3_322000_4097000_image.tif","Tree",1,322000,322999.999,4097000,4097999.999
"7522",7762,322264.07,322274.489,4097112.555,4097121.965,"Silva","NEON_D17_TEAK_DP1_322000_4097000_classified_point_cloud_colorized.laz","2018_TEAK_3_322000_4097000_image.tif","Tree",1,322000,322999.999,4097000,4097999.999
"7523",7763,322074.134,322077.794,4097119.176,4097122.335,"Silva","NEON_D17_TEAK_DP1_322000_4097000_classified_point_cloud_colorized.laz","2018_TEAK_3_322000_4097000_image.tif","Tree",1,322000,322999.999,4097000,4097999.999
"7524",7764,322207.733,322215.261,4097116.205,4097121.797,"Silva","NEON_D17_TEAK_DP1_322000_4097000_classified_point_cloud_colorized.laz","2018_TEAK_3_322000_4097000_image.tif","Tree",1,322000,322999.999,4097000,4097999.999
"7525",7765,322098.031,322108.036,4097115.223,4097125.275,"Silva","NEON_D17_TEAK_DP1_322000_4097000_classified_point_cloud_colorized.laz","2018_TEAK_3_322000_4097000_image.tif","Tree",1,322000,322999.999,4097000,4097999.999
"7526",7766,322544.111,322552.484,4097117.01,4097125.492,"Silva","NEON_D17_TEAK_DP1_322000_4097000_classified_point_cloud_colorized.laz","2018_TEAK_3_322000_4097000_image.tif","Tree",1,322000,322999.999,4097000,4097999.999
"7527",7768,322031.524,322036.777,4097120.592,4097125.562,"Silva","NEON_D17_TEAK_DP1_322000_4097000_classified_point_cloud_colorized.laz","2018_TEAK_3_322000_4097000_image.tif","Tree",1,322000,322999.999,4097000,4097999.999
"7528",7769,322001.087,322005.947,4097120.073,4097125.472,"Silva","NEON_D17_TEAK_DP1_322000_4097000_classified_point_cloud_colorized.laz","2018_TEAK_3_322000_4097000_image.tif","Tree",1,322000,322999.999,4097000,4097999.999
"7529",7770,322059.052,322061.98,4097121.696,4097124.368,"Silva","NEON_D17_TEAK_DP1_322000_4097000_classified_point_cloud_colorized.laz","2018_TEAK_3_322000_4097000_image.tif","Tree",1,322000,322999.999,4097000,4097999.999
"7530",7771,322238.686,322243.479,4097117.017,4097124.987,"Silva","NEON_D17_TEAK_DP1_322000_4097000_classified_point_cloud_colorized.laz","2018_TEAK_3_322000_4097000_image.tif","Tree",1,322000,322999.999,4097000,4097999.999
"7531",7772,322416.017,322423.934,4097117.04,4097125.499,"Silva","NEON_D17_TEAK_DP1_322000_4097000_classified_point_cloud_colorized.laz","2018_TEAK_3_322000_4097000_image.tif","Tree",1,322000,322999.999,4097000,4097999.999
"7532",7773,322394.69,322401.796,4097120.012,4097127.433,"Silva","NEON_D17_TEAK_DP1_322000_4097000_classified_point_cloud_colorized.laz","2018_TEAK_3_322000_4097000_image.tif","Tree",1,322000,322999.999,4097000,4097999.999
"7533",7774,322284.672,322292.962,4097117.111,4097125.4,"Silva","NEON_D17_TEAK_DP1_322000_4097000_classified_point_cloud_colorized.laz","2018_TEAK_3_322000_4097000_image.tif","Tree",1,322000,322999.999,4097000,4097999.999
"7534",7775,322324.063,322325.87,4097122.166,4097123.423,"Silva","NEON_D17_TEAK_DP1_322000_4097000_classified_point_cloud_colorized.laz","2018_TEAK_3_322000_4097000_image.tif","Tree",1,322000,322999.999,4097000,4097999.999
"7535",7776,322106.261,322115.01,4097118.538,4097127.481,"Silva","NEON_D17_TEAK_DP1_322000_4097000_classified_point_cloud_colorized.laz","2018_TEAK_3_322000_4097000_image.tif","Tree",1,322000,322999.999,4097000,4097999.999
"7536",7777,322092.582,322099.464,4097119.747,4097126.264,"Silva","NEON_D17_TEAK_DP1_322000_4097000_classified_point_cloud_colorized.laz","2018_TEAK_3_322000_4097000_image.tif","Tree",1,322000,322999.999,4097000,4097999.999
"7537",7778,322081.549,322088.715,4097120.894,4097126.432,"Silva","NEON_D17_TEAK_DP1_322000_4097000_classified_point_cloud_colorized.laz","2018_TEAK_3_322000_4097000_image.tif","Tree",1,322000,322999.999,4097000,4097999.999
"7538",7779,322069.699,322074.48,4097121.888,4097127.827,"Silva","NEON_D17_TEAK_DP1_322000_4097000_classified_point_cloud_colorized.laz","2018_TEAK_3_322000_4097000_image.tif","Tree",1,322000,322999.999,4097000,4097999.999
"7539",7780,322400.606,322408.373,4097121.181,4097127.368,"Silva","NEON_D17_TEAK_DP1_322000_4097000_classified_point_cloud_colorized.laz","2018_TEAK_3_322000_4097000_image.tif","Tree",1,322000,322999.999,4097000,4097999.999
"7540",7781,322377.406,322387.404,4097119.196,4097127.98,"Silva","NEON_D17_TEAK_DP1_322000_4097000_classified_point_cloud_colorized.laz","2018_TEAK_3_322000_4097000_image.tif","Tree",1,322000,322999.999,4097000,4097999.999
"7541",7782,322500.061,322505.93,4097123.274,4097128.488,"Silva","NEON_D17_TEAK_DP1_322000_4097000_classified_point_cloud_colorized.laz","2018_TEAK_3_322000_4097000_image.tif","Tree",1,322000,322999.999,4097000,4097999.999
"7542",7783,322525.513,322534.967,4097122.522,4097129.477,"Silva","NEON_D17_TEAK_DP1_322000_4097000_classified_point_cloud_colorized.laz","2018_TEAK_3_322000_4097000_image.tif","Tree",1,322000,322999.999,4097000,4097999.999
"7543",7784,322475.521,322485.875,4097122.059,4097130.981,"Silva","NEON_D17_TEAK_DP1_322000_4097000_classified_point_cloud_colorized.laz","2018_TEAK_3_322000_4097000_image.tif","Tree",1,322000,322999.999,4097000,4097999.999
"7544",7785,322155.51,322160.873,4097123.007,4097128.878,"Silva","NEON_D17_TEAK_DP1_322000_4097000_classified_point_cloud_colorized.laz","2018_TEAK_3_322000_4097000_image.tif","Tree",1,322000,322999.999,4097000,4097999.999
"7545",7786,322236.506,322243.462,4097124.183,4097130.335,"Silva","NEON_D17_TEAK_DP1_322000_4097000_classified_point_cloud_colorized.laz","2018_TEAK_3_322000_4097000_image.tif","Tree",1,322000,322999.999,4097000,4097999.999
"7546",7787,322259.158,322270.424,4097119.021,4097131,"Silva","NEON_D17_TEAK_DP1_322000_4097000_classified_point_cloud_colorized.laz","2018_TEAK_3_322000_4097000_image.tif","Tree",1,322000,322999.999,4097000,4097999.999
"7547",7788,322411.54,322417.977,4097125.042,4097129.928,"Silva","NEON_D17_TEAK_DP1_322000_4097000_classified_point_cloud_colorized.laz","2018_TEAK_3_322000_4097000_image.tif","Tree",1,322000,322999.999,4097000,4097999.999
"7548",7789,322269.573,322271.333,4097124.559,4097127.697,"Silva","NEON_D17_TEAK_DP1_322000_4097000_classified_point_cloud_colorized.laz","2018_TEAK_3_322000_4097000_image.tif","Tree",1,322000,322999.999,4097000,4097999.999
"7549",7790,322465.215,322469.915,4097127.133,4097133.4,"Silva","NEON_D17_TEAK_DP1_322000_4097000_classified_point_cloud_colorized.laz","2018_TEAK_3_322000_4097000_image.tif","Tree",1,322000,322999.999,4097000,4097999.999
"7550",7791,322404.142,322411.477,4097125.076,4097132.993,"Silva","NEON_D17_TEAK_DP1_322000_4097000_classified_point_cloud_colorized.laz","2018_TEAK_3_322000_4097000_image.tif","Tree",1,322000,322999.999,4097000,4097999.999
"7551",7792,322525.07,322527.601,4097126.552,4097133.51,"Silva","NEON_D17_TEAK_DP1_322000_4097000_classified_point_cloud_colorized.laz","2018_TEAK_3_322000_4097000_image.tif","Tree",1,322000,322999.999,4097000,4097999.999
"7552",7793,322417.541,322422.481,4097125.511,4097131.407,"Silva","NEON_D17_TEAK_DP1_322000_4097000_classified_point_cloud_colorized.laz","2018_TEAK_3_322000_4097000_image.tif","Tree",1,322000,322999.999,4097000,4097999.999
"7553",7794,322102.078,322108.374,4097126.503,4097133.849,"Silva","NEON_D17_TEAK_DP1_322000_4097000_classified_point_cloud_colorized.laz","2018_TEAK_3_322000_4097000_image.tif","Tree",1,322000,322999.999,4097000,4097999.999
"7554",7795,322208.003,322211.705,4097125.682,4097130.68,"Silva","NEON_D17_TEAK_DP1_322000_4097000_classified_point_cloud_colorized.laz","2018_TEAK_3_322000_4097000_image.tif","Tree",1,322000,322999.999,4097000,4097999.999
"7555",7796,322221.857,322226.093,4097128.568,4097132.675,"Silva","NEON_D17_TEAK_DP1_322000_4097000_classified_point_cloud_colorized.laz","2018_TEAK_3_322000_4097000_image.tif","Tree",1,322000,322999.999,4097000,4097999.999
"7556",7797,322391.149,322399.019,4097125.004,4097133.882,"Silva","NEON_D17_TEAK_DP1_322000_4097000_classified_point_cloud_colorized.laz","2018_TEAK_3_322000_4097000_image.tif","Tree",1,322000,322999.999,4097000,4097999.999
"7557",7798,322513.121,322519.97,4097127.564,4097135.04,"Silva","NEON_D17_TEAK_DP1_322000_4097000_classified_point_cloud_colorized.laz","2018_TEAK_3_322000_4097000_image.tif","Tree",1,322000,322999.999,4097000,4097999.999
"7558",7799,322066.05,322071.477,4097131.123,4097135.88,"Silva","NEON_D17_TEAK_DP1_322000_4097000_classified_point_cloud_colorized.laz","2018_TEAK_3_322000_4097000_image.tif","Tree",1,322000,322999.999,4097000,4097999.999
"7559",7800,322092.423,322097.916,4097130.048,4097135.436,"Silva","NEON_D17_TEAK_DP1_322000_4097000_classified_point_cloud_colorized.laz","2018_TEAK_3_322000_4097000_image.tif","Tree",1,322000,322999.999,4097000,4097999.999
"7560",7801,322191.176,322203.024,4097127.569,4097133.862,"Silva","NEON_D17_TEAK_DP1_322000_4097000_classified_point_cloud_colorized.laz","2018_TEAK_3_322000_4097000_image.tif","Tree",1,322000,322999.999,4097000,4097999.999
"7561",7802,322491.578,322498.924,4097130.543,4097137.423,"Silva","NEON_D17_TEAK_DP1_322000_4097000_classified_point_cloud_colorized.laz","2018_TEAK_3_322000_4097000_image.tif","Tree",1,322000,322999.999,4097000,4097999.999
"7562",7803,322315.051,322324.383,4097127.604,4097135.235,"Silva","NEON_D17_TEAK_DP1_322000_4097000_classified_point_cloud_colorized.laz","2018_TEAK_3_322000_4097000_image.tif","Tree",1,322000,322999.999,4097000,4097999.999
"7563",7804,322334.521,322340.823,4097128.555,4097135.456,"Silva","NEON_D17_TEAK_DP1_322000_4097000_classified_point_cloud_colorized.laz","2018_TEAK_3_322000_4097000_image.tif","Tree",1,322000,322999.999,4097000,4097999.999
"7564",7805,322428.507,322438.454,4097128.065,4097137.483,"Silva","NEON_D17_TEAK_DP1_322000_4097000_classified_point_cloud_colorized.laz","2018_TEAK_3_322000_4097000_image.tif","Tree",1,322000,322999.999,4097000,4097999.999
"7565",7806,322266.459,322274.943,4097130.092,4097137.781,"Silva","NEON_D17_TEAK_DP1_322000_4097000_classified_point_cloud_colorized.laz","2018_TEAK_3_322000_4097000_image.tif","Tree",1,322000,322999.999,4097000,4097999.999
"7566",7807,322526.18,322532.581,4097132.008,4097139.853,"Silva","NEON_D17_TEAK_DP1_322000_4097000_classified_point_cloud_colorized.laz","2018_TEAK_3_322000_4097000_image.tif","Tree",1,322000,322999.999,4097000,4097999.999
"7567",7808,322354.915,322361.988,4097130.116,4097139.756,"Silva","NEON_D17_TEAK_DP1_322000_4097000_classified_point_cloud_colorized.laz","2018_TEAK_3_322000_4097000_image.tif","Tree",1,322000,322999.999,4097000,4097999.999
"7568",7809,322219.528,322223.498,4097133.812,4097136.499,"Silva","NEON_D17_TEAK_DP1_322000_4097000_classified_point_cloud_colorized.laz","2018_TEAK_3_322000_4097000_image.tif","Tree",1,322000,322999.999,4097000,4097999.999
"7569",7810,322079.751,322087.433,4097134.085,4097138.982,"Silva","NEON_D17_TEAK_DP1_322000_4097000_classified_point_cloud_colorized.laz","2018_TEAK_3_322000_4097000_image.tif","Tree",1,322000,322999.999,4097000,4097999.999
"7570",7811,322007.566,322010.891,4097136.177,4097139.763,"Silva","NEON_D17_TEAK_DP1_322000_4097000_classified_point_cloud_colorized.laz","2018_TEAK_3_322000_4097000_image.tif","Tree",1,322000,322999.999,4097000,4097999.999
"7571",7812,322004.456,322007.486,4097135.515,4097139.439,"Silva","NEON_D17_TEAK_DP1_322000_4097000_classified_point_cloud_colorized.laz","2018_TEAK_3_322000_4097000_image.tif","Tree",1,322000,322999.999,4097000,4097999.999
"7572",7814,322145.573,322150.97,4097133.012,4097139.446,"Silva","NEON_D17_TEAK_DP1_322000_4097000_classified_point_cloud_colorized.laz","2018_TEAK_3_322000_4097000_image.tif","Tree",1,322000,322999.999,4097000,4097999.999
"7573",7815,322233.842,322238.817,4097133.607,4097138.936,"Silva","NEON_D17_TEAK_DP1_322000_4097000_classified_point_cloud_colorized.laz","2018_TEAK_3_322000_4097000_image.tif","Tree",1,322000,322999.999,4097000,4097999.999
"7574",7816,322486.007,322490.786,4097129.608,4097139.414,"Silva","NEON_D17_TEAK_DP1_322000_4097000_classified_point_cloud_colorized.laz","2018_TEAK_3_322000_4097000_image.tif","Tree",1,322000,322999.999,4097000,4097999.999
"7575",7817,322514.575,322519.286,4097135.501,4097139.493,"Silva","NEON_D17_TEAK_DP1_322000_4097000_classified_point_cloud_colorized.laz","2018_TEAK_3_322000_4097000_image.tif","Tree",1,322000,322999.999,4097000,4097999.999
"7576",7818,322453.014,322460.89,4097134.284,4097140.213,"Silva","NEON_D17_TEAK_DP1_322000_4097000_classified_point_cloud_colorized.laz","2018_TEAK_3_322000_4097000_image.tif","Tree",1,322000,322999.999,4097000,4097999.999
"7577",7819,322066.154,322072.881,4097135.521,4097140.342,"Silva","NEON_D17_TEAK_DP1_322000_4097000_classified_point_cloud_colorized.laz","2018_TEAK_3_322000_4097000_image.tif","Tree",1,322000,322999.999,4097000,4097999.999
"7578",7820,322468.599,322479.293,4097133.115,4097143.089,"Silva","NEON_D17_TEAK_DP1_322000_4097000_classified_point_cloud_colorized.laz","2018_TEAK_3_322000_4097000_image.tif","Tree",1,322000,322999.999,4097000,4097999.999
"7579",7821,322013.03,322015.831,4097138.543,4097141.5,"Silva","NEON_D17_TEAK_DP1_322000_4097000_classified_point_cloud_colorized.laz","2018_TEAK_3_322000_4097000_image.tif","Tree",1,322000,322999.999,4097000,4097999.999
"7580",7822,322019.003,322023.47,4097138.022,4097142.5,"Silva","NEON_D17_TEAK_DP1_322000_4097000_classified_point_cloud_colorized.laz","2018_TEAK_3_322000_4097000_image.tif","Tree",1,322000,322999.999,4097000,4097999.999
"7581",7823,322165.56,322175.862,4097134.043,4097142.33,"Silva","NEON_D17_TEAK_DP1_322000_4097000_classified_point_cloud_colorized.laz","2018_TEAK_3_322000_4097000_image.tif","Tree",1,322000,322999.999,4097000,4097999.999
"7582",7824,322528.028,322536.497,4097136.943,4097143.485,"Silva","NEON_D17_TEAK_DP1_322000_4097000_classified_point_cloud_colorized.laz","2018_TEAK_3_322000_4097000_image.tif","Tree",1,322000,322999.999,4097000,4097999.999
"7583",7825,322517.69,322520.919,4097139.115,4097142.979,"Silva","NEON_D17_TEAK_DP1_322000_4097000_classified_point_cloud_colorized.laz","2018_TEAK_3_322000_4097000_image.tif","Tree",1,322000,322999.999,4097000,4097999.999
"7584",7827,322055.048,322055.839,4097141.224,4097142.493,"Silva","NEON_D17_TEAK_DP1_322000_4097000_classified_point_cloud_colorized.laz","2018_TEAK_3_322000_4097000_image.tif","Tree",1,322000,322999.999,4097000,4097999.999
"7585",7828,322062.165,322067.461,4097139.134,4097144.378,"Silva","NEON_D17_TEAK_DP1_322000_4097000_classified_point_cloud_colorized.laz","2018_TEAK_3_322000_4097000_image.tif","Tree",1,322000,322999.999,4097000,4097999.999
"7586",7829,322339.512,322345.965,4097137.27,4097143.462,"Silva","NEON_D17_TEAK_DP1_322000_4097000_classified_point_cloud_colorized.laz","2018_TEAK_3_322000_4097000_image.tif","Tree",1,322000,322999.999,4097000,4097999.999
"7587",7830,322445.505,322453.981,4097135.516,4097145.737,"Silva","NEON_D17_TEAK_DP1_322000_4097000_classified_point_cloud_colorized.laz","2018_TEAK_3_322000_4097000_image.tif","Tree",1,322000,322999.999,4097000,4097999.999
"7588",7831,322493.512,322500.966,4097137.146,4097143.999,"Silva","NEON_D17_TEAK_DP1_322000_4097000_classified_point_cloud_colorized.laz","2018_TEAK_3_322000_4097000_image.tif","Tree",1,322000,322999.999,4097000,4097999.999
"7589",7832,322482.272,322489.853,4097138.009,4097141.872,"Silva","NEON_D17_TEAK_DP1_322000_4097000_classified_point_cloud_colorized.laz","2018_TEAK_3_322000_4097000_image.tif","Tree",1,322000,322999.999,4097000,4097999.999
"7590",7833,322076.8,322077.875,4097139.571,4097141.626,"Silva","NEON_D17_TEAK_DP1_322000_4097000_classified_point_cloud_colorized.laz","2018_TEAK_3_322000_4097000_image.tif","Tree",1,322000,322999.999,4097000,4097999.999
"7591",7834,322124.025,322128.905,4097140.743,4097145.979,"Silva","NEON_D17_TEAK_DP1_322000_4097000_classified_point_cloud_colorized.laz","2018_TEAK_3_322000_4097000_image.tif","Tree",1,322000,322999.999,4097000,4097999.999
"7592",7835,322344.51,322352.833,4097138.774,4097146.486,"Silva","NEON_D17_TEAK_DP1_322000_4097000_classified_point_cloud_colorized.laz","2018_TEAK_3_322000_4097000_image.tif","Tree",1,322000,322999.999,4097000,4097999.999
"7593",7836,322510.115,322517.901,4097139.019,4097145.325,"Silva","NEON_D17_TEAK_DP1_322000_4097000_classified_point_cloud_colorized.laz","2018_TEAK_3_322000_4097000_image.tif","Tree",1,322000,322999.999,4097000,4097999.999
"7594",7837,322222.726,322226.801,4097140.517,4097143.36,"Silva","NEON_D17_TEAK_DP1_322000_4097000_classified_point_cloud_colorized.laz","2018_TEAK_3_322000_4097000_image.tif","Tree",1,322000,322999.999,4097000,4097999.999
"7595",7838,322132.707,322134.974,4097142.502,4097144.933,"Silva","NEON_D17_TEAK_DP1_322000_4097000_classified_point_cloud_colorized.laz","2018_TEAK_3_322000_4097000_image.tif","Tree",1,322000,322999.999,4097000,4097999.999
"7596",7839,322359.042,322365.856,4097140.241,4097147.46,"Silva","NEON_D17_TEAK_DP1_322000_4097000_classified_point_cloud_colorized.laz","2018_TEAK_3_322000_4097000_image.tif","Tree",1,322000,322999.999,4097000,4097999.999
"7597",7840,322498.097,322505.56,4097139.618,4097147.391,"Silva","NEON_D17_TEAK_DP1_322000_4097000_classified_point_cloud_colorized.laz","2018_TEAK_3_322000_4097000_image.tif","Tree",1,322000,322999.999,4097000,4097999.999
"7598",7841,322409.406,322411.985,4097144.588,4097146.322,"Silva","NEON_D17_TEAK_DP1_322000_4097000_classified_point_cloud_colorized.laz","2018_TEAK_3_322000_4097000_image.tif","Tree",1,322000,322999.999,4097000,4097999.999
"7599",7843,322492.515,322499.277,4097143.538,4097147.803,"Silva","NEON_D17_TEAK_DP1_322000_4097000_classified_point_cloud_colorized.laz","2018_TEAK_3_322000_4097000_image.tif","Tree",1,322000,322999.999,4097000,4097999.999
"7600",7844,322049.629,322051.823,4097145.555,4097149.92,"Silva","NEON_D17_TEAK_DP1_322000_4097000_classified_point_cloud_colorized.laz","2018_TEAK_3_322000_4097000_image.tif","Tree",1,322000,322999.999,4097000,4097999.999
"7601",7845,322517.516,322524.496,4097144.821,4097150.941,"Silva","NEON_D17_TEAK_DP1_322000_4097000_classified_point_cloud_colorized.laz","2018_TEAK_3_322000_4097000_image.tif","Tree",1,322000,322999.999,4097000,4097999.999
"7602",7846,322335.06,322340.49,4097143.138,4097150.254,"Silva","NEON_D17_TEAK_DP1_322000_4097000_classified_point_cloud_colorized.laz","2018_TEAK_3_322000_4097000_image.tif","Tree",1,322000,322999.999,4097000,4097999.999
"7603",7847,322453.196,322458.886,4097145.004,4097149.462,"Silva","NEON_D17_TEAK_DP1_322000_4097000_classified_point_cloud_colorized.laz","2018_TEAK_3_322000_4097000_image.tif","Tree",1,322000,322999.999,4097000,4097999.999
"7604",7848,322526.081,322533.528,4097144.103,4097150.964,"Silva","NEON_D17_TEAK_DP1_322000_4097000_classified_point_cloud_colorized.laz","2018_TEAK_3_322000_4097000_image.tif","Tree",1,322000,322999.999,4097000,4097999.999
"7605",7849,322392.556,322401.178,4097142.165,4097150.749,"Silva","NEON_D17_TEAK_DP1_322000_4097000_classified_point_cloud_colorized.laz","2018_TEAK_3_322000_4097000_image.tif","Tree",1,322000,322999.999,4097000,4097999.999
"7606",7850,322054.542,322059.981,4097146.579,4097151.481,"Silva","NEON_D17_TEAK_DP1_322000_4097000_classified_point_cloud_colorized.laz","2018_TEAK_3_322000_4097000_image.tif","Tree",1,322000,322999.999,4097000,4097999.999
"7607",7852,322513.517,322518.951,4097146.279,4097152.46,"Silva","NEON_D17_TEAK_DP1_322000_4097000_classified_point_cloud_colorized.laz","2018_TEAK_3_322000_4097000_image.tif","Tree",1,322000,322999.999,4097000,4097999.999
"7608",7853,322459.537,322465.775,4097146.518,4097151.9,"Silva","NEON_D17_TEAK_DP1_322000_4097000_classified_point_cloud_colorized.laz","2018_TEAK_3_322000_4097000_image.tif","Tree",1,322000,322999.999,4097000,4097999.999
"7609",7854,322352.154,322361.517,4097142.572,4097151.997,"Silva","NEON_D17_TEAK_DP1_322000_4097000_classified_point_cloud_colorized.laz","2018_TEAK_3_322000_4097000_image.tif","Tree",1,322000,322999.999,4097000,4097999.999
"7610",7855,322161.567,322168.337,4097144.62,4097153.012,"Silva","NEON_D17_TEAK_DP1_322000_4097000_classified_point_cloud_colorized.laz","2018_TEAK_3_322000_4097000_image.tif","Tree",1,322000,322999.999,4097000,4097999.999
"7611",7856,322170.565,322176.479,4097146.529,4097151.76,"Silva","NEON_D17_TEAK_DP1_322000_4097000_classified_point_cloud_colorized.laz","2018_TEAK_3_322000_4097000_image.tif","Tree",1,322000,322999.999,4097000,4097999.999
"7612",7857,322487.72,322492.827,4097147.531,4097153.448,"Silva","NEON_D17_TEAK_DP1_322000_4097000_classified_point_cloud_colorized.laz","2018_TEAK_3_322000_4097000_image.tif","Tree",1,322000,322999.999,4097000,4097999.999
"7613",7858,322189.642,322195.829,4097147.593,4097152.827,"Silva","NEON_D17_TEAK_DP1_322000_4097000_classified_point_cloud_colorized.laz","2018_TEAK_3_322000_4097000_image.tif","Tree",1,322000,322999.999,4097000,4097999.999
"7614",7859,322055.62,322061.488,4097149.642,4097154.97,"Silva","NEON_D17_TEAK_DP1_322000_4097000_classified_point_cloud_colorized.laz","2018_TEAK_3_322000_4097000_image.tif","Tree",1,322000,322999.999,4097000,4097999.999
"7615",7860,322086.606,322089.772,4097149.507,4097153.32,"Silva","NEON_D17_TEAK_DP1_322000_4097000_classified_point_cloud_colorized.laz","2018_TEAK_3_322000_4097000_image.tif","Tree",1,322000,322999.999,4097000,4097999.999
"7616",7861,322452.623,322459.148,4097149.325,4097154.302,"Silva","NEON_D17_TEAK_DP1_322000_4097000_classified_point_cloud_colorized.laz","2018_TEAK_3_322000_4097000_image.tif","Tree",1,322000,322999.999,4097000,4097999.999
"7617",7862,322470.4,322474.816,4097148.007,4097153.966,"Silva","NEON_D17_TEAK_DP1_322000_4097000_classified_point_cloud_colorized.laz","2018_TEAK_3_322000_4097000_image.tif","Tree",1,322000,322999.999,4097000,4097999.999
"7618",7863,322520.93,322527.874,4097147.909,4097154.951,"Silva","NEON_D17_TEAK_DP1_322000_4097000_classified_point_cloud_colorized.laz","2018_TEAK_3_322000_4097000_image.tif","Tree",1,322000,322999.999,4097000,4097999.999
"7619",7864,322534.748,322541.469,4097148.005,4097156.335,"Silva","NEON_D17_TEAK_DP1_322000_4097000_classified_point_cloud_colorized.laz","2018_TEAK_3_322000_4097000_image.tif","Tree",1,322000,322999.999,4097000,4097999.999
"7620",7865,322506.002,322511.877,4097147.576,4097154.853,"Silva","NEON_D17_TEAK_DP1_322000_4097000_classified_point_cloud_colorized.laz","2018_TEAK_3_322000_4097000_image.tif","Tree",1,322000,322999.999,4097000,4097999.999
"7621",7866,322036.056,322041.438,4097149.653,4097155.655,"Silva","NEON_D17_TEAK_DP1_322000_4097000_classified_point_cloud_colorized.laz","2018_TEAK_3_322000_4097000_image.tif","Tree",1,322000,322999.999,4097000,4097999.999
"7622",7867,322135.569,322138.414,4097151.084,4097154.1,"Silva","NEON_D17_TEAK_DP1_322000_4097000_classified_point_cloud_colorized.laz","2018_TEAK_3_322000_4097000_image.tif","Tree",1,322000,322999.999,4097000,4097999.999
"7623",7868,322197.504,322202.445,4097148.507,4097154.99,"Silva","NEON_D17_TEAK_DP1_322000_4097000_classified_point_cloud_colorized.laz","2018_TEAK_3_322000_4097000_image.tif","Tree",1,322000,322999.999,4097000,4097999.999
"7624",7869,322205.549,322211.475,4097148.878,4097155.438,"Silva","NEON_D17_TEAK_DP1_322000_4097000_classified_point_cloud_colorized.laz","2018_TEAK_3_322000_4097000_image.tif","Tree",1,322000,322999.999,4097000,4097999.999
"7625",7870,322538.55,322546.446,4097149.056,4097157.964,"Silva","NEON_D17_TEAK_DP1_322000_4097000_classified_point_cloud_colorized.laz","2018_TEAK_3_322000_4097000_image.tif","Tree",1,322000,322999.999,4097000,4097999.999
"7626",7871,322337.762,322344.405,4097150.104,4097156.358,"Silva","NEON_D17_TEAK_DP1_322000_4097000_classified_point_cloud_colorized.laz","2018_TEAK_3_322000_4097000_image.tif","Tree",1,322000,322999.999,4097000,4097999.999
"7627",7872,322527.512,322535.999,4097151.031,4097157.971,"Silva","NEON_D17_TEAK_DP1_322000_4097000_classified_point_cloud_colorized.laz","2018_TEAK_3_322000_4097000_image.tif","Tree",1,322000,322999.999,4097000,4097999.999
"7628",7873,322488.012,322494.904,4097152.201,4097157.915,"Silva","NEON_D17_TEAK_DP1_322000_4097000_classified_point_cloud_colorized.laz","2018_TEAK_3_322000_4097000_image.tif","Tree",1,322000,322999.999,4097000,4097999.999
"7629",7874,322360.028,322364.134,4097152.567,4097158.999,"Silva","NEON_D17_TEAK_DP1_322000_4097000_classified_point_cloud_colorized.laz","2018_TEAK_3_322000_4097000_image.tif","Tree",1,322000,322999.999,4097000,4097999.999
"7630",7875,322467.014,322473.924,4097149.168,4097158.449,"Silva","NEON_D17_TEAK_DP1_322000_4097000_classified_point_cloud_colorized.laz","2018_TEAK_3_322000_4097000_image.tif","Tree",1,322000,322999.999,4097000,4097999.999
"7631",7876,322501.527,322508.48,4097152.079,4097158.428,"Silva","NEON_D17_TEAK_DP1_322000_4097000_classified_point_cloud_colorized.laz","2018_TEAK_3_322000_4097000_image.tif","Tree",1,322000,322999.999,4097000,4097999.999
"7632",7877,322347.554,322355.948,4097149.57,4097158.731,"Silva","NEON_D17_TEAK_DP1_322000_4097000_classified_point_cloud_colorized.laz","2018_TEAK_3_322000_4097000_image.tif","Tree",1,322000,322999.999,4097000,4097999.999
"7633",7878,322062.137,322065.809,4097153.515,4097159.064,"Silva","NEON_D17_TEAK_DP1_322000_4097000_classified_point_cloud_colorized.laz","2018_TEAK_3_322000_4097000_image.tif","Tree",1,322000,322999.999,4097000,4097999.999
"7634",7879,322044.523,322049.471,4097154.358,4097158.804,"Silva","NEON_D17_TEAK_DP1_322000_4097000_classified_point_cloud_colorized.laz","2018_TEAK_3_322000_4097000_image.tif","Tree",1,322000,322999.999,4097000,4097999.999
"7635",7880,322423.528,322426.824,4097154.079,4097157.974,"Silva","NEON_D17_TEAK_DP1_322000_4097000_classified_point_cloud_colorized.laz","2018_TEAK_3_322000_4097000_image.tif","Tree",1,322000,322999.999,4097000,4097999.999
"7636",7881,322434.548,322440.78,4097153.168,4097160.149,"Silva","NEON_D17_TEAK_DP1_322000_4097000_classified_point_cloud_colorized.laz","2018_TEAK_3_322000_4097000_image.tif","Tree",1,322000,322999.999,4097000,4097999.999
"7637",7882,322052.127,322057.174,4097154.275,4097160.486,"Silva","NEON_D17_TEAK_DP1_322000_4097000_classified_point_cloud_colorized.laz","2018_TEAK_3_322000_4097000_image.tif","Tree",1,322000,322999.999,4097000,4097999.999
"7638",7883,322032,322038.31,4097154.652,4097159.738,"Silva","NEON_D17_TEAK_DP1_322000_4097000_classified_point_cloud_colorized.laz","2018_TEAK_3_322000_4097000_image.tif","Tree",1,322000,322999.999,4097000,4097999.999
"7639",7884,322048.563,322052.459,4097155.004,4097159.26,"Silva","NEON_D17_TEAK_DP1_322000_4097000_classified_point_cloud_colorized.laz","2018_TEAK_3_322000_4097000_image.tif","Tree",1,322000,322999.999,4097000,4097999.999
"7640",7885,322186.159,322189.765,4097154.139,4097157.487,"Silva","NEON_D17_TEAK_DP1_322000_4097000_classified_point_cloud_colorized.laz","2018_TEAK_3_322000_4097000_image.tif","Tree",1,322000,322999.999,4097000,4097999.999
"7641",7886,322255.015,322262.976,4097150.507,4097159.365,"Silva","NEON_D17_TEAK_DP1_322000_4097000_classified_point_cloud_colorized.laz","2018_TEAK_3_322000_4097000_image.tif","Tree",1,322000,322999.999,4097000,4097999.999
"7642",7887,322439.396,322443.929,4097153.046,4097160.92,"Silva","NEON_D17_TEAK_DP1_322000_4097000_classified_point_cloud_colorized.laz","2018_TEAK_3_322000_4097000_image.tif","Tree",1,322000,322999.999,4097000,4097999.999
"7643",7888,322449.181,322457.107,4097153.06,4097160.989,"Silva","NEON_D17_TEAK_DP1_322000_4097000_classified_point_cloud_colorized.laz","2018_TEAK_3_322000_4097000_image.tif","Tree",1,322000,322999.999,4097000,4097999.999
"7644",7889,322520.528,322527.886,4097154.017,4097160.838,"Silva","NEON_D17_TEAK_DP1_322000_4097000_classified_point_cloud_colorized.laz","2018_TEAK_3_322000_4097000_image.tif","Tree",1,322000,322999.999,4097000,4097999.999
"7645",7890,322083.001,322085.49,4097156.618,4097160,"Silva","NEON_D17_TEAK_DP1_322000_4097000_classified_point_cloud_colorized.laz","2018_TEAK_3_322000_4097000_image.tif","Tree",1,322000,322999.999,4097000,4097999.999
"7646",7891,322430.544,322438.943,4097153.255,4097161.937,"Silva","NEON_D17_TEAK_DP1_322000_4097000_classified_point_cloud_colorized.laz","2018_TEAK_3_322000_4097000_image.tif","Tree",1,322000,322999.999,4097000,4097999.999
"7647",7892,322513.651,322521.465,4097155.022,4097160.825,"Silva","NEON_D17_TEAK_DP1_322000_4097000_classified_point_cloud_colorized.laz","2018_TEAK_3_322000_4097000_image.tif","Tree",1,322000,322999.999,4097000,4097999.999
"7648",7893,322395.503,322399.987,4097154.935,4097159.887,"Silva","NEON_D17_TEAK_DP1_322000_4097000_classified_point_cloud_colorized.laz","2018_TEAK_3_322000_4097000_image.tif","Tree",1,322000,322999.999,4097000,4097999.999
"7649",7894,322004.117,322009.926,4097156.664,4097162.856,"Silva","NEON_D17_TEAK_DP1_322000_4097000_classified_point_cloud_colorized.laz","2018_TEAK_3_322000_4097000_image.tif","Tree",1,322000,322999.999,4097000,4097999.999
"7650",7895,322026.005,322031.981,4097156.276,4097162.45,"Silva","NEON_D17_TEAK_DP1_322000_4097000_classified_point_cloud_colorized.laz","2018_TEAK_3_322000_4097000_image.tif","Tree",1,322000,322999.999,4097000,4097999.999
"7651",7896,322036.221,322041.448,4097156.668,4097162.993,"Silva","NEON_D17_TEAK_DP1_322000_4097000_classified_point_cloud_colorized.laz","2018_TEAK_3_322000_4097000_image.tif","Tree",1,322000,322999.999,4097000,4097999.999
"7652",7897,322073.695,322079.459,4097156.028,4097161.939,"Silva","NEON_D17_TEAK_DP1_322000_4097000_classified_point_cloud_colorized.laz","2018_TEAK_3_322000_4097000_image.tif","Tree",1,322000,322999.999,4097000,4097999.999
"7653",7898,322031.515,322036.489,4097158.754,4097163.495,"Silva","NEON_D17_TEAK_DP1_322000_4097000_classified_point_cloud_colorized.laz","2018_TEAK_3_322000_4097000_image.tif","Tree",1,322000,322999.999,4097000,4097999.999
"7654",7899,322043.506,322048.442,4097158.097,4097162.98,"Silva","NEON_D17_TEAK_DP1_322000_4097000_classified_point_cloud_colorized.laz","2018_TEAK_3_322000_4097000_image.tif","Tree",1,322000,322999.999,4097000,4097999.999
"7655",7900,322048.56,322053.754,4097159.055,4097162.967,"Silva","NEON_D17_TEAK_DP1_322000_4097000_classified_point_cloud_colorized.laz","2018_TEAK_3_322000_4097000_image.tif","Tree",1,322000,322999.999,4097000,4097999.999
"7656",7901,322493.542,322500.887,4097158.13,4097163.905,"Silva","NEON_D17_TEAK_DP1_322000_4097000_classified_point_cloud_colorized.laz","2018_TEAK_3_322000_4097000_image.tif","Tree",1,322000,322999.999,4097000,4097999.999
"7657",7902,322152.181,322161.45,4097157.021,4097164.445,"Silva","NEON_D17_TEAK_DP1_322000_4097000_classified_point_cloud_colorized.laz","2018_TEAK_3_322000_4097000_image.tif","Tree",1,322000,322999.999,4097000,4097999.999
"7658",7903,322111.592,322116.97,4097158.561,4097162.967,"Silva","NEON_D17_TEAK_DP1_322000_4097000_classified_point_cloud_colorized.laz","2018_TEAK_3_322000_4097000_image.tif","Tree",1,322000,322999.999,4097000,4097999.999
"7659",7904,322090.743,322093.941,4097160.155,4097162.936,"Silva","NEON_D17_TEAK_DP1_322000_4097000_classified_point_cloud_colorized.laz","2018_TEAK_3_322000_4097000_image.tif","Tree",1,322000,322999.999,4097000,4097999.999
"7660",7905,322168.643,322174.342,4097159.027,4097162.382,"Silva","NEON_D17_TEAK_DP1_322000_4097000_classified_point_cloud_colorized.laz","2018_TEAK_3_322000_4097000_image.tif","Tree",1,322000,322999.999,4097000,4097999.999
"7661",7906,322402.317,322406.157,4097158.655,4097163.241,"Silva","NEON_D17_TEAK_DP1_322000_4097000_classified_point_cloud_colorized.laz","2018_TEAK_3_322000_4097000_image.tif","Tree",1,322000,322999.999,4097000,4097999.999
"7662",7907,322451.203,322459.106,4097158.799,4097164.814,"Silva","NEON_D17_TEAK_DP1_322000_4097000_classified_point_cloud_colorized.laz","2018_TEAK_3_322000_4097000_image.tif","Tree",1,322000,322999.999,4097000,4097999.999
"7663",7908,322384.603,322394.973,4097155.511,4097164.901,"Silva","NEON_D17_TEAK_DP1_322000_4097000_classified_point_cloud_colorized.laz","2018_TEAK_3_322000_4097000_image.tif","Tree",1,322000,322999.999,4097000,4097999.999
"7664",7909,322503.655,322509.839,4097161.066,4097169.165,"Silva","NEON_D17_TEAK_DP1_322000_4097000_classified_point_cloud_colorized.laz","2018_TEAK_3_322000_4097000_image.tif","Tree",1,322000,322999.999,4097000,4097999.999
"7665",7911,322362.503,322369.868,4097157.519,4097167.496,"Silva","NEON_D17_TEAK_DP1_322000_4097000_classified_point_cloud_colorized.laz","2018_TEAK_3_322000_4097000_image.tif","Tree",1,322000,322999.999,4097000,4097999.999
"7666",7912,322531.124,322538.875,4097158.517,4097167.272,"Silva","NEON_D17_TEAK_DP1_322000_4097000_classified_point_cloud_colorized.laz","2018_TEAK_3_322000_4097000_image.tif","Tree",1,322000,322999.999,4097000,4097999.999
"7667",7913,322116.508,322121.492,4097161.593,4097165.466,"Silva","NEON_D17_TEAK_DP1_322000_4097000_classified_point_cloud_colorized.laz","2018_TEAK_3_322000_4097000_image.tif","Tree",1,322000,322999.999,4097000,4097999.999
"7668",7914,322064.539,322072.957,4097160.69,4097167.47,"Silva","NEON_D17_TEAK_DP1_322000_4097000_classified_point_cloud_colorized.laz","2018_TEAK_3_322000_4097000_image.tif","Tree",1,322000,322999.999,4097000,4097999.999
"7669",7915,322398.152,322400.331,4097163.063,4097165.82,"Silva","NEON_D17_TEAK_DP1_322000_4097000_classified_point_cloud_colorized.laz","2018_TEAK_3_322000_4097000_image.tif","Tree",1,322000,322999.999,4097000,4097999.999
"7670",7916,322410.547,322419.95,4097160.004,4097167.226,"Silva","NEON_D17_TEAK_DP1_322000_4097000_classified_point_cloud_colorized.laz","2018_TEAK_3_322000_4097000_image.tif","Tree",1,322000,322999.999,4097000,4097999.999
"7671",7917,322111.224,322116.425,4097162.526,4097167.401,"Silva","NEON_D17_TEAK_DP1_322000_4097000_classified_point_cloud_colorized.laz","2018_TEAK_3_322000_4097000_image.tif","Tree",1,322000,322999.999,4097000,4097999.999
"7672",7918,322060.561,322065.918,4097162.02,4097167.302,"Silva","NEON_D17_TEAK_DP1_322000_4097000_classified_point_cloud_colorized.laz","2018_TEAK_3_322000_4097000_image.tif","Tree",1,322000,322999.999,4097000,4097999.999
"7673",7919,322376.572,322383.446,4097159.013,4097168.629,"Silva","NEON_D17_TEAK_DP1_322000_4097000_classified_point_cloud_colorized.laz","2018_TEAK_3_322000_4097000_image.tif","Tree",1,322000,322999.999,4097000,4097999.999
"7674",7920,322542.294,322549.421,4097162.361,4097169.812,"Silva","NEON_D17_TEAK_DP1_322000_4097000_classified_point_cloud_colorized.laz","2018_TEAK_3_322000_4097000_image.tif","Tree",1,322000,322999.999,4097000,4097999.999
"7675",7921,322029.049,322032.921,4097163.506,4097168.897,"Silva","NEON_D17_TEAK_DP1_322000_4097000_classified_point_cloud_colorized.laz","2018_TEAK_3_322000_4097000_image.tif","Tree",1,322000,322999.999,4097000,4097999.999
"7676",7922,322025.53,322028.962,4097165.512,4097169.135,"Silva","NEON_D17_TEAK_DP1_322000_4097000_classified_point_cloud_colorized.laz","2018_TEAK_3_322000_4097000_image.tif","Tree",1,322000,322999.999,4097000,4097999.999
"7677",7923,322020.507,322025.498,4097163.682,4097169.804,"Silva","NEON_D17_TEAK_DP1_322000_4097000_classified_point_cloud_colorized.laz","2018_TEAK_3_322000_4097000_image.tif","Tree",1,322000,322999.999,4097000,4097999.999
"7678",7924,322079.638,322084.781,4097163.056,4097167.882,"Silva","NEON_D17_TEAK_DP1_322000_4097000_classified_point_cloud_colorized.laz","2018_TEAK_3_322000_4097000_image.tif","Tree",1,322000,322999.999,4097000,4097999.999
"7679",7925,322224.51,322232.499,4097162.148,4097168.265,"Silva","NEON_D17_TEAK_DP1_322000_4097000_classified_point_cloud_colorized.laz","2018_TEAK_3_322000_4097000_image.tif","Tree",1,322000,322999.999,4097000,4097999.999
"7680",7926,322446.071,322451.457,4097163.075,4097169.832,"Silva","NEON_D17_TEAK_DP1_322000_4097000_classified_point_cloud_colorized.laz","2018_TEAK_3_322000_4097000_image.tif","Tree",1,322000,322999.999,4097000,4097999.999
"7681",7927,322156.074,322165.428,4097159.023,4097166.901,"Silva","NEON_D17_TEAK_DP1_322000_4097000_classified_point_cloud_colorized.laz","2018_TEAK_3_322000_4097000_image.tif","Tree",1,322000,322999.999,4097000,4097999.999
"7682",7928,322000.025,322004.959,4097165.133,4097170.909,"Silva","NEON_D17_TEAK_DP1_322000_4097000_classified_point_cloud_colorized.laz","2018_TEAK_3_322000_4097000_image.tif","Tree",1,322000,322999.999,4097000,4097999.999
"7683",7929,322371.028,322378.711,4097161.552,4097170.833,"Silva","NEON_D17_TEAK_DP1_322000_4097000_classified_point_cloud_colorized.laz","2018_TEAK_3_322000_4097000_image.tif","Tree",1,322000,322999.999,4097000,4097999.999
"7684",7930,322344.826,322353.64,4097160.004,4097171.687,"Silva","NEON_D17_TEAK_DP1_322000_4097000_classified_point_cloud_colorized.laz","2018_TEAK_3_322000_4097000_image.tif","Tree",1,322000,322999.999,4097000,4097999.999
"7685",7933,322488.571,322495.405,4097164.513,4097172.165,"Silva","NEON_D17_TEAK_DP1_322000_4097000_classified_point_cloud_colorized.laz","2018_TEAK_3_322000_4097000_image.tif","Tree",1,322000,322999.999,4097000,4097999.999
"7686",7934,322139.617,322145.993,4097170.204,4097173.494,"Silva","NEON_D17_TEAK_DP1_322000_4097000_classified_point_cloud_colorized.laz","2018_TEAK_3_322000_4097000_image.tif","Tree",1,322000,322999.999,4097000,4097999.999
"7687",7935,322412.391,322415.484,4097165.145,4097167.736,"Silva","NEON_D17_TEAK_DP1_322000_4097000_classified_point_cloud_colorized.laz","2018_TEAK_3_322000_4097000_image.tif","Tree",1,322000,322999.999,4097000,4097999.999
"7688",7936,322535.03,322543.339,4097165.171,4097171.79,"Silva","NEON_D17_TEAK_DP1_322000_4097000_classified_point_cloud_colorized.laz","2018_TEAK_3_322000_4097000_image.tif","Tree",1,322000,322999.999,4097000,4097999.999
"7689",7937,322041.061,322046.933,4097168.13,4097172.735,"Silva","NEON_D17_TEAK_DP1_322000_4097000_classified_point_cloud_colorized.laz","2018_TEAK_3_322000_4097000_image.tif","Tree",1,322000,322999.999,4097000,4097999.999
"7690",7938,322001.291,322006.969,4097167.507,4097171.994,"Silva","NEON_D17_TEAK_DP1_322000_4097000_classified_point_cloud_colorized.laz","2018_TEAK_3_322000_4097000_image.tif","Tree",1,322000,322999.999,4097000,4097999.999
"7691",7939,322063.611,322068.388,4097167.008,4097172.463,"Silva","NEON_D17_TEAK_DP1_322000_4097000_classified_point_cloud_colorized.laz","2018_TEAK_3_322000_4097000_image.tif","Tree",1,322000,322999.999,4097000,4097999.999
"7692",7940,322400.577,322405.783,4097167.526,4097172.803,"Silva","NEON_D17_TEAK_DP1_322000_4097000_classified_point_cloud_colorized.laz","2018_TEAK_3_322000_4097000_image.tif","Tree",1,322000,322999.999,4097000,4097999.999
"7693",7941,322242.58,322249.636,4097165.092,4097172.857,"Silva","NEON_D17_TEAK_DP1_322000_4097000_classified_point_cloud_colorized.laz","2018_TEAK_3_322000_4097000_image.tif","Tree",1,322000,322999.999,4097000,4097999.999
"7694",7942,322048.551,322053.968,4097168.635,4097173.481,"Silva","NEON_D17_TEAK_DP1_322000_4097000_classified_point_cloud_colorized.laz","2018_TEAK_3_322000_4097000_image.tif","Tree",1,322000,322999.999,4097000,4097999.999
"7695",7943,322029.404,322033.962,4097169.022,4097174.409,"Silva","NEON_D17_TEAK_DP1_322000_4097000_classified_point_cloud_colorized.laz","2018_TEAK_3_322000_4097000_image.tif","Tree",1,322000,322999.999,4097000,4097999.999
"7696",7944,322034.112,322038.925,4097168.063,4097174.627,"Silva","NEON_D17_TEAK_DP1_322000_4097000_classified_point_cloud_colorized.laz","2018_TEAK_3_322000_4097000_image.tif","Tree",1,322000,322999.999,4097000,4097999.999
"7697",7945,322516.506,322521.979,4097168.508,4097174.883,"Silva","NEON_D17_TEAK_DP1_322000_4097000_classified_point_cloud_colorized.laz","2018_TEAK_3_322000_4097000_image.tif","Tree",1,322000,322999.999,4097000,4097999.999
"7698",7946,322102.013,322102.345,4097175.684,4097175.961,"Silva","NEON_D17_TEAK_DP1_322000_4097000_classified_point_cloud_colorized.laz","2018_TEAK_3_322000_4097000_image.tif","Tree",1,322000,322999.999,4097000,4097999.999
"7699",7947,322132.659,322135.368,4097169.515,4097172.976,"Silva","NEON_D17_TEAK_DP1_322000_4097000_classified_point_cloud_colorized.laz","2018_TEAK_3_322000_4097000_image.tif","Tree",1,322000,322999.999,4097000,4097999.999
"7700",7948,322388.73,322396.49,4097168.032,4097176.99,"Silva","NEON_D17_TEAK_DP1_322000_4097000_classified_point_cloud_colorized.laz","2018_TEAK_3_322000_4097000_image.tif","Tree",1,322000,322999.999,4097000,4097999.999
"7701",7949,322417.075,322419.377,4097171.603,4097173.961,"Silva","NEON_D17_TEAK_DP1_322000_4097000_classified_point_cloud_colorized.laz","2018_TEAK_3_322000_4097000_image.tif","Tree",1,322000,322999.999,4097000,4097999.999
"7702",7950,322484.365,322489.808,4097176.337,4097178.351,"Silva","NEON_D17_TEAK_DP1_322000_4097000_classified_point_cloud_colorized.laz","2018_TEAK_3_322000_4097000_image.tif","Tree",1,322000,322999.999,4097000,4097999.999
"7703",7951,322478.704,322479.428,4097173.019,4097173.254,"Silva","NEON_D17_TEAK_DP1_322000_4097000_classified_point_cloud_colorized.laz","2018_TEAK_3_322000_4097000_image.tif","Tree",1,322000,322999.999,4097000,4097999.999
"7704",7952,322000.654,322006.443,4097172.014,4097176.395,"Silva","NEON_D17_TEAK_DP1_322000_4097000_classified_point_cloud_colorized.laz","2018_TEAK_3_322000_4097000_image.tif","Tree",1,322000,322999.999,4097000,4097999.999
"7705",7953,322474.002,322474.406,4097174.015,4097174.262,"Silva","NEON_D17_TEAK_DP1_322000_4097000_classified_point_cloud_colorized.laz","2018_TEAK_3_322000_4097000_image.tif","Tree",1,322000,322999.999,4097000,4097999.999
"7706",7954,322120.504,322123.969,4097172.051,4097175.981,"Silva","NEON_D17_TEAK_DP1_322000_4097000_classified_point_cloud_colorized.laz","2018_TEAK_3_322000_4097000_image.tif","Tree",1,322000,322999.999,4097000,4097999.999
"7707",7955,322035.567,322041.895,4097170.572,4097176.49,"Silva","NEON_D17_TEAK_DP1_322000_4097000_classified_point_cloud_colorized.laz","2018_TEAK_3_322000_4097000_image.tif","Tree",1,322000,322999.999,4097000,4097999.999
"7708",7956,322325.621,322328.483,4097172.531,4097174.963,"Silva","NEON_D17_TEAK_DP1_322000_4097000_classified_point_cloud_colorized.laz","2018_TEAK_3_322000_4097000_image.tif","Tree",1,322000,322999.999,4097000,4097999.999
"7709",7957,322046.583,322052.363,4097173.059,4097176.969,"Silva","NEON_D17_TEAK_DP1_322000_4097000_classified_point_cloud_colorized.laz","2018_TEAK_3_322000_4097000_image.tif","Tree",1,322000,322999.999,4097000,4097999.999
"7710",7958,322041.543,322046.706,4097172.584,4097177.326,"Silva","NEON_D17_TEAK_DP1_322000_4097000_classified_point_cloud_colorized.laz","2018_TEAK_3_322000_4097000_image.tif","Tree",1,322000,322999.999,4097000,4097999.999
"7711",7959,322500.041,322511.425,4097168.01,4097178.985,"Silva","NEON_D17_TEAK_DP1_322000_4097000_classified_point_cloud_colorized.laz","2018_TEAK_3_322000_4097000_image.tif","Tree",1,322000,322999.999,4097000,4097999.999
"7712",7960,322558.631,322567.384,4097170.691,4097177.995,"Silva","NEON_D17_TEAK_DP1_322000_4097000_classified_point_cloud_colorized.laz","2018_TEAK_3_322000_4097000_image.tif","Tree",1,322000,322999.999,4097000,4097999.999
"7713",7961,322517.17,322519.475,4097174.012,4097178.668,"Silva","NEON_D17_TEAK_DP1_322000_4097000_classified_point_cloud_colorized.laz","2018_TEAK_3_322000_4097000_image.tif","Tree",1,322000,322999.999,4097000,4097999.999
"7714",7962,322413.539,322416.48,4097174.545,4097178.448,"Silva","NEON_D17_TEAK_DP1_322000_4097000_classified_point_cloud_colorized.laz","2018_TEAK_3_322000_4097000_image.tif","Tree",1,322000,322999.999,4097000,4097999.999
"7715",7963,322027.07,322030.994,4097174.073,4097179.436,"Silva","NEON_D17_TEAK_DP1_322000_4097000_classified_point_cloud_colorized.laz","2018_TEAK_3_322000_4097000_image.tif","Tree",1,322000,322999.999,4097000,4097999.999
"7716",7964,322152.604,322160.381,4097171.555,4097178.057,"Silva","NEON_D17_TEAK_DP1_322000_4097000_classified_point_cloud_colorized.laz","2018_TEAK_3_322000_4097000_image.tif","Tree",1,322000,322999.999,4097000,4097999.999
"7717",7965,322193.06,322203.964,4097169.534,4097180.474,"Silva","NEON_D17_TEAK_DP1_322000_4097000_classified_point_cloud_colorized.laz","2018_TEAK_3_322000_4097000_image.tif","Tree",1,322000,322999.999,4097000,4097999.999
"7718",7966,322451.751,322452.192,4097177.624,4097178.421,"Silva","NEON_D17_TEAK_DP1_322000_4097000_classified_point_cloud_colorized.laz","2018_TEAK_3_322000_4097000_image.tif","Tree",1,322000,322999.999,4097000,4097999.999
"7719",7967,322245.011,322250.46,4097171.937,4097178.276,"Silva","NEON_D17_TEAK_DP1_322000_4097000_classified_point_cloud_colorized.laz","2018_TEAK_3_322000_4097000_image.tif","Tree",1,322000,322999.999,4097000,4097999.999
"7720",7968,322014.033,322019.433,4097175.793,4097181.483,"Silva","NEON_D17_TEAK_DP1_322000_4097000_classified_point_cloud_colorized.laz","2018_TEAK_3_322000_4097000_image.tif","Tree",1,322000,322999.999,4097000,4097999.999
"7721",7969,322234.413,322235.884,4097177.119,4097178.433,"Silva","NEON_D17_TEAK_DP1_322000_4097000_classified_point_cloud_colorized.laz","2018_TEAK_3_322000_4097000_image.tif","Tree",1,322000,322999.999,4097000,4097999.999
"7722",7970,322521.885,322526.873,4097175.524,4097180.992,"Silva","NEON_D17_TEAK_DP1_322000_4097000_classified_point_cloud_colorized.laz","2018_TEAK_3_322000_4097000_image.tif","Tree",1,322000,322999.999,4097000,4097999.999
"7723",7971,322344.547,322348.867,4097176.117,4097184.243,"Silva","NEON_D17_TEAK_DP1_322000_4097000_classified_point_cloud_colorized.laz","2018_TEAK_3_322000_4097000_image.tif","Tree",1,322000,322999.999,4097000,4097999.999
"7724",7972,322090.76,322096.426,4097176.059,4097181.899,"Silva","NEON_D17_TEAK_DP1_322000_4097000_classified_point_cloud_colorized.laz","2018_TEAK_3_322000_4097000_image.tif","Tree",1,322000,322999.999,4097000,4097999.999
"7725",7973,322034.503,322040.482,4097176.037,4097181.979,"Silva","NEON_D17_TEAK_DP1_322000_4097000_classified_point_cloud_colorized.laz","2018_TEAK_3_322000_4097000_image.tif","Tree",1,322000,322999.999,4097000,4097999.999
"7726",7974,322009.025,322015.038,4097175.079,4097182.449,"Silva","NEON_D17_TEAK_DP1_322000_4097000_classified_point_cloud_colorized.laz","2018_TEAK_3_322000_4097000_image.tif","Tree",1,322000,322999.999,4097000,4097999.999
"7727",7975,322049.686,322054.965,4097175.572,4097180.467,"Silva","NEON_D17_TEAK_DP1_322000_4097000_classified_point_cloud_colorized.laz","2018_TEAK_3_322000_4097000_image.tif","Tree",1,322000,322999.999,4097000,4097999.999
"7728",7976,322071.357,322076.268,4097176.099,4097181.448,"Silva","NEON_D17_TEAK_DP1_322000_4097000_classified_point_cloud_colorized.laz","2018_TEAK_3_322000_4097000_image.tif","Tree",1,322000,322999.999,4097000,4097999.999
"7729",7977,322442.164,322442.227,4097180.117,4097180.236,"Silva","NEON_D17_TEAK_DP1_322000_4097000_classified_point_cloud_colorized.laz","2018_TEAK_3_322000_4097000_image.tif","Tree",1,322000,322999.999,4097000,4097999.999
"7730",7978,322526.241,322531.099,4097176.116,4097182.488,"Silva","NEON_D17_TEAK_DP1_322000_4097000_classified_point_cloud_colorized.laz","2018_TEAK_3_322000_4097000_image.tif","Tree",1,322000,322999.999,4097000,4097999.999
"7731",7979,322557.095,322566.377,4097177.505,4097182.475,"Silva","NEON_D17_TEAK_DP1_322000_4097000_classified_point_cloud_colorized.laz","2018_TEAK_3_322000_4097000_image.tif","Tree",1,322000,322999.999,4097000,4097999.999
"7732",7980,322491.046,322500.929,4097174.657,4097183.092,"Silva","NEON_D17_TEAK_DP1_322000_4097000_classified_point_cloud_colorized.laz","2018_TEAK_3_322000_4097000_image.tif","Tree",1,322000,322999.999,4097000,4097999.999
"7733",7981,322474.805,322479.823,4097183.337,4097184.997,"Silva","NEON_D17_TEAK_DP1_322000_4097000_classified_point_cloud_colorized.laz","2018_TEAK_3_322000_4097000_image.tif","Tree",1,322000,322999.999,4097000,4097999.999
"7734",7982,322444.72,322445.942,4097180.027,4097180.479,"Silva","NEON_D17_TEAK_DP1_322000_4097000_classified_point_cloud_colorized.laz","2018_TEAK_3_322000_4097000_image.tif","Tree",1,322000,322999.999,4097000,4097999.999
"7735",7983,322000.502,322004.9,4097177.641,4097182.5,"Silva","NEON_D17_TEAK_DP1_322000_4097000_classified_point_cloud_colorized.laz","2018_TEAK_3_322000_4097000_image.tif","Tree",1,322000,322999.999,4097000,4097999.999
"7736",7984,322564.591,322571.482,4097177.007,4097185.202,"Silva","NEON_D17_TEAK_DP1_322000_4097000_classified_point_cloud_colorized.laz","2018_TEAK_3_322000_4097000_image.tif","Tree",1,322000,322999.999,4097000,4097999.999
"7737",7985,322138.3,322147.41,4097173.171,4097183.996,"Silva","NEON_D17_TEAK_DP1_322000_4097000_classified_point_cloud_colorized.laz","2018_TEAK_3_322000_4097000_image.tif","Tree",1,322000,322999.999,4097000,4097999.999
"7738",7986,322518.888,322520.658,4097179.814,4097182.368,"Silva","NEON_D17_TEAK_DP1_322000_4097000_classified_point_cloud_colorized.laz","2018_TEAK_3_322000_4097000_image.tif","Tree",1,322000,322999.999,4097000,4097999.999
"7739",7987,322501.515,322507.246,4097178.084,4097180.484,"Silva","NEON_D17_TEAK_DP1_322000_4097000_classified_point_cloud_colorized.laz","2018_TEAK_3_322000_4097000_image.tif","Tree",1,322000,322999.999,4097000,4097999.999
"7740",7988,322233.533,322235.356,4097180.588,4097181.951,"Silva","NEON_D17_TEAK_DP1_322000_4097000_classified_point_cloud_colorized.laz","2018_TEAK_3_322000_4097000_image.tif","Tree",1,322000,322999.999,4097000,4097999.999
"7741",7989,322026.185,322030.404,4097179.612,4097183.948,"Silva","NEON_D17_TEAK_DP1_322000_4097000_classified_point_cloud_colorized.laz","2018_TEAK_3_322000_4097000_image.tif","Tree",1,322000,322999.999,4097000,4097999.999
"7742",7990,322457.867,322460.795,4097184.321,4097187.168,"Silva","NEON_D17_TEAK_DP1_322000_4097000_classified_point_cloud_colorized.laz","2018_TEAK_3_322000_4097000_image.tif","Tree",1,322000,322999.999,4097000,4097999.999
"7743",7991,322580.047,322580.925,4097183.654,4097184.967,"Silva","NEON_D17_TEAK_DP1_322000_4097000_classified_point_cloud_colorized.laz","2018_TEAK_3_322000_4097000_image.tif","Tree",1,322000,322999.999,4097000,4097999.999
"7744",7992,322040.288,322045.455,4097180.656,4097185.333,"Silva","NEON_D17_TEAK_DP1_322000_4097000_classified_point_cloud_colorized.laz","2018_TEAK_3_322000_4097000_image.tif","Tree",1,322000,322999.999,4097000,4097999.999
"7745",7993,322276.506,322278.413,4097180.066,4097182.473,"Silva","NEON_D17_TEAK_DP1_322000_4097000_classified_point_cloud_colorized.laz","2018_TEAK_3_322000_4097000_image.tif","Tree",1,322000,322999.999,4097000,4097999.999
"7746",7994,322482.523,322491.481,4097177.198,4097187.46,"Silva","NEON_D17_TEAK_DP1_322000_4097000_classified_point_cloud_colorized.laz","2018_TEAK_3_322000_4097000_image.tif","Tree",1,322000,322999.999,4097000,4097999.999
"7747",7995,322527.448,322530.995,4097182.009,4097186.274,"Silva","NEON_D17_TEAK_DP1_322000_4097000_classified_point_cloud_colorized.laz","2018_TEAK_3_322000_4097000_image.tif","Tree",1,322000,322999.999,4097000,4097999.999
"7748",7996,322538.273,322542.791,4097182.096,4097187.499,"Silva","NEON_D17_TEAK_DP1_322000_4097000_classified_point_cloud_colorized.laz","2018_TEAK_3_322000_4097000_image.tif","Tree",1,322000,322999.999,4097000,4097999.999
"7749",7997,322555.008,322565.976,4097180.038,4097188.425,"Silva","NEON_D17_TEAK_DP1_322000_4097000_classified_point_cloud_colorized.laz","2018_TEAK_3_322000_4097000_image.tif","Tree",1,322000,322999.999,4097000,4097999.999
"7750",7999,322029.596,322033.986,4097181.031,4097186.332,"Silva","NEON_D17_TEAK_DP1_322000_4097000_classified_point_cloud_colorized.laz","2018_TEAK_3_322000_4097000_image.tif","Tree",1,322000,322999.999,4097000,4097999.999
"7751",8000,322061.585,322065.638,4097182.113,4097186.427,"Silva","NEON_D17_TEAK_DP1_322000_4097000_classified_point_cloud_colorized.laz","2018_TEAK_3_322000_4097000_image.tif","Tree",1,322000,322999.999,4097000,4097999.999
"7752",8001,322495.707,322501.315,4097182.328,4097187.978,"Silva","NEON_D17_TEAK_DP1_322000_4097000_classified_point_cloud_colorized.laz","2018_TEAK_3_322000_4097000_image.tif","Tree",1,322000,322999.999,4097000,4097999.999
"7753",8002,322419.099,322424.796,4097183.223,4097187.625,"Silva","NEON_D17_TEAK_DP1_322000_4097000_classified_point_cloud_colorized.laz","2018_TEAK_3_322000_4097000_image.tif","Tree",1,322000,322999.999,4097000,4097999.999
"7754",8003,322046.551,322050.946,4097182.122,4097186.913,"Silva","NEON_D17_TEAK_DP1_322000_4097000_classified_point_cloud_colorized.laz","2018_TEAK_3_322000_4097000_image.tif","Tree",1,322000,322999.999,4097000,4097999.999
"7755",8004,322037.014,322041.928,4097182.211,4097187.368,"Silva","NEON_D17_TEAK_DP1_322000_4097000_classified_point_cloud_colorized.laz","2018_TEAK_3_322000_4097000_image.tif","Tree",1,322000,322999.999,4097000,4097999.999
"7756",8005,322027.112,322031.446,4097183.505,4097188.881,"Silva","NEON_D17_TEAK_DP1_322000_4097000_classified_point_cloud_colorized.laz","2018_TEAK_3_322000_4097000_image.tif","Tree",1,322000,322999.999,4097000,4097999.999
"7757",8006,322500.567,322505.787,4097185.011,4097191.99,"Silva","NEON_D17_TEAK_DP1_322000_4097000_classified_point_cloud_colorized.laz","2018_TEAK_3_322000_4097000_image.tif","Tree",1,322000,322999.999,4097000,4097999.999
"7758",8007,322057.519,322064.985,4097185.021,4097191.306,"Silva","NEON_D17_TEAK_DP1_322000_4097000_classified_point_cloud_colorized.laz","2018_TEAK_3_322000_4097000_image.tif","Tree",1,322000,322999.999,4097000,4097999.999
"7759",8008,322135.508,322140.854,4097184.504,4097187.411,"Silva","NEON_D17_TEAK_DP1_322000_4097000_classified_point_cloud_colorized.laz","2018_TEAK_3_322000_4097000_image.tif","Tree",1,322000,322999.999,4097000,4097999.999
"7760",8009,322409.075,322411.425,4097185.081,4097187.93,"Silva","NEON_D17_TEAK_DP1_322000_4097000_classified_point_cloud_colorized.laz","2018_TEAK_3_322000_4097000_image.tif","Tree",1,322000,322999.999,4097000,4097999.999
"7761",8010,322431.694,322433.364,4097188.886,4097190.376,"Silva","NEON_D17_TEAK_DP1_322000_4097000_classified_point_cloud_colorized.laz","2018_TEAK_3_322000_4097000_image.tif","Tree",1,322000,322999.999,4097000,4097999.999
"7762",8011,322471.516,322481.686,4097184.51,4097193.898,"Silva","NEON_D17_TEAK_DP1_322000_4097000_classified_point_cloud_colorized.laz","2018_TEAK_3_322000_4097000_image.tif","Tree",1,322000,322999.999,4097000,4097999.999
"7763",8012,322259.521,322260.457,4097187.182,4097188.766,"Silva","NEON_D17_TEAK_DP1_322000_4097000_classified_point_cloud_colorized.laz","2018_TEAK_3_322000_4097000_image.tif","Tree",1,322000,322999.999,4097000,4097999.999
"7764",8013,322046.046,322050.431,4097186.52,4097191.357,"Silva","NEON_D17_TEAK_DP1_322000_4097000_classified_point_cloud_colorized.laz","2018_TEAK_3_322000_4097000_image.tif","Tree",1,322000,322999.999,4097000,4097999.999
"7765",8014,322183.546,322189.896,4097185.146,4097192.375,"Silva","NEON_D17_TEAK_DP1_322000_4097000_classified_point_cloud_colorized.laz","2018_TEAK_3_322000_4097000_image.tif","Tree",1,322000,322999.999,4097000,4097999.999
"7766",8015,322602.071,322602.967,4097190.156,4097191.411,"Silva","NEON_D17_TEAK_DP1_322000_4097000_classified_point_cloud_colorized.laz","2018_TEAK_3_322000_4097000_image.tif","Tree",1,322000,322999.999,4097000,4097999.999
"7767",8016,322320.567,322321.167,4097190.2,4097190.465,"Silva","NEON_D17_TEAK_DP1_322000_4097000_classified_point_cloud_colorized.laz","2018_TEAK_3_322000_4097000_image.tif","Tree",1,322000,322999.999,4097000,4097999.999
"7768",8017,322009.029,322017.492,4097184.513,4097193.947,"Silva","NEON_D17_TEAK_DP1_322000_4097000_classified_point_cloud_colorized.laz","2018_TEAK_3_322000_4097000_image.tif","Tree",1,322000,322999.999,4097000,4097999.999
"7769",8018,322038.012,322041.958,4097188.06,4097192.733,"Silva","NEON_D17_TEAK_DP1_322000_4097000_classified_point_cloud_colorized.laz","2018_TEAK_3_322000_4097000_image.tif","Tree",1,322000,322999.999,4097000,4097999.999
"7770",8019,322580.049,322586.741,4097190.018,4097197.448,"Silva","NEON_D17_TEAK_DP1_322000_4097000_classified_point_cloud_colorized.laz","2018_TEAK_3_322000_4097000_image.tif","Tree",1,322000,322999.999,4097000,4097999.999
"7771",8020,322338.447,322345.588,4097187.582,4097190.613,"Silva","NEON_D17_TEAK_DP1_322000_4097000_classified_point_cloud_colorized.laz","2018_TEAK_3_322000_4097000_image.tif","Tree",1,322000,322999.999,4097000,4097999.999
"7772",8021,322397.135,322403.454,4097188.413,4097194.964,"Silva","NEON_D17_TEAK_DP1_322000_4097000_classified_point_cloud_colorized.laz","2018_TEAK_3_322000_4097000_image.tif","Tree",1,322000,322999.999,4097000,4097999.999
"7773",8022,322584.531,322589.521,4097192.136,4097199.224,"Silva","NEON_D17_TEAK_DP1_322000_4097000_classified_point_cloud_colorized.laz","2018_TEAK_3_322000_4097000_image.tif","Tree",1,322000,322999.999,4097000,4097999.999
"7774",8023,322113.854,322118.789,4097189.453,4097194.928,"Silva","NEON_D17_TEAK_DP1_322000_4097000_classified_point_cloud_colorized.laz","2018_TEAK_3_322000_4097000_image.tif","Tree",1,322000,322999.999,4097000,4097999.999
"7775",8024,322567.517,322574.461,4097191.639,4097199.966,"Silva","NEON_D17_TEAK_DP1_322000_4097000_classified_point_cloud_colorized.laz","2018_TEAK_3_322000_4097000_image.tif","Tree",1,322000,322999.999,4097000,4097999.999
"7776",8025,322432.343,322432.876,4097195.288,4097195.627,"Silva","NEON_D17_TEAK_DP1_322000_4097000_classified_point_cloud_colorized.laz","2018_TEAK_3_322000_4097000_image.tif","Tree",1,322000,322999.999,4097000,4097999.999
"7777",8026,322174.496,322181.953,4097190.536,4097194.745,"Silva","NEON_D17_TEAK_DP1_322000_4097000_classified_point_cloud_colorized.laz","2018_TEAK_3_322000_4097000_image.tif","Tree",1,322000,322999.999,4097000,4097999.999
"7778",8027,322458.036,322462.925,4097193.017,4097200,"Silva","NEON_D17_TEAK_DP1_322000_4097000_classified_point_cloud_colorized.laz","2018_TEAK_3_322000_4097000_image.tif","Tree",1,322000,322999.999,4097000,4097999.999
"7779",8028,322532.577,322535.738,4097193.768,4097197.45,"Silva","NEON_D17_TEAK_DP1_322000_4097000_classified_point_cloud_colorized.laz","2018_TEAK_3_322000_4097000_image.tif","Tree",1,322000,322999.999,4097000,4097999.999
"7780",8029,322096.103,322102.422,4097191.226,4097196.826,"Silva","NEON_D17_TEAK_DP1_322000_4097000_classified_point_cloud_colorized.laz","2018_TEAK_3_322000_4097000_image.tif","Tree",1,322000,322999.999,4097000,4097999.999
"7781",8030,322020.609,322027.451,4097189.508,4097200.925,"Silva","NEON_D17_TEAK_DP1_322000_4097000_classified_point_cloud_colorized.laz","2018_TEAK_3_322000_4097000_image.tif","Tree",1,322000,322999.999,4097000,4097999.999
"7782",8031,322031.171,322035.895,4097192.78,4097196.834,"Silva","NEON_D17_TEAK_DP1_322000_4097000_classified_point_cloud_colorized.laz","2018_TEAK_3_322000_4097000_image.tif","Tree",1,322000,322999.999,4097000,4097999.999
"7783",8032,322594.015,322599.909,4097196.706,4097201.492,"Silva","NEON_D17_TEAK_DP1_322000_4097000_classified_point_cloud_colorized.laz","2018_TEAK_3_322000_4097000_image.tif","Tree",1,322000,322999.999,4097000,4097999.999
"7784",8033,322507,322512.478,4097194.591,4097200.974,"Silva","NEON_D17_TEAK_DP1_322000_4097000_classified_point_cloud_colorized.laz","2018_TEAK_3_322000_4097000_image.tif","Tree",1,322000,322999.999,4097000,4097999.999
"7785",8034,322341.092,322343.429,4097196.255,4097198.98,"Silva","NEON_D17_TEAK_DP1_322000_4097000_classified_point_cloud_colorized.laz","2018_TEAK_3_322000_4097000_image.tif","Tree",1,322000,322999.999,4097000,4097999.999
"7786",8035,322448,322453.924,4097195.571,4097200.933,"Silva","NEON_D17_TEAK_DP1_322000_4097000_classified_point_cloud_colorized.laz","2018_TEAK_3_322000_4097000_image.tif","Tree",1,322000,322999.999,4097000,4097999.999
"7787",8036,322026.078,322028.409,4097194.156,4097200.868,"Silva","NEON_D17_TEAK_DP1_322000_4097000_classified_point_cloud_colorized.laz","2018_TEAK_3_322000_4097000_image.tif","Tree",1,322000,322999.999,4097000,4097999.999
"7788",8037,322057.074,322065.488,4097192.502,4097201.937,"Silva","NEON_D17_TEAK_DP1_322000_4097000_classified_point_cloud_colorized.laz","2018_TEAK_3_322000_4097000_image.tif","Tree",1,322000,322999.999,4097000,4097999.999
"7789",8038,322264.182,322269.972,4097193.147,4097200.919,"Silva","NEON_D17_TEAK_DP1_322000_4097000_classified_point_cloud_colorized.laz","2018_TEAK_3_322000_4097000_image.tif","Tree",1,322000,322999.999,4097000,4097999.999
"7790",8039,322141.111,322143.299,4097196.179,4097197.947,"Silva","NEON_D17_TEAK_DP1_322000_4097000_classified_point_cloud_colorized.laz","2018_TEAK_3_322000_4097000_image.tif","Tree",1,322000,322999.999,4097000,4097999.999
"7791",8040,322035.706,322039.499,4097195.554,4097199.476,"Silva","NEON_D17_TEAK_DP1_322000_4097000_classified_point_cloud_colorized.laz","2018_TEAK_3_322000_4097000_image.tif","Tree",1,322000,322999.999,4097000,4097999.999
"7792",8041,322496.009,322499.94,4097198.032,4097203.346,"Silva","NEON_D17_TEAK_DP1_322000_4097000_classified_point_cloud_colorized.laz","2018_TEAK_3_322000_4097000_image.tif","Tree",1,322000,322999.999,4097000,4097999.999
"7793",8042,322541.667,322547.413,4097198.109,4097205.592,"Silva","NEON_D17_TEAK_DP1_322000_4097000_classified_point_cloud_colorized.laz","2018_TEAK_3_322000_4097000_image.tif","Tree",1,322000,322999.999,4097000,4097999.999
"7794",8043,322388.58,322395.432,4097196.61,4097202.996,"Silva","NEON_D17_TEAK_DP1_322000_4097000_classified_point_cloud_colorized.laz","2018_TEAK_3_322000_4097000_image.tif","Tree",1,322000,322999.999,4097000,4097999.999
"7795",8044,322093.056,322097.395,4097195.09,4097202.391,"Silva","NEON_D17_TEAK_DP1_322000_4097000_classified_point_cloud_colorized.laz","2018_TEAK_3_322000_4097000_image.tif","Tree",1,322000,322999.999,4097000,4097999.999
"7796",8045,322039.563,322043.996,4097198.067,4097202.924,"Silva","NEON_D17_TEAK_DP1_322000_4097000_classified_point_cloud_colorized.laz","2018_TEAK_3_322000_4097000_image.tif","Tree",1,322000,322999.999,4097000,4097999.999
"7797",8046,322490.782,322492.485,4097201.448,4097203.85,"Silva","NEON_D17_TEAK_DP1_322000_4097000_classified_point_cloud_colorized.laz","2018_TEAK_3_322000_4097000_image.tif","Tree",1,322000,322999.999,4097000,4097999.999
"7798",8047,322531.075,322535.309,4097199.596,4097205.209,"Silva","NEON_D17_TEAK_DP1_322000_4097000_classified_point_cloud_colorized.laz","2018_TEAK_3_322000_4097000_image.tif","Tree",1,322000,322999.999,4097000,4097999.999
"7799",8048,322112.545,322114.871,4097198.042,4097200.35,"Silva","NEON_D17_TEAK_DP1_322000_4097000_classified_point_cloud_colorized.laz","2018_TEAK_3_322000_4097000_image.tif","Tree",1,322000,322999.999,4097000,4097999.999
"7800",8049,322394.53,322400.368,4097198.135,4097204.646,"Silva","NEON_D17_TEAK_DP1_322000_4097000_classified_point_cloud_colorized.laz","2018_TEAK_3_322000_4097000_image.tif","Tree",1,322000,322999.999,4097000,4097999.999
"7801",8050,322591.031,322597.836,4097202.005,4097208.261,"Silva","NEON_D17_TEAK_DP1_322000_4097000_classified_point_cloud_colorized.laz","2018_TEAK_3_322000_4097000_image.tif","Tree",1,322000,322999.999,4097000,4097999.999
"7802",8051,322033.071,322037.679,4097199.573,4097203.236,"Silva","NEON_D17_TEAK_DP1_322000_4097000_classified_point_cloud_colorized.laz","2018_TEAK_3_322000_4097000_image.tif","Tree",1,322000,322999.999,4097000,4097999.999
"7803",8052,322458.09,322464.416,4097199.601,4097207.991,"Silva","NEON_D17_TEAK_DP1_322000_4097000_classified_point_cloud_colorized.laz","2018_TEAK_3_322000_4097000_image.tif","Tree",1,322000,322999.999,4097000,4097999.999
"7804",8053,322473.692,322482.46,4097200.65,4097206.396,"Silva","NEON_D17_TEAK_DP1_322000_4097000_classified_point_cloud_colorized.laz","2018_TEAK_3_322000_4097000_image.tif","Tree",1,322000,322999.999,4097000,4097999.999
"7805",8054,322514.02,322516.998,4097203.034,4097206.489,"Silva","NEON_D17_TEAK_DP1_322000_4097000_classified_point_cloud_colorized.laz","2018_TEAK_3_322000_4097000_image.tif","Tree",1,322000,322999.999,4097000,4097999.999
"7806",8055,322070.543,322075.648,4097199.646,4097204.899,"Silva","NEON_D17_TEAK_DP1_322000_4097000_classified_point_cloud_colorized.laz","2018_TEAK_3_322000_4097000_image.tif","Tree",1,322000,322999.999,4097000,4097999.999
"7807",8056,322002.023,322012.481,4097197.076,4097205.314,"Silva","NEON_D17_TEAK_DP1_322000_4097000_classified_point_cloud_colorized.laz","2018_TEAK_3_322000_4097000_image.tif","Tree",1,322000,322999.999,4097000,4097999.999
"7808",8057,322207.667,322215.952,4097198.757,4097206.435,"Silva","NEON_D17_TEAK_DP1_322000_4097000_classified_point_cloud_colorized.laz","2018_TEAK_3_322000_4097000_image.tif","Tree",1,322000,322999.999,4097000,4097999.999
"7809",8059,322603.578,322609.947,4097204.004,4097209.828,"Silva","NEON_D17_TEAK_DP1_322000_4097000_classified_point_cloud_colorized.laz","2018_TEAK_3_322000_4097000_image.tif","Tree",1,322000,322999.999,4097000,4097999.999
"7810",8060,322128.042,322131.915,4097201.817,4097205.81,"Silva","NEON_D17_TEAK_DP1_322000_4097000_classified_point_cloud_colorized.laz","2018_TEAK_3_322000_4097000_image.tif","Tree",1,322000,322999.999,4097000,4097999.999
"7811",8061,322051.037,322059.934,4097198.532,4097207.992,"Silva","NEON_D17_TEAK_DP1_322000_4097000_classified_point_cloud_colorized.laz","2018_TEAK_3_322000_4097000_image.tif","Tree",1,322000,322999.999,4097000,4097999.999
"7812",8062,322325.022,322329.924,4097203.038,4097208.967,"Silva","NEON_D17_TEAK_DP1_322000_4097000_classified_point_cloud_colorized.laz","2018_TEAK_3_322000_4097000_image.tif","Tree",1,322000,322999.999,4097000,4097999.999
"7813",8063,322087.146,322092.98,4097201.338,4097208.954,"Silva","NEON_D17_TEAK_DP1_322000_4097000_classified_point_cloud_colorized.laz","2018_TEAK_3_322000_4097000_image.tif","Tree",1,322000,322999.999,4097000,4097999.999
"7814",8064,322476.067,322480.484,4097205.583,4097210.416,"Silva","NEON_D17_TEAK_DP1_322000_4097000_classified_point_cloud_colorized.laz","2018_TEAK_3_322000_4097000_image.tif","Tree",1,322000,322999.999,4097000,4097999.999
"7815",8065,322419.109,322428.887,4097202.268,4097210.741,"Silva","NEON_D17_TEAK_DP1_322000_4097000_classified_point_cloud_colorized.laz","2018_TEAK_3_322000_4097000_image.tif","Tree",1,322000,322999.999,4097000,4097999.999
"7816",8066,322268.529,322273.725,4097203.651,4097208.953,"Silva","NEON_D17_TEAK_DP1_322000_4097000_classified_point_cloud_colorized.laz","2018_TEAK_3_322000_4097000_image.tif","Tree",1,322000,322999.999,4097000,4097999.999
"7817",8067,322047.057,322053.476,4097202.045,4097209.431,"Silva","NEON_D17_TEAK_DP1_322000_4097000_classified_point_cloud_colorized.laz","2018_TEAK_3_322000_4097000_image.tif","Tree",1,322000,322999.999,4097000,4097999.999
"7818",8068,322405.857,322406.139,4097209.225,4097209.368,"Silva","NEON_D17_TEAK_DP1_322000_4097000_classified_point_cloud_colorized.laz","2018_TEAK_3_322000_4097000_image.tif","Tree",1,322000,322999.999,4097000,4097999.999
"7819",8069,322550.796,322555.912,4097207.279,4097212.761,"Silva","NEON_D17_TEAK_DP1_322000_4097000_classified_point_cloud_colorized.laz","2018_TEAK_3_322000_4097000_image.tif","Tree",1,322000,322999.999,4097000,4097999.999
"7820",8070,322505.116,322510.454,4097206.504,4097212.944,"Silva","NEON_D17_TEAK_DP1_322000_4097000_classified_point_cloud_colorized.laz","2018_TEAK_3_322000_4097000_image.tif","Tree",1,322000,322999.999,4097000,4097999.999
"7821",8071,322036.783,322039.794,4097206.042,4097208.94,"Silva","NEON_D17_TEAK_DP1_322000_4097000_classified_point_cloud_colorized.laz","2018_TEAK_3_322000_4097000_image.tif","Tree",1,322000,322999.999,4097000,4097999.999
"7822",8072,322523.537,322529.884,4097207.6,4097214.962,"Silva","NEON_D17_TEAK_DP1_322000_4097000_classified_point_cloud_colorized.laz","2018_TEAK_3_322000_4097000_image.tif","Tree",1,322000,322999.999,4097000,4097999.999
"7823",8073,322160.009,322172.269,4097203.072,4097211.332,"Silva","NEON_D17_TEAK_DP1_322000_4097000_classified_point_cloud_colorized.laz","2018_TEAK_3_322000_4097000_image.tif","Tree",1,322000,322999.999,4097000,4097999.999
"7824",8074,322259.588,322265.92,4097204.631,4097212.994,"Silva","NEON_D17_TEAK_DP1_322000_4097000_classified_point_cloud_colorized.laz","2018_TEAK_3_322000_4097000_image.tif","Tree",1,322000,322999.999,4097000,4097999.999
"7825",8075,322447.671,322448.996,4097210.007,4097211.925,"Silva","NEON_D17_TEAK_DP1_322000_4097000_classified_point_cloud_colorized.laz","2018_TEAK_3_322000_4097000_image.tif","Tree",1,322000,322999.999,4097000,4097999.999
"7826",8076,322559.51,322563.425,4097210.745,4097214.715,"Silva","NEON_D17_TEAK_DP1_322000_4097000_classified_point_cloud_colorized.laz","2018_TEAK_3_322000_4097000_image.tif","Tree",1,322000,322999.999,4097000,4097999.999
"7827",8077,322477,322482.427,4097209.508,4097214.486,"Silva","NEON_D17_TEAK_DP1_322000_4097000_classified_point_cloud_colorized.laz","2018_TEAK_3_322000_4097000_image.tif","Tree",1,322000,322999.999,4097000,4097999.999
"7828",8078,322575.123,322581.741,4097210.737,4097215.976,"Silva","NEON_D17_TEAK_DP1_322000_4097000_classified_point_cloud_colorized.laz","2018_TEAK_3_322000_4097000_image.tif","Tree",1,322000,322999.999,4097000,4097999.999
"7829",8079,322458.712,322462.969,4097209.064,4097214.957,"Silva","NEON_D17_TEAK_DP1_322000_4097000_classified_point_cloud_colorized.laz","2018_TEAK_3_322000_4097000_image.tif","Tree",1,322000,322999.999,4097000,4097999.999
"7830",8080,322116.834,322118.499,4097210.905,4097211.63,"Silva","NEON_D17_TEAK_DP1_322000_4097000_classified_point_cloud_colorized.laz","2018_TEAK_3_322000_4097000_image.tif","Tree",1,322000,322999.999,4097000,4097999.999
"7831",8081,322128.005,322132.453,4097209.722,4097212.887,"Silva","NEON_D17_TEAK_DP1_322000_4097000_classified_point_cloud_colorized.laz","2018_TEAK_3_322000_4097000_image.tif","Tree",1,322000,322999.999,4097000,4097999.999
"7832",8082,322609.049,322610.49,4097214.673,4097215.98,"Silva","NEON_D17_TEAK_DP1_322000_4097000_classified_point_cloud_colorized.laz","2018_TEAK_3_322000_4097000_image.tif","Tree",1,322000,322999.999,4097000,4097999.999
"7833",8083,322598.011,322602.396,4097213.109,4097217.981,"Silva","NEON_D17_TEAK_DP1_322000_4097000_classified_point_cloud_colorized.laz","2018_TEAK_3_322000_4097000_image.tif","Tree",1,322000,322999.999,4097000,4097999.999
"7834",8084,322079.518,322085.193,4097208.039,4097213.957,"Silva","NEON_D17_TEAK_DP1_322000_4097000_classified_point_cloud_colorized.laz","2018_TEAK_3_322000_4097000_image.tif","Tree",1,322000,322999.999,4097000,4097999.999
"7835",8085,322060.661,322068.949,4097209.015,4097216.309,"Silva","NEON_D17_TEAK_DP1_322000_4097000_classified_point_cloud_colorized.laz","2018_TEAK_3_322000_4097000_image.tif","Tree",1,322000,322999.999,4097000,4097999.999
"7836",8086,322327.002,322333.118,4097210.553,4097216.497,"Silva","NEON_D17_TEAK_DP1_322000_4097000_classified_point_cloud_colorized.laz","2018_TEAK_3_322000_4097000_image.tif","Tree",1,322000,322999.999,4097000,4097999.999
"7837",8087,322070.078,322075.974,4097210.054,4097217.625,"Silva","NEON_D17_TEAK_DP1_322000_4097000_classified_point_cloud_colorized.laz","2018_TEAK_3_322000_4097000_image.tif","Tree",1,322000,322999.999,4097000,4097999.999
"7838",8088,322254.942,322261.902,4097210.55,4097217.785,"Silva","NEON_D17_TEAK_DP1_322000_4097000_classified_point_cloud_colorized.laz","2018_TEAK_3_322000_4097000_image.tif","Tree",1,322000,322999.999,4097000,4097999.999
"7839",8089,322544.138,322549.869,4097211.638,4097218.957,"Silva","NEON_D17_TEAK_DP1_322000_4097000_classified_point_cloud_colorized.laz","2018_TEAK_3_322000_4097000_image.tif","Tree",1,322000,322999.999,4097000,4097999.999
"7840",8090,322519.139,322521.213,4097218.103,4097220.457,"Silva","NEON_D17_TEAK_DP1_322000_4097000_classified_point_cloud_colorized.laz","2018_TEAK_3_322000_4097000_image.tif","Tree",1,322000,322999.999,4097000,4097999.999
"7841",8091,322538.761,322539.078,4097218.919,4097219.458,"Silva","NEON_D17_TEAK_DP1_322000_4097000_classified_point_cloud_colorized.laz","2018_TEAK_3_322000_4097000_image.tif","Tree",1,322000,322999.999,4097000,4097999.999
"7842",8092,322569.439,322571.867,4097217.224,4097220.925,"Silva","NEON_D17_TEAK_DP1_322000_4097000_classified_point_cloud_colorized.laz","2018_TEAK_3_322000_4097000_image.tif","Tree",1,322000,322999.999,4097000,4097999.999
"7843",8093,322529.094,322530.999,4097218.056,4097220.497,"Silva","NEON_D17_TEAK_DP1_322000_4097000_classified_point_cloud_colorized.laz","2018_TEAK_3_322000_4097000_image.tif","Tree",1,322000,322999.999,4097000,4097999.999
"7844",8094,322172.591,322179.941,4097214.008,4097220.012,"Silva","NEON_D17_TEAK_DP1_322000_4097000_classified_point_cloud_colorized.laz","2018_TEAK_3_322000_4097000_image.tif","Tree",1,322000,322999.999,4097000,4097999.999
"7845",8095,322201.587,322203.891,4097216.545,4097218.418,"Silva","NEON_D17_TEAK_DP1_322000_4097000_classified_point_cloud_colorized.laz","2018_TEAK_3_322000_4097000_image.tif","Tree",1,322000,322999.999,4097000,4097999.999
"7846",8096,322490.305,322494.377,4097217.083,4097221.652,"Silva","NEON_D17_TEAK_DP1_322000_4097000_classified_point_cloud_colorized.laz","2018_TEAK_3_322000_4097000_image.tif","Tree",1,322000,322999.999,4097000,4097999.999
"7847",8097,322190.444,322190.524,4097216.851,4097217.069,"Silva","NEON_D17_TEAK_DP1_322000_4097000_classified_point_cloud_colorized.laz","2018_TEAK_3_322000_4097000_image.tif","Tree",1,322000,322999.999,4097000,4097999.999
"7848",8098,322065.113,322072.557,4097215.56,4097218,"Silva","NEON_D17_TEAK_DP1_322000_4097000_classified_point_cloud_colorized.laz","2018_TEAK_3_322000_4097000_image.tif","Tree",1,322000,322999.999,4097000,4097999.999
"7849",8099,322598.533,322604.443,4097217.565,4097223.492,"Silva","NEON_D17_TEAK_DP1_322000_4097000_classified_point_cloud_colorized.laz","2018_TEAK_3_322000_4097000_image.tif","Tree",1,322000,322999.999,4097000,4097999.999
"7850",8100,322608.156,322610.961,4097220.042,4097222.948,"Silva","NEON_D17_TEAK_DP1_322000_4097000_classified_point_cloud_colorized.laz","2018_TEAK_3_322000_4097000_image.tif","Tree",1,322000,322999.999,4097000,4097999.999
"7851",8101,322000.244,322000.967,4097219.541,4097219.957,"Silva","NEON_D17_TEAK_DP1_322000_4097000_classified_point_cloud_colorized.laz","2018_TEAK_3_322000_4097000_image.tif","Tree",1,322000,322999.999,4097000,4097999.999
"7852",8102,322621.521,322622.272,4097222.082,4097223.789,"Silva","NEON_D17_TEAK_DP1_322000_4097000_classified_point_cloud_colorized.laz","2018_TEAK_3_322000_4097000_image.tif","Tree",1,322000,322999.999,4097000,4097999.999
"7853",8103,322510.034,322510.976,4097223.003,4097223.983,"Silva","NEON_D17_TEAK_DP1_322000_4097000_classified_point_cloud_colorized.laz","2018_TEAK_3_322000_4097000_image.tif","Tree",1,322000,322999.999,4097000,4097999.999
"7854",8104,322073.794,322080.391,4097216.822,4097223.5,"Silva","NEON_D17_TEAK_DP1_322000_4097000_classified_point_cloud_colorized.laz","2018_TEAK_3_322000_4097000_image.tif","Tree",1,322000,322999.999,4097000,4097999.999
"7855",8105,322040.673,322040.901,4097222.191,4097222.484,"Silva","NEON_D17_TEAK_DP1_322000_4097000_classified_point_cloud_colorized.laz","2018_TEAK_3_322000_4097000_image.tif","Tree",1,322000,322999.999,4097000,4097999.999
"7856",8106,322058.55,322062.802,4097219.558,4097221.885,"Silva","NEON_D17_TEAK_DP1_322000_4097000_classified_point_cloud_colorized.laz","2018_TEAK_3_322000_4097000_image.tif","Tree",1,322000,322999.999,4097000,4097999.999
"7857",8108,322543.592,322544.421,4097224.173,4097224.783,"Silva","NEON_D17_TEAK_DP1_322000_4097000_classified_point_cloud_colorized.laz","2018_TEAK_3_322000_4097000_image.tif","Tree",1,322000,322999.999,4097000,4097999.999
"7858",8109,322087.029,322095.475,4097218.526,4097225.437,"Silva","NEON_D17_TEAK_DP1_322000_4097000_classified_point_cloud_colorized.laz","2018_TEAK_3_322000_4097000_image.tif","Tree",1,322000,322999.999,4097000,4097999.999
"7859",8110,322025.196,322031.86,4097216.569,4097224.487,"Silva","NEON_D17_TEAK_DP1_322000_4097000_classified_point_cloud_colorized.laz","2018_TEAK_3_322000_4097000_image.tif","Tree",1,322000,322999.999,4097000,4097999.999
"7860",8111,322560.63,322563.413,4097224.053,4097226.97,"Silva","NEON_D17_TEAK_DP1_322000_4097000_classified_point_cloud_colorized.laz","2018_TEAK_3_322000_4097000_image.tif","Tree",1,322000,322999.999,4097000,4097999.999
"7861",8112,322617.787,322618.306,4097226.151,4097226.374,"Silva","NEON_D17_TEAK_DP1_322000_4097000_classified_point_cloud_colorized.laz","2018_TEAK_3_322000_4097000_image.tif","Tree",1,322000,322999.999,4097000,4097999.999
"7862",8113,322598.544,322604.791,4097223.501,4097228.983,"Silva","NEON_D17_TEAK_DP1_322000_4097000_classified_point_cloud_colorized.laz","2018_TEAK_3_322000_4097000_image.tif","Tree",1,322000,322999.999,4097000,4097999.999
"7863",8114,322541.044,322541.113,4097225.584,4097225.926,"Silva","NEON_D17_TEAK_DP1_322000_4097000_classified_point_cloud_colorized.laz","2018_TEAK_3_322000_4097000_image.tif","Tree",1,322000,322999.999,4097000,4097999.999
"7864",8115,322101.005,322105.722,4097221.004,4097225.431,"Silva","NEON_D17_TEAK_DP1_322000_4097000_classified_point_cloud_colorized.laz","2018_TEAK_3_322000_4097000_image.tif","Tree",1,322000,322999.999,4097000,4097999.999
"7865",8116,322023.136,322024.972,4097223.643,4097225.934,"Silva","NEON_D17_TEAK_DP1_322000_4097000_classified_point_cloud_colorized.laz","2018_TEAK_3_322000_4097000_image.tif","Tree",1,322000,322999.999,4097000,4097999.999
"7866",8117,322589.033,322593.315,4097224.165,4097229.787,"Silva","NEON_D17_TEAK_DP1_322000_4097000_classified_point_cloud_colorized.laz","2018_TEAK_3_322000_4097000_image.tif","Tree",1,322000,322999.999,4097000,4097999.999
"7867",8118,322304.127,322313.973,4097218.002,4097230.893,"Silva","NEON_D17_TEAK_DP1_322000_4097000_classified_point_cloud_colorized.laz","2018_TEAK_3_322000_4097000_image.tif","Tree",1,322000,322999.999,4097000,4097999.999
"7868",8119,322033.576,322037.923,4097222.54,4097228.349,"Silva","NEON_D17_TEAK_DP1_322000_4097000_classified_point_cloud_colorized.laz","2018_TEAK_3_322000_4097000_image.tif","Tree",1,322000,322999.999,4097000,4097999.999
"7869",8120,322121.567,322124.863,4097223.153,4097226.996,"Silva","NEON_D17_TEAK_DP1_322000_4097000_classified_point_cloud_colorized.laz","2018_TEAK_3_322000_4097000_image.tif","Tree",1,322000,322999.999,4097000,4097999.999
"7870",8121,322571.009,322571.995,4097228.106,4097228.532,"Silva","NEON_D17_TEAK_DP1_322000_4097000_classified_point_cloud_colorized.laz","2018_TEAK_3_322000_4097000_image.tif","Tree",1,322000,322999.999,4097000,4097999.999
"7871",8122,322401.031,322406.62,4097223.601,4097229.467,"Silva","NEON_D17_TEAK_DP1_322000_4097000_classified_point_cloud_colorized.laz","2018_TEAK_3_322000_4097000_image.tif","Tree",1,322000,322999.999,4097000,4097999.999
"7872",8123,322479.046,322484.428,4097224.002,4097229.491,"Silva","NEON_D17_TEAK_DP1_322000_4097000_classified_point_cloud_colorized.laz","2018_TEAK_3_322000_4097000_image.tif","Tree",1,322000,322999.999,4097000,4097999.999
"7873",8124,322485.298,322489.86,4097223.714,4097228.996,"Silva","NEON_D17_TEAK_DP1_322000_4097000_classified_point_cloud_colorized.laz","2018_TEAK_3_322000_4097000_image.tif","Tree",1,322000,322999.999,4097000,4097999.999
"7874",8125,322493.133,322497.999,4097226.267,4097229.988,"Silva","NEON_D17_TEAK_DP1_322000_4097000_classified_point_cloud_colorized.laz","2018_TEAK_3_322000_4097000_image.tif","Tree",1,322000,322999.999,4097000,4097999.999
"7875",8126,322565.625,322566.456,4097229.227,4097229.515,"Silva","NEON_D17_TEAK_DP1_322000_4097000_classified_point_cloud_colorized.laz","2018_TEAK_3_322000_4097000_image.tif","Tree",1,322000,322999.999,4097000,4097999.999
"7876",8127,322459.519,322466.317,4097224.037,4097230.489,"Silva","NEON_D17_TEAK_DP1_322000_4097000_classified_point_cloud_colorized.laz","2018_TEAK_3_322000_4097000_image.tif","Tree",1,322000,322999.999,4097000,4097999.999
"7877",8128,322090.051,322095.913,4097224.048,4097228.958,"Silva","NEON_D17_TEAK_DP1_322000_4097000_classified_point_cloud_colorized.laz","2018_TEAK_3_322000_4097000_image.tif","Tree",1,322000,322999.999,4097000,4097999.999
"7878",8129,322603.503,322608.864,4097226.657,4097232.998,"Silva","NEON_D17_TEAK_DP1_322000_4097000_classified_point_cloud_colorized.laz","2018_TEAK_3_322000_4097000_image.tif","Tree",1,322000,322999.999,4097000,4097999.999
"7879",8130,322544.637,322547.359,4097228.54,4097231.497,"Silva","NEON_D17_TEAK_DP1_322000_4097000_classified_point_cloud_colorized.laz","2018_TEAK_3_322000_4097000_image.tif","Tree",1,322000,322999.999,4097000,4097999.999
"7880",8131,322520.62,322526.44,4097226.303,4097233.408,"Silva","NEON_D17_TEAK_DP1_322000_4097000_classified_point_cloud_colorized.laz","2018_TEAK_3_322000_4097000_image.tif","Tree",1,322000,322999.999,4097000,4097999.999
"7881",8132,322432.042,322432.174,4097232.889,4097232.976,"Silva","NEON_D17_TEAK_DP1_322000_4097000_classified_point_cloud_colorized.laz","2018_TEAK_3_322000_4097000_image.tif","Tree",1,322000,322999.999,4097000,4097999.999
"7882",8133,322498.638,322504.42,4097227.011,4097233.249,"Silva","NEON_D17_TEAK_DP1_322000_4097000_classified_point_cloud_colorized.laz","2018_TEAK_3_322000_4097000_image.tif","Tree",1,322000,322999.999,4097000,4097999.999
"7883",8134,322102.578,322103.99,4097229.238,4097234.255,"Silva","NEON_D17_TEAK_DP1_322000_4097000_classified_point_cloud_colorized.laz","2018_TEAK_3_322000_4097000_image.tif","Tree",1,322000,322999.999,4097000,4097999.999
"7884",8135,322573.593,322577.729,4097229.658,4097234.483,"Silva","NEON_D17_TEAK_DP1_322000_4097000_classified_point_cloud_colorized.laz","2018_TEAK_3_322000_4097000_image.tif","Tree",1,322000,322999.999,4097000,4097999.999
"7885",8136,322583.57,322588.181,4097229.146,4097234.354,"Silva","NEON_D17_TEAK_DP1_322000_4097000_classified_point_cloud_colorized.laz","2018_TEAK_3_322000_4097000_image.tif","Tree",1,322000,322999.999,4097000,4097999.999
"7886",8137,322277.572,322283.992,4097227.261,4097233.924,"Silva","NEON_D17_TEAK_DP1_322000_4097000_classified_point_cloud_colorized.laz","2018_TEAK_3_322000_4097000_image.tif","Tree",1,322000,322999.999,4097000,4097999.999
"7887",8138,322022.062,322024.25,4097230.558,4097233.146,"Silva","NEON_D17_TEAK_DP1_322000_4097000_classified_point_cloud_colorized.laz","2018_TEAK_3_322000_4097000_image.tif","Tree",1,322000,322999.999,4097000,4097999.999
"7888",8139,322025.015,322027.848,4097230.549,4097233.447,"Silva","NEON_D17_TEAK_DP1_322000_4097000_classified_point_cloud_colorized.laz","2018_TEAK_3_322000_4097000_image.tif","Tree",1,322000,322999.999,4097000,4097999.999
"7889",8140,322529.022,322533.487,4097231.022,4097234.696,"Silva","NEON_D17_TEAK_DP1_322000_4097000_classified_point_cloud_colorized.laz","2018_TEAK_3_322000_4097000_image.tif","Tree",1,322000,322999.999,4097000,4097999.999
"7890",8141,322593.694,322598.956,4097231.05,4097236.252,"Silva","NEON_D17_TEAK_DP1_322000_4097000_classified_point_cloud_colorized.laz","2018_TEAK_3_322000_4097000_image.tif","Tree",1,322000,322999.999,4097000,4097999.999
"7891",8142,322549.52,322554.169,4097232.544,4097237.491,"Silva","NEON_D17_TEAK_DP1_322000_4097000_classified_point_cloud_colorized.laz","2018_TEAK_3_322000_4097000_image.tif","Tree",1,322000,322999.999,4097000,4097999.999
"7892",8143,322558.615,322562.43,4097232.539,4097236.984,"Silva","NEON_D17_TEAK_DP1_322000_4097000_classified_point_cloud_colorized.laz","2018_TEAK_3_322000_4097000_image.tif","Tree",1,322000,322999.999,4097000,4097999.999
"7893",8144,322094.008,322096.435,4097233.04,4097237.486,"Silva","NEON_D17_TEAK_DP1_322000_4097000_classified_point_cloud_colorized.laz","2018_TEAK_3_322000_4097000_image.tif","Tree",1,322000,322999.999,4097000,4097999.999
"7894",8145,322033.522,322039.487,4097232.635,4097236.491,"Silva","NEON_D17_TEAK_DP1_322000_4097000_classified_point_cloud_colorized.laz","2018_TEAK_3_322000_4097000_image.tif","Tree",1,322000,322999.999,4097000,4097999.999
"7895",8146,322111.069,322117.945,4097231.789,4097235.946,"Silva","NEON_D17_TEAK_DP1_322000_4097000_classified_point_cloud_colorized.laz","2018_TEAK_3_322000_4097000_image.tif","Tree",1,322000,322999.999,4097000,4097999.999
"7896",8147,322320.032,322323.961,4097233.544,4097237.44,"Silva","NEON_D17_TEAK_DP1_322000_4097000_classified_point_cloud_colorized.laz","2018_TEAK_3_322000_4097000_image.tif","Tree",1,322000,322999.999,4097000,4097999.999
"7897",8148,322352.565,322358.42,4097232.083,4097236.999,"Silva","NEON_D17_TEAK_DP1_322000_4097000_classified_point_cloud_colorized.laz","2018_TEAK_3_322000_4097000_image.tif","Tree",1,322000,322999.999,4097000,4097999.999
"7898",8149,322494.183,322495.999,4097235.162,4097236.961,"Silva","NEON_D17_TEAK_DP1_322000_4097000_classified_point_cloud_colorized.laz","2018_TEAK_3_322000_4097000_image.tif","Tree",1,322000,322999.999,4097000,4097999.999
"7899",8150,322579.031,322581.497,4097235.219,4097237.974,"Silva","NEON_D17_TEAK_DP1_322000_4097000_classified_point_cloud_colorized.laz","2018_TEAK_3_322000_4097000_image.tif","Tree",1,322000,322999.999,4097000,4097999.999
"7900",8151,322367.545,322372.96,4097232.059,4097237.816,"Silva","NEON_D17_TEAK_DP1_322000_4097000_classified_point_cloud_colorized.laz","2018_TEAK_3_322000_4097000_image.tif","Tree",1,322000,322999.999,4097000,4097999.999
"7901",8152,322095.505,322099.215,4097234.902,4097237.991,"Silva","NEON_D17_TEAK_DP1_322000_4097000_classified_point_cloud_colorized.laz","2018_TEAK_3_322000_4097000_image.tif","Tree",1,322000,322999.999,4097000,4097999.999
"7902",8153,322532.048,322535.868,4097235.509,4097239.418,"Silva","NEON_D17_TEAK_DP1_322000_4097000_classified_point_cloud_colorized.laz","2018_TEAK_3_322000_4097000_image.tif","Tree",1,322000,322999.999,4097000,4097999.999
"7903",8154,322467.353,322472.945,4097233.645,4097240.395,"Silva","NEON_D17_TEAK_DP1_322000_4097000_classified_point_cloud_colorized.laz","2018_TEAK_3_322000_4097000_image.tif","Tree",1,322000,322999.999,4097000,4097999.999
"7904",8155,322159.607,322167.137,4097232.552,4097239.994,"Silva","NEON_D17_TEAK_DP1_322000_4097000_classified_point_cloud_colorized.laz","2018_TEAK_3_322000_4097000_image.tif","Tree",1,322000,322999.999,4097000,4097999.999
"7905",8156,322499.556,322504.138,4097236.043,4097240.464,"Silva","NEON_D17_TEAK_DP1_322000_4097000_classified_point_cloud_colorized.laz","2018_TEAK_3_322000_4097000_image.tif","Tree",1,322000,322999.999,4097000,4097999.999
"7906",8157,322422.583,322431.992,4097230.506,4097241.989,"Silva","NEON_D17_TEAK_DP1_322000_4097000_classified_point_cloud_colorized.laz","2018_TEAK_3_322000_4097000_image.tif","Tree",1,322000,322999.999,4097000,4097999.999
"7907",8158,322119.033,322124.269,4097236.026,4097240.49,"Silva","NEON_D17_TEAK_DP1_322000_4097000_classified_point_cloud_colorized.laz","2018_TEAK_3_322000_4097000_image.tif","Tree",1,322000,322999.999,4097000,4097999.999
"7908",8159,322180.023,322181.874,4097237.75,4097239.572,"Silva","NEON_D17_TEAK_DP1_322000_4097000_classified_point_cloud_colorized.laz","2018_TEAK_3_322000_4097000_image.tif","Tree",1,322000,322999.999,4097000,4097999.999
"7909",8160,322487.147,322491.448,4097236.954,4097241.888,"Silva","NEON_D17_TEAK_DP1_322000_4097000_classified_point_cloud_colorized.laz","2018_TEAK_3_322000_4097000_image.tif","Tree",1,322000,322999.999,4097000,4097999.999
"7910",8161,322419.294,322423.495,4097236.571,4097239.765,"Silva","NEON_D17_TEAK_DP1_322000_4097000_classified_point_cloud_colorized.laz","2018_TEAK_3_322000_4097000_image.tif","Tree",1,322000,322999.999,4097000,4097999.999
"7911",8162,322000.014,322002.87,4097238.53,4097242.5,"Silva","NEON_D17_TEAK_DP1_322000_4097000_classified_point_cloud_colorized.laz","2018_TEAK_3_322000_4097000_image.tif","Tree",1,322000,322999.999,4097000,4097999.999
"7912",8163,322089.511,322091.369,4097240.025,4097242.714,"Silva","NEON_D17_TEAK_DP1_322000_4097000_classified_point_cloud_colorized.laz","2018_TEAK_3_322000_4097000_image.tif","Tree",1,322000,322999.999,4097000,4097999.999
"7913",8164,322502.967,322505.975,4097239.498,4097242.447,"Silva","NEON_D17_TEAK_DP1_322000_4097000_classified_point_cloud_colorized.laz","2018_TEAK_3_322000_4097000_image.tif","Tree",1,322000,322999.999,4097000,4097999.999
"7914",8165,322578.119,322582.467,4097238.656,4097242.985,"Silva","NEON_D17_TEAK_DP1_322000_4097000_classified_point_cloud_colorized.laz","2018_TEAK_3_322000_4097000_image.tif","Tree",1,322000,322999.999,4097000,4097999.999
"7915",8166,322099.289,322101.825,4097238.511,4097241.972,"Silva","NEON_D17_TEAK_DP1_322000_4097000_classified_point_cloud_colorized.laz","2018_TEAK_3_322000_4097000_image.tif","Tree",1,322000,322999.999,4097000,4097999.999
"7916",8167,322211.155,322213.48,4097240.036,4097242.844,"Silva","NEON_D17_TEAK_DP1_322000_4097000_classified_point_cloud_colorized.laz","2018_TEAK_3_322000_4097000_image.tif","Tree",1,322000,322999.999,4097000,4097999.999
"7917",8168,322235.51,322236.078,4097241.124,4097241.754,"Silva","NEON_D17_TEAK_DP1_322000_4097000_classified_point_cloud_colorized.laz","2018_TEAK_3_322000_4097000_image.tif","Tree",1,322000,322999.999,4097000,4097999.999
"7918",8169,322455.035,322459.446,4097239.559,4097243.384,"Silva","NEON_D17_TEAK_DP1_322000_4097000_classified_point_cloud_colorized.laz","2018_TEAK_3_322000_4097000_image.tif","Tree",1,322000,322999.999,4097000,4097999.999
"7919",8171,322405.098,322411.954,4097238.058,4097242.336,"Silva","NEON_D17_TEAK_DP1_322000_4097000_classified_point_cloud_colorized.laz","2018_TEAK_3_322000_4097000_image.tif","Tree",1,322000,322999.999,4097000,4097999.999
"7920",8172,322117.57,322123.398,4097240.281,4097244.655,"Silva","NEON_D17_TEAK_DP1_322000_4097000_classified_point_cloud_colorized.laz","2018_TEAK_3_322000_4097000_image.tif","Tree",1,322000,322999.999,4097000,4097999.999
"7921",8173,322467.533,322474.941,4097239.709,4097245.476,"Silva","NEON_D17_TEAK_DP1_322000_4097000_classified_point_cloud_colorized.laz","2018_TEAK_3_322000_4097000_image.tif","Tree",1,322000,322999.999,4097000,4097999.999
"7922",8174,322079.558,322082.669,4097242.008,4097245.49,"Silva","NEON_D17_TEAK_DP1_322000_4097000_classified_point_cloud_colorized.laz","2018_TEAK_3_322000_4097000_image.tif","Tree",1,322000,322999.999,4097000,4097999.999
"7923",8175,322515.122,322515.837,4097243.776,4097244.626,"Silva","NEON_D17_TEAK_DP1_322000_4097000_classified_point_cloud_colorized.laz","2018_TEAK_3_322000_4097000_image.tif","Tree",1,322000,322999.999,4097000,4097999.999
"7924",8176,322527.532,322529.996,4097243.227,4097245.892,"Silva","NEON_D17_TEAK_DP1_322000_4097000_classified_point_cloud_colorized.laz","2018_TEAK_3_322000_4097000_image.tif","Tree",1,322000,322999.999,4097000,4097999.999
"7925",8178,322343.762,322352.41,4097236.086,4097248.668,"Silva","NEON_D17_TEAK_DP1_322000_4097000_classified_point_cloud_colorized.laz","2018_TEAK_3_322000_4097000_image.tif","Tree",1,322000,322999.999,4097000,4097999.999
"7926",8179,322587.028,322592.42,4097241.786,4097248.188,"Silva","NEON_D17_TEAK_DP1_322000_4097000_classified_point_cloud_colorized.laz","2018_TEAK_3_322000_4097000_image.tif","Tree",1,322000,322999.999,4097000,4097999.999
"7927",8180,322537.069,322541.98,4097242.517,4097247.467,"Silva","NEON_D17_TEAK_DP1_322000_4097000_classified_point_cloud_colorized.laz","2018_TEAK_3_322000_4097000_image.tif","Tree",1,322000,322999.999,4097000,4097999.999
"7928",8181,322461.616,322468.969,4097241.594,4097249.994,"Silva","NEON_D17_TEAK_DP1_322000_4097000_classified_point_cloud_colorized.laz","2018_TEAK_3_322000_4097000_image.tif","Tree",1,322000,322999.999,4097000,4097999.999
"7929",8182,322592.033,322597.374,4097243.596,4097248.914,"Silva","NEON_D17_TEAK_DP1_322000_4097000_classified_point_cloud_colorized.laz","2018_TEAK_3_322000_4097000_image.tif","Tree",1,322000,322999.999,4097000,4097999.999
"7930",8183,322492.006,322493.897,4097246.036,4097247.983,"Silva","NEON_D17_TEAK_DP1_322000_4097000_classified_point_cloud_colorized.laz","2018_TEAK_3_322000_4097000_image.tif","Tree",1,322000,322999.999,4097000,4097999.999
"7931",8184,322215.213,322219.995,4097245.106,4097250.97,"Silva","NEON_D17_TEAK_DP1_322000_4097000_classified_point_cloud_colorized.laz","2018_TEAK_3_322000_4097000_image.tif","Tree",1,322000,322999.999,4097000,4097999.999
"7932",8185,322377.501,322381.494,4097244.779,4097249.108,"Silva","NEON_D17_TEAK_DP1_322000_4097000_classified_point_cloud_colorized.laz","2018_TEAK_3_322000_4097000_image.tif","Tree",1,322000,322999.999,4097000,4097999.999
"7933",8186,322514.518,322516.481,4097247.118,4097250.447,"Silva","NEON_D17_TEAK_DP1_322000_4097000_classified_point_cloud_colorized.laz","2018_TEAK_3_322000_4097000_image.tif","Tree",1,322000,322999.999,4097000,4097999.999
"7934",8187,322579.558,322584.465,4097245.554,4097251.459,"Silva","NEON_D17_TEAK_DP1_322000_4097000_classified_point_cloud_colorized.laz","2018_TEAK_3_322000_4097000_image.tif","Tree",1,322000,322999.999,4097000,4097999.999
"7935",8188,322538.124,322542.492,4097246.65,4097251.3,"Silva","NEON_D17_TEAK_DP1_322000_4097000_classified_point_cloud_colorized.laz","2018_TEAK_3_322000_4097000_image.tif","Tree",1,322000,322999.999,4097000,4097999.999
"7936",8189,322446.375,322450.498,4097245.224,4097251.983,"Silva","NEON_D17_TEAK_DP1_322000_4097000_classified_point_cloud_colorized.laz","2018_TEAK_3_322000_4097000_image.tif","Tree",1,322000,322999.999,4097000,4097999.999
"7937",8190,322305.518,322310.958,4097241.509,4097250.796,"Silva","NEON_D17_TEAK_DP1_322000_4097000_classified_point_cloud_colorized.laz","2018_TEAK_3_322000_4097000_image.tif","Tree",1,322000,322999.999,4097000,4097999.999
"7938",8191,322042.55,322044.428,4097249.606,4097251.788,"Silva","NEON_D17_TEAK_DP1_322000_4097000_classified_point_cloud_colorized.laz","2018_TEAK_3_322000_4097000_image.tif","Tree",1,322000,322999.999,4097000,4097999.999
"7939",8192,322522.517,322525.497,4097248.589,4097251.962,"Silva","NEON_D17_TEAK_DP1_322000_4097000_classified_point_cloud_colorized.laz","2018_TEAK_3_322000_4097000_image.tif","Tree",1,322000,322999.999,4097000,4097999.999
"7940",8193,322477.579,322478.482,4097250.061,4097250.96,"Silva","NEON_D17_TEAK_DP1_322000_4097000_classified_point_cloud_colorized.laz","2018_TEAK_3_322000_4097000_image.tif","Tree",1,322000,322999.999,4097000,4097999.999
"7941",8194,322362.045,322368.622,4097246.01,4097254.758,"Silva","NEON_D17_TEAK_DP1_322000_4097000_classified_point_cloud_colorized.laz","2018_TEAK_3_322000_4097000_image.tif","Tree",1,322000,322999.999,4097000,4097999.999
"7942",8195,322588.512,322593.976,4097247.546,4097253.909,"Silva","NEON_D17_TEAK_DP1_322000_4097000_classified_point_cloud_colorized.laz","2018_TEAK_3_322000_4097000_image.tif","Tree",1,322000,322999.999,4097000,4097999.999
"7943",8196,322387.619,322393.955,4097247.135,4097254.455,"Silva","NEON_D17_TEAK_DP1_322000_4097000_classified_point_cloud_colorized.laz","2018_TEAK_3_322000_4097000_image.tif","Tree",1,322000,322999.999,4097000,4097999.999
"7944",8197,322122.592,322129.944,4097248.014,4097255.387,"Silva","NEON_D17_TEAK_DP1_322000_4097000_classified_point_cloud_colorized.laz","2018_TEAK_3_322000_4097000_image.tif","Tree",1,322000,322999.999,4097000,4097999.999
"7945",8198,322503.565,322505.165,4097251.532,4097253.279,"Silva","NEON_D17_TEAK_DP1_322000_4097000_classified_point_cloud_colorized.laz","2018_TEAK_3_322000_4097000_image.tif","Tree",1,322000,322999.999,4097000,4097999.999
"7946",8199,322512.51,322514.963,4097251.197,4097253.886,"Silva","NEON_D17_TEAK_DP1_322000_4097000_classified_point_cloud_colorized.laz","2018_TEAK_3_322000_4097000_image.tif","Tree",1,322000,322999.999,4097000,4097999.999
"7947",8200,322508.655,322512.472,4097251.556,4097255.504,"Silva","NEON_D17_TEAK_DP1_322000_4097000_classified_point_cloud_colorized.laz","2018_TEAK_3_322000_4097000_image.tif","Tree",1,322000,322999.999,4097000,4097999.999
"7948",8201,322592.011,322597.404,4097251.101,4097255.861,"Silva","NEON_D17_TEAK_DP1_322000_4097000_classified_point_cloud_colorized.laz","2018_TEAK_3_322000_4097000_image.tif","Tree",1,322000,322999.999,4097000,4097999.999
"7949",8202,322523.268,322526.485,4097252.261,4097255.928,"Silva","NEON_D17_TEAK_DP1_322000_4097000_classified_point_cloud_colorized.laz","2018_TEAK_3_322000_4097000_image.tif","Tree",1,322000,322999.999,4097000,4097999.999
"7950",8203,322519.3,322522.974,4097253.244,4097256.648,"Silva","NEON_D17_TEAK_DP1_322000_4097000_classified_point_cloud_colorized.laz","2018_TEAK_3_322000_4097000_image.tif","Tree",1,322000,322999.999,4097000,4097999.999
"7951",8204,322567.542,322570.39,4097253.514,4097256.303,"Silva","NEON_D17_TEAK_DP1_322000_4097000_classified_point_cloud_colorized.laz","2018_TEAK_3_322000_4097000_image.tif","Tree",1,322000,322999.999,4097000,4097999.999
"7952",8205,322445.557,322448.891,4097252.454,4097257.692,"Silva","NEON_D17_TEAK_DP1_322000_4097000_classified_point_cloud_colorized.laz","2018_TEAK_3_322000_4097000_image.tif","Tree",1,322000,322999.999,4097000,4097999.999
"7953",8206,322494.821,322495.005,4097257.659,4097257.899,"Silva","NEON_D17_TEAK_DP1_322000_4097000_classified_point_cloud_colorized.laz","2018_TEAK_3_322000_4097000_image.tif","Tree",1,322000,322999.999,4097000,4097999.999
"7954",8207,322554.178,322558.423,4097254.655,4097258.938,"Silva","NEON_D17_TEAK_DP1_322000_4097000_classified_point_cloud_colorized.laz","2018_TEAK_3_322000_4097000_image.tif","Tree",1,322000,322999.999,4097000,4097999.999
"7955",8208,322587.733,322593.533,4097253.505,4097260.189,"Silva","NEON_D17_TEAK_DP1_322000_4097000_classified_point_cloud_colorized.laz","2018_TEAK_3_322000_4097000_image.tif","Tree",1,322000,322999.999,4097000,4097999.999
"7956",8209,322576.593,322581.475,4097253.134,4097259.964,"Silva","NEON_D17_TEAK_DP1_322000_4097000_classified_point_cloud_colorized.laz","2018_TEAK_3_322000_4097000_image.tif","Tree",1,322000,322999.999,4097000,4097999.999
"7957",8210,322528.502,322531.561,4097256.131,4097258.957,"Silva","NEON_D17_TEAK_DP1_322000_4097000_classified_point_cloud_colorized.laz","2018_TEAK_3_322000_4097000_image.tif","Tree",1,322000,322999.999,4097000,4097999.999
"7958",8211,322391.445,322399.858,4097253.443,4097260.379,"Silva","NEON_D17_TEAK_DP1_322000_4097000_classified_point_cloud_colorized.laz","2018_TEAK_3_322000_4097000_image.tif","Tree",1,322000,322999.999,4097000,4097999.999
"7959",8212,322291.585,322296.91,4097253.598,4097259.5,"Silva","NEON_D17_TEAK_DP1_322000_4097000_classified_point_cloud_colorized.laz","2018_TEAK_3_322000_4097000_image.tif","Tree",1,322000,322999.999,4097000,4097999.999
"7960",8213,322216.074,322223.404,4097256.418,4097262.767,"Silva","NEON_D17_TEAK_DP1_322000_4097000_classified_point_cloud_colorized.laz","2018_TEAK_3_322000_4097000_image.tif","Tree",1,322000,322999.999,4097000,4097999.999
"7961",8214,322000.078,322001.374,4097262.021,4097264.284,"Silva","NEON_D17_TEAK_DP1_322000_4097000_classified_point_cloud_colorized.laz","2018_TEAK_3_322000_4097000_image.tif","Tree",1,322000,322999.999,4097000,4097999.999
"7962",8215,322365.639,322371.439,4097256.039,4097261.975,"Silva","NEON_D17_TEAK_DP1_322000_4097000_classified_point_cloud_colorized.laz","2018_TEAK_3_322000_4097000_image.tif","Tree",1,322000,322999.999,4097000,4097999.999
"7963",8216,322526.031,322529.815,4097257.74,4097261.45,"Silva","NEON_D17_TEAK_DP1_322000_4097000_classified_point_cloud_colorized.laz","2018_TEAK_3_322000_4097000_image.tif","Tree",1,322000,322999.999,4097000,4097999.999
"7964",8217,322515.566,322516.483,4097259.052,4097261.323,"Silva","NEON_D17_TEAK_DP1_322000_4097000_classified_point_cloud_colorized.laz","2018_TEAK_3_322000_4097000_image.tif","Tree",1,322000,322999.999,4097000,4097999.999
"7965",8218,322462.955,322463.229,4097259.757,4097260.525,"Silva","NEON_D17_TEAK_DP1_322000_4097000_classified_point_cloud_colorized.laz","2018_TEAK_3_322000_4097000_image.tif","Tree",1,322000,322999.999,4097000,4097999.999
"7966",8220,322395.256,322400.957,4097257.917,4097264.903,"Silva","NEON_D17_TEAK_DP1_322000_4097000_classified_point_cloud_colorized.laz","2018_TEAK_3_322000_4097000_image.tif","Tree",1,322000,322999.999,4097000,4097999.999
"7967",8221,322560.511,322566.435,4097259.748,4097264.988,"Silva","NEON_D17_TEAK_DP1_322000_4097000_classified_point_cloud_colorized.laz","2018_TEAK_3_322000_4097000_image.tif","Tree",1,322000,322999.999,4097000,4097999.999
"7968",8222,322352.09,322359.696,4097258.143,4097266.758,"Silva","NEON_D17_TEAK_DP1_322000_4097000_classified_point_cloud_colorized.laz","2018_TEAK_3_322000_4097000_image.tif","Tree",1,322000,322999.999,4097000,4097999.999
"7969",8223,322132.612,322137.998,4097261.033,4097267.47,"Silva","NEON_D17_TEAK_DP1_322000_4097000_classified_point_cloud_colorized.laz","2018_TEAK_3_322000_4097000_image.tif","Tree",1,322000,322999.999,4097000,4097999.999
"7970",8224,322432.66,322438.351,4097261.34,4097266.27,"Silva","NEON_D17_TEAK_DP1_322000_4097000_classified_point_cloud_colorized.laz","2018_TEAK_3_322000_4097000_image.tif","Tree",1,322000,322999.999,4097000,4097999.999
"7971",8225,322473.691,322478.422,4097261.322,4097265.728,"Silva","NEON_D17_TEAK_DP1_322000_4097000_classified_point_cloud_colorized.laz","2018_TEAK_3_322000_4097000_image.tif","Tree",1,322000,322999.999,4097000,4097999.999
"7972",8226,322504.192,322505.775,4097263.051,4097264.286,"Silva","NEON_D17_TEAK_DP1_322000_4097000_classified_point_cloud_colorized.laz","2018_TEAK_3_322000_4097000_image.tif","Tree",1,322000,322999.999,4097000,4097999.999
"7973",8227,322576.677,322581.1,4097260.787,4097265.335,"Silva","NEON_D17_TEAK_DP1_322000_4097000_classified_point_cloud_colorized.laz","2018_TEAK_3_322000_4097000_image.tif","Tree",1,322000,322999.999,4097000,4097999.999
"7974",8228,322370.54,322376.707,4097260.486,4097266.988,"Silva","NEON_D17_TEAK_DP1_322000_4097000_classified_point_cloud_colorized.laz","2018_TEAK_3_322000_4097000_image.tif","Tree",1,322000,322999.999,4097000,4097999.999
"7975",8229,322511.618,322514.464,4097263.626,4097266.494,"Silva","NEON_D17_TEAK_DP1_322000_4097000_classified_point_cloud_colorized.laz","2018_TEAK_3_322000_4097000_image.tif","Tree",1,322000,322999.999,4097000,4097999.999
"7976",8230,322113.146,322113.146,4097271.512,4097271.512,"Silva","NEON_D17_TEAK_DP1_322000_4097000_classified_point_cloud_colorized.laz","2018_TEAK_3_322000_4097000_image.tif","Tree",1,322000,322999.999,4097000,4097999.999
"7977",8231,322400.048,322409.29,4097261.553,4097269.992,"Silva","NEON_D17_TEAK_DP1_322000_4097000_classified_point_cloud_colorized.laz","2018_TEAK_3_322000_4097000_image.tif","Tree",1,322000,322999.999,4097000,4097999.999
"7978",8232,322551.674,322554.478,4097264.571,4097267.465,"Silva","NEON_D17_TEAK_DP1_322000_4097000_classified_point_cloud_colorized.laz","2018_TEAK_3_322000_4097000_image.tif","Tree",1,322000,322999.999,4097000,4097999.999
"7979",8233,322598.576,322602.887,4097262.863,4097267.991,"Silva","NEON_D17_TEAK_DP1_322000_4097000_classified_point_cloud_colorized.laz","2018_TEAK_3_322000_4097000_image.tif","Tree",1,322000,322999.999,4097000,4097999.999
"7980",8234,322532.535,322533.922,4097265.873,4097267.358,"Silva","NEON_D17_TEAK_DP1_322000_4097000_classified_point_cloud_colorized.laz","2018_TEAK_3_322000_4097000_image.tif","Tree",1,322000,322999.999,4097000,4097999.999
"7981",8235,322396.504,322398.726,4097264.517,4097268.691,"Silva","NEON_D17_TEAK_DP1_322000_4097000_classified_point_cloud_colorized.laz","2018_TEAK_3_322000_4097000_image.tif","Tree",1,322000,322999.999,4097000,4097999.999
"7982",8237,322297.501,322303.843,4097264.787,4097271.765,"Silva","NEON_D17_TEAK_DP1_322000_4097000_classified_point_cloud_colorized.laz","2018_TEAK_3_322000_4097000_image.tif","Tree",1,322000,322999.999,4097000,4097999.999
"7983",8238,322563.275,322566.98,4097265.078,4097271.285,"Silva","NEON_D17_TEAK_DP1_322000_4097000_classified_point_cloud_colorized.laz","2018_TEAK_3_322000_4097000_image.tif","Tree",1,322000,322999.999,4097000,4097999.999
"7984",8239,322290.578,322297.471,4097263.123,4097271.808,"Silva","NEON_D17_TEAK_DP1_322000_4097000_classified_point_cloud_colorized.laz","2018_TEAK_3_322000_4097000_image.tif","Tree",1,322000,322999.999,4097000,4097999.999
"7985",8240,322035.21,322038.888,4097267.046,4097273.663,"Silva","NEON_D17_TEAK_DP1_322000_4097000_classified_point_cloud_colorized.laz","2018_TEAK_3_322000_4097000_image.tif","Tree",1,322000,322999.999,4097000,4097999.999
"7986",8241,322427.706,322431.659,4097266.333,4097269.179,"Silva","NEON_D17_TEAK_DP1_322000_4097000_classified_point_cloud_colorized.laz","2018_TEAK_3_322000_4097000_image.tif","Tree",1,322000,322999.999,4097000,4097999.999
"7987",8242,322133.521,322137.81,4097269.066,4097273.473,"Silva","NEON_D17_TEAK_DP1_322000_4097000_classified_point_cloud_colorized.laz","2018_TEAK_3_322000_4097000_image.tif","Tree",1,322000,322999.999,4097000,4097999.999
"7988",8243,322269.532,322277.351,4097264.801,4097273.476,"Silva","NEON_D17_TEAK_DP1_322000_4097000_classified_point_cloud_colorized.laz","2018_TEAK_3_322000_4097000_image.tif","Tree",1,322000,322999.999,4097000,4097999.999
"7989",8244,322473.118,322478.815,4097266.511,4097272.318,"Silva","NEON_D17_TEAK_DP1_322000_4097000_classified_point_cloud_colorized.laz","2018_TEAK_3_322000_4097000_image.tif","Tree",1,322000,322999.999,4097000,4097999.999
"7990",8245,322480.686,322482.951,4097268.791,4097271.425,"Silva","NEON_D17_TEAK_DP1_322000_4097000_classified_point_cloud_colorized.laz","2018_TEAK_3_322000_4097000_image.tif","Tree",1,322000,322999.999,4097000,4097999.999
"7991",8247,322498.714,322499.461,4097271.148,4097271.31,"Silva","NEON_D17_TEAK_DP1_322000_4097000_classified_point_cloud_colorized.laz","2018_TEAK_3_322000_4097000_image.tif","Tree",1,322000,322999.999,4097000,4097999.999
"7992",8248,322384.263,322384.606,4097272.219,4097272.339,"Silva","NEON_D17_TEAK_DP1_322000_4097000_classified_point_cloud_colorized.laz","2018_TEAK_3_322000_4097000_image.tif","Tree",1,322000,322999.999,4097000,4097999.999
"7993",8249,322339.365,322346.183,4097268.041,4097273.832,"Silva","NEON_D17_TEAK_DP1_322000_4097000_classified_point_cloud_colorized.laz","2018_TEAK_3_322000_4097000_image.tif","Tree",1,322000,322999.999,4097000,4097999.999
"7994",8250,322152.044,322160.881,4097270.508,4097276.862,"Silva","NEON_D17_TEAK_DP1_322000_4097000_classified_point_cloud_colorized.laz","2018_TEAK_3_322000_4097000_image.tif","Tree",1,322000,322999.999,4097000,4097999.999
"7995",8251,322080.582,322085.974,4097270.039,4097277.925,"Silva","NEON_D17_TEAK_DP1_322000_4097000_classified_point_cloud_colorized.laz","2018_TEAK_3_322000_4097000_image.tif","Tree",1,322000,322999.999,4097000,4097999.999
"7996",8252,322434.008,322440.402,4097268.089,4097273.267,"Silva","NEON_D17_TEAK_DP1_322000_4097000_classified_point_cloud_colorized.laz","2018_TEAK_3_322000_4097000_image.tif","Tree",1,322000,322999.999,4097000,4097999.999
"7997",8253,322405.023,322416.331,4097265.202,4097276.86,"Silva","NEON_D17_TEAK_DP1_322000_4097000_classified_point_cloud_colorized.laz","2018_TEAK_3_322000_4097000_image.tif","Tree",1,322000,322999.999,4097000,4097999.999
"7998",8254,322256.022,322261.985,4097270.001,4097276.489,"Silva","NEON_D17_TEAK_DP1_322000_4097000_classified_point_cloud_colorized.laz","2018_TEAK_3_322000_4097000_image.tif","Tree",1,322000,322999.999,4097000,4097999.999
"7999",8255,322310.079,322317.457,4097269.346,4097276.893,"Silva","NEON_D17_TEAK_DP1_322000_4097000_classified_point_cloud_colorized.laz","2018_TEAK_3_322000_4097000_image.tif","Tree",1,322000,322999.999,4097000,4097999.999
"8000",8256,322354.861,322362.854,4097268.569,4097277.383,"Silva","NEON_D17_TEAK_DP1_322000_4097000_classified_point_cloud_colorized.laz","2018_TEAK_3_322000_4097000_image.tif","Tree",1,322000,322999.999,4097000,4097999.999
"8001",8257,322075.173,322082.492,4097274.754,4097279.939,"Silva","NEON_D17_TEAK_DP1_322000_4097000_classified_point_cloud_colorized.laz","2018_TEAK_3_322000_4097000_image.tif","Tree",1,322000,322999.999,4097000,4097999.999
"8002",8258,322110.058,322118.899,4097271.571,4097281.797,"Silva","NEON_D17_TEAK_DP1_322000_4097000_classified_point_cloud_colorized.laz","2018_TEAK_3_322000_4097000_image.tif","Tree",1,322000,322999.999,4097000,4097999.999
"8003",8259,322511.497,322511.61,4097274.645,4097274.765,"Silva","NEON_D17_TEAK_DP1_322000_4097000_classified_point_cloud_colorized.laz","2018_TEAK_3_322000_4097000_image.tif","Tree",1,322000,322999.999,4097000,4097999.999
"8004",8260,322436.037,322442.414,4097271.893,4097276.276,"Silva","NEON_D17_TEAK_DP1_322000_4097000_classified_point_cloud_colorized.laz","2018_TEAK_3_322000_4097000_image.tif","Tree",1,322000,322999.999,4097000,4097999.999
"8005",8261,322317.116,322326.396,4097267.144,4097278.263,"Silva","NEON_D17_TEAK_DP1_322000_4097000_classified_point_cloud_colorized.laz","2018_TEAK_3_322000_4097000_image.tif","Tree",1,322000,322999.999,4097000,4097999.999
"8006",8262,322225.529,322233.445,4097271.56,4097281.843,"Silva","NEON_D17_TEAK_DP1_322000_4097000_classified_point_cloud_colorized.laz","2018_TEAK_3_322000_4097000_image.tif","Tree",1,322000,322999.999,4097000,4097999.999
"8007",8263,322094.583,322096.949,4097279.684,4097282.211,"Silva","NEON_D17_TEAK_DP1_322000_4097000_classified_point_cloud_colorized.laz","2018_TEAK_3_322000_4097000_image.tif","Tree",1,322000,322999.999,4097000,4097999.999
"8008",8264,322181.72,322187.85,4097276.531,4097281.454,"Silva","NEON_D17_TEAK_DP1_322000_4097000_classified_point_cloud_colorized.laz","2018_TEAK_3_322000_4097000_image.tif","Tree",1,322000,322999.999,4097000,4097999.999
"8009",8265,322337.688,322341.973,4097273.53,4097279.856,"Silva","NEON_D17_TEAK_DP1_322000_4097000_classified_point_cloud_colorized.laz","2018_TEAK_3_322000_4097000_image.tif","Tree",1,322000,322999.999,4097000,4097999.999
"8010",8266,322450.532,322451.996,4097276.021,4097278.17,"Silva","NEON_D17_TEAK_DP1_322000_4097000_classified_point_cloud_colorized.laz","2018_TEAK_3_322000_4097000_image.tif","Tree",1,322000,322999.999,4097000,4097999.999
"8011",8267,322503.533,322504.073,4097276.904,4097277.263,"Silva","NEON_D17_TEAK_DP1_322000_4097000_classified_point_cloud_colorized.laz","2018_TEAK_3_322000_4097000_image.tif","Tree",1,322000,322999.999,4097000,4097999.999
"8012",8268,322428.058,322428.46,4097277.568,4097277.909,"Silva","NEON_D17_TEAK_DP1_322000_4097000_classified_point_cloud_colorized.laz","2018_TEAK_3_322000_4097000_image.tif","Tree",1,322000,322999.999,4097000,4097999.999
"8013",8269,322333.605,322337.652,4097275.63,4097280.194,"Silva","NEON_D17_TEAK_DP1_322000_4097000_classified_point_cloud_colorized.laz","2018_TEAK_3_322000_4097000_image.tif","Tree",1,322000,322999.999,4097000,4097999.999
"8014",8270,322056.097,322059.919,4097278.789,4097284,"Silva","NEON_D17_TEAK_DP1_322000_4097000_classified_point_cloud_colorized.laz","2018_TEAK_3_322000_4097000_image.tif","Tree",1,322000,322999.999,4097000,4097999.999
"8015",8271,322459.736,322466.131,4097274.458,4097280.986,"Silva","NEON_D17_TEAK_DP1_322000_4097000_classified_point_cloud_colorized.laz","2018_TEAK_3_322000_4097000_image.tif","Tree",1,322000,322999.999,4097000,4097999.999
"8016",8272,322497.673,322498.24,4097278.082,4097278.393,"Silva","NEON_D17_TEAK_DP1_322000_4097000_classified_point_cloud_colorized.laz","2018_TEAK_3_322000_4097000_image.tif","Tree",1,322000,322999.999,4097000,4097999.999
"8017",8273,322422.545,322423.462,4097278.573,4097278.96,"Silva","NEON_D17_TEAK_DP1_322000_4097000_classified_point_cloud_colorized.laz","2018_TEAK_3_322000_4097000_image.tif","Tree",1,322000,322999.999,4097000,4097999.999
"8018",8274,322481.379,322487.258,4097276.013,4097281.435,"Silva","NEON_D17_TEAK_DP1_322000_4097000_classified_point_cloud_colorized.laz","2018_TEAK_3_322000_4097000_image.tif","Tree",1,322000,322999.999,4097000,4097999.999
"8019",8275,322453.166,322454.943,4097279.201,4097280.098,"Silva","NEON_D17_TEAK_DP1_322000_4097000_classified_point_cloud_colorized.laz","2018_TEAK_3_322000_4097000_image.tif","Tree",1,322000,322999.999,4097000,4097999.999
"8020",8276,322175.53,322183.821,4097278.015,4097285.11,"Silva","NEON_D17_TEAK_DP1_322000_4097000_classified_point_cloud_colorized.laz","2018_TEAK_3_322000_4097000_image.tif","Tree",1,322000,322999.999,4097000,4097999.999
"8021",8277,322010.543,322014.332,4097279.044,4097283.806,"Silva","NEON_D17_TEAK_DP1_322000_4097000_classified_point_cloud_colorized.laz","2018_TEAK_3_322000_4097000_image.tif","Tree",1,322000,322999.999,4097000,4097999.999
"8022",8278,322256.048,322263.871,4097276.592,4097283.657,"Silva","NEON_D17_TEAK_DP1_322000_4097000_classified_point_cloud_colorized.laz","2018_TEAK_3_322000_4097000_image.tif","Tree",1,322000,322999.999,4097000,4097999.999
"8023",8280,322476.213,322477.197,4097279.674,4097281.879,"Silva","NEON_D17_TEAK_DP1_322000_4097000_classified_point_cloud_colorized.laz","2018_TEAK_3_322000_4097000_image.tif","Tree",1,322000,322999.999,4097000,4097999.999
"8024",8281,322574.01,322578.373,4097278.154,4097282.38,"Silva","NEON_D17_TEAK_DP1_322000_4097000_classified_point_cloud_colorized.laz","2018_TEAK_3_322000_4097000_image.tif","Tree",1,322000,322999.999,4097000,4097999.999
"8025",8282,322101.58,322111.614,4097278.622,4097286.889,"Silva","NEON_D17_TEAK_DP1_322000_4097000_classified_point_cloud_colorized.laz","2018_TEAK_3_322000_4097000_image.tif","Tree",1,322000,322999.999,4097000,4097999.999
"8026",8283,322079.586,322083.383,4097279.536,4097285.414,"Silva","NEON_D17_TEAK_DP1_322000_4097000_classified_point_cloud_colorized.laz","2018_TEAK_3_322000_4097000_image.tif","Tree",1,322000,322999.999,4097000,4097999.999
"8027",8284,322048.099,322052.941,4097282.14,4097287.483,"Silva","NEON_D17_TEAK_DP1_322000_4097000_classified_point_cloud_colorized.laz","2018_TEAK_3_322000_4097000_image.tif","Tree",1,322000,322999.999,4097000,4097999.999
"8028",8285,322540.616,322542.448,4097280.039,4097282.867,"Silva","NEON_D17_TEAK_DP1_322000_4097000_classified_point_cloud_colorized.laz","2018_TEAK_3_322000_4097000_image.tif","Tree",1,322000,322999.999,4097000,4097999.999
"8029",8286,322510.612,322511.316,4097281.718,4097282.002,"Silva","NEON_D17_TEAK_DP1_322000_4097000_classified_point_cloud_colorized.laz","2018_TEAK_3_322000_4097000_image.tif","Tree",1,322000,322999.999,4097000,4097999.999
"8030",8287,322157.367,322162.042,4097281.132,4097286.448,"Silva","NEON_D17_TEAK_DP1_322000_4097000_classified_point_cloud_colorized.laz","2018_TEAK_3_322000_4097000_image.tif","Tree",1,322000,322999.999,4097000,4097999.999
"8031",8288,322307.699,322312.48,4097282.391,4097286.445,"Silva","NEON_D17_TEAK_DP1_322000_4097000_classified_point_cloud_colorized.laz","2018_TEAK_3_322000_4097000_image.tif","Tree",1,322000,322999.999,4097000,4097999.999
"8032",8289,322430.773,322433.217,4097281.63,4097284.357,"Silva","NEON_D17_TEAK_DP1_322000_4097000_classified_point_cloud_colorized.laz","2018_TEAK_3_322000_4097000_image.tif","Tree",1,322000,322999.999,4097000,4097999.999
"8033",8290,322137.851,322143.429,4097286.744,4097287.948,"Silva","NEON_D17_TEAK_DP1_322000_4097000_classified_point_cloud_colorized.laz","2018_TEAK_3_322000_4097000_image.tif","Tree",1,322000,322999.999,4097000,4097999.999
"8034",8291,322132.011,322135.78,4097288.275,4097290.735,"Silva","NEON_D17_TEAK_DP1_322000_4097000_classified_point_cloud_colorized.laz","2018_TEAK_3_322000_4097000_image.tif","Tree",1,322000,322999.999,4097000,4097999.999
"8035",8292,322324.073,322332.949,4097280.056,4097287.971,"Silva","NEON_D17_TEAK_DP1_322000_4097000_classified_point_cloud_colorized.laz","2018_TEAK_3_322000_4097000_image.tif","Tree",1,322000,322999.999,4097000,4097999.999
"8036",8293,322397.188,322398.936,4097283.513,4097285.996,"Silva","NEON_D17_TEAK_DP1_322000_4097000_classified_point_cloud_colorized.laz","2018_TEAK_3_322000_4097000_image.tif","Tree",1,322000,322999.999,4097000,4097999.999
"8037",8294,322542.627,322544.452,4097283.208,4097284.956,"Silva","NEON_D17_TEAK_DP1_322000_4097000_classified_point_cloud_colorized.laz","2018_TEAK_3_322000_4097000_image.tif","Tree",1,322000,322999.999,4097000,4097999.999
"8038",8296,322189.001,322195.15,4097281.539,4097288.901,"Silva","NEON_D17_TEAK_DP1_322000_4097000_classified_point_cloud_colorized.laz","2018_TEAK_3_322000_4097000_image.tif","Tree",1,322000,322999.999,4097000,4097999.999
"8039",8297,322040.694,322042.818,4097286.508,4097288.989,"Silva","NEON_D17_TEAK_DP1_322000_4097000_classified_point_cloud_colorized.laz","2018_TEAK_3_322000_4097000_image.tif","Tree",1,322000,322999.999,4097000,4097999.999
"8040",8298,322066.008,322072.012,4097286.054,4097292.407,"Silva","NEON_D17_TEAK_DP1_322000_4097000_classified_point_cloud_colorized.laz","2018_TEAK_3_322000_4097000_image.tif","Tree",1,322000,322999.999,4097000,4097999.999
"8041",8299,322164.488,322172.944,4097282.202,4097289.392,"Silva","NEON_D17_TEAK_DP1_322000_4097000_classified_point_cloud_colorized.laz","2018_TEAK_3_322000_4097000_image.tif","Tree",1,322000,322999.999,4097000,4097999.999
"8042",8300,322243.046,322248.442,4097281.657,4097290.995,"Silva","NEON_D17_TEAK_DP1_322000_4097000_classified_point_cloud_colorized.laz","2018_TEAK_3_322000_4097000_image.tif","Tree",1,322000,322999.999,4097000,4097999.999
"8043",8301,322280.518,322286.524,4097279.543,4097285.955,"Silva","NEON_D17_TEAK_DP1_322000_4097000_classified_point_cloud_colorized.laz","2018_TEAK_3_322000_4097000_image.tif","Tree",1,322000,322999.999,4097000,4097999.999
"8044",8302,322346.5,322354.171,4097281.399,4097289.184,"Silva","NEON_D17_TEAK_DP1_322000_4097000_classified_point_cloud_colorized.laz","2018_TEAK_3_322000_4097000_image.tif","Tree",1,322000,322999.999,4097000,4097999.999
"8045",8303,322381.226,322388.329,4097280.023,4097287.776,"Silva","NEON_D17_TEAK_DP1_322000_4097000_classified_point_cloud_colorized.laz","2018_TEAK_3_322000_4097000_image.tif","Tree",1,322000,322999.999,4097000,4097999.999
"8046",8304,322523.137,322524.78,4097284.062,4097285.41,"Silva","NEON_D17_TEAK_DP1_322000_4097000_classified_point_cloud_colorized.laz","2018_TEAK_3_322000_4097000_image.tif","Tree",1,322000,322999.999,4097000,4097999.999
"8047",8305,322412.051,322413.633,4097285.623,4097286.914,"Silva","NEON_D17_TEAK_DP1_322000_4097000_classified_point_cloud_colorized.laz","2018_TEAK_3_322000_4097000_image.tif","Tree",1,322000,322999.999,4097000,4097999.999
"8048",8306,322233.517,322242.915,4097282.035,4097292.991,"Silva","NEON_D17_TEAK_DP1_322000_4097000_classified_point_cloud_colorized.laz","2018_TEAK_3_322000_4097000_image.tif","Tree",1,322000,322999.999,4097000,4097999.999
"8049",8307,322575.587,322580.954,4097282.503,4097289.473,"Silva","NEON_D17_TEAK_DP1_322000_4097000_classified_point_cloud_colorized.laz","2018_TEAK_3_322000_4097000_image.tif","Tree",1,322000,322999.999,4097000,4097999.999
"8050",8308,322503.784,322504.478,4097286.418,4097286.621,"Silva","NEON_D17_TEAK_DP1_322000_4097000_classified_point_cloud_colorized.laz","2018_TEAK_3_322000_4097000_image.tif","Tree",1,322000,322999.999,4097000,4097999.999
"8051",8309,322403.002,322407.26,4097284.011,4097288.45,"Silva","NEON_D17_TEAK_DP1_322000_4097000_classified_point_cloud_colorized.laz","2018_TEAK_3_322000_4097000_image.tif","Tree",1,322000,322999.999,4097000,4097999.999
"8052",8310,322293.824,322300.48,4097281.962,4097290.975,"Silva","NEON_D17_TEAK_DP1_322000_4097000_classified_point_cloud_colorized.laz","2018_TEAK_3_322000_4097000_image.tif","Tree",1,322000,322999.999,4097000,4097999.999
"8053",8311,322026.199,322034.253,4097283.003,4097292.953,"Silva","NEON_D17_TEAK_DP1_322000_4097000_classified_point_cloud_colorized.laz","2018_TEAK_3_322000_4097000_image.tif","Tree",1,322000,322999.999,4097000,4097999.999
"8054",8312,322384.648,322390.948,4097282.321,4097290.873,"Silva","NEON_D17_TEAK_DP1_322000_4097000_classified_point_cloud_colorized.laz","2018_TEAK_3_322000_4097000_image.tif","Tree",1,322000,322999.999,4097000,4097999.999
"8055",8313,322419.595,322422.437,4097285.542,4097289.415,"Silva","NEON_D17_TEAK_DP1_322000_4097000_classified_point_cloud_colorized.laz","2018_TEAK_3_322000_4097000_image.tif","Tree",1,322000,322999.999,4097000,4097999.999
"8056",8314,322508.507,322509.087,4097287.571,4097288.053,"Silva","NEON_D17_TEAK_DP1_322000_4097000_classified_point_cloud_colorized.laz","2018_TEAK_3_322000_4097000_image.tif","Tree",1,322000,322999.999,4097000,4097999.999
"8057",8315,322397.505,322400.932,4097286.112,4097289.487,"Silva","NEON_D17_TEAK_DP1_322000_4097000_classified_point_cloud_colorized.laz","2018_TEAK_3_322000_4097000_image.tif","Tree",1,322000,322999.999,4097000,4097999.999
"8058",8316,322358.587,322366.783,4097285.689,4097291.988,"Silva","NEON_D17_TEAK_DP1_322000_4097000_classified_point_cloud_colorized.laz","2018_TEAK_3_322000_4097000_image.tif","Tree",1,322000,322999.999,4097000,4097999.999
"8059",8317,322338.37,322346.651,4097283.594,4097291.98,"Silva","NEON_D17_TEAK_DP1_322000_4097000_classified_point_cloud_colorized.laz","2018_TEAK_3_322000_4097000_image.tif","Tree",1,322000,322999.999,4097000,4097999.999
"8060",8318,322152.726,322158.38,4097287.16,4097291.429,"Silva","NEON_D17_TEAK_DP1_322000_4097000_classified_point_cloud_colorized.laz","2018_TEAK_3_322000_4097000_image.tif","Tree",1,322000,322999.999,4097000,4097999.999
"8061",8319,322429.198,322432.938,4097286.704,4097290.881,"Silva","NEON_D17_TEAK_DP1_322000_4097000_classified_point_cloud_colorized.laz","2018_TEAK_3_322000_4097000_image.tif","Tree",1,322000,322999.999,4097000,4097999.999
"8062",8320,322483.294,322486.498,4097286.576,4097290.383,"Silva","NEON_D17_TEAK_DP1_322000_4097000_classified_point_cloud_colorized.laz","2018_TEAK_3_322000_4097000_image.tif","Tree",1,322000,322999.999,4097000,4097999.999
"8063",8321,322521.2,322521.621,4097288.539,4097288.778,"Silva","NEON_D17_TEAK_DP1_322000_4097000_classified_point_cloud_colorized.laz","2018_TEAK_3_322000_4097000_image.tif","Tree",1,322000,322999.999,4097000,4097999.999
"8064",8322,322473.049,322478.872,4097285.579,4097291.405,"Silva","NEON_D17_TEAK_DP1_322000_4097000_classified_point_cloud_colorized.laz","2018_TEAK_3_322000_4097000_image.tif","Tree",1,322000,322999.999,4097000,4097999.999
"8065",8323,322076.51,322081.781,4097289.066,4097295.902,"Silva","NEON_D17_TEAK_DP1_322000_4097000_classified_point_cloud_colorized.laz","2018_TEAK_3_322000_4097000_image.tif","Tree",1,322000,322999.999,4097000,4097999.999
"8066",8324,322091.562,322096.977,4097288.212,4097294.754,"Silva","NEON_D17_TEAK_DP1_322000_4097000_classified_point_cloud_colorized.laz","2018_TEAK_3_322000_4097000_image.tif","Tree",1,322000,322999.999,4097000,4097999.999
"8067",8325,322258.528,322266.941,4097286.033,4097294.999,"Silva","NEON_D17_TEAK_DP1_322000_4097000_classified_point_cloud_colorized.laz","2018_TEAK_3_322000_4097000_image.tif","Tree",1,322000,322999.999,4097000,4097999.999
"8068",8326,322420.659,322423.589,4097289.577,4097293.287,"Silva","NEON_D17_TEAK_DP1_322000_4097000_classified_point_cloud_colorized.laz","2018_TEAK_3_322000_4097000_image.tif","Tree",1,322000,322999.999,4097000,4097999.999
"8069",8327,322105.526,322108.353,4097292.184,4097294.623,"Silva","NEON_D17_TEAK_DP1_322000_4097000_classified_point_cloud_colorized.laz","2018_TEAK_3_322000_4097000_image.tif","Tree",1,322000,322999.999,4097000,4097999.999
"8070",8328,322266.721,322274.473,4097288.667,4097295.2,"Silva","NEON_D17_TEAK_DP1_322000_4097000_classified_point_cloud_colorized.laz","2018_TEAK_3_322000_4097000_image.tif","Tree",1,322000,322999.999,4097000,4097999.999
"8071",8329,322120.504,322122.322,4097292.114,4097293.909,"Silva","NEON_D17_TEAK_DP1_322000_4097000_classified_point_cloud_colorized.laz","2018_TEAK_3_322000_4097000_image.tif","Tree",1,322000,322999.999,4097000,4097999.999
"8072",8330,322087.654,322091.036,4097293.119,4097296.94,"Silva","NEON_D17_TEAK_DP1_322000_4097000_classified_point_cloud_colorized.laz","2018_TEAK_3_322000_4097000_image.tif","Tree",1,322000,322999.999,4097000,4097999.999
"8073",8331,322132.524,322141.236,4097288.617,4097297.973,"Silva","NEON_D17_TEAK_DP1_322000_4097000_classified_point_cloud_colorized.laz","2018_TEAK_3_322000_4097000_image.tif","Tree",1,322000,322999.999,4097000,4097999.999
"8074",8332,322192.514,322203.978,4097288.137,4097298.304,"Silva","NEON_D17_TEAK_DP1_322000_4097000_classified_point_cloud_colorized.laz","2018_TEAK_3_322000_4097000_image.tif","Tree",1,322000,322999.999,4097000,4097999.999
"8075",8333,322405.667,322406.297,4097293.847,4097294.341,"Silva","NEON_D17_TEAK_DP1_322000_4097000_classified_point_cloud_colorized.laz","2018_TEAK_3_322000_4097000_image.tif","Tree",1,322000,322999.999,4097000,4097999.999
"8076",8334,322540.009,322542.698,4097291.595,4097294.469,"Silva","NEON_D17_TEAK_DP1_322000_4097000_classified_point_cloud_colorized.laz","2018_TEAK_3_322000_4097000_image.tif","Tree",1,322000,322999.999,4097000,4097999.999
"8077",8335,322454.264,322461.186,4097290.544,4097296.944,"Silva","NEON_D17_TEAK_DP1_322000_4097000_classified_point_cloud_colorized.laz","2018_TEAK_3_322000_4097000_image.tif","Tree",1,322000,322999.999,4097000,4097999.999
"8078",8336,322177.631,322189.433,4097289.631,4097299.994,"Silva","NEON_D17_TEAK_DP1_322000_4097000_classified_point_cloud_colorized.laz","2018_TEAK_3_322000_4097000_image.tif","Tree",1,322000,322999.999,4097000,4097999.999
"8079",8337,322563.009,322568.453,4097291.036,4097296.116,"Silva","NEON_D17_TEAK_DP1_322000_4097000_classified_point_cloud_colorized.laz","2018_TEAK_3_322000_4097000_image.tif","Tree",1,322000,322999.999,4097000,4097999.999
"8080",8338,322042.025,322044.289,4097296.59,4097299.444,"Silva","NEON_D17_TEAK_DP1_322000_4097000_classified_point_cloud_colorized.laz","2018_TEAK_3_322000_4097000_image.tif","Tree",1,322000,322999.999,4097000,4097999.999
"8081",8339,322084.526,322088.858,4097295.601,4097299.984,"Silva","NEON_D17_TEAK_DP1_322000_4097000_classified_point_cloud_colorized.laz","2018_TEAK_3_322000_4097000_image.tif","Tree",1,322000,322999.999,4097000,4097999.999
"8082",8340,322089.191,322093.329,4097294.764,4097299.294,"Silva","NEON_D17_TEAK_DP1_322000_4097000_classified_point_cloud_colorized.laz","2018_TEAK_3_322000_4097000_image.tif","Tree",1,322000,322999.999,4097000,4097999.999
"8083",8341,322482.379,322486.496,4097293.256,4097297.657,"Silva","NEON_D17_TEAK_DP1_322000_4097000_classified_point_cloud_colorized.laz","2018_TEAK_3_322000_4097000_image.tif","Tree",1,322000,322999.999,4097000,4097999.999
"8084",8342,322415.136,322419.976,4097293.641,4097298.45,"Silva","NEON_D17_TEAK_DP1_322000_4097000_classified_point_cloud_colorized.laz","2018_TEAK_3_322000_4097000_image.tif","Tree",1,322000,322999.999,4097000,4097999.999
"8085",8343,322112.222,322115.958,4097296.074,4097299.981,"Silva","NEON_D17_TEAK_DP1_322000_4097000_classified_point_cloud_colorized.laz","2018_TEAK_3_322000_4097000_image.tif","Tree",1,322000,322999.999,4097000,4097999.999
"8086",8344,322063.116,322072.991,4097292.512,4097302.49,"Silva","NEON_D17_TEAK_DP1_322000_4097000_classified_point_cloud_colorized.laz","2018_TEAK_3_322000_4097000_image.tif","Tree",1,322000,322999.999,4097000,4097999.999
"8087",8345,322048.077,322052.44,4097295.123,4097302.23,"Silva","NEON_D17_TEAK_DP1_322000_4097000_classified_point_cloud_colorized.laz","2018_TEAK_3_322000_4097000_image.tif","Tree",1,322000,322999.999,4097000,4097999.999
"8088",8346,322358.027,322364.474,4097291.079,4097301.952,"Silva","NEON_D17_TEAK_DP1_322000_4097000_classified_point_cloud_colorized.laz","2018_TEAK_3_322000_4097000_image.tif","Tree",1,322000,322999.999,4097000,4097999.999
"8089",8347,322407.076,322408.035,4097295.536,4097298.813,"Silva","NEON_D17_TEAK_DP1_322000_4097000_classified_point_cloud_colorized.laz","2018_TEAK_3_322000_4097000_image.tif","Tree",1,322000,322999.999,4097000,4097999.999
"8090",8348,322559.58,322563.944,4097292.972,4097298.186,"Silva","NEON_D17_TEAK_DP1_322000_4097000_classified_point_cloud_colorized.laz","2018_TEAK_3_322000_4097000_image.tif","Tree",1,322000,322999.999,4097000,4097999.999
"8091",8349,322466.203,322469.942,4097295.108,4097298.81,"Silva","NEON_D17_TEAK_DP1_322000_4097000_classified_point_cloud_colorized.laz","2018_TEAK_3_322000_4097000_image.tif","Tree",1,322000,322999.999,4097000,4097999.999
"8092",8350,322438.521,322443.401,4097292.003,4097298.477,"Silva","NEON_D17_TEAK_DP1_322000_4097000_classified_point_cloud_colorized.laz","2018_TEAK_3_322000_4097000_image.tif","Tree",1,322000,322999.999,4097000,4097999.999
"8093",8351,322259.503,322266.362,4097294.614,4097296.328,"Silva","NEON_D17_TEAK_DP1_322000_4097000_classified_point_cloud_colorized.laz","2018_TEAK_3_322000_4097000_image.tif","Tree",1,322000,322999.999,4097000,4097999.999
"8094",8352,322571.513,322577.932,4097294.185,4097300.498,"Silva","NEON_D17_TEAK_DP1_322000_4097000_classified_point_cloud_colorized.laz","2018_TEAK_3_322000_4097000_image.tif","Tree",1,322000,322999.999,4097000,4097999.999
"8095",8353,322101.175,322101.743,4097297.162,4097297.777,"Silva","NEON_D17_TEAK_DP1_322000_4097000_classified_point_cloud_colorized.laz","2018_TEAK_3_322000_4097000_image.tif","Tree",1,322000,322999.999,4097000,4097999.999
"8096",8354,322026.005,322032.572,4097296.508,4097305.265,"Silva","NEON_D17_TEAK_DP1_322000_4097000_classified_point_cloud_colorized.laz","2018_TEAK_3_322000_4097000_image.tif","Tree",1,322000,322999.999,4097000,4097999.999
"8097",8355,322040.135,322040.888,4097301.158,4097301.89,"Silva","NEON_D17_TEAK_DP1_322000_4097000_classified_point_cloud_colorized.laz","2018_TEAK_3_322000_4097000_image.tif","Tree",1,322000,322999.999,4097000,4097999.999
"8098",8356,322113.189,322117.424,4097298.665,4097302.831,"Silva","NEON_D17_TEAK_DP1_322000_4097000_classified_point_cloud_colorized.laz","2018_TEAK_3_322000_4097000_image.tif","Tree",1,322000,322999.999,4097000,4097999.999
"8099",8357,322348.515,322355.823,4097295.065,4097303.077,"Silva","NEON_D17_TEAK_DP1_322000_4097000_classified_point_cloud_colorized.laz","2018_TEAK_3_322000_4097000_image.tif","Tree",1,322000,322999.999,4097000,4097999.999
"8100",8358,322566.556,322572.475,4097295.521,4097302.449,"Silva","NEON_D17_TEAK_DP1_322000_4097000_classified_point_cloud_colorized.laz","2018_TEAK_3_322000_4097000_image.tif","Tree",1,322000,322999.999,4097000,4097999.999
"8101",8359,322514.04,322514.932,4097299.158,4097300.2,"Silva","NEON_D17_TEAK_DP1_322000_4097000_classified_point_cloud_colorized.laz","2018_TEAK_3_322000_4097000_image.tif","Tree",1,322000,322999.999,4097000,4097999.999
"8102",8360,322032.532,322036.749,4097297.513,4097301.807,"Silva","NEON_D17_TEAK_DP1_322000_4097000_classified_point_cloud_colorized.laz","2018_TEAK_3_322000_4097000_image.tif","Tree",1,322000,322999.999,4097000,4097999.999
"8103",8361,322470.509,322476.48,4097297.122,4097302.84,"Silva","NEON_D17_TEAK_DP1_322000_4097000_classified_point_cloud_colorized.laz","2018_TEAK_3_322000_4097000_image.tif","Tree",1,322000,322999.999,4097000,4097999.999
"8104",8362,322122.573,322125.842,4097300.608,4097304.91,"Silva","NEON_D17_TEAK_DP1_322000_4097000_classified_point_cloud_colorized.laz","2018_TEAK_3_322000_4097000_image.tif","Tree",1,322000,322999.999,4097000,4097999.999
"8105",8363,322478.604,322482.498,4097299.116,4097303.78,"Silva","NEON_D17_TEAK_DP1_322000_4097000_classified_point_cloud_colorized.laz","2018_TEAK_3_322000_4097000_image.tif","Tree",1,322000,322999.999,4097000,4097999.999
"8106",8364,322541.786,322547.89,4097297.55,4097304.411,"Silva","NEON_D17_TEAK_DP1_322000_4097000_classified_point_cloud_colorized.laz","2018_TEAK_3_322000_4097000_image.tif","Tree",1,322000,322999.999,4097000,4097999.999
"8107",8365,322022.603,322030.969,4097300.498,4097309.951,"Silva","NEON_D17_TEAK_DP1_322000_4097000_classified_point_cloud_colorized.laz","2018_TEAK_3_322000_4097000_image.tif","Tree",1,322000,322999.999,4097000,4097999.999
"8108",8366,322087.67,322092.471,4097301.166,4097306.39,"Silva","NEON_D17_TEAK_DP1_322000_4097000_classified_point_cloud_colorized.laz","2018_TEAK_3_322000_4097000_image.tif","Tree",1,322000,322999.999,4097000,4097999.999
"8109",8367,322155.074,322162.655,4097298.538,4097305.996,"Silva","NEON_D17_TEAK_DP1_322000_4097000_classified_point_cloud_colorized.laz","2018_TEAK_3_322000_4097000_image.tif","Tree",1,322000,322999.999,4097000,4097999.999
"8110",8368,322173.641,322181.267,4097298.313,4097307.16,"Silva","NEON_D17_TEAK_DP1_322000_4097000_classified_point_cloud_colorized.laz","2018_TEAK_3_322000_4097000_image.tif","Tree",1,322000,322999.999,4097000,4097999.999
"8111",8369,322372.734,322377.875,4097300.075,4097305.347,"Silva","NEON_D17_TEAK_DP1_322000_4097000_classified_point_cloud_colorized.laz","2018_TEAK_3_322000_4097000_image.tif","Tree",1,322000,322999.999,4097000,4097999.999
"8112",8370,322454.5,322458.451,4097300.712,4097305.392,"Silva","NEON_D17_TEAK_DP1_322000_4097000_classified_point_cloud_colorized.laz","2018_TEAK_3_322000_4097000_image.tif","Tree",1,322000,322999.999,4097000,4097999.999
"8113",8371,322471.103,322475.259,4097301.036,4097305.493,"Silva","NEON_D17_TEAK_DP1_322000_4097000_classified_point_cloud_colorized.laz","2018_TEAK_3_322000_4097000_image.tif","Tree",1,322000,322999.999,4097000,4097999.999
"8114",8372,322521.501,322525.429,4097300.527,4097304.831,"Silva","NEON_D17_TEAK_DP1_322000_4097000_classified_point_cloud_colorized.laz","2018_TEAK_3_322000_4097000_image.tif","Tree",1,322000,322999.999,4097000,4097999.999
"8115",8373,322557.601,322561.658,4097301.213,4097304.352,"Silva","NEON_D17_TEAK_DP1_322000_4097000_classified_point_cloud_colorized.laz","2018_TEAK_3_322000_4097000_image.tif","Tree",1,322000,322999.999,4097000,4097999.999
"8116",8374,322083.915,322087.175,4097303.08,4097306.278,"Silva","NEON_D17_TEAK_DP1_322000_4097000_classified_point_cloud_colorized.laz","2018_TEAK_3_322000_4097000_image.tif","Tree",1,322000,322999.999,4097000,4097999.999
"8117",8375,322040.762,322045.381,4097303.745,4097307.382,"Silva","NEON_D17_TEAK_DP1_322000_4097000_classified_point_cloud_colorized.laz","2018_TEAK_3_322000_4097000_image.tif","Tree",1,322000,322999.999,4097000,4097999.999
"8118",8376,322035.695,322038.918,4097302.899,4097307.869,"Silva","NEON_D17_TEAK_DP1_322000_4097000_classified_point_cloud_colorized.laz","2018_TEAK_3_322000_4097000_image.tif","Tree",1,322000,322999.999,4097000,4097999.999
"8119",8377,322119.547,322122.965,4097303.524,4097306.927,"Silva","NEON_D17_TEAK_DP1_322000_4097000_classified_point_cloud_colorized.laz","2018_TEAK_3_322000_4097000_image.tif","Tree",1,322000,322999.999,4097000,4097999.999
"8120",8378,322568.551,322576.63,4097300.506,4097308.999,"Silva","NEON_D17_TEAK_DP1_322000_4097000_classified_point_cloud_colorized.laz","2018_TEAK_3_322000_4097000_image.tif","Tree",1,322000,322999.999,4097000,4097999.999
"8121",8379,322519.593,322524.857,4097303.409,4097307.956,"Silva","NEON_D17_TEAK_DP1_322000_4097000_classified_point_cloud_colorized.laz","2018_TEAK_3_322000_4097000_image.tif","Tree",1,322000,322999.999,4097000,4097999.999
"8122",8380,322265.893,322271.935,4097301.544,4097311.944,"Silva","NEON_D17_TEAK_DP1_322000_4097000_classified_point_cloud_colorized.laz","2018_TEAK_3_322000_4097000_image.tif","Tree",1,322000,322999.999,4097000,4097999.999
"8123",8381,322351.001,322354.886,4097302.157,4097303.907,"Silva","NEON_D17_TEAK_DP1_322000_4097000_classified_point_cloud_colorized.laz","2018_TEAK_3_322000_4097000_image.tif","Tree",1,322000,322999.999,4097000,4097999.999
"8124",8382,322388.042,322391.367,4097304.026,4097308.968,"Silva","NEON_D17_TEAK_DP1_322000_4097000_classified_point_cloud_colorized.laz","2018_TEAK_3_322000_4097000_image.tif","Tree",1,322000,322999.999,4097000,4097999.999
"8125",8383,322513.312,322514.298,4097308.108,4097308.846,"Silva","NEON_D17_TEAK_DP1_322000_4097000_classified_point_cloud_colorized.laz","2018_TEAK_3_322000_4097000_image.tif","Tree",1,322000,322999.999,4097000,4097999.999
"8126",8384,322485.014,322492.984,4097302.002,4097310.474,"Silva","NEON_D17_TEAK_DP1_322000_4097000_classified_point_cloud_colorized.laz","2018_TEAK_3_322000_4097000_image.tif","Tree",1,322000,322999.999,4097000,4097999.999
"8127",8385,322166.622,322171.81,4097304.974,4097309.327,"Silva","NEON_D17_TEAK_DP1_322000_4097000_classified_point_cloud_colorized.laz","2018_TEAK_3_322000_4097000_image.tif","Tree",1,322000,322999.999,4097000,4097999.999
"8128",8386,322075.728,322079.987,4097306.914,4097310.838,"Silva","NEON_D17_TEAK_DP1_322000_4097000_classified_point_cloud_colorized.laz","2018_TEAK_3_322000_4097000_image.tif","Tree",1,322000,322999.999,4097000,4097999.999
"8129",8387,322100.552,322105.898,4097305.615,4097309.965,"Silva","NEON_D17_TEAK_DP1_322000_4097000_classified_point_cloud_colorized.laz","2018_TEAK_3_322000_4097000_image.tif","Tree",1,322000,322999.999,4097000,4097999.999
"8130",8388,322456.539,322460.817,4097305.268,4097309.625,"Silva","NEON_D17_TEAK_DP1_322000_4097000_classified_point_cloud_colorized.laz","2018_TEAK_3_322000_4097000_image.tif","Tree",1,322000,322999.999,4097000,4097999.999
"8131",8389,322525.366,322529.517,4097304.508,4097309.296,"Silva","NEON_D17_TEAK_DP1_322000_4097000_classified_point_cloud_colorized.laz","2018_TEAK_3_322000_4097000_image.tif","Tree",1,322000,322999.999,4097000,4097999.999
"8132",8390,322440.117,322445.115,4097305.217,4097310.429,"Silva","NEON_D17_TEAK_DP1_322000_4097000_classified_point_cloud_colorized.laz","2018_TEAK_3_322000_4097000_image.tif","Tree",1,322000,322999.999,4097000,4097999.999
"8133",8391,322064.024,322072.988,4097302.508,4097312.351,"Silva","NEON_D17_TEAK_DP1_322000_4097000_classified_point_cloud_colorized.laz","2018_TEAK_3_322000_4097000_image.tif","Tree",1,322000,322999.999,4097000,4097999.999
"8134",8392,322431.59,322437.631,4097304.24,4097311.775,"Silva","NEON_D17_TEAK_DP1_322000_4097000_classified_point_cloud_colorized.laz","2018_TEAK_3_322000_4097000_image.tif","Tree",1,322000,322999.999,4097000,4097999.999
"8135",8393,322522.003,322526.084,4097306.307,4097311.897,"Silva","NEON_D17_TEAK_DP1_322000_4097000_classified_point_cloud_colorized.laz","2018_TEAK_3_322000_4097000_image.tif","Tree",1,322000,322999.999,4097000,4097999.999
"8136",8394,322474.522,322478.887,4097306.561,4097311.316,"Silva","NEON_D17_TEAK_DP1_322000_4097000_classified_point_cloud_colorized.laz","2018_TEAK_3_322000_4097000_image.tif","Tree",1,322000,322999.999,4097000,4097999.999
"8137",8395,322215.031,322220.454,4097304.052,4097311.192,"Silva","NEON_D17_TEAK_DP1_322000_4097000_classified_point_cloud_colorized.laz","2018_TEAK_3_322000_4097000_image.tif","Tree",1,322000,322999.999,4097000,4097999.999
"8138",8396,322139.018,322142.731,4097306.107,4097310.817,"Silva","NEON_D17_TEAK_DP1_322000_4097000_classified_point_cloud_colorized.laz","2018_TEAK_3_322000_4097000_image.tif","Tree",1,322000,322999.999,4097000,4097999.999
"8139",8397,322045.622,322053.382,4097305.006,4097312.195,"Silva","NEON_D17_TEAK_DP1_322000_4097000_classified_point_cloud_colorized.laz","2018_TEAK_3_322000_4097000_image.tif","Tree",1,322000,322999.999,4097000,4097999.999
"8140",8398,322324.257,322332.416,4097298.908,4097312.289,"Silva","NEON_D17_TEAK_DP1_322000_4097000_classified_point_cloud_colorized.laz","2018_TEAK_3_322000_4097000_image.tif","Tree",1,322000,322999.999,4097000,4097999.999
"8141",8399,322331.5,322335.898,4097301.233,4097312.707,"Silva","NEON_D17_TEAK_DP1_322000_4097000_classified_point_cloud_colorized.laz","2018_TEAK_3_322000_4097000_image.tif","Tree",1,322000,322999.999,4097000,4097999.999
"8142",8400,322470.08,322474.479,4097306.635,4097311.391,"Silva","NEON_D17_TEAK_DP1_322000_4097000_classified_point_cloud_colorized.laz","2018_TEAK_3_322000_4097000_image.tif","Tree",1,322000,322999.999,4097000,4097999.999
"8143",8401,322254.763,322258.403,4097308.001,4097312.056,"Silva","NEON_D17_TEAK_DP1_322000_4097000_classified_point_cloud_colorized.laz","2018_TEAK_3_322000_4097000_image.tif","Tree",1,322000,322999.999,4097000,4097999.999
"8144",8403,322069.732,322076.963,4097304.503,4097312.308,"Silva","NEON_D17_TEAK_DP1_322000_4097000_classified_point_cloud_colorized.laz","2018_TEAK_3_322000_4097000_image.tif","Tree",1,322000,322999.999,4097000,4097999.999
"8145",8404,322209.249,322214.856,4097307.256,4097314.435,"Silva","NEON_D17_TEAK_DP1_322000_4097000_classified_point_cloud_colorized.laz","2018_TEAK_3_322000_4097000_image.tif","Tree",1,322000,322999.999,4097000,4097999.999
"8146",8405,322406.578,322413.417,4097307.563,4097313.879,"Silva","NEON_D17_TEAK_DP1_322000_4097000_classified_point_cloud_colorized.laz","2018_TEAK_3_322000_4097000_image.tif","Tree",1,322000,322999.999,4097000,4097999.999
"8147",8406,322414.015,322418.828,4097308.502,4097312.41,"Silva","NEON_D17_TEAK_DP1_322000_4097000_classified_point_cloud_colorized.laz","2018_TEAK_3_322000_4097000_image.tif","Tree",1,322000,322999.999,4097000,4097999.999
"8148",8407,322504.024,322508.919,4097308.118,4097313.396,"Silva","NEON_D17_TEAK_DP1_322000_4097000_classified_point_cloud_colorized.laz","2018_TEAK_3_322000_4097000_image.tif","Tree",1,322000,322999.999,4097000,4097999.999
"8149",8408,322532.554,322541.138,4097303.685,4097312.981,"Silva","NEON_D17_TEAK_DP1_322000_4097000_classified_point_cloud_colorized.laz","2018_TEAK_3_322000_4097000_image.tif","Tree",1,322000,322999.999,4097000,4097999.999
"8150",8410,322344.658,322347.354,4097309.941,4097312.196,"Silva","NEON_D17_TEAK_DP1_322000_4097000_classified_point_cloud_colorized.laz","2018_TEAK_3_322000_4097000_image.tif","Tree",1,322000,322999.999,4097000,4097999.999
"8151",8411,322286.171,322292.632,4097306.674,4097313.466,"Silva","NEON_D17_TEAK_DP1_322000_4097000_classified_point_cloud_colorized.laz","2018_TEAK_3_322000_4097000_image.tif","Tree",1,322000,322999.999,4097000,4097999.999
"8152",8412,322089.632,322098.141,4097305.516,4097315.765,"Silva","NEON_D17_TEAK_DP1_322000_4097000_classified_point_cloud_colorized.laz","2018_TEAK_3_322000_4097000_image.tif","Tree",1,322000,322999.999,4097000,4097999.999
"8153",8413,322292.517,322302.741,4097305.242,4097314.473,"Silva","NEON_D17_TEAK_DP1_322000_4097000_classified_point_cloud_colorized.laz","2018_TEAK_3_322000_4097000_image.tif","Tree",1,322000,322999.999,4097000,4097999.999
"8154",8414,322150.197,322153.792,4097312.039,4097313.964,"Silva","NEON_D17_TEAK_DP1_322000_4097000_classified_point_cloud_colorized.laz","2018_TEAK_3_322000_4097000_image.tif","Tree",1,322000,322999.999,4097000,4097999.999
"8155",8415,322154.008,322159.475,4097308.768,4097313.942,"Silva","NEON_D17_TEAK_DP1_322000_4097000_classified_point_cloud_colorized.laz","2018_TEAK_3_322000_4097000_image.tif","Tree",1,322000,322999.999,4097000,4097999.999
"8156",8416,322160.159,322164.458,4097310.623,4097316.473,"Silva","NEON_D17_TEAK_DP1_322000_4097000_classified_point_cloud_colorized.laz","2018_TEAK_3_322000_4097000_image.tif","Tree",1,322000,322999.999,4097000,4097999.999
"8157",8417,322172.157,322175.495,4097309.306,4097313.034,"Silva","NEON_D17_TEAK_DP1_322000_4097000_classified_point_cloud_colorized.laz","2018_TEAK_3_322000_4097000_image.tif","Tree",1,322000,322999.999,4097000,4097999.999
"8158",8418,322382.706,322385.481,4097311.073,4097314.764,"Silva","NEON_D17_TEAK_DP1_322000_4097000_classified_point_cloud_colorized.laz","2018_TEAK_3_322000_4097000_image.tif","Tree",1,322000,322999.999,4097000,4097999.999
"8159",8419,322508.76,322515.455,4097309.098,4097315.932,"Silva","NEON_D17_TEAK_DP1_322000_4097000_classified_point_cloud_colorized.laz","2018_TEAK_3_322000_4097000_image.tif","Tree",1,322000,322999.999,4097000,4097999.999
"8160",8420,322550.517,322555.9,4097309.561,4097315.713,"Silva","NEON_D17_TEAK_DP1_322000_4097000_classified_point_cloud_colorized.laz","2018_TEAK_3_322000_4097000_image.tif","Tree",1,322000,322999.999,4097000,4097999.999
"8161",8422,322275.016,322280.155,4097308.601,4097316.464,"Silva","NEON_D17_TEAK_DP1_322000_4097000_classified_point_cloud_colorized.laz","2018_TEAK_3_322000_4097000_image.tif","Tree",1,322000,322999.999,4097000,4097999.999
"8162",8423,322051.02,322057.711,4097308.659,4097316.433,"Silva","NEON_D17_TEAK_DP1_322000_4097000_classified_point_cloud_colorized.laz","2018_TEAK_3_322000_4097000_image.tif","Tree",1,322000,322999.999,4097000,4097999.999
"8163",8424,322400.777,322405.435,4097311.017,4097316.696,"Silva","NEON_D17_TEAK_DP1_322000_4097000_classified_point_cloud_colorized.laz","2018_TEAK_3_322000_4097000_image.tif","Tree",1,322000,322999.999,4097000,4097999.999
"8164",8425,322538.548,322543.796,4097310.546,4097317.87,"Silva","NEON_D17_TEAK_DP1_322000_4097000_classified_point_cloud_colorized.laz","2018_TEAK_3_322000_4097000_image.tif","Tree",1,322000,322999.999,4097000,4097999.999
"8165",8426,322552.009,322557.353,4097312.191,4097317.776,"Silva","NEON_D17_TEAK_DP1_322000_4097000_classified_point_cloud_colorized.laz","2018_TEAK_3_322000_4097000_image.tif","Tree",1,322000,322999.999,4097000,4097999.999
"8166",8427,322561.01,322568.395,4097309.058,4097317.992,"Silva","NEON_D17_TEAK_DP1_322000_4097000_classified_point_cloud_colorized.laz","2018_TEAK_3_322000_4097000_image.tif","Tree",1,322000,322999.999,4097000,4097999.999
"8167",8428,322070.667,322076.961,4097312.05,4097318.939,"Silva","NEON_D17_TEAK_DP1_322000_4097000_classified_point_cloud_colorized.laz","2018_TEAK_3_322000_4097000_image.tif","Tree",1,322000,322999.999,4097000,4097999.999
"8168",8429,322476.201,322477.835,4097316.04,4097317.411,"Silva","NEON_D17_TEAK_DP1_322000_4097000_classified_point_cloud_colorized.laz","2018_TEAK_3_322000_4097000_image.tif","Tree",1,322000,322999.999,4097000,4097999.999
"8169",8430,322480.726,322484.472,4097314.612,4097318.37,"Silva","NEON_D17_TEAK_DP1_322000_4097000_classified_point_cloud_colorized.laz","2018_TEAK_3_322000_4097000_image.tif","Tree",1,322000,322999.999,4097000,4097999.999
"8170",8431,322514.247,322523.405,4097311.518,4097318.094,"Silva","NEON_D17_TEAK_DP1_322000_4097000_classified_point_cloud_colorized.laz","2018_TEAK_3_322000_4097000_image.tif","Tree",1,322000,322999.999,4097000,4097999.999
"8171",8432,322414.124,322417.274,4097315.102,4097317.922,"Silva","NEON_D17_TEAK_DP1_322000_4097000_classified_point_cloud_colorized.laz","2018_TEAK_3_322000_4097000_image.tif","Tree",1,322000,322999.999,4097000,4097999.999
"8172",8433,322373.026,322378.998,4097313.039,4097318.978,"Silva","NEON_D17_TEAK_DP1_322000_4097000_classified_point_cloud_colorized.laz","2018_TEAK_3_322000_4097000_image.tif","Tree",1,322000,322999.999,4097000,4097999.999
"8173",8434,322232.633,322239.451,4097311.364,4097320.489,"Silva","NEON_D17_TEAK_DP1_322000_4097000_classified_point_cloud_colorized.laz","2018_TEAK_3_322000_4097000_image.tif","Tree",1,322000,322999.999,4097000,4097999.999
"8174",8435,322032.521,322037.915,4097313.262,4097318.499,"Silva","NEON_D17_TEAK_DP1_322000_4097000_classified_point_cloud_colorized.laz","2018_TEAK_3_322000_4097000_image.tif","Tree",1,322000,322999.999,4097000,4097999.999
"8175",8436,322111.098,322114.369,4097314.088,4097318.119,"Silva","NEON_D17_TEAK_DP1_322000_4097000_classified_point_cloud_colorized.laz","2018_TEAK_3_322000_4097000_image.tif","Tree",1,322000,322999.999,4097000,4097999.999
"8176",8437,322356.671,322363.495,4097312.6,4097319.929,"Silva","NEON_D17_TEAK_DP1_322000_4097000_classified_point_cloud_colorized.laz","2018_TEAK_3_322000_4097000_image.tif","Tree",1,322000,322999.999,4097000,4097999.999
"8177",8438,322410.298,322413.32,4097313.635,4097317.28,"Silva","NEON_D17_TEAK_DP1_322000_4097000_classified_point_cloud_colorized.laz","2018_TEAK_3_322000_4097000_image.tif","Tree",1,322000,322999.999,4097000,4097999.999
"8178",8439,322076.758,322082.204,4097313.829,4097319.389,"Silva","NEON_D17_TEAK_DP1_322000_4097000_classified_point_cloud_colorized.laz","2018_TEAK_3_322000_4097000_image.tif","Tree",1,322000,322999.999,4097000,4097999.999
"8179",8440,322259.867,322265.414,4097312.269,4097318.397,"Silva","NEON_D17_TEAK_DP1_322000_4097000_classified_point_cloud_colorized.laz","2018_TEAK_3_322000_4097000_image.tif","Tree",1,322000,322999.999,4097000,4097999.999
"8180",8441,322500.172,322505.529,4097315.502,4097320.849,"Silva","NEON_D17_TEAK_DP1_322000_4097000_classified_point_cloud_colorized.laz","2018_TEAK_3_322000_4097000_image.tif","Tree",1,322000,322999.999,4097000,4097999.999
"8181",8442,322019.516,322025.927,4097313.002,4097320.436,"Silva","NEON_D17_TEAK_DP1_322000_4097000_classified_point_cloud_colorized.laz","2018_TEAK_3_322000_4097000_image.tif","Tree",1,322000,322999.999,4097000,4097999.999
"8182",8443,322119.663,322127.971,4097313.077,4097321.856,"Silva","NEON_D17_TEAK_DP1_322000_4097000_classified_point_cloud_colorized.laz","2018_TEAK_3_322000_4097000_image.tif","Tree",1,322000,322999.999,4097000,4097999.999
"8183",8444,322177.375,322183.553,4097314.025,4097320.443,"Silva","NEON_D17_TEAK_DP1_322000_4097000_classified_point_cloud_colorized.laz","2018_TEAK_3_322000_4097000_image.tif","Tree",1,322000,322999.999,4097000,4097999.999
"8184",8445,322510.085,322516.926,4097315.796,4097324.413,"Silva","NEON_D17_TEAK_DP1_322000_4097000_classified_point_cloud_colorized.laz","2018_TEAK_3_322000_4097000_image.tif","Tree",1,322000,322999.999,4097000,4097999.999
"8185",8446,322102.87,322107.872,4097315.855,4097321.995,"Silva","NEON_D17_TEAK_DP1_322000_4097000_classified_point_cloud_colorized.laz","2018_TEAK_3_322000_4097000_image.tif","Tree",1,322000,322999.999,4097000,4097999.999
"8186",8447,322395.175,322402.472,4097317.005,4097322.894,"Silva","NEON_D17_TEAK_DP1_322000_4097000_classified_point_cloud_colorized.laz","2018_TEAK_3_322000_4097000_image.tif","Tree",1,322000,322999.999,4097000,4097999.999
"8187",8448,322367.129,322367.844,4097320.307,4097320.824,"Silva","NEON_D17_TEAK_DP1_322000_4097000_classified_point_cloud_colorized.laz","2018_TEAK_3_322000_4097000_image.tif","Tree",1,322000,322999.999,4097000,4097999.999
"8188",8449,322270.939,322275.271,4097318.217,4097321.801,"Silva","NEON_D17_TEAK_DP1_322000_4097000_classified_point_cloud_colorized.laz","2018_TEAK_3_322000_4097000_image.tif","Tree",1,322000,322999.999,4097000,4097999.999
"8189",8450,322481.79,322483.613,4097324.625,4097324.928,"Silva","NEON_D17_TEAK_DP1_322000_4097000_classified_point_cloud_colorized.laz","2018_TEAK_3_322000_4097000_image.tif","Tree",1,322000,322999.999,4097000,4097999.999
"8190",8451,322573.028,322580.799,4097317.02,4097326.48,"Silva","NEON_D17_TEAK_DP1_322000_4097000_classified_point_cloud_colorized.laz","2018_TEAK_3_322000_4097000_image.tif","Tree",1,322000,322999.999,4097000,4097999.999
"8191",8453,322072.706,322076.288,4097318.793,4097325.805,"Silva","NEON_D17_TEAK_DP1_322000_4097000_classified_point_cloud_colorized.laz","2018_TEAK_3_322000_4097000_image.tif","Tree",1,322000,322999.999,4097000,4097999.999
"8192",8454,322527.384,322536.434,4097318.575,4097326.87,"Silva","NEON_D17_TEAK_DP1_322000_4097000_classified_point_cloud_colorized.laz","2018_TEAK_3_322000_4097000_image.tif","Tree",1,322000,322999.999,4097000,4097999.999
"8193",8455,322558.566,322566.495,4097317.509,4097326.981,"Silva","NEON_D17_TEAK_DP1_322000_4097000_classified_point_cloud_colorized.laz","2018_TEAK_3_322000_4097000_image.tif","Tree",1,322000,322999.999,4097000,4097999.999
"8194",8456,322566.509,322573.929,4097316.611,4097327.362,"Silva","NEON_D17_TEAK_DP1_322000_4097000_classified_point_cloud_colorized.laz","2018_TEAK_3_322000_4097000_image.tif","Tree",1,322000,322999.999,4097000,4097999.999
"8195",8457,322501.536,322509.964,4097319.172,4097326.906,"Silva","NEON_D17_TEAK_DP1_322000_4097000_classified_point_cloud_colorized.laz","2018_TEAK_3_322000_4097000_image.tif","Tree",1,322000,322999.999,4097000,4097999.999
"8196",8458,322029.582,322036.409,4097318.018,4097322.98,"Silva","NEON_D17_TEAK_DP1_322000_4097000_classified_point_cloud_colorized.laz","2018_TEAK_3_322000_4097000_image.tif","Tree",1,322000,322999.999,4097000,4097999.999
"8197",8459,322254.015,322259.342,4097318.005,4097323.947,"Silva","NEON_D17_TEAK_DP1_322000_4097000_classified_point_cloud_colorized.laz","2018_TEAK_3_322000_4097000_image.tif","Tree",1,322000,322999.999,4097000,4097999.999
"8198",8460,322459.062,322460.95,4097322.542,4097324.896,"Silva","NEON_D17_TEAK_DP1_322000_4097000_classified_point_cloud_colorized.laz","2018_TEAK_3_322000_4097000_image.tif","Tree",1,322000,322999.999,4097000,4097999.999
"8199",8461,322440.639,322440.917,4097323.824,4097323.986,"Silva","NEON_D17_TEAK_DP1_322000_4097000_classified_point_cloud_colorized.laz","2018_TEAK_3_322000_4097000_image.tif","Tree",1,322000,322999.999,4097000,4097999.999
"8200",8462,322247.112,322252.411,4097319.678,4097324.965,"Silva","NEON_D17_TEAK_DP1_322000_4097000_classified_point_cloud_colorized.laz","2018_TEAK_3_322000_4097000_image.tif","Tree",1,322000,322999.999,4097000,4097999.999
"8201",8463,322050.69,322057.423,4097318.522,4097325.903,"Silva","NEON_D17_TEAK_DP1_322000_4097000_classified_point_cloud_colorized.laz","2018_TEAK_3_322000_4097000_image.tif","Tree",1,322000,322999.999,4097000,4097999.999
"8202",8464,322517.593,322526.495,4097318.538,4097329.498,"Silva","NEON_D17_TEAK_DP1_322000_4097000_classified_point_cloud_colorized.laz","2018_TEAK_3_322000_4097000_image.tif","Tree",1,322000,322999.999,4097000,4097999.999
"8203",8465,322020.724,322025.742,4097320.582,4097324.817,"Silva","NEON_D17_TEAK_DP1_322000_4097000_classified_point_cloud_colorized.laz","2018_TEAK_3_322000_4097000_image.tif","Tree",1,322000,322999.999,4097000,4097999.999
"8204",8466,322089.029,322092.938,4097319.929,4097324.379,"Silva","NEON_D17_TEAK_DP1_322000_4097000_classified_point_cloud_colorized.laz","2018_TEAK_3_322000_4097000_image.tif","Tree",1,322000,322999.999,4097000,4097999.999
"8205",8468,322009.444,322015.416,4097317.752,4097328.917,"Silva","NEON_D17_TEAK_DP1_322000_4097000_classified_point_cloud_colorized.laz","2018_TEAK_3_322000_4097000_image.tif","Tree",1,322000,322999.999,4097000,4097999.999
"8206",8469,322092.184,322094.982,4097321.277,4097325,"Silva","NEON_D17_TEAK_DP1_322000_4097000_classified_point_cloud_colorized.laz","2018_TEAK_3_322000_4097000_image.tif","Tree",1,322000,322999.999,4097000,4097999.999
"8207",8470,322120.03,322129.114,4097318.515,4097326.4,"Silva","NEON_D17_TEAK_DP1_322000_4097000_classified_point_cloud_colorized.laz","2018_TEAK_3_322000_4097000_image.tif","Tree",1,322000,322999.999,4097000,4097999.999
"8208",8471,322156.542,322167.471,4097318.816,4097326.99,"Silva","NEON_D17_TEAK_DP1_322000_4097000_classified_point_cloud_colorized.laz","2018_TEAK_3_322000_4097000_image.tif","Tree",1,322000,322999.999,4097000,4097999.999
"8209",8472,322423.127,322424.997,4097325.537,4097327.368,"Silva","NEON_D17_TEAK_DP1_322000_4097000_classified_point_cloud_colorized.laz","2018_TEAK_3_322000_4097000_image.tif","Tree",1,322000,322999.999,4097000,4097999.999
"8210",8474,322267.048,322268.384,4097324.662,4097326.424,"Silva","NEON_D17_TEAK_DP1_322000_4097000_classified_point_cloud_colorized.laz","2018_TEAK_3_322000_4097000_image.tif","Tree",1,322000,322999.999,4097000,4097999.999
"8211",8475,322273.299,322279.874,4097320.848,4097327.402,"Silva","NEON_D17_TEAK_DP1_322000_4097000_classified_point_cloud_colorized.laz","2018_TEAK_3_322000_4097000_image.tif","Tree",1,322000,322999.999,4097000,4097999.999
"8212",8476,322534.2,322541.962,4097323.038,4097330.883,"Silva","NEON_D17_TEAK_DP1_322000_4097000_classified_point_cloud_colorized.laz","2018_TEAK_3_322000_4097000_image.tif","Tree",1,322000,322999.999,4097000,4097999.999
"8213",8477,322030.565,322036.567,4097323.037,4097327.176,"Silva","NEON_D17_TEAK_DP1_322000_4097000_classified_point_cloud_colorized.laz","2018_TEAK_3_322000_4097000_image.tif","Tree",1,322000,322999.999,4097000,4097999.999
"8214",8478,322094.601,322098.432,4097323.101,4097326.922,"Silva","NEON_D17_TEAK_DP1_322000_4097000_classified_point_cloud_colorized.laz","2018_TEAK_3_322000_4097000_image.tif","Tree",1,322000,322999.999,4097000,4097999.999
"8215",8479,322480.502,322487.389,4097325.008,4097332.134,"Silva","NEON_D17_TEAK_DP1_322000_4097000_classified_point_cloud_colorized.laz","2018_TEAK_3_322000_4097000_image.tif","Tree",1,322000,322999.999,4097000,4097999.999
"8216",8480,322543.087,322548.989,4097325.515,4097332.486,"Silva","NEON_D17_TEAK_DP1_322000_4097000_classified_point_cloud_colorized.laz","2018_TEAK_3_322000_4097000_image.tif","Tree",1,322000,322999.999,4097000,4097999.999
"8217",8481,322466.044,322466.114,4097329.097,4097329.258,"Silva","NEON_D17_TEAK_DP1_322000_4097000_classified_point_cloud_colorized.laz","2018_TEAK_3_322000_4097000_image.tif","Tree",1,322000,322999.999,4097000,4097999.999
"8218",8482,322324.178,322332.469,4097321.588,4097329.887,"Silva","NEON_D17_TEAK_DP1_322000_4097000_classified_point_cloud_colorized.laz","2018_TEAK_3_322000_4097000_image.tif","Tree",1,322000,322999.999,4097000,4097999.999
"8219",8483,322284.036,322293.849,4097320.321,4097329.485,"Silva","NEON_D17_TEAK_DP1_322000_4097000_classified_point_cloud_colorized.laz","2018_TEAK_3_322000_4097000_image.tif","Tree",1,322000,322999.999,4097000,4097999.999
"8220",8484,322231.022,322239.904,4097320.563,4097330.465,"Silva","NEON_D17_TEAK_DP1_322000_4097000_classified_point_cloud_colorized.laz","2018_TEAK_3_322000_4097000_image.tif","Tree",1,322000,322999.999,4097000,4097999.999
"8221",8485,322538.62,322544.124,4097325.679,4097332.455,"Silva","NEON_D17_TEAK_DP1_322000_4097000_classified_point_cloud_colorized.laz","2018_TEAK_3_322000_4097000_image.tif","Tree",1,322000,322999.999,4097000,4097999.999
"8222",8486,322267.014,322268.865,4097328.24,4097329.246,"Silva","NEON_D17_TEAK_DP1_322000_4097000_classified_point_cloud_colorized.laz","2018_TEAK_3_322000_4097000_image.tif","Tree",1,322000,322999.999,4097000,4097999.999
"8223",8487,322237.321,322241.622,4097322.199,4097333.319,"Silva","NEON_D17_TEAK_DP1_322000_4097000_classified_point_cloud_colorized.laz","2018_TEAK_3_322000_4097000_image.tif","Tree",1,322000,322999.999,4097000,4097999.999
"8224",8488,322247.55,322253.976,4097324.745,4097330.586,"Silva","NEON_D17_TEAK_DP1_322000_4097000_classified_point_cloud_colorized.laz","2018_TEAK_3_322000_4097000_image.tif","Tree",1,322000,322999.999,4097000,4097999.999
"8225",8489,322414.01,322416.98,4097328.526,4097331.989,"Silva","NEON_D17_TEAK_DP1_322000_4097000_classified_point_cloud_colorized.laz","2018_TEAK_3_322000_4097000_image.tif","Tree",1,322000,322999.999,4097000,4097999.999
"8226",8490,322472.126,322478.879,4097327.06,4097334.862,"Silva","NEON_D17_TEAK_DP1_322000_4097000_classified_point_cloud_colorized.laz","2018_TEAK_3_322000_4097000_image.tif","Tree",1,322000,322999.999,4097000,4097999.999
"8227",8491,322454.263,322461.21,4097328.02,4097332.515,"Silva","NEON_D17_TEAK_DP1_322000_4097000_classified_point_cloud_colorized.laz","2018_TEAK_3_322000_4097000_image.tif","Tree",1,322000,322999.999,4097000,4097999.999
"8228",8492,322057.513,322063.453,4097325.57,4097331.459,"Silva","NEON_D17_TEAK_DP1_322000_4097000_classified_point_cloud_colorized.laz","2018_TEAK_3_322000_4097000_image.tif","Tree",1,322000,322999.999,4097000,4097999.999
"8229",8493,322129.298,322132.906,4097326.049,4097330.455,"Silva","NEON_D17_TEAK_DP1_322000_4097000_classified_point_cloud_colorized.laz","2018_TEAK_3_322000_4097000_image.tif","Tree",1,322000,322999.999,4097000,4097999.999
"8230",8494,322293.077,322301.33,4097326.694,4097330.994,"Silva","NEON_D17_TEAK_DP1_322000_4097000_classified_point_cloud_colorized.laz","2018_TEAK_3_322000_4097000_image.tif","Tree",1,322000,322999.999,4097000,4097999.999
"8231",8495,322502.025,322509.361,4097327.529,4097334.388,"Silva","NEON_D17_TEAK_DP1_322000_4097000_classified_point_cloud_colorized.laz","2018_TEAK_3_322000_4097000_image.tif","Tree",1,322000,322999.999,4097000,4097999.999
"8232",8496,322580.019,322589.403,4097326.072,4097333.994,"Silva","NEON_D17_TEAK_DP1_322000_4097000_classified_point_cloud_colorized.laz","2018_TEAK_3_322000_4097000_image.tif","Tree",1,322000,322999.999,4097000,4097999.999
"8233",8497,322531.505,322537.228,4097327.096,4097335.989,"Silva","NEON_D17_TEAK_DP1_322000_4097000_classified_point_cloud_colorized.laz","2018_TEAK_3_322000_4097000_image.tif","Tree",1,322000,322999.999,4097000,4097999.999
"8234",8498,322524.554,322531.49,4097327.731,4097335.746,"Silva","NEON_D17_TEAK_DP1_322000_4097000_classified_point_cloud_colorized.laz","2018_TEAK_3_322000_4097000_image.tif","Tree",1,322000,322999.999,4097000,4097999.999
"8235",8499,322125.05,322127.312,4097326.035,4097331.936,"Silva","NEON_D17_TEAK_DP1_322000_4097000_classified_point_cloud_colorized.laz","2018_TEAK_3_322000_4097000_image.tif","Tree",1,322000,322999.999,4097000,4097999.999
"8236",8500,322301.208,322306.472,4097328.112,4097334.346,"Silva","NEON_D17_TEAK_DP1_322000_4097000_classified_point_cloud_colorized.laz","2018_TEAK_3_322000_4097000_image.tif","Tree",1,322000,322999.999,4097000,4097999.999
"8237",8501,322032.17,322034.966,4097328.648,4097330.482,"Silva","NEON_D17_TEAK_DP1_322000_4097000_classified_point_cloud_colorized.laz","2018_TEAK_3_322000_4097000_image.tif","Tree",1,322000,322999.999,4097000,4097999.999
"8238",8502,322113.552,322118.728,4097327.564,4097332.349,"Silva","NEON_D17_TEAK_DP1_322000_4097000_classified_point_cloud_colorized.laz","2018_TEAK_3_322000_4097000_image.tif","Tree",1,322000,322999.999,4097000,4097999.999
"8239",8503,322222.596,322230.812,4097326.504,4097334.499,"Silva","NEON_D17_TEAK_DP1_322000_4097000_classified_point_cloud_colorized.laz","2018_TEAK_3_322000_4097000_image.tif","Tree",1,322000,322999.999,4097000,4097999.999
"8240",8504,322258.254,322262.256,4097329.15,4097333.336,"Silva","NEON_D17_TEAK_DP1_322000_4097000_classified_point_cloud_colorized.laz","2018_TEAK_3_322000_4097000_image.tif","Tree",1,322000,322999.999,4097000,4097999.999
"8241",8505,322379.092,322386.47,4097328.511,4097337,"Silva","NEON_D17_TEAK_DP1_322000_4097000_classified_point_cloud_colorized.laz","2018_TEAK_3_322000_4097000_image.tif","Tree",1,322000,322999.999,4097000,4097999.999
"8242",8506,322190.508,322197.828,4097325.005,4097333.722,"Silva","NEON_D17_TEAK_DP1_322000_4097000_classified_point_cloud_colorized.laz","2018_TEAK_3_322000_4097000_image.tif","Tree",1,322000,322999.999,4097000,4097999.999
"8243",8507,322078.714,322086.225,4097326.064,4097332.882,"Silva","NEON_D17_TEAK_DP1_322000_4097000_classified_point_cloud_colorized.laz","2018_TEAK_3_322000_4097000_image.tif","Tree",1,322000,322999.999,4097000,4097999.999
"8244",8508,322035.027,322041.246,4097326.005,4097333.642,"Silva","NEON_D17_TEAK_DP1_322000_4097000_classified_point_cloud_colorized.laz","2018_TEAK_3_322000_4097000_image.tif","Tree",1,322000,322999.999,4097000,4097999.999
"8245",8509,322000.522,322005.36,4097329.056,4097334.305,"Silva","NEON_D17_TEAK_DP1_322000_4097000_classified_point_cloud_colorized.laz","2018_TEAK_3_322000_4097000_image.tif","Tree",1,322000,322999.999,4097000,4097999.999
"8246",8510,322492.03,322496.445,4097332.011,4097335.98,"Silva","NEON_D17_TEAK_DP1_322000_4097000_classified_point_cloud_colorized.laz","2018_TEAK_3_322000_4097000_image.tif","Tree",1,322000,322999.999,4097000,4097999.999
"8247",8511,322566.046,322572.961,4097329.154,4097339.452,"Silva","NEON_D17_TEAK_DP1_322000_4097000_classified_point_cloud_colorized.laz","2018_TEAK_3_322000_4097000_image.tif","Tree",1,322000,322999.999,4097000,4097999.999
"8248",8512,322314.549,322320.324,4097330.075,4097335.161,"Silva","NEON_D17_TEAK_DP1_322000_4097000_classified_point_cloud_colorized.laz","2018_TEAK_3_322000_4097000_image.tif","Tree",1,322000,322999.999,4097000,4097999.999
"8249",8513,322294.5,322299.874,4097331.096,4097335.724,"Silva","NEON_D17_TEAK_DP1_322000_4097000_classified_point_cloud_colorized.laz","2018_TEAK_3_322000_4097000_image.tif","Tree",1,322000,322999.999,4097000,4097999.999
"8250",8514,322130.142,322134.876,4097329.588,4097333.978,"Silva","NEON_D17_TEAK_DP1_322000_4097000_classified_point_cloud_colorized.laz","2018_TEAK_3_322000_4097000_image.tif","Tree",1,322000,322999.999,4097000,4097999.999
"8251",8515,322264.042,322267.449,4097331.532,4097336.937,"Silva","NEON_D17_TEAK_DP1_322000_4097000_classified_point_cloud_colorized.laz","2018_TEAK_3_322000_4097000_image.tif","Tree",1,322000,322999.999,4097000,4097999.999
"8252",8516,322513.264,322520.86,4097330.604,4097339.393,"Silva","NEON_D17_TEAK_DP1_322000_4097000_classified_point_cloud_colorized.laz","2018_TEAK_3_322000_4097000_image.tif","Tree",1,322000,322999.999,4097000,4097999.999
"8253",8517,322558.01,322566.493,4097333.576,4097341.933,"Silva","NEON_D17_TEAK_DP1_322000_4097000_classified_point_cloud_colorized.laz","2018_TEAK_3_322000_4097000_image.tif","Tree",1,322000,322999.999,4097000,4097999.999
"8254",8518,322580.534,322589.49,4097333.091,4097338.495,"Silva","NEON_D17_TEAK_DP1_322000_4097000_classified_point_cloud_colorized.laz","2018_TEAK_3_322000_4097000_image.tif","Tree",1,322000,322999.999,4097000,4097999.999
"8255",8519,322505.078,322511.377,4097333.123,4097337.402,"Silva","NEON_D17_TEAK_DP1_322000_4097000_classified_point_cloud_colorized.laz","2018_TEAK_3_322000_4097000_image.tif","Tree",1,322000,322999.999,4097000,4097999.999
"8256",8520,322260.41,322263.389,4097333.049,4097337.642,"Silva","NEON_D17_TEAK_DP1_322000_4097000_classified_point_cloud_colorized.laz","2018_TEAK_3_322000_4097000_image.tif","Tree",1,322000,322999.999,4097000,4097999.999
"8257",8522,322049.017,322055.468,4097329.547,4097334.994,"Silva","NEON_D17_TEAK_DP1_322000_4097000_classified_point_cloud_colorized.laz","2018_TEAK_3_322000_4097000_image.tif","Tree",1,322000,322999.999,4097000,4097999.999
"8258",8523,322103.467,322107.56,4097329.536,4097335.333,"Silva","NEON_D17_TEAK_DP1_322000_4097000_classified_point_cloud_colorized.laz","2018_TEAK_3_322000_4097000_image.tif","Tree",1,322000,322999.999,4097000,4097999.999
"8259",8524,322243.683,322251.377,4097330.329,4097335.977,"Silva","NEON_D17_TEAK_DP1_322000_4097000_classified_point_cloud_colorized.laz","2018_TEAK_3_322000_4097000_image.tif","Tree",1,322000,322999.999,4097000,4097999.999
"8260",8525,322285.513,322294.48,4097330.849,4097338.076,"Silva","NEON_D17_TEAK_DP1_322000_4097000_classified_point_cloud_colorized.laz","2018_TEAK_3_322000_4097000_image.tif","Tree",1,322000,322999.999,4097000,4097999.999
"8261",8526,322320.518,322325.896,4097329.234,4097336.334,"Silva","NEON_D17_TEAK_DP1_322000_4097000_classified_point_cloud_colorized.laz","2018_TEAK_3_322000_4097000_image.tif","Tree",1,322000,322999.999,4097000,4097999.999
"8262",8527,322326.014,322332.275,4097330.062,4097335.365,"Silva","NEON_D17_TEAK_DP1_322000_4097000_classified_point_cloud_colorized.laz","2018_TEAK_3_322000_4097000_image.tif","Tree",1,322000,322999.999,4097000,4097999.999
"8263",8528,322306.266,322314.195,4097333.022,4097340.492,"Silva","NEON_D17_TEAK_DP1_322000_4097000_classified_point_cloud_colorized.laz","2018_TEAK_3_322000_4097000_image.tif","Tree",1,322000,322999.999,4097000,4097999.999
"8264",8529,322062.204,322063.913,4097332.875,4097334.365,"Silva","NEON_D17_TEAK_DP1_322000_4097000_classified_point_cloud_colorized.laz","2018_TEAK_3_322000_4097000_image.tif","Tree",1,322000,322999.999,4097000,4097999.999
"8265",8530,322589.202,322599.498,4097334.508,4097343.468,"Silva","NEON_D17_TEAK_DP1_322000_4097000_classified_point_cloud_colorized.laz","2018_TEAK_3_322000_4097000_image.tif","Tree",1,322000,322999.999,4097000,4097999.999
"8266",8531,322527.52,322536.299,4097335.001,4097341.952,"Silva","NEON_D17_TEAK_DP1_322000_4097000_classified_point_cloud_colorized.laz","2018_TEAK_3_322000_4097000_image.tif","Tree",1,322000,322999.999,4097000,4097999.999
"8267",8532,322401.003,322407.642,4097331.52,4097340.491,"Silva","NEON_D17_TEAK_DP1_322000_4097000_classified_point_cloud_colorized.laz","2018_TEAK_3_322000_4097000_image.tif","Tree",1,322000,322999.999,4097000,4097999.999
"8268",8533,322114.581,322119.356,4097332.01,4097335.877,"Silva","NEON_D17_TEAK_DP1_322000_4097000_classified_point_cloud_colorized.laz","2018_TEAK_3_322000_4097000_image.tif","Tree",1,322000,322999.999,4097000,4097999.999
"8269",8534,322001.097,322007.484,4097331.418,4097337.214,"Silva","NEON_D17_TEAK_DP1_322000_4097000_classified_point_cloud_colorized.laz","2018_TEAK_3_322000_4097000_image.tif","Tree",1,322000,322999.999,4097000,4097999.999
"8270",8535,322007.503,322014.938,4097328.635,4097336.973,"Silva","NEON_D17_TEAK_DP1_322000_4097000_classified_point_cloud_colorized.laz","2018_TEAK_3_322000_4097000_image.tif","Tree",1,322000,322999.999,4097000,4097999.999
"8271",8536,322022.146,322027.378,4097333.11,4097336.429,"Silva","NEON_D17_TEAK_DP1_322000_4097000_classified_point_cloud_colorized.laz","2018_TEAK_3_322000_4097000_image.tif","Tree",1,322000,322999.999,4097000,4097999.999
"8272",8537,322056.623,322059.499,4097330.795,4097338.954,"Silva","NEON_D17_TEAK_DP1_322000_4097000_classified_point_cloud_colorized.laz","2018_TEAK_3_322000_4097000_image.tif","Tree",1,322000,322999.999,4097000,4097999.999
"8273",8538,322133.513,322137.923,4097332.69,4097336.705,"Silva","NEON_D17_TEAK_DP1_322000_4097000_classified_point_cloud_colorized.laz","2018_TEAK_3_322000_4097000_image.tif","Tree",1,322000,322999.999,4097000,4097999.999
"8274",8539,322230.306,322237.905,4097330.334,4097339.772,"Silva","NEON_D17_TEAK_DP1_322000_4097000_classified_point_cloud_colorized.laz","2018_TEAK_3_322000_4097000_image.tif","Tree",1,322000,322999.999,4097000,4097999.999
"8275",8540,322328.584,322334.79,4097332.058,4097343.13,"Silva","NEON_D17_TEAK_DP1_322000_4097000_classified_point_cloud_colorized.laz","2018_TEAK_3_322000_4097000_image.tif","Tree",1,322000,322999.999,4097000,4097999.999
"8276",8541,322361.526,322369.434,4097333.552,4097342.342,"Silva","NEON_D17_TEAK_DP1_322000_4097000_classified_point_cloud_colorized.laz","2018_TEAK_3_322000_4097000_image.tif","Tree",1,322000,322999.999,4097000,4097999.999
"8277",8542,322471.003,322479.963,4097334.222,4097343.491,"Silva","NEON_D17_TEAK_DP1_322000_4097000_classified_point_cloud_colorized.laz","2018_TEAK_3_322000_4097000_image.tif","Tree",1,322000,322999.999,4097000,4097999.999
"8278",8543,322296.233,322305.405,4097334.055,4097339.748,"Silva","NEON_D17_TEAK_DP1_322000_4097000_classified_point_cloud_colorized.laz","2018_TEAK_3_322000_4097000_image.tif","Tree",1,322000,322999.999,4097000,4097999.999
"8279",8544,322121.111,322126.766,4097333.043,4097337.671,"Silva","NEON_D17_TEAK_DP1_322000_4097000_classified_point_cloud_colorized.laz","2018_TEAK_3_322000_4097000_image.tif","Tree",1,322000,322999.999,4097000,4097999.999
"8280",8545,322324.21,322329.294,4097335.75,4097342.888,"Silva","NEON_D17_TEAK_DP1_322000_4097000_classified_point_cloud_colorized.laz","2018_TEAK_3_322000_4097000_image.tif","Tree",1,322000,322999.999,4097000,4097999.999
"8281",8546,322222.514,322230.593,4097332.603,4097342.033,"Silva","NEON_D17_TEAK_DP1_322000_4097000_classified_point_cloud_colorized.laz","2018_TEAK_3_322000_4097000_image.tif","Tree",1,322000,322999.999,4097000,4097999.999
"8282",8547,322579.618,322589.876,4097338.501,4097345.499,"Silva","NEON_D17_TEAK_DP1_322000_4097000_classified_point_cloud_colorized.laz","2018_TEAK_3_322000_4097000_image.tif","Tree",1,322000,322999.999,4097000,4097999.999
"8283",8549,322439.183,322442.436,4097340.3,4097342.998,"Silva","NEON_D17_TEAK_DP1_322000_4097000_classified_point_cloud_colorized.laz","2018_TEAK_3_322000_4097000_image.tif","Tree",1,322000,322999.999,4097000,4097999.999
"8284",8550,322048.653,322054.984,4097334.676,4097340.417,"Silva","NEON_D17_TEAK_DP1_322000_4097000_classified_point_cloud_colorized.laz","2018_TEAK_3_322000_4097000_image.tif","Tree",1,322000,322999.999,4097000,4097999.999
"8285",8551,322078.607,322086.452,4097334.772,4097342,"Silva","NEON_D17_TEAK_DP1_322000_4097000_classified_point_cloud_colorized.laz","2018_TEAK_3_322000_4097000_image.tif","Tree",1,322000,322999.999,4097000,4097999.999
"8286",8552,322244.033,322250.943,4097336.052,4097341.787,"Silva","NEON_D17_TEAK_DP1_322000_4097000_classified_point_cloud_colorized.laz","2018_TEAK_3_322000_4097000_image.tif","Tree",1,322000,322999.999,4097000,4097999.999
"8287",8553,322481.502,322487.392,4097339.03,4097345.45,"Silva","NEON_D17_TEAK_DP1_322000_4097000_classified_point_cloud_colorized.laz","2018_TEAK_3_322000_4097000_image.tif","Tree",1,322000,322999.999,4097000,4097999.999
"8288",8554,322091.163,322097.769,4097334.514,4097341.455,"Silva","NEON_D17_TEAK_DP1_322000_4097000_classified_point_cloud_colorized.laz","2018_TEAK_3_322000_4097000_image.tif","Tree",1,322000,322999.999,4097000,4097999.999
"8289",8555,322193.018,322193.684,4097342.135,4097343.699,"Silva","NEON_D17_TEAK_DP1_322000_4097000_classified_point_cloud_colorized.laz","2018_TEAK_3_322000_4097000_image.tif","Tree",1,322000,322999.999,4097000,4097999.999
"8290",8556,322602.148,322609.851,4097340.013,4097348.31,"Silva","NEON_D17_TEAK_DP1_322000_4097000_classified_point_cloud_colorized.laz","2018_TEAK_3_322000_4097000_image.tif","Tree",1,322000,322999.999,4097000,4097999.999
"8291",8557,322494.004,322494.898,4097343.169,4097344.291,"Silva","NEON_D17_TEAK_DP1_322000_4097000_classified_point_cloud_colorized.laz","2018_TEAK_3_322000_4097000_image.tif","Tree",1,322000,322999.999,4097000,4097999.999
"8292",8558,322340.028,322346.499,4097334.079,4097343.409,"Silva","NEON_D17_TEAK_DP1_322000_4097000_classified_point_cloud_colorized.laz","2018_TEAK_3_322000_4097000_image.tif","Tree",1,322000,322999.999,4097000,4097999.999
"8293",8559,322296.786,322301.593,4097338.681,4097342.923,"Silva","NEON_D17_TEAK_DP1_322000_4097000_classified_point_cloud_colorized.laz","2018_TEAK_3_322000_4097000_image.tif","Tree",1,322000,322999.999,4097000,4097999.999
"8294",8560,322287.196,322293.657,4097338.523,4097342.409,"Silva","NEON_D17_TEAK_DP1_322000_4097000_classified_point_cloud_colorized.laz","2018_TEAK_3_322000_4097000_image.tif","Tree",1,322000,322999.999,4097000,4097999.999
"8295",8561,322044.509,322049.335,4097337.241,4097342.095,"Silva","NEON_D17_TEAK_DP1_322000_4097000_classified_point_cloud_colorized.laz","2018_TEAK_3_322000_4097000_image.tif","Tree",1,322000,322999.999,4097000,4097999.999
"8296",8562,322000.001,322003.32,4097334.22,4097340.747,"Silva","NEON_D17_TEAK_DP1_322000_4097000_classified_point_cloud_colorized.laz","2018_TEAK_3_322000_4097000_image.tif","Tree",1,322000,322999.999,4097000,4097999.999
"8297",8563,322320.633,322327.529,4097339.011,4097344.401,"Silva","NEON_D17_TEAK_DP1_322000_4097000_classified_point_cloud_colorized.laz","2018_TEAK_3_322000_4097000_image.tif","Tree",1,322000,322999.999,4097000,4097999.999
"8298",8564,322332.029,322340.996,4097337.566,4097346.767,"Silva","NEON_D17_TEAK_DP1_322000_4097000_classified_point_cloud_colorized.laz","2018_TEAK_3_322000_4097000_image.tif","Tree",1,322000,322999.999,4097000,4097999.999
"8299",8565,322380.003,322384.999,4097341.502,4097345.484,"Silva","NEON_D17_TEAK_DP1_322000_4097000_classified_point_cloud_colorized.laz","2018_TEAK_3_322000_4097000_image.tif","Tree",1,322000,322999.999,4097000,4097999.999
"8300",8566,322250.57,322255.923,4097339.252,4097343.488,"Silva","NEON_D17_TEAK_DP1_322000_4097000_classified_point_cloud_colorized.laz","2018_TEAK_3_322000_4097000_image.tif","Tree",1,322000,322999.999,4097000,4097999.999
"8301",8567,322098.014,322104.443,4097336.627,4097344.397,"Silva","NEON_D17_TEAK_DP1_322000_4097000_classified_point_cloud_colorized.laz","2018_TEAK_3_322000_4097000_image.tif","Tree",1,322000,322999.999,4097000,4097999.999
"8302",8568,322008.145,322016.497,4097335.533,4097343.353,"Silva","NEON_D17_TEAK_DP1_322000_4097000_classified_point_cloud_colorized.laz","2018_TEAK_3_322000_4097000_image.tif","Tree",1,322000,322999.999,4097000,4097999.999
"8303",8569,322021.563,322022.252,4097342.006,4097342.444,"Silva","NEON_D17_TEAK_DP1_322000_4097000_classified_point_cloud_colorized.laz","2018_TEAK_3_322000_4097000_image.tif","Tree",1,322000,322999.999,4097000,4097999.999
"8304",8570,322112.961,322117.955,4097338.506,4097342.936,"Silva","NEON_D17_TEAK_DP1_322000_4097000_classified_point_cloud_colorized.laz","2018_TEAK_3_322000_4097000_image.tif","Tree",1,322000,322999.999,4097000,4097999.999
"8305",8571,322127.093,322132.371,4097338.043,4097342.843,"Silva","NEON_D17_TEAK_DP1_322000_4097000_classified_point_cloud_colorized.laz","2018_TEAK_3_322000_4097000_image.tif","Tree",1,322000,322999.999,4097000,4097999.999
"8306",8572,322270.313,322276.264,4097339.521,4097347.325,"Silva","NEON_D17_TEAK_DP1_322000_4097000_classified_point_cloud_colorized.laz","2018_TEAK_3_322000_4097000_image.tif","Tree",1,322000,322999.999,4097000,4097999.999
"8307",8573,322278.512,322287.126,4097336.004,4097345.853,"Silva","NEON_D17_TEAK_DP1_322000_4097000_classified_point_cloud_colorized.laz","2018_TEAK_3_322000_4097000_image.tif","Tree",1,322000,322999.999,4097000,4097999.999
"8308",8574,322576.506,322584.469,4097341.099,4097349.826,"Silva","NEON_D17_TEAK_DP1_322000_4097000_classified_point_cloud_colorized.laz","2018_TEAK_3_322000_4097000_image.tif","Tree",1,322000,322999.999,4097000,4097999.999
"8309",8575,322255.983,322264.663,4097338.844,4097346.267,"Silva","NEON_D17_TEAK_DP1_322000_4097000_classified_point_cloud_colorized.laz","2018_TEAK_3_322000_4097000_image.tif","Tree",1,322000,322999.999,4097000,4097999.999
"8310",8577,322141.512,322148.492,4097336.92,4097344.735,"Silva","NEON_D17_TEAK_DP1_322000_4097000_classified_point_cloud_colorized.laz","2018_TEAK_3_322000_4097000_image.tif","Tree",1,322000,322999.999,4097000,4097999.999
"8311",8578,322000.529,322006.99,4097337.164,4097343.308,"Silva","NEON_D17_TEAK_DP1_322000_4097000_classified_point_cloud_colorized.laz","2018_TEAK_3_322000_4097000_image.tif","Tree",1,322000,322999.999,4097000,4097999.999
"8312",8579,322301.077,322307.897,4097338.646,4097347.165,"Silva","NEON_D17_TEAK_DP1_322000_4097000_classified_point_cloud_colorized.laz","2018_TEAK_3_322000_4097000_image.tif","Tree",1,322000,322999.999,4097000,4097999.999
"8313",8580,322315.088,322320.958,4097341.212,4097346.157,"Silva","NEON_D17_TEAK_DP1_322000_4097000_classified_point_cloud_colorized.laz","2018_TEAK_3_322000_4097000_image.tif","Tree",1,322000,322999.999,4097000,4097999.999
"8314",8581,322357.93,322361.884,4097342.289,4097344.986,"Silva","NEON_D17_TEAK_DP1_322000_4097000_classified_point_cloud_colorized.laz","2018_TEAK_3_322000_4097000_image.tif","Tree",1,322000,322999.999,4097000,4097999.999
"8315",8582,322427.026,322432.961,4097343.043,4097350.942,"Silva","NEON_D17_TEAK_DP1_322000_4097000_classified_point_cloud_colorized.laz","2018_TEAK_3_322000_4097000_image.tif","Tree",1,322000,322999.999,4097000,4097999.999
"8316",8583,322454.227,322461.985,4097343.167,4097349.471,"Silva","NEON_D17_TEAK_DP1_322000_4097000_classified_point_cloud_colorized.laz","2018_TEAK_3_322000_4097000_image.tif","Tree",1,322000,322999.999,4097000,4097999.999
"8317",8584,322584.005,322591.345,4097342.981,4097353.409,"Silva","NEON_D17_TEAK_DP1_322000_4097000_classified_point_cloud_colorized.laz","2018_TEAK_3_322000_4097000_image.tif","Tree",1,322000,322999.999,4097000,4097999.999
"8318",8585,322593.51,322602.406,4097342.521,4097351.478,"Silva","NEON_D17_TEAK_DP1_322000_4097000_classified_point_cloud_colorized.laz","2018_TEAK_3_322000_4097000_image.tif","Tree",1,322000,322999.999,4097000,4097999.999
"8319",8586,322307.529,322315.466,4097340.594,4097348.985,"Silva","NEON_D17_TEAK_DP1_322000_4097000_classified_point_cloud_colorized.laz","2018_TEAK_3_322000_4097000_image.tif","Tree",1,322000,322999.999,4097000,4097999.999
"8320",8587,322184.675,322193.2,4097337.164,4097348.307,"Silva","NEON_D17_TEAK_DP1_322000_4097000_classified_point_cloud_colorized.laz","2018_TEAK_3_322000_4097000_image.tif","Tree",1,322000,322999.999,4097000,4097999.999
"8321",8589,322487.107,322489.943,4097347.587,4097350.447,"Silva","NEON_D17_TEAK_DP1_322000_4097000_classified_point_cloud_colorized.laz","2018_TEAK_3_322000_4097000_image.tif","Tree",1,322000,322999.999,4097000,4097999.999
"8322",8590,322496.504,322501.573,4097345.528,4097351.724,"Silva","NEON_D17_TEAK_DP1_322000_4097000_classified_point_cloud_colorized.laz","2018_TEAK_3_322000_4097000_image.tif","Tree",1,322000,322999.999,4097000,4097999.999
"8323",8591,322482.256,322482.256,4097352.012,4097352.012,"Silva","NEON_D17_TEAK_DP1_322000_4097000_classified_point_cloud_colorized.laz","2018_TEAK_3_322000_4097000_image.tif","Tree",1,322000,322999.999,4097000,4097999.999
"8324",8592,322439.621,322445.466,4097346.73,4097351.966,"Silva","NEON_D17_TEAK_DP1_322000_4097000_classified_point_cloud_colorized.laz","2018_TEAK_3_322000_4097000_image.tif","Tree",1,322000,322999.999,4097000,4097999.999
"8325",8593,322296.55,322300.995,4097343.137,4097348.64,"Silva","NEON_D17_TEAK_DP1_322000_4097000_classified_point_cloud_colorized.laz","2018_TEAK_3_322000_4097000_image.tif","Tree",1,322000,322999.999,4097000,4097999.999
"8326",8594,322472.037,322477.468,4097343.604,4097351.95,"Silva","NEON_D17_TEAK_DP1_322000_4097000_classified_point_cloud_colorized.laz","2018_TEAK_3_322000_4097000_image.tif","Tree",1,322000,322999.999,4097000,4097999.999
"8327",8595,322574.501,322581.287,4097346.502,4097352.484,"Silva","NEON_D17_TEAK_DP1_322000_4097000_classified_point_cloud_colorized.laz","2018_TEAK_3_322000_4097000_image.tif","Tree",1,322000,322999.999,4097000,4097999.999
"8328",8596,322539.075,322547.997,4097346.057,4097353.435,"Silva","NEON_D17_TEAK_DP1_322000_4097000_classified_point_cloud_colorized.laz","2018_TEAK_3_322000_4097000_image.tif","Tree",1,322000,322999.999,4097000,4097999.999
"8329",8597,322103.136,322107.401,4097342.524,4097347.48,"Silva","NEON_D17_TEAK_DP1_322000_4097000_classified_point_cloud_colorized.laz","2018_TEAK_3_322000_4097000_image.tif","Tree",1,322000,322999.999,4097000,4097999.999
"8330",8598,322043.557,322048.413,4097341.048,4097345.493,"Silva","NEON_D17_TEAK_DP1_322000_4097000_classified_point_cloud_colorized.laz","2018_TEAK_3_322000_4097000_image.tif","Tree",1,322000,322999.999,4097000,4097999.999
"8331",8599,322088.571,322093.709,4097341.744,4097347.633,"Silva","NEON_D17_TEAK_DP1_322000_4097000_classified_point_cloud_colorized.laz","2018_TEAK_3_322000_4097000_image.tif","Tree",1,322000,322999.999,4097000,4097999.999
"8332",8600,322116.021,322121.972,4097342.36,4097347.407,"Silva","NEON_D17_TEAK_DP1_322000_4097000_classified_point_cloud_colorized.laz","2018_TEAK_3_322000_4097000_image.tif","Tree",1,322000,322999.999,4097000,4097999.999
"8333",8601,322247.399,322250.22,4097348.738,4097350.914,"Silva","NEON_D17_TEAK_DP1_322000_4097000_classified_point_cloud_colorized.laz","2018_TEAK_3_322000_4097000_image.tif","Tree",1,322000,322999.999,4097000,4097999.999
"8334",8602,322284.129,322290.865,4097342.973,4097349.145,"Silva","NEON_D17_TEAK_DP1_322000_4097000_classified_point_cloud_colorized.laz","2018_TEAK_3_322000_4097000_image.tif","Tree",1,322000,322999.999,4097000,4097999.999
"8335",8603,322320.564,322329.969,4097343.025,4097348.487,"Silva","NEON_D17_TEAK_DP1_322000_4097000_classified_point_cloud_colorized.laz","2018_TEAK_3_322000_4097000_image.tif","Tree",1,322000,322999.999,4097000,4097999.999
"8336",8604,322531.544,322534.383,4097350.547,4097353.356,"Silva","NEON_D17_TEAK_DP1_322000_4097000_classified_point_cloud_colorized.laz","2018_TEAK_3_322000_4097000_image.tif","Tree",1,322000,322999.999,4097000,4097999.999
"8337",8605,322400.779,322407.5,4097346.101,4097351.672,"Silva","NEON_D17_TEAK_DP1_322000_4097000_classified_point_cloud_colorized.laz","2018_TEAK_3_322000_4097000_image.tif","Tree",1,322000,322999.999,4097000,4097999.999
"8338",8606,322572.015,322575.944,4097349.706,4097353.878,"Silva","NEON_D17_TEAK_DP1_322000_4097000_classified_point_cloud_colorized.laz","2018_TEAK_3_322000_4097000_image.tif","Tree",1,322000,322999.999,4097000,4097999.999
"8339",8607,322466.685,322470.878,4097350.011,4097354.464,"Silva","NEON_D17_TEAK_DP1_322000_4097000_classified_point_cloud_colorized.laz","2018_TEAK_3_322000_4097000_image.tif","Tree",1,322000,322999.999,4097000,4097999.999
"8340",8608,322361.518,322364.769,4097349.391,4097352.04,"Silva","NEON_D17_TEAK_DP1_322000_4097000_classified_point_cloud_colorized.laz","2018_TEAK_3_322000_4097000_image.tif","Tree",1,322000,322999.999,4097000,4097999.999
"8341",8609,322280.118,322283.885,4097345.545,4097352.88,"Silva","NEON_D17_TEAK_DP1_322000_4097000_classified_point_cloud_colorized.laz","2018_TEAK_3_322000_4097000_image.tif","Tree",1,322000,322999.999,4097000,4097999.999
"8342",8611,322125.32,322128.72,4097345.051,4097348.674,"Silva","NEON_D17_TEAK_DP1_322000_4097000_classified_point_cloud_colorized.laz","2018_TEAK_3_322000_4097000_image.tif","Tree",1,322000,322999.999,4097000,4097999.999
"8343",8612,322014.077,322021.432,4097340.594,4097350.403,"Silva","NEON_D17_TEAK_DP1_322000_4097000_classified_point_cloud_colorized.laz","2018_TEAK_3_322000_4097000_image.tif","Tree",1,322000,322999.999,4097000,4097999.999
"8344",8613,322007.528,322013.796,4097342.004,4097348.943,"Silva","NEON_D17_TEAK_DP1_322000_4097000_classified_point_cloud_colorized.laz","2018_TEAK_3_322000_4097000_image.tif","Tree",1,322000,322999.999,4097000,4097999.999
"8345",8614,322314.534,322317.952,4097347.831,4097354.921,"Silva","NEON_D17_TEAK_DP1_322000_4097000_classified_point_cloud_colorized.laz","2018_TEAK_3_322000_4097000_image.tif","Tree",1,322000,322999.999,4097000,4097999.999
"8346",8615,322320.983,322327.43,4097348.561,4097351.892,"Silva","NEON_D17_TEAK_DP1_322000_4097000_classified_point_cloud_colorized.laz","2018_TEAK_3_322000_4097000_image.tif","Tree",1,322000,322999.999,4097000,4097999.999
"8347",8616,322117.697,322123.461,4097346.093,4097350.985,"Silva","NEON_D17_TEAK_DP1_322000_4097000_classified_point_cloud_colorized.laz","2018_TEAK_3_322000_4097000_image.tif","Tree",1,322000,322999.999,4097000,4097999.999
"8348",8617,322141.513,322149.492,4097343.517,4097352.467,"Silva","NEON_D17_TEAK_DP1_322000_4097000_classified_point_cloud_colorized.laz","2018_TEAK_3_322000_4097000_image.tif","Tree",1,322000,322999.999,4097000,4097999.999
"8349",8618,322274.41,322280.675,4097346.029,4097353.743,"Silva","NEON_D17_TEAK_DP1_322000_4097000_classified_point_cloud_colorized.laz","2018_TEAK_3_322000_4097000_image.tif","Tree",1,322000,322999.999,4097000,4097999.999
"8350",8619,322328.041,322334.971,4097343.573,4097354.888,"Silva","NEON_D17_TEAK_DP1_322000_4097000_classified_point_cloud_colorized.laz","2018_TEAK_3_322000_4097000_image.tif","Tree",1,322000,322999.999,4097000,4097999.999
"8351",8620,322577.032,322578.473,4097352.534,4097356.943,"Silva","NEON_D17_TEAK_DP1_322000_4097000_classified_point_cloud_colorized.laz","2018_TEAK_3_322000_4097000_image.tif","Tree",1,322000,322999.999,4097000,4097999.999
"8352",8621,322017.351,322024.888,4097343.784,4097352.725,"Silva","NEON_D17_TEAK_DP1_322000_4097000_classified_point_cloud_colorized.laz","2018_TEAK_3_322000_4097000_image.tif","Tree",1,322000,322999.999,4097000,4097999.999
"8353",8622,322227.039,322237.294,4097345.001,4097354.409,"Silva","NEON_D17_TEAK_DP1_322000_4097000_classified_point_cloud_colorized.laz","2018_TEAK_3_322000_4097000_image.tif","Tree",1,322000,322999.999,4097000,4097999.999
"8354",8623,322283.487,322290.479,4097349.489,4097354.286,"Silva","NEON_D17_TEAK_DP1_322000_4097000_classified_point_cloud_colorized.laz","2018_TEAK_3_322000_4097000_image.tif","Tree",1,322000,322999.999,4097000,4097999.999
"8355",8624,322443.592,322448.603,4097352.054,4097356.419,"Silva","NEON_D17_TEAK_DP1_322000_4097000_classified_point_cloud_colorized.laz","2018_TEAK_3_322000_4097000_image.tif","Tree",1,322000,322999.999,4097000,4097999.999
"8356",8625,322544.064,322550.487,4097351.089,4097358.45,"Silva","NEON_D17_TEAK_DP1_322000_4097000_classified_point_cloud_colorized.laz","2018_TEAK_3_322000_4097000_image.tif","Tree",1,322000,322999.999,4097000,4097999.999
"8357",8626,322339.577,322346.485,4097349.243,4097355.449,"Silva","NEON_D17_TEAK_DP1_322000_4097000_classified_point_cloud_colorized.laz","2018_TEAK_3_322000_4097000_image.tif","Tree",1,322000,322999.999,4097000,4097999.999
"8358",8627,322410.535,322415.304,4097350.631,4097357.489,"Silva","NEON_D17_TEAK_DP1_322000_4097000_classified_point_cloud_colorized.laz","2018_TEAK_3_322000_4097000_image.tif","Tree",1,322000,322999.999,4097000,4097999.999
"8359",8628,322476.027,322484.125,4097352.017,4097360.392,"Silva","NEON_D17_TEAK_DP1_322000_4097000_classified_point_cloud_colorized.laz","2018_TEAK_3_322000_4097000_image.tif","Tree",1,322000,322999.999,4097000,4097999.999
"8360",8629,322450.015,322453.615,4097354.583,4097358.411,"Silva","NEON_D17_TEAK_DP1_322000_4097000_classified_point_cloud_colorized.laz","2018_TEAK_3_322000_4097000_image.tif","Tree",1,322000,322999.999,4097000,4097999.999
"8361",8630,322268.548,322272.345,4097351.908,4097354.994,"Silva","NEON_D17_TEAK_DP1_322000_4097000_classified_point_cloud_colorized.laz","2018_TEAK_3_322000_4097000_image.tif","Tree",1,322000,322999.999,4097000,4097999.999
"8362",8631,322392.604,322394.146,4097358.565,4097359.259,"Silva","NEON_D17_TEAK_DP1_322000_4097000_classified_point_cloud_colorized.laz","2018_TEAK_3_322000_4097000_image.tif","Tree",1,322000,322999.999,4097000,4097999.999
"8363",8632,322433.502,322442.227,4097351.05,4097359.964,"Silva","NEON_D17_TEAK_DP1_322000_4097000_classified_point_cloud_colorized.laz","2018_TEAK_3_322000_4097000_image.tif","Tree",1,322000,322999.999,4097000,4097999.999
"8364",8633,322087.562,322095.475,4097348.577,4097353.648,"Silva","NEON_D17_TEAK_DP1_322000_4097000_classified_point_cloud_colorized.laz","2018_TEAK_3_322000_4097000_image.tif","Tree",1,322000,322999.999,4097000,4097999.999
"8365",8634,322020.07,322028.754,4097346.07,4097353.927,"Silva","NEON_D17_TEAK_DP1_322000_4097000_classified_point_cloud_colorized.laz","2018_TEAK_3_322000_4097000_image.tif","Tree",1,322000,322999.999,4097000,4097999.999
"8366",8635,322297.061,322306.445,4097349.756,4097358.394,"Silva","NEON_D17_TEAK_DP1_322000_4097000_classified_point_cloud_colorized.laz","2018_TEAK_3_322000_4097000_image.tif","Tree",1,322000,322999.999,4097000,4097999.999
"8367",8636,322425.171,322431.956,4097351.575,4097359.978,"Silva","NEON_D17_TEAK_DP1_322000_4097000_classified_point_cloud_colorized.laz","2018_TEAK_3_322000_4097000_image.tif","Tree",1,322000,322999.999,4097000,4097999.999
"8368",8637,322413.63,322419.45,4097354.061,4097360.393,"Silva","NEON_D17_TEAK_DP1_322000_4097000_classified_point_cloud_colorized.laz","2018_TEAK_3_322000_4097000_image.tif","Tree",1,322000,322999.999,4097000,4097999.999
"8369",8638,322272.549,322277.975,4097352.524,4097359.35,"Silva","NEON_D17_TEAK_DP1_322000_4097000_classified_point_cloud_colorized.laz","2018_TEAK_3_322000_4097000_image.tif","Tree",1,322000,322999.999,4097000,4097999.999
"8370",8639,322122.156,322127.497,4097350.05,4097354.865,"Silva","NEON_D17_TEAK_DP1_322000_4097000_classified_point_cloud_colorized.laz","2018_TEAK_3_322000_4097000_image.tif","Tree",1,322000,322999.999,4097000,4097999.999
"8371",8640,322103.099,322106.962,4097350.507,4097355.806,"Silva","NEON_D17_TEAK_DP1_322000_4097000_classified_point_cloud_colorized.laz","2018_TEAK_3_322000_4097000_image.tif","Tree",1,322000,322999.999,4097000,4097999.999
"8372",8641,322345.018,322352.435,4097353.78,4097360.988,"Silva","NEON_D17_TEAK_DP1_322000_4097000_classified_point_cloud_colorized.laz","2018_TEAK_3_322000_4097000_image.tif","Tree",1,322000,322999.999,4097000,4097999.999
"8373",8642,322381.113,322389.371,4097352.551,4097362.735,"Silva","NEON_D17_TEAK_DP1_322000_4097000_classified_point_cloud_colorized.laz","2018_TEAK_3_322000_4097000_image.tif","Tree",1,322000,322999.999,4097000,4097999.999
"8374",8643,322469.528,322475.85,4097356.505,4097360.655,"Silva","NEON_D17_TEAK_DP1_322000_4097000_classified_point_cloud_colorized.laz","2018_TEAK_3_322000_4097000_image.tif","Tree",1,322000,322999.999,4097000,4097999.999
"8375",8644,322558.023,322560.933,4097359.024,4097362.958,"Silva","NEON_D17_TEAK_DP1_322000_4097000_classified_point_cloud_colorized.laz","2018_TEAK_3_322000_4097000_image.tif","Tree",1,322000,322999.999,4097000,4097999.999
"8376",8645,322485.012,322491.868,4097356.534,4097361.812,"Silva","NEON_D17_TEAK_DP1_322000_4097000_classified_point_cloud_colorized.laz","2018_TEAK_3_322000_4097000_image.tif","Tree",1,322000,322999.999,4097000,4097999.999
"8377",8646,322365.054,322370.85,4097354.512,4097359.947,"Silva","NEON_D17_TEAK_DP1_322000_4097000_classified_point_cloud_colorized.laz","2018_TEAK_3_322000_4097000_image.tif","Tree",1,322000,322999.999,4097000,4097999.999
"8378",8647,322253.914,322263.302,4097351.684,4097359.055,"Silva","NEON_D17_TEAK_DP1_322000_4097000_classified_point_cloud_colorized.laz","2018_TEAK_3_322000_4097000_image.tif","Tree",1,322000,322999.999,4097000,4097999.999
"8379",8648,322023.537,322030.975,4097348.569,4097356.157,"Silva","NEON_D17_TEAK_DP1_322000_4097000_classified_point_cloud_colorized.laz","2018_TEAK_3_322000_4097000_image.tif","Tree",1,322000,322999.999,4097000,4097999.999
"8380",8649,322008.295,322013.855,4097349.637,4097355.413,"Silva","NEON_D17_TEAK_DP1_322000_4097000_classified_point_cloud_colorized.laz","2018_TEAK_3_322000_4097000_image.tif","Tree",1,322000,322999.999,4097000,4097999.999
"8381",8650,322066.378,322072.494,4097349.192,4097356.281,"Silva","NEON_D17_TEAK_DP1_322000_4097000_classified_point_cloud_colorized.laz","2018_TEAK_3_322000_4097000_image.tif","Tree",1,322000,322999.999,4097000,4097999.999
"8382",8651,322509.133,322519.982,4097354.588,4097363.924,"Silva","NEON_D17_TEAK_DP1_322000_4097000_classified_point_cloud_colorized.laz","2018_TEAK_3_322000_4097000_image.tif","Tree",1,322000,322999.999,4097000,4097999.999
"8383",8652,322624.146,322625.377,4097361.653,4097363.31,"Silva","NEON_D17_TEAK_DP1_322000_4097000_classified_point_cloud_colorized.laz","2018_TEAK_3_322000_4097000_image.tif","Tree",1,322000,322999.999,4097000,4097999.999
"8384",8653,322546.319,322551.463,4097358.506,4097364.421,"Silva","NEON_D17_TEAK_DP1_322000_4097000_classified_point_cloud_colorized.laz","2018_TEAK_3_322000_4097000_image.tif","Tree",1,322000,322999.999,4097000,4097999.999
"8385",8654,322453.944,322454.135,4097360.662,4097361.574,"Silva","NEON_D17_TEAK_DP1_322000_4097000_classified_point_cloud_colorized.laz","2018_TEAK_3_322000_4097000_image.tif","Tree",1,322000,322999.999,4097000,4097999.999
"8386",8655,322228.103,322239.485,4097351.846,4097359.974,"Silva","NEON_D17_TEAK_DP1_322000_4097000_classified_point_cloud_colorized.laz","2018_TEAK_3_322000_4097000_image.tif","Tree",1,322000,322999.999,4097000,4097999.999
"8387",8656,322043.915,322049.896,4097352.583,4097357.494,"Silva","NEON_D17_TEAK_DP1_322000_4097000_classified_point_cloud_colorized.laz","2018_TEAK_3_322000_4097000_image.tif","Tree",1,322000,322999.999,4097000,4097999.999
"8388",8657,322278.564,322286.312,4097352.626,4097361.241,"Silva","NEON_D17_TEAK_DP1_322000_4097000_classified_point_cloud_colorized.laz","2018_TEAK_3_322000_4097000_image.tif","Tree",1,322000,322999.999,4097000,4097999.999
"8389",8658,322376.286,322382.639,4097353.512,4097361.994,"Silva","NEON_D17_TEAK_DP1_322000_4097000_classified_point_cloud_colorized.laz","2018_TEAK_3_322000_4097000_image.tif","Tree",1,322000,322999.999,4097000,4097999.999
"8390",8659,322310.271,322319.353,4097353.678,4097362.816,"Silva","NEON_D17_TEAK_DP1_322000_4097000_classified_point_cloud_colorized.laz","2018_TEAK_3_322000_4097000_image.tif","Tree",1,322000,322999.999,4097000,4097999.999
"8391",8660,322071.266,322076.499,4097353.508,4097358.662,"Silva","NEON_D17_TEAK_DP1_322000_4097000_classified_point_cloud_colorized.laz","2018_TEAK_3_322000_4097000_image.tif","Tree",1,322000,322999.999,4097000,4097999.999
"8392",8661,322411.06,322415.861,4097357.808,4097364.039,"Silva","NEON_D17_TEAK_DP1_322000_4097000_classified_point_cloud_colorized.laz","2018_TEAK_3_322000_4097000_image.tif","Tree",1,322000,322999.999,4097000,4097999.999
"8393",8662,322297.054,322305.443,4097356.121,4097364.991,"Silva","NEON_D17_TEAK_DP1_322000_4097000_classified_point_cloud_colorized.laz","2018_TEAK_3_322000_4097000_image.tif","Tree",1,322000,322999.999,4097000,4097999.999
"8394",8663,322003.629,322007.858,4097352.531,4097358.264,"Silva","NEON_D17_TEAK_DP1_322000_4097000_classified_point_cloud_colorized.laz","2018_TEAK_3_322000_4097000_image.tif","Tree",1,322000,322999.999,4097000,4097999.999
"8395",8664,322319.942,322325.462,4097358.181,4097363.93,"Silva","NEON_D17_TEAK_DP1_322000_4097000_classified_point_cloud_colorized.laz","2018_TEAK_3_322000_4097000_image.tif","Tree",1,322000,322999.999,4097000,4097999.999
"8396",8665,322582.093,322593.366,4097359.553,4097371.466,"Silva","NEON_D17_TEAK_DP1_322000_4097000_classified_point_cloud_colorized.laz","2018_TEAK_3_322000_4097000_image.tif","Tree",1,322000,322999.999,4097000,4097999.999
"8397",8666,322563.511,322563.906,4097365.554,4097366.444,"Silva","NEON_D17_TEAK_DP1_322000_4097000_classified_point_cloud_colorized.laz","2018_TEAK_3_322000_4097000_image.tif","Tree",1,322000,322999.999,4097000,4097999.999
"8398",8667,322215.613,322221.982,4097356.025,4097363.5,"Silva","NEON_D17_TEAK_DP1_322000_4097000_classified_point_cloud_colorized.laz","2018_TEAK_3_322000_4097000_image.tif","Tree",1,322000,322999.999,4097000,4097999.999
"8399",8668,322039.694,322045.41,4097353.086,4097360.981,"Silva","NEON_D17_TEAK_DP1_322000_4097000_classified_point_cloud_colorized.laz","2018_TEAK_3_322000_4097000_image.tif","Tree",1,322000,322999.999,4097000,4097999.999
"8400",8669,322092.385,322098.881,4097353.086,4097361.32,"Silva","NEON_D17_TEAK_DP1_322000_4097000_classified_point_cloud_colorized.laz","2018_TEAK_3_322000_4097000_image.tif","Tree",1,322000,322999.999,4097000,4097999.999
"8401",8670,322126.752,322131.633,4097355.72,4097361.239,"Silva","NEON_D17_TEAK_DP1_322000_4097000_classified_point_cloud_colorized.laz","2018_TEAK_3_322000_4097000_image.tif","Tree",1,322000,322999.999,4097000,4097999.999
"8402",8671,322571.518,322580.271,4097363.069,4097372.48,"Silva","NEON_D17_TEAK_DP1_322000_4097000_classified_point_cloud_colorized.laz","2018_TEAK_3_322000_4097000_image.tif","Tree",1,322000,322999.999,4097000,4097999.999
"8403",8672,322475.278,322476.207,4097365.552,4097367.98,"Silva","NEON_D17_TEAK_DP1_322000_4097000_classified_point_cloud_colorized.laz","2018_TEAK_3_322000_4097000_image.tif","Tree",1,322000,322999.999,4097000,4097999.999
"8404",8673,322388.096,322395.491,4097359.038,4097367.983,"Silva","NEON_D17_TEAK_DP1_322000_4097000_classified_point_cloud_colorized.laz","2018_TEAK_3_322000_4097000_image.tif","Tree",1,322000,322999.999,4097000,4097999.999
"8405",8675,322100.139,322107.965,4097356.091,4097363.325,"Silva","NEON_D17_TEAK_DP1_322000_4097000_classified_point_cloud_colorized.laz","2018_TEAK_3_322000_4097000_image.tif","Tree",1,322000,322999.999,4097000,4097999.999
"8406",8676,322282.389,322289.496,4097357.54,4097365.372,"Silva","NEON_D17_TEAK_DP1_322000_4097000_classified_point_cloud_colorized.laz","2018_TEAK_3_322000_4097000_image.tif","Tree",1,322000,322999.999,4097000,4097999.999
"8407",8677,322449.046,322450.978,4097365.506,4097367.444,"Silva","NEON_D17_TEAK_DP1_322000_4097000_classified_point_cloud_colorized.laz","2018_TEAK_3_322000_4097000_image.tif","Tree",1,322000,322999.999,4097000,4097999.999
"8408",8679,322314.374,322319.417,4097360.478,4097363.288,"Silva","NEON_D17_TEAK_DP1_322000_4097000_classified_point_cloud_colorized.laz","2018_TEAK_3_322000_4097000_image.tif","Tree",1,322000,322999.999,4097000,4097999.999
"8409",8680,322273.323,322281.872,4097358.212,4097366.932,"Silva","NEON_D17_TEAK_DP1_322000_4097000_classified_point_cloud_colorized.laz","2018_TEAK_3_322000_4097000_image.tif","Tree",1,322000,322999.999,4097000,4097999.999
"8410",8681,322220.002,322230.756,4097356.882,4097366.493,"Silva","NEON_D17_TEAK_DP1_322000_4097000_classified_point_cloud_colorized.laz","2018_TEAK_3_322000_4097000_image.tif","Tree",1,322000,322999.999,4097000,4097999.999
"8411",8682,322606.369,322612.796,4097364.611,4097372.974,"Silva","NEON_D17_TEAK_DP1_322000_4097000_classified_point_cloud_colorized.laz","2018_TEAK_3_322000_4097000_image.tif","Tree",1,322000,322999.999,4097000,4097999.999
"8412",8683,322044.925,322053.97,4097358.004,4097363.278,"Silva","NEON_D17_TEAK_DP1_322000_4097000_classified_point_cloud_colorized.laz","2018_TEAK_3_322000_4097000_image.tif","Tree",1,322000,322999.999,4097000,4097999.999
"8413",8684,322250.506,322255.766,4097361.027,4097367.48,"Silva","NEON_D17_TEAK_DP1_322000_4097000_classified_point_cloud_colorized.laz","2018_TEAK_3_322000_4097000_image.tif","Tree",1,322000,322999.999,4097000,4097999.999
"8414",8685,322615.288,322615.926,4097369.699,4097370.273,"Silva","NEON_D17_TEAK_DP1_322000_4097000_classified_point_cloud_colorized.laz","2018_TEAK_3_322000_4097000_image.tif","Tree",1,322000,322999.999,4097000,4097999.999
"8415",8686,322531.772,322534.992,4097367.557,4097371.473,"Silva","NEON_D17_TEAK_DP1_322000_4097000_classified_point_cloud_colorized.laz","2018_TEAK_3_322000_4097000_image.tif","Tree",1,322000,322999.999,4097000,4097999.999
"8416",8687,322456.025,322465.865,4097364.04,4097372.491,"Silva","NEON_D17_TEAK_DP1_322000_4097000_classified_point_cloud_colorized.laz","2018_TEAK_3_322000_4097000_image.tif","Tree",1,322000,322999.999,4097000,4097999.999
"8417",8689,322137.156,322142.499,4097359.7,4097365.457,"Silva","NEON_D17_TEAK_DP1_322000_4097000_classified_point_cloud_colorized.laz","2018_TEAK_3_322000_4097000_image.tif","Tree",1,322000,322999.999,4097000,4097999.999
"8418",8690,322416.018,322423.411,4097364.71,4097371.494,"Silva","NEON_D17_TEAK_DP1_322000_4097000_classified_point_cloud_colorized.laz","2018_TEAK_3_322000_4097000_image.tif","Tree",1,322000,322999.999,4097000,4097999.999
"8419",8691,322145.028,322149.438,4097362.001,4097366.431,"Silva","NEON_D17_TEAK_DP1_322000_4097000_classified_point_cloud_colorized.laz","2018_TEAK_3_322000_4097000_image.tif","Tree",1,322000,322999.999,4097000,4097999.999
"8420",8692,322482.333,322486.765,4097367.198,4097375.701,"Silva","NEON_D17_TEAK_DP1_322000_4097000_classified_point_cloud_colorized.laz","2018_TEAK_3_322000_4097000_image.tif","Tree",1,322000,322999.999,4097000,4097999.999
"8421",8693,322487.052,322493.213,4097367.237,4097373.789,"Silva","NEON_D17_TEAK_DP1_322000_4097000_classified_point_cloud_colorized.laz","2018_TEAK_3_322000_4097000_image.tif","Tree",1,322000,322999.999,4097000,4097999.999
"8422",8694,322042.02,322049.167,4097361.155,4097366.98,"Silva","NEON_D17_TEAK_DP1_322000_4097000_classified_point_cloud_colorized.laz","2018_TEAK_3_322000_4097000_image.tif","Tree",1,322000,322999.999,4097000,4097999.999
"8423",8695,322285.532,322292.931,4097365.056,4097373.786,"Silva","NEON_D17_TEAK_DP1_322000_4097000_classified_point_cloud_colorized.laz","2018_TEAK_3_322000_4097000_image.tif","Tree",1,322000,322999.999,4097000,4097999.999
"8424",8696,322464.084,322470.742,4097365.57,4097373.846,"Silva","NEON_D17_TEAK_DP1_322000_4097000_classified_point_cloud_colorized.laz","2018_TEAK_3_322000_4097000_image.tif","Tree",1,322000,322999.999,4097000,4097999.999
"8425",8697,322513.246,322513.421,4097367.972,4097368.18,"Silva","NEON_D17_TEAK_DP1_322000_4097000_classified_point_cloud_colorized.laz","2018_TEAK_3_322000_4097000_image.tif","Tree",1,322000,322999.999,4097000,4097999.999
"8426",8698,322260.076,322268.857,4097363.162,4097371.233,"Silva","NEON_D17_TEAK_DP1_322000_4097000_classified_point_cloud_colorized.laz","2018_TEAK_3_322000_4097000_image.tif","Tree",1,322000,322999.999,4097000,4097999.999
"8427",8699,322293.085,322300.534,4097364.112,4097372.329,"Silva","NEON_D17_TEAK_DP1_322000_4097000_classified_point_cloud_colorized.laz","2018_TEAK_3_322000_4097000_image.tif","Tree",1,322000,322999.999,4097000,4097999.999
"8428",8700,322345.436,322354.279,4097365.531,4097373.462,"Silva","NEON_D17_TEAK_DP1_322000_4097000_classified_point_cloud_colorized.laz","2018_TEAK_3_322000_4097000_image.tif","Tree",1,322000,322999.999,4097000,4097999.999
"8429",8701,322380.509,322385.485,4097367.056,4097371.457,"Silva","NEON_D17_TEAK_DP1_322000_4097000_classified_point_cloud_colorized.laz","2018_TEAK_3_322000_4097000_image.tif","Tree",1,322000,322999.999,4097000,4097999.999
"8430",8702,322448.506,322454.989,4097369.315,4097374.483,"Silva","NEON_D17_TEAK_DP1_322000_4097000_classified_point_cloud_colorized.laz","2018_TEAK_3_322000_4097000_image.tif","Tree",1,322000,322999.999,4097000,4097999.999
"8431",8703,322441.678,322448.495,4097368.839,4097374.444,"Silva","NEON_D17_TEAK_DP1_322000_4097000_classified_point_cloud_colorized.laz","2018_TEAK_3_322000_4097000_image.tif","Tree",1,322000,322999.999,4097000,4097999.999
"8432",8704,322178.067,322185.638,4097362.507,4097370.504,"Silva","NEON_D17_TEAK_DP1_322000_4097000_classified_point_cloud_colorized.laz","2018_TEAK_3_322000_4097000_image.tif","Tree",1,322000,322999.999,4097000,4097999.999
"8433",8705,322077.125,322086.495,4097358.143,4097370.349,"Silva","NEON_D17_TEAK_DP1_322000_4097000_classified_point_cloud_colorized.laz","2018_TEAK_3_322000_4097000_image.tif","Tree",1,322000,322999.999,4097000,4097999.999
"8434",8706,322615.028,322617.165,4097374.01,4097375.776,"Silva","NEON_D17_TEAK_DP1_322000_4097000_classified_point_cloud_colorized.laz","2018_TEAK_3_322000_4097000_image.tif","Tree",1,322000,322999.999,4097000,4097999.999
"8435",8709,322306.557,322315.33,4097366.012,4097374.611,"Silva","NEON_D17_TEAK_DP1_322000_4097000_classified_point_cloud_colorized.laz","2018_TEAK_3_322000_4097000_image.tif","Tree",1,322000,322999.999,4097000,4097999.999
"8436",8710,322188.458,322197.288,4097365.554,4097370.406,"Silva","NEON_D17_TEAK_DP1_322000_4097000_classified_point_cloud_colorized.laz","2018_TEAK_3_322000_4097000_image.tif","Tree",1,322000,322999.999,4097000,4097999.999
"8437",8711,322009.131,322014.504,4097363.531,4097369.49,"Silva","NEON_D17_TEAK_DP1_322000_4097000_classified_point_cloud_colorized.laz","2018_TEAK_3_322000_4097000_image.tif","Tree",1,322000,322999.999,4097000,4097999.999
"8438",8712,322032.157,322038.983,4097362.458,4097368.427,"Silva","NEON_D17_TEAK_DP1_322000_4097000_classified_point_cloud_colorized.laz","2018_TEAK_3_322000_4097000_image.tif","Tree",1,322000,322999.999,4097000,4097999.999
"8439",8713,322168.693,322171.993,4097367.014,4097370.648,"Silva","NEON_D17_TEAK_DP1_322000_4097000_classified_point_cloud_colorized.laz","2018_TEAK_3_322000_4097000_image.tif","Tree",1,322000,322999.999,4097000,4097999.999
"8440",8714,322498.054,322498.847,4097374.689,4097374.965,"Silva","NEON_D17_TEAK_DP1_322000_4097000_classified_point_cloud_colorized.laz","2018_TEAK_3_322000_4097000_image.tif","Tree",1,322000,322999.999,4097000,4097999.999
"8441",8715,322151.633,322157.967,4097367.222,4097370.345,"Silva","NEON_D17_TEAK_DP1_322000_4097000_classified_point_cloud_colorized.laz","2018_TEAK_3_322000_4097000_image.tif","Tree",1,322000,322999.999,4097000,4097999.999
"8442",8716,322062.927,322069.97,4097363.036,4097369.864,"Silva","NEON_D17_TEAK_DP1_322000_4097000_classified_point_cloud_colorized.laz","2018_TEAK_3_322000_4097000_image.tif","Tree",1,322000,322999.999,4097000,4097999.999
"8443",8717,322006.059,322009.991,4097363.575,4097368.861,"Silva","NEON_D17_TEAK_DP1_322000_4097000_classified_point_cloud_colorized.laz","2018_TEAK_3_322000_4097000_image.tif","Tree",1,322000,322999.999,4097000,4097999.999
"8444",8718,322099.717,322099.827,4097368.625,4097368.889,"Silva","NEON_D17_TEAK_DP1_322000_4097000_classified_point_cloud_colorized.laz","2018_TEAK_3_322000_4097000_image.tif","Tree",1,322000,322999.999,4097000,4097999.999
"8445",8719,322298.529,322306.963,4097367.663,4097375.395,"Silva","NEON_D17_TEAK_DP1_322000_4097000_classified_point_cloud_colorized.laz","2018_TEAK_3_322000_4097000_image.tif","Tree",1,322000,322999.999,4097000,4097999.999
"8446",8720,322470.206,322476.555,4097371.038,4097378.383,"Silva","NEON_D17_TEAK_DP1_322000_4097000_classified_point_cloud_colorized.laz","2018_TEAK_3_322000_4097000_image.tif","Tree",1,322000,322999.999,4097000,4097999.999
"8447",8722,322600.453,322601.988,4097376.504,4097378.38,"Silva","NEON_D17_TEAK_DP1_322000_4097000_classified_point_cloud_colorized.laz","2018_TEAK_3_322000_4097000_image.tif","Tree",1,322000,322999.999,4097000,4097999.999
"8448",8723,322422.664,322428.943,4097372.101,4097378.445,"Silva","NEON_D17_TEAK_DP1_322000_4097000_classified_point_cloud_colorized.laz","2018_TEAK_3_322000_4097000_image.tif","Tree",1,322000,322999.999,4097000,4097999.999
"8449",8724,322123.51,322127.876,4097367.071,4097371.579,"Silva","NEON_D17_TEAK_DP1_322000_4097000_classified_point_cloud_colorized.laz","2018_TEAK_3_322000_4097000_image.tif","Tree",1,322000,322999.999,4097000,4097999.999
"8450",8725,322271.072,322278.971,4097370.545,4097377.857,"Silva","NEON_D17_TEAK_DP1_322000_4097000_classified_point_cloud_colorized.laz","2018_TEAK_3_322000_4097000_image.tif","Tree",1,322000,322999.999,4097000,4097999.999
"8451",8726,322455.508,322462.442,4097371.171,4097378.459,"Silva","NEON_D17_TEAK_DP1_322000_4097000_classified_point_cloud_colorized.laz","2018_TEAK_3_322000_4097000_image.tif","Tree",1,322000,322999.999,4097000,4097999.999
"8452",8727,322416.606,322422.264,4097372.069,4097378.345,"Silva","NEON_D17_TEAK_DP1_322000_4097000_classified_point_cloud_colorized.laz","2018_TEAK_3_322000_4097000_image.tif","Tree",1,322000,322999.999,4097000,4097999.999
"8453",8728,322249.513,322257.855,4097367.676,4097376.945,"Silva","NEON_D17_TEAK_DP1_322000_4097000_classified_point_cloud_colorized.laz","2018_TEAK_3_322000_4097000_image.tif","Tree",1,322000,322999.999,4097000,4097999.999
"8454",8729,322017.344,322023.961,4097365.898,4097373.554,"Silva","NEON_D17_TEAK_DP1_322000_4097000_classified_point_cloud_colorized.laz","2018_TEAK_3_322000_4097000_image.tif","Tree",1,322000,322999.999,4097000,4097999.999
"8455",8730,322038.82,322045.364,4097366.038,4097371.446,"Silva","NEON_D17_TEAK_DP1_322000_4097000_classified_point_cloud_colorized.laz","2018_TEAK_3_322000_4097000_image.tif","Tree",1,322000,322999.999,4097000,4097999.999
"8456",8731,322391.149,322398.416,4097372.011,4097380.481,"Silva","NEON_D17_TEAK_DP1_322000_4097000_classified_point_cloud_colorized.laz","2018_TEAK_3_322000_4097000_image.tif","Tree",1,322000,322999.999,4097000,4097999.999
"8457",8732,322448.518,322453.945,4097374.062,4097379.499,"Silva","NEON_D17_TEAK_DP1_322000_4097000_classified_point_cloud_colorized.laz","2018_TEAK_3_322000_4097000_image.tif","Tree",1,322000,322999.999,4097000,4097999.999
"8458",8733,322629.605,322632.913,4097377.269,4097383.213,"Silva","NEON_D17_TEAK_DP1_322000_4097000_classified_point_cloud_colorized.laz","2018_TEAK_3_322000_4097000_image.tif","Tree",1,322000,322999.999,4097000,4097999.999
"8459",8734,322433.559,322440.934,4097373.734,4097380.871,"Silva","NEON_D17_TEAK_DP1_322000_4097000_classified_point_cloud_colorized.laz","2018_TEAK_3_322000_4097000_image.tif","Tree",1,322000,322999.999,4097000,4097999.999
"8460",8735,322278.704,322286.289,4097368.099,4097377.875,"Silva","NEON_D17_TEAK_DP1_322000_4097000_classified_point_cloud_colorized.laz","2018_TEAK_3_322000_4097000_image.tif","Tree",1,322000,322999.999,4097000,4097999.999
"8461",8736,322462.025,322470.109,4097373.299,4097380.94,"Silva","NEON_D17_TEAK_DP1_322000_4097000_classified_point_cloud_colorized.laz","2018_TEAK_3_322000_4097000_image.tif","Tree",1,322000,322999.999,4097000,4097999.999
"8462",8737,322263.903,322271.301,4097370.316,4097377.468,"Silva","NEON_D17_TEAK_DP1_322000_4097000_classified_point_cloud_colorized.laz","2018_TEAK_3_322000_4097000_image.tif","Tree",1,322000,322999.999,4097000,4097999.999
"8463",8738,322145.094,322150.212,4097368.254,4097373.958,"Silva","NEON_D17_TEAK_DP1_322000_4097000_classified_point_cloud_colorized.laz","2018_TEAK_3_322000_4097000_image.tif","Tree",1,322000,322999.999,4097000,4097999.999
"8464",8739,322007.002,322010.992,4097369.038,4097373.464,"Silva","NEON_D17_TEAK_DP1_322000_4097000_classified_point_cloud_colorized.laz","2018_TEAK_3_322000_4097000_image.tif","Tree",1,322000,322999.999,4097000,4097999.999
"8465",8740,322023.053,322028.413,4097369.738,4097375.41,"Silva","NEON_D17_TEAK_DP1_322000_4097000_classified_point_cloud_colorized.laz","2018_TEAK_3_322000_4097000_image.tif","Tree",1,322000,322999.999,4097000,4097999.999
"8466",8741,322054.723,322056.953,4097370.585,4097372.776,"Silva","NEON_D17_TEAK_DP1_322000_4097000_classified_point_cloud_colorized.laz","2018_TEAK_3_322000_4097000_image.tif","Tree",1,322000,322999.999,4097000,4097999.999
"8467",8742,322556.002,322563.417,4097375.366,4097383.491,"Silva","NEON_D17_TEAK_DP1_322000_4097000_classified_point_cloud_colorized.laz","2018_TEAK_3_322000_4097000_image.tif","Tree",1,322000,322999.999,4097000,4097999.999
"8468",8743,322521.575,322528.831,4097375.687,4097383.383,"Silva","NEON_D17_TEAK_DP1_322000_4097000_classified_point_cloud_colorized.laz","2018_TEAK_3_322000_4097000_image.tif","Tree",1,322000,322999.999,4097000,4097999.999
"8469",8744,322413.092,322417.984,4097375.099,4097381.963,"Silva","NEON_D17_TEAK_DP1_322000_4097000_classified_point_cloud_colorized.laz","2018_TEAK_3_322000_4097000_image.tif","Tree",1,322000,322999.999,4097000,4097999.999
"8470",8745,322301.115,322309.95,4097372.077,4097379.914,"Silva","NEON_D17_TEAK_DP1_322000_4097000_classified_point_cloud_colorized.laz","2018_TEAK_3_322000_4097000_image.tif","Tree",1,322000,322999.999,4097000,4097999.999
"8471",8746,322012.92,322019.952,4097368.429,4097375.751,"Silva","NEON_D17_TEAK_DP1_322000_4097000_classified_point_cloud_colorized.laz","2018_TEAK_3_322000_4097000_image.tif","Tree",1,322000,322999.999,4097000,4097999.999
"8472",8747,322608.115,322610.293,4097381.326,4097383.373,"Silva","NEON_D17_TEAK_DP1_322000_4097000_classified_point_cloud_colorized.laz","2018_TEAK_3_322000_4097000_image.tif","Tree",1,322000,322999.999,4097000,4097999.999
"8473",8748,322409.511,322413.986,4097375.522,4097381.955,"Silva","NEON_D17_TEAK_DP1_322000_4097000_classified_point_cloud_colorized.laz","2018_TEAK_3_322000_4097000_image.tif","Tree",1,322000,322999.999,4097000,4097999.999
"8474",8749,322132.718,322138.906,4097370.633,4097377.315,"Silva","NEON_D17_TEAK_DP1_322000_4097000_classified_point_cloud_colorized.laz","2018_TEAK_3_322000_4097000_image.tif","Tree",1,322000,322999.999,4097000,4097999.999
"8475",8750,322291.057,322300.831,4097372.069,4097382.998,"Silva","NEON_D17_TEAK_DP1_322000_4097000_classified_point_cloud_colorized.laz","2018_TEAK_3_322000_4097000_image.tif","Tree",1,322000,322999.999,4097000,4097999.999
"8476",8751,322404.514,322409.965,4097377.123,4097381.604,"Silva","NEON_D17_TEAK_DP1_322000_4097000_classified_point_cloud_colorized.laz","2018_TEAK_3_322000_4097000_image.tif","Tree",1,322000,322999.999,4097000,4097999.999
"8477",8753,322231.358,322241.984,4097375.642,4097382.237,"Silva","NEON_D17_TEAK_DP1_322000_4097000_classified_point_cloud_colorized.laz","2018_TEAK_3_322000_4097000_image.tif","Tree",1,322000,322999.999,4097000,4097999.999
"8478",8754,322094.687,322097.457,4097373.681,4097376.477,"Silva","NEON_D17_TEAK_DP1_322000_4097000_classified_point_cloud_colorized.laz","2018_TEAK_3_322000_4097000_image.tif","Tree",1,322000,322999.999,4097000,4097999.999
"8479",8755,322430.158,322437.278,4097377.584,4097383.997,"Silva","NEON_D17_TEAK_DP1_322000_4097000_classified_point_cloud_colorized.laz","2018_TEAK_3_322000_4097000_image.tif","Tree",1,322000,322999.999,4097000,4097999.999
"8480",8756,322386.01,322393.104,4097378.588,4097383.913,"Silva","NEON_D17_TEAK_DP1_322000_4097000_classified_point_cloud_colorized.laz","2018_TEAK_3_322000_4097000_image.tif","Tree",1,322000,322999.999,4097000,4097999.999
"8481",8757,322067.104,322069.614,4097375.076,4097377.989,"Silva","NEON_D17_TEAK_DP1_322000_4097000_classified_point_cloud_colorized.laz","2018_TEAK_3_322000_4097000_image.tif","Tree",1,322000,322999.999,4097000,4097999.999
"8482",8758,322612.157,322612.873,4097385.354,4097386.495,"Silva","NEON_D17_TEAK_DP1_322000_4097000_classified_point_cloud_colorized.laz","2018_TEAK_3_322000_4097000_image.tif","Tree",1,322000,322999.999,4097000,4097999.999
"8483",8759,322533.841,322540.788,4097381.503,4097388,"Silva","NEON_D17_TEAK_DP1_322000_4097000_classified_point_cloud_colorized.laz","2018_TEAK_3_322000_4097000_image.tif","Tree",1,322000,322999.999,4097000,4097999.999
"8484",8760,322153.002,322158.077,4097375.645,4097380.335,"Silva","NEON_D17_TEAK_DP1_322000_4097000_classified_point_cloud_colorized.laz","2018_TEAK_3_322000_4097000_image.tif","Tree",1,322000,322999.999,4097000,4097999.999
"8485",8761,322034.546,322036.497,4097376.579,4097378.819,"Silva","NEON_D17_TEAK_DP1_322000_4097000_classified_point_cloud_colorized.laz","2018_TEAK_3_322000_4097000_image.tif","Tree",1,322000,322999.999,4097000,4097999.999
"8486",8762,322241.504,322251.429,4097374.566,4097384.406,"Silva","NEON_D17_TEAK_DP1_322000_4097000_classified_point_cloud_colorized.laz","2018_TEAK_3_322000_4097000_image.tif","Tree",1,322000,322999.999,4097000,4097999.999
"8487",8763,322263.222,322271.91,4097376.535,4097381.988,"Silva","NEON_D17_TEAK_DP1_322000_4097000_classified_point_cloud_colorized.laz","2018_TEAK_3_322000_4097000_image.tif","Tree",1,322000,322999.999,4097000,4097999.999
"8488",8764,322403.756,322411.949,4097381.295,4097386.819,"Silva","NEON_D17_TEAK_DP1_322000_4097000_classified_point_cloud_colorized.laz","2018_TEAK_3_322000_4097000_image.tif","Tree",1,322000,322999.999,4097000,4097999.999
"8489",8765,322450.096,322457.923,4097381.351,4097386.555,"Silva","NEON_D17_TEAK_DP1_322000_4097000_classified_point_cloud_colorized.laz","2018_TEAK_3_322000_4097000_image.tif","Tree",1,322000,322999.999,4097000,4097999.999
"8490",8766,322488.463,322496.389,4097381.582,4097387.843,"Silva","NEON_D17_TEAK_DP1_322000_4097000_classified_point_cloud_colorized.laz","2018_TEAK_3_322000_4097000_image.tif","Tree",1,322000,322999.999,4097000,4097999.999
"8491",8767,322556.059,322559.409,4097382.074,4097387.464,"Silva","NEON_D17_TEAK_DP1_322000_4097000_classified_point_cloud_colorized.laz","2018_TEAK_3_322000_4097000_image.tif","Tree",1,322000,322999.999,4097000,4097999.999
"8492",8768,322320.501,322327.208,4097376.141,4097385.917,"Silva","NEON_D17_TEAK_DP1_322000_4097000_classified_point_cloud_colorized.laz","2018_TEAK_3_322000_4097000_image.tif","Tree",1,322000,322999.999,4097000,4097999.999
"8493",8769,322312.543,322320.481,4097377.121,4097386.085,"Silva","NEON_D17_TEAK_DP1_322000_4097000_classified_point_cloud_colorized.laz","2018_TEAK_3_322000_4097000_image.tif","Tree",1,322000,322999.999,4097000,4097999.999
"8494",8770,322039.724,322042.991,4097375.686,4097380.497,"Silva","NEON_D17_TEAK_DP1_322000_4097000_classified_point_cloud_colorized.laz","2018_TEAK_3_322000_4097000_image.tif","Tree",1,322000,322999.999,4097000,4097999.999
"8495",8771,322377.113,322381.819,4097380.027,4097384.489,"Silva","NEON_D17_TEAK_DP1_322000_4097000_classified_point_cloud_colorized.laz","2018_TEAK_3_322000_4097000_image.tif","Tree",1,322000,322999.999,4097000,4097999.999
"8496",8772,322351.54,322359.449,4097379.046,4097386.77,"Silva","NEON_D17_TEAK_DP1_322000_4097000_classified_point_cloud_colorized.laz","2018_TEAK_3_322000_4097000_image.tif","Tree",1,322000,322999.999,4097000,4097999.999
"8497",8773,322049.711,322053.466,4097378.015,4097381.401,"Silva","NEON_D17_TEAK_DP1_322000_4097000_classified_point_cloud_colorized.laz","2018_TEAK_3_322000_4097000_image.tif","Tree",1,322000,322999.999,4097000,4097999.999
"8498",8774,322549.38,322552.443,4097385.049,4097388.273,"Silva","NEON_D17_TEAK_DP1_322000_4097000_classified_point_cloud_colorized.laz","2018_TEAK_3_322000_4097000_image.tif","Tree",1,322000,322999.999,4097000,4097999.999
"8499",8775,322341.521,322349.978,4097380.248,4097387.488,"Silva","NEON_D17_TEAK_DP1_322000_4097000_classified_point_cloud_colorized.laz","2018_TEAK_3_322000_4097000_image.tif","Tree",1,322000,322999.999,4097000,4097999.999
"8500",8776,322274.506,322283.415,4097379.143,4097385.354,"Silva","NEON_D17_TEAK_DP1_322000_4097000_classified_point_cloud_colorized.laz","2018_TEAK_3_322000_4097000_image.tif","Tree",1,322000,322999.999,4097000,4097999.999
"8501",8777,322112.703,322114.41,4097379.505,4097381.95,"Silva","NEON_D17_TEAK_DP1_322000_4097000_classified_point_cloud_colorized.laz","2018_TEAK_3_322000_4097000_image.tif","Tree",1,322000,322999.999,4097000,4097999.999
"8502",8778,322022.224,322029.89,4097375.521,4097384.449,"Silva","NEON_D17_TEAK_DP1_322000_4097000_classified_point_cloud_colorized.laz","2018_TEAK_3_322000_4097000_image.tif","Tree",1,322000,322999.999,4097000,4097999.999
"8503",8779,322059.677,322062.311,4097379.052,4097382.4,"Silva","NEON_D17_TEAK_DP1_322000_4097000_classified_point_cloud_colorized.laz","2018_TEAK_3_322000_4097000_image.tif","Tree",1,322000,322999.999,4097000,4097999.999
"8504",8780,322064.65,322068.405,4097378.698,4097382.856,"Silva","NEON_D17_TEAK_DP1_322000_4097000_classified_point_cloud_colorized.laz","2018_TEAK_3_322000_4097000_image.tif","Tree",1,322000,322999.999,4097000,4097999.999
"8505",8781,322513.543,322520.586,4097384.007,4097391.942,"Silva","NEON_D17_TEAK_DP1_322000_4097000_classified_point_cloud_colorized.laz","2018_TEAK_3_322000_4097000_image.tif","Tree",1,322000,322999.999,4097000,4097999.999
"8506",8782,322492.002,322498.473,4097384.549,4097390.466,"Silva","NEON_D17_TEAK_DP1_322000_4097000_classified_point_cloud_colorized.laz","2018_TEAK_3_322000_4097000_image.tif","Tree",1,322000,322999.999,4097000,4097999.999
"8507",8783,322186.601,322187.91,4097380.033,4097381.319,"Silva","NEON_D17_TEAK_DP1_322000_4097000_classified_point_cloud_colorized.laz","2018_TEAK_3_322000_4097000_image.tif","Tree",1,322000,322999.999,4097000,4097999.999
"8508",8784,322085.557,322093.848,4097378.536,4097385.544,"Silva","NEON_D17_TEAK_DP1_322000_4097000_classified_point_cloud_colorized.laz","2018_TEAK_3_322000_4097000_image.tif","Tree",1,322000,322999.999,4097000,4097999.999
"8509",8785,322036.577,322040.583,4097379.121,4097383.467,"Silva","NEON_D17_TEAK_DP1_322000_4097000_classified_point_cloud_colorized.laz","2018_TEAK_3_322000_4097000_image.tif","Tree",1,322000,322999.999,4097000,4097999.999
"8510",8786,322056.001,322059.487,4097380.481,4097382.79,"Silva","NEON_D17_TEAK_DP1_322000_4097000_classified_point_cloud_colorized.laz","2018_TEAK_3_322000_4097000_image.tif","Tree",1,322000,322999.999,4097000,4097999.999
"8511",8787,322544.539,322548.492,4097384.279,4097390.426,"Silva","NEON_D17_TEAK_DP1_322000_4097000_classified_point_cloud_colorized.laz","2018_TEAK_3_322000_4097000_image.tif","Tree",1,322000,322999.999,4097000,4097999.999
"8512",8788,322480.532,322489.988,4097383.234,4097390.847,"Silva","NEON_D17_TEAK_DP1_322000_4097000_classified_point_cloud_colorized.laz","2018_TEAK_3_322000_4097000_image.tif","Tree",1,322000,322999.999,4097000,4097999.999
"8513",8789,322307.01,322313.441,4097381.38,4097387.43,"Silva","NEON_D17_TEAK_DP1_322000_4097000_classified_point_cloud_colorized.laz","2018_TEAK_3_322000_4097000_image.tif","Tree",1,322000,322999.999,4097000,4097999.999
"8514",8790,322032.628,322034.778,4097380.614,4097383.419,"Silva","NEON_D17_TEAK_DP1_322000_4097000_classified_point_cloud_colorized.laz","2018_TEAK_3_322000_4097000_image.tif","Tree",1,322000,322999.999,4097000,4097999.999
"8515",8791,322133.653,322136.953,4097380.632,4097384.357,"Silva","NEON_D17_TEAK_DP1_322000_4097000_classified_point_cloud_colorized.laz","2018_TEAK_3_322000_4097000_image.tif","Tree",1,322000,322999.999,4097000,4097999.999
"8516",8792,322178.163,322179.986,4097383.517,4097385.138,"Silva","NEON_D17_TEAK_DP1_322000_4097000_classified_point_cloud_colorized.laz","2018_TEAK_3_322000_4097000_image.tif","Tree",1,322000,322999.999,4097000,4097999.999
"8517",8793,322283.05,322293.961,4097380.091,4097389.479,"Silva","NEON_D17_TEAK_DP1_322000_4097000_classified_point_cloud_colorized.laz","2018_TEAK_3_322000_4097000_image.tif","Tree",1,322000,322999.999,4097000,4097999.999
"8518",8794,322030.805,322031.395,4097383.125,4097384.287,"Silva","NEON_D17_TEAK_DP1_322000_4097000_classified_point_cloud_colorized.laz","2018_TEAK_3_322000_4097000_image.tif","Tree",1,322000,322999.999,4097000,4097999.999
"8519",8795,322050.041,322054.952,4097381.101,4097385.356,"Silva","NEON_D17_TEAK_DP1_322000_4097000_classified_point_cloud_colorized.laz","2018_TEAK_3_322000_4097000_image.tif","Tree",1,322000,322999.999,4097000,4097999.999
"8520",8796,322233.011,322234.588,4097381.03,4097389.205,"Silva","NEON_D17_TEAK_DP1_322000_4097000_classified_point_cloud_colorized.laz","2018_TEAK_3_322000_4097000_image.tif","Tree",1,322000,322999.999,4097000,4097999.999
"8521",8797,322246.712,322258.251,4097380.169,4097391.449,"Silva","NEON_D17_TEAK_DP1_322000_4097000_classified_point_cloud_colorized.laz","2018_TEAK_3_322000_4097000_image.tif","Tree",1,322000,322999.999,4097000,4097999.999
"8522",8798,322466.501,322476.19,4097385.511,4097392.374,"Silva","NEON_D17_TEAK_DP1_322000_4097000_classified_point_cloud_colorized.laz","2018_TEAK_3_322000_4097000_image.tif","Tree",1,322000,322999.999,4097000,4097999.999
"8523",8799,322008.022,322013.899,4097380.286,4097387.164,"Silva","NEON_D17_TEAK_DP1_322000_4097000_classified_point_cloud_colorized.laz","2018_TEAK_3_322000_4097000_image.tif","Tree",1,322000,322999.999,4097000,4097999.999
"8524",8800,322276.587,322283.242,4097383.098,4097389.387,"Silva","NEON_D17_TEAK_DP1_322000_4097000_classified_point_cloud_colorized.laz","2018_TEAK_3_322000_4097000_image.tif","Tree",1,322000,322999.999,4097000,4097999.999
"8525",8801,322018.163,322024.654,4097379.023,4097386.469,"Silva","NEON_D17_TEAK_DP1_322000_4097000_classified_point_cloud_colorized.laz","2018_TEAK_3_322000_4097000_image.tif","Tree",1,322000,322999.999,4097000,4097999.999
"8526",8802,322269.522,322272.952,4097385.259,4097390.488,"Silva","NEON_D17_TEAK_DP1_322000_4097000_classified_point_cloud_colorized.laz","2018_TEAK_3_322000_4097000_image.tif","Tree",1,322000,322999.999,4097000,4097999.999
"8527",8803,322416.552,322420.97,4097389.005,4097393.369,"Silva","NEON_D17_TEAK_DP1_322000_4097000_classified_point_cloud_colorized.laz","2018_TEAK_3_322000_4097000_image.tif","Tree",1,322000,322999.999,4097000,4097999.999
"8528",8804,322041.055,322045.488,4097383.558,4097387.35,"Silva","NEON_D17_TEAK_DP1_322000_4097000_classified_point_cloud_colorized.laz","2018_TEAK_3_322000_4097000_image.tif","Tree",1,322000,322999.999,4097000,4097999.999
"8529",8805,322429.527,322432.484,4097390.005,4097392.991,"Silva","NEON_D17_TEAK_DP1_322000_4097000_classified_point_cloud_colorized.laz","2018_TEAK_3_322000_4097000_image.tif","Tree",1,322000,322999.999,4097000,4097999.999
"8530",8806,322272.014,322278.983,4097385.05,4097393.49,"Silva","NEON_D17_TEAK_DP1_322000_4097000_classified_point_cloud_colorized.laz","2018_TEAK_3_322000_4097000_image.tif","Tree",1,322000,322999.999,4097000,4097999.999
"8531",8807,322081.653,322088.196,4097381.016,4097389.498,"Silva","NEON_D17_TEAK_DP1_322000_4097000_classified_point_cloud_colorized.laz","2018_TEAK_3_322000_4097000_image.tif","Tree",1,322000,322999.999,4097000,4097999.999
"8532",8808,322003.049,322008.975,4097382.544,4097389.979,"Silva","NEON_D17_TEAK_DP1_322000_4097000_classified_point_cloud_colorized.laz","2018_TEAK_3_322000_4097000_image.tif","Tree",1,322000,322999.999,4097000,4097999.999
"8533",8809,322071.572,322073.446,4097387.185,4097388.704,"Silva","NEON_D17_TEAK_DP1_322000_4097000_classified_point_cloud_colorized.laz","2018_TEAK_3_322000_4097000_image.tif","Tree",1,322000,322999.999,4097000,4097999.999
"8534",8810,322307.584,322315.876,4097386.731,4097393.307,"Silva","NEON_D17_TEAK_DP1_322000_4097000_classified_point_cloud_colorized.laz","2018_TEAK_3_322000_4097000_image.tif","Tree",1,322000,322999.999,4097000,4097999.999
"8535",8811,322583.507,322594.032,4097383.54,4097396.496,"Silva","NEON_D17_TEAK_DP1_322000_4097000_classified_point_cloud_colorized.laz","2018_TEAK_3_322000_4097000_image.tif","Tree",1,322000,322999.999,4097000,4097999.999
"8536",8812,322607.583,322608.963,4097397.848,4097398.396,"Silva","NEON_D17_TEAK_DP1_322000_4097000_classified_point_cloud_colorized.laz","2018_TEAK_3_322000_4097000_image.tif","Tree",1,322000,322999.999,4097000,4097999.999
"8537",8813,322148.034,322150.603,4097384.525,4097388.331,"Silva","NEON_D17_TEAK_DP1_322000_4097000_classified_point_cloud_colorized.laz","2018_TEAK_3_322000_4097000_image.tif","Tree",1,322000,322999.999,4097000,4097999.999
"8538",8814,322019.09,322026.42,4097384.117,4097391.479,"Silva","NEON_D17_TEAK_DP1_322000_4097000_classified_point_cloud_colorized.laz","2018_TEAK_3_322000_4097000_image.tif","Tree",1,322000,322999.999,4097000,4097999.999
"8539",8815,322047.072,322051.964,4097385.067,4097390.445,"Silva","NEON_D17_TEAK_DP1_322000_4097000_classified_point_cloud_colorized.laz","2018_TEAK_3_322000_4097000_image.tif","Tree",1,322000,322999.999,4097000,4097999.999
"8540",8816,322381.025,322385.418,4097388.532,4097392.774,"Silva","NEON_D17_TEAK_DP1_322000_4097000_classified_point_cloud_colorized.laz","2018_TEAK_3_322000_4097000_image.tif","Tree",1,322000,322999.999,4097000,4097999.999
"8541",8817,322029.024,322033.497,4097386.196,4097391.461,"Silva","NEON_D17_TEAK_DP1_322000_4097000_classified_point_cloud_colorized.laz","2018_TEAK_3_322000_4097000_image.tif","Tree",1,322000,322999.999,4097000,4097999.999
"8542",8818,322061.091,322066.387,4097385.208,4097391.987,"Silva","NEON_D17_TEAK_DP1_322000_4097000_classified_point_cloud_colorized.laz","2018_TEAK_3_322000_4097000_image.tif","Tree",1,322000,322999.999,4097000,4097999.999
"8543",8819,322026.854,322029.983,4097387.079,4097391.436,"Silva","NEON_D17_TEAK_DP1_322000_4097000_classified_point_cloud_colorized.laz","2018_TEAK_3_322000_4097000_image.tif","Tree",1,322000,322999.999,4097000,4097999.999
"8544",8820,322009.53,322017.909,4097386.52,4097393.58,"Silva","NEON_D17_TEAK_DP1_322000_4097000_classified_point_cloud_colorized.laz","2018_TEAK_3_322000_4097000_image.tif","Tree",1,322000,322999.999,4097000,4097999.999
"8545",8821,322476.81,322480.914,4097389.001,4097394.415,"Silva","NEON_D17_TEAK_DP1_322000_4097000_classified_point_cloud_colorized.laz","2018_TEAK_3_322000_4097000_image.tif","Tree",1,322000,322999.999,4097000,4097999.999
"8546",8822,322131.492,322135.487,4097387.023,4097391.997,"Silva","NEON_D17_TEAK_DP1_322000_4097000_classified_point_cloud_colorized.laz","2018_TEAK_3_322000_4097000_image.tif","Tree",1,322000,322999.999,4097000,4097999.999
"8547",8823,322032.288,322038.206,4097386.556,4097393.888,"Silva","NEON_D17_TEAK_DP1_322000_4097000_classified_point_cloud_colorized.laz","2018_TEAK_3_322000_4097000_image.tif","Tree",1,322000,322999.999,4097000,4097999.999
"8548",8824,322216.444,322223.956,4097386.73,4097392.997,"Silva","NEON_D17_TEAK_DP1_322000_4097000_classified_point_cloud_colorized.laz","2018_TEAK_3_322000_4097000_image.tif","Tree",1,322000,322999.999,4097000,4097999.999
"8549",8825,322452.057,322457.475,4097391.621,4097397.928,"Silva","NEON_D17_TEAK_DP1_322000_4097000_classified_point_cloud_colorized.laz","2018_TEAK_3_322000_4097000_image.tif","Tree",1,322000,322999.999,4097000,4097999.999
"8550",8826,322554.721,322560.074,4097391.604,4097398.846,"Silva","NEON_D17_TEAK_DP1_322000_4097000_classified_point_cloud_colorized.laz","2018_TEAK_3_322000_4097000_image.tif","Tree",1,322000,322999.999,4097000,4097999.999
"8551",8827,322426.09,322429.705,4097394.618,4097397.396,"Silva","NEON_D17_TEAK_DP1_322000_4097000_classified_point_cloud_colorized.laz","2018_TEAK_3_322000_4097000_image.tif","Tree",1,322000,322999.999,4097000,4097999.999
"8552",8828,322115.525,322124.853,4097386.793,4097396.413,"Silva","NEON_D17_TEAK_DP1_322000_4097000_classified_point_cloud_colorized.laz","2018_TEAK_3_322000_4097000_image.tif","Tree",1,322000,322999.999,4097000,4097999.999
"8553",8829,322175.169,322176.964,4097395.557,4097395.998,"Silva","NEON_D17_TEAK_DP1_322000_4097000_classified_point_cloud_colorized.laz","2018_TEAK_3_322000_4097000_image.tif","Tree",1,322000,322999.999,4097000,4097999.999
"8554",8830,322590.535,322600.779,4097390.541,4097399.498,"Silva","NEON_D17_TEAK_DP1_322000_4097000_classified_point_cloud_colorized.laz","2018_TEAK_3_322000_4097000_image.tif","Tree",1,322000,322999.999,4097000,4097999.999
"8555",8831,322527.56,322534.869,4097392.771,4097400.278,"Silva","NEON_D17_TEAK_DP1_322000_4097000_classified_point_cloud_colorized.laz","2018_TEAK_3_322000_4097000_image.tif","Tree",1,322000,322999.999,4097000,4097999.999
"8556",8832,322371.023,322377.164,4097389.533,4097401.431,"Silva","NEON_D17_TEAK_DP1_322000_4097000_classified_point_cloud_colorized.laz","2018_TEAK_3_322000_4097000_image.tif","Tree",1,322000,322999.999,4097000,4097999.999
"8557",8833,322439.003,322445.94,4097393.042,4097400.377,"Silva","NEON_D17_TEAK_DP1_322000_4097000_classified_point_cloud_colorized.laz","2018_TEAK_3_322000_4097000_image.tif","Tree",1,322000,322999.999,4097000,4097999.999
"8558",8834,322494.117,322498.996,4097393.609,4097398.325,"Silva","NEON_D17_TEAK_DP1_322000_4097000_classified_point_cloud_colorized.laz","2018_TEAK_3_322000_4097000_image.tif","Tree",1,322000,322999.999,4097000,4097999.999
"8559",8835,322384.629,322388.367,4097395.083,4097399.346,"Silva","NEON_D17_TEAK_DP1_322000_4097000_classified_point_cloud_colorized.laz","2018_TEAK_3_322000_4097000_image.tif","Tree",1,322000,322999.999,4097000,4097999.999
"8560",8837,322008.422,322017.446,4097389.137,4097397.385,"Silva","NEON_D17_TEAK_DP1_322000_4097000_classified_point_cloud_colorized.laz","2018_TEAK_3_322000_4097000_image.tif","Tree",1,322000,322999.999,4097000,4097999.999
"8561",8838,322372.547,322378.684,4097393.209,4097401.864,"Silva","NEON_D17_TEAK_DP1_322000_4097000_classified_point_cloud_colorized.laz","2018_TEAK_3_322000_4097000_image.tif","Tree",1,322000,322999.999,4097000,4097999.999
"8562",8839,322030.517,322033.469,4097396.787,4097397.747,"Silva","NEON_D17_TEAK_DP1_322000_4097000_classified_point_cloud_colorized.laz","2018_TEAK_3_322000_4097000_image.tif","Tree",1,322000,322999.999,4097000,4097999.999
"8563",8840,322064.073,322069.995,4097391.021,4097397.979,"Silva","NEON_D17_TEAK_DP1_322000_4097000_classified_point_cloud_colorized.laz","2018_TEAK_3_322000_4097000_image.tif","Tree",1,322000,322999.999,4097000,4097999.999
"8564",8841,322325.53,322325.53,4097393.755,4097393.755,"Silva","NEON_D17_TEAK_DP1_322000_4097000_classified_point_cloud_colorized.laz","2018_TEAK_3_322000_4097000_image.tif","Tree",1,322000,322999.999,4097000,4097999.999
"8565",8842,322394.193,322400.389,4097396.083,4097399.975,"Silva","NEON_D17_TEAK_DP1_322000_4097000_classified_point_cloud_colorized.laz","2018_TEAK_3_322000_4097000_image.tif","Tree",1,322000,322999.999,4097000,4097999.999
"8566",8843,322453.881,322460.387,4097395.515,4097402.388,"Silva","NEON_D17_TEAK_DP1_322000_4097000_classified_point_cloud_colorized.laz","2018_TEAK_3_322000_4097000_image.tif","Tree",1,322000,322999.999,4097000,4097999.999
"8567",8845,322060.295,322062.167,4097394.752,4097397.553,"Silva","NEON_D17_TEAK_DP1_322000_4097000_classified_point_cloud_colorized.laz","2018_TEAK_3_322000_4097000_image.tif","Tree",1,322000,322999.999,4097000,4097999.999
"8568",8846,322291.424,322296.952,4097394.081,4097398.938,"Silva","NEON_D17_TEAK_DP1_322000_4097000_classified_point_cloud_colorized.laz","2018_TEAK_3_322000_4097000_image.tif","Tree",1,322000,322999.999,4097000,4097999.999
"8569",8847,322023.447,322025.489,4097396.014,4097398.337,"Silva","NEON_D17_TEAK_DP1_322000_4097000_classified_point_cloud_colorized.laz","2018_TEAK_3_322000_4097000_image.tif","Tree",1,322000,322999.999,4097000,4097999.999
"8570",8848,322340.524,322349.397,4097394.503,4097402.427,"Silva","NEON_D17_TEAK_DP1_322000_4097000_classified_point_cloud_colorized.laz","2018_TEAK_3_322000_4097000_image.tif","Tree",1,322000,322999.999,4097000,4097999.999
"8571",8849,322204.051,322211.969,4097393.091,4097403.776,"Silva","NEON_D17_TEAK_DP1_322000_4097000_classified_point_cloud_colorized.laz","2018_TEAK_3_322000_4097000_image.tif","Tree",1,322000,322999.999,4097000,4097999.999
"8572",8850,322037.356,322042.468,4097395.121,4097399.779,"Silva","NEON_D17_TEAK_DP1_322000_4097000_classified_point_cloud_colorized.laz","2018_TEAK_3_322000_4097000_image.tif","Tree",1,322000,322999.999,4097000,4097999.999
"8573",8851,322486.586,322490.736,4097397.023,4097402.991,"Silva","NEON_D17_TEAK_DP1_322000_4097000_classified_point_cloud_colorized.laz","2018_TEAK_3_322000_4097000_image.tif","Tree",1,322000,322999.999,4097000,4097999.999
"8574",8852,322112.3,322120.455,4097393.251,4097401.943,"Silva","NEON_D17_TEAK_DP1_322000_4097000_classified_point_cloud_colorized.laz","2018_TEAK_3_322000_4097000_image.tif","Tree",1,322000,322999.999,4097000,4097999.999
"8575",8853,322409.255,322417.814,4097397.006,4097404.608,"Silva","NEON_D17_TEAK_DP1_322000_4097000_classified_point_cloud_colorized.laz","2018_TEAK_3_322000_4097000_image.tif","Tree",1,322000,322999.999,4097000,4097999.999
"8576",8854,322080.529,322086.345,4097394.514,4097402.457,"Silva","NEON_D17_TEAK_DP1_322000_4097000_classified_point_cloud_colorized.laz","2018_TEAK_3_322000_4097000_image.tif","Tree",1,322000,322999.999,4097000,4097999.999
"8577",8855,322047.113,322050.055,4097398.054,4097401.776,"Silva","NEON_D17_TEAK_DP1_322000_4097000_classified_point_cloud_colorized.laz","2018_TEAK_3_322000_4097000_image.tif","Tree",1,322000,322999.999,4097000,4097999.999
"8578",8856,322021.186,322025.445,4097398.114,4097402.291,"Silva","NEON_D17_TEAK_DP1_322000_4097000_classified_point_cloud_colorized.laz","2018_TEAK_3_322000_4097000_image.tif","Tree",1,322000,322999.999,4097000,4097999.999
"8579",8857,322424.211,322430.349,4097398.079,4097405.998,"Silva","NEON_D17_TEAK_DP1_322000_4097000_classified_point_cloud_colorized.laz","2018_TEAK_3_322000_4097000_image.tif","Tree",1,322000,322999.999,4097000,4097999.999
"8580",8858,322171.038,322179.65,4097396.01,4097403.452,"Silva","NEON_D17_TEAK_DP1_322000_4097000_classified_point_cloud_colorized.laz","2018_TEAK_3_322000_4097000_image.tif","Tree",1,322000,322999.999,4097000,4097999.999
"8581",8859,322124.408,322132.881,4097396.553,4097405.072,"Silva","NEON_D17_TEAK_DP1_322000_4097000_classified_point_cloud_colorized.laz","2018_TEAK_3_322000_4097000_image.tif","Tree",1,322000,322999.999,4097000,4097999.999
"8582",8860,322060.036,322065.928,4097397.562,4097403.32,"Silva","NEON_D17_TEAK_DP1_322000_4097000_classified_point_cloud_colorized.laz","2018_TEAK_3_322000_4097000_image.tif","Tree",1,322000,322999.999,4097000,4097999.999
"8583",8861,322360.057,322367.943,4097397.505,4097403.263,"Silva","NEON_D17_TEAK_DP1_322000_4097000_classified_point_cloud_colorized.laz","2018_TEAK_3_322000_4097000_image.tif","Tree",1,322000,322999.999,4097000,4097999.999
"8584",8862,322100.696,322105.454,4097397.103,4097403.9,"Silva","NEON_D17_TEAK_DP1_322000_4097000_classified_point_cloud_colorized.laz","2018_TEAK_3_322000_4097000_image.tif","Tree",1,322000,322999.999,4097000,4097999.999
"8585",8863,322009.076,322014.994,4097397.047,4097405.499,"Silva","NEON_D17_TEAK_DP1_322000_4097000_classified_point_cloud_colorized.laz","2018_TEAK_3_322000_4097000_image.tif","Tree",1,322000,322999.999,4097000,4097999.999
"8586",8864,322384.106,322386.472,4097400.629,4097406.265,"Silva","NEON_D17_TEAK_DP1_322000_4097000_classified_point_cloud_colorized.laz","2018_TEAK_3_322000_4097000_image.tif","Tree",1,322000,322999.999,4097000,4097999.999
"8587",8865,322548.001,322549.867,4097402.548,4097404.348,"Silva","NEON_D17_TEAK_DP1_322000_4097000_classified_point_cloud_colorized.laz","2018_TEAK_3_322000_4097000_image.tif","Tree",1,322000,322999.999,4097000,4097999.999
"8588",8866,322570.064,322578.472,4097398.011,4097406.365,"Silva","NEON_D17_TEAK_DP1_322000_4097000_classified_point_cloud_colorized.laz","2018_TEAK_3_322000_4097000_image.tif","Tree",1,322000,322999.999,4097000,4097999.999
"8589",8867,322074.099,322078.426,4097400.65,4097405.392,"Silva","NEON_D17_TEAK_DP1_322000_4097000_classified_point_cloud_colorized.laz","2018_TEAK_3_322000_4097000_image.tif","Tree",1,322000,322999.999,4097000,4097999.999
"8590",8868,322040.375,322046.327,4097399.219,4097405.628,"Silva","NEON_D17_TEAK_DP1_322000_4097000_classified_point_cloud_colorized.laz","2018_TEAK_3_322000_4097000_image.tif","Tree",1,322000,322999.999,4097000,4097999.999
"8591",8869,322394.031,322400.89,4097400.06,4097407.233,"Silva","NEON_D17_TEAK_DP1_322000_4097000_classified_point_cloud_colorized.laz","2018_TEAK_3_322000_4097000_image.tif","Tree",1,322000,322999.999,4097000,4097999.999
"8592",8870,322516.004,322522.797,4097399.162,4097407.478,"Silva","NEON_D17_TEAK_DP1_322000_4097000_classified_point_cloud_colorized.laz","2018_TEAK_3_322000_4097000_image.tif","Tree",1,322000,322999.999,4097000,4097999.999
"8593",8871,322539.722,322539.722,4097404.559,4097404.559,"Silva","NEON_D17_TEAK_DP1_322000_4097000_classified_point_cloud_colorized.laz","2018_TEAK_3_322000_4097000_image.tif","Tree",1,322000,322999.999,4097000,4097999.999
"8594",8872,322436.063,322442.493,4097401.542,4097407.413,"Silva","NEON_D17_TEAK_DP1_322000_4097000_classified_point_cloud_colorized.laz","2018_TEAK_3_322000_4097000_image.tif","Tree",1,322000,322999.999,4097000,4097999.999
"8595",8873,322418.571,322426.992,4097399.003,4097406.482,"Silva","NEON_D17_TEAK_DP1_322000_4097000_classified_point_cloud_colorized.laz","2018_TEAK_3_322000_4097000_image.tif","Tree",1,322000,322999.999,4097000,4097999.999
"8596",8874,322380.519,322384.449,4097402.119,4097407.22,"Silva","NEON_D17_TEAK_DP1_322000_4097000_classified_point_cloud_colorized.laz","2018_TEAK_3_322000_4097000_image.tif","Tree",1,322000,322999.999,4097000,4097999.999
"8597",8875,322247.47,322255.342,4097396.658,4097405.458,"Silva","NEON_D17_TEAK_DP1_322000_4097000_classified_point_cloud_colorized.laz","2018_TEAK_3_322000_4097000_image.tif","Tree",1,322000,322999.999,4097000,4097999.999
"8598",8876,322481.545,322489.128,4097401.698,4097408.463,"Silva","NEON_D17_TEAK_DP1_322000_4097000_classified_point_cloud_colorized.laz","2018_TEAK_3_322000_4097000_image.tif","Tree",1,322000,322999.999,4097000,4097999.999
"8599",8877,322510.005,322510.881,4097404.86,4097405.392,"Silva","NEON_D17_TEAK_DP1_322000_4097000_classified_point_cloud_colorized.laz","2018_TEAK_3_322000_4097000_image.tif","Tree",1,322000,322999.999,4097000,4097999.999
"8600",8878,322017.056,322021.844,4097400.806,4097407.463,"Silva","NEON_D17_TEAK_DP1_322000_4097000_classified_point_cloud_colorized.laz","2018_TEAK_3_322000_4097000_image.tif","Tree",1,322000,322999.999,4097000,4097999.999
"8601",8879,322525.595,322532.495,4097401.063,4097409.498,"Silva","NEON_D17_TEAK_DP1_322000_4097000_classified_point_cloud_colorized.laz","2018_TEAK_3_322000_4097000_image.tif","Tree",1,322000,322999.999,4097000,4097999.999
"8602",8881,322119.05,322128.47,4097401.233,4097408.954,"Silva","NEON_D17_TEAK_DP1_322000_4097000_classified_point_cloud_colorized.laz","2018_TEAK_3_322000_4097000_image.tif","Tree",1,322000,322999.999,4097000,4097999.999
"8603",8882,322035.591,322041.88,4097402.001,4097407.992,"Silva","NEON_D17_TEAK_DP1_322000_4097000_classified_point_cloud_colorized.laz","2018_TEAK_3_322000_4097000_image.tif","Tree",1,322000,322999.999,4097000,4097999.999
"8604",8883,322025.259,322031.796,4097402.283,4097407.886,"Silva","NEON_D17_TEAK_DP1_322000_4097000_classified_point_cloud_colorized.laz","2018_TEAK_3_322000_4097000_image.tif","Tree",1,322000,322999.999,4097000,4097999.999
"8605",8885,322158.338,322167.439,4097398.517,4097410.186,"Silva","NEON_D17_TEAK_DP1_322000_4097000_classified_point_cloud_colorized.laz","2018_TEAK_3_322000_4097000_image.tif","Tree",1,322000,322999.999,4097000,4097999.999
"8606",8886,322333.016,322339.994,4097401.637,4097407.993,"Silva","NEON_D17_TEAK_DP1_322000_4097000_classified_point_cloud_colorized.laz","2018_TEAK_3_322000_4097000_image.tif","Tree",1,322000,322999.999,4097000,4097999.999
"8607",8887,322450.634,322456.928,4097402.518,4097409.487,"Silva","NEON_D17_TEAK_DP1_322000_4097000_classified_point_cloud_colorized.laz","2018_TEAK_3_322000_4097000_image.tif","Tree",1,322000,322999.999,4097000,4097999.999
"8608",8888,322561.042,322566.404,4097404.082,4097410.277,"Silva","NEON_D17_TEAK_DP1_322000_4097000_classified_point_cloud_colorized.laz","2018_TEAK_3_322000_4097000_image.tif","Tree",1,322000,322999.999,4097000,4097999.999
"8609",8889,322414.892,322420.963,4097404.325,4097409.856,"Silva","NEON_D17_TEAK_DP1_322000_4097000_classified_point_cloud_colorized.laz","2018_TEAK_3_322000_4097000_image.tif","Tree",1,322000,322999.999,4097000,4097999.999
"8610",8890,322148.158,322157.337,4097405.504,4097411.884,"Silva","NEON_D17_TEAK_DP1_322000_4097000_classified_point_cloud_colorized.laz","2018_TEAK_3_322000_4097000_image.tif","Tree",1,322000,322999.999,4097000,4097999.999
"8611",8891,322557.601,322558.473,4097408.515,4097409.95,"Silva","NEON_D17_TEAK_DP1_322000_4097000_classified_point_cloud_colorized.laz","2018_TEAK_3_322000_4097000_image.tif","Tree",1,322000,322999.999,4097000,4097999.999
"8612",8892,322189.725,322198.066,4097403.182,4097412.466,"Silva","NEON_D17_TEAK_DP1_322000_4097000_classified_point_cloud_colorized.laz","2018_TEAK_3_322000_4097000_image.tif","Tree",1,322000,322999.999,4097000,4097999.999
"8613",8893,322028.003,322030.989,4097406.829,4097411.981,"Silva","NEON_D17_TEAK_DP1_322000_4097000_classified_point_cloud_colorized.laz","2018_TEAK_3_322000_4097000_image.tif","Tree",1,322000,322999.999,4097000,4097999.999
"8614",8894,322004.434,322010.378,4097404.59,4097410.987,"Silva","NEON_D17_TEAK_DP1_322000_4097000_classified_point_cloud_colorized.laz","2018_TEAK_3_322000_4097000_image.tif","Tree",1,322000,322999.999,4097000,4097999.999
"8615",8895,322023.086,322027.986,4097407.53,4097412.189,"Silva","NEON_D17_TEAK_DP1_322000_4097000_classified_point_cloud_colorized.laz","2018_TEAK_3_322000_4097000_image.tif","Tree",1,322000,322999.999,4097000,4097999.999
"8616",8896,322061.697,322064.845,4097408.001,4097411.965,"Silva","NEON_D17_TEAK_DP1_322000_4097000_classified_point_cloud_colorized.laz","2018_TEAK_3_322000_4097000_image.tif","Tree",1,322000,322999.999,4097000,4097999.999
"8617",8897,322428.663,322434.875,4097405.644,4097411.49,"Silva","NEON_D17_TEAK_DP1_322000_4097000_classified_point_cloud_colorized.laz","2018_TEAK_3_322000_4097000_image.tif","Tree",1,322000,322999.999,4097000,4097999.999
"8618",8898,322268.343,322275.472,4097404.032,4097414.47,"Silva","NEON_D17_TEAK_DP1_322000_4097000_classified_point_cloud_colorized.laz","2018_TEAK_3_322000_4097000_image.tif","Tree",1,322000,322999.999,4097000,4097999.999
"8619",8899,322103.065,322107.969,4097407.61,4097412.814,"Silva","NEON_D17_TEAK_DP1_322000_4097000_classified_point_cloud_colorized.laz","2018_TEAK_3_322000_4097000_image.tif","Tree",1,322000,322999.999,4097000,4097999.999
"8620",8900,322015.176,322021.986,4097408.094,4097415.991,"Silva","NEON_D17_TEAK_DP1_322000_4097000_classified_point_cloud_colorized.laz","2018_TEAK_3_322000_4097000_image.tif","Tree",1,322000,322999.999,4097000,4097999.999
"8621",8901,322084.568,322091.635,4097408.535,4097412.458,"Silva","NEON_D17_TEAK_DP1_322000_4097000_classified_point_cloud_colorized.laz","2018_TEAK_3_322000_4097000_image.tif","Tree",1,322000,322999.999,4097000,4097999.999
"8622",8902,322108.066,322116.747,4097404.524,4097414.479,"Silva","NEON_D17_TEAK_DP1_322000_4097000_classified_point_cloud_colorized.laz","2018_TEAK_3_322000_4097000_image.tif","Tree",1,322000,322999.999,4097000,4097999.999
"8623",8903,322368.704,322372.986,4097407.535,4097412.419,"Silva","NEON_D17_TEAK_DP1_322000_4097000_classified_point_cloud_colorized.laz","2018_TEAK_3_322000_4097000_image.tif","Tree",1,322000,322999.999,4097000,4097999.999
"8624",8904,322420.503,322426.961,4097406.651,4097411.59,"Silva","NEON_D17_TEAK_DP1_322000_4097000_classified_point_cloud_colorized.laz","2018_TEAK_3_322000_4097000_image.tif","Tree",1,322000,322999.999,4097000,4097999.999
"8625",8905,322449.629,322454.955,4097406.644,4097412.393,"Silva","NEON_D17_TEAK_DP1_322000_4097000_classified_point_cloud_colorized.laz","2018_TEAK_3_322000_4097000_image.tif","Tree",1,322000,322999.999,4097000,4097999.999
"8626",8906,322330.008,322337.43,4097407.155,4097412.46,"Silva","NEON_D17_TEAK_DP1_322000_4097000_classified_point_cloud_colorized.laz","2018_TEAK_3_322000_4097000_image.tif","Tree",1,322000,322999.999,4097000,4097999.999
"8627",8908,322489.056,322494.903,4097406.643,4097412.895,"Silva","NEON_D17_TEAK_DP1_322000_4097000_classified_point_cloud_colorized.laz","2018_TEAK_3_322000_4097000_image.tif","Tree",1,322000,322999.999,4097000,4097999.999
"8628",8909,322473.002,322481.967,4097405.549,4097415.426,"Silva","NEON_D17_TEAK_DP1_322000_4097000_classified_point_cloud_colorized.laz","2018_TEAK_3_322000_4097000_image.tif","Tree",1,322000,322999.999,4097000,4097999.999
"8629",8910,322045.196,322052.454,4097408.641,4097415.458,"Silva","NEON_D17_TEAK_DP1_322000_4097000_classified_point_cloud_colorized.laz","2018_TEAK_3_322000_4097000_image.tif","Tree",1,322000,322999.999,4097000,4097999.999
"8630",8911,322322.613,322329.91,4097408.548,4097416.3,"Silva","NEON_D17_TEAK_DP1_322000_4097000_classified_point_cloud_colorized.laz","2018_TEAK_3_322000_4097000_image.tif","Tree",1,322000,322999.999,4097000,4097999.999
"8631",8912,322355.741,322361.412,4097407.628,4097415.26,"Silva","NEON_D17_TEAK_DP1_322000_4097000_classified_point_cloud_colorized.laz","2018_TEAK_3_322000_4097000_image.tif","Tree",1,322000,322999.999,4097000,4097999.999
"8632",8913,322131.05,322137.991,4097408.502,4097416.83,"Silva","NEON_D17_TEAK_DP1_322000_4097000_classified_point_cloud_colorized.laz","2018_TEAK_3_322000_4097000_image.tif","Tree",1,322000,322999.999,4097000,4097999.999
"8633",8914,322069.049,322072.367,4097413.002,4097417.991,"Silva","NEON_D17_TEAK_DP1_322000_4097000_classified_point_cloud_colorized.laz","2018_TEAK_3_322000_4097000_image.tif","Tree",1,322000,322999.999,4097000,4097999.999
"8634",8915,322529.446,322536.494,4097407.536,4097414,"Silva","NEON_D17_TEAK_DP1_322000_4097000_classified_point_cloud_colorized.laz","2018_TEAK_3_322000_4097000_image.tif","Tree",1,322000,322999.999,4097000,4097999.999
"8635",8916,322060.888,322067.88,4097412.554,4097418.299,"Silva","NEON_D17_TEAK_DP1_322000_4097000_classified_point_cloud_colorized.laz","2018_TEAK_3_322000_4097000_image.tif","Tree",1,322000,322999.999,4097000,4097999.999
"8636",8917,322417.119,322423.476,4097409.72,4097415.981,"Silva","NEON_D17_TEAK_DP1_322000_4097000_classified_point_cloud_colorized.laz","2018_TEAK_3_322000_4097000_image.tif","Tree",1,322000,322999.999,4097000,4097999.999
"8637",8918,322423.698,322428.433,4097411.241,4097416.324,"Silva","NEON_D17_TEAK_DP1_322000_4097000_classified_point_cloud_colorized.laz","2018_TEAK_3_322000_4097000_image.tif","Tree",1,322000,322999.999,4097000,4097999.999
"8638",8919,322463.367,322463.97,4097413.821,4097415.415,"Silva","NEON_D17_TEAK_DP1_322000_4097000_classified_point_cloud_colorized.laz","2018_TEAK_3_322000_4097000_image.tif","Tree",1,322000,322999.999,4097000,4097999.999
"8639",8921,322375.957,322380.403,4097410.14,4097416.993,"Silva","NEON_D17_TEAK_DP1_322000_4097000_classified_point_cloud_colorized.laz","2018_TEAK_3_322000_4097000_image.tif","Tree",1,322000,322999.999,4097000,4097999.999
"8640",8922,322297.403,322310.419,4097408.514,4097419.482,"Silva","NEON_D17_TEAK_DP1_322000_4097000_classified_point_cloud_colorized.laz","2018_TEAK_3_322000_4097000_image.tif","Tree",1,322000,322999.999,4097000,4097999.999
"8641",8923,322087.675,322092.912,4097412.547,4097418.982,"Silva","NEON_D17_TEAK_DP1_322000_4097000_classified_point_cloud_colorized.laz","2018_TEAK_3_322000_4097000_image.tif","Tree",1,322000,322999.999,4097000,4097999.999
"8642",8924,322052.549,322060.416,4097410.004,4097418.267,"Silva","NEON_D17_TEAK_DP1_322000_4097000_classified_point_cloud_colorized.laz","2018_TEAK_3_322000_4097000_image.tif","Tree",1,322000,322999.999,4097000,4097999.999
"8643",8925,322365.003,322371.326,4097411.018,4097417.661,"Silva","NEON_D17_TEAK_DP1_322000_4097000_classified_point_cloud_colorized.laz","2018_TEAK_3_322000_4097000_image.tif","Tree",1,322000,322999.999,4097000,4097999.999
"8644",8926,322564.191,322567.497,4097412.049,4097414.693,"Silva","NEON_D17_TEAK_DP1_322000_4097000_classified_point_cloud_colorized.laz","2018_TEAK_3_322000_4097000_image.tif","Tree",1,322000,322999.999,4097000,4097999.999
"8645",8927,322351.625,322359.15,4097410.044,4097417.393,"Silva","NEON_D17_TEAK_DP1_322000_4097000_classified_point_cloud_colorized.laz","2018_TEAK_3_322000_4097000_image.tif","Tree",1,322000,322999.999,4097000,4097999.999
"8646",8928,322313.523,322317.971,4097412.723,4097416.993,"Silva","NEON_D17_TEAK_DP1_322000_4097000_classified_point_cloud_colorized.laz","2018_TEAK_3_322000_4097000_image.tif","Tree",1,322000,322999.999,4097000,4097999.999
"8647",8929,322387.526,322389.977,4097411.091,4097415.487,"Silva","NEON_D17_TEAK_DP1_322000_4097000_classified_point_cloud_colorized.laz","2018_TEAK_3_322000_4097000_image.tif","Tree",1,322000,322999.999,4097000,4097999.999
"8648",8930,322439.244,322445.428,4097411.047,4097417.479,"Silva","NEON_D17_TEAK_DP1_322000_4097000_classified_point_cloud_colorized.laz","2018_TEAK_3_322000_4097000_image.tif","Tree",1,322000,322999.999,4097000,4097999.999
"8649",8931,322164.87,322173.491,4097413.94,4097418.984,"Silva","NEON_D17_TEAK_DP1_322000_4097000_classified_point_cloud_colorized.laz","2018_TEAK_3_322000_4097000_image.tif","Tree",1,322000,322999.999,4097000,4097999.999
"8650",8932,322078.03,322082.339,4097412.256,4097419.381,"Silva","NEON_D17_TEAK_DP1_322000_4097000_classified_point_cloud_colorized.laz","2018_TEAK_3_322000_4097000_image.tif","Tree",1,322000,322999.999,4097000,4097999.999
"8651",8933,322505.143,322510.478,4097412.813,4097418.95,"Silva","NEON_D17_TEAK_DP1_322000_4097000_classified_point_cloud_colorized.laz","2018_TEAK_3_322000_4097000_image.tif","Tree",1,322000,322999.999,4097000,4097999.999
"8652",8934,322340.042,322346.219,4097411.564,4097421.33,"Silva","NEON_D17_TEAK_DP1_322000_4097000_classified_point_cloud_colorized.laz","2018_TEAK_3_322000_4097000_image.tif","Tree",1,322000,322999.999,4097000,4097999.999
"8653",8935,322348.143,322356.891,4097414.23,4097421.773,"Silva","NEON_D17_TEAK_DP1_322000_4097000_classified_point_cloud_colorized.laz","2018_TEAK_3_322000_4097000_image.tif","Tree",1,322000,322999.999,4097000,4097999.999
"8654",8937,322531.545,322535.095,4097414.027,4097418.979,"Silva","NEON_D17_TEAK_DP1_322000_4097000_classified_point_cloud_colorized.laz","2018_TEAK_3_322000_4097000_image.tif","Tree",1,322000,322999.999,4097000,4097999.999
"8655",8938,322065.513,322073.998,4097417.536,4097425.427,"Silva","NEON_D17_TEAK_DP1_322000_4097000_classified_point_cloud_colorized.laz","2018_TEAK_3_322000_4097000_image.tif","Tree",1,322000,322999.999,4097000,4097999.999
"8656",8939,322217.645,322226.565,4097415.582,4097425.472,"Silva","NEON_D17_TEAK_DP1_322000_4097000_classified_point_cloud_colorized.laz","2018_TEAK_3_322000_4097000_image.tif","Tree",1,322000,322999.999,4097000,4097999.999
"8657",8940,322334.037,322340.308,4097416.059,4097422.44,"Silva","NEON_D17_TEAK_DP1_322000_4097000_classified_point_cloud_colorized.laz","2018_TEAK_3_322000_4097000_image.tif","Tree",1,322000,322999.999,4097000,4097999.999
"8658",8941,322441.901,322446.997,4097416.609,4097423.411,"Silva","NEON_D17_TEAK_DP1_322000_4097000_classified_point_cloud_colorized.laz","2018_TEAK_3_322000_4097000_image.tif","Tree",1,322000,322999.999,4097000,4097999.999
"8659",8942,322091.091,322093.166,4097422.168,4097423.927,"Silva","NEON_D17_TEAK_DP1_322000_4097000_classified_point_cloud_colorized.laz","2018_TEAK_3_322000_4097000_image.tif","Tree",1,322000,322999.999,4097000,4097999.999
"8660",8943,322501.013,322504.171,4097416.226,4097420.946,"Silva","NEON_D17_TEAK_DP1_322000_4097000_classified_point_cloud_colorized.laz","2018_TEAK_3_322000_4097000_image.tif","Tree",1,322000,322999.999,4097000,4097999.999
"8661",8945,322509.729,322512.606,4097417.058,4097421.402,"Silva","NEON_D17_TEAK_DP1_322000_4097000_classified_point_cloud_colorized.laz","2018_TEAK_3_322000_4097000_image.tif","Tree",1,322000,322999.999,4097000,4097999.999
"8662",8946,322435.057,322441.074,4097418.035,4097424.469,"Silva","NEON_D17_TEAK_DP1_322000_4097000_classified_point_cloud_colorized.laz","2018_TEAK_3_322000_4097000_image.tif","Tree",1,322000,322999.999,4097000,4097999.999
"8663",8947,322459.694,322465.315,4097418.974,4097423.985,"Silva","NEON_D17_TEAK_DP1_322000_4097000_classified_point_cloud_colorized.laz","2018_TEAK_3_322000_4097000_image.tif","Tree",1,322000,322999.999,4097000,4097999.999
"8664",8948,322095.896,322098.92,4097423.02,4097426.931,"Silva","NEON_D17_TEAK_DP1_322000_4097000_classified_point_cloud_colorized.laz","2018_TEAK_3_322000_4097000_image.tif","Tree",1,322000,322999.999,4097000,4097999.999
"8665",8949,322405.213,322409.138,4097421.012,4097423.871,"Silva","NEON_D17_TEAK_DP1_322000_4097000_classified_point_cloud_colorized.laz","2018_TEAK_3_322000_4097000_image.tif","Tree",1,322000,322999.999,4097000,4097999.999
"8666",8950,322371.048,322375.493,4097420.09,4097424.973,"Silva","NEON_D17_TEAK_DP1_322000_4097000_classified_point_cloud_colorized.laz","2018_TEAK_3_322000_4097000_image.tif","Tree",1,322000,322999.999,4097000,4097999.999
"8667",8951,322194.832,322200.65,4097422.038,4097427.983,"Silva","NEON_D17_TEAK_DP1_322000_4097000_classified_point_cloud_colorized.laz","2018_TEAK_3_322000_4097000_image.tif","Tree",1,322000,322999.999,4097000,4097999.999
"8668",8952,322394.003,322400.597,4097419.577,4097426.083,"Silva","NEON_D17_TEAK_DP1_322000_4097000_classified_point_cloud_colorized.laz","2018_TEAK_3_322000_4097000_image.tif","Tree",1,322000,322999.999,4097000,4097999.999
"8669",8953,322493.122,322494.329,4097423.048,4097425.915,"Silva","NEON_D17_TEAK_DP1_322000_4097000_classified_point_cloud_colorized.laz","2018_TEAK_3_322000_4097000_image.tif","Tree",1,322000,322999.999,4097000,4097999.999
"8670",8954,322580.509,322588.477,4097418.006,4097427.2,"Silva","NEON_D17_TEAK_DP1_322000_4097000_classified_point_cloud_colorized.laz","2018_TEAK_3_322000_4097000_image.tif","Tree",1,322000,322999.999,4097000,4097999.999
"8671",8955,322576.011,322580.994,4097422.14,4097425.412,"Silva","NEON_D17_TEAK_DP1_322000_4097000_classified_point_cloud_colorized.laz","2018_TEAK_3_322000_4097000_image.tif","Tree",1,322000,322999.999,4097000,4097999.999
"8672",8956,322452.547,322454.954,4097423.636,4097425.476,"Silva","NEON_D17_TEAK_DP1_322000_4097000_classified_point_cloud_colorized.laz","2018_TEAK_3_322000_4097000_image.tif","Tree",1,322000,322999.999,4097000,4097999.999
"8673",8957,322119.107,322126.47,4097423.616,4097432.986,"Silva","NEON_D17_TEAK_DP1_322000_4097000_classified_point_cloud_colorized.laz","2018_TEAK_3_322000_4097000_image.tif","Tree",1,322000,322999.999,4097000,4097999.999
"8674",8958,322080.19,322083.968,4097425.611,4097430.512,"Silva","NEON_D17_TEAK_DP1_322000_4097000_classified_point_cloud_colorized.laz","2018_TEAK_3_322000_4097000_image.tif","Tree",1,322000,322999.999,4097000,4097999.999
"8675",8959,322063.868,322071.124,4097424.918,4097432.315,"Silva","NEON_D17_TEAK_DP1_322000_4097000_classified_point_cloud_colorized.laz","2018_TEAK_3_322000_4097000_image.tif","Tree",1,322000,322999.999,4097000,4097999.999
"8676",8960,322333.838,322339.964,4097423.009,4097429.48,"Silva","NEON_D17_TEAK_DP1_322000_4097000_classified_point_cloud_colorized.laz","2018_TEAK_3_322000_4097000_image.tif","Tree",1,322000,322999.999,4097000,4097999.999
"8677",8961,322498.734,322503.364,4097421.26,4097427.489,"Silva","NEON_D17_TEAK_DP1_322000_4097000_classified_point_cloud_colorized.laz","2018_TEAK_3_322000_4097000_image.tif","Tree",1,322000,322999.999,4097000,4097999.999
"8678",8963,322399.812,322406.988,4097421.015,4097429.845,"Silva","NEON_D17_TEAK_DP1_322000_4097000_classified_point_cloud_colorized.laz","2018_TEAK_3_322000_4097000_image.tif","Tree",1,322000,322999.999,4097000,4097999.999
"8679",8964,322084.308,322088.929,4097426.572,4097431.525,"Silva","NEON_D17_TEAK_DP1_322000_4097000_classified_point_cloud_colorized.laz","2018_TEAK_3_322000_4097000_image.tif","Tree",1,322000,322999.999,4097000,4097999.999
"8680",8965,322342.428,322345.934,4097424.189,4097427.852,"Silva","NEON_D17_TEAK_DP1_322000_4097000_classified_point_cloud_colorized.laz","2018_TEAK_3_322000_4097000_image.tif","Tree",1,322000,322999.999,4097000,4097999.999
"8681",8966,322502.594,322508.442,4097421.641,4097428.488,"Silva","NEON_D17_TEAK_DP1_322000_4097000_classified_point_cloud_colorized.laz","2018_TEAK_3_322000_4097000_image.tif","Tree",1,322000,322999.999,4097000,4097999.999
"8682",8967,322477.523,322485.492,4097422.246,4097428.334,"Silva","NEON_D17_TEAK_DP1_322000_4097000_classified_point_cloud_colorized.laz","2018_TEAK_3_322000_4097000_image.tif","Tree",1,322000,322999.999,4097000,4097999.999
"8683",8968,322148.726,322157.254,4097425.536,4097432.959,"Silva","NEON_D17_TEAK_DP1_322000_4097000_classified_point_cloud_colorized.laz","2018_TEAK_3_322000_4097000_image.tif","Tree",1,322000,322999.999,4097000,4097999.999
"8684",8969,322087.6,322091.996,4097427.553,4097433,"Silva","NEON_D17_TEAK_DP1_322000_4097000_classified_point_cloud_colorized.laz","2018_TEAK_3_322000_4097000_image.tif","Tree",1,322000,322999.999,4097000,4097999.999
"8685",8970,322060.607,322067.924,4097427.763,4097434.839,"Silva","NEON_D17_TEAK_DP1_322000_4097000_classified_point_cloud_colorized.laz","2018_TEAK_3_322000_4097000_image.tif","Tree",1,322000,322999.999,4097000,4097999.999
"8686",8971,322457.004,322460.436,4097425.188,4097428.959,"Silva","NEON_D17_TEAK_DP1_322000_4097000_classified_point_cloud_colorized.laz","2018_TEAK_3_322000_4097000_image.tif","Tree",1,322000,322999.999,4097000,4097999.999
"8687",8972,322532.66,322539.458,4097422.53,4097430.606,"Silva","NEON_D17_TEAK_DP1_322000_4097000_classified_point_cloud_colorized.laz","2018_TEAK_3_322000_4097000_image.tif","Tree",1,322000,322999.999,4097000,4097999.999
"8688",8973,322071.577,322077.882,4097430.173,4097436.485,"Silva","NEON_D17_TEAK_DP1_322000_4097000_classified_point_cloud_colorized.laz","2018_TEAK_3_322000_4097000_image.tif","Tree",1,322000,322999.999,4097000,4097999.999
"8689",8974,322092.545,322096.396,4097431.541,4097435.157,"Silva","NEON_D17_TEAK_DP1_322000_4097000_classified_point_cloud_colorized.laz","2018_TEAK_3_322000_4097000_image.tif","Tree",1,322000,322999.999,4097000,4097999.999
"8690",8975,322033.079,322038.593,4097432.505,4097437.949,"Silva","NEON_D17_TEAK_DP1_322000_4097000_classified_point_cloud_colorized.laz","2018_TEAK_3_322000_4097000_image.tif","Tree",1,322000,322999.999,4097000,4097999.999
"8691",8976,322181.567,322190.156,4097425.955,4097436.917,"Silva","NEON_D17_TEAK_DP1_322000_4097000_classified_point_cloud_colorized.laz","2018_TEAK_3_322000_4097000_image.tif","Tree",1,322000,322999.999,4097000,4097999.999
"8692",8977,322347.018,322350.425,4097428.495,4097431.923,"Silva","NEON_D17_TEAK_DP1_322000_4097000_classified_point_cloud_colorized.laz","2018_TEAK_3_322000_4097000_image.tif","Tree",1,322000,322999.999,4097000,4097999.999
"8693",8978,322507.117,322513.256,4097426.221,4097431.902,"Silva","NEON_D17_TEAK_DP1_322000_4097000_classified_point_cloud_colorized.laz","2018_TEAK_3_322000_4097000_image.tif","Tree",1,322000,322999.999,4097000,4097999.999
"8694",8979,322331.015,322339.921,4097428.001,4097435.487,"Silva","NEON_D17_TEAK_DP1_322000_4097000_classified_point_cloud_colorized.laz","2018_TEAK_3_322000_4097000_image.tif","Tree",1,322000,322999.999,4097000,4097999.999
"8695",8980,322126.017,322130.4,4097431.683,4097436.457,"Silva","NEON_D17_TEAK_DP1_322000_4097000_classified_point_cloud_colorized.laz","2018_TEAK_3_322000_4097000_image.tif","Tree",1,322000,322999.999,4097000,4097999.999
"8696",8981,322025.485,322031.39,4097433.533,4097439.369,"Silva","NEON_D17_TEAK_DP1_322000_4097000_classified_point_cloud_colorized.laz","2018_TEAK_3_322000_4097000_image.tif","Tree",1,322000,322999.999,4097000,4097999.999
"8697",8982,322353.557,322355.385,4097431.636,4097434.2,"Silva","NEON_D17_TEAK_DP1_322000_4097000_classified_point_cloud_colorized.laz","2018_TEAK_3_322000_4097000_image.tif","Tree",1,322000,322999.999,4097000,4097999.999
"8698",8983,322339.607,322344.446,4097430.553,4097435.486,"Silva","NEON_D17_TEAK_DP1_322000_4097000_classified_point_cloud_colorized.laz","2018_TEAK_3_322000_4097000_image.tif","Tree",1,322000,322999.999,4097000,4097999.999
"8699",8984,322447.525,322453.922,4097429.617,4097434.47,"Silva","NEON_D17_TEAK_DP1_322000_4097000_classified_point_cloud_colorized.laz","2018_TEAK_3_322000_4097000_image.tif","Tree",1,322000,322999.999,4097000,4097999.999
"8700",8985,322588.033,322594.37,4097425.976,4097433.851,"Silva","NEON_D17_TEAK_DP1_322000_4097000_classified_point_cloud_colorized.laz","2018_TEAK_3_322000_4097000_image.tif","Tree",1,322000,322999.999,4097000,4097999.999
"8701",8986,322138.6,322144.972,4097433.75,4097439.968,"Silva","NEON_D17_TEAK_DP1_322000_4097000_classified_point_cloud_colorized.laz","2018_TEAK_3_322000_4097000_image.tif","Tree",1,322000,322999.999,4097000,4097999.999
"8702",8987,322562.693,322563.442,4097431.508,4097432.228,"Silva","NEON_D17_TEAK_DP1_322000_4097000_classified_point_cloud_colorized.laz","2018_TEAK_3_322000_4097000_image.tif","Tree",1,322000,322999.999,4097000,4097999.999
"8703",8988,322480.666,322488.751,4097428.505,4097435.45,"Silva","NEON_D17_TEAK_DP1_322000_4097000_classified_point_cloud_colorized.laz","2018_TEAK_3_322000_4097000_image.tif","Tree",1,322000,322999.999,4097000,4097999.999
"8704",8989,322460.79,322466.981,4097430.109,4097435.956,"Silva","NEON_D17_TEAK_DP1_322000_4097000_classified_point_cloud_colorized.laz","2018_TEAK_3_322000_4097000_image.tif","Tree",1,322000,322999.999,4097000,4097999.999
"8705",8991,322048.04,322054.359,4097435.056,4097445.379,"Silva","NEON_D17_TEAK_DP1_322000_4097000_classified_point_cloud_colorized.laz","2018_TEAK_3_322000_4097000_image.tif","Tree",1,322000,322999.999,4097000,4097999.999
"8706",8992,322190.776,322201.964,4097433.544,4097440.997,"Silva","NEON_D17_TEAK_DP1_322000_4097000_classified_point_cloud_colorized.laz","2018_TEAK_3_322000_4097000_image.tif","Tree",1,322000,322999.999,4097000,4097999.999
"8707",8993,322387.508,322395.832,4097430.854,4097439.369,"Silva","NEON_D17_TEAK_DP1_322000_4097000_classified_point_cloud_colorized.laz","2018_TEAK_3_322000_4097000_image.tif","Tree",1,322000,322999.999,4097000,4097999.999
"8708",8994,322085.367,322092.499,4097437.003,4097444.859,"Silva","NEON_D17_TEAK_DP1_322000_4097000_classified_point_cloud_colorized.laz","2018_TEAK_3_322000_4097000_image.tif","Tree",1,322000,322999.999,4097000,4097999.999
"8709",8995,322075.808,322080.925,4097436.774,4097443.491,"Silva","NEON_D17_TEAK_DP1_322000_4097000_classified_point_cloud_colorized.laz","2018_TEAK_3_322000_4097000_image.tif","Tree",1,322000,322999.999,4097000,4097999.999
"8710",8996,322052.054,322058.943,4097435.072,4097444.983,"Silva","NEON_D17_TEAK_DP1_322000_4097000_classified_point_cloud_colorized.laz","2018_TEAK_3_322000_4097000_image.tif","Tree",1,322000,322999.999,4097000,4097999.999
"8711",8997,322032.068,322037.492,4097438.455,4097443.91,"Silva","NEON_D17_TEAK_DP1_322000_4097000_classified_point_cloud_colorized.laz","2018_TEAK_3_322000_4097000_image.tif","Tree",1,322000,322999.999,4097000,4097999.999
"8712",8998,322327.63,322334.769,4097432.589,4097440.447,"Silva","NEON_D17_TEAK_DP1_322000_4097000_classified_point_cloud_colorized.laz","2018_TEAK_3_322000_4097000_image.tif","Tree",1,322000,322999.999,4097000,4097999.999
"8713",8999,322427.267,322433.494,4097432.017,4097438.987,"Silva","NEON_D17_TEAK_DP1_322000_4097000_classified_point_cloud_colorized.laz","2018_TEAK_3_322000_4097000_image.tif","Tree",1,322000,322999.999,4097000,4097999.999
"8714",9000,322379.131,322387.491,4097430.878,4097440.469,"Silva","NEON_D17_TEAK_DP1_322000_4097000_classified_point_cloud_colorized.laz","2018_TEAK_3_322000_4097000_image.tif","Tree",1,322000,322999.999,4097000,4097999.999
"8715",9002,322449.084,322455.822,4097433.572,4097438.987,"Silva","NEON_D17_TEAK_DP1_322000_4097000_classified_point_cloud_colorized.laz","2018_TEAK_3_322000_4097000_image.tif","Tree",1,322000,322999.999,4097000,4097999.999
"8716",9003,322482.67,322489.401,4097432.557,4097439.169,"Silva","NEON_D17_TEAK_DP1_322000_4097000_classified_point_cloud_colorized.laz","2018_TEAK_3_322000_4097000_image.tif","Tree",1,322000,322999.999,4097000,4097999.999
"8717",9004,322505.59,322514.265,4097431.401,4097438.32,"Silva","NEON_D17_TEAK_DP1_322000_4097000_classified_point_cloud_colorized.laz","2018_TEAK_3_322000_4097000_image.tif","Tree",1,322000,322999.999,4097000,4097999.999
"8718",9005,322208,322216.934,4097437.525,4097446.435,"Silva","NEON_D17_TEAK_DP1_322000_4097000_classified_point_cloud_colorized.laz","2018_TEAK_3_322000_4097000_image.tif","Tree",1,322000,322999.999,4097000,4097999.999
"8719",9006,322026.627,322029.359,4097443.508,4097445.887,"Silva","NEON_D17_TEAK_DP1_322000_4097000_classified_point_cloud_colorized.laz","2018_TEAK_3_322000_4097000_image.tif","Tree",1,322000,322999.999,4097000,4097999.999
"8720",9007,322073.018,322077.998,4097441.011,4097445.981,"Silva","NEON_D17_TEAK_DP1_322000_4097000_classified_point_cloud_colorized.laz","2018_TEAK_3_322000_4097000_image.tif","Tree",1,322000,322999.999,4097000,4097999.999
"8721",9008,322349.753,322354.994,4097437.046,4097441.922,"Silva","NEON_D17_TEAK_DP1_322000_4097000_classified_point_cloud_colorized.laz","2018_TEAK_3_322000_4097000_image.tif","Tree",1,322000,322999.999,4097000,4097999.999
"8722",9009,322530.846,322540.961,4097433.001,4097440.497,"Silva","NEON_D17_TEAK_DP1_322000_4097000_classified_point_cloud_colorized.laz","2018_TEAK_3_322000_4097000_image.tif","Tree",1,322000,322999.999,4097000,4097999.999
"8723",9010,322456.621,322461.536,4097435.094,4097441.307,"Silva","NEON_D17_TEAK_DP1_322000_4097000_classified_point_cloud_colorized.laz","2018_TEAK_3_322000_4097000_image.tif","Tree",1,322000,322999.999,4097000,4097999.999
"8724",9011,322212.538,322224.45,4097436.502,4097447.483,"Silva","NEON_D17_TEAK_DP1_322000_4097000_classified_point_cloud_colorized.laz","2018_TEAK_3_322000_4097000_image.tif","Tree",1,322000,322999.999,4097000,4097999.999
"8725",9012,322374.7,322380.473,4097440.076,4097442.49,"Silva","NEON_D17_TEAK_DP1_322000_4097000_classified_point_cloud_colorized.laz","2018_TEAK_3_322000_4097000_image.tif","Tree",1,322000,322999.999,4097000,4097999.999
"8726",9013,322425.044,322431.907,4097436.811,4097442.974,"Silva","NEON_D17_TEAK_DP1_322000_4097000_classified_point_cloud_colorized.laz","2018_TEAK_3_322000_4097000_image.tif","Tree",1,322000,322999.999,4097000,4097999.999
"8727",9014,322345.018,322349.973,4097437.03,4097443.457,"Silva","NEON_D17_TEAK_DP1_322000_4097000_classified_point_cloud_colorized.laz","2018_TEAK_3_322000_4097000_image.tif","Tree",1,322000,322999.999,4097000,4097999.999
"8728",9015,322337.525,322344.385,4097438.013,4097444.474,"Silva","NEON_D17_TEAK_DP1_322000_4097000_classified_point_cloud_colorized.laz","2018_TEAK_3_322000_4097000_image.tif","Tree",1,322000,322999.999,4097000,4097999.999
"8729",9016,322284.177,322291.937,4097438.514,4097446.486,"Silva","NEON_D17_TEAK_DP1_322000_4097000_classified_point_cloud_colorized.laz","2018_TEAK_3_322000_4097000_image.tif","Tree",1,322000,322999.999,4097000,4097999.999
"8730",9017,322331.695,322337.905,4097439.147,4097445.37,"Silva","NEON_D17_TEAK_DP1_322000_4097000_classified_point_cloud_colorized.laz","2018_TEAK_3_322000_4097000_image.tif","Tree",1,322000,322999.999,4097000,4097999.999
"8731",9018,322513.584,322521.984,4097435.674,4097443.888,"Silva","NEON_D17_TEAK_DP1_322000_4097000_classified_point_cloud_colorized.laz","2018_TEAK_3_322000_4097000_image.tif","Tree",1,322000,322999.999,4097000,4097999.999
"8732",9019,322400.53,322402.353,4097442.284,4097443.399,"Silva","NEON_D17_TEAK_DP1_322000_4097000_classified_point_cloud_colorized.laz","2018_TEAK_3_322000_4097000_image.tif","Tree",1,322000,322999.999,4097000,4097999.999
"8733",9020,322390.547,322394.76,4097438.525,4097446.477,"Silva","NEON_D17_TEAK_DP1_322000_4097000_classified_point_cloud_colorized.laz","2018_TEAK_3_322000_4097000_image.tif","Tree",1,322000,322999.999,4097000,4097999.999
"8734",9021,322135.542,322136.49,4097446.603,4097447.489,"Silva","NEON_D17_TEAK_DP1_322000_4097000_classified_point_cloud_colorized.laz","2018_TEAK_3_322000_4097000_image.tif","Tree",1,322000,322999.999,4097000,4097999.999
"8735",9022,322105.562,322111.997,4097443.537,4097451.403,"Silva","NEON_D17_TEAK_DP1_322000_4097000_classified_point_cloud_colorized.laz","2018_TEAK_3_322000_4097000_image.tif","Tree",1,322000,322999.999,4097000,4097999.999
"8736",9023,322018.513,322023.325,4097447.658,4097452.309,"Silva","NEON_D17_TEAK_DP1_322000_4097000_classified_point_cloud_colorized.laz","2018_TEAK_3_322000_4097000_image.tif","Tree",1,322000,322999.999,4097000,4097999.999
"8737",9024,322380.526,322390.499,4097437.312,4097446.485,"Silva","NEON_D17_TEAK_DP1_322000_4097000_classified_point_cloud_colorized.laz","2018_TEAK_3_322000_4097000_image.tif","Tree",1,322000,322999.999,4097000,4097999.999
"8738",9025,322051.004,322057.988,4097445.05,4097452.443,"Silva","NEON_D17_TEAK_DP1_322000_4097000_classified_point_cloud_colorized.laz","2018_TEAK_3_322000_4097000_image.tif","Tree",1,322000,322999.999,4097000,4097999.999
"8739",9026,322058.008,322063.428,4097446.022,4097452.909,"Silva","NEON_D17_TEAK_DP1_322000_4097000_classified_point_cloud_colorized.laz","2018_TEAK_3_322000_4097000_image.tif","Tree",1,322000,322999.999,4097000,4097999.999
"8740",9027,322063.555,322067.715,4097447.64,4097451.839,"Silva","NEON_D17_TEAK_DP1_322000_4097000_classified_point_cloud_colorized.laz","2018_TEAK_3_322000_4097000_image.tif","Tree",1,322000,322999.999,4097000,4097999.999
"8741",9028,322079.106,322084.364,4097446.093,4097452.478,"Silva","NEON_D17_TEAK_DP1_322000_4097000_classified_point_cloud_colorized.laz","2018_TEAK_3_322000_4097000_image.tif","Tree",1,322000,322999.999,4097000,4097999.999
"8742",9029,322470.214,322476.36,4097439.037,4097445.958,"Silva","NEON_D17_TEAK_DP1_322000_4097000_classified_point_cloud_colorized.laz","2018_TEAK_3_322000_4097000_image.tif","Tree",1,322000,322999.999,4097000,4097999.999
"8743",9030,322523.134,322531.738,4097437.952,4097445.979,"Silva","NEON_D17_TEAK_DP1_322000_4097000_classified_point_cloud_colorized.laz","2018_TEAK_3_322000_4097000_image.tif","Tree",1,322000,322999.999,4097000,4097999.999
"8744",9031,322584.518,322592.703,4097438.514,4097446.373,"Silva","NEON_D17_TEAK_DP1_322000_4097000_classified_point_cloud_colorized.laz","2018_TEAK_3_322000_4097000_image.tif","Tree",1,322000,322999.999,4097000,4097999.999
"8745",9032,322346.088,322351.975,4097443.22,4097448.99,"Silva","NEON_D17_TEAK_DP1_322000_4097000_classified_point_cloud_colorized.laz","2018_TEAK_3_322000_4097000_image.tif","Tree",1,322000,322999.999,4097000,4097999.999
"8746",9033,322266.501,322274.985,4097440.525,4097450.466,"Silva","NEON_D17_TEAK_DP1_322000_4097000_classified_point_cloud_colorized.laz","2018_TEAK_3_322000_4097000_image.tif","Tree",1,322000,322999.999,4097000,4097999.999
"8747",9034,322022.015,322028.341,4097449.205,4097454.771,"Silva","NEON_D17_TEAK_DP1_322000_4097000_classified_point_cloud_colorized.laz","2018_TEAK_3_322000_4097000_image.tif","Tree",1,322000,322999.999,4097000,4097999.999
"8748",9035,322545.548,322552.93,4097438.547,4097447.333,"Silva","NEON_D17_TEAK_DP1_322000_4097000_classified_point_cloud_colorized.laz","2018_TEAK_3_322000_4097000_image.tif","Tree",1,322000,322999.999,4097000,4097999.999
"8749",9036,322573.64,322584.985,4097434.554,4097446.641,"Silva","NEON_D17_TEAK_DP1_322000_4097000_classified_point_cloud_colorized.laz","2018_TEAK_3_322000_4097000_image.tif","Tree",1,322000,322999.999,4097000,4097999.999
"8750",9037,322557.536,322563.739,4097438.955,4097446.904,"Silva","NEON_D17_TEAK_DP1_322000_4097000_classified_point_cloud_colorized.laz","2018_TEAK_3_322000_4097000_image.tif","Tree",1,322000,322999.999,4097000,4097999.999
"8751",9038,322423.073,322432.421,4097442.549,4097451.493,"Silva","NEON_D17_TEAK_DP1_322000_4097000_classified_point_cloud_colorized.laz","2018_TEAK_3_322000_4097000_image.tif","Tree",1,322000,322999.999,4097000,4097999.999
"8752",9039,322420.563,322422.416,4097444.926,4097449.411,"Silva","NEON_D17_TEAK_DP1_322000_4097000_classified_point_cloud_colorized.laz","2018_TEAK_3_322000_4097000_image.tif","Tree",1,322000,322999.999,4097000,4097999.999
"8753",9040,322590.382,322596.36,4097441.151,4097447.436,"Silva","NEON_D17_TEAK_DP1_322000_4097000_classified_point_cloud_colorized.laz","2018_TEAK_3_322000_4097000_image.tif","Tree",1,322000,322999.999,4097000,4097999.999
"8754",9041,322014.544,322023.254,4097451.705,4097459.951,"Silva","NEON_D17_TEAK_DP1_322000_4097000_classified_point_cloud_colorized.laz","2018_TEAK_3_322000_4097000_image.tif","Tree",1,322000,322999.999,4097000,4097999.999
"8755",9042,322047.704,322052.881,4097453.299,4097457.475,"Silva","NEON_D17_TEAK_DP1_322000_4097000_classified_point_cloud_colorized.laz","2018_TEAK_3_322000_4097000_image.tif","Tree",1,322000,322999.999,4097000,4097999.999
"8756",9043,322381.202,322392.844,4097444.558,4097453.333,"Silva","NEON_D17_TEAK_DP1_322000_4097000_classified_point_cloud_colorized.laz","2018_TEAK_3_322000_4097000_image.tif","Tree",1,322000,322999.999,4097000,4097999.999
"8757",9044,322566.008,322569.963,4097444.215,4097448.903,"Silva","NEON_D17_TEAK_DP1_322000_4097000_classified_point_cloud_colorized.laz","2018_TEAK_3_322000_4097000_image.tif","Tree",1,322000,322999.999,4097000,4097999.999
"8758",9045,322594.563,322601.446,4097441.201,4097449.52,"Silva","NEON_D17_TEAK_DP1_322000_4097000_classified_point_cloud_colorized.laz","2018_TEAK_3_322000_4097000_image.tif","Tree",1,322000,322999.999,4097000,4097999.999
"8759",9047,322455.522,322460.482,4097445.665,4097449.991,"Silva","NEON_D17_TEAK_DP1_322000_4097000_classified_point_cloud_colorized.laz","2018_TEAK_3_322000_4097000_image.tif","Tree",1,322000,322999.999,4097000,4097999.999
"8760",9048,322117.502,322123.684,4097450.564,4097458.405,"Silva","NEON_D17_TEAK_DP1_322000_4097000_classified_point_cloud_colorized.laz","2018_TEAK_3_322000_4097000_image.tif","Tree",1,322000,322999.999,4097000,4097999.999
"8761",9049,322034.098,322038.494,4097453.23,4097457.986,"Silva","NEON_D17_TEAK_DP1_322000_4097000_classified_point_cloud_colorized.laz","2018_TEAK_3_322000_4097000_image.tif","Tree",1,322000,322999.999,4097000,4097999.999
"8762",9050,322004.008,322009.905,4097454.031,4097460.897,"Silva","NEON_D17_TEAK_DP1_322000_4097000_classified_point_cloud_colorized.laz","2018_TEAK_3_322000_4097000_image.tif","Tree",1,322000,322999.999,4097000,4097999.999
"8763",9051,322067.558,322072.994,4097453.63,4097461.39,"Silva","NEON_D17_TEAK_DP1_322000_4097000_classified_point_cloud_colorized.laz","2018_TEAK_3_322000_4097000_image.tif","Tree",1,322000,322999.999,4097000,4097999.999
"8764",9052,322147.804,322152.496,4097452.288,4097457.476,"Silva","NEON_D17_TEAK_DP1_322000_4097000_classified_point_cloud_colorized.laz","2018_TEAK_3_322000_4097000_image.tif","Tree",1,322000,322999.999,4097000,4097999.999
"8765",9054,322000.003,322003.891,4097456.612,4097459.964,"Silva","NEON_D17_TEAK_DP1_322000_4097000_classified_point_cloud_colorized.laz","2018_TEAK_3_322000_4097000_image.tif","Tree",1,322000,322999.999,4097000,4097999.999
"8766",9055,322070.083,322075.345,4097454.028,4097462.416,"Silva","NEON_D17_TEAK_DP1_322000_4097000_classified_point_cloud_colorized.laz","2018_TEAK_3_322000_4097000_image.tif","Tree",1,322000,322999.999,4097000,4097999.999
"8767",9056,322152.685,322156.468,4097453.008,4097457.5,"Silva","NEON_D17_TEAK_DP1_322000_4097000_classified_point_cloud_colorized.laz","2018_TEAK_3_322000_4097000_image.tif","Tree",1,322000,322999.999,4097000,4097999.999
"8768",9057,322202.549,322206.438,4097453.635,4097456.849,"Silva","NEON_D17_TEAK_DP1_322000_4097000_classified_point_cloud_colorized.laz","2018_TEAK_3_322000_4097000_image.tif","Tree",1,322000,322999.999,4097000,4097999.999
"8769",9058,322524.33,322531.884,4097445.507,4097453.461,"Silva","NEON_D17_TEAK_DP1_322000_4097000_classified_point_cloud_colorized.laz","2018_TEAK_3_322000_4097000_image.tif","Tree",1,322000,322999.999,4097000,4097999.999
"8770",9059,322517.823,322520.188,4097448.024,4097452.389,"Silva","NEON_D17_TEAK_DP1_322000_4097000_classified_point_cloud_colorized.laz","2018_TEAK_3_322000_4097000_image.tif","Tree",1,322000,322999.999,4097000,4097999.999
"8771",9060,322048.516,322052.431,4097456.804,4097462.315,"Silva","NEON_D17_TEAK_DP1_322000_4097000_classified_point_cloud_colorized.laz","2018_TEAK_3_322000_4097000_image.tif","Tree",1,322000,322999.999,4097000,4097999.999
"8772",9061,322043.602,322048.486,4097454.713,4097462.942,"Silva","NEON_D17_TEAK_DP1_322000_4097000_classified_point_cloud_colorized.laz","2018_TEAK_3_322000_4097000_image.tif","Tree",1,322000,322999.999,4097000,4097999.999
"8773",9062,322008.511,322014.419,4097457.031,4097462.717,"Silva","NEON_D17_TEAK_DP1_322000_4097000_classified_point_cloud_colorized.laz","2018_TEAK_3_322000_4097000_image.tif","Tree",1,322000,322999.999,4097000,4097999.999
"8774",9064,322331.084,322335.762,4097452.53,4097458.131,"Silva","NEON_D17_TEAK_DP1_322000_4097000_classified_point_cloud_colorized.laz","2018_TEAK_3_322000_4097000_image.tif","Tree",1,322000,322999.999,4097000,4097999.999
"8775",9065,322497.012,322504.199,4097448.027,4097456.438,"Silva","NEON_D17_TEAK_DP1_322000_4097000_classified_point_cloud_colorized.laz","2018_TEAK_3_322000_4097000_image.tif","Tree",1,322000,322999.999,4097000,4097999.999
"8776",9066,322579.684,322587.948,4097445.153,4097454.491,"Silva","NEON_D17_TEAK_DP1_322000_4097000_classified_point_cloud_colorized.laz","2018_TEAK_3_322000_4097000_image.tif","Tree",1,322000,322999.999,4097000,4097999.999
"8777",9067,322587.531,322595.705,4097446.339,4097453.999,"Silva","NEON_D17_TEAK_DP1_322000_4097000_classified_point_cloud_colorized.laz","2018_TEAK_3_322000_4097000_image.tif","Tree",1,322000,322999.999,4097000,4097999.999
"8778",9068,322468.041,322473.052,4097450.749,4097454.873,"Silva","NEON_D17_TEAK_DP1_322000_4097000_classified_point_cloud_colorized.laz","2018_TEAK_3_322000_4097000_image.tif","Tree",1,322000,322999.999,4097000,4097999.999
"8779",9069,322317.942,322318.993,4097455.85,4097457.431,"Silva","NEON_D17_TEAK_DP1_322000_4097000_classified_point_cloud_colorized.laz","2018_TEAK_3_322000_4097000_image.tif","Tree",1,322000,322999.999,4097000,4097999.999
"8780",9070,322028.589,322034.987,4097459.629,4097464.485,"Silva","NEON_D17_TEAK_DP1_322000_4097000_classified_point_cloud_colorized.laz","2018_TEAK_3_322000_4097000_image.tif","Tree",1,322000,322999.999,4097000,4097999.999
"8781",9071,322145.519,322149.852,4097456.724,4097461.367,"Silva","NEON_D17_TEAK_DP1_322000_4097000_classified_point_cloud_colorized.laz","2018_TEAK_3_322000_4097000_image.tif","Tree",1,322000,322999.999,4097000,4097999.999
"8782",9072,322174.528,322178.82,4097457.068,4097461.865,"Silva","NEON_D17_TEAK_DP1_322000_4097000_classified_point_cloud_colorized.laz","2018_TEAK_3_322000_4097000_image.tif","Tree",1,322000,322999.999,4097000,4097999.999
"8783",9073,322482.91,322482.91,4097457.159,4097457.159,"Silva","NEON_D17_TEAK_DP1_322000_4097000_classified_point_cloud_colorized.laz","2018_TEAK_3_322000_4097000_image.tif","Tree",1,322000,322999.999,4097000,4097999.999
"8784",9074,322528.032,322536.49,4097449.043,4097457.997,"Silva","NEON_D17_TEAK_DP1_322000_4097000_classified_point_cloud_colorized.laz","2018_TEAK_3_322000_4097000_image.tif","Tree",1,322000,322999.999,4097000,4097999.999
"8785",9075,322209.006,322215.909,4097455.674,4097462.19,"Silva","NEON_D17_TEAK_DP1_322000_4097000_classified_point_cloud_colorized.laz","2018_TEAK_3_322000_4097000_image.tif","Tree",1,322000,322999.999,4097000,4097999.999
"8786",9076,322051.532,322058.422,4097461.426,4097467.5,"Silva","NEON_D17_TEAK_DP1_322000_4097000_classified_point_cloud_colorized.laz","2018_TEAK_3_322000_4097000_image.tif","Tree",1,322000,322999.999,4097000,4097999.999
"8787",9077,322161.572,322170.33,4097455.84,4097463.453,"Silva","NEON_D17_TEAK_DP1_322000_4097000_classified_point_cloud_colorized.laz","2018_TEAK_3_322000_4097000_image.tif","Tree",1,322000,322999.999,4097000,4097999.999
"8788",9078,322035.542,322040.701,4097460.524,4097466.862,"Silva","NEON_D17_TEAK_DP1_322000_4097000_classified_point_cloud_colorized.laz","2018_TEAK_3_322000_4097000_image.tif","Tree",1,322000,322999.999,4097000,4097999.999
"8789",9079,322493.567,322494.376,4097457.97,4097458.246,"Silva","NEON_D17_TEAK_DP1_322000_4097000_classified_point_cloud_colorized.laz","2018_TEAK_3_322000_4097000_image.tif","Tree",1,322000,322999.999,4097000,4097999.999
"8790",9080,322022.065,322027.334,4097463.517,4097467.372,"Silva","NEON_D17_TEAK_DP1_322000_4097000_classified_point_cloud_colorized.laz","2018_TEAK_3_322000_4097000_image.tif","Tree",1,322000,322999.999,4097000,4097999.999
"8791",9081,322100.659,322106.208,4097460.646,4097465.749,"Silva","NEON_D17_TEAK_DP1_322000_4097000_classified_point_cloud_colorized.laz","2018_TEAK_3_322000_4097000_image.tif","Tree",1,322000,322999.999,4097000,4097999.999
"8792",9082,322147.637,322154.835,4097460.033,4097467.218,"Silva","NEON_D17_TEAK_DP1_322000_4097000_classified_point_cloud_colorized.laz","2018_TEAK_3_322000_4097000_image.tif","Tree",1,322000,322999.999,4097000,4097999.999
"8793",9084,322550.673,322558.995,4097451.752,4097458.362,"Silva","NEON_D17_TEAK_DP1_322000_4097000_classified_point_cloud_colorized.laz","2018_TEAK_3_322000_4097000_image.tif","Tree",1,322000,322999.999,4097000,4097999.999
"8794",9085,322470.676,322474.854,4097456.019,4097459.816,"Silva","NEON_D17_TEAK_DP1_322000_4097000_classified_point_cloud_colorized.laz","2018_TEAK_3_322000_4097000_image.tif","Tree",1,322000,322999.999,4097000,4097999.999
"8795",9086,322006.039,322009.985,4097465.501,4097469.895,"Silva","NEON_D17_TEAK_DP1_322000_4097000_classified_point_cloud_colorized.laz","2018_TEAK_3_322000_4097000_image.tif","Tree",1,322000,322999.999,4097000,4097999.999
"8796",9087,322004.157,322005.994,4097466.157,4097469.951,"Silva","NEON_D17_TEAK_DP1_322000_4097000_classified_point_cloud_colorized.laz","2018_TEAK_3_322000_4097000_image.tif","Tree",1,322000,322999.999,4097000,4097999.999
"8797",9088,322016.531,322021.413,4097463.532,4097470.481,"Silva","NEON_D17_TEAK_DP1_322000_4097000_classified_point_cloud_colorized.laz","2018_TEAK_3_322000_4097000_image.tif","Tree",1,322000,322999.999,4097000,4097999.999
"8798",9089,322053.009,322063.446,4097461.501,4097469.483,"Silva","NEON_D17_TEAK_DP1_322000_4097000_classified_point_cloud_colorized.laz","2018_TEAK_3_322000_4097000_image.tif","Tree",1,322000,322999.999,4097000,4097999.999
"8799",9090,322460.218,322466.913,4097453.564,4097461.72,"Silva","NEON_D17_TEAK_DP1_322000_4097000_classified_point_cloud_colorized.laz","2018_TEAK_3_322000_4097000_image.tif","Tree",1,322000,322999.999,4097000,4097999.999
"8800",9091,322540.066,322546.939,4097453.542,4097460.399,"Silva","NEON_D17_TEAK_DP1_322000_4097000_classified_point_cloud_colorized.laz","2018_TEAK_3_322000_4097000_image.tif","Tree",1,322000,322999.999,4097000,4097999.999
"8801",9092,322085.048,322093.524,4097460.618,4097468.293,"Silva","NEON_D17_TEAK_DP1_322000_4097000_classified_point_cloud_colorized.laz","2018_TEAK_3_322000_4097000_image.tif","Tree",1,322000,322999.999,4097000,4097999.999
"8802",9093,322032.043,322038.826,4097465.098,4097468.938,"Silva","NEON_D17_TEAK_DP1_322000_4097000_classified_point_cloud_colorized.laz","2018_TEAK_3_322000_4097000_image.tif","Tree",1,322000,322999.999,4097000,4097999.999
"8803",9094,322464.602,322469.438,4097454.68,4097464.314,"Silva","NEON_D17_TEAK_DP1_322000_4097000_classified_point_cloud_colorized.laz","2018_TEAK_3_322000_4097000_image.tif","Tree",1,322000,322999.999,4097000,4097999.999
"8804",9095,322589.118,322596.818,4097453.833,4097461.964,"Silva","NEON_D17_TEAK_DP1_322000_4097000_classified_point_cloud_colorized.laz","2018_TEAK_3_322000_4097000_image.tif","Tree",1,322000,322999.999,4097000,4097999.999
"8805",9096,322063.666,322073.299,4097461.193,4097472.566,"Silva","NEON_D17_TEAK_DP1_322000_4097000_classified_point_cloud_colorized.laz","2018_TEAK_3_322000_4097000_image.tif","Tree",1,322000,322999.999,4097000,4097999.999
"8806",9097,322497.007,322502.492,4097456.045,4097462.718,"Silva","NEON_D17_TEAK_DP1_322000_4097000_classified_point_cloud_colorized.laz","2018_TEAK_3_322000_4097000_image.tif","Tree",1,322000,322999.999,4097000,4097999.999
"8807",9098,322594.083,322602.131,4097454.502,4097461.917,"Silva","NEON_D17_TEAK_DP1_322000_4097000_classified_point_cloud_colorized.laz","2018_TEAK_3_322000_4097000_image.tif","Tree",1,322000,322999.999,4097000,4097999.999
"8808",9099,322551.061,322558.329,4097457.546,4097462.969,"Silva","NEON_D17_TEAK_DP1_322000_4097000_classified_point_cloud_colorized.laz","2018_TEAK_3_322000_4097000_image.tif","Tree",1,322000,322999.999,4097000,4097999.999
"8809",9100,322544.532,322550.967,4097455.062,4097463.45,"Silva","NEON_D17_TEAK_DP1_322000_4097000_classified_point_cloud_colorized.laz","2018_TEAK_3_322000_4097000_image.tif","Tree",1,322000,322999.999,4097000,4097999.999
"8810",9101,322250.997,322253.149,4097461.623,4097465.668,"Silva","NEON_D17_TEAK_DP1_322000_4097000_classified_point_cloud_colorized.laz","2018_TEAK_3_322000_4097000_image.tif","Tree",1,322000,322999.999,4097000,4097999.999
"8811",9102,322492.569,322498.97,4097458.007,4097464.998,"Silva","NEON_D17_TEAK_DP1_322000_4097000_classified_point_cloud_colorized.laz","2018_TEAK_3_322000_4097000_image.tif","Tree",1,322000,322999.999,4097000,4097999.999
"8812",9103,322480.65,322487.249,4097458.138,4097465.457,"Silva","NEON_D17_TEAK_DP1_322000_4097000_classified_point_cloud_colorized.laz","2018_TEAK_3_322000_4097000_image.tif","Tree",1,322000,322999.999,4097000,4097999.999
"8813",9104,322569.001,322569.999,4097462.024,4097462.367,"Silva","NEON_D17_TEAK_DP1_322000_4097000_classified_point_cloud_colorized.laz","2018_TEAK_3_322000_4097000_image.tif","Tree",1,322000,322999.999,4097000,4097999.999
"8814",9105,322524.157,322530.843,4097458.043,4097463.968,"Silva","NEON_D17_TEAK_DP1_322000_4097000_classified_point_cloud_colorized.laz","2018_TEAK_3_322000_4097000_image.tif","Tree",1,322000,322999.999,4097000,4097999.999
"8815",9106,322594.055,322604.442,4097458.044,4097466.999,"Silva","NEON_D17_TEAK_DP1_322000_4097000_classified_point_cloud_colorized.laz","2018_TEAK_3_322000_4097000_image.tif","Tree",1,322000,322999.999,4097000,4097999.999
"8816",9107,322413.604,322424.313,4097460.19,4097468.752,"Silva","NEON_D17_TEAK_DP1_322000_4097000_classified_point_cloud_colorized.laz","2018_TEAK_3_322000_4097000_image.tif","Tree",1,322000,322999.999,4097000,4097999.999
"8817",9108,322012.103,322020.926,4097470.017,4097477.755,"Silva","NEON_D17_TEAK_DP1_322000_4097000_classified_point_cloud_colorized.laz","2018_TEAK_3_322000_4097000_image.tif","Tree",1,322000,322999.999,4097000,4097999.999
"8818",9110,322251.005,322252.272,4097469.055,4097471.999,"Silva","NEON_D17_TEAK_DP1_322000_4097000_classified_point_cloud_colorized.laz","2018_TEAK_3_322000_4097000_image.tif","Tree",1,322000,322999.999,4097000,4097999.999
"8819",9111,322278.506,322284.115,4097465.57,4097472.876,"Silva","NEON_D17_TEAK_DP1_322000_4097000_classified_point_cloud_colorized.laz","2018_TEAK_3_322000_4097000_image.tif","Tree",1,322000,322999.999,4097000,4097999.999
"8820",9112,322041.087,322047.59,4097471.276,4097478.37,"Silva","NEON_D17_TEAK_DP1_322000_4097000_classified_point_cloud_colorized.laz","2018_TEAK_3_322000_4097000_image.tif","Tree",1,322000,322999.999,4097000,4097999.999
"8821",9113,322060.291,322068.739,4097468.617,4097477.359,"Silva","NEON_D17_TEAK_DP1_322000_4097000_classified_point_cloud_colorized.laz","2018_TEAK_3_322000_4097000_image.tif","Tree",1,322000,322999.999,4097000,4097999.999
"8822",9114,322097.826,322103.444,4097471.032,4097476.292,"Silva","NEON_D17_TEAK_DP1_322000_4097000_classified_point_cloud_colorized.laz","2018_TEAK_3_322000_4097000_image.tif","Tree",1,322000,322999.999,4097000,4097999.999
"8823",9115,322140.015,322141.476,4097472.016,4097473.848,"Silva","NEON_D17_TEAK_DP1_322000_4097000_classified_point_cloud_colorized.laz","2018_TEAK_3_322000_4097000_image.tif","Tree",1,322000,322999.999,4097000,4097999.999
"8824",9116,322543.215,322544.834,4097465.017,4097466.45,"Silva","NEON_D17_TEAK_DP1_322000_4097000_classified_point_cloud_colorized.laz","2018_TEAK_3_322000_4097000_image.tif","Tree",1,322000,322999.999,4097000,4097999.999
"8825",9117,322588.567,322594.898,4097460.571,4097471.298,"Silva","NEON_D17_TEAK_DP1_322000_4097000_classified_point_cloud_colorized.laz","2018_TEAK_3_322000_4097000_image.tif","Tree",1,322000,322999.999,4097000,4097999.999
"8826",9118,322207.674,322209.92,4097471.604,4097475.388,"Silva","NEON_D17_TEAK_DP1_322000_4097000_classified_point_cloud_colorized.laz","2018_TEAK_3_322000_4097000_image.tif","Tree",1,322000,322999.999,4097000,4097999.999
"8827",9119,322034.185,322040.463,4097473.269,4097480.588,"Silva","NEON_D17_TEAK_DP1_322000_4097000_classified_point_cloud_colorized.laz","2018_TEAK_3_322000_4097000_image.tif","Tree",1,322000,322999.999,4097000,4097999.999
"8828",9120,322440.536,322440.896,4097469.118,4097469.995,"Silva","NEON_D17_TEAK_DP1_322000_4097000_classified_point_cloud_colorized.laz","2018_TEAK_3_322000_4097000_image.tif","Tree",1,322000,322999.999,4097000,4097999.999
"8829",9121,322581.862,322590.49,4097462.519,4097472.237,"Silva","NEON_D17_TEAK_DP1_322000_4097000_classified_point_cloud_colorized.laz","2018_TEAK_3_322000_4097000_image.tif","Tree",1,322000,322999.999,4097000,4097999.999
"8830",9122,322493.009,322500.955,4097465.012,4097471.498,"Silva","NEON_D17_TEAK_DP1_322000_4097000_classified_point_cloud_colorized.laz","2018_TEAK_3_322000_4097000_image.tif","Tree",1,322000,322999.999,4097000,4097999.999
"8831",9123,322077.286,322084.927,4097472.793,4097478.989,"Silva","NEON_D17_TEAK_DP1_322000_4097000_classified_point_cloud_colorized.laz","2018_TEAK_3_322000_4097000_image.tif","Tree",1,322000,322999.999,4097000,4097999.999
"8832",9124,322006.044,322010.882,4097475.504,4097482.386,"Silva","NEON_D17_TEAK_DP1_322000_4097000_classified_point_cloud_colorized.laz","2018_TEAK_3_322000_4097000_image.tif","Tree",1,322000,322999.999,4097000,4097999.999
"8833",9125,322420.113,322427.815,4097465.507,4097473.826,"Silva","NEON_D17_TEAK_DP1_322000_4097000_classified_point_cloud_colorized.laz","2018_TEAK_3_322000_4097000_image.tif","Tree",1,322000,322999.999,4097000,4097999.999
"8834",9126,322029.719,322036.713,4097475.049,4097481.31,"Silva","NEON_D17_TEAK_DP1_322000_4097000_classified_point_cloud_colorized.laz","2018_TEAK_3_322000_4097000_image.tif","Tree",1,322000,322999.999,4097000,4097999.999
"8835",9127,322021.129,322028.968,4097475.043,4097482.947,"Silva","NEON_D17_TEAK_DP1_322000_4097000_classified_point_cloud_colorized.laz","2018_TEAK_3_322000_4097000_image.tif","Tree",1,322000,322999.999,4097000,4097999.999
"8836",9128,322591.579,322602.452,4097464.592,4097473.996,"Silva","NEON_D17_TEAK_DP1_322000_4097000_classified_point_cloud_colorized.laz","2018_TEAK_3_322000_4097000_image.tif","Tree",1,322000,322999.999,4097000,4097999.999
"8837",9129,322178.75,322185.823,4097472.051,4097481.255,"Silva","NEON_D17_TEAK_DP1_322000_4097000_classified_point_cloud_colorized.laz","2018_TEAK_3_322000_4097000_image.tif","Tree",1,322000,322999.999,4097000,4097999.999
"8838",9130,322108.165,322114.265,4097475.549,4097481.457,"Silva","NEON_D17_TEAK_DP1_322000_4097000_classified_point_cloud_colorized.laz","2018_TEAK_3_322000_4097000_image.tif","Tree",1,322000,322999.999,4097000,4097999.999
"8839",9131,322541.627,322546.407,4097469.53,4097473.994,"Silva","NEON_D17_TEAK_DP1_322000_4097000_classified_point_cloud_colorized.laz","2018_TEAK_3_322000_4097000_image.tif","Tree",1,322000,322999.999,4097000,4097999.999
"8840",9132,322573.687,322582.491,4097465.511,4097473.471,"Silva","NEON_D17_TEAK_DP1_322000_4097000_classified_point_cloud_colorized.laz","2018_TEAK_3_322000_4097000_image.tif","Tree",1,322000,322999.999,4097000,4097999.999
"8841",9133,322495.106,322500.878,4097469.32,4097474.903,"Silva","NEON_D17_TEAK_DP1_322000_4097000_classified_point_cloud_colorized.laz","2018_TEAK_3_322000_4097000_image.tif","Tree",1,322000,322999.999,4097000,4097999.999
"8842",9134,322422.32,322427.463,4097470.514,4097474.905,"Silva","NEON_D17_TEAK_DP1_322000_4097000_classified_point_cloud_colorized.laz","2018_TEAK_3_322000_4097000_image.tif","Tree",1,322000,322999.999,4097000,4097999.999
"8843",9135,322016.069,322019.413,4097481.114,4097484.496,"Silva","NEON_D17_TEAK_DP1_322000_4097000_classified_point_cloud_colorized.laz","2018_TEAK_3_322000_4097000_image.tif","Tree",1,322000,322999.999,4097000,4097999.999
"8844",9136,322548.637,322555.32,4097469.518,4097476.485,"Silva","NEON_D17_TEAK_DP1_322000_4097000_classified_point_cloud_colorized.laz","2018_TEAK_3_322000_4097000_image.tif","Tree",1,322000,322999.999,4097000,4097999.999
"8845",9137,322500.095,322506.472,4097470.207,4097476,"Silva","NEON_D17_TEAK_DP1_322000_4097000_classified_point_cloud_colorized.laz","2018_TEAK_3_322000_4097000_image.tif","Tree",1,322000,322999.999,4097000,4097999.999
"8846",9138,322079.167,322084.981,4097478.53,4097485.914,"Silva","NEON_D17_TEAK_DP1_322000_4097000_classified_point_cloud_colorized.laz","2018_TEAK_3_322000_4097000_image.tif","Tree",1,322000,322999.999,4097000,4097999.999
"8847",9139,322073.085,322075.31,4097480.526,4097483.457,"Silva","NEON_D17_TEAK_DP1_322000_4097000_classified_point_cloud_colorized.laz","2018_TEAK_3_322000_4097000_image.tif","Tree",1,322000,322999.999,4097000,4097999.999
"8848",9140,322029.023,322034.992,4097480.523,4097484.71,"Silva","NEON_D17_TEAK_DP1_322000_4097000_classified_point_cloud_colorized.laz","2018_TEAK_3_322000_4097000_image.tif","Tree",1,322000,322999.999,4097000,4097999.999
"8849",9141,322053.692,322060.896,4097480.028,4097487.962,"Silva","NEON_D17_TEAK_DP1_322000_4097000_classified_point_cloud_colorized.laz","2018_TEAK_3_322000_4097000_image.tif","Tree",1,322000,322999.999,4097000,4097999.999
"8850",9142,322492.054,322497.52,4097472.2,4097477.495,"Silva","NEON_D17_TEAK_DP1_322000_4097000_classified_point_cloud_colorized.laz","2018_TEAK_3_322000_4097000_image.tif","Tree",1,322000,322999.999,4097000,4097999.999
"8851",9143,322105.093,322106.988,4097483.03,4097484.471,"Silva","NEON_D17_TEAK_DP1_322000_4097000_classified_point_cloud_colorized.laz","2018_TEAK_3_322000_4097000_image.tif","Tree",1,322000,322999.999,4097000,4097999.999
"8852",9144,322460.502,322465.944,4097474.03,4097480.89,"Silva","NEON_D17_TEAK_DP1_322000_4097000_classified_point_cloud_colorized.laz","2018_TEAK_3_322000_4097000_image.tif","Tree",1,322000,322999.999,4097000,4097999.999
"8853",9145,322487.004,322493.1,4097474.003,4097479.999,"Silva","NEON_D17_TEAK_DP1_322000_4097000_classified_point_cloud_colorized.laz","2018_TEAK_3_322000_4097000_image.tif","Tree",1,322000,322999.999,4097000,4097999.999
"8854",9146,322597.025,322607.902,4097468.941,4097481.497,"Silva","NEON_D17_TEAK_DP1_322000_4097000_classified_point_cloud_colorized.laz","2018_TEAK_3_322000_4097000_image.tif","Tree",1,322000,322999.999,4097000,4097999.999
"8855",9147,322429.034,322437.413,4097474.575,4097481.851,"Silva","NEON_D17_TEAK_DP1_322000_4097000_classified_point_cloud_colorized.laz","2018_TEAK_3_322000_4097000_image.tif","Tree",1,322000,322999.999,4097000,4097999.999
"8856",9148,322369.55,322375.484,4097477.518,4097481.995,"Silva","NEON_D17_TEAK_DP1_322000_4097000_classified_point_cloud_colorized.laz","2018_TEAK_3_322000_4097000_image.tif","Tree",1,322000,322999.999,4097000,4097999.999
"8857",9149,322457.048,322460.16,4097477.905,4097485.312,"Silva","NEON_D17_TEAK_DP1_322000_4097000_classified_point_cloud_colorized.laz","2018_TEAK_3_322000_4097000_image.tif","Tree",1,322000,322999.999,4097000,4097999.999
"8858",9150,322279.605,322286.843,4097481.155,4097487.578,"Silva","NEON_D17_TEAK_DP1_322000_4097000_classified_point_cloud_colorized.laz","2018_TEAK_3_322000_4097000_image.tif","Tree",1,322000,322999.999,4097000,4097999.999
"8859",9151,322542.264,322546.625,4097477.253,4097483.99,"Silva","NEON_D17_TEAK_DP1_322000_4097000_classified_point_cloud_colorized.laz","2018_TEAK_3_322000_4097000_image.tif","Tree",1,322000,322999.999,4097000,4097999.999
"8860",9152,322587.347,322594.336,4097471.681,4097481.74,"Silva","NEON_D17_TEAK_DP1_322000_4097000_classified_point_cloud_colorized.laz","2018_TEAK_3_322000_4097000_image.tif","Tree",1,322000,322999.999,4097000,4097999.999
"8861",9153,322580.519,322587.995,4097472.006,4097482.291,"Silva","NEON_D17_TEAK_DP1_322000_4097000_classified_point_cloud_colorized.laz","2018_TEAK_3_322000_4097000_image.tif","Tree",1,322000,322999.999,4097000,4097999.999
"8862",9154,322507.548,322514.925,4097475.011,4097482.13,"Silva","NEON_D17_TEAK_DP1_322000_4097000_classified_point_cloud_colorized.laz","2018_TEAK_3_322000_4097000_image.tif","Tree",1,322000,322999.999,4097000,4097999.999
"8863",9155,322292.12,322293.865,4097483.017,4097485.903,"Silva","NEON_D17_TEAK_DP1_322000_4097000_classified_point_cloud_colorized.laz","2018_TEAK_3_322000_4097000_image.tif","Tree",1,322000,322999.999,4097000,4097999.999
"8864",9156,322452.956,322458.494,4097484.512,4097488.431,"Silva","NEON_D17_TEAK_DP1_322000_4097000_classified_point_cloud_colorized.laz","2018_TEAK_3_322000_4097000_image.tif","Tree",1,322000,322999.999,4097000,4097999.999
"8865",9157,322115.097,322120.094,4097485.067,4097490.431,"Silva","NEON_D17_TEAK_DP1_322000_4097000_classified_point_cloud_colorized.laz","2018_TEAK_3_322000_4097000_image.tif","Tree",1,322000,322999.999,4097000,4097999.999
"8866",9158,322032.159,322034.116,4097488.758,4097491.557,"Silva","NEON_D17_TEAK_DP1_322000_4097000_classified_point_cloud_colorized.laz","2018_TEAK_3_322000_4097000_image.tif","Tree",1,322000,322999.999,4097000,4097999.999
"8867",9159,322375.698,322382.471,4097480.699,4097486.95,"Silva","NEON_D17_TEAK_DP1_322000_4097000_classified_point_cloud_colorized.laz","2018_TEAK_3_322000_4097000_image.tif","Tree",1,322000,322999.999,4097000,4097999.999
"8868",9160,322435.51,322442.979,4097478.689,4097485.341,"Silva","NEON_D17_TEAK_DP1_322000_4097000_classified_point_cloud_colorized.laz","2018_TEAK_3_322000_4097000_image.tif","Tree",1,322000,322999.999,4097000,4097999.999
"8869",9161,322552.076,322558.963,4097483.17,4097486.971,"Silva","NEON_D17_TEAK_DP1_322000_4097000_classified_point_cloud_colorized.laz","2018_TEAK_3_322000_4097000_image.tif","Tree",1,322000,322999.999,4097000,4097999.999
"8870",9162,322610.044,322615.992,4097479.017,4097482.993,"Silva","NEON_D17_TEAK_DP1_322000_4097000_classified_point_cloud_colorized.laz","2018_TEAK_3_322000_4097000_image.tif","Tree",1,322000,322999.999,4097000,4097999.999
"8871",9163,322506.133,322511.905,4097479.217,4097485.991,"Silva","NEON_D17_TEAK_DP1_322000_4097000_classified_point_cloud_colorized.laz","2018_TEAK_3_322000_4097000_image.tif","Tree",1,322000,322999.999,4097000,4097999.999
"8872",9164,322073.526,322080,4097488.049,4097494.509,"Silva","NEON_D17_TEAK_DP1_322000_4097000_classified_point_cloud_colorized.laz","2018_TEAK_3_322000_4097000_image.tif","Tree",1,322000,322999.999,4097000,4097999.999
"8873",9165,322161.006,322168.785,4097485.539,4097494.389,"Silva","NEON_D17_TEAK_DP1_322000_4097000_classified_point_cloud_colorized.laz","2018_TEAK_3_322000_4097000_image.tif","Tree",1,322000,322999.999,4097000,4097999.999
"8874",9166,322559.058,322566.372,4097478.586,4097487.362,"Silva","NEON_D17_TEAK_DP1_322000_4097000_classified_point_cloud_colorized.laz","2018_TEAK_3_322000_4097000_image.tif","Tree",1,322000,322999.999,4097000,4097999.999
"8875",9167,322467.004,322473.438,4097483.113,4097487.982,"Silva","NEON_D17_TEAK_DP1_322000_4097000_classified_point_cloud_colorized.laz","2018_TEAK_3_322000_4097000_image.tif","Tree",1,322000,322999.999,4097000,4097999.999
"8876",9168,322435.569,322439.801,4097483.006,4097486.337,"Silva","NEON_D17_TEAK_DP1_322000_4097000_classified_point_cloud_colorized.laz","2018_TEAK_3_322000_4097000_image.tif","Tree",1,322000,322999.999,4097000,4097999.999
"8877",9169,322580.509,322590.986,4097480.58,4097487.989,"Silva","NEON_D17_TEAK_DP1_322000_4097000_classified_point_cloud_colorized.laz","2018_TEAK_3_322000_4097000_image.tif","Tree",1,322000,322999.999,4097000,4097999.999
"8878",9170,322494.574,322499.987,4097489.004,4097491.449,"Silva","NEON_D17_TEAK_DP1_322000_4097000_classified_point_cloud_colorized.laz","2018_TEAK_3_322000_4097000_image.tif","Tree",1,322000,322999.999,4097000,4097999.999
"8879",9171,322431.072,322435.746,4097482.337,4097490.487,"Silva","NEON_D17_TEAK_DP1_322000_4097000_classified_point_cloud_colorized.laz","2018_TEAK_3_322000_4097000_image.tif","Tree",1,322000,322999.999,4097000,4097999.999
"8880",9172,322137.712,322141.848,4097490.538,4097494.465,"Silva","NEON_D17_TEAK_DP1_322000_4097000_classified_point_cloud_colorized.laz","2018_TEAK_3_322000_4097000_image.tif","Tree",1,322000,322999.999,4097000,4097999.999
"8881",9173,322371.007,322377.845,4097484.549,4097491.482,"Silva","NEON_D17_TEAK_DP1_322000_4097000_classified_point_cloud_colorized.laz","2018_TEAK_3_322000_4097000_image.tif","Tree",1,322000,322999.999,4097000,4097999.999
"8882",9174,322591.033,322600.932,4097482.01,4097488.991,"Silva","NEON_D17_TEAK_DP1_322000_4097000_classified_point_cloud_colorized.laz","2018_TEAK_3_322000_4097000_image.tif","Tree",1,322000,322999.999,4097000,4097999.999
"8883",9175,322516.515,322524.974,4097483.011,4097490.91,"Silva","NEON_D17_TEAK_DP1_322000_4097000_classified_point_cloud_colorized.laz","2018_TEAK_3_322000_4097000_image.tif","Tree",1,322000,322999.999,4097000,4097999.999
"8884",9176,322500.032,322507.863,4097485.075,4097493.352,"Silva","NEON_D17_TEAK_DP1_322000_4097000_classified_point_cloud_colorized.laz","2018_TEAK_3_322000_4097000_image.tif","Tree",1,322000,322999.999,4097000,4097999.999
"8885",9177,322422.217,322425.943,4097485.194,4097490.388,"Silva","NEON_D17_TEAK_DP1_322000_4097000_classified_point_cloud_colorized.laz","2018_TEAK_3_322000_4097000_image.tif","Tree",1,322000,322999.999,4097000,4097999.999
"8886",9178,322013.893,322015.996,4097495.139,4097497.95,"Silva","NEON_D17_TEAK_DP1_322000_4097000_classified_point_cloud_colorized.laz","2018_TEAK_3_322000_4097000_image.tif","Tree",1,322000,322999.999,4097000,4097999.999
"8887",9179,322282.027,322288.905,4097488.356,4097494.719,"Silva","NEON_D17_TEAK_DP1_322000_4097000_classified_point_cloud_colorized.laz","2018_TEAK_3_322000_4097000_image.tif","Tree",1,322000,322999.999,4097000,4097999.999
"8888",9180,322403.044,322415.299,4097480.587,4097494.382,"Silva","NEON_D17_TEAK_DP1_322000_4097000_classified_point_cloud_colorized.laz","2018_TEAK_3_322000_4097000_image.tif","Tree",1,322000,322999.999,4097000,4097999.999
"8889",9181,322572.049,322580.951,4097483.018,4097491.456,"Silva","NEON_D17_TEAK_DP1_322000_4097000_classified_point_cloud_colorized.laz","2018_TEAK_3_322000_4097000_image.tif","Tree",1,322000,322999.999,4097000,4097999.999
"8890",9182,322021.525,322024.873,4097497.011,4097500.303,"Silva","NEON_D17_TEAK_DP1_322000_4097000_classified_point_cloud_colorized.laz","2018_TEAK_3_322000_4097000_image.tif","Tree",1,322000,322999.999,4097000,4097999.999
"8891",9183,322384.58,322388.879,4097490.095,4097494.904,"Silva","NEON_D17_TEAK_DP1_322000_4097000_classified_point_cloud_colorized.laz","2018_TEAK_3_322000_4097000_image.tif","Tree",1,322000,322999.999,4097000,4097999.999
"8892",9184,322403.08,322404.724,4097487.647,4097492.466,"Silva","NEON_D17_TEAK_DP1_322000_4097000_classified_point_cloud_colorized.laz","2018_TEAK_3_322000_4097000_image.tif","Tree",1,322000,322999.999,4097000,4097999.999
"8893",9185,322177.669,322184.431,4097493.023,4097499.393,"Silva","NEON_D17_TEAK_DP1_322000_4097000_classified_point_cloud_colorized.laz","2018_TEAK_3_322000_4097000_image.tif","Tree",1,322000,322999.999,4097000,4097999.999
"8894",9186,322484.51,322494.94,4097488.831,4097493.987,"Silva","NEON_D17_TEAK_DP1_322000_4097000_classified_point_cloud_colorized.laz","2018_TEAK_3_322000_4097000_image.tif","Tree",1,322000,322999.999,4097000,4097999.999
"8895",9187,322534.56,322544.495,4097484.11,4097496.461,"Silva","NEON_D17_TEAK_DP1_322000_4097000_classified_point_cloud_colorized.laz","2018_TEAK_3_322000_4097000_image.tif","Tree",1,322000,322999.999,4097000,4097999.999
"8896",9188,322453.529,322464.819,4097485.549,4097497.945,"Silva","NEON_D17_TEAK_DP1_322000_4097000_classified_point_cloud_colorized.laz","2018_TEAK_3_322000_4097000_image.tif","Tree",1,322000,322999.999,4097000,4097999.999
"8897",9189,322054.372,322058.993,4097492.088,4097503.421,"Silva","NEON_D17_TEAK_DP1_322000_4097000_classified_point_cloud_colorized.laz","2018_TEAK_3_322000_4097000_image.tif","Tree",1,322000,322999.999,4097000,4097999.999
"8898",9190,322059.027,322065.326,4097492.537,4097504.096,"Silva","NEON_D17_TEAK_DP1_322000_4097000_classified_point_cloud_colorized.laz","2018_TEAK_3_322000_4097000_image.tif","Tree",1,322000,322999.999,4097000,4097999.999
"8899",9191,322076.511,322084.161,4097495.535,4097503.98,"Silva","NEON_D17_TEAK_DP1_322000_4097000_classified_point_cloud_colorized.laz","2018_TEAK_3_322000_4097000_image.tif","Tree",1,322000,322999.999,4097000,4097999.999
"8900",9192,322363.704,322365.212,4097495.109,4097496.357,"Silva","NEON_D17_TEAK_DP1_322000_4097000_classified_point_cloud_colorized.laz","2018_TEAK_3_322000_4097000_image.tif","Tree",1,322000,322999.999,4097000,4097999.999
"8901",9193,322381.046,322385.899,4097491.034,4097496.969,"Silva","NEON_D17_TEAK_DP1_322000_4097000_classified_point_cloud_colorized.laz","2018_TEAK_3_322000_4097000_image.tif","Tree",1,322000,322999.999,4097000,4097999.999
"8902",9194,322409.512,322417.18,4097488.035,4097494.436,"Silva","NEON_D17_TEAK_DP1_322000_4097000_classified_point_cloud_colorized.laz","2018_TEAK_3_322000_4097000_image.tif","Tree",1,322000,322999.999,4097000,4097999.999
"8903",9195,322592.011,322603.435,4097487.014,4097496.494,"Silva","NEON_D17_TEAK_DP1_322000_4097000_classified_point_cloud_colorized.laz","2018_TEAK_3_322000_4097000_image.tif","Tree",1,322000,322999.999,4097000,4097999.999
"8904",9196,322580.667,322591.888,4097488.008,4097495.982,"Silva","NEON_D17_TEAK_DP1_322000_4097000_classified_point_cloud_colorized.laz","2018_TEAK_3_322000_4097000_image.tif","Tree",1,322000,322999.999,4097000,4097999.999
"8905",9197,322526.602,322530.391,4097490.278,4097496.277,"Silva","NEON_D17_TEAK_DP1_322000_4097000_classified_point_cloud_colorized.laz","2018_TEAK_3_322000_4097000_image.tif","Tree",1,322000,322999.999,4097000,4097999.999
"8906",9198,322519.038,322526.47,4097489.523,4097495.37,"Silva","NEON_D17_TEAK_DP1_322000_4097000_classified_point_cloud_colorized.laz","2018_TEAK_3_322000_4097000_image.tif","Tree",1,322000,322999.999,4097000,4097999.999
"8907",9199,322374.689,322380.899,4097490.605,4097498.528,"Silva","NEON_D17_TEAK_DP1_322000_4097000_classified_point_cloud_colorized.laz","2018_TEAK_3_322000_4097000_image.tif","Tree",1,322000,322999.999,4097000,4097999.999
"8908",9200,322327.007,322335.949,4097490.903,4097501.58,"Silva","NEON_D17_TEAK_DP1_322000_4097000_classified_point_cloud_colorized.laz","2018_TEAK_3_322000_4097000_image.tif","Tree",1,322000,322999.999,4097000,4097999.999
"8909",9201,322027.728,322032.969,4097498.062,4097504.923,"Silva","NEON_D17_TEAK_DP1_322000_4097000_classified_point_cloud_colorized.laz","2018_TEAK_3_322000_4097000_image.tif","Tree",1,322000,322999.999,4097000,4097999.999
"8910",9202,322425.061,322430.321,4097492.26,4097499.943,"Silva","NEON_D17_TEAK_DP1_322000_4097000_classified_point_cloud_colorized.laz","2018_TEAK_3_322000_4097000_image.tif","Tree",1,322000,322999.999,4097000,4097999.999
"8911",9203,322349.662,322351.836,4097495.74,4097498.871,"Silva","NEON_D17_TEAK_DP1_322000_4097000_classified_point_cloud_colorized.laz","2018_TEAK_3_322000_4097000_image.tif","Tree",1,322000,322999.999,4097000,4097999.999
"8912",9204,322412.657,322418.959,4097494.128,4097499.588,"Silva","NEON_D17_TEAK_DP1_322000_4097000_classified_point_cloud_colorized.laz","2018_TEAK_3_322000_4097000_image.tif","Tree",1,322000,322999.999,4097000,4097999.999
"8913",9205,322551.687,322554.059,4097491.574,4097493.533,"Silva","NEON_D17_TEAK_DP1_322000_4097000_classified_point_cloud_colorized.laz","2018_TEAK_3_322000_4097000_image.tif","Tree",1,322000,322999.999,4097000,4097999.999
"8914",9206,322003.007,322008.462,4097500.957,4097509.882,"Silva","NEON_D17_TEAK_DP1_322000_4097000_classified_point_cloud_colorized.laz","2018_TEAK_3_322000_4097000_image.tif","Tree",1,322000,322999.999,4097000,4097999.999
"8915",9207,322095.031,322096.922,4097502.302,4097503.946,"Silva","NEON_D17_TEAK_DP1_322000_4097000_classified_point_cloud_colorized.laz","2018_TEAK_3_322000_4097000_image.tif","Tree",1,322000,322999.999,4097000,4097999.999
"8916",9208,322121.054,322122.353,4097502.003,4097503.849,"Silva","NEON_D17_TEAK_DP1_322000_4097000_classified_point_cloud_colorized.laz","2018_TEAK_3_322000_4097000_image.tif","Tree",1,322000,322999.999,4097000,4097999.999
"8917",9209,322378.581,322385.464,4097496.101,4097500.365,"Silva","NEON_D17_TEAK_DP1_322000_4097000_classified_point_cloud_colorized.laz","2018_TEAK_3_322000_4097000_image.tif","Tree",1,322000,322999.999,4097000,4097999.999
"8918",9210,322493.18,322503.601,4097491.048,4097501.487,"Silva","NEON_D17_TEAK_DP1_322000_4097000_classified_point_cloud_colorized.laz","2018_TEAK_3_322000_4097000_image.tif","Tree",1,322000,322999.999,4097000,4097999.999
"8919",9211,322573.54,322581.936,4097491.512,4097498.496,"Silva","NEON_D17_TEAK_DP1_322000_4097000_classified_point_cloud_colorized.laz","2018_TEAK_3_322000_4097000_image.tif","Tree",1,322000,322999.999,4097000,4097999.999
"8920",9212,322547.301,322551.284,4097493.042,4097495.881,"Silva","NEON_D17_TEAK_DP1_322000_4097000_classified_point_cloud_colorized.laz","2018_TEAK_3_322000_4097000_image.tif","Tree",1,322000,322999.999,4097000,4097999.999
"8921",9213,322517.004,322523.871,4097491.08,4097500.358,"Silva","NEON_D17_TEAK_DP1_322000_4097000_classified_point_cloud_colorized.laz","2018_TEAK_3_322000_4097000_image.tif","Tree",1,322000,322999.999,4097000,4097999.999
"8922",9214,322012.563,322016.972,4097502.517,4097508.94,"Silva","NEON_D17_TEAK_DP1_322000_4097000_classified_point_cloud_colorized.laz","2018_TEAK_3_322000_4097000_image.tif","Tree",1,322000,322999.999,4097000,4097999.999
"8923",9215,322189.524,322195.541,4097497.08,4097508.481,"Silva","NEON_D17_TEAK_DP1_322000_4097000_classified_point_cloud_colorized.laz","2018_TEAK_3_322000_4097000_image.tif","Tree",1,322000,322999.999,4097000,4097999.999
"8924",9216,322396.362,322401.966,4097496.263,4097501.976,"Silva","NEON_D17_TEAK_DP1_322000_4097000_classified_point_cloud_colorized.laz","2018_TEAK_3_322000_4097000_image.tif","Tree",1,322000,322999.999,4097000,4097999.999
"8925",9217,322485.193,322494.472,4097494.01,4097503.492,"Silva","NEON_D17_TEAK_DP1_322000_4097000_classified_point_cloud_colorized.laz","2018_TEAK_3_322000_4097000_image.tif","Tree",1,322000,322999.999,4097000,4097999.999
"8926",9219,322451.829,322458.645,4097492.622,4097498.907,"Silva","NEON_D17_TEAK_DP1_322000_4097000_classified_point_cloud_colorized.laz","2018_TEAK_3_322000_4097000_image.tif","Tree",1,322000,322999.999,4097000,4097999.999
"8927",9220,322040.206,322045.466,4097502.349,4097508.334,"Silva","NEON_D17_TEAK_DP1_322000_4097000_classified_point_cloud_colorized.laz","2018_TEAK_3_322000_4097000_image.tif","Tree",1,322000,322999.999,4097000,4097999.999
"8928",9221,322511.541,322519.968,4097492.652,4097503.417,"Silva","NEON_D17_TEAK_DP1_322000_4097000_classified_point_cloud_colorized.laz","2018_TEAK_3_322000_4097000_image.tif","Tree",1,322000,322999.999,4097000,4097999.999
"8929",9222,322380.091,322385.483,4097500.167,4097503.646,"Silva","NEON_D17_TEAK_DP1_322000_4097000_classified_point_cloud_colorized.laz","2018_TEAK_3_322000_4097000_image.tif","Tree",1,322000,322999.999,4097000,4097999.999
"8930",9223,322523.996,322527.466,4097498.321,4097502.754,"Silva","NEON_D17_TEAK_DP1_322000_4097000_classified_point_cloud_colorized.laz","2018_TEAK_3_322000_4097000_image.tif","Tree",1,322000,322999.999,4097000,4097999.999
"8931",9224,322449.62,322453.443,4097500.503,4097504.769,"Silva","NEON_D17_TEAK_DP1_322000_4097000_classified_point_cloud_colorized.laz","2018_TEAK_3_322000_4097000_image.tif","Tree",1,322000,322999.999,4097000,4097999.999
"8932",9225,322363.549,322369.342,4097502.052,4097506.905,"Silva","NEON_D17_TEAK_DP1_322000_4097000_classified_point_cloud_colorized.laz","2018_TEAK_3_322000_4097000_image.tif","Tree",1,322000,322999.999,4097000,4097999.999
"8933",9226,322469.284,322471.374,4097506.033,4097506.967,"Silva","NEON_D17_TEAK_DP1_322000_4097000_classified_point_cloud_colorized.laz","2018_TEAK_3_322000_4097000_image.tif","Tree",1,322000,322999.999,4097000,4097999.999
"8934",9227,322584.655,322593.847,4097495.007,4097504.24,"Silva","NEON_D17_TEAK_DP1_322000_4097000_classified_point_cloud_colorized.laz","2018_TEAK_3_322000_4097000_image.tif","Tree",1,322000,322999.999,4097000,4097999.999
"8935",9229,322593.503,322603.481,4097496.502,4097503.947,"Silva","NEON_D17_TEAK_DP1_322000_4097000_classified_point_cloud_colorized.laz","2018_TEAK_3_322000_4097000_image.tif","Tree",1,322000,322999.999,4097000,4097999.999
"8936",9230,322458.404,322458.815,4097505.308,4097505.978,"Silva","NEON_D17_TEAK_DP1_322000_4097000_classified_point_cloud_colorized.laz","2018_TEAK_3_322000_4097000_image.tif","Tree",1,322000,322999.999,4097000,4097999.999
"8937",9231,322015.25,322020.309,4097508.534,4097515.999,"Silva","NEON_D17_TEAK_DP1_322000_4097000_classified_point_cloud_colorized.laz","2018_TEAK_3_322000_4097000_image.tif","Tree",1,322000,322999.999,4097000,4097999.999
"8938",9232,322076.114,322082.561,4097509.026,4097513.975,"Silva","NEON_D17_TEAK_DP1_322000_4097000_classified_point_cloud_colorized.laz","2018_TEAK_3_322000_4097000_image.tif","Tree",1,322000,322999.999,4097000,4097999.999
"8939",9233,322509.045,322512.654,4097504.518,4097507.463,"Silva","NEON_D17_TEAK_DP1_322000_4097000_classified_point_cloud_colorized.laz","2018_TEAK_3_322000_4097000_image.tif","Tree",1,322000,322999.999,4097000,4097999.999
"8940",9234,322354.664,322362.458,4097502.731,4097512.954,"Silva","NEON_D17_TEAK_DP1_322000_4097000_classified_point_cloud_colorized.laz","2018_TEAK_3_322000_4097000_image.tif","Tree",1,322000,322999.999,4097000,4097999.999
"8941",9235,322496.954,322501.464,4097506.041,4097510.484,"Silva","NEON_D17_TEAK_DP1_322000_4097000_classified_point_cloud_colorized.laz","2018_TEAK_3_322000_4097000_image.tif","Tree",1,322000,322999.999,4097000,4097999.999
"8942",9236,322134.417,322140.366,4097510.003,4097517.492,"Silva","NEON_D17_TEAK_DP1_322000_4097000_classified_point_cloud_colorized.laz","2018_TEAK_3_322000_4097000_image.tif","Tree",1,322000,322999.999,4097000,4097999.999
"8943",9237,322473.024,322479.409,4097505.019,4097512.24,"Silva","NEON_D17_TEAK_DP1_322000_4097000_classified_point_cloud_colorized.laz","2018_TEAK_3_322000_4097000_image.tif","Tree",1,322000,322999.999,4097000,4097999.999
"8944",9238,322297.01,322300.933,4097510.1,4097513.965,"Silva","NEON_D17_TEAK_DP1_322000_4097000_classified_point_cloud_colorized.laz","2018_TEAK_3_322000_4097000_image.tif","Tree",1,322000,322999.999,4097000,4097999.999
"8945",9239,322349.509,322357.429,4097505.065,4097515.414,"Silva","NEON_D17_TEAK_DP1_322000_4097000_classified_point_cloud_colorized.laz","2018_TEAK_3_322000_4097000_image.tif","Tree",1,322000,322999.999,4097000,4097999.999
"8946",9240,322394.525,322399.335,4097509.279,4097513.874,"Silva","NEON_D17_TEAK_DP1_322000_4097000_classified_point_cloud_colorized.laz","2018_TEAK_3_322000_4097000_image.tif","Tree",1,322000,322999.999,4097000,4097999.999
"8947",9241,322387.592,322391.825,4097509.59,4097514.137,"Silva","NEON_D17_TEAK_DP1_322000_4097000_classified_point_cloud_colorized.laz","2018_TEAK_3_322000_4097000_image.tif","Tree",1,322000,322999.999,4097000,4097999.999
"8948",9242,322310.037,322312.258,4097513.003,4097514.756,"Silva","NEON_D17_TEAK_DP1_322000_4097000_classified_point_cloud_colorized.laz","2018_TEAK_3_322000_4097000_image.tif","Tree",1,322000,322999.999,4097000,4097999.999
"8949",9243,322034.08,322037.427,4097515.046,4097520.76,"Silva","NEON_D17_TEAK_DP1_322000_4097000_classified_point_cloud_colorized.laz","2018_TEAK_3_322000_4097000_image.tif","Tree",1,322000,322999.999,4097000,4097999.999
"8950",9244,322449.254,322454.954,4097510.025,4097515.463,"Silva","NEON_D17_TEAK_DP1_322000_4097000_classified_point_cloud_colorized.laz","2018_TEAK_3_322000_4097000_image.tif","Tree",1,322000,322999.999,4097000,4097999.999
"8951",9245,322482.227,322488.295,4097514.804,4097517.855,"Silva","NEON_D17_TEAK_DP1_322000_4097000_classified_point_cloud_colorized.laz","2018_TEAK_3_322000_4097000_image.tif","Tree",1,322000,322999.999,4097000,4097999.999
"8952",9246,322578.523,322584.439,4097507.168,4097515.962,"Silva","NEON_D17_TEAK_DP1_322000_4097000_classified_point_cloud_colorized.laz","2018_TEAK_3_322000_4097000_image.tif","Tree",1,322000,322999.999,4097000,4097999.999
"8953",9247,322584.564,322588.993,4097506.326,4097512.979,"Silva","NEON_D17_TEAK_DP1_322000_4097000_classified_point_cloud_colorized.laz","2018_TEAK_3_322000_4097000_image.tif","Tree",1,322000,322999.999,4097000,4097999.999
"8954",9248,322561.019,322563.269,4097510.667,4097516.483,"Silva","NEON_D17_TEAK_DP1_322000_4097000_classified_point_cloud_colorized.laz","2018_TEAK_3_322000_4097000_image.tif","Tree",1,322000,322999.999,4097000,4097999.999
"8955",9249,322038.074,322042.38,4097517.275,4097520.448,"Silva","NEON_D17_TEAK_DP1_322000_4097000_classified_point_cloud_colorized.laz","2018_TEAK_3_322000_4097000_image.tif","Tree",1,322000,322999.999,4097000,4097999.999
"8956",9250,322128.106,322138.433,4097510.075,4097523.49,"Silva","NEON_D17_TEAK_DP1_322000_4097000_classified_point_cloud_colorized.laz","2018_TEAK_3_322000_4097000_image.tif","Tree",1,322000,322999.999,4097000,4097999.999
"8957",9252,322376.83,322382.77,4097510.558,4097517.854,"Silva","NEON_D17_TEAK_DP1_322000_4097000_classified_point_cloud_colorized.laz","2018_TEAK_3_322000_4097000_image.tif","Tree",1,322000,322999.999,4097000,4097999.999
"8958",9253,322532.184,322539.964,4097508.504,4097514.895,"Silva","NEON_D17_TEAK_DP1_322000_4097000_classified_point_cloud_colorized.laz","2018_TEAK_3_322000_4097000_image.tif","Tree",1,322000,322999.999,4097000,4097999.999
"8959",9254,322563.017,322570.787,4097506.76,4097515.328,"Silva","NEON_D17_TEAK_DP1_322000_4097000_classified_point_cloud_colorized.laz","2018_TEAK_3_322000_4097000_image.tif","Tree",1,322000,322999.999,4097000,4097999.999
"8960",9255,322492.544,322499.256,4097509.83,4097516.416,"Silva","NEON_D17_TEAK_DP1_322000_4097000_classified_point_cloud_colorized.laz","2018_TEAK_3_322000_4097000_image.tif","Tree",1,322000,322999.999,4097000,4097999.999
"8961",9256,322114.045,322115.983,4097517.52,4097519.392,"Silva","NEON_D17_TEAK_DP1_322000_4097000_classified_point_cloud_colorized.laz","2018_TEAK_3_322000_4097000_image.tif","Tree",1,322000,322999.999,4097000,4097999.999
"8962",9257,322021.243,322025.476,4097517.001,4097522.955,"Silva","NEON_D17_TEAK_DP1_322000_4097000_classified_point_cloud_colorized.laz","2018_TEAK_3_322000_4097000_image.tif","Tree",1,322000,322999.999,4097000,4097999.999
"8963",9258,322439.555,322446.436,4097513.915,4097520.126,"Silva","NEON_D17_TEAK_DP1_322000_4097000_classified_point_cloud_colorized.laz","2018_TEAK_3_322000_4097000_image.tif","Tree",1,322000,322999.999,4097000,4097999.999
"8964",9259,322529.582,322535.418,4097511.485,4097519.346,"Silva","NEON_D17_TEAK_DP1_322000_4097000_classified_point_cloud_colorized.laz","2018_TEAK_3_322000_4097000_image.tif","Tree",1,322000,322999.999,4097000,4097999.999
"8965",9260,322516.025,322522.496,4097510.002,4097518.414,"Silva","NEON_D17_TEAK_DP1_322000_4097000_classified_point_cloud_colorized.laz","2018_TEAK_3_322000_4097000_image.tif","Tree",1,322000,322999.999,4097000,4097999.999
"8966",9261,322291.113,322294.391,4097516.531,4097520.786,"Silva","NEON_D17_TEAK_DP1_322000_4097000_classified_point_cloud_colorized.laz","2018_TEAK_3_322000_4097000_image.tif","Tree",1,322000,322999.999,4097000,4097999.999
"8967",9262,322119.048,322127.131,4097518.041,4097524.477,"Silva","NEON_D17_TEAK_DP1_322000_4097000_classified_point_cloud_colorized.laz","2018_TEAK_3_322000_4097000_image.tif","Tree",1,322000,322999.999,4097000,4097999.999
"8968",9263,322342.349,322347.961,4097516.097,4097522.458,"Silva","NEON_D17_TEAK_DP1_322000_4097000_classified_point_cloud_colorized.laz","2018_TEAK_3_322000_4097000_image.tif","Tree",1,322000,322999.999,4097000,4097999.999
"8969",9264,322524.022,322530.792,4097513.557,4097520.41,"Silva","NEON_D17_TEAK_DP1_322000_4097000_classified_point_cloud_colorized.laz","2018_TEAK_3_322000_4097000_image.tif","Tree",1,322000,322999.999,4097000,4097999.999
"8970",9265,322450.233,322458.778,4097514.567,4097521.476,"Silva","NEON_D17_TEAK_DP1_322000_4097000_classified_point_cloud_colorized.laz","2018_TEAK_3_322000_4097000_image.tif","Tree",1,322000,322999.999,4097000,4097999.999
"8971",9266,322468.036,322473.803,4097513.16,4097520.993,"Silva","NEON_D17_TEAK_DP1_322000_4097000_classified_point_cloud_colorized.laz","2018_TEAK_3_322000_4097000_image.tif","Tree",1,322000,322999.999,4097000,4097999.999
"8972",9267,322158.815,322168.485,4097515.551,4097528.378,"Silva","NEON_D17_TEAK_DP1_322000_4097000_classified_point_cloud_colorized.laz","2018_TEAK_3_322000_4097000_image.tif","Tree",1,322000,322999.999,4097000,4097999.999
"8973",9268,322446.569,322454.876,4097517.535,4097526.338,"Silva","NEON_D17_TEAK_DP1_322000_4097000_classified_point_cloud_colorized.laz","2018_TEAK_3_322000_4097000_image.tif","Tree",1,322000,322999.999,4097000,4097999.999
"8974",9269,322509.178,322517.486,4097517.505,4097523.464,"Silva","NEON_D17_TEAK_DP1_322000_4097000_classified_point_cloud_colorized.laz","2018_TEAK_3_322000_4097000_image.tif","Tree",1,322000,322999.999,4097000,4097999.999
"8975",9270,322389.568,322393.364,4097521.024,4097524.893,"Silva","NEON_D17_TEAK_DP1_322000_4097000_classified_point_cloud_colorized.laz","2018_TEAK_3_322000_4097000_image.tif","Tree",1,322000,322999.999,4097000,4097999.999
"8976",9271,322561.041,322570.376,4097515.525,4097526.985,"Silva","NEON_D17_TEAK_DP1_322000_4097000_classified_point_cloud_colorized.laz","2018_TEAK_3_322000_4097000_image.tif","Tree",1,322000,322999.999,4097000,4097999.999
"8977",9272,322397.826,322400.391,4097521.545,4097525.462,"Silva","NEON_D17_TEAK_DP1_322000_4097000_classified_point_cloud_colorized.laz","2018_TEAK_3_322000_4097000_image.tif","Tree",1,322000,322999.999,4097000,4097999.999
"8978",9273,322077.56,322086.423,4097522.523,4097533.991,"Silva","NEON_D17_TEAK_DP1_322000_4097000_classified_point_cloud_colorized.laz","2018_TEAK_3_322000_4097000_image.tif","Tree",1,322000,322999.999,4097000,4097999.999
"8979",9274,322302.513,322310.362,4097518.535,4097528.48,"Silva","NEON_D17_TEAK_DP1_322000_4097000_classified_point_cloud_colorized.laz","2018_TEAK_3_322000_4097000_image.tif","Tree",1,322000,322999.999,4097000,4097999.999
"8980",9275,322314.596,322318.475,4097527.248,4097529.486,"Silva","NEON_D17_TEAK_DP1_322000_4097000_classified_point_cloud_colorized.laz","2018_TEAK_3_322000_4097000_image.tif","Tree",1,322000,322999.999,4097000,4097999.999
"8981",9276,322470.029,322474.958,4097519.503,4097527.961,"Silva","NEON_D17_TEAK_DP1_322000_4097000_classified_point_cloud_colorized.laz","2018_TEAK_3_322000_4097000_image.tif","Tree",1,322000,322999.999,4097000,4097999.999
"8982",9277,322489.71,322495.441,4097519.545,4097526.343,"Silva","NEON_D17_TEAK_DP1_322000_4097000_classified_point_cloud_colorized.laz","2018_TEAK_3_322000_4097000_image.tif","Tree",1,322000,322999.999,4097000,4097999.999
"8983",9278,322480.56,322489.416,4097517.067,4097528.021,"Silva","NEON_D17_TEAK_DP1_322000_4097000_classified_point_cloud_colorized.laz","2018_TEAK_3_322000_4097000_image.tif","Tree",1,322000,322999.999,4097000,4097999.999
"8984",9279,322411.535,322420.541,4097521.094,4097525.452,"Silva","NEON_D17_TEAK_DP1_322000_4097000_classified_point_cloud_colorized.laz","2018_TEAK_3_322000_4097000_image.tif","Tree",1,322000,322999.999,4097000,4097999.999
"8985",9280,322150.342,322154.987,4097523.124,4097530.935,"Silva","NEON_D17_TEAK_DP1_322000_4097000_classified_point_cloud_colorized.laz","2018_TEAK_3_322000_4097000_image.tif","Tree",1,322000,322999.999,4097000,4097999.999
"8986",9281,322189.614,322200.419,4097522.524,4097531.156,"Silva","NEON_D17_TEAK_DP1_322000_4097000_classified_point_cloud_colorized.laz","2018_TEAK_3_322000_4097000_image.tif","Tree",1,322000,322999.999,4097000,4097999.999
"8987",9282,322367.126,322376.336,4097518.019,4097528.984,"Silva","NEON_D17_TEAK_DP1_322000_4097000_classified_point_cloud_colorized.laz","2018_TEAK_3_322000_4097000_image.tif","Tree",1,322000,322999.999,4097000,4097999.999
"8988",9283,322555.904,322561.955,4097519.515,4097526.404,"Silva","NEON_D17_TEAK_DP1_322000_4097000_classified_point_cloud_colorized.laz","2018_TEAK_3_322000_4097000_image.tif","Tree",1,322000,322999.999,4097000,4097999.999
"8989",9284,322530.307,322538.064,4097519.049,4097527.473,"Silva","NEON_D17_TEAK_DP1_322000_4097000_classified_point_cloud_colorized.laz","2018_TEAK_3_322000_4097000_image.tif","Tree",1,322000,322999.999,4097000,4097999.999
"8990",9285,322439.537,322448.989,4097519.4,4097530.994,"Silva","NEON_D17_TEAK_DP1_322000_4097000_classified_point_cloud_colorized.laz","2018_TEAK_3_322000_4097000_image.tif","Tree",1,322000,322999.999,4097000,4097999.999
"8991",9286,322461.074,322461.75,4097528.488,4097529.477,"Silva","NEON_D17_TEAK_DP1_322000_4097000_classified_point_cloud_colorized.laz","2018_TEAK_3_322000_4097000_image.tif","Tree",1,322000,322999.999,4097000,4097999.999
"8992",9287,322544.063,322551.317,4097520.663,4097528.876,"Silva","NEON_D17_TEAK_DP1_322000_4097000_classified_point_cloud_colorized.laz","2018_TEAK_3_322000_4097000_image.tif","Tree",1,322000,322999.999,4097000,4097999.999
"8993",9288,322064.253,322068.488,4097521.816,4097531.652,"Silva","NEON_D17_TEAK_DP1_322000_4097000_classified_point_cloud_colorized.laz","2018_TEAK_3_322000_4097000_image.tif","Tree",1,322000,322999.999,4097000,4097999.999
"8994",9289,322526.507,322534.963,4097522.028,4097530.997,"Silva","NEON_D17_TEAK_DP1_322000_4097000_classified_point_cloud_colorized.laz","2018_TEAK_3_322000_4097000_image.tif","Tree",1,322000,322999.999,4097000,4097999.999
"8995",9290,322492.709,322499.713,4097523.139,4097530.958,"Silva","NEON_D17_TEAK_DP1_322000_4097000_classified_point_cloud_colorized.laz","2018_TEAK_3_322000_4097000_image.tif","Tree",1,322000,322999.999,4097000,4097999.999
"8996",9291,322068.014,322076.873,4097522.643,4097534.469,"Silva","NEON_D17_TEAK_DP1_322000_4097000_classified_point_cloud_colorized.laz","2018_TEAK_3_322000_4097000_image.tif","Tree",1,322000,322999.999,4097000,4097999.999
"8997",9292,322139.011,322147.816,4097528.055,4097536.074,"Silva","NEON_D17_TEAK_DP1_322000_4097000_classified_point_cloud_colorized.laz","2018_TEAK_3_322000_4097000_image.tif","Tree",1,322000,322999.999,4097000,4097999.999
"8998",9293,322000.59,322007.474,4097528.54,4097537.956,"Silva","NEON_D17_TEAK_DP1_322000_4097000_classified_point_cloud_colorized.laz","2018_TEAK_3_322000_4097000_image.tif","Tree",1,322000,322999.999,4097000,4097999.999
"8999",9294,322484.05,322493.054,4097525.546,4097531.456,"Silva","NEON_D17_TEAK_DP1_322000_4097000_classified_point_cloud_colorized.laz","2018_TEAK_3_322000_4097000_image.tif","Tree",1,322000,322999.999,4097000,4097999.999
"9000",9295,322508.126,322515.878,4097527.134,4097535.26,"Silva","NEON_D17_TEAK_DP1_322000_4097000_classified_point_cloud_colorized.laz","2018_TEAK_3_322000_4097000_image.tif","Tree",1,322000,322999.999,4097000,4097999.999
"9001",9296,322310.057,322318.462,4097528.081,4097537.972,"Silva","NEON_D17_TEAK_DP1_322000_4097000_classified_point_cloud_colorized.laz","2018_TEAK_3_322000_4097000_image.tif","Tree",1,322000,322999.999,4097000,4097999.999
"9002",9297,322101.665,322112.49,4097531.01,4097537.759,"Silva","NEON_D17_TEAK_DP1_322000_4097000_classified_point_cloud_colorized.laz","2018_TEAK_3_322000_4097000_image.tif","Tree",1,322000,322999.999,4097000,4097999.999
"9003",9298,322027.049,322027.049,4097537.171,4097537.171,"Silva","NEON_D17_TEAK_DP1_322000_4097000_classified_point_cloud_colorized.laz","2018_TEAK_3_322000_4097000_image.tif","Tree",1,322000,322999.999,4097000,4097999.999
"9004",9299,322147.276,322155.926,4097531.028,4097538.377,"Silva","NEON_D17_TEAK_DP1_322000_4097000_classified_point_cloud_colorized.laz","2018_TEAK_3_322000_4097000_image.tif","Tree",1,322000,322999.999,4097000,4097999.999
"9005",9300,322259.646,322265.379,4097532.535,4097539.403,"Silva","NEON_D17_TEAK_DP1_322000_4097000_classified_point_cloud_colorized.laz","2018_TEAK_3_322000_4097000_image.tif","Tree",1,322000,322999.999,4097000,4097999.999
"9006",9301,322391.247,322398.886,4097531.046,4097536.648,"Silva","NEON_D17_TEAK_DP1_322000_4097000_classified_point_cloud_colorized.laz","2018_TEAK_3_322000_4097000_image.tif","Tree",1,322000,322999.999,4097000,4097999.999
"9007",9302,322550.286,322560.167,4097529.006,4097535.894,"Silva","NEON_D17_TEAK_DP1_322000_4097000_classified_point_cloud_colorized.laz","2018_TEAK_3_322000_4097000_image.tif","Tree",1,322000,322999.999,4097000,4097999.999
"9008",9303,322446.577,322456.264,4097528.464,4097535.422,"Silva","NEON_D17_TEAK_DP1_322000_4097000_classified_point_cloud_colorized.laz","2018_TEAK_3_322000_4097000_image.tif","Tree",1,322000,322999.999,4097000,4097999.999
"9009",9304,322170.038,322177.593,4097533.27,4097540.637,"Silva","NEON_D17_TEAK_DP1_322000_4097000_classified_point_cloud_colorized.laz","2018_TEAK_3_322000_4097000_image.tif","Tree",1,322000,322999.999,4097000,4097999.999
"9010",9305,322277.142,322282.461,4097534.691,4097541.336,"Silva","NEON_D17_TEAK_DP1_322000_4097000_classified_point_cloud_colorized.laz","2018_TEAK_3_322000_4097000_image.tif","Tree",1,322000,322999.999,4097000,4097999.999
"9011",9306,322099.585,322107.441,4097533.03,4097542.944,"Silva","NEON_D17_TEAK_DP1_322000_4097000_classified_point_cloud_colorized.laz","2018_TEAK_3_322000_4097000_image.tif","Tree",1,322000,322999.999,4097000,4097999.999
"9012",9307,322462.233,322467.478,4097534.126,4097540.981,"Silva","NEON_D17_TEAK_DP1_322000_4097000_classified_point_cloud_colorized.laz","2018_TEAK_3_322000_4097000_image.tif","Tree",1,322000,322999.999,4097000,4097999.999
"9013",9308,322420.232,322432.008,4097531.113,4097541.217,"Silva","NEON_D17_TEAK_DP1_322000_4097000_classified_point_cloud_colorized.laz","2018_TEAK_3_322000_4097000_image.tif","Tree",1,322000,322999.999,4097000,4097999.999
"9014",9309,322121.517,322128.329,4097535.615,4097545.945,"Silva","NEON_D17_TEAK_DP1_322000_4097000_classified_point_cloud_colorized.laz","2018_TEAK_3_322000_4097000_image.tif","Tree",1,322000,322999.999,4097000,4097999.999
"9015",9310,322000.023,322003.218,4097536.657,4097543.817,"Silva","NEON_D17_TEAK_DP1_322000_4097000_classified_point_cloud_colorized.laz","2018_TEAK_3_322000_4097000_image.tif","Tree",1,322000,322999.999,4097000,4097999.999
"9016",9311,322393.019,322402.908,4097535.027,4097542.927,"Silva","NEON_D17_TEAK_DP1_322000_4097000_classified_point_cloud_colorized.laz","2018_TEAK_3_322000_4097000_image.tif","Tree",1,322000,322999.999,4097000,4097999.999
"9017",9312,322494.087,322499.996,4097535.421,4097542.5,"Silva","NEON_D17_TEAK_DP1_322000_4097000_classified_point_cloud_colorized.laz","2018_TEAK_3_322000_4097000_image.tif","Tree",1,322000,322999.999,4097000,4097999.999
"9018",9313,322500.094,322505.402,4097534.871,4097539.935,"Silva","NEON_D17_TEAK_DP1_322000_4097000_classified_point_cloud_colorized.laz","2018_TEAK_3_322000_4097000_image.tif","Tree",1,322000,322999.999,4097000,4097999.999
"9019",9314,322161.609,322168.476,4097538.511,4097543.833,"Silva","NEON_D17_TEAK_DP1_322000_4097000_classified_point_cloud_colorized.laz","2018_TEAK_3_322000_4097000_image.tif","Tree",1,322000,322999.999,4097000,4097999.999
"9020",9315,322137.543,322147.871,4097535.649,4097544.447,"Silva","NEON_D17_TEAK_DP1_322000_4097000_classified_point_cloud_colorized.laz","2018_TEAK_3_322000_4097000_image.tif","Tree",1,322000,322999.999,4097000,4097999.999
"9021",9316,322288.166,322298.953,4097532.738,4097541.783,"Silva","NEON_D17_TEAK_DP1_322000_4097000_classified_point_cloud_colorized.laz","2018_TEAK_3_322000_4097000_image.tif","Tree",1,322000,322999.999,4097000,4097999.999
"9022",9317,322443.055,322446.992,4097537.222,4097542.421,"Silva","NEON_D17_TEAK_DP1_322000_4097000_classified_point_cloud_colorized.laz","2018_TEAK_3_322000_4097000_image.tif","Tree",1,322000,322999.999,4097000,4097999.999
"9023",9318,322079.821,322091.224,4097534.536,4097546.267,"Silva","NEON_D17_TEAK_DP1_322000_4097000_classified_point_cloud_colorized.laz","2018_TEAK_3_322000_4097000_image.tif","Tree",1,322000,322999.999,4097000,4097999.999
"9024",9319,322375.161,322381.476,4097535.141,4097543.349,"Silva","NEON_D17_TEAK_DP1_322000_4097000_classified_point_cloud_colorized.laz","2018_TEAK_3_322000_4097000_image.tif","Tree",1,322000,322999.999,4097000,4097999.999
"9025",9320,322467.878,322474.958,4097537.104,4097542.946,"Silva","NEON_D17_TEAK_DP1_322000_4097000_classified_point_cloud_colorized.laz","2018_TEAK_3_322000_4097000_image.tif","Tree",1,322000,322999.999,4097000,4097999.999
"9026",9321,322502.523,322507.907,4097537.509,4097542.482,"Silva","NEON_D17_TEAK_DP1_322000_4097000_classified_point_cloud_colorized.laz","2018_TEAK_3_322000_4097000_image.tif","Tree",1,322000,322999.999,4097000,4097999.999
"9027",9322,322539.603,322550.317,4097535.541,4097542.979,"Silva","NEON_D17_TEAK_DP1_322000_4097000_classified_point_cloud_colorized.laz","2018_TEAK_3_322000_4097000_image.tif","Tree",1,322000,322999.999,4097000,4097999.999
"9028",9323,322003.761,322012.983,4097539.621,4097547.952,"Silva","NEON_D17_TEAK_DP1_322000_4097000_classified_point_cloud_colorized.laz","2018_TEAK_3_322000_4097000_image.tif","Tree",1,322000,322999.999,4097000,4097999.999
"9029",9324,322354.52,322357.072,4097541.093,4097546.409,"Silva","NEON_D17_TEAK_DP1_322000_4097000_classified_point_cloud_colorized.laz","2018_TEAK_3_322000_4097000_image.tif","Tree",1,322000,322999.999,4097000,4097999.999
"9030",9325,322478.594,322484.202,4097539.071,4097547.405,"Silva","NEON_D17_TEAK_DP1_322000_4097000_classified_point_cloud_colorized.laz","2018_TEAK_3_322000_4097000_image.tif","Tree",1,322000,322999.999,4097000,4097999.999
"9031",9326,322057.158,322064.946,4097540.037,4097547.652,"Silva","NEON_D17_TEAK_DP1_322000_4097000_classified_point_cloud_colorized.laz","2018_TEAK_3_322000_4097000_image.tif","Tree",1,322000,322999.999,4097000,4097999.999
"9032",9327,322159.628,322166.205,4097541.845,4097546.494,"Silva","NEON_D17_TEAK_DP1_322000_4097000_classified_point_cloud_colorized.laz","2018_TEAK_3_322000_4097000_image.tif","Tree",1,322000,322999.999,4097000,4097999.999
"9033",9328,322204.561,322215.476,4097539.534,4097547.936,"Silva","NEON_D17_TEAK_DP1_322000_4097000_classified_point_cloud_colorized.laz","2018_TEAK_3_322000_4097000_image.tif","Tree",1,322000,322999.999,4097000,4097999.999
"9034",9329,322378.06,322385.474,4097536.495,4097550.436,"Silva","NEON_D17_TEAK_DP1_322000_4097000_classified_point_cloud_colorized.laz","2018_TEAK_3_322000_4097000_image.tif","Tree",1,322000,322999.999,4097000,4097999.999
"9035",9330,322448.544,322452.223,4097541.674,4097545.948,"Silva","NEON_D17_TEAK_DP1_322000_4097000_classified_point_cloud_colorized.laz","2018_TEAK_3_322000_4097000_image.tif","Tree",1,322000,322999.999,4097000,4097999.999
"9036",9331,322470.065,322477.924,4097540.31,4097548.766,"Silva","NEON_D17_TEAK_DP1_322000_4097000_classified_point_cloud_colorized.laz","2018_TEAK_3_322000_4097000_image.tif","Tree",1,322000,322999.999,4097000,4097999.999
"9037",9332,322485.166,322491.771,4097540.725,4097547.4,"Silva","NEON_D17_TEAK_DP1_322000_4097000_classified_point_cloud_colorized.laz","2018_TEAK_3_322000_4097000_image.tif","Tree",1,322000,322999.999,4097000,4097999.999
"9038",9333,322369.569,322374.255,4097541.78,4097545.464,"Silva","NEON_D17_TEAK_DP1_322000_4097000_classified_point_cloud_colorized.laz","2018_TEAK_3_322000_4097000_image.tif","Tree",1,322000,322999.999,4097000,4097999.999
"9039",9334,322132.96,322132.96,4097548.614,4097548.614,"Silva","NEON_D17_TEAK_DP1_322000_4097000_classified_point_cloud_colorized.laz","2018_TEAK_3_322000_4097000_image.tif","Tree",1,322000,322999.999,4097000,4097999.999
"9040",9335,322460.071,322468.24,4097540.011,4097546.986,"Silva","NEON_D17_TEAK_DP1_322000_4097000_classified_point_cloud_colorized.laz","2018_TEAK_3_322000_4097000_image.tif","Tree",1,322000,322999.999,4097000,4097999.999
"9041",9336,322514.506,322521.433,4097541.108,4097547.865,"Silva","NEON_D17_TEAK_DP1_322000_4097000_classified_point_cloud_colorized.laz","2018_TEAK_3_322000_4097000_image.tif","Tree",1,322000,322999.999,4097000,4097999.999
"9042",9337,322558.006,322568.488,4097540.006,4097547.929,"Silva","NEON_D17_TEAK_DP1_322000_4097000_classified_point_cloud_colorized.laz","2018_TEAK_3_322000_4097000_image.tif","Tree",1,322000,322999.999,4097000,4097999.999
"9043",9338,322181.036,322189.495,4097543.163,4097552.009,"Silva","NEON_D17_TEAK_DP1_322000_4097000_classified_point_cloud_colorized.laz","2018_TEAK_3_322000_4097000_image.tif","Tree",1,322000,322999.999,4097000,4097999.999
"9044",9339,322018.595,322023.998,4097546.14,4097550.993,"Silva","NEON_D17_TEAK_DP1_322000_4097000_classified_point_cloud_colorized.laz","2018_TEAK_3_322000_4097000_image.tif","Tree",1,322000,322999.999,4097000,4097999.999
"9045",9340,322009.758,322017.34,4097541.507,4097551.86,"Silva","NEON_D17_TEAK_DP1_322000_4097000_classified_point_cloud_colorized.laz","2018_TEAK_3_322000_4097000_image.tif","Tree",1,322000,322999.999,4097000,4097999.999
"9046",9341,322084.001,322094.321,4097542.097,4097550.93,"Silva","NEON_D17_TEAK_DP1_322000_4097000_classified_point_cloud_colorized.laz","2018_TEAK_3_322000_4097000_image.tif","Tree",1,322000,322999.999,4097000,4097999.999
"9047",9342,322123.025,322131.453,4097544.423,4097554.065,"Silva","NEON_D17_TEAK_DP1_322000_4097000_classified_point_cloud_colorized.laz","2018_TEAK_3_322000_4097000_image.tif","Tree",1,322000,322999.999,4097000,4097999.999
"9048",9343,322367.273,322373.893,4097545.502,4097552.343,"Silva","NEON_D17_TEAK_DP1_322000_4097000_classified_point_cloud_colorized.laz","2018_TEAK_3_322000_4097000_image.tif","Tree",1,322000,322999.999,4097000,4097999.999
"9049",9344,322393.575,322403.995,4097541.527,4097551.997,"Silva","NEON_D17_TEAK_DP1_322000_4097000_classified_point_cloud_colorized.laz","2018_TEAK_3_322000_4097000_image.tif","Tree",1,322000,322999.999,4097000,4097999.999
"9050",9345,322415.553,322421.908,4097544.03,4097550.428,"Silva","NEON_D17_TEAK_DP1_322000_4097000_classified_point_cloud_colorized.laz","2018_TEAK_3_322000_4097000_image.tif","Tree",1,322000,322999.999,4097000,4097999.999
"9051",9346,322502.086,322507.487,4097544.016,4097548.967,"Silva","NEON_D17_TEAK_DP1_322000_4097000_classified_point_cloud_colorized.laz","2018_TEAK_3_322000_4097000_image.tif","Tree",1,322000,322999.999,4097000,4097999.999
"9052",9347,322332.179,322340.19,4097541.664,4097552.061,"Silva","NEON_D17_TEAK_DP1_322000_4097000_classified_point_cloud_colorized.laz","2018_TEAK_3_322000_4097000_image.tif","Tree",1,322000,322999.999,4097000,4097999.999
"9053",9348,322063.286,322069.88,4097542.868,4097551.992,"Silva","NEON_D17_TEAK_DP1_322000_4097000_classified_point_cloud_colorized.laz","2018_TEAK_3_322000_4097000_image.tif","Tree",1,322000,322999.999,4097000,4097999.999
"9054",9349,322260.661,322270.033,4097545.524,4097555.978,"Silva","NEON_D17_TEAK_DP1_322000_4097000_classified_point_cloud_colorized.laz","2018_TEAK_3_322000_4097000_image.tif","Tree",1,322000,322999.999,4097000,4097999.999
"9055",9350,322462.535,322467.483,4097546.767,4097555.43,"Silva","NEON_D17_TEAK_DP1_322000_4097000_classified_point_cloud_colorized.laz","2018_TEAK_3_322000_4097000_image.tif","Tree",1,322000,322999.999,4097000,4097999.999
"9056",9351,322502.632,322508.407,4097548.322,4097552.839,"Silva","NEON_D17_TEAK_DP1_322000_4097000_classified_point_cloud_colorized.laz","2018_TEAK_3_322000_4097000_image.tif","Tree",1,322000,322999.999,4097000,4097999.999
"9057",9352,322493.022,322496.492,4097547.591,4097555.456,"Silva","NEON_D17_TEAK_DP1_322000_4097000_classified_point_cloud_colorized.laz","2018_TEAK_3_322000_4097000_image.tif","Tree",1,322000,322999.999,4097000,4097999.999
"9058",9353,322488.088,322492.567,4097547.013,4097555.902,"Silva","NEON_D17_TEAK_DP1_322000_4097000_classified_point_cloud_colorized.laz","2018_TEAK_3_322000_4097000_image.tif","Tree",1,322000,322999.999,4097000,4097999.999
"9059",9354,322479.287,322488.471,4097547.005,4097554.978,"Silva","NEON_D17_TEAK_DP1_322000_4097000_classified_point_cloud_colorized.laz","2018_TEAK_3_322000_4097000_image.tif","Tree",1,322000,322999.999,4097000,4097999.999
"9060",9355,322432.515,322438.368,4097548.502,4097554.439,"Silva","NEON_D17_TEAK_DP1_322000_4097000_classified_point_cloud_colorized.laz","2018_TEAK_3_322000_4097000_image.tif","Tree",1,322000,322999.999,4097000,4097999.999
"9061",9356,322241.023,322247.75,4097544.55,4097558.999,"Silva","NEON_D17_TEAK_DP1_322000_4097000_classified_point_cloud_colorized.laz","2018_TEAK_3_322000_4097000_image.tif","Tree",1,322000,322999.999,4097000,4097999.999
"9062",9357,322026.095,322033.969,4097548.517,4097557.242,"Silva","NEON_D17_TEAK_DP1_322000_4097000_classified_point_cloud_colorized.laz","2018_TEAK_3_322000_4097000_image.tif","Tree",1,322000,322999.999,4097000,4097999.999
"9063",9358,322326.091,322330.843,4097550.173,4097555.774,"Silva","NEON_D17_TEAK_DP1_322000_4097000_classified_point_cloud_colorized.laz","2018_TEAK_3_322000_4097000_image.tif","Tree",1,322000,322999.999,4097000,4097999.999
"9064",9359,322553.731,322560.555,4097547.015,4097550.492,"Silva","NEON_D17_TEAK_DP1_322000_4097000_classified_point_cloud_colorized.laz","2018_TEAK_3_322000_4097000_image.tif","Tree",1,322000,322999.999,4097000,4097999.999
"9065",9360,322144.82,322144.82,4097557.798,4097557.798,"Silva","NEON_D17_TEAK_DP1_322000_4097000_classified_point_cloud_colorized.laz","2018_TEAK_3_322000_4097000_image.tif","Tree",1,322000,322999.999,4097000,4097999.999
"9066",9361,322033.038,322033.631,4097554.207,4097555.399,"Silva","NEON_D17_TEAK_DP1_322000_4097000_classified_point_cloud_colorized.laz","2018_TEAK_3_322000_4097000_image.tif","Tree",1,322000,322999.999,4097000,4097999.999
"9067",9362,322074.04,322076.245,4097554.047,4097556.997,"Silva","NEON_D17_TEAK_DP1_322000_4097000_classified_point_cloud_colorized.laz","2018_TEAK_3_322000_4097000_image.tif","Tree",1,322000,322999.999,4097000,4097999.999
"9068",9363,322120.581,322130.432,4097549.784,4097558.42,"Silva","NEON_D17_TEAK_DP1_322000_4097000_classified_point_cloud_colorized.laz","2018_TEAK_3_322000_4097000_image.tif","Tree",1,322000,322999.999,4097000,4097999.999
"9069",9364,322175.86,322185.4,4097549.585,4097559.885,"Silva","NEON_D17_TEAK_DP1_322000_4097000_classified_point_cloud_colorized.laz","2018_TEAK_3_322000_4097000_image.tif","Tree",1,322000,322999.999,4097000,4097999.999
"9070",9365,322165.034,322173.674,4097550.284,4097558.964,"Silva","NEON_D17_TEAK_DP1_322000_4097000_classified_point_cloud_colorized.laz","2018_TEAK_3_322000_4097000_image.tif","Tree",1,322000,322999.999,4097000,4097999.999
"9071",9366,322471.117,322480.804,4097548.006,4097559.833,"Silva","NEON_D17_TEAK_DP1_322000_4097000_classified_point_cloud_colorized.laz","2018_TEAK_3_322000_4097000_image.tif","Tree",1,322000,322999.999,4097000,4097999.999
"9072",9367,322369.011,322376.357,4097552.121,4097557.988,"Silva","NEON_D17_TEAK_DP1_322000_4097000_classified_point_cloud_colorized.laz","2018_TEAK_3_322000_4097000_image.tif","Tree",1,322000,322999.999,4097000,4097999.999
"9073",9368,322077.637,322079.399,4097556.464,4097558,"Silva","NEON_D17_TEAK_DP1_322000_4097000_classified_point_cloud_colorized.laz","2018_TEAK_3_322000_4097000_image.tif","Tree",1,322000,322999.999,4097000,4097999.999
"9074",9369,322261.467,322262.806,4097553.927,4097555.424,"Silva","NEON_D17_TEAK_DP1_322000_4097000_classified_point_cloud_colorized.laz","2018_TEAK_3_322000_4097000_image.tif","Tree",1,322000,322999.999,4097000,4097999.999
"9075",9370,322441.55,322449.224,4097552.563,4097557.673,"Silva","NEON_D17_TEAK_DP1_322000_4097000_classified_point_cloud_colorized.laz","2018_TEAK_3_322000_4097000_image.tif","Tree",1,322000,322999.999,4097000,4097999.999
"9076",9371,322534.736,322539.776,4097552.058,4097558.343,"Silva","NEON_D17_TEAK_DP1_322000_4097000_classified_point_cloud_colorized.laz","2018_TEAK_3_322000_4097000_image.tif","Tree",1,322000,322999.999,4097000,4097999.999
"9077",9372,322587.555,322590.622,4097555.282,4097557.991,"Silva","NEON_D17_TEAK_DP1_322000_4097000_classified_point_cloud_colorized.laz","2018_TEAK_3_322000_4097000_image.tif","Tree",1,322000,322999.999,4097000,4097999.999
"9078",9373,322542.587,322548.93,4097554.068,4097561.474,"Silva","NEON_D17_TEAK_DP1_322000_4097000_classified_point_cloud_colorized.laz","2018_TEAK_3_322000_4097000_image.tif","Tree",1,322000,322999.999,4097000,4097999.999
"9079",9374,322448.222,322452.665,4097552.584,4097558.745,"Silva","NEON_D17_TEAK_DP1_322000_4097000_classified_point_cloud_colorized.laz","2018_TEAK_3_322000_4097000_image.tif","Tree",1,322000,322999.999,4097000,4097999.999
"9080",9375,322148.226,322154.552,4097556.501,4097562.225,"Silva","NEON_D17_TEAK_DP1_322000_4097000_classified_point_cloud_colorized.laz","2018_TEAK_3_322000_4097000_image.tif","Tree",1,322000,322999.999,4097000,4097999.999
"9081",9376,322330.028,322331.328,4097558.027,4097559.487,"Silva","NEON_D17_TEAK_DP1_322000_4097000_classified_point_cloud_colorized.laz","2018_TEAK_3_322000_4097000_image.tif","Tree",1,322000,322999.999,4097000,4097999.999
"9082",9377,322549.1,322555.096,4097552.598,4097559.881,"Silva","NEON_D17_TEAK_DP1_322000_4097000_classified_point_cloud_colorized.laz","2018_TEAK_3_322000_4097000_image.tif","Tree",1,322000,322999.999,4097000,4097999.999
"9083",9378,322500.091,322507.449,4097554.112,4097561.754,"Silva","NEON_D17_TEAK_DP1_322000_4097000_classified_point_cloud_colorized.laz","2018_TEAK_3_322000_4097000_image.tif","Tree",1,322000,322999.999,4097000,4097999.999
"9084",9379,322408.017,322411.988,4097556.053,4097560.962,"Silva","NEON_D17_TEAK_DP1_322000_4097000_classified_point_cloud_colorized.laz","2018_TEAK_3_322000_4097000_image.tif","Tree",1,322000,322999.999,4097000,4097999.999
"9085",9380,322185.011,322193.958,4097552.503,4097562.275,"Silva","NEON_D17_TEAK_DP1_322000_4097000_classified_point_cloud_colorized.laz","2018_TEAK_3_322000_4097000_image.tif","Tree",1,322000,322999.999,4097000,4097999.999
"9086",9381,322431.52,322436.954,4097557.133,4097560.982,"Silva","NEON_D17_TEAK_DP1_322000_4097000_classified_point_cloud_colorized.laz","2018_TEAK_3_322000_4097000_image.tif","Tree",1,322000,322999.999,4097000,4097999.999
"9087",9382,322482.607,322491.921,4097554.142,4097562.94,"Silva","NEON_D17_TEAK_DP1_322000_4097000_classified_point_cloud_colorized.laz","2018_TEAK_3_322000_4097000_image.tif","Tree",1,322000,322999.999,4097000,4097999.999
"9088",9383,322379.159,322384.931,4097555.548,4097562.747,"Silva","NEON_D17_TEAK_DP1_322000_4097000_classified_point_cloud_colorized.laz","2018_TEAK_3_322000_4097000_image.tif","Tree",1,322000,322999.999,4097000,4097999.999
"9089",9384,322153.53,322161.042,4097557.59,4097564.996,"Silva","NEON_D17_TEAK_DP1_322000_4097000_classified_point_cloud_colorized.laz","2018_TEAK_3_322000_4097000_image.tif","Tree",1,322000,322999.999,4097000,4097999.999
"9090",9385,322347.616,322351.994,4097558.528,4097562.467,"Silva","NEON_D17_TEAK_DP1_322000_4097000_classified_point_cloud_colorized.laz","2018_TEAK_3_322000_4097000_image.tif","Tree",1,322000,322999.999,4097000,4097999.999
"9091",9386,322556.607,322561.89,4097556.771,4097563.997,"Silva","NEON_D17_TEAK_DP1_322000_4097000_classified_point_cloud_colorized.laz","2018_TEAK_3_322000_4097000_image.tif","Tree",1,322000,322999.999,4097000,4097999.999
"9092",9387,322589.014,322590.82,4097559.506,4097561.49,"Silva","NEON_D17_TEAK_DP1_322000_4097000_classified_point_cloud_colorized.laz","2018_TEAK_3_322000_4097000_image.tif","Tree",1,322000,322999.999,4097000,4097999.999
"9093",9388,322563.025,322569.491,4097557.628,4097561.896,"Silva","NEON_D17_TEAK_DP1_322000_4097000_classified_point_cloud_colorized.laz","2018_TEAK_3_322000_4097000_image.tif","Tree",1,322000,322999.999,4097000,4097999.999
"9094",9389,322492.176,322497.569,4097556.017,4097561.973,"Silva","NEON_D17_TEAK_DP1_322000_4097000_classified_point_cloud_colorized.laz","2018_TEAK_3_322000_4097000_image.tif","Tree",1,322000,322999.999,4097000,4097999.999
"9095",9390,322464.012,322474.538,4097555.56,4097562.838,"Silva","NEON_D17_TEAK_DP1_322000_4097000_classified_point_cloud_colorized.laz","2018_TEAK_3_322000_4097000_image.tif","Tree",1,322000,322999.999,4097000,4097999.999
"9096",9391,322438.1,322447.326,4097555.004,4097564.498,"Silva","NEON_D17_TEAK_DP1_322000_4097000_classified_point_cloud_colorized.laz","2018_TEAK_3_322000_4097000_image.tif","Tree",1,322000,322999.999,4097000,4097999.999
"9097",9392,322133.021,322139.988,4097560.012,4097566.873,"Silva","NEON_D17_TEAK_DP1_322000_4097000_classified_point_cloud_colorized.laz","2018_TEAK_3_322000_4097000_image.tif","Tree",1,322000,322999.999,4097000,4097999.999
"9098",9393,322285.166,322292.954,4097560.036,4097566.995,"Silva","NEON_D17_TEAK_DP1_322000_4097000_classified_point_cloud_colorized.laz","2018_TEAK_3_322000_4097000_image.tif","Tree",1,322000,322999.999,4097000,4097999.999
"9099",9394,322575.552,322580.756,4097559.231,4097564.068,"Silva","NEON_D17_TEAK_DP1_322000_4097000_classified_point_cloud_colorized.laz","2018_TEAK_3_322000_4097000_image.tif","Tree",1,322000,322999.999,4097000,4097999.999
"9100",9395,322143.584,322150.126,4097558.631,4097566.477,"Silva","NEON_D17_TEAK_DP1_322000_4097000_classified_point_cloud_colorized.laz","2018_TEAK_3_322000_4097000_image.tif","Tree",1,322000,322999.999,4097000,4097999.999
"9101",9396,322509.983,322516.927,4097558.57,4097568.182,"Silva","NEON_D17_TEAK_DP1_322000_4097000_classified_point_cloud_colorized.laz","2018_TEAK_3_322000_4097000_image.tif","Tree",1,322000,322999.999,4097000,4097999.999
"9102",9397,322525.005,322536.867,4097559.667,4097568.995,"Silva","NEON_D17_TEAK_DP1_322000_4097000_classified_point_cloud_colorized.laz","2018_TEAK_3_322000_4097000_image.tif","Tree",1,322000,322999.999,4097000,4097999.999
"9103",9398,322547.603,322554.494,4097559.01,4097565.365,"Silva","NEON_D17_TEAK_DP1_322000_4097000_classified_point_cloud_colorized.laz","2018_TEAK_3_322000_4097000_image.tif","Tree",1,322000,322999.999,4097000,4097999.999
"9104",9399,322485.699,322492.836,4097558.552,4097564.936,"Silva","NEON_D17_TEAK_DP1_322000_4097000_classified_point_cloud_colorized.laz","2018_TEAK_3_322000_4097000_image.tif","Tree",1,322000,322999.999,4097000,4097999.999
"9105",9401,322161.128,322171.449,4097560.012,4097569.967,"Silva","NEON_D17_TEAK_DP1_322000_4097000_classified_point_cloud_colorized.laz","2018_TEAK_3_322000_4097000_image.tif","Tree",1,322000,322999.999,4097000,4097999.999
"9106",9402,322352.079,322355.882,4097562.55,4097566.357,"Silva","NEON_D17_TEAK_DP1_322000_4097000_classified_point_cloud_colorized.laz","2018_TEAK_3_322000_4097000_image.tif","Tree",1,322000,322999.999,4097000,4097999.999
"9107",9403,322420.7,322426.882,4097561.635,4097566.486,"Silva","NEON_D17_TEAK_DP1_322000_4097000_classified_point_cloud_colorized.laz","2018_TEAK_3_322000_4097000_image.tif","Tree",1,322000,322999.999,4097000,4097999.999
"9108",9404,322448.221,322455.674,4097560.131,4097567.344,"Silva","NEON_D17_TEAK_DP1_322000_4097000_classified_point_cloud_colorized.laz","2018_TEAK_3_322000_4097000_image.tif","Tree",1,322000,322999.999,4097000,4097999.999
"9109",9405,322503.615,322511.729,4097559.315,4097569.375,"Silva","NEON_D17_TEAK_DP1_322000_4097000_classified_point_cloud_colorized.laz","2018_TEAK_3_322000_4097000_image.tif","Tree",1,322000,322999.999,4097000,4097999.999
"9110",9406,322115.111,322123.952,4097562.051,4097569.478,"Silva","NEON_D17_TEAK_DP1_322000_4097000_classified_point_cloud_colorized.laz","2018_TEAK_3_322000_4097000_image.tif","Tree",1,322000,322999.999,4097000,4097999.999
"9111",9407,322552.072,322558.214,4097562.297,4097567.476,"Silva","NEON_D17_TEAK_DP1_322000_4097000_classified_point_cloud_colorized.laz","2018_TEAK_3_322000_4097000_image.tif","Tree",1,322000,322999.999,4097000,4097999.999
"9112",9408,322254.003,322259.952,4097564.134,4097571.486,"Silva","NEON_D17_TEAK_DP1_322000_4097000_classified_point_cloud_colorized.laz","2018_TEAK_3_322000_4097000_image.tif","Tree",1,322000,322999.999,4097000,4097999.999
"9113",9409,322146.522,322154.612,4097562.715,4097568.45,"Silva","NEON_D17_TEAK_DP1_322000_4097000_classified_point_cloud_colorized.laz","2018_TEAK_3_322000_4097000_image.tif","Tree",1,322000,322999.999,4097000,4097999.999
"9114",9410,322583.646,322584.195,4097566.294,4097567.459,"Silva","NEON_D17_TEAK_DP1_322000_4097000_classified_point_cloud_colorized.laz","2018_TEAK_3_322000_4097000_image.tif","Tree",1,322000,322999.999,4097000,4097999.999
"9115",9411,322423.825,322428.947,4097564.127,4097569.946,"Silva","NEON_D17_TEAK_DP1_322000_4097000_classified_point_cloud_colorized.laz","2018_TEAK_3_322000_4097000_image.tif","Tree",1,322000,322999.999,4097000,4097999.999
"9116",9412,322445.06,322453.061,4097561.642,4097570.922,"Silva","NEON_D17_TEAK_DP1_322000_4097000_classified_point_cloud_colorized.laz","2018_TEAK_3_322000_4097000_image.tif","Tree",1,322000,322999.999,4097000,4097999.999
"9117",9413,322483.782,322491.852,4097563.062,4097569.314,"Silva","NEON_D17_TEAK_DP1_322000_4097000_classified_point_cloud_colorized.laz","2018_TEAK_3_322000_4097000_image.tif","Tree",1,322000,322999.999,4097000,4097999.999
"9118",9414,322173.017,322182.297,4097562.543,4097573.986,"Silva","NEON_D17_TEAK_DP1_322000_4097000_classified_point_cloud_colorized.laz","2018_TEAK_3_322000_4097000_image.tif","Tree",1,322000,322999.999,4097000,4097999.999
"9119",9415,322086.519,322092.993,4097566.112,4097571.919,"Silva","NEON_D17_TEAK_DP1_322000_4097000_classified_point_cloud_colorized.laz","2018_TEAK_3_322000_4097000_image.tif","Tree",1,322000,322999.999,4097000,4097999.999
"9120",9416,322499.506,322507.479,4097564.325,4097571.199,"Silva","NEON_D17_TEAK_DP1_322000_4097000_classified_point_cloud_colorized.laz","2018_TEAK_3_322000_4097000_image.tif","Tree",1,322000,322999.999,4097000,4097999.999
"9121",9417,322591.523,322593.613,4097567.515,4097569.83,"Silva","NEON_D17_TEAK_DP1_322000_4097000_classified_point_cloud_colorized.laz","2018_TEAK_3_322000_4097000_image.tif","Tree",1,322000,322999.999,4097000,4097999.999
"9122",9418,322570.017,322571.975,4097567.734,4097570.404,"Silva","NEON_D17_TEAK_DP1_322000_4097000_classified_point_cloud_colorized.laz","2018_TEAK_3_322000_4097000_image.tif","Tree",1,322000,322999.999,4097000,4097999.999
"9123",9419,322032.015,322036.989,4097568.016,4097572.965,"Silva","NEON_D17_TEAK_DP1_322000_4097000_classified_point_cloud_colorized.laz","2018_TEAK_3_322000_4097000_image.tif","Tree",1,322000,322999.999,4097000,4097999.999
"9124",9420,322429.414,322435.834,4097565.688,4097571.5,"Silva","NEON_D17_TEAK_DP1_322000_4097000_classified_point_cloud_colorized.laz","2018_TEAK_3_322000_4097000_image.tif","Tree",1,322000,322999.999,4097000,4097999.999
"9125",9421,322435.733,322444.838,4097564.169,4097571.952,"Silva","NEON_D17_TEAK_DP1_322000_4097000_classified_point_cloud_colorized.laz","2018_TEAK_3_322000_4097000_image.tif","Tree",1,322000,322999.999,4097000,4097999.999
"9126",9422,322470.543,322477.417,4097564.214,4097571.262,"Silva","NEON_D17_TEAK_DP1_322000_4097000_classified_point_cloud_colorized.laz","2018_TEAK_3_322000_4097000_image.tif","Tree",1,322000,322999.999,4097000,4097999.999
"9127",9423,322588.572,322591.887,4097568.526,4097572.379,"Silva","NEON_D17_TEAK_DP1_322000_4097000_classified_point_cloud_colorized.laz","2018_TEAK_3_322000_4097000_image.tif","Tree",1,322000,322999.999,4097000,4097999.999
"9128",9424,322393.29,322398.947,4097568.159,4097574.964,"Silva","NEON_D17_TEAK_DP1_322000_4097000_classified_point_cloud_colorized.laz","2018_TEAK_3_322000_4097000_image.tif","Tree",1,322000,322999.999,4097000,4097999.999
"9129",9425,322247.897,322254.192,4097567.007,4097575.416,"Silva","NEON_D17_TEAK_DP1_322000_4097000_classified_point_cloud_colorized.laz","2018_TEAK_3_322000_4097000_image.tif","Tree",1,322000,322999.999,4097000,4097999.999
"9130",9426,322136.127,322142.487,4097566.567,4097574.695,"Silva","NEON_D17_TEAK_DP1_322000_4097000_classified_point_cloud_colorized.laz","2018_TEAK_3_322000_4097000_image.tif","Tree",1,322000,322999.999,4097000,4097999.999
"9131",9427,322015.678,322020.464,4097569.7,4097575.955,"Silva","NEON_D17_TEAK_DP1_322000_4097000_classified_point_cloud_colorized.laz","2018_TEAK_3_322000_4097000_image.tif","Tree",1,322000,322999.999,4097000,4097999.999
"9132",9428,322023.277,322027.495,4097569.673,4097574.481,"Silva","NEON_D17_TEAK_DP1_322000_4097000_classified_point_cloud_colorized.laz","2018_TEAK_3_322000_4097000_image.tif","Tree",1,322000,322999.999,4097000,4097999.999
"9133",9429,322581.033,322583.853,4097570.046,4097572.996,"Silva","NEON_D17_TEAK_DP1_322000_4097000_classified_point_cloud_colorized.laz","2018_TEAK_3_322000_4097000_image.tif","Tree",1,322000,322999.999,4097000,4097999.999
"9134",9430,322409.006,322417.046,4097568.564,4097573.959,"Silva","NEON_D17_TEAK_DP1_322000_4097000_classified_point_cloud_colorized.laz","2018_TEAK_3_322000_4097000_image.tif","Tree",1,322000,322999.999,4097000,4097999.999
"9135",9431,322462.204,322469.465,4097569.652,4097574.976,"Silva","NEON_D17_TEAK_DP1_322000_4097000_classified_point_cloud_colorized.laz","2018_TEAK_3_322000_4097000_image.tif","Tree",1,322000,322999.999,4097000,4097999.999
"9136",9432,322548.007,322551.907,4097567.636,4097575.043,"Silva","NEON_D17_TEAK_DP1_322000_4097000_classified_point_cloud_colorized.laz","2018_TEAK_3_322000_4097000_image.tif","Tree",1,322000,322999.999,4097000,4097999.999
"9137",9433,322046.579,322051.808,4097571.751,4097578.457,"Silva","NEON_D17_TEAK_DP1_322000_4097000_classified_point_cloud_colorized.laz","2018_TEAK_3_322000_4097000_image.tif","Tree",1,322000,322999.999,4097000,4097999.999
"9138",9434,322029.259,322031.998,4097573.701,4097576.471,"Silva","NEON_D17_TEAK_DP1_322000_4097000_classified_point_cloud_colorized.laz","2018_TEAK_3_322000_4097000_image.tif","Tree",1,322000,322999.999,4097000,4097999.999
"9139",9435,322585.017,322588.406,4097572.012,4097575.177,"Silva","NEON_D17_TEAK_DP1_322000_4097000_classified_point_cloud_colorized.laz","2018_TEAK_3_322000_4097000_image.tif","Tree",1,322000,322999.999,4097000,4097999.999
"9140",9436,322469.064,322474.479,4097570.206,4097575.452,"Silva","NEON_D17_TEAK_DP1_322000_4097000_classified_point_cloud_colorized.laz","2018_TEAK_3_322000_4097000_image.tif","Tree",1,322000,322999.999,4097000,4097999.999
"9141",9437,322425.554,322428.975,4097572.003,4097577.741,"Silva","NEON_D17_TEAK_DP1_322000_4097000_classified_point_cloud_colorized.laz","2018_TEAK_3_322000_4097000_image.tif","Tree",1,322000,322999.999,4097000,4097999.999
"9142",9438,322320.65,322329.463,4097571.116,4097577.982,"Silva","NEON_D17_TEAK_DP1_322000_4097000_classified_point_cloud_colorized.laz","2018_TEAK_3_322000_4097000_image.tif","Tree",1,322000,322999.999,4097000,4097999.999
"9143",9439,322140.236,322147.391,4097570.523,4097577.386,"Silva","NEON_D17_TEAK_DP1_322000_4097000_classified_point_cloud_colorized.laz","2018_TEAK_3_322000_4097000_image.tif","Tree",1,322000,322999.999,4097000,4097999.999
"9144",9440,322437.055,322445.981,4097569.521,4097580.751,"Silva","NEON_D17_TEAK_DP1_322000_4097000_classified_point_cloud_colorized.laz","2018_TEAK_3_322000_4097000_image.tif","Tree",1,322000,322999.999,4097000,4097999.999
"9145",9441,322292.009,322297.704,4097568.533,4097578.837,"Silva","NEON_D17_TEAK_DP1_322000_4097000_classified_point_cloud_colorized.laz","2018_TEAK_3_322000_4097000_image.tif","Tree",1,322000,322999.999,4097000,4097999.999
"9146",9442,322148.155,322156.985,4097573.501,4097579.692,"Silva","NEON_D17_TEAK_DP1_322000_4097000_classified_point_cloud_colorized.laz","2018_TEAK_3_322000_4097000_image.tif","Tree",1,322000,322999.999,4097000,4097999.999
"9147",9443,322104.086,322111.408,4097571.723,4097578.457,"Silva","NEON_D17_TEAK_DP1_322000_4097000_classified_point_cloud_colorized.laz","2018_TEAK_3_322000_4097000_image.tif","Tree",1,322000,322999.999,4097000,4097999.999
"9148",9444,322475.105,322476.927,4097579.17,4097579.381,"Silva","NEON_D17_TEAK_DP1_322000_4097000_classified_point_cloud_colorized.laz","2018_TEAK_3_322000_4097000_image.tif","Tree",1,322000,322999.999,4097000,4097999.999
"9149",9445,322503.571,322512.413,4097569.54,4097580.954,"Silva","NEON_D17_TEAK_DP1_322000_4097000_classified_point_cloud_colorized.laz","2018_TEAK_3_322000_4097000_image.tif","Tree",1,322000,322999.999,4097000,4097999.999
"9150",9446,322204.018,322210.935,4097573.069,4097578.986,"Silva","NEON_D17_TEAK_DP1_322000_4097000_classified_point_cloud_colorized.laz","2018_TEAK_3_322000_4097000_image.tif","Tree",1,322000,322999.999,4097000,4097999.999
"9151",9447,322189.577,322196.162,4097575.056,4097584.357,"Silva","NEON_D17_TEAK_DP1_322000_4097000_classified_point_cloud_colorized.laz","2018_TEAK_3_322000_4097000_image.tif","Tree",1,322000,322999.999,4097000,4097999.999
"9152",9448,322165.595,322173.434,4097573.541,4097581.923,"Silva","NEON_D17_TEAK_DP1_322000_4097000_classified_point_cloud_colorized.laz","2018_TEAK_3_322000_4097000_image.tif","Tree",1,322000,322999.999,4097000,4097999.999
"9153",9449,322588.247,322592.841,4097574.697,4097579.231,"Silva","NEON_D17_TEAK_DP1_322000_4097000_classified_point_cloud_colorized.laz","2018_TEAK_3_322000_4097000_image.tif","Tree",1,322000,322999.999,4097000,4097999.999
"9154",9450,322545.523,322551.944,4097574.014,4097580.48,"Silva","NEON_D17_TEAK_DP1_322000_4097000_classified_point_cloud_colorized.laz","2018_TEAK_3_322000_4097000_image.tif","Tree",1,322000,322999.999,4097000,4097999.999
"9155",9451,322525.087,322536.46,4097569.012,4097581.885,"Silva","NEON_D17_TEAK_DP1_322000_4097000_classified_point_cloud_colorized.laz","2018_TEAK_3_322000_4097000_image.tif","Tree",1,322000,322999.999,4097000,4097999.999
"9156",9452,322426.624,322436.445,4097576.024,4097582.895,"Silva","NEON_D17_TEAK_DP1_322000_4097000_classified_point_cloud_colorized.laz","2018_TEAK_3_322000_4097000_image.tif","Tree",1,322000,322999.999,4097000,4097999.999
"9157",9453,322370.633,322380.665,4097573.542,4097579.864,"Silva","NEON_D17_TEAK_DP1_322000_4097000_classified_point_cloud_colorized.laz","2018_TEAK_3_322000_4097000_image.tif","Tree",1,322000,322999.999,4097000,4097999.999
"9158",9454,322482.113,322488.378,4097574.141,4097581.073,"Silva","NEON_D17_TEAK_DP1_322000_4097000_classified_point_cloud_colorized.laz","2018_TEAK_3_322000_4097000_image.tif","Tree",1,322000,322999.999,4097000,4097999.999
"9159",9455,322536.017,322542.075,4097570.049,4097577.729,"Silva","NEON_D17_TEAK_DP1_322000_4097000_classified_point_cloud_colorized.laz","2018_TEAK_3_322000_4097000_image.tif","Tree",1,322000,322999.999,4097000,4097999.999
"9160",9456,322138.759,322143.995,4097575.218,4097581.978,"Silva","NEON_D17_TEAK_DP1_322000_4097000_classified_point_cloud_colorized.laz","2018_TEAK_3_322000_4097000_image.tif","Tree",1,322000,322999.999,4097000,4097999.999
"9161",9457,322054.736,322062.233,4097575.033,4097582.432,"Silva","NEON_D17_TEAK_DP1_322000_4097000_classified_point_cloud_colorized.laz","2018_TEAK_3_322000_4097000_image.tif","Tree",1,322000,322999.999,4097000,4097999.999
"9162",9458,322313.159,322320.46,4097574.262,4097582.68,"Silva","NEON_D17_TEAK_DP1_322000_4097000_classified_point_cloud_colorized.laz","2018_TEAK_3_322000_4097000_image.tif","Tree",1,322000,322999.999,4097000,4097999.999
"9163",9459,322460.513,322465.801,4097574.058,4097582.231,"Silva","NEON_D17_TEAK_DP1_322000_4097000_classified_point_cloud_colorized.laz","2018_TEAK_3_322000_4097000_image.tif","Tree",1,322000,322999.999,4097000,4097999.999
"9164",9460,322350.546,322358.347,4097575.069,4097582.384,"Silva","NEON_D17_TEAK_DP1_322000_4097000_classified_point_cloud_colorized.laz","2018_TEAK_3_322000_4097000_image.tif","Tree",1,322000,322999.999,4097000,4097999.999
"9165",9461,322340.014,322344.626,4097574.556,4097581.995,"Silva","NEON_D17_TEAK_DP1_322000_4097000_classified_point_cloud_colorized.laz","2018_TEAK_3_322000_4097000_image.tif","Tree",1,322000,322999.999,4097000,4097999.999
"9166",9462,322387.611,322392.951,4097577.049,4097582.246,"Silva","NEON_D17_TEAK_DP1_322000_4097000_classified_point_cloud_colorized.laz","2018_TEAK_3_322000_4097000_image.tif","Tree",1,322000,322999.999,4097000,4097999.999
"9167",9463,322509.893,322519.867,4097573.699,4097582.946,"Silva","NEON_D17_TEAK_DP1_322000_4097000_classified_point_cloud_colorized.laz","2018_TEAK_3_322000_4097000_image.tif","Tree",1,322000,322999.999,4097000,4097999.999
"9168",9464,322489.073,322498.464,4097576.112,4097583.498,"Silva","NEON_D17_TEAK_DP1_322000_4097000_classified_point_cloud_colorized.laz","2018_TEAK_3_322000_4097000_image.tif","Tree",1,322000,322999.999,4097000,4097999.999
"9169",9465,322407.597,322415.25,4097576.105,4097581.958,"Silva","NEON_D17_TEAK_DP1_322000_4097000_classified_point_cloud_colorized.laz","2018_TEAK_3_322000_4097000_image.tif","Tree",1,322000,322999.999,4097000,4097999.999
"9170",9466,322358.509,322368.955,4097574.513,4097585.451,"Silva","NEON_D17_TEAK_DP1_322000_4097000_classified_point_cloud_colorized.laz","2018_TEAK_3_322000_4097000_image.tif","Tree",1,322000,322999.999,4097000,4097999.999
"9171",9467,322155.022,322162.95,4097577.168,4097585,"Silva","NEON_D17_TEAK_DP1_322000_4097000_classified_point_cloud_colorized.laz","2018_TEAK_3_322000_4097000_image.tif","Tree",1,322000,322999.999,4097000,4097999.999
"9172",9468,322048.294,322055.331,4097577.579,4097584.989,"Silva","NEON_D17_TEAK_DP1_322000_4097000_classified_point_cloud_colorized.laz","2018_TEAK_3_322000_4097000_image.tif","Tree",1,322000,322999.999,4097000,4097999.999
"9173",9469,322026.591,322028.974,4097581.619,4097583.991,"Silva","NEON_D17_TEAK_DP1_322000_4097000_classified_point_cloud_colorized.laz","2018_TEAK_3_322000_4097000_image.tif","Tree",1,322000,322999.999,4097000,4097999.999
"9174",9470,322368.508,322378.872,4097575.689,4097585.401,"Silva","NEON_D17_TEAK_DP1_322000_4097000_classified_point_cloud_colorized.laz","2018_TEAK_3_322000_4097000_image.tif","Tree",1,322000,322999.999,4097000,4097999.999
"9175",9471,322630.505,322633.493,4097579.553,4097582.896,"Silva","NEON_D17_TEAK_DP1_322000_4097000_classified_point_cloud_colorized.laz","2018_TEAK_3_322000_4097000_image.tif","Tree",1,322000,322999.999,4097000,4097999.999
"9176",9472,322580.562,322582.412,4097578.24,4097581.464,"Silva","NEON_D17_TEAK_DP1_322000_4097000_classified_point_cloud_colorized.laz","2018_TEAK_3_322000_4097000_image.tif","Tree",1,322000,322999.999,4097000,4097999.999
"9177",9473,322062.137,322069.28,4097579.037,4097585.998,"Silva","NEON_D17_TEAK_DP1_322000_4097000_classified_point_cloud_colorized.laz","2018_TEAK_3_322000_4097000_image.tif","Tree",1,322000,322999.999,4097000,4097999.999
"9178",9474,322098.026,322102.95,4097581.078,4097585.767,"Silva","NEON_D17_TEAK_DP1_322000_4097000_classified_point_cloud_colorized.laz","2018_TEAK_3_322000_4097000_image.tif","Tree",1,322000,322999.999,4097000,4097999.999
"9179",9475,322379.079,322385.898,4097577.695,4097585.809,"Silva","NEON_D17_TEAK_DP1_322000_4097000_classified_point_cloud_colorized.laz","2018_TEAK_3_322000_4097000_image.tif","Tree",1,322000,322999.999,4097000,4097999.999
"9180",9476,322599.658,322608.083,4097576.509,4097582.986,"Silva","NEON_D17_TEAK_DP1_322000_4097000_classified_point_cloud_colorized.laz","2018_TEAK_3_322000_4097000_image.tif","Tree",1,322000,322999.999,4097000,4097999.999
"9181",9477,322227.222,322233.382,4097579.511,4097587.454,"Silva","NEON_D17_TEAK_DP1_322000_4097000_classified_point_cloud_colorized.laz","2018_TEAK_3_322000_4097000_image.tif","Tree",1,322000,322999.999,4097000,4097999.999
"9182",9478,322055.633,322061.981,4097581.01,4097587.915,"Silva","NEON_D17_TEAK_DP1_322000_4097000_classified_point_cloud_colorized.laz","2018_TEAK_3_322000_4097000_image.tif","Tree",1,322000,322999.999,4097000,4097999.999
"9183",9479,322233.583,322238.485,4097582.154,4097586.742,"Silva","NEON_D17_TEAK_DP1_322000_4097000_classified_point_cloud_colorized.laz","2018_TEAK_3_322000_4097000_image.tif","Tree",1,322000,322999.999,4097000,4097999.999
"9184",9480,322608.561,322612.792,4097580.067,4097585.998,"Silva","NEON_D17_TEAK_DP1_322000_4097000_classified_point_cloud_colorized.laz","2018_TEAK_3_322000_4097000_image.tif","Tree",1,322000,322999.999,4097000,4097999.999
"9185",9481,322547.056,322553.292,4097578.094,4097586.478,"Silva","NEON_D17_TEAK_DP1_322000_4097000_classified_point_cloud_colorized.laz","2018_TEAK_3_322000_4097000_image.tif","Tree",1,322000,322999.999,4097000,4097999.999
"9186",9482,322497.778,322507.694,4097580.148,4097589.376,"Silva","NEON_D17_TEAK_DP1_322000_4097000_classified_point_cloud_colorized.laz","2018_TEAK_3_322000_4097000_image.tif","Tree",1,322000,322999.999,4097000,4097999.999
"9187",9483,322031.022,322036.913,4097583.369,4097588.464,"Silva","NEON_D17_TEAK_DP1_322000_4097000_classified_point_cloud_colorized.laz","2018_TEAK_3_322000_4097000_image.tif","Tree",1,322000,322999.999,4097000,4097999.999
"9188",9484,322009.005,322011.621,4097584.928,4097587.639,"Silva","NEON_D17_TEAK_DP1_322000_4097000_classified_point_cloud_colorized.laz","2018_TEAK_3_322000_4097000_image.tif","Tree",1,322000,322999.999,4097000,4097999.999
"9189",9485,322136.793,322139.808,4097584.98,4097587.402,"Silva","NEON_D17_TEAK_DP1_322000_4097000_classified_point_cloud_colorized.laz","2018_TEAK_3_322000_4097000_image.tif","Tree",1,322000,322999.999,4097000,4097999.999
"9190",9486,322356.654,322366.434,4097581.014,4097587.495,"Silva","NEON_D17_TEAK_DP1_322000_4097000_classified_point_cloud_colorized.laz","2018_TEAK_3_322000_4097000_image.tif","Tree",1,322000,322999.999,4097000,4097999.999
"9191",9487,322623.124,322623.373,4097584.123,4097584.211,"Silva","NEON_D17_TEAK_DP1_322000_4097000_classified_point_cloud_colorized.laz","2018_TEAK_3_322000_4097000_image.tif","Tree",1,322000,322999.999,4097000,4097999.999
"9192",9488,322402.501,322410.241,4097581.166,4097588.456,"Silva","NEON_D17_TEAK_DP1_322000_4097000_classified_point_cloud_colorized.laz","2018_TEAK_3_322000_4097000_image.tif","Tree",1,322000,322999.999,4097000,4097999.999
"9193",9489,322558.002,322562.997,4097580.541,4097587.484,"Silva","NEON_D17_TEAK_DP1_322000_4097000_classified_point_cloud_colorized.laz","2018_TEAK_3_322000_4097000_image.tif","Tree",1,322000,322999.999,4097000,4097999.999
"9194",9490,322599.559,322608.726,4097582.675,4097589.489,"Silva","NEON_D17_TEAK_DP1_322000_4097000_classified_point_cloud_colorized.laz","2018_TEAK_3_322000_4097000_image.tif","Tree",1,322000,322999.999,4097000,4097999.999
"9195",9491,322447.183,322454.35,4097584.006,4097590.448,"Silva","NEON_D17_TEAK_DP1_322000_4097000_classified_point_cloud_colorized.laz","2018_TEAK_3_322000_4097000_image.tif","Tree",1,322000,322999.999,4097000,4097999.999
"9196",9492,322277.296,322283.367,4097583.596,4097589.49,"Silva","NEON_D17_TEAK_DP1_322000_4097000_classified_point_cloud_colorized.laz","2018_TEAK_3_322000_4097000_image.tif","Tree",1,322000,322999.999,4097000,4097999.999
"9197",9493,322049.431,322056.947,4097583.754,4097591.465,"Silva","NEON_D17_TEAK_DP1_322000_4097000_classified_point_cloud_colorized.laz","2018_TEAK_3_322000_4097000_image.tif","Tree",1,322000,322999.999,4097000,4097999.999
"9198",9494,322396.768,322402.498,4097584.008,4097588.467,"Silva","NEON_D17_TEAK_DP1_322000_4097000_classified_point_cloud_colorized.laz","2018_TEAK_3_322000_4097000_image.tif","Tree",1,322000,322999.999,4097000,4097999.999
"9199",9495,322437.194,322442.338,4097580.006,4097583.383,"Silva","NEON_D17_TEAK_DP1_322000_4097000_classified_point_cloud_colorized.laz","2018_TEAK_3_322000_4097000_image.tif","Tree",1,322000,322999.999,4097000,4097999.999
"9200",9496,322111.567,322116.098,4097585.6,4097590.353,"Silva","NEON_D17_TEAK_DP1_322000_4097000_classified_point_cloud_colorized.laz","2018_TEAK_3_322000_4097000_image.tif","Tree",1,322000,322999.999,4097000,4097999.999
"9201",9497,322061.927,322069.256,4097585.517,4097592.795,"Silva","NEON_D17_TEAK_DP1_322000_4097000_classified_point_cloud_colorized.laz","2018_TEAK_3_322000_4097000_image.tif","Tree",1,322000,322999.999,4097000,4097999.999
"9202",9498,322073.142,322078.399,4097586.505,4097591.935,"Silva","NEON_D17_TEAK_DP1_322000_4097000_classified_point_cloud_colorized.laz","2018_TEAK_3_322000_4097000_image.tif","Tree",1,322000,322999.999,4097000,4097999.999
"9203",9499,322321.249,322322.327,4097586.539,4097586.832,"Silva","NEON_D17_TEAK_DP1_322000_4097000_classified_point_cloud_colorized.laz","2018_TEAK_3_322000_4097000_image.tif","Tree",1,322000,322999.999,4097000,4097999.999
"9204",9500,322259.155,322265.548,4097583.582,4097590.97,"Silva","NEON_D17_TEAK_DP1_322000_4097000_classified_point_cloud_colorized.laz","2018_TEAK_3_322000_4097000_image.tif","Tree",1,322000,322999.999,4097000,4097999.999
"9205",9501,322402.356,322409.888,4097585.578,4097590.947,"Silva","NEON_D17_TEAK_DP1_322000_4097000_classified_point_cloud_colorized.laz","2018_TEAK_3_322000_4097000_image.tif","Tree",1,322000,322999.999,4097000,4097999.999
"9206",9502,322526.513,322534.47,4097581.63,4097591.677,"Silva","NEON_D17_TEAK_DP1_322000_4097000_classified_point_cloud_colorized.laz","2018_TEAK_3_322000_4097000_image.tif","Tree",1,322000,322999.999,4097000,4097999.999
"9207",9503,322426.001,322433.461,4097583.181,4097591.978,"Silva","NEON_D17_TEAK_DP1_322000_4097000_classified_point_cloud_colorized.laz","2018_TEAK_3_322000_4097000_image.tif","Tree",1,322000,322999.999,4097000,4097999.999
"9208",9504,322411.944,322420.281,4097584.559,4097591.996,"Silva","NEON_D17_TEAK_DP1_322000_4097000_classified_point_cloud_colorized.laz","2018_TEAK_3_322000_4097000_image.tif","Tree",1,322000,322999.999,4097000,4097999.999
"9209",9505,322472.52,322483.431,4097585.527,4097593.888,"Silva","NEON_D17_TEAK_DP1_322000_4097000_classified_point_cloud_colorized.laz","2018_TEAK_3_322000_4097000_image.tif","Tree",1,322000,322999.999,4097000,4097999.999
"9210",9506,322516.651,322526.479,4097582.776,4097593.485,"Silva","NEON_D17_TEAK_DP1_322000_4097000_classified_point_cloud_colorized.laz","2018_TEAK_3_322000_4097000_image.tif","Tree",1,322000,322999.999,4097000,4097999.999
"9211",9507,322534.506,322541.443,4097585.001,4097593.992,"Silva","NEON_D17_TEAK_DP1_322000_4097000_classified_point_cloud_colorized.laz","2018_TEAK_3_322000_4097000_image.tif","Tree",1,322000,322999.999,4097000,4097999.999
"9212",9508,322054.56,322062.996,4097588.061,4097596.461,"Silva","NEON_D17_TEAK_DP1_322000_4097000_classified_point_cloud_colorized.laz","2018_TEAK_3_322000_4097000_image.tif","Tree",1,322000,322999.999,4097000,4097999.999
"9213",9509,322034.6,322036.994,4097590.161,4097593.609,"Silva","NEON_D17_TEAK_DP1_322000_4097000_classified_point_cloud_colorized.laz","2018_TEAK_3_322000_4097000_image.tif","Tree",1,322000,322999.999,4097000,4097999.999
"9214",9510,322007.751,322013.272,4097589.532,4097595.468,"Silva","NEON_D17_TEAK_DP1_322000_4097000_classified_point_cloud_colorized.laz","2018_TEAK_3_322000_4097000_image.tif","Tree",1,322000,322999.999,4097000,4097999.999
"9215",9511,322232.506,322236.989,4097590.006,4097594.492,"Silva","NEON_D17_TEAK_DP1_322000_4097000_classified_point_cloud_colorized.laz","2018_TEAK_3_322000_4097000_image.tif","Tree",1,322000,322999.999,4097000,4097999.999
"9216",9512,322267.775,322276.861,4097586.501,4097594.442,"Silva","NEON_D17_TEAK_DP1_322000_4097000_classified_point_cloud_colorized.laz","2018_TEAK_3_322000_4097000_image.tif","Tree",1,322000,322999.999,4097000,4097999.999
"9217",9513,322594.56,322597.437,4097589.56,4097591.982,"Silva","NEON_D17_TEAK_DP1_322000_4097000_classified_point_cloud_colorized.laz","2018_TEAK_3_322000_4097000_image.tif","Tree",1,322000,322999.999,4097000,4097999.999
"9218",9514,322419.12,322426.465,4097586.523,4097593.918,"Silva","NEON_D17_TEAK_DP1_322000_4097000_classified_point_cloud_colorized.laz","2018_TEAK_3_322000_4097000_image.tif","Tree",1,322000,322999.999,4097000,4097999.999
"9219",9515,322166.178,322172.988,4097588.037,4097598.918,"Silva","NEON_D17_TEAK_DP1_322000_4097000_classified_point_cloud_colorized.laz","2018_TEAK_3_322000_4097000_image.tif","Tree",1,322000,322999.999,4097000,4097999.999
"9220",9516,322123.064,322131.286,4097588.024,4097597.819,"Silva","NEON_D17_TEAK_DP1_322000_4097000_classified_point_cloud_colorized.laz","2018_TEAK_3_322000_4097000_image.tif","Tree",1,322000,322999.999,4097000,4097999.999
"9221",9517,322335.04,322343.92,4097587.864,4097595.987,"Silva","NEON_D17_TEAK_DP1_322000_4097000_classified_point_cloud_colorized.laz","2018_TEAK_3_322000_4097000_image.tif","Tree",1,322000,322999.999,4097000,4097999.999
"9222",9518,322545.82,322545.82,4097594.284,4097594.284,"Silva","NEON_D17_TEAK_DP1_322000_4097000_classified_point_cloud_colorized.laz","2018_TEAK_3_322000_4097000_image.tif","Tree",1,322000,322999.999,4097000,4097999.999
"9223",9519,322386.228,322386.228,4097596.179,4097596.179,"Silva","NEON_D17_TEAK_DP1_322000_4097000_classified_point_cloud_colorized.laz","2018_TEAK_3_322000_4097000_image.tif","Tree",1,322000,322999.999,4097000,4097999.999
"9224",9520,322430.519,322434.332,4097590.442,4097594.612,"Silva","NEON_D17_TEAK_DP1_322000_4097000_classified_point_cloud_colorized.laz","2018_TEAK_3_322000_4097000_image.tif","Tree",1,322000,322999.999,4097000,4097999.999
"9225",9521,322552.606,322556.995,4097590.232,4097594.541,"Silva","NEON_D17_TEAK_DP1_322000_4097000_classified_point_cloud_colorized.laz","2018_TEAK_3_322000_4097000_image.tif","Tree",1,322000,322999.999,4097000,4097999.999
"9226",9522,322344.018,322349.48,4097592.048,4097595.727,"Silva","NEON_D17_TEAK_DP1_322000_4097000_classified_point_cloud_colorized.laz","2018_TEAK_3_322000_4097000_image.tif","Tree",1,322000,322999.999,4097000,4097999.999
"9227",9523,322159.303,322169.953,4097590.16,4097601.5,"Silva","NEON_D17_TEAK_DP1_322000_4097000_classified_point_cloud_colorized.laz","2018_TEAK_3_322000_4097000_image.tif","Tree",1,322000,322999.999,4097000,4097999.999
"9228",9524,322424.009,322430.896,4097590.08,4097598.894,"Silva","NEON_D17_TEAK_DP1_322000_4097000_classified_point_cloud_colorized.laz","2018_TEAK_3_322000_4097000_image.tif","Tree",1,322000,322999.999,4097000,4097999.999
"9229",9525,322403.157,322410.414,4097590.161,4097597.479,"Silva","NEON_D17_TEAK_DP1_322000_4097000_classified_point_cloud_colorized.laz","2018_TEAK_3_322000_4097000_image.tif","Tree",1,322000,322999.999,4097000,4097999.999
"9230",9526,322059.106,322066.467,4097592.522,4097599.429,"Silva","NEON_D17_TEAK_DP1_322000_4097000_classified_point_cloud_colorized.laz","2018_TEAK_3_322000_4097000_image.tif","Tree",1,322000,322999.999,4097000,4097999.999
"9231",9527,322000.017,322004.461,4097594.001,4097600.43,"Silva","NEON_D17_TEAK_DP1_322000_4097000_classified_point_cloud_colorized.laz","2018_TEAK_3_322000_4097000_image.tif","Tree",1,322000,322999.999,4097000,4097999.999
"9232",9528,322187.647,322193.953,4097587.658,4097598.931,"Silva","NEON_D17_TEAK_DP1_322000_4097000_classified_point_cloud_colorized.laz","2018_TEAK_3_322000_4097000_image.tif","Tree",1,322000,322999.999,4097000,4097999.999
"9233",9529,322216.155,322221.835,4097593.558,4097599.654,"Silva","NEON_D17_TEAK_DP1_322000_4097000_classified_point_cloud_colorized.laz","2018_TEAK_3_322000_4097000_image.tif","Tree",1,322000,322999.999,4097000,4097999.999
"9234",9530,322452.509,322461.473,4097588.351,4097597.615,"Silva","NEON_D17_TEAK_DP1_322000_4097000_classified_point_cloud_colorized.laz","2018_TEAK_3_322000_4097000_image.tif","Tree",1,322000,322999.999,4097000,4097999.999
"9235",9531,322483.019,322494.49,4097588.155,4097598.461,"Silva","NEON_D17_TEAK_DP1_322000_4097000_classified_point_cloud_colorized.laz","2018_TEAK_3_322000_4097000_image.tif","Tree",1,322000,322999.999,4097000,4097999.999
"9236",9532,322019.43,322024.81,4097600.654,4097604.67,"Silva","NEON_D17_TEAK_DP1_322000_4097000_classified_point_cloud_colorized.laz","2018_TEAK_3_322000_4097000_image.tif","Tree",1,322000,322999.999,4097000,4097999.999
"9237",9533,322604.205,322606.403,4097591.693,4097594.857,"Silva","NEON_D17_TEAK_DP1_322000_4097000_classified_point_cloud_colorized.laz","2018_TEAK_3_322000_4097000_image.tif","Tree",1,322000,322999.999,4097000,4097999.999
"9238",9535,322409.474,322415.702,4097593.527,4097600.702,"Silva","NEON_D17_TEAK_DP1_322000_4097000_classified_point_cloud_colorized.laz","2018_TEAK_3_322000_4097000_image.tif","Tree",1,322000,322999.999,4097000,4097999.999
"9239",9536,322497.326,322508.282,4097590.503,4097600.951,"Silva","NEON_D17_TEAK_DP1_322000_4097000_classified_point_cloud_colorized.laz","2018_TEAK_3_322000_4097000_image.tif","Tree",1,322000,322999.999,4097000,4097999.999
"9240",9537,322635.061,322636.997,4097595.362,4097597.482,"Silva","NEON_D17_TEAK_DP1_322000_4097000_classified_point_cloud_colorized.laz","2018_TEAK_3_322000_4097000_image.tif","Tree",1,322000,322999.999,4097000,4097999.999
"9241",9538,322441.173,322450.444,4097593.046,4097601.992,"Silva","NEON_D17_TEAK_DP1_322000_4097000_classified_point_cloud_colorized.laz","2018_TEAK_3_322000_4097000_image.tif","Tree",1,322000,322999.999,4097000,4097999.999
"9242",9539,322335.152,322345.221,4097593.841,4097601.194,"Silva","NEON_D17_TEAK_DP1_322000_4097000_classified_point_cloud_colorized.laz","2018_TEAK_3_322000_4097000_image.tif","Tree",1,322000,322999.999,4097000,4097999.999
"9243",9540,322152.699,322163.243,4097593.527,4097603.499,"Silva","NEON_D17_TEAK_DP1_322000_4097000_classified_point_cloud_colorized.laz","2018_TEAK_3_322000_4097000_image.tif","Tree",1,322000,322999.999,4097000,4097999.999
"9244",9541,322025.064,322032.379,4097600.029,4097604.332,"Silva","NEON_D17_TEAK_DP1_322000_4097000_classified_point_cloud_colorized.laz","2018_TEAK_3_322000_4097000_image.tif","Tree",1,322000,322999.999,4097000,4097999.999
"9245",9542,322035.505,322042.904,4097597.056,4097605.5,"Silva","NEON_D17_TEAK_DP1_322000_4097000_classified_point_cloud_colorized.laz","2018_TEAK_3_322000_4097000_image.tif","Tree",1,322000,322999.999,4097000,4097999.999
"9246",9543,322557.082,322561.254,4097594.196,4097600.956,"Silva","NEON_D17_TEAK_DP1_322000_4097000_classified_point_cloud_colorized.laz","2018_TEAK_3_322000_4097000_image.tif","Tree",1,322000,322999.999,4097000,4097999.999
"9247",9544,322476.014,322484.408,4097592.576,4097603.481,"Silva","NEON_D17_TEAK_DP1_322000_4097000_classified_point_cloud_colorized.laz","2018_TEAK_3_322000_4097000_image.tif","Tree",1,322000,322999.999,4097000,4097999.999
"9248",9545,322542.762,322547.462,4097596.056,4097601.347,"Silva","NEON_D17_TEAK_DP1_322000_4097000_classified_point_cloud_colorized.laz","2018_TEAK_3_322000_4097000_image.tif","Tree",1,322000,322999.999,4097000,4097999.999
"9249",9546,322461.013,322468.944,4097595.032,4097602.337,"Silva","NEON_D17_TEAK_DP1_322000_4097000_classified_point_cloud_colorized.laz","2018_TEAK_3_322000_4097000_image.tif","Tree",1,322000,322999.999,4097000,4097999.999
"9250",9547,322152.464,322155.941,4097598.845,4097603.624,"Silva","NEON_D17_TEAK_DP1_322000_4097000_classified_point_cloud_colorized.laz","2018_TEAK_3_322000_4097000_image.tif","Tree",1,322000,322999.999,4097000,4097999.999
"9251",9548,322236.028,322241.737,4097600.8,4097606.794,"Silva","NEON_D17_TEAK_DP1_322000_4097000_classified_point_cloud_colorized.laz","2018_TEAK_3_322000_4097000_image.tif","Tree",1,322000,322999.999,4097000,4097999.999
"9252",9549,322400.08,322408.959,4097597.001,4097605.385,"Silva","NEON_D17_TEAK_DP1_322000_4097000_classified_point_cloud_colorized.laz","2018_TEAK_3_322000_4097000_image.tif","Tree",1,322000,322999.999,4097000,4097999.999
"9253",9550,322487.619,322496.424,4097595.309,4097605.47,"Silva","NEON_D17_TEAK_DP1_322000_4097000_classified_point_cloud_colorized.laz","2018_TEAK_3_322000_4097000_image.tif","Tree",1,322000,322999.999,4097000,4097999.999
"9254",9551,322525.011,322533.491,4097595.598,4097603.789,"Silva","NEON_D17_TEAK_DP1_322000_4097000_classified_point_cloud_colorized.laz","2018_TEAK_3_322000_4097000_image.tif","Tree",1,322000,322999.999,4097000,4097999.999
"9255",9553,322455.148,322462.36,4097599.552,4097604.458,"Silva","NEON_D17_TEAK_DP1_322000_4097000_classified_point_cloud_colorized.laz","2018_TEAK_3_322000_4097000_image.tif","Tree",1,322000,322999.999,4097000,4097999.999
"9256",9554,322041.126,322046.443,4097603.654,4097609.109,"Silva","NEON_D17_TEAK_DP1_322000_4097000_classified_point_cloud_colorized.laz","2018_TEAK_3_322000_4097000_image.tif","Tree",1,322000,322999.999,4097000,4097999.999
"9257",9555,322391.566,322398.946,4097598.014,4097607.406,"Silva","NEON_D17_TEAK_DP1_322000_4097000_classified_point_cloud_colorized.laz","2018_TEAK_3_322000_4097000_image.tif","Tree",1,322000,322999.999,4097000,4097999.999
"9258",9556,322463.051,322471.43,4097597.171,4097604.45,"Silva","NEON_D17_TEAK_DP1_322000_4097000_classified_point_cloud_colorized.laz","2018_TEAK_3_322000_4097000_image.tif","Tree",1,322000,322999.999,4097000,4097999.999
"9259",9557,322275.105,322282.904,4097599.191,4097607.331,"Silva","NEON_D17_TEAK_DP1_322000_4097000_classified_point_cloud_colorized.laz","2018_TEAK_3_322000_4097000_image.tif","Tree",1,322000,322999.999,4097000,4097999.999
"9260",9558,322050.112,322056.637,4097602.581,4097609.966,"Silva","NEON_D17_TEAK_DP1_322000_4097000_classified_point_cloud_colorized.laz","2018_TEAK_3_322000_4097000_image.tif","Tree",1,322000,322999.999,4097000,4097999.999
"9261",9559,322424.501,322432.873,4097598.048,4097608.892,"Silva","NEON_D17_TEAK_DP1_322000_4097000_classified_point_cloud_colorized.laz","2018_TEAK_3_322000_4097000_image.tif","Tree",1,322000,322999.999,4097000,4097999.999
"9262",9560,322491.504,322500.873,4097596.279,4097610.474,"Silva","NEON_D17_TEAK_DP1_322000_4097000_classified_point_cloud_colorized.laz","2018_TEAK_3_322000_4097000_image.tif","Tree",1,322000,322999.999,4097000,4097999.999
"9263",9561,322594.531,322595.94,4097601.515,4097602.607,"Silva","NEON_D17_TEAK_DP1_322000_4097000_classified_point_cloud_colorized.laz","2018_TEAK_3_322000_4097000_image.tif","Tree",1,322000,322999.999,4097000,4097999.999
"9264",9562,322222.001,322228.561,4097604.048,4097608.804,"Silva","NEON_D17_TEAK_DP1_322000_4097000_classified_point_cloud_colorized.laz","2018_TEAK_3_322000_4097000_image.tif","Tree",1,322000,322999.999,4097000,4097999.999
"9265",9563,322447.148,322456.496,4097599.624,4097606.993,"Silva","NEON_D17_TEAK_DP1_322000_4097000_classified_point_cloud_colorized.laz","2018_TEAK_3_322000_4097000_image.tif","Tree",1,322000,322999.999,4097000,4097999.999
"9266",9564,322501.018,322509.871,4097599.066,4097607.497,"Silva","NEON_D17_TEAK_DP1_322000_4097000_classified_point_cloud_colorized.laz","2018_TEAK_3_322000_4097000_image.tif","Tree",1,322000,322999.999,4097000,4097999.999
"9267",9565,322019.517,322028.871,4097601.584,4097612.426,"Silva","NEON_D17_TEAK_DP1_322000_4097000_classified_point_cloud_colorized.laz","2018_TEAK_3_322000_4097000_image.tif","Tree",1,322000,322999.999,4097000,4097999.999
"9268",9566,322159.121,322165.983,4097601.558,4097613.429,"Silva","NEON_D17_TEAK_DP1_322000_4097000_classified_point_cloud_colorized.laz","2018_TEAK_3_322000_4097000_image.tif","Tree",1,322000,322999.999,4097000,4097999.999
"9269",9567,322201.045,322209.478,4097603.053,4097611.98,"Silva","NEON_D17_TEAK_DP1_322000_4097000_classified_point_cloud_colorized.laz","2018_TEAK_3_322000_4097000_image.tif","Tree",1,322000,322999.999,4097000,4097999.999
"9270",9569,322379.147,322385.458,4097603.046,4097611.307,"Silva","NEON_D17_TEAK_DP1_322000_4097000_classified_point_cloud_colorized.laz","2018_TEAK_3_322000_4097000_image.tif","Tree",1,322000,322999.999,4097000,4097999.999
"9271",9570,322087.203,322091.923,4097609.111,4097614.485,"Silva","NEON_D17_TEAK_DP1_322000_4097000_classified_point_cloud_colorized.laz","2018_TEAK_3_322000_4097000_image.tif","Tree",1,322000,322999.999,4097000,4097999.999
"9272",9571,322538.379,322543.591,4097603.683,4097609.475,"Silva","NEON_D17_TEAK_DP1_322000_4097000_classified_point_cloud_colorized.laz","2018_TEAK_3_322000_4097000_image.tif","Tree",1,322000,322999.999,4097000,4097999.999
"9273",9572,322519.554,322527.313,4097601.618,4097609.696,"Silva","NEON_D17_TEAK_DP1_322000_4097000_classified_point_cloud_colorized.laz","2018_TEAK_3_322000_4097000_image.tif","Tree",1,322000,322999.999,4097000,4097999.999
"9274",9573,322298.584,322309.018,4097604.515,4097614.316,"Silva","NEON_D17_TEAK_DP1_322000_4097000_classified_point_cloud_colorized.laz","2018_TEAK_3_322000_4097000_image.tif","Tree",1,322000,322999.999,4097000,4097999.999
"9275",9574,322152.068,322159.478,4097607.552,4097614.442,"Silva","NEON_D17_TEAK_DP1_322000_4097000_classified_point_cloud_colorized.laz","2018_TEAK_3_322000_4097000_image.tif","Tree",1,322000,322999.999,4097000,4097999.999
"9276",9575,322050.589,322054.709,4097610.024,4097614.909,"Silva","NEON_D17_TEAK_DP1_322000_4097000_classified_point_cloud_colorized.laz","2018_TEAK_3_322000_4097000_image.tif","Tree",1,322000,322999.999,4097000,4097999.999
"9277",9577,322474.005,322480.154,4097603.896,4097609.771,"Silva","NEON_D17_TEAK_DP1_322000_4097000_classified_point_cloud_colorized.laz","2018_TEAK_3_322000_4097000_image.tif","Tree",1,322000,322999.999,4097000,4097999.999
"9278",9578,322382.748,322389.421,4097606.571,4097613.278,"Silva","NEON_D17_TEAK_DP1_322000_4097000_classified_point_cloud_colorized.laz","2018_TEAK_3_322000_4097000_image.tif","Tree",1,322000,322999.999,4097000,4097999.999
"9279",9579,322045.674,322049.41,4097613.304,4097615.182,"Silva","NEON_D17_TEAK_DP1_322000_4097000_classified_point_cloud_colorized.laz","2018_TEAK_3_322000_4097000_image.tif","Tree",1,322000,322999.999,4097000,4097999.999
"9280",9580,322075.558,322076.477,4097613.731,4097614.503,"Silva","NEON_D17_TEAK_DP1_322000_4097000_classified_point_cloud_colorized.laz","2018_TEAK_3_322000_4097000_image.tif","Tree",1,322000,322999.999,4097000,4097999.999
"9281",9581,322309.075,322316.97,4097606.719,4097615.421,"Silva","NEON_D17_TEAK_DP1_322000_4097000_classified_point_cloud_colorized.laz","2018_TEAK_3_322000_4097000_image.tif","Tree",1,322000,322999.999,4097000,4097999.999
"9282",9582,322586.372,322586.372,4097607.822,4097607.822,"Silva","NEON_D17_TEAK_DP1_322000_4097000_classified_point_cloud_colorized.laz","2018_TEAK_3_322000_4097000_image.tif","Tree",1,322000,322999.999,4097000,4097999.999
"9283",9583,322121.701,322132.759,4097605.978,4097617.164,"Silva","NEON_D17_TEAK_DP1_322000_4097000_classified_point_cloud_colorized.laz","2018_TEAK_3_322000_4097000_image.tif","Tree",1,322000,322999.999,4097000,4097999.999
"9284",9584,322021.555,322031.251,4097611.005,4097620.492,"Silva","NEON_D17_TEAK_DP1_322000_4097000_classified_point_cloud_colorized.laz","2018_TEAK_3_322000_4097000_image.tif","Tree",1,322000,322999.999,4097000,4097999.999
"9285",9587,322051.527,322056.403,4097613.652,4097620.891,"Silva","NEON_D17_TEAK_DP1_322000_4097000_classified_point_cloud_colorized.laz","2018_TEAK_3_322000_4097000_image.tif","Tree",1,322000,322999.999,4097000,4097999.999
"9286",9588,322078.295,322078.56,4097616.59,4097616.776,"Silva","NEON_D17_TEAK_DP1_322000_4097000_classified_point_cloud_colorized.laz","2018_TEAK_3_322000_4097000_image.tif","Tree",1,322000,322999.999,4097000,4097999.999
"9287",9589,322416.032,322425.888,4097605.033,4097616.212,"Silva","NEON_D17_TEAK_DP1_322000_4097000_classified_point_cloud_colorized.laz","2018_TEAK_3_322000_4097000_image.tif","Tree",1,322000,322999.999,4097000,4097999.999
"9288",9590,322604.568,322607.37,4097607.509,4097611.472,"Silva","NEON_D17_TEAK_DP1_322000_4097000_classified_point_cloud_colorized.laz","2018_TEAK_3_322000_4097000_image.tif","Tree",1,322000,322999.999,4097000,4097999.999
"9289",9591,322530.162,322535.998,4097607.147,4097613.83,"Silva","NEON_D17_TEAK_DP1_322000_4097000_classified_point_cloud_colorized.laz","2018_TEAK_3_322000_4097000_image.tif","Tree",1,322000,322999.999,4097000,4097999.999
"9290",9592,322372.577,322379.496,4097609.122,4097617.792,"Silva","NEON_D17_TEAK_DP1_322000_4097000_classified_point_cloud_colorized.laz","2018_TEAK_3_322000_4097000_image.tif","Tree",1,322000,322999.999,4097000,4097999.999
"9291",9593,322041.048,322045.994,4097614.781,4097620.497,"Silva","NEON_D17_TEAK_DP1_322000_4097000_classified_point_cloud_colorized.laz","2018_TEAK_3_322000_4097000_image.tif","Tree",1,322000,322999.999,4097000,4097999.999
"9292",9594,322069.196,322070.753,4097617.105,4097618.401,"Silva","NEON_D17_TEAK_DP1_322000_4097000_classified_point_cloud_colorized.laz","2018_TEAK_3_322000_4097000_image.tif","Tree",1,322000,322999.999,4097000,4097999.999
"9293",9595,322626.508,322627.174,4097610.165,4097610.412,"Silva","NEON_D17_TEAK_DP1_322000_4097000_classified_point_cloud_colorized.laz","2018_TEAK_3_322000_4097000_image.tif","Tree",1,322000,322999.999,4097000,4097999.999
"9294",9596,322534.023,322539.882,4097607.418,4097615.652,"Silva","NEON_D17_TEAK_DP1_322000_4097000_classified_point_cloud_colorized.laz","2018_TEAK_3_322000_4097000_image.tif","Tree",1,322000,322999.999,4097000,4097999.999
"9295",9597,322424.668,322436.86,4097608.018,4097617.497,"Silva","NEON_D17_TEAK_DP1_322000_4097000_classified_point_cloud_colorized.laz","2018_TEAK_3_322000_4097000_image.tif","Tree",1,322000,322999.999,4097000,4097999.999
"9296",9598,322467.034,322473.489,4097609.638,4097616.467,"Silva","NEON_D17_TEAK_DP1_322000_4097000_classified_point_cloud_colorized.laz","2018_TEAK_3_322000_4097000_image.tif","Tree",1,322000,322999.999,4097000,4097999.999
"9297",9599,322496.51,322504.965,4097610.562,4097619.739,"Silva","NEON_D17_TEAK_DP1_322000_4097000_classified_point_cloud_colorized.laz","2018_TEAK_3_322000_4097000_image.tif","Tree",1,322000,322999.999,4097000,4097999.999
"9298",9600,322461.581,322467.46,4097611.55,4097617.239,"Silva","NEON_D17_TEAK_DP1_322000_4097000_classified_point_cloud_colorized.laz","2018_TEAK_3_322000_4097000_image.tif","Tree",1,322000,322999.999,4097000,4097999.999
"9299",9601,322353.619,322359.753,4097613.001,4097619.651,"Silva","NEON_D17_TEAK_DP1_322000_4097000_classified_point_cloud_colorized.laz","2018_TEAK_3_322000_4097000_image.tif","Tree",1,322000,322999.999,4097000,4097999.999
"9300",9602,322089.641,322093.962,4097618.239,4097622.481,"Silva","NEON_D17_TEAK_DP1_322000_4097000_classified_point_cloud_colorized.laz","2018_TEAK_3_322000_4097000_image.tif","Tree",1,322000,322999.999,4097000,4097999.999
"9301",9603,322158.604,322164.126,4097617.175,4097623.4,"Silva","NEON_D17_TEAK_DP1_322000_4097000_classified_point_cloud_colorized.laz","2018_TEAK_3_322000_4097000_image.tif","Tree",1,322000,322999.999,4097000,4097999.999
"9302",9604,322597.201,322597.487,4097613.65,4097614.195,"Silva","NEON_D17_TEAK_DP1_322000_4097000_classified_point_cloud_colorized.laz","2018_TEAK_3_322000_4097000_image.tif","Tree",1,322000,322999.999,4097000,4097999.999
"9303",9605,322383.593,322389.99,4097614.034,4097620.489,"Silva","NEON_D17_TEAK_DP1_322000_4097000_classified_point_cloud_colorized.laz","2018_TEAK_3_322000_4097000_image.tif","Tree",1,322000,322999.999,4097000,4097999.999
"9304",9606,322365.597,322372.588,4097614.247,4097620.966,"Silva","NEON_D17_TEAK_DP1_322000_4097000_classified_point_cloud_colorized.laz","2018_TEAK_3_322000_4097000_image.tif","Tree",1,322000,322999.999,4097000,4097999.999
"9305",9607,322028.273,322028.273,4097620.376,4097620.376,"Silva","NEON_D17_TEAK_DP1_322000_4097000_classified_point_cloud_colorized.laz","2018_TEAK_3_322000_4097000_image.tif","Tree",1,322000,322999.999,4097000,4097999.999
"9306",9608,322218.523,322224.306,4097616.514,4097622.837,"Silva","NEON_D17_TEAK_DP1_322000_4097000_classified_point_cloud_colorized.laz","2018_TEAK_3_322000_4097000_image.tif","Tree",1,322000,322999.999,4097000,4097999.999
"9307",9609,322400.865,322407.437,4097613.551,4097621.49,"Silva","NEON_D17_TEAK_DP1_322000_4097000_classified_point_cloud_colorized.laz","2018_TEAK_3_322000_4097000_image.tif","Tree",1,322000,322999.999,4097000,4097999.999
"9308",9610,322293.507,322301.456,4097616.306,4097622.979,"Silva","NEON_D17_TEAK_DP1_322000_4097000_classified_point_cloud_colorized.laz","2018_TEAK_3_322000_4097000_image.tif","Tree",1,322000,322999.999,4097000,4097999.999
"9309",9611,322349.526,322355.487,4097617.691,4097624.5,"Silva","NEON_D17_TEAK_DP1_322000_4097000_classified_point_cloud_colorized.laz","2018_TEAK_3_322000_4097000_image.tif","Tree",1,322000,322999.999,4097000,4097999.999
"9310",9612,322509.249,322518.986,4097617.003,4097622.898,"Silva","NEON_D17_TEAK_DP1_322000_4097000_classified_point_cloud_colorized.laz","2018_TEAK_3_322000_4097000_image.tif","Tree",1,322000,322999.999,4097000,4097999.999
"9311",9613,322491,322496.983,4097611.01,4097622.235,"Silva","NEON_D17_TEAK_DP1_322000_4097000_classified_point_cloud_colorized.laz","2018_TEAK_3_322000_4097000_image.tif","Tree",1,322000,322999.999,4097000,4097999.999
"9312",9614,322316.039,322323.487,4097617.795,4097625.996,"Silva","NEON_D17_TEAK_DP1_322000_4097000_classified_point_cloud_colorized.laz","2018_TEAK_3_322000_4097000_image.tif","Tree",1,322000,322999.999,4097000,4097999.999
"9313",9615,322234.6,322244.424,4097615.632,4097624.296,"Silva","NEON_D17_TEAK_DP1_322000_4097000_classified_point_cloud_colorized.laz","2018_TEAK_3_322000_4097000_image.tif","Tree",1,322000,322999.999,4097000,4097999.999
"9314",9616,322323.508,322332.362,4097617.892,4097624.194,"Silva","NEON_D17_TEAK_DP1_322000_4097000_classified_point_cloud_colorized.laz","2018_TEAK_3_322000_4097000_image.tif","Tree",1,322000,322999.999,4097000,4097999.999
"9315",9617,322147.088,322151.37,4097625.25,4097630.29,"Silva","NEON_D17_TEAK_DP1_322000_4097000_classified_point_cloud_colorized.laz","2018_TEAK_3_322000_4097000_image.tif","Tree",1,322000,322999.999,4097000,4097999.999
"9316",9618,322565.121,322570.495,4097614.008,4097623.995,"Silva","NEON_D17_TEAK_DP1_322000_4097000_classified_point_cloud_colorized.laz","2018_TEAK_3_322000_4097000_image.tif","Tree",1,322000,322999.999,4097000,4097999.999
"9317",9619,322612.003,322616.449,4097615.072,4097620.286,"Silva","NEON_D17_TEAK_DP1_322000_4097000_classified_point_cloud_colorized.laz","2018_TEAK_3_322000_4097000_image.tif","Tree",1,322000,322999.999,4097000,4097999.999
"9318",9620,322570.502,322575.454,4097614.066,4097623.989,"Silva","NEON_D17_TEAK_DP1_322000_4097000_classified_point_cloud_colorized.laz","2018_TEAK_3_322000_4097000_image.tif","Tree",1,322000,322999.999,4097000,4097999.999
"9319",9621,322449.539,322457.953,4097619.103,4097625.378,"Silva","NEON_D17_TEAK_DP1_322000_4097000_classified_point_cloud_colorized.laz","2018_TEAK_3_322000_4097000_image.tif","Tree",1,322000,322999.999,4097000,4097999.999
"9320",9622,322241.512,322245.411,4097620.022,4097626.485,"Silva","NEON_D17_TEAK_DP1_322000_4097000_classified_point_cloud_colorized.laz","2018_TEAK_3_322000_4097000_image.tif","Tree",1,322000,322999.999,4097000,4097999.999
"9321",9623,322176.537,322188.481,4097620.671,4097632.404,"Silva","NEON_D17_TEAK_DP1_322000_4097000_classified_point_cloud_colorized.laz","2018_TEAK_3_322000_4097000_image.tif","Tree",1,322000,322999.999,4097000,4097999.999
"9322",9624,322132.612,322142.493,4097619.646,4097628.807,"Silva","NEON_D17_TEAK_DP1_322000_4097000_classified_point_cloud_colorized.laz","2018_TEAK_3_322000_4097000_image.tif","Tree",1,322000,322999.999,4097000,4097999.999
"9323",9625,322483.03,322491.238,4097618.564,4097623.42,"Silva","NEON_D17_TEAK_DP1_322000_4097000_classified_point_cloud_colorized.laz","2018_TEAK_3_322000_4097000_image.tif","Tree",1,322000,322999.999,4097000,4097999.999
"9324",9626,322326.03,322331.956,4097621.567,4097626.985,"Silva","NEON_D17_TEAK_DP1_322000_4097000_classified_point_cloud_colorized.laz","2018_TEAK_3_322000_4097000_image.tif","Tree",1,322000,322999.999,4097000,4097999.999
"9325",9627,322027.23,322028.655,4097629.776,4097630.686,"Silva","NEON_D17_TEAK_DP1_322000_4097000_classified_point_cloud_colorized.laz","2018_TEAK_3_322000_4097000_image.tif","Tree",1,322000,322999.999,4097000,4097999.999
"9326",9628,322493.007,322502.369,4097613.584,4097624.481,"Silva","NEON_D17_TEAK_DP1_322000_4097000_classified_point_cloud_colorized.laz","2018_TEAK_3_322000_4097000_image.tif","Tree",1,322000,322999.999,4097000,4097999.999
"9327",9629,322331.538,322336.965,4097619.504,4097628.391,"Silva","NEON_D17_TEAK_DP1_322000_4097000_classified_point_cloud_colorized.laz","2018_TEAK_3_322000_4097000_image.tif","Tree",1,322000,322999.999,4097000,4097999.999
"9328",9630,322099.696,322105.252,4097627.339,4097633.425,"Silva","NEON_D17_TEAK_DP1_322000_4097000_classified_point_cloud_colorized.laz","2018_TEAK_3_322000_4097000_image.tif","Tree",1,322000,322999.999,4097000,4097999.999
"9329",9631,322021.004,322023.464,4097631.512,4097633.653,"Silva","NEON_D17_TEAK_DP1_322000_4097000_classified_point_cloud_colorized.laz","2018_TEAK_3_322000_4097000_image.tif","Tree",1,322000,322999.999,4097000,4097999.999
"9330",9632,322237.019,322242.948,4097624.02,4097630.422,"Silva","NEON_D17_TEAK_DP1_322000_4097000_classified_point_cloud_colorized.laz","2018_TEAK_3_322000_4097000_image.tif","Tree",1,322000,322999.999,4097000,4097999.999
"9331",9633,322221.063,322230.448,4097625.933,4097633.84,"Silva","NEON_D17_TEAK_DP1_322000_4097000_classified_point_cloud_colorized.laz","2018_TEAK_3_322000_4097000_image.tif","Tree",1,322000,322999.999,4097000,4097999.999
"9332",9634,322136.041,322142.47,4097626.632,4097635.806,"Silva","NEON_D17_TEAK_DP1_322000_4097000_classified_point_cloud_colorized.laz","2018_TEAK_3_322000_4097000_image.tif","Tree",1,322000,322999.999,4097000,4097999.999
"9333",9636,322410.067,322416.921,4097620.038,4097631.363,"Silva","NEON_D17_TEAK_DP1_322000_4097000_classified_point_cloud_colorized.laz","2018_TEAK_3_322000_4097000_image.tif","Tree",1,322000,322999.999,4097000,4097999.999
"9334",9637,322478.646,322484.963,4097621.73,4097626.87,"Silva","NEON_D17_TEAK_DP1_322000_4097000_classified_point_cloud_colorized.laz","2018_TEAK_3_322000_4097000_image.tif","Tree",1,322000,322999.999,4097000,4097999.999
"9335",9638,322485.064,322492.783,4097623.004,4097626.755,"Silva","NEON_D17_TEAK_DP1_322000_4097000_classified_point_cloud_colorized.laz","2018_TEAK_3_322000_4097000_image.tif","Tree",1,322000,322999.999,4097000,4097999.999
"9336",9639,322404.519,322407.825,4097625.086,4097627.903,"Silva","NEON_D17_TEAK_DP1_322000_4097000_classified_point_cloud_colorized.laz","2018_TEAK_3_322000_4097000_image.tif","Tree",1,322000,322999.999,4097000,4097999.999
"9337",9640,322036.363,322037.497,4097634.05,4097634.986,"Silva","NEON_D17_TEAK_DP1_322000_4097000_classified_point_cloud_colorized.laz","2018_TEAK_3_322000_4097000_image.tif","Tree",1,322000,322999.999,4097000,4097999.999
"9338",9641,322538.192,322547.362,4097617.049,4097629.367,"Silva","NEON_D17_TEAK_DP1_322000_4097000_classified_point_cloud_colorized.laz","2018_TEAK_3_322000_4097000_image.tif","Tree",1,322000,322999.999,4097000,4097999.999
"9339",9642,322155.243,322167.459,4097626.134,4097636.964,"Silva","NEON_D17_TEAK_DP1_322000_4097000_classified_point_cloud_colorized.laz","2018_TEAK_3_322000_4097000_image.tif","Tree",1,322000,322999.999,4097000,4097999.999
"9340",9643,322063.517,322069.895,4097628.273,4097636.914,"Silva","NEON_D17_TEAK_DP1_322000_4097000_classified_point_cloud_colorized.laz","2018_TEAK_3_322000_4097000_image.tif","Tree",1,322000,322999.999,4097000,4097999.999
"9341",9644,322420.108,322427.277,4097622.078,4097629.737,"Silva","NEON_D17_TEAK_DP1_322000_4097000_classified_point_cloud_colorized.laz","2018_TEAK_3_322000_4097000_image.tif","Tree",1,322000,322999.999,4097000,4097999.999
"9342",9645,322598.51,322600.937,4097622.532,4097625.372,"Silva","NEON_D17_TEAK_DP1_322000_4097000_classified_point_cloud_colorized.laz","2018_TEAK_3_322000_4097000_image.tif","Tree",1,322000,322999.999,4097000,4097999.999
"9343",9646,322587.521,322588.941,4097623.653,4097625.492,"Silva","NEON_D17_TEAK_DP1_322000_4097000_classified_point_cloud_colorized.laz","2018_TEAK_3_322000_4097000_image.tif","Tree",1,322000,322999.999,4097000,4097999.999
"9344",9647,322313.613,322317.976,4097627.546,4097632.96,"Silva","NEON_D17_TEAK_DP1_322000_4097000_classified_point_cloud_colorized.laz","2018_TEAK_3_322000_4097000_image.tif","Tree",1,322000,322999.999,4097000,4097999.999
"9345",9648,322016.159,322017.369,4097635.285,4097637.375,"Silva","NEON_D17_TEAK_DP1_322000_4097000_classified_point_cloud_colorized.laz","2018_TEAK_3_322000_4097000_image.tif","Tree",1,322000,322999.999,4097000,4097999.999
"9346",9649,322414.062,322420.944,4097624.617,4097631.905,"Silva","NEON_D17_TEAK_DP1_322000_4097000_classified_point_cloud_colorized.laz","2018_TEAK_3_322000_4097000_image.tif","Tree",1,322000,322999.999,4097000,4097999.999
"9347",9650,322318.529,322320.82,4097627.172,4097634.891,"Silva","NEON_D17_TEAK_DP1_322000_4097000_classified_point_cloud_colorized.laz","2018_TEAK_3_322000_4097000_image.tif","Tree",1,322000,322999.999,4097000,4097999.999
"9348",9651,322366.038,322373.349,4097626.006,4097633.435,"Silva","NEON_D17_TEAK_DP1_322000_4097000_classified_point_cloud_colorized.laz","2018_TEAK_3_322000_4097000_image.tif","Tree",1,322000,322999.999,4097000,4097999.999
"9349",9652,322484.867,322489.397,4097625.714,4097629.193,"Silva","NEON_D17_TEAK_DP1_322000_4097000_classified_point_cloud_colorized.laz","2018_TEAK_3_322000_4097000_image.tif","Tree",1,322000,322999.999,4097000,4097999.999
"9350",9653,322236.741,322246.939,4097629.567,4097634.477,"Silva","NEON_D17_TEAK_DP1_322000_4097000_classified_point_cloud_colorized.laz","2018_TEAK_3_322000_4097000_image.tif","Tree",1,322000,322999.999,4097000,4097999.999
"9351",9654,322149.584,322157.992,4097629.546,4097639.484,"Silva","NEON_D17_TEAK_DP1_322000_4097000_classified_point_cloud_colorized.laz","2018_TEAK_3_322000_4097000_image.tif","Tree",1,322000,322999.999,4097000,4097999.999
"9352",9655,322434.501,322442.841,4097622.515,4097633.959,"Silva","NEON_D17_TEAK_DP1_322000_4097000_classified_point_cloud_colorized.laz","2018_TEAK_3_322000_4097000_image.tif","Tree",1,322000,322999.999,4097000,4097999.999
"9353",9656,322455.616,322465.452,4097622.16,4097631.475,"Silva","NEON_D17_TEAK_DP1_322000_4097000_classified_point_cloud_colorized.laz","2018_TEAK_3_322000_4097000_image.tif","Tree",1,322000,322999.999,4097000,4097999.999
"9354",9657,322505.536,322509.981,4097622.014,4097630.456,"Silva","NEON_D17_TEAK_DP1_322000_4097000_classified_point_cloud_colorized.laz","2018_TEAK_3_322000_4097000_image.tif","Tree",1,322000,322999.999,4097000,4097999.999
"9355",9658,322475.547,322479.999,4097622.578,4097632.493,"Silva","NEON_D17_TEAK_DP1_322000_4097000_classified_point_cloud_colorized.laz","2018_TEAK_3_322000_4097000_image.tif","Tree",1,322000,322999.999,4097000,4097999.999
"9356",9660,322524.71,322534.443,4097623.075,4097633.477,"Silva","NEON_D17_TEAK_DP1_322000_4097000_classified_point_cloud_colorized.laz","2018_TEAK_3_322000_4097000_image.tif","Tree",1,322000,322999.999,4097000,4097999.999
"9357",9661,322045.315,322047.37,4097636.238,4097640.805,"Silva","NEON_D17_TEAK_DP1_322000_4097000_classified_point_cloud_colorized.laz","2018_TEAK_3_322000_4097000_image.tif","Tree",1,322000,322999.999,4097000,4097999.999
"9358",9662,322102.551,322112.784,4097632.086,4097642.983,"Silva","NEON_D17_TEAK_DP1_322000_4097000_classified_point_cloud_colorized.laz","2018_TEAK_3_322000_4097000_image.tif","Tree",1,322000,322999.999,4097000,4097999.999
"9359",9663,322343.108,322349.489,4097627.511,4097636.409,"Silva","NEON_D17_TEAK_DP1_322000_4097000_classified_point_cloud_colorized.laz","2018_TEAK_3_322000_4097000_image.tif","Tree",1,322000,322999.999,4097000,4097999.999
"9360",9664,322007.935,322014.984,4097642.196,4097645.473,"Silva","NEON_D17_TEAK_DP1_322000_4097000_classified_point_cloud_colorized.laz","2018_TEAK_3_322000_4097000_image.tif","Tree",1,322000,322999.999,4097000,4097999.999
"9361",9665,322212.653,322225.159,4097627.175,4097640.997,"Silva","NEON_D17_TEAK_DP1_322000_4097000_classified_point_cloud_colorized.laz","2018_TEAK_3_322000_4097000_image.tif","Tree",1,322000,322999.999,4097000,4097999.999
"9362",9666,322015.007,322015.871,4097644.703,4097645.936,"Silva","NEON_D17_TEAK_DP1_322000_4097000_classified_point_cloud_colorized.laz","2018_TEAK_3_322000_4097000_image.tif","Tree",1,322000,322999.999,4097000,4097999.999
"9363",9667,322100.312,322100.917,4097637.23,4097637.987,"Silva","NEON_D17_TEAK_DP1_322000_4097000_classified_point_cloud_colorized.laz","2018_TEAK_3_322000_4097000_image.tif","Tree",1,322000,322999.999,4097000,4097999.999
"9364",9668,322601.005,322604.994,4097626.517,4097631,"Silva","NEON_D17_TEAK_DP1_322000_4097000_classified_point_cloud_colorized.laz","2018_TEAK_3_322000_4097000_image.tif","Tree",1,322000,322999.999,4097000,4097999.999
"9365",9669,322499.02,322505.266,4097628.508,4097635.411,"Silva","NEON_D17_TEAK_DP1_322000_4097000_classified_point_cloud_colorized.laz","2018_TEAK_3_322000_4097000_image.tif","Tree",1,322000,322999.999,4097000,4097999.999
"9366",9670,322488.556,322494.231,4097627.287,4097633.97,"Silva","NEON_D17_TEAK_DP1_322000_4097000_classified_point_cloud_colorized.laz","2018_TEAK_3_322000_4097000_image.tif","Tree",1,322000,322999.999,4097000,4097999.999
"9367",9672,322084.557,322092.447,4097633.609,4097645.424,"Silva","NEON_D17_TEAK_DP1_322000_4097000_classified_point_cloud_colorized.laz","2018_TEAK_3_322000_4097000_image.tif","Tree",1,322000,322999.999,4097000,4097999.999
"9368",9673,322131.682,322141.496,4097634.509,4097640.992,"Silva","NEON_D17_TEAK_DP1_322000_4097000_classified_point_cloud_colorized.laz","2018_TEAK_3_322000_4097000_image.tif","Tree",1,322000,322999.999,4097000,4097999.999
"9369",9674,322455.074,322463.655,4097629.087,4097636.375,"Silva","NEON_D17_TEAK_DP1_322000_4097000_classified_point_cloud_colorized.laz","2018_TEAK_3_322000_4097000_image.tif","Tree",1,322000,322999.999,4097000,4097999.999
"9370",9675,322509.05,322514.843,4097628.532,4097633.308,"Silva","NEON_D17_TEAK_DP1_322000_4097000_classified_point_cloud_colorized.laz","2018_TEAK_3_322000_4097000_image.tif","Tree",1,322000,322999.999,4097000,4097999.999
"9371",9676,322485.044,322489.923,4097630.05,4097634.516,"Silva","NEON_D17_TEAK_DP1_322000_4097000_classified_point_cloud_colorized.laz","2018_TEAK_3_322000_4097000_image.tif","Tree",1,322000,322999.999,4097000,4097999.999
"9372",9677,322374.505,322379.964,4097632.031,4097638.487,"Silva","NEON_D17_TEAK_DP1_322000_4097000_classified_point_cloud_colorized.laz","2018_TEAK_3_322000_4097000_image.tif","Tree",1,322000,322999.999,4097000,4097999.999
"9373",9678,322321.535,322330.46,4097632.062,4097639.324,"Silva","NEON_D17_TEAK_DP1_322000_4097000_classified_point_cloud_colorized.laz","2018_TEAK_3_322000_4097000_image.tif","Tree",1,322000,322999.999,4097000,4097999.999
"9374",9679,322386.593,322390.678,4097633.025,4097638.48,"Silva","NEON_D17_TEAK_DP1_322000_4097000_classified_point_cloud_colorized.laz","2018_TEAK_3_322000_4097000_image.tif","Tree",1,322000,322999.999,4097000,4097999.999
"9375",9680,322145.345,322154.959,4097635.094,4097643.452,"Silva","NEON_D17_TEAK_DP1_322000_4097000_classified_point_cloud_colorized.laz","2018_TEAK_3_322000_4097000_image.tif","Tree",1,322000,322999.999,4097000,4097999.999
"9376",9681,322464.622,322469.435,4097630.517,4097635.796,"Silva","NEON_D17_TEAK_DP1_322000_4097000_classified_point_cloud_colorized.laz","2018_TEAK_3_322000_4097000_image.tif","Tree",1,322000,322999.999,4097000,4097999.999
"9377",9682,322061.554,322068.823,4097636.035,4097643.96,"Silva","NEON_D17_TEAK_DP1_322000_4097000_classified_point_cloud_colorized.laz","2018_TEAK_3_322000_4097000_image.tif","Tree",1,322000,322999.999,4097000,4097999.999
"9378",9684,322391.121,322394.958,4097635.039,4097638.824,"Silva","NEON_D17_TEAK_DP1_322000_4097000_classified_point_cloud_colorized.laz","2018_TEAK_3_322000_4097000_image.tif","Tree",1,322000,322999.999,4097000,4097999.999
"9379",9685,322110.712,322119.821,4097639.551,4097646.111,"Silva","NEON_D17_TEAK_DP1_322000_4097000_classified_point_cloud_colorized.laz","2018_TEAK_3_322000_4097000_image.tif","Tree",1,322000,322999.999,4097000,4097999.999
"9380",9686,322365.04,322372.895,4097634.011,4097641.22,"Silva","NEON_D17_TEAK_DP1_322000_4097000_classified_point_cloud_colorized.laz","2018_TEAK_3_322000_4097000_image.tif","Tree",1,322000,322999.999,4097000,4097999.999
"9381",9687,322593.53,322594.986,4097632.627,4097634.423,"Silva","NEON_D17_TEAK_DP1_322000_4097000_classified_point_cloud_colorized.laz","2018_TEAK_3_322000_4097000_image.tif","Tree",1,322000,322999.999,4097000,4097999.999
"9382",9688,322585.02,322586.884,4097632.778,4097634.497,"Silva","NEON_D17_TEAK_DP1_322000_4097000_classified_point_cloud_colorized.laz","2018_TEAK_3_322000_4097000_image.tif","Tree",1,322000,322999.999,4097000,4097999.999
"9383",9689,322278.407,322279.559,4097637.116,4097640.853,"Silva","NEON_D17_TEAK_DP1_322000_4097000_classified_point_cloud_colorized.laz","2018_TEAK_3_322000_4097000_image.tif","Tree",1,322000,322999.999,4097000,4097999.999
"9384",9690,322529.04,322534.318,4097630.771,4097633.991,"Silva","NEON_D17_TEAK_DP1_322000_4097000_classified_point_cloud_colorized.laz","2018_TEAK_3_322000_4097000_image.tif","Tree",1,322000,322999.999,4097000,4097999.999
"9385",9691,322520.28,322524.76,4097632.064,4097636.313,"Silva","NEON_D17_TEAK_DP1_322000_4097000_classified_point_cloud_colorized.laz","2018_TEAK_3_322000_4097000_image.tif","Tree",1,322000,322999.999,4097000,4097999.999
"9386",9692,322489.655,322494.995,4097633.693,4097639.492,"Silva","NEON_D17_TEAK_DP1_322000_4097000_classified_point_cloud_colorized.laz","2018_TEAK_3_322000_4097000_image.tif","Tree",1,322000,322999.999,4097000,4097999.999
"9387",9693,322428.594,322437.985,4097633.503,4097641.339,"Silva","NEON_D17_TEAK_DP1_322000_4097000_classified_point_cloud_colorized.laz","2018_TEAK_3_322000_4097000_image.tif","Tree",1,322000,322999.999,4097000,4097999.999
"9388",9694,322047.003,322050.963,4097642.066,4097647.406,"Silva","NEON_D17_TEAK_DP1_322000_4097000_classified_point_cloud_colorized.laz","2018_TEAK_3_322000_4097000_image.tif","Tree",1,322000,322999.999,4097000,4097999.999
"9389",9695,322505.633,322512.984,4097635.045,4097642.498,"Silva","NEON_D17_TEAK_DP1_322000_4097000_classified_point_cloud_colorized.laz","2018_TEAK_3_322000_4097000_image.tif","Tree",1,322000,322999.999,4097000,4097999.999
"9390",9696,322485.533,322489.89,4097635.011,4097640.439,"Silva","NEON_D17_TEAK_DP1_322000_4097000_classified_point_cloud_colorized.laz","2018_TEAK_3_322000_4097000_image.tif","Tree",1,322000,322999.999,4097000,4097999.999
"9391",9697,322060.126,322069.99,4097643.534,4097649.472,"Silva","NEON_D17_TEAK_DP1_322000_4097000_classified_point_cloud_colorized.laz","2018_TEAK_3_322000_4097000_image.tif","Tree",1,322000,322999.999,4097000,4097999.999
"9392",9698,322322.531,322331.998,4097638.01,4097644.334,"Silva","NEON_D17_TEAK_DP1_322000_4097000_classified_point_cloud_colorized.laz","2018_TEAK_3_322000_4097000_image.tif","Tree",1,322000,322999.999,4097000,4097999.999
"9393",9699,322513.067,322518.871,4097637.05,4097643.264,"Silva","NEON_D17_TEAK_DP1_322000_4097000_classified_point_cloud_colorized.laz","2018_TEAK_3_322000_4097000_image.tif","Tree",1,322000,322999.999,4097000,4097999.999
"9394",9700,322382.741,322389.307,4097637.691,4097643.283,"Silva","NEON_D17_TEAK_DP1_322000_4097000_classified_point_cloud_colorized.laz","2018_TEAK_3_322000_4097000_image.tif","Tree",1,322000,322999.999,4097000,4097999.999
"9395",9701,322221.356,322230.965,4097636.507,4097648.342,"Silva","NEON_D17_TEAK_DP1_322000_4097000_classified_point_cloud_colorized.laz","2018_TEAK_3_322000_4097000_image.tif","Tree",1,322000,322999.999,4097000,4097999.999
"9396",9702,322350.585,322361.853,4097635.59,4097644.894,"Silva","NEON_D17_TEAK_DP1_322000_4097000_classified_point_cloud_colorized.laz","2018_TEAK_3_322000_4097000_image.tif","Tree",1,322000,322999.999,4097000,4097999.999
"9397",9703,322491.806,322497.876,4097636.551,4097640.466,"Silva","NEON_D17_TEAK_DP1_322000_4097000_classified_point_cloud_colorized.laz","2018_TEAK_3_322000_4097000_image.tif","Tree",1,322000,322999.999,4097000,4097999.999
"9398",9704,322167.06,322175.194,4097640.022,4097648.427,"Silva","NEON_D17_TEAK_DP1_322000_4097000_classified_point_cloud_colorized.laz","2018_TEAK_3_322000_4097000_image.tif","Tree",1,322000,322999.999,4097000,4097999.999
"9399",9705,322295.507,322297.334,4097642.569,4097644.967,"Silva","NEON_D17_TEAK_DP1_322000_4097000_classified_point_cloud_colorized.laz","2018_TEAK_3_322000_4097000_image.tif","Tree",1,322000,322999.999,4097000,4097999.999
"9400",9706,322456.099,322465.454,4097637.639,4097643.938,"Silva","NEON_D17_TEAK_DP1_322000_4097000_classified_point_cloud_colorized.laz","2018_TEAK_3_322000_4097000_image.tif","Tree",1,322000,322999.999,4097000,4097999.999
"9401",9707,322115.058,322121.495,4097644.805,4097652.926,"Silva","NEON_D17_TEAK_DP1_322000_4097000_classified_point_cloud_colorized.laz","2018_TEAK_3_322000_4097000_image.tif","Tree",1,322000,322999.999,4097000,4097999.999
"9402",9708,322039.183,322039.976,4097649.044,4097649.983,"Silva","NEON_D17_TEAK_DP1_322000_4097000_classified_point_cloud_colorized.laz","2018_TEAK_3_322000_4097000_image.tif","Tree",1,322000,322999.999,4097000,4097999.999
"9403",9709,322006.044,322017.978,4097644.013,4097657.444,"Silva","NEON_D17_TEAK_DP1_322000_4097000_classified_point_cloud_colorized.laz","2018_TEAK_3_322000_4097000_image.tif","Tree",1,322000,322999.999,4097000,4097999.999
"9404",9710,322287.723,322293.464,4097641.68,4097648.346,"Silva","NEON_D17_TEAK_DP1_322000_4097000_classified_point_cloud_colorized.laz","2018_TEAK_3_322000_4097000_image.tif","Tree",1,322000,322999.999,4097000,4097999.999
"9405",9711,322413.711,322422.402,4097637.063,4097647.463,"Silva","NEON_D17_TEAK_DP1_322000_4097000_classified_point_cloud_colorized.laz","2018_TEAK_3_322000_4097000_image.tif","Tree",1,322000,322999.999,4097000,4097999.999
"9406",9712,322494.685,322499.784,4097638.769,4097644.408,"Silva","NEON_D17_TEAK_DP1_322000_4097000_classified_point_cloud_colorized.laz","2018_TEAK_3_322000_4097000_image.tif","Tree",1,322000,322999.999,4097000,4097999.999
"9407",9713,322482.864,322490.389,4097640.044,4097646.948,"Silva","NEON_D17_TEAK_DP1_322000_4097000_classified_point_cloud_colorized.laz","2018_TEAK_3_322000_4097000_image.tif","Tree",1,322000,322999.999,4097000,4097999.999
"9408",9714,322350.047,322353.441,4097640.917,4097650.997,"Silva","NEON_D17_TEAK_DP1_322000_4097000_classified_point_cloud_colorized.laz","2018_TEAK_3_322000_4097000_image.tif","Tree",1,322000,322999.999,4097000,4097999.999
"9409",9715,322105.553,322115.927,4097642.554,4097653.932,"Silva","NEON_D17_TEAK_DP1_322000_4097000_classified_point_cloud_colorized.laz","2018_TEAK_3_322000_4097000_image.tif","Tree",1,322000,322999.999,4097000,4097999.999
"9410",9716,322538.073,322547.436,4097639.562,4097646.892,"Silva","NEON_D17_TEAK_DP1_322000_4097000_classified_point_cloud_colorized.laz","2018_TEAK_3_322000_4097000_image.tif","Tree",1,322000,322999.999,4097000,4097999.999
"9411",9717,322425.02,322434.334,4097641.51,4097648.882,"Silva","NEON_D17_TEAK_DP1_322000_4097000_classified_point_cloud_colorized.laz","2018_TEAK_3_322000_4097000_image.tif","Tree",1,322000,322999.999,4097000,4097999.999
"9412",9718,322081.118,322091.472,4097645.026,4097654.904,"Silva","NEON_D17_TEAK_DP1_322000_4097000_classified_point_cloud_colorized.laz","2018_TEAK_3_322000_4097000_image.tif","Tree",1,322000,322999.999,4097000,4097999.999
"9413",9719,322160.096,322171.24,4097646.044,4097656.335,"Silva","NEON_D17_TEAK_DP1_322000_4097000_classified_point_cloud_colorized.laz","2018_TEAK_3_322000_4097000_image.tif","Tree",1,322000,322999.999,4097000,4097999.999
"9414",9720,322181.066,322190.927,4097644.06,4097652.48,"Silva","NEON_D17_TEAK_DP1_322000_4097000_classified_point_cloud_colorized.laz","2018_TEAK_3_322000_4097000_image.tif","Tree",1,322000,322999.999,4097000,4097999.999
"9415",9721,322472.526,322481.222,4097640.242,4097647.487,"Silva","NEON_D17_TEAK_DP1_322000_4097000_classified_point_cloud_colorized.laz","2018_TEAK_3_322000_4097000_image.tif","Tree",1,322000,322999.999,4097000,4097999.999
"9416",9722,322465.127,322472.385,4097641.52,4097647.131,"Silva","NEON_D17_TEAK_DP1_322000_4097000_classified_point_cloud_colorized.laz","2018_TEAK_3_322000_4097000_image.tif","Tree",1,322000,322999.999,4097000,4097999.999
"9417",9723,322332.056,322340.496,4097643.749,4097649.496,"Silva","NEON_D17_TEAK_DP1_322000_4097000_classified_point_cloud_colorized.laz","2018_TEAK_3_322000_4097000_image.tif","Tree",1,322000,322999.999,4097000,4097999.999
"9418",9724,322374.001,322381.476,4097643.264,4097649.943,"Silva","NEON_D17_TEAK_DP1_322000_4097000_classified_point_cloud_colorized.laz","2018_TEAK_3_322000_4097000_image.tif","Tree",1,322000,322999.999,4097000,4097999.999
"9419",9725,322572.659,322573.895,4097643.759,4097644.424,"Silva","NEON_D17_TEAK_DP1_322000_4097000_classified_point_cloud_colorized.laz","2018_TEAK_3_322000_4097000_image.tif","Tree",1,322000,322999.999,4097000,4097999.999
"9420",9726,322493.606,322498.877,4097643.502,4097648.488,"Silva","NEON_D17_TEAK_DP1_322000_4097000_classified_point_cloud_colorized.laz","2018_TEAK_3_322000_4097000_image.tif","Tree",1,322000,322999.999,4097000,4097999.999
"9421",9727,322395.631,322402.906,4097645.504,4097651.456,"Silva","NEON_D17_TEAK_DP1_322000_4097000_classified_point_cloud_colorized.laz","2018_TEAK_3_322000_4097000_image.tif","Tree",1,322000,322999.999,4097000,4097999.999
"9422",9728,322560.642,322566.718,4097643.268,4097649.474,"Silva","NEON_D17_TEAK_DP1_322000_4097000_classified_point_cloud_colorized.laz","2018_TEAK_3_322000_4097000_image.tif","Tree",1,322000,322999.999,4097000,4097999.999
"9423",9729,322331.516,322332.437,4097648.092,4097649.86,"Silva","NEON_D17_TEAK_DP1_322000_4097000_classified_point_cloud_colorized.laz","2018_TEAK_3_322000_4097000_image.tif","Tree",1,322000,322999.999,4097000,4097999.999
"9424",9730,322286.663,322291.09,4097648.518,4097652.491,"Silva","NEON_D17_TEAK_DP1_322000_4097000_classified_point_cloud_colorized.laz","2018_TEAK_3_322000_4097000_image.tif","Tree",1,322000,322999.999,4097000,4097999.999
"9425",9731,322402.506,322410.376,4097643.757,4097652.499,"Silva","NEON_D17_TEAK_DP1_322000_4097000_classified_point_cloud_colorized.laz","2018_TEAK_3_322000_4097000_image.tif","Tree",1,322000,322999.999,4097000,4097999.999
"9426",9732,322498.073,322505.935,4097643.101,4097651.263,"Silva","NEON_D17_TEAK_DP1_322000_4097000_classified_point_cloud_colorized.laz","2018_TEAK_3_322000_4097000_image.tif","Tree",1,322000,322999.999,4097000,4097999.999
"9427",9733,322522.518,322534.491,4097643.715,4097653.971,"Silva","NEON_D17_TEAK_DP1_322000_4097000_classified_point_cloud_colorized.laz","2018_TEAK_3_322000_4097000_image.tif","Tree",1,322000,322999.999,4097000,4097999.999
"9428",9734,322567.066,322568.389,4097647.955,4097649.478,"Silva","NEON_D17_TEAK_DP1_322000_4097000_classified_point_cloud_colorized.laz","2018_TEAK_3_322000_4097000_image.tif","Tree",1,322000,322999.999,4097000,4097999.999
"9429",9735,322189.649,322197.47,4097646.556,4097656.101,"Silva","NEON_D17_TEAK_DP1_322000_4097000_classified_point_cloud_colorized.laz","2018_TEAK_3_322000_4097000_image.tif","Tree",1,322000,322999.999,4097000,4097999.999
"9430",9736,322176.592,322183.413,4097650.653,4097655.445,"Silva","NEON_D17_TEAK_DP1_322000_4097000_classified_point_cloud_colorized.laz","2018_TEAK_3_322000_4097000_image.tif","Tree",1,322000,322999.999,4097000,4097999.999
"9431",9737,322014.503,322024.934,4097650.782,4097659.94,"Silva","NEON_D17_TEAK_DP1_322000_4097000_classified_point_cloud_colorized.laz","2018_TEAK_3_322000_4097000_image.tif","Tree",1,322000,322999.999,4097000,4097999.999
"9432",9738,322228.292,322234.851,4097649.502,4097655.958,"Silva","NEON_D17_TEAK_DP1_322000_4097000_classified_point_cloud_colorized.laz","2018_TEAK_3_322000_4097000_image.tif","Tree",1,322000,322999.999,4097000,4097999.999
"9433",9739,322366.013,322375.98,4097648.044,4097657.989,"Silva","NEON_D17_TEAK_DP1_322000_4097000_classified_point_cloud_colorized.laz","2018_TEAK_3_322000_4097000_image.tif","Tree",1,322000,322999.999,4097000,4097999.999
"9434",9740,322466.572,322470.875,4097648.121,4097653.478,"Silva","NEON_D17_TEAK_DP1_322000_4097000_classified_point_cloud_colorized.laz","2018_TEAK_3_322000_4097000_image.tif","Tree",1,322000,322999.999,4097000,4097999.999
"9435",9741,322127.923,322129.496,4097659.188,4097660.16,"Silva","NEON_D17_TEAK_DP1_322000_4097000_classified_point_cloud_colorized.laz","2018_TEAK_3_322000_4097000_image.tif","Tree",1,322000,322999.999,4097000,4097999.999
"9436",9742,322382.116,322388.493,4097649.017,4097656.813,"Silva","NEON_D17_TEAK_DP1_322000_4097000_classified_point_cloud_colorized.laz","2018_TEAK_3_322000_4097000_image.tif","Tree",1,322000,322999.999,4097000,4097999.999
"9437",9743,322578.517,322580.306,4097649.017,4097651.604,"Silva","NEON_D17_TEAK_DP1_322000_4097000_classified_point_cloud_colorized.laz","2018_TEAK_3_322000_4097000_image.tif","Tree",1,322000,322999.999,4097000,4097999.999
"9438",9744,322539.559,322545.492,4097646.525,4097654.777,"Silva","NEON_D17_TEAK_DP1_322000_4097000_classified_point_cloud_colorized.laz","2018_TEAK_3_322000_4097000_image.tif","Tree",1,322000,322999.999,4097000,4097999.999
"9439",9745,322492.058,322497.975,4097648.668,4097655.371,"Silva","NEON_D17_TEAK_DP1_322000_4097000_classified_point_cloud_colorized.laz","2018_TEAK_3_322000_4097000_image.tif","Tree",1,322000,322999.999,4097000,4097999.999
"9440",9746,322025.022,322034.966,4097649.261,4097660.26,"Silva","NEON_D17_TEAK_DP1_322000_4097000_classified_point_cloud_colorized.laz","2018_TEAK_3_322000_4097000_image.tif","Tree",1,322000,322999.999,4097000,4097999.999
"9441",9747,322544.004,322549.395,4097649.67,4097655.893,"Silva","NEON_D17_TEAK_DP1_322000_4097000_classified_point_cloud_colorized.laz","2018_TEAK_3_322000_4097000_image.tif","Tree",1,322000,322999.999,4097000,4097999.999
"9442",9748,322533.605,322541.442,4097646.528,4097655.916,"Silva","NEON_D17_TEAK_DP1_322000_4097000_classified_point_cloud_colorized.laz","2018_TEAK_3_322000_4097000_image.tif","Tree",1,322000,322999.999,4097000,4097999.999
"9443",9749,322485.051,322492.249,4097650.346,4097656.707,"Silva","NEON_D17_TEAK_DP1_322000_4097000_classified_point_cloud_colorized.laz","2018_TEAK_3_322000_4097000_image.tif","Tree",1,322000,322999.999,4097000,4097999.999
"9444",9750,322419.538,322423.398,4097652.216,4097656.881,"Silva","NEON_D17_TEAK_DP1_322000_4097000_classified_point_cloud_colorized.laz","2018_TEAK_3_322000_4097000_image.tif","Tree",1,322000,322999.999,4097000,4097999.999
"9445",9751,322267.601,322279.35,4097648.997,4097659.456,"Silva","NEON_D17_TEAK_DP1_322000_4097000_classified_point_cloud_colorized.laz","2018_TEAK_3_322000_4097000_image.tif","Tree",1,322000,322999.999,4097000,4097999.999
"9446",9752,322121.312,322121.312,4097658.157,4097658.373,"Silva","NEON_D17_TEAK_DP1_322000_4097000_classified_point_cloud_colorized.laz","2018_TEAK_3_322000_4097000_image.tif","Tree",1,322000,322999.999,4097000,4097999.999
"9447",9753,322061.119,322061.7,4097658.998,4097659.433,"Silva","NEON_D17_TEAK_DP1_322000_4097000_classified_point_cloud_colorized.laz","2018_TEAK_3_322000_4097000_image.tif","Tree",1,322000,322999.999,4097000,4097999.999
"9448",9754,322447.614,322457.948,4097650.012,4097656.492,"Silva","NEON_D17_TEAK_DP1_322000_4097000_classified_point_cloud_colorized.laz","2018_TEAK_3_322000_4097000_image.tif","Tree",1,322000,322999.999,4097000,4097999.999
"9449",9755,322173.644,322183.468,4097655.505,4097661.925,"Silva","NEON_D17_TEAK_DP1_322000_4097000_classified_point_cloud_colorized.laz","2018_TEAK_3_322000_4097000_image.tif","Tree",1,322000,322999.999,4097000,4097999.999
"9450",9756,322560.141,322570.238,4097648.689,4097658.48,"Silva","NEON_D17_TEAK_DP1_322000_4097000_classified_point_cloud_colorized.laz","2018_TEAK_3_322000_4097000_image.tif","Tree",1,322000,322999.999,4097000,4097999.999
"9451",9757,322504.144,322511.492,4097650.176,4097659.895,"Silva","NEON_D17_TEAK_DP1_322000_4097000_classified_point_cloud_colorized.laz","2018_TEAK_3_322000_4097000_image.tif","Tree",1,322000,322999.999,4097000,4097999.999
"9452",9758,322510.654,322517.264,4097650.519,4097659.458,"Silva","NEON_D17_TEAK_DP1_322000_4097000_classified_point_cloud_colorized.laz","2018_TEAK_3_322000_4097000_image.tif","Tree",1,322000,322999.999,4097000,4097999.999
"9453",9759,322572.512,322577.447,4097653.115,4097657.972,"Silva","NEON_D17_TEAK_DP1_322000_4097000_classified_point_cloud_colorized.laz","2018_TEAK_3_322000_4097000_image.tif","Tree",1,322000,322999.999,4097000,4097999.999
"9454",9760,322211.194,322216.419,4097656.268,4097661.873,"Silva","NEON_D17_TEAK_DP1_322000_4097000_classified_point_cloud_colorized.laz","2018_TEAK_3_322000_4097000_image.tif","Tree",1,322000,322999.999,4097000,4097999.999
"9455",9761,322070.069,322072.492,4097660.214,4097661.993,"Silva","NEON_D17_TEAK_DP1_322000_4097000_classified_point_cloud_colorized.laz","2018_TEAK_3_322000_4097000_image.tif","Tree",1,322000,322999.999,4097000,4097999.999
"9456",9762,322034.549,322044.487,4097657.508,4097664.974,"Silva","NEON_D17_TEAK_DP1_322000_4097000_classified_point_cloud_colorized.laz","2018_TEAK_3_322000_4097000_image.tif","Tree",1,322000,322999.999,4097000,4097999.999
"9457",9763,322386.106,322394.274,4097654.165,4097662.996,"Silva","NEON_D17_TEAK_DP1_322000_4097000_classified_point_cloud_colorized.laz","2018_TEAK_3_322000_4097000_image.tif","Tree",1,322000,322999.999,4097000,4097999.999
"9458",9764,322221.013,322226.385,4097657.524,4097662.366,"Silva","NEON_D17_TEAK_DP1_322000_4097000_classified_point_cloud_colorized.laz","2018_TEAK_3_322000_4097000_image.tif","Tree",1,322000,322999.999,4097000,4097999.999
"9459",9765,322025.142,322034.411,4097659.034,4097664.979,"Silva","NEON_D17_TEAK_DP1_322000_4097000_classified_point_cloud_colorized.laz","2018_TEAK_3_322000_4097000_image.tif","Tree",1,322000,322999.999,4097000,4097999.999
"9460",9766,322313.066,322319.432,4097655.512,4097661.896,"Silva","NEON_D17_TEAK_DP1_322000_4097000_classified_point_cloud_colorized.laz","2018_TEAK_3_322000_4097000_image.tif","Tree",1,322000,322999.999,4097000,4097999.999
"9461",9767,322581.02,322581.491,4097657.213,4097657.279,"Silva","NEON_D17_TEAK_DP1_322000_4097000_classified_point_cloud_colorized.laz","2018_TEAK_3_322000_4097000_image.tif","Tree",1,322000,322999.999,4097000,4097999.999
"9462",9768,322553.093,322558.485,4097654.559,4097660.491,"Silva","NEON_D17_TEAK_DP1_322000_4097000_classified_point_cloud_colorized.laz","2018_TEAK_3_322000_4097000_image.tif","Tree",1,322000,322999.999,4097000,4097999.999
"9463",9769,322350.004,322352.655,4097658.572,4097662.432,"Silva","NEON_D17_TEAK_DP1_322000_4097000_classified_point_cloud_colorized.laz","2018_TEAK_3_322000_4097000_image.tif","Tree",1,322000,322999.999,4097000,4097999.999
"9464",9770,322296.544,322303.419,4097657.527,4097662.988,"Silva","NEON_D17_TEAK_DP1_322000_4097000_classified_point_cloud_colorized.laz","2018_TEAK_3_322000_4097000_image.tif","Tree",1,322000,322999.999,4097000,4097999.999
"9465",9771,322125.174,322127.487,4097660.873,4097664.997,"Silva","NEON_D17_TEAK_DP1_322000_4097000_classified_point_cloud_colorized.laz","2018_TEAK_3_322000_4097000_image.tif","Tree",1,322000,322999.999,4097000,4097999.999
"9466",9772,322202.358,322203.907,4097663.612,4097664.966,"Silva","NEON_D17_TEAK_DP1_322000_4097000_classified_point_cloud_colorized.laz","2018_TEAK_3_322000_4097000_image.tif","Tree",1,322000,322999.999,4097000,4097999.999
"9467",9773,322583.654,322584.402,4097658.185,4097658.286,"Silva","NEON_D17_TEAK_DP1_322000_4097000_classified_point_cloud_colorized.laz","2018_TEAK_3_322000_4097000_image.tif","Tree",1,322000,322999.999,4097000,4097999.999
"9468",9774,322515.013,322520.449,4097654.02,4097659.939,"Silva","NEON_D17_TEAK_DP1_322000_4097000_classified_point_cloud_colorized.laz","2018_TEAK_3_322000_4097000_image.tif","Tree",1,322000,322999.999,4097000,4097999.999
"9469",9775,322190.522,322199.964,4097658.526,4097666.952,"Silva","NEON_D17_TEAK_DP1_322000_4097000_classified_point_cloud_colorized.laz","2018_TEAK_3_322000_4097000_image.tif","Tree",1,322000,322999.999,4097000,4097999.999
"9470",9776,322358.111,322361.882,4097658.724,4097666.884,"Silva","NEON_D17_TEAK_DP1_322000_4097000_classified_point_cloud_colorized.laz","2018_TEAK_3_322000_4097000_image.tif","Tree",1,322000,322999.999,4097000,4097999.999
"9471",9777,322391.637,322400.942,4097656.664,4097664.303,"Silva","NEON_D17_TEAK_DP1_322000_4097000_classified_point_cloud_colorized.laz","2018_TEAK_3_322000_4097000_image.tif","Tree",1,322000,322999.999,4097000,4097999.999
"9472",9778,322163.591,322175.407,4097655.533,4097665.41,"Silva","NEON_D17_TEAK_DP1_322000_4097000_classified_point_cloud_colorized.laz","2018_TEAK_3_322000_4097000_image.tif","Tree",1,322000,322999.999,4097000,4097999.999
"9473",9779,322227.5,322232.964,4097660.413,4097665.384,"Silva","NEON_D17_TEAK_DP1_322000_4097000_classified_point_cloud_colorized.laz","2018_TEAK_3_322000_4097000_image.tif","Tree",1,322000,322999.999,4097000,4097999.999
"9474",9781,322487.013,322495.984,4097656.041,4097663.742,"Silva","NEON_D17_TEAK_DP1_322000_4097000_classified_point_cloud_colorized.laz","2018_TEAK_3_322000_4097000_image.tif","Tree",1,322000,322999.999,4097000,4097999.999
"9475",9782,322099.055,322106.307,4097661.053,4097667.98,"Silva","NEON_D17_TEAK_DP1_322000_4097000_classified_point_cloud_colorized.laz","2018_TEAK_3_322000_4097000_image.tif","Tree",1,322000,322999.999,4097000,4097999.999
"9476",9783,322377.088,322383.313,4097660.511,4097664.971,"Silva","NEON_D17_TEAK_DP1_322000_4097000_classified_point_cloud_colorized.laz","2018_TEAK_3_322000_4097000_image.tif","Tree",1,322000,322999.999,4097000,4097999.999
"9477",9784,322175.271,322186.893,4097660.634,4097668.472,"Silva","NEON_D17_TEAK_DP1_322000_4097000_classified_point_cloud_colorized.laz","2018_TEAK_3_322000_4097000_image.tif","Tree",1,322000,322999.999,4097000,4097999.999
"9478",9785,322148.342,322156.562,4097658.404,4097668.139,"Silva","NEON_D17_TEAK_DP1_322000_4097000_classified_point_cloud_colorized.laz","2018_TEAK_3_322000_4097000_image.tif","Tree",1,322000,322999.999,4097000,4097999.999
"9479",9786,322504,322514.497,4097658.144,4097667.351,"Silva","NEON_D17_TEAK_DP1_322000_4097000_classified_point_cloud_colorized.laz","2018_TEAK_3_322000_4097000_image.tif","Tree",1,322000,322999.999,4097000,4097999.999
"9480",9787,322349.501,322353.634,4097662.549,4097668.104,"Silva","NEON_D17_TEAK_DP1_322000_4097000_classified_point_cloud_colorized.laz","2018_TEAK_3_322000_4097000_image.tif","Tree",1,322000,322999.999,4097000,4097999.999
"9481",9788,322438.018,322438.6,4097663.728,4097665.451,"Silva","NEON_D17_TEAK_DP1_322000_4097000_classified_point_cloud_colorized.laz","2018_TEAK_3_322000_4097000_image.tif","Tree",1,322000,322999.999,4097000,4097999.999
"9482",9789,322358.803,322369.463,4097657.106,4097669.543,"Silva","NEON_D17_TEAK_DP1_322000_4097000_classified_point_cloud_colorized.laz","2018_TEAK_3_322000_4097000_image.tif","Tree",1,322000,322999.999,4097000,4097999.999
"9483",9790,322301.512,322307.429,4097662.548,4097668.31,"Silva","NEON_D17_TEAK_DP1_322000_4097000_classified_point_cloud_colorized.laz","2018_TEAK_3_322000_4097000_image.tif","Tree",1,322000,322999.999,4097000,4097999.999
"9484",9791,322108.587,322117.643,4097662.241,4097670.87,"Silva","NEON_D17_TEAK_DP1_322000_4097000_classified_point_cloud_colorized.laz","2018_TEAK_3_322000_4097000_image.tif","Tree",1,322000,322999.999,4097000,4097999.999
"9485",9792,322469.621,322477.901,4097659.687,4097667.459,"Silva","NEON_D17_TEAK_DP1_322000_4097000_classified_point_cloud_colorized.laz","2018_TEAK_3_322000_4097000_image.tif","Tree",1,322000,322999.999,4097000,4097999.999
"9486",9793,322512.073,322517.789,4097661.349,4097668.498,"Silva","NEON_D17_TEAK_DP1_322000_4097000_classified_point_cloud_colorized.laz","2018_TEAK_3_322000_4097000_image.tif","Tree",1,322000,322999.999,4097000,4097999.999
"9487",9794,322316.512,322319.995,4097664.047,4097668.671,"Silva","NEON_D17_TEAK_DP1_322000_4097000_classified_point_cloud_colorized.laz","2018_TEAK_3_322000_4097000_image.tif","Tree",1,322000,322999.999,4097000,4097999.999
"9488",9795,322067.075,322069.473,4097667.502,4097669.252,"Silva","NEON_D17_TEAK_DP1_322000_4097000_classified_point_cloud_colorized.laz","2018_TEAK_3_322000_4097000_image.tif","Tree",1,322000,322999.999,4097000,4097999.999
"9489",9796,322071.089,322074.486,4097666.554,4097669.972,"Silva","NEON_D17_TEAK_DP1_322000_4097000_classified_point_cloud_colorized.laz","2018_TEAK_3_322000_4097000_image.tif","Tree",1,322000,322999.999,4097000,4097999.999
"9490",9797,322402.666,322413.917,4097660.568,4097667.978,"Silva","NEON_D17_TEAK_DP1_322000_4097000_classified_point_cloud_colorized.laz","2018_TEAK_3_322000_4097000_image.tif","Tree",1,322000,322999.999,4097000,4097999.999
"9491",9798,322485.079,322494.973,4097662.136,4097670.959,"Silva","NEON_D17_TEAK_DP1_322000_4097000_classified_point_cloud_colorized.laz","2018_TEAK_3_322000_4097000_image.tif","Tree",1,322000,322999.999,4097000,4097999.999
"9492",9799,322094.667,322100.453,4097665.005,4097671.987,"Silva","NEON_D17_TEAK_DP1_322000_4097000_classified_point_cloud_colorized.laz","2018_TEAK_3_322000_4097000_image.tif","Tree",1,322000,322999.999,4097000,4097999.999
"9493",9800,322325.229,322331.866,4097663.793,4097671.273,"Silva","NEON_D17_TEAK_DP1_322000_4097000_classified_point_cloud_colorized.laz","2018_TEAK_3_322000_4097000_image.tif","Tree",1,322000,322999.999,4097000,4097999.999
"9494",9801,322205.023,322213.458,4097665.156,4097673.968,"Silva","NEON_D17_TEAK_DP1_322000_4097000_classified_point_cloud_colorized.laz","2018_TEAK_3_322000_4097000_image.tif","Tree",1,322000,322999.999,4097000,4097999.999
"9495",9802,322394.597,322402.414,4097663.05,4097671.48,"Silva","NEON_D17_TEAK_DP1_322000_4097000_classified_point_cloud_colorized.laz","2018_TEAK_3_322000_4097000_image.tif","Tree",1,322000,322999.999,4097000,4097999.999
"9496",9803,322220.578,322221.129,4097667.726,4097667.934,"Silva","NEON_D17_TEAK_DP1_322000_4097000_classified_point_cloud_colorized.laz","2018_TEAK_3_322000_4097000_image.tif","Tree",1,322000,322999.999,4097000,4097999.999
"9497",9804,322162.424,322169.598,4097663.559,4097673.427,"Silva","NEON_D17_TEAK_DP1_322000_4097000_classified_point_cloud_colorized.laz","2018_TEAK_3_322000_4097000_image.tif","Tree",1,322000,322999.999,4097000,4097999.999
"9498",9805,322148.511,322153.967,4097666.603,4097669.76,"Silva","NEON_D17_TEAK_DP1_322000_4097000_classified_point_cloud_colorized.laz","2018_TEAK_3_322000_4097000_image.tif","Tree",1,322000,322999.999,4097000,4097999.999
"9499",9806,322225.361,322229.289,4097669.466,4097672.431,"Silva","NEON_D17_TEAK_DP1_322000_4097000_classified_point_cloud_colorized.laz","2018_TEAK_3_322000_4097000_image.tif","Tree",1,322000,322999.999,4097000,4097999.999
"9500",9807,322593.53,322597.978,4097665.615,4097670.914,"Silva","NEON_D17_TEAK_DP1_322000_4097000_classified_point_cloud_colorized.laz","2018_TEAK_3_322000_4097000_image.tif","Tree",1,322000,322999.999,4097000,4097999.999
"9501",9808,322062.001,322062.988,4097670.636,4097672.35,"Silva","NEON_D17_TEAK_DP1_322000_4097000_classified_point_cloud_colorized.laz","2018_TEAK_3_322000_4097000_image.tif","Tree",1,322000,322999.999,4097000,4097999.999
"9502",9809,322129.846,322135.42,4097668.012,4097674.451,"Silva","NEON_D17_TEAK_DP1_322000_4097000_classified_point_cloud_colorized.laz","2018_TEAK_3_322000_4097000_image.tif","Tree",1,322000,322999.999,4097000,4097999.999
"9503",9810,322505.454,322505.802,4097666.047,4097666.492,"Silva","NEON_D17_TEAK_DP1_322000_4097000_classified_point_cloud_colorized.laz","2018_TEAK_3_322000_4097000_image.tif","Tree",1,322000,322999.999,4097000,4097999.999
"9504",9811,322581.684,322588.908,4097665.505,4097672.992,"Silva","NEON_D17_TEAK_DP1_322000_4097000_classified_point_cloud_colorized.laz","2018_TEAK_3_322000_4097000_image.tif","Tree",1,322000,322999.999,4097000,4097999.999
"9505",9812,322469.654,322476.863,4097667.068,4097673.903,"Silva","NEON_D17_TEAK_DP1_322000_4097000_classified_point_cloud_colorized.laz","2018_TEAK_3_322000_4097000_image.tif","Tree",1,322000,322999.999,4097000,4097999.999
"9506",9813,322461.727,322466.092,4097668.083,4097672.454,"Silva","NEON_D17_TEAK_DP1_322000_4097000_classified_point_cloud_colorized.laz","2018_TEAK_3_322000_4097000_image.tif","Tree",1,322000,322999.999,4097000,4097999.999
"9507",9814,322430.043,322438.12,4097666.501,4097674.727,"Silva","NEON_D17_TEAK_DP1_322000_4097000_classified_point_cloud_colorized.laz","2018_TEAK_3_322000_4097000_image.tif","Tree",1,322000,322999.999,4097000,4097999.999
"9508",9815,322528.109,322533.319,4097668.044,4097672.862,"Silva","NEON_D17_TEAK_DP1_322000_4097000_classified_point_cloud_colorized.laz","2018_TEAK_3_322000_4097000_image.tif","Tree",1,322000,322999.999,4097000,4097999.999
"9509",9816,322401.649,322406.973,4097666.97,4097673.845,"Silva","NEON_D17_TEAK_DP1_322000_4097000_classified_point_cloud_colorized.laz","2018_TEAK_3_322000_4097000_image.tif","Tree",1,322000,322999.999,4097000,4097999.999
"9510",9817,322365.105,322372.973,4097666.749,4097676.948,"Silva","NEON_D17_TEAK_DP1_322000_4097000_classified_point_cloud_colorized.laz","2018_TEAK_3_322000_4097000_image.tif","Tree",1,322000,322999.999,4097000,4097999.999
"9511",9818,322189.265,322197.356,4097665.566,4097674.991,"Silva","NEON_D17_TEAK_DP1_322000_4097000_classified_point_cloud_colorized.laz","2018_TEAK_3_322000_4097000_image.tif","Tree",1,322000,322999.999,4097000,4097999.999
"9512",9819,322455.351,322460.987,4097669.026,4097673.968,"Silva","NEON_D17_TEAK_DP1_322000_4097000_classified_point_cloud_colorized.laz","2018_TEAK_3_322000_4097000_image.tif","Tree",1,322000,322999.999,4097000,4097999.999
"9513",9820,322586.503,322592.917,4097667.524,4097674.981,"Silva","NEON_D17_TEAK_DP1_322000_4097000_classified_point_cloud_colorized.laz","2018_TEAK_3_322000_4097000_image.tif","Tree",1,322000,322999.999,4097000,4097999.999
"9514",9821,322567.327,322576.984,4097667.593,4097676.995,"Silva","NEON_D17_TEAK_DP1_322000_4097000_classified_point_cloud_colorized.laz","2018_TEAK_3_322000_4097000_image.tif","Tree",1,322000,322999.999,4097000,4097999.999
"9515",9822,322480.23,322488.707,4097666.932,4097676.63,"Silva","NEON_D17_TEAK_DP1_322000_4097000_classified_point_cloud_colorized.laz","2018_TEAK_3_322000_4097000_image.tif","Tree",1,322000,322999.999,4097000,4097999.999
"9516",9823,322539.502,322545.855,4097670.512,4097676.537,"Silva","NEON_D17_TEAK_DP1_322000_4097000_classified_point_cloud_colorized.laz","2018_TEAK_3_322000_4097000_image.tif","Tree",1,322000,322999.999,4097000,4097999.999
"9517",9824,322118.121,322125.445,4097671.526,4097678.497,"Silva","NEON_D17_TEAK_DP1_322000_4097000_classified_point_cloud_colorized.laz","2018_TEAK_3_322000_4097000_image.tif","Tree",1,322000,322999.999,4097000,4097999.999
"9518",9825,322061.511,322064.99,4097673.8,4097676.896,"Silva","NEON_D17_TEAK_DP1_322000_4097000_classified_point_cloud_colorized.laz","2018_TEAK_3_322000_4097000_image.tif","Tree",1,322000,322999.999,4097000,4097999.999
"9519",9826,322007.036,322014.399,4097671.383,4097678.983,"Silva","NEON_D17_TEAK_DP1_322000_4097000_classified_point_cloud_colorized.laz","2018_TEAK_3_322000_4097000_image.tif","Tree",1,322000,322999.999,4097000,4097999.999
"9520",9827,322168.507,322180.48,4097671.617,4097680.227,"Silva","NEON_D17_TEAK_DP1_322000_4097000_classified_point_cloud_colorized.laz","2018_TEAK_3_322000_4097000_image.tif","Tree",1,322000,322999.999,4097000,4097999.999
"9521",9828,322578.639,322578.955,4097677.515,4097678.418,"Silva","NEON_D17_TEAK_DP1_322000_4097000_classified_point_cloud_colorized.laz","2018_TEAK_3_322000_4097000_image.tif","Tree",1,322000,322999.999,4097000,4097999.999
"9522",9829,322191.028,322197.941,4097674.128,4097677.463,"Silva","NEON_D17_TEAK_DP1_322000_4097000_classified_point_cloud_colorized.laz","2018_TEAK_3_322000_4097000_image.tif","Tree",1,322000,322999.999,4097000,4097999.999
"9523",9830,322439.285,322442.487,4097675.514,4097679.109,"Silva","NEON_D17_TEAK_DP1_322000_4097000_classified_point_cloud_colorized.laz","2018_TEAK_3_322000_4097000_image.tif","Tree",1,322000,322999.999,4097000,4097999.999
"9524",9831,322355.275,322362.615,4097675.038,4097679.948,"Silva","NEON_D17_TEAK_DP1_322000_4097000_classified_point_cloud_colorized.laz","2018_TEAK_3_322000_4097000_image.tif","Tree",1,322000,322999.999,4097000,4097999.999
"9525",9832,322072.673,322076.475,4097676.517,4097679.861,"Silva","NEON_D17_TEAK_DP1_322000_4097000_classified_point_cloud_colorized.laz","2018_TEAK_3_322000_4097000_image.tif","Tree",1,322000,322999.999,4097000,4097999.999
"9526",9833,322067.524,322069.952,4097677.506,4097679.865,"Silva","NEON_D17_TEAK_DP1_322000_4097000_classified_point_cloud_colorized.laz","2018_TEAK_3_322000_4097000_image.tif","Tree",1,322000,322999.999,4097000,4097999.999
"9527",9834,322423.523,322428.495,4097675.604,4097680.746,"Silva","NEON_D17_TEAK_DP1_322000_4097000_classified_point_cloud_colorized.laz","2018_TEAK_3_322000_4097000_image.tif","Tree",1,322000,322999.999,4097000,4097999.999
"9528",9835,322428.644,322432.477,4097674.567,4097681.445,"Silva","NEON_D17_TEAK_DP1_322000_4097000_classified_point_cloud_colorized.laz","2018_TEAK_3_322000_4097000_image.tif","Tree",1,322000,322999.999,4097000,4097999.999
"9529",9836,322529.594,322536.354,4097675.037,4097681.989,"Silva","NEON_D17_TEAK_DP1_322000_4097000_classified_point_cloud_colorized.laz","2018_TEAK_3_322000_4097000_image.tif","Tree",1,322000,322999.999,4097000,4097999.999
"9530",9837,322447.029,322454.975,4097675.172,4097680.833,"Silva","NEON_D17_TEAK_DP1_322000_4097000_classified_point_cloud_colorized.laz","2018_TEAK_3_322000_4097000_image.tif","Tree",1,322000,322999.999,4097000,4097999.999
"9531",9838,322552.506,322557.908,4097677.196,4097682.954,"Silva","NEON_D17_TEAK_DP1_322000_4097000_classified_point_cloud_colorized.laz","2018_TEAK_3_322000_4097000_image.tif","Tree",1,322000,322999.999,4097000,4097999.999
"9532",9839,322571.636,322576.215,4097676.506,4097680.658,"Silva","NEON_D17_TEAK_DP1_322000_4097000_classified_point_cloud_colorized.laz","2018_TEAK_3_322000_4097000_image.tif","Tree",1,322000,322999.999,4097000,4097999.999
"9533",9840,322271.054,322273.981,4097679.26,4097681.995,"Silva","NEON_D17_TEAK_DP1_322000_4097000_classified_point_cloud_colorized.laz","2018_TEAK_3_322000_4097000_image.tif","Tree",1,322000,322999.999,4097000,4097999.999
"9534",9842,322110.544,322116.386,4097677.511,4097682.981,"Silva","NEON_D17_TEAK_DP1_322000_4097000_classified_point_cloud_colorized.laz","2018_TEAK_3_322000_4097000_image.tif","Tree",1,322000,322999.999,4097000,4097999.999
"9535",9843,322422.136,322426.88,4097677.695,4097683.497,"Silva","NEON_D17_TEAK_DP1_322000_4097000_classified_point_cloud_colorized.laz","2018_TEAK_3_322000_4097000_image.tif","Tree",1,322000,322999.999,4097000,4097999.999
"9536",9844,322507.65,322514.563,4097675.631,4097683.915,"Silva","NEON_D17_TEAK_DP1_322000_4097000_classified_point_cloud_colorized.laz","2018_TEAK_3_322000_4097000_image.tif","Tree",1,322000,322999.999,4097000,4097999.999
"9537",9845,322501.588,322507.976,4097678.216,4097683.935,"Silva","NEON_D17_TEAK_DP1_322000_4097000_classified_point_cloud_colorized.laz","2018_TEAK_3_322000_4097000_image.tif","Tree",1,322000,322999.999,4097000,4097999.999
"9538",9846,322116.713,322125.386,4097677.549,4097685.04,"Silva","NEON_D17_TEAK_DP1_322000_4097000_classified_point_cloud_colorized.laz","2018_TEAK_3_322000_4097000_image.tif","Tree",1,322000,322999.999,4097000,4097999.999
"9539",9847,322068.694,322070.823,4097680.583,4097682.893,"Silva","NEON_D17_TEAK_DP1_322000_4097000_classified_point_cloud_colorized.laz","2018_TEAK_3_322000_4097000_image.tif","Tree",1,322000,322999.999,4097000,4097999.999
"9540",9848,322529.023,322535.038,4097678.645,4097685.956,"Silva","NEON_D17_TEAK_DP1_322000_4097000_classified_point_cloud_colorized.laz","2018_TEAK_3_322000_4097000_image.tif","Tree",1,322000,322999.999,4097000,4097999.999
"9541",9849,322033.285,322034.968,4097681.633,4097683.352,"Silva","NEON_D17_TEAK_DP1_322000_4097000_classified_point_cloud_colorized.laz","2018_TEAK_3_322000_4097000_image.tif","Tree",1,322000,322999.999,4097000,4097999.999
"9542",9851,322577.024,322582.88,4097682.406,4097687.996,"Silva","NEON_D17_TEAK_DP1_322000_4097000_classified_point_cloud_colorized.laz","2018_TEAK_3_322000_4097000_image.tif","Tree",1,322000,322999.999,4097000,4097999.999
"9543",9852,322455.051,322460.744,4097680.545,4097687.495,"Silva","NEON_D17_TEAK_DP1_322000_4097000_classified_point_cloud_colorized.laz","2018_TEAK_3_322000_4097000_image.tif","Tree",1,322000,322999.999,4097000,4097999.999
"9544",9853,322289.524,322295.468,4097680.001,4097688.345,"Silva","NEON_D17_TEAK_DP1_322000_4097000_classified_point_cloud_colorized.laz","2018_TEAK_3_322000_4097000_image.tif","Tree",1,322000,322999.999,4097000,4097999.999
"9545",9854,322382.537,322390.491,4097682.035,4097689.939,"Silva","NEON_D17_TEAK_DP1_322000_4097000_classified_point_cloud_colorized.laz","2018_TEAK_3_322000_4097000_image.tif","Tree",1,322000,322999.999,4097000,4097999.999
"9546",9855,322450.543,322456.478,4097682.12,4097688.949,"Silva","NEON_D17_TEAK_DP1_322000_4097000_classified_point_cloud_colorized.laz","2018_TEAK_3_322000_4097000_image.tif","Tree",1,322000,322999.999,4097000,4097999.999
"9547",9856,322030.583,322031.956,4097685.112,4097686.226,"Silva","NEON_D17_TEAK_DP1_322000_4097000_classified_point_cloud_colorized.laz","2018_TEAK_3_322000_4097000_image.tif","Tree",1,322000,322999.999,4097000,4097999.999
"9548",9857,322326.569,322332.265,4097684.347,4097689.996,"Silva","NEON_D17_TEAK_DP1_322000_4097000_classified_point_cloud_colorized.laz","2018_TEAK_3_322000_4097000_image.tif","Tree",1,322000,322999.999,4097000,4097999.999
"9549",9858,322429.063,322436.384,4097683.225,4097690.104,"Silva","NEON_D17_TEAK_DP1_322000_4097000_classified_point_cloud_colorized.laz","2018_TEAK_3_322000_4097000_image.tif","Tree",1,322000,322999.999,4097000,4097999.999
"9550",9859,322541.511,322549.392,4097682.545,4097689.973,"Silva","NEON_D17_TEAK_DP1_322000_4097000_classified_point_cloud_colorized.laz","2018_TEAK_3_322000_4097000_image.tif","Tree",1,322000,322999.999,4097000,4097999.999
"9551",9860,322502.821,322502.821,4097687.81,4097687.81,"Silva","NEON_D17_TEAK_DP1_322000_4097000_classified_point_cloud_colorized.laz","2018_TEAK_3_322000_4097000_image.tif","Tree",1,322000,322999.999,4097000,4097999.999
"9552",9861,322484.391,322493.962,4097683.115,4097690.411,"Silva","NEON_D17_TEAK_DP1_322000_4097000_classified_point_cloud_colorized.laz","2018_TEAK_3_322000_4097000_image.tif","Tree",1,322000,322999.999,4097000,4097999.999
"9553",9862,322279.461,322283.715,4097685.158,4097689.572,"Silva","NEON_D17_TEAK_DP1_322000_4097000_classified_point_cloud_colorized.laz","2018_TEAK_3_322000_4097000_image.tif","Tree",1,322000,322999.999,4097000,4097999.999
"9554",9864,322548.832,322552.873,4097685.84,4097691.428,"Silva","NEON_D17_TEAK_DP1_322000_4097000_classified_point_cloud_colorized.laz","2018_TEAK_3_322000_4097000_image.tif","Tree",1,322000,322999.999,4097000,4097999.999
"9555",9865,322417.262,322425.836,4097684.092,4097692.968,"Silva","NEON_D17_TEAK_DP1_322000_4097000_classified_point_cloud_colorized.laz","2018_TEAK_3_322000_4097000_image.tif","Tree",1,322000,322999.999,4097000,4097999.999
"9556",9866,322081.54,322088.592,4097683.002,4097691.204,"Silva","NEON_D17_TEAK_DP1_322000_4097000_classified_point_cloud_colorized.laz","2018_TEAK_3_322000_4097000_image.tif","Tree",1,322000,322999.999,4097000,4097999.999
"9557",9867,322091.242,322096.331,4097685.014,4097689.416,"Silva","NEON_D17_TEAK_DP1_322000_4097000_classified_point_cloud_colorized.laz","2018_TEAK_3_322000_4097000_image.tif","Tree",1,322000,322999.999,4097000,4097999.999
"9558",9868,322344.549,322350.361,4097687.139,4097692.246,"Silva","NEON_D17_TEAK_DP1_322000_4097000_classified_point_cloud_colorized.laz","2018_TEAK_3_322000_4097000_image.tif","Tree",1,322000,322999.999,4097000,4097999.999
"9559",9869,322528.598,322536.076,4097685.885,4097691.634,"Silva","NEON_D17_TEAK_DP1_322000_4097000_classified_point_cloud_colorized.laz","2018_TEAK_3_322000_4097000_image.tif","Tree",1,322000,322999.999,4097000,4097999.999
"9560",9870,322336.771,322341.964,4097686.236,4097691.905,"Silva","NEON_D17_TEAK_DP1_322000_4097000_classified_point_cloud_colorized.laz","2018_TEAK_3_322000_4097000_image.tif","Tree",1,322000,322999.999,4097000,4097999.999
"9561",9872,322275.784,322277.472,4097689.556,4097691.835,"Silva","NEON_D17_TEAK_DP1_322000_4097000_classified_point_cloud_colorized.laz","2018_TEAK_3_322000_4097000_image.tif","Tree",1,322000,322999.999,4097000,4097999.999
"9562",9874,322400.609,322408.456,4097689.009,4097694.302,"Silva","NEON_D17_TEAK_DP1_322000_4097000_classified_point_cloud_colorized.laz","2018_TEAK_3_322000_4097000_image.tif","Tree",1,322000,322999.999,4097000,4097999.999
"9563",9875,322543.366,322549.925,4097689.711,4097695.852,"Silva","NEON_D17_TEAK_DP1_322000_4097000_classified_point_cloud_colorized.laz","2018_TEAK_3_322000_4097000_image.tif","Tree",1,322000,322999.999,4097000,4097999.999
"9564",9876,322581.507,322589.913,4097687.113,4097696.848,"Silva","NEON_D17_TEAK_DP1_322000_4097000_classified_point_cloud_colorized.laz","2018_TEAK_3_322000_4097000_image.tif","Tree",1,322000,322999.999,4097000,4097999.999
"9565",9877,322439.607,322445.889,4097689.47,4097695.967,"Silva","NEON_D17_TEAK_DP1_322000_4097000_classified_point_cloud_colorized.laz","2018_TEAK_3_322000_4097000_image.tif","Tree",1,322000,322999.999,4097000,4097999.999
"9566",9878,322342.536,322346.939,4097689.586,4097693.362,"Silva","NEON_D17_TEAK_DP1_322000_4097000_classified_point_cloud_colorized.laz","2018_TEAK_3_322000_4097000_image.tif","Tree",1,322000,322999.999,4097000,4097999.999
"9567",9879,322329.011,322336.455,4097689.028,4097696.667,"Silva","NEON_D17_TEAK_DP1_322000_4097000_classified_point_cloud_colorized.laz","2018_TEAK_3_322000_4097000_image.tif","Tree",1,322000,322999.999,4097000,4097999.999
"9568",9880,322463.124,322469.779,4097690.513,4097696.214,"Silva","NEON_D17_TEAK_DP1_322000_4097000_classified_point_cloud_colorized.laz","2018_TEAK_3_322000_4097000_image.tif","Tree",1,322000,322999.999,4097000,4097999.999
"9569",9881,322528.099,322535.48,4097691.272,4097697.432,"Silva","NEON_D17_TEAK_DP1_322000_4097000_classified_point_cloud_colorized.laz","2018_TEAK_3_322000_4097000_image.tif","Tree",1,322000,322999.999,4097000,4097999.999
"9570",9882,322538.281,322544.493,4097689.062,4097695.396,"Silva","NEON_D17_TEAK_DP1_322000_4097000_classified_point_cloud_colorized.laz","2018_TEAK_3_322000_4097000_image.tif","Tree",1,322000,322999.999,4097000,4097999.999
"9571",9883,322561.542,322565.95,4097691.549,4097696.715,"Silva","NEON_D17_TEAK_DP1_322000_4097000_classified_point_cloud_colorized.laz","2018_TEAK_3_322000_4097000_image.tif","Tree",1,322000,322999.999,4097000,4097999.999
"9572",9884,322553.062,322557.99,4097691.779,4097696.483,"Silva","NEON_D17_TEAK_DP1_322000_4097000_classified_point_cloud_colorized.laz","2018_TEAK_3_322000_4097000_image.tif","Tree",1,322000,322999.999,4097000,4097999.999
"9573",9885,322472.609,322479.422,4097692.513,4097698.409,"Silva","NEON_D17_TEAK_DP1_322000_4097000_classified_point_cloud_colorized.laz","2018_TEAK_3_322000_4097000_image.tif","Tree",1,322000,322999.999,4097000,4097999.999
"9574",9886,322403.007,322410.403,4097689.639,4097696.986,"Silva","NEON_D17_TEAK_DP1_322000_4097000_classified_point_cloud_colorized.laz","2018_TEAK_3_322000_4097000_image.tif","Tree",1,322000,322999.999,4097000,4097999.999
"9575",9887,322448.645,322456.831,4097690.335,4097697.929,"Silva","NEON_D17_TEAK_DP1_322000_4097000_classified_point_cloud_colorized.laz","2018_TEAK_3_322000_4097000_image.tif","Tree",1,322000,322999.999,4097000,4097999.999
"9576",9888,322153.047,322158.888,4097689.025,4097696.995,"Silva","NEON_D17_TEAK_DP1_322000_4097000_classified_point_cloud_colorized.laz","2018_TEAK_3_322000_4097000_image.tif","Tree",1,322000,322999.999,4097000,4097999.999
"9577",9889,322423.837,322423.837,4097693.153,4097693.153,"Silva","NEON_D17_TEAK_DP1_322000_4097000_classified_point_cloud_colorized.laz","2018_TEAK_3_322000_4097000_image.tif","Tree",1,322000,322999.999,4097000,4097999.999
"9578",9890,322493.79,322495.529,4097695.077,4097696.768,"Silva","NEON_D17_TEAK_DP1_322000_4097000_classified_point_cloud_colorized.laz","2018_TEAK_3_322000_4097000_image.tif","Tree",1,322000,322999.999,4097000,4097999.999
"9579",9891,322523.008,322529.491,4097692.585,4097700.319,"Silva","NEON_D17_TEAK_DP1_322000_4097000_classified_point_cloud_colorized.laz","2018_TEAK_3_322000_4097000_image.tif","Tree",1,322000,322999.999,4097000,4097999.999
"9580",9892,322558.123,322563.657,4097693.724,4097698.498,"Silva","NEON_D17_TEAK_DP1_322000_4097000_classified_point_cloud_colorized.laz","2018_TEAK_3_322000_4097000_image.tif","Tree",1,322000,322999.999,4097000,4097999.999
"9581",9893,322242.888,322247.49,4097693.03,4097696.974,"Silva","NEON_D17_TEAK_DP1_322000_4097000_classified_point_cloud_colorized.laz","2018_TEAK_3_322000_4097000_image.tif","Tree",1,322000,322999.999,4097000,4097999.999
"9582",9894,322138.073,322144.315,4097691.524,4097696.964,"Silva","NEON_D17_TEAK_DP1_322000_4097000_classified_point_cloud_colorized.laz","2018_TEAK_3_322000_4097000_image.tif","Tree",1,322000,322999.999,4097000,4097999.999
"9583",9895,322041.118,322046.47,4097693.284,4097696.708,"Silva","NEON_D17_TEAK_DP1_322000_4097000_classified_point_cloud_colorized.laz","2018_TEAK_3_322000_4097000_image.tif","Tree",1,322000,322999.999,4097000,4097999.999
"9584",9896,322350.544,322360.705,4097690.574,4097701.166,"Silva","NEON_D17_TEAK_DP1_322000_4097000_classified_point_cloud_colorized.laz","2018_TEAK_3_322000_4097000_image.tif","Tree",1,322000,322999.999,4097000,4097999.999
"9585",9897,322294.01,322302.492,4097693.191,4097701.227,"Silva","NEON_D17_TEAK_DP1_322000_4097000_classified_point_cloud_colorized.laz","2018_TEAK_3_322000_4097000_image.tif","Tree",1,322000,322999.999,4097000,4097999.999
"9586",9898,322559.032,322562.157,4097698.511,4097701.426,"Silva","NEON_D17_TEAK_DP1_322000_4097000_classified_point_cloud_colorized.laz","2018_TEAK_3_322000_4097000_image.tif","Tree",1,322000,322999.999,4097000,4097999.999
"9587",9899,322543.091,322550.792,4097695.535,4097703.398,"Silva","NEON_D17_TEAK_DP1_322000_4097000_classified_point_cloud_colorized.laz","2018_TEAK_3_322000_4097000_image.tif","Tree",1,322000,322999.999,4097000,4097999.999
"9588",9900,322453.785,322461.462,4097694.587,4097702.249,"Silva","NEON_D17_TEAK_DP1_322000_4097000_classified_point_cloud_colorized.laz","2018_TEAK_3_322000_4097000_image.tif","Tree",1,322000,322999.999,4097000,4097999.999
"9589",9901,322283.227,322292.975,4097694.097,4097701.489,"Silva","NEON_D17_TEAK_DP1_322000_4097000_classified_point_cloud_colorized.laz","2018_TEAK_3_322000_4097000_image.tif","Tree",1,322000,322999.999,4097000,4097999.999
"9590",9902,322163.516,322174.881,4097691.652,4097703.72,"Silva","NEON_D17_TEAK_DP1_322000_4097000_classified_point_cloud_colorized.laz","2018_TEAK_3_322000_4097000_image.tif","Tree",1,322000,322999.999,4097000,4097999.999
"9591",9903,322178.674,322190.873,4097699.17,4097703.475,"Silva","NEON_D17_TEAK_DP1_322000_4097000_classified_point_cloud_colorized.laz","2018_TEAK_3_322000_4097000_image.tif","Tree",1,322000,322999.999,4097000,4097999.999
"9592",9904,322569.531,322577.487,4097695.055,4097703.474,"Silva","NEON_D17_TEAK_DP1_322000_4097000_classified_point_cloud_colorized.laz","2018_TEAK_3_322000_4097000_image.tif","Tree",1,322000,322999.999,4097000,4097999.999
"9593",9905,322526.101,322534.457,4097697.203,4097705.312,"Silva","NEON_D17_TEAK_DP1_322000_4097000_classified_point_cloud_colorized.laz","2018_TEAK_3_322000_4097000_image.tif","Tree",1,322000,322999.999,4097000,4097999.999
"9594",9906,322124.194,322132.4,4097695.374,4097702.45,"Silva","NEON_D17_TEAK_DP1_322000_4097000_classified_point_cloud_colorized.laz","2018_TEAK_3_322000_4097000_image.tif","Tree",1,322000,322999.999,4097000,4097999.999
"9595",9908,322393.065,322396.945,4097704.248,4097706.497,"Silva","NEON_D17_TEAK_DP1_322000_4097000_classified_point_cloud_colorized.laz","2018_TEAK_3_322000_4097000_image.tif","Tree",1,322000,322999.999,4097000,4097999.999
"9596",9909,322561.092,322567.413,4097700.115,4097706,"Silva","NEON_D17_TEAK_DP1_322000_4097000_classified_point_cloud_colorized.laz","2018_TEAK_3_322000_4097000_image.tif","Tree",1,322000,322999.999,4097000,4097999.999
"9597",9910,322578.086,322584.992,4097699.097,4097706.47,"Silva","NEON_D17_TEAK_DP1_322000_4097000_classified_point_cloud_colorized.laz","2018_TEAK_3_322000_4097000_image.tif","Tree",1,322000,322999.999,4097000,4097999.999
"9598",9912,322073.015,322076.082,4097697.597,4097701.364,"Silva","NEON_D17_TEAK_DP1_322000_4097000_classified_point_cloud_colorized.laz","2018_TEAK_3_322000_4097000_image.tif","Tree",1,322000,322999.999,4097000,4097999.999
"9599",9913,322000.607,322002.442,4097698.727,4097701.483,"Silva","NEON_D17_TEAK_DP1_322000_4097000_classified_point_cloud_colorized.laz","2018_TEAK_3_322000_4097000_image.tif","Tree",1,322000,322999.999,4097000,4097999.999
"9600",9914,322378.265,322382.453,4097700.015,4097704.842,"Silva","NEON_D17_TEAK_DP1_322000_4097000_classified_point_cloud_colorized.laz","2018_TEAK_3_322000_4097000_image.tif","Tree",1,322000,322999.999,4097000,4097999.999
"9601",9915,322547.032,322555.267,4097701.146,4097709.312,"Silva","NEON_D17_TEAK_DP1_322000_4097000_classified_point_cloud_colorized.laz","2018_TEAK_3_322000_4097000_image.tif","Tree",1,322000,322999.999,4097000,4097999.999
"9602",9916,322541.506,322547.284,4097702.009,4097709.149,"Silva","NEON_D17_TEAK_DP1_322000_4097000_classified_point_cloud_colorized.laz","2018_TEAK_3_322000_4097000_image.tif","Tree",1,322000,322999.999,4097000,4097999.999
"9603",9917,322123.212,322129.493,4097700.246,4097707.9,"Silva","NEON_D17_TEAK_DP1_322000_4097000_classified_point_cloud_colorized.laz","2018_TEAK_3_322000_4097000_image.tif","Tree",1,322000,322999.999,4097000,4097999.999
"9604",9918,322000.036,322001.477,4097701.634,4097703.048,"Silva","NEON_D17_TEAK_DP1_322000_4097000_classified_point_cloud_colorized.laz","2018_TEAK_3_322000_4097000_image.tif","Tree",1,322000,322999.999,4097000,4097999.999
"9605",9919,322078.451,322084.804,4097699.092,4097706.929,"Silva","NEON_D17_TEAK_DP1_322000_4097000_classified_point_cloud_colorized.laz","2018_TEAK_3_322000_4097000_image.tif","Tree",1,322000,322999.999,4097000,4097999.999
"9606",9920,322334.576,322342.326,4097702.587,4097708.65,"Silva","NEON_D17_TEAK_DP1_322000_4097000_classified_point_cloud_colorized.laz","2018_TEAK_3_322000_4097000_image.tif","Tree",1,322000,322999.999,4097000,4097999.999
"9607",9921,322387.213,322393.867,4097703.069,4097709.303,"Silva","NEON_D17_TEAK_DP1_322000_4097000_classified_point_cloud_colorized.laz","2018_TEAK_3_322000_4097000_image.tif","Tree",1,322000,322999.999,4097000,4097999.999
"9608",9922,322375.611,322383.37,4097704.59,4097710.929,"Silva","NEON_D17_TEAK_DP1_322000_4097000_classified_point_cloud_colorized.laz","2018_TEAK_3_322000_4097000_image.tif","Tree",1,322000,322999.999,4097000,4097999.999
"9609",9923,322131.061,322138.895,4097700.541,4097708.398,"Silva","NEON_D17_TEAK_DP1_322000_4097000_classified_point_cloud_colorized.laz","2018_TEAK_3_322000_4097000_image.tif","Tree",1,322000,322999.999,4097000,4097999.999
"9610",9924,322479.885,322482.397,4097704.201,4097707.384,"Silva","NEON_D17_TEAK_DP1_322000_4097000_classified_point_cloud_colorized.laz","2018_TEAK_3_322000_4097000_image.tif","Tree",1,322000,322999.999,4097000,4097999.999
"9611",9925,322367.547,322374.973,4097702.215,4097710.866,"Silva","NEON_D17_TEAK_DP1_322000_4097000_classified_point_cloud_colorized.laz","2018_TEAK_3_322000_4097000_image.tif","Tree",1,322000,322999.999,4097000,4097999.999
"9612",9926,322342.047,322348.383,4097703.23,4097710.311,"Silva","NEON_D17_TEAK_DP1_322000_4097000_classified_point_cloud_colorized.laz","2018_TEAK_3_322000_4097000_image.tif","Tree",1,322000,322999.999,4097000,4097999.999
"9613",9927,322354.53,322359.406,4097704.055,4097709.694,"Silva","NEON_D17_TEAK_DP1_322000_4097000_classified_point_cloud_colorized.laz","2018_TEAK_3_322000_4097000_image.tif","Tree",1,322000,322999.999,4097000,4097999.999
"9614",9928,322521.071,322525.726,4097706.036,4097711.795,"Silva","NEON_D17_TEAK_DP1_322000_4097000_classified_point_cloud_colorized.laz","2018_TEAK_3_322000_4097000_image.tif","Tree",1,322000,322999.999,4097000,4097999.999
"9615",9929,322399.69,322408.569,4097704.026,4097712.849,"Silva","NEON_D17_TEAK_DP1_322000_4097000_classified_point_cloud_colorized.laz","2018_TEAK_3_322000_4097000_image.tif","Tree",1,322000,322999.999,4097000,4097999.999
"9616",9930,322346.585,322352.443,4097705.093,4097711.403,"Silva","NEON_D17_TEAK_DP1_322000_4097000_classified_point_cloud_colorized.laz","2018_TEAK_3_322000_4097000_image.tif","Tree",1,322000,322999.999,4097000,4097999.999
"9617",9931,322119.957,322122.916,4097705.512,4097707.859,"Silva","NEON_D17_TEAK_DP1_322000_4097000_classified_point_cloud_colorized.laz","2018_TEAK_3_322000_4097000_image.tif","Tree",1,322000,322999.999,4097000,4097999.999
"9618",9932,322248.003,322254.276,4097705.51,4097711.494,"Silva","NEON_D17_TEAK_DP1_322000_4097000_classified_point_cloud_colorized.laz","2018_TEAK_3_322000_4097000_image.tif","Tree",1,322000,322999.999,4097000,4097999.999
"9619",9933,322516.821,322521.672,4097708.954,4097713.202,"Silva","NEON_D17_TEAK_DP1_322000_4097000_classified_point_cloud_colorized.laz","2018_TEAK_3_322000_4097000_image.tif","Tree",1,322000,322999.999,4097000,4097999.999
"9620",9934,322556.075,322563.99,4097707.569,4097712.982,"Silva","NEON_D17_TEAK_DP1_322000_4097000_classified_point_cloud_colorized.laz","2018_TEAK_3_322000_4097000_image.tif","Tree",1,322000,322999.999,4097000,4097999.999
"9621",9935,322325.797,322335.911,4097703.004,4097713.382,"Silva","NEON_D17_TEAK_DP1_322000_4097000_classified_point_cloud_colorized.laz","2018_TEAK_3_322000_4097000_image.tif","Tree",1,322000,322999.999,4097000,4097999.999
"9622",9936,322371.069,322378.904,4097706.154,4097713.839,"Silva","NEON_D17_TEAK_DP1_322000_4097000_classified_point_cloud_colorized.laz","2018_TEAK_3_322000_4097000_image.tif","Tree",1,322000,322999.999,4097000,4097999.999
"9623",9938,322189.526,322198.999,4097703.949,4097712.981,"Silva","NEON_D17_TEAK_DP1_322000_4097000_classified_point_cloud_colorized.laz","2018_TEAK_3_322000_4097000_image.tif","Tree",1,322000,322999.999,4097000,4097999.999
"9624",9939,322363.037,322370.784,4097708.094,4097715.463,"Silva","NEON_D17_TEAK_DP1_322000_4097000_classified_point_cloud_colorized.laz","2018_TEAK_3_322000_4097000_image.tif","Tree",1,322000,322999.999,4097000,4097999.999
"9625",9940,322519,322525.963,4097711.52,4097715.612,"Silva","NEON_D17_TEAK_DP1_322000_4097000_classified_point_cloud_colorized.laz","2018_TEAK_3_322000_4097000_image.tif","Tree",1,322000,322999.999,4097000,4097999.999
"9626",9941,322441.144,322442.474,4097713.928,4097714.452,"Silva","NEON_D17_TEAK_DP1_322000_4097000_classified_point_cloud_colorized.laz","2018_TEAK_3_322000_4097000_image.tif","Tree",1,322000,322999.999,4097000,4097999.999
"9627",9942,322507.51,322512.386,4097711.069,4097716.22,"Silva","NEON_D17_TEAK_DP1_322000_4097000_classified_point_cloud_colorized.laz","2018_TEAK_3_322000_4097000_image.tif","Tree",1,322000,322999.999,4097000,4097999.999
"9628",9943,322556.745,322563.499,4097713.073,4097717.762,"Silva","NEON_D17_TEAK_DP1_322000_4097000_classified_point_cloud_colorized.laz","2018_TEAK_3_322000_4097000_image.tif","Tree",1,322000,322999.999,4097000,4097999.999
"9629",9944,322432.7,322433.343,4097713.845,4097714.349,"Silva","NEON_D17_TEAK_DP1_322000_4097000_classified_point_cloud_colorized.laz","2018_TEAK_3_322000_4097000_image.tif","Tree",1,322000,322999.999,4097000,4097999.999
"9630",9945,322343.029,322351.999,4097710.244,4097715.94,"Silva","NEON_D17_TEAK_DP1_322000_4097000_classified_point_cloud_colorized.laz","2018_TEAK_3_322000_4097000_image.tif","Tree",1,322000,322999.999,4097000,4097999.999
"9631",9946,322512.502,322518.998,4097710.511,4097720.183,"Silva","NEON_D17_TEAK_DP1_322000_4097000_classified_point_cloud_colorized.laz","2018_TEAK_3_322000_4097000_image.tif","Tree",1,322000,322999.999,4097000,4097999.999
"9632",9947,322131.28,322139.407,4097708.133,4097716.922,"Silva","NEON_D17_TEAK_DP1_322000_4097000_classified_point_cloud_colorized.laz","2018_TEAK_3_322000_4097000_image.tif","Tree",1,322000,322999.999,4097000,4097999.999
"9633",9948,322517.944,322526.367,4097714.489,4097722.456,"Silva","NEON_D17_TEAK_DP1_322000_4097000_classified_point_cloud_colorized.laz","2018_TEAK_3_322000_4097000_image.tif","Tree",1,322000,322999.999,4097000,4097999.999
"9634",9949,322376.044,322384.499,4097711.033,4097719.486,"Silva","NEON_D17_TEAK_DP1_322000_4097000_classified_point_cloud_colorized.laz","2018_TEAK_3_322000_4097000_image.tif","Tree",1,322000,322999.999,4097000,4097999.999
"9635",9950,322139.059,322146.795,4097708.576,4097716.905,"Silva","NEON_D17_TEAK_DP1_322000_4097000_classified_point_cloud_colorized.laz","2018_TEAK_3_322000_4097000_image.tif","Tree",1,322000,322999.999,4097000,4097999.999
"9636",9951,322398.125,322400.218,4097715.971,4097718.788,"Silva","NEON_D17_TEAK_DP1_322000_4097000_classified_point_cloud_colorized.laz","2018_TEAK_3_322000_4097000_image.tif","Tree",1,322000,322999.999,4097000,4097999.999
"9637",9952,322560.48,322565.424,4097715.533,4097722.382,"Silva","NEON_D17_TEAK_DP1_322000_4097000_classified_point_cloud_colorized.laz","2018_TEAK_3_322000_4097000_image.tif","Tree",1,322000,322999.999,4097000,4097999.999
"9638",9953,322317.514,322324.71,4097710.063,4097718.474,"Silva","NEON_D17_TEAK_DP1_322000_4097000_classified_point_cloud_colorized.laz","2018_TEAK_3_322000_4097000_image.tif","Tree",1,322000,322999.999,4097000,4097999.999
"9639",9954,322399.253,322403.498,4097715.984,4097719.981,"Silva","NEON_D17_TEAK_DP1_322000_4097000_classified_point_cloud_colorized.laz","2018_TEAK_3_322000_4097000_image.tif","Tree",1,322000,322999.999,4097000,4097999.999
"9640",9955,322434.15,322438.233,4097716.053,4097720.227,"Silva","NEON_D17_TEAK_DP1_322000_4097000_classified_point_cloud_colorized.laz","2018_TEAK_3_322000_4097000_image.tif","Tree",1,322000,322999.999,4097000,4097999.999
"9641",9956,322515.572,322515.972,4097719.218,4097720.171,"Silva","NEON_D17_TEAK_DP1_322000_4097000_classified_point_cloud_colorized.laz","2018_TEAK_3_322000_4097000_image.tif","Tree",1,322000,322999.999,4097000,4097999.999
"9642",9957,322443.021,322445.852,4097717.493,4097720.271,"Silva","NEON_D17_TEAK_DP1_322000_4097000_classified_point_cloud_colorized.laz","2018_TEAK_3_322000_4097000_image.tif","Tree",1,322000,322999.999,4097000,4097999.999
"9643",9958,322301.169,322309.331,4097712.004,4097721.419,"Silva","NEON_D17_TEAK_DP1_322000_4097000_classified_point_cloud_colorized.laz","2018_TEAK_3_322000_4097000_image.tif","Tree",1,322000,322999.999,4097000,4097999.999
"9644",9959,322271.007,322279.911,4097712.178,4097720.708,"Silva","NEON_D17_TEAK_DP1_322000_4097000_classified_point_cloud_colorized.laz","2018_TEAK_3_322000_4097000_image.tif","Tree",1,322000,322999.999,4097000,4097999.999
"9645",9960,322437.577,322441.472,4097717.335,4097721.994,"Silva","NEON_D17_TEAK_DP1_322000_4097000_classified_point_cloud_colorized.laz","2018_TEAK_3_322000_4097000_image.tif","Tree",1,322000,322999.999,4097000,4097999.999
"9646",9961,322462.012,322469.368,4097715.58,4097722.757,"Silva","NEON_D17_TEAK_DP1_322000_4097000_classified_point_cloud_colorized.laz","2018_TEAK_3_322000_4097000_image.tif","Tree",1,322000,322999.999,4097000,4097999.999
"9647",9962,322343.073,322350.999,4097715.505,4097722.39,"Silva","NEON_D17_TEAK_DP1_322000_4097000_classified_point_cloud_colorized.laz","2018_TEAK_3_322000_4097000_image.tif","Tree",1,322000,322999.999,4097000,4097999.999
"9648",9963,322183.219,322191.373,4097711.078,4097719.839,"Silva","NEON_D17_TEAK_DP1_322000_4097000_classified_point_cloud_colorized.laz","2018_TEAK_3_322000_4097000_image.tif","Tree",1,322000,322999.999,4097000,4097999.999
"9649",9964,322003.645,322010.968,4097709.745,4097718.977,"Silva","NEON_D17_TEAK_DP1_322000_4097000_classified_point_cloud_colorized.laz","2018_TEAK_3_322000_4097000_image.tif","Tree",1,322000,322999.999,4097000,4097999.999
"9650",9965,322561.166,322568.479,4097719.306,4097724.492,"Silva","NEON_D17_TEAK_DP1_322000_4097000_classified_point_cloud_colorized.laz","2018_TEAK_3_322000_4097000_image.tif","Tree",1,322000,322999.999,4097000,4097999.999
"9651",9966,322331.017,322337.475,4097716.669,4097723.408,"Silva","NEON_D17_TEAK_DP1_322000_4097000_classified_point_cloud_colorized.laz","2018_TEAK_3_322000_4097000_image.tif","Tree",1,322000,322999.999,4097000,4097999.999
"9652",9967,322399.511,322404.437,4097719.514,4097723.949,"Silva","NEON_D17_TEAK_DP1_322000_4097000_classified_point_cloud_colorized.laz","2018_TEAK_3_322000_4097000_image.tif","Tree",1,322000,322999.999,4097000,4097999.999
"9653",9968,322552.024,322558.838,4097719.168,4097726.969,"Silva","NEON_D17_TEAK_DP1_322000_4097000_classified_point_cloud_colorized.laz","2018_TEAK_3_322000_4097000_image.tif","Tree",1,322000,322999.999,4097000,4097999.999
"9654",9969,322456.514,322463.495,4097718.608,4097725.887,"Silva","NEON_D17_TEAK_DP1_322000_4097000_classified_point_cloud_colorized.laz","2018_TEAK_3_322000_4097000_image.tif","Tree",1,322000,322999.999,4097000,4097999.999
"9655",9970,322336.794,322343.983,4097716.784,4097723.988,"Silva","NEON_D17_TEAK_DP1_322000_4097000_classified_point_cloud_colorized.laz","2018_TEAK_3_322000_4097000_image.tif","Tree",1,322000,322999.999,4097000,4097999.999
"9656",9971,322018.259,322022.468,4097714.607,4097719.471,"Silva","NEON_D17_TEAK_DP1_322000_4097000_classified_point_cloud_colorized.laz","2018_TEAK_3_322000_4097000_image.tif","Tree",1,322000,322999.999,4097000,4097999.999
"9657",9972,322467.577,322474.471,4097719.214,4097727.46,"Silva","NEON_D17_TEAK_DP1_322000_4097000_classified_point_cloud_colorized.laz","2018_TEAK_3_322000_4097000_image.tif","Tree",1,322000,322999.999,4097000,4097999.999
"9658",9973,322261.526,322272.896,4097715.508,4097725.984,"Silva","NEON_D17_TEAK_DP1_322000_4097000_classified_point_cloud_colorized.laz","2018_TEAK_3_322000_4097000_image.tif","Tree",1,322000,322999.999,4097000,4097999.999
"9659",9974,322088.602,322092.282,4097718.354,4097721.5,"Silva","NEON_D17_TEAK_DP1_322000_4097000_classified_point_cloud_colorized.laz","2018_TEAK_3_322000_4097000_image.tif","Tree",1,322000,322999.999,4097000,4097999.999
"9660",9975,322206.698,322212.44,4097718.079,4097724.988,"Silva","NEON_D17_TEAK_DP1_322000_4097000_classified_point_cloud_colorized.laz","2018_TEAK_3_322000_4097000_image.tif","Tree",1,322000,322999.999,4097000,4097999.999
"9661",9976,322242.564,322246.986,4097720.01,4097724.432,"Silva","NEON_D17_TEAK_DP1_322000_4097000_classified_point_cloud_colorized.laz","2018_TEAK_3_322000_4097000_image.tif","Tree",1,322000,322999.999,4097000,4097999.999
"9662",9977,322544.5,322553.479,4097721.173,4097729.717,"Silva","NEON_D17_TEAK_DP1_322000_4097000_classified_point_cloud_colorized.laz","2018_TEAK_3_322000_4097000_image.tif","Tree",1,322000,322999.999,4097000,4097999.999
"9663",9978,322489.085,322491.388,4097724.015,4097726.985,"Silva","NEON_D17_TEAK_DP1_322000_4097000_classified_point_cloud_colorized.laz","2018_TEAK_3_322000_4097000_image.tif","Tree",1,322000,322999.999,4097000,4097999.999
"9664",9979,322438.818,322443.446,4097722.015,4097726.92,"Silva","NEON_D17_TEAK_DP1_322000_4097000_classified_point_cloud_colorized.laz","2018_TEAK_3_322000_4097000_image.tif","Tree",1,322000,322999.999,4097000,4097999.999
"9665",9980,322373.174,322379.997,4097721.05,4097728.961,"Silva","NEON_D17_TEAK_DP1_322000_4097000_classified_point_cloud_colorized.laz","2018_TEAK_3_322000_4097000_image.tif","Tree",1,322000,322999.999,4097000,4097999.999
"9666",9981,322016.69,322022.997,4097720.05,4097723.937,"Silva","NEON_D17_TEAK_DP1_322000_4097000_classified_point_cloud_colorized.laz","2018_TEAK_3_322000_4097000_image.tif","Tree",1,322000,322999.999,4097000,4097999.999
"9667",9982,322000.187,322000.38,4097721.12,4097723.976,"Silva","NEON_D17_TEAK_DP1_322000_4097000_classified_point_cloud_colorized.laz","2018_TEAK_3_322000_4097000_image.tif","Tree",1,322000,322999.999,4097000,4097999.999
"9668",9983,322411.509,322418.474,4097723.503,4097730.402,"Silva","NEON_D17_TEAK_DP1_322000_4097000_classified_point_cloud_colorized.laz","2018_TEAK_3_322000_4097000_image.tif","Tree",1,322000,322999.999,4097000,4097999.999
"9669",9984,322342.663,322351.353,4097721.659,4097730.482,"Silva","NEON_D17_TEAK_DP1_322000_4097000_classified_point_cloud_colorized.laz","2018_TEAK_3_322000_4097000_image.tif","Tree",1,322000,322999.999,4097000,4097999.999
"9670",9985,322251.045,322252.961,4097724.576,4097726.902,"Silva","NEON_D17_TEAK_DP1_322000_4097000_classified_point_cloud_colorized.laz","2018_TEAK_3_322000_4097000_image.tif","Tree",1,322000,322999.999,4097000,4097999.999
"9671",9986,322337.034,322342.907,4097724.008,4097730.5,"Silva","NEON_D17_TEAK_DP1_322000_4097000_classified_point_cloud_colorized.laz","2018_TEAK_3_322000_4097000_image.tif","Tree",1,322000,322999.999,4097000,4097999.999
"9672",9987,322088.593,322089.928,4097723.51,4097725.057,"Silva","NEON_D17_TEAK_DP1_322000_4097000_classified_point_cloud_colorized.laz","2018_TEAK_3_322000_4097000_image.tif","Tree",1,322000,322999.999,4097000,4097999.999
"9673",9988,322451.539,322459.306,4097725.001,4097732.295,"Silva","NEON_D17_TEAK_DP1_322000_4097000_classified_point_cloud_colorized.laz","2018_TEAK_3_322000_4097000_image.tif","Tree",1,322000,322999.999,4097000,4097999.999
"9674",9989,322420.004,322426.664,4097725.521,4097732.171,"Silva","NEON_D17_TEAK_DP1_322000_4097000_classified_point_cloud_colorized.laz","2018_TEAK_3_322000_4097000_image.tif","Tree",1,322000,322999.999,4097000,4097999.999
"9675",9990,322393.019,322399.375,4097724.684,4097732.825,"Silva","NEON_D17_TEAK_DP1_322000_4097000_classified_point_cloud_colorized.laz","2018_TEAK_3_322000_4097000_image.tif","Tree",1,322000,322999.999,4097000,4097999.999
"9676",9991,322062.505,322069.477,4097720.01,4097728.952,"Silva","NEON_D17_TEAK_DP1_322000_4097000_classified_point_cloud_colorized.laz","2018_TEAK_3_322000_4097000_image.tif","Tree",1,322000,322999.999,4097000,4097999.999
"9677",9992,322359.719,322365.954,4097724.578,4097732.069,"Silva","NEON_D17_TEAK_DP1_322000_4097000_classified_point_cloud_colorized.laz","2018_TEAK_3_322000_4097000_image.tif","Tree",1,322000,322999.999,4097000,4097999.999
"9678",9993,322397.537,322403.999,4097726.274,4097733.91,"Silva","NEON_D17_TEAK_DP1_322000_4097000_classified_point_cloud_colorized.laz","2018_TEAK_3_322000_4097000_image.tif","Tree",1,322000,322999.999,4097000,4097999.999
"9679",9994,322077.501,322083.992,4097722.528,4097729.997,"Silva","NEON_D17_TEAK_DP1_322000_4097000_classified_point_cloud_colorized.laz","2018_TEAK_3_322000_4097000_image.tif","Tree",1,322000,322999.999,4097000,4097999.999
"9680",9995,322000.73,322003.994,4097724.588,4097728.403,"Silva","NEON_D17_TEAK_DP1_322000_4097000_classified_point_cloud_colorized.laz","2018_TEAK_3_322000_4097000_image.tif","Tree",1,322000,322999.999,4097000,4097999.999
"9681",9996,322038.171,322047.862,4097723.73,4097730.84,"Silva","NEON_D17_TEAK_DP1_322000_4097000_classified_point_cloud_colorized.laz","2018_TEAK_3_322000_4097000_image.tif","Tree",1,322000,322999.999,4097000,4097999.999
"9682",9997,322501.087,322507.284,4097729.035,4097735.358,"Silva","NEON_D17_TEAK_DP1_322000_4097000_classified_point_cloud_colorized.laz","2018_TEAK_3_322000_4097000_image.tif","Tree",1,322000,322999.999,4097000,4097999.999
"9683",9998,322267.091,322274.102,4097726.036,4097735.257,"Silva","NEON_D17_TEAK_DP1_322000_4097000_classified_point_cloud_colorized.laz","2018_TEAK_3_322000_4097000_image.tif","Tree",1,322000,322999.999,4097000,4097999.999
"9684",9999,322117.468,322124.666,4097724.649,4097732.414,"Silva","NEON_D17_TEAK_DP1_322000_4097000_classified_point_cloud_colorized.laz","2018_TEAK_3_322000_4097000_image.tif","Tree",1,322000,322999.999,4097000,4097999.999
"9685",10000,322291.61,322298.932,4097727.578,4097734.38,"Silva","NEON_D17_TEAK_DP1_322000_4097000_classified_point_cloud_colorized.laz","2018_TEAK_3_322000_4097000_image.tif","Tree",1,322000,322999.999,4097000,4097999.999
"9686",10001,322252.757,322252.812,4097731.942,4097732.48,"Silva","NEON_D17_TEAK_DP1_322000_4097000_classified_point_cloud_colorized.laz","2018_TEAK_3_322000_4097000_image.tif","Tree",1,322000,322999.999,4097000,4097999.999
"9687",10002,322273.133,322279.962,4097727.278,4097734.258,"Silva","NEON_D17_TEAK_DP1_322000_4097000_classified_point_cloud_colorized.laz","2018_TEAK_3_322000_4097000_image.tif","Tree",1,322000,322999.999,4097000,4097999.999
"9688",10003,322405.133,322410.935,4097729.062,4097736.749,"Silva","NEON_D17_TEAK_DP1_322000_4097000_classified_point_cloud_colorized.laz","2018_TEAK_3_322000_4097000_image.tif","Tree",1,322000,322999.999,4097000,4097999.999
"9689",10004,322512.582,322518.388,4097732.502,4097737.704,"Silva","NEON_D17_TEAK_DP1_322000_4097000_classified_point_cloud_colorized.laz","2018_TEAK_3_322000_4097000_image.tif","Tree",1,322000,322999.999,4097000,4097999.999
"9690",10005,322434.153,322438.965,4097732.035,4097735.789,"Silva","NEON_D17_TEAK_DP1_322000_4097000_classified_point_cloud_colorized.laz","2018_TEAK_3_322000_4097000_image.tif","Tree",1,322000,322999.999,4097000,4097999.999
"9691",10007,322148.523,322155.472,4097726.706,4097735.577,"Silva","NEON_D17_TEAK_DP1_322000_4097000_classified_point_cloud_colorized.laz","2018_TEAK_3_322000_4097000_image.tif","Tree",1,322000,322999.999,4097000,4097999.999
"9692",10008,322083.297,322087.466,4097729.187,4097731.908,"Silva","NEON_D17_TEAK_DP1_322000_4097000_classified_point_cloud_colorized.laz","2018_TEAK_3_322000_4097000_image.tif","Tree",1,322000,322999.999,4097000,4097999.999
"9693",10009,322460.503,322461.896,4097734.265,4097735.924,"Silva","NEON_D17_TEAK_DP1_322000_4097000_classified_point_cloud_colorized.laz","2018_TEAK_3_322000_4097000_image.tif","Tree",1,322000,322999.999,4097000,4097999.999
"9694",10010,322471.593,322476.982,4097732.165,4097737.494,"Silva","NEON_D17_TEAK_DP1_322000_4097000_classified_point_cloud_colorized.laz","2018_TEAK_3_322000_4097000_image.tif","Tree",1,322000,322999.999,4097000,4097999.999
"9695",10011,322520.647,322528.472,4097732.511,4097739.486,"Silva","NEON_D17_TEAK_DP1_322000_4097000_classified_point_cloud_colorized.laz","2018_TEAK_3_322000_4097000_image.tif","Tree",1,322000,322999.999,4097000,4097999.999
"9696",10012,322332.505,322338.449,4097731.71,4097738.493,"Silva","NEON_D17_TEAK_DP1_322000_4097000_classified_point_cloud_colorized.laz","2018_TEAK_3_322000_4097000_image.tif","Tree",1,322000,322999.999,4097000,4097999.999
"9697",10013,322161.677,322167.496,4097729.043,4097736.924,"Silva","NEON_D17_TEAK_DP1_322000_4097000_classified_point_cloud_colorized.laz","2018_TEAK_3_322000_4097000_image.tif","Tree",1,322000,322999.999,4097000,4097999.999
"9698",10014,322060.026,322069.809,4097729.007,4097738.234,"Silva","NEON_D17_TEAK_DP1_322000_4097000_classified_point_cloud_colorized.laz","2018_TEAK_3_322000_4097000_image.tif","Tree",1,322000,322999.999,4097000,4097999.999
"9699",10016,322393.683,322399.892,4097734.118,4097740.199,"Silva","NEON_D17_TEAK_DP1_322000_4097000_classified_point_cloud_colorized.laz","2018_TEAK_3_322000_4097000_image.tif","Tree",1,322000,322999.999,4097000,4097999.999
"9700",10017,322012.556,322018.475,4097729.024,4097737.322,"Silva","NEON_D17_TEAK_DP1_322000_4097000_classified_point_cloud_colorized.laz","2018_TEAK_3_322000_4097000_image.tif","Tree",1,322000,322999.999,4097000,4097999.999
"9701",10018,322147.056,322151.497,4097733.067,4097737.845,"Silva","NEON_D17_TEAK_DP1_322000_4097000_classified_point_cloud_colorized.laz","2018_TEAK_3_322000_4097000_image.tif","Tree",1,322000,322999.999,4097000,4097999.999
"9702",10019,322287.002,322295.937,4097735.124,4097740.498,"Silva","NEON_D17_TEAK_DP1_322000_4097000_classified_point_cloud_colorized.laz","2018_TEAK_3_322000_4097000_image.tif","Tree",1,322000,322999.999,4097000,4097999.999
"9703",10020,322339.022,322345.88,4097734.032,4097740.793,"Silva","NEON_D17_TEAK_DP1_322000_4097000_classified_point_cloud_colorized.laz","2018_TEAK_3_322000_4097000_image.tif","Tree",1,322000,322999.999,4097000,4097999.999
"9704",10021,322530.684,322536.255,4097735.536,4097743.379,"Silva","NEON_D17_TEAK_DP1_322000_4097000_classified_point_cloud_colorized.laz","2018_TEAK_3_322000_4097000_image.tif","Tree",1,322000,322999.999,4097000,4097999.999
"9705",10022,322479.532,322483.946,4097737.518,4097742.072,"Silva","NEON_D17_TEAK_DP1_322000_4097000_classified_point_cloud_colorized.laz","2018_TEAK_3_322000_4097000_image.tif","Tree",1,322000,322999.999,4097000,4097999.999
"9706",10023,322402.683,322406.954,4097736.612,4097741.414,"Silva","NEON_D17_TEAK_DP1_322000_4097000_classified_point_cloud_colorized.laz","2018_TEAK_3_322000_4097000_image.tif","Tree",1,322000,322999.999,4097000,4097999.999
"9707",10024,322325.147,322332.317,4097735.302,4097742.156,"Silva","NEON_D17_TEAK_DP1_322000_4097000_classified_point_cloud_colorized.laz","2018_TEAK_3_322000_4097000_image.tif","Tree",1,322000,322999.999,4097000,4097999.999
"9708",10025,322527.007,322532.412,4097737.581,4097744.258,"Silva","NEON_D17_TEAK_DP1_322000_4097000_classified_point_cloud_colorized.laz","2018_TEAK_3_322000_4097000_image.tif","Tree",1,322000,322999.999,4097000,4097999.999
"9709",10026,322412.563,322418.071,4097736.535,4097743.288,"Silva","NEON_D17_TEAK_DP1_322000_4097000_classified_point_cloud_colorized.laz","2018_TEAK_3_322000_4097000_image.tif","Tree",1,322000,322999.999,4097000,4097999.999
"9710",10027,322388.761,322394.896,4097736.502,4097742.729,"Silva","NEON_D17_TEAK_DP1_322000_4097000_classified_point_cloud_colorized.laz","2018_TEAK_3_322000_4097000_image.tif","Tree",1,322000,322999.999,4097000,4097999.999
"9711",10028,322508.16,322513.919,4097738.116,4097745.95,"Silva","NEON_D17_TEAK_DP1_322000_4097000_classified_point_cloud_colorized.laz","2018_TEAK_3_322000_4097000_image.tif","Tree",1,322000,322999.999,4097000,4097999.999
"9712",10029,322535.068,322542.499,4097739.004,4097746.055,"Silva","NEON_D17_TEAK_DP1_322000_4097000_classified_point_cloud_colorized.laz","2018_TEAK_3_322000_4097000_image.tif","Tree",1,322000,322999.999,4097000,4097999.999
"9713",10030,322514.055,322519.223,4097740.06,4097745.5,"Silva","NEON_D17_TEAK_DP1_322000_4097000_classified_point_cloud_colorized.laz","2018_TEAK_3_322000_4097000_image.tif","Tree",1,322000,322999.999,4097000,4097999.999
"9714",10031,322047.193,322052.899,4097735.1,4097739.048,"Silva","NEON_D17_TEAK_DP1_322000_4097000_classified_point_cloud_colorized.laz","2018_TEAK_3_322000_4097000_image.tif","Tree",1,322000,322999.999,4097000,4097999.999
"9715",10032,322435.526,322441.82,4097741.136,4097745.276,"Silva","NEON_D17_TEAK_DP1_322000_4097000_classified_point_cloud_colorized.laz","2018_TEAK_3_322000_4097000_image.tif","Tree",1,322000,322999.999,4097000,4097999.999
"9716",10033,322462.091,322469.187,4097740.413,4097746.496,"Silva","NEON_D17_TEAK_DP1_322000_4097000_classified_point_cloud_colorized.laz","2018_TEAK_3_322000_4097000_image.tif","Tree",1,322000,322999.999,4097000,4097999.999
"9717",10034,322299.51,322308.414,4097738.526,4097745.321,"Silva","NEON_D17_TEAK_DP1_322000_4097000_classified_point_cloud_colorized.laz","2018_TEAK_3_322000_4097000_image.tif","Tree",1,322000,322999.999,4097000,4097999.999
"9718",10035,322354.207,322363.214,4097737.863,4097746.311,"Silva","NEON_D17_TEAK_DP1_322000_4097000_classified_point_cloud_colorized.laz","2018_TEAK_3_322000_4097000_image.tif","Tree",1,322000,322999.999,4097000,4097999.999
"9719",10036,322422.072,322425.586,4097742.478,4097745.273,"Silva","NEON_D17_TEAK_DP1_322000_4097000_classified_point_cloud_colorized.laz","2018_TEAK_3_322000_4097000_image.tif","Tree",1,322000,322999.999,4097000,4097999.999
"9720",10038,322077.408,322085.968,4097738.053,4097743.5,"Silva","NEON_D17_TEAK_DP1_322000_4097000_classified_point_cloud_colorized.laz","2018_TEAK_3_322000_4097000_image.tif","Tree",1,322000,322999.999,4097000,4097999.999
"9721",10039,322336.723,322343.341,4097740.523,4097746.774,"Silva","NEON_D17_TEAK_DP1_322000_4097000_classified_point_cloud_colorized.laz","2018_TEAK_3_322000_4097000_image.tif","Tree",1,322000,322999.999,4097000,4097999.999
"9722",10040,322504.568,322512.434,4097741.978,4097749.568,"Silva","NEON_D17_TEAK_DP1_322000_4097000_classified_point_cloud_colorized.laz","2018_TEAK_3_322000_4097000_image.tif","Tree",1,322000,322999.999,4097000,4097999.999
"9723",10041,322153.533,322159.491,4097739.656,4097745.947,"Silva","NEON_D17_TEAK_DP1_322000_4097000_classified_point_cloud_colorized.laz","2018_TEAK_3_322000_4097000_image.tif","Tree",1,322000,322999.999,4097000,4097999.999
"9724",10042,322094.2,322098.207,4097739.732,4097744.217,"Silva","NEON_D17_TEAK_DP1_322000_4097000_classified_point_cloud_colorized.laz","2018_TEAK_3_322000_4097000_image.tif","Tree",1,322000,322999.999,4097000,4097999.999
"9725",10043,322407.615,322413.969,4097743.183,4097749.922,"Silva","NEON_D17_TEAK_DP1_322000_4097000_classified_point_cloud_colorized.laz","2018_TEAK_3_322000_4097000_image.tif","Tree",1,322000,322999.999,4097000,4097999.999
"9726",10044,322388.518,322393.347,4097743.259,4097748.482,"Silva","NEON_D17_TEAK_DP1_322000_4097000_classified_point_cloud_colorized.laz","2018_TEAK_3_322000_4097000_image.tif","Tree",1,322000,322999.999,4097000,4097999.999
"9727",10045,322380.584,322386.474,4097742.67,4097748.425,"Silva","NEON_D17_TEAK_DP1_322000_4097000_classified_point_cloud_colorized.laz","2018_TEAK_3_322000_4097000_image.tif","Tree",1,322000,322999.999,4097000,4097999.999
"9728",10046,322498.101,322506.892,4097743.304,4097752.253,"Silva","NEON_D17_TEAK_DP1_322000_4097000_classified_point_cloud_colorized.laz","2018_TEAK_3_322000_4097000_image.tif","Tree",1,322000,322999.999,4097000,4097999.999
"9729",10047,322322.065,322322.287,4097746.539,4097747.149,"Silva","NEON_D17_TEAK_DP1_322000_4097000_classified_point_cloud_colorized.laz","2018_TEAK_3_322000_4097000_image.tif","Tree",1,322000,322999.999,4097000,4097999.999
"9730",10048,322231.62,322233.428,4097745.508,4097747.365,"Silva","NEON_D17_TEAK_DP1_322000_4097000_classified_point_cloud_colorized.laz","2018_TEAK_3_322000_4097000_image.tif","Tree",1,322000,322999.999,4097000,4097999.999
"9731",10049,322077.546,322086.988,4097741.584,4097747.36,"Silva","NEON_D17_TEAK_DP1_322000_4097000_classified_point_cloud_colorized.laz","2018_TEAK_3_322000_4097000_image.tif","Tree",1,322000,322999.999,4097000,4097999.999
"9732",10050,322019.084,322026.611,4097740.032,4097748.932,"Silva","NEON_D17_TEAK_DP1_322000_4097000_classified_point_cloud_colorized.laz","2018_TEAK_3_322000_4097000_image.tif","Tree",1,322000,322999.999,4097000,4097999.999
"9733",10051,322483.583,322488.262,4097747.051,4097751.935,"Silva","NEON_D17_TEAK_DP1_322000_4097000_classified_point_cloud_colorized.laz","2018_TEAK_3_322000_4097000_image.tif","Tree",1,322000,322999.999,4097000,4097999.999
"9734",10052,322041.273,322044.399,4097748.537,4097749.971,"Silva","NEON_D17_TEAK_DP1_322000_4097000_classified_point_cloud_colorized.laz","2018_TEAK_3_322000_4097000_image.tif","Tree",1,322000,322999.999,4097000,4097999.999
"9735",10053,322108.592,322113.788,4097743.11,4097749.655,"Silva","NEON_D17_TEAK_DP1_322000_4097000_classified_point_cloud_colorized.laz","2018_TEAK_3_322000_4097000_image.tif","Tree",1,322000,322999.999,4097000,4097999.999
"9736",10054,322284.084,322292.835,4097743.156,4097752.656,"Silva","NEON_D17_TEAK_DP1_322000_4097000_classified_point_cloud_colorized.laz","2018_TEAK_3_322000_4097000_image.tif","Tree",1,322000,322999.999,4097000,4097999.999
"9737",10055,322403.64,322411.53,4097746.5,4097752.725,"Silva","NEON_D17_TEAK_DP1_322000_4097000_classified_point_cloud_colorized.laz","2018_TEAK_3_322000_4097000_image.tif","Tree",1,322000,322999.999,4097000,4097999.999
"9738",10056,322052.077,322058.441,4097742.597,4097750.726,"Silva","NEON_D17_TEAK_DP1_322000_4097000_classified_point_cloud_colorized.laz","2018_TEAK_3_322000_4097000_image.tif","Tree",1,322000,322999.999,4097000,4097999.999
"9739",10057,322387.501,322390.259,4097748.463,4097751.986,"Silva","NEON_D17_TEAK_DP1_322000_4097000_classified_point_cloud_colorized.laz","2018_TEAK_3_322000_4097000_image.tif","Tree",1,322000,322999.999,4097000,4097999.999
"9740",10058,322390.232,322393.728,4097748.537,4097753.463,"Silva","NEON_D17_TEAK_DP1_322000_4097000_classified_point_cloud_colorized.laz","2018_TEAK_3_322000_4097000_image.tif","Tree",1,322000,322999.999,4097000,4097999.999
"9741",10059,322345.155,322352.975,4097746.625,4097754.99,"Silva","NEON_D17_TEAK_DP1_322000_4097000_classified_point_cloud_colorized.laz","2018_TEAK_3_322000_4097000_image.tif","Tree",1,322000,322999.999,4097000,4097999.999
"9742",10060,322079.515,322087.686,4097746.609,4097753.388,"Silva","NEON_D17_TEAK_DP1_322000_4097000_classified_point_cloud_colorized.laz","2018_TEAK_3_322000_4097000_image.tif","Tree",1,322000,322999.999,4097000,4097999.999
"9743",10061,322320.309,322321.332,4097750.632,4097751.503,"Silva","NEON_D17_TEAK_DP1_322000_4097000_classified_point_cloud_colorized.laz","2018_TEAK_3_322000_4097000_image.tif","Tree",1,322000,322999.999,4097000,4097999.999
"9744",10062,322362.583,322366.767,4097748.984,4097753.805,"Silva","NEON_D17_TEAK_DP1_322000_4097000_classified_point_cloud_colorized.laz","2018_TEAK_3_322000_4097000_image.tif","Tree",1,322000,322999.999,4097000,4097999.999
"9745",10063,322309.636,322312.252,4097750.045,4097753.234,"Silva","NEON_D17_TEAK_DP1_322000_4097000_classified_point_cloud_colorized.laz","2018_TEAK_3_322000_4097000_image.tif","Tree",1,322000,322999.999,4097000,4097999.999
"9746",10064,322045.013,322050.264,4097747.554,4097752.462,"Silva","NEON_D17_TEAK_DP1_322000_4097000_classified_point_cloud_colorized.laz","2018_TEAK_3_322000_4097000_image.tif","Tree",1,322000,322999.999,4097000,4097999.999
"9747",10065,322418.214,322419.839,4097750.558,4097753.919,"Silva","NEON_D17_TEAK_DP1_322000_4097000_classified_point_cloud_colorized.laz","2018_TEAK_3_322000_4097000_image.tif","Tree",1,322000,322999.999,4097000,4097999.999
"9748",10066,322534.05,322546.86,4097748.742,4097758.998,"Silva","NEON_D17_TEAK_DP1_322000_4097000_classified_point_cloud_colorized.laz","2018_TEAK_3_322000_4097000_image.tif","Tree",1,322000,322999.999,4097000,4097999.999
"9749",10067,322293.173,322298.494,4097749.871,4097759,"Silva","NEON_D17_TEAK_DP1_322000_4097000_classified_point_cloud_colorized.laz","2018_TEAK_3_322000_4097000_image.tif","Tree",1,322000,322999.999,4097000,4097999.999
"9750",10068,322520.533,322526.957,4097753.314,4097759.641,"Silva","NEON_D17_TEAK_DP1_322000_4097000_classified_point_cloud_colorized.laz","2018_TEAK_3_322000_4097000_image.tif","Tree",1,322000,322999.999,4097000,4097999.999
"9751",10069,322086.621,322087.368,4097754.017,4097754.912,"Silva","NEON_D17_TEAK_DP1_322000_4097000_classified_point_cloud_colorized.laz","2018_TEAK_3_322000_4097000_image.tif","Tree",1,322000,322999.999,4097000,4097999.999
"9752",10070,322001.32,322008.431,4097749.448,4097757.445,"Silva","NEON_D17_TEAK_DP1_322000_4097000_classified_point_cloud_colorized.laz","2018_TEAK_3_322000_4097000_image.tif","Tree",1,322000,322999.999,4097000,4097999.999
"9753",10071,322449.538,322456.771,4097754.577,4097760.666,"Silva","NEON_D17_TEAK_DP1_322000_4097000_classified_point_cloud_colorized.laz","2018_TEAK_3_322000_4097000_image.tif","Tree",1,322000,322999.999,4097000,4097999.999
"9754",10072,322349.613,322359.867,4097751.079,4097760.472,"Silva","NEON_D17_TEAK_DP1_322000_4097000_classified_point_cloud_colorized.laz","2018_TEAK_3_322000_4097000_image.tif","Tree",1,322000,322999.999,4097000,4097999.999
"9755",10073,322245.254,322253.928,4097750.642,4097760.996,"Silva","NEON_D17_TEAK_DP1_322000_4097000_classified_point_cloud_colorized.laz","2018_TEAK_3_322000_4097000_image.tif","Tree",1,322000,322999.999,4097000,4097999.999
"9756",10074,322456.039,322461.99,4097755.177,4097761.997,"Silva","NEON_D17_TEAK_DP1_322000_4097000_classified_point_cloud_colorized.laz","2018_TEAK_3_322000_4097000_image.tif","Tree",1,322000,322999.999,4097000,4097999.999
"9757",10075,322473.3,322480.487,4097754.588,4097762.356,"Silva","NEON_D17_TEAK_DP1_322000_4097000_classified_point_cloud_colorized.laz","2018_TEAK_3_322000_4097000_image.tif","Tree",1,322000,322999.999,4097000,4097999.999
"9758",10076,322078.028,322086.898,4097752.594,4097760.973,"Silva","NEON_D17_TEAK_DP1_322000_4097000_classified_point_cloud_colorized.laz","2018_TEAK_3_322000_4097000_image.tif","Tree",1,322000,322999.999,4097000,4097999.999
"9759",10077,322525.135,322533.446,4097756.256,4097764.899,"Silva","NEON_D17_TEAK_DP1_322000_4097000_classified_point_cloud_colorized.laz","2018_TEAK_3_322000_4097000_image.tif","Tree",1,322000,322999.999,4097000,4097999.999
"9760",10078,322132.607,322137.947,4097755.534,4097761.472,"Silva","NEON_D17_TEAK_DP1_322000_4097000_classified_point_cloud_colorized.laz","2018_TEAK_3_322000_4097000_image.tif","Tree",1,322000,322999.999,4097000,4097999.999
"9761",10079,322022.193,322026.858,4097754.142,4097759.883,"Silva","NEON_D17_TEAK_DP1_322000_4097000_classified_point_cloud_colorized.laz","2018_TEAK_3_322000_4097000_image.tif","Tree",1,322000,322999.999,4097000,4097999.999
"9762",10080,322402.124,322408.99,4097757.596,4097764.318,"Silva","NEON_D17_TEAK_DP1_322000_4097000_classified_point_cloud_colorized.laz","2018_TEAK_3_322000_4097000_image.tif","Tree",1,322000,322999.999,4097000,4097999.999
"9763",10081,322285.355,322294.897,4097756.56,4097765.487,"Silva","NEON_D17_TEAK_DP1_322000_4097000_classified_point_cloud_colorized.laz","2018_TEAK_3_322000_4097000_image.tif","Tree",1,322000,322999.999,4097000,4097999.999
"9764",10082,322352.56,322361.222,4097756.275,4097765.49,"Silva","NEON_D17_TEAK_DP1_322000_4097000_classified_point_cloud_colorized.laz","2018_TEAK_3_322000_4097000_image.tif","Tree",1,322000,322999.999,4097000,4097999.999
"9765",10083,322318.62,322321.495,4097760.106,4097762.766,"Silva","NEON_D17_TEAK_DP1_322000_4097000_classified_point_cloud_colorized.laz","2018_TEAK_3_322000_4097000_image.tif","Tree",1,322000,322999.999,4097000,4097999.999
"9766",10084,322540.503,322545.901,4097758.54,4097765.785,"Silva","NEON_D17_TEAK_DP1_322000_4097000_classified_point_cloud_colorized.laz","2018_TEAK_3_322000_4097000_image.tif","Tree",1,322000,322999.999,4097000,4097999.999
"9767",10085,322004.037,322011.476,4097757.106,4097764.981,"Silva","NEON_D17_TEAK_DP1_322000_4097000_classified_point_cloud_colorized.laz","2018_TEAK_3_322000_4097000_image.tif","Tree",1,322000,322999.999,4097000,4097999.999
"9768",10086,322478.26,322486.964,4097759.851,4097766.654,"Silva","NEON_D17_TEAK_DP1_322000_4097000_classified_point_cloud_colorized.laz","2018_TEAK_3_322000_4097000_image.tif","Tree",1,322000,322999.999,4097000,4097999.999
"9769",10087,322334.543,322338.401,4097761.515,4097765.693,"Silva","NEON_D17_TEAK_DP1_322000_4097000_classified_point_cloud_colorized.laz","2018_TEAK_3_322000_4097000_image.tif","Tree",1,322000,322999.999,4097000,4097999.999
"9770",10088,322128.529,322129.381,4097760.006,4097761.469,"Silva","NEON_D17_TEAK_DP1_322000_4097000_classified_point_cloud_colorized.laz","2018_TEAK_3_322000_4097000_image.tif","Tree",1,322000,322999.999,4097000,4097999.999
"9771",10089,322507.509,322515.322,4097761.307,4097768.473,"Silva","NEON_D17_TEAK_DP1_322000_4097000_classified_point_cloud_colorized.laz","2018_TEAK_3_322000_4097000_image.tif","Tree",1,322000,322999.999,4097000,4097999.999
"9772",10090,322517.078,322523.672,4097761.195,4097769.451,"Silva","NEON_D17_TEAK_DP1_322000_4097000_classified_point_cloud_colorized.laz","2018_TEAK_3_322000_4097000_image.tif","Tree",1,322000,322999.999,4097000,4097999.999
"9773",10091,322010.679,322018.689,4097761.592,4097768.335,"Silva","NEON_D17_TEAK_DP1_322000_4097000_classified_point_cloud_colorized.laz","2018_TEAK_3_322000_4097000_image.tif","Tree",1,322000,322999.999,4097000,4097999.999
"9774",10092,322079.057,322086.895,4097761.008,4097770.993,"Silva","NEON_D17_TEAK_DP1_322000_4097000_classified_point_cloud_colorized.laz","2018_TEAK_3_322000_4097000_image.tif","Tree",1,322000,322999.999,4097000,4097999.999
"9775",10093,322255.612,322263.847,4097762.1,4097769.944,"Silva","NEON_D17_TEAK_DP1_322000_4097000_classified_point_cloud_colorized.laz","2018_TEAK_3_322000_4097000_image.tif","Tree",1,322000,322999.999,4097000,4097999.999
"9776",10094,322471,322478.916,4097761.528,4097767.821,"Silva","NEON_D17_TEAK_DP1_322000_4097000_classified_point_cloud_colorized.laz","2018_TEAK_3_322000_4097000_image.tif","Tree",1,322000,322999.999,4097000,4097999.999
"9777",10095,322306.022,322308.324,4097765.609,4097767.786,"Silva","NEON_D17_TEAK_DP1_322000_4097000_classified_point_cloud_colorized.laz","2018_TEAK_3_322000_4097000_image.tif","Tree",1,322000,322999.999,4097000,4097999.999
"9778",10096,322044.56,322055.471,4097760.567,4097770.557,"Silva","NEON_D17_TEAK_DP1_322000_4097000_classified_point_cloud_colorized.laz","2018_TEAK_3_322000_4097000_image.tif","Tree",1,322000,322999.999,4097000,4097999.999
"9779",10097,322087.067,322094.461,4097765.758,4097770.954,"Silva","NEON_D17_TEAK_DP1_322000_4097000_classified_point_cloud_colorized.laz","2018_TEAK_3_322000_4097000_image.tif","Tree",1,322000,322999.999,4097000,4097999.999
"9780",10098,322377.606,322384.967,4097760.796,4097771.492,"Silva","NEON_D17_TEAK_DP1_322000_4097000_classified_point_cloud_colorized.laz","2018_TEAK_3_322000_4097000_image.tif","Tree",1,322000,322999.999,4097000,4097999.999
"9781",10100,322101.585,322106.474,4097765.682,4097769.433,"Silva","NEON_D17_TEAK_DP1_322000_4097000_classified_point_cloud_colorized.laz","2018_TEAK_3_322000_4097000_image.tif","Tree",1,322000,322999.999,4097000,4097999.999
"9782",10102,322478.005,322482.384,4097765.025,4097772.753,"Silva","NEON_D17_TEAK_DP1_322000_4097000_classified_point_cloud_colorized.laz","2018_TEAK_3_322000_4097000_image.tif","Tree",1,322000,322999.999,4097000,4097999.999
"9783",10103,322246.005,322250.407,4097766.006,4097768.869,"Silva","NEON_D17_TEAK_DP1_322000_4097000_classified_point_cloud_colorized.laz","2018_TEAK_3_322000_4097000_image.tif","Tree",1,322000,322999.999,4097000,4097999.999
"9784",10104,322236.669,322237.422,4097768.701,4097772.461,"Silva","NEON_D17_TEAK_DP1_322000_4097000_classified_point_cloud_colorized.laz","2018_TEAK_3_322000_4097000_image.tif","Tree",1,322000,322999.999,4097000,4097999.999
"9785",10105,322471.706,322478.466,4097767.543,4097772.406,"Silva","NEON_D17_TEAK_DP1_322000_4097000_classified_point_cloud_colorized.laz","2018_TEAK_3_322000_4097000_image.tif","Tree",1,322000,322999.999,4097000,4097999.999
"9786",10106,322502.088,322507.887,4097764.642,4097772.985,"Silva","NEON_D17_TEAK_DP1_322000_4097000_classified_point_cloud_colorized.laz","2018_TEAK_3_322000_4097000_image.tif","Tree",1,322000,322999.999,4097000,4097999.999
"9787",10108,322550.645,322553.934,4097770.002,4097773.212,"Silva","NEON_D17_TEAK_DP1_322000_4097000_classified_point_cloud_colorized.laz","2018_TEAK_3_322000_4097000_image.tif","Tree",1,322000,322999.999,4097000,4097999.999
"9788",10109,322227.117,322237.481,4097765.52,4097775.991,"Silva","NEON_D17_TEAK_DP1_322000_4097000_classified_point_cloud_colorized.laz","2018_TEAK_3_322000_4097000_image.tif","Tree",1,322000,322999.999,4097000,4097999.999
"9789",10110,322493.538,322502.28,4097767.258,4097773.978,"Silva","NEON_D17_TEAK_DP1_322000_4097000_classified_point_cloud_colorized.laz","2018_TEAK_3_322000_4097000_image.tif","Tree",1,322000,322999.999,4097000,4097999.999
"9790",10111,322313.627,322319.177,4097769.518,4097774.97,"Silva","NEON_D17_TEAK_DP1_322000_4097000_classified_point_cloud_colorized.laz","2018_TEAK_3_322000_4097000_image.tif","Tree",1,322000,322999.999,4097000,4097999.999
"9791",10112,322372.502,322375.285,4097771.384,4097773.38,"Silva","NEON_D17_TEAK_DP1_322000_4097000_classified_point_cloud_colorized.laz","2018_TEAK_3_322000_4097000_image.tif","Tree",1,322000,322999.999,4097000,4097999.999
"9792",10113,322415.518,322424.488,4097767.578,4097774.586,"Silva","NEON_D17_TEAK_DP1_322000_4097000_classified_point_cloud_colorized.laz","2018_TEAK_3_322000_4097000_image.tif","Tree",1,322000,322999.999,4097000,4097999.999
"9793",10114,322056.055,322063.421,4097769.031,4097776.466,"Silva","NEON_D17_TEAK_DP1_322000_4097000_classified_point_cloud_colorized.laz","2018_TEAK_3_322000_4097000_image.tif","Tree",1,322000,322999.999,4097000,4097999.999
"9794",10115,322093.745,322100.855,4097769.043,4097776.946,"Silva","NEON_D17_TEAK_DP1_322000_4097000_classified_point_cloud_colorized.laz","2018_TEAK_3_322000_4097000_image.tif","Tree",1,322000,322999.999,4097000,4097999.999
"9795",10116,322272.704,322276.255,4097769.38,4097770.433,"Silva","NEON_D17_TEAK_DP1_322000_4097000_classified_point_cloud_colorized.laz","2018_TEAK_3_322000_4097000_image.tif","Tree",1,322000,322999.999,4097000,4097999.999
"9796",10117,322523.736,322530.476,4097768.54,4097776.98,"Silva","NEON_D17_TEAK_DP1_322000_4097000_classified_point_cloud_colorized.laz","2018_TEAK_3_322000_4097000_image.tif","Tree",1,322000,322999.999,4097000,4097999.999
"9797",10118,322515.64,322522.705,4097768.787,4097775.796,"Silva","NEON_D17_TEAK_DP1_322000_4097000_classified_point_cloud_colorized.laz","2018_TEAK_3_322000_4097000_image.tif","Tree",1,322000,322999.999,4097000,4097999.999
"9798",10119,322467.449,322472.962,4097768.282,4097776.364,"Silva","NEON_D17_TEAK_DP1_322000_4097000_classified_point_cloud_colorized.laz","2018_TEAK_3_322000_4097000_image.tif","Tree",1,322000,322999.999,4097000,4097999.999
"9799",10120,322119.531,322126.438,4097769.517,4097778.467,"Silva","NEON_D17_TEAK_DP1_322000_4097000_classified_point_cloud_colorized.laz","2018_TEAK_3_322000_4097000_image.tif","Tree",1,322000,322999.999,4097000,4097999.999
"9800",10122,322126.512,322132.426,4097772.027,4097777.887,"Silva","NEON_D17_TEAK_DP1_322000_4097000_classified_point_cloud_colorized.laz","2018_TEAK_3_322000_4097000_image.tif","Tree",1,322000,322999.999,4097000,4097999.999
"9801",10124,322000.045,322002.089,4097773.533,4097778.996,"Silva","NEON_D17_TEAK_DP1_322000_4097000_classified_point_cloud_colorized.laz","2018_TEAK_3_322000_4097000_image.tif","Tree",1,322000,322999.999,4097000,4097999.999
"9802",10125,322321.51,322324.456,4097774.068,4097777.179,"Silva","NEON_D17_TEAK_DP1_322000_4097000_classified_point_cloud_colorized.laz","2018_TEAK_3_322000_4097000_image.tif","Tree",1,322000,322999.999,4097000,4097999.999
"9803",10126,322503.019,322510.923,4097770.508,4097778.392,"Silva","NEON_D17_TEAK_DP1_322000_4097000_classified_point_cloud_colorized.laz","2018_TEAK_3_322000_4097000_image.tif","Tree",1,322000,322999.999,4097000,4097999.999
"9804",10127,322385.581,322392.237,4097772.607,4097779.976,"Silva","NEON_D17_TEAK_DP1_322000_4097000_classified_point_cloud_colorized.laz","2018_TEAK_3_322000_4097000_image.tif","Tree",1,322000,322999.999,4097000,4097999.999
"9805",10128,322450.052,322459.609,4097769.043,4097780.458,"Silva","NEON_D17_TEAK_DP1_322000_4097000_classified_point_cloud_colorized.laz","2018_TEAK_3_322000_4097000_image.tif","Tree",1,322000,322999.999,4097000,4097999.999
"9806",10129,322129.153,322135.811,4097774.633,4097781.3,"Silva","NEON_D17_TEAK_DP1_322000_4097000_classified_point_cloud_colorized.laz","2018_TEAK_3_322000_4097000_image.tif","Tree",1,322000,322999.999,4097000,4097999.999
"9807",10130,322274.486,322277.477,4097776.243,4097778.888,"Silva","NEON_D17_TEAK_DP1_322000_4097000_classified_point_cloud_colorized.laz","2018_TEAK_3_322000_4097000_image.tif","Tree",1,322000,322999.999,4097000,4097999.999
"9808",10131,322334,322338.419,4097774.562,4097779.494,"Silva","NEON_D17_TEAK_DP1_322000_4097000_classified_point_cloud_colorized.laz","2018_TEAK_3_322000_4097000_image.tif","Tree",1,322000,322999.999,4097000,4097999.999
"9809",10132,322366.085,322366.381,4097777.434,4097777.446,"Silva","NEON_D17_TEAK_DP1_322000_4097000_classified_point_cloud_colorized.laz","2018_TEAK_3_322000_4097000_image.tif","Tree",1,322000,322999.999,4097000,4097999.999
"9810",10133,322441.629,322449.977,4097771.631,4097779.685,"Silva","NEON_D17_TEAK_DP1_322000_4097000_classified_point_cloud_colorized.laz","2018_TEAK_3_322000_4097000_image.tif","Tree",1,322000,322999.999,4097000,4097999.999
"9811",10134,322495.053,322501.38,4097773.988,4097780.793,"Silva","NEON_D17_TEAK_DP1_322000_4097000_classified_point_cloud_colorized.laz","2018_TEAK_3_322000_4097000_image.tif","Tree",1,322000,322999.999,4097000,4097999.999
"9812",10135,322424.896,322433.961,4097770.525,4097781.485,"Silva","NEON_D17_TEAK_DP1_322000_4097000_classified_point_cloud_colorized.laz","2018_TEAK_3_322000_4097000_image.tif","Tree",1,322000,322999.999,4097000,4097999.999
"9813",10136,322413.206,322422.996,4097773.66,4097779.865,"Silva","NEON_D17_TEAK_DP1_322000_4097000_classified_point_cloud_colorized.laz","2018_TEAK_3_322000_4097000_image.tif","Tree",1,322000,322999.999,4097000,4097999.999
"9814",10137,322433.566,322441.987,4097772.13,4097781.928,"Silva","NEON_D17_TEAK_DP1_322000_4097000_classified_point_cloud_colorized.laz","2018_TEAK_3_322000_4097000_image.tif","Tree",1,322000,322999.999,4097000,4097999.999
"9815",10138,322017.576,322023.382,4097776.188,4097783.87,"Silva","NEON_D17_TEAK_DP1_322000_4097000_classified_point_cloud_colorized.laz","2018_TEAK_3_322000_4097000_image.tif","Tree",1,322000,322999.999,4097000,4097999.999
"9816",10139,322024.1,322031.994,4097776.047,4097783.924,"Silva","NEON_D17_TEAK_DP1_322000_4097000_classified_point_cloud_colorized.laz","2018_TEAK_3_322000_4097000_image.tif","Tree",1,322000,322999.999,4097000,4097999.999
"9817",10141,322073.639,322079.174,4097777.523,4097783.471,"Silva","NEON_D17_TEAK_DP1_322000_4097000_classified_point_cloud_colorized.laz","2018_TEAK_3_322000_4097000_image.tif","Tree",1,322000,322999.999,4097000,4097999.999
"9818",10142,322365.734,322366.196,4097779.781,4097780.406,"Silva","NEON_D17_TEAK_DP1_322000_4097000_classified_point_cloud_colorized.laz","2018_TEAK_3_322000_4097000_image.tif","Tree",1,322000,322999.999,4097000,4097999.999
"9819",10143,322467.265,322477.483,4097774.592,4097784.449,"Silva","NEON_D17_TEAK_DP1_322000_4097000_classified_point_cloud_colorized.laz","2018_TEAK_3_322000_4097000_image.tif","Tree",1,322000,322999.999,4097000,4097999.999
"9820",10144,322133.006,322142.393,4097778.659,4097784.921,"Silva","NEON_D17_TEAK_DP1_322000_4097000_classified_point_cloud_colorized.laz","2018_TEAK_3_322000_4097000_image.tif","Tree",1,322000,322999.999,4097000,4097999.999
"9821",10145,322488.712,322494.183,4097776.673,4097781.548,"Silva","NEON_D17_TEAK_DP1_322000_4097000_classified_point_cloud_colorized.laz","2018_TEAK_3_322000_4097000_image.tif","Tree",1,322000,322999.999,4097000,4097999.999
"9822",10146,322029.625,322035.97,4097778.544,4097786.911,"Silva","NEON_D17_TEAK_DP1_322000_4097000_classified_point_cloud_colorized.laz","2018_TEAK_3_322000_4097000_image.tif","Tree",1,322000,322999.999,4097000,4097999.999
"9823",10147,322142.151,322150.983,4097779.675,4097787.357,"Silva","NEON_D17_TEAK_DP1_322000_4097000_classified_point_cloud_colorized.laz","2018_TEAK_3_322000_4097000_image.tif","Tree",1,322000,322999.999,4097000,4097999.999
"9824",10148,322072.528,322074.771,4097788.13,4097789.309,"Silva","NEON_D17_TEAK_DP1_322000_4097000_classified_point_cloud_colorized.laz","2018_TEAK_3_322000_4097000_image.tif","Tree",1,322000,322999.999,4097000,4097999.999
"9825",10149,322016.018,322016.833,4097784.62,4097785.779,"Silva","NEON_D17_TEAK_DP1_322000_4097000_classified_point_cloud_colorized.laz","2018_TEAK_3_322000_4097000_image.tif","Tree",1,322000,322999.999,4097000,4097999.999
"9826",10150,322254.19,322261.317,4097781.031,4097786.857,"Silva","NEON_D17_TEAK_DP1_322000_4097000_classified_point_cloud_colorized.laz","2018_TEAK_3_322000_4097000_image.tif","Tree",1,322000,322999.999,4097000,4097999.999
"9827",10151,322539.574,322546.493,4097777.065,4097783.641,"Silva","NEON_D17_TEAK_DP1_322000_4097000_classified_point_cloud_colorized.laz","2018_TEAK_3_322000_4097000_image.tif","Tree",1,322000,322999.999,4097000,4097999.999
"9828",10152,322443.525,322452.997,4097777.508,4097785.384,"Silva","NEON_D17_TEAK_DP1_322000_4097000_classified_point_cloud_colorized.laz","2018_TEAK_3_322000_4097000_image.tif","Tree",1,322000,322999.999,4097000,4097999.999
"9829",10153,322337.693,322340.37,4097781.061,4097783.575,"Silva","NEON_D17_TEAK_DP1_322000_4097000_classified_point_cloud_colorized.laz","2018_TEAK_3_322000_4097000_image.tif","Tree",1,322000,322999.999,4097000,4097999.999
"9830",10154,322126.597,322133.851,4097781.33,4097788.013,"Silva","NEON_D17_TEAK_DP1_322000_4097000_classified_point_cloud_colorized.laz","2018_TEAK_3_322000_4097000_image.tif","Tree",1,322000,322999.999,4097000,4097999.999
"9831",10155,322503.568,322511.955,4097778.008,4097785.486,"Silva","NEON_D17_TEAK_DP1_322000_4097000_classified_point_cloud_colorized.laz","2018_TEAK_3_322000_4097000_image.tif","Tree",1,322000,322999.999,4097000,4097999.999
"9832",10156,322277.806,322282.973,4097781.55,4097786.796,"Silva","NEON_D17_TEAK_DP1_322000_4097000_classified_point_cloud_colorized.laz","2018_TEAK_3_322000_4097000_image.tif","Tree",1,322000,322999.999,4097000,4097999.999
"9833",10157,322021.442,322028.427,4097783.518,4097790.989,"Silva","NEON_D17_TEAK_DP1_322000_4097000_classified_point_cloud_colorized.laz","2018_TEAK_3_322000_4097000_image.tif","Tree",1,322000,322999.999,4097000,4097999.999
"9834",10158,322058.531,322065.966,4097782.802,4097790.97,"Silva","NEON_D17_TEAK_DP1_322000_4097000_classified_point_cloud_colorized.laz","2018_TEAK_3_322000_4097000_image.tif","Tree",1,322000,322999.999,4097000,4097999.999
"9835",10159,322231.043,322237.97,4097782.006,4097787.921,"Silva","NEON_D17_TEAK_DP1_322000_4097000_classified_point_cloud_colorized.laz","2018_TEAK_3_322000_4097000_image.tif","Tree",1,322000,322999.999,4097000,4097999.999
"9836",10160,322491.277,322498.339,4097781.13,4097785.786,"Silva","NEON_D17_TEAK_DP1_322000_4097000_classified_point_cloud_colorized.laz","2018_TEAK_3_322000_4097000_image.tif","Tree",1,322000,322999.999,4097000,4097999.999
"9837",10161,322452.875,322460.962,4097778.691,4097786.594,"Silva","NEON_D17_TEAK_DP1_322000_4097000_classified_point_cloud_colorized.laz","2018_TEAK_3_322000_4097000_image.tif","Tree",1,322000,322999.999,4097000,4097999.999
"9838",10163,322080.031,322087.99,4097783.514,4097792.487,"Silva","NEON_D17_TEAK_DP1_322000_4097000_classified_point_cloud_colorized.laz","2018_TEAK_3_322000_4097000_image.tif","Tree",1,322000,322999.999,4097000,4097999.999
"9839",10164,322360.645,322363.456,4097783.841,4097786.439,"Silva","NEON_D17_TEAK_DP1_322000_4097000_classified_point_cloud_colorized.laz","2018_TEAK_3_322000_4097000_image.tif","Tree",1,322000,322999.999,4097000,4097999.999
"9840",10165,322088.035,322094.418,4097783.174,4097790.469,"Silva","NEON_D17_TEAK_DP1_322000_4097000_classified_point_cloud_colorized.laz","2018_TEAK_3_322000_4097000_image.tif","Tree",1,322000,322999.999,4097000,4097999.999
"9841",10166,322482.556,322488.455,4097777.268,4097787.449,"Silva","NEON_D17_TEAK_DP1_322000_4097000_classified_point_cloud_colorized.laz","2018_TEAK_3_322000_4097000_image.tif","Tree",1,322000,322999.999,4097000,4097999.999
"9842",10167,322498.531,322505.315,4097779.335,4097786.617,"Silva","NEON_D17_TEAK_DP1_322000_4097000_classified_point_cloud_colorized.laz","2018_TEAK_3_322000_4097000_image.tif","Tree",1,322000,322999.999,4097000,4097999.999
"9843",10168,322474.694,322482.843,4097778.057,4097787.392,"Silva","NEON_D17_TEAK_DP1_322000_4097000_classified_point_cloud_colorized.laz","2018_TEAK_3_322000_4097000_image.tif","Tree",1,322000,322999.999,4097000,4097999.999
"9844",10169,322371.527,322375.384,4097783.743,4097786.993,"Silva","NEON_D17_TEAK_DP1_322000_4097000_classified_point_cloud_colorized.laz","2018_TEAK_3_322000_4097000_image.tif","Tree",1,322000,322999.999,4097000,4097999.999
"9845",10170,322038.521,322046.107,4097785.011,4097794.213,"Silva","NEON_D17_TEAK_DP1_322000_4097000_classified_point_cloud_colorized.laz","2018_TEAK_3_322000_4097000_image.tif","Tree",1,322000,322999.999,4097000,4097999.999
"9846",10171,322099.002,322099.693,4097788.767,4097790.384,"Silva","NEON_D17_TEAK_DP1_322000_4097000_classified_point_cloud_colorized.laz","2018_TEAK_3_322000_4097000_image.tif","Tree",1,322000,322999.999,4097000,4097999.999
"9847",10172,322536.542,322545.985,4097780.02,4097787.95,"Silva","NEON_D17_TEAK_DP1_322000_4097000_classified_point_cloud_colorized.laz","2018_TEAK_3_322000_4097000_image.tif","Tree",1,322000,322999.999,4097000,4097999.999
"9848",10173,322330.717,322335.476,4097784.001,4097789.959,"Silva","NEON_D17_TEAK_DP1_322000_4097000_classified_point_cloud_colorized.laz","2018_TEAK_3_322000_4097000_image.tif","Tree",1,322000,322999.999,4097000,4097999.999
"9849",10174,322247.013,322255.456,4097783.571,4097791.982,"Silva","NEON_D17_TEAK_DP1_322000_4097000_classified_point_cloud_colorized.laz","2018_TEAK_3_322000_4097000_image.tif","Tree",1,322000,322999.999,4097000,4097999.999
"9850",10175,322048.063,322052.887,4097790.727,4097795.893,"Silva","NEON_D17_TEAK_DP1_322000_4097000_classified_point_cloud_colorized.laz","2018_TEAK_3_322000_4097000_image.tif","Tree",1,322000,322999.999,4097000,4097999.999
"9851",10176,322385.007,322385.995,4097786.189,4097787.496,"Silva","NEON_D17_TEAK_DP1_322000_4097000_classified_point_cloud_colorized.laz","2018_TEAK_3_322000_4097000_image.tif","Tree",1,322000,322999.999,4097000,4097999.999
"9852",10177,322486.616,322493.367,4097781.03,4097789.499,"Silva","NEON_D17_TEAK_DP1_322000_4097000_classified_point_cloud_colorized.laz","2018_TEAK_3_322000_4097000_image.tif","Tree",1,322000,322999.999,4097000,4097999.999
"9853",10178,322511.072,322520.933,4097780.018,4097788.49,"Silva","NEON_D17_TEAK_DP1_322000_4097000_classified_point_cloud_colorized.laz","2018_TEAK_3_322000_4097000_image.tif","Tree",1,322000,322999.999,4097000,4097999.999
"9854",10179,322326.06,322331.328,4097785.668,4097791.972,"Silva","NEON_D17_TEAK_DP1_322000_4097000_classified_point_cloud_colorized.laz","2018_TEAK_3_322000_4097000_image.tif","Tree",1,322000,322999.999,4097000,4097999.999
"9855",10180,322369.319,322372.384,4097786.112,4097788.862,"Silva","NEON_D17_TEAK_DP1_322000_4097000_classified_point_cloud_colorized.laz","2018_TEAK_3_322000_4097000_image.tif","Tree",1,322000,322999.999,4097000,4097999.999
"9856",10181,322494.032,322500.875,4097782.009,4097789.493,"Silva","NEON_D17_TEAK_DP1_322000_4097000_classified_point_cloud_colorized.laz","2018_TEAK_3_322000_4097000_image.tif","Tree",1,322000,322999.999,4097000,4097999.999
"9857",10183,322067.636,322076.36,4097789.008,4097798.406,"Silva","NEON_D17_TEAK_DP1_322000_4097000_classified_point_cloud_colorized.laz","2018_TEAK_3_322000_4097000_image.tif","Tree",1,322000,322999.999,4097000,4097999.999
"9858",10184,322130.357,322136.164,4097787.557,4097795.925,"Silva","NEON_D17_TEAK_DP1_322000_4097000_classified_point_cloud_colorized.laz","2018_TEAK_3_322000_4097000_image.tif","Tree",1,322000,322999.999,4097000,4097999.999
"9859",10185,322342.663,322346.947,4097787.227,4097791.459,"Silva","NEON_D17_TEAK_DP1_322000_4097000_classified_point_cloud_colorized.laz","2018_TEAK_3_322000_4097000_image.tif","Tree",1,322000,322999.999,4097000,4097999.999
"9860",10186,322353.019,322357.923,4097786.508,4097792.797,"Silva","NEON_D17_TEAK_DP1_322000_4097000_classified_point_cloud_colorized.laz","2018_TEAK_3_322000_4097000_image.tif","Tree",1,322000,322999.999,4097000,4097999.999
"9861",10187,322086.061,322093.987,4097791.032,4097798.819,"Silva","NEON_D17_TEAK_DP1_322000_4097000_classified_point_cloud_colorized.laz","2018_TEAK_3_322000_4097000_image.tif","Tree",1,322000,322999.999,4097000,4097999.999
"9862",10188,322388.88,322389.26,4097789.012,4097790.334,"Silva","NEON_D17_TEAK_DP1_322000_4097000_classified_point_cloud_colorized.laz","2018_TEAK_3_322000_4097000_image.tif","Tree",1,322000,322999.999,4097000,4097999.999
"9863",10189,322301.901,322305.13,4097791.608,4097792.977,"Silva","NEON_D17_TEAK_DP1_322000_4097000_classified_point_cloud_colorized.laz","2018_TEAK_3_322000_4097000_image.tif","Tree",1,322000,322999.999,4097000,4097999.999
"9864",10190,322408.546,322416.283,4097785.507,4097792.184,"Silva","NEON_D17_TEAK_DP1_322000_4097000_classified_point_cloud_colorized.laz","2018_TEAK_3_322000_4097000_image.tif","Tree",1,322000,322999.999,4097000,4097999.999
"9865",10191,322471.528,322481.155,4097783.729,4097792.994,"Silva","NEON_D17_TEAK_DP1_322000_4097000_classified_point_cloud_colorized.laz","2018_TEAK_3_322000_4097000_image.tif","Tree",1,322000,322999.999,4097000,4097999.999
"9866",10192,322332.145,322332.492,4097793.741,4097794.297,"Silva","NEON_D17_TEAK_DP1_322000_4097000_classified_point_cloud_colorized.laz","2018_TEAK_3_322000_4097000_image.tif","Tree",1,322000,322999.999,4097000,4097999.999
"9867",10193,322427.611,322438.812,4097785.729,4097793.351,"Silva","NEON_D17_TEAK_DP1_322000_4097000_classified_point_cloud_colorized.laz","2018_TEAK_3_322000_4097000_image.tif","Tree",1,322000,322999.999,4097000,4097999.999
"9868",10194,322385.452,322386.688,4097790.58,4097791.944,"Silva","NEON_D17_TEAK_DP1_322000_4097000_classified_point_cloud_colorized.laz","2018_TEAK_3_322000_4097000_image.tif","Tree",1,322000,322999.999,4097000,4097999.999
"9869",10195,322077.805,322086.956,4097791.05,4097800.977,"Silva","NEON_D17_TEAK_DP1_322000_4097000_classified_point_cloud_colorized.laz","2018_TEAK_3_322000_4097000_image.tif","Tree",1,322000,322999.999,4097000,4097999.999
"9870",10196,322397.518,322404.997,4097785.366,4097794.968,"Silva","NEON_D17_TEAK_DP1_322000_4097000_classified_point_cloud_colorized.laz","2018_TEAK_3_322000_4097000_image.tif","Tree",1,322000,322999.999,4097000,4097999.999
"9871",10197,322405.151,322411.996,4097786.569,4097794.5,"Silva","NEON_D17_TEAK_DP1_322000_4097000_classified_point_cloud_colorized.laz","2018_TEAK_3_322000_4097000_image.tif","Tree",1,322000,322999.999,4097000,4097999.999
"9872",10198,322490.519,322498.446,4097786.488,4097795.262,"Silva","NEON_D17_TEAK_DP1_322000_4097000_classified_point_cloud_colorized.laz","2018_TEAK_3_322000_4097000_image.tif","Tree",1,322000,322999.999,4097000,4097999.999
"9873",10199,322055.532,322060.961,4097796.352,4097802.365,"Silva","NEON_D17_TEAK_DP1_322000_4097000_classified_point_cloud_colorized.laz","2018_TEAK_3_322000_4097000_image.tif","Tree",1,322000,322999.999,4097000,4097999.999
"9874",10200,322125.012,322129.854,4097796.071,4097801.951,"Silva","NEON_D17_TEAK_DP1_322000_4097000_classified_point_cloud_colorized.laz","2018_TEAK_3_322000_4097000_image.tif","Tree",1,322000,322999.999,4097000,4097999.999
"9875",10201,322479.555,322488.35,4097787.106,4097796.296,"Silva","NEON_D17_TEAK_DP1_322000_4097000_classified_point_cloud_colorized.laz","2018_TEAK_3_322000_4097000_image.tif","Tree",1,322000,322999.999,4097000,4097999.999
"9876",10202,322307.071,322313.993,4097792.028,4097801.49,"Silva","NEON_D17_TEAK_DP1_322000_4097000_classified_point_cloud_colorized.laz","2018_TEAK_3_322000_4097000_image.tif","Tree",1,322000,322999.999,4097000,4097999.999
"9877",10203,322360.114,322365.487,4097792.114,4097798.995,"Silva","NEON_D17_TEAK_DP1_322000_4097000_classified_point_cloud_colorized.laz","2018_TEAK_3_322000_4097000_image.tif","Tree",1,322000,322999.999,4097000,4097999.999
"9878",10204,322091.689,322098.464,4097797.502,4097804.96,"Silva","NEON_D17_TEAK_DP1_322000_4097000_classified_point_cloud_colorized.laz","2018_TEAK_3_322000_4097000_image.tif","Tree",1,322000,322999.999,4097000,4097999.999
"9879",10205,322082.575,322091.485,4097797.591,4097804.275,"Silva","NEON_D17_TEAK_DP1_322000_4097000_classified_point_cloud_colorized.laz","2018_TEAK_3_322000_4097000_image.tif","Tree",1,322000,322999.999,4097000,4097999.999
"9880",10206,322311.581,322319.064,4097794.013,4097803.987,"Silva","NEON_D17_TEAK_DP1_322000_4097000_classified_point_cloud_colorized.laz","2018_TEAK_3_322000_4097000_image.tif","Tree",1,322000,322999.999,4097000,4097999.999
"9881",10207,322348.932,322354.431,4097799.147,4097801.33,"Silva","NEON_D17_TEAK_DP1_322000_4097000_classified_point_cloud_colorized.laz","2018_TEAK_3_322000_4097000_image.tif","Tree",1,322000,322999.999,4097000,4097999.999
"9882",10208,322146.505,322151.489,4097798.643,4097804.497,"Silva","NEON_D17_TEAK_DP1_322000_4097000_classified_point_cloud_colorized.laz","2018_TEAK_3_322000_4097000_image.tif","Tree",1,322000,322999.999,4097000,4097999.999
"9883",10209,322428.012,322435.999,4097791.673,4097799.273,"Silva","NEON_D17_TEAK_DP1_322000_4097000_classified_point_cloud_colorized.laz","2018_TEAK_3_322000_4097000_image.tif","Tree",1,322000,322999.999,4097000,4097999.999
"9884",10210,322485.215,322492.29,4097789.534,4097797.458,"Silva","NEON_D17_TEAK_DP1_322000_4097000_classified_point_cloud_colorized.laz","2018_TEAK_3_322000_4097000_image.tif","Tree",1,322000,322999.999,4097000,4097999.999
"9885",10211,322068.112,322072.1,4097798.71,4097807.498,"Silva","NEON_D17_TEAK_DP1_322000_4097000_classified_point_cloud_colorized.laz","2018_TEAK_3_322000_4097000_image.tif","Tree",1,322000,322999.999,4097000,4097999.999
"9886",10212,322442.082,322448.646,4097790.572,4097799.434,"Silva","NEON_D17_TEAK_DP1_322000_4097000_classified_point_cloud_colorized.laz","2018_TEAK_3_322000_4097000_image.tif","Tree",1,322000,322999.999,4097000,4097999.999
"9887",10213,322278.132,322284.414,4097797.513,4097802.92,"Silva","NEON_D17_TEAK_DP1_322000_4097000_classified_point_cloud_colorized.laz","2018_TEAK_3_322000_4097000_image.tif","Tree",1,322000,322999.999,4097000,4097999.999
"9888",10214,322253.5,322258.973,4097797.512,4097803.492,"Silva","NEON_D17_TEAK_DP1_322000_4097000_classified_point_cloud_colorized.laz","2018_TEAK_3_322000_4097000_image.tif","Tree",1,322000,322999.999,4097000,4097999.999
"9889",10215,322042.018,322049.867,4097803.093,4097810.426,"Silva","NEON_D17_TEAK_DP1_322000_4097000_classified_point_cloud_colorized.laz","2018_TEAK_3_322000_4097000_image.tif","Tree",1,322000,322999.999,4097000,4097999.999
"9890",10216,322296.107,322297.37,4097800.516,4097801.732,"Silva","NEON_D17_TEAK_DP1_322000_4097000_classified_point_cloud_colorized.laz","2018_TEAK_3_322000_4097000_image.tif","Tree",1,322000,322999.999,4097000,4097999.999
"9891",10217,322517.209,322527.471,4097790.003,4097799.477,"Silva","NEON_D17_TEAK_DP1_322000_4097000_classified_point_cloud_colorized.laz","2018_TEAK_3_322000_4097000_image.tif","Tree",1,322000,322999.999,4097000,4097999.999
"9892",10218,322394.623,322402.524,4097795.153,4097801.39,"Silva","NEON_D17_TEAK_DP1_322000_4097000_classified_point_cloud_colorized.laz","2018_TEAK_3_322000_4097000_image.tif","Tree",1,322000,322999.999,4097000,4097999.999
"9893",10219,322277.509,322278.971,4097800.233,4097803.051,"Silva","NEON_D17_TEAK_DP1_322000_4097000_classified_point_cloud_colorized.laz","2018_TEAK_3_322000_4097000_image.tif","Tree",1,322000,322999.999,4097000,4097999.999
"9894",10220,322088.712,322092.926,4097802.527,4097809.947,"Silva","NEON_D17_TEAK_DP1_322000_4097000_classified_point_cloud_colorized.laz","2018_TEAK_3_322000_4097000_image.tif","Tree",1,322000,322999.999,4097000,4097999.999
"9895",10221,322415.068,322424.935,4097794.515,4097802.375,"Silva","NEON_D17_TEAK_DP1_322000_4097000_classified_point_cloud_colorized.laz","2018_TEAK_3_322000_4097000_image.tif","Tree",1,322000,322999.999,4097000,4097999.999
"9896",10222,322099.099,322103.436,4097806.022,4097809.923,"Silva","NEON_D17_TEAK_DP1_322000_4097000_classified_point_cloud_colorized.laz","2018_TEAK_3_322000_4097000_image.tif","Tree",1,322000,322999.999,4097000,4097999.999
"9897",10223,322147.579,322152.954,4097803.534,4097808.976,"Silva","NEON_D17_TEAK_DP1_322000_4097000_classified_point_cloud_colorized.laz","2018_TEAK_3_322000_4097000_image.tif","Tree",1,322000,322999.999,4097000,4097999.999
"9898",10224,322288.003,322293.202,4097799.084,4097805.932,"Silva","NEON_D17_TEAK_DP1_322000_4097000_classified_point_cloud_colorized.laz","2018_TEAK_3_322000_4097000_image.tif","Tree",1,322000,322999.999,4097000,4097999.999
"9899",10225,322469.112,322480.354,4097792.531,4097802.89,"Silva","NEON_D17_TEAK_DP1_322000_4097000_classified_point_cloud_colorized.laz","2018_TEAK_3_322000_4097000_image.tif","Tree",1,322000,322999.999,4097000,4097999.999
"9900",10226,322066.119,322075.03,4097806.088,4097812.869,"Silva","NEON_D17_TEAK_DP1_322000_4097000_classified_point_cloud_colorized.laz","2018_TEAK_3_322000_4097000_image.tif","Tree",1,322000,322999.999,4097000,4097999.999
"9901",10227,322122.544,322126.379,4097807.051,4097812.353,"Silva","NEON_D17_TEAK_DP1_322000_4097000_classified_point_cloud_colorized.laz","2018_TEAK_3_322000_4097000_image.tif","Tree",1,322000,322999.999,4097000,4097999.999
"9902",10228,322137.001,322140.911,4097806.622,4097810.474,"Silva","NEON_D17_TEAK_DP1_322000_4097000_classified_point_cloud_colorized.laz","2018_TEAK_3_322000_4097000_image.tif","Tree",1,322000,322999.999,4097000,4097999.999
"9903",10229,322373.094,322374.985,4097801.053,4097804.682,"Silva","NEON_D17_TEAK_DP1_322000_4097000_classified_point_cloud_colorized.laz","2018_TEAK_3_322000_4097000_image.tif","Tree",1,322000,322999.999,4097000,4097999.999
"9904",10230,322498.513,322507.499,4097794.516,4097802.488,"Silva","NEON_D17_TEAK_DP1_322000_4097000_classified_point_cloud_colorized.laz","2018_TEAK_3_322000_4097000_image.tif","Tree",1,322000,322999.999,4097000,4097999.999
"9905",10231,322104.521,322110.479,4097805.349,4097812.223,"Silva","NEON_D17_TEAK_DP1_322000_4097000_classified_point_cloud_colorized.laz","2018_TEAK_3_322000_4097000_image.tif","Tree",1,322000,322999.999,4097000,4097999.999
"9906",10232,322052.575,322058.822,4097807.101,4097814.896,"Silva","NEON_D17_TEAK_DP1_322000_4097000_classified_point_cloud_colorized.laz","2018_TEAK_3_322000_4097000_image.tif","Tree",1,322000,322999.999,4097000,4097999.999
"9907",10233,322039.046,322046.99,4097806.686,4097814.465,"Silva","NEON_D17_TEAK_DP1_322000_4097000_classified_point_cloud_colorized.laz","2018_TEAK_3_322000_4097000_image.tif","Tree",1,322000,322999.999,4097000,4097999.999
"9908",10234,322489.131,322489.994,4097797.521,4097800.469,"Silva","NEON_D17_TEAK_DP1_322000_4097000_classified_point_cloud_colorized.laz","2018_TEAK_3_322000_4097000_image.tif","Tree",1,322000,322999.999,4097000,4097999.999
"9909",10236,322429.504,322438.947,4097797.006,4097803.991,"Silva","NEON_D17_TEAK_DP1_322000_4097000_classified_point_cloud_colorized.laz","2018_TEAK_3_322000_4097000_image.tif","Tree",1,322000,322999.999,4097000,4097999.999
"9910",10237,322403,322411.9,4097798.005,4097807.459,"Silva","NEON_D17_TEAK_DP1_322000_4097000_classified_point_cloud_colorized.laz","2018_TEAK_3_322000_4097000_image.tif","Tree",1,322000,322999.999,4097000,4097999.999
"9911",10238,322326.523,322334.989,4097800.542,4097808.482,"Silva","NEON_D17_TEAK_DP1_322000_4097000_classified_point_cloud_colorized.laz","2018_TEAK_3_322000_4097000_image.tif","Tree",1,322000,322999.999,4097000,4097999.999
"9912",10239,322185.014,322194.981,4097803.529,4097815.938,"Silva","NEON_D17_TEAK_DP1_322000_4097000_classified_point_cloud_colorized.laz","2018_TEAK_3_322000_4097000_image.tif","Tree",1,322000,322999.999,4097000,4097999.999
"9913",10240,322379.825,322384.813,4097800.018,4097805.988,"Silva","NEON_D17_TEAK_DP1_322000_4097000_classified_point_cloud_colorized.laz","2018_TEAK_3_322000_4097000_image.tif","Tree",1,322000,322999.999,4097000,4097999.999
"9914",10241,322537.263,322543.986,4097795.076,4097801.487,"Silva","NEON_D17_TEAK_DP1_322000_4097000_classified_point_cloud_colorized.laz","2018_TEAK_3_322000_4097000_image.tif","Tree",1,322000,322999.999,4097000,4097999.999
"9915",10242,322438.534,322448.39,4097798.524,4097805.973,"Silva","NEON_D17_TEAK_DP1_322000_4097000_classified_point_cloud_colorized.laz","2018_TEAK_3_322000_4097000_image.tif","Tree",1,322000,322999.999,4097000,4097999.999
"9916",10243,322079.828,322086.404,4097809.314,4097815.996,"Silva","NEON_D17_TEAK_DP1_322000_4097000_classified_point_cloud_colorized.laz","2018_TEAK_3_322000_4097000_image.tif","Tree",1,322000,322999.999,4097000,4097999.999
"9917",10244,322044.505,322050.879,4097811.015,4097817.426,"Silva","NEON_D17_TEAK_DP1_322000_4097000_classified_point_cloud_colorized.laz","2018_TEAK_3_322000_4097000_image.tif","Tree",1,322000,322999.999,4097000,4097999.999
"9918",10245,322501.428,322512.448,4097796.342,4097805.993,"Silva","NEON_D17_TEAK_DP1_322000_4097000_classified_point_cloud_colorized.laz","2018_TEAK_3_322000_4097000_image.tif","Tree",1,322000,322999.999,4097000,4097999.999
"9919",10246,322107.504,322115.362,4097810.535,4097816.336,"Silva","NEON_D17_TEAK_DP1_322000_4097000_classified_point_cloud_colorized.laz","2018_TEAK_3_322000_4097000_image.tif","Tree",1,322000,322999.999,4097000,4097999.999
"9920",10247,322338.054,322344.918,4097802.911,4097808.967,"Silva","NEON_D17_TEAK_DP1_322000_4097000_classified_point_cloud_colorized.laz","2018_TEAK_3_322000_4097000_image.tif","Tree",1,322000,322999.999,4097000,4097999.999
"9921",10248,322306.566,322315.481,4097801.503,4097809.934,"Silva","NEON_D17_TEAK_DP1_322000_4097000_classified_point_cloud_colorized.laz","2018_TEAK_3_322000_4097000_image.tif","Tree",1,322000,322999.999,4097000,4097999.999
"9922",10249,322475.59,322477.997,4097800.656,4097802.327,"Silva","NEON_D17_TEAK_DP1_322000_4097000_classified_point_cloud_colorized.laz","2018_TEAK_3_322000_4097000_image.tif","Tree",1,322000,322999.999,4097000,4097999.999
"9923",10250,322066.5,322074.299,4097812.676,4097820.499,"Silva","NEON_D17_TEAK_DP1_322000_4097000_classified_point_cloud_colorized.laz","2018_TEAK_3_322000_4097000_image.tif","Tree",1,322000,322999.999,4097000,4097999.999
"9924",10251,322054.09,322060.826,4097814.197,4097820.448,"Silva","NEON_D17_TEAK_DP1_322000_4097000_classified_point_cloud_colorized.laz","2018_TEAK_3_322000_4097000_image.tif","Tree",1,322000,322999.999,4097000,4097999.999
"9925",10252,322331.098,322338.943,4097804.66,4097812.448,"Silva","NEON_D17_TEAK_DP1_322000_4097000_classified_point_cloud_colorized.laz","2018_TEAK_3_322000_4097000_image.tif","Tree",1,322000,322999.999,4097000,4097999.999
"9926",10253,322449.145,322455.987,4097800.546,4097806.817,"Silva","NEON_D17_TEAK_DP1_322000_4097000_classified_point_cloud_colorized.laz","2018_TEAK_3_322000_4097000_image.tif","Tree",1,322000,322999.999,4097000,4097999.999
"9927",10254,322533.508,322539.378,4097799.607,4097805.318,"Silva","NEON_D17_TEAK_DP1_322000_4097000_classified_point_cloud_colorized.laz","2018_TEAK_3_322000_4097000_image.tif","Tree",1,322000,322999.999,4097000,4097999.999
"9928",10255,322409.025,322419.349,4097801.004,4097810.489,"Silva","NEON_D17_TEAK_DP1_322000_4097000_classified_point_cloud_colorized.laz","2018_TEAK_3_322000_4097000_image.tif","Tree",1,322000,322999.999,4097000,4097999.999
"9929",10256,322151.623,322157.4,4097812.521,4097818.398,"Silva","NEON_D17_TEAK_DP1_322000_4097000_classified_point_cloud_colorized.laz","2018_TEAK_3_322000_4097000_image.tif","Tree",1,322000,322999.999,4097000,4097999.999
"9930",10257,322161.037,322167.992,4097811.105,4097816.996,"Silva","NEON_D17_TEAK_DP1_322000_4097000_classified_point_cloud_colorized.laz","2018_TEAK_3_322000_4097000_image.tif","Tree",1,322000,322999.999,4097000,4097999.999
"9931",10258,322519.001,322525.879,4097799.092,4097806.253,"Silva","NEON_D17_TEAK_DP1_322000_4097000_classified_point_cloud_colorized.laz","2018_TEAK_3_322000_4097000_image.tif","Tree",1,322000,322999.999,4097000,4097999.999
"9932",10259,322492.543,322493.463,4097806.209,4097806.917,"Silva","NEON_D17_TEAK_DP1_322000_4097000_classified_point_cloud_colorized.laz","2018_TEAK_3_322000_4097000_image.tif","Tree",1,322000,322999.999,4097000,4097999.999
"9933",10260,322429.745,322430.465,4097802.802,4097809.962,"Silva","NEON_D17_TEAK_DP1_322000_4097000_classified_point_cloud_colorized.laz","2018_TEAK_3_322000_4097000_image.tif","Tree",1,322000,322999.999,4097000,4097999.999
"9934",10261,322002.121,322010.48,4097817.019,4097824.999,"Silva","NEON_D17_TEAK_DP1_322000_4097000_classified_point_cloud_colorized.laz","2018_TEAK_3_322000_4097000_image.tif","Tree",1,322000,322999.999,4097000,4097999.999
"9935",10262,322017.504,322022.457,4097819.677,4097823.158,"Silva","NEON_D17_TEAK_DP1_322000_4097000_classified_point_cloud_colorized.laz","2018_TEAK_3_322000_4097000_image.tif","Tree",1,322000,322999.999,4097000,4097999.999
"9936",10263,322338.875,322345.542,4097806.582,4097813.411,"Silva","NEON_D17_TEAK_DP1_322000_4097000_classified_point_cloud_colorized.laz","2018_TEAK_3_322000_4097000_image.tif","Tree",1,322000,322999.999,4097000,4097999.999
"9937",10264,322400.796,322407.468,4097803.565,4097812.478,"Silva","NEON_D17_TEAK_DP1_322000_4097000_classified_point_cloud_colorized.laz","2018_TEAK_3_322000_4097000_image.tif","Tree",1,322000,322999.999,4097000,4097999.999
"9938",10265,322430.515,322438.483,4097803.527,4097810.772,"Silva","NEON_D17_TEAK_DP1_322000_4097000_classified_point_cloud_colorized.laz","2018_TEAK_3_322000_4097000_image.tif","Tree",1,322000,322999.999,4097000,4097999.999
"9939",10266,322388.121,322397.388,4097802.192,4097814.376,"Silva","NEON_D17_TEAK_DP1_322000_4097000_classified_point_cloud_colorized.laz","2018_TEAK_3_322000_4097000_image.tif","Tree",1,322000,322999.999,4097000,4097999.999
"9940",10267,322538.074,322543.981,4097801.02,4097806.96,"Silva","NEON_D17_TEAK_DP1_322000_4097000_classified_point_cloud_colorized.laz","2018_TEAK_3_322000_4097000_image.tif","Tree",1,322000,322999.999,4097000,4097999.999
"9941",10268,322068.983,322076.481,4097817.766,4097823.999,"Silva","NEON_D17_TEAK_DP1_322000_4097000_classified_point_cloud_colorized.laz","2018_TEAK_3_322000_4097000_image.tif","Tree",1,322000,322999.999,4097000,4097999.999
"9942",10269,322149.061,322154.382,4097816.507,4097821.138,"Silva","NEON_D17_TEAK_DP1_322000_4097000_classified_point_cloud_colorized.laz","2018_TEAK_3_322000_4097000_image.tif","Tree",1,322000,322999.999,4097000,4097999.999
"9943",10270,322437.388,322445.342,4097804.406,4097811.869,"Silva","NEON_D17_TEAK_DP1_322000_4097000_classified_point_cloud_colorized.laz","2018_TEAK_3_322000_4097000_image.tif","Tree",1,322000,322999.999,4097000,4097999.999
"9944",10271,322161.212,322167.464,4097816.566,4097822.982,"Silva","NEON_D17_TEAK_DP1_322000_4097000_classified_point_cloud_colorized.laz","2018_TEAK_3_322000_4097000_image.tif","Tree",1,322000,322999.999,4097000,4097999.999
"9945",10272,322175.511,322187.984,4097812.052,4097824.459,"Silva","NEON_D17_TEAK_DP1_322000_4097000_classified_point_cloud_colorized.laz","2018_TEAK_3_322000_4097000_image.tif","Tree",1,322000,322999.999,4097000,4097999.999
"9946",10273,322449.518,322457.857,4097806.511,4097812.301,"Silva","NEON_D17_TEAK_DP1_322000_4097000_classified_point_cloud_colorized.laz","2018_TEAK_3_322000_4097000_image.tif","Tree",1,322000,322999.999,4097000,4097999.999
"9947",10274,322378.518,322383.596,4097808.23,4097814.447,"Silva","NEON_D17_TEAK_DP1_322000_4097000_classified_point_cloud_colorized.laz","2018_TEAK_3_322000_4097000_image.tif","Tree",1,322000,322999.999,4097000,4097999.999
"9948",10275,322499.038,322510.052,4097803.055,4097811.654,"Silva","NEON_D17_TEAK_DP1_322000_4097000_classified_point_cloud_colorized.laz","2018_TEAK_3_322000_4097000_image.tif","Tree",1,322000,322999.999,4097000,4097999.999
"9949",10276,322340.039,322347.946,4097811.62,4097819.354,"Silva","NEON_D17_TEAK_DP1_322000_4097000_classified_point_cloud_colorized.laz","2018_TEAK_3_322000_4097000_image.tif","Tree",1,322000,322999.999,4097000,4097999.999
"9950",10277,322531.509,322537.222,4097804.097,4097810.999,"Silva","NEON_D17_TEAK_DP1_322000_4097000_classified_point_cloud_colorized.laz","2018_TEAK_3_322000_4097000_image.tif","Tree",1,322000,322999.999,4097000,4097999.999
"9951",10278,322350.207,322353.771,4097810.535,4097818.995,"Silva","NEON_D17_TEAK_DP1_322000_4097000_classified_point_cloud_colorized.laz","2018_TEAK_3_322000_4097000_image.tif","Tree",1,322000,322999.999,4097000,4097999.999
"9952",10279,322089.682,322099.489,4097817.754,4097828.913,"Silva","NEON_D17_TEAK_DP1_322000_4097000_classified_point_cloud_colorized.laz","2018_TEAK_3_322000_4097000_image.tif","Tree",1,322000,322999.999,4097000,4097999.999
"9953",10280,322519.626,322525.967,4097806.002,4097812.985,"Silva","NEON_D17_TEAK_DP1_322000_4097000_classified_point_cloud_colorized.laz","2018_TEAK_3_322000_4097000_image.tif","Tree",1,322000,322999.999,4097000,4097999.999
"9954",10281,322525.569,322531.976,4097806.208,4097812.985,"Silva","NEON_D17_TEAK_DP1_322000_4097000_classified_point_cloud_colorized.laz","2018_TEAK_3_322000_4097000_image.tif","Tree",1,322000,322999.999,4097000,4097999.999
"9955",10282,322457.514,322466.482,4097806.277,4097814.829,"Silva","NEON_D17_TEAK_DP1_322000_4097000_classified_point_cloud_colorized.laz","2018_TEAK_3_322000_4097000_image.tif","Tree",1,322000,322999.999,4097000,4097999.999
"9956",10283,322123.592,322133.986,4097816.521,4097828.883,"Silva","NEON_D17_TEAK_DP1_322000_4097000_classified_point_cloud_colorized.laz","2018_TEAK_3_322000_4097000_image.tif","Tree",1,322000,322999.999,4097000,4097999.999
"9957",10284,322373.603,322379.478,4097811.533,4097818.481,"Silva","NEON_D17_TEAK_DP1_322000_4097000_classified_point_cloud_colorized.laz","2018_TEAK_3_322000_4097000_image.tif","Tree",1,322000,322999.999,4097000,4097999.999
"9958",10285,322170.073,322179.417,4097817.507,4097826.432,"Silva","NEON_D17_TEAK_DP1_322000_4097000_classified_point_cloud_colorized.laz","2018_TEAK_3_322000_4097000_image.tif","Tree",1,322000,322999.999,4097000,4097999.999
"9959",10286,322248.574,322256.891,4097816.038,4097823.482,"Silva","NEON_D17_TEAK_DP1_322000_4097000_classified_point_cloud_colorized.laz","2018_TEAK_3_322000_4097000_image.tif","Tree",1,322000,322999.999,4097000,4097999.999
"9960",10287,322070.103,322074.433,4097825.039,4097829.487,"Silva","NEON_D17_TEAK_DP1_322000_4097000_classified_point_cloud_colorized.laz","2018_TEAK_3_322000_4097000_image.tif","Tree",1,322000,322999.999,4097000,4097999.999
"9961",10288,322329.755,322336.472,4097813.729,4097821.261,"Silva","NEON_D17_TEAK_DP1_322000_4097000_classified_point_cloud_colorized.laz","2018_TEAK_3_322000_4097000_image.tif","Tree",1,322000,322999.999,4097000,4097999.999
"9962",10289,322514.596,322517.816,4097810.052,4097813.488,"Silva","NEON_D17_TEAK_DP1_322000_4097000_classified_point_cloud_colorized.laz","2018_TEAK_3_322000_4097000_image.tif","Tree",1,322000,322999.999,4097000,4097999.999
"9963",10290,322403.319,322409.813,4097810.661,4097821.5,"Silva","NEON_D17_TEAK_DP1_322000_4097000_classified_point_cloud_colorized.laz","2018_TEAK_3_322000_4097000_image.tif","Tree",1,322000,322999.999,4097000,4097999.999
"9964",10291,322216.009,322222.982,4097819.024,4097826.562,"Silva","NEON_D17_TEAK_DP1_322000_4097000_classified_point_cloud_colorized.laz","2018_TEAK_3_322000_4097000_image.tif","Tree",1,322000,322999.999,4097000,4097999.999
"9965",10292,322533.149,322541.476,4097809.864,4097815.955,"Silva","NEON_D17_TEAK_DP1_322000_4097000_classified_point_cloud_colorized.laz","2018_TEAK_3_322000_4097000_image.tif","Tree",1,322000,322999.999,4097000,4097999.999
"9966",10293,322437.67,322445.93,4097811.539,4097819.47,"Silva","NEON_D17_TEAK_DP1_322000_4097000_classified_point_cloud_colorized.laz","2018_TEAK_3_322000_4097000_image.tif","Tree",1,322000,322999.999,4097000,4097999.999
"9967",10294,322419.003,322428.458,4097810.558,4097818.445,"Silva","NEON_D17_TEAK_DP1_322000_4097000_classified_point_cloud_colorized.laz","2018_TEAK_3_322000_4097000_image.tif","Tree",1,322000,322999.999,4097000,4097999.999
"9968",10295,322234.569,322239.753,4097820.682,4097825.963,"Silva","NEON_D17_TEAK_DP1_322000_4097000_classified_point_cloud_colorized.laz","2018_TEAK_3_322000_4097000_image.tif","Tree",1,322000,322999.999,4097000,4097999.999
"9969",10296,322110.754,322115.822,4097825.077,4097831.256,"Silva","NEON_D17_TEAK_DP1_322000_4097000_classified_point_cloud_colorized.laz","2018_TEAK_3_322000_4097000_image.tif","Tree",1,322000,322999.999,4097000,4097999.999
"9970",10297,322336.148,322344.99,4097814.254,4097821.982,"Silva","NEON_D17_TEAK_DP1_322000_4097000_classified_point_cloud_colorized.laz","2018_TEAK_3_322000_4097000_image.tif","Tree",1,322000,322999.999,4097000,4097999.999
"9971",10298,322408.111,322414.829,4097812.232,4097820.991,"Silva","NEON_D17_TEAK_DP1_322000_4097000_classified_point_cloud_colorized.laz","2018_TEAK_3_322000_4097000_image.tif","Tree",1,322000,322999.999,4097000,4097999.999
"9972",10299,322164.593,322173.473,4097823.003,4097831.425,"Silva","NEON_D17_TEAK_DP1_322000_4097000_classified_point_cloud_colorized.laz","2018_TEAK_3_322000_4097000_image.tif","Tree",1,322000,322999.999,4097000,4097999.999
"9973",10300,322361.165,322367.284,4097817.7,4097821.921,"Silva","NEON_D17_TEAK_DP1_322000_4097000_classified_point_cloud_colorized.laz","2018_TEAK_3_322000_4097000_image.tif","Tree",1,322000,322999.999,4097000,4097999.999
"9974",10301,322469.087,322473.978,4097812.526,4097819.996,"Silva","NEON_D17_TEAK_DP1_322000_4097000_classified_point_cloud_colorized.laz","2018_TEAK_3_322000_4097000_image.tif","Tree",1,322000,322999.999,4097000,4097999.999
"9975",10302,322071.07,322075.984,4097830.778,4097833.494,"Silva","NEON_D17_TEAK_DP1_322000_4097000_classified_point_cloud_colorized.laz","2018_TEAK_3_322000_4097000_image.tif","Tree",1,322000,322999.999,4097000,4097999.999
"9976",10303,322057.833,322059.357,4097832.103,4097833.869,"Silva","NEON_D17_TEAK_DP1_322000_4097000_classified_point_cloud_colorized.laz","2018_TEAK_3_322000_4097000_image.tif","Tree",1,322000,322999.999,4097000,4097999.999
"9977",10304,322032.634,322042.886,4097827.736,4097840.963,"Silva","NEON_D17_TEAK_DP1_322000_4097000_classified_point_cloud_colorized.laz","2018_TEAK_3_322000_4097000_image.tif","Tree",1,322000,322999.999,4097000,4097999.999
"9978",10305,322080.006,322086.433,4097829.014,4097835.429,"Silva","NEON_D17_TEAK_DP1_322000_4097000_classified_point_cloud_colorized.laz","2018_TEAK_3_322000_4097000_image.tif","Tree",1,322000,322999.999,4097000,4097999.999
"9979",10307,322162.032,322169.494,4097826.622,4097833.904,"Silva","NEON_D17_TEAK_DP1_322000_4097000_classified_point_cloud_colorized.laz","2018_TEAK_3_322000_4097000_image.tif","Tree",1,322000,322999.999,4097000,4097999.999
"9980",10308,322494.25,322502.869,4097813.536,4097822.432,"Silva","NEON_D17_TEAK_DP1_322000_4097000_classified_point_cloud_colorized.laz","2018_TEAK_3_322000_4097000_image.tif","Tree",1,322000,322999.999,4097000,4097999.999
"9981",10309,322513.026,322515.922,4097816.063,4097819.962,"Silva","NEON_D17_TEAK_DP1_322000_4097000_classified_point_cloud_colorized.laz","2018_TEAK_3_322000_4097000_image.tif","Tree",1,322000,322999.999,4097000,4097999.999
"9982",10310,322330.525,322337.343,4097821.661,4097828.971,"Silva","NEON_D17_TEAK_DP1_322000_4097000_classified_point_cloud_colorized.laz","2018_TEAK_3_322000_4097000_image.tif","Tree",1,322000,322999.999,4097000,4097999.999
"9983",10311,322074.069,322081.787,4097830.214,4097837.991,"Silva","NEON_D17_TEAK_DP1_322000_4097000_classified_point_cloud_colorized.laz","2018_TEAK_3_322000_4097000_image.tif","Tree",1,322000,322999.999,4097000,4097999.999
"9984",10312,322361.107,322365.999,4097821.54,4097827.965,"Silva","NEON_D17_TEAK_DP1_322000_4097000_classified_point_cloud_colorized.laz","2018_TEAK_3_322000_4097000_image.tif","Tree",1,322000,322999.999,4097000,4097999.999
"9985",10313,322450.943,322457.884,4097816.552,4097824.485,"Silva","NEON_D17_TEAK_DP1_322000_4097000_classified_point_cloud_colorized.laz","2018_TEAK_3_322000_4097000_image.tif","Tree",1,322000,322999.999,4097000,4097999.999
"9986",10314,322502.401,322509.493,4097814.001,4097823.982,"Silva","NEON_D17_TEAK_DP1_322000_4097000_classified_point_cloud_colorized.laz","2018_TEAK_3_322000_4097000_image.tif","Tree",1,322000,322999.999,4097000,4097999.999
"9987",10315,322365.503,322370.842,4097820.395,4097828.489,"Silva","NEON_D17_TEAK_DP1_322000_4097000_classified_point_cloud_colorized.laz","2018_TEAK_3_322000_4097000_image.tif","Tree",1,322000,322999.999,4097000,4097999.999
"9988",10316,322147.565,322157.859,4097829.379,4097836.983,"Silva","NEON_D17_TEAK_DP1_322000_4097000_classified_point_cloud_colorized.laz","2018_TEAK_3_322000_4097000_image.tif","Tree",1,322000,322999.999,4097000,4097999.999
"9989",10317,322122.199,322130.956,4097829.138,4097836.459,"Silva","NEON_D17_TEAK_DP1_322000_4097000_classified_point_cloud_colorized.laz","2018_TEAK_3_322000_4097000_image.tif","Tree",1,322000,322999.999,4097000,4097999.999
"9990",10318,322536.563,322546.148,4097813.621,4097823.983,"Silva","NEON_D17_TEAK_DP1_322000_4097000_classified_point_cloud_colorized.laz","2018_TEAK_3_322000_4097000_image.tif","Tree",1,322000,322999.999,4097000,4097999.999
"9991",10319,322522.031,322532.48,4097814.04,4097825.308,"Silva","NEON_D17_TEAK_DP1_322000_4097000_classified_point_cloud_colorized.laz","2018_TEAK_3_322000_4097000_image.tif","Tree",1,322000,322999.999,4097000,4097999.999
"9992",10320,322488.594,322492.862,4097816.035,4097817.984,"Silva","NEON_D17_TEAK_DP1_322000_4097000_classified_point_cloud_colorized.laz","2018_TEAK_3_322000_4097000_image.tif","Tree",1,322000,322999.999,4097000,4097999.999
"9993",10321,322069.507,322073.978,4097836.155,4097840.355,"Silva","NEON_D17_TEAK_DP1_322000_4097000_classified_point_cloud_colorized.laz","2018_TEAK_3_322000_4097000_image.tif","Tree",1,322000,322999.999,4097000,4097999.999
"9994",10322,322277.006,322281.329,4097827.545,4097832.498,"Silva","NEON_D17_TEAK_DP1_322000_4097000_classified_point_cloud_colorized.laz","2018_TEAK_3_322000_4097000_image.tif","Tree",1,322000,322999.999,4097000,4097999.999
"9995",10323,322441.016,322449.477,4097819.128,4097828.423,"Silva","NEON_D17_TEAK_DP1_322000_4097000_classified_point_cloud_colorized.laz","2018_TEAK_3_322000_4097000_image.tif","Tree",1,322000,322999.999,4097000,4097999.999
"9996",10324,322124.581,322130.454,4097835.623,4097841.996,"Silva","NEON_D17_TEAK_DP1_322000_4097000_classified_point_cloud_colorized.laz","2018_TEAK_3_322000_4097000_image.tif","Tree",1,322000,322999.999,4097000,4097999.999
"9997",10325,322545.062,322555.464,4097815.512,4097826.476,"Silva","NEON_D17_TEAK_DP1_322000_4097000_classified_point_cloud_colorized.laz","2018_TEAK_3_322000_4097000_image.tif","Tree",1,322000,322999.999,4097000,4097999.999
"9998",10327,322090.531,322100.852,4097833.059,4097844.492,"Silva","NEON_D17_TEAK_DP1_322000_4097000_classified_point_cloud_colorized.laz","2018_TEAK_3_322000_4097000_image.tif","Tree",1,322000,322999.999,4097000,4097999.999
"9999",10328,322555.511,322567.389,4097816.871,4097825.995,"Silva","NEON_D17_TEAK_DP1_322000_4097000_classified_point_cloud_colorized.laz","2018_TEAK_3_322000_4097000_image.tif","Tree",1,322000,322999.999,4097000,4097999.999
"10000",10329,322385.555,322389.908,4097826.546,4097832.632,"Silva","NEON_D17_TEAK_DP1_322000_4097000_classified_point_cloud_colorized.laz","2018_TEAK_3_322000_4097000_image.tif","Tree",1,322000,322999.999,4097000,4097999.999
"10001",10330,322102.183,322109.465,4097838.482,4097842.541,"Silva","NEON_D17_TEAK_DP1_322000_4097000_classified_point_cloud_colorized.laz","2018_TEAK_3_322000_4097000_image.tif","Tree",1,322000,322999.999,4097000,4097999.999
"10002",10331,322015.584,322019.345,4097843.082,4097847.462,"Silva","NEON_D17_TEAK_DP1_322000_4097000_classified_point_cloud_colorized.laz","2018_TEAK_3_322000_4097000_image.tif","Tree",1,322000,322999.999,4097000,4097999.999
"10003",10332,322049.127,322056.488,4097841.314,4097848.918,"Silva","NEON_D17_TEAK_DP1_322000_4097000_classified_point_cloud_colorized.laz","2018_TEAK_3_322000_4097000_image.tif","Tree",1,322000,322999.999,4097000,4097999.999
"10004",10333,322446.057,322455.907,4097825.288,4097834.386,"Silva","NEON_D17_TEAK_DP1_322000_4097000_classified_point_cloud_colorized.laz","2018_TEAK_3_322000_4097000_image.tif","Tree",1,322000,322999.999,4097000,4097999.999
"10005",10334,322363.111,322368.458,4097829.562,4097836.226,"Silva","NEON_D17_TEAK_DP1_322000_4097000_classified_point_cloud_colorized.laz","2018_TEAK_3_322000_4097000_image.tif","Tree",1,322000,322999.999,4097000,4097999.999
"10006",10335,322352.045,322359.877,4097831.538,4097835.884,"Silva","NEON_D17_TEAK_DP1_322000_4097000_classified_point_cloud_colorized.laz","2018_TEAK_3_322000_4097000_image.tif","Tree",1,322000,322999.999,4097000,4097999.999
"10007",10336,322071.002,322078.475,4097841.617,4097848.985,"Silva","NEON_D17_TEAK_DP1_322000_4097000_classified_point_cloud_colorized.laz","2018_TEAK_3_322000_4097000_image.tif","Tree",1,322000,322999.999,4097000,4097999.999
"10008",10337,322063.5,322069.896,4097843.156,4097848.035,"Silva","NEON_D17_TEAK_DP1_322000_4097000_classified_point_cloud_colorized.laz","2018_TEAK_3_322000_4097000_image.tif","Tree",1,322000,322999.999,4097000,4097999.999
"10009",10338,322323.082,322323.996,4097834.232,4097836.992,"Silva","NEON_D17_TEAK_DP1_322000_4097000_classified_point_cloud_colorized.laz","2018_TEAK_3_322000_4097000_image.tif","Tree",1,322000,322999.999,4097000,4097999.999
"10010",10339,322437.052,322440.988,4097829.001,4097833.99,"Silva","NEON_D17_TEAK_DP1_322000_4097000_classified_point_cloud_colorized.laz","2018_TEAK_3_322000_4097000_image.tif","Tree",1,322000,322999.999,4097000,4097999.999
"10011",10340,322006.518,322012.899,4097848.529,4097850.361,"Silva","NEON_D17_TEAK_DP1_322000_4097000_classified_point_cloud_colorized.laz","2018_TEAK_3_322000_4097000_image.tif","Tree",1,322000,322999.999,4097000,4097999.999
"10012",10341,322456.555,322464.769,4097828.511,4097835.967,"Silva","NEON_D17_TEAK_DP1_322000_4097000_classified_point_cloud_colorized.laz","2018_TEAK_3_322000_4097000_image.tif","Tree",1,322000,322999.999,4097000,4097999.999
"10013",10342,322107.836,322112.231,4097843.531,4097848.895,"Silva","NEON_D17_TEAK_DP1_322000_4097000_classified_point_cloud_colorized.laz","2018_TEAK_3_322000_4097000_image.tif","Tree",1,322000,322999.999,4097000,4097999.999
"10014",10343,322149.324,322153.972,4097842.025,4097847.252,"Silva","NEON_D17_TEAK_DP1_322000_4097000_classified_point_cloud_colorized.laz","2018_TEAK_3_322000_4097000_image.tif","Tree",1,322000,322999.999,4097000,4097999.999
"10015",10344,322394.689,322402.461,4097831.557,4097838.987,"Silva","NEON_D17_TEAK_DP1_322000_4097000_classified_point_cloud_colorized.laz","2018_TEAK_3_322000_4097000_image.tif","Tree",1,322000,322999.999,4097000,4097999.999
"10016",10345,322567.538,322577.958,4097820.6,4097834.095,"Silva","NEON_D17_TEAK_DP1_322000_4097000_classified_point_cloud_colorized.laz","2018_TEAK_3_322000_4097000_image.tif","Tree",1,322000,322999.999,4097000,4097999.999
"10017",10346,322526.201,322538.99,4097823.535,4097832.989,"Silva","NEON_D17_TEAK_DP1_322000_4097000_classified_point_cloud_colorized.laz","2018_TEAK_3_322000_4097000_image.tif","Tree",1,322000,322999.999,4097000,4097999.999
"10018",10347,322539.121,322552.164,4097824.605,4097834.477,"Silva","NEON_D17_TEAK_DP1_322000_4097000_classified_point_cloud_colorized.laz","2018_TEAK_3_322000_4097000_image.tif","Tree",1,322000,322999.999,4097000,4097999.999
"10019",10348,322476.511,322486.382,4097828.765,4097836.281,"Silva","NEON_D17_TEAK_DP1_322000_4097000_classified_point_cloud_colorized.laz","2018_TEAK_3_322000_4097000_image.tif","Tree",1,322000,322999.999,4097000,4097999.999
"10020",10349,322112.117,322118.366,4097844.194,4097851.787,"Silva","NEON_D17_TEAK_DP1_322000_4097000_classified_point_cloud_colorized.laz","2018_TEAK_3_322000_4097000_image.tif","Tree",1,322000,322999.999,4097000,4097999.999
"10021",10350,322460.511,322469.466,4097830.87,4097837.943,"Silva","NEON_D17_TEAK_DP1_322000_4097000_classified_point_cloud_colorized.laz","2018_TEAK_3_322000_4097000_image.tif","Tree",1,322000,322999.999,4097000,4097999.999
"10022",10351,322302.133,322311.383,4097837.575,4097844.945,"Silva","NEON_D17_TEAK_DP1_322000_4097000_classified_point_cloud_colorized.laz","2018_TEAK_3_322000_4097000_image.tif","Tree",1,322000,322999.999,4097000,4097999.999
"10023",10352,322065.742,322072.383,4097846.587,4097854.854,"Silva","NEON_D17_TEAK_DP1_322000_4097000_classified_point_cloud_colorized.laz","2018_TEAK_3_322000_4097000_image.tif","Tree",1,322000,322999.999,4097000,4097999.999
"10024",10353,322487.605,322497.469,4097828.252,4097837.479,"Silva","NEON_D17_TEAK_DP1_322000_4097000_classified_point_cloud_colorized.laz","2018_TEAK_3_322000_4097000_image.tif","Tree",1,322000,322999.999,4097000,4097999.999
"10025",10354,322032.522,322035.95,4097852.121,4097855.29,"Silva","NEON_D17_TEAK_DP1_322000_4097000_classified_point_cloud_colorized.laz","2018_TEAK_3_322000_4097000_image.tif","Tree",1,322000,322999.999,4097000,4097999.999
"10026",10355,322393.141,322396.053,4097837.25,4097840.824,"Silva","NEON_D17_TEAK_DP1_322000_4097000_classified_point_cloud_colorized.laz","2018_TEAK_3_322000_4097000_image.tif","Tree",1,322000,322999.999,4097000,4097999.999
"10027",10356,322582.341,322591.499,4097826.585,4097838.5,"Silva","NEON_D17_TEAK_DP1_322000_4097000_classified_point_cloud_colorized.laz","2018_TEAK_3_322000_4097000_image.tif","Tree",1,322000,322999.999,4097000,4097999.999
"10028",10357,322413.571,322420.452,4097835.117,4097842.485,"Silva","NEON_D17_TEAK_DP1_322000_4097000_classified_point_cloud_colorized.laz","2018_TEAK_3_322000_4097000_image.tif","Tree",1,322000,322999.999,4097000,4097999.999
"10029",10358,322449.647,322456.939,4097834.607,4097841.272,"Silva","NEON_D17_TEAK_DP1_322000_4097000_classified_point_cloud_colorized.laz","2018_TEAK_3_322000_4097000_image.tif","Tree",1,322000,322999.999,4097000,4097999.999
"10030",10359,322496.5,322502.986,4097831.014,4097839.42,"Silva","NEON_D17_TEAK_DP1_322000_4097000_classified_point_cloud_colorized.laz","2018_TEAK_3_322000_4097000_image.tif","Tree",1,322000,322999.999,4097000,4097999.999
"10031",10360,322549.017,322556.945,4097832.518,4097837.998,"Silva","NEON_D17_TEAK_DP1_322000_4097000_classified_point_cloud_colorized.laz","2018_TEAK_3_322000_4097000_image.tif","Tree",1,322000,322999.999,4097000,4097999.999
"10032",10361,322458.067,322466.43,4097835.687,4097841.37,"Silva","NEON_D17_TEAK_DP1_322000_4097000_classified_point_cloud_colorized.laz","2018_TEAK_3_322000_4097000_image.tif","Tree",1,322000,322999.999,4097000,4097999.999
"10033",10362,322134.58,322140.142,4097849.046,4097856.921,"Silva","NEON_D17_TEAK_DP1_322000_4097000_classified_point_cloud_colorized.laz","2018_TEAK_3_322000_4097000_image.tif","Tree",1,322000,322999.999,4097000,4097999.999
"10034",10363,322130.007,322134.995,4097850.001,4097856.461,"Silva","NEON_D17_TEAK_DP1_322000_4097000_classified_point_cloud_colorized.laz","2018_TEAK_3_322000_4097000_image.tif","Tree",1,322000,322999.999,4097000,4097999.999
"10035",10364,322441.044,322441.489,4097842.272,4097842.555,"Silva","NEON_D17_TEAK_DP1_322000_4097000_classified_point_cloud_colorized.laz","2018_TEAK_3_322000_4097000_image.tif","Tree",1,322000,322999.999,4097000,4097999.999
"10036",10365,322086.666,322092.497,4097854.532,4097858.88,"Silva","NEON_D17_TEAK_DP1_322000_4097000_classified_point_cloud_colorized.laz","2018_TEAK_3_322000_4097000_image.tif","Tree",1,322000,322999.999,4097000,4097999.999
"10037",10366,322441.574,322448.91,4097838.631,4097846.499,"Silva","NEON_D17_TEAK_DP1_322000_4097000_classified_point_cloud_colorized.laz","2018_TEAK_3_322000_4097000_image.tif","Tree",1,322000,322999.999,4097000,4097999.999
"10038",10367,322388.068,322392.875,4097842.57,4097847.482,"Silva","NEON_D17_TEAK_DP1_322000_4097000_classified_point_cloud_colorized.laz","2018_TEAK_3_322000_4097000_image.tif","Tree",1,322000,322999.999,4097000,4097999.999
"10039",10368,322487.008,322492.985,4097837.636,4097845.972,"Silva","NEON_D17_TEAK_DP1_322000_4097000_classified_point_cloud_colorized.laz","2018_TEAK_3_322000_4097000_image.tif","Tree",1,322000,322999.999,4097000,4097999.999
"10040",10369,322590.005,322597.497,4097834.589,4097842.413,"Silva","NEON_D17_TEAK_DP1_322000_4097000_classified_point_cloud_colorized.laz","2018_TEAK_3_322000_4097000_image.tif","Tree",1,322000,322999.999,4097000,4097999.999
"10041",10370,322602.514,322608.181,4097834.037,4097839.993,"Silva","NEON_D17_TEAK_DP1_322000_4097000_classified_point_cloud_colorized.laz","2018_TEAK_3_322000_4097000_image.tif","Tree",1,322000,322999.999,4097000,4097999.999
"10042",10371,322522.023,322529.862,4097835.592,4097845.293,"Silva","NEON_D17_TEAK_DP1_322000_4097000_classified_point_cloud_colorized.laz","2018_TEAK_3_322000_4097000_image.tif","Tree",1,322000,322999.999,4097000,4097999.999
"10043",10372,322420.069,322430.92,4097839.512,4097847.932,"Silva","NEON_D17_TEAK_DP1_322000_4097000_classified_point_cloud_colorized.laz","2018_TEAK_3_322000_4097000_image.tif","Tree",1,322000,322999.999,4097000,4097999.999
"10044",10373,322331.082,322336.388,4097845.113,4097850.492,"Silva","NEON_D17_TEAK_DP1_322000_4097000_classified_point_cloud_colorized.laz","2018_TEAK_3_322000_4097000_image.tif","Tree",1,322000,322999.999,4097000,4097999.999
"10045",10374,322119.838,322125.489,4097852.512,4097861.494,"Silva","NEON_D17_TEAK_DP1_322000_4097000_classified_point_cloud_colorized.laz","2018_TEAK_3_322000_4097000_image.tif","Tree",1,322000,322999.999,4097000,4097999.999
"10046",10375,322125.583,322130.423,4097854.17,4097860.894,"Silva","NEON_D17_TEAK_DP1_322000_4097000_classified_point_cloud_colorized.laz","2018_TEAK_3_322000_4097000_image.tif","Tree",1,322000,322999.999,4097000,4097999.999
"10047",10376,322154.787,322162.399,4097853.001,4097859.781,"Silva","NEON_D17_TEAK_DP1_322000_4097000_classified_point_cloud_colorized.laz","2018_TEAK_3_322000_4097000_image.tif","Tree",1,322000,322999.999,4097000,4097999.999
"10048",10377,322447.509,322452.121,4097840.729,4097845.437,"Silva","NEON_D17_TEAK_DP1_322000_4097000_classified_point_cloud_colorized.laz","2018_TEAK_3_322000_4097000_image.tif","Tree",1,322000,322999.999,4097000,4097999.999
"10049",10378,322607.048,322613.452,4097835.296,4097841.474,"Silva","NEON_D17_TEAK_DP1_322000_4097000_classified_point_cloud_colorized.laz","2018_TEAK_3_322000_4097000_image.tif","Tree",1,322000,322999.999,4097000,4097999.999
"10050",10379,322401.508,322409.023,4097842.804,4097850.875,"Silva","NEON_D17_TEAK_DP1_322000_4097000_classified_point_cloud_colorized.laz","2018_TEAK_3_322000_4097000_image.tif","Tree",1,322000,322999.999,4097000,4097999.999
"10051",10380,322455.748,322464.596,4097841.176,4097848.567,"Silva","NEON_D17_TEAK_DP1_322000_4097000_classified_point_cloud_colorized.laz","2018_TEAK_3_322000_4097000_image.tif","Tree",1,322000,322999.999,4097000,4097999.999
"10052",10381,322468.072,322476.921,4097839.711,4097849.29,"Silva","NEON_D17_TEAK_DP1_322000_4097000_classified_point_cloud_colorized.laz","2018_TEAK_3_322000_4097000_image.tif","Tree",1,322000,322999.999,4097000,4097999.999
"10053",10382,322444.544,322450.88,4097844.523,4097850.324,"Silva","NEON_D17_TEAK_DP1_322000_4097000_classified_point_cloud_colorized.laz","2018_TEAK_3_322000_4097000_image.tif","Tree",1,322000,322999.999,4097000,4097999.999
"10054",10383,322345.014,322348.951,4097848.544,4097852.839,"Silva","NEON_D17_TEAK_DP1_322000_4097000_classified_point_cloud_colorized.laz","2018_TEAK_3_322000_4097000_image.tif","Tree",1,322000,322999.999,4097000,4097999.999
"10055",10384,322074.396,322078.672,4097858.594,4097864.987,"Silva","NEON_D17_TEAK_DP1_322000_4097000_classified_point_cloud_colorized.laz","2018_TEAK_3_322000_4097000_image.tif","Tree",1,322000,322999.999,4097000,4097999.999
"10056",10385,322089.113,322096.994,4097855.553,4097866.455,"Silva","NEON_D17_TEAK_DP1_322000_4097000_classified_point_cloud_colorized.laz","2018_TEAK_3_322000_4097000_image.tif","Tree",1,322000,322999.999,4097000,4097999.999
"10057",10386,322450.513,322456.996,4097843.615,4097851.284,"Silva","NEON_D17_TEAK_DP1_322000_4097000_classified_point_cloud_colorized.laz","2018_TEAK_3_322000_4097000_image.tif","Tree",1,322000,322999.999,4097000,4097999.999
"10058",10387,322135.521,322142.929,4097856.02,4097864.416,"Silva","NEON_D17_TEAK_DP1_322000_4097000_classified_point_cloud_colorized.laz","2018_TEAK_3_322000_4097000_image.tif","Tree",1,322000,322999.999,4097000,4097999.999
"10059",10388,322143.024,322151.466,4097856.65,4097863.466,"Silva","NEON_D17_TEAK_DP1_322000_4097000_classified_point_cloud_colorized.laz","2018_TEAK_3_322000_4097000_image.tif","Tree",1,322000,322999.999,4097000,4097999.999
"10060",10389,322564.008,322570.995,4097840.523,4097849.443,"Silva","NEON_D17_TEAK_DP1_322000_4097000_classified_point_cloud_colorized.laz","2018_TEAK_3_322000_4097000_image.tif","Tree",1,322000,322999.999,4097000,4097999.999
"10061",10390,322005.533,322011.816,4097863.554,4097869.907,"Silva","NEON_D17_TEAK_DP1_322000_4097000_classified_point_cloud_colorized.laz","2018_TEAK_3_322000_4097000_image.tif","Tree",1,322000,322999.999,4097000,4097999.999
"10062",10391,322376.507,322380.919,4097850.012,4097855.256,"Silva","NEON_D17_TEAK_DP1_322000_4097000_classified_point_cloud_colorized.laz","2018_TEAK_3_322000_4097000_image.tif","Tree",1,322000,322999.999,4097000,4097999.999
"10063",10392,322601.511,322609.33,4097840.055,4097848.901,"Silva","NEON_D17_TEAK_DP1_322000_4097000_classified_point_cloud_colorized.laz","2018_TEAK_3_322000_4097000_image.tif","Tree",1,322000,322999.999,4097000,4097999.999
"10064",10393,322535.507,322547.583,4097840.503,4097851.455,"Silva","NEON_D17_TEAK_DP1_322000_4097000_classified_point_cloud_colorized.laz","2018_TEAK_3_322000_4097000_image.tif","Tree",1,322000,322999.999,4097000,4097999.999
"10065",10394,322457.537,322467.839,4097845.019,4097854.837,"Silva","NEON_D17_TEAK_DP1_322000_4097000_classified_point_cloud_colorized.laz","2018_TEAK_3_322000_4097000_image.tif","Tree",1,322000,322999.999,4097000,4097999.999
"10066",10395,322436.081,322441.791,4097846.633,4097856.926,"Silva","NEON_D17_TEAK_DP1_322000_4097000_classified_point_cloud_colorized.laz","2018_TEAK_3_322000_4097000_image.tif","Tree",1,322000,322999.999,4097000,4097999.999
"10067",10396,322471.036,322478.953,4097845.266,4097853.479,"Silva","NEON_D17_TEAK_DP1_322000_4097000_classified_point_cloud_colorized.laz","2018_TEAK_3_322000_4097000_image.tif","Tree",1,322000,322999.999,4097000,4097999.999
"10068",10397,322609.018,322616.96,4097839.006,4097847.394,"Silva","NEON_D17_TEAK_DP1_322000_4097000_classified_point_cloud_colorized.laz","2018_TEAK_3_322000_4097000_image.tif","Tree",1,322000,322999.999,4097000,4097999.999
"10069",10398,322578.585,322589.453,4097839.546,4097850.463,"Silva","NEON_D17_TEAK_DP1_322000_4097000_classified_point_cloud_colorized.laz","2018_TEAK_3_322000_4097000_image.tif","Tree",1,322000,322999.999,4097000,4097999.999
"10070",10399,322420.031,322429.464,4097848.035,4097855.969,"Silva","NEON_D17_TEAK_DP1_322000_4097000_classified_point_cloud_colorized.laz","2018_TEAK_3_322000_4097000_image.tif","Tree",1,322000,322999.999,4097000,4097999.999
"10071",10400,322015.141,322018.959,4097866.69,4097870.485,"Silva","NEON_D17_TEAK_DP1_322000_4097000_classified_point_cloud_colorized.laz","2018_TEAK_3_322000_4097000_image.tif","Tree",1,322000,322999.999,4097000,4097999.999
"10072",10401,322196.066,322206.483,4097857.447,4097865.925,"Silva","NEON_D17_TEAK_DP1_322000_4097000_classified_point_cloud_colorized.laz","2018_TEAK_3_322000_4097000_image.tif","Tree",1,322000,322999.999,4097000,4097999.999
"10073",10402,322479.523,322486.483,4097848.125,4097856.339,"Silva","NEON_D17_TEAK_DP1_322000_4097000_classified_point_cloud_colorized.laz","2018_TEAK_3_322000_4097000_image.tif","Tree",1,322000,322999.999,4097000,4097999.999
"10074",10403,322591.703,322599.46,4097841.517,4097848.948,"Silva","NEON_D17_TEAK_DP1_322000_4097000_classified_point_cloud_colorized.laz","2018_TEAK_3_322000_4097000_image.tif","Tree",1,322000,322999.999,4097000,4097999.999
"10075",10404,322047.785,322048.707,4097871.262,4097871.602,"Silva","NEON_D17_TEAK_DP1_322000_4097000_classified_point_cloud_colorized.laz","2018_TEAK_3_322000_4097000_image.tif","Tree",1,322000,322999.999,4097000,4097999.999
"10076",10405,322113.149,322118.215,4097863.881,4097867.438,"Silva","NEON_D17_TEAK_DP1_322000_4097000_classified_point_cloud_colorized.laz","2018_TEAK_3_322000_4097000_image.tif","Tree",1,322000,322999.999,4097000,4097999.999
"10077",10406,322614.258,322622.25,4097841.032,4097851.475,"Silva","NEON_D17_TEAK_DP1_322000_4097000_classified_point_cloud_colorized.laz","2018_TEAK_3_322000_4097000_image.tif","Tree",1,322000,322999.999,4097000,4097999.999
"10078",10407,322000.019,322004.925,4097869.005,4097874,"Silva","NEON_D17_TEAK_DP1_322000_4097000_classified_point_cloud_colorized.laz","2018_TEAK_3_322000_4097000_image.tif","Tree",1,322000,322999.999,4097000,4097999.999
"10079",10408,322473.424,322482.779,4097850.314,4097858.469,"Silva","NEON_D17_TEAK_DP1_322000_4097000_classified_point_cloud_colorized.laz","2018_TEAK_3_322000_4097000_image.tif","Tree",1,322000,322999.999,4097000,4097999.999
"10080",10409,322605.011,322614.413,4097845.081,4097851.931,"Silva","NEON_D17_TEAK_DP1_322000_4097000_classified_point_cloud_colorized.laz","2018_TEAK_3_322000_4097000_image.tif","Tree",1,322000,322999.999,4097000,4097999.999
"10081",10410,322286.504,322289.937,4097859.576,4097862.979,"Silva","NEON_D17_TEAK_DP1_322000_4097000_classified_point_cloud_colorized.laz","2018_TEAK_3_322000_4097000_image.tif","Tree",1,322000,322999.999,4097000,4097999.999
"10082",10411,322462.016,322471.98,4097849.221,4097859.959,"Silva","NEON_D17_TEAK_DP1_322000_4097000_classified_point_cloud_colorized.laz","2018_TEAK_3_322000_4097000_image.tif","Tree",1,322000,322999.999,4097000,4097999.999
"10083",10412,322568.657,322579.929,4097845.919,4097855.741,"Silva","NEON_D17_TEAK_DP1_322000_4097000_classified_point_cloud_colorized.laz","2018_TEAK_3_322000_4097000_image.tif","Tree",1,322000,322999.999,4097000,4097999.999
"10084",10413,322448.158,322454.032,4097853.021,4097859.489,"Silva","NEON_D17_TEAK_DP1_322000_4097000_classified_point_cloud_colorized.laz","2018_TEAK_3_322000_4097000_image.tif","Tree",1,322000,322999.999,4097000,4097999.999
"10085",10414,322143.065,322148.425,4097863.53,4097873.991,"Silva","NEON_D17_TEAK_DP1_322000_4097000_classified_point_cloud_colorized.laz","2018_TEAK_3_322000_4097000_image.tif","Tree",1,322000,322999.999,4097000,4097999.999
"10086",10415,322137.257,322143.941,4097863.646,4097872.838,"Silva","NEON_D17_TEAK_DP1_322000_4097000_classified_point_cloud_colorized.laz","2018_TEAK_3_322000_4097000_image.tif","Tree",1,322000,322999.999,4097000,4097999.999
"10087",10416,322503.957,322511.86,4097849.52,4097857.47,"Silva","NEON_D17_TEAK_DP1_322000_4097000_classified_point_cloud_colorized.laz","2018_TEAK_3_322000_4097000_image.tif","Tree",1,322000,322999.999,4097000,4097999.999
"10088",10417,322104.527,322110.547,4097867.044,4097872.496,"Silva","NEON_D17_TEAK_DP1_322000_4097000_classified_point_cloud_colorized.laz","2018_TEAK_3_322000_4097000_image.tif","Tree",1,322000,322999.999,4097000,4097999.999
"10089",10418,322052.509,322056.311,4097870.023,4097873.895,"Silva","NEON_D17_TEAK_DP1_322000_4097000_classified_point_cloud_colorized.laz","2018_TEAK_3_322000_4097000_image.tif","Tree",1,322000,322999.999,4097000,4097999.999
"10090",10419,322025.566,322035.36,4097868.629,4097876.983,"Silva","NEON_D17_TEAK_DP1_322000_4097000_classified_point_cloud_colorized.laz","2018_TEAK_3_322000_4097000_image.tif","Tree",1,322000,322999.999,4097000,4097999.999
"10091",10420,322375.602,322382.463,4097856.316,4097862.94,"Silva","NEON_D17_TEAK_DP1_322000_4097000_classified_point_cloud_colorized.laz","2018_TEAK_3_322000_4097000_image.tif","Tree",1,322000,322999.999,4097000,4097999.999
"10092",10421,322542.745,322550.492,4097849.61,4097856.977,"Silva","NEON_D17_TEAK_DP1_322000_4097000_classified_point_cloud_colorized.laz","2018_TEAK_3_322000_4097000_image.tif","Tree",1,322000,322999.999,4097000,4097999.999
"10093",10422,322491.618,322498.496,4097852.521,4097860.326,"Silva","NEON_D17_TEAK_DP1_322000_4097000_classified_point_cloud_colorized.laz","2018_TEAK_3_322000_4097000_image.tif","Tree",1,322000,322999.999,4097000,4097999.999
"10094",10423,322486.025,322492.464,4097853.01,4097860.987,"Silva","NEON_D17_TEAK_DP1_322000_4097000_classified_point_cloud_colorized.laz","2018_TEAK_3_322000_4097000_image.tif","Tree",1,322000,322999.999,4097000,4097999.999
"10095",10425,322561.53,322570.345,4097849.581,4097858.498,"Silva","NEON_D17_TEAK_DP1_322000_4097000_classified_point_cloud_colorized.laz","2018_TEAK_3_322000_4097000_image.tif","Tree",1,322000,322999.999,4097000,4097999.999
"10096",10426,322080.542,322086.275,4097871.046,4097876.329,"Silva","NEON_D17_TEAK_DP1_322000_4097000_classified_point_cloud_colorized.laz","2018_TEAK_3_322000_4097000_image.tif","Tree",1,322000,322999.999,4097000,4097999.999
"10097",10427,322368.62,322373.471,4097860.319,4097865.427,"Silva","NEON_D17_TEAK_DP1_322000_4097000_classified_point_cloud_colorized.laz","2018_TEAK_3_322000_4097000_image.tif","Tree",1,322000,322999.999,4097000,4097999.999
"10098",10428,322580.042,322584.972,4097850.025,4097858.537,"Silva","NEON_D17_TEAK_DP1_322000_4097000_classified_point_cloud_colorized.laz","2018_TEAK_3_322000_4097000_image.tif","Tree",1,322000,322999.999,4097000,4097999.999
"10099",10429,322585.018,322589.911,4097851.007,4097858.494,"Silva","NEON_D17_TEAK_DP1_322000_4097000_classified_point_cloud_colorized.laz","2018_TEAK_3_322000_4097000_image.tif","Tree",1,322000,322999.999,4097000,4097999.999
"10100",10430,322054.647,322058.993,4097873.393,4097877.11,"Silva","NEON_D17_TEAK_DP1_322000_4097000_classified_point_cloud_colorized.laz","2018_TEAK_3_322000_4097000_image.tif","Tree",1,322000,322999.999,4097000,4097999.999
"10101",10431,322573.039,322581.393,4097851.676,4097859.967,"Silva","NEON_D17_TEAK_DP1_322000_4097000_classified_point_cloud_colorized.laz","2018_TEAK_3_322000_4097000_image.tif","Tree",1,322000,322999.999,4097000,4097999.999
"10102",10432,322008.716,322012.466,4097875.517,4097878.986,"Silva","NEON_D17_TEAK_DP1_322000_4097000_classified_point_cloud_colorized.laz","2018_TEAK_3_322000_4097000_image.tif","Tree",1,322000,322999.999,4097000,4097999.999
"10103",10433,322435.525,322445.615,4097856.634,4097866.473,"Silva","NEON_D17_TEAK_DP1_322000_4097000_classified_point_cloud_colorized.laz","2018_TEAK_3_322000_4097000_image.tif","Tree",1,322000,322999.999,4097000,4097999.999
"10104",10434,322601.2,322608.912,4097852.134,4097861.499,"Silva","NEON_D17_TEAK_DP1_322000_4097000_classified_point_cloud_colorized.laz","2018_TEAK_3_322000_4097000_image.tif","Tree",1,322000,322999.999,4097000,4097999.999
"10105",10435,322467.628,322476.497,4097855.64,4097867.255,"Silva","NEON_D17_TEAK_DP1_322000_4097000_classified_point_cloud_colorized.laz","2018_TEAK_3_322000_4097000_image.tif","Tree",1,322000,322999.999,4097000,4097999.999
"10106",10436,322293.6,322302.496,4097865.557,4097875.997,"Silva","NEON_D17_TEAK_DP1_322000_4097000_classified_point_cloud_colorized.laz","2018_TEAK_3_322000_4097000_image.tif","Tree",1,322000,322999.999,4097000,4097999.999
"10107",10437,322086.718,322089.935,4097874.1,4097877.938,"Silva","NEON_D17_TEAK_DP1_322000_4097000_classified_point_cloud_colorized.laz","2018_TEAK_3_322000_4097000_image.tif","Tree",1,322000,322999.999,4097000,4097999.999
"10108",10438,322452.089,322462.485,4097858.159,4097865.971,"Silva","NEON_D17_TEAK_DP1_322000_4097000_classified_point_cloud_colorized.laz","2018_TEAK_3_322000_4097000_image.tif","Tree",1,322000,322999.999,4097000,4097999.999
"10109",10439,322638.049,322645.48,4097853.7,4097859.789,"Silva","NEON_D17_TEAK_DP1_322000_4097000_classified_point_cloud_colorized.laz","2018_TEAK_3_322000_4097000_image.tif","Tree",1,322000,322999.999,4097000,4097999.999
"10110",10441,322090.023,322092.997,4097874.451,4097877.998,"Silva","NEON_D17_TEAK_DP1_322000_4097000_classified_point_cloud_colorized.laz","2018_TEAK_3_322000_4097000_image.tif","Tree",1,322000,322999.999,4097000,4097999.999
"10111",10442,322073.213,322078.994,4097875.006,4097879.996,"Silva","NEON_D17_TEAK_DP1_322000_4097000_classified_point_cloud_colorized.laz","2018_TEAK_3_322000_4097000_image.tif","Tree",1,322000,322999.999,4097000,4097999.999
"10112",10443,322622.02,322630.357,4097854.015,4097860.425,"Silva","NEON_D17_TEAK_DP1_322000_4097000_classified_point_cloud_colorized.laz","2018_TEAK_3_322000_4097000_image.tif","Tree",1,322000,322999.999,4097000,4097999.999
"10113",10444,322169.02,322175.995,4097869.546,4097879.42,"Silva","NEON_D17_TEAK_DP1_322000_4097000_classified_point_cloud_colorized.laz","2018_TEAK_3_322000_4097000_image.tif","Tree",1,322000,322999.999,4097000,4097999.999
"10114",10445,322401.119,322409.322,4097862.072,4097870.488,"Silva","NEON_D17_TEAK_DP1_322000_4097000_classified_point_cloud_colorized.laz","2018_TEAK_3_322000_4097000_image.tif","Tree",1,322000,322999.999,4097000,4097999.999
"10115",10446,322104.528,322109.487,4097874.516,4097879.909,"Silva","NEON_D17_TEAK_DP1_322000_4097000_classified_point_cloud_colorized.laz","2018_TEAK_3_322000_4097000_image.tif","Tree",1,322000,322999.999,4097000,4097999.999
"10116",10447,322176,322186.464,4097870.001,4097882.964,"Silva","NEON_D17_TEAK_DP1_322000_4097000_classified_point_cloud_colorized.laz","2018_TEAK_3_322000_4097000_image.tif","Tree",1,322000,322999.999,4097000,4097999.999
"10117",10448,322531.346,322532.814,4097860.541,4097863.473,"Silva","NEON_D17_TEAK_DP1_322000_4097000_classified_point_cloud_colorized.laz","2018_TEAK_3_322000_4097000_image.tif","Tree",1,322000,322999.999,4097000,4097999.999
"10118",10449,322308.669,322315.968,4097864.529,4097874.333,"Silva","NEON_D17_TEAK_DP1_322000_4097000_classified_point_cloud_colorized.laz","2018_TEAK_3_322000_4097000_image.tif","Tree",1,322000,322999.999,4097000,4097999.999
"10119",10450,322425.508,322434.526,4097861.057,4097869.836,"Silva","NEON_D17_TEAK_DP1_322000_4097000_classified_point_cloud_colorized.laz","2018_TEAK_3_322000_4097000_image.tif","Tree",1,322000,322999.999,4097000,4097999.999
"10120",10451,322061.51,322071.488,4097873.937,4097882.984,"Silva","NEON_D17_TEAK_DP1_322000_4097000_classified_point_cloud_colorized.laz","2018_TEAK_3_322000_4097000_image.tif","Tree",1,322000,322999.999,4097000,4097999.999
"10121",10452,322353.56,322355.988,4097867.016,4097870.488,"Silva","NEON_D17_TEAK_DP1_322000_4097000_classified_point_cloud_colorized.laz","2018_TEAK_3_322000_4097000_image.tif","Tree",1,322000,322999.999,4097000,4097999.999
"10122",10453,322568.755,322573.885,4097857.847,4097864.258,"Silva","NEON_D17_TEAK_DP1_322000_4097000_classified_point_cloud_colorized.laz","2018_TEAK_3_322000_4097000_image.tif","Tree",1,322000,322999.999,4097000,4097999.999
"10123",10454,322561.021,322568.785,4097858.506,4097866.494,"Silva","NEON_D17_TEAK_DP1_322000_4097000_classified_point_cloud_colorized.laz","2018_TEAK_3_322000_4097000_image.tif","Tree",1,322000,322999.999,4097000,4097999.999
"10124",10455,322084.039,322089.357,4097876.036,4097881.449,"Silva","NEON_D17_TEAK_DP1_322000_4097000_classified_point_cloud_colorized.laz","2018_TEAK_3_322000_4097000_image.tif","Tree",1,322000,322999.999,4097000,4097999.999
"10125",10456,322461.046,322469.927,4097859.504,4097869.799,"Silva","NEON_D17_TEAK_DP1_322000_4097000_classified_point_cloud_colorized.laz","2018_TEAK_3_322000_4097000_image.tif","Tree",1,322000,322999.999,4097000,4097999.999
"10126",10457,322584.025,322589.945,4097858.124,4097865.274,"Silva","NEON_D17_TEAK_DP1_322000_4097000_classified_point_cloud_colorized.laz","2018_TEAK_3_322000_4097000_image.tif","Tree",1,322000,322999.999,4097000,4097999.999
"10127",10458,322386.143,322389.184,4097866.017,4097869.998,"Silva","NEON_D17_TEAK_DP1_322000_4097000_classified_point_cloud_colorized.laz","2018_TEAK_3_322000_4097000_image.tif","Tree",1,322000,322999.999,4097000,4097999.999
"10128",10459,322515.507,322526.429,4097859.103,4097869.833,"Silva","NEON_D17_TEAK_DP1_322000_4097000_classified_point_cloud_colorized.laz","2018_TEAK_3_322000_4097000_image.tif","Tree",1,322000,322999.999,4097000,4097999.999
"10129",10460,322618.003,322624.151,4097857.011,4097864.361,"Silva","NEON_D17_TEAK_DP1_322000_4097000_classified_point_cloud_colorized.laz","2018_TEAK_3_322000_4097000_image.tif","Tree",1,322000,322999.999,4097000,4097999.999
"10130",10461,322153.202,322160.975,4097871.054,4097882.966,"Silva","NEON_D17_TEAK_DP1_322000_4097000_classified_point_cloud_colorized.laz","2018_TEAK_3_322000_4097000_image.tif","Tree",1,322000,322999.999,4097000,4097999.999
"10131",10462,322609.561,322617.974,4097857.805,4097865.294,"Silva","NEON_D17_TEAK_DP1_322000_4097000_classified_point_cloud_colorized.laz","2018_TEAK_3_322000_4097000_image.tif","Tree",1,322000,322999.999,4097000,4097999.999
"10132",10463,322624.636,322632.207,4097857.552,4097862.993,"Silva","NEON_D17_TEAK_DP1_322000_4097000_classified_point_cloud_colorized.laz","2018_TEAK_3_322000_4097000_image.tif","Tree",1,322000,322999.999,4097000,4097999.999
"10133",10465,322650.063,322656.451,4097857.417,4097865.972,"Silva","NEON_D17_TEAK_DP1_322000_4097000_classified_point_cloud_colorized.laz","2018_TEAK_3_322000_4097000_image.tif","Tree",1,322000,322999.999,4097000,4097999.999
"10134",10466,322527.505,322533.881,4097867.225,4097871.954,"Silva","NEON_D17_TEAK_DP1_322000_4097000_classified_point_cloud_colorized.laz","2018_TEAK_3_322000_4097000_image.tif","Tree",1,322000,322999.999,4097000,4097999.999
"10135",10468,322380.648,322385.426,4097868.005,4097873.492,"Silva","NEON_D17_TEAK_DP1_322000_4097000_classified_point_cloud_colorized.laz","2018_TEAK_3_322000_4097000_image.tif","Tree",1,322000,322999.999,4097000,4097999.999
"10136",10469,322637.036,322644.4,4097858.126,4097866.334,"Silva","NEON_D17_TEAK_DP1_322000_4097000_classified_point_cloud_colorized.laz","2018_TEAK_3_322000_4097000_image.tif","Tree",1,322000,322999.999,4097000,4097999.999
"10137",10470,322452.016,322461.314,4097865.532,4097872.989,"Silva","NEON_D17_TEAK_DP1_322000_4097000_classified_point_cloud_colorized.laz","2018_TEAK_3_322000_4097000_image.tif","Tree",1,322000,322999.999,4097000,4097999.999
"10138",10471,322491.538,322500.48,4097862.054,4097871.988,"Silva","NEON_D17_TEAK_DP1_322000_4097000_classified_point_cloud_colorized.laz","2018_TEAK_3_322000_4097000_image.tif","Tree",1,322000,322999.999,4097000,4097999.999
"10139",10472,322570.034,322576.825,4097862.533,4097868.816,"Silva","NEON_D17_TEAK_DP1_322000_4097000_classified_point_cloud_colorized.laz","2018_TEAK_3_322000_4097000_image.tif","Tree",1,322000,322999.999,4097000,4097999.999
"10140",10473,322083.01,322086.479,4097877.704,4097881.719,"Silva","NEON_D17_TEAK_DP1_322000_4097000_classified_point_cloud_colorized.laz","2018_TEAK_3_322000_4097000_image.tif","Tree",1,322000,322999.999,4097000,4097999.999
"10141",10474,322050.081,322056.476,4097879.516,4097885.456,"Silva","NEON_D17_TEAK_DP1_322000_4097000_classified_point_cloud_colorized.laz","2018_TEAK_3_322000_4097000_image.tif","Tree",1,322000,322999.999,4097000,4097999.999
"10142",10475,322477.099,322485.971,4097863.508,4097872.995,"Silva","NEON_D17_TEAK_DP1_322000_4097000_classified_point_cloud_colorized.laz","2018_TEAK_3_322000_4097000_image.tif","Tree",1,322000,322999.999,4097000,4097999.999
"10143",10476,322632.504,322638.463,4097857.027,4097866.994,"Silva","NEON_D17_TEAK_DP1_322000_4097000_classified_point_cloud_colorized.laz","2018_TEAK_3_322000_4097000_image.tif","Tree",1,322000,322999.999,4097000,4097999.999
"10144",10477,322547.521,322556.46,4097862.663,4097871.499,"Silva","NEON_D17_TEAK_DP1_322000_4097000_classified_point_cloud_colorized.laz","2018_TEAK_3_322000_4097000_image.tif","Tree",1,322000,322999.999,4097000,4097999.999
"10145",10478,322485.536,322492.931,4097864.01,4097874.101,"Silva","NEON_D17_TEAK_DP1_322000_4097000_classified_point_cloud_colorized.laz","2018_TEAK_3_322000_4097000_image.tif","Tree",1,322000,322999.999,4097000,4097999.999
"10146",10479,322589.579,322596.942,4097861.035,4097868.479,"Silva","NEON_D17_TEAK_DP1_322000_4097000_classified_point_cloud_colorized.laz","2018_TEAK_3_322000_4097000_image.tif","Tree",1,322000,322999.999,4097000,4097999.999
"10147",10480,322450.812,322450.874,4097868.604,4097868.695,"Silva","NEON_D17_TEAK_DP1_322000_4097000_classified_point_cloud_colorized.laz","2018_TEAK_3_322000_4097000_image.tif","Tree",1,322000,322999.999,4097000,4097999.999
"10148",10481,322464,322472.436,4097866.003,4097873.461,"Silva","NEON_D17_TEAK_DP1_322000_4097000_classified_point_cloud_colorized.laz","2018_TEAK_3_322000_4097000_image.tif","Tree",1,322000,322999.999,4097000,4097999.999
"10149",10482,322620.517,322625.687,4097862.312,4097868.352,"Silva","NEON_D17_TEAK_DP1_322000_4097000_classified_point_cloud_colorized.laz","2018_TEAK_3_322000_4097000_image.tif","Tree",1,322000,322999.999,4097000,4097999.999
"10150",10483,322043.513,322048.478,4097881.52,4097884.771,"Silva","NEON_D17_TEAK_DP1_322000_4097000_classified_point_cloud_colorized.laz","2018_TEAK_3_322000_4097000_image.tif","Tree",1,322000,322999.999,4097000,4097999.999
"10151",10484,322117.614,322121.492,4097877.015,4097883.367,"Silva","NEON_D17_TEAK_DP1_322000_4097000_classified_point_cloud_colorized.laz","2018_TEAK_3_322000_4097000_image.tif","Tree",1,322000,322999.999,4097000,4097999.999
"10152",10485,322606.534,322614.983,4097861.789,4097870.46,"Silva","NEON_D17_TEAK_DP1_322000_4097000_classified_point_cloud_colorized.laz","2018_TEAK_3_322000_4097000_image.tif","Tree",1,322000,322999.999,4097000,4097999.999
"10153",10486,322091.443,322095.993,4097879.506,4097884,"Silva","NEON_D17_TEAK_DP1_322000_4097000_classified_point_cloud_colorized.laz","2018_TEAK_3_322000_4097000_image.tif","Tree",1,322000,322999.999,4097000,4097999.999
"10154",10487,322581.005,322587.938,4097864.197,4097872.459,"Silva","NEON_D17_TEAK_DP1_322000_4097000_classified_point_cloud_colorized.laz","2018_TEAK_3_322000_4097000_image.tif","Tree",1,322000,322999.999,4097000,4097999.999
"10155",10488,322588.045,322594.962,4097865.135,4097872.498,"Silva","NEON_D17_TEAK_DP1_322000_4097000_classified_point_cloud_colorized.laz","2018_TEAK_3_322000_4097000_image.tif","Tree",1,322000,322999.999,4097000,4097999.999
"10156",10489,322087.024,322091.927,4097880.163,4097885.482,"Silva","NEON_D17_TEAK_DP1_322000_4097000_classified_point_cloud_colorized.laz","2018_TEAK_3_322000_4097000_image.tif","Tree",1,322000,322999.999,4097000,4097999.999
"10157",10490,322390.042,322393.997,4097872.527,4097878.727,"Silva","NEON_D17_TEAK_DP1_322000_4097000_classified_point_cloud_colorized.laz","2018_TEAK_3_322000_4097000_image.tif","Tree",1,322000,322999.999,4097000,4097999.999
"10158",10491,322394.019,322399.544,4097872.556,4097877.832,"Silva","NEON_D17_TEAK_DP1_322000_4097000_classified_point_cloud_colorized.laz","2018_TEAK_3_322000_4097000_image.tif","Tree",1,322000,322999.999,4097000,4097999.999
"10159",10494,322403.003,322408.476,4097872.031,4097877.803,"Silva","NEON_D17_TEAK_DP1_322000_4097000_classified_point_cloud_colorized.laz","2018_TEAK_3_322000_4097000_image.tif","Tree",1,322000,322999.999,4097000,4097999.999
"10160",10495,322501.509,322508.965,4097866.575,4097877.803,"Silva","NEON_D17_TEAK_DP1_322000_4097000_classified_point_cloud_colorized.laz","2018_TEAK_3_322000_4097000_image.tif","Tree",1,322000,322999.999,4097000,4097999.999
"10161",10496,322647.13,322653.924,4097865.034,4097871.477,"Silva","NEON_D17_TEAK_DP1_322000_4097000_classified_point_cloud_colorized.laz","2018_TEAK_3_322000_4097000_image.tif","Tree",1,322000,322999.999,4097000,4097999.999
"10162",10497,322493.205,322501.487,4097868.925,4097877.771,"Silva","NEON_D17_TEAK_DP1_322000_4097000_classified_point_cloud_colorized.laz","2018_TEAK_3_322000_4097000_image.tif","Tree",1,322000,322999.999,4097000,4097999.999
"10163",10498,322037.02,322044.982,4097880.069,4097890.496,"Silva","NEON_D17_TEAK_DP1_322000_4097000_classified_point_cloud_colorized.laz","2018_TEAK_3_322000_4097000_image.tif","Tree",1,322000,322999.999,4097000,4097999.999
"10164",10499,322508.536,322515.479,4097867.038,4097877.464,"Silva","NEON_D17_TEAK_DP1_322000_4097000_classified_point_cloud_colorized.laz","2018_TEAK_3_322000_4097000_image.tif","Tree",1,322000,322999.999,4097000,4097999.999
"10165",10500,322583.468,322590.763,4097867.69,4097874.369,"Silva","NEON_D17_TEAK_DP1_322000_4097000_classified_point_cloud_colorized.laz","2018_TEAK_3_322000_4097000_image.tif","Tree",1,322000,322999.999,4097000,4097999.999
"10166",10501,322615.524,322623.374,4097865.564,4097873.976,"Silva","NEON_D17_TEAK_DP1_322000_4097000_classified_point_cloud_colorized.laz","2018_TEAK_3_322000_4097000_image.tif","Tree",1,322000,322999.999,4097000,4097999.999
"10167",10502,322654.172,322661.332,4097865.269,4097871.329,"Silva","NEON_D17_TEAK_DP1_322000_4097000_classified_point_cloud_colorized.laz","2018_TEAK_3_322000_4097000_image.tif","Tree",1,322000,322999.999,4097000,4097999.999
"10168",10503,322562.018,322569.977,4097869.558,4097875.332,"Silva","NEON_D17_TEAK_DP1_322000_4097000_classified_point_cloud_colorized.laz","2018_TEAK_3_322000_4097000_image.tif","Tree",1,322000,322999.999,4097000,4097999.999
"10169",10504,322354.969,322355.4,4097877.004,4097877.439,"Silva","NEON_D17_TEAK_DP1_322000_4097000_classified_point_cloud_colorized.laz","2018_TEAK_3_322000_4097000_image.tif","Tree",1,322000,322999.999,4097000,4097999.999
"10170",10505,322521.543,322533.425,4097867.554,4097877.954,"Silva","NEON_D17_TEAK_DP1_322000_4097000_classified_point_cloud_colorized.laz","2018_TEAK_3_322000_4097000_image.tif","Tree",1,322000,322999.999,4097000,4097999.999
"10171",10506,322632.552,322640.036,4097867.086,4097874.627,"Silva","NEON_D17_TEAK_DP1_322000_4097000_classified_point_cloud_colorized.laz","2018_TEAK_3_322000_4097000_image.tif","Tree",1,322000,322999.999,4097000,4097999.999
"10172",10507,322514.033,322521.497,4097867.678,4097879.485,"Silva","NEON_D17_TEAK_DP1_322000_4097000_classified_point_cloud_colorized.laz","2018_TEAK_3_322000_4097000_image.tif","Tree",1,322000,322999.999,4097000,4097999.999
"10173",10508,322073.518,322079.488,4097882.011,4097887.994,"Silva","NEON_D17_TEAK_DP1_322000_4097000_classified_point_cloud_colorized.laz","2018_TEAK_3_322000_4097000_image.tif","Tree",1,322000,322999.999,4097000,4097999.999
"10174",10509,322312.542,322317.794,4097874.273,4097883.128,"Silva","NEON_D17_TEAK_DP1_322000_4097000_classified_point_cloud_colorized.laz","2018_TEAK_3_322000_4097000_image.tif","Tree",1,322000,322999.999,4097000,4097999.999
"10175",10510,322332.535,322335.48,4097877.007,4097880.339,"Silva","NEON_D17_TEAK_DP1_322000_4097000_classified_point_cloud_colorized.laz","2018_TEAK_3_322000_4097000_image.tif","Tree",1,322000,322999.999,4097000,4097999.999
"10176",10511,322045.008,322052.484,4097885.041,4097890.465,"Silva","NEON_D17_TEAK_DP1_322000_4097000_classified_point_cloud_colorized.laz","2018_TEAK_3_322000_4097000_image.tif","Tree",1,322000,322999.999,4097000,4097999.999
"10177",10512,322480.003,322489.472,4097871.652,4097880.792,"Silva","NEON_D17_TEAK_DP1_322000_4097000_classified_point_cloud_colorized.laz","2018_TEAK_3_322000_4097000_image.tif","Tree",1,322000,322999.999,4097000,4097999.999
"10178",10513,322443.828,322444.235,4097876.752,4097877.405,"Silva","NEON_D17_TEAK_DP1_322000_4097000_classified_point_cloud_colorized.laz","2018_TEAK_3_322000_4097000_image.tif","Tree",1,322000,322999.999,4097000,4097999.999
"10179",10514,322384.068,322388.42,4097876.563,4097880.881,"Silva","NEON_D17_TEAK_DP1_322000_4097000_classified_point_cloud_colorized.laz","2018_TEAK_3_322000_4097000_image.tif","Tree",1,322000,322999.999,4097000,4097999.999
"10180",10515,322122.05,322124.967,4097883.135,4097885.996,"Silva","NEON_D17_TEAK_DP1_322000_4097000_classified_point_cloud_colorized.laz","2018_TEAK_3_322000_4097000_image.tif","Tree",1,322000,322999.999,4097000,4097999.999
"10181",10516,322372.571,322376.88,4097876.007,4097882.736,"Silva","NEON_D17_TEAK_DP1_322000_4097000_classified_point_cloud_colorized.laz","2018_TEAK_3_322000_4097000_image.tif","Tree",1,322000,322999.999,4097000,4097999.999
"10182",10517,322063.613,322066.473,4097882.547,4097884.293,"Silva","NEON_D17_TEAK_DP1_322000_4097000_classified_point_cloud_colorized.laz","2018_TEAK_3_322000_4097000_image.tif","Tree",1,322000,322999.999,4097000,4097999.999
"10183",10518,322623.039,322629.974,4097870.522,4097876.476,"Silva","NEON_D17_TEAK_DP1_322000_4097000_classified_point_cloud_colorized.laz","2018_TEAK_3_322000_4097000_image.tif","Tree",1,322000,322999.999,4097000,4097999.999
"10184",10519,322144.536,322153.354,4097883.009,4097890.824,"Silva","NEON_D17_TEAK_DP1_322000_4097000_classified_point_cloud_colorized.laz","2018_TEAK_3_322000_4097000_image.tif","Tree",1,322000,322999.999,4097000,4097999.999
"10185",10520,322489.035,322497.875,4097873.02,4097881.389,"Silva","NEON_D17_TEAK_DP1_322000_4097000_classified_point_cloud_colorized.laz","2018_TEAK_3_322000_4097000_image.tif","Tree",1,322000,322999.999,4097000,4097999.999
"10186",10521,322661.018,322667.991,4097872.009,4097878.886,"Silva","NEON_D17_TEAK_DP1_322000_4097000_classified_point_cloud_colorized.laz","2018_TEAK_3_322000_4097000_image.tif","Tree",1,322000,322999.999,4097000,4097999.999
"10187",10522,322645.68,322652.422,4097871.513,4097878.159,"Silva","NEON_D17_TEAK_DP1_322000_4097000_classified_point_cloud_colorized.laz","2018_TEAK_3_322000_4097000_image.tif","Tree",1,322000,322999.999,4097000,4097999.999
"10188",10523,322638,322642.655,4097871.133,4097878.422,"Silva","NEON_D17_TEAK_DP1_322000_4097000_classified_point_cloud_colorized.laz","2018_TEAK_3_322000_4097000_image.tif","Tree",1,322000,322999.999,4097000,4097999.999
"10189",10524,322084.602,322089.492,4097884.095,4097889.915,"Silva","NEON_D17_TEAK_DP1_322000_4097000_classified_point_cloud_colorized.laz","2018_TEAK_3_322000_4097000_image.tif","Tree",1,322000,322999.999,4097000,4097999.999
"10190",10525,322407.621,322418.311,4097880.004,4097887.453,"Silva","NEON_D17_TEAK_DP1_322000_4097000_classified_point_cloud_colorized.laz","2018_TEAK_3_322000_4097000_image.tif","Tree",1,322000,322999.999,4097000,4097999.999
"10191",10526,322422.68,322426.588,4097879.193,4097882.085,"Silva","NEON_D17_TEAK_DP1_322000_4097000_classified_point_cloud_colorized.laz","2018_TEAK_3_322000_4097000_image.tif","Tree",1,322000,322999.999,4097000,4097999.999
"10192",10527,322502.138,322511.839,4097875.036,4097883.442,"Silva","NEON_D17_TEAK_DP1_322000_4097000_classified_point_cloud_colorized.laz","2018_TEAK_3_322000_4097000_image.tif","Tree",1,322000,322999.999,4097000,4097999.999
"10193",10528,322532.514,322543.408,4097873.27,4097884.764,"Silva","NEON_D17_TEAK_DP1_322000_4097000_classified_point_cloud_colorized.laz","2018_TEAK_3_322000_4097000_image.tif","Tree",1,322000,322999.999,4097000,4097999.999
"10194",10529,322584.593,322591.929,4097874.012,4097882.824,"Silva","NEON_D17_TEAK_DP1_322000_4097000_classified_point_cloud_colorized.laz","2018_TEAK_3_322000_4097000_image.tif","Tree",1,322000,322999.999,4097000,4097999.999
"10195",10530,322607.602,322610.368,4097876.761,4097879.449,"Silva","NEON_D17_TEAK_DP1_322000_4097000_classified_point_cloud_colorized.laz","2018_TEAK_3_322000_4097000_image.tif","Tree",1,322000,322999.999,4097000,4097999.999
"10196",10531,322090.043,322094.91,4097887.05,4097893.424,"Silva","NEON_D17_TEAK_DP1_322000_4097000_classified_point_cloud_colorized.laz","2018_TEAK_3_322000_4097000_image.tif","Tree",1,322000,322999.999,4097000,4097999.999
"10197",10532,322107.036,322117.276,4097882.58,4097895.428,"Silva","NEON_D17_TEAK_DP1_322000_4097000_classified_point_cloud_colorized.laz","2018_TEAK_3_322000_4097000_image.tif","Tree",1,322000,322999.999,4097000,4097999.999
"10198",10533,322369.513,322371.982,4097882.414,4097885.488,"Silva","NEON_D17_TEAK_DP1_322000_4097000_classified_point_cloud_colorized.laz","2018_TEAK_3_322000_4097000_image.tif","Tree",1,322000,322999.999,4097000,4097999.999
"10199",10534,322570.32,322578.792,4097875.502,4097882.971,"Silva","NEON_D17_TEAK_DP1_322000_4097000_classified_point_cloud_colorized.laz","2018_TEAK_3_322000_4097000_image.tif","Tree",1,322000,322999.999,4097000,4097999.999
"10200",10535,322634.011,322640.98,4097875.288,4097881.175,"Silva","NEON_D17_TEAK_DP1_322000_4097000_classified_point_cloud_colorized.laz","2018_TEAK_3_322000_4097000_image.tif","Tree",1,322000,322999.999,4097000,4097999.999
"10201",10536,322507.517,322516.975,4097877.428,4097884.998,"Silva","NEON_D17_TEAK_DP1_322000_4097000_classified_point_cloud_colorized.laz","2018_TEAK_3_322000_4097000_image.tif","Tree",1,322000,322999.999,4097000,4097999.999
"10202",10537,322050.775,322057.998,4097888.016,4097894.49,"Silva","NEON_D17_TEAK_DP1_322000_4097000_classified_point_cloud_colorized.laz","2018_TEAK_3_322000_4097000_image.tif","Tree",1,322000,322999.999,4097000,4097999.999
"10203",10538,322354.137,322358.998,4097882.65,4097887.343,"Silva","NEON_D17_TEAK_DP1_322000_4097000_classified_point_cloud_colorized.laz","2018_TEAK_3_322000_4097000_image.tif","Tree",1,322000,322999.999,4097000,4097999.999
"10204",10539,322517.278,322525.907,4097876.519,4097886.334,"Silva","NEON_D17_TEAK_DP1_322000_4097000_classified_point_cloud_colorized.laz","2018_TEAK_3_322000_4097000_image.tif","Tree",1,322000,322999.999,4097000,4097999.999
"10205",10540,322653.607,322661.96,4097876.158,4097882.453,"Silva","NEON_D17_TEAK_DP1_322000_4097000_classified_point_cloud_colorized.laz","2018_TEAK_3_322000_4097000_image.tif","Tree",1,322000,322999.999,4097000,4097999.999
"10206",10541,322393.11,322394.99,4097881.666,4097884.484,"Silva","NEON_D17_TEAK_DP1_322000_4097000_classified_point_cloud_colorized.laz","2018_TEAK_3_322000_4097000_image.tif","Tree",1,322000,322999.999,4097000,4097999.999
"10207",10542,322069.522,322076.42,4097887.049,4097894.423,"Silva","NEON_D17_TEAK_DP1_322000_4097000_classified_point_cloud_colorized.laz","2018_TEAK_3_322000_4097000_image.tif","Tree",1,322000,322999.999,4097000,4097999.999
"10208",10543,322296.534,322302.374,4097885.029,4097889.819,"Silva","NEON_D17_TEAK_DP1_322000_4097000_classified_point_cloud_colorized.laz","2018_TEAK_3_322000_4097000_image.tif","Tree",1,322000,322999.999,4097000,4097999.999
"10209",10544,322578.512,322586.862,4097879.068,4097887.495,"Silva","NEON_D17_TEAK_DP1_322000_4097000_classified_point_cloud_colorized.laz","2018_TEAK_3_322000_4097000_image.tif","Tree",1,322000,322999.999,4097000,4097999.999
"10210",10545,322437.039,322444.439,4097881.365,4097888.481,"Silva","NEON_D17_TEAK_DP1_322000_4097000_classified_point_cloud_colorized.laz","2018_TEAK_3_322000_4097000_image.tif","Tree",1,322000,322999.999,4097000,4097999.999
"10211",10546,322566.526,322573.148,4097877.48,4097886.537,"Silva","NEON_D17_TEAK_DP1_322000_4097000_classified_point_cloud_colorized.laz","2018_TEAK_3_322000_4097000_image.tif","Tree",1,322000,322999.999,4097000,4097999.999
"10212",10547,322090.174,322098.997,4097888.143,4097898.498,"Silva","NEON_D17_TEAK_DP1_322000_4097000_classified_point_cloud_colorized.laz","2018_TEAK_3_322000_4097000_image.tif","Tree",1,322000,322999.999,4097000,4097999.999
"10213",10549,322607.719,322608.763,4097882.514,4097883.842,"Silva","NEON_D17_TEAK_DP1_322000_4097000_classified_point_cloud_colorized.laz","2018_TEAK_3_322000_4097000_image.tif","Tree",1,322000,322999.999,4097000,4097999.999
"10214",10550,322544.079,322554.358,4097881.054,4097889.481,"Silva","NEON_D17_TEAK_DP1_322000_4097000_classified_point_cloud_colorized.laz","2018_TEAK_3_322000_4097000_image.tif","Tree",1,322000,322999.999,4097000,4097999.999
"10215",10551,322469.152,322469.928,4097885.629,4097886.345,"Silva","NEON_D17_TEAK_DP1_322000_4097000_classified_point_cloud_colorized.laz","2018_TEAK_3_322000_4097000_image.tif","Tree",1,322000,322999.999,4097000,4097999.999
"10216",10552,322382.068,322386.504,4097885.193,4097890.937,"Silva","NEON_D17_TEAK_DP1_322000_4097000_classified_point_cloud_colorized.laz","2018_TEAK_3_322000_4097000_image.tif","Tree",1,322000,322999.999,4097000,4097999.999
"10217",10553,322488.038,322495.833,4097883.127,4097890.217,"Silva","NEON_D17_TEAK_DP1_322000_4097000_classified_point_cloud_colorized.laz","2018_TEAK_3_322000_4097000_image.tif","Tree",1,322000,322999.999,4097000,4097999.999
"10218",10554,322314.173,322317.996,4097889.789,4097892.78,"Silva","NEON_D17_TEAK_DP1_322000_4097000_classified_point_cloud_colorized.laz","2018_TEAK_3_322000_4097000_image.tif","Tree",1,322000,322999.999,4097000,4097999.999
"10219",10555,322473.552,322474.952,4097887.008,4097888.906,"Silva","NEON_D17_TEAK_DP1_322000_4097000_classified_point_cloud_colorized.laz","2018_TEAK_3_322000_4097000_image.tif","Tree",1,322000,322999.999,4097000,4097999.999
"10220",10557,322505.006,322511.449,4097884.178,4097891.977,"Silva","NEON_D17_TEAK_DP1_322000_4097000_classified_point_cloud_colorized.laz","2018_TEAK_3_322000_4097000_image.tif","Tree",1,322000,322999.999,4097000,4097999.999
"10221",10558,322351.187,322356.917,4097887.187,4097893.453,"Silva","NEON_D17_TEAK_DP1_322000_4097000_classified_point_cloud_colorized.laz","2018_TEAK_3_322000_4097000_image.tif","Tree",1,322000,322999.999,4097000,4097999.999
"10222",10559,322076.519,322083.405,4097893.527,4097897.483,"Silva","NEON_D17_TEAK_DP1_322000_4097000_classified_point_cloud_colorized.laz","2018_TEAK_3_322000_4097000_image.tif","Tree",1,322000,322999.999,4097000,4097999.999
"10223",10560,322046.058,322054.481,4097892.002,4097899.99,"Silva","NEON_D17_TEAK_DP1_322000_4097000_classified_point_cloud_colorized.laz","2018_TEAK_3_322000_4097000_image.tif","Tree",1,322000,322999.999,4097000,4097999.999
"10224",10561,322564.136,322571.961,4097884.756,4097890.47,"Silva","NEON_D17_TEAK_DP1_322000_4097000_classified_point_cloud_colorized.laz","2018_TEAK_3_322000_4097000_image.tif","Tree",1,322000,322999.999,4097000,4097999.999
"10225",10562,322645.205,322646.486,4097885.009,4097886.968,"Silva","NEON_D17_TEAK_DP1_322000_4097000_classified_point_cloud_colorized.laz","2018_TEAK_3_322000_4097000_image.tif","Tree",1,322000,322999.999,4097000,4097999.999
"10226",10563,322445.686,322450.327,4097890.534,4097893.47,"Silva","NEON_D17_TEAK_DP1_322000_4097000_classified_point_cloud_colorized.laz","2018_TEAK_3_322000_4097000_image.tif","Tree",1,322000,322999.999,4097000,4097999.999
"10227",10564,322607.091,322609.855,4097886.662,4097889.439,"Silva","NEON_D17_TEAK_DP1_322000_4097000_classified_point_cloud_colorized.laz","2018_TEAK_3_322000_4097000_image.tif","Tree",1,322000,322999.999,4097000,4097999.999
"10228",10565,322418.096,322421.274,4097888.048,4097891.436,"Silva","NEON_D17_TEAK_DP1_322000_4097000_classified_point_cloud_colorized.laz","2018_TEAK_3_322000_4097000_image.tif","Tree",1,322000,322999.999,4097000,4097999.999
"10229",10566,322368.064,322370.353,4097891.1,4097893.308,"Silva","NEON_D17_TEAK_DP1_322000_4097000_classified_point_cloud_colorized.laz","2018_TEAK_3_322000_4097000_image.tif","Tree",1,322000,322999.999,4097000,4097999.999
"10230",10567,322373.64,322375.715,4097892.049,4097894.479,"Silva","NEON_D17_TEAK_DP1_322000_4097000_classified_point_cloud_colorized.laz","2018_TEAK_3_322000_4097000_image.tif","Tree",1,322000,322999.999,4097000,4097999.999
"10231",10568,322035.013,322041.227,4097894.45,4097901.266,"Silva","NEON_D17_TEAK_DP1_322000_4097000_classified_point_cloud_colorized.laz","2018_TEAK_3_322000_4097000_image.tif","Tree",1,322000,322999.999,4097000,4097999.999
"10232",10569,322134.081,322134.304,4097896.213,4097896.757,"Silva","NEON_D17_TEAK_DP1_322000_4097000_classified_point_cloud_colorized.laz","2018_TEAK_3_322000_4097000_image.tif","Tree",1,322000,322999.999,4097000,4097999.999
"10233",10570,322635.239,322638.955,4097888.245,4097891.705,"Silva","NEON_D17_TEAK_DP1_322000_4097000_classified_point_cloud_colorized.laz","2018_TEAK_3_322000_4097000_image.tif","Tree",1,322000,322999.999,4097000,4097999.999
"10234",10571,322031.6,322031.925,4097898.867,4097898.984,"Silva","NEON_D17_TEAK_DP1_322000_4097000_classified_point_cloud_colorized.laz","2018_TEAK_3_322000_4097000_image.tif","Tree",1,322000,322999.999,4097000,4097999.999
"10235",10572,322616.002,322622.889,4097888.504,4097895.352,"Silva","NEON_D17_TEAK_DP1_322000_4097000_classified_point_cloud_colorized.laz","2018_TEAK_3_322000_4097000_image.tif","Tree",1,322000,322999.999,4097000,4097999.999
"10236",10573,322463.578,322468.817,4097892.551,4097898.472,"Silva","NEON_D17_TEAK_DP1_322000_4097000_classified_point_cloud_colorized.laz","2018_TEAK_3_322000_4097000_image.tif","Tree",1,322000,322999.999,4097000,4097999.999
"10237",10574,322115.464,322123.919,4097894.206,4097902.502,"Silva","NEON_D17_TEAK_DP1_322000_4097000_classified_point_cloud_colorized.laz","2018_TEAK_3_322000_4097000_image.tif","Tree",1,322000,322999.999,4097000,4097999.999
"10238",10575,322063.15,322070.854,4097895.005,4097903.657,"Silva","NEON_D17_TEAK_DP1_322000_4097000_classified_point_cloud_colorized.laz","2018_TEAK_3_322000_4097000_image.tif","Tree",1,322000,322999.999,4097000,4097999.999
"10239",10576,322153.898,322159.648,4097893.716,4097901.274,"Silva","NEON_D17_TEAK_DP1_322000_4097000_classified_point_cloud_colorized.laz","2018_TEAK_3_322000_4097000_image.tif","Tree",1,322000,322999.999,4097000,4097999.999
"10240",10577,322057.141,322063.459,4097897.558,4097903.894,"Silva","NEON_D17_TEAK_DP1_322000_4097000_classified_point_cloud_colorized.laz","2018_TEAK_3_322000_4097000_image.tif","Tree",1,322000,322999.999,4097000,4097999.999
"10241",10578,322567.71,322576.771,4097890.685,4097898.375,"Silva","NEON_D17_TEAK_DP1_322000_4097000_classified_point_cloud_colorized.laz","2018_TEAK_3_322000_4097000_image.tif","Tree",1,322000,322999.999,4097000,4097999.999
"10242",10579,322481.028,322489.804,4097892.557,4097903.294,"Silva","NEON_D17_TEAK_DP1_322000_4097000_classified_point_cloud_colorized.laz","2018_TEAK_3_322000_4097000_image.tif","Tree",1,322000,322999.999,4097000,4097999.999
"10243",10580,322442.072,322446.492,4097895.542,4097899.478,"Silva","NEON_D17_TEAK_DP1_322000_4097000_classified_point_cloud_colorized.laz","2018_TEAK_3_322000_4097000_image.tif","Tree",1,322000,322999.999,4097000,4097999.999
"10244",10581,322432.031,322435.851,4097896.535,4097899.664,"Silva","NEON_D17_TEAK_DP1_322000_4097000_classified_point_cloud_colorized.laz","2018_TEAK_3_322000_4097000_image.tif","Tree",1,322000,322999.999,4097000,4097999.999
"10245",10582,322120.954,322129.847,4097896.069,4097907.48,"Silva","NEON_D17_TEAK_DP1_322000_4097000_classified_point_cloud_colorized.laz","2018_TEAK_3_322000_4097000_image.tif","Tree",1,322000,322999.999,4097000,4097999.999
"10246",10583,322039.503,322044.398,4097898.514,4097906.14,"Silva","NEON_D17_TEAK_DP1_322000_4097000_classified_point_cloud_colorized.laz","2018_TEAK_3_322000_4097000_image.tif","Tree",1,322000,322999.999,4097000,4097999.999
"10247",10586,322447.037,322454.497,4097894.268,4097900.483,"Silva","NEON_D17_TEAK_DP1_322000_4097000_classified_point_cloud_colorized.laz","2018_TEAK_3_322000_4097000_image.tif","Tree",1,322000,322999.999,4097000,4097999.999
"10248",10587,322588.523,322594.495,4097893.216,4097902.358,"Silva","NEON_D17_TEAK_DP1_322000_4097000_classified_point_cloud_colorized.laz","2018_TEAK_3_322000_4097000_image.tif","Tree",1,322000,322999.999,4097000,4097999.999
"10249",10588,322432.989,322437.637,4097897.797,4097902.212,"Silva","NEON_D17_TEAK_DP1_322000_4097000_classified_point_cloud_colorized.laz","2018_TEAK_3_322000_4097000_image.tif","Tree",1,322000,322999.999,4097000,4097999.999
"10250",10589,322650.507,322653.661,4097895.33,4097901.37,"Silva","NEON_D17_TEAK_DP1_322000_4097000_classified_point_cloud_colorized.laz","2018_TEAK_3_322000_4097000_image.tif","Tree",1,322000,322999.999,4097000,4097999.999
"10251",10590,322642.435,322646.996,4097896.641,4097900.961,"Silva","NEON_D17_TEAK_DP1_322000_4097000_classified_point_cloud_colorized.laz","2018_TEAK_3_322000_4097000_image.tif","Tree",1,322000,322999.999,4097000,4097999.999
"10252",10591,322048.6,322053.34,4097902.08,4097906.861,"Silva","NEON_D17_TEAK_DP1_322000_4097000_classified_point_cloud_colorized.laz","2018_TEAK_3_322000_4097000_image.tif","Tree",1,322000,322999.999,4097000,4097999.999
"10253",10592,322044.046,322048.499,4097899.7,4097907.919,"Silva","NEON_D17_TEAK_DP1_322000_4097000_classified_point_cloud_colorized.laz","2018_TEAK_3_322000_4097000_image.tif","Tree",1,322000,322999.999,4097000,4097999.999
"10254",10593,322094.671,322101.965,4097900.041,4097908.988,"Silva","NEON_D17_TEAK_DP1_322000_4097000_classified_point_cloud_colorized.laz","2018_TEAK_3_322000_4097000_image.tif","Tree",1,322000,322999.999,4097000,4097999.999
"10255",10594,322447.153,322454.729,4097900.52,4097905.916,"Silva","NEON_D17_TEAK_DP1_322000_4097000_classified_point_cloud_colorized.laz","2018_TEAK_3_322000_4097000_image.tif","Tree",1,322000,322999.999,4097000,4097999.999
"10256",10595,322567.085,322574.373,4097898.614,4097904.774,"Silva","NEON_D17_TEAK_DP1_322000_4097000_classified_point_cloud_colorized.laz","2018_TEAK_3_322000_4097000_image.tif","Tree",1,322000,322999.999,4097000,4097999.999
"10257",10596,322493.559,322499.938,4097899.675,4097904.461,"Silva","NEON_D17_TEAK_DP1_322000_4097000_classified_point_cloud_colorized.laz","2018_TEAK_3_322000_4097000_image.tif","Tree",1,322000,322999.999,4097000,4097999.999
"10258",10597,322440.058,322446.956,4097899.519,4097905.936,"Silva","NEON_D17_TEAK_DP1_322000_4097000_classified_point_cloud_colorized.laz","2018_TEAK_3_322000_4097000_image.tif","Tree",1,322000,322999.999,4097000,4097999.999
"10259",10598,322414.697,322417.842,4097900.643,4097903.729,"Silva","NEON_D17_TEAK_DP1_322000_4097000_classified_point_cloud_colorized.laz","2018_TEAK_3_322000_4097000_image.tif","Tree",1,322000,322999.999,4097000,4097999.999
"10260",10599,322573.249,322579.409,4097896.559,4097905.968,"Silva","NEON_D17_TEAK_DP1_322000_4097000_classified_point_cloud_colorized.laz","2018_TEAK_3_322000_4097000_image.tif","Tree",1,322000,322999.999,4097000,4097999.999
"10261",10600,322626.586,322632.9,4097897.751,4097904.368,"Silva","NEON_D17_TEAK_DP1_322000_4097000_classified_point_cloud_colorized.laz","2018_TEAK_3_322000_4097000_image.tif","Tree",1,322000,322999.999,4097000,4097999.999
"10262",10601,322591.596,322598.467,4097898.6,4097907.463,"Silva","NEON_D17_TEAK_DP1_322000_4097000_classified_point_cloud_colorized.laz","2018_TEAK_3_322000_4097000_image.tif","Tree",1,322000,322999.999,4097000,4097999.999
"10263",10602,322635.007,322638.994,4097900.666,4097906.296,"Silva","NEON_D17_TEAK_DP1_322000_4097000_classified_point_cloud_colorized.laz","2018_TEAK_3_322000_4097000_image.tif","Tree",1,322000,322999.999,4097000,4097999.999
"10264",10603,322644.022,322648.386,4097900.669,4097903.883,"Silva","NEON_D17_TEAK_DP1_322000_4097000_classified_point_cloud_colorized.laz","2018_TEAK_3_322000_4097000_image.tif","Tree",1,322000,322999.999,4097000,4097999.999
"10265",10604,322598.041,322603.898,4097898.617,4097908,"Silva","NEON_D17_TEAK_DP1_322000_4097000_classified_point_cloud_colorized.laz","2018_TEAK_3_322000_4097000_image.tif","Tree",1,322000,322999.999,4097000,4097999.999
"10266",10605,322577.537,322583.478,4097900.459,4097907.262,"Silva","NEON_D17_TEAK_DP1_322000_4097000_classified_point_cloud_colorized.laz","2018_TEAK_3_322000_4097000_image.tif","Tree",1,322000,322999.999,4097000,4097999.999
"10267",10606,322226.666,322229.376,4097903.033,4097905.361,"Silva","NEON_D17_TEAK_DP1_322000_4097000_classified_point_cloud_colorized.laz","2018_TEAK_3_322000_4097000_image.tif","Tree",1,322000,322999.999,4097000,4097999.999
"10268",10607,322294.091,322296.941,4097905.596,4097909.298,"Silva","NEON_D17_TEAK_DP1_322000_4097000_classified_point_cloud_colorized.laz","2018_TEAK_3_322000_4097000_image.tif","Tree",1,322000,322999.999,4097000,4097999.999
"10269",10608,322409.788,322410.321,4097906.844,4097906.85,"Silva","NEON_D17_TEAK_DP1_322000_4097000_classified_point_cloud_colorized.laz","2018_TEAK_3_322000_4097000_image.tif","Tree",1,322000,322999.999,4097000,4097999.999
"10270",10609,322449.066,322458.48,4097903.266,4097910.477,"Silva","NEON_D17_TEAK_DP1_322000_4097000_classified_point_cloud_colorized.laz","2018_TEAK_3_322000_4097000_image.tif","Tree",1,322000,322999.999,4097000,4097999.999
"10271",10610,322489.515,322495.226,4097901.702,4097910.453,"Silva","NEON_D17_TEAK_DP1_322000_4097000_classified_point_cloud_colorized.laz","2018_TEAK_3_322000_4097000_image.tif","Tree",1,322000,322999.999,4097000,4097999.999
"10272",10611,322508.049,322511.948,4097904.129,4097908.026,"Silva","NEON_D17_TEAK_DP1_322000_4097000_classified_point_cloud_colorized.laz","2018_TEAK_3_322000_4097000_image.tif","Tree",1,322000,322999.999,4097000,4097999.999
"10273",10612,322583.581,322591.843,4097901.596,4097909.773,"Silva","NEON_D17_TEAK_DP1_322000_4097000_classified_point_cloud_colorized.laz","2018_TEAK_3_322000_4097000_image.tif","Tree",1,322000,322999.999,4097000,4097999.999
"10274",10613,322645.057,322646.996,4097904.675,4097908.454,"Silva","NEON_D17_TEAK_DP1_322000_4097000_classified_point_cloud_colorized.laz","2018_TEAK_3_322000_4097000_image.tif","Tree",1,322000,322999.999,4097000,4097999.999
"10275",10614,322601.184,322607.985,4097901.026,4097908.499,"Silva","NEON_D17_TEAK_DP1_322000_4097000_classified_point_cloud_colorized.laz","2018_TEAK_3_322000_4097000_image.tif","Tree",1,322000,322999.999,4097000,4097999.999
"10276",10615,322512.024,322517.994,4097903.6,4097912.432,"Silva","NEON_D17_TEAK_DP1_322000_4097000_classified_point_cloud_colorized.laz","2018_TEAK_3_322000_4097000_image.tif","Tree",1,322000,322999.999,4097000,4097999.999
"10277",10616,322430.505,322438.482,4097903.533,4097910.928,"Silva","NEON_D17_TEAK_DP1_322000_4097000_classified_point_cloud_colorized.laz","2018_TEAK_3_322000_4097000_image.tif","Tree",1,322000,322999.999,4097000,4097999.999
"10278",10617,322073.708,322079.411,4097906.517,4097912.084,"Silva","NEON_D17_TEAK_DP1_322000_4097000_classified_point_cloud_colorized.laz","2018_TEAK_3_322000_4097000_image.tif","Tree",1,322000,322999.999,4097000,4097999.999
"10279",10618,322065.151,322067.19,4097908.53,4097910.843,"Silva","NEON_D17_TEAK_DP1_322000_4097000_classified_point_cloud_colorized.laz","2018_TEAK_3_322000_4097000_image.tif","Tree",1,322000,322999.999,4097000,4097999.999
"10280",10619,322082.662,322088.452,4097906.508,4097911.878,"Silva","NEON_D17_TEAK_DP1_322000_4097000_classified_point_cloud_colorized.laz","2018_TEAK_3_322000_4097000_image.tif","Tree",1,322000,322999.999,4097000,4097999.999
"10281",10620,322648.094,322654.417,4097903.156,4097909.399,"Silva","NEON_D17_TEAK_DP1_322000_4097000_classified_point_cloud_colorized.laz","2018_TEAK_3_322000_4097000_image.tif","Tree",1,322000,322999.999,4097000,4097999.999
"10282",10621,322135.725,322137.867,4097909.113,4097911.361,"Silva","NEON_D17_TEAK_DP1_322000_4097000_classified_point_cloud_colorized.laz","2018_TEAK_3_322000_4097000_image.tif","Tree",1,322000,322999.999,4097000,4097999.999
"10283",10622,322052.53,322054.91,4097909.673,4097911.841,"Silva","NEON_D17_TEAK_DP1_322000_4097000_classified_point_cloud_colorized.laz","2018_TEAK_3_322000_4097000_image.tif","Tree",1,322000,322999.999,4097000,4097999.999
"10284",10623,322032.12,322036.423,4097908.545,4097913.447,"Silva","NEON_D17_TEAK_DP1_322000_4097000_classified_point_cloud_colorized.laz","2018_TEAK_3_322000_4097000_image.tif","Tree",1,322000,322999.999,4097000,4097999.999
"10285",10624,322457.398,322465.452,4097905.583,4097912.942,"Silva","NEON_D17_TEAK_DP1_322000_4097000_classified_point_cloud_colorized.laz","2018_TEAK_3_322000_4097000_image.tif","Tree",1,322000,322999.999,4097000,4097999.999
"10286",10625,322049.648,322050.888,4097911.654,4097912.921,"Silva","NEON_D17_TEAK_DP1_322000_4097000_classified_point_cloud_colorized.laz","2018_TEAK_3_322000_4097000_image.tif","Tree",1,322000,322999.999,4097000,4097999.999
"10287",10626,322088.35,322093.428,4097909.041,4097914.643,"Silva","NEON_D17_TEAK_DP1_322000_4097000_classified_point_cloud_colorized.laz","2018_TEAK_3_322000_4097000_image.tif","Tree",1,322000,322999.999,4097000,4097999.999
"10288",10627,322356.741,322359.398,4097909.547,4097912.477,"Silva","NEON_D17_TEAK_DP1_322000_4097000_classified_point_cloud_colorized.laz","2018_TEAK_3_322000_4097000_image.tif","Tree",1,322000,322999.999,4097000,4097999.999
"10289",10628,322438.527,322442.263,4097908.741,4097912.328,"Silva","NEON_D17_TEAK_DP1_322000_4097000_classified_point_cloud_colorized.laz","2018_TEAK_3_322000_4097000_image.tif","Tree",1,322000,322999.999,4097000,4097999.999
"10290",10629,322445.576,322453.165,4097906.206,4097913.793,"Silva","NEON_D17_TEAK_DP1_322000_4097000_classified_point_cloud_colorized.laz","2018_TEAK_3_322000_4097000_image.tif","Tree",1,322000,322999.999,4097000,4097999.999
"10291",10630,322615.583,322622.433,4097906.134,4097913.997,"Silva","NEON_D17_TEAK_DP1_322000_4097000_classified_point_cloud_colorized.laz","2018_TEAK_3_322000_4097000_image.tif","Tree",1,322000,322999.999,4097000,4097999.999
"10292",10631,322126.042,322128.809,4097908.505,4097912.747,"Silva","NEON_D17_TEAK_DP1_322000_4097000_classified_point_cloud_colorized.laz","2018_TEAK_3_322000_4097000_image.tif","Tree",1,322000,322999.999,4097000,4097999.999
"10293",10632,322083.201,322088.981,4097911.029,4097915.838,"Silva","NEON_D17_TEAK_DP1_322000_4097000_classified_point_cloud_colorized.laz","2018_TEAK_3_322000_4097000_image.tif","Tree",1,322000,322999.999,4097000,4097999.999
"10294",10633,322592.597,322599.733,4097907.007,4097913.346,"Silva","NEON_D17_TEAK_DP1_322000_4097000_classified_point_cloud_colorized.laz","2018_TEAK_3_322000_4097000_image.tif","Tree",1,322000,322999.999,4097000,4097999.999
"10295",10634,322577.155,322581.195,4097907.519,4097913.455,"Silva","NEON_D17_TEAK_DP1_322000_4097000_classified_point_cloud_colorized.laz","2018_TEAK_3_322000_4097000_image.tif","Tree",1,322000,322999.999,4097000,4097999.999
"10296",10635,322541.518,322548.835,4097907.597,4097915.475,"Silva","NEON_D17_TEAK_DP1_322000_4097000_classified_point_cloud_colorized.laz","2018_TEAK_3_322000_4097000_image.tif","Tree",1,322000,322999.999,4097000,4097999.999
"10297",10636,322487.766,322490.877,4097908.161,4097917.928,"Silva","NEON_D17_TEAK_DP1_322000_4097000_classified_point_cloud_colorized.laz","2018_TEAK_3_322000_4097000_image.tif","Tree",1,322000,322999.999,4097000,4097999.999
"10298",10637,322379.574,322379.847,4097912.392,4097912.729,"Silva","NEON_D17_TEAK_DP1_322000_4097000_classified_point_cloud_colorized.laz","2018_TEAK_3_322000_4097000_image.tif","Tree",1,322000,322999.999,4097000,4097999.999
"10299",10638,322363.625,322364.831,4097911.553,4097913.173,"Silva","NEON_D17_TEAK_DP1_322000_4097000_classified_point_cloud_colorized.laz","2018_TEAK_3_322000_4097000_image.tif","Tree",1,322000,322999.999,4097000,4097999.999
"10300",10639,322154.702,322159.994,4097910.549,4097916.112,"Silva","NEON_D17_TEAK_DP1_322000_4097000_classified_point_cloud_colorized.laz","2018_TEAK_3_322000_4097000_image.tif","Tree",1,322000,322999.999,4097000,4097999.999
"10301",10640,322436.517,322441.969,4097910.807,4097915.869,"Silva","NEON_D17_TEAK_DP1_322000_4097000_classified_point_cloud_colorized.laz","2018_TEAK_3_322000_4097000_image.tif","Tree",1,322000,322999.999,4097000,4097999.999
"10302",10641,322447.647,322455.017,4097910.549,4097917.762,"Silva","NEON_D17_TEAK_DP1_322000_4097000_classified_point_cloud_colorized.laz","2018_TEAK_3_322000_4097000_image.tif","Tree",1,322000,322999.999,4097000,4097999.999
"10303",10643,322535.113,322543.224,4097908.105,4097917.477,"Silva","NEON_D17_TEAK_DP1_322000_4097000_classified_point_cloud_colorized.laz","2018_TEAK_3_322000_4097000_image.tif","Tree",1,322000,322999.999,4097000,4097999.999
"10304",10644,322099.009,322102.434,4097913.166,4097917.068,"Silva","NEON_D17_TEAK_DP1_322000_4097000_classified_point_cloud_colorized.laz","2018_TEAK_3_322000_4097000_image.tif","Tree",1,322000,322999.999,4097000,4097999.999
"10305",10645,322454.093,322459.452,4097910.453,4097917.863,"Silva","NEON_D17_TEAK_DP1_322000_4097000_classified_point_cloud_colorized.laz","2018_TEAK_3_322000_4097000_image.tif","Tree",1,322000,322999.999,4097000,4097999.999
"10306",10646,322590.512,322595.701,4097909.208,4097918.474,"Silva","NEON_D17_TEAK_DP1_322000_4097000_classified_point_cloud_colorized.laz","2018_TEAK_3_322000_4097000_image.tif","Tree",1,322000,322999.999,4097000,4097999.999
"10307",10647,322621.064,322629.48,4097908.602,4097917.419,"Silva","NEON_D17_TEAK_DP1_322000_4097000_classified_point_cloud_colorized.laz","2018_TEAK_3_322000_4097000_image.tif","Tree",1,322000,322999.999,4097000,4097999.999
"10308",10648,322584.573,322590.45,4097909.554,4097918.377,"Silva","NEON_D17_TEAK_DP1_322000_4097000_classified_point_cloud_colorized.laz","2018_TEAK_3_322000_4097000_image.tif","Tree",1,322000,322999.999,4097000,4097999.999
"10309",10649,322459.024,322465.949,4097912.107,4097917.583,"Silva","NEON_D17_TEAK_DP1_322000_4097000_classified_point_cloud_colorized.laz","2018_TEAK_3_322000_4097000_image.tif","Tree",1,322000,322999.999,4097000,4097999.999
"10310",10650,322284.589,322288.999,4097912.747,4097917.915,"Silva","NEON_D17_TEAK_DP1_322000_4097000_classified_point_cloud_colorized.laz","2018_TEAK_3_322000_4097000_image.tif","Tree",1,322000,322999.999,4097000,4097999.999
"10311",10651,322186.032,322189.144,4097917.517,4097919.992,"Silva","NEON_D17_TEAK_DP1_322000_4097000_classified_point_cloud_colorized.laz","2018_TEAK_3_322000_4097000_image.tif","Tree",1,322000,322999.999,4097000,4097999.999
"10312",10652,322073.058,322075.975,4097914.138,4097916.019,"Silva","NEON_D17_TEAK_DP1_322000_4097000_classified_point_cloud_colorized.laz","2018_TEAK_3_322000_4097000_image.tif","Tree",1,322000,322999.999,4097000,4097999.999
"10313",10653,322060.726,322064.426,4097913.776,4097918.439,"Silva","NEON_D17_TEAK_DP1_322000_4097000_classified_point_cloud_colorized.laz","2018_TEAK_3_322000_4097000_image.tif","Tree",1,322000,322999.999,4097000,4097999.999
"10314",10654,322603.522,322610.281,4097911.965,4097919.43,"Silva","NEON_D17_TEAK_DP1_322000_4097000_classified_point_cloud_colorized.laz","2018_TEAK_3_322000_4097000_image.tif","Tree",1,322000,322999.999,4097000,4097999.999
"10315",10655,322595.184,322599.921,4097913.581,4097916.912,"Silva","NEON_D17_TEAK_DP1_322000_4097000_classified_point_cloud_colorized.laz","2018_TEAK_3_322000_4097000_image.tif","Tree",1,322000,322999.999,4097000,4097999.999
"10316",10656,322506.543,322515.879,4097912.148,4097919.84,"Silva","NEON_D17_TEAK_DP1_322000_4097000_classified_point_cloud_colorized.laz","2018_TEAK_3_322000_4097000_image.tif","Tree",1,322000,322999.999,4097000,4097999.999
"10317",10657,322466.036,322476.9,4097911.398,4097922.241,"Silva","NEON_D17_TEAK_DP1_322000_4097000_classified_point_cloud_colorized.laz","2018_TEAK_3_322000_4097000_image.tif","Tree",1,322000,322999.999,4097000,4097999.999
"10318",10658,322140.774,322141.994,4097916.302,4097917.887,"Silva","NEON_D17_TEAK_DP1_322000_4097000_classified_point_cloud_colorized.laz","2018_TEAK_3_322000_4097000_image.tif","Tree",1,322000,322999.999,4097000,4097999.999
"10319",10659,322325.754,322325.872,4097916.762,4097916.852,"Silva","NEON_D17_TEAK_DP1_322000_4097000_classified_point_cloud_colorized.laz","2018_TEAK_3_322000_4097000_image.tif","Tree",1,322000,322999.999,4097000,4097999.999
"10320",10660,322454.031,322461.397,4097915.921,4097919.961,"Silva","NEON_D17_TEAK_DP1_322000_4097000_classified_point_cloud_colorized.laz","2018_TEAK_3_322000_4097000_image.tif","Tree",1,322000,322999.999,4097000,4097999.999
"10321",10661,322487.309,322496.459,4097912.549,4097922.44,"Silva","NEON_D17_TEAK_DP1_322000_4097000_classified_point_cloud_colorized.laz","2018_TEAK_3_322000_4097000_image.tif","Tree",1,322000,322999.999,4097000,4097999.999
"10322",10662,322560.525,322565.563,4097913.156,4097919.245,"Silva","NEON_D17_TEAK_DP1_322000_4097000_classified_point_cloud_colorized.laz","2018_TEAK_3_322000_4097000_image.tif","Tree",1,322000,322999.999,4097000,4097999.999
"10323",10663,322051.787,322056.976,4097915.011,4097922.498,"Silva","NEON_D17_TEAK_DP1_322000_4097000_classified_point_cloud_colorized.laz","2018_TEAK_3_322000_4097000_image.tif","Tree",1,322000,322999.999,4097000,4097999.999
"10324",10664,322627.296,322634.216,4097913.588,4097921.93,"Silva","NEON_D17_TEAK_DP1_322000_4097000_classified_point_cloud_colorized.laz","2018_TEAK_3_322000_4097000_image.tif","Tree",1,322000,322999.999,4097000,4097999.999
"10325",10665,322617.524,322625.475,4097914.093,4097921.998,"Silva","NEON_D17_TEAK_DP1_322000_4097000_classified_point_cloud_colorized.laz","2018_TEAK_3_322000_4097000_image.tif","Tree",1,322000,322999.999,4097000,4097999.999
"10326",10666,322237.563,322243.122,4097916.508,4097922.892,"Silva","NEON_D17_TEAK_DP1_322000_4097000_classified_point_cloud_colorized.laz","2018_TEAK_3_322000_4097000_image.tif","Tree",1,322000,322999.999,4097000,4097999.999
"10327",10667,322272.544,322281.385,4097914.041,4097923.92,"Silva","NEON_D17_TEAK_DP1_322000_4097000_classified_point_cloud_colorized.laz","2018_TEAK_3_322000_4097000_image.tif","Tree",1,322000,322999.999,4097000,4097999.999
"10328",10668,322455.043,322465.906,4097918.155,4097925.518,"Silva","NEON_D17_TEAK_DP1_322000_4097000_classified_point_cloud_colorized.laz","2018_TEAK_3_322000_4097000_image.tif","Tree",1,322000,322999.999,4097000,4097999.999
"10329",10669,322541.02,322549.31,4097916.188,4097923.73,"Silva","NEON_D17_TEAK_DP1_322000_4097000_classified_point_cloud_colorized.laz","2018_TEAK_3_322000_4097000_image.tif","Tree",1,322000,322999.999,4097000,4097999.999
"10330",10670,322573.047,322577.979,4097917.19,4097922.965,"Silva","NEON_D17_TEAK_DP1_322000_4097000_classified_point_cloud_colorized.laz","2018_TEAK_3_322000_4097000_image.tif","Tree",1,322000,322999.999,4097000,4097999.999
"10331",10671,322580.521,322585.716,4097918.317,4097924.796,"Silva","NEON_D17_TEAK_DP1_322000_4097000_classified_point_cloud_colorized.laz","2018_TEAK_3_322000_4097000_image.tif","Tree",1,322000,322999.999,4097000,4097999.999
"10332",10672,322086.044,322092.981,4097917.789,4097924.47,"Silva","NEON_D17_TEAK_DP1_322000_4097000_classified_point_cloud_colorized.laz","2018_TEAK_3_322000_4097000_image.tif","Tree",1,322000,322999.999,4097000,4097999.999
"10333",10673,322027.016,322028.808,4097921.016,4097921.985,"Silva","NEON_D17_TEAK_DP1_322000_4097000_classified_point_cloud_colorized.laz","2018_TEAK_3_322000_4097000_image.tif","Tree",1,322000,322999.999,4097000,4097999.999
"10334",10674,322587.71,322595.499,4097917.587,4097926.196,"Silva","NEON_D17_TEAK_DP1_322000_4097000_classified_point_cloud_colorized.laz","2018_TEAK_3_322000_4097000_image.tif","Tree",1,322000,322999.999,4097000,4097999.999
"10335",10675,322599.571,322607.352,4097917.539,4097927.941,"Silva","NEON_D17_TEAK_DP1_322000_4097000_classified_point_cloud_colorized.laz","2018_TEAK_3_322000_4097000_image.tif","Tree",1,322000,322999.999,4097000,4097999.999
"10336",10676,322548.529,322556.834,4097919.525,4097928.956,"Silva","NEON_D17_TEAK_DP1_322000_4097000_classified_point_cloud_colorized.laz","2018_TEAK_3_322000_4097000_image.tif","Tree",1,322000,322999.999,4097000,4097999.999
"10337",10677,322567.529,322568.431,4097922.616,4097923.915,"Silva","NEON_D17_TEAK_DP1_322000_4097000_classified_point_cloud_colorized.laz","2018_TEAK_3_322000_4097000_image.tif","Tree",1,322000,322999.999,4097000,4097999.999
"10338",10678,322500.532,322510.801,4097919.012,4097929.244,"Silva","NEON_D17_TEAK_DP1_322000_4097000_classified_point_cloud_colorized.laz","2018_TEAK_3_322000_4097000_image.tif","Tree",1,322000,322999.999,4097000,4097999.999
"10339",10679,322447.583,322458.461,4097919.127,4097927.748,"Silva","NEON_D17_TEAK_DP1_322000_4097000_classified_point_cloud_colorized.laz","2018_TEAK_3_322000_4097000_image.tif","Tree",1,322000,322999.999,4097000,4097999.999
"10340",10680,322415.085,322418.928,4097921.658,4097924.924,"Silva","NEON_D17_TEAK_DP1_322000_4097000_classified_point_cloud_colorized.laz","2018_TEAK_3_322000_4097000_image.tif","Tree",1,322000,322999.999,4097000,4097999.999
"10341",10681,322073.17,322081.232,4097922.178,4097929.5,"Silva","NEON_D17_TEAK_DP1_322000_4097000_classified_point_cloud_colorized.laz","2018_TEAK_3_322000_4097000_image.tif","Tree",1,322000,322999.999,4097000,4097999.999
"10342",10682,322629.012,322637.477,4097922.762,4097928.988,"Silva","NEON_D17_TEAK_DP1_322000_4097000_classified_point_cloud_colorized.laz","2018_TEAK_3_322000_4097000_image.tif","Tree",1,322000,322999.999,4097000,4097999.999
"10343",10683,322016.724,322017.248,4097922.539,4097923.073,"Silva","NEON_D17_TEAK_DP1_322000_4097000_classified_point_cloud_colorized.laz","2018_TEAK_3_322000_4097000_image.tif","Tree",1,322000,322999.999,4097000,4097999.999
"10344",10684,322471.701,322481.494,4097920.343,4097928.97,"Silva","NEON_D17_TEAK_DP1_322000_4097000_classified_point_cloud_colorized.laz","2018_TEAK_3_322000_4097000_image.tif","Tree",1,322000,322999.999,4097000,4097999.999
"10345",10685,322619.179,322627.375,4097922.014,4097928.939,"Silva","NEON_D17_TEAK_DP1_322000_4097000_classified_point_cloud_colorized.laz","2018_TEAK_3_322000_4097000_image.tif","Tree",1,322000,322999.999,4097000,4097999.999
"10346",10686,322610.5,322620.479,4097924.007,4097931.389,"Silva","NEON_D17_TEAK_DP1_322000_4097000_classified_point_cloud_colorized.laz","2018_TEAK_3_322000_4097000_image.tif","Tree",1,322000,322999.999,4097000,4097999.999
"10347",10687,322526.002,322533.834,4097926.83,4097930.853,"Silva","NEON_D17_TEAK_DP1_322000_4097000_classified_point_cloud_colorized.laz","2018_TEAK_3_322000_4097000_image.tif","Tree",1,322000,322999.999,4097000,4097999.999
"10348",10688,322019.239,322026.955,4097923.248,4097930.5,"Silva","NEON_D17_TEAK_DP1_322000_4097000_classified_point_cloud_colorized.laz","2018_TEAK_3_322000_4097000_image.tif","Tree",1,322000,322999.999,4097000,4097999.999
"10349",10689,322371.459,322373.451,4097927.441,4097929.292,"Silva","NEON_D17_TEAK_DP1_322000_4097000_classified_point_cloud_colorized.laz","2018_TEAK_3_322000_4097000_image.tif","Tree",1,322000,322999.999,4097000,4097999.999
"10350",10690,322488.556,322496.188,4097923.006,4097934.876,"Silva","NEON_D17_TEAK_DP1_322000_4097000_classified_point_cloud_colorized.laz","2018_TEAK_3_322000_4097000_image.tif","Tree",1,322000,322999.999,4097000,4097999.999
"10351",10691,322439.141,322441.429,4097928.378,4097930.325,"Silva","NEON_D17_TEAK_DP1_322000_4097000_classified_point_cloud_colorized.laz","2018_TEAK_3_322000_4097000_image.tif","Tree",1,322000,322999.999,4097000,4097999.999
"10352",10692,322026.521,322031.995,4097926.038,4097929.331,"Silva","NEON_D17_TEAK_DP1_322000_4097000_classified_point_cloud_colorized.laz","2018_TEAK_3_322000_4097000_image.tif","Tree",1,322000,322999.999,4097000,4097999.999
"10353",10693,322481.513,322489.474,4097925.925,4097934.751,"Silva","NEON_D17_TEAK_DP1_322000_4097000_classified_point_cloud_colorized.laz","2018_TEAK_3_322000_4097000_image.tif","Tree",1,322000,322999.999,4097000,4097999.999
"10354",10695,322535.525,322544.343,4097927.175,4097936.443,"Silva","NEON_D17_TEAK_DP1_322000_4097000_classified_point_cloud_colorized.laz","2018_TEAK_3_322000_4097000_image.tif","Tree",1,322000,322999.999,4097000,4097999.999
"10355",10696,322617.511,322623.423,4097929.503,4097935.989,"Silva","NEON_D17_TEAK_DP1_322000_4097000_classified_point_cloud_colorized.laz","2018_TEAK_3_322000_4097000_image.tif","Tree",1,322000,322999.999,4097000,4097999.999
"10356",10697,322589.033,322597.967,4097928.049,4097935.739,"Silva","NEON_D17_TEAK_DP1_322000_4097000_classified_point_cloud_colorized.laz","2018_TEAK_3_322000_4097000_image.tif","Tree",1,322000,322999.999,4097000,4097999.999
"10357",10698,322459.055,322465.732,4097929.017,4097935.99,"Silva","NEON_D17_TEAK_DP1_322000_4097000_classified_point_cloud_colorized.laz","2018_TEAK_3_322000_4097000_image.tif","Tree",1,322000,322999.999,4097000,4097999.999
"10358",10699,322599.526,322609.992,4097927.636,4097938.497,"Silva","NEON_D17_TEAK_DP1_322000_4097000_classified_point_cloud_colorized.laz","2018_TEAK_3_322000_4097000_image.tif","Tree",1,322000,322999.999,4097000,4097999.999
"10359",10700,322610.002,322618.141,4097929.094,4097937.976,"Silva","NEON_D17_TEAK_DP1_322000_4097000_classified_point_cloud_colorized.laz","2018_TEAK_3_322000_4097000_image.tif","Tree",1,322000,322999.999,4097000,4097999.999
"10360",10701,322511.676,322516.985,4097931.508,4097937.424,"Silva","NEON_D17_TEAK_DP1_322000_4097000_classified_point_cloud_colorized.laz","2018_TEAK_3_322000_4097000_image.tif","Tree",1,322000,322999.999,4097000,4097999.999
"10361",10702,322403.243,322403.935,4097932.602,4097933.338,"Silva","NEON_D17_TEAK_DP1_322000_4097000_classified_point_cloud_colorized.laz","2018_TEAK_3_322000_4097000_image.tif","Tree",1,322000,322999.999,4097000,4097999.999
"10362",10703,322173.293,322173.326,4097931.732,4097931.87,"Silva","NEON_D17_TEAK_DP1_322000_4097000_classified_point_cloud_colorized.laz","2018_TEAK_3_322000_4097000_image.tif","Tree",1,322000,322999.999,4097000,4097999.999
"10363",10704,322178.016,322178.24,4097933.05,4097933.283,"Silva","NEON_D17_TEAK_DP1_322000_4097000_classified_point_cloud_colorized.laz","2018_TEAK_3_322000_4097000_image.tif","Tree",1,322000,322999.999,4097000,4097999.999
"10364",10705,322055.729,322062.458,4097928.087,4097936.426,"Silva","NEON_D17_TEAK_DP1_322000_4097000_classified_point_cloud_colorized.laz","2018_TEAK_3_322000_4097000_image.tif","Tree",1,322000,322999.999,4097000,4097999.999
"10365",10706,322119.038,322123.905,4097930.605,4097935.85,"Silva","NEON_D17_TEAK_DP1_322000_4097000_classified_point_cloud_colorized.laz","2018_TEAK_3_322000_4097000_image.tif","Tree",1,322000,322999.999,4097000,4097999.999
"10366",10707,322223.803,322224.963,4097933.395,4097933.89,"Silva","NEON_D17_TEAK_DP1_322000_4097000_classified_point_cloud_colorized.laz","2018_TEAK_3_322000_4097000_image.tif","Tree",1,322000,322999.999,4097000,4097999.999
"10367",10708,322408.582,322411.947,4097934.207,4097937.253,"Silva","NEON_D17_TEAK_DP1_322000_4097000_classified_point_cloud_colorized.laz","2018_TEAK_3_322000_4097000_image.tif","Tree",1,322000,322999.999,4097000,4097999.999
"10368",10709,322463.02,322469.985,4097933.933,4097940.456,"Silva","NEON_D17_TEAK_DP1_322000_4097000_classified_point_cloud_colorized.laz","2018_TEAK_3_322000_4097000_image.tif","Tree",1,322000,322999.999,4097000,4097999.999
"10369",10710,322573.005,322580.453,4097934.537,4097942.659,"Silva","NEON_D17_TEAK_DP1_322000_4097000_classified_point_cloud_colorized.laz","2018_TEAK_3_322000_4097000_image.tif","Tree",1,322000,322999.999,4097000,4097999.999
"10370",10711,322548.033,322553.606,4097933.001,4097939.891,"Silva","NEON_D17_TEAK_DP1_322000_4097000_classified_point_cloud_colorized.laz","2018_TEAK_3_322000_4097000_image.tif","Tree",1,322000,322999.999,4097000,4097999.999
"10371",10712,322533.532,322540.965,4097934.378,4097941.467,"Silva","NEON_D17_TEAK_DP1_322000_4097000_classified_point_cloud_colorized.laz","2018_TEAK_3_322000_4097000_image.tif","Tree",1,322000,322999.999,4097000,4097999.999
"10372",10713,322621.795,322626.403,4097935.582,4097943.932,"Silva","NEON_D17_TEAK_DP1_322000_4097000_classified_point_cloud_colorized.laz","2018_TEAK_3_322000_4097000_image.tif","Tree",1,322000,322999.999,4097000,4097999.999
"10373",10714,322497.714,322503.191,4097937.366,4097943.831,"Silva","NEON_D17_TEAK_DP1_322000_4097000_classified_point_cloud_colorized.laz","2018_TEAK_3_322000_4097000_image.tif","Tree",1,322000,322999.999,4097000,4097999.999
"10374",10715,322540.657,322546.366,4097937.121,4097943.438,"Silva","NEON_D17_TEAK_DP1_322000_4097000_classified_point_cloud_colorized.laz","2018_TEAK_3_322000_4097000_image.tif","Tree",1,322000,322999.999,4097000,4097999.999
"10375",10716,322546.515,322552.583,4097938.218,4097943.486,"Silva","NEON_D17_TEAK_DP1_322000_4097000_classified_point_cloud_colorized.laz","2018_TEAK_3_322000_4097000_image.tif","Tree",1,322000,322999.999,4097000,4097999.999
"10376",10717,322601.509,322610.788,4097936.574,4097942.934,"Silva","NEON_D17_TEAK_DP1_322000_4097000_classified_point_cloud_colorized.laz","2018_TEAK_3_322000_4097000_image.tif","Tree",1,322000,322999.999,4097000,4097999.999
"10377",10718,322509.527,322519.458,4097937.034,4097942.987,"Silva","NEON_D17_TEAK_DP1_322000_4097000_classified_point_cloud_colorized.laz","2018_TEAK_3_322000_4097000_image.tif","Tree",1,322000,322999.999,4097000,4097999.999
"10378",10719,322376.802,322379.979,4097938.298,4097941.147,"Silva","NEON_D17_TEAK_DP1_322000_4097000_classified_point_cloud_colorized.laz","2018_TEAK_3_322000_4097000_image.tif","Tree",1,322000,322999.999,4097000,4097999.999
"10379",10720,322522.851,322530.918,4097937.327,4097946.496,"Silva","NEON_D17_TEAK_DP1_322000_4097000_classified_point_cloud_colorized.laz","2018_TEAK_3_322000_4097000_image.tif","Tree",1,322000,322999.999,4097000,4097999.999
"10380",10721,322582.111,322586.972,4097940.404,4097945.924,"Silva","NEON_D17_TEAK_DP1_322000_4097000_classified_point_cloud_colorized.laz","2018_TEAK_3_322000_4097000_image.tif","Tree",1,322000,322999.999,4097000,4097999.999
"10381",10722,322156.078,322159.499,4097938.025,4097940.997,"Silva","NEON_D17_TEAK_DP1_322000_4097000_classified_point_cloud_colorized.laz","2018_TEAK_3_322000_4097000_image.tif","Tree",1,322000,322999.999,4097000,4097999.999
"10382",10723,322453.49,322454.066,4097942.058,4097943.129,"Silva","NEON_D17_TEAK_DP1_322000_4097000_classified_point_cloud_colorized.laz","2018_TEAK_3_322000_4097000_image.tif","Tree",1,322000,322999.999,4097000,4097999.999
"10383",10724,322477.097,322480.313,4097941.605,4097944.798,"Silva","NEON_D17_TEAK_DP1_322000_4097000_classified_point_cloud_colorized.laz","2018_TEAK_3_322000_4097000_image.tif","Tree",1,322000,322999.999,4097000,4097999.999
"10384",10725,322545.077,322550.956,4097941.144,4097946.368,"Silva","NEON_D17_TEAK_DP1_322000_4097000_classified_point_cloud_colorized.laz","2018_TEAK_3_322000_4097000_image.tif","Tree",1,322000,322999.999,4097000,4097999.999
"10385",10726,322510.534,322518.445,4097943.003,4097948.439,"Silva","NEON_D17_TEAK_DP1_322000_4097000_classified_point_cloud_colorized.laz","2018_TEAK_3_322000_4097000_image.tif","Tree",1,322000,322999.999,4097000,4097999.999
"10386",10728,322043.126,322046.336,4097939.098,4097942.25,"Silva","NEON_D17_TEAK_DP1_322000_4097000_classified_point_cloud_colorized.laz","2018_TEAK_3_322000_4097000_image.tif","Tree",1,322000,322999.999,4097000,4097999.999
"10387",10729,322100.025,322101.971,4097940.514,4097942.775,"Silva","NEON_D17_TEAK_DP1_322000_4097000_classified_point_cloud_colorized.laz","2018_TEAK_3_322000_4097000_image.tif","Tree",1,322000,322999.999,4097000,4097999.999
"10388",10730,322190.621,322197.47,4097940.028,4097948.129,"Silva","NEON_D17_TEAK_DP1_322000_4097000_classified_point_cloud_colorized.laz","2018_TEAK_3_322000_4097000_image.tif","Tree",1,322000,322999.999,4097000,4097999.999
"10389",10731,322421.034,322422.311,4097945.645,4097947.188,"Silva","NEON_D17_TEAK_DP1_322000_4097000_classified_point_cloud_colorized.laz","2018_TEAK_3_322000_4097000_image.tif","Tree",1,322000,322999.999,4097000,4097999.999
"10390",10732,322543.573,322549.27,4097946.012,4097951.946,"Silva","NEON_D17_TEAK_DP1_322000_4097000_classified_point_cloud_colorized.laz","2018_TEAK_3_322000_4097000_image.tif","Tree",1,322000,322999.999,4097000,4097999.999
"10391",10733,322591.506,322598.234,4097946.785,4097952.462,"Silva","NEON_D17_TEAK_DP1_322000_4097000_classified_point_cloud_colorized.laz","2018_TEAK_3_322000_4097000_image.tif","Tree",1,322000,322999.999,4097000,4097999.999
"10392",10734,322475.109,322478.757,4097946.595,4097950.439,"Silva","NEON_D17_TEAK_DP1_322000_4097000_classified_point_cloud_colorized.laz","2018_TEAK_3_322000_4097000_image.tif","Tree",1,322000,322999.999,4097000,4097999.999
"10393",10735,322032.528,322034.947,4097942.039,4097944.362,"Silva","NEON_D17_TEAK_DP1_322000_4097000_classified_point_cloud_colorized.laz","2018_TEAK_3_322000_4097000_image.tif","Tree",1,322000,322999.999,4097000,4097999.999
"10394",10736,322207.719,322210.912,4097945.049,4097947.442,"Silva","NEON_D17_TEAK_DP1_322000_4097000_classified_point_cloud_colorized.laz","2018_TEAK_3_322000_4097000_image.tif","Tree",1,322000,322999.999,4097000,4097999.999
"10395",10739,322596.146,322604.666,4097947.886,4097955.303,"Silva","NEON_D17_TEAK_DP1_322000_4097000_classified_point_cloud_colorized.laz","2018_TEAK_3_322000_4097000_image.tif","Tree",1,322000,322999.999,4097000,4097999.999
"10396",10740,322446.594,322447.982,4097950.989,4097951.823,"Silva","NEON_D17_TEAK_DP1_322000_4097000_classified_point_cloud_colorized.laz","2018_TEAK_3_322000_4097000_image.tif","Tree",1,322000,322999.999,4097000,4097999.999
"10397",10741,322514.967,322520.498,4097948.663,4097955.328,"Silva","NEON_D17_TEAK_DP1_322000_4097000_classified_point_cloud_colorized.laz","2018_TEAK_3_322000_4097000_image.tif","Tree",1,322000,322999.999,4097000,4097999.999
"10398",10742,322619.084,322626.492,4097948.999,4097958.431,"Silva","NEON_D17_TEAK_DP1_322000_4097000_classified_point_cloud_colorized.laz","2018_TEAK_3_322000_4097000_image.tif","Tree",1,322000,322999.999,4097000,4097999.999
"10399",10743,322626.601,322634.466,4097951.005,4097955.403,"Silva","NEON_D17_TEAK_DP1_322000_4097000_classified_point_cloud_colorized.laz","2018_TEAK_3_322000_4097000_image.tif","Tree",1,322000,322999.999,4097000,4097999.999
"10400",10744,322526.509,322532.474,4097949.531,4097956.921,"Silva","NEON_D17_TEAK_DP1_322000_4097000_classified_point_cloud_colorized.laz","2018_TEAK_3_322000_4097000_image.tif","Tree",1,322000,322999.999,4097000,4097999.999
"10401",10745,322096.058,322098.498,4097946.022,4097948.994,"Silva","NEON_D17_TEAK_DP1_322000_4097000_classified_point_cloud_colorized.laz","2018_TEAK_3_322000_4097000_image.tif","Tree",1,322000,322999.999,4097000,4097999.999
"10402",10746,322482.278,322487.476,4097950.216,4097955.439,"Silva","NEON_D17_TEAK_DP1_322000_4097000_classified_point_cloud_colorized.laz","2018_TEAK_3_322000_4097000_image.tif","Tree",1,322000,322999.999,4097000,4097999.999
"10403",10747,322490.013,322498.456,4097948.796,4097957.799,"Silva","NEON_D17_TEAK_DP1_322000_4097000_classified_point_cloud_colorized.laz","2018_TEAK_3_322000_4097000_image.tif","Tree",1,322000,322999.999,4097000,4097999.999
"10404",10748,322613.284,322618.999,4097950.528,4097959.425,"Silva","NEON_D17_TEAK_DP1_322000_4097000_classified_point_cloud_colorized.laz","2018_TEAK_3_322000_4097000_image.tif","Tree",1,322000,322999.999,4097000,4097999.999
"10405",10749,322075.019,322078.439,4097947.174,4097950.427,"Silva","NEON_D17_TEAK_DP1_322000_4097000_classified_point_cloud_colorized.laz","2018_TEAK_3_322000_4097000_image.tif","Tree",1,322000,322999.999,4097000,4097999.999
"10406",10750,322402.578,322403.626,4097953.272,4097953.62,"Silva","NEON_D17_TEAK_DP1_322000_4097000_classified_point_cloud_colorized.laz","2018_TEAK_3_322000_4097000_image.tif","Tree",1,322000,322999.999,4097000,4097999.999
"10407",10751,322594.934,322602.492,4097953.534,4097959.932,"Silva","NEON_D17_TEAK_DP1_322000_4097000_classified_point_cloud_colorized.laz","2018_TEAK_3_322000_4097000_image.tif","Tree",1,322000,322999.999,4097000,4097999.999
"10408",10752,322617.032,322624.371,4097953.121,4097960.889,"Silva","NEON_D17_TEAK_DP1_322000_4097000_classified_point_cloud_colorized.laz","2018_TEAK_3_322000_4097000_image.tif","Tree",1,322000,322999.999,4097000,4097999.999
"10409",10753,322604.731,322609.339,4097951.875,4097959.445,"Silva","NEON_D17_TEAK_DP1_322000_4097000_classified_point_cloud_colorized.laz","2018_TEAK_3_322000_4097000_image.tif","Tree",1,322000,322999.999,4097000,4097999.999
"10410",10754,322386.121,322386.31,4097953.989,4097954.12,"Silva","NEON_D17_TEAK_DP1_322000_4097000_classified_point_cloud_colorized.laz","2018_TEAK_3_322000_4097000_image.tif","Tree",1,322000,322999.999,4097000,4097999.999
"10411",10755,322582.505,322592.431,4097953.56,4097962.477,"Silva","NEON_D17_TEAK_DP1_322000_4097000_classified_point_cloud_colorized.laz","2018_TEAK_3_322000_4097000_image.tif","Tree",1,322000,322999.999,4097000,4097999.999
"10412",10756,322565.044,322571.896,4097954.785,4097962.446,"Silva","NEON_D17_TEAK_DP1_322000_4097000_classified_point_cloud_colorized.laz","2018_TEAK_3_322000_4097000_image.tif","Tree",1,322000,322999.999,4097000,4097999.999
"10413",10757,322519.044,322525.951,4097953.52,4097960.995,"Silva","NEON_D17_TEAK_DP1_322000_4097000_classified_point_cloud_colorized.laz","2018_TEAK_3_322000_4097000_image.tif","Tree",1,322000,322999.999,4097000,4097999.999
"10414",10758,322110.222,322111.909,4097946.588,4097947.422,"Silva","NEON_D17_TEAK_DP1_322000_4097000_classified_point_cloud_colorized.laz","2018_TEAK_3_322000_4097000_image.tif","Tree",1,322000,322999.999,4097000,4097999.999
"10415",10760,322626.609,322631.928,4097958.577,4097964.493,"Silva","NEON_D17_TEAK_DP1_322000_4097000_classified_point_cloud_colorized.laz","2018_TEAK_3_322000_4097000_image.tif","Tree",1,322000,322999.999,4097000,4097999.999
"10416",10761,322558.009,322564.972,4097956.527,4097962.963,"Silva","NEON_D17_TEAK_DP1_322000_4097000_classified_point_cloud_colorized.laz","2018_TEAK_3_322000_4097000_image.tif","Tree",1,322000,322999.999,4097000,4097999.999
"10417",10762,322056.226,322056.944,4097952.21,4097952.386,"Silva","NEON_D17_TEAK_DP1_322000_4097000_classified_point_cloud_colorized.laz","2018_TEAK_3_322000_4097000_image.tif","Tree",1,322000,322999.999,4097000,4097999.999
"10418",10763,322515.524,322523.759,4097957.621,4097964.464,"Silva","NEON_D17_TEAK_DP1_322000_4097000_classified_point_cloud_colorized.laz","2018_TEAK_3_322000_4097000_image.tif","Tree",1,322000,322999.999,4097000,4097999.999
"10419",10764,322437.618,322439.902,4097958.465,4097960.692,"Silva","NEON_D17_TEAK_DP1_322000_4097000_classified_point_cloud_colorized.laz","2018_TEAK_3_322000_4097000_image.tif","Tree",1,322000,322999.999,4097000,4097999.999
"10420",10765,322365.633,322366.518,4097957.843,4097958.849,"Silva","NEON_D17_TEAK_DP1_322000_4097000_classified_point_cloud_colorized.laz","2018_TEAK_3_322000_4097000_image.tif","Tree",1,322000,322999.999,4097000,4097999.999
"10421",10766,322159.507,322163.489,4097953.543,4097957.432,"Silva","NEON_D17_TEAK_DP1_322000_4097000_classified_point_cloud_colorized.laz","2018_TEAK_3_322000_4097000_image.tif","Tree",1,322000,322999.999,4097000,4097999.999
"10422",10767,322631.039,322636.489,4097961.264,4097966.69,"Silva","NEON_D17_TEAK_DP1_322000_4097000_classified_point_cloud_colorized.laz","2018_TEAK_3_322000_4097000_image.tif","Tree",1,322000,322999.999,4097000,4097999.999
"10423",10768,322455.221,322460.801,4097959.104,4097963.65,"Silva","NEON_D17_TEAK_DP1_322000_4097000_classified_point_cloud_colorized.laz","2018_TEAK_3_322000_4097000_image.tif","Tree",1,322000,322999.999,4097000,4097999.999
"10424",10769,322385.122,322386.323,4097959.685,4097961.405,"Silva","NEON_D17_TEAK_DP1_322000_4097000_classified_point_cloud_colorized.laz","2018_TEAK_3_322000_4097000_image.tif","Tree",1,322000,322999.999,4097000,4097999.999
"10425",10770,322119.547,322123.985,4097954.029,4097958.98,"Silva","NEON_D17_TEAK_DP1_322000_4097000_classified_point_cloud_colorized.laz","2018_TEAK_3_322000_4097000_image.tif","Tree",1,322000,322999.999,4097000,4097999.999
"10426",10771,322113.857,322115.633,4097955.72,4097956.797,"Silva","NEON_D17_TEAK_DP1_322000_4097000_classified_point_cloud_colorized.laz","2018_TEAK_3_322000_4097000_image.tif","Tree",1,322000,322999.999,4097000,4097999.999
"10427",10772,322093.705,322095.469,4097955.231,4097956.88,"Silva","NEON_D17_TEAK_DP1_322000_4097000_classified_point_cloud_colorized.laz","2018_TEAK_3_322000_4097000_image.tif","Tree",1,322000,322999.999,4097000,4097999.999
"10428",10773,322348.622,322348.622,4097960.779,4097960.779,"Silva","NEON_D17_TEAK_DP1_322000_4097000_classified_point_cloud_colorized.laz","2018_TEAK_3_322000_4097000_image.tif","Tree",1,322000,322999.999,4097000,4097999.999
"10429",10774,322543.55,322551.973,4097959.618,4097967.906,"Silva","NEON_D17_TEAK_DP1_322000_4097000_classified_point_cloud_colorized.laz","2018_TEAK_3_322000_4097000_image.tif","Tree",1,322000,322999.999,4097000,4097999.999
"10430",10775,322620.593,322628.776,4097960.628,4097967.377,"Silva","NEON_D17_TEAK_DP1_322000_4097000_classified_point_cloud_colorized.laz","2018_TEAK_3_322000_4097000_image.tif","Tree",1,322000,322999.999,4097000,4097999.999
"10431",10776,322569.619,322578.356,4097960.632,4097968.787,"Silva","NEON_D17_TEAK_DP1_322000_4097000_classified_point_cloud_colorized.laz","2018_TEAK_3_322000_4097000_image.tif","Tree",1,322000,322999.999,4097000,4097999.999
"10432",10777,322085.004,322088.821,4097959.576,4097960.972,"Silva","NEON_D17_TEAK_DP1_322000_4097000_classified_point_cloud_colorized.laz","2018_TEAK_3_322000_4097000_image.tif","Tree",1,322000,322999.999,4097000,4097999.999
"10433",10778,322603.574,322610.47,4097963.105,4097970.697,"Silva","NEON_D17_TEAK_DP1_322000_4097000_classified_point_cloud_colorized.laz","2018_TEAK_3_322000_4097000_image.tif","Tree",1,322000,322999.999,4097000,4097999.999
"10434",10779,322493.622,322502.416,4097961.016,4097970.967,"Silva","NEON_D17_TEAK_DP1_322000_4097000_classified_point_cloud_colorized.laz","2018_TEAK_3_322000_4097000_image.tif","Tree",1,322000,322999.999,4097000,4097999.999
"10435",10780,322331.594,322337.478,4097959.511,4097967.965,"Silva","NEON_D17_TEAK_DP1_322000_4097000_classified_point_cloud_colorized.laz","2018_TEAK_3_322000_4097000_image.tif","Tree",1,322000,322999.999,4097000,4097999.999
"10436",10781,322300.126,322304.381,4097962.035,4097967.913,"Silva","NEON_D17_TEAK_DP1_322000_4097000_classified_point_cloud_colorized.laz","2018_TEAK_3_322000_4097000_image.tif","Tree",1,322000,322999.999,4097000,4097999.999
"10437",10782,322512.118,322514.449,4097967.71,4097969.973,"Silva","NEON_D17_TEAK_DP1_322000_4097000_classified_point_cloud_colorized.laz","2018_TEAK_3_322000_4097000_image.tif","Tree",1,322000,322999.999,4097000,4097999.999
"10438",10783,322628.02,322633.205,4097968.544,4097972.907,"Silva","NEON_D17_TEAK_DP1_322000_4097000_classified_point_cloud_colorized.laz","2018_TEAK_3_322000_4097000_image.tif","Tree",1,322000,322999.999,4097000,4097999.999
"10439",10784,322596.197,322603.31,4097967.522,4097972.987,"Silva","NEON_D17_TEAK_DP1_322000_4097000_classified_point_cloud_colorized.laz","2018_TEAK_3_322000_4097000_image.tif","Tree",1,322000,322999.999,4097000,4097999.999
"10440",10785,322305.307,322307.897,4097965.202,4097966.646,"Silva","NEON_D17_TEAK_DP1_322000_4097000_classified_point_cloud_colorized.laz","2018_TEAK_3_322000_4097000_image.tif","Tree",1,322000,322999.999,4097000,4097999.999
"10441",10786,322043.055,322045.438,4097958.003,4097964.677,"Silva","NEON_D17_TEAK_DP1_322000_4097000_classified_point_cloud_colorized.laz","2018_TEAK_3_322000_4097000_image.tif","Tree",1,322000,322999.999,4097000,4097999.999
"10442",10787,322079.108,322082.967,4097959.238,4097963.064,"Silva","NEON_D17_TEAK_DP1_322000_4097000_classified_point_cloud_colorized.laz","2018_TEAK_3_322000_4097000_image.tif","Tree",1,322000,322999.999,4097000,4097999.999
"10443",10788,322523.035,322524.487,4097970.016,4097971.401,"Silva","NEON_D17_TEAK_DP1_322000_4097000_classified_point_cloud_colorized.laz","2018_TEAK_3_322000_4097000_image.tif","Tree",1,322000,322999.999,4097000,4097999.999
"10444",10789,322612.002,322617.952,4097968.077,4097975.433,"Silva","NEON_D17_TEAK_DP1_322000_4097000_classified_point_cloud_colorized.laz","2018_TEAK_3_322000_4097000_image.tif","Tree",1,322000,322999.999,4097000,4097999.999
"10445",10790,322214.096,322223.915,4097964.15,4097970.429,"Silva","NEON_D17_TEAK_DP1_322000_4097000_classified_point_cloud_colorized.laz","2018_TEAK_3_322000_4097000_image.tif","Tree",1,322000,322999.999,4097000,4097999.999
"10446",10791,322033.02,322043.909,4097956.53,4097970.303,"Silva","NEON_D17_TEAK_DP1_322000_4097000_classified_point_cloud_colorized.laz","2018_TEAK_3_322000_4097000_image.tif","Tree",1,322000,322999.999,4097000,4097999.999
"10447",10792,322348.382,322354.424,4097965.362,4097972.835,"Silva","NEON_D17_TEAK_DP1_322000_4097000_classified_point_cloud_colorized.laz","2018_TEAK_3_322000_4097000_image.tif","Tree",1,322000,322999.999,4097000,4097999.999
"10448",10793,322626.508,322630.833,4097972.538,4097976.848,"Silva","NEON_D17_TEAK_DP1_322000_4097000_classified_point_cloud_colorized.laz","2018_TEAK_3_322000_4097000_image.tif","Tree",1,322000,322999.999,4097000,4097999.999
"10449",10794,322508.174,322513.206,4097971.791,4097975.863,"Silva","NEON_D17_TEAK_DP1_322000_4097000_classified_point_cloud_colorized.laz","2018_TEAK_3_322000_4097000_image.tif","Tree",1,322000,322999.999,4097000,4097999.999
"10450",10795,322517.522,322519.448,4097973.592,4097974.519,"Silva","NEON_D17_TEAK_DP1_322000_4097000_classified_point_cloud_colorized.laz","2018_TEAK_3_322000_4097000_image.tif","Tree",1,322000,322999.999,4097000,4097999.999
"10451",10796,322592.627,322597.973,4097972.053,4097979.48,"Silva","NEON_D17_TEAK_DP1_322000_4097000_classified_point_cloud_colorized.laz","2018_TEAK_3_322000_4097000_image.tif","Tree",1,322000,322999.999,4097000,4097999.999
"10452",10797,322496.108,322503.978,4097969.053,4097979,"Silva","NEON_D17_TEAK_DP1_322000_4097000_classified_point_cloud_colorized.laz","2018_TEAK_3_322000_4097000_image.tif","Tree",1,322000,322999.999,4097000,4097999.999
"10453",10798,322396.019,322400.455,4097969.548,4097973.972,"Silva","NEON_D17_TEAK_DP1_322000_4097000_classified_point_cloud_colorized.laz","2018_TEAK_3_322000_4097000_image.tif","Tree",1,322000,322999.999,4097000,4097999.999
"10454",10799,322054.1,322056.902,4097965.065,4097967.192,"Silva","NEON_D17_TEAK_DP1_322000_4097000_classified_point_cloud_colorized.laz","2018_TEAK_3_322000_4097000_image.tif","Tree",1,322000,322999.999,4097000,4097999.999
"10455",10800,322457.088,322460.839,4097972.677,4097976.952,"Silva","NEON_D17_TEAK_DP1_322000_4097000_classified_point_cloud_colorized.laz","2018_TEAK_3_322000_4097000_image.tif","Tree",1,322000,322999.999,4097000,4097999.999
"10456",10801,322297.673,322302.487,4097968.202,4097977,"Silva","NEON_D17_TEAK_DP1_322000_4097000_classified_point_cloud_colorized.laz","2018_TEAK_3_322000_4097000_image.tif","Tree",1,322000,322999.999,4097000,4097999.999
"10457",10802,322110.686,322115.465,4097965.512,4097971.454,"Silva","NEON_D17_TEAK_DP1_322000_4097000_classified_point_cloud_colorized.laz","2018_TEAK_3_322000_4097000_image.tif","Tree",1,322000,322999.999,4097000,4097999.999
"10458",10803,322579.27,322586.499,4097974.988,4097980.375,"Silva","NEON_D17_TEAK_DP1_322000_4097000_classified_point_cloud_colorized.laz","2018_TEAK_3_322000_4097000_image.tif","Tree",1,322000,322999.999,4097000,4097999.999
"10459",10804,322487.955,322496.43,4097970.521,4097981.357,"Silva","NEON_D17_TEAK_DP1_322000_4097000_classified_point_cloud_colorized.laz","2018_TEAK_3_322000_4097000_image.tif","Tree",1,322000,322999.999,4097000,4097999.999
"10460",10806,322215.028,322226.977,4097967.693,4097977.919,"Silva","NEON_D17_TEAK_DP1_322000_4097000_classified_point_cloud_colorized.laz","2018_TEAK_3_322000_4097000_image.tif","Tree",1,322000,322999.999,4097000,4097999.999
"10461",10807,322526.025,322526.927,4097978.702,4097979.289,"Silva","NEON_D17_TEAK_DP1_322000_4097000_classified_point_cloud_colorized.laz","2018_TEAK_3_322000_4097000_image.tif","Tree",1,322000,322999.999,4097000,4097999.999
"10462",10808,322617.591,322621.479,4097977.707,4097983.565,"Silva","NEON_D17_TEAK_DP1_322000_4097000_classified_point_cloud_colorized.laz","2018_TEAK_3_322000_4097000_image.tif","Tree",1,322000,322999.999,4097000,4097999.999
"10463",10809,322621.507,322624.459,4097978.027,4097984.488,"Silva","NEON_D17_TEAK_DP1_322000_4097000_classified_point_cloud_colorized.laz","2018_TEAK_3_322000_4097000_image.tif","Tree",1,322000,322999.999,4097000,4097999.999
"10464",10810,322119.634,322128.374,4097966.501,4097974.954,"Silva","NEON_D17_TEAK_DP1_322000_4097000_classified_point_cloud_colorized.laz","2018_TEAK_3_322000_4097000_image.tif","Tree",1,322000,322999.999,4097000,4097999.999
"10465",10811,322624.239,322626.961,4097981.142,4097984.495,"Silva","NEON_D17_TEAK_DP1_322000_4097000_classified_point_cloud_colorized.laz","2018_TEAK_3_322000_4097000_image.tif","Tree",1,322000,322999.999,4097000,4097999.999
"10466",10812,322054.071,322058.365,4097969.109,4097973.1,"Silva","NEON_D17_TEAK_DP1_322000_4097000_classified_point_cloud_colorized.laz","2018_TEAK_3_322000_4097000_image.tif","Tree",1,322000,322999.999,4097000,4097999.999
"10467",10813,322068.565,322072.151,4097975.137,4097976.952,"Silva","NEON_D17_TEAK_DP1_322000_4097000_classified_point_cloud_colorized.laz","2018_TEAK_3_322000_4097000_image.tif","Tree",1,322000,322999.999,4097000,4097999.999
"10468",10814,322467.734,322472.805,4097978.405,4097982.763,"Silva","NEON_D17_TEAK_DP1_322000_4097000_classified_point_cloud_colorized.laz","2018_TEAK_3_322000_4097000_image.tif","Tree",1,322000,322999.999,4097000,4097999.999
"10469",10815,322064.723,322066.434,4097971.426,4097977.763,"Silva","NEON_D17_TEAK_DP1_322000_4097000_classified_point_cloud_colorized.laz","2018_TEAK_3_322000_4097000_image.tif","Tree",1,322000,322999.999,4097000,4097999.999
"10470",10816,322285.045,322287.711,4097976.631,4097979.488,"Silva","NEON_D17_TEAK_DP1_322000_4097000_classified_point_cloud_colorized.laz","2018_TEAK_3_322000_4097000_image.tif","Tree",1,322000,322999.999,4097000,4097999.999
"10471",10817,322525.531,322526.811,4097983.533,4097984.441,"Silva","NEON_D17_TEAK_DP1_322000_4097000_classified_point_cloud_colorized.laz","2018_TEAK_3_322000_4097000_image.tif","Tree",1,322000,322999.999,4097000,4097999.999
"10472",10818,322518.04,322523.975,4097981.227,4097986.997,"Silva","NEON_D17_TEAK_DP1_322000_4097000_classified_point_cloud_colorized.laz","2018_TEAK_3_322000_4097000_image.tif","Tree",1,322000,322999.999,4097000,4097999.999
"10473",10819,322076.587,322084.354,4097970.521,4097978.796,"Silva","NEON_D17_TEAK_DP1_322000_4097000_classified_point_cloud_colorized.laz","2018_TEAK_3_322000_4097000_image.tif","Tree",1,322000,322999.999,4097000,4097999.999
"10474",10820,322159.561,322163.946,4097974.844,4097978.889,"Silva","NEON_D17_TEAK_DP1_322000_4097000_classified_point_cloud_colorized.laz","2018_TEAK_3_322000_4097000_image.tif","Tree",1,322000,322999.999,4097000,4097999.999
"10475",10821,322098.025,322105.439,4097972.042,4097980.297,"Silva","NEON_D17_TEAK_DP1_322000_4097000_classified_point_cloud_colorized.laz","2018_TEAK_3_322000_4097000_image.tif","Tree",1,322000,322999.999,4097000,4097999.999
"10476",10822,322293.045,322304.448,4097975.39,4097986.482,"Silva","NEON_D17_TEAK_DP1_322000_4097000_classified_point_cloud_colorized.laz","2018_TEAK_3_322000_4097000_image.tif","Tree",1,322000,322999.999,4097000,4097999.999
"10477",10823,322619.12,322623.77,4097986.155,4097991.967,"Silva","NEON_D17_TEAK_DP1_322000_4097000_classified_point_cloud_colorized.laz","2018_TEAK_3_322000_4097000_image.tif","Tree",1,322000,322999.999,4097000,4097999.999
"10478",10824,322602.049,322612.826,4097984.337,4097994.46,"Silva","NEON_D17_TEAK_DP1_322000_4097000_classified_point_cloud_colorized.laz","2018_TEAK_3_322000_4097000_image.tif","Tree",1,322000,322999.999,4097000,4097999.999
"10479",10825,322088.479,322089.741,4097976.854,4097978.026,"Silva","NEON_D17_TEAK_DP1_322000_4097000_classified_point_cloud_colorized.laz","2018_TEAK_3_322000_4097000_image.tif","Tree",1,322000,322999.999,4097000,4097999.999
"10480",10826,322622.001,322628.253,4097989.014,4097995.451,"Silva","NEON_D17_TEAK_DP1_322000_4097000_classified_point_cloud_colorized.laz","2018_TEAK_3_322000_4097000_image.tif","Tree",1,322000,322999.999,4097000,4097999.999
"10481",10827,322563.059,322575.467,4097984.581,4097997.424,"Silva","NEON_D17_TEAK_DP1_322000_4097000_classified_point_cloud_colorized.laz","2018_TEAK_3_322000_4097000_image.tif","Tree",1,322000,322999.999,4097000,4097999.999
"10482",10828,322468.049,322473.42,4097987.873,4097992.498,"Silva","NEON_D17_TEAK_DP1_322000_4097000_classified_point_cloud_colorized.laz","2018_TEAK_3_322000_4097000_image.tif","Tree",1,322000,322999.999,4097000,4097999.999
"10483",10829,322503.022,322508.487,4097987.602,4097994.228,"Silva","NEON_D17_TEAK_DP1_322000_4097000_classified_point_cloud_colorized.laz","2018_TEAK_3_322000_4097000_image.tif","Tree",1,322000,322999.999,4097000,4097999.999
"10484",10830,322096.868,322098.347,4097981.015,4097982.262,"Silva","NEON_D17_TEAK_DP1_322000_4097000_classified_point_cloud_colorized.laz","2018_TEAK_3_322000_4097000_image.tif","Tree",1,322000,322999.999,4097000,4097999.999
"10485",10831,322480.539,322484.965,4097989.238,4097993.863,"Silva","NEON_D17_TEAK_DP1_322000_4097000_classified_point_cloud_colorized.laz","2018_TEAK_3_322000_4097000_image.tif","Tree",1,322000,322999.999,4097000,4097999.999
"10486",10832,322586.052,322593.315,4097990.242,4097997.943,"Silva","NEON_D17_TEAK_DP1_322000_4097000_classified_point_cloud_colorized.laz","2018_TEAK_3_322000_4097000_image.tif","Tree",1,322000,322999.999,4097000,4097999.999
"10487",10833,322615.614,322621.882,4097992.001,4097998.327,"Silva","NEON_D17_TEAK_DP1_322000_4097000_classified_point_cloud_colorized.laz","2018_TEAK_3_322000_4097000_image.tif","Tree",1,322000,322999.999,4097000,4097999.999
"10488",10834,322106.529,322108.657,4097982.009,4097984.432,"Silva","NEON_D17_TEAK_DP1_322000_4097000_classified_point_cloud_colorized.laz","2018_TEAK_3_322000_4097000_image.tif","Tree",1,322000,322999.999,4097000,4097999.999
"10489",10835,322320.585,322329.497,4097985.297,4097993.324,"Silva","NEON_D17_TEAK_DP1_322000_4097000_classified_point_cloud_colorized.laz","2018_TEAK_3_322000_4097000_image.tif","Tree",1,322000,322999.999,4097000,4097999.999
"10490",10836,322433.141,322435.193,4097990.679,4097992.215,"Silva","NEON_D17_TEAK_DP1_322000_4097000_classified_point_cloud_colorized.laz","2018_TEAK_3_322000_4097000_image.tif","Tree",1,322000,322999.999,4097000,4097999.999
"10491",10837,322368.006,322373.913,4097988.506,4097994.5,"Silva","NEON_D17_TEAK_DP1_322000_4097000_classified_point_cloud_colorized.laz","2018_TEAK_3_322000_4097000_image.tif","Tree",1,322000,322999.999,4097000,4097999.999
"10492",10838,322519.595,322522.492,4097992.593,4097995.822,"Silva","NEON_D17_TEAK_DP1_322000_4097000_classified_point_cloud_colorized.laz","2018_TEAK_3_322000_4097000_image.tif","Tree",1,322000,322999.999,4097000,4097999.999
"10493",10839,322054.095,322063.861,4097979.198,4097990.272,"Silva","NEON_D17_TEAK_DP1_322000_4097000_classified_point_cloud_colorized.laz","2018_TEAK_3_322000_4097000_image.tif","Tree",1,322000,322999.999,4097000,4097999.999
"10494",10840,322615.21,322618.467,4097997.627,4097999.897,"Silva","NEON_D17_TEAK_DP1_322000_4097000_classified_point_cloud_colorized.laz","2018_TEAK_3_322000_4097000_image.tif","Tree",1,322000,322999.999,4097000,4097999.999
"10495",10841,322611.612,322611.747,4097999.629,4097999.738,"Silva","NEON_D17_TEAK_DP1_322000_4097000_classified_point_cloud_colorized.laz","2018_TEAK_3_322000_4097000_image.tif","Tree",1,322000,322999.999,4097000,4097999.999
"10496",10842,322596.546,322601.912,4097997.54,4097999.972,"Silva","NEON_D17_TEAK_DP1_322000_4097000_classified_point_cloud_colorized.laz","2018_TEAK_3_322000_4097000_image.tif","Tree",1,322000,322999.999,4097000,4097999.999
"10497",10844,322019.56,322027.936,4097981.062,4097989.306,"Silva","NEON_D17_TEAK_DP1_322000_4097000_classified_point_cloud_colorized.laz","2018_TEAK_3_322000_4097000_image.tif","Tree",1,322000,322999.999,4097000,4097999.999
"10498",10845,322112.652,322118.455,4097987.19,4097992.753,"Silva","NEON_D17_TEAK_DP1_322000_4097000_classified_point_cloud_colorized.laz","2018_TEAK_3_322000_4097000_image.tif","Tree",1,322000,322999.999,4097000,4097999.999
"10499",10846,322085.429,322092.977,4097985.117,4097992.338,"Silva","NEON_D17_TEAK_DP1_322000_4097000_classified_point_cloud_colorized.laz","2018_TEAK_3_322000_4097000_image.tif","Tree",1,322000,322999.999,4097000,4097999.999
"10500",10847,322093.214,322098.427,4097987.549,4097991.458,"Silva","NEON_D17_TEAK_DP1_322000_4097000_classified_point_cloud_colorized.laz","2018_TEAK_3_322000_4097000_image.tif","Tree",1,322000,322999.999,4097000,4097999.999
"10501",10848,322388.013,322390.343,4097997.535,4097999.982,"Silva","NEON_D17_TEAK_DP1_322000_4097000_classified_point_cloud_colorized.laz","2018_TEAK_3_322000_4097000_image.tif","Tree",1,322000,322999.999,4097000,4097999.999
"10502",10849,322026.524,322039.957,4097983.56,4097994.869,"Silva","NEON_D17_TEAK_DP1_322000_4097000_classified_point_cloud_colorized.laz","2018_TEAK_3_322000_4097000_image.tif","Tree",1,322000,322999.999,4097000,4097999.999
"10503",10850,322380.008,322383.487,4097999.122,4097999.996,"Silva","NEON_D17_TEAK_DP1_322000_4097000_classified_point_cloud_colorized.laz","2018_TEAK_3_322000_4097000_image.tif","Tree",1,322000,322999.999,4097000,4097999.999
"10504",10851,322223.02,322226.7,4097993.593,4097997.464,"Silva","NEON_D17_TEAK_DP1_322000_4097000_classified_point_cloud_colorized.laz","2018_TEAK_3_322000_4097000_image.tif","Tree",1,322000,322999.999,4097000,4097999.999
"10505",10852,322098.002,322102.89,4097989.525,4097994.864,"Silva","NEON_D17_TEAK_DP1_322000_4097000_classified_point_cloud_colorized.laz","2018_TEAK_3_322000_4097000_image.tif","Tree",1,322000,322999.999,4097000,4097999.999
"10506",10853,322336.55,322338.792,4097999.045,4097999.987,"Silva","NEON_D17_TEAK_DP1_322000_4097000_classified_point_cloud_colorized.laz","2018_TEAK_3_322000_4097000_image.tif","Tree",1,322000,322999.999,4097000,4097999.999
"10507",10855,322174.046,322177.413,4097996.101,4097999.288,"Silva","NEON_D17_TEAK_DP1_322000_4097000_classified_point_cloud_colorized.laz","2018_TEAK_3_322000_4097000_image.tif","Tree",1,322000,322999.999,4097000,4097999.999
"10508",10856,322045.129,322058.334,4097988.001,4097999.999,"Silva","NEON_D17_TEAK_DP1_322000_4097000_classified_point_cloud_colorized.laz","2018_TEAK_3_322000_4097000_image.tif","Tree",1,322000,322999.999,4097000,4097999.999
"10509",10857,322083.028,322088.415,4097993.025,4097997.99,"Silva","NEON_D17_TEAK_DP1_322000_4097000_classified_point_cloud_colorized.laz","2018_TEAK_3_322000_4097000_image.tif","Tree",1,322000,322999.999,4097000,4097999.999
"10510",10858,322056.107,322069.172,4097990.013,4097999.995,"Silva","NEON_D17_TEAK_DP1_322000_4097000_classified_point_cloud_colorized.laz","2018_TEAK_3_322000_4097000_image.tif","Tree",1,322000,322999.999,4097000,4097999.999
"10511",10859,322120.575,322126.406,4097995.678,4097999.985,"Silva","NEON_D17_TEAK_DP1_322000_4097000_classified_point_cloud_colorized.laz","2018_TEAK_3_322000_4097000_image.tif","Tree",1,322000,322999.999,4097000,4097999.999
"10512",10860,322137.726,322139.906,4097998.514,4097999.996,"Silva","NEON_D17_TEAK_DP1_322000_4097000_classified_point_cloud_colorized.laz","2018_TEAK_3_322000_4097000_image.tif","Tree",1,322000,322999.999,4097000,4097999.999
"10513",10861,322140.027,322143.473,4097998.281,4097999.812,"Silva","NEON_D17_TEAK_DP1_322000_4097000_classified_point_cloud_colorized.laz","2018_TEAK_3_322000_4097000_image.tif","Tree",1,322000,322999.999,4097000,4097999.999
"10514",10862,322143.604,322146.379,4097999.019,4097999.88,"Silva","NEON_D17_TEAK_DP1_322000_4097000_classified_point_cloud_colorized.laz","2018_TEAK_3_322000_4097000_image.tif","Tree",1,322000,322999.999,4097000,4097999.999
"10515",10863,322081.061,322086.344,4097996.508,4097999.986,"Silva","NEON_D17_TEAK_DP1_322000_4097000_classified_point_cloud_colorized.laz","2018_TEAK_3_322000_4097000_image.tif","Tree",1,322000,322999.999,4097000,4097999.999
"10516",10864,322037.206,322050.176,4097989.532,4097999.99,"Silva","NEON_D17_TEAK_DP1_322000_4097000_classified_point_cloud_colorized.laz","2018_TEAK_3_322000_4097000_image.tif","Tree",1,322000,322999.999,4097000,4097999.999
"10517",10865,322075.543,322080.935,4097997.502,4097999.946,"Silva","NEON_D17_TEAK_DP1_322000_4097000_classified_point_cloud_colorized.laz","2018_TEAK_3_322000_4097000_image.tif","Tree",1,322000,322999.999,4097000,4097999.999
"10518",10866,322283.522,322285.977,4097997.737,4097999.996,"Silva","NEON_D17_TEAK_DP1_322000_4097000_classified_point_cloud_colorized.laz","2018_TEAK_3_322000_4097000_image.tif","Tree",1,322000,322999.999,4097000,4097999.999
"10519",10867,322255.094,322263.969,4097993.044,4097999.985,"Silva","NEON_D17_TEAK_DP1_322000_4097000_classified_point_cloud_colorized.laz","2018_TEAK_3_322000_4097000_image.tif","Tree",1,322000,322999.999,4097000,4097999.999
"10520",10868,322224.592,322229.871,4097996.927,4097999.982,"Silva","NEON_D17_TEAK_DP1_322000_4097000_classified_point_cloud_colorized.laz","2018_TEAK_3_322000_4097000_image.tif","Tree",1,322000,322999.999,4097000,4097999.999
"10521",10869,322214.559,322217.336,4097997.051,4097999.75,"Silva","NEON_D17_TEAK_DP1_322000_4097000_classified_point_cloud_colorized.laz","2018_TEAK_3_322000_4097000_image.tif","Tree",1,322000,322999.999,4097000,4097999.999
"10522",10870,322231.514,322237.932,4097993.111,4097999.988,"Silva","NEON_D17_TEAK_DP1_322000_4097000_classified_point_cloud_colorized.laz","2018_TEAK_3_322000_4097000_image.tif","Tree",1,322000,322999.999,4097000,4097999.999
"10523",10871,322200.054,322201.671,4097998.045,4097999.791,"Silva","NEON_D17_TEAK_DP1_322000_4097000_classified_point_cloud_colorized.laz","2018_TEAK_3_322000_4097000_image.tif","Tree",1,322000,322999.999,4097000,4097999.999
"10524",10872,322175.024,322185.482,4097996.128,4097999.981,"Silva","NEON_D17_TEAK_DP1_322000_4097000_classified_point_cloud_colorized.laz","2018_TEAK_3_322000_4097000_image.tif","Tree",1,322000,322999.999,4097000,4097999.999
"10525",10873,322259.565,322265.452,4097992.537,4097997.947,"Silva","NEON_D17_TEAK_DP1_322000_4097000_classified_point_cloud_colorized.laz","2018_TEAK_3_322000_4097000_image.tif","Tree",1,322000,322999.999,4097000,4097999.999
"10526",10874,322229.083,322234.908,4097992.121,4097996.484,"Silva","NEON_D17_TEAK_DP1_322000_4097000_classified_point_cloud_colorized.laz","2018_TEAK_3_322000_4097000_image.tif","Tree",1,322000,322999.999,4097000,4097999.999
"10527",10875,322184.567,322194.98,4097988.521,4097999.984,"Silva","NEON_D17_TEAK_DP1_322000_4097000_classified_point_cloud_colorized.laz","2018_TEAK_3_322000_4097000_image.tif","Tree",1,322000,322999.999,4097000,4097999.999
"10528",10876,322163.704,322169.969,4097993.062,4097999.946,"Silva","NEON_D17_TEAK_DP1_322000_4097000_classified_point_cloud_colorized.laz","2018_TEAK_3_322000_4097000_image.tif","Tree",1,322000,322999.999,4097000,4097999.999
"10529",10877,322097.683,322101.832,4097997.569,4097999.492,"Silva","NEON_D17_TEAK_DP1_322000_4097000_classified_point_cloud_colorized.laz","2018_TEAK_3_322000_4097000_image.tif","Tree",1,322000,322999.999,4097000,4097999.999
"10530",10878,322264.119,322268.996,4097989.07,4097993.442,"Silva","NEON_D17_TEAK_DP1_322000_4097000_classified_point_cloud_colorized.laz","2018_TEAK_3_322000_4097000_image.tif","Tree",1,322000,322999.999,4097000,4097999.999
"10531",10879,322068.043,322072.98,4097994.056,4097999.544,"Silva","NEON_D17_TEAK_DP1_322000_4097000_classified_point_cloud_colorized.laz","2018_TEAK_3_322000_4097000_image.tif","Tree",1,322000,322999.999,4097000,4097999.999
"10532",10880,322197.654,322203.064,4097988.506,4097994.954,"Silva","NEON_D17_TEAK_DP1_322000_4097000_classified_point_cloud_colorized.laz","2018_TEAK_3_322000_4097000_image.tif","Tree",1,322000,322999.999,4097000,4097999.999
"10533",10881,322111.085,322116.999,4097993.2,4097999.456,"Silva","NEON_D17_TEAK_DP1_322000_4097000_classified_point_cloud_colorized.laz","2018_TEAK_3_322000_4097000_image.tif","Tree",1,322000,322999.999,4097000,4097999.999
"10534",10882,322010.381,322010.411,4097999.127,4097999.152,"Silva","NEON_D17_TEAK_DP1_322000_4097000_classified_point_cloud_colorized.laz","2018_TEAK_3_322000_4097000_image.tif","Tree",1,322000,322999.999,4097000,4097999.999
"10535",10883,322263.119,322263.468,4097988.049,4097988.899,"Silva","NEON_D17_TEAK_DP1_322000_4097000_classified_point_cloud_colorized.laz","2018_TEAK_3_322000_4097000_image.tif","Tree",1,322000,322999.999,4097000,4097999.999
"10536",10884,322156.252,322159.647,4097990.662,4097993.985,"Silva","NEON_D17_TEAK_DP1_322000_4097000_classified_point_cloud_colorized.laz","2018_TEAK_3_322000_4097000_image.tif","Tree",1,322000,322999.999,4097000,4097999.999
"10537",10885,322027.55,322035.087,4097993.788,4097996.482,"Silva","NEON_D17_TEAK_DP1_322000_4097000_classified_point_cloud_colorized.laz","2018_TEAK_3_322000_4097000_image.tif","Tree",1,322000,322999.999,4097000,4097999.999
"10538",10886,322232.132,322235.461,4097990.739,4097991.984,"Silva","NEON_D17_TEAK_DP1_322000_4097000_classified_point_cloud_colorized.laz","2018_TEAK_3_322000_4097000_image.tif","Tree",1,322000,322999.999,4097000,4097999.999
"10539",10887,322106.566,322111.488,4097990.755,4097995.467,"Silva","NEON_D17_TEAK_DP1_322000_4097000_classified_point_cloud_colorized.laz","2018_TEAK_3_322000_4097000_image.tif","Tree",1,322000,322999.999,4097000,4097999.999
"10540",10888,322118.662,322123.46,4097990.054,4097993.888,"Silva","NEON_D17_TEAK_DP1_322000_4097000_classified_point_cloud_colorized.laz","2018_TEAK_3_322000_4097000_image.tif","Tree",1,322000,322999.999,4097000,4097999.999
"10541",10889,322241.502,322248.426,4097982.131,4097990.419,"Silva","NEON_D17_TEAK_DP1_322000_4097000_classified_point_cloud_colorized.laz","2018_TEAK_3_322000_4097000_image.tif","Tree",1,322000,322999.999,4097000,4097999.999
"10542",10890,322177.152,322185.764,4097982.057,4097991.885,"Silva","NEON_D17_TEAK_DP1_322000_4097000_classified_point_cloud_colorized.laz","2018_TEAK_3_322000_4097000_image.tif","Tree",1,322000,322999.999,4097000,4097999.999
"10543",10891,322092.24,322097.916,4097990.577,4097995.39,"Silva","NEON_D17_TEAK_DP1_322000_4097000_classified_point_cloud_colorized.laz","2018_TEAK_3_322000_4097000_image.tif","Tree",1,322000,322999.999,4097000,4097999.999
"10544",10892,322236.008,322242.963,4097980.534,4097988.423,"Silva","NEON_D17_TEAK_DP1_322000_4097000_classified_point_cloud_colorized.laz","2018_TEAK_3_322000_4097000_image.tif","Tree",1,322000,322999.999,4097000,4097999.999
"10545",10893,322024.783,322028.496,4097989.049,4097994.328,"Silva","NEON_D17_TEAK_DP1_322000_4097000_classified_point_cloud_colorized.laz","2018_TEAK_3_322000_4097000_image.tif","Tree",1,322000,322999.999,4097000,4097999.999
"10546",10894,322261.512,322267.402,4097977.005,4097984.836,"Silva","NEON_D17_TEAK_DP1_322000_4097000_classified_point_cloud_colorized.laz","2018_TEAK_3_322000_4097000_image.tif","Tree",1,322000,322999.999,4097000,4097999.999
"10547",10895,322219.014,322226.295,4097977.126,4097982.975,"Silva","NEON_D17_TEAK_DP1_322000_4097000_classified_point_cloud_colorized.laz","2018_TEAK_3_322000_4097000_image.tif","Tree",1,322000,322999.999,4097000,4097999.999
"10548",10896,322240.114,322247.382,4097974.545,4097982.953,"Silva","NEON_D17_TEAK_DP1_322000_4097000_classified_point_cloud_colorized.laz","2018_TEAK_3_322000_4097000_image.tif","Tree",1,322000,322999.999,4097000,4097999.999
"10549",10897,322009.845,322015.974,4097984.684,4097993.96,"Silva","NEON_D17_TEAK_DP1_322000_4097000_classified_point_cloud_colorized.laz","2018_TEAK_3_322000_4097000_image.tif","Tree",1,322000,322999.999,4097000,4097999.999
"10550",10898,322269.5,322270.913,4097977.689,4097978.324,"Silva","NEON_D17_TEAK_DP1_322000_4097000_classified_point_cloud_colorized.laz","2018_TEAK_3_322000_4097000_image.tif","Tree",1,322000,322999.999,4097000,4097999.999
"10551",10899,322152.068,322158.426,4097980.151,4097985.795,"Silva","NEON_D17_TEAK_DP1_322000_4097000_classified_point_cloud_colorized.laz","2018_TEAK_3_322000_4097000_image.tif","Tree",1,322000,322999.999,4097000,4097999.999
"10552",10900,322191.568,322197.981,4097976.54,4097983.499,"Silva","NEON_D17_TEAK_DP1_322000_4097000_classified_point_cloud_colorized.laz","2018_TEAK_3_322000_4097000_image.tif","Tree",1,322000,322999.999,4097000,4097999.999
"10553",10901,322205.517,322209.998,4097975.816,4097980.906,"Silva","NEON_D17_TEAK_DP1_322000_4097000_classified_point_cloud_colorized.laz","2018_TEAK_3_322000_4097000_image.tif","Tree",1,322000,322999.999,4097000,4097999.999
"10554",10902,322117.817,322122.969,4097979.527,4097985.386,"Silva","NEON_D17_TEAK_DP1_322000_4097000_classified_point_cloud_colorized.laz","2018_TEAK_3_322000_4097000_image.tif","Tree",1,322000,322999.999,4097000,4097999.999
"10555",10903,322157.643,322164.494,4097977.52,4097983.458,"Silva","NEON_D17_TEAK_DP1_322000_4097000_classified_point_cloud_colorized.laz","2018_TEAK_3_322000_4097000_image.tif","Tree",1,322000,322999.999,4097000,4097999.999
"10556",10904,322063.95,322074.065,4097977.518,4097990.78,"Silva","NEON_D17_TEAK_DP1_322000_4097000_classified_point_cloud_colorized.laz","2018_TEAK_3_322000_4097000_image.tif","Tree",1,322000,322999.999,4097000,4097999.999
"10557",10905,322276.769,322281.433,4097971.531,4097975.835,"Silva","NEON_D17_TEAK_DP1_322000_4097000_classified_point_cloud_colorized.laz","2018_TEAK_3_322000_4097000_image.tif","Tree",1,322000,322999.999,4097000,4097999.999
"10558",10906,322070.73,322080.669,4097974.082,4097984.862,"Silva","NEON_D17_TEAK_DP1_322000_4097000_classified_point_cloud_colorized.laz","2018_TEAK_3_322000_4097000_image.tif","Tree",1,322000,322999.999,4097000,4097999.999
"10559",10908,322146.696,322152.272,4097971.589,4097976.703,"Silva","NEON_D17_TEAK_DP1_322000_4097000_classified_point_cloud_colorized.laz","2018_TEAK_3_322000_4097000_image.tif","Tree",1,322000,322999.999,4097000,4097999.999
"10560",10909,322111.516,322116.487,4097972.454,4097979.452,"Silva","NEON_D17_TEAK_DP1_322000_4097000_classified_point_cloud_colorized.laz","2018_TEAK_3_322000_4097000_image.tif","Tree",1,322000,322999.999,4097000,4097999.999
"10561",10910,322151.049,322155.492,4097971.052,4097976.375,"Silva","NEON_D17_TEAK_DP1_322000_4097000_classified_point_cloud_colorized.laz","2018_TEAK_3_322000_4097000_image.tif","Tree",1,322000,322999.999,4097000,4097999.999
"10562",10911,322014.006,322024.915,4097973.819,4097983.468,"Silva","NEON_D17_TEAK_DP1_322000_4097000_classified_point_cloud_colorized.laz","2018_TEAK_3_322000_4097000_image.tif","Tree",1,322000,322999.999,4097000,4097999.999
"10563",10912,322000.003,322002.482,4097978.235,4097982.482,"Silva","NEON_D17_TEAK_DP1_322000_4097000_classified_point_cloud_colorized.laz","2018_TEAK_3_322000_4097000_image.tif","Tree",1,322000,322999.999,4097000,4097999.999
"10564",10913,322008.25,322014.034,4097973.542,4097979.985,"Silva","NEON_D17_TEAK_DP1_322000_4097000_classified_point_cloud_colorized.laz","2018_TEAK_3_322000_4097000_image.tif","Tree",1,322000,322999.999,4097000,4097999.999
"10565",10914,322256.557,322258.978,4097965.232,4097967.932,"Silva","NEON_D17_TEAK_DP1_322000_4097000_classified_point_cloud_colorized.laz","2018_TEAK_3_322000_4097000_image.tif","Tree",1,322000,322999.999,4097000,4097999.999
"10566",10915,322151.764,322157.175,4097967.04,4097972.498,"Silva","NEON_D17_TEAK_DP1_322000_4097000_classified_point_cloud_colorized.laz","2018_TEAK_3_322000_4097000_image.tif","Tree",1,322000,322999.999,4097000,4097999.999
"10567",10916,322135.158,322140.005,4097965.149,4097974.956,"Silva","NEON_D17_TEAK_DP1_322000_4097000_classified_point_cloud_colorized.laz","2018_TEAK_3_322000_4097000_image.tif","Tree",1,322000,322999.999,4097000,4097999.999
"10568",10917,322056.565,322059.681,4097972.539,4097975.493,"Silva","NEON_D17_TEAK_DP1_322000_4097000_classified_point_cloud_colorized.laz","2018_TEAK_3_322000_4097000_image.tif","Tree",1,322000,322999.999,4097000,4097999.999
"10569",10918,322141.737,322146.027,4097966.11,4097971.45,"Silva","NEON_D17_TEAK_DP1_322000_4097000_classified_point_cloud_colorized.laz","2018_TEAK_3_322000_4097000_image.tif","Tree",1,322000,322999.999,4097000,4097999.999
"10570",10919,322115.506,322120.37,4097966.086,4097971.396,"Silva","NEON_D17_TEAK_DP1_322000_4097000_classified_point_cloud_colorized.laz","2018_TEAK_3_322000_4097000_image.tif","Tree",1,322000,322999.999,4097000,4097999.999
"10571",10920,322236.54,322240.875,4097958.754,4097963.998,"Silva","NEON_D17_TEAK_DP1_322000_4097000_classified_point_cloud_colorized.laz","2018_TEAK_3_322000_4097000_image.tif","Tree",1,322000,322999.999,4097000,4097999.999
"10572",10921,322162.583,322167.128,4097961.503,4097967.775,"Silva","NEON_D17_TEAK_DP1_322000_4097000_classified_point_cloud_colorized.laz","2018_TEAK_3_322000_4097000_image.tif","Tree",1,322000,322999.999,4097000,4097999.999
"10573",10922,322007.556,322011.426,4097968.811,4097973.83,"Silva","NEON_D17_TEAK_DP1_322000_4097000_classified_point_cloud_colorized.laz","2018_TEAK_3_322000_4097000_image.tif","Tree",1,322000,322999.999,4097000,4097999.999
"10574",10923,322011.705,322017.966,4097967.055,4097974.437,"Silva","NEON_D17_TEAK_DP1_322000_4097000_classified_point_cloud_colorized.laz","2018_TEAK_3_322000_4097000_image.tif","Tree",1,322000,322999.999,4097000,4097999.999
"10575",10924,322082.525,322089.966,4097963.538,4097970.775,"Silva","NEON_D17_TEAK_DP1_322000_4097000_classified_point_cloud_colorized.laz","2018_TEAK_3_322000_4097000_image.tif","Tree",1,322000,322999.999,4097000,4097999.999
"10576",10925,322068.545,322071.86,4097967.504,4097970.361,"Silva","NEON_D17_TEAK_DP1_322000_4097000_classified_point_cloud_colorized.laz","2018_TEAK_3_322000_4097000_image.tif","Tree",1,322000,322999.999,4097000,4097999.999
"10577",10926,322003.509,322007.783,4097968.249,4097973.459,"Silva","NEON_D17_TEAK_DP1_322000_4097000_classified_point_cloud_colorized.laz","2018_TEAK_3_322000_4097000_image.tif","Tree",1,322000,322999.999,4097000,4097999.999
"10578",10927,322189.516,322195.999,4097958.008,4097965.439,"Silva","NEON_D17_TEAK_DP1_322000_4097000_classified_point_cloud_colorized.laz","2018_TEAK_3_322000_4097000_image.tif","Tree",1,322000,322999.999,4097000,4097999.999
"10579",10928,322083.665,322092.439,4097960.504,4097966.997,"Silva","NEON_D17_TEAK_DP1_322000_4097000_classified_point_cloud_colorized.laz","2018_TEAK_3_322000_4097000_image.tif","Tree",1,322000,322999.999,4097000,4097999.999
"10580",10929,322098.576,322103.453,4097961.017,4097967.298,"Silva","NEON_D17_TEAK_DP1_322000_4097000_classified_point_cloud_colorized.laz","2018_TEAK_3_322000_4097000_image.tif","Tree",1,322000,322999.999,4097000,4097999.999
"10581",10930,322073.638,322076.27,4097964.574,4097966.245,"Silva","NEON_D17_TEAK_DP1_322000_4097000_classified_point_cloud_colorized.laz","2018_TEAK_3_322000_4097000_image.tif","Tree",1,322000,322999.999,4097000,4097999.999
"10582",10931,322092.544,322098.59,4097961.63,4097966.455,"Silva","NEON_D17_TEAK_DP1_322000_4097000_classified_point_cloud_colorized.laz","2018_TEAK_3_322000_4097000_image.tif","Tree",1,322000,322999.999,4097000,4097999.999
"10583",10932,322169.212,322175.75,4097956.55,4097963.481,"Silva","NEON_D17_TEAK_DP1_322000_4097000_classified_point_cloud_colorized.laz","2018_TEAK_3_322000_4097000_image.tif","Tree",1,322000,322999.999,4097000,4097999.999
"10584",10933,322188.106,322193.887,4097956.705,4097961.975,"Silva","NEON_D17_TEAK_DP1_322000_4097000_classified_point_cloud_colorized.laz","2018_TEAK_3_322000_4097000_image.tif","Tree",1,322000,322999.999,4097000,4097999.999
"10585",10934,322232.561,322241.387,4097949.532,4097960.423,"Silva","NEON_D17_TEAK_DP1_322000_4097000_classified_point_cloud_colorized.laz","2018_TEAK_3_322000_4097000_image.tif","Tree",1,322000,322999.999,4097000,4097999.999
"10586",10935,322212.616,322219.97,4097950.516,4097959.429,"Silva","NEON_D17_TEAK_DP1_322000_4097000_classified_point_cloud_colorized.laz","2018_TEAK_3_322000_4097000_image.tif","Tree",1,322000,322999.999,4097000,4097999.999
"10587",10936,322106.02,322111.323,4097957.054,4097962.817,"Silva","NEON_D17_TEAK_DP1_322000_4097000_classified_point_cloud_colorized.laz","2018_TEAK_3_322000_4097000_image.tif","Tree",1,322000,322999.999,4097000,4097999.999
"10588",10937,322056.002,322058.654,4097958.884,4097961.743,"Silva","NEON_D17_TEAK_DP1_322000_4097000_classified_point_cloud_colorized.laz","2018_TEAK_3_322000_4097000_image.tif","Tree",1,322000,322999.999,4097000,4097999.999
"10589",10938,322060.584,322064.474,4097955.524,4097959.152,"Silva","NEON_D17_TEAK_DP1_322000_4097000_classified_point_cloud_colorized.laz","2018_TEAK_3_322000_4097000_image.tif","Tree",1,322000,322999.999,4097000,4097999.999
"10590",10939,322055.033,322056.841,4097955.059,4097956.988,"Silva","NEON_D17_TEAK_DP1_322000_4097000_classified_point_cloud_colorized.laz","2018_TEAK_3_322000_4097000_image.tif","Tree",1,322000,322999.999,4097000,4097999.999
"10591",10940,322115.057,322118.084,4097950.646,4097954.967,"Silva","NEON_D17_TEAK_DP1_322000_4097000_classified_point_cloud_colorized.laz","2018_TEAK_3_322000_4097000_image.tif","Tree",1,322000,322999.999,4097000,4097999.999
"10592",10941,322035.323,322035.348,4097957.078,4097957.493,"Silva","NEON_D17_TEAK_DP1_322000_4097000_classified_point_cloud_colorized.laz","2018_TEAK_3_322000_4097000_image.tif","Tree",1,322000,322999.999,4097000,4097999.999
"10593",10942,322096.117,322098.314,4097951.028,4097952.942,"Silva","NEON_D17_TEAK_DP1_322000_4097000_classified_point_cloud_colorized.laz","2018_TEAK_3_322000_4097000_image.tif","Tree",1,322000,322999.999,4097000,4097999.999
"10594",10943,322157.012,322159.978,4097947.768,4097950.444,"Silva","NEON_D17_TEAK_DP1_322000_4097000_classified_point_cloud_colorized.laz","2018_TEAK_3_322000_4097000_image.tif","Tree",1,322000,322999.999,4097000,4097999.999
"10595",10944,322024.541,322024.856,4097952.459,4097952.495,"Silva","NEON_D17_TEAK_DP1_322000_4097000_classified_point_cloud_colorized.laz","2018_TEAK_3_322000_4097000_image.tif","Tree",1,322000,322999.999,4097000,4097999.999
"10596",10945,322092.23,322093.82,4097948.418,4097950.769,"Silva","NEON_D17_TEAK_DP1_322000_4097000_classified_point_cloud_colorized.laz","2018_TEAK_3_322000_4097000_image.tif","Tree",1,322000,322999.999,4097000,4097999.999
"10597",10946,322186.005,322190.617,4097943.261,4097947.774,"Silva","NEON_D17_TEAK_DP1_322000_4097000_classified_point_cloud_colorized.laz","2018_TEAK_3_322000_4097000_image.tif","Tree",1,322000,322999.999,4097000,4097999.999
"10598",10947,322122.686,322127.106,4097944.709,4097949.416,"Silva","NEON_D17_TEAK_DP1_322000_4097000_classified_point_cloud_colorized.laz","2018_TEAK_3_322000_4097000_image.tif","Tree",1,322000,322999.999,4097000,4097999.999
"10599",10948,322106.574,322109.774,4097942.185,4097946.366,"Silva","NEON_D17_TEAK_DP1_322000_4097000_classified_point_cloud_colorized.laz","2018_TEAK_3_322000_4097000_image.tif","Tree",1,322000,322999.999,4097000,4097999.999
"10600",10949,322213.13,322219.067,4097938.509,4097944.966,"Silva","NEON_D17_TEAK_DP1_322000_4097000_classified_point_cloud_colorized.laz","2018_TEAK_3_322000_4097000_image.tif","Tree",1,322000,322999.999,4097000,4097999.999
"10601",10950,322073.159,322075.955,4097945.762,4097948.462,"Silva","NEON_D17_TEAK_DP1_322000_4097000_classified_point_cloud_colorized.laz","2018_TEAK_3_322000_4097000_image.tif","Tree",1,322000,322999.999,4097000,4097999.999
"10602",10951,322064.94,322070.553,4097944.502,4097950.439,"Silva","NEON_D17_TEAK_DP1_322000_4097000_classified_point_cloud_colorized.laz","2018_TEAK_3_322000_4097000_image.tif","Tree",1,322000,322999.999,4097000,4097999.999
"10603",10952,322126.585,322130.404,4097941.507,4097945.803,"Silva","NEON_D17_TEAK_DP1_322000_4097000_classified_point_cloud_colorized.laz","2018_TEAK_3_322000_4097000_image.tif","Tree",1,322000,322999.999,4097000,4097999.999
"10604",10953,322208.013,322211.987,4097938.047,4097941.759,"Silva","NEON_D17_TEAK_DP1_322000_4097000_classified_point_cloud_colorized.laz","2018_TEAK_3_322000_4097000_image.tif","Tree",1,322000,322999.999,4097000,4097999.999
"10605",10954,322077.627,322080.968,4097941.614,4097944.923,"Silva","NEON_D17_TEAK_DP1_322000_4097000_classified_point_cloud_colorized.laz","2018_TEAK_3_322000_4097000_image.tif","Tree",1,322000,322999.999,4097000,4097999.999
"10606",10955,322106.032,322116.498,4097935.02,4097946.425,"Silva","NEON_D17_TEAK_DP1_322000_4097000_classified_point_cloud_colorized.laz","2018_TEAK_3_322000_4097000_image.tif","Tree",1,322000,322999.999,4097000,4097999.999
"10607",10956,322090.605,322095.446,4097938.461,4097943.138,"Silva","NEON_D17_TEAK_DP1_322000_4097000_classified_point_cloud_colorized.laz","2018_TEAK_3_322000_4097000_image.tif","Tree",1,322000,322999.999,4097000,4097999.999
"10608",10957,322140.001,322145.876,4097935.507,4097940.949,"Silva","NEON_D17_TEAK_DP1_322000_4097000_classified_point_cloud_colorized.laz","2018_TEAK_3_322000_4097000_image.tif","Tree",1,322000,322999.999,4097000,4097999.999
"10609",10958,322126.265,322127.875,4097937.566,4097939.683,"Silva","NEON_D17_TEAK_DP1_322000_4097000_classified_point_cloud_colorized.laz","2018_TEAK_3_322000_4097000_image.tif","Tree",1,322000,322999.999,4097000,4097999.999
"10610",10959,322083.503,322087.757,4097937.563,4097941.397,"Silva","NEON_D17_TEAK_DP1_322000_4097000_classified_point_cloud_colorized.laz","2018_TEAK_3_322000_4097000_image.tif","Tree",1,322000,322999.999,4097000,4097999.999
"10611",10961,322143.638,322145.915,4097931.6,4097933.853,"Silva","NEON_D17_TEAK_DP1_322000_4097000_classified_point_cloud_colorized.laz","2018_TEAK_3_322000_4097000_image.tif","Tree",1,322000,322999.999,4097000,4097999.999
"10612",10962,322112.272,322116.404,4097933.765,4097936.879,"Silva","NEON_D17_TEAK_DP1_322000_4097000_classified_point_cloud_colorized.laz","2018_TEAK_3_322000_4097000_image.tif","Tree",1,322000,322999.999,4097000,4097999.999
"10613",10963,322124.522,322129.33,4097926.152,4097931.618,"Silva","NEON_D17_TEAK_DP1_322000_4097000_classified_point_cloud_colorized.laz","2018_TEAK_3_322000_4097000_image.tif","Tree",1,322000,322999.999,4097000,4097999.999
"10614",10964,322262.357,322267.969,4097920.507,4097926.472,"Silva","NEON_D17_TEAK_DP1_322000_4097000_classified_point_cloud_colorized.laz","2018_TEAK_3_322000_4097000_image.tif","Tree",1,322000,322999.999,4097000,4097999.999
"10615",10965,322108.55,322111.396,4097934.019,4097934.974,"Silva","NEON_D17_TEAK_DP1_322000_4097000_classified_point_cloud_colorized.laz","2018_TEAK_3_322000_4097000_image.tif","Tree",1,322000,322999.999,4097000,4097999.999
"10616",10966,322115.052,322119.946,4097922.545,4097927.434,"Silva","NEON_D17_TEAK_DP1_322000_4097000_classified_point_cloud_colorized.laz","2018_TEAK_3_322000_4097000_image.tif","Tree",1,322000,322999.999,4097000,4097999.999
"10617",10967,322262.595,322268.46,4097914.51,4097920.4,"Silva","NEON_D17_TEAK_DP1_322000_4097000_classified_point_cloud_colorized.laz","2018_TEAK_3_322000_4097000_image.tif","Tree",1,322000,322999.999,4097000,4097999.999
"10618",10968,322153.626,322154.933,4097922.046,4097922.492,"Silva","NEON_D17_TEAK_DP1_322000_4097000_classified_point_cloud_colorized.laz","2018_TEAK_3_322000_4097000_image.tif","Tree",1,322000,322999.999,4097000,4097999.999
"10619",10969,322077.109,322082.259,4097918.541,4097926.918,"Silva","NEON_D17_TEAK_DP1_322000_4097000_classified_point_cloud_colorized.laz","2018_TEAK_3_322000_4097000_image.tif","Tree",1,322000,322999.999,4097000,4097999.999
"10620",10970,322222.568,322231.218,4097912.012,4097921.612,"Silva","NEON_D17_TEAK_DP1_322000_4097000_classified_point_cloud_colorized.laz","2018_TEAK_3_322000_4097000_image.tif","Tree",1,322000,322999.999,4097000,4097999.999
"10621",10971,322055.041,322061.488,4097917.03,4097924.864,"Silva","NEON_D17_TEAK_DP1_322000_4097000_classified_point_cloud_colorized.laz","2018_TEAK_3_322000_4097000_image.tif","Tree",1,322000,322999.999,4097000,4097999.999
"10622",10972,322103.112,322104.454,4097919.757,4097920.145,"Silva","NEON_D17_TEAK_DP1_322000_4097000_classified_point_cloud_colorized.laz","2018_TEAK_3_322000_4097000_image.tif","Tree",1,322000,322999.999,4097000,4097999.999
"10623",10973,322179.561,322185.803,4097912.551,4097919.43,"Silva","NEON_D17_TEAK_DP1_322000_4097000_classified_point_cloud_colorized.laz","2018_TEAK_3_322000_4097000_image.tif","Tree",1,322000,322999.999,4097000,4097999.999
"10624",10974,322111.497,322112.993,4097916.149,4097918.453,"Silva","NEON_D17_TEAK_DP1_322000_4097000_classified_point_cloud_colorized.laz","2018_TEAK_3_322000_4097000_image.tif","Tree",1,322000,322999.999,4097000,4097999.999
"10625",10975,322199.659,322200.386,4097912.022,4097912.479,"Silva","NEON_D17_TEAK_DP1_322000_4097000_classified_point_cloud_colorized.laz","2018_TEAK_3_322000_4097000_image.tif","Tree",1,322000,322999.999,4097000,4097999.999
"10626",10976,322265.508,322271.288,4097905.521,4097911.917,"Silva","NEON_D17_TEAK_DP1_322000_4097000_classified_point_cloud_colorized.laz","2018_TEAK_3_322000_4097000_image.tif","Tree",1,322000,322999.999,4097000,4097999.999
"10627",10977,322243.863,322245.94,4097907.249,4097910.329,"Silva","NEON_D17_TEAK_DP1_322000_4097000_classified_point_cloud_colorized.laz","2018_TEAK_3_322000_4097000_image.tif","Tree",1,322000,322999.999,4097000,4097999.999
"10628",10978,322232.21,322235.387,4097906.008,4097909.762,"Silva","NEON_D17_TEAK_DP1_322000_4097000_classified_point_cloud_colorized.laz","2018_TEAK_3_322000_4097000_image.tif","Tree",1,322000,322999.999,4097000,4097999.999
"10629",10979,322203.561,322213.458,4097903.518,4097913.472,"Silva","NEON_D17_TEAK_DP1_322000_4097000_classified_point_cloud_colorized.laz","2018_TEAK_3_322000_4097000_image.tif","Tree",1,322000,322999.999,4097000,4097999.999
"10630",10980,322146.741,322152.402,4097908.003,4097913.474,"Silva","NEON_D17_TEAK_DP1_322000_4097000_classified_point_cloud_colorized.laz","2018_TEAK_3_322000_4097000_image.tif","Tree",1,322000,322999.999,4097000,4097999.999
"10631",10981,322259.784,322269.495,4097899.533,4097911,"Silva","NEON_D17_TEAK_DP1_322000_4097000_classified_point_cloud_colorized.laz","2018_TEAK_3_322000_4097000_image.tif","Tree",1,322000,322999.999,4097000,4097999.999
"10632",10982,322141.045,322142.935,4097908.052,4097909.962,"Silva","NEON_D17_TEAK_DP1_322000_4097000_classified_point_cloud_colorized.laz","2018_TEAK_3_322000_4097000_image.tif","Tree",1,322000,322999.999,4097000,4097999.999
"10633",10983,322136.861,322138.241,4097906.781,4097908.204,"Silva","NEON_D17_TEAK_DP1_322000_4097000_classified_point_cloud_colorized.laz","2018_TEAK_3_322000_4097000_image.tif","Tree",1,322000,322999.999,4097000,4097999.999
"10634",10984,322248.669,322255.42,4097897.426,4097905.668,"Silva","NEON_D17_TEAK_DP1_322000_4097000_classified_point_cloud_colorized.laz","2018_TEAK_3_322000_4097000_image.tif","Tree",1,322000,322999.999,4097000,4097999.999
"10635",10985,322142.007,322143.493,4097905.033,4097906.983,"Silva","NEON_D17_TEAK_DP1_322000_4097000_classified_point_cloud_colorized.laz","2018_TEAK_3_322000_4097000_image.tif","Tree",1,322000,322999.999,4097000,4097999.999
"10636",10986,322147.061,322151.468,4097902.236,4097905.914,"Silva","NEON_D17_TEAK_DP1_322000_4097000_classified_point_cloud_colorized.laz","2018_TEAK_3_322000_4097000_image.tif","Tree",1,322000,322999.999,4097000,4097999.999
"10637",10987,322067.837,322070.274,4097906.608,4097909.233,"Silva","NEON_D17_TEAK_DP1_322000_4097000_classified_point_cloud_colorized.laz","2018_TEAK_3_322000_4097000_image.tif","Tree",1,322000,322999.999,4097000,4097999.999
"10638",10988,322039.36,322045.954,4097905.228,4097911.36,"Silva","NEON_D17_TEAK_DP1_322000_4097000_classified_point_cloud_colorized.laz","2018_TEAK_3_322000_4097000_image.tif","Tree",1,322000,322999.999,4097000,4097999.999
"10639",10989,322152.01,322159.427,4097900.34,4097907.386,"Silva","NEON_D17_TEAK_DP1_322000_4097000_classified_point_cloud_colorized.laz","2018_TEAK_3_322000_4097000_image.tif","Tree",1,322000,322999.999,4097000,4097999.999
"10640",10990,322193.512,322200.947,4097898.017,4097904.462,"Silva","NEON_D17_TEAK_DP1_322000_4097000_classified_point_cloud_colorized.laz","2018_TEAK_3_322000_4097000_image.tif","Tree",1,322000,322999.999,4097000,4097999.999
"10641",10991,322133.649,322137.91,4097901.554,4097905.193,"Silva","NEON_D17_TEAK_DP1_322000_4097000_classified_point_cloud_colorized.laz","2018_TEAK_3_322000_4097000_image.tif","Tree",1,322000,322999.999,4097000,4097999.999
"10642",10993,322000.005,322006.946,4097899.519,4097912.927,"Silva","NEON_D17_TEAK_DP1_322000_4097000_classified_point_cloud_colorized.laz","2018_TEAK_3_322000_4097000_image.tif","Tree",1,322000,322999.999,4097000,4097999.999
"10643",10994,322017.183,322022.99,4097903.623,4097909.999,"Silva","NEON_D17_TEAK_DP1_322000_4097000_classified_point_cloud_colorized.laz","2018_TEAK_3_322000_4097000_image.tif","Tree",1,322000,322999.999,4097000,4097999.999
"10644",10995,322179.51,322186.952,4097895.151,4097903.909,"Silva","NEON_D17_TEAK_DP1_322000_4097000_classified_point_cloud_colorized.laz","2018_TEAK_3_322000_4097000_image.tif","Tree",1,322000,322999.999,4097000,4097999.999
"10645",10996,322229.046,322237.107,4097891.025,4097900.955,"Silva","NEON_D17_TEAK_DP1_322000_4097000_classified_point_cloud_colorized.laz","2018_TEAK_3_322000_4097000_image.tif","Tree",1,322000,322999.999,4097000,4097999.999
"10646",10997,322219.576,322228.32,4097891.575,4097902.929,"Silva","NEON_D17_TEAK_DP1_322000_4097000_classified_point_cloud_colorized.laz","2018_TEAK_3_322000_4097000_image.tif","Tree",1,322000,322999.999,4097000,4097999.999
"10647",10998,322006.02,322014.095,4097900.71,4097910.887,"Silva","NEON_D17_TEAK_DP1_322000_4097000_classified_point_cloud_colorized.laz","2018_TEAK_3_322000_4097000_image.tif","Tree",1,322000,322999.999,4097000,4097999.999
"10648",10999,322262.399,322264.365,4097898.753,4097900.725,"Silva","NEON_D17_TEAK_DP1_322000_4097000_classified_point_cloud_colorized.laz","2018_TEAK_3_322000_4097000_image.tif","Tree",1,322000,322999.999,4097000,4097999.999
"10649",11000,322264.534,322269.366,4097898.206,4097901.356,"Silva","NEON_D17_TEAK_DP1_322000_4097000_classified_point_cloud_colorized.laz","2018_TEAK_3_322000_4097000_image.tif","Tree",1,322000,322999.999,4097000,4097999.999
"10650",11001,322141.649,322146.941,4097896.354,4097901.488,"Silva","NEON_D17_TEAK_DP1_322000_4097000_classified_point_cloud_colorized.laz","2018_TEAK_3_322000_4097000_image.tif","Tree",1,322000,322999.999,4097000,4097999.999
"10651",11002,322215.101,322228.876,4097888.01,4097898.359,"Silva","NEON_D17_TEAK_DP1_322000_4097000_classified_point_cloud_colorized.laz","2018_TEAK_3_322000_4097000_image.tif","Tree",1,322000,322999.999,4097000,4097999.999
"10652",11003,322234.582,322241.701,4097889.533,4097897.961,"Silva","NEON_D17_TEAK_DP1_322000_4097000_classified_point_cloud_colorized.laz","2018_TEAK_3_322000_4097000_image.tif","Tree",1,322000,322999.999,4097000,4097999.999
"10653",11004,322077.061,322082.939,4097897.501,4097902.526,"Silva","NEON_D17_TEAK_DP1_322000_4097000_classified_point_cloud_colorized.laz","2018_TEAK_3_322000_4097000_image.tif","Tree",1,322000,322999.999,4097000,4097999.999
"10654",11005,322070.098,322077.428,4097894.551,4097901.776,"Silva","NEON_D17_TEAK_DP1_322000_4097000_classified_point_cloud_colorized.laz","2018_TEAK_3_322000_4097000_image.tif","Tree",1,322000,322999.999,4097000,4097999.999
"10655",11006,322202.029,322214.493,4097887.657,4097895.358,"Silva","NEON_D17_TEAK_DP1_322000_4097000_classified_point_cloud_colorized.laz","2018_TEAK_3_322000_4097000_image.tif","Tree",1,322000,322999.999,4097000,4097999.999
"10656",11007,322015.587,322022.726,4097894.521,4097900.312,"Silva","NEON_D17_TEAK_DP1_322000_4097000_classified_point_cloud_colorized.laz","2018_TEAK_3_322000_4097000_image.tif","Tree",1,322000,322999.999,4097000,4097999.999
"10657",11008,322250.04,322255.44,4097887.066,4097892.984,"Silva","NEON_D17_TEAK_DP1_322000_4097000_classified_point_cloud_colorized.laz","2018_TEAK_3_322000_4097000_image.tif","Tree",1,322000,322999.999,4097000,4097999.999
"10658",11009,322173.606,322179.807,4097887.591,4097895.899,"Silva","NEON_D17_TEAK_DP1_322000_4097000_classified_point_cloud_colorized.laz","2018_TEAK_3_322000_4097000_image.tif","Tree",1,322000,322999.999,4097000,4097999.999
"10659",11010,322054.51,322062.454,4097891.005,4097898.308,"Silva","NEON_D17_TEAK_DP1_322000_4097000_classified_point_cloud_colorized.laz","2018_TEAK_3_322000_4097000_image.tif","Tree",1,322000,322999.999,4097000,4097999.999
"10660",11011,322156.654,322165.486,4097882.645,4097896.48,"Silva","NEON_D17_TEAK_DP1_322000_4097000_classified_point_cloud_colorized.laz","2018_TEAK_3_322000_4097000_image.tif","Tree",1,322000,322999.999,4097000,4097999.999
"10661",11012,322139.517,322148.984,4097885.512,4097893.92,"Silva","NEON_D17_TEAK_DP1_322000_4097000_classified_point_cloud_colorized.laz","2018_TEAK_3_322000_4097000_image.tif","Tree",1,322000,322999.999,4097000,4097999.999
"10662",11013,322039.836,322047.849,4097889.159,4097899.444,"Silva","NEON_D17_TEAK_DP1_322000_4097000_classified_point_cloud_colorized.laz","2018_TEAK_3_322000_4097000_image.tif","Tree",1,322000,322999.999,4097000,4097999.999
"10663",11014,322023.163,322023.895,4097893.508,4097895.38,"Silva","NEON_D17_TEAK_DP1_322000_4097000_classified_point_cloud_colorized.laz","2018_TEAK_3_322000_4097000_image.tif","Tree",1,322000,322999.999,4097000,4097999.999
"10664",11015,322228.567,322241.341,4097881.513,4097891,"Silva","NEON_D17_TEAK_DP1_322000_4097000_classified_point_cloud_colorized.laz","2018_TEAK_3_322000_4097000_image.tif","Tree",1,322000,322999.999,4097000,4097999.999
"10665",11016,322149.074,322158.979,4097882.522,4097891.958,"Silva","NEON_D17_TEAK_DP1_322000_4097000_classified_point_cloud_colorized.laz","2018_TEAK_3_322000_4097000_image.tif","Tree",1,322000,322999.999,4097000,4097999.999
"10666",11017,322130.588,322138.981,4097883.564,4097890.968,"Silva","NEON_D17_TEAK_DP1_322000_4097000_classified_point_cloud_colorized.laz","2018_TEAK_3_322000_4097000_image.tif","Tree",1,322000,322999.999,4097000,4097999.999
"10667",11018,322257.027,322259.424,4097884.008,4097885.178,"Silva","NEON_D17_TEAK_DP1_322000_4097000_classified_point_cloud_colorized.laz","2018_TEAK_3_322000_4097000_image.tif","Tree",1,322000,322999.999,4097000,4097999.999
"10668",11019,322273.007,322276.979,4097880.51,4097885.358,"Silva","NEON_D17_TEAK_DP1_322000_4097000_classified_point_cloud_colorized.laz","2018_TEAK_3_322000_4097000_image.tif","Tree",1,322000,322999.999,4097000,4097999.999
"10669",11020,322241.54,322250.294,4097879.504,4097887.485,"Silva","NEON_D17_TEAK_DP1_322000_4097000_classified_point_cloud_colorized.laz","2018_TEAK_3_322000_4097000_image.tif","Tree",1,322000,322999.999,4097000,4097999.999
"10670",11021,322000.039,322002.96,4097887.344,4097893.701,"Silva","NEON_D17_TEAK_DP1_322000_4097000_classified_point_cloud_colorized.laz","2018_TEAK_3_322000_4097000_image.tif","Tree",1,322000,322999.999,4097000,4097999.999
"10671",11022,322127.518,322135.177,4097881.011,4097888.995,"Silva","NEON_D17_TEAK_DP1_322000_4097000_classified_point_cloud_colorized.laz","2018_TEAK_3_322000_4097000_image.tif","Tree",1,322000,322999.999,4097000,4097999.999
"10672",11023,322261.191,322267.473,4097875.038,4097881.931,"Silva","NEON_D17_TEAK_DP1_322000_4097000_classified_point_cloud_colorized.laz","2018_TEAK_3_322000_4097000_image.tif","Tree",1,322000,322999.999,4097000,4097999.999
"10673",11024,322234.823,322240.968,4097876.026,4097882.992,"Silva","NEON_D17_TEAK_DP1_322000_4097000_classified_point_cloud_colorized.laz","2018_TEAK_3_322000_4097000_image.tif","Tree",1,322000,322999.999,4097000,4097999.999
"10674",11025,322036.025,322037.991,4097883.009,4097887.894,"Silva","NEON_D17_TEAK_DP1_322000_4097000_classified_point_cloud_colorized.laz","2018_TEAK_3_322000_4097000_image.tif","Tree",1,322000,322999.999,4097000,4097999.999
"10675",11026,322143.503,322154.635,4097876.167,4097882.988,"Silva","NEON_D17_TEAK_DP1_322000_4097000_classified_point_cloud_colorized.laz","2018_TEAK_3_322000_4097000_image.tif","Tree",1,322000,322999.999,4097000,4097999.999
"10676",11027,322004.042,322007.943,4097882.851,4097887.794,"Silva","NEON_D17_TEAK_DP1_322000_4097000_classified_point_cloud_colorized.laz","2018_TEAK_3_322000_4097000_image.tif","Tree",1,322000,322999.999,4097000,4097999.999
"10677",11028,322008.12,322010.48,4097884.763,4097886.995,"Silva","NEON_D17_TEAK_DP1_322000_4097000_classified_point_cloud_colorized.laz","2018_TEAK_3_322000_4097000_image.tif","Tree",1,322000,322999.999,4097000,4097999.999
"10678",11029,322271.765,322273.795,4097872.025,4097873.949,"Silva","NEON_D17_TEAK_DP1_322000_4097000_classified_point_cloud_colorized.laz","2018_TEAK_3_322000_4097000_image.tif","Tree",1,322000,322999.999,4097000,4097999.999
"10679",11030,322243.531,322250.915,4097872.119,4097874.401,"Silva","NEON_D17_TEAK_DP1_322000_4097000_classified_point_cloud_colorized.laz","2018_TEAK_3_322000_4097000_image.tif","Tree",1,322000,322999.999,4097000,4097999.999
"10680",11031,322012.077,322013.978,4097882.072,4097884.828,"Silva","NEON_D17_TEAK_DP1_322000_4097000_classified_point_cloud_colorized.laz","2018_TEAK_3_322000_4097000_image.tif","Tree",1,322000,322999.999,4097000,4097999.999
"10681",11032,322133.504,322143.984,4097876.07,4097884.397,"Silva","NEON_D17_TEAK_DP1_322000_4097000_classified_point_cloud_colorized.laz","2018_TEAK_3_322000_4097000_image.tif","Tree",1,322000,322999.999,4097000,4097999.999
"10682",11033,322125.026,322133.492,4097874.871,4097881.996,"Silva","NEON_D17_TEAK_DP1_322000_4097000_classified_point_cloud_colorized.laz","2018_TEAK_3_322000_4097000_image.tif","Tree",1,322000,322999.999,4097000,4097999.999
"10683",11034,322146.573,322156.461,4097870.527,4097878.5,"Silva","NEON_D17_TEAK_DP1_322000_4097000_classified_point_cloud_colorized.laz","2018_TEAK_3_322000_4097000_image.tif","Tree",1,322000,322999.999,4097000,4097999.999
"10684",11035,322000.107,322003.206,4097878.094,4097881.804,"Silva","NEON_D17_TEAK_DP1_322000_4097000_classified_point_cloud_colorized.laz","2018_TEAK_3_322000_4097000_image.tif","Tree",1,322000,322999.999,4097000,4097999.999
"10685",11036,322229.429,322235.376,4097868.037,4097873.966,"Silva","NEON_D17_TEAK_DP1_322000_4097000_classified_point_cloud_colorized.laz","2018_TEAK_3_322000_4097000_image.tif","Tree",1,322000,322999.999,4097000,4097999.999
"10686",11037,322249.114,322256.993,4097866.505,4097876.396,"Silva","NEON_D17_TEAK_DP1_322000_4097000_classified_point_cloud_colorized.laz","2018_TEAK_3_322000_4097000_image.tif","Tree",1,322000,322999.999,4097000,4097999.999
"10687",11038,322132.836,322144.47,4097870.551,4097876.996,"Silva","NEON_D17_TEAK_DP1_322000_4097000_classified_point_cloud_colorized.laz","2018_TEAK_3_322000_4097000_image.tif","Tree",1,322000,322999.999,4097000,4097999.999
"10688",11039,322028.504,322038.496,4097876.043,4097882.879,"Silva","NEON_D17_TEAK_DP1_322000_4097000_classified_point_cloud_colorized.laz","2018_TEAK_3_322000_4097000_image.tif","Tree",1,322000,322999.999,4097000,4097999.999
"10689",11040,322101.082,322105.82,4097871.149,4097876.725,"Silva","NEON_D17_TEAK_DP1_322000_4097000_classified_point_cloud_colorized.laz","2018_TEAK_3_322000_4097000_image.tif","Tree",1,322000,322999.999,4097000,4097999.999
"10690",11041,322112.127,322116.943,4097870.042,4097874.987,"Silva","NEON_D17_TEAK_DP1_322000_4097000_classified_point_cloud_colorized.laz","2018_TEAK_3_322000_4097000_image.tif","Tree",1,322000,322999.999,4097000,4097999.999
"10691",11042,322073.015,322078.426,4097871.501,4097875.468,"Silva","NEON_D17_TEAK_DP1_322000_4097000_classified_point_cloud_colorized.laz","2018_TEAK_3_322000_4097000_image.tif","Tree",1,322000,322999.999,4097000,4097999.999
"10692",11043,322039.058,322048.42,4097869.877,4097879.385,"Silva","NEON_D17_TEAK_DP1_322000_4097000_classified_point_cloud_colorized.laz","2018_TEAK_3_322000_4097000_image.tif","Tree",1,322000,322999.999,4097000,4097999.999
"10693",11044,322225.019,322235.827,4097860.554,4097869.494,"Silva","NEON_D17_TEAK_DP1_322000_4097000_classified_point_cloud_colorized.laz","2018_TEAK_3_322000_4097000_image.tif","Tree",1,322000,322999.999,4097000,4097999.999
"10694",11045,322146.673,322154.927,4097865.051,4097872.91,"Silva","NEON_D17_TEAK_DP1_322000_4097000_classified_point_cloud_colorized.laz","2018_TEAK_3_322000_4097000_image.tif","Tree",1,322000,322999.999,4097000,4097999.999
"10695",11046,322158.428,322166.417,4097864.271,4097873.45,"Silva","NEON_D17_TEAK_DP1_322000_4097000_classified_point_cloud_colorized.laz","2018_TEAK_3_322000_4097000_image.tif","Tree",1,322000,322999.999,4097000,4097999.999
"10696",11047,322016.305,322021.484,4097870.648,4097876.463,"Silva","NEON_D17_TEAK_DP1_322000_4097000_classified_point_cloud_colorized.laz","2018_TEAK_3_322000_4097000_image.tif","Tree",1,322000,322999.999,4097000,4097999.999
"10697",11048,322250.012,322256.977,4097859.748,4097867.414,"Silva","NEON_D17_TEAK_DP1_322000_4097000_classified_point_cloud_colorized.laz","2018_TEAK_3_322000_4097000_image.tif","Tree",1,322000,322999.999,4097000,4097999.999
"10698",11049,322154.036,322160.864,4097860.12,4097870.821,"Silva","NEON_D17_TEAK_DP1_322000_4097000_classified_point_cloud_colorized.laz","2018_TEAK_3_322000_4097000_image.tif","Tree",1,322000,322999.999,4097000,4097999.999
"10699",11050,322130.998,322137.483,4097863.125,4097870.994,"Silva","NEON_D17_TEAK_DP1_322000_4097000_classified_point_cloud_colorized.laz","2018_TEAK_3_322000_4097000_image.tif","Tree",1,322000,322999.999,4097000,4097999.999
"10700",11051,322101.815,322108.436,4097864.569,4097870.933,"Silva","NEON_D17_TEAK_DP1_322000_4097000_classified_point_cloud_colorized.laz","2018_TEAK_3_322000_4097000_image.tif","Tree",1,322000,322999.999,4097000,4097999.999
"10701",11052,322079.71,322084.893,4097865.684,4097870.995,"Silva","NEON_D17_TEAK_DP1_322000_4097000_classified_point_cloud_colorized.laz","2018_TEAK_3_322000_4097000_image.tif","Tree",1,322000,322999.999,4097000,4097999.999
"10702",11053,322161.003,322168.369,4097859.517,4097867.962,"Silva","NEON_D17_TEAK_DP1_322000_4097000_classified_point_cloud_colorized.laz","2018_TEAK_3_322000_4097000_image.tif","Tree",1,322000,322999.999,4097000,4097999.999
"10703",11054,322125.024,322130.388,4097861.019,4097868.467,"Silva","NEON_D17_TEAK_DP1_322000_4097000_classified_point_cloud_colorized.laz","2018_TEAK_3_322000_4097000_image.tif","Tree",1,322000,322999.999,4097000,4097999.999
"10704",11056,322148.095,322155.454,4097857.509,4097866.474,"Silva","NEON_D17_TEAK_DP1_322000_4097000_classified_point_cloud_colorized.laz","2018_TEAK_3_322000_4097000_image.tif","Tree",1,322000,322999.999,4097000,4097999.999
"10705",11057,322269.5,322274.491,4097859.653,4097864.938,"Silva","NEON_D17_TEAK_DP1_322000_4097000_classified_point_cloud_colorized.laz","2018_TEAK_3_322000_4097000_image.tif","Tree",1,322000,322999.999,4097000,4097999.999
"10706",11058,322099.732,322106.343,4097861.651,4097867.738,"Silva","NEON_D17_TEAK_DP1_322000_4097000_classified_point_cloud_colorized.laz","2018_TEAK_3_322000_4097000_image.tif","Tree",1,322000,322999.999,4097000,4097999.999
"10707",11059,322253.016,322256.476,4097856.562,4097861.704,"Silva","NEON_D17_TEAK_DP1_322000_4097000_classified_point_cloud_colorized.laz","2018_TEAK_3_322000_4097000_image.tif","Tree",1,322000,322999.999,4097000,4097999.999
"10708",11060,322187.024,322195.996,4097857.085,4097864.017,"Silva","NEON_D17_TEAK_DP1_322000_4097000_classified_point_cloud_colorized.laz","2018_TEAK_3_322000_4097000_image.tif","Tree",1,322000,322999.999,4097000,4097999.999
"10709",11061,322171.504,322173.973,4097858.637,4097862.973,"Silva","NEON_D17_TEAK_DP1_322000_4097000_classified_point_cloud_colorized.laz","2018_TEAK_3_322000_4097000_image.tif","Tree",1,322000,322999.999,4097000,4097999.999
"10710",11062,322173.262,322180.917,4097856.643,4097864.884,"Silva","NEON_D17_TEAK_DP1_322000_4097000_classified_point_cloud_colorized.laz","2018_TEAK_3_322000_4097000_image.tif","Tree",1,322000,322999.999,4097000,4097999.999
"10711",11063,322112.002,322117.825,4097859.733,4097864.987,"Silva","NEON_D17_TEAK_DP1_322000_4097000_classified_point_cloud_colorized.laz","2018_TEAK_3_322000_4097000_image.tif","Tree",1,322000,322999.999,4097000,4097999.999
"10712",11064,322000.005,322001.465,4097861.508,4097868.945,"Silva","NEON_D17_TEAK_DP1_322000_4097000_classified_point_cloud_colorized.laz","2018_TEAK_3_322000_4097000_image.tif","Tree",1,322000,322999.999,4097000,4097999.999
"10713",11065,322030.658,322033.652,4097868.127,4097869.001,"Silva","NEON_D17_TEAK_DP1_322000_4097000_classified_point_cloud_colorized.laz","2018_TEAK_3_322000_4097000_image.tif","Tree",1,322000,322999.999,4097000,4097999.999
"10714",11066,322076.666,322081.992,4097860.105,4097866.175,"Silva","NEON_D17_TEAK_DP1_322000_4097000_classified_point_cloud_colorized.laz","2018_TEAK_3_322000_4097000_image.tif","Tree",1,322000,322999.999,4097000,4097999.999
"10715",11067,322184.13,322192.401,4097853.087,4097861.972,"Silva","NEON_D17_TEAK_DP1_322000_4097000_classified_point_cloud_colorized.laz","2018_TEAK_3_322000_4097000_image.tif","Tree",1,322000,322999.999,4097000,4097999.999
"10716",11068,322265,322273.489,4097850.054,4097858.44,"Silva","NEON_D17_TEAK_DP1_322000_4097000_classified_point_cloud_colorized.laz","2018_TEAK_3_322000_4097000_image.tif","Tree",1,322000,322999.999,4097000,4097999.999
"10717",11069,322276.63,322281.896,4097850.201,4097855.874,"Silva","NEON_D17_TEAK_DP1_322000_4097000_classified_point_cloud_colorized.laz","2018_TEAK_3_322000_4097000_image.tif","Tree",1,322000,322999.999,4097000,4097999.999
"10718",11070,322195.641,322205.223,4097847.508,4097858.353,"Silva","NEON_D17_TEAK_DP1_322000_4097000_classified_point_cloud_colorized.laz","2018_TEAK_3_322000_4097000_image.tif","Tree",1,322000,322999.999,4097000,4097999.999
"10719",11071,322245.679,322252.395,4097847.558,4097855.187,"Silva","NEON_D17_TEAK_DP1_322000_4097000_classified_point_cloud_colorized.laz","2018_TEAK_3_322000_4097000_image.tif","Tree",1,322000,322999.999,4097000,4097999.999
"10720",11072,322178.509,322187.435,4097848.513,4097858.336,"Silva","NEON_D17_TEAK_DP1_322000_4097000_classified_point_cloud_colorized.laz","2018_TEAK_3_322000_4097000_image.tif","Tree",1,322000,322999.999,4097000,4097999.999
"10721",11073,322204.628,322214.471,4097848.623,4097856.631,"Silva","NEON_D17_TEAK_DP1_322000_4097000_classified_point_cloud_colorized.laz","2018_TEAK_3_322000_4097000_image.tif","Tree",1,322000,322999.999,4097000,4097999.999
"10722",11074,322170.148,322174.975,4097853.3,4097858.387,"Silva","NEON_D17_TEAK_DP1_322000_4097000_classified_point_cloud_colorized.laz","2018_TEAK_3_322000_4097000_image.tif","Tree",1,322000,322999.999,4097000,4097999.999
"10723",11075,322075.615,322082.49,4097854.005,4097859.974,"Silva","NEON_D17_TEAK_DP1_322000_4097000_classified_point_cloud_colorized.laz","2018_TEAK_3_322000_4097000_image.tif","Tree",1,322000,322999.999,4097000,4097999.999
"10724",11076,322187.682,322196.494,4097848.125,4097856.95,"Silva","NEON_D17_TEAK_DP1_322000_4097000_classified_point_cloud_colorized.laz","2018_TEAK_3_322000_4097000_image.tif","Tree",1,322000,322999.999,4097000,4097999.999
"10725",11077,322100.5,322107.79,4097851.038,4097858.478,"Silva","NEON_D17_TEAK_DP1_322000_4097000_classified_point_cloud_colorized.laz","2018_TEAK_3_322000_4097000_image.tif","Tree",1,322000,322999.999,4097000,4097999.999
"10726",11078,322239.515,322246.398,4097846.646,4097852.939,"Silva","NEON_D17_TEAK_DP1_322000_4097000_classified_point_cloud_colorized.laz","2018_TEAK_3_322000_4097000_image.tif","Tree",1,322000,322999.999,4097000,4097999.999
"10727",11079,322145.041,322148.366,4097856.215,4097856.79,"Silva","NEON_D17_TEAK_DP1_322000_4097000_classified_point_cloud_colorized.laz","2018_TEAK_3_322000_4097000_image.tif","Tree",1,322000,322999.999,4097000,4097999.999
"10728",11080,322211.691,322219.994,4097845.507,4097852.341,"Silva","NEON_D17_TEAK_DP1_322000_4097000_classified_point_cloud_colorized.laz","2018_TEAK_3_322000_4097000_image.tif","Tree",1,322000,322999.999,4097000,4097999.999
"10729",11081,322054.321,322060.944,4097851.568,4097858.363,"Silva","NEON_D17_TEAK_DP1_322000_4097000_classified_point_cloud_colorized.laz","2018_TEAK_3_322000_4097000_image.tif","Tree",1,322000,322999.999,4097000,4097999.999
"10730",11082,322000.018,322002.497,4097853.666,4097861.232,"Silva","NEON_D17_TEAK_DP1_322000_4097000_classified_point_cloud_colorized.laz","2018_TEAK_3_322000_4097000_image.tif","Tree",1,322000,322999.999,4097000,4097999.999
"10731",11083,322109.083,322114.367,4097848.411,4097853.895,"Silva","NEON_D17_TEAK_DP1_322000_4097000_classified_point_cloud_colorized.laz","2018_TEAK_3_322000_4097000_image.tif","Tree",1,322000,322999.999,4097000,4097999.999
"10732",11084,322204.588,322215.49,4097843.034,4097848.591,"Silva","NEON_D17_TEAK_DP1_322000_4097000_classified_point_cloud_colorized.laz","2018_TEAK_3_322000_4097000_image.tif","Tree",1,322000,322999.999,4097000,4097999.999
"10733",11085,322147.813,322152.965,4097847.629,4097852.493,"Silva","NEON_D17_TEAK_DP1_322000_4097000_classified_point_cloud_colorized.laz","2018_TEAK_3_322000_4097000_image.tif","Tree",1,322000,322999.999,4097000,4097999.999
"10734",11086,322060.604,322066.475,4097848.754,4097854.922,"Silva","NEON_D17_TEAK_DP1_322000_4097000_classified_point_cloud_colorized.laz","2018_TEAK_3_322000_4097000_image.tif","Tree",1,322000,322999.999,4097000,4097999.999
"10735",11087,322142.751,322146.982,4097847.495,4097851.865,"Silva","NEON_D17_TEAK_DP1_322000_4097000_classified_point_cloud_colorized.laz","2018_TEAK_3_322000_4097000_image.tif","Tree",1,322000,322999.999,4097000,4097999.999
"10736",11089,322258.013,322264.41,4097841.019,4097847.477,"Silva","NEON_D17_TEAK_DP1_322000_4097000_classified_point_cloud_colorized.laz","2018_TEAK_3_322000_4097000_image.tif","Tree",1,322000,322999.999,4097000,4097999.999
"10737",11090,322183.011,322193.924,4097840.049,4097849.992,"Silva","NEON_D17_TEAK_DP1_322000_4097000_classified_point_cloud_colorized.laz","2018_TEAK_3_322000_4097000_image.tif","Tree",1,322000,322999.999,4097000,4097999.999
"10738",11091,322052.566,322060.977,4097845.039,4097852.488,"Silva","NEON_D17_TEAK_DP1_322000_4097000_classified_point_cloud_colorized.laz","2018_TEAK_3_322000_4097000_image.tif","Tree",1,322000,322999.999,4097000,4097999.999
"10739",11092,322099.068,322102.835,4097846.114,4097851.022,"Silva","NEON_D17_TEAK_DP1_322000_4097000_classified_point_cloud_colorized.laz","2018_TEAK_3_322000_4097000_image.tif","Tree",1,322000,322999.999,4097000,4097999.999
"10740",11093,322173.051,322182.984,4097839.01,4097848.92,"Silva","NEON_D17_TEAK_DP1_322000_4097000_classified_point_cloud_colorized.laz","2018_TEAK_3_322000_4097000_image.tif","Tree",1,322000,322999.999,4097000,4097999.999
"10741",11094,322139.062,322142.973,4097844.597,4097847.968,"Silva","NEON_D17_TEAK_DP1_322000_4097000_classified_point_cloud_colorized.laz","2018_TEAK_3_322000_4097000_image.tif","Tree",1,322000,322999.999,4097000,4097999.999
"10742",11095,322124.537,322132.984,4097840.59,4097848.948,"Silva","NEON_D17_TEAK_DP1_322000_4097000_classified_point_cloud_colorized.laz","2018_TEAK_3_322000_4097000_image.tif","Tree",1,322000,322999.999,4097000,4097999.999
"10743",11096,322037.581,322041.929,4097847.749,4097850.91,"Silva","NEON_D17_TEAK_DP1_322000_4097000_classified_point_cloud_colorized.laz","2018_TEAK_3_322000_4097000_image.tif","Tree",1,322000,322999.999,4097000,4097999.999
"10744",11097,322236.556,322244.933,4097835.502,4097843.97,"Silva","NEON_D17_TEAK_DP1_322000_4097000_classified_point_cloud_colorized.laz","2018_TEAK_3_322000_4097000_image.tif","Tree",1,322000,322999.999,4097000,4097999.999
"10745",11098,322229.062,322234.79,4097836.352,4097842.794,"Silva","NEON_D17_TEAK_DP1_322000_4097000_classified_point_cloud_colorized.laz","2018_TEAK_3_322000_4097000_image.tif","Tree",1,322000,322999.999,4097000,4097999.999
"10746",11099,322200.501,322207.954,4097835.19,4097847.815,"Silva","NEON_D17_TEAK_DP1_322000_4097000_classified_point_cloud_colorized.laz","2018_TEAK_3_322000_4097000_image.tif","Tree",1,322000,322999.999,4097000,4097999.999
"10747",11100,322077.503,322083.992,4097842.616,4097850.96,"Silva","NEON_D17_TEAK_DP1_322000_4097000_classified_point_cloud_colorized.laz","2018_TEAK_3_322000_4097000_image.tif","Tree",1,322000,322999.999,4097000,4097999.999
"10748",11101,322096.714,322102.876,4097839.559,4097845.87,"Silva","NEON_D17_TEAK_DP1_322000_4097000_classified_point_cloud_colorized.laz","2018_TEAK_3_322000_4097000_image.tif","Tree",1,322000,322999.999,4097000,4097999.999
"10749",11102,322192.958,322200.911,4097835.708,4097845.831,"Silva","NEON_D17_TEAK_DP1_322000_4097000_classified_point_cloud_colorized.laz","2018_TEAK_3_322000_4097000_image.tif","Tree",1,322000,322999.999,4097000,4097999.999
"10750",11103,322275.514,322281.489,4097834.527,4097841,"Silva","NEON_D17_TEAK_DP1_322000_4097000_classified_point_cloud_colorized.laz","2018_TEAK_3_322000_4097000_image.tif","Tree",1,322000,322999.999,4097000,4097999.999
"10751",11104,322153.541,322157.555,4097838.261,4097842.764,"Silva","NEON_D17_TEAK_DP1_322000_4097000_classified_point_cloud_colorized.laz","2018_TEAK_3_322000_4097000_image.tif","Tree",1,322000,322999.999,4097000,4097999.999
"10752",11105,322277.509,322284.462,4097832.345,4097838.431,"Silva","NEON_D17_TEAK_DP1_322000_4097000_classified_point_cloud_colorized.laz","2018_TEAK_3_322000_4097000_image.tif","Tree",1,322000,322999.999,4097000,4097999.999
"10753",11106,322109.51,322114.542,4097837.507,4097843.899,"Silva","NEON_D17_TEAK_DP1_322000_4097000_classified_point_cloud_colorized.laz","2018_TEAK_3_322000_4097000_image.tif","Tree",1,322000,322999.999,4097000,4097999.999
"10754",11108,322257.552,322258.897,4097833.629,4097835.552,"Silva","NEON_D17_TEAK_DP1_322000_4097000_classified_point_cloud_colorized.laz","2018_TEAK_3_322000_4097000_image.tif","Tree",1,322000,322999.999,4097000,4097999.999
"10755",11109,322074.52,322081.49,4097837.508,4097843.163,"Silva","NEON_D17_TEAK_DP1_322000_4097000_classified_point_cloud_colorized.laz","2018_TEAK_3_322000_4097000_image.tif","Tree",1,322000,322999.999,4097000,4097999.999
"10756",11110,322165.01,322172.968,4097831.561,4097841.928,"Silva","NEON_D17_TEAK_DP1_322000_4097000_classified_point_cloud_colorized.laz","2018_TEAK_3_322000_4097000_image.tif","Tree",1,322000,322999.999,4097000,4097999.999
"10757",11111,322182.212,322190.781,4097831.313,4097840.983,"Silva","NEON_D17_TEAK_DP1_322000_4097000_classified_point_cloud_colorized.laz","2018_TEAK_3_322000_4097000_image.tif","Tree",1,322000,322999.999,4097000,4097999.999
"10758",11112,322130.503,322139.403,4097832.595,4097841.985,"Silva","NEON_D17_TEAK_DP1_322000_4097000_classified_point_cloud_colorized.laz","2018_TEAK_3_322000_4097000_image.tif","Tree",1,322000,322999.999,4097000,4097999.999
"10759",11113,322158.674,322165.483,4097832.163,4097839.955,"Silva","NEON_D17_TEAK_DP1_322000_4097000_classified_point_cloud_colorized.laz","2018_TEAK_3_322000_4097000_image.tif","Tree",1,322000,322999.999,4097000,4097999.999
"10760",11114,322268.609,322272.493,4097830.609,4097833.888,"Silva","NEON_D17_TEAK_DP1_322000_4097000_classified_point_cloud_colorized.laz","2018_TEAK_3_322000_4097000_image.tif","Tree",1,322000,322999.999,4097000,4097999.999
"10761",11115,322223.053,322227.156,4097831.049,4097835.888,"Silva","NEON_D17_TEAK_DP1_322000_4097000_classified_point_cloud_colorized.laz","2018_TEAK_3_322000_4097000_image.tif","Tree",1,322000,322999.999,4097000,4097999.999
"10762",11116,322175.933,322182.601,4097831.196,4097839.788,"Silva","NEON_D17_TEAK_DP1_322000_4097000_classified_point_cloud_colorized.laz","2018_TEAK_3_322000_4097000_image.tif","Tree",1,322000,322999.999,4097000,4097999.999
"10763",11117,322114.743,322122.454,4097830.546,4097839.414,"Silva","NEON_D17_TEAK_DP1_322000_4097000_classified_point_cloud_colorized.laz","2018_TEAK_3_322000_4097000_image.tif","Tree",1,322000,322999.999,4097000,4097999.999
"10764",11118,322104.626,322110.46,4097833.837,4097837.97,"Silva","NEON_D17_TEAK_DP1_322000_4097000_classified_point_cloud_colorized.laz","2018_TEAK_3_322000_4097000_image.tif","Tree",1,322000,322999.999,4097000,4097999.999
"10765",11119,322252.039,322255.441,4097827.525,4097832.436,"Silva","NEON_D17_TEAK_DP1_322000_4097000_classified_point_cloud_colorized.laz","2018_TEAK_3_322000_4097000_image.tif","Tree",1,322000,322999.999,4097000,4097999.999
"10766",11120,322263.059,322269.467,4097827.122,4097833.496,"Silva","NEON_D17_TEAK_DP1_322000_4097000_classified_point_cloud_colorized.laz","2018_TEAK_3_322000_4097000_image.tif","Tree",1,322000,322999.999,4097000,4097999.999
"10767",11121,322007.505,322012.449,4097834.912,4097841.493,"Silva","NEON_D17_TEAK_DP1_322000_4097000_classified_point_cloud_colorized.laz","2018_TEAK_3_322000_4097000_image.tif","Tree",1,322000,322999.999,4097000,4097999.999
"10768",11122,322222.538,322228.421,4097825.14,4097831.402,"Silva","NEON_D17_TEAK_DP1_322000_4097000_classified_point_cloud_colorized.laz","2018_TEAK_3_322000_4097000_image.tif","Tree",1,322000,322999.999,4097000,4097999.999
"10769",11123,322170.55,322178.85,4097827.574,4097835.344,"Silva","NEON_D17_TEAK_DP1_322000_4097000_classified_point_cloud_colorized.laz","2018_TEAK_3_322000_4097000_image.tif","Tree",1,322000,322999.999,4097000,4097999.999
"10770",11124,322228.005,322235.985,4097824.74,4097829.94,"Silva","NEON_D17_TEAK_DP1_322000_4097000_classified_point_cloud_colorized.laz","2018_TEAK_3_322000_4097000_image.tif","Tree",1,322000,322999.999,4097000,4097999.999
"10771",11125,322260.015,322265.401,4097824.567,4097831.173,"Silva","NEON_D17_TEAK_DP1_322000_4097000_classified_point_cloud_colorized.laz","2018_TEAK_3_322000_4097000_image.tif","Tree",1,322000,322999.999,4097000,4097999.999
"10772",11126,322208.001,322214.443,4097827.013,4097831.387,"Silva","NEON_D17_TEAK_DP1_322000_4097000_classified_point_cloud_colorized.laz","2018_TEAK_3_322000_4097000_image.tif","Tree",1,322000,322999.999,4097000,4097999.999
"10773",11127,322183.071,322195.47,4097822.026,4097833.971,"Silva","NEON_D17_TEAK_DP1_322000_4097000_classified_point_cloud_colorized.laz","2018_TEAK_3_322000_4097000_image.tif","Tree",1,322000,322999.999,4097000,4097999.999
"10774",11128,322103.062,322107.977,4097830.452,4097835.957,"Silva","NEON_D17_TEAK_DP1_322000_4097000_classified_point_cloud_colorized.laz","2018_TEAK_3_322000_4097000_image.tif","Tree",1,322000,322999.999,4097000,4097999.999
"10775",11129,322086.859,322095.354,4097830.618,4097836.72,"Silva","NEON_D17_TEAK_DP1_322000_4097000_classified_point_cloud_colorized.laz","2018_TEAK_3_322000_4097000_image.tif","Tree",1,322000,322999.999,4097000,4097999.999
"10776",11130,322096.075,322104.404,4097826.134,4097836.395,"Silva","NEON_D17_TEAK_DP1_322000_4097000_classified_point_cloud_colorized.laz","2018_TEAK_3_322000_4097000_image.tif","Tree",1,322000,322999.999,4097000,4097999.999
"10777",11131,322002.61,322006.891,4097833.683,4097838.464,"Silva","NEON_D17_TEAK_DP1_322000_4097000_classified_point_cloud_colorized.laz","2018_TEAK_3_322000_4097000_image.tif","Tree",1,322000,322999.999,4097000,4097999.999
"10778",11132,322143.303,322144.85,4097828.074,4097829.118,"Silva","NEON_D17_TEAK_DP1_322000_4097000_classified_point_cloud_colorized.laz","2018_TEAK_3_322000_4097000_image.tif","Tree",1,322000,322999.999,4097000,4097999.999
"10779",11133,322025.008,322034.046,4097825.51,4097835.524,"Silva","NEON_D17_TEAK_DP1_322000_4097000_classified_point_cloud_colorized.laz","2018_TEAK_3_322000_4097000_image.tif","Tree",1,322000,322999.999,4097000,4097999.999
"10780",11134,322000.513,322002.988,4097829.179,4097832.487,"Silva","NEON_D17_TEAK_DP1_322000_4097000_classified_point_cloud_colorized.laz","2018_TEAK_3_322000_4097000_image.tif","Tree",1,322000,322999.999,4097000,4097999.999
"10781",11135,322079.706,322084.464,4097827.268,4097830.294,"Silva","NEON_D17_TEAK_DP1_322000_4097000_classified_point_cloud_colorized.laz","2018_TEAK_3_322000_4097000_image.tif","Tree",1,322000,322999.999,4097000,4097999.999
"10782",11136,322148.097,322151.955,4097820.547,4097823.96,"Silva","NEON_D17_TEAK_DP1_322000_4097000_classified_point_cloud_colorized.laz","2018_TEAK_3_322000_4097000_image.tif","Tree",1,322000,322999.999,4097000,4097999.999
"10783",11137,322099.508,322105.842,4097818.094,4097826.777,"Silva","NEON_D17_TEAK_DP1_322000_4097000_classified_point_cloud_colorized.laz","2018_TEAK_3_322000_4097000_image.tif","Tree",1,322000,322999.999,4097000,4097999.999
"10784",11138,322079.641,322084.21,4097820.516,4097822.789,"Silva","NEON_D17_TEAK_DP1_322000_4097000_classified_point_cloud_colorized.laz","2018_TEAK_3_322000_4097000_image.tif","Tree",1,322000,322999.999,4097000,4097999.999
"10785",11139,322029.131,322035.953,4097820.013,4097828.231,"Silva","NEON_D17_TEAK_DP1_322000_4097000_classified_point_cloud_colorized.laz","2018_TEAK_3_322000_4097000_image.tif","Tree",1,322000,322999.999,4097000,4097999.999
"10786",11140,322061.526,322067.95,4097819.077,4097825.432,"Silva","NEON_D17_TEAK_DP1_322000_4097000_classified_point_cloud_colorized.laz","2018_TEAK_3_322000_4097000_image.tif","Tree",1,322000,322999.999,4097000,4097999.999
"10787",11141,322167.012,322173.939,4097815.502,4097822.962,"Silva","NEON_D17_TEAK_DP1_322000_4097000_classified_point_cloud_colorized.laz","2018_TEAK_3_322000_4097000_image.tif","Tree",1,322000,322999.999,4097000,4097999.999
"10788",11142,322213.555,322220.424,4097812.044,4097819.872,"Silva","NEON_D17_TEAK_DP1_322000_4097000_classified_point_cloud_colorized.laz","2018_TEAK_3_322000_4097000_image.tif","Tree",1,322000,322999.999,4097000,4097999.999
"10789",11143,322241.047,322245.865,4097811.782,4097817.366,"Silva","NEON_D17_TEAK_DP1_322000_4097000_classified_point_cloud_colorized.laz","2018_TEAK_3_322000_4097000_image.tif","Tree",1,322000,322999.999,4097000,4097999.999
"10790",11144,322078.399,322086.439,4097816.044,4097820.977,"Silva","NEON_D17_TEAK_DP1_322000_4097000_classified_point_cloud_colorized.laz","2018_TEAK_3_322000_4097000_image.tif","Tree",1,322000,322999.999,4097000,4097999.999
"10791",11145,322048.65,322054.486,4097816.724,4097823.408,"Silva","NEON_D17_TEAK_DP1_322000_4097000_classified_point_cloud_colorized.laz","2018_TEAK_3_322000_4097000_image.tif","Tree",1,322000,322999.999,4097000,4097999.999
"10792",11146,322222.03,322228.999,4097810.033,4097817.466,"Silva","NEON_D17_TEAK_DP1_322000_4097000_classified_point_cloud_colorized.laz","2018_TEAK_3_322000_4097000_image.tif","Tree",1,322000,322999.999,4097000,4097999.999
"10793",11147,322085.65,322096.473,4097812.217,4097821.85,"Silva","NEON_D17_TEAK_DP1_322000_4097000_classified_point_cloud_colorized.laz","2018_TEAK_3_322000_4097000_image.tif","Tree",1,322000,322999.999,4097000,4097999.999
"10794",11148,322253.036,322256.859,4097811.008,4097815.961,"Silva","NEON_D17_TEAK_DP1_322000_4097000_classified_point_cloud_colorized.laz","2018_TEAK_3_322000_4097000_image.tif","Tree",1,322000,322999.999,4097000,4097999.999
"10795",11149,322247.367,322250.273,4097810.753,4097815.422,"Silva","NEON_D17_TEAK_DP1_322000_4097000_classified_point_cloud_colorized.laz","2018_TEAK_3_322000_4097000_image.tif","Tree",1,322000,322999.999,4097000,4097999.999
"10796",11150,322211.041,322217.941,4097809.543,4097816.93,"Silva","NEON_D17_TEAK_DP1_322000_4097000_classified_point_cloud_colorized.laz","2018_TEAK_3_322000_4097000_image.tif","Tree",1,322000,322999.999,4097000,4097999.999
"10797",11151,322116.53,322127.773,4097809.01,4097821.479,"Silva","NEON_D17_TEAK_DP1_322000_4097000_classified_point_cloud_colorized.laz","2018_TEAK_3_322000_4097000_image.tif","Tree",1,322000,322999.999,4097000,4097999.999
"10798",11152,322028.21,322034.9,4097814.527,4097821.481,"Silva","NEON_D17_TEAK_DP1_322000_4097000_classified_point_cloud_colorized.laz","2018_TEAK_3_322000_4097000_image.tif","Tree",1,322000,322999.999,4097000,4097999.999
"10799",11153,322155.013,322161.994,4097809.03,4097816.79,"Silva","NEON_D17_TEAK_DP1_322000_4097000_classified_point_cloud_colorized.laz","2018_TEAK_3_322000_4097000_image.tif","Tree",1,322000,322999.999,4097000,4097999.999
"10800",11154,322194.537,322201.889,4097804.762,4097815.496,"Silva","NEON_D17_TEAK_DP1_322000_4097000_classified_point_cloud_colorized.laz","2018_TEAK_3_322000_4097000_image.tif","Tree",1,322000,322999.999,4097000,4097999.999
"10801",11155,322056.733,322064.459,4097808.564,4097815.821,"Silva","NEON_D17_TEAK_DP1_322000_4097000_classified_point_cloud_colorized.laz","2018_TEAK_3_322000_4097000_image.tif","Tree",1,322000,322999.999,4097000,4097999.999
"10802",11156,322139.583,322143.976,4097806.899,4097811.938,"Silva","NEON_D17_TEAK_DP1_322000_4097000_classified_point_cloud_colorized.laz","2018_TEAK_3_322000_4097000_image.tif","Tree",1,322000,322999.999,4097000,4097999.999
"10803",11157,322083.691,322093.481,4097808.893,4097814.485,"Silva","NEON_D17_TEAK_DP1_322000_4097000_classified_point_cloud_colorized.laz","2018_TEAK_3_322000_4097000_image.tif","Tree",1,322000,322999.999,4097000,4097999.999
"10804",11158,322181.523,322187.501,4097803.03,4097808.982,"Silva","NEON_D17_TEAK_DP1_322000_4097000_classified_point_cloud_colorized.laz","2018_TEAK_3_322000_4097000_image.tif","Tree",1,322000,322999.999,4097000,4097999.999
"10805",11159,322245.503,322252.342,4097799.511,4097806.984,"Silva","NEON_D17_TEAK_DP1_322000_4097000_classified_point_cloud_colorized.laz","2018_TEAK_3_322000_4097000_image.tif","Tree",1,322000,322999.999,4097000,4097999.999
"10806",11160,322188.52,322200.897,4097796.106,4097807.437,"Silva","NEON_D17_TEAK_DP1_322000_4097000_classified_point_cloud_colorized.laz","2018_TEAK_3_322000_4097000_image.tif","Tree",1,322000,322999.999,4097000,4097999.999
"10807",11161,322236.589,322238.404,4097800.027,4097801.932,"Silva","NEON_D17_TEAK_DP1_322000_4097000_classified_point_cloud_colorized.laz","2018_TEAK_3_322000_4097000_image.tif","Tree",1,322000,322999.999,4097000,4097999.999
"10808",11162,322058.676,322066.917,4097802.052,4097809.958,"Silva","NEON_D17_TEAK_DP1_322000_4097000_classified_point_cloud_colorized.laz","2018_TEAK_3_322000_4097000_image.tif","Tree",1,322000,322999.999,4097000,4097999.999
"10809",11163,322013.191,322013.339,4097808.339,4097808.707,"Silva","NEON_D17_TEAK_DP1_322000_4097000_classified_point_cloud_colorized.laz","2018_TEAK_3_322000_4097000_image.tif","Tree",1,322000,322999.999,4097000,4097999.999
"10810",11164,322076.648,322082.354,4097800.104,4097808.939,"Silva","NEON_D17_TEAK_DP1_322000_4097000_classified_point_cloud_colorized.laz","2018_TEAK_3_322000_4097000_image.tif","Tree",1,322000,322999.999,4097000,4097999.999
"10811",11165,322097.153,322099.496,4097799.133,4097804.801,"Silva","NEON_D17_TEAK_DP1_322000_4097000_classified_point_cloud_colorized.laz","2018_TEAK_3_322000_4097000_image.tif","Tree",1,322000,322999.999,4097000,4097999.999
"10812",11166,322160.754,322168.342,4097795.003,4097804.473,"Silva","NEON_D17_TEAK_DP1_322000_4097000_classified_point_cloud_colorized.laz","2018_TEAK_3_322000_4097000_image.tif","Tree",1,322000,322999.999,4097000,4097999.999
"10813",11167,322153.542,322160.474,4097794.664,4097800.803,"Silva","NEON_D17_TEAK_DP1_322000_4097000_classified_point_cloud_colorized.laz","2018_TEAK_3_322000_4097000_image.tif","Tree",1,322000,322999.999,4097000,4097999.999
"10814",11168,322113.02,322116.885,4097797.54,4097801.962,"Silva","NEON_D17_TEAK_DP1_322000_4097000_classified_point_cloud_colorized.laz","2018_TEAK_3_322000_4097000_image.tif","Tree",1,322000,322999.999,4097000,4097999.999
"10815",11169,322224.76,322224.76,4097796.361,4097796.361,"Silva","NEON_D17_TEAK_DP1_322000_4097000_classified_point_cloud_colorized.laz","2018_TEAK_3_322000_4097000_image.tif","Tree",1,322000,322999.999,4097000,4097999.999
"10816",11170,322142.577,322147.44,4097797.103,4097799.977,"Silva","NEON_D17_TEAK_DP1_322000_4097000_classified_point_cloud_colorized.laz","2018_TEAK_3_322000_4097000_image.tif","Tree",1,322000,322999.999,4097000,4097999.999
"10817",11171,322071.402,322079.115,4097792.647,4097801.367,"Silva","NEON_D17_TEAK_DP1_322000_4097000_classified_point_cloud_colorized.laz","2018_TEAK_3_322000_4097000_image.tif","Tree",1,322000,322999.999,4097000,4097999.999
"10818",11172,322230.375,322231.368,4097793.008,4097794.256,"Silva","NEON_D17_TEAK_DP1_322000_4097000_classified_point_cloud_colorized.laz","2018_TEAK_3_322000_4097000_image.tif","Tree",1,322000,322999.999,4097000,4097999.999
"10819",11173,322139.573,322142.567,4097795.579,4097798.43,"Silva","NEON_D17_TEAK_DP1_322000_4097000_classified_point_cloud_colorized.laz","2018_TEAK_3_322000_4097000_image.tif","Tree",1,322000,322999.999,4097000,4097999.999
"10820",11174,322240.575,322247.959,4097788.099,4097795.407,"Silva","NEON_D17_TEAK_DP1_322000_4097000_classified_point_cloud_colorized.laz","2018_TEAK_3_322000_4097000_image.tif","Tree",1,322000,322999.999,4097000,4097999.999
"10821",11175,322217.169,322217.604,4097792.504,4097793.415,"Silva","NEON_D17_TEAK_DP1_322000_4097000_classified_point_cloud_colorized.laz","2018_TEAK_3_322000_4097000_image.tif","Tree",1,322000,322999.999,4097000,4097999.999
"10822",11176,322094.007,322098.818,4097790.111,4097797.973,"Silva","NEON_D17_TEAK_DP1_322000_4097000_classified_point_cloud_colorized.laz","2018_TEAK_3_322000_4097000_image.tif","Tree",1,322000,322999.999,4097000,4097999.999
"10823",11177,322112.009,322120.956,4097786.242,4097795.589,"Silva","NEON_D17_TEAK_DP1_322000_4097000_classified_point_cloud_colorized.laz","2018_TEAK_3_322000_4097000_image.tif","Tree",1,322000,322999.999,4097000,4097999.999
"10824",11178,322041.563,322050.956,4097790.593,4097799.472,"Silva","NEON_D17_TEAK_DP1_322000_4097000_classified_point_cloud_colorized.laz","2018_TEAK_3_322000_4097000_image.tif","Tree",1,322000,322999.999,4097000,4097999.999
"10825",11179,322002.02,322007.898,4097793.509,4097798.993,"Silva","NEON_D17_TEAK_DP1_322000_4097000_classified_point_cloud_colorized.laz","2018_TEAK_3_322000_4097000_image.tif","Tree",1,322000,322999.999,4097000,4097999.999
"10826",11180,322023.575,322028.982,4097792.578,4097797.434,"Silva","NEON_D17_TEAK_DP1_322000_4097000_classified_point_cloud_colorized.laz","2018_TEAK_3_322000_4097000_image.tif","Tree",1,322000,322999.999,4097000,4097999.999
"10827",11181,322143.525,322148.957,4097787.005,4097792.487,"Silva","NEON_D17_TEAK_DP1_322000_4097000_classified_point_cloud_colorized.laz","2018_TEAK_3_322000_4097000_image.tif","Tree",1,322000,322999.999,4097000,4097999.999
"10828",11182,322088.962,322096.443,4097788.021,4097793.442,"Silva","NEON_D17_TEAK_DP1_322000_4097000_classified_point_cloud_colorized.laz","2018_TEAK_3_322000_4097000_image.tif","Tree",1,322000,322999.999,4097000,4097999.999
"10829",11183,322207.526,322210.436,4097786.569,4097791.992,"Silva","NEON_D17_TEAK_DP1_322000_4097000_classified_point_cloud_colorized.laz","2018_TEAK_3_322000_4097000_image.tif","Tree",1,322000,322999.999,4097000,4097999.999
"10830",11184,322219.625,322223.8,4097782.568,4097787.334,"Silva","NEON_D17_TEAK_DP1_322000_4097000_classified_point_cloud_colorized.laz","2018_TEAK_3_322000_4097000_image.tif","Tree",1,322000,322999.999,4097000,4097999.999
"10831",11185,322198.544,322204.933,4097781.511,4097788.471,"Silva","NEON_D17_TEAK_DP1_322000_4097000_classified_point_cloud_colorized.laz","2018_TEAK_3_322000_4097000_image.tif","Tree",1,322000,322999.999,4097000,4097999.999
"10832",11186,322093.581,322099.439,4097783.365,4097789.883,"Silva","NEON_D17_TEAK_DP1_322000_4097000_classified_point_cloud_colorized.laz","2018_TEAK_3_322000_4097000_image.tif","Tree",1,322000,322999.999,4097000,4097999.999
"10833",11187,322170.575,322180.975,4097778.024,4097790.36,"Silva","NEON_D17_TEAK_DP1_322000_4097000_classified_point_cloud_colorized.laz","2018_TEAK_3_322000_4097000_image.tif","Tree",1,322000,322999.999,4097000,4097999.999
"10834",11188,322000.029,322003.952,4097785.222,4097791.99,"Silva","NEON_D17_TEAK_DP1_322000_4097000_classified_point_cloud_colorized.laz","2018_TEAK_3_322000_4097000_image.tif","Tree",1,322000,322999.999,4097000,4097999.999
"10835",11189,322180.511,322183.399,4097780.084,4097787.444,"Silva","NEON_D17_TEAK_DP1_322000_4097000_classified_point_cloud_colorized.laz","2018_TEAK_3_322000_4097000_image.tif","Tree",1,322000,322999.999,4097000,4097999.999
"10836",11190,322065.693,322072.704,4097786.422,4097789.476,"Silva","NEON_D17_TEAK_DP1_322000_4097000_classified_point_cloud_colorized.laz","2018_TEAK_3_322000_4097000_image.tif","Tree",1,322000,322999.999,4097000,4097999.999
"10837",11191,322097.541,322104.011,4097779.023,4097785.845,"Silva","NEON_D17_TEAK_DP1_322000_4097000_classified_point_cloud_colorized.laz","2018_TEAK_3_322000_4097000_image.tif","Tree",1,322000,322999.999,4097000,4097999.999
"10838",11192,322203.002,322212.309,4097774.445,4097782.462,"Silva","NEON_D17_TEAK_DP1_322000_4097000_classified_point_cloud_colorized.laz","2018_TEAK_3_322000_4097000_image.tif","Tree",1,322000,322999.999,4097000,4097999.999
"10839",11193,322083.028,322091.408,4097776.006,4097784.487,"Silva","NEON_D17_TEAK_DP1_322000_4097000_classified_point_cloud_colorized.laz","2018_TEAK_3_322000_4097000_image.tif","Tree",1,322000,322999.999,4097000,4097999.999
"10840",11194,322103.511,322109.995,4097777.068,4097784.434,"Silva","NEON_D17_TEAK_DP1_322000_4097000_classified_point_cloud_colorized.laz","2018_TEAK_3_322000_4097000_image.tif","Tree",1,322000,322999.999,4097000,4097999.999
"10841",11195,322175.001,322181.546,4097776.118,4097780.707,"Silva","NEON_D17_TEAK_DP1_322000_4097000_classified_point_cloud_colorized.laz","2018_TEAK_3_322000_4097000_image.tif","Tree",1,322000,322999.999,4097000,4097999.999
"10842",11196,322142.68,322152.449,4097771.516,4097780.191,"Silva","NEON_D17_TEAK_DP1_322000_4097000_classified_point_cloud_colorized.laz","2018_TEAK_3_322000_4097000_image.tif","Tree",1,322000,322999.999,4097000,4097999.999
"10843",11198,322163.572,322168.987,4097771.069,4097775.788,"Silva","NEON_D17_TEAK_DP1_322000_4097000_classified_point_cloud_colorized.laz","2018_TEAK_3_322000_4097000_image.tif","Tree",1,322000,322999.999,4097000,4097999.999
"10844",11199,322138.542,322147.855,4097766.677,4097775.975,"Silva","NEON_D17_TEAK_DP1_322000_4097000_classified_point_cloud_colorized.laz","2018_TEAK_3_322000_4097000_image.tif","Tree",1,322000,322999.999,4097000,4097999.999
"10845",11200,322069.507,322080.973,4097768.032,4097777.995,"Silva","NEON_D17_TEAK_DP1_322000_4097000_classified_point_cloud_colorized.laz","2018_TEAK_3_322000_4097000_image.tif","Tree",1,322000,322999.999,4097000,4097999.999
"10846",11201,322110.028,322115.325,4097770.056,4097775.427,"Silva","NEON_D17_TEAK_DP1_322000_4097000_classified_point_cloud_colorized.laz","2018_TEAK_3_322000_4097000_image.tif","Tree",1,322000,322999.999,4097000,4097999.999
"10847",11202,322028.74,322034.988,4097769.935,4097778.889,"Silva","NEON_D17_TEAK_DP1_322000_4097000_classified_point_cloud_colorized.laz","2018_TEAK_3_322000_4097000_image.tif","Tree",1,322000,322999.999,4097000,4097999.999
"10848",11203,322219.05,322223.908,4097763.145,4097769.481,"Silva","NEON_D17_TEAK_DP1_322000_4097000_classified_point_cloud_colorized.laz","2018_TEAK_3_322000_4097000_image.tif","Tree",1,322000,322999.999,4097000,4097999.999
"10849",11204,322150.088,322155.951,4097763.004,4097770.881,"Silva","NEON_D17_TEAK_DP1_322000_4097000_classified_point_cloud_colorized.laz","2018_TEAK_3_322000_4097000_image.tif","Tree",1,322000,322999.999,4097000,4097999.999
"10850",11205,322000.013,322002.975,4097767.559,4097773.485,"Silva","NEON_D17_TEAK_DP1_322000_4097000_classified_point_cloud_colorized.laz","2018_TEAK_3_322000_4097000_image.tif","Tree",1,322000,322999.999,4097000,4097999.999
"10851",11206,322184.07,322190.478,4097759.046,4097765.936,"Silva","NEON_D17_TEAK_DP1_322000_4097000_classified_point_cloud_colorized.laz","2018_TEAK_3_322000_4097000_image.tif","Tree",1,322000,322999.999,4097000,4097999.999
"10852",11207,322118.044,322128.87,4097752.262,4097764.995,"Silva","NEON_D17_TEAK_DP1_322000_4097000_classified_point_cloud_colorized.laz","2018_TEAK_3_322000_4097000_image.tif","Tree",1,322000,322999.999,4097000,4097999.999
"10853",11210,322102.252,322102.252,4097756.338,4097756.338,"Silva","NEON_D17_TEAK_DP1_322000_4097000_classified_point_cloud_colorized.laz","2018_TEAK_3_322000_4097000_image.tif","Tree",1,322000,322999.999,4097000,4097999.999
"10854",11211,322026.001,322034.268,4097752.314,4097759.668,"Silva","NEON_D17_TEAK_DP1_322000_4097000_classified_point_cloud_colorized.laz","2018_TEAK_3_322000_4097000_image.tif","Tree",1,322000,322999.999,4097000,4097999.999
"10855",11212,322095.726,322097.925,4097753.254,4097755.315,"Silva","NEON_D17_TEAK_DP1_322000_4097000_classified_point_cloud_colorized.laz","2018_TEAK_3_322000_4097000_image.tif","Tree",1,322000,322999.999,4097000,4097999.999
"10856",11213,322140.025,322148.96,4097747.509,4097753.435,"Silva","NEON_D17_TEAK_DP1_322000_4097000_classified_point_cloud_colorized.laz","2018_TEAK_3_322000_4097000_image.tif","Tree",1,322000,322999.999,4097000,4097999.999
"10857",11214,322224.606,322227.477,4097747.064,4097749.438,"Silva","NEON_D17_TEAK_DP1_322000_4097000_classified_point_cloud_colorized.laz","2018_TEAK_3_322000_4097000_image.tif","Tree",1,322000,322999.999,4097000,4097999.999
"10858",11216,322071.558,322079.952,4097743.527,4097754.977,"Silva","NEON_D17_TEAK_DP1_322000_4097000_classified_point_cloud_colorized.laz","2018_TEAK_3_322000_4097000_image.tif","Tree",1,322000,322999.999,4097000,4097999.999
"10859",11217,322177.032,322183.406,4097742.573,4097751,"Silva","NEON_D17_TEAK_DP1_322000_4097000_classified_point_cloud_colorized.laz","2018_TEAK_3_322000_4097000_image.tif","Tree",1,322000,322999.999,4097000,4097999.999
"10860",11218,322138.043,322145.767,4097742.081,4097749.422,"Silva","NEON_D17_TEAK_DP1_322000_4097000_classified_point_cloud_colorized.laz","2018_TEAK_3_322000_4097000_image.tif","Tree",1,322000,322999.999,4097000,4097999.999
"10861",11219,322117.133,322124.918,4097739.023,4097746.448,"Silva","NEON_D17_TEAK_DP1_322000_4097000_classified_point_cloud_colorized.laz","2018_TEAK_3_322000_4097000_image.tif","Tree",1,322000,322999.999,4097000,4097999.999
"10862",11220,322132.109,322139.597,4097738.545,4097747.015,"Silva","NEON_D17_TEAK_DP1_322000_4097000_classified_point_cloud_colorized.laz","2018_TEAK_3_322000_4097000_image.tif","Tree",1,322000,322999.999,4097000,4097999.999
"10863",11221,322217.804,322224.743,4097733.666,4097743.493,"Silva","NEON_D17_TEAK_DP1_322000_4097000_classified_point_cloud_colorized.laz","2018_TEAK_3_322000_4097000_image.tif","Tree",1,322000,322999.999,4097000,4097999.999
"10864",11222,322046.165,322048.963,4097743.6,4097746.744,"Silva","NEON_D17_TEAK_DP1_322000_4097000_classified_point_cloud_colorized.laz","2018_TEAK_3_322000_4097000_image.tif","Tree",1,322000,322999.999,4097000,4097999.999
"10865",11223,322231.029,322241.479,4097730.551,4097743.353,"Silva","NEON_D17_TEAK_DP1_322000_4097000_classified_point_cloud_colorized.laz","2018_TEAK_3_322000_4097000_image.tif","Tree",1,322000,322999.999,4097000,4097999.999
"10866",11224,322089.014,322093.487,4097736.036,4097740.783,"Silva","NEON_D17_TEAK_DP1_322000_4097000_classified_point_cloud_colorized.laz","2018_TEAK_3_322000_4097000_image.tif","Tree",1,322000,322999.999,4097000,4097999.999
"10867",11225,322168.529,322173.989,4097733.033,4097738.494,"Silva","NEON_D17_TEAK_DP1_322000_4097000_classified_point_cloud_colorized.laz","2018_TEAK_3_322000_4097000_image.tif","Tree",1,322000,322999.999,4097000,4097999.999
"10868",11226,322114.106,322120.772,4097733.349,4097740.431,"Silva","NEON_D17_TEAK_DP1_322000_4097000_classified_point_cloud_colorized.laz","2018_TEAK_3_322000_4097000_image.tif","Tree",1,322000,322999.999,4097000,4097999.999
"10869",11227,322098.739,322105.983,4097734.006,4097741.171,"Silva","NEON_D17_TEAK_DP1_322000_4097000_classified_point_cloud_colorized.laz","2018_TEAK_3_322000_4097000_image.tif","Tree",1,322000,322999.999,4097000,4097999.999
"10870",11228,322120.106,322127.488,4097732.062,4097739.473,"Silva","NEON_D17_TEAK_DP1_322000_4097000_classified_point_cloud_colorized.laz","2018_TEAK_3_322000_4097000_image.tif","Tree",1,322000,322999.999,4097000,4097999.999
"10871",11229,322129.507,322136.267,4097729.172,4097736.496,"Silva","NEON_D17_TEAK_DP1_322000_4097000_classified_point_cloud_colorized.laz","2018_TEAK_3_322000_4097000_image.tif","Tree",1,322000,322999.999,4097000,4097999.999
"10872",11230,322193.502,322202.496,4097725.527,4097735.311,"Silva","NEON_D17_TEAK_DP1_322000_4097000_classified_point_cloud_colorized.laz","2018_TEAK_3_322000_4097000_image.tif","Tree",1,322000,322999.999,4097000,4097999.999
"10873",11231,322020.541,322022.98,4097732.577,4097735.341,"Silva","NEON_D17_TEAK_DP1_322000_4097000_classified_point_cloud_colorized.laz","2018_TEAK_3_322000_4097000_image.tif","Tree",1,322000,322999.999,4097000,4097999.999
"10874",11232,322155.581,322163.46,4097724.239,4097730.924,"Silva","NEON_D17_TEAK_DP1_322000_4097000_classified_point_cloud_colorized.laz","2018_TEAK_3_322000_4097000_image.tif","Tree",1,322000,322999.999,4097000,4097999.999
"10875",11233,322173.576,322185.972,4097721.641,4097731.475,"Silva","NEON_D17_TEAK_DP1_322000_4097000_classified_point_cloud_colorized.laz","2018_TEAK_3_322000_4097000_image.tif","Tree",1,322000,322999.999,4097000,4097999.999
"10876",11234,322144.706,322152.997,4097722.131,4097730.268,"Silva","NEON_D17_TEAK_DP1_322000_4097000_classified_point_cloud_colorized.laz","2018_TEAK_3_322000_4097000_image.tif","Tree",1,322000,322999.999,4097000,4097999.999
"10877",11235,322109.512,322110.857,4097725.725,4097726.493,"Silva","NEON_D17_TEAK_DP1_322000_4097000_classified_point_cloud_colorized.laz","2018_TEAK_3_322000_4097000_image.tif","Tree",1,322000,322999.999,4097000,4097999.999
"10878",11236,322226.077,322230.459,4097720.008,4097723.952,"Silva","NEON_D17_TEAK_DP1_322000_4097000_classified_point_cloud_colorized.laz","2018_TEAK_3_322000_4097000_image.tif","Tree",1,322000,322999.999,4097000,4097999.999
"10879",11237,322185.086,322193.34,4097718.528,4097726.815,"Silva","NEON_D17_TEAK_DP1_322000_4097000_classified_point_cloud_colorized.laz","2018_TEAK_3_322000_4097000_image.tif","Tree",1,322000,322999.999,4097000,4097999.999
"10880",11238,322176.409,322185.346,4097713.328,4097723.82,"Silva","NEON_D17_TEAK_DP1_322000_4097000_classified_point_cloud_colorized.laz","2018_TEAK_3_322000_4097000_image.tif","Tree",1,322000,322999.999,4097000,4097999.999
"10881",11239,322016.047,322024.256,4097722.513,4097729.96,"Silva","NEON_D17_TEAK_DP1_322000_4097000_classified_point_cloud_colorized.laz","2018_TEAK_3_322000_4097000_image.tif","Tree",1,322000,322999.999,4097000,4097999.999
"10882",11240,322244.767,322251.369,4097715.026,4097719.977,"Silva","NEON_D17_TEAK_DP1_322000_4097000_classified_point_cloud_colorized.laz","2018_TEAK_3_322000_4097000_image.tif","Tree",1,322000,322999.999,4097000,4097999.999
"10883",11241,322225.602,322230.489,4097716.768,4097720.491,"Silva","NEON_D17_TEAK_DP1_322000_4097000_classified_point_cloud_colorized.laz","2018_TEAK_3_322000_4097000_image.tif","Tree",1,322000,322999.999,4097000,4097999.999
"10884",11242,322210.066,322217.495,4097713.581,4097719.978,"Silva","NEON_D17_TEAK_DP1_322000_4097000_classified_point_cloud_colorized.laz","2018_TEAK_3_322000_4097000_image.tif","Tree",1,322000,322999.999,4097000,4097999.999
"10885",11243,322140.118,322147.888,4097715.421,4097723.25,"Silva","NEON_D17_TEAK_DP1_322000_4097000_classified_point_cloud_colorized.laz","2018_TEAK_3_322000_4097000_image.tif","Tree",1,322000,322999.999,4097000,4097999.999
"10886",11244,322055.519,322065.885,4097719.029,4097724.418,"Silva","NEON_D17_TEAK_DP1_322000_4097000_classified_point_cloud_colorized.laz","2018_TEAK_3_322000_4097000_image.tif","Tree",1,322000,322999.999,4097000,4097999.999
"10887",11246,322116.431,322120.938,4097715.533,4097721.776,"Silva","NEON_D17_TEAK_DP1_322000_4097000_classified_point_cloud_colorized.laz","2018_TEAK_3_322000_4097000_image.tif","Tree",1,322000,322999.999,4097000,4097999.999
"10888",11247,322250.715,322253.418,4097711.17,4097712.434,"Silva","NEON_D17_TEAK_DP1_322000_4097000_classified_point_cloud_colorized.laz","2018_TEAK_3_322000_4097000_image.tif","Tree",1,322000,322999.999,4097000,4097999.999
"10889",11248,322088.505,322090.464,4097715.015,4097716.929,"Silva","NEON_D17_TEAK_DP1_322000_4097000_classified_point_cloud_colorized.laz","2018_TEAK_3_322000_4097000_image.tif","Tree",1,322000,322999.999,4097000,4097999.999
"10890",11249,322219.027,322223.872,4097709.078,4097712.456,"Silva","NEON_D17_TEAK_DP1_322000_4097000_classified_point_cloud_colorized.laz","2018_TEAK_3_322000_4097000_image.tif","Tree",1,322000,322999.999,4097000,4097999.999
"10891",11250,322100.32,322104.36,4097711.047,4097715.413,"Silva","NEON_D17_TEAK_DP1_322000_4097000_classified_point_cloud_colorized.laz","2018_TEAK_3_322000_4097000_image.tif","Tree",1,322000,322999.999,4097000,4097999.999
"10892",11251,322151.586,322156.691,4097706.503,4097713.828,"Silva","NEON_D17_TEAK_DP1_322000_4097000_classified_point_cloud_colorized.laz","2018_TEAK_3_322000_4097000_image.tif","Tree",1,322000,322999.999,4097000,4097999.999
"10893",11252,322163.008,322171.323,4097708.082,4097712.476,"Silva","NEON_D17_TEAK_DP1_322000_4097000_classified_point_cloud_colorized.laz","2018_TEAK_3_322000_4097000_image.tif","Tree",1,322000,322999.999,4097000,4097999.999
"10894",11253,322179.03,322189.461,4097702.968,4097713.42,"Silva","NEON_D17_TEAK_DP1_322000_4097000_classified_point_cloud_colorized.laz","2018_TEAK_3_322000_4097000_image.tif","Tree",1,322000,322999.999,4097000,4097999.999
"10895",11254,322170.014,322180.878,4097698.931,4097712.862,"Silva","NEON_D17_TEAK_DP1_322000_4097000_classified_point_cloud_colorized.laz","2018_TEAK_3_322000_4097000_image.tif","Tree",1,322000,322999.999,4097000,4097999.999
"10896",11256,322089.505,322097.296,4097699.271,4097707.487,"Silva","NEON_D17_TEAK_DP1_322000_4097000_classified_point_cloud_colorized.laz","2018_TEAK_3_322000_4097000_image.tif","Tree",1,322000,322999.999,4097000,4097999.999
"10897",11257,322264.514,322264.838,4097699.73,4097699.917,"Silva","NEON_D17_TEAK_DP1_322000_4097000_classified_point_cloud_colorized.laz","2018_TEAK_3_322000_4097000_image.tif","Tree",1,322000,322999.999,4097000,4097999.999
"10898",11258,322137.169,322145.472,4097697.048,4097704.166,"Silva","NEON_D17_TEAK_DP1_322000_4097000_classified_point_cloud_colorized.laz","2018_TEAK_3_322000_4097000_image.tif","Tree",1,322000,322999.999,4097000,4097999.999
"10899",11259,322237.119,322242.322,4097692.636,4097698.494,"Silva","NEON_D17_TEAK_DP1_322000_4097000_classified_point_cloud_colorized.laz","2018_TEAK_3_322000_4097000_image.tif","Tree",1,322000,322999.999,4097000,4097999.999
"10900",11260,322096.573,322102.497,4097696.634,4097702.46,"Silva","NEON_D17_TEAK_DP1_322000_4097000_classified_point_cloud_colorized.laz","2018_TEAK_3_322000_4097000_image.tif","Tree",1,322000,322999.999,4097000,4097999.999
"10901",11261,322254.16,322258.423,4097688.707,4097694.491,"Silva","NEON_D17_TEAK_DP1_322000_4097000_classified_point_cloud_colorized.laz","2018_TEAK_3_322000_4097000_image.tif","Tree",1,322000,322999.999,4097000,4097999.999
"10902",11262,322158.582,322166.803,4097689.085,4097701.945,"Silva","NEON_D17_TEAK_DP1_322000_4097000_classified_point_cloud_colorized.laz","2018_TEAK_3_322000_4097000_image.tif","Tree",1,322000,322999.999,4097000,4097999.999
"10903",11263,322259.069,322265.103,4097687.603,4097691.648,"Silva","NEON_D17_TEAK_DP1_322000_4097000_classified_point_cloud_colorized.laz","2018_TEAK_3_322000_4097000_image.tif","Tree",1,322000,322999.999,4097000,4097999.999
"10904",11264,322126.075,322133.636,4097691.728,4097698.48,"Silva","NEON_D17_TEAK_DP1_322000_4097000_classified_point_cloud_colorized.laz","2018_TEAK_3_322000_4097000_image.tif","Tree",1,322000,322999.999,4097000,4097999.999
"10905",11265,322108.086,322110.309,4097695.022,4097697.489,"Silva","NEON_D17_TEAK_DP1_322000_4097000_classified_point_cloud_colorized.laz","2018_TEAK_3_322000_4097000_image.tif","Tree",1,322000,322999.999,4097000,4097999.999
"10906",11266,322265.1,322268.977,4097684.723,4097688.982,"Silva","NEON_D17_TEAK_DP1_322000_4097000_classified_point_cloud_colorized.laz","2018_TEAK_3_322000_4097000_image.tif","Tree",1,322000,322999.999,4097000,4097999.999
"10907",11267,322090.599,322095.741,4097689.038,4097691.374,"Silva","NEON_D17_TEAK_DP1_322000_4097000_classified_point_cloud_colorized.laz","2018_TEAK_3_322000_4097000_image.tif","Tree",1,322000,322999.999,4097000,4097999.999
"10908",11268,322259.105,322263.929,4097680.004,4097685.869,"Silva","NEON_D17_TEAK_DP1_322000_4097000_classified_point_cloud_colorized.laz","2018_TEAK_3_322000_4097000_image.tif","Tree",1,322000,322999.999,4097000,4097999.999
"10909",11269,322252.191,322257.106,4097680.297,4097687.574,"Silva","NEON_D17_TEAK_DP1_322000_4097000_classified_point_cloud_colorized.laz","2018_TEAK_3_322000_4097000_image.tif","Tree",1,322000,322999.999,4097000,4097999.999
"10910",11270,322124.229,322131.244,4097683.056,4097689.694,"Silva","NEON_D17_TEAK_DP1_322000_4097000_classified_point_cloud_colorized.laz","2018_TEAK_3_322000_4097000_image.tif","Tree",1,322000,322999.999,4097000,4097999.999
"10911",11271,322254.519,322260.682,4097676.029,4097682.496,"Silva","NEON_D17_TEAK_DP1_322000_4097000_classified_point_cloud_colorized.laz","2018_TEAK_3_322000_4097000_image.tif","Tree",1,322000,322999.999,4097000,4097999.999
"10912",11272,322268.048,322270.995,4097678.517,4097681.439,"Silva","NEON_D17_TEAK_DP1_322000_4097000_classified_point_cloud_colorized.laz","2018_TEAK_3_322000_4097000_image.tif","Tree",1,322000,322999.999,4097000,4097999.999
"10913",11273,322187.14,322189.337,4097680.606,4097682.736,"Silva","NEON_D17_TEAK_DP1_322000_4097000_classified_point_cloud_colorized.laz","2018_TEAK_3_322000_4097000_image.tif","Tree",1,322000,322999.999,4097000,4097999.999
"10914",11274,322139.503,322146.912,4097678.052,4097685,"Silva","NEON_D17_TEAK_DP1_322000_4097000_classified_point_cloud_colorized.laz","2018_TEAK_3_322000_4097000_image.tif","Tree",1,322000,322999.999,4097000,4097999.999
"10915",11275,322204.445,322214.432,4097673.14,4097684.911,"Silva","NEON_D17_TEAK_DP1_322000_4097000_classified_point_cloud_colorized.laz","2018_TEAK_3_322000_4097000_image.tif","Tree",1,322000,322999.999,4097000,4097999.999
"10916",11276,322128.051,322134.382,4097676.644,4097683.155,"Silva","NEON_D17_TEAK_DP1_322000_4097000_classified_point_cloud_colorized.laz","2018_TEAK_3_322000_4097000_image.tif","Tree",1,322000,322999.999,4097000,4097999.999
"10917",11277,322012.118,322022.995,4097681.034,4097691.971,"Silva","NEON_D17_TEAK_DP1_322000_4097000_classified_point_cloud_colorized.laz","2018_TEAK_3_322000_4097000_image.tif","Tree",1,322000,322999.999,4097000,4097999.999
"10918",11278,322197.524,322206.489,4097671.099,4097680.941,"Silva","NEON_D17_TEAK_DP1_322000_4097000_classified_point_cloud_colorized.laz","2018_TEAK_3_322000_4097000_image.tif","Tree",1,322000,322999.999,4097000,4097999.999
"10919",11279,322222,322228.28,4097672.18,4097677.758,"Silva","NEON_D17_TEAK_DP1_322000_4097000_classified_point_cloud_colorized.laz","2018_TEAK_3_322000_4097000_image.tif","Tree",1,322000,322999.999,4097000,4097999.999
"10920",11280,322005.017,322012.858,4097679.001,4097688.998,"Silva","NEON_D17_TEAK_DP1_322000_4097000_classified_point_cloud_colorized.laz","2018_TEAK_3_322000_4097000_image.tif","Tree",1,322000,322999.999,4097000,4097999.999
"10921",11281,322004.939,322004.939,4097683.113,4097683.113,"Silva","NEON_D17_TEAK_DP1_322000_4097000_classified_point_cloud_colorized.laz","2018_TEAK_3_322000_4097000_image.tif","Tree",1,322000,322999.999,4097000,4097999.999
"10922",11282,322228.074,322233.497,4097669.51,4097676.399,"Silva","NEON_D17_TEAK_DP1_322000_4097000_classified_point_cloud_colorized.laz","2018_TEAK_3_322000_4097000_image.tif","Tree",1,322000,322999.999,4097000,4097999.999
"10923",11283,322133.906,322140.419,4097671.534,4097679.976,"Silva","NEON_D17_TEAK_DP1_322000_4097000_classified_point_cloud_colorized.laz","2018_TEAK_3_322000_4097000_image.tif","Tree",1,322000,322999.999,4097000,4097999.999
"10924",11284,322098.043,322101.432,4097676.251,4097679.995,"Silva","NEON_D17_TEAK_DP1_322000_4097000_classified_point_cloud_colorized.laz","2018_TEAK_3_322000_4097000_image.tif","Tree",1,322000,322999.999,4097000,4097999.999
"10925",11285,322094.502,322098.388,4097674.523,4097678.77,"Silva","NEON_D17_TEAK_DP1_322000_4097000_classified_point_cloud_colorized.laz","2018_TEAK_3_322000_4097000_image.tif","Tree",1,322000,322999.999,4097000,4097999.999
"10926",11286,322103.005,322105.828,4097675.028,4097678.388,"Silva","NEON_D17_TEAK_DP1_322000_4097000_classified_point_cloud_colorized.laz","2018_TEAK_3_322000_4097000_image.tif","Tree",1,322000,322999.999,4097000,4097999.999
"10927",11287,322181.163,322190.004,4097665.041,4097675.469,"Silva","NEON_D17_TEAK_DP1_322000_4097000_classified_point_cloud_colorized.laz","2018_TEAK_3_322000_4097000_image.tif","Tree",1,322000,322999.999,4097000,4097999.999
"10928",11288,322173.531,322181.378,4097663.856,4097674.427,"Silva","NEON_D17_TEAK_DP1_322000_4097000_classified_point_cloud_colorized.laz","2018_TEAK_3_322000_4097000_image.tif","Tree",1,322000,322999.999,4097000,4097999.999
"10929",11289,322195.597,322203.811,4097663.705,4097671.389,"Silva","NEON_D17_TEAK_DP1_322000_4097000_classified_point_cloud_colorized.laz","2018_TEAK_3_322000_4097000_image.tif","Tree",1,322000,322999.999,4097000,4097999.999
"10930",11290,322166.817,322174.49,4097664.203,4097672.485,"Silva","NEON_D17_TEAK_DP1_322000_4097000_classified_point_cloud_colorized.laz","2018_TEAK_3_322000_4097000_image.tif","Tree",1,322000,322999.999,4097000,4097999.999
"10931",11291,322219.535,322225.334,4097662.073,4097667.916,"Silva","NEON_D17_TEAK_DP1_322000_4097000_classified_point_cloud_colorized.laz","2018_TEAK_3_322000_4097000_image.tif","Tree",1,322000,322999.999,4097000,4097999.999
"10932",11292,322123.544,322127.888,4097664.956,4097671.365,"Silva","NEON_D17_TEAK_DP1_322000_4097000_classified_point_cloud_colorized.laz","2018_TEAK_3_322000_4097000_image.tif","Tree",1,322000,322999.999,4097000,4097999.999
"10933",11293,322117.51,322123.459,4097665.004,4097671.364,"Silva","NEON_D17_TEAK_DP1_322000_4097000_classified_point_cloud_colorized.laz","2018_TEAK_3_322000_4097000_image.tif","Tree",1,322000,322999.999,4097000,4097999.999
"10934",11294,322242.563,322247.459,4097658.514,4097664.487,"Silva","NEON_D17_TEAK_DP1_322000_4097000_classified_point_cloud_colorized.laz","2018_TEAK_3_322000_4097000_image.tif","Tree",1,322000,322999.999,4097000,4097999.999
"10935",11295,322127.557,322134.421,4097659.014,4097666.373,"Silva","NEON_D17_TEAK_DP1_322000_4097000_classified_point_cloud_colorized.laz","2018_TEAK_3_322000_4097000_image.tif","Tree",1,322000,322999.999,4097000,4097999.999
"10936",11296,322101.736,322109.119,4097656.505,4097665.482,"Silva","NEON_D17_TEAK_DP1_322000_4097000_classified_point_cloud_colorized.laz","2018_TEAK_3_322000_4097000_image.tif","Tree",1,322000,322999.999,4097000,4097999.999
"10937",11297,322194.512,322203.383,4097650.113,4097658.472,"Silva","NEON_D17_TEAK_DP1_322000_4097000_classified_point_cloud_colorized.laz","2018_TEAK_3_322000_4097000_image.tif","Tree",1,322000,322999.999,4097000,4097999.999
"10938",11300,322054.528,322055.699,4097658.231,4097658.664,"Silva","NEON_D17_TEAK_DP1_322000_4097000_classified_point_cloud_colorized.laz","2018_TEAK_3_322000_4097000_image.tif","Tree",1,322000,322999.999,4097000,4097999.999
"10939",11301,322151.521,322163.39,4097646.634,4097659.319,"Silva","NEON_D17_TEAK_DP1_322000_4097000_classified_point_cloud_colorized.laz","2018_TEAK_3_322000_4097000_image.tif","Tree",1,322000,322999.999,4097000,4097999.999
"10940",11302,322169.563,322177.234,4097646.507,4097656.959,"Silva","NEON_D17_TEAK_DP1_322000_4097000_classified_point_cloud_colorized.laz","2018_TEAK_3_322000_4097000_image.tif","Tree",1,322000,322999.999,4097000,4097999.999
"10941",11303,322196,322208.221,4097640.143,4097654.905,"Silva","NEON_D17_TEAK_DP1_322000_4097000_classified_point_cloud_colorized.laz","2018_TEAK_3_322000_4097000_image.tif","Tree",1,322000,322999.999,4097000,4097999.999
"10942",11304,322228.511,322236.484,4097642.091,4097650.499,"Silva","NEON_D17_TEAK_DP1_322000_4097000_classified_point_cloud_colorized.laz","2018_TEAK_3_322000_4097000_image.tif","Tree",1,322000,322999.999,4097000,4097999.999
"10943",11305,322093.561,322101.945,4097648.104,4097655.449,"Silva","NEON_D17_TEAK_DP1_322000_4097000_classified_point_cloud_colorized.laz","2018_TEAK_3_322000_4097000_image.tif","Tree",1,322000,322999.999,4097000,4097999.999
"10944",11306,322254.001,322255.902,4097642.307,4097646.949,"Silva","NEON_D17_TEAK_DP1_322000_4097000_classified_point_cloud_colorized.laz","2018_TEAK_3_322000_4097000_image.tif","Tree",1,322000,322999.999,4097000,4097999.999
"10945",11307,322136.64,322145.882,4097641.588,4097652.147,"Silva","NEON_D17_TEAK_DP1_322000_4097000_classified_point_cloud_colorized.laz","2018_TEAK_3_322000_4097000_image.tif","Tree",1,322000,322999.999,4097000,4097999.999
"10946",11308,322181.582,322193.489,4097633.175,4097644.936,"Silva","NEON_D17_TEAK_DP1_322000_4097000_classified_point_cloud_colorized.laz","2018_TEAK_3_322000_4097000_image.tif","Tree",1,322000,322999.999,4097000,4097999.999
"10947",11309,322075.558,322087.541,4097639.728,4097649.4,"Silva","NEON_D17_TEAK_DP1_322000_4097000_classified_point_cloud_colorized.laz","2018_TEAK_3_322000_4097000_image.tif","Tree",1,322000,322999.999,4097000,4097999.999
"10948",11310,322236.815,322244.99,4097634.001,4097639.401,"Silva","NEON_D17_TEAK_DP1_322000_4097000_classified_point_cloud_colorized.laz","2018_TEAK_3_322000_4097000_image.tif","Tree",1,322000,322999.999,4097000,4097999.999
"10949",11311,322170.53,322181.493,4097633.458,4097643.914,"Silva","NEON_D17_TEAK_DP1_322000_4097000_classified_point_cloud_colorized.laz","2018_TEAK_3_322000_4097000_image.tif","Tree",1,322000,322999.999,4097000,4097999.999
"10950",11312,322000.012,322001.952,4097641.229,4097645.992,"Silva","NEON_D17_TEAK_DP1_322000_4097000_classified_point_cloud_colorized.laz","2018_TEAK_3_322000_4097000_image.tif","Tree",1,322000,322999.999,4097000,4097999.999
"10951",11313,322200.193,322212.991,4097630.012,4097640.496,"Silva","NEON_D17_TEAK_DP1_322000_4097000_classified_point_cloud_colorized.laz","2018_TEAK_3_322000_4097000_image.tif","Tree",1,322000,322999.999,4097000,4097999.999
"10952",11314,322069.849,322072.485,4097638.601,4097643.436,"Silva","NEON_D17_TEAK_DP1_322000_4097000_classified_point_cloud_colorized.laz","2018_TEAK_3_322000_4097000_image.tif","Tree",1,322000,322999.999,4097000,4097999.999
"10953",11316,322241.004,322247.813,4097626.502,4097632.378,"Silva","NEON_D17_TEAK_DP1_322000_4097000_classified_point_cloud_colorized.laz","2018_TEAK_3_322000_4097000_image.tif","Tree",1,322000,322999.999,4097000,4097999.999
"10954",11317,322000.036,322001.781,4097637.353,4097640.946,"Silva","NEON_D17_TEAK_DP1_322000_4097000_classified_point_cloud_colorized.laz","2018_TEAK_3_322000_4097000_image.tif","Tree",1,322000,322999.999,4097000,4097999.999
"10955",11318,322125.631,322136.475,4097625.019,4097636.194,"Silva","NEON_D17_TEAK_DP1_322000_4097000_classified_point_cloud_colorized.laz","2018_TEAK_3_322000_4097000_image.tif","Tree",1,322000,322999.999,4097000,4097999.999
"10956",11320,322203.557,322213.487,4097621.882,4097629.728,"Silva","NEON_D17_TEAK_DP1_322000_4097000_classified_point_cloud_colorized.laz","2018_TEAK_3_322000_4097000_image.tif","Tree",1,322000,322999.999,4097000,4097999.999
"10957",11321,322005.642,322009.705,4097633.433,4097637.955,"Silva","NEON_D17_TEAK_DP1_322000_4097000_classified_point_cloud_colorized.laz","2018_TEAK_3_322000_4097000_image.tif","Tree",1,322000,322999.999,4097000,4097999.999
"10958",11322,322217.571,322227.867,4097622.544,4097628.953,"Silva","NEON_D17_TEAK_DP1_322000_4097000_classified_point_cloud_colorized.laz","2018_TEAK_3_322000_4097000_image.tif","Tree",1,322000,322999.999,4097000,4097999.999
"10959",11323,322194.168,322200.435,4097623.016,4097628.962,"Silva","NEON_D17_TEAK_DP1_322000_4097000_classified_point_cloud_colorized.laz","2018_TEAK_3_322000_4097000_image.tif","Tree",1,322000,322999.999,4097000,4097999.999
"10960",11324,322188.507,322193.761,4097621.593,4097627.236,"Silva","NEON_D17_TEAK_DP1_322000_4097000_classified_point_cloud_colorized.laz","2018_TEAK_3_322000_4097000_image.tif","Tree",1,322000,322999.999,4097000,4097999.999
"10961",11325,322058.522,322067.8,4097623.779,4097635.794,"Silva","NEON_D17_TEAK_DP1_322000_4097000_classified_point_cloud_colorized.laz","2018_TEAK_3_322000_4097000_image.tif","Tree",1,322000,322999.999,4097000,4097999.999
"10962",11326,322045.173,322046.421,4097630.896,4097631.94,"Silva","NEON_D17_TEAK_DP1_322000_4097000_classified_point_cloud_colorized.laz","2018_TEAK_3_322000_4097000_image.tif","Tree",1,322000,322999.999,4097000,4097999.999
"10963",11327,322015.792,322017.972,4097630.558,4097632.937,"Silva","NEON_D17_TEAK_DP1_322000_4097000_classified_point_cloud_colorized.laz","2018_TEAK_3_322000_4097000_image.tif","Tree",1,322000,322999.999,4097000,4097999.999
"10964",11328,322084.538,322091.424,4097624.569,4097633.499,"Silva","NEON_D17_TEAK_DP1_322000_4097000_classified_point_cloud_colorized.laz","2018_TEAK_3_322000_4097000_image.tif","Tree",1,322000,322999.999,4097000,4097999.999
"10965",11329,322151.002,322156.458,4097627.027,4097629.493,"Silva","NEON_D17_TEAK_DP1_322000_4097000_classified_point_cloud_colorized.laz","2018_TEAK_3_322000_4097000_image.tif","Tree",1,322000,322999.999,4097000,4097999.999
"10966",11330,322109.588,322113.27,4097623.011,4097628.413,"Silva","NEON_D17_TEAK_DP1_322000_4097000_classified_point_cloud_colorized.laz","2018_TEAK_3_322000_4097000_image.tif","Tree",1,322000,322999.999,4097000,4097999.999
"10967",11331,322165.513,322176.956,4097615.01,4097630.505,"Silva","NEON_D17_TEAK_DP1_322000_4097000_classified_point_cloud_colorized.laz","2018_TEAK_3_322000_4097000_image.tif","Tree",1,322000,322999.999,4097000,4097999.999
"10968",11332,322013.591,322014.887,4097628.515,4097630.947,"Silva","NEON_D17_TEAK_DP1_322000_4097000_classified_point_cloud_colorized.laz","2018_TEAK_3_322000_4097000_image.tif","Tree",1,322000,322999.999,4097000,4097999.999
"10969",11333,322072.07,322075.494,4097623.551,4097628.449,"Silva","NEON_D17_TEAK_DP1_322000_4097000_classified_point_cloud_colorized.laz","2018_TEAK_3_322000_4097000_image.tif","Tree",1,322000,322999.999,4097000,4097999.999
"10970",11334,322079.581,322085.808,4097623.156,4097628.586,"Silva","NEON_D17_TEAK_DP1_322000_4097000_classified_point_cloud_colorized.laz","2018_TEAK_3_322000_4097000_image.tif","Tree",1,322000,322999.999,4097000,4097999.999
"10971",11335,322199.554,322208.459,4097616.151,4097624.472,"Silva","NEON_D17_TEAK_DP1_322000_4097000_classified_point_cloud_colorized.laz","2018_TEAK_3_322000_4097000_image.tif","Tree",1,322000,322999.999,4097000,4097999.999
"10972",11336,322210.529,322218.952,4097617.006,4097627.356,"Silva","NEON_D17_TEAK_DP1_322000_4097000_classified_point_cloud_colorized.laz","2018_TEAK_3_322000_4097000_image.tif","Tree",1,322000,322999.999,4097000,4097999.999
"10973",11337,322158.393,322160.967,4097625.86,4097626.466,"Silva","NEON_D17_TEAK_DP1_322000_4097000_classified_point_cloud_colorized.laz","2018_TEAK_3_322000_4097000_image.tif","Tree",1,322000,322999.999,4097000,4097999.999
"10974",11339,322014.145,322016.413,4097624.059,4097627.211,"Silva","NEON_D17_TEAK_DP1_322000_4097000_classified_point_cloud_colorized.laz","2018_TEAK_3_322000_4097000_image.tif","Tree",1,322000,322999.999,4097000,4097999.999
"10975",11340,322174.018,322182.35,4097613.578,4097623.981,"Silva","NEON_D17_TEAK_DP1_322000_4097000_classified_point_cloud_colorized.laz","2018_TEAK_3_322000_4097000_image.tif","Tree",1,322000,322999.999,4097000,4097999.999
"10976",11341,322210.056,322219.739,4097611.502,4097617.42,"Silva","NEON_D17_TEAK_DP1_322000_4097000_classified_point_cloud_colorized.laz","2018_TEAK_3_322000_4097000_image.tif","Tree",1,322000,322999.999,4097000,4097999.999
"10977",11342,322201.344,322210.279,4097611.608,4097620.277,"Silva","NEON_D17_TEAK_DP1_322000_4097000_classified_point_cloud_colorized.laz","2018_TEAK_3_322000_4097000_image.tif","Tree",1,322000,322999.999,4097000,4097999.999
"10978",11343,322182.028,322188.424,4097612.584,4097620.878,"Silva","NEON_D17_TEAK_DP1_322000_4097000_classified_point_cloud_colorized.laz","2018_TEAK_3_322000_4097000_image.tif","Tree",1,322000,322999.999,4097000,4097999.999
"10979",11344,322096.727,322102.638,4097616.55,4097621.486,"Silva","NEON_D17_TEAK_DP1_322000_4097000_classified_point_cloud_colorized.laz","2018_TEAK_3_322000_4097000_image.tif","Tree",1,322000,322999.999,4097000,4097999.999
"10980",11345,322154.554,322161.416,4097612.518,4097619.489,"Silva","NEON_D17_TEAK_DP1_322000_4097000_classified_point_cloud_colorized.laz","2018_TEAK_3_322000_4097000_image.tif","Tree",1,322000,322999.999,4097000,4097999.999
"10981",11346,322223.55,322233.121,4097609.574,4097615.804,"Silva","NEON_D17_TEAK_DP1_322000_4097000_classified_point_cloud_colorized.laz","2018_TEAK_3_322000_4097000_image.tif","Tree",1,322000,322999.999,4097000,4097999.999
"10982",11347,322101.23,322108.997,4097613.272,4097619.938,"Silva","NEON_D17_TEAK_DP1_322000_4097000_classified_point_cloud_colorized.laz","2018_TEAK_3_322000_4097000_image.tif","Tree",1,322000,322999.999,4097000,4097999.999
"10983",11348,322046.021,322051.964,4097616.632,4097621.41,"Silva","NEON_D17_TEAK_DP1_322000_4097000_classified_point_cloud_colorized.laz","2018_TEAK_3_322000_4097000_image.tif","Tree",1,322000,322999.999,4097000,4097999.999
"10984",11349,322228.024,322233.49,4097605.666,4097612.466,"Silva","NEON_D17_TEAK_DP1_322000_4097000_classified_point_cloud_colorized.laz","2018_TEAK_3_322000_4097000_image.tif","Tree",1,322000,322999.999,4097000,4097999.999
"10985",11350,322233.006,322240.794,4097606.502,4097614.805,"Silva","NEON_D17_TEAK_DP1_322000_4097000_classified_point_cloud_colorized.laz","2018_TEAK_3_322000_4097000_image.tif","Tree",1,322000,322999.999,4097000,4097999.999
"10986",11351,322215.239,322222.433,4097604.028,4097611.487,"Silva","NEON_D17_TEAK_DP1_322000_4097000_classified_point_cloud_colorized.laz","2018_TEAK_3_322000_4097000_image.tif","Tree",1,322000,322999.999,4097000,4097999.999
"10987",11352,322185.602,322192.791,4097603.514,4097609.477,"Silva","NEON_D17_TEAK_DP1_322000_4097000_classified_point_cloud_colorized.laz","2018_TEAK_3_322000_4097000_image.tif","Tree",1,322000,322999.999,4097000,4097999.999
"10988",11353,322232.029,322237.222,4097603.145,4097607.489,"Silva","NEON_D17_TEAK_DP1_322000_4097000_classified_point_cloud_colorized.laz","2018_TEAK_3_322000_4097000_image.tif","Tree",1,322000,322999.999,4097000,4097999.999
"10989",11354,322165.567,322175.468,4097600.01,4097614.949,"Silva","NEON_D17_TEAK_DP1_322000_4097000_classified_point_cloud_colorized.laz","2018_TEAK_3_322000_4097000_image.tif","Tree",1,322000,322999.999,4097000,4097999.999
"10990",11355,322207.013,322215.418,4097600.692,4097610.282,"Silva","NEON_D17_TEAK_DP1_322000_4097000_classified_point_cloud_colorized.laz","2018_TEAK_3_322000_4097000_image.tif","Tree",1,322000,322999.999,4097000,4097999.999
"10991",11356,322176.254,322185.992,4097599.081,4097608.866,"Silva","NEON_D17_TEAK_DP1_322000_4097000_classified_point_cloud_colorized.laz","2018_TEAK_3_322000_4097000_image.tif","Tree",1,322000,322999.999,4097000,4097999.999
"10992",11357,322034.027,322036.916,4097608.702,4097612.861,"Silva","NEON_D17_TEAK_DP1_322000_4097000_classified_point_cloud_colorized.laz","2018_TEAK_3_322000_4097000_image.tif","Tree",1,322000,322999.999,4097000,4097999.999
"10993",11358,322127.607,322138.186,4097601.502,4097611.867,"Silva","NEON_D17_TEAK_DP1_322000_4097000_classified_point_cloud_colorized.laz","2018_TEAK_3_322000_4097000_image.tif","Tree",1,322000,322999.999,4097000,4097999.999
"10994",11359,322233.249,322238.491,4097598.061,4097602.922,"Silva","NEON_D17_TEAK_DP1_322000_4097000_classified_point_cloud_colorized.laz","2018_TEAK_3_322000_4097000_image.tif","Tree",1,322000,322999.999,4097000,4097999.999
"10995",11360,322250.759,322252.897,4097599.066,4097601.804,"Silva","NEON_D17_TEAK_DP1_322000_4097000_classified_point_cloud_colorized.laz","2018_TEAK_3_322000_4097000_image.tif","Tree",1,322000,322999.999,4097000,4097999.999
"10996",11361,322238.531,322243.494,4097598.014,4097603.921,"Silva","NEON_D17_TEAK_DP1_322000_4097000_classified_point_cloud_colorized.laz","2018_TEAK_3_322000_4097000_image.tif","Tree",1,322000,322999.999,4097000,4097999.999
"10997",11362,322136.189,322141.948,4097601.153,4097608.385,"Silva","NEON_D17_TEAK_DP1_322000_4097000_classified_point_cloud_colorized.laz","2018_TEAK_3_322000_4097000_image.tif","Tree",1,322000,322999.999,4097000,4097999.999
"10998",11363,322098.6,322103.278,4097602.003,4097608.528,"Silva","NEON_D17_TEAK_DP1_322000_4097000_classified_point_cloud_colorized.laz","2018_TEAK_3_322000_4097000_image.tif","Tree",1,322000,322999.999,4097000,4097999.999
"10999",11364,322170.31,322184.463,4097596.524,4097605.448,"Silva","NEON_D17_TEAK_DP1_322000_4097000_classified_point_cloud_colorized.laz","2018_TEAK_3_322000_4097000_image.tif","Tree",1,322000,322999.999,4097000,4097999.999
"11000",11365,322208.162,322217.49,4097595.616,4097602.476,"Silva","NEON_D17_TEAK_DP1_322000_4097000_classified_point_cloud_colorized.laz","2018_TEAK_3_322000_4097000_image.tif","Tree",1,322000,322999.999,4097000,4097999.999
"11001",11366,322068.306,322069.444,4097604.733,4097605.368,"Silva","NEON_D17_TEAK_DP1_322000_4097000_classified_point_cloud_colorized.laz","2018_TEAK_3_322000_4097000_image.tif","Tree",1,322000,322999.999,4097000,4097999.999
"11002",11367,322195.515,322202.7,4097595.099,4097598.749,"Silva","NEON_D17_TEAK_DP1_322000_4097000_classified_point_cloud_colorized.laz","2018_TEAK_3_322000_4097000_image.tif","Tree",1,322000,322999.999,4097000,4097999.999
"11003",11368,322059.782,322065.984,4097599.502,4097606.478,"Silva","NEON_D17_TEAK_DP1_322000_4097000_classified_point_cloud_colorized.laz","2018_TEAK_3_322000_4097000_image.tif","Tree",1,322000,322999.999,4097000,4097999.999
"11004",11369,322225.645,322231.758,4097591.092,4097598.941,"Silva","NEON_D17_TEAK_DP1_322000_4097000_classified_point_cloud_colorized.laz","2018_TEAK_3_322000_4097000_image.tif","Tree",1,322000,322999.999,4097000,4097999.999
"11005",11370,322201.08,322207.982,4097592.173,4097600.13,"Silva","NEON_D17_TEAK_DP1_322000_4097000_classified_point_cloud_colorized.laz","2018_TEAK_3_322000_4097000_image.tif","Tree",1,322000,322999.999,4097000,4097999.999
"11006",11371,322088.524,322097.947,4097595.015,4097603.993,"Silva","NEON_D17_TEAK_DP1_322000_4097000_classified_point_cloud_colorized.laz","2018_TEAK_3_322000_4097000_image.tif","Tree",1,322000,322999.999,4097000,4097999.999
"11007",11372,322077.519,322081.985,4097598.048,4097602.983,"Silva","NEON_D17_TEAK_DP1_322000_4097000_classified_point_cloud_colorized.laz","2018_TEAK_3_322000_4097000_image.tif","Tree",1,322000,322999.999,4097000,4097999.999
"11008",11373,322143.048,322150.211,4097593.465,4097600.226,"Silva","NEON_D17_TEAK_DP1_322000_4097000_classified_point_cloud_colorized.laz","2018_TEAK_3_322000_4097000_image.tif","Tree",1,322000,322999.999,4097000,4097999.999
"11009",11374,322208.219,322214.852,4097589.02,4097597.499,"Silva","NEON_D17_TEAK_DP1_322000_4097000_classified_point_cloud_colorized.laz","2018_TEAK_3_322000_4097000_image.tif","Tree",1,322000,322999.999,4097000,4097999.999
"11010",11375,322127.108,322136.982,4097592.271,4097602.659,"Silva","NEON_D17_TEAK_DP1_322000_4097000_classified_point_cloud_colorized.laz","2018_TEAK_3_322000_4097000_image.tif","Tree",1,322000,322999.999,4097000,4097999.999
"11011",11376,322000.043,322000.774,4097604.521,4097606.108,"Silva","NEON_D17_TEAK_DP1_322000_4097000_classified_point_cloud_colorized.laz","2018_TEAK_3_322000_4097000_image.tif","Tree",1,322000,322999.999,4097000,4097999.999
"11012",11377,322248.526,322251.226,4097589.222,4097592.324,"Silva","NEON_D17_TEAK_DP1_322000_4097000_classified_point_cloud_colorized.laz","2018_TEAK_3_322000_4097000_image.tif","Tree",1,322000,322999.999,4097000,4097999.999
"11013",11378,322064.028,322069.474,4097594.548,4097601.406,"Silva","NEON_D17_TEAK_DP1_322000_4097000_classified_point_cloud_colorized.laz","2018_TEAK_3_322000_4097000_image.tif","Tree",1,322000,322999.999,4097000,4097999.999
"11014",11379,322140.791,322147.293,4097591.096,4097598.425,"Silva","NEON_D17_TEAK_DP1_322000_4097000_classified_point_cloud_colorized.laz","2018_TEAK_3_322000_4097000_image.tif","Tree",1,322000,322999.999,4097000,4097999.999
"11015",11380,322214.252,322221.299,4097587.572,4097593.995,"Silva","NEON_D17_TEAK_DP1_322000_4097000_classified_point_cloud_colorized.laz","2018_TEAK_3_322000_4097000_image.tif","Tree",1,322000,322999.999,4097000,4097999.999
"11016",11381,322051.501,322056.882,4097595.004,4097600.469,"Silva","NEON_D17_TEAK_DP1_322000_4097000_classified_point_cloud_colorized.laz","2018_TEAK_3_322000_4097000_image.tif","Tree",1,322000,322999.999,4097000,4097999.999
"11017",11382,322116.281,322122.413,4097591.509,4097596.929,"Silva","NEON_D17_TEAK_DP1_322000_4097000_classified_point_cloud_colorized.laz","2018_TEAK_3_322000_4097000_image.tif","Tree",1,322000,322999.999,4097000,4097999.999
"11018",11383,322172.083,322179.407,4097586.576,4097593.853,"Silva","NEON_D17_TEAK_DP1_322000_4097000_classified_point_cloud_colorized.laz","2018_TEAK_3_322000_4097000_image.tif","Tree",1,322000,322999.999,4097000,4097999.999
"11019",11384,322182.586,322193.457,4097583.622,4097592.3,"Silva","NEON_D17_TEAK_DP1_322000_4097000_classified_point_cloud_colorized.laz","2018_TEAK_3_322000_4097000_image.tif","Tree",1,322000,322999.999,4097000,4097999.999
"11020",11385,322157.532,322164.968,4097584.502,4097593.859,"Silva","NEON_D17_TEAK_DP1_322000_4097000_classified_point_cloud_colorized.laz","2018_TEAK_3_322000_4097000_image.tif","Tree",1,322000,322999.999,4097000,4097999.999
"11021",11386,322237.508,322240.975,4097582.179,4097587.499,"Silva","NEON_D17_TEAK_DP1_322000_4097000_classified_point_cloud_colorized.laz","2018_TEAK_3_322000_4097000_image.tif","Tree",1,322000,322999.999,4097000,4097999.999
"11022",11387,322209.028,322216.495,4097582.041,4097589.577,"Silva","NEON_D17_TEAK_DP1_322000_4097000_classified_point_cloud_colorized.laz","2018_TEAK_3_322000_4097000_image.tif","Tree",1,322000,322999.999,4097000,4097999.999
"11023",11388,322154.046,322157.498,4097585.159,4097594.319,"Silva","NEON_D17_TEAK_DP1_322000_4097000_classified_point_cloud_colorized.laz","2018_TEAK_3_322000_4097000_image.tif","Tree",1,322000,322999.999,4097000,4097999.999
"11024",11389,322222.517,322227.951,4097581.591,4097586.944,"Silva","NEON_D17_TEAK_DP1_322000_4097000_classified_point_cloud_colorized.laz","2018_TEAK_3_322000_4097000_image.tif","Tree",1,322000,322999.999,4097000,4097999.999
"11025",11390,322217.281,322222.455,4097582.145,4097587.473,"Silva","NEON_D17_TEAK_DP1_322000_4097000_classified_point_cloud_colorized.laz","2018_TEAK_3_322000_4097000_image.tif","Tree",1,322000,322999.999,4097000,4097999.999
"11026",11391,322175.871,322184.479,4097581.511,4097588.224,"Silva","NEON_D17_TEAK_DP1_322000_4097000_classified_point_cloud_colorized.laz","2018_TEAK_3_322000_4097000_image.tif","Tree",1,322000,322999.999,4097000,4097999.999
"11027",11392,322105.047,322109.465,4097585.008,4097589.43,"Silva","NEON_D17_TEAK_DP1_322000_4097000_classified_point_cloud_colorized.laz","2018_TEAK_3_322000_4097000_image.tif","Tree",1,322000,322999.999,4097000,4097999.999
"11028",11393,322204.006,322211.977,4097579.017,4097585.11,"Silva","NEON_D17_TEAK_DP1_322000_4097000_classified_point_cloud_colorized.laz","2018_TEAK_3_322000_4097000_image.tif","Tree",1,322000,322999.999,4097000,4097999.999
"11029",11394,322140.001,322146.964,4097581.031,4097587.261,"Silva","NEON_D17_TEAK_DP1_322000_4097000_classified_point_cloud_colorized.laz","2018_TEAK_3_322000_4097000_image.tif","Tree",1,322000,322999.999,4097000,4097999.999
"11030",11395,322000.004,322002.305,4097588.754,4097593.424,"Silva","NEON_D17_TEAK_DP1_322000_4097000_classified_point_cloud_colorized.laz","2018_TEAK_3_322000_4097000_image.tif","Tree",1,322000,322999.999,4097000,4097999.999
"11031",11396,322222.044,322228.495,4097576.1,4097581.997,"Silva","NEON_D17_TEAK_DP1_322000_4097000_classified_point_cloud_colorized.laz","2018_TEAK_3_322000_4097000_image.tif","Tree",1,322000,322999.999,4097000,4097999.999
"11032",11397,322025.03,322026.931,4097588.151,4097589.832,"Silva","NEON_D17_TEAK_DP1_322000_4097000_classified_point_cloud_colorized.laz","2018_TEAK_3_322000_4097000_image.tif","Tree",1,322000,322999.999,4097000,4097999.999
"11033",11398,322108.171,322110.481,4097582.598,4097585.225,"Silva","NEON_D17_TEAK_DP1_322000_4097000_classified_point_cloud_colorized.laz","2018_TEAK_3_322000_4097000_image.tif","Tree",1,322000,322999.999,4097000,4097999.999
"11034",11399,322179.213,322188.435,4097576.025,4097583.997,"Silva","NEON_D17_TEAK_DP1_322000_4097000_classified_point_cloud_colorized.laz","2018_TEAK_3_322000_4097000_image.tif","Tree",1,322000,322999.999,4097000,4097999.999
"11035",11400,322000.018,322002.354,4097584.19,4097588.299,"Silva","NEON_D17_TEAK_DP1_322000_4097000_classified_point_cloud_colorized.laz","2018_TEAK_3_322000_4097000_image.tif","Tree",1,322000,322999.999,4097000,4097999.999
"11036",11401,322159.389,322165.996,4097574.827,4097584.169,"Silva","NEON_D17_TEAK_DP1_322000_4097000_classified_point_cloud_colorized.laz","2018_TEAK_3_322000_4097000_image.tif","Tree",1,322000,322999.999,4097000,4097999.999
"11037",11402,322117.297,322123.909,4097577.196,4097583.441,"Silva","NEON_D17_TEAK_DP1_322000_4097000_classified_point_cloud_colorized.laz","2018_TEAK_3_322000_4097000_image.tif","Tree",1,322000,322999.999,4097000,4097999.999
"11038",11403,322186.647,322192.279,4097571.516,4097581.827,"Silva","NEON_D17_TEAK_DP1_322000_4097000_classified_point_cloud_colorized.laz","2018_TEAK_3_322000_4097000_image.tif","Tree",1,322000,322999.999,4097000,4097999.999
"11039",11404,322201.625,322208.474,4097569.232,4097578.45,"Silva","NEON_D17_TEAK_DP1_322000_4097000_classified_point_cloud_colorized.laz","2018_TEAK_3_322000_4097000_image.tif","Tree",1,322000,322999.999,4097000,4097999.999
"11040",11405,322099.847,322101.996,4097576.037,4097577.505,"Silva","NEON_D17_TEAK_DP1_322000_4097000_classified_point_cloud_colorized.laz","2018_TEAK_3_322000_4097000_image.tif","Tree",1,322000,322999.999,4097000,4097999.999
"11041",11406,322210.753,322217.261,4097569.569,4097575.972,"Silva","NEON_D17_TEAK_DP1_322000_4097000_classified_point_cloud_colorized.laz","2018_TEAK_3_322000_4097000_image.tif","Tree",1,322000,322999.999,4097000,4097999.999
"11042",11407,322178.697,322187.425,4097571.007,4097576.43,"Silva","NEON_D17_TEAK_DP1_322000_4097000_classified_point_cloud_colorized.laz","2018_TEAK_3_322000_4097000_image.tif","Tree",1,322000,322999.999,4097000,4097999.999
"11043",11408,322111.017,322116.812,4097572.724,4097579.5,"Silva","NEON_D17_TEAK_DP1_322000_4097000_classified_point_cloud_colorized.laz","2018_TEAK_3_322000_4097000_image.tif","Tree",1,322000,322999.999,4097000,4097999.999
"11044",11409,322195.566,322203.97,4097566.474,4097574.874,"Silva","NEON_D17_TEAK_DP1_322000_4097000_classified_point_cloud_colorized.laz","2018_TEAK_3_322000_4097000_image.tif","Tree",1,322000,322999.999,4097000,4097999.999
"11045",11410,322216.5,322221.857,4097568.511,4097572.672,"Silva","NEON_D17_TEAK_DP1_322000_4097000_classified_point_cloud_colorized.laz","2018_TEAK_3_322000_4097000_image.tif","Tree",1,322000,322999.999,4097000,4097999.999
"11046",11411,322025.047,322027.489,4097578.036,4097580.413,"Silva","NEON_D17_TEAK_DP1_322000_4097000_classified_point_cloud_colorized.laz","2018_TEAK_3_322000_4097000_image.tif","Tree",1,322000,322999.999,4097000,4097999.999
"11047",11412,322152,322158.426,4097567.518,4097574.495,"Silva","NEON_D17_TEAK_DP1_322000_4097000_classified_point_cloud_colorized.laz","2018_TEAK_3_322000_4097000_image.tif","Tree",1,322000,322999.999,4097000,4097999.999
"11048",11413,322133.002,322138.488,4097568.514,4097576.362,"Silva","NEON_D17_TEAK_DP1_322000_4097000_classified_point_cloud_colorized.laz","2018_TEAK_3_322000_4097000_image.tif","Tree",1,322000,322999.999,4097000,4097999.999
"11049",11414,322004.589,322010.955,4097574.904,4097582.484,"Silva","NEON_D17_TEAK_DP1_322000_4097000_classified_point_cloud_colorized.laz","2018_TEAK_3_322000_4097000_image.tif","Tree",1,322000,322999.999,4097000,4097999.999
"11050",11415,322098.175,322104.793,4097568.522,4097577.259,"Silva","NEON_D17_TEAK_DP1_322000_4097000_classified_point_cloud_colorized.laz","2018_TEAK_3_322000_4097000_image.tif","Tree",1,322000,322999.999,4097000,4097999.999
"11051",11416,322189.516,322196.944,4097564.505,4097572.438,"Silva","NEON_D17_TEAK_DP1_322000_4097000_classified_point_cloud_colorized.laz","2018_TEAK_3_322000_4097000_image.tif","Tree",1,322000,322999.999,4097000,4097999.999
"11052",11417,322051.505,322057.453,4097571.563,4097577.988,"Silva","NEON_D17_TEAK_DP1_322000_4097000_classified_point_cloud_colorized.laz","2018_TEAK_3_322000_4097000_image.tif","Tree",1,322000,322999.999,4097000,4097999.999
"11053",11418,322101.529,322110.349,4097565.696,4097574.492,"Silva","NEON_D17_TEAK_DP1_322000_4097000_classified_point_cloud_colorized.laz","2018_TEAK_3_322000_4097000_image.tif","Tree",1,322000,322999.999,4097000,4097999.999
"11054",11419,322110.539,322120.491,4097568.117,4097573.978,"Silva","NEON_D17_TEAK_DP1_322000_4097000_classified_point_cloud_colorized.laz","2018_TEAK_3_322000_4097000_image.tif","Tree",1,322000,322999.999,4097000,4097999.999
"11055",11420,322234.519,322244.461,4097560.677,4097568.447,"Silva","NEON_D17_TEAK_DP1_322000_4097000_classified_point_cloud_colorized.laz","2018_TEAK_3_322000_4097000_image.tif","Tree",1,322000,322999.999,4097000,4097999.999
"11056",11421,322036.389,322042.892,4097570.527,4097578.481,"Silva","NEON_D17_TEAK_DP1_322000_4097000_classified_point_cloud_colorized.laz","2018_TEAK_3_322000_4097000_image.tif","Tree",1,322000,322999.999,4097000,4097999.999
"11057",11422,322213.715,322220.372,4097561.085,4097567.798,"Silva","NEON_D17_TEAK_DP1_322000_4097000_classified_point_cloud_colorized.laz","2018_TEAK_3_322000_4097000_image.tif","Tree",1,322000,322999.999,4097000,4097999.999
"11058",11423,322120.68,322128.476,4097562.534,4097574.021,"Silva","NEON_D17_TEAK_DP1_322000_4097000_classified_point_cloud_colorized.laz","2018_TEAK_3_322000_4097000_image.tif","Tree",1,322000,322999.999,4097000,4097999.999
"11059",11424,322083.005,322087.492,4097568.12,4097573.357,"Silva","NEON_D17_TEAK_DP1_322000_4097000_classified_point_cloud_colorized.laz","2018_TEAK_3_322000_4097000_image.tif","Tree",1,322000,322999.999,4097000,4097999.999
"11060",11425,322181.298,322189.451,4097559.516,4097569.236,"Silva","NEON_D17_TEAK_DP1_322000_4097000_classified_point_cloud_colorized.laz","2018_TEAK_3_322000_4097000_image.tif","Tree",1,322000,322999.999,4097000,4097999.999
"11061",11426,322206.188,322213.444,4097561.03,4097567.474,"Silva","NEON_D17_TEAK_DP1_322000_4097000_classified_point_cloud_colorized.laz","2018_TEAK_3_322000_4097000_image.tif","Tree",1,322000,322999.999,4097000,4097999.999
"11062",11427,322019.534,322023.657,4097568.58,4097574.665,"Silva","NEON_D17_TEAK_DP1_322000_4097000_classified_point_cloud_colorized.laz","2018_TEAK_3_322000_4097000_image.tif","Tree",1,322000,322999.999,4097000,4097999.999
"11063",11428,322079.373,322084.442,4097563.731,4097568.122,"Silva","NEON_D17_TEAK_DP1_322000_4097000_classified_point_cloud_colorized.laz","2018_TEAK_3_322000_4097000_image.tif","Tree",1,322000,322999.999,4097000,4097999.999
"11064",11429,322124.274,322133.914,4097554.525,4097565.758,"Silva","NEON_D17_TEAK_DP1_322000_4097000_classified_point_cloud_colorized.laz","2018_TEAK_3_322000_4097000_image.tif","Tree",1,322000,322999.999,4097000,4097999.999
"11065",11430,322170.541,322178.872,4097553.592,4097562.599,"Silva","NEON_D17_TEAK_DP1_322000_4097000_classified_point_cloud_colorized.laz","2018_TEAK_3_322000_4097000_image.tif","Tree",1,322000,322999.999,4097000,4097999.999
"11066",11431,322103.514,322112.952,4097555.573,4097566.5,"Silva","NEON_D17_TEAK_DP1_322000_4097000_classified_point_cloud_colorized.laz","2018_TEAK_3_322000_4097000_image.tif","Tree",1,322000,322999.999,4097000,4097999.999
"11067",11432,322200.695,322204.795,4097554.043,4097555.257,"Silva","NEON_D17_TEAK_DP1_322000_4097000_classified_point_cloud_colorized.laz","2018_TEAK_3_322000_4097000_image.tif","Tree",1,322000,322999.999,4097000,4097999.999
"11068",11433,322119.733,322121.093,4097555.559,4097556.781,"Silva","NEON_D17_TEAK_DP1_322000_4097000_classified_point_cloud_colorized.laz","2018_TEAK_3_322000_4097000_image.tif","Tree",1,322000,322999.999,4097000,4097999.999
"11069",11434,322099.533,322108.92,4097549.123,4097562.273,"Silva","NEON_D17_TEAK_DP1_322000_4097000_classified_point_cloud_colorized.laz","2018_TEAK_3_322000_4097000_image.tif","Tree",1,322000,322999.999,4097000,4097999.999
"11070",11435,322231.295,322238.399,4097546.125,4097554.95,"Silva","NEON_D17_TEAK_DP1_322000_4097000_classified_point_cloud_colorized.laz","2018_TEAK_3_322000_4097000_image.tif","Tree",1,322000,322999.999,4097000,4097999.999
"11071",11436,322202.538,322210.711,4097547.075,4097555.494,"Silva","NEON_D17_TEAK_DP1_322000_4097000_classified_point_cloud_colorized.laz","2018_TEAK_3_322000_4097000_image.tif","Tree",1,322000,322999.999,4097000,4097999.999
"11072",11437,322050.555,322053.412,4097557.804,4097560.462,"Silva","NEON_D17_TEAK_DP1_322000_4097000_classified_point_cloud_colorized.laz","2018_TEAK_3_322000_4097000_image.tif","Tree",1,322000,322999.999,4097000,4097999.999
"11073",11438,322131.605,322138.911,4097551.013,4097557.267,"Silva","NEON_D17_TEAK_DP1_322000_4097000_classified_point_cloud_colorized.laz","2018_TEAK_3_322000_4097000_image.tif","Tree",1,322000,322999.999,4097000,4097999.999
"11074",11439,322155.876,322158.798,4097551.243,4097552.839,"Silva","NEON_D17_TEAK_DP1_322000_4097000_classified_point_cloud_colorized.laz","2018_TEAK_3_322000_4097000_image.tif","Tree",1,322000,322999.999,4097000,4097999.999
"11075",11440,322158.506,322164.995,4097546.001,4097551.956,"Silva","NEON_D17_TEAK_DP1_322000_4097000_classified_point_cloud_colorized.laz","2018_TEAK_3_322000_4097000_image.tif","Tree",1,322000,322999.999,4097000,4097999.999
"11076",11441,322164.589,322171.672,4097543.684,4097552.737,"Silva","NEON_D17_TEAK_DP1_322000_4097000_classified_point_cloud_colorized.laz","2018_TEAK_3_322000_4097000_image.tif","Tree",1,322000,322999.999,4097000,4097999.999
"11077",11442,322153.113,322158.485,4097547.012,4097550.759,"Silva","NEON_D17_TEAK_DP1_322000_4097000_classified_point_cloud_colorized.laz","2018_TEAK_3_322000_4097000_image.tif","Tree",1,322000,322999.999,4097000,4097999.999
"11078",11443,322108.427,322115.787,4097547.604,4097555.935,"Silva","NEON_D17_TEAK_DP1_322000_4097000_classified_point_cloud_colorized.laz","2018_TEAK_3_322000_4097000_image.tif","Tree",1,322000,322999.999,4097000,4097999.999
"11079",11444,322070.208,322070.4,4097553.001,4097553.363,"Silva","NEON_D17_TEAK_DP1_322000_4097000_classified_point_cloud_colorized.laz","2018_TEAK_3_322000_4097000_image.tif","Tree",1,322000,322999.999,4097000,4097999.999
"11080",11445,322139.596,322142.811,4097544.157,4097544.683,"Silva","NEON_D17_TEAK_DP1_322000_4097000_classified_point_cloud_colorized.laz","2018_TEAK_3_322000_4097000_image.tif","Tree",1,322000,322999.999,4097000,4097999.999
"11081",11446,322039.59,322045.474,4097549.606,4097556.499,"Silva","NEON_D17_TEAK_DP1_322000_4097000_classified_point_cloud_colorized.laz","2018_TEAK_3_322000_4097000_image.tif","Tree",1,322000,322999.999,4097000,4097999.999
"11082",11447,322197.308,322197.951,4097544.535,4097545.742,"Silva","NEON_D17_TEAK_DP1_322000_4097000_classified_point_cloud_colorized.laz","2018_TEAK_3_322000_4097000_image.tif","Tree",1,322000,322999.999,4097000,4097999.999
"11083",11448,322004.004,322012.375,4097549.646,4097557.96,"Silva","NEON_D17_TEAK_DP1_322000_4097000_classified_point_cloud_colorized.laz","2018_TEAK_3_322000_4097000_image.tif","Tree",1,322000,322999.999,4097000,4097999.999
"11084",11449,322148.007,322148.846,4097541.194,4097541.897,"Silva","NEON_D17_TEAK_DP1_322000_4097000_classified_point_cloud_colorized.laz","2018_TEAK_3_322000_4097000_image.tif","Tree",1,322000,322999.999,4097000,4097999.999
"11085",11450,322173.089,322179.813,4097540.08,4097547.353,"Silva","NEON_D17_TEAK_DP1_322000_4097000_classified_point_cloud_colorized.laz","2018_TEAK_3_322000_4097000_image.tif","Tree",1,322000,322999.999,4097000,4097999.999
"11086",11451,322094.007,322104.452,4097543.658,4097551.464,"Silva","NEON_D17_TEAK_DP1_322000_4097000_classified_point_cloud_colorized.laz","2018_TEAK_3_322000_4097000_image.tif","Tree",1,322000,322999.999,4097000,4097999.999
"11087",11452,322213.545,322222.983,4097536.012,4097543.99,"Silva","NEON_D17_TEAK_DP1_322000_4097000_classified_point_cloud_colorized.laz","2018_TEAK_3_322000_4097000_image.tif","Tree",1,322000,322999.999,4097000,4097999.999
"11088",11453,322000.136,322001.495,4097546.555,4097549.343,"Silva","NEON_D17_TEAK_DP1_322000_4097000_classified_point_cloud_colorized.laz","2018_TEAK_3_322000_4097000_image.tif","Tree",1,322000,322999.999,4097000,4097999.999
"11089",11454,322047.101,322047.629,4097544.142,4097544.61,"Silva","NEON_D17_TEAK_DP1_322000_4097000_classified_point_cloud_colorized.laz","2018_TEAK_3_322000_4097000_image.tif","Tree",1,322000,322999.999,4097000,4097999.999
"11090",11455,322112.051,322122.951,4097535.134,4097546.673,"Silva","NEON_D17_TEAK_DP1_322000_4097000_classified_point_cloud_colorized.laz","2018_TEAK_3_322000_4097000_image.tif","Tree",1,322000,322999.999,4097000,4097999.999
"11091",11456,322097.54,322102.868,4097537.03,4097543.389,"Silva","NEON_D17_TEAK_DP1_322000_4097000_classified_point_cloud_colorized.laz","2018_TEAK_3_322000_4097000_image.tif","Tree",1,322000,322999.999,4097000,4097999.999
"11092",11457,322051.508,322051.575,4097542.788,4097543.112,"Silva","NEON_D17_TEAK_DP1_322000_4097000_classified_point_cloud_colorized.laz","2018_TEAK_3_322000_4097000_image.tif","Tree",1,322000,322999.999,4097000,4097999.999
"11093",11458,322232.074,322238.061,4097530.054,4097536.989,"Silva","NEON_D17_TEAK_DP1_322000_4097000_classified_point_cloud_colorized.laz","2018_TEAK_3_322000_4097000_image.tif","Tree",1,322000,322999.999,4097000,4097999.999
"11094",11459,322159.835,322168.795,4097530.401,4097538.497,"Silva","NEON_D17_TEAK_DP1_322000_4097000_classified_point_cloud_colorized.laz","2018_TEAK_3_322000_4097000_image.tif","Tree",1,322000,322999.999,4097000,4097999.999
"11095",11460,322186.664,322196.444,4097529.086,4097536.994,"Silva","NEON_D17_TEAK_DP1_322000_4097000_classified_point_cloud_colorized.laz","2018_TEAK_3_322000_4097000_image.tif","Tree",1,322000,322999.999,4097000,4097999.999
"11096",11461,322088.248,322099.494,4097535.172,4097541.845,"Silva","NEON_D17_TEAK_DP1_322000_4097000_classified_point_cloud_colorized.laz","2018_TEAK_3_322000_4097000_image.tif","Tree",1,322000,322999.999,4097000,4097999.999
"11097",11462,322066.552,322074.96,4097534.052,4097542.777,"Silva","NEON_D17_TEAK_DP1_322000_4097000_classified_point_cloud_colorized.laz","2018_TEAK_3_322000_4097000_image.tif","Tree",1,322000,322999.999,4097000,4097999.999
"11098",11463,322066.06,322070.849,4097530.58,4097537.283,"Silva","NEON_D17_TEAK_DP1_322000_4097000_classified_point_cloud_colorized.laz","2018_TEAK_3_322000_4097000_image.tif","Tree",1,322000,322999.999,4097000,4097999.999
"11099",11464,322250.012,322257.481,4097518.211,4097527.375,"Silva","NEON_D17_TEAK_DP1_322000_4097000_classified_point_cloud_colorized.laz","2018_TEAK_3_322000_4097000_image.tif","Tree",1,322000,322999.999,4097000,4097999.999
"11100",11465,322123.042,322132.421,4097521.563,4097531.977,"Silva","NEON_D17_TEAK_DP1_322000_4097000_classified_point_cloud_colorized.laz","2018_TEAK_3_322000_4097000_image.tif","Tree",1,322000,322999.999,4097000,4097999.999
"11101",11466,322132.538,322141.908,4097522.174,4097533.388,"Silva","NEON_D17_TEAK_DP1_322000_4097000_classified_point_cloud_colorized.laz","2018_TEAK_3_322000_4097000_image.tif","Tree",1,322000,322999.999,4097000,4097999.999
"11102",11467,322117.006,322121.963,4097524.118,4097529.385,"Silva","NEON_D17_TEAK_DP1_322000_4097000_classified_point_cloud_colorized.laz","2018_TEAK_3_322000_4097000_image.tif","Tree",1,322000,322999.999,4097000,4097999.999
"11103",11468,322099.636,322102.461,4097526.685,4097532.968,"Silva","NEON_D17_TEAK_DP1_322000_4097000_classified_point_cloud_colorized.laz","2018_TEAK_3_322000_4097000_image.tif","Tree",1,322000,322999.999,4097000,4097999.999
"11104",11469,322140.725,322146.464,4097522.604,4097528.496,"Silva","NEON_D17_TEAK_DP1_322000_4097000_classified_point_cloud_colorized.laz","2018_TEAK_3_322000_4097000_image.tif","Tree",1,322000,322999.999,4097000,4097999.999
"11105",11470,322169.704,322180.966,4097520.01,4097527.415,"Silva","NEON_D17_TEAK_DP1_322000_4097000_classified_point_cloud_colorized.laz","2018_TEAK_3_322000_4097000_image.tif","Tree",1,322000,322999.999,4097000,4097999.999
"11106",11472,322102.079,322110.99,4097524.01,4097531.494,"Silva","NEON_D17_TEAK_DP1_322000_4097000_classified_point_cloud_colorized.laz","2018_TEAK_3_322000_4097000_image.tif","Tree",1,322000,322999.999,4097000,4097999.999
"11107",11473,322024.636,322024.937,4097531.837,4097532.161,"Silva","NEON_D17_TEAK_DP1_322000_4097000_classified_point_cloud_colorized.laz","2018_TEAK_3_322000_4097000_image.tif","Tree",1,322000,322999.999,4097000,4097999.999
"11108",11474,322263.524,322269.7,4097514.013,4097519.956,"Silva","NEON_D17_TEAK_DP1_322000_4097000_classified_point_cloud_colorized.laz","2018_TEAK_3_322000_4097000_image.tif","Tree",1,322000,322999.999,4097000,4097999.999
"11109",11475,322145.076,322151.446,4097518.01,4097524.715,"Silva","NEON_D17_TEAK_DP1_322000_4097000_classified_point_cloud_colorized.laz","2018_TEAK_3_322000_4097000_image.tif","Tree",1,322000,322999.999,4097000,4097999.999
"11110",11476,322103.546,322111.453,4097520.064,4097526.395,"Silva","NEON_D17_TEAK_DP1_322000_4097000_classified_point_cloud_colorized.laz","2018_TEAK_3_322000_4097000_image.tif","Tree",1,322000,322999.999,4097000,4097999.999
"11111",11477,322240.967,322250.41,4097508.077,4097517.995,"Silva","NEON_D17_TEAK_DP1_322000_4097000_classified_point_cloud_colorized.laz","2018_TEAK_3_322000_4097000_image.tif","Tree",1,322000,322999.999,4097000,4097999.999
"11112",11478,322204.109,322210.483,4097512.53,4097520.98,"Silva","NEON_D17_TEAK_DP1_322000_4097000_classified_point_cloud_colorized.laz","2018_TEAK_3_322000_4097000_image.tif","Tree",1,322000,322999.999,4097000,4097999.999
"11113",11479,322192.072,322198.936,4097512.792,4097521.878,"Silva","NEON_D17_TEAK_DP1_322000_4097000_classified_point_cloud_colorized.laz","2018_TEAK_3_322000_4097000_image.tif","Tree",1,322000,322999.999,4097000,4097999.999
"11114",11480,322179.024,322185.965,4097512.589,4097521.467,"Silva","NEON_D17_TEAK_DP1_322000_4097000_classified_point_cloud_colorized.laz","2018_TEAK_3_322000_4097000_image.tif","Tree",1,322000,322999.999,4097000,4097999.999
"11115",11481,322153.834,322160.85,4097514.859,4097520.494,"Silva","NEON_D17_TEAK_DP1_322000_4097000_classified_point_cloud_colorized.laz","2018_TEAK_3_322000_4097000_image.tif","Tree",1,322000,322999.999,4097000,4097999.999
"11116",11482,322146.564,322152.97,4097515.56,4097522.793,"Silva","NEON_D17_TEAK_DP1_322000_4097000_classified_point_cloud_colorized.laz","2018_TEAK_3_322000_4097000_image.tif","Tree",1,322000,322999.999,4097000,4097999.999
"11117",11483,322267.696,322275.398,4097508.052,4097514.965,"Silva","NEON_D17_TEAK_DP1_322000_4097000_classified_point_cloud_colorized.laz","2018_TEAK_3_322000_4097000_image.tif","Tree",1,322000,322999.999,4097000,4097999.999
"11118",11484,322069.501,322080.292,4097518.072,4097528.059,"Silva","NEON_D17_TEAK_DP1_322000_4097000_classified_point_cloud_colorized.laz","2018_TEAK_3_322000_4097000_image.tif","Tree",1,322000,322999.999,4097000,4097999.999
"11119",11485,322172.904,322179.381,4097513.818,4097520,"Silva","NEON_D17_TEAK_DP1_322000_4097000_classified_point_cloud_colorized.laz","2018_TEAK_3_322000_4097000_image.tif","Tree",1,322000,322999.999,4097000,4097999.999
"11120",11486,322280.893,322286.859,4097506.025,4097511.792,"Silva","NEON_D17_TEAK_DP1_322000_4097000_classified_point_cloud_colorized.laz","2018_TEAK_3_322000_4097000_image.tif","Tree",1,322000,322999.999,4097000,4097999.999
"11121",11487,322000.041,322007.474,4097519.757,4097528.459,"Silva","NEON_D17_TEAK_DP1_322000_4097000_classified_point_cloud_colorized.laz","2018_TEAK_3_322000_4097000_image.tif","Tree",1,322000,322999.999,4097000,4097999.999
"11122",11488,322048.437,322059.425,4097518.507,4097526.886,"Silva","NEON_D17_TEAK_DP1_322000_4097000_classified_point_cloud_colorized.laz","2018_TEAK_3_322000_4097000_image.tif","Tree",1,322000,322999.999,4097000,4097999.999
"11123",11489,322260.538,322266.823,4097506.513,4097511.478,"Silva","NEON_D17_TEAK_DP1_322000_4097000_classified_point_cloud_colorized.laz","2018_TEAK_3_322000_4097000_image.tif","Tree",1,322000,322999.999,4097000,4097999.999
"11124",11490,322030.538,322035.965,4097519.518,4097524.498,"Silva","NEON_D17_TEAK_DP1_322000_4097000_classified_point_cloud_colorized.laz","2018_TEAK_3_322000_4097000_image.tif","Tree",1,322000,322999.999,4097000,4097999.999
"11125",11491,322276.262,322282.412,4097504.67,4097511.424,"Silva","NEON_D17_TEAK_DP1_322000_4097000_classified_point_cloud_colorized.laz","2018_TEAK_3_322000_4097000_image.tif","Tree",1,322000,322999.999,4097000,4097999.999
"11126",11492,322175.53,322183.577,4097509.507,4097515.486,"Silva","NEON_D17_TEAK_DP1_322000_4097000_classified_point_cloud_colorized.laz","2018_TEAK_3_322000_4097000_image.tif","Tree",1,322000,322999.999,4097000,4097999.999
"11127",11493,322161.75,322170.883,4097512.116,4097519.423,"Silva","NEON_D17_TEAK_DP1_322000_4097000_classified_point_cloud_colorized.laz","2018_TEAK_3_322000_4097000_image.tif","Tree",1,322000,322999.999,4097000,4097999.999
"11128",11494,322207.501,322213.49,4097508.636,4097514.906,"Silva","NEON_D17_TEAK_DP1_322000_4097000_classified_point_cloud_colorized.laz","2018_TEAK_3_322000_4097000_image.tif","Tree",1,322000,322999.999,4097000,4097999.999
"11129",11495,322195.049,322202.996,4097506.649,4097513.589,"Silva","NEON_D17_TEAK_DP1_322000_4097000_classified_point_cloud_colorized.laz","2018_TEAK_3_322000_4097000_image.tif","Tree",1,322000,322999.999,4097000,4097999.999
"11130",11496,322170,322176.388,4097507.503,4097515.964,"Silva","NEON_D17_TEAK_DP1_322000_4097000_classified_point_cloud_colorized.laz","2018_TEAK_3_322000_4097000_image.tif","Tree",1,322000,322999.999,4097000,4097999.999
"11131",11497,322291.526,322297.125,4097499.842,4097508.5,"Silva","NEON_D17_TEAK_DP1_322000_4097000_classified_point_cloud_colorized.laz","2018_TEAK_3_322000_4097000_image.tif","Tree",1,322000,322999.999,4097000,4097999.999
"11132",11498,322261.613,322266.707,4097502.005,4097506.985,"Silva","NEON_D17_TEAK_DP1_322000_4097000_classified_point_cloud_colorized.laz","2018_TEAK_3_322000_4097000_image.tif","Tree",1,322000,322999.999,4097000,4097999.999
"11133",11499,322160.029,322166.933,4097505.591,4097515.485,"Silva","NEON_D17_TEAK_DP1_322000_4097000_classified_point_cloud_colorized.laz","2018_TEAK_3_322000_4097000_image.tif","Tree",1,322000,322999.999,4097000,4097999.999
"11134",11501,322081.717,322087.842,4097507.674,4097518.554,"Silva","NEON_D17_TEAK_DP1_322000_4097000_classified_point_cloud_colorized.laz","2018_TEAK_3_322000_4097000_image.tif","Tree",1,322000,322999.999,4097000,4097999.999
"11135",11502,322073.621,322080.25,4097513.231,4097518.969,"Silva","NEON_D17_TEAK_DP1_322000_4097000_classified_point_cloud_colorized.laz","2018_TEAK_3_322000_4097000_image.tif","Tree",1,322000,322999.999,4097000,4097999.999
"11136",11503,322049.014,322058.802,4097514.159,4097518.923,"Silva","NEON_D17_TEAK_DP1_322000_4097000_classified_point_cloud_colorized.laz","2018_TEAK_3_322000_4097000_image.tif","Tree",1,322000,322999.999,4097000,4097999.999
"11137",11504,322300.037,322305.86,4097497.179,4097501.993,"Silva","NEON_D17_TEAK_DP1_322000_4097000_classified_point_cloud_colorized.laz","2018_TEAK_3_322000_4097000_image.tif","Tree",1,322000,322999.999,4097000,4097999.999
"11138",11505,322182.586,322192.925,4097502.243,4097512.484,"Silva","NEON_D17_TEAK_DP1_322000_4097000_classified_point_cloud_colorized.laz","2018_TEAK_3_322000_4097000_image.tif","Tree",1,322000,322999.999,4097000,4097999.999
"11139",11506,322041.02,322043.842,4097513.539,4097516.464,"Silva","NEON_D17_TEAK_DP1_322000_4097000_classified_point_cloud_colorized.laz","2018_TEAK_3_322000_4097000_image.tif","Tree",1,322000,322999.999,4097000,4097999.999
"11140",11508,322294.557,322299.417,4097497.041,4097502.957,"Silva","NEON_D17_TEAK_DP1_322000_4097000_classified_point_cloud_colorized.laz","2018_TEAK_3_322000_4097000_image.tif","Tree",1,322000,322999.999,4097000,4097999.999
"11141",11509,322101.75,322102.956,4097511.54,4097512.418,"Silva","NEON_D17_TEAK_DP1_322000_4097000_classified_point_cloud_colorized.laz","2018_TEAK_3_322000_4097000_image.tif","Tree",1,322000,322999.999,4097000,4097999.999
"11142",11510,322268.048,322272.857,4097498.507,4097503.188,"Silva","NEON_D17_TEAK_DP1_322000_4097000_classified_point_cloud_colorized.laz","2018_TEAK_3_322000_4097000_image.tif","Tree",1,322000,322999.999,4097000,4097999.999
"11143",11511,322174.336,322182.95,4097501.73,4097509.438,"Silva","NEON_D17_TEAK_DP1_322000_4097000_classified_point_cloud_colorized.laz","2018_TEAK_3_322000_4097000_image.tif","Tree",1,322000,322999.999,4097000,4097999.999
"11144",11512,322150.62,322151.042,4097507.557,4097507.957,"Silva","NEON_D17_TEAK_DP1_322000_4097000_classified_point_cloud_colorized.laz","2018_TEAK_3_322000_4097000_image.tif","Tree",1,322000,322999.999,4097000,4097999.999
"11145",11513,322048.005,322049.956,4097516.214,4097518.697,"Silva","NEON_D17_TEAK_DP1_322000_4097000_classified_point_cloud_colorized.laz","2018_TEAK_3_322000_4097000_image.tif","Tree",1,322000,322999.999,4097000,4097999.999
"11146",11514,322165.523,322174.484,4097501.503,4097507.842,"Silva","NEON_D17_TEAK_DP1_322000_4097000_classified_point_cloud_colorized.laz","2018_TEAK_3_322000_4097000_image.tif","Tree",1,322000,322999.999,4097000,4097999.999
"11147",11515,322286.621,322293.398,4097495.027,4097500.999,"Silva","NEON_D17_TEAK_DP1_322000_4097000_classified_point_cloud_colorized.laz","2018_TEAK_3_322000_4097000_image.tif","Tree",1,322000,322999.999,4097000,4097999.999
"11148",11516,322261.661,322266.927,4097497.534,4097502.389,"Silva","NEON_D17_TEAK_DP1_322000_4097000_classified_point_cloud_colorized.laz","2018_TEAK_3_322000_4097000_image.tif","Tree",1,322000,322999.999,4097000,4097999.999
"11149",11517,322276.118,322279.403,4097493.952,4097499.897,"Silva","NEON_D17_TEAK_DP1_322000_4097000_classified_point_cloud_colorized.laz","2018_TEAK_3_322000_4097000_image.tif","Tree",1,322000,322999.999,4097000,4097999.999
"11150",11518,322198.658,322203.978,4097498.218,4097503.923,"Silva","NEON_D17_TEAK_DP1_322000_4097000_classified_point_cloud_colorized.laz","2018_TEAK_3_322000_4097000_image.tif","Tree",1,322000,322999.999,4097000,4097999.999
"11151",11519,322304.015,322311.498,4097491.504,4097498.993,"Silva","NEON_D17_TEAK_DP1_322000_4097000_classified_point_cloud_colorized.laz","2018_TEAK_3_322000_4097000_image.tif","Tree",1,322000,322999.999,4097000,4097999.999
"11152",11520,322027.104,322034.914,4097506.58,4097515.957,"Silva","NEON_D17_TEAK_DP1_322000_4097000_classified_point_cloud_colorized.laz","2018_TEAK_3_322000_4097000_image.tif","Tree",1,322000,322999.999,4097000,4097999.999
"11153",11521,322127.53,322131.3,4097502.273,4097508.311,"Silva","NEON_D17_TEAK_DP1_322000_4097000_classified_point_cloud_colorized.laz","2018_TEAK_3_322000_4097000_image.tif","Tree",1,322000,322999.999,4097000,4097999.999
"11154",11522,322164.02,322171.942,4097497.103,4097505.898,"Silva","NEON_D17_TEAK_DP1_322000_4097000_classified_point_cloud_colorized.laz","2018_TEAK_3_322000_4097000_image.tif","Tree",1,322000,322999.999,4097000,4097999.999
"11155",11523,322246.564,322253.947,4097493.511,4097499.45,"Silva","NEON_D17_TEAK_DP1_322000_4097000_classified_point_cloud_colorized.laz","2018_TEAK_3_322000_4097000_image.tif","Tree",1,322000,322999.999,4097000,4097999.999
"11156",11524,322232.174,322234.344,4097495.519,4097497.482,"Silva","NEON_D17_TEAK_DP1_322000_4097000_classified_point_cloud_colorized.laz","2018_TEAK_3_322000_4097000_image.tif","Tree",1,322000,322999.999,4097000,4097999.999
"11157",11525,322211.043,322218.475,4097493.254,4097501.36,"Silva","NEON_D17_TEAK_DP1_322000_4097000_classified_point_cloud_colorized.laz","2018_TEAK_3_322000_4097000_image.tif","Tree",1,322000,322999.999,4097000,4097999.999
"11158",11526,322193.721,322201.892,4097493.053,4097501.817,"Silva","NEON_D17_TEAK_DP1_322000_4097000_classified_point_cloud_colorized.laz","2018_TEAK_3_322000_4097000_image.tif","Tree",1,322000,322999.999,4097000,4097999.999
"11159",11527,322161.626,322169.479,4097496.053,4097503.917,"Silva","NEON_D17_TEAK_DP1_322000_4097000_classified_point_cloud_colorized.laz","2018_TEAK_3_322000_4097000_image.tif","Tree",1,322000,322999.999,4097000,4097999.999
"11160",11528,322321.538,322328.99,4097486.542,4097492.592,"Silva","NEON_D17_TEAK_DP1_322000_4097000_classified_point_cloud_colorized.laz","2018_TEAK_3_322000_4097000_image.tif","Tree",1,322000,322999.999,4097000,4097999.999
"11161",11529,322055.55,322059.933,4097503.032,4097504.497,"Silva","NEON_D17_TEAK_DP1_322000_4097000_classified_point_cloud_colorized.laz","2018_TEAK_3_322000_4097000_image.tif","Tree",1,322000,322999.999,4097000,4097999.999
"11162",11530,322267.002,322273.441,4097488.504,4097495.826,"Silva","NEON_D17_TEAK_DP1_322000_4097000_classified_point_cloud_colorized.laz","2018_TEAK_3_322000_4097000_image.tif","Tree",1,322000,322999.999,4097000,4097999.999
"11163",11531,322257.287,322260.709,4097491.701,4097494.951,"Silva","NEON_D17_TEAK_DP1_322000_4097000_classified_point_cloud_colorized.laz","2018_TEAK_3_322000_4097000_image.tif","Tree",1,322000,322999.999,4097000,4097999.999
"11164",11532,322101.034,322105.767,4097500.134,4097504.856,"Silva","NEON_D17_TEAK_DP1_322000_4097000_classified_point_cloud_colorized.laz","2018_TEAK_3_322000_4097000_image.tif","Tree",1,322000,322999.999,4097000,4097999.999
"11165",11533,322222.546,322228.99,4097489.005,4097496.481,"Silva","NEON_D17_TEAK_DP1_322000_4097000_classified_point_cloud_colorized.laz","2018_TEAK_3_322000_4097000_image.tif","Tree",1,322000,322999.999,4097000,4097999.999
"11166",11534,322304.573,322310.08,4097485.666,4097491.482,"Silva","NEON_D17_TEAK_DP1_322000_4097000_classified_point_cloud_colorized.laz","2018_TEAK_3_322000_4097000_image.tif","Tree",1,322000,322999.999,4097000,4097999.999
"11167",11535,322114.904,322116.49,4097500.212,4097501.911,"Silva","NEON_D17_TEAK_DP1_322000_4097000_classified_point_cloud_colorized.laz","2018_TEAK_3_322000_4097000_image.tif","Tree",1,322000,322999.999,4097000,4097999.999
"11168",11536,322297.008,322299.864,4097487.014,4097490.46,"Silva","NEON_D17_TEAK_DP1_322000_4097000_classified_point_cloud_colorized.laz","2018_TEAK_3_322000_4097000_image.tif","Tree",1,322000,322999.999,4097000,4097999.999
"11169",11537,322244.528,322252.499,4097484.02,4097494.438,"Silva","NEON_D17_TEAK_DP1_322000_4097000_classified_point_cloud_colorized.laz","2018_TEAK_3_322000_4097000_image.tif","Tree",1,322000,322999.999,4097000,4097999.999
"11170",11538,322252.014,322255.176,4097484.543,4097493.437,"Silva","NEON_D17_TEAK_DP1_322000_4097000_classified_point_cloud_colorized.laz","2018_TEAK_3_322000_4097000_image.tif","Tree",1,322000,322999.999,4097000,4097999.999
"11171",11539,322170.025,322176.27,4097494.708,4097500.298,"Silva","NEON_D17_TEAK_DP1_322000_4097000_classified_point_cloud_colorized.laz","2018_TEAK_3_322000_4097000_image.tif","Tree",1,322000,322999.999,4097000,4097999.999
"11172",11540,322199.589,322208.206,4097486.844,4097497.331,"Silva","NEON_D17_TEAK_DP1_322000_4097000_classified_point_cloud_colorized.laz","2018_TEAK_3_322000_4097000_image.tif","Tree",1,322000,322999.999,4097000,4097999.999
"11173",11541,322186.117,322193.978,4097490.504,4097497.43,"Silva","NEON_D17_TEAK_DP1_322000_4097000_classified_point_cloud_colorized.laz","2018_TEAK_3_322000_4097000_image.tif","Tree",1,322000,322999.999,4097000,4097999.999
"11174",11542,322099.726,322106.498,4097493.57,4097500.914,"Silva","NEON_D17_TEAK_DP1_322000_4097000_classified_point_cloud_colorized.laz","2018_TEAK_3_322000_4097000_image.tif","Tree",1,322000,322999.999,4097000,4097999.999
"11175",11543,322114.008,322116.071,4097496.562,4097498.483,"Silva","NEON_D17_TEAK_DP1_322000_4097000_classified_point_cloud_colorized.laz","2018_TEAK_3_322000_4097000_image.tif","Tree",1,322000,322999.999,4097000,4097999.999
"11176",11544,322336.298,322339.81,4097480.262,4097484.419,"Silva","NEON_D17_TEAK_DP1_322000_4097000_classified_point_cloud_colorized.laz","2018_TEAK_3_322000_4097000_image.tif","Tree",1,322000,322999.999,4097000,4097999.999
"11177",11545,322312.565,322313.41,4097483.181,4097484.921,"Silva","NEON_D17_TEAK_DP1_322000_4097000_classified_point_cloud_colorized.laz","2018_TEAK_3_322000_4097000_image.tif","Tree",1,322000,322999.999,4097000,4097999.999
"11178",11546,322294.068,322296.97,4097483.547,4097486.988,"Silva","NEON_D17_TEAK_DP1_322000_4097000_classified_point_cloud_colorized.laz","2018_TEAK_3_322000_4097000_image.tif","Tree",1,322000,322999.999,4097000,4097999.999
"11179",11547,322035.607,322044.592,4097497.215,4097508.482,"Silva","NEON_D17_TEAK_DP1_322000_4097000_classified_point_cloud_colorized.laz","2018_TEAK_3_322000_4097000_image.tif","Tree",1,322000,322999.999,4097000,4097999.999
"11180",11548,322329.021,322333.964,4097479.143,4097484.911,"Silva","NEON_D17_TEAK_DP1_322000_4097000_classified_point_cloud_colorized.laz","2018_TEAK_3_322000_4097000_image.tif","Tree",1,322000,322999.999,4097000,4097999.999
"11181",11549,322001.847,322003.326,4097505.346,4097507.979,"Silva","NEON_D17_TEAK_DP1_322000_4097000_classified_point_cloud_colorized.laz","2018_TEAK_3_322000_4097000_image.tif","Tree",1,322000,322999.999,4097000,4097999.999
"11182",11550,322264.528,322267.818,4097484.041,4097487.487,"Silva","NEON_D17_TEAK_DP1_322000_4097000_classified_point_cloud_colorized.laz","2018_TEAK_3_322000_4097000_image.tif","Tree",1,322000,322999.999,4097000,4097999.999
"11183",11551,322298.184,322301.346,4097480.024,4097484.419,"Silva","NEON_D17_TEAK_DP1_322000_4097000_classified_point_cloud_colorized.laz","2018_TEAK_3_322000_4097000_image.tif","Tree",1,322000,322999.999,4097000,4097999.999
"11184",11552,322203.582,322210.99,4097485.006,4097491.405,"Silva","NEON_D17_TEAK_DP1_322000_4097000_classified_point_cloud_colorized.laz","2018_TEAK_3_322000_4097000_image.tif","Tree",1,322000,322999.999,4097000,4097999.999
"11185",11553,322050.964,322053.973,4097493.506,4097496.664,"Silva","NEON_D17_TEAK_DP1_322000_4097000_classified_point_cloud_colorized.laz","2018_TEAK_3_322000_4097000_image.tif","Tree",1,322000,322999.999,4097000,4097999.999
"11186",11554,322320.547,322322.481,4097478.503,4097480.988,"Silva","NEON_D17_TEAK_DP1_322000_4097000_classified_point_cloud_colorized.laz","2018_TEAK_3_322000_4097000_image.tif","Tree",1,322000,322999.999,4097000,4097999.999
"11187",11555,322363.274,322365.356,4097473.61,4097476.999,"Silva","NEON_D17_TEAK_DP1_322000_4097000_classified_point_cloud_colorized.laz","2018_TEAK_3_322000_4097000_image.tif","Tree",1,322000,322999.999,4097000,4097999.999
"11188",11556,322349.57,322355.968,4097473.911,4097480.442,"Silva","NEON_D17_TEAK_DP1_322000_4097000_classified_point_cloud_colorized.laz","2018_TEAK_3_322000_4097000_image.tif","Tree",1,322000,322999.999,4097000,4097999.999
"11189",11557,322191.612,322191.889,4097486.912,4097487.435,"Silva","NEON_D17_TEAK_DP1_322000_4097000_classified_point_cloud_colorized.laz","2018_TEAK_3_322000_4097000_image.tif","Tree",1,322000,322999.999,4097000,4097999.999
"11190",11558,322125.576,322127.456,4097490.856,4097492.089,"Silva","NEON_D17_TEAK_DP1_322000_4097000_classified_point_cloud_colorized.laz","2018_TEAK_3_322000_4097000_image.tif","Tree",1,322000,322999.999,4097000,4097999.999
"11191",11559,322167.549,322173.496,4097484.608,4097490.654,"Silva","NEON_D17_TEAK_DP1_322000_4097000_classified_point_cloud_colorized.laz","2018_TEAK_3_322000_4097000_image.tif","Tree",1,322000,322999.999,4097000,4097999.999
"11192",11560,322367.128,322370.429,4097472.516,4097475.986,"Silva","NEON_D17_TEAK_DP1_322000_4097000_classified_point_cloud_colorized.laz","2018_TEAK_3_322000_4097000_image.tif","Tree",1,322000,322999.999,4097000,4097999.999
"11193",11561,322102.63,322110.388,4097489.537,4097496,"Silva","NEON_D17_TEAK_DP1_322000_4097000_classified_point_cloud_colorized.laz","2018_TEAK_3_322000_4097000_image.tif","Tree",1,322000,322999.999,4097000,4097999.999
"11194",11562,322205.729,322213.507,4097481.549,4097486.328,"Silva","NEON_D17_TEAK_DP1_322000_4097000_classified_point_cloud_colorized.laz","2018_TEAK_3_322000_4097000_image.tif","Tree",1,322000,322999.999,4097000,4097999.999
"11195",11563,322213.569,322220.951,4097478.547,4097488.479,"Silva","NEON_D17_TEAK_DP1_322000_4097000_classified_point_cloud_colorized.laz","2018_TEAK_3_322000_4097000_image.tif","Tree",1,322000,322999.999,4097000,4097999.999
"11196",11564,322259.524,322262.779,4097478.007,4097482.878,"Silva","NEON_D17_TEAK_DP1_322000_4097000_classified_point_cloud_colorized.laz","2018_TEAK_3_322000_4097000_image.tif","Tree",1,322000,322999.999,4097000,4097999.999
"11197",11565,322303.514,322306.467,4097476.523,4097479.428,"Silva","NEON_D17_TEAK_DP1_322000_4097000_classified_point_cloud_colorized.laz","2018_TEAK_3_322000_4097000_image.tif","Tree",1,322000,322999.999,4097000,4097999.999
"11198",11566,322334.516,322336.991,4097474.011,4097477.498,"Silva","NEON_D17_TEAK_DP1_322000_4097000_classified_point_cloud_colorized.laz","2018_TEAK_3_322000_4097000_image.tif","Tree",1,322000,322999.999,4097000,4097999.999
"11199",11567,322295.035,322299.995,4097474.679,4097479.993,"Silva","NEON_D17_TEAK_DP1_322000_4097000_classified_point_cloud_colorized.laz","2018_TEAK_3_322000_4097000_image.tif","Tree",1,322000,322999.999,4097000,4097999.999
"11200",11568,322310.841,322312.484,4097475.545,4097477.678,"Silva","NEON_D17_TEAK_DP1_322000_4097000_classified_point_cloud_colorized.laz","2018_TEAK_3_322000_4097000_image.tif","Tree",1,322000,322999.999,4097000,4097999.999
"11201",11569,322276.572,322279.984,4097482.082,4097483.748,"Silva","NEON_D17_TEAK_DP1_322000_4097000_classified_point_cloud_colorized.laz","2018_TEAK_3_322000_4097000_image.tif","Tree",1,322000,322999.999,4097000,4097999.999
"11202",11570,322298.715,322302.456,4097474.031,4097478.871,"Silva","NEON_D17_TEAK_DP1_322000_4097000_classified_point_cloud_colorized.laz","2018_TEAK_3_322000_4097000_image.tif","Tree",1,322000,322999.999,4097000,4097999.999
"11203",11571,322033.118,322041.437,4097488.08,4097498.893,"Silva","NEON_D17_TEAK_DP1_322000_4097000_classified_point_cloud_colorized.laz","2018_TEAK_3_322000_4097000_image.tif","Tree",1,322000,322999.999,4097000,4097999.999
"11204",11572,322151.035,322154.362,4097484.021,4097487.959,"Silva","NEON_D17_TEAK_DP1_322000_4097000_classified_point_cloud_colorized.laz","2018_TEAK_3_322000_4097000_image.tif","Tree",1,322000,322999.999,4097000,4097999.999
"11205",11573,322323.559,322327.476,4097471.088,4097475.361,"Silva","NEON_D17_TEAK_DP1_322000_4097000_classified_point_cloud_colorized.laz","2018_TEAK_3_322000_4097000_image.tif","Tree",1,322000,322999.999,4097000,4097999.999
"11206",11574,322282.57,322288.428,4097474.035,4097479.942,"Silva","NEON_D17_TEAK_DP1_322000_4097000_classified_point_cloud_colorized.laz","2018_TEAK_3_322000_4097000_image.tif","Tree",1,322000,322999.999,4097000,4097999.999
"11207",11575,322099.055,322099.709,4097489.162,4097489.72,"Silva","NEON_D17_TEAK_DP1_322000_4097000_classified_point_cloud_colorized.laz","2018_TEAK_3_322000_4097000_image.tif","Tree",1,322000,322999.999,4097000,4097999.999
"11208",11576,322205.196,322210.876,4097477.634,4097483.946,"Silva","NEON_D17_TEAK_DP1_322000_4097000_classified_point_cloud_colorized.laz","2018_TEAK_3_322000_4097000_image.tif","Tree",1,322000,322999.999,4097000,4097999.999
"11209",11577,322200.848,322203.422,4097484.206,4097485.381,"Silva","NEON_D17_TEAK_DP1_322000_4097000_classified_point_cloud_colorized.laz","2018_TEAK_3_322000_4097000_image.tif","Tree",1,322000,322999.999,4097000,4097999.999
"11210",11578,322341.822,322343.097,4097469.141,4097470.4,"Silva","NEON_D17_TEAK_DP1_322000_4097000_classified_point_cloud_colorized.laz","2018_TEAK_3_322000_4097000_image.tif","Tree",1,322000,322999.999,4097000,4097999.999
"11211",11579,322081.001,322086.679,4097484.527,4097490.456,"Silva","NEON_D17_TEAK_DP1_322000_4097000_classified_point_cloud_colorized.laz","2018_TEAK_3_322000_4097000_image.tif","Tree",1,322000,322999.999,4097000,4097999.999
"11212",11580,322174.058,322181.857,4097477.694,4097484.947,"Silva","NEON_D17_TEAK_DP1_322000_4097000_classified_point_cloud_colorized.laz","2018_TEAK_3_322000_4097000_image.tif","Tree",1,322000,322999.999,4097000,4097999.999
"11213",11581,322303.524,322307.795,4097468.571,4097473.861,"Silva","NEON_D17_TEAK_DP1_322000_4097000_classified_point_cloud_colorized.laz","2018_TEAK_3_322000_4097000_image.tif","Tree",1,322000,322999.999,4097000,4097999.999
"11214",11582,322362.525,322367.323,4097465.589,4097470.961,"Silva","NEON_D17_TEAK_DP1_322000_4097000_classified_point_cloud_colorized.laz","2018_TEAK_3_322000_4097000_image.tif","Tree",1,322000,322999.999,4097000,4097999.999
"11215",11583,322162.511,322167.974,4097478.06,4097485.468,"Silva","NEON_D17_TEAK_DP1_322000_4097000_classified_point_cloud_colorized.laz","2018_TEAK_3_322000_4097000_image.tif","Tree",1,322000,322999.999,4097000,4097999.999
"11216",11585,322108.516,322111.264,4097483.519,4097487.429,"Silva","NEON_D17_TEAK_DP1_322000_4097000_classified_point_cloud_colorized.laz","2018_TEAK_3_322000_4097000_image.tif","Tree",1,322000,322999.999,4097000,4097999.999
"11217",11586,322192.107,322196.921,4097475.594,4097481.466,"Silva","NEON_D17_TEAK_DP1_322000_4097000_classified_point_cloud_colorized.laz","2018_TEAK_3_322000_4097000_image.tif","Tree",1,322000,322999.999,4097000,4097999.999
"11218",11587,322327.007,322329.779,4097466.554,4097470.331,"Silva","NEON_D17_TEAK_DP1_322000_4097000_classified_point_cloud_colorized.laz","2018_TEAK_3_322000_4097000_image.tif","Tree",1,322000,322999.999,4097000,4097999.999
"11219",11588,322370.522,322371.337,4097466.455,4097467.412,"Silva","NEON_D17_TEAK_DP1_322000_4097000_classified_point_cloud_colorized.laz","2018_TEAK_3_322000_4097000_image.tif","Tree",1,322000,322999.999,4097000,4097999.999
"11220",11589,322292.542,322295.96,4097470.011,4097473.885,"Silva","NEON_D17_TEAK_DP1_322000_4097000_classified_point_cloud_colorized.laz","2018_TEAK_3_322000_4097000_image.tif","Tree",1,322000,322999.999,4097000,4097999.999
"11221",11590,322281.807,322288.49,4097468.521,4097474.68,"Silva","NEON_D17_TEAK_DP1_322000_4097000_classified_point_cloud_colorized.laz","2018_TEAK_3_322000_4097000_image.tif","Tree",1,322000,322999.999,4097000,4097999.999
"11222",11591,322156.839,322163.135,4097476.075,4097486.793,"Silva","NEON_D17_TEAK_DP1_322000_4097000_classified_point_cloud_colorized.laz","2018_TEAK_3_322000_4097000_image.tif","Tree",1,322000,322999.999,4097000,4097999.999
"11223",11592,322144.706,322144.706,4097482.519,4097482.519,"Silva","NEON_D17_TEAK_DP1_322000_4097000_classified_point_cloud_colorized.laz","2018_TEAK_3_322000_4097000_image.tif","Tree",1,322000,322999.999,4097000,4097999.999
"11224",11593,322018.607,322020.411,4097490.525,4097492.989,"Silva","NEON_D17_TEAK_DP1_322000_4097000_classified_point_cloud_colorized.laz","2018_TEAK_3_322000_4097000_image.tif","Tree",1,322000,322999.999,4097000,4097999.999
"11225",11594,322219.049,322228.46,4097473.017,4097478.492,"Silva","NEON_D17_TEAK_DP1_322000_4097000_classified_point_cloud_colorized.laz","2018_TEAK_3_322000_4097000_image.tif","Tree",1,322000,322999.999,4097000,4097999.999
"11226",11596,322048.096,322057.468,4097482.173,4097493.485,"Silva","NEON_D17_TEAK_DP1_322000_4097000_classified_point_cloud_colorized.laz","2018_TEAK_3_322000_4097000_image.tif","Tree",1,322000,322999.999,4097000,4097999.999
"11227",11597,322362.563,322364.797,4097465.147,4097466.848,"Silva","NEON_D17_TEAK_DP1_322000_4097000_classified_point_cloud_colorized.laz","2018_TEAK_3_322000_4097000_image.tif","Tree",1,322000,322999.999,4097000,4097999.999
"11228",11598,322228.503,322238.461,4097469.07,4097480.308,"Silva","NEON_D17_TEAK_DP1_322000_4097000_classified_point_cloud_colorized.laz","2018_TEAK_3_322000_4097000_image.tif","Tree",1,322000,322999.999,4097000,4097999.999
"11229",11599,322332.58,322337.308,4097463.517,4097469.372,"Silva","NEON_D17_TEAK_DP1_322000_4097000_classified_point_cloud_colorized.laz","2018_TEAK_3_322000_4097000_image.tif","Tree",1,322000,322999.999,4097000,4097999.999
"11230",11600,322321.239,322327.317,4097464.079,4097470.429,"Silva","NEON_D17_TEAK_DP1_322000_4097000_classified_point_cloud_colorized.laz","2018_TEAK_3_322000_4097000_image.tif","Tree",1,322000,322999.999,4097000,4097999.999
"11231",11601,322046.585,322051.748,4097481.745,4097488.237,"Silva","NEON_D17_TEAK_DP1_322000_4097000_classified_point_cloud_colorized.laz","2018_TEAK_3_322000_4097000_image.tif","Tree",1,322000,322999.999,4097000,4097999.999
"11232",11602,322172.65,322175.824,4097475.519,4097479.93,"Silva","NEON_D17_TEAK_DP1_322000_4097000_classified_point_cloud_colorized.laz","2018_TEAK_3_322000_4097000_image.tif","Tree",1,322000,322999.999,4097000,4097999.999
"11233",11603,322353.566,322357.268,4097462.553,4097466.98,"Silva","NEON_D17_TEAK_DP1_322000_4097000_classified_point_cloud_colorized.laz","2018_TEAK_3_322000_4097000_image.tif","Tree",1,322000,322999.999,4097000,4097999.999
"11234",11604,322359.12,322360.493,4097462.173,4097463.914,"Silva","NEON_D17_TEAK_DP1_322000_4097000_classified_point_cloud_colorized.laz","2018_TEAK_3_322000_4097000_image.tif","Tree",1,322000,322999.999,4097000,4097999.999
"11235",11605,322097.521,322102.766,4097478.525,4097484.464,"Silva","NEON_D17_TEAK_DP1_322000_4097000_classified_point_cloud_colorized.laz","2018_TEAK_3_322000_4097000_image.tif","Tree",1,322000,322999.999,4097000,4097999.999
"11236",11606,322009.04,322013.83,4097483.531,4097487.894,"Silva","NEON_D17_TEAK_DP1_322000_4097000_classified_point_cloud_colorized.laz","2018_TEAK_3_322000_4097000_image.tif","Tree",1,322000,322999.999,4097000,4097999.999
"11237",11607,322132.535,322135.368,4097475.031,4097478.927,"Silva","NEON_D17_TEAK_DP1_322000_4097000_classified_point_cloud_colorized.laz","2018_TEAK_3_322000_4097000_image.tif","Tree",1,322000,322999.999,4097000,4097999.999
"11238",11608,322168.577,322176.326,4097468.577,4097475.479,"Silva","NEON_D17_TEAK_DP1_322000_4097000_classified_point_cloud_colorized.laz","2018_TEAK_3_322000_4097000_image.tif","Tree",1,322000,322999.999,4097000,4097999.999
"11239",11610,322225.093,322231.898,4097464.591,4097474.815,"Silva","NEON_D17_TEAK_DP1_322000_4097000_classified_point_cloud_colorized.laz","2018_TEAK_3_322000_4097000_image.tif","Tree",1,322000,322999.999,4097000,4097999.999
"11240",11611,322199.541,322204.761,4097467.059,4097472.381,"Silva","NEON_D17_TEAK_DP1_322000_4097000_classified_point_cloud_colorized.laz","2018_TEAK_3_322000_4097000_image.tif","Tree",1,322000,322999.999,4097000,4097999.999
"11241",11612,322311.054,322313.421,4097460.506,4097462.973,"Silva","NEON_D17_TEAK_DP1_322000_4097000_classified_point_cloud_colorized.laz","2018_TEAK_3_322000_4097000_image.tif","Tree",1,322000,322999.999,4097000,4097999.999
"11242",11613,322344.508,322351.412,4097456.12,4097463.492,"Silva","NEON_D17_TEAK_DP1_322000_4097000_classified_point_cloud_colorized.laz","2018_TEAK_3_322000_4097000_image.tif","Tree",1,322000,322999.999,4097000,4097999.999
"11243",11614,322092.792,322098.937,4097474.034,4097480.972,"Silva","NEON_D17_TEAK_DP1_322000_4097000_classified_point_cloud_colorized.laz","2018_TEAK_3_322000_4097000_image.tif","Tree",1,322000,322999.999,4097000,4097999.999
"11244",11615,322000.154,322001.755,4097484.11,4097488.429,"Silva","NEON_D17_TEAK_DP1_322000_4097000_classified_point_cloud_colorized.laz","2018_TEAK_3_322000_4097000_image.tif","Tree",1,322000,322999.999,4097000,4097999.999
"11245",11616,322325.083,322325.458,4097460.584,4097461.082,"Silva","NEON_D17_TEAK_DP1_322000_4097000_classified_point_cloud_colorized.laz","2018_TEAK_3_322000_4097000_image.tif","Tree",1,322000,322999.999,4097000,4097999.999
"11246",11617,322208.591,322216.778,4097462.543,4097470.857,"Silva","NEON_D17_TEAK_DP1_322000_4097000_classified_point_cloud_colorized.laz","2018_TEAK_3_322000_4097000_image.tif","Tree",1,322000,322999.999,4097000,4097999.999
"11247",11618,322350.004,322354.823,4097452.545,4097459.32,"Silva","NEON_D17_TEAK_DP1_322000_4097000_classified_point_cloud_colorized.laz","2018_TEAK_3_322000_4097000_image.tif","Tree",1,322000,322999.999,4097000,4097999.999
"11248",11619,322308.127,322308.329,4097459.756,4097460.193,"Silva","NEON_D17_TEAK_DP1_322000_4097000_classified_point_cloud_colorized.laz","2018_TEAK_3_322000_4097000_image.tif","Tree",1,322000,322999.999,4097000,4097999.999
"11249",11620,322242.109,322252.216,4097456.034,4097466.493,"Silva","NEON_D17_TEAK_DP1_322000_4097000_classified_point_cloud_colorized.laz","2018_TEAK_3_322000_4097000_image.tif","Tree",1,322000,322999.999,4097000,4097999.999
"11250",11621,322299.541,322304.369,4097455.603,4097462,"Silva","NEON_D17_TEAK_DP1_322000_4097000_classified_point_cloud_colorized.laz","2018_TEAK_3_322000_4097000_image.tif","Tree",1,322000,322999.999,4097000,4097999.999
"11251",11622,322341.577,322345.459,4097455.517,4097458.568,"Silva","NEON_D17_TEAK_DP1_322000_4097000_classified_point_cloud_colorized.laz","2018_TEAK_3_322000_4097000_image.tif","Tree",1,322000,322999.999,4097000,4097999.999
"11252",11623,322071.455,322080.424,4097468.622,4097477.496,"Silva","NEON_D17_TEAK_DP1_322000_4097000_classified_point_cloud_colorized.laz","2018_TEAK_3_322000_4097000_image.tif","Tree",1,322000,322999.999,4097000,4097999.999
"11253",11624,322213.174,322219.9,4097459.542,4097466.772,"Silva","NEON_D17_TEAK_DP1_322000_4097000_classified_point_cloud_colorized.laz","2018_TEAK_3_322000_4097000_image.tif","Tree",1,322000,322999.999,4097000,4097999.999
"11254",11625,322221.523,322226.894,4097459.507,4097466.103,"Silva","NEON_D17_TEAK_DP1_322000_4097000_classified_point_cloud_colorized.laz","2018_TEAK_3_322000_4097000_image.tif","Tree",1,322000,322999.999,4097000,4097999.999
"11255",11626,322092.727,322097.391,4097468.755,4097473.982,"Silva","NEON_D17_TEAK_DP1_322000_4097000_classified_point_cloud_colorized.laz","2018_TEAK_3_322000_4097000_image.tif","Tree",1,322000,322999.999,4097000,4097999.999
"11256",11627,322354.59,322358.319,4097449.512,4097454.49,"Silva","NEON_D17_TEAK_DP1_322000_4097000_classified_point_cloud_colorized.laz","2018_TEAK_3_322000_4097000_image.tif","Tree",1,322000,322999.999,4097000,4097999.999
"11257",11628,322048.198,322056.526,4097467.544,4097479.46,"Silva","NEON_D17_TEAK_DP1_322000_4097000_classified_point_cloud_colorized.laz","2018_TEAK_3_322000_4097000_image.tif","Tree",1,322000,322999.999,4097000,4097999.999
"11258",11629,322215.756,322222.481,4097456.051,4097463.811,"Silva","NEON_D17_TEAK_DP1_322000_4097000_classified_point_cloud_colorized.laz","2018_TEAK_3_322000_4097000_image.tif","Tree",1,322000,322999.999,4097000,4097999.999
"11259",11630,322155.592,322164.853,4097459.547,4097471.382,"Silva","NEON_D17_TEAK_DP1_322000_4097000_classified_point_cloud_colorized.laz","2018_TEAK_3_322000_4097000_image.tif","Tree",1,322000,322999.999,4097000,4097999.999
"11260",11631,322023.512,322032.991,4097471.016,4097478.423,"Silva","NEON_D17_TEAK_DP1_322000_4097000_classified_point_cloud_colorized.laz","2018_TEAK_3_322000_4097000_image.tif","Tree",1,322000,322999.999,4097000,4097999.999
"11261",11632,322178.015,322182.977,4097459.839,4097465.356,"Silva","NEON_D17_TEAK_DP1_322000_4097000_classified_point_cloud_colorized.laz","2018_TEAK_3_322000_4097000_image.tif","Tree",1,322000,322999.999,4097000,4097999.999
"11262",11633,322340.538,322346.815,4097448.041,4097453.394,"Silva","NEON_D17_TEAK_DP1_322000_4097000_classified_point_cloud_colorized.laz","2018_TEAK_3_322000_4097000_image.tif","Tree",1,322000,322999.999,4097000,4097999.999
"11263",11634,322244.017,322255.076,4097452.579,4097461.496,"Silva","NEON_D17_TEAK_DP1_322000_4097000_classified_point_cloud_colorized.laz","2018_TEAK_3_322000_4097000_image.tif","Tree",1,322000,322999.999,4097000,4097999.999
"11264",11635,322118.55,322118.55,4097466.812,4097466.812,"Silva","NEON_D17_TEAK_DP1_322000_4097000_classified_point_cloud_colorized.laz","2018_TEAK_3_322000_4097000_image.tif","Tree",1,322000,322999.999,4097000,4097999.999
"11265",11636,322101.75,322108.48,4097461.021,4097469.999,"Silva","NEON_D17_TEAK_DP1_322000_4097000_classified_point_cloud_colorized.laz","2018_TEAK_3_322000_4097000_image.tif","Tree",1,322000,322999.999,4097000,4097999.999
"11266",11637,322302.206,322306.928,4097448.001,4097454.473,"Silva","NEON_D17_TEAK_DP1_322000_4097000_classified_point_cloud_colorized.laz","2018_TEAK_3_322000_4097000_image.tif","Tree",1,322000,322999.999,4097000,4097999.999
"11267",11638,322127.662,322133.286,4097461.135,4097468.969,"Silva","NEON_D17_TEAK_DP1_322000_4097000_classified_point_cloud_colorized.laz","2018_TEAK_3_322000_4097000_image.tif","Tree",1,322000,322999.999,4097000,4097999.999
"11268",11639,322253.317,322259.488,4097450.591,4097458.263,"Silva","NEON_D17_TEAK_DP1_322000_4097000_classified_point_cloud_colorized.laz","2018_TEAK_3_322000_4097000_image.tif","Tree",1,322000,322999.999,4097000,4097999.999
"11269",11640,322337.625,322339.921,4097446.76,4097449.448,"Silva","NEON_D17_TEAK_DP1_322000_4097000_classified_point_cloud_colorized.laz","2018_TEAK_3_322000_4097000_image.tif","Tree",1,322000,322999.999,4097000,4097999.999
"11270",11641,322197.593,322202.395,4097454.64,4097459.932,"Silva","NEON_D17_TEAK_DP1_322000_4097000_classified_point_cloud_colorized.laz","2018_TEAK_3_322000_4097000_image.tif","Tree",1,322000,322999.999,4097000,4097999.999
"11271",11642,322334.014,322337.851,4097444.593,4097449.52,"Silva","NEON_D17_TEAK_DP1_322000_4097000_classified_point_cloud_colorized.laz","2018_TEAK_3_322000_4097000_image.tif","Tree",1,322000,322999.999,4097000,4097999.999
"11272",11643,322306.591,322311.492,4097446.536,4097450.942,"Silva","NEON_D17_TEAK_DP1_322000_4097000_classified_point_cloud_colorized.laz","2018_TEAK_3_322000_4097000_image.tif","Tree",1,322000,322999.999,4097000,4097999.999
"11273",11644,322000.013,322002.445,4097469.048,4097474.422,"Silva","NEON_D17_TEAK_DP1_322000_4097000_classified_point_cloud_colorized.laz","2018_TEAK_3_322000_4097000_image.tif","Tree",1,322000,322999.999,4097000,4097999.999
"11274",11645,322049.125,322049.911,4097468.501,4097469.708,"Silva","NEON_D17_TEAK_DP1_322000_4097000_classified_point_cloud_colorized.laz","2018_TEAK_3_322000_4097000_image.tif","Tree",1,322000,322999.999,4097000,4097999.999
"11275",11646,322120.532,322127.74,4097457.079,4097463.477,"Silva","NEON_D17_TEAK_DP1_322000_4097000_classified_point_cloud_colorized.laz","2018_TEAK_3_322000_4097000_image.tif","Tree",1,322000,322999.999,4097000,4097999.999
"11276",11647,322245.501,322256.424,4097448.529,4097453.331,"Silva","NEON_D17_TEAK_DP1_322000_4097000_classified_point_cloud_colorized.laz","2018_TEAK_3_322000_4097000_image.tif","Tree",1,322000,322999.999,4097000,4097999.999
"11277",11648,322294.199,322299.748,4097445.651,4097451.487,"Silva","NEON_D17_TEAK_DP1_322000_4097000_classified_point_cloud_colorized.laz","2018_TEAK_3_322000_4097000_image.tif","Tree",1,322000,322999.999,4097000,4097999.999
"11278",11649,322271.008,322280.404,4097444.338,4097454.43,"Silva","NEON_D17_TEAK_DP1_322000_4097000_classified_point_cloud_colorized.laz","2018_TEAK_3_322000_4097000_image.tif","Tree",1,322000,322999.999,4097000,4097999.999
"11279",11650,322026.649,322030.947,4097463.067,4097468.89,"Silva","NEON_D17_TEAK_DP1_322000_4097000_classified_point_cloud_colorized.laz","2018_TEAK_3_322000_4097000_image.tif","Tree",1,322000,322999.999,4097000,4097999.999
"11280",11652,322156.047,322163.177,4097453.581,4097460.947,"Silva","NEON_D17_TEAK_DP1_322000_4097000_classified_point_cloud_colorized.laz","2018_TEAK_3_322000_4097000_image.tif","Tree",1,322000,322999.999,4097000,4097999.999
"11281",11653,322011.036,322016.461,4097466.074,4097469.42,"Silva","NEON_D17_TEAK_DP1_322000_4097000_classified_point_cloud_colorized.laz","2018_TEAK_3_322000_4097000_image.tif","Tree",1,322000,322999.999,4097000,4097999.999
"11282",11654,322123.795,322130.902,4097454.021,4097460.952,"Silva","NEON_D17_TEAK_DP1_322000_4097000_classified_point_cloud_colorized.laz","2018_TEAK_3_322000_4097000_image.tif","Tree",1,322000,322999.999,4097000,4097999.999
"11283",11655,322190.556,322195.24,4097449.689,4097455.936,"Silva","NEON_D17_TEAK_DP1_322000_4097000_classified_point_cloud_colorized.laz","2018_TEAK_3_322000_4097000_image.tif","Tree",1,322000,322999.999,4097000,4097999.999
"11284",11656,322215.053,322223.904,4097445.671,4097453.283,"Silva","NEON_D17_TEAK_DP1_322000_4097000_classified_point_cloud_colorized.laz","2018_TEAK_3_322000_4097000_image.tif","Tree",1,322000,322999.999,4097000,4097999.999
"11285",11657,322198.867,322201.476,4097449.617,4097454.29,"Silva","NEON_D17_TEAK_DP1_322000_4097000_classified_point_cloud_colorized.laz","2018_TEAK_3_322000_4097000_image.tif","Tree",1,322000,322999.999,4097000,4097999.999
"11286",11658,322000.023,322002.971,4097464.044,4097468.965,"Silva","NEON_D17_TEAK_DP1_322000_4097000_classified_point_cloud_colorized.laz","2018_TEAK_3_322000_4097000_image.tif","Tree",1,322000,322999.999,4097000,4097999.999
"11287",11659,322186.141,322190.492,4097448.603,4097454.016,"Silva","NEON_D17_TEAK_DP1_322000_4097000_classified_point_cloud_colorized.laz","2018_TEAK_3_322000_4097000_image.tif","Tree",1,322000,322999.999,4097000,4097999.999
"11288",11660,322290.79,322296.95,4097441.689,4097447.838,"Silva","NEON_D17_TEAK_DP1_322000_4097000_classified_point_cloud_colorized.laz","2018_TEAK_3_322000_4097000_image.tif","Tree",1,322000,322999.999,4097000,4097999.999
"11289",11661,322222.512,322232.846,4097442.581,4097454.464,"Silva","NEON_D17_TEAK_DP1_322000_4097000_classified_point_cloud_colorized.laz","2018_TEAK_3_322000_4097000_image.tif","Tree",1,322000,322999.999,4097000,4097999.999
"11290",11662,322005.629,322008.941,4097461.618,4097465.912,"Silva","NEON_D17_TEAK_DP1_322000_4097000_classified_point_cloud_colorized.laz","2018_TEAK_3_322000_4097000_image.tif","Tree",1,322000,322999.999,4097000,4097999.999
"11291",11663,322007.285,322011.87,4097460.564,4097465.446,"Silva","NEON_D17_TEAK_DP1_322000_4097000_classified_point_cloud_colorized.laz","2018_TEAK_3_322000_4097000_image.tif","Tree",1,322000,322999.999,4097000,4097999.999
"11292",11664,322022.093,322027.015,4097459.222,4097463.491,"Silva","NEON_D17_TEAK_DP1_322000_4097000_classified_point_cloud_colorized.laz","2018_TEAK_3_322000_4097000_image.tif","Tree",1,322000,322999.999,4097000,4097999.999
"11293",11665,322095.596,322103.373,4097451.595,4097459.975,"Silva","NEON_D17_TEAK_DP1_322000_4097000_classified_point_cloud_colorized.laz","2018_TEAK_3_322000_4097000_image.tif","Tree",1,322000,322999.999,4097000,4097999.999
"11294",11666,322274.017,322283.309,4097440.507,4097447.49,"Silva","NEON_D17_TEAK_DP1_322000_4097000_classified_point_cloud_colorized.laz","2018_TEAK_3_322000_4097000_image.tif","Tree",1,322000,322999.999,4097000,4097999.999
"11295",11667,322235.038,322245.487,4097441.605,4097451.125,"Silva","NEON_D17_TEAK_DP1_322000_4097000_classified_point_cloud_colorized.laz","2018_TEAK_3_322000_4097000_image.tif","Tree",1,322000,322999.999,4097000,4097999.999
"11296",11668,322116.091,322116.882,4097452.508,4097456.854,"Silva","NEON_D17_TEAK_DP1_322000_4097000_classified_point_cloud_colorized.laz","2018_TEAK_3_322000_4097000_image.tif","Tree",1,322000,322999.999,4097000,4097999.999
"11297",11669,322255.098,322261.979,4097438.606,4097446.914,"Silva","NEON_D17_TEAK_DP1_322000_4097000_classified_point_cloud_colorized.laz","2018_TEAK_3_322000_4097000_image.tif","Tree",1,322000,322999.999,4097000,4097999.999
"11298",11670,322187.507,322195.173,4097440.211,4097449.863,"Silva","NEON_D17_TEAK_DP1_322000_4097000_classified_point_cloud_colorized.laz","2018_TEAK_3_322000_4097000_image.tif","Tree",1,322000,322999.999,4097000,4097999.999
"11299",11671,322091.424,322098.987,4097449.511,4097457.802,"Silva","NEON_D17_TEAK_DP1_322000_4097000_classified_point_cloud_colorized.laz","2018_TEAK_3_322000_4097000_image.tif","Tree",1,322000,322999.999,4097000,4097999.999
"11300",11672,322237.571,322246.749,4097437.51,4097444.966,"Silva","NEON_D17_TEAK_DP1_322000_4097000_classified_point_cloud_colorized.laz","2018_TEAK_3_322000_4097000_image.tif","Tree",1,322000,322999.999,4097000,4097999.999
"11301",11673,322308.112,322315.702,4097434.018,4097439.972,"Silva","NEON_D17_TEAK_DP1_322000_4097000_classified_point_cloud_colorized.laz","2018_TEAK_3_322000_4097000_image.tif","Tree",1,322000,322999.999,4097000,4097999.999
"11302",11674,322300.504,322302.352,4097437.724,4097439.908,"Silva","NEON_D17_TEAK_DP1_322000_4097000_classified_point_cloud_colorized.laz","2018_TEAK_3_322000_4097000_image.tif","Tree",1,322000,322999.999,4097000,4097999.999
"11303",11675,322161.685,322163.278,4097444.279,4097448.924,"Silva","NEON_D17_TEAK_DP1_322000_4097000_classified_point_cloud_colorized.laz","2018_TEAK_3_322000_4097000_image.tif","Tree",1,322000,322999.999,4097000,4097999.999
"11304",11677,322052.817,322057.964,4097452.531,4097457.45,"Silva","NEON_D17_TEAK_DP1_322000_4097000_classified_point_cloud_colorized.laz","2018_TEAK_3_322000_4097000_image.tif","Tree",1,322000,322999.999,4097000,4097999.999
"11305",11678,322274.074,322284.918,4097431.092,4097440.679,"Silva","NEON_D17_TEAK_DP1_322000_4097000_classified_point_cloud_colorized.laz","2018_TEAK_3_322000_4097000_image.tif","Tree",1,322000,322999.999,4097000,4097999.999
"11306",11679,322250.51,322259.465,4097432.588,4097443.499,"Silva","NEON_D17_TEAK_DP1_322000_4097000_classified_point_cloud_colorized.laz","2018_TEAK_3_322000_4097000_image.tif","Tree",1,322000,322999.999,4097000,4097999.999
"11307",11680,322162.062,322168.314,4097443.026,4097449.142,"Silva","NEON_D17_TEAK_DP1_322000_4097000_classified_point_cloud_colorized.laz","2018_TEAK_3_322000_4097000_image.tif","Tree",1,322000,322999.999,4097000,4097999.999
"11308",11681,322035.62,322042.863,4097451.524,4097458.469,"Silva","NEON_D17_TEAK_DP1_322000_4097000_classified_point_cloud_colorized.laz","2018_TEAK_3_322000_4097000_image.tif","Tree",1,322000,322999.999,4097000,4097999.999
"11309",11682,322069.161,322073.952,4097449.144,4097453.973,"Silva","NEON_D17_TEAK_DP1_322000_4097000_classified_point_cloud_colorized.laz","2018_TEAK_3_322000_4097000_image.tif","Tree",1,322000,322999.999,4097000,4097999.999
"11310",11683,322240.587,322250.444,4097434.042,4097443.456,"Silva","NEON_D17_TEAK_DP1_322000_4097000_classified_point_cloud_colorized.laz","2018_TEAK_3_322000_4097000_image.tif","Tree",1,322000,322999.999,4097000,4097999.999
"11311",11684,322028.831,322029.998,4097454.076,4097455.494,"Silva","NEON_D17_TEAK_DP1_322000_4097000_classified_point_cloud_colorized.laz","2018_TEAK_3_322000_4097000_image.tif","Tree",1,322000,322999.999,4097000,4097999.999
"11312",11686,322200.554,322208.361,4097435.034,4097444.322,"Silva","NEON_D17_TEAK_DP1_322000_4097000_classified_point_cloud_colorized.laz","2018_TEAK_3_322000_4097000_image.tif","Tree",1,322000,322999.999,4097000,4097999.999
"11313",11687,322165.211,322168.475,4097442.854,4097444.667,"Silva","NEON_D17_TEAK_DP1_322000_4097000_classified_point_cloud_colorized.laz","2018_TEAK_3_322000_4097000_image.tif","Tree",1,322000,322999.999,4097000,4097999.999
"11314",11688,322140.533,322142.911,4097443.658,4097447.163,"Silva","NEON_D17_TEAK_DP1_322000_4097000_classified_point_cloud_colorized.laz","2018_TEAK_3_322000_4097000_image.tif","Tree",1,322000,322999.999,4097000,4097999.999
"11315",11689,322130.408,322130.796,4097446.039,4097447.264,"Silva","NEON_D17_TEAK_DP1_322000_4097000_classified_point_cloud_colorized.laz","2018_TEAK_3_322000_4097000_image.tif","Tree",1,322000,322999.999,4097000,4097999.999
"11316",11690,322145.524,322146.856,4097443.739,4097444.931,"Silva","NEON_D17_TEAK_DP1_322000_4097000_classified_point_cloud_colorized.laz","2018_TEAK_3_322000_4097000_image.tif","Tree",1,322000,322999.999,4097000,4097999.999
"11317",11691,322193.659,322201.901,4097435.532,4097444.497,"Silva","NEON_D17_TEAK_DP1_322000_4097000_classified_point_cloud_colorized.laz","2018_TEAK_3_322000_4097000_image.tif","Tree",1,322000,322999.999,4097000,4097999.999
"11318",11692,322281.625,322291.486,4097430.646,4097438.497,"Silva","NEON_D17_TEAK_DP1_322000_4097000_classified_point_cloud_colorized.laz","2018_TEAK_3_322000_4097000_image.tif","Tree",1,322000,322999.999,4097000,4097999.999
"11319",11693,322303.586,322308.952,4097430.655,4097435.978,"Silva","NEON_D17_TEAK_DP1_322000_4097000_classified_point_cloud_colorized.laz","2018_TEAK_3_322000_4097000_image.tif","Tree",1,322000,322999.999,4097000,4097999.999
"11320",11694,322071.731,322077.552,4097446.002,4097452.378,"Silva","NEON_D17_TEAK_DP1_322000_4097000_classified_point_cloud_colorized.laz","2018_TEAK_3_322000_4097000_image.tif","Tree",1,322000,322999.999,4097000,4097999.999
"11321",11695,322100.522,322106.361,4097443.803,4097449.165,"Silva","NEON_D17_TEAK_DP1_322000_4097000_classified_point_cloud_colorized.laz","2018_TEAK_3_322000_4097000_image.tif","Tree",1,322000,322999.999,4097000,4097999.999
"11322",11696,322273.372,322273.93,4097437.365,4097438.93,"Silva","NEON_D17_TEAK_DP1_322000_4097000_classified_point_cloud_colorized.laz","2018_TEAK_3_322000_4097000_image.tif","Tree",1,322000,322999.999,4097000,4097999.999
"11323",11697,322000.011,322005.353,4097452.742,4097455.977,"Silva","NEON_D17_TEAK_DP1_322000_4097000_classified_point_cloud_colorized.laz","2018_TEAK_3_322000_4097000_image.tif","Tree",1,322000,322999.999,4097000,4097999.999
"11324",11698,322152.538,322156.299,4097438.444,4097442.246,"Silva","NEON_D17_TEAK_DP1_322000_4097000_classified_point_cloud_colorized.laz","2018_TEAK_3_322000_4097000_image.tif","Tree",1,322000,322999.999,4097000,4097999.999
"11325",11699,322262.554,322265.096,4097431.514,4097433.842,"Silva","NEON_D17_TEAK_DP1_322000_4097000_classified_point_cloud_colorized.laz","2018_TEAK_3_322000_4097000_image.tif","Tree",1,322000,322999.999,4097000,4097999.999
"11326",11700,322207.099,322218.23,4097430.009,4097438.45,"Silva","NEON_D17_TEAK_DP1_322000_4097000_classified_point_cloud_colorized.laz","2018_TEAK_3_322000_4097000_image.tif","Tree",1,322000,322999.999,4097000,4097999.999
"11327",11701,322174.594,322175.388,4097439.023,4097439.767,"Silva","NEON_D17_TEAK_DP1_322000_4097000_classified_point_cloud_colorized.laz","2018_TEAK_3_322000_4097000_image.tif","Tree",1,322000,322999.999,4097000,4097999.999
"11328",11702,322103.615,322109.795,4097440.152,4097444.709,"Silva","NEON_D17_TEAK_DP1_322000_4097000_classified_point_cloud_colorized.laz","2018_TEAK_3_322000_4097000_image.tif","Tree",1,322000,322999.999,4097000,4097999.999
"11329",11703,322118.451,322124.196,4097438.544,4097443.247,"Silva","NEON_D17_TEAK_DP1_322000_4097000_classified_point_cloud_colorized.laz","2018_TEAK_3_322000_4097000_image.tif","Tree",1,322000,322999.999,4097000,4097999.999
"11330",11704,322005.543,322012.966,4097441.13,4097451.802,"Silva","NEON_D17_TEAK_DP1_322000_4097000_classified_point_cloud_colorized.laz","2018_TEAK_3_322000_4097000_image.tif","Tree",1,322000,322999.999,4097000,4097999.999
"11331",11705,322092.633,322097.443,4097440.525,4097442.797,"Silva","NEON_D17_TEAK_DP1_322000_4097000_classified_point_cloud_colorized.laz","2018_TEAK_3_322000_4097000_image.tif","Tree",1,322000,322999.999,4097000,4097999.999
"11332",11706,322148.179,322154.462,4097434.603,4097440.982,"Silva","NEON_D17_TEAK_DP1_322000_4097000_classified_point_cloud_colorized.laz","2018_TEAK_3_322000_4097000_image.tif","Tree",1,322000,322999.999,4097000,4097999.999
"11333",11707,322030.024,322035.891,4097443.696,4097448.635,"Silva","NEON_D17_TEAK_DP1_322000_4097000_classified_point_cloud_colorized.laz","2018_TEAK_3_322000_4097000_image.tif","Tree",1,322000,322999.999,4097000,4097999.999
"11334",11708,322258.007,322266.442,4097425.069,4097431.443,"Silva","NEON_D17_TEAK_DP1_322000_4097000_classified_point_cloud_colorized.laz","2018_TEAK_3_322000_4097000_image.tif","Tree",1,322000,322999.999,4097000,4097999.999
"11335",11709,322036.105,322042.485,4097440.562,4097447.916,"Silva","NEON_D17_TEAK_DP1_322000_4097000_classified_point_cloud_colorized.laz","2018_TEAK_3_322000_4097000_image.tif","Tree",1,322000,322999.999,4097000,4097999.999
"11336",11710,322112.588,322117.982,4097435.544,4097441.498,"Silva","NEON_D17_TEAK_DP1_322000_4097000_classified_point_cloud_colorized.laz","2018_TEAK_3_322000_4097000_image.tif","Tree",1,322000,322999.999,4097000,4097999.999
"11337",11711,322215.503,322224.468,4097425.082,4097436.326,"Silva","NEON_D17_TEAK_DP1_322000_4097000_classified_point_cloud_colorized.laz","2018_TEAK_3_322000_4097000_image.tif","Tree",1,322000,322999.999,4097000,4097999.999
"11338",11712,322124.826,322129.413,4097436.067,4097440.499,"Silva","NEON_D17_TEAK_DP1_322000_4097000_classified_point_cloud_colorized.laz","2018_TEAK_3_322000_4097000_image.tif","Tree",1,322000,322999.999,4097000,4097999.999
"11339",11713,322117.534,322123.495,4097433.044,4097440.453,"Silva","NEON_D17_TEAK_DP1_322000_4097000_classified_point_cloud_colorized.laz","2018_TEAK_3_322000_4097000_image.tif","Tree",1,322000,322999.999,4097000,4097999.999
"11340",11714,322041.685,322049.342,4097439.563,4097445.394,"Silva","NEON_D17_TEAK_DP1_322000_4097000_classified_point_cloud_colorized.laz","2018_TEAK_3_322000_4097000_image.tif","Tree",1,322000,322999.999,4097000,4097999.999
"11341",11715,322144.718,322152.358,4097429.572,4097437.859,"Silva","NEON_D17_TEAK_DP1_322000_4097000_classified_point_cloud_colorized.laz","2018_TEAK_3_322000_4097000_image.tif","Tree",1,322000,322999.999,4097000,4097999.999
"11342",11716,322193.554,322202.487,4097428.008,4097434.9,"Silva","NEON_D17_TEAK_DP1_322000_4097000_classified_point_cloud_colorized.laz","2018_TEAK_3_322000_4097000_image.tif","Tree",1,322000,322999.999,4097000,4097999.999
"11343",11717,322152.748,322159.951,4097431.317,4097437.918,"Silva","NEON_D17_TEAK_DP1_322000_4097000_classified_point_cloud_colorized.laz","2018_TEAK_3_322000_4097000_image.tif","Tree",1,322000,322999.999,4097000,4097999.999
"11344",11718,322102.308,322108.476,4097433.629,4097439.999,"Silva","NEON_D17_TEAK_DP1_322000_4097000_classified_point_cloud_colorized.laz","2018_TEAK_3_322000_4097000_image.tif","Tree",1,322000,322999.999,4097000,4097999.999
"11345",11719,322176.625,322182.933,4097424.707,4097434.757,"Silva","NEON_D17_TEAK_DP1_322000_4097000_classified_point_cloud_colorized.laz","2018_TEAK_3_322000_4097000_image.tif","Tree",1,322000,322999.999,4097000,4097999.999
"11346",11720,322072.516,322077.254,4097435.717,4097441.477,"Silva","NEON_D17_TEAK_DP1_322000_4097000_classified_point_cloud_colorized.laz","2018_TEAK_3_322000_4097000_image.tif","Tree",1,322000,322999.999,4097000,4097999.999
"11347",11721,322027.723,322031.605,4097437.784,4097441.614,"Silva","NEON_D17_TEAK_DP1_322000_4097000_classified_point_cloud_colorized.laz","2018_TEAK_3_322000_4097000_image.tif","Tree",1,322000,322999.999,4097000,4097999.999
"11348",11722,322157.015,322162.976,4097428.287,4097435.716,"Silva","NEON_D17_TEAK_DP1_322000_4097000_classified_point_cloud_colorized.laz","2018_TEAK_3_322000_4097000_image.tif","Tree",1,322000,322999.999,4097000,4097999.999
"11349",11723,322060.601,322066.903,4097435.206,4097440.87,"Silva","NEON_D17_TEAK_DP1_322000_4097000_classified_point_cloud_colorized.laz","2018_TEAK_3_322000_4097000_image.tif","Tree",1,322000,322999.999,4097000,4097999.999
"11350",11724,322067.013,322073.11,4097433.057,4097439.326,"Silva","NEON_D17_TEAK_DP1_322000_4097000_classified_point_cloud_colorized.laz","2018_TEAK_3_322000_4097000_image.tif","Tree",1,322000,322999.999,4097000,4097999.999
"11351",11725,322136.52,322142.461,4097430.074,4097435.345,"Silva","NEON_D17_TEAK_DP1_322000_4097000_classified_point_cloud_colorized.laz","2018_TEAK_3_322000_4097000_image.tif","Tree",1,322000,322999.999,4097000,4097999.999
"11352",11726,322277.055,322286.813,4097417.532,4097430.468,"Silva","NEON_D17_TEAK_DP1_322000_4097000_classified_point_cloud_colorized.laz","2018_TEAK_3_322000_4097000_image.tif","Tree",1,322000,322999.999,4097000,4097999.999
"11353",11727,322203.003,322211.214,4097423.155,4097430.768,"Silva","NEON_D17_TEAK_DP1_322000_4097000_classified_point_cloud_colorized.laz","2018_TEAK_3_322000_4097000_image.tif","Tree",1,322000,322999.999,4097000,4097999.999
"11354",11728,322086.584,322092.462,4097432.605,4097437.455,"Silva","NEON_D17_TEAK_DP1_322000_4097000_classified_point_cloud_colorized.laz","2018_TEAK_3_322000_4097000_image.tif","Tree",1,322000,322999.999,4097000,4097999.999
"11355",11729,322261.038,322268.998,4097415.51,4097425.902,"Silva","NEON_D17_TEAK_DP1_322000_4097000_classified_point_cloud_colorized.laz","2018_TEAK_3_322000_4097000_image.tif","Tree",1,322000,322999.999,4097000,4097999.999
"11356",11730,322166.529,322174.433,4097424.534,4097431.901,"Silva","NEON_D17_TEAK_DP1_322000_4097000_classified_point_cloud_colorized.laz","2018_TEAK_3_322000_4097000_image.tif","Tree",1,322000,322999.999,4097000,4097999.999
"11357",11731,322081.661,322084.931,4097431.454,4097435.32,"Silva","NEON_D17_TEAK_DP1_322000_4097000_classified_point_cloud_colorized.laz","2018_TEAK_3_322000_4097000_image.tif","Tree",1,322000,322999.999,4097000,4097999.999
"11358",11732,322112.001,322118.904,4097429.181,4097433.894,"Silva","NEON_D17_TEAK_DP1_322000_4097000_classified_point_cloud_colorized.laz","2018_TEAK_3_322000_4097000_image.tif","Tree",1,322000,322999.999,4097000,4097999.999
"11359",11733,322126.565,322132.441,4097428.073,4097432.481,"Silva","NEON_D17_TEAK_DP1_322000_4097000_classified_point_cloud_colorized.laz","2018_TEAK_3_322000_4097000_image.tif","Tree",1,322000,322999.999,4097000,4097999.999
"11360",11734,322183.039,322191.495,4097424.054,4097429.252,"Silva","NEON_D17_TEAK_DP1_322000_4097000_classified_point_cloud_colorized.laz","2018_TEAK_3_322000_4097000_image.tif","Tree",1,322000,322999.999,4097000,4097999.999
"11361",11735,322267.231,322276.988,4097414.506,4097424.467,"Silva","NEON_D17_TEAK_DP1_322000_4097000_classified_point_cloud_colorized.laz","2018_TEAK_3_322000_4097000_image.tif","Tree",1,322000,322999.999,4097000,4097999.999
"11362",11736,322105.851,322111.861,4097427.002,4097434.481,"Silva","NEON_D17_TEAK_DP1_322000_4097000_classified_point_cloud_colorized.laz","2018_TEAK_3_322000_4097000_image.tif","Tree",1,322000,322999.999,4097000,4097999.999
"11363",11737,322000.007,322008.336,4097432.501,4097443.455,"Silva","NEON_D17_TEAK_DP1_322000_4097000_classified_point_cloud_colorized.laz","2018_TEAK_3_322000_4097000_image.tif","Tree",1,322000,322999.999,4097000,4097999.999
"11364",11738,322100.109,322105.803,4097426.019,4097432.965,"Silva","NEON_D17_TEAK_DP1_322000_4097000_classified_point_cloud_colorized.laz","2018_TEAK_3_322000_4097000_image.tif","Tree",1,322000,322999.999,4097000,4097999.999
"11365",11739,322254.111,322262.72,4097415.012,4097426.887,"Silva","NEON_D17_TEAK_DP1_322000_4097000_classified_point_cloud_colorized.laz","2018_TEAK_3_322000_4097000_image.tif","Tree",1,322000,322999.999,4097000,4097999.999
"11366",11740,322136.017,322140.984,4097423.153,4097429.992,"Silva","NEON_D17_TEAK_DP1_322000_4097000_classified_point_cloud_colorized.laz","2018_TEAK_3_322000_4097000_image.tif","Tree",1,322000,322999.999,4097000,4097999.999
"11367",11741,322171.166,322179.928,4097418.532,4097427.749,"Silva","NEON_D17_TEAK_DP1_322000_4097000_classified_point_cloud_colorized.laz","2018_TEAK_3_322000_4097000_image.tif","Tree",1,322000,322999.999,4097000,4097999.999
"11368",11742,322194.48,322200.992,4097416.077,4097423.008,"Silva","NEON_D17_TEAK_DP1_322000_4097000_classified_point_cloud_colorized.laz","2018_TEAK_3_322000_4097000_image.tif","Tree",1,322000,322999.999,4097000,4097999.999
"11369",11743,322162.514,322169.393,4097418.591,4097425.406,"Silva","NEON_D17_TEAK_DP1_322000_4097000_classified_point_cloud_colorized.laz","2018_TEAK_3_322000_4097000_image.tif","Tree",1,322000,322999.999,4097000,4097999.999
"11370",11744,322112.953,322112.953,4097428.222,4097428.222,"Silva","NEON_D17_TEAK_DP1_322000_4097000_classified_point_cloud_colorized.laz","2018_TEAK_3_322000_4097000_image.tif","Tree",1,322000,322999.999,4097000,4097999.999
"11371",11745,322167.828,322172.869,4097419.029,4097424.887,"Silva","NEON_D17_TEAK_DP1_322000_4097000_classified_point_cloud_colorized.laz","2018_TEAK_3_322000_4097000_image.tif","Tree",1,322000,322999.999,4097000,4097999.999
"11372",11746,322081.507,322087.441,4097422.538,4097427.423,"Silva","NEON_D17_TEAK_DP1_322000_4097000_classified_point_cloud_colorized.laz","2018_TEAK_3_322000_4097000_image.tif","Tree",1,322000,322999.999,4097000,4097999.999
"11373",11747,322203.873,322211.193,4097413.094,4097420.899,"Silva","NEON_D17_TEAK_DP1_322000_4097000_classified_point_cloud_colorized.laz","2018_TEAK_3_322000_4097000_image.tif","Tree",1,322000,322999.999,4097000,4097999.999
"11374",11748,322074.018,322080.196,4097422.685,4097427.359,"Silva","NEON_D17_TEAK_DP1_322000_4097000_classified_point_cloud_colorized.laz","2018_TEAK_3_322000_4097000_image.tif","Tree",1,322000,322999.999,4097000,4097999.999
"11375",11749,322103.504,322109.961,4097417.625,4097424.111,"Silva","NEON_D17_TEAK_DP1_322000_4097000_classified_point_cloud_colorized.laz","2018_TEAK_3_322000_4097000_image.tif","Tree",1,322000,322999.999,4097000,4097999.999
"11376",11750,322188.509,322195.071,4097414.523,4097420.895,"Silva","NEON_D17_TEAK_DP1_322000_4097000_classified_point_cloud_colorized.laz","2018_TEAK_3_322000_4097000_image.tif","Tree",1,322000,322999.999,4097000,4097999.999
"11377",11751,322210.548,322218.433,4097412.023,4097419.775,"Silva","NEON_D17_TEAK_DP1_322000_4097000_classified_point_cloud_colorized.laz","2018_TEAK_3_322000_4097000_image.tif","Tree",1,322000,322999.999,4097000,4097999.999
"11378",11752,322142.514,322148.946,4097415.519,4097424.381,"Silva","NEON_D17_TEAK_DP1_322000_4097000_classified_point_cloud_colorized.laz","2018_TEAK_3_322000_4097000_image.tif","Tree",1,322000,322999.999,4097000,4097999.999
"11379",11753,322255.138,322264.951,4097404.578,4097415.867,"Silva","NEON_D17_TEAK_DP1_322000_4097000_classified_point_cloud_colorized.laz","2018_TEAK_3_322000_4097000_image.tif","Tree",1,322000,322999.999,4097000,4097999.999
"11380",11755,322219.037,322228.927,4097408.454,4097416.89,"Silva","NEON_D17_TEAK_DP1_322000_4097000_classified_point_cloud_colorized.laz","2018_TEAK_3_322000_4097000_image.tif","Tree",1,322000,322999.999,4097000,4097999.999
"11381",11756,322093.446,322094.455,4097418.581,4097421.29,"Silva","NEON_D17_TEAK_DP1_322000_4097000_classified_point_cloud_colorized.laz","2018_TEAK_3_322000_4097000_image.tif","Tree",1,322000,322999.999,4097000,4097999.999
"11382",11757,322124.546,322132.13,4097414.525,4097421.886,"Silva","NEON_D17_TEAK_DP1_322000_4097000_classified_point_cloud_colorized.laz","2018_TEAK_3_322000_4097000_image.tif","Tree",1,322000,322999.999,4097000,4097999.999
"11383",11758,322139.023,322145.953,4097413.243,4097422.786,"Silva","NEON_D17_TEAK_DP1_322000_4097000_classified_point_cloud_colorized.laz","2018_TEAK_3_322000_4097000_image.tif","Tree",1,322000,322999.999,4097000,4097999.999
"11384",11759,322199.233,322206.793,4097409.023,4097417.884,"Silva","NEON_D17_TEAK_DP1_322000_4097000_classified_point_cloud_colorized.laz","2018_TEAK_3_322000_4097000_image.tif","Tree",1,322000,322999.999,4097000,4097999.999
"11385",11760,322150.546,322159.475,4097411.582,4097420.324,"Silva","NEON_D17_TEAK_DP1_322000_4097000_classified_point_cloud_colorized.laz","2018_TEAK_3_322000_4097000_image.tif","Tree",1,322000,322999.999,4097000,4097999.999
"11386",11761,322109.176,322119.355,4097412.658,4097421.456,"Silva","NEON_D17_TEAK_DP1_322000_4097000_classified_point_cloud_colorized.laz","2018_TEAK_3_322000_4097000_image.tif","Tree",1,322000,322999.999,4097000,4097999.999
"11387",11762,322119.077,322126.665,4097411.503,4097420.839,"Silva","NEON_D17_TEAK_DP1_322000_4097000_classified_point_cloud_colorized.laz","2018_TEAK_3_322000_4097000_image.tif","Tree",1,322000,322999.999,4097000,4097999.999
"11388",11763,322172.457,322180.784,4097409.083,4097417.767,"Silva","NEON_D17_TEAK_DP1_322000_4097000_classified_point_cloud_colorized.laz","2018_TEAK_3_322000_4097000_image.tif","Tree",1,322000,322999.999,4097000,4097999.999
"11389",11764,322055.207,322062.431,4097415.598,4097422.385,"Silva","NEON_D17_TEAK_DP1_322000_4097000_classified_point_cloud_colorized.laz","2018_TEAK_3_322000_4097000_image.tif","Tree",1,322000,322999.999,4097000,4097999.999
"11390",11765,322092.701,322098.421,4097411.523,4097418.809,"Silva","NEON_D17_TEAK_DP1_322000_4097000_classified_point_cloud_colorized.laz","2018_TEAK_3_322000_4097000_image.tif","Tree",1,322000,322999.999,4097000,4097999.999
"11391",11766,322261.328,322271.266,4097403.255,4097410.412,"Silva","NEON_D17_TEAK_DP1_322000_4097000_classified_point_cloud_colorized.laz","2018_TEAK_3_322000_4097000_image.tif","Tree",1,322000,322999.999,4097000,4097999.999
"11392",11767,322072.681,322077.975,4097414.633,4097419.172,"Silva","NEON_D17_TEAK_DP1_322000_4097000_classified_point_cloud_colorized.laz","2018_TEAK_3_322000_4097000_image.tif","Tree",1,322000,322999.999,4097000,4097999.999
"11393",11768,322048.095,322053.966,4097413.655,4097419.478,"Silva","NEON_D17_TEAK_DP1_322000_4097000_classified_point_cloud_colorized.laz","2018_TEAK_3_322000_4097000_image.tif","Tree",1,322000,322999.999,4097000,4097999.999
"11394",11769,322224.555,322229.209,4097404.03,4097410.763,"Silva","NEON_D17_TEAK_DP1_322000_4097000_classified_point_cloud_colorized.laz","2018_TEAK_3_322000_4097000_image.tif","Tree",1,322000,322999.999,4097000,4097999.999
"11395",11770,322034.229,322040.481,4097412.642,4097420.431,"Silva","NEON_D17_TEAK_DP1_322000_4097000_classified_point_cloud_colorized.laz","2018_TEAK_3_322000_4097000_image.tif","Tree",1,322000,322999.999,4097000,4097999.999
"11396",11771,322199.267,322208.329,4097400.025,4097409.434,"Silva","NEON_D17_TEAK_DP1_322000_4097000_classified_point_cloud_colorized.laz","2018_TEAK_3_322000_4097000_image.tif","Tree",1,322000,322999.999,4097000,4097999.999
"11397",11772,322174.046,322179.839,4097402.655,4097409.484,"Silva","NEON_D17_TEAK_DP1_322000_4097000_classified_point_cloud_colorized.laz","2018_TEAK_3_322000_4097000_image.tif","Tree",1,322000,322999.999,4097000,4097999.999
"11398",11773,322166.575,322174.429,4097402.674,4097409.982,"Silva","NEON_D17_TEAK_DP1_322000_4097000_classified_point_cloud_colorized.laz","2018_TEAK_3_322000_4097000_image.tif","Tree",1,322000,322999.999,4097000,4097999.999
"11399",11774,322193.563,322201.356,4097399.148,4097408.854,"Silva","NEON_D17_TEAK_DP1_322000_4097000_classified_point_cloud_colorized.laz","2018_TEAK_3_322000_4097000_image.tif","Tree",1,322000,322999.999,4097000,4097999.999
"11400",11775,322038.708,322045.159,4097410.099,4097415.922,"Silva","NEON_D17_TEAK_DP1_322000_4097000_classified_point_cloud_colorized.laz","2018_TEAK_3_322000_4097000_image.tif","Tree",1,322000,322999.999,4097000,4097999.999
"11401",11776,322219.072,322226.466,4097397.103,4097406.921,"Silva","NEON_D17_TEAK_DP1_322000_4097000_classified_point_cloud_colorized.laz","2018_TEAK_3_322000_4097000_image.tif","Tree",1,322000,322999.999,4097000,4097999.999
"11402",11777,322089.534,322095.976,4097405.505,4097412.489,"Silva","NEON_D17_TEAK_DP1_322000_4097000_classified_point_cloud_colorized.laz","2018_TEAK_3_322000_4097000_image.tif","Tree",1,322000,322999.999,4097000,4097999.999
"11403",11778,322183.367,322193.453,4097398.037,4097407.387,"Silva","NEON_D17_TEAK_DP1_322000_4097000_classified_point_cloud_colorized.laz","2018_TEAK_3_322000_4097000_image.tif","Tree",1,322000,322999.999,4097000,4097999.999
"11404",11779,322239.106,322251.099,4097391.022,4097405.868,"Silva","NEON_D17_TEAK_DP1_322000_4097000_classified_point_cloud_colorized.laz","2018_TEAK_3_322000_4097000_image.tif","Tree",1,322000,322999.999,4097000,4097999.999
"11405",11780,322130.552,322138.971,4097400.243,4097408.473,"Silva","NEON_D17_TEAK_DP1_322000_4097000_classified_point_cloud_colorized.laz","2018_TEAK_3_322000_4097000_image.tif","Tree",1,322000,322999.999,4097000,4097999.999
"11406",11781,322148.58,322156.464,4097399.668,4097405.958,"Silva","NEON_D17_TEAK_DP1_322000_4097000_classified_point_cloud_colorized.laz","2018_TEAK_3_322000_4097000_image.tif","Tree",1,322000,322999.999,4097000,4097999.999
"11407",11782,322139.808,322147.486,4097401.081,4097408.265,"Silva","NEON_D17_TEAK_DP1_322000_4097000_classified_point_cloud_colorized.laz","2018_TEAK_3_322000_4097000_image.tif","Tree",1,322000,322999.999,4097000,4097999.999
"11408",11783,322075.514,322080.993,4097405.029,4097411.781,"Silva","NEON_D17_TEAK_DP1_322000_4097000_classified_point_cloud_colorized.laz","2018_TEAK_3_322000_4097000_image.tif","Tree",1,322000,322999.999,4097000,4097999.999
"11409",11784,322251.58,322262.469,4097390.029,4097400.976,"Silva","NEON_D17_TEAK_DP1_322000_4097000_classified_point_cloud_colorized.laz","2018_TEAK_3_322000_4097000_image.tif","Tree",1,322000,322999.999,4097000,4097999.999
"11410",11785,322264.531,322271.945,4097392.534,4097398.995,"Silva","NEON_D17_TEAK_DP1_322000_4097000_classified_point_cloud_colorized.laz","2018_TEAK_3_322000_4097000_image.tif","Tree",1,322000,322999.999,4097000,4097999.999
"11411",11786,322212,322218.151,4097394.55,4097401.382,"Silva","NEON_D17_TEAK_DP1_322000_4097000_classified_point_cloud_colorized.laz","2018_TEAK_3_322000_4097000_image.tif","Tree",1,322000,322999.999,4097000,4097999.999
"11412",11787,322096.634,322100.851,4097401.021,4097406.482,"Silva","NEON_D17_TEAK_DP1_322000_4097000_classified_point_cloud_colorized.laz","2018_TEAK_3_322000_4097000_image.tif","Tree",1,322000,322999.999,4097000,4097999.999
"11413",11788,322042.089,322049.456,4097402.652,4097409.935,"Silva","NEON_D17_TEAK_DP1_322000_4097000_classified_point_cloud_colorized.laz","2018_TEAK_3_322000_4097000_image.tif","Tree",1,322000,322999.999,4097000,4097999.999
"11414",11789,322066.73,322070.912,4097401.893,4097408,"Silva","NEON_D17_TEAK_DP1_322000_4097000_classified_point_cloud_colorized.laz","2018_TEAK_3_322000_4097000_image.tif","Tree",1,322000,322999.999,4097000,4097999.999
"11415",11790,322226.65,322234.997,4097390.214,4097398.495,"Silva","NEON_D17_TEAK_DP1_322000_4097000_classified_point_cloud_colorized.laz","2018_TEAK_3_322000_4097000_image.tif","Tree",1,322000,322999.999,4097000,4097999.999
"11416",11791,322217.067,322225.49,4097393.004,4097398.852,"Silva","NEON_D17_TEAK_DP1_322000_4097000_classified_point_cloud_colorized.laz","2018_TEAK_3_322000_4097000_image.tif","Tree",1,322000,322999.999,4097000,4097999.999
"11417",11793,322137.068,322144.156,4097395.011,4097402.852,"Silva","NEON_D17_TEAK_DP1_322000_4097000_classified_point_cloud_colorized.laz","2018_TEAK_3_322000_4097000_image.tif","Tree",1,322000,322999.999,4097000,4097999.999
"11418",11794,322257.104,322264.926,4097388.624,4097393.464,"Silva","NEON_D17_TEAK_DP1_322000_4097000_classified_point_cloud_colorized.laz","2018_TEAK_3_322000_4097000_image.tif","Tree",1,322000,322999.999,4097000,4097999.999
"11419",11795,322177.127,322178.493,4097395.26,4097397.382,"Silva","NEON_D17_TEAK_DP1_322000_4097000_classified_point_cloud_colorized.laz","2018_TEAK_3_322000_4097000_image.tif","Tree",1,322000,322999.999,4097000,4097999.999
"11420",11796,322120.563,322129.976,4097391.674,4097398.761,"Silva","NEON_D17_TEAK_DP1_322000_4097000_classified_point_cloud_colorized.laz","2018_TEAK_3_322000_4097000_image.tif","Tree",1,322000,322999.999,4097000,4097999.999
"11421",11797,322130.512,322135.446,4097393.595,4097399.934,"Silva","NEON_D17_TEAK_DP1_322000_4097000_classified_point_cloud_colorized.laz","2018_TEAK_3_322000_4097000_image.tif","Tree",1,322000,322999.999,4097000,4097999.999
"11422",11798,322052.107,322054.985,4097398.066,4097401.426,"Silva","NEON_D17_TEAK_DP1_322000_4097000_classified_point_cloud_colorized.laz","2018_TEAK_3_322000_4097000_image.tif","Tree",1,322000,322999.999,4097000,4097999.999
"11423",11799,322029.859,322036.347,4097397.363,4097404.833,"Silva","NEON_D17_TEAK_DP1_322000_4097000_classified_point_cloud_colorized.laz","2018_TEAK_3_322000_4097000_image.tif","Tree",1,322000,322999.999,4097000,4097999.999
"11424",11800,322000.075,322001.381,4097398.547,4097404.432,"Silva","NEON_D17_TEAK_DP1_322000_4097000_classified_point_cloud_colorized.laz","2018_TEAK_3_322000_4097000_image.tif","Tree",1,322000,322999.999,4097000,4097999.999
"11425",11801,322147.154,322149.337,4097392.542,4097394.957,"Silva","NEON_D17_TEAK_DP1_322000_4097000_classified_point_cloud_colorized.laz","2018_TEAK_3_322000_4097000_image.tif","Tree",1,322000,322999.999,4097000,4097999.999
"11426",11802,322102.617,322106.833,4097389.062,4097397.899,"Silva","NEON_D17_TEAK_DP1_322000_4097000_classified_point_cloud_colorized.laz","2018_TEAK_3_322000_4097000_image.tif","Tree",1,322000,322999.999,4097000,4097999.999
"11427",11803,322025.517,322029.033,4097397.518,4097402.334,"Silva","NEON_D17_TEAK_DP1_322000_4097000_classified_point_cloud_colorized.laz","2018_TEAK_3_322000_4097000_image.tif","Tree",1,322000,322999.999,4097000,4097999.999
"11428",11806,322053.658,322056.444,4097395.07,4097397.938,"Silva","NEON_D17_TEAK_DP1_322000_4097000_classified_point_cloud_colorized.laz","2018_TEAK_3_322000_4097000_image.tif","Tree",1,322000,322999.999,4097000,4097999.999
"11429",11807,322096.012,322104.959,4097387.151,4097397.404,"Silva","NEON_D17_TEAK_DP1_322000_4097000_classified_point_cloud_colorized.laz","2018_TEAK_3_322000_4097000_image.tif","Tree",1,322000,322999.999,4097000,4097999.999
"11430",11808,322225.664,322233.474,4097378.036,4097390.444,"Silva","NEON_D17_TEAK_DP1_322000_4097000_classified_point_cloud_colorized.laz","2018_TEAK_3_322000_4097000_image.tif","Tree",1,322000,322999.999,4097000,4097999.999
"11431",11809,322208.513,322218.729,4097383.6,4097390.94,"Silva","NEON_D17_TEAK_DP1_322000_4097000_classified_point_cloud_colorized.laz","2018_TEAK_3_322000_4097000_image.tif","Tree",1,322000,322999.999,4097000,4097999.999
"11432",11810,322178.629,322183.396,4097386.558,4097391.477,"Silva","NEON_D17_TEAK_DP1_322000_4097000_classified_point_cloud_colorized.laz","2018_TEAK_3_322000_4097000_image.tif","Tree",1,322000,322999.999,4097000,4097999.999
"11433",11811,322125.071,322129.242,4097384.8,4097392.829,"Silva","NEON_D17_TEAK_DP1_322000_4097000_classified_point_cloud_colorized.laz","2018_TEAK_3_322000_4097000_image.tif","Tree",1,322000,322999.999,4097000,4097999.999
"11434",11812,322000.004,322005.423,4097390.689,4097398.235,"Silva","NEON_D17_TEAK_DP1_322000_4097000_classified_point_cloud_colorized.laz","2018_TEAK_3_322000_4097000_image.tif","Tree",1,322000,322999.999,4097000,4097999.999
"11435",11813,322220.407,322230.489,4097376.503,4097386.49,"Silva","NEON_D17_TEAK_DP1_322000_4097000_classified_point_cloud_colorized.laz","2018_TEAK_3_322000_4097000_image.tif","Tree",1,322000,322999.999,4097000,4097999.999
"11436",11814,322203.515,322208.865,4097381.517,4097387.94,"Silva","NEON_D17_TEAK_DP1_322000_4097000_classified_point_cloud_colorized.laz","2018_TEAK_3_322000_4097000_image.tif","Tree",1,322000,322999.999,4097000,4097999.999
"11437",11815,322120.687,322128.93,4097380.017,4097389.444,"Silva","NEON_D17_TEAK_DP1_322000_4097000_classified_point_cloud_colorized.laz","2018_TEAK_3_322000_4097000_image.tif","Tree",1,322000,322999.999,4097000,4097999.999
"11438",11816,322196.831,322204.49,4097377.591,4097384.883,"Silva","NEON_D17_TEAK_DP1_322000_4097000_classified_point_cloud_colorized.laz","2018_TEAK_3_322000_4097000_image.tif","Tree",1,322000,322999.999,4097000,4097999.999
"11439",11817,322169.531,322174.589,4097381.112,4097386.826,"Silva","NEON_D17_TEAK_DP1_322000_4097000_classified_point_cloud_colorized.laz","2018_TEAK_3_322000_4097000_image.tif","Tree",1,322000,322999.999,4097000,4097999.999
"11440",11818,322066.505,322072.48,4097385.006,4097391.988,"Silva","NEON_D17_TEAK_DP1_322000_4097000_classified_point_cloud_colorized.laz","2018_TEAK_3_322000_4097000_image.tif","Tree",1,322000,322999.999,4097000,4097999.999
"11441",11819,322142.629,322150.627,4097378.503,4097387.932,"Silva","NEON_D17_TEAK_DP1_322000_4097000_classified_point_cloud_colorized.laz","2018_TEAK_3_322000_4097000_image.tif","Tree",1,322000,322999.999,4097000,4097999.999
"11442",11820,322056.837,322059.107,4097386.502,4097389.291,"Silva","NEON_D17_TEAK_DP1_322000_4097000_classified_point_cloud_colorized.laz","2018_TEAK_3_322000_4097000_image.tif","Tree",1,322000,322999.999,4097000,4097999.999
"11443",11821,322138.87,322143.447,4097378.509,4097385.907,"Silva","NEON_D17_TEAK_DP1_322000_4097000_classified_point_cloud_colorized.laz","2018_TEAK_3_322000_4097000_image.tif","Tree",1,322000,322999.999,4097000,4097999.999
"11444",11822,322076.075,322077.458,4097383.563,4097384.643,"Silva","NEON_D17_TEAK_DP1_322000_4097000_classified_point_cloud_colorized.laz","2018_TEAK_3_322000_4097000_image.tif","Tree",1,322000,322999.999,4097000,4097999.999
"11445",11823,322186.022,322194.494,4097372.578,4097381.785,"Silva","NEON_D17_TEAK_DP1_322000_4097000_classified_point_cloud_colorized.laz","2018_TEAK_3_322000_4097000_image.tif","Tree",1,322000,322999.999,4097000,4097999.999
"11446",11824,322172.013,322174.499,4097377.579,4097380.997,"Silva","NEON_D17_TEAK_DP1_322000_4097000_classified_point_cloud_colorized.laz","2018_TEAK_3_322000_4097000_image.tif","Tree",1,322000,322999.999,4097000,4097999.999
"11447",11825,322129.252,322137.452,4097375.654,4097381.862,"Silva","NEON_D17_TEAK_DP1_322000_4097000_classified_point_cloud_colorized.laz","2018_TEAK_3_322000_4097000_image.tif","Tree",1,322000,322999.999,4097000,4097999.999
"11448",11826,322100.569,322103.693,4097385.73,4097386.984,"Silva","NEON_D17_TEAK_DP1_322000_4097000_classified_point_cloud_colorized.laz","2018_TEAK_3_322000_4097000_image.tif","Tree",1,322000,322999.999,4097000,4097999.999
"11449",11827,322162.107,322167.11,4097375.001,4097378.721,"Silva","NEON_D17_TEAK_DP1_322000_4097000_classified_point_cloud_colorized.laz","2018_TEAK_3_322000_4097000_image.tif","Tree",1,322000,322999.999,4097000,4097999.999
"11450",11828,322194.089,322201.404,4097370.859,4097381.458,"Silva","NEON_D17_TEAK_DP1_322000_4097000_classified_point_cloud_colorized.laz","2018_TEAK_3_322000_4097000_image.tif","Tree",1,322000,322999.999,4097000,4097999.999
"11451",11829,322157.034,322161.364,4097375.107,4097379.361,"Silva","NEON_D17_TEAK_DP1_322000_4097000_classified_point_cloud_colorized.laz","2018_TEAK_3_322000_4097000_image.tif","Tree",1,322000,322999.999,4097000,4097999.999
"11452",11830,322000.003,322003.422,4097381.669,4097389.152,"Silva","NEON_D17_TEAK_DP1_322000_4097000_classified_point_cloud_colorized.laz","2018_TEAK_3_322000_4097000_image.tif","Tree",1,322000,322999.999,4097000,4097999.999
"11453",11831,322071.509,322075.996,4097377.051,4097381.989,"Silva","NEON_D17_TEAK_DP1_322000_4097000_classified_point_cloud_colorized.laz","2018_TEAK_3_322000_4097000_image.tif","Tree",1,322000,322999.999,4097000,4097999.999
"11454",11832,322219.02,322230.962,4097366.515,4097376.476,"Silva","NEON_D17_TEAK_DP1_322000_4097000_classified_point_cloud_colorized.laz","2018_TEAK_3_322000_4097000_image.tif","Tree",1,322000,322999.999,4097000,4097999.999
"11455",11833,322187.025,322196.552,4097370.017,4097375.473,"Silva","NEON_D17_TEAK_DP1_322000_4097000_classified_point_cloud_colorized.laz","2018_TEAK_3_322000_4097000_image.tif","Tree",1,322000,322999.999,4097000,4097999.999
"11456",11834,322120.528,322120.955,4097373.627,4097373.984,"Silva","NEON_D17_TEAK_DP1_322000_4097000_classified_point_cloud_colorized.laz","2018_TEAK_3_322000_4097000_image.tif","Tree",1,322000,322999.999,4097000,4097999.999
"11457",11835,322125.113,322127.21,4097373.081,4097378.902,"Silva","NEON_D17_TEAK_DP1_322000_4097000_classified_point_cloud_colorized.laz","2018_TEAK_3_322000_4097000_image.tif","Tree",1,322000,322999.999,4097000,4097999.999
"11458",11836,322112.188,322114.965,4097374.027,4097376.426,"Silva","NEON_D17_TEAK_DP1_322000_4097000_classified_point_cloud_colorized.laz","2018_TEAK_3_322000_4097000_image.tif","Tree",1,322000,322999.999,4097000,4097999.999
"11459",11837,322231.032,322237.431,4097363.122,4097365.381,"Silva","NEON_D17_TEAK_DP1_322000_4097000_classified_point_cloud_colorized.laz","2018_TEAK_3_322000_4097000_image.tif","Tree",1,322000,322999.999,4097000,4097999.999
"11460",11838,322121.054,322124.99,4097369.164,4097373.96,"Silva","NEON_D17_TEAK_DP1_322000_4097000_classified_point_cloud_colorized.laz","2018_TEAK_3_322000_4097000_image.tif","Tree",1,322000,322999.999,4097000,4097999.999
"11461",11839,322209.654,322220.438,4097362.53,4097372.486,"Silva","NEON_D17_TEAK_DP1_322000_4097000_classified_point_cloud_colorized.laz","2018_TEAK_3_322000_4097000_image.tif","Tree",1,322000,322999.999,4097000,4097999.999
"11462",11840,322158.067,322163.345,4097366.537,4097372.162,"Silva","NEON_D17_TEAK_DP1_322000_4097000_classified_point_cloud_colorized.laz","2018_TEAK_3_322000_4097000_image.tif","Tree",1,322000,322999.999,4097000,4097999.999
"11463",11841,322004.071,322006.926,4097375.012,4097377.497,"Silva","NEON_D17_TEAK_DP1_322000_4097000_classified_point_cloud_colorized.laz","2018_TEAK_3_322000_4097000_image.tif","Tree",1,322000,322999.999,4097000,4097999.999
"11464",11842,322118.633,322122.273,4097369.01,4097372.945,"Silva","NEON_D17_TEAK_DP1_322000_4097000_classified_point_cloud_colorized.laz","2018_TEAK_3_322000_4097000_image.tif","Tree",1,322000,322999.999,4097000,4097999.999
"11465",11843,322201.139,322209.881,4097362.531,4097369.97,"Silva","NEON_D17_TEAK_DP1_322000_4097000_classified_point_cloud_colorized.laz","2018_TEAK_3_322000_4097000_image.tif","Tree",1,322000,322999.999,4097000,4097999.999
"11466",11844,322000.127,322002.071,4097374.191,4097376.824,"Silva","NEON_D17_TEAK_DP1_322000_4097000_classified_point_cloud_colorized.laz","2018_TEAK_3_322000_4097000_image.tif","Tree",1,322000,322999.999,4097000,4097999.999
"11467",11845,322106.505,322109.408,4097368,4097371.957,"Silva","NEON_D17_TEAK_DP1_322000_4097000_classified_point_cloud_colorized.laz","2018_TEAK_3_322000_4097000_image.tif","Tree",1,322000,322999.999,4097000,4097999.999
"11468",11846,322131.586,322137.499,4097365.041,4097370.458,"Silva","NEON_D17_TEAK_DP1_322000_4097000_classified_point_cloud_colorized.laz","2018_TEAK_3_322000_4097000_image.tif","Tree",1,322000,322999.999,4097000,4097999.999
"11469",11847,322137.534,322143.408,4097364.942,4097369.82,"Silva","NEON_D17_TEAK_DP1_322000_4097000_classified_point_cloud_colorized.laz","2018_TEAK_3_322000_4097000_image.tif","Tree",1,322000,322999.999,4097000,4097999.999
"11470",11848,322197.019,322204.978,4097357.663,4097367.979,"Silva","NEON_D17_TEAK_DP1_322000_4097000_classified_point_cloud_colorized.laz","2018_TEAK_3_322000_4097000_image.tif","Tree",1,322000,322999.999,4097000,4097999.999
"11471",11849,322118.377,322121.929,4097365.06,4097368.97,"Silva","NEON_D17_TEAK_DP1_322000_4097000_classified_point_cloud_colorized.laz","2018_TEAK_3_322000_4097000_image.tif","Tree",1,322000,322999.999,4097000,4097999.999
"11472",11850,322047.693,322053.379,4097368.014,4097372.948,"Silva","NEON_D17_TEAK_DP1_322000_4097000_classified_point_cloud_colorized.laz","2018_TEAK_3_322000_4097000_image.tif","Tree",1,322000,322999.999,4097000,4097999.999
"11473",11851,322120.676,322125.992,4097364.523,4097368.921,"Silva","NEON_D17_TEAK_DP1_322000_4097000_classified_point_cloud_colorized.laz","2018_TEAK_3_322000_4097000_image.tif","Tree",1,322000,322999.999,4097000,4097999.999
"11474",11852,322031.075,322034.853,4097368.023,4097371.911,"Silva","NEON_D17_TEAK_DP1_322000_4097000_classified_point_cloud_colorized.laz","2018_TEAK_3_322000_4097000_image.tif","Tree",1,322000,322999.999,4097000,4097999.999
"11475",11853,322164.572,322170.992,4097359.935,4097366.963,"Silva","NEON_D17_TEAK_DP1_322000_4097000_classified_point_cloud_colorized.laz","2018_TEAK_3_322000_4097000_image.tif","Tree",1,322000,322999.999,4097000,4097999.999
"11476",11854,322185.734,322189.979,4097358.041,4097362.427,"Silva","NEON_D17_TEAK_DP1_322000_4097000_classified_point_cloud_colorized.laz","2018_TEAK_3_322000_4097000_image.tif","Tree",1,322000,322999.999,4097000,4097999.999
"11477",11855,322170.322,322177.324,4097357.567,4097365.372,"Silva","NEON_D17_TEAK_DP1_322000_4097000_classified_point_cloud_colorized.laz","2018_TEAK_3_322000_4097000_image.tif","Tree",1,322000,322999.999,4097000,4097999.999
"11478",11856,322149.102,322152.343,4097361.516,4097365.499,"Silva","NEON_D17_TEAK_DP1_322000_4097000_classified_point_cloud_colorized.laz","2018_TEAK_3_322000_4097000_image.tif","Tree",1,322000,322999.999,4097000,4097999.999
"11479",11857,322092.281,322096.923,4097361.503,4097368.425,"Silva","NEON_D17_TEAK_DP1_322000_4097000_classified_point_cloud_colorized.laz","2018_TEAK_3_322000_4097000_image.tif","Tree",1,322000,322999.999,4097000,4097999.999
"11480",11858,322125.025,322130.908,4097360.548,4097366.49,"Silva","NEON_D17_TEAK_DP1_322000_4097000_classified_point_cloud_colorized.laz","2018_TEAK_3_322000_4097000_image.tif","Tree",1,322000,322999.999,4097000,4097999.999
"11481",11859,322131.002,322135.232,4097360.216,4097364.986,"Silva","NEON_D17_TEAK_DP1_322000_4097000_classified_point_cloud_colorized.laz","2018_TEAK_3_322000_4097000_image.tif","Tree",1,322000,322999.999,4097000,4097999.999
"11482",11860,322119.579,322124.798,4097360.584,4097364.985,"Silva","NEON_D17_TEAK_DP1_322000_4097000_classified_point_cloud_colorized.laz","2018_TEAK_3_322000_4097000_image.tif","Tree",1,322000,322999.999,4097000,4097999.999
"11483",11862,322207.811,322212.478,4097355.012,4097361.931,"Silva","NEON_D17_TEAK_DP1_322000_4097000_classified_point_cloud_colorized.laz","2018_TEAK_3_322000_4097000_image.tif","Tree",1,322000,322999.999,4097000,4097999.999
"11484",11863,322194.055,322201.962,4097354.047,4097362.422,"Silva","NEON_D17_TEAK_DP1_322000_4097000_classified_point_cloud_colorized.laz","2018_TEAK_3_322000_4097000_image.tif","Tree",1,322000,322999.999,4097000,4097999.999
"11485",11864,322141.233,322146.755,4097356.835,4097362.42,"Silva","NEON_D17_TEAK_DP1_322000_4097000_classified_point_cloud_colorized.laz","2018_TEAK_3_322000_4097000_image.tif","Tree",1,322000,322999.999,4097000,4097999.999
"11486",11865,322149.011,322153.807,4097354.375,4097358.39,"Silva","NEON_D17_TEAK_DP1_322000_4097000_classified_point_cloud_colorized.laz","2018_TEAK_3_322000_4097000_image.tif","Tree",1,322000,322999.999,4097000,4097999.999
"11487",11866,322000.065,322002.832,4097362.056,4097369.477,"Silva","NEON_D17_TEAK_DP1_322000_4097000_classified_point_cloud_colorized.laz","2018_TEAK_3_322000_4097000_image.tif","Tree",1,322000,322999.999,4097000,4097999.999
"11488",11867,322181.475,322186.996,4097351.039,4097357.972,"Silva","NEON_D17_TEAK_DP1_322000_4097000_classified_point_cloud_colorized.laz","2018_TEAK_3_322000_4097000_image.tif","Tree",1,322000,322999.999,4097000,4097999.999
"11489",11868,322117.009,322122.99,4097354.052,4097360.461,"Silva","NEON_D17_TEAK_DP1_322000_4097000_classified_point_cloud_colorized.laz","2018_TEAK_3_322000_4097000_image.tif","Tree",1,322000,322999.999,4097000,4097999.999
"11490",11869,322213.728,322218.481,4097350.137,4097354.155,"Silva","NEON_D17_TEAK_DP1_322000_4097000_classified_point_cloud_colorized.laz","2018_TEAK_3_322000_4097000_image.tif","Tree",1,322000,322999.999,4097000,4097999.999
"11491",11870,322202.549,322208.089,4097346.581,4097357.996,"Silva","NEON_D17_TEAK_DP1_322000_4097000_classified_point_cloud_colorized.laz","2018_TEAK_3_322000_4097000_image.tif","Tree",1,322000,322999.999,4097000,4097999.999
"11492",11871,322135.109,322142.626,4097350.502,4097359.466,"Silva","NEON_D17_TEAK_DP1_322000_4097000_classified_point_cloud_colorized.laz","2018_TEAK_3_322000_4097000_image.tif","Tree",1,322000,322999.999,4097000,4097999.999
"11493",11872,322031.069,322037.433,4097357.274,4097363.916,"Silva","NEON_D17_TEAK_DP1_322000_4097000_classified_point_cloud_colorized.laz","2018_TEAK_3_322000_4097000_image.tif","Tree",1,322000,322999.999,4097000,4097999.999
"11494",11873,322125.556,322130.373,4097353.138,4097356.199,"Silva","NEON_D17_TEAK_DP1_322000_4097000_classified_point_cloud_colorized.laz","2018_TEAK_3_322000_4097000_image.tif","Tree",1,322000,322999.999,4097000,4097999.999
"11495",11874,322055.073,322064.994,4097355.129,4097363.484,"Silva","NEON_D17_TEAK_DP1_322000_4097000_classified_point_cloud_colorized.laz","2018_TEAK_3_322000_4097000_image.tif","Tree",1,322000,322999.999,4097000,4097999.999
"11496",11875,322170.722,322173.629,4097351.161,4097355.992,"Silva","NEON_D17_TEAK_DP1_322000_4097000_classified_point_cloud_colorized.laz","2018_TEAK_3_322000_4097000_image.tif","Tree",1,322000,322999.999,4097000,4097999.999
"11497",11876,322196.793,322206.452,4097345.001,4097355.477,"Silva","NEON_D17_TEAK_DP1_322000_4097000_classified_point_cloud_colorized.laz","2018_TEAK_3_322000_4097000_image.tif","Tree",1,322000,322999.999,4097000,4097999.999
"11498",11877,322063.098,322067.343,4097350.607,4097358.377,"Silva","NEON_D17_TEAK_DP1_322000_4097000_classified_point_cloud_colorized.laz","2018_TEAK_3_322000_4097000_image.tif","Tree",1,322000,322999.999,4097000,4097999.999
"11499",11878,322210.76,322216.255,4097346.115,4097350.975,"Silva","NEON_D17_TEAK_DP1_322000_4097000_classified_point_cloud_colorized.laz","2018_TEAK_3_322000_4097000_image.tif","Tree",1,322000,322999.999,4097000,4097999.999
"11500",11879,322000.007,322003.544,4097356.767,4097361.762,"Silva","NEON_D17_TEAK_DP1_322000_4097000_classified_point_cloud_colorized.laz","2018_TEAK_3_322000_4097000_image.tif","Tree",1,322000,322999.999,4097000,4097999.999
"11501",11880,322053.736,322063.931,4097349.045,4097358.927,"Silva","NEON_D17_TEAK_DP1_322000_4097000_classified_point_cloud_colorized.laz","2018_TEAK_3_322000_4097000_image.tif","Tree",1,322000,322999.999,4097000,4097999.999
"11502",11881,322126.532,322130.91,4097350.261,4097354.473,"Silva","NEON_D17_TEAK_DP1_322000_4097000_classified_point_cloud_colorized.laz","2018_TEAK_3_322000_4097000_image.tif","Tree",1,322000,322999.999,4097000,4097999.999
"11503",11882,322149.051,322157.867,4097343.006,4097356.462,"Silva","NEON_D17_TEAK_DP1_322000_4097000_classified_point_cloud_colorized.laz","2018_TEAK_3_322000_4097000_image.tif","Tree",1,322000,322999.999,4097000,4097999.999
"11504",11883,322178.822,322189.305,4097342.046,4097350.993,"Silva","NEON_D17_TEAK_DP1_322000_4097000_classified_point_cloud_colorized.laz","2018_TEAK_3_322000_4097000_image.tif","Tree",1,322000,322999.999,4097000,4097999.999
"11505",11884,322156.031,322163.703,4097343.511,4097352.961,"Silva","NEON_D17_TEAK_DP1_322000_4097000_classified_point_cloud_colorized.laz","2018_TEAK_3_322000_4097000_image.tif","Tree",1,322000,322999.999,4097000,4097999.999
"11506",11885,322112.122,322117.397,4097345.514,4097350.346,"Silva","NEON_D17_TEAK_DP1_322000_4097000_classified_point_cloud_colorized.laz","2018_TEAK_3_322000_4097000_image.tif","Tree",1,322000,322999.999,4097000,4097999.999
"11507",11886,322170.008,322177.354,4097342.121,4097347.658,"Silva","NEON_D17_TEAK_DP1_322000_4097000_classified_point_cloud_colorized.laz","2018_TEAK_3_322000_4097000_image.tif","Tree",1,322000,322999.999,4097000,4097999.999
"11508",11887,322082.04,322088.852,4097343.014,4097353.456,"Silva","NEON_D17_TEAK_DP1_322000_4097000_classified_point_cloud_colorized.laz","2018_TEAK_3_322000_4097000_image.tif","Tree",1,322000,322999.999,4097000,4097999.999
"11509",11888,322035.1,322041.453,4097348.002,4097354.971,"Silva","NEON_D17_TEAK_DP1_322000_4097000_classified_point_cloud_colorized.laz","2018_TEAK_3_322000_4097000_image.tif","Tree",1,322000,322999.999,4097000,4097999.999
"11510",11889,322056.007,322065.964,4097341.119,4097350.988,"Silva","NEON_D17_TEAK_DP1_322000_4097000_classified_point_cloud_colorized.laz","2018_TEAK_3_322000_4097000_image.tif","Tree",1,322000,322999.999,4097000,4097999.999
"11511",11890,322110.583,322114.733,4097342.695,4097346.363,"Silva","NEON_D17_TEAK_DP1_322000_4097000_classified_point_cloud_colorized.laz","2018_TEAK_3_322000_4097000_image.tif","Tree",1,322000,322999.999,4097000,4097999.999
"11512",11891,322121.838,322125.903,4097342.125,4097346.884,"Silva","NEON_D17_TEAK_DP1_322000_4097000_classified_point_cloud_colorized.laz","2018_TEAK_3_322000_4097000_image.tif","Tree",1,322000,322999.999,4097000,4097999.999
"11513",11892,322070.183,322076.938,4097342.893,4097347.878,"Silva","NEON_D17_TEAK_DP1_322000_4097000_classified_point_cloud_colorized.laz","2018_TEAK_3_322000_4097000_image.tif","Tree",1,322000,322999.999,4097000,4097999.999
"11514",11893,322205.523,322212.866,4097335.687,4097342.417,"Silva","NEON_D17_TEAK_DP1_322000_4097000_classified_point_cloud_colorized.laz","2018_TEAK_3_322000_4097000_image.tif","Tree",1,322000,322999.999,4097000,4097999.999
"11515",11894,322065.039,322070.279,4097341.257,4097349.477,"Silva","NEON_D17_TEAK_DP1_322000_4097000_classified_point_cloud_colorized.laz","2018_TEAK_3_322000_4097000_image.tif","Tree",1,322000,322999.999,4097000,4097999.999
"11516",11895,322000.553,322008.935,4097345.033,4097350.844,"Silva","NEON_D17_TEAK_DP1_322000_4097000_classified_point_cloud_colorized.laz","2018_TEAK_3_322000_4097000_image.tif","Tree",1,322000,322999.999,4097000,4097999.999
"11517",11896,322048.003,322056.831,4097341.561,4097348.867,"Silva","NEON_D17_TEAK_DP1_322000_4097000_classified_point_cloud_colorized.laz","2018_TEAK_3_322000_4097000_image.tif","Tree",1,322000,322999.999,4097000,4097999.999
"11518",11897,322121.132,322124.996,4097339.113,4097343.053,"Silva","NEON_D17_TEAK_DP1_322000_4097000_classified_point_cloud_colorized.laz","2018_TEAK_3_322000_4097000_image.tif","Tree",1,322000,322999.999,4097000,4097999.999
"11519",11898,322212.412,322213.803,4097336.509,4097339.965,"Silva","NEON_D17_TEAK_DP1_322000_4097000_classified_point_cloud_colorized.laz","2018_TEAK_3_322000_4097000_image.tif","Tree",1,322000,322999.999,4097000,4097999.999
"11520",11899,322179.037,322186.664,4097335.116,4097342.999,"Silva","NEON_D17_TEAK_DP1_322000_4097000_classified_point_cloud_colorized.laz","2018_TEAK_3_322000_4097000_image.tif","Tree",1,322000,322999.999,4097000,4097999.999
"11521",11900,322107.065,322108.891,4097339.104,4097341.677,"Silva","NEON_D17_TEAK_DP1_322000_4097000_classified_point_cloud_colorized.laz","2018_TEAK_3_322000_4097000_image.tif","Tree",1,322000,322999.999,4097000,4097999.999
"11522",11901,322118.169,322121.986,4097336.545,4097342.904,"Silva","NEON_D17_TEAK_DP1_322000_4097000_classified_point_cloud_colorized.laz","2018_TEAK_3_322000_4097000_image.tif","Tree",1,322000,322999.999,4097000,4097999.999
"11523",11902,322145.036,322153.999,4097331.738,4097343.879,"Silva","NEON_D17_TEAK_DP1_322000_4097000_classified_point_cloud_colorized.laz","2018_TEAK_3_322000_4097000_image.tif","Tree",1,322000,322999.999,4097000,4097999.999
"11524",11903,322000.001,322004.461,4097342.048,4097349.745,"Silva","NEON_D17_TEAK_DP1_322000_4097000_classified_point_cloud_colorized.laz","2018_TEAK_3_322000_4097000_image.tif","Tree",1,322000,322999.999,4097000,4097999.999
"11525",11904,322153.007,322156.893,4097334.098,4097338.304,"Silva","NEON_D17_TEAK_DP1_322000_4097000_classified_point_cloud_colorized.laz","2018_TEAK_3_322000_4097000_image.tif","Tree",1,322000,322999.999,4097000,4097999.999
"11526",11905,322074.126,322078.315,4097336.31,4097344.891,"Silva","NEON_D17_TEAK_DP1_322000_4097000_classified_point_cloud_colorized.laz","2018_TEAK_3_322000_4097000_image.tif","Tree",1,322000,322999.999,4097000,4097999.999
"11527",11906,322030.213,322035.3,4097338.521,4097342.976,"Silva","NEON_D17_TEAK_DP1_322000_4097000_classified_point_cloud_colorized.laz","2018_TEAK_3_322000_4097000_image.tif","Tree",1,322000,322999.999,4097000,4097999.999
"11528",11907,322202.008,322207.492,4097326.085,4097337.47,"Silva","NEON_D17_TEAK_DP1_322000_4097000_classified_point_cloud_colorized.laz","2018_TEAK_3_322000_4097000_image.tif","Tree",1,322000,322999.999,4097000,4097999.999
"11529",11908,322175.708,322182.988,4097331.095,4097337.721,"Silva","NEON_D17_TEAK_DP1_322000_4097000_classified_point_cloud_colorized.laz","2018_TEAK_3_322000_4097000_image.tif","Tree",1,322000,322999.999,4097000,4097999.999
"11530",11909,322068.098,322074.775,4097335.138,4097341.955,"Silva","NEON_D17_TEAK_DP1_322000_4097000_classified_point_cloud_colorized.laz","2018_TEAK_3_322000_4097000_image.tif","Tree",1,322000,322999.999,4097000,4097999.999
"11531",11910,322214.019,322219.882,4097328.124,4097332.944,"Silva","NEON_D17_TEAK_DP1_322000_4097000_classified_point_cloud_colorized.laz","2018_TEAK_3_322000_4097000_image.tif","Tree",1,322000,322999.999,4097000,4097999.999
"11532",11912,322105.6,322110.233,4097333.596,4097337.272,"Silva","NEON_D17_TEAK_DP1_322000_4097000_classified_point_cloud_colorized.laz","2018_TEAK_3_322000_4097000_image.tif","Tree",1,322000,322999.999,4097000,4097999.999
"11533",11913,322150.925,322157.318,4097331.047,4097333.978,"Silva","NEON_D17_TEAK_DP1_322000_4097000_classified_point_cloud_colorized.laz","2018_TEAK_3_322000_4097000_image.tif","Tree",1,322000,322999.999,4097000,4097999.999
"11534",11914,322064.95,322068.799,4097336.072,4097340.933,"Silva","NEON_D17_TEAK_DP1_322000_4097000_classified_point_cloud_colorized.laz","2018_TEAK_3_322000_4097000_image.tif","Tree",1,322000,322999.999,4097000,4097999.999
"11535",11915,322040.116,322044.468,4097336.008,4097340.218,"Silva","NEON_D17_TEAK_DP1_322000_4097000_classified_point_cloud_colorized.laz","2018_TEAK_3_322000_4097000_image.tif","Tree",1,322000,322999.999,4097000,4097999.999
"11536",11916,322111.179,322115.434,4097330.561,4097335.926,"Silva","NEON_D17_TEAK_DP1_322000_4097000_classified_point_cloud_colorized.laz","2018_TEAK_3_322000_4097000_image.tif","Tree",1,322000,322999.999,4097000,4097999.999
"11537",11917,322208.335,322213.731,4097323.017,4097330.361,"Silva","NEON_D17_TEAK_DP1_322000_4097000_classified_point_cloud_colorized.laz","2018_TEAK_3_322000_4097000_image.tif","Tree",1,322000,322999.999,4097000,4097999.999
"11538",11918,322169.53,322176.373,4097327.067,4097332.348,"Silva","NEON_D17_TEAK_DP1_322000_4097000_classified_point_cloud_colorized.laz","2018_TEAK_3_322000_4097000_image.tif","Tree",1,322000,322999.999,4097000,4097999.999
"11539",11919,322088.731,322093.363,4097331.132,4097335.469,"Silva","NEON_D17_TEAK_DP1_322000_4097000_classified_point_cloud_colorized.laz","2018_TEAK_3_322000_4097000_image.tif","Tree",1,322000,322999.999,4097000,4097999.999
"11540",11920,322027.203,322033.461,4097332.676,4097338.896,"Silva","NEON_D17_TEAK_DP1_322000_4097000_classified_point_cloud_colorized.laz","2018_TEAK_3_322000_4097000_image.tif","Tree",1,322000,322999.999,4097000,4097999.999
"11541",11921,322067.902,322071.884,4097328.544,4097335.446,"Silva","NEON_D17_TEAK_DP1_322000_4097000_classified_point_cloud_colorized.laz","2018_TEAK_3_322000_4097000_image.tif","Tree",1,322000,322999.999,4097000,4097999.999
"11542",11922,322222.087,322230.498,4097323.08,4097327.417,"Silva","NEON_D17_TEAK_DP1_322000_4097000_classified_point_cloud_colorized.laz","2018_TEAK_3_322000_4097000_image.tif","Tree",1,322000,322999.999,4097000,4097999.999
"11543",11923,322137.115,322144.998,4097325.166,4097332.434,"Silva","NEON_D17_TEAK_DP1_322000_4097000_classified_point_cloud_colorized.laz","2018_TEAK_3_322000_4097000_image.tif","Tree",1,322000,322999.999,4097000,4097999.999
"11544",11924,322132.074,322136.817,4097324.011,4097329.002,"Silva","NEON_D17_TEAK_DP1_322000_4097000_classified_point_cloud_colorized.laz","2018_TEAK_3_322000_4097000_image.tif","Tree",1,322000,322999.999,4097000,4097999.999
"11545",11925,322217.523,322225.892,4097316.066,4097326.419,"Silva","NEON_D17_TEAK_DP1_322000_4097000_classified_point_cloud_colorized.laz","2018_TEAK_3_322000_4097000_image.tif","Tree",1,322000,322999.999,4097000,4097999.999
"11546",11926,322101.503,322110.454,4097321.525,4097329.375,"Silva","NEON_D17_TEAK_DP1_322000_4097000_classified_point_cloud_colorized.laz","2018_TEAK_3_322000_4097000_image.tif","Tree",1,322000,322999.999,4097000,4097999.999
"11547",11927,322194.671,322200.451,4097317.567,4097325.356,"Silva","NEON_D17_TEAK_DP1_322000_4097000_classified_point_cloud_colorized.laz","2018_TEAK_3_322000_4097000_image.tif","Tree",1,322000,322999.999,4097000,4097999.999
"11548",11928,322182.058,322185.451,4097319.533,4097322.497,"Silva","NEON_D17_TEAK_DP1_322000_4097000_classified_point_cloud_colorized.laz","2018_TEAK_3_322000_4097000_image.tif","Tree",1,322000,322999.999,4097000,4097999.999
"11549",11929,322026.053,322028.189,4097328.028,4097330.396,"Silva","NEON_D17_TEAK_DP1_322000_4097000_classified_point_cloud_colorized.laz","2018_TEAK_3_322000_4097000_image.tif","Tree",1,322000,322999.999,4097000,4097999.999
"11550",11930,322146.645,322152.98,4097318.096,4097323.916,"Silva","NEON_D17_TEAK_DP1_322000_4097000_classified_point_cloud_colorized.laz","2018_TEAK_3_322000_4097000_image.tif","Tree",1,322000,322999.999,4097000,4097999.999
"11551",11931,322110.558,322110.983,4097325.032,4097325.172,"Silva","NEON_D17_TEAK_DP1_322000_4097000_classified_point_cloud_colorized.laz","2018_TEAK_3_322000_4097000_image.tif","Tree",1,322000,322999.999,4097000,4097999.999
"11552",11932,322044.035,322051.887,4097321.504,4097329.74,"Silva","NEON_D17_TEAK_DP1_322000_4097000_classified_point_cloud_colorized.laz","2018_TEAK_3_322000_4097000_image.tif","Tree",1,322000,322999.999,4097000,4097999.999
"11553",11933,322153.012,322160.979,4097316.534,4097324.433,"Silva","NEON_D17_TEAK_DP1_322000_4097000_classified_point_cloud_colorized.laz","2018_TEAK_3_322000_4097000_image.tif","Tree",1,322000,322999.999,4097000,4097999.999
"11554",11934,322064.556,322074.441,4097318.073,4097328.491,"Silva","NEON_D17_TEAK_DP1_322000_4097000_classified_point_cloud_colorized.laz","2018_TEAK_3_322000_4097000_image.tif","Tree",1,322000,322999.999,4097000,4097999.999
"11555",11935,322223.019,322233.107,4097306.063,4097318.724,"Silva","NEON_D17_TEAK_DP1_322000_4097000_classified_point_cloud_colorized.laz","2018_TEAK_3_322000_4097000_image.tif","Tree",1,322000,322999.999,4097000,4097999.999
"11556",11936,322081.001,322082.58,4097318.829,4097325.946,"Silva","NEON_D17_TEAK_DP1_322000_4097000_classified_point_cloud_colorized.laz","2018_TEAK_3_322000_4097000_image.tif","Tree",1,322000,322999.999,4097000,4097999.999
"11557",11937,322013.086,322020.027,4097319.554,4097329.763,"Silva","NEON_D17_TEAK_DP1_322000_4097000_classified_point_cloud_colorized.laz","2018_TEAK_3_322000_4097000_image.tif","Tree",1,322000,322999.999,4097000,4097999.999
"11558",11938,322092.048,322096.974,4097315.05,4097321.806,"Silva","NEON_D17_TEAK_DP1_322000_4097000_classified_point_cloud_colorized.laz","2018_TEAK_3_322000_4097000_image.tif","Tree",1,322000,322999.999,4097000,4097999.999
"11559",11939,322160.279,322167.874,4097313.095,4097321.13,"Silva","NEON_D17_TEAK_DP1_322000_4097000_classified_point_cloud_colorized.laz","2018_TEAK_3_322000_4097000_image.tif","Tree",1,322000,322999.999,4097000,4097999.999
"11560",11940,322179.081,322185.403,4097311.617,4097316.461,"Silva","NEON_D17_TEAK_DP1_322000_4097000_classified_point_cloud_colorized.laz","2018_TEAK_3_322000_4097000_image.tif","Tree",1,322000,322999.999,4097000,4097999.999
"11561",11941,322141.02,322145.859,4097311.631,4097318.421,"Silva","NEON_D17_TEAK_DP1_322000_4097000_classified_point_cloud_colorized.laz","2018_TEAK_3_322000_4097000_image.tif","Tree",1,322000,322999.999,4097000,4097999.999
"11562",11942,322136.307,322141.943,4097311.222,4097313.996,"Silva","NEON_D17_TEAK_DP1_322000_4097000_classified_point_cloud_colorized.laz","2018_TEAK_3_322000_4097000_image.tif","Tree",1,322000,322999.999,4097000,4097999.999
"11563",11943,322049.013,322052.85,4097314.608,4097320.799,"Silva","NEON_D17_TEAK_DP1_322000_4097000_classified_point_cloud_colorized.laz","2018_TEAK_3_322000_4097000_image.tif","Tree",1,322000,322999.999,4097000,4097999.999
"11564",11944,322184.522,322189.043,4097307.523,4097311.245,"Silva","NEON_D17_TEAK_DP1_322000_4097000_classified_point_cloud_colorized.laz","2018_TEAK_3_322000_4097000_image.tif","Tree",1,322000,322999.999,4097000,4097999.999
"11565",11945,322209.631,322215.475,4097301.559,4097310.228,"Silva","NEON_D17_TEAK_DP1_322000_4097000_classified_point_cloud_colorized.laz","2018_TEAK_3_322000_4097000_image.tif","Tree",1,322000,322999.999,4097000,4097999.999
"11566",11946,322109.552,322112.922,4097309.021,4097312.845,"Silva","NEON_D17_TEAK_DP1_322000_4097000_classified_point_cloud_colorized.laz","2018_TEAK_3_322000_4097000_image.tif","Tree",1,322000,322999.999,4097000,4097999.999
"11567",11947,322142.62,322146.447,4097307.773,4097311.933,"Silva","NEON_D17_TEAK_DP1_322000_4097000_classified_point_cloud_colorized.laz","2018_TEAK_3_322000_4097000_image.tif","Tree",1,322000,322999.999,4097000,4097999.999
"11568",11948,322160.66,322163.92,4097306.285,4097310.373,"Silva","NEON_D17_TEAK_DP1_322000_4097000_classified_point_cloud_colorized.laz","2018_TEAK_3_322000_4097000_image.tif","Tree",1,322000,322999.999,4097000,4097999.999
"11569",11949,322194.411,322196.926,4097305.083,4097307.68,"Silva","NEON_D17_TEAK_DP1_322000_4097000_classified_point_cloud_colorized.laz","2018_TEAK_3_322000_4097000_image.tif","Tree",1,322000,322999.999,4097000,4097999.999
"11570",11950,322123.604,322128.499,4097307.166,4097313.986,"Silva","NEON_D17_TEAK_DP1_322000_4097000_classified_point_cloud_colorized.laz","2018_TEAK_3_322000_4097000_image.tif","Tree",1,322000,322999.999,4097000,4097999.999
"11571",11951,322113.563,322116.437,4097309.278,4097312.477,"Silva","NEON_D17_TEAK_DP1_322000_4097000_classified_point_cloud_colorized.laz","2018_TEAK_3_322000_4097000_image.tif","Tree",1,322000,322999.999,4097000,4097999.999
"11572",11952,322024.063,322028.78,4097310.141,4097315.759,"Silva","NEON_D17_TEAK_DP1_322000_4097000_classified_point_cloud_colorized.laz","2018_TEAK_3_322000_4097000_image.tif","Tree",1,322000,322999.999,4097000,4097999.999
"11573",11953,322000.004,322004.909,4097310.7,4097318.993,"Silva","NEON_D17_TEAK_DP1_322000_4097000_classified_point_cloud_colorized.laz","2018_TEAK_3_322000_4097000_image.tif","Tree",1,322000,322999.999,4097000,4097999.999
"11574",11954,322012.164,322022.904,4097310.005,4097319.884,"Silva","NEON_D17_TEAK_DP1_322000_4097000_classified_point_cloud_colorized.laz","2018_TEAK_3_322000_4097000_image.tif","Tree",1,322000,322999.999,4097000,4097999.999
"11575",11955,322233.032,322240.524,4097296.534,4097304.961,"Silva","NEON_D17_TEAK_DP1_322000_4097000_classified_point_cloud_colorized.laz","2018_TEAK_3_322000_4097000_image.tif","Tree",1,322000,322999.999,4097000,4097999.999
"11576",11956,322179.021,322180.973,4097303.905,4097306.349,"Silva","NEON_D17_TEAK_DP1_322000_4097000_classified_point_cloud_colorized.laz","2018_TEAK_3_322000_4097000_image.tif","Tree",1,322000,322999.999,4097000,4097999.999
"11577",11957,322104.512,322110.387,4097306.04,4097310.931,"Silva","NEON_D17_TEAK_DP1_322000_4097000_classified_point_cloud_colorized.laz","2018_TEAK_3_322000_4097000_image.tif","Tree",1,322000,322999.999,4097000,4097999.999
"11578",11958,322037.618,322045.301,4097308.898,4097316.363,"Silva","NEON_D17_TEAK_DP1_322000_4097000_classified_point_cloud_colorized.laz","2018_TEAK_3_322000_4097000_image.tif","Tree",1,322000,322999.999,4097000,4097999.999
"11579",11959,322116.245,322118.955,4097306.045,4097309.951,"Silva","NEON_D17_TEAK_DP1_322000_4097000_classified_point_cloud_colorized.laz","2018_TEAK_3_322000_4097000_image.tif","Tree",1,322000,322999.999,4097000,4097999.999
"11580",11960,322000.173,322007.971,4097308.194,4097316.365,"Silva","NEON_D17_TEAK_DP1_322000_4097000_classified_point_cloud_colorized.laz","2018_TEAK_3_322000_4097000_image.tif","Tree",1,322000,322999.999,4097000,4097999.999
"11581",11961,322130.683,322138.334,4097301.133,4097308.822,"Silva","NEON_D17_TEAK_DP1_322000_4097000_classified_point_cloud_colorized.laz","2018_TEAK_3_322000_4097000_image.tif","Tree",1,322000,322999.999,4097000,4097999.999
"11582",11962,322199.874,322208.445,4097297.09,4097305.668,"Silva","NEON_D17_TEAK_DP1_322000_4097000_classified_point_cloud_colorized.laz","2018_TEAK_3_322000_4097000_image.tif","Tree",1,322000,322999.999,4097000,4097999.999
"11583",11963,322168.105,322171.995,4097298.08,4097304.998,"Silva","NEON_D17_TEAK_DP1_322000_4097000_classified_point_cloud_colorized.laz","2018_TEAK_3_322000_4097000_image.tif","Tree",1,322000,322999.999,4097000,4097999.999
"11584",11964,322085.64,322090.471,4097307.107,4097309.392,"Silva","NEON_D17_TEAK_DP1_322000_4097000_classified_point_cloud_colorized.laz","2018_TEAK_3_322000_4097000_image.tif","Tree",1,322000,322999.999,4097000,4097999.999
"11585",11965,322223.427,322235.492,4097292.494,4097304.98,"Silva","NEON_D17_TEAK_DP1_322000_4097000_classified_point_cloud_colorized.laz","2018_TEAK_3_322000_4097000_image.tif","Tree",1,322000,322999.999,4097000,4097999.999
"11586",11966,322241.04,322247.995,4097291.011,4097301.478,"Silva","NEON_D17_TEAK_DP1_322000_4097000_classified_point_cloud_colorized.laz","2018_TEAK_3_322000_4097000_image.tif","Tree",1,322000,322999.999,4097000,4097999.999
"11587",11967,322138.661,322145.69,4097297.061,4097303.491,"Silva","NEON_D17_TEAK_DP1_322000_4097000_classified_point_cloud_colorized.laz","2018_TEAK_3_322000_4097000_image.tif","Tree",1,322000,322999.999,4097000,4097999.999
"11588",11968,322207.031,322218.867,4097291.035,4097301.79,"Silva","NEON_D17_TEAK_DP1_322000_4097000_classified_point_cloud_colorized.laz","2018_TEAK_3_322000_4097000_image.tif","Tree",1,322000,322999.999,4097000,4097999.999
"11589",11969,322244.501,322250.942,4097290.54,4097298.403,"Silva","NEON_D17_TEAK_DP1_322000_4097000_classified_point_cloud_colorized.laz","2018_TEAK_3_322000_4097000_image.tif","Tree",1,322000,322999.999,4097000,4097999.999
"11590",11970,322144.527,322151.144,4097296.706,4097301.481,"Silva","NEON_D17_TEAK_DP1_322000_4097000_classified_point_cloud_colorized.laz","2018_TEAK_3_322000_4097000_image.tif","Tree",1,322000,322999.999,4097000,4097999.999
"11591",11971,322046.158,322054.478,4097301.218,4097307.679,"Silva","NEON_D17_TEAK_DP1_322000_4097000_classified_point_cloud_colorized.laz","2018_TEAK_3_322000_4097000_image.tif","Tree",1,322000,322999.999,4097000,4097999.999
"11592",11972,322118.18,322120.828,4097296.56,4097299.863,"Silva","NEON_D17_TEAK_DP1_322000_4097000_classified_point_cloud_colorized.laz","2018_TEAK_3_322000_4097000_image.tif","Tree",1,322000,322999.999,4097000,4097999.999
"11593",11973,322147.141,322154.459,4097292.518,4097300.088,"Silva","NEON_D17_TEAK_DP1_322000_4097000_classified_point_cloud_colorized.laz","2018_TEAK_3_322000_4097000_image.tif","Tree",1,322000,322999.999,4097000,4097999.999
"11594",11974,322108.12,322112.762,4097296.04,4097300.693,"Silva","NEON_D17_TEAK_DP1_322000_4097000_classified_point_cloud_colorized.laz","2018_TEAK_3_322000_4097000_image.tif","Tree",1,322000,322999.999,4097000,4097999.999
"11595",11975,322080.149,322086.916,4097296.224,4097302.971,"Silva","NEON_D17_TEAK_DP1_322000_4097000_classified_point_cloud_colorized.laz","2018_TEAK_3_322000_4097000_image.tif","Tree",1,322000,322999.999,4097000,4097999.999
"11596",11976,322072.006,322074.412,4097295.602,4097302.983,"Silva","NEON_D17_TEAK_DP1_322000_4097000_classified_point_cloud_colorized.laz","2018_TEAK_3_322000_4097000_image.tif","Tree",1,322000,322999.999,4097000,4097999.999
"11597",11977,322163.01,322165.353,4097292.431,4097295.996,"Silva","NEON_D17_TEAK_DP1_322000_4097000_classified_point_cloud_colorized.laz","2018_TEAK_3_322000_4097000_image.tif","Tree",1,322000,322999.999,4097000,4097999.999
"11598",11978,322246.005,322255.083,4097284.408,4097291.967,"Silva","NEON_D17_TEAK_DP1_322000_4097000_classified_point_cloud_colorized.laz","2018_TEAK_3_322000_4097000_image.tif","Tree",1,322000,322999.999,4097000,4097999.999
"11599",11979,322045.967,322047.928,4097295.005,4097302.488,"Silva","NEON_D17_TEAK_DP1_322000_4097000_classified_point_cloud_colorized.laz","2018_TEAK_3_322000_4097000_image.tif","Tree",1,322000,322999.999,4097000,4097999.999
"11600",11980,322210.116,322221.457,4097285.253,4097294.793,"Silva","NEON_D17_TEAK_DP1_322000_4097000_classified_point_cloud_colorized.laz","2018_TEAK_3_322000_4097000_image.tif","Tree",1,322000,322999.999,4097000,4097999.999
"11601",11981,322221.19,322233.435,4097282.524,4097292.5,"Silva","NEON_D17_TEAK_DP1_322000_4097000_classified_point_cloud_colorized.laz","2018_TEAK_3_322000_4097000_image.tif","Tree",1,322000,322999.999,4097000,4097999.999
"11602",11982,322111.046,322114.418,4097292.025,4097295.863,"Silva","NEON_D17_TEAK_DP1_322000_4097000_classified_point_cloud_colorized.laz","2018_TEAK_3_322000_4097000_image.tif","Tree",1,322000,322999.999,4097000,4097999.999
"11603",11983,322083.233,322088.288,4097291.585,4097295.993,"Silva","NEON_D17_TEAK_DP1_322000_4097000_classified_point_cloud_colorized.laz","2018_TEAK_3_322000_4097000_image.tif","Tree",1,322000,322999.999,4097000,4097999.999
"11604",11984,322201.169,322209.935,4097286.035,4097292.34,"Silva","NEON_D17_TEAK_DP1_322000_4097000_classified_point_cloud_colorized.laz","2018_TEAK_3_322000_4097000_image.tif","Tree",1,322000,322999.999,4097000,4097999.999
"11605",11985,322173.506,322183.273,4097285.948,4097292.823,"Silva","NEON_D17_TEAK_DP1_322000_4097000_classified_point_cloud_colorized.laz","2018_TEAK_3_322000_4097000_image.tif","Tree",1,322000,322999.999,4097000,4097999.999
"11606",11986,322038.016,322039.745,4097294.801,4097295.769,"Silva","NEON_D17_TEAK_DP1_322000_4097000_classified_point_cloud_colorized.laz","2018_TEAK_3_322000_4097000_image.tif","Tree",1,322000,322999.999,4097000,4097999.999
"11607",11987,322120.012,322121.263,4097290.648,4097291.873,"Silva","NEON_D17_TEAK_DP1_322000_4097000_classified_point_cloud_colorized.laz","2018_TEAK_3_322000_4097000_image.tif","Tree",1,322000,322999.999,4097000,4097999.999
"11608",11988,322136.091,322144.296,4097288.084,4097293.984,"Silva","NEON_D17_TEAK_DP1_322000_4097000_classified_point_cloud_colorized.laz","2018_TEAK_3_322000_4097000_image.tif","Tree",1,322000,322999.999,4097000,4097999.999
"11609",11989,322253.512,322261.973,4097281.086,4097287.873,"Silva","NEON_D17_TEAK_DP1_322000_4097000_classified_point_cloud_colorized.laz","2018_TEAK_3_322000_4097000_image.tif","Tree",1,322000,322999.999,4097000,4097999.999
"11610",11990,322109.647,322113.182,4097288.021,4097292.441,"Silva","NEON_D17_TEAK_DP1_322000_4097000_classified_point_cloud_colorized.laz","2018_TEAK_3_322000_4097000_image.tif","Tree",1,322000,322999.999,4097000,4097999.999
"11611",11991,322143.506,322150.868,4097283.598,4097291.246,"Silva","NEON_D17_TEAK_DP1_322000_4097000_classified_point_cloud_colorized.laz","2018_TEAK_3_322000_4097000_image.tif","Tree",1,322000,322999.999,4097000,4097999.999
"11612",11992,322209.045,322212.205,4097281.599,4097284.925,"Silva","NEON_D17_TEAK_DP1_322000_4097000_classified_point_cloud_colorized.laz","2018_TEAK_3_322000_4097000_image.tif","Tree",1,322000,322999.999,4097000,4097999.999
"11613",11993,322119.507,322126.99,4097284.533,4097293.441,"Silva","NEON_D17_TEAK_DP1_322000_4097000_classified_point_cloud_colorized.laz","2018_TEAK_3_322000_4097000_image.tif","Tree",1,322000,322999.999,4097000,4097999.999
"11614",11994,322150.223,322156.576,4097281.744,4097288.436,"Silva","NEON_D17_TEAK_DP1_322000_4097000_classified_point_cloud_colorized.laz","2018_TEAK_3_322000_4097000_image.tif","Tree",1,322000,322999.999,4097000,4097999.999
"11615",11995,322245.516,322253.962,4097275.053,4097284.477,"Silva","NEON_D17_TEAK_DP1_322000_4097000_classified_point_cloud_colorized.laz","2018_TEAK_3_322000_4097000_image.tif","Tree",1,322000,322999.999,4097000,4097999.999
"11616",11996,322084.524,322086.415,4097286.037,4097288.913,"Silva","NEON_D17_TEAK_DP1_322000_4097000_classified_point_cloud_colorized.laz","2018_TEAK_3_322000_4097000_image.tif","Tree",1,322000,322999.999,4097000,4097999.999
"11617",11997,322114.544,322123.931,4097280.602,4097287.456,"Silva","NEON_D17_TEAK_DP1_322000_4097000_classified_point_cloud_colorized.laz","2018_TEAK_3_322000_4097000_image.tif","Tree",1,322000,322999.999,4097000,4097999.999
"11618",11998,322201.606,322203.982,4097279.62,4097281.994,"Silva","NEON_D17_TEAK_DP1_322000_4097000_classified_point_cloud_colorized.laz","2018_TEAK_3_322000_4097000_image.tif","Tree",1,322000,322999.999,4097000,4097999.999
"11619",11999,322063.501,322067.995,4097285.04,4097289.473,"Silva","NEON_D17_TEAK_DP1_322000_4097000_classified_point_cloud_colorized.laz","2018_TEAK_3_322000_4097000_image.tif","Tree",1,322000,322999.999,4097000,4097999.999
"11620",12000,322152.63,322158.324,4097277.007,4097284.019,"Silva","NEON_D17_TEAK_DP1_322000_4097000_classified_point_cloud_colorized.laz","2018_TEAK_3_322000_4097000_image.tif","Tree",1,322000,322999.999,4097000,4097999.999
"11621",12001,322190.713,322194.798,4097275.05,4097282.237,"Silva","NEON_D17_TEAK_DP1_322000_4097000_classified_point_cloud_colorized.laz","2018_TEAK_3_322000_4097000_image.tif","Tree",1,322000,322999.999,4097000,4097999.999
"11622",12002,322221.567,322230.713,4097274.585,4097283.922,"Silva","NEON_D17_TEAK_DP1_322000_4097000_classified_point_cloud_colorized.laz","2018_TEAK_3_322000_4097000_image.tif","Tree",1,322000,322999.999,4097000,4097999.999
"11623",12003,322095.39,322102.39,4097279.65,4097287.727,"Silva","NEON_D17_TEAK_DP1_322000_4097000_classified_point_cloud_colorized.laz","2018_TEAK_3_322000_4097000_image.tif","Tree",1,322000,322999.999,4097000,4097999.999
"11624",12004,322239.551,322239.98,4097276.583,4097276.997,"Silva","NEON_D17_TEAK_DP1_322000_4097000_classified_point_cloud_colorized.laz","2018_TEAK_3_322000_4097000_image.tif","Tree",1,322000,322999.999,4097000,4097999.999
"11625",12005,322216.009,322221.925,4097272.674,4097283.625,"Silva","NEON_D17_TEAK_DP1_322000_4097000_classified_point_cloud_colorized.laz","2018_TEAK_3_322000_4097000_image.tif","Tree",1,322000,322999.999,4097000,4097999.999
"11626",12006,322140.635,322146.637,4097276.004,4097281.369,"Silva","NEON_D17_TEAK_DP1_322000_4097000_classified_point_cloud_colorized.laz","2018_TEAK_3_322000_4097000_image.tif","Tree",1,322000,322999.999,4097000,4097999.999
"11627",12007,322164.042,322169.432,4097273.607,4097281.991,"Silva","NEON_D17_TEAK_DP1_322000_4097000_classified_point_cloud_colorized.laz","2018_TEAK_3_322000_4097000_image.tif","Tree",1,322000,322999.999,4097000,4097999.999
"11628",12008,322249.017,322255.398,4097271.025,4097276.86,"Silva","NEON_D17_TEAK_DP1_322000_4097000_classified_point_cloud_colorized.laz","2018_TEAK_3_322000_4097000_image.tif","Tree",1,322000,322999.999,4097000,4097999.999
"11629",12009,322053.088,322056.961,4097279.717,4097283.998,"Silva","NEON_D17_TEAK_DP1_322000_4097000_classified_point_cloud_colorized.laz","2018_TEAK_3_322000_4097000_image.tif","Tree",1,322000,322999.999,4097000,4097999.999
"11630",12010,322167.76,322173.921,4097273.259,4097278.425,"Silva","NEON_D17_TEAK_DP1_322000_4097000_classified_point_cloud_colorized.laz","2018_TEAK_3_322000_4097000_image.tif","Tree",1,322000,322999.999,4097000,4097999.999
"11631",12011,322178.042,322184.465,4097272.642,4097278.398,"Silva","NEON_D17_TEAK_DP1_322000_4097000_classified_point_cloud_colorized.laz","2018_TEAK_3_322000_4097000_image.tif","Tree",1,322000,322999.999,4097000,4097999.999
"11632",12012,322155.597,322161.472,4097273.716,4097279.289,"Silva","NEON_D17_TEAK_DP1_322000_4097000_classified_point_cloud_colorized.laz","2018_TEAK_3_322000_4097000_image.tif","Tree",1,322000,322999.999,4097000,4097999.999
"11633",12013,322132.876,322134.174,4097276.536,4097279.358,"Silva","NEON_D17_TEAK_DP1_322000_4097000_classified_point_cloud_colorized.laz","2018_TEAK_3_322000_4097000_image.tif","Tree",1,322000,322999.999,4097000,4097999.999
"11634",12014,322259.514,322268.277,4097267.515,4097274.366,"Silva","NEON_D17_TEAK_DP1_322000_4097000_classified_point_cloud_colorized.laz","2018_TEAK_3_322000_4097000_image.tif","Tree",1,322000,322999.999,4097000,4097999.999
"11635",12015,322135.027,322139.21,4097273.607,4097277.333,"Silva","NEON_D17_TEAK_DP1_322000_4097000_classified_point_cloud_colorized.laz","2018_TEAK_3_322000_4097000_image.tif","Tree",1,322000,322999.999,4097000,4097999.999
"11636",12016,322236.041,322245.269,4097266.049,4097272.244,"Silva","NEON_D17_TEAK_DP1_322000_4097000_classified_point_cloud_colorized.laz","2018_TEAK_3_322000_4097000_image.tif","Tree",1,322000,322999.999,4097000,4097999.999
"11637",12017,322205.095,322212.969,4097266.558,4097275.495,"Silva","NEON_D17_TEAK_DP1_322000_4097000_classified_point_cloud_colorized.laz","2018_TEAK_3_322000_4097000_image.tif","Tree",1,322000,322999.999,4097000,4097999.999
"11638",12018,322184.582,322192.235,4097266.014,4097275.411,"Silva","NEON_D17_TEAK_DP1_322000_4097000_classified_point_cloud_colorized.laz","2018_TEAK_3_322000_4097000_image.tif","Tree",1,322000,322999.999,4097000,4097999.999
"11639",12019,322102.502,322109.971,4097269.099,4097278.912,"Silva","NEON_D17_TEAK_DP1_322000_4097000_classified_point_cloud_colorized.laz","2018_TEAK_3_322000_4097000_image.tif","Tree",1,322000,322999.999,4097000,4097999.999
"11640",12020,322218.522,322222.999,4097266.524,4097273.432,"Silva","NEON_D17_TEAK_DP1_322000_4097000_classified_point_cloud_colorized.laz","2018_TEAK_3_322000_4097000_image.tif","Tree",1,322000,322999.999,4097000,4097999.999
"11641",12021,322254.037,322260.451,4097265.517,4097270.762,"Silva","NEON_D17_TEAK_DP1_322000_4097000_classified_point_cloud_colorized.laz","2018_TEAK_3_322000_4097000_image.tif","Tree",1,322000,322999.999,4097000,4097999.999
"11642",12022,322211.013,322217.43,4097266.15,4097273.477,"Silva","NEON_D17_TEAK_DP1_322000_4097000_classified_point_cloud_colorized.laz","2018_TEAK_3_322000_4097000_image.tif","Tree",1,322000,322999.999,4097000,4097999.999
"11643",12023,322190.56,322197.998,4097265.523,4097274.908,"Silva","NEON_D17_TEAK_DP1_322000_4097000_classified_point_cloud_colorized.laz","2018_TEAK_3_322000_4097000_image.tif","Tree",1,322000,322999.999,4097000,4097999.999
"11644",12024,322137.757,322142.38,4097270.542,4097274.923,"Silva","NEON_D17_TEAK_DP1_322000_4097000_classified_point_cloud_colorized.laz","2018_TEAK_3_322000_4097000_image.tif","Tree",1,322000,322999.999,4097000,4097999.999
"11645",12025,322122.575,322129.486,4097267.501,4097274.381,"Silva","NEON_D17_TEAK_DP1_322000_4097000_classified_point_cloud_colorized.laz","2018_TEAK_3_322000_4097000_image.tif","Tree",1,322000,322999.999,4097000,4097999.999
"11646",12026,322178.053,322184.975,4097266.506,4097272.472,"Silva","NEON_D17_TEAK_DP1_322000_4097000_classified_point_cloud_colorized.laz","2018_TEAK_3_322000_4097000_image.tif","Tree",1,322000,322999.999,4097000,4097999.999
"11647",12027,322096.009,322103.974,4097267.506,4097275.23,"Silva","NEON_D17_TEAK_DP1_322000_4097000_classified_point_cloud_colorized.laz","2018_TEAK_3_322000_4097000_image.tif","Tree",1,322000,322999.999,4097000,4097999.999
"11648",12028,322169.049,322173.765,4097266.04,4097270.35,"Silva","NEON_D17_TEAK_DP1_322000_4097000_classified_point_cloud_colorized.laz","2018_TEAK_3_322000_4097000_image.tif","Tree",1,322000,322999.999,4097000,4097999.999
"11649",12029,322129.063,322133.529,4097266.666,4097270.673,"Silva","NEON_D17_TEAK_DP1_322000_4097000_classified_point_cloud_colorized.laz","2018_TEAK_3_322000_4097000_image.tif","Tree",1,322000,322999.999,4097000,4097999.999
"11650",12030,322165.992,322168.938,4097266.869,4097271.357,"Silva","NEON_D17_TEAK_DP1_322000_4097000_classified_point_cloud_colorized.laz","2018_TEAK_3_322000_4097000_image.tif","Tree",1,322000,322999.999,4097000,4097999.999
"11651",12031,322260.021,322266.154,4097261.004,4097267.882,"Silva","NEON_D17_TEAK_DP1_322000_4097000_classified_point_cloud_colorized.laz","2018_TEAK_3_322000_4097000_image.tif","Tree",1,322000,322999.999,4097000,4097999.999
"11652",12032,322173.56,322179.227,4097264.624,4097271.4,"Silva","NEON_D17_TEAK_DP1_322000_4097000_classified_point_cloud_colorized.laz","2018_TEAK_3_322000_4097000_image.tif","Tree",1,322000,322999.999,4097000,4097999.999
"11653",12033,322155.667,322160.925,4097266.586,4097270.477,"Silva","NEON_D17_TEAK_DP1_322000_4097000_classified_point_cloud_colorized.laz","2018_TEAK_3_322000_4097000_image.tif","Tree",1,322000,322999.999,4097000,4097999.999
"11654",12034,322202.132,322210.342,4097261.332,4097267.923,"Silva","NEON_D17_TEAK_DP1_322000_4097000_classified_point_cloud_colorized.laz","2018_TEAK_3_322000_4097000_image.tif","Tree",1,322000,322999.999,4097000,4097999.999
"11655",12035,322114.222,322117.468,4097270.83,4097271.626,"Silva","NEON_D17_TEAK_DP1_322000_4097000_classified_point_cloud_colorized.laz","2018_TEAK_3_322000_4097000_image.tif","Tree",1,322000,322999.999,4097000,4097999.999
"11656",12036,322277.329,322285.496,4097255.025,4097265.471,"Silva","NEON_D17_TEAK_DP1_322000_4097000_classified_point_cloud_colorized.laz","2018_TEAK_3_322000_4097000_image.tif","Tree",1,322000,322999.999,4097000,4097999.999
"11657",12037,322233.184,322236.838,4097258.011,4097264.482,"Silva","NEON_D17_TEAK_DP1_322000_4097000_classified_point_cloud_colorized.laz","2018_TEAK_3_322000_4097000_image.tif","Tree",1,322000,322999.999,4097000,4097999.999
"11658",12038,322245.014,322252.426,4097256.198,4097263.898,"Silva","NEON_D17_TEAK_DP1_322000_4097000_classified_point_cloud_colorized.laz","2018_TEAK_3_322000_4097000_image.tif","Tree",1,322000,322999.999,4097000,4097999.999
"11659",12039,322094.508,322098.958,4097260.682,4097265.427,"Silva","NEON_D17_TEAK_DP1_322000_4097000_classified_point_cloud_colorized.laz","2018_TEAK_3_322000_4097000_image.tif","Tree",1,322000,322999.999,4097000,4097999.999
"11660",12040,322109.589,322113.417,4097260.187,4097264.492,"Silva","NEON_D17_TEAK_DP1_322000_4097000_classified_point_cloud_colorized.laz","2018_TEAK_3_322000_4097000_image.tif","Tree",1,322000,322999.999,4097000,4097999.999
"11661",12041,322128.552,322133.27,4097258.534,4097263.802,"Silva","NEON_D17_TEAK_DP1_322000_4097000_classified_point_cloud_colorized.laz","2018_TEAK_3_322000_4097000_image.tif","Tree",1,322000,322999.999,4097000,4097999.999
"11662",12042,322265.011,322273.484,4097254.004,4097262.957,"Silva","NEON_D17_TEAK_DP1_322000_4097000_classified_point_cloud_colorized.laz","2018_TEAK_3_322000_4097000_image.tif","Tree",1,322000,322999.999,4097000,4097999.999
"11663",12043,322200.504,322205.945,4097253.023,4097262.409,"Silva","NEON_D17_TEAK_DP1_322000_4097000_classified_point_cloud_colorized.laz","2018_TEAK_3_322000_4097000_image.tif","Tree",1,322000,322999.999,4097000,4097999.999
"11664",12044,322033.51,322043.215,4097260.001,4097266.485,"Silva","NEON_D17_TEAK_DP1_322000_4097000_classified_point_cloud_colorized.laz","2018_TEAK_3_322000_4097000_image.tif","Tree",1,322000,322999.999,4097000,4097999.999
"11665",12045,322285.776,322288.439,4097250.868,4097256.493,"Silva","NEON_D17_TEAK_DP1_322000_4097000_classified_point_cloud_colorized.laz","2018_TEAK_3_322000_4097000_image.tif","Tree",1,322000,322999.999,4097000,4097999.999
"11666",12046,322195.544,322201.942,4097252.504,4097259.608,"Silva","NEON_D17_TEAK_DP1_322000_4097000_classified_point_cloud_colorized.laz","2018_TEAK_3_322000_4097000_image.tif","Tree",1,322000,322999.999,4097000,4097999.999
"11667",12047,322108.274,322113.644,4097256.01,4097261.25,"Silva","NEON_D17_TEAK_DP1_322000_4097000_classified_point_cloud_colorized.laz","2018_TEAK_3_322000_4097000_image.tif","Tree",1,322000,322999.999,4097000,4097999.999
"11668",12048,322103.627,322107.853,4097257.525,4097262.493,"Silva","NEON_D17_TEAK_DP1_322000_4097000_classified_point_cloud_colorized.laz","2018_TEAK_3_322000_4097000_image.tif","Tree",1,322000,322999.999,4097000,4097999.999
"11669",12049,322188.56,322195.909,4097254.058,4097258.826,"Silva","NEON_D17_TEAK_DP1_322000_4097000_classified_point_cloud_colorized.laz","2018_TEAK_3_322000_4097000_image.tif","Tree",1,322000,322999.999,4097000,4097999.999
"11670",12050,322211.802,322219.43,4097251.524,4097259.88,"Silva","NEON_D17_TEAK_DP1_322000_4097000_classified_point_cloud_colorized.laz","2018_TEAK_3_322000_4097000_image.tif","Tree",1,322000,322999.999,4097000,4097999.999
"11671",12051,322155.512,322165.277,4097254.16,4097262.972,"Silva","NEON_D17_TEAK_DP1_322000_4097000_classified_point_cloud_colorized.laz","2018_TEAK_3_322000_4097000_image.tif","Tree",1,322000,322999.999,4097000,4097999.999
"11672",12052,322132.101,322139.399,4097252.149,4097259.473,"Silva","NEON_D17_TEAK_DP1_322000_4097000_classified_point_cloud_colorized.laz","2018_TEAK_3_322000_4097000_image.tif","Tree",1,322000,322999.999,4097000,4097999.999
"11673",12053,322145.034,322151.311,4097253.114,4097261.5,"Silva","NEON_D17_TEAK_DP1_322000_4097000_classified_point_cloud_colorized.laz","2018_TEAK_3_322000_4097000_image.tif","Tree",1,322000,322999.999,4097000,4097999.999
"11674",12054,322139.16,322145.985,4097252.01,4097260.995,"Silva","NEON_D17_TEAK_DP1_322000_4097000_classified_point_cloud_colorized.laz","2018_TEAK_3_322000_4097000_image.tif","Tree",1,322000,322999.999,4097000,4097999.999
"11675",12055,322280.549,322287.761,4097245.522,4097254.844,"Silva","NEON_D17_TEAK_DP1_322000_4097000_classified_point_cloud_colorized.laz","2018_TEAK_3_322000_4097000_image.tif","Tree",1,322000,322999.999,4097000,4097999.999
"11676",12056,322166.542,322170.919,4097254.018,4097257.462,"Silva","NEON_D17_TEAK_DP1_322000_4097000_classified_point_cloud_colorized.laz","2018_TEAK_3_322000_4097000_image.tif","Tree",1,322000,322999.999,4097000,4097999.999
"11677",12057,322111.504,322117.844,4097252.009,4097258.852,"Silva","NEON_D17_TEAK_DP1_322000_4097000_classified_point_cloud_colorized.laz","2018_TEAK_3_322000_4097000_image.tif","Tree",1,322000,322999.999,4097000,4097999.999
"11678",12058,322175.722,322182.944,4097248.01,4097255.975,"Silva","NEON_D17_TEAK_DP1_322000_4097000_classified_point_cloud_colorized.laz","2018_TEAK_3_322000_4097000_image.tif","Tree",1,322000,322999.999,4097000,4097999.999
"11679",12059,322222.013,322230.979,4097246.507,4097256.46,"Silva","NEON_D17_TEAK_DP1_322000_4097000_classified_point_cloud_colorized.laz","2018_TEAK_3_322000_4097000_image.tif","Tree",1,322000,322999.999,4097000,4097999.999
"11680",12060,322192.008,322197.827,4097249.509,4097254.808,"Silva","NEON_D17_TEAK_DP1_322000_4097000_classified_point_cloud_colorized.laz","2018_TEAK_3_322000_4097000_image.tif","Tree",1,322000,322999.999,4097000,4097999.999
"11681",12061,322275.082,322282.966,4097244.054,4097251.814,"Silva","NEON_D17_TEAK_DP1_322000_4097000_classified_point_cloud_colorized.laz","2018_TEAK_3_322000_4097000_image.tif","Tree",1,322000,322999.999,4097000,4097999.999
"11682",12062,322299.265,322305.953,4097244.094,4097250.999,"Silva","NEON_D17_TEAK_DP1_322000_4097000_classified_point_cloud_colorized.laz","2018_TEAK_3_322000_4097000_image.tif","Tree",1,322000,322999.999,4097000,4097999.999
"11683",12063,322286.505,322292.476,4097244.264,4097250.769,"Silva","NEON_D17_TEAK_DP1_322000_4097000_classified_point_cloud_colorized.laz","2018_TEAK_3_322000_4097000_image.tif","Tree",1,322000,322999.999,4097000,4097999.999
"11684",12064,322261.046,322265.941,4097244.526,4097251.835,"Silva","NEON_D17_TEAK_DP1_322000_4097000_classified_point_cloud_colorized.laz","2018_TEAK_3_322000_4097000_image.tif","Tree",1,322000,322999.999,4097000,4097999.999
"11685",12065,322183.024,322189.307,4097248.003,4097254.102,"Silva","NEON_D17_TEAK_DP1_322000_4097000_classified_point_cloud_colorized.laz","2018_TEAK_3_322000_4097000_image.tif","Tree",1,322000,322999.999,4097000,4097999.999
"11686",12066,322142.579,322148.863,4097248.691,4097254.413,"Silva","NEON_D17_TEAK_DP1_322000_4097000_classified_point_cloud_colorized.laz","2018_TEAK_3_322000_4097000_image.tif","Tree",1,322000,322999.999,4097000,4097999.999
"11687",12067,322151.016,322156.827,4097247.178,4097254.359,"Silva","NEON_D17_TEAK_DP1_322000_4097000_classified_point_cloud_colorized.laz","2018_TEAK_3_322000_4097000_image.tif","Tree",1,322000,322999.999,4097000,4097999.999
"11688",12068,322165.653,322166.754,4097249.098,4097250.975,"Silva","NEON_D17_TEAK_DP1_322000_4097000_classified_point_cloud_colorized.laz","2018_TEAK_3_322000_4097000_image.tif","Tree",1,322000,322999.999,4097000,4097999.999
"11689",12069,322194.583,322199.384,4097246.526,4097250.687,"Silva","NEON_D17_TEAK_DP1_322000_4097000_classified_point_cloud_colorized.laz","2018_TEAK_3_322000_4097000_image.tif","Tree",1,322000,322999.999,4097000,4097999.999
"11690",12070,322170.036,322174.972,4097245.021,4097250.967,"Silva","NEON_D17_TEAK_DP1_322000_4097000_classified_point_cloud_colorized.laz","2018_TEAK_3_322000_4097000_image.tif","Tree",1,322000,322999.999,4097000,4097999.999
"11691",12071,322101.512,322108.446,4097248.077,4097254.998,"Silva","NEON_D17_TEAK_DP1_322000_4097000_classified_point_cloud_colorized.laz","2018_TEAK_3_322000_4097000_image.tif","Tree",1,322000,322999.999,4097000,4097999.999
"11692",12072,322138.189,322144.865,4097246.167,4097251.999,"Silva","NEON_D17_TEAK_DP1_322000_4097000_classified_point_cloud_colorized.laz","2018_TEAK_3_322000_4097000_image.tif","Tree",1,322000,322999.999,4097000,4097999.999
"11693",12073,322267.596,322275.257,4097242.938,4097248.635,"Silva","NEON_D17_TEAK_DP1_322000_4097000_classified_point_cloud_colorized.laz","2018_TEAK_3_322000_4097000_image.tif","Tree",1,322000,322999.999,4097000,4097999.999
"11694",12074,322151.993,322158.438,4097243.02,4097249.436,"Silva","NEON_D17_TEAK_DP1_322000_4097000_classified_point_cloud_colorized.laz","2018_TEAK_3_322000_4097000_image.tif","Tree",1,322000,322999.999,4097000,4097999.999
"11695",12075,322173.035,322179.35,4097242.529,4097249.909,"Silva","NEON_D17_TEAK_DP1_322000_4097000_classified_point_cloud_colorized.laz","2018_TEAK_3_322000_4097000_image.tif","Tree",1,322000,322999.999,4097000,4097999.999
"11696",12076,322219.505,322225.35,4097242.546,4097249.987,"Silva","NEON_D17_TEAK_DP1_322000_4097000_classified_point_cloud_colorized.laz","2018_TEAK_3_322000_4097000_image.tif","Tree",1,322000,322999.999,4097000,4097999.999
"11697",12077,322248.003,322253.605,4097240.002,4097248.44,"Silva","NEON_D17_TEAK_DP1_322000_4097000_classified_point_cloud_colorized.laz","2018_TEAK_3_322000_4097000_image.tif","Tree",1,322000,322999.999,4097000,4097999.999
"11698",12078,322290.122,322294.815,4097238.563,4097245.494,"Silva","NEON_D17_TEAK_DP1_322000_4097000_classified_point_cloud_colorized.laz","2018_TEAK_3_322000_4097000_image.tif","Tree",1,322000,322999.999,4097000,4097999.999
"11699",12079,322166.941,322169.419,4097244.266,4097246.928,"Silva","NEON_D17_TEAK_DP1_322000_4097000_classified_point_cloud_colorized.laz","2018_TEAK_3_322000_4097000_image.tif","Tree",1,322000,322999.999,4097000,4097999.999
"11700",12080,322111.54,322118.495,4097241.123,4097249.489,"Silva","NEON_D17_TEAK_DP1_322000_4097000_classified_point_cloud_colorized.laz","2018_TEAK_3_322000_4097000_image.tif","Tree",1,322000,322999.999,4097000,4097999.999
"11701",12081,322281.657,322290.991,4097235.799,4097245.98,"Silva","NEON_D17_TEAK_DP1_322000_4097000_classified_point_cloud_colorized.laz","2018_TEAK_3_322000_4097000_image.tif","Tree",1,322000,322999.999,4097000,4097999.999
"11702",12082,322263.609,322270.969,4097237.046,4097244.999,"Silva","NEON_D17_TEAK_DP1_322000_4097000_classified_point_cloud_colorized.laz","2018_TEAK_3_322000_4097000_image.tif","Tree",1,322000,322999.999,4097000,4097999.999
"11703",12083,322227.023,322231.985,4097239.636,4097246.972,"Silva","NEON_D17_TEAK_DP1_322000_4097000_classified_point_cloud_colorized.laz","2018_TEAK_3_322000_4097000_image.tif","Tree",1,322000,322999.999,4097000,4097999.999
"11704",12084,322127.163,322133.359,4097243.098,4097246.817,"Silva","NEON_D17_TEAK_DP1_322000_4097000_classified_point_cloud_colorized.laz","2018_TEAK_3_322000_4097000_image.tif","Tree",1,322000,322999.999,4097000,4097999.999
"11705",12085,322206.006,322209.354,4097241.101,4097244.475,"Silva","NEON_D17_TEAK_DP1_322000_4097000_classified_point_cloud_colorized.laz","2018_TEAK_3_322000_4097000_image.tif","Tree",1,322000,322999.999,4097000,4097999.999
"11706",12086,322105.04,322107.446,4097244.046,4097245.413,"Silva","NEON_D17_TEAK_DP1_322000_4097000_classified_point_cloud_colorized.laz","2018_TEAK_3_322000_4097000_image.tif","Tree",1,322000,322999.999,4097000,4097999.999
"11707",12087,322219.6,322227.425,4097236.607,4097243.958,"Silva","NEON_D17_TEAK_DP1_322000_4097000_classified_point_cloud_colorized.laz","2018_TEAK_3_322000_4097000_image.tif","Tree",1,322000,322999.999,4097000,4097999.999
"11708",12088,322193.541,322197.926,4097238.344,4097243.985,"Silva","NEON_D17_TEAK_DP1_322000_4097000_classified_point_cloud_colorized.laz","2018_TEAK_3_322000_4097000_image.tif","Tree",1,322000,322999.999,4097000,4097999.999
"11709",12089,322137.073,322142.809,4097238.318,4097244.499,"Silva","NEON_D17_TEAK_DP1_322000_4097000_classified_point_cloud_colorized.laz","2018_TEAK_3_322000_4097000_image.tif","Tree",1,322000,322999.999,4097000,4097999.999
"11710",12090,322145.148,322150.873,4097238.646,4097243.335,"Silva","NEON_D17_TEAK_DP1_322000_4097000_classified_point_cloud_colorized.laz","2018_TEAK_3_322000_4097000_image.tif","Tree",1,322000,322999.999,4097000,4097999.999
"11711",12091,322123.303,322127.471,4097239.329,4097243.211,"Silva","NEON_D17_TEAK_DP1_322000_4097000_classified_point_cloud_colorized.laz","2018_TEAK_3_322000_4097000_image.tif","Tree",1,322000,322999.999,4097000,4097999.999
"11712",12092,322132.256,322137.841,4097237.53,4097243.483,"Silva","NEON_D17_TEAK_DP1_322000_4097000_classified_point_cloud_colorized.laz","2018_TEAK_3_322000_4097000_image.tif","Tree",1,322000,322999.999,4097000,4097999.999
"11713",12093,322153.002,322157.954,4097234.062,4097241.752,"Silva","NEON_D17_TEAK_DP1_322000_4097000_classified_point_cloud_colorized.laz","2018_TEAK_3_322000_4097000_image.tif","Tree",1,322000,322999.999,4097000,4097999.999
"11714",12094,322241.523,322243.476,4097233.834,4097236.846,"Silva","NEON_D17_TEAK_DP1_322000_4097000_classified_point_cloud_colorized.laz","2018_TEAK_3_322000_4097000_image.tif","Tree",1,322000,322999.999,4097000,4097999.999
"11715",12095,322040.514,322045.915,4097235.549,4097241.571,"Silva","NEON_D17_TEAK_DP1_322000_4097000_classified_point_cloud_colorized.laz","2018_TEAK_3_322000_4097000_image.tif","Tree",1,322000,322999.999,4097000,4097999.999
"11716",12096,322273.55,322278.302,4097230.555,4097235.807,"Silva","NEON_D17_TEAK_DP1_322000_4097000_classified_point_cloud_colorized.laz","2018_TEAK_3_322000_4097000_image.tif","Tree",1,322000,322999.999,4097000,4097999.999
"11717",12097,322242.514,322249.459,4097229.608,4097238.692,"Silva","NEON_D17_TEAK_DP1_322000_4097000_classified_point_cloud_colorized.laz","2018_TEAK_3_322000_4097000_image.tif","Tree",1,322000,322999.999,4097000,4097999.999
"11718",12098,322122.526,322125.443,4097233.244,4097237.87,"Silva","NEON_D17_TEAK_DP1_322000_4097000_classified_point_cloud_colorized.laz","2018_TEAK_3_322000_4097000_image.tif","Tree",1,322000,322999.999,4097000,4097999.999
"11719",12099,322255.002,322262.823,4097230.553,4097237.478,"Silva","NEON_D17_TEAK_DP1_322000_4097000_classified_point_cloud_colorized.laz","2018_TEAK_3_322000_4097000_image.tif","Tree",1,322000,322999.999,4097000,4097999.999
"11720",12100,322267.651,322273.459,4097230.049,4097237.808,"Silva","NEON_D17_TEAK_DP1_322000_4097000_classified_point_cloud_colorized.laz","2018_TEAK_3_322000_4097000_image.tif","Tree",1,322000,322999.999,4097000,4097999.999
"11721",12101,322286.519,322294.986,4097229.513,4097237.439,"Silva","NEON_D17_TEAK_DP1_322000_4097000_classified_point_cloud_colorized.laz","2018_TEAK_3_322000_4097000_image.tif","Tree",1,322000,322999.999,4097000,4097999.999
"11722",12102,322118.295,322123.183,4097231.538,4097236.496,"Silva","NEON_D17_TEAK_DP1_322000_4097000_classified_point_cloud_colorized.laz","2018_TEAK_3_322000_4097000_image.tif","Tree",1,322000,322999.999,4097000,4097999.999
"11723",12103,322211.054,322216.95,4097228.359,4097234.382,"Silva","NEON_D17_TEAK_DP1_322000_4097000_classified_point_cloud_colorized.laz","2018_TEAK_3_322000_4097000_image.tif","Tree",1,322000,322999.999,4097000,4097999.999
"11724",12104,322258.089,322264.957,4097226.727,4097232.67,"Silva","NEON_D17_TEAK_DP1_322000_4097000_classified_point_cloud_colorized.laz","2018_TEAK_3_322000_4097000_image.tif","Tree",1,322000,322999.999,4097000,4097999.999
"11725",12105,322206.871,322212.286,4097224.514,4097231.844,"Silva","NEON_D17_TEAK_DP1_322000_4097000_classified_point_cloud_colorized.laz","2018_TEAK_3_322000_4097000_image.tif","Tree",1,322000,322999.999,4097000,4097999.999
"11726",12106,322171.045,322172.485,4097231.012,4097233,"Silva","NEON_D17_TEAK_DP1_322000_4097000_classified_point_cloud_colorized.laz","2018_TEAK_3_322000_4097000_image.tif","Tree",1,322000,322999.999,4097000,4097999.999
"11727",12107,322104.028,322111.994,4097227.005,4097237.452,"Silva","NEON_D17_TEAK_DP1_322000_4097000_classified_point_cloud_colorized.laz","2018_TEAK_3_322000_4097000_image.tif","Tree",1,322000,322999.999,4097000,4097999.999
"11728",12108,322200.02,322207.953,4097224.542,4097232.777,"Silva","NEON_D17_TEAK_DP1_322000_4097000_classified_point_cloud_colorized.laz","2018_TEAK_3_322000_4097000_image.tif","Tree",1,322000,322999.999,4097000,4097999.999
"11729",12109,322120.72,322124.432,4097228.059,4097231.985,"Silva","NEON_D17_TEAK_DP1_322000_4097000_classified_point_cloud_colorized.laz","2018_TEAK_3_322000_4097000_image.tif","Tree",1,322000,322999.999,4097000,4097999.999
"11730",12110,322294.662,322303.97,4097224.511,4097230.968,"Silva","NEON_D17_TEAK_DP1_322000_4097000_classified_point_cloud_colorized.laz","2018_TEAK_3_322000_4097000_image.tif","Tree",1,322000,322999.999,4097000,4097999.999
"11731",12111,322180.786,322181.981,4097228.729,4097229.387,"Silva","NEON_D17_TEAK_DP1_322000_4097000_classified_point_cloud_colorized.laz","2018_TEAK_3_322000_4097000_image.tif","Tree",1,322000,322999.999,4097000,4097999.999
"11732",12112,322151.319,322160.7,4097221.506,4097232.785,"Silva","NEON_D17_TEAK_DP1_322000_4097000_classified_point_cloud_colorized.laz","2018_TEAK_3_322000_4097000_image.tif","Tree",1,322000,322999.999,4097000,4097999.999
"11733",12113,322112.081,322117.963,4097224.06,4097231.93,"Silva","NEON_D17_TEAK_DP1_322000_4097000_classified_point_cloud_colorized.laz","2018_TEAK_3_322000_4097000_image.tif","Tree",1,322000,322999.999,4097000,4097999.999
"11734",12115,322247.636,322255.207,4097226.069,4097231.483,"Silva","NEON_D17_TEAK_DP1_322000_4097000_classified_point_cloud_colorized.laz","2018_TEAK_3_322000_4097000_image.tif","Tree",1,322000,322999.999,4097000,4097999.999
"11735",12116,322065.607,322074.885,4097224.503,4097233.42,"Silva","NEON_D17_TEAK_DP1_322000_4097000_classified_point_cloud_colorized.laz","2018_TEAK_3_322000_4097000_image.tif","Tree",1,322000,322999.999,4097000,4097999.999
"11736",12117,322269.449,322273.394,4097224.477,4097229.44,"Silva","NEON_D17_TEAK_DP1_322000_4097000_classified_point_cloud_colorized.laz","2018_TEAK_3_322000_4097000_image.tif","Tree",1,322000,322999.999,4097000,4097999.999
"11737",12118,322280.04,322286.911,4097223.037,4097228.878,"Silva","NEON_D17_TEAK_DP1_322000_4097000_classified_point_cloud_colorized.laz","2018_TEAK_3_322000_4097000_image.tif","Tree",1,322000,322999.999,4097000,4097999.999
"11738",12119,322080.57,322089.986,4097222.004,4097233.49,"Silva","NEON_D17_TEAK_DP1_322000_4097000_classified_point_cloud_colorized.laz","2018_TEAK_3_322000_4097000_image.tif","Tree",1,322000,322999.999,4097000,4097999.999
"11739",12120,322237.549,322246.458,4097219.017,4097225.909,"Silva","NEON_D17_TEAK_DP1_322000_4097000_classified_point_cloud_colorized.laz","2018_TEAK_3_322000_4097000_image.tif","Tree",1,322000,322999.999,4097000,4097999.999
"11740",12121,322157.147,322163.966,4097221.118,4097227.906,"Silva","NEON_D17_TEAK_DP1_322000_4097000_classified_point_cloud_colorized.laz","2018_TEAK_3_322000_4097000_image.tif","Tree",1,322000,322999.999,4097000,4097999.999
"11741",12122,322176.023,322179.499,4097223.867,4097226.37,"Silva","NEON_D17_TEAK_DP1_322000_4097000_classified_point_cloud_colorized.laz","2018_TEAK_3_322000_4097000_image.tif","Tree",1,322000,322999.999,4097000,4097999.999
"11742",12123,322296.087,322304.474,4097219.506,4097226.917,"Silva","NEON_D17_TEAK_DP1_322000_4097000_classified_point_cloud_colorized.laz","2018_TEAK_3_322000_4097000_image.tif","Tree",1,322000,322999.999,4097000,4097999.999
"11743",12124,322219.171,322220.905,4097224.626,4097225.815,"Silva","NEON_D17_TEAK_DP1_322000_4097000_classified_point_cloud_colorized.laz","2018_TEAK_3_322000_4097000_image.tif","Tree",1,322000,322999.999,4097000,4097999.999
"11744",12125,322183.251,322185.454,4097218.763,4097220.972,"Silva","NEON_D17_TEAK_DP1_322000_4097000_classified_point_cloud_colorized.laz","2018_TEAK_3_322000_4097000_image.tif","Tree",1,322000,322999.999,4097000,4097999.999
"11745",12127,322140.046,322141.984,4097220.359,4097225.462,"Silva","NEON_D17_TEAK_DP1_322000_4097000_classified_point_cloud_colorized.laz","2018_TEAK_3_322000_4097000_image.tif","Tree",1,322000,322999.999,4097000,4097999.999
"11746",12128,322291.531,322296.443,4097218.514,4097223.936,"Silva","NEON_D17_TEAK_DP1_322000_4097000_classified_point_cloud_colorized.laz","2018_TEAK_3_322000_4097000_image.tif","Tree",1,322000,322999.999,4097000,4097999.999
"11747",12129,322200.301,322204.821,4097223.043,4097226.367,"Silva","NEON_D17_TEAK_DP1_322000_4097000_classified_point_cloud_colorized.laz","2018_TEAK_3_322000_4097000_image.tif","Tree",1,322000,322999.999,4097000,4097999.999
"11748",12130,322140.038,322151.442,4097215.714,4097225.956,"Silva","NEON_D17_TEAK_DP1_322000_4097000_classified_point_cloud_colorized.laz","2018_TEAK_3_322000_4097000_image.tif","Tree",1,322000,322999.999,4097000,4097999.999
"11749",12132,322050.883,322051.476,4097220.155,4097222.605,"Silva","NEON_D17_TEAK_DP1_322000_4097000_classified_point_cloud_colorized.laz","2018_TEAK_3_322000_4097000_image.tif","Tree",1,322000,322999.999,4097000,4097999.999
"11750",12133,322129.001,322131.987,4097217.572,4097220.813,"Silva","NEON_D17_TEAK_DP1_322000_4097000_classified_point_cloud_colorized.laz","2018_TEAK_3_322000_4097000_image.tif","Tree",1,322000,322999.999,4097000,4097999.999
"11751",12134,322154.553,322164.644,4097211.622,4097221.492,"Silva","NEON_D17_TEAK_DP1_322000_4097000_classified_point_cloud_colorized.laz","2018_TEAK_3_322000_4097000_image.tif","Tree",1,322000,322999.999,4097000,4097999.999
"11752",12135,322232.06,322243.48,4097209.193,4097222.865,"Silva","NEON_D17_TEAK_DP1_322000_4097000_classified_point_cloud_colorized.laz","2018_TEAK_3_322000_4097000_image.tif","Tree",1,322000,322999.999,4097000,4097999.999
"11753",12136,322089.782,322096.428,4097214.116,4097220.499,"Silva","NEON_D17_TEAK_DP1_322000_4097000_classified_point_cloud_colorized.laz","2018_TEAK_3_322000_4097000_image.tif","Tree",1,322000,322999.999,4097000,4097999.999
"11754",12137,322109.015,322111.191,4097216.012,4097217.985,"Silva","NEON_D17_TEAK_DP1_322000_4097000_classified_point_cloud_colorized.laz","2018_TEAK_3_322000_4097000_image.tif","Tree",1,322000,322999.999,4097000,4097999.999
"11755",12138,322164.215,322165.992,4097213.263,4097219.757,"Silva","NEON_D17_TEAK_DP1_322000_4097000_classified_point_cloud_colorized.laz","2018_TEAK_3_322000_4097000_image.tif","Tree",1,322000,322999.999,4097000,4097999.999
"11756",12139,322181.278,322191.564,4097210.029,4097220.157,"Silva","NEON_D17_TEAK_DP1_322000_4097000_classified_point_cloud_colorized.laz","2018_TEAK_3_322000_4097000_image.tif","Tree",1,322000,322999.999,4097000,4097999.999
"11757",12140,322207.044,322212.995,4097211.016,4097217.985,"Silva","NEON_D17_TEAK_DP1_322000_4097000_classified_point_cloud_colorized.laz","2018_TEAK_3_322000_4097000_image.tif","Tree",1,322000,322999.999,4097000,4097999.999
"11758",12141,322085.177,322092.449,4097210.517,4097218.329,"Silva","NEON_D17_TEAK_DP1_322000_4097000_classified_point_cloud_colorized.laz","2018_TEAK_3_322000_4097000_image.tif","Tree",1,322000,322999.999,4097000,4097999.999
"11759",12142,322306.019,322312.487,4097211.541,4097217.995,"Silva","NEON_D17_TEAK_DP1_322000_4097000_classified_point_cloud_colorized.laz","2018_TEAK_3_322000_4097000_image.tif","Tree",1,322000,322999.999,4097000,4097999.999
"11760",12143,322105.045,322109.478,4097211.502,4097216.398,"Silva","NEON_D17_TEAK_DP1_322000_4097000_classified_point_cloud_colorized.laz","2018_TEAK_3_322000_4097000_image.tif","Tree",1,322000,322999.999,4097000,4097999.999
"11761",12144,322011.062,322019.932,4097209.615,4097218.958,"Silva","NEON_D17_TEAK_DP1_322000_4097000_classified_point_cloud_colorized.laz","2018_TEAK_3_322000_4097000_image.tif","Tree",1,322000,322999.999,4097000,4097999.999
"11762",12145,322125.02,322128.48,4097211.009,4097215.376,"Silva","NEON_D17_TEAK_DP1_322000_4097000_classified_point_cloud_colorized.laz","2018_TEAK_3_322000_4097000_image.tif","Tree",1,322000,322999.999,4097000,4097999.999
"11763",12146,322281.279,322291.451,4097206.315,4097216.441,"Silva","NEON_D17_TEAK_DP1_322000_4097000_classified_point_cloud_colorized.laz","2018_TEAK_3_322000_4097000_image.tif","Tree",1,322000,322999.999,4097000,4097999.999
"11764",12147,322245.459,322253.477,4097207.54,4097216.88,"Silva","NEON_D17_TEAK_DP1_322000_4097000_classified_point_cloud_colorized.laz","2018_TEAK_3_322000_4097000_image.tif","Tree",1,322000,322999.999,4097000,4097999.999
"11765",12148,322164.055,322173.719,4097206.597,4097212.969,"Silva","NEON_D17_TEAK_DP1_322000_4097000_classified_point_cloud_colorized.laz","2018_TEAK_3_322000_4097000_image.tif","Tree",1,322000,322999.999,4097000,4097999.999
"11766",12149,322141.088,322146.839,4097214.053,4097216.472,"Silva","NEON_D17_TEAK_DP1_322000_4097000_classified_point_cloud_colorized.laz","2018_TEAK_3_322000_4097000_image.tif","Tree",1,322000,322999.999,4097000,4097999.999
"11767",12150,322312.053,322315.821,4097205.553,4097216.442,"Silva","NEON_D17_TEAK_DP1_322000_4097000_classified_point_cloud_colorized.laz","2018_TEAK_3_322000_4097000_image.tif","Tree",1,322000,322999.999,4097000,4097999.999
"11768",12151,322224.59,322234.906,4097207.526,4097214.442,"Silva","NEON_D17_TEAK_DP1_322000_4097000_classified_point_cloud_colorized.laz","2018_TEAK_3_322000_4097000_image.tif","Tree",1,322000,322999.999,4097000,4097999.999
"11769",12152,322183.512,322191.678,4097207.733,4097213.416,"Silva","NEON_D17_TEAK_DP1_322000_4097000_classified_point_cloud_colorized.laz","2018_TEAK_3_322000_4097000_image.tif","Tree",1,322000,322999.999,4097000,4097999.999
"11770",12153,322213.033,322218.459,4097207.04,4097211.417,"Silva","NEON_D17_TEAK_DP1_322000_4097000_classified_point_cloud_colorized.laz","2018_TEAK_3_322000_4097000_image.tif","Tree",1,322000,322999.999,4097000,4097999.999
"11771",12154,322239.243,322247.841,4097205.61,4097215.246,"Silva","NEON_D17_TEAK_DP1_322000_4097000_classified_point_cloud_colorized.laz","2018_TEAK_3_322000_4097000_image.tif","Tree",1,322000,322999.999,4097000,4097999.999
"11772",12156,322133.178,322136.475,4097208.196,4097212.467,"Silva","NEON_D17_TEAK_DP1_322000_4097000_classified_point_cloud_colorized.laz","2018_TEAK_3_322000_4097000_image.tif","Tree",1,322000,322999.999,4097000,4097999.999
"11773",12157,322149.53,322153.417,4097207.824,4097211.471,"Silva","NEON_D17_TEAK_DP1_322000_4097000_classified_point_cloud_colorized.laz","2018_TEAK_3_322000_4097000_image.tif","Tree",1,322000,322999.999,4097000,4097999.999
"11774",12158,322252.486,322260.949,4097200.773,4097210.997,"Silva","NEON_D17_TEAK_DP1_322000_4097000_classified_point_cloud_colorized.laz","2018_TEAK_3_322000_4097000_image.tif","Tree",1,322000,322999.999,4097000,4097999.999
"11775",12159,322089.028,322095.413,4097205.664,4097212.762,"Silva","NEON_D17_TEAK_DP1_322000_4097000_classified_point_cloud_colorized.laz","2018_TEAK_3_322000_4097000_image.tif","Tree",1,322000,322999.999,4097000,4097999.999
"11776",12160,322043.019,322050.422,4097206.203,4097212.933,"Silva","NEON_D17_TEAK_DP1_322000_4097000_classified_point_cloud_colorized.laz","2018_TEAK_3_322000_4097000_image.tif","Tree",1,322000,322999.999,4097000,4097999.999
"11777",12161,322055.097,322064.326,4097203.301,4097213.953,"Silva","NEON_D17_TEAK_DP1_322000_4097000_classified_point_cloud_colorized.laz","2018_TEAK_3_322000_4097000_image.tif","Tree",1,322000,322999.999,4097000,4097999.999
"11778",12162,322299.752,322303.847,4097202.537,4097202.83,"Silva","NEON_D17_TEAK_DP1_322000_4097000_classified_point_cloud_colorized.laz","2018_TEAK_3_322000_4097000_image.tif","Tree",1,322000,322999.999,4097000,4097999.999
"11779",12163,322140.032,322142.289,4097206.657,4097209.45,"Silva","NEON_D17_TEAK_DP1_322000_4097000_classified_point_cloud_colorized.laz","2018_TEAK_3_322000_4097000_image.tif","Tree",1,322000,322999.999,4097000,4097999.999
"11780",12164,322001.551,322012.478,4097204.561,4097214.442,"Silva","NEON_D17_TEAK_DP1_322000_4097000_classified_point_cloud_colorized.laz","2018_TEAK_3_322000_4097000_image.tif","Tree",1,322000,322999.999,4097000,4097999.999
"11781",12165,322194.093,322201.9,4097200.105,4097208.193,"Silva","NEON_D17_TEAK_DP1_322000_4097000_classified_point_cloud_colorized.laz","2018_TEAK_3_322000_4097000_image.tif","Tree",1,322000,322999.999,4097000,4097999.999
"11782",12166,322224.72,322232.974,4097200.507,4097207.496,"Silva","NEON_D17_TEAK_DP1_322000_4097000_classified_point_cloud_colorized.laz","2018_TEAK_3_322000_4097000_image.tif","Tree",1,322000,322999.999,4097000,4097999.999
"11783",12167,322247.552,322254.476,4097199.133,4097207.477,"Silva","NEON_D17_TEAK_DP1_322000_4097000_classified_point_cloud_colorized.laz","2018_TEAK_3_322000_4097000_image.tif","Tree",1,322000,322999.999,4097000,4097999.999
"11784",12168,322067.004,322071.491,4097202.704,4097208.806,"Silva","NEON_D17_TEAK_DP1_322000_4097000_classified_point_cloud_colorized.laz","2018_TEAK_3_322000_4097000_image.tif","Tree",1,322000,322999.999,4097000,4097999.999
"11785",12169,322242.601,322248.854,4097197.085,4097206.377,"Silva","NEON_D17_TEAK_DP1_322000_4097000_classified_point_cloud_colorized.laz","2018_TEAK_3_322000_4097000_image.tif","Tree",1,322000,322999.999,4097000,4097999.999
"11786",12170,322305.973,322314.465,4097198.023,4097206.485,"Silva","NEON_D17_TEAK_DP1_322000_4097000_classified_point_cloud_colorized.laz","2018_TEAK_3_322000_4097000_image.tif","Tree",1,322000,322999.999,4097000,4097999.999
"11787",12171,322160.055,322174.653,4097195.231,4097206.333,"Silva","NEON_D17_TEAK_DP1_322000_4097000_classified_point_cloud_colorized.laz","2018_TEAK_3_322000_4097000_image.tif","Tree",1,322000,322999.999,4097000,4097999.999
"11788",12172,322042.381,322050.466,4097199.669,4097206.491,"Silva","NEON_D17_TEAK_DP1_322000_4097000_classified_point_cloud_colorized.laz","2018_TEAK_3_322000_4097000_image.tif","Tree",1,322000,322999.999,4097000,4097999.999
"11789",12173,322010.266,322018.746,4097198.026,4097209.983,"Silva","NEON_D17_TEAK_DP1_322000_4097000_classified_point_cloud_colorized.laz","2018_TEAK_3_322000_4097000_image.tif","Tree",1,322000,322999.999,4097000,4097999.999
"11790",12174,322143.507,322146.924,4097201.524,4097204.477,"Silva","NEON_D17_TEAK_DP1_322000_4097000_classified_point_cloud_colorized.laz","2018_TEAK_3_322000_4097000_image.tif","Tree",1,322000,322999.999,4097000,4097999.999
"11791",12175,322237.251,322245.466,4097195.134,4097205.975,"Silva","NEON_D17_TEAK_DP1_322000_4097000_classified_point_cloud_colorized.laz","2018_TEAK_3_322000_4097000_image.tif","Tree",1,322000,322999.999,4097000,4097999.999
"11792",12176,322135.53,322138.478,4097200.558,4097203.402,"Silva","NEON_D17_TEAK_DP1_322000_4097000_classified_point_cloud_colorized.laz","2018_TEAK_3_322000_4097000_image.tif","Tree",1,322000,322999.999,4097000,4097999.999
"11793",12177,322106.506,322109.8,4097199.006,4097203.5,"Silva","NEON_D17_TEAK_DP1_322000_4097000_classified_point_cloud_colorized.laz","2018_TEAK_3_322000_4097000_image.tif","Tree",1,322000,322999.999,4097000,4097999.999
"11794",12178,322184.202,322190.962,4097198.007,4097203.995,"Silva","NEON_D17_TEAK_DP1_322000_4097000_classified_point_cloud_colorized.laz","2018_TEAK_3_322000_4097000_image.tif","Tree",1,322000,322999.999,4097000,4097999.999
"11795",12179,322223.701,322228.913,4097195.511,4097202.962,"Silva","NEON_D17_TEAK_DP1_322000_4097000_classified_point_cloud_colorized.laz","2018_TEAK_3_322000_4097000_image.tif","Tree",1,322000,322999.999,4097000,4097999.999
"11796",12180,322273.099,322279.442,4097197.014,4097203.308,"Silva","NEON_D17_TEAK_DP1_322000_4097000_classified_point_cloud_colorized.laz","2018_TEAK_3_322000_4097000_image.tif","Tree",1,322000,322999.999,4097000,4097999.999
"11797",12181,322076.383,322085.491,4097196.542,4097205.394,"Silva","NEON_D17_TEAK_DP1_322000_4097000_classified_point_cloud_colorized.laz","2018_TEAK_3_322000_4097000_image.tif","Tree",1,322000,322999.999,4097000,4097999.999
"11798",12182,322062.898,322068.908,4097197.051,4097204.241,"Silva","NEON_D17_TEAK_DP1_322000_4097000_classified_point_cloud_colorized.laz","2018_TEAK_3_322000_4097000_image.tif","Tree",1,322000,322999.999,4097000,4097999.999
"11799",12183,322096.276,322100.984,4097197.025,4097201.692,"Silva","NEON_D17_TEAK_DP1_322000_4097000_classified_point_cloud_colorized.laz","2018_TEAK_3_322000_4097000_image.tif","Tree",1,322000,322999.999,4097000,4097999.999
"11800",12184,322297.017,322305.156,4097193.554,4097202.496,"Silva","NEON_D17_TEAK_DP1_322000_4097000_classified_point_cloud_colorized.laz","2018_TEAK_3_322000_4097000_image.tif","Tree",1,322000,322999.999,4097000,4097999.999
"11801",12185,322177.748,322184.867,4097192.577,4097199.92,"Silva","NEON_D17_TEAK_DP1_322000_4097000_classified_point_cloud_colorized.laz","2018_TEAK_3_322000_4097000_image.tif","Tree",1,322000,322999.999,4097000,4097999.999
"11802",12186,322232.532,322236.667,4097192.023,4097200.151,"Silva","NEON_D17_TEAK_DP1_322000_4097000_classified_point_cloud_colorized.laz","2018_TEAK_3_322000_4097000_image.tif","Tree",1,322000,322999.999,4097000,4097999.999
"11803",12187,322205.131,322206.918,4097195.101,4097197.476,"Silva","NEON_D17_TEAK_DP1_322000_4097000_classified_point_cloud_colorized.laz","2018_TEAK_3_322000_4097000_image.tif","Tree",1,322000,322999.999,4097000,4097999.999
"11804",12188,322226.006,322232.912,4097192.039,4097200.715,"Silva","NEON_D17_TEAK_DP1_322000_4097000_classified_point_cloud_colorized.laz","2018_TEAK_3_322000_4097000_image.tif","Tree",1,322000,322999.999,4097000,4097999.999
"11805",12189,322147.521,322154.928,4097192.509,4097199.483,"Silva","NEON_D17_TEAK_DP1_322000_4097000_classified_point_cloud_colorized.laz","2018_TEAK_3_322000_4097000_image.tif","Tree",1,322000,322999.999,4097000,4097999.999
"11806",12190,322169.581,322177.953,4097193.156,4097201.401,"Silva","NEON_D17_TEAK_DP1_322000_4097000_classified_point_cloud_colorized.laz","2018_TEAK_3_322000_4097000_image.tif","Tree",1,322000,322999.999,4097000,4097999.999
"11807",12191,322065.537,322072.98,4097191.577,4097199.34,"Silva","NEON_D17_TEAK_DP1_322000_4097000_classified_point_cloud_colorized.laz","2018_TEAK_3_322000_4097000_image.tif","Tree",1,322000,322999.999,4097000,4097999.999
"11808",12192,322196.186,322198.482,4097194.54,4097198.93,"Silva","NEON_D17_TEAK_DP1_322000_4097000_classified_point_cloud_colorized.laz","2018_TEAK_3_322000_4097000_image.tif","Tree",1,322000,322999.999,4097000,4097999.999
"11809",12193,322015.168,322024.462,4097191.845,4097200.467,"Silva","NEON_D17_TEAK_DP1_322000_4097000_classified_point_cloud_colorized.laz","2018_TEAK_3_322000_4097000_image.tif","Tree",1,322000,322999.999,4097000,4097999.999
"11810",12194,322252.616,322257.275,4097197.025,4097200.405,"Silva","NEON_D17_TEAK_DP1_322000_4097000_classified_point_cloud_colorized.laz","2018_TEAK_3_322000_4097000_image.tif","Tree",1,322000,322999.999,4097000,4097999.999
"11811",12195,322051.207,322056.637,4097191.584,4097197.482,"Silva","NEON_D17_TEAK_DP1_322000_4097000_classified_point_cloud_colorized.laz","2018_TEAK_3_322000_4097000_image.tif","Tree",1,322000,322999.999,4097000,4097999.999
"11812",12196,322107.785,322112.48,4097190.539,4097195.327,"Silva","NEON_D17_TEAK_DP1_322000_4097000_classified_point_cloud_colorized.laz","2018_TEAK_3_322000_4097000_image.tif","Tree",1,322000,322999.999,4097000,4097999.999
"11813",12197,322248.127,322252.524,4097194.781,4097198.923,"Silva","NEON_D17_TEAK_DP1_322000_4097000_classified_point_cloud_colorized.laz","2018_TEAK_3_322000_4097000_image.tif","Tree",1,322000,322999.999,4097000,4097999.999
"11814",12198,322260.952,322261.381,4097192.195,4097192.466,"Silva","NEON_D17_TEAK_DP1_322000_4097000_classified_point_cloud_colorized.laz","2018_TEAK_3_322000_4097000_image.tif","Tree",1,322000,322999.999,4097000,4097999.999
"11815",12199,322302.712,322303.901,4097194.064,4097195.304,"Silva","NEON_D17_TEAK_DP1_322000_4097000_classified_point_cloud_colorized.laz","2018_TEAK_3_322000_4097000_image.tif","Tree",1,322000,322999.999,4097000,4097999.999
"11816",12200,322221.642,322228.778,4097184.864,4097195.153,"Silva","NEON_D17_TEAK_DP1_322000_4097000_classified_point_cloud_colorized.laz","2018_TEAK_3_322000_4097000_image.tif","Tree",1,322000,322999.999,4097000,4097999.999
"11817",12201,322274.53,322276.997,4097189.068,4097192.421,"Silva","NEON_D17_TEAK_DP1_322000_4097000_classified_point_cloud_colorized.laz","2018_TEAK_3_322000_4097000_image.tif","Tree",1,322000,322999.999,4097000,4097999.999
"11818",12202,322244.106,322251.362,4097184.522,4097195.817,"Silva","NEON_D17_TEAK_DP1_322000_4097000_classified_point_cloud_colorized.laz","2018_TEAK_3_322000_4097000_image.tif","Tree",1,322000,322999.999,4097000,4097999.999
"11819",12203,322162.003,322165.685,4097194.036,4097196.825,"Silva","NEON_D17_TEAK_DP1_322000_4097000_classified_point_cloud_colorized.laz","2018_TEAK_3_322000_4097000_image.tif","Tree",1,322000,322999.999,4097000,4097999.999
"11820",12204,322127.344,322128.726,4097189.587,4097191.498,"Silva","NEON_D17_TEAK_DP1_322000_4097000_classified_point_cloud_colorized.laz","2018_TEAK_3_322000_4097000_image.tif","Tree",1,322000,322999.999,4097000,4097999.999
"11821",12205,322083.088,322086.863,4097188.49,4097192.916,"Silva","NEON_D17_TEAK_DP1_322000_4097000_classified_point_cloud_colorized.laz","2018_TEAK_3_322000_4097000_image.tif","Tree",1,322000,322999.999,4097000,4097999.999
"11822",12206,322061.067,322070.496,4097186.059,4097194.895,"Silva","NEON_D17_TEAK_DP1_322000_4097000_classified_point_cloud_colorized.laz","2018_TEAK_3_322000_4097000_image.tif","Tree",1,322000,322999.999,4097000,4097999.999
"11823",12207,322174.633,322181.738,4097185.412,4097191.313,"Silva","NEON_D17_TEAK_DP1_322000_4097000_classified_point_cloud_colorized.laz","2018_TEAK_3_322000_4097000_image.tif","Tree",1,322000,322999.999,4097000,4097999.999
"11824",12208,322293.154,322300.476,4097186.501,4097191.467,"Silva","NEON_D17_TEAK_DP1_322000_4097000_classified_point_cloud_colorized.laz","2018_TEAK_3_322000_4097000_image.tif","Tree",1,322000,322999.999,4097000,4097999.999
"11825",12209,322042.62,322047.388,4097187.669,4097192.922,"Silva","NEON_D17_TEAK_DP1_322000_4097000_classified_point_cloud_colorized.laz","2018_TEAK_3_322000_4097000_image.tif","Tree",1,322000,322999.999,4097000,4097999.999
"11826",12210,322141.004,322150.964,4097182.087,4097191.464,"Silva","NEON_D17_TEAK_DP1_322000_4097000_classified_point_cloud_colorized.laz","2018_TEAK_3_322000_4097000_image.tif","Tree",1,322000,322999.999,4097000,4097999.999
"11827",12211,322118.002,322123.467,4097186.531,4097190.951,"Silva","NEON_D17_TEAK_DP1_322000_4097000_classified_point_cloud_colorized.laz","2018_TEAK_3_322000_4097000_image.tif","Tree",1,322000,322999.999,4097000,4097999.999
"11828",12212,322197.505,322206.493,4097180.004,4097189.238,"Silva","NEON_D17_TEAK_DP1_322000_4097000_classified_point_cloud_colorized.laz","2018_TEAK_3_322000_4097000_image.tif","Tree",1,322000,322999.999,4097000,4097999.999
"11829",12213,322237.508,322243.894,4097183.937,4097189.497,"Silva","NEON_D17_TEAK_DP1_322000_4097000_classified_point_cloud_colorized.laz","2018_TEAK_3_322000_4097000_image.tif","Tree",1,322000,322999.999,4097000,4097999.999
"11830",12214,322286.608,322293.951,4097182.504,4097190.483,"Silva","NEON_D17_TEAK_DP1_322000_4097000_classified_point_cloud_colorized.laz","2018_TEAK_3_322000_4097000_image.tif","Tree",1,322000,322999.999,4097000,4097999.999
"11831",12215,322269.571,322270.25,4097184.018,4097184.593,"Silva","NEON_D17_TEAK_DP1_322000_4097000_classified_point_cloud_colorized.laz","2018_TEAK_3_322000_4097000_image.tif","Tree",1,322000,322999.999,4097000,4097999.999
"11832",12216,322304.068,322309.357,4097180.775,4097187,"Silva","NEON_D17_TEAK_DP1_322000_4097000_classified_point_cloud_colorized.laz","2018_TEAK_3_322000_4097000_image.tif","Tree",1,322000,322999.999,4097000,4097999.999
"11833",12217,322255.502,322257.996,4097180.512,4097183.978,"Silva","NEON_D17_TEAK_DP1_322000_4097000_classified_point_cloud_colorized.laz","2018_TEAK_3_322000_4097000_image.tif","Tree",1,322000,322999.999,4097000,4097999.999
"11834",12218,322280.536,322285.487,4097179.038,4097183.485,"Silva","NEON_D17_TEAK_DP1_322000_4097000_classified_point_cloud_colorized.laz","2018_TEAK_3_322000_4097000_image.tif","Tree",1,322000,322999.999,4097000,4097999.999
"11835",12219,322134.039,322141.611,4097175.701,4097185.712,"Silva","NEON_D17_TEAK_DP1_322000_4097000_classified_point_cloud_colorized.laz","2018_TEAK_3_322000_4097000_image.tif","Tree",1,322000,322999.999,4097000,4097999.999
"11836",12220,322176.593,322185.427,4097179.012,4097185.403,"Silva","NEON_D17_TEAK_DP1_322000_4097000_classified_point_cloud_colorized.laz","2018_TEAK_3_322000_4097000_image.tif","Tree",1,322000,322999.999,4097000,4097999.999
"11837",12221,322187.51,322191.447,4097179.051,4097183.655,"Silva","NEON_D17_TEAK_DP1_322000_4097000_classified_point_cloud_colorized.laz","2018_TEAK_3_322000_4097000_image.tif","Tree",1,322000,322999.999,4097000,4097999.999
"11838",12222,322197.54,322197.917,4097182.787,4097183.314,"Silva","NEON_D17_TEAK_DP1_322000_4097000_classified_point_cloud_colorized.laz","2018_TEAK_3_322000_4097000_image.tif","Tree",1,322000,322999.999,4097000,4097999.999
"11839",12223,322095.84,322103.397,4097174.572,4097184.873,"Silva","NEON_D17_TEAK_DP1_322000_4097000_classified_point_cloud_colorized.laz","2018_TEAK_3_322000_4097000_image.tif","Tree",1,322000,322999.999,4097000,4097999.999
"11840",12225,322293.526,322301.376,4097175.036,4097182.451,"Silva","NEON_D17_TEAK_DP1_322000_4097000_classified_point_cloud_colorized.laz","2018_TEAK_3_322000_4097000_image.tif","Tree",1,322000,322999.999,4097000,4097999.999
"11841",12226,322118.809,322125.346,4097176.545,4097183.497,"Silva","NEON_D17_TEAK_DP1_322000_4097000_classified_point_cloud_colorized.laz","2018_TEAK_3_322000_4097000_image.tif","Tree",1,322000,322999.999,4097000,4097999.999
"11842",12227,322261.07,322262.491,4097177.987,4097180.291,"Silva","NEON_D17_TEAK_DP1_322000_4097000_classified_point_cloud_colorized.laz","2018_TEAK_3_322000_4097000_image.tif","Tree",1,322000,322999.999,4097000,4097999.999
"11843",12228,322218.205,322223.842,4097177.1,4097179.974,"Silva","NEON_D17_TEAK_DP1_322000_4097000_classified_point_cloud_colorized.laz","2018_TEAK_3_322000_4097000_image.tif","Tree",1,322000,322999.999,4097000,4097999.999
"11844",12229,322248.13,322254.992,4097174.038,4097179.899,"Silva","NEON_D17_TEAK_DP1_322000_4097000_classified_point_cloud_colorized.laz","2018_TEAK_3_322000_4097000_image.tif","Tree",1,322000,322999.999,4097000,4097999.999
"11845",12230,322176.222,322185.332,4097173.507,4097178.998,"Silva","NEON_D17_TEAK_DP1_322000_4097000_classified_point_cloud_colorized.laz","2018_TEAK_3_322000_4097000_image.tif","Tree",1,322000,322999.999,4097000,4097999.999
"11846",12231,322058.705,322065.182,4097173.516,4097180.452,"Silva","NEON_D17_TEAK_DP1_322000_4097000_classified_point_cloud_colorized.laz","2018_TEAK_3_322000_4097000_image.tif","Tree",1,322000,322999.999,4097000,4097999.999
"11847",12232,322144.512,322152.99,4097169.027,4097180.838,"Silva","NEON_D17_TEAK_DP1_322000_4097000_classified_point_cloud_colorized.laz","2018_TEAK_3_322000_4097000_image.tif","Tree",1,322000,322999.999,4097000,4097999.999
"11848",12233,322208.63,322220.835,4097169.507,4097179.882,"Silva","NEON_D17_TEAK_DP1_322000_4097000_classified_point_cloud_colorized.laz","2018_TEAK_3_322000_4097000_image.tif","Tree",1,322000,322999.999,4097000,4097999.999
"11849",12234,322031.004,322035.474,4097174.043,4097180.489,"Silva","NEON_D17_TEAK_DP1_322000_4097000_classified_point_cloud_colorized.laz","2018_TEAK_3_322000_4097000_image.tif","Tree",1,322000,322999.999,4097000,4097999.999
"11850",12235,322111.168,322114.434,4097173.548,4097176.913,"Silva","NEON_D17_TEAK_DP1_322000_4097000_classified_point_cloud_colorized.laz","2018_TEAK_3_322000_4097000_image.tif","Tree",1,322000,322999.999,4097000,4097999.999
"11851",12236,322285.665,322292.382,4097168.635,4097176.481,"Silva","NEON_D17_TEAK_DP1_322000_4097000_classified_point_cloud_colorized.laz","2018_TEAK_3_322000_4097000_image.tif","Tree",1,322000,322999.999,4097000,4097999.999
"11852",12237,322269.529,322276.776,4097170.568,4097178.365,"Silva","NEON_D17_TEAK_DP1_322000_4097000_classified_point_cloud_colorized.laz","2018_TEAK_3_322000_4097000_image.tif","Tree",1,322000,322999.999,4097000,4097999.999
"11853",12238,322252.032,322259.419,4097170.502,4097177.255,"Silva","NEON_D17_TEAK_DP1_322000_4097000_classified_point_cloud_colorized.laz","2018_TEAK_3_322000_4097000_image.tif","Tree",1,322000,322999.999,4097000,4097999.999
"11854",12239,322237.342,322244.412,4097171.124,4097175.32,"Silva","NEON_D17_TEAK_DP1_322000_4097000_classified_point_cloud_colorized.laz","2018_TEAK_3_322000_4097000_image.tif","Tree",1,322000,322999.999,4097000,4097999.999
"11855",12240,322215.075,322222.487,4097166.77,4097174.963,"Silva","NEON_D17_TEAK_DP1_322000_4097000_classified_point_cloud_colorized.laz","2018_TEAK_3_322000_4097000_image.tif","Tree",1,322000,322999.999,4097000,4097999.999
"11856",12241,322281.539,322292.352,4097165.503,4097176,"Silva","NEON_D17_TEAK_DP1_322000_4097000_classified_point_cloud_colorized.laz","2018_TEAK_3_322000_4097000_image.tif","Tree",1,322000,322999.999,4097000,4097999.999
"11857",12242,322266.201,322271.809,4097169.234,4097176.944,"Silva","NEON_D17_TEAK_DP1_322000_4097000_classified_point_cloud_colorized.laz","2018_TEAK_3_322000_4097000_image.tif","Tree",1,322000,322999.999,4097000,4097999.999
"11858",12243,322238.039,322245.468,4097167.789,4097173.478,"Silva","NEON_D17_TEAK_DP1_322000_4097000_classified_point_cloud_colorized.laz","2018_TEAK_3_322000_4097000_image.tif","Tree",1,322000,322999.999,4097000,4097999.999
"11859",12244,322226.126,322228.94,4097167.011,4097171.449,"Silva","NEON_D17_TEAK_DP1_322000_4097000_classified_point_cloud_colorized.laz","2018_TEAK_3_322000_4097000_image.tif","Tree",1,322000,322999.999,4097000,4097999.999
"11860",12245,322106.013,322106.568,4097170.656,4097171.282,"Silva","NEON_D17_TEAK_DP1_322000_4097000_classified_point_cloud_colorized.laz","2018_TEAK_3_322000_4097000_image.tif","Tree",1,322000,322999.999,4097000,4097999.999
"11861",12247,322160,322165.996,4097165.516,4097173.238,"Silva","NEON_D17_TEAK_DP1_322000_4097000_classified_point_cloud_colorized.laz","2018_TEAK_3_322000_4097000_image.tif","Tree",1,322000,322999.999,4097000,4097999.999
"11862",12248,322154.011,322159.967,4097164.688,4097172.849,"Silva","NEON_D17_TEAK_DP1_322000_4097000_classified_point_cloud_colorized.laz","2018_TEAK_3_322000_4097000_image.tif","Tree",1,322000,322999.999,4097000,4097999.999
"11863",12250,322017.816,322022.423,4097168.035,4097174.423,"Silva","NEON_D17_TEAK_DP1_322000_4097000_classified_point_cloud_colorized.laz","2018_TEAK_3_322000_4097000_image.tif","Tree",1,322000,322999.999,4097000,4097999.999
"11864",12251,322165.513,322170.204,4097163.183,4097170.39,"Silva","NEON_D17_TEAK_DP1_322000_4097000_classified_point_cloud_colorized.laz","2018_TEAK_3_322000_4097000_image.tif","Tree",1,322000,322999.999,4097000,4097999.999
"11865",12252,322236.025,322242.389,4097165.535,4097171.498,"Silva","NEON_D17_TEAK_DP1_322000_4097000_classified_point_cloud_colorized.laz","2018_TEAK_3_322000_4097000_image.tif","Tree",1,322000,322999.999,4097000,4097999.999
"11866",12253,322276.503,322286.478,4097160.031,4097169.884,"Silva","NEON_D17_TEAK_DP1_322000_4097000_classified_point_cloud_colorized.laz","2018_TEAK_3_322000_4097000_image.tif","Tree",1,322000,322999.999,4097000,4097999.999
"11867",12254,322037.014,322041.559,4097165.044,4097169.998,"Silva","NEON_D17_TEAK_DP1_322000_4097000_classified_point_cloud_colorized.laz","2018_TEAK_3_322000_4097000_image.tif","Tree",1,322000,322999.999,4097000,4097999.999
"11868",12255,322190.575,322197.925,4097160.594,4097169.987,"Silva","NEON_D17_TEAK_DP1_322000_4097000_classified_point_cloud_colorized.laz","2018_TEAK_3_322000_4097000_image.tif","Tree",1,322000,322999.999,4097000,4097999.999
"11869",12256,322208.555,322218.939,4097162.716,4097171.966,"Silva","NEON_D17_TEAK_DP1_322000_4097000_classified_point_cloud_colorized.laz","2018_TEAK_3_322000_4097000_image.tif","Tree",1,322000,322999.999,4097000,4097999.999
"11870",12257,322176.783,322178.975,4097162.743,4097165.644,"Silva","NEON_D17_TEAK_DP1_322000_4097000_classified_point_cloud_colorized.laz","2018_TEAK_3_322000_4097000_image.tif","Tree",1,322000,322999.999,4097000,4097999.999
"11871",12258,322101.643,322103.812,4097164.16,4097166.422,"Silva","NEON_D17_TEAK_DP1_322000_4097000_classified_point_cloud_colorized.laz","2018_TEAK_3_322000_4097000_image.tif","Tree",1,322000,322999.999,4097000,4097999.999
"11872",12259,322284.065,322293.352,4097152.555,4097166.49,"Silva","NEON_D17_TEAK_DP1_322000_4097000_classified_point_cloud_colorized.laz","2018_TEAK_3_322000_4097000_image.tif","Tree",1,322000,322999.999,4097000,4097999.999
"11873",12260,322203.213,322210.315,4097158.638,4097164.972,"Silva","NEON_D17_TEAK_DP1_322000_4097000_classified_point_cloud_colorized.laz","2018_TEAK_3_322000_4097000_image.tif","Tree",1,322000,322999.999,4097000,4097999.999
"11874",12261,322106.513,322111.88,4097159.596,4097165.321,"Silva","NEON_D17_TEAK_DP1_322000_4097000_classified_point_cloud_colorized.laz","2018_TEAK_3_322000_4097000_image.tif","Tree",1,322000,322999.999,4097000,4097999.999
"11875",12262,322073.545,322080.954,4097160.033,4097166.458,"Silva","NEON_D17_TEAK_DP1_322000_4097000_classified_point_cloud_colorized.laz","2018_TEAK_3_322000_4097000_image.tif","Tree",1,322000,322999.999,4097000,4097999.999
"11876",12263,322043.092,322047.865,4097160.608,4097166.435,"Silva","NEON_D17_TEAK_DP1_322000_4097000_classified_point_cloud_colorized.laz","2018_TEAK_3_322000_4097000_image.tif","Tree",1,322000,322999.999,4097000,4097999.999
"11877",12264,322138.003,322141.9,4097160.167,4097164.002,"Silva","NEON_D17_TEAK_DP1_322000_4097000_classified_point_cloud_colorized.laz","2018_TEAK_3_322000_4097000_image.tif","Tree",1,322000,322999.999,4097000,4097999.999
"11878",12266,322056.082,322060.441,4097160.019,4097164.883,"Silva","NEON_D17_TEAK_DP1_322000_4097000_classified_point_cloud_colorized.laz","2018_TEAK_3_322000_4097000_image.tif","Tree",1,322000,322999.999,4097000,4097999.999
"11879",12267,322173.504,322177.987,4097156.501,4097162.026,"Silva","NEON_D17_TEAK_DP1_322000_4097000_classified_point_cloud_colorized.laz","2018_TEAK_3_322000_4097000_image.tif","Tree",1,322000,322999.999,4097000,4097999.999
"11880",12268,322236.999,322240.117,4097156.202,4097159.924,"Silva","NEON_D17_TEAK_DP1_322000_4097000_classified_point_cloud_colorized.laz","2018_TEAK_3_322000_4097000_image.tif","Tree",1,322000,322999.999,4097000,4097999.999
"11881",12269,322161.525,322167.988,4097157.606,4097162.969,"Silva","NEON_D17_TEAK_DP1_322000_4097000_classified_point_cloud_colorized.laz","2018_TEAK_3_322000_4097000_image.tif","Tree",1,322000,322999.999,4097000,4097999.999
"11882",12270,322170.549,322175.422,4097155.689,4097159.496,"Silva","NEON_D17_TEAK_DP1_322000_4097000_classified_point_cloud_colorized.laz","2018_TEAK_3_322000_4097000_image.tif","Tree",1,322000,322999.999,4097000,4097999.999
"11883",12271,322266.147,322271.268,4097153.618,4097159.851,"Silva","NEON_D17_TEAK_DP1_322000_4097000_classified_point_cloud_colorized.laz","2018_TEAK_3_322000_4097000_image.tif","Tree",1,322000,322999.999,4097000,4097999.999
"11884",12272,322141.869,322143.988,4097156.612,4097158.818,"Silva","NEON_D17_TEAK_DP1_322000_4097000_classified_point_cloud_colorized.laz","2018_TEAK_3_322000_4097000_image.tif","Tree",1,322000,322999.999,4097000,4097999.999
"11885",12273,322098.502,322101.9,4097156.117,4097161.461,"Silva","NEON_D17_TEAK_DP1_322000_4097000_classified_point_cloud_colorized.laz","2018_TEAK_3_322000_4097000_image.tif","Tree",1,322000,322999.999,4097000,4097999.999
"11886",12274,322148.05,322154.324,4097152.689,4097160.715,"Silva","NEON_D17_TEAK_DP1_322000_4097000_classified_point_cloud_colorized.laz","2018_TEAK_3_322000_4097000_image.tif","Tree",1,322000,322999.999,4097000,4097999.999
"11887",12275,322209.238,322215.953,4097153.502,4097159.777,"Silva","NEON_D17_TEAK_DP1_322000_4097000_classified_point_cloud_colorized.laz","2018_TEAK_3_322000_4097000_image.tif","Tree",1,322000,322999.999,4097000,4097999.999
"11888",12276,322123.078,322131.331,4097152.592,4097160.983,"Silva","NEON_D17_TEAK_DP1_322000_4097000_classified_point_cloud_colorized.laz","2018_TEAK_3_322000_4097000_image.tif","Tree",1,322000,322999.999,4097000,4097999.999
"11889",12277,322103.258,322107.891,4097154.55,4097159.961,"Silva","NEON_D17_TEAK_DP1_322000_4097000_classified_point_cloud_colorized.laz","2018_TEAK_3_322000_4097000_image.tif","Tree",1,322000,322999.999,4097000,4097999.999
"11890",12278,322137.023,322139.497,4097153.603,4097158.686,"Silva","NEON_D17_TEAK_DP1_322000_4097000_classified_point_cloud_colorized.laz","2018_TEAK_3_322000_4097000_image.tif","Tree",1,322000,322999.999,4097000,4097999.999
"11891",12279,322227.709,322234.472,4097151.033,4097158.391,"Silva","NEON_D17_TEAK_DP1_322000_4097000_classified_point_cloud_colorized.laz","2018_TEAK_3_322000_4097000_image.tif","Tree",1,322000,322999.999,4097000,4097999.999
"11892",12280,322280.077,322287.373,4097154.687,4097159.946,"Silva","NEON_D17_TEAK_DP1_322000_4097000_classified_point_cloud_colorized.laz","2018_TEAK_3_322000_4097000_image.tif","Tree",1,322000,322999.999,4097000,4097999.999
"11893",12281,322271.117,322275.279,4097154.515,4097157.334,"Silva","NEON_D17_TEAK_DP1_322000_4097000_classified_point_cloud_colorized.laz","2018_TEAK_3_322000_4097000_image.tif","Tree",1,322000,322999.999,4097000,4097999.999
"11894",12282,322151.076,322156.91,4097149.597,4097157.258,"Silva","NEON_D17_TEAK_DP1_322000_4097000_classified_point_cloud_colorized.laz","2018_TEAK_3_322000_4097000_image.tif","Tree",1,322000,322999.999,4097000,4097999.999
"11895",12283,322200.562,322205.836,4097151.598,4097155.313,"Silva","NEON_D17_TEAK_DP1_322000_4097000_classified_point_cloud_colorized.laz","2018_TEAK_3_322000_4097000_image.tif","Tree",1,322000,322999.999,4097000,4097999.999
"11896",12284,322165.527,322171.985,4097150.209,4097156.365,"Silva","NEON_D17_TEAK_DP1_322000_4097000_classified_point_cloud_colorized.laz","2018_TEAK_3_322000_4097000_image.tif","Tree",1,322000,322999.999,4097000,4097999.999
"11897",12285,322172.042,322177.311,4097151.239,4097156.487,"Silva","NEON_D17_TEAK_DP1_322000_4097000_classified_point_cloud_colorized.laz","2018_TEAK_3_322000_4097000_image.tif","Tree",1,322000,322999.999,4097000,4097999.999
"11898",12286,322212.079,322219.406,4097149.052,4097156.828,"Silva","NEON_D17_TEAK_DP1_322000_4097000_classified_point_cloud_colorized.laz","2018_TEAK_3_322000_4097000_image.tif","Tree",1,322000,322999.999,4097000,4097999.999
"11899",12287,322156.622,322161.518,4097150.526,4097158.396,"Silva","NEON_D17_TEAK_DP1_322000_4097000_classified_point_cloud_colorized.laz","2018_TEAK_3_322000_4097000_image.tif","Tree",1,322000,322999.999,4097000,4097999.999
"11900",12288,322114.699,322115.961,4097154.13,4097155.082,"Silva","NEON_D17_TEAK_DP1_322000_4097000_classified_point_cloud_colorized.laz","2018_TEAK_3_322000_4097000_image.tif","Tree",1,322000,322999.999,4097000,4097999.999
"11901",12289,322240.077,322246.859,4097148.898,4097155.469,"Silva","NEON_D17_TEAK_DP1_322000_4097000_classified_point_cloud_colorized.laz","2018_TEAK_3_322000_4097000_image.tif","Tree",1,322000,322999.999,4097000,4097999.999
"11902",12290,322223.57,322229.487,4097150.228,4097154.43,"Silva","NEON_D17_TEAK_DP1_322000_4097000_classified_point_cloud_colorized.laz","2018_TEAK_3_322000_4097000_image.tif","Tree",1,322000,322999.999,4097000,4097999.999
"11903",12291,322192.513,322197.485,4097148.509,4097154.947,"Silva","NEON_D17_TEAK_DP1_322000_4097000_classified_point_cloud_colorized.laz","2018_TEAK_3_322000_4097000_image.tif","Tree",1,322000,322999.999,4097000,4097999.999
"11904",12292,322249.729,322257.946,4097147.769,4097153.932,"Silva","NEON_D17_TEAK_DP1_322000_4097000_classified_point_cloud_colorized.laz","2018_TEAK_3_322000_4097000_image.tif","Tree",1,322000,322999.999,4097000,4097999.999
"11905",12293,322182.507,322189.796,4097149.023,4097154.705,"Silva","NEON_D17_TEAK_DP1_322000_4097000_classified_point_cloud_colorized.laz","2018_TEAK_3_322000_4097000_image.tif","Tree",1,322000,322999.999,4097000,4097999.999
"11906",12294,322098.154,322099.309,4097149.013,4097150.347,"Silva","NEON_D17_TEAK_DP1_322000_4097000_classified_point_cloud_colorized.laz","2018_TEAK_3_322000_4097000_image.tif","Tree",1,322000,322999.999,4097000,4097999.999
"11907",12295,322049.216,322054.496,4097150.1,4097155.474,"Silva","NEON_D17_TEAK_DP1_322000_4097000_classified_point_cloud_colorized.laz","2018_TEAK_3_322000_4097000_image.tif","Tree",1,322000,322999.999,4097000,4097999.999
"11908",12296,322098.995,322106.913,4097145.038,4097154.889,"Silva","NEON_D17_TEAK_DP1_322000_4097000_classified_point_cloud_colorized.laz","2018_TEAK_3_322000_4097000_image.tif","Tree",1,322000,322999.999,4097000,4097999.999
"11909",12297,322106.524,322112.793,4097148.054,4097153.977,"Silva","NEON_D17_TEAK_DP1_322000_4097000_classified_point_cloud_colorized.laz","2018_TEAK_3_322000_4097000_image.tif","Tree",1,322000,322999.999,4097000,4097999.999
"11910",12298,322124,322130.991,4097147.026,4097153.825,"Silva","NEON_D17_TEAK_DP1_322000_4097000_classified_point_cloud_colorized.laz","2018_TEAK_3_322000_4097000_image.tif","Tree",1,322000,322999.999,4097000,4097999.999
"11911",12299,322215.073,322221.646,4097146.51,4097154.478,"Silva","NEON_D17_TEAK_DP1_322000_4097000_classified_point_cloud_colorized.laz","2018_TEAK_3_322000_4097000_image.tif","Tree",1,322000,322999.999,4097000,4097999.999
"11912",12300,322267.14,322274.428,4097146.642,4097153.441,"Silva","NEON_D17_TEAK_DP1_322000_4097000_classified_point_cloud_colorized.laz","2018_TEAK_3_322000_4097000_image.tif","Tree",1,322000,322999.999,4097000,4097999.999
"11913",12301,322232.603,322240.149,4097145.635,4097153.398,"Silva","NEON_D17_TEAK_DP1_322000_4097000_classified_point_cloud_colorized.laz","2018_TEAK_3_322000_4097000_image.tif","Tree",1,322000,322999.999,4097000,4097999.999
"11914",12302,322225.554,322231.816,4097146.009,4097151.447,"Silva","NEON_D17_TEAK_DP1_322000_4097000_classified_point_cloud_colorized.laz","2018_TEAK_3_322000_4097000_image.tif","Tree",1,322000,322999.999,4097000,4097999.999
"11915",12303,322201.029,322206.567,4097146.509,4097151.643,"Silva","NEON_D17_TEAK_DP1_322000_4097000_classified_point_cloud_colorized.laz","2018_TEAK_3_322000_4097000_image.tif","Tree",1,322000,322999.999,4097000,4097999.999
"11916",12304,322061.22,322066.277,4097148.388,4097153.991,"Silva","NEON_D17_TEAK_DP1_322000_4097000_classified_point_cloud_colorized.laz","2018_TEAK_3_322000_4097000_image.tif","Tree",1,322000,322999.999,4097000,4097999.999
"11917",12305,322042.092,322046.957,4097148.007,4097153.456,"Silva","NEON_D17_TEAK_DP1_322000_4097000_classified_point_cloud_colorized.laz","2018_TEAK_3_322000_4097000_image.tif","Tree",1,322000,322999.999,4097000,4097999.999
"11918",12306,322179.176,322184.987,4097144.556,4097152.978,"Silva","NEON_D17_TEAK_DP1_322000_4097000_classified_point_cloud_colorized.laz","2018_TEAK_3_322000_4097000_image.tif","Tree",1,322000,322999.999,4097000,4097999.999
"11919",12307,322143.631,322152.444,4097143.781,4097152.486,"Silva","NEON_D17_TEAK_DP1_322000_4097000_classified_point_cloud_colorized.laz","2018_TEAK_3_322000_4097000_image.tif","Tree",1,322000,322999.999,4097000,4097999.999
"11920",12308,322184.515,322188.473,4097143.612,4097149.38,"Silva","NEON_D17_TEAK_DP1_322000_4097000_classified_point_cloud_colorized.laz","2018_TEAK_3_322000_4097000_image.tif","Tree",1,322000,322999.999,4097000,4097999.999
"11921",12309,322241.525,322249.324,4097144.16,4097149.416,"Silva","NEON_D17_TEAK_DP1_322000_4097000_classified_point_cloud_colorized.laz","2018_TEAK_3_322000_4097000_image.tif","Tree",1,322000,322999.999,4097000,4097999.999
"11922",12310,322259.245,322266.948,4097143.566,4097151.64,"Silva","NEON_D17_TEAK_DP1_322000_4097000_classified_point_cloud_colorized.laz","2018_TEAK_3_322000_4097000_image.tif","Tree",1,322000,322999.999,4097000,4097999.999
"11923",12312,322236.068,322243.264,4097140.6,4097148.844,"Silva","NEON_D17_TEAK_DP1_322000_4097000_classified_point_cloud_colorized.laz","2018_TEAK_3_322000_4097000_image.tif","Tree",1,322000,322999.999,4097000,4097999.999
"11924",12313,322159.55,322165.122,4097144.582,4097148.637,"Silva","NEON_D17_TEAK_DP1_322000_4097000_classified_point_cloud_colorized.laz","2018_TEAK_3_322000_4097000_image.tif","Tree",1,322000,322999.999,4097000,4097999.999
"11925",12314,322197.009,322201.063,4097143.149,4097148.495,"Silva","NEON_D17_TEAK_DP1_322000_4097000_classified_point_cloud_colorized.laz","2018_TEAK_3_322000_4097000_image.tif","Tree",1,322000,322999.999,4097000,4097999.999
"11926",12316,322213.039,322220.411,4097141.239,4097147.986,"Silva","NEON_D17_TEAK_DP1_322000_4097000_classified_point_cloud_colorized.laz","2018_TEAK_3_322000_4097000_image.tif","Tree",1,322000,322999.999,4097000,4097999.999
"11927",12317,322206.61,322212.243,4097142.143,4097148.431,"Silva","NEON_D17_TEAK_DP1_322000_4097000_classified_point_cloud_colorized.laz","2018_TEAK_3_322000_4097000_image.tif","Tree",1,322000,322999.999,4097000,4097999.999
"11928",12319,322057.561,322063.494,4097144.084,4097149.773,"Silva","NEON_D17_TEAK_DP1_322000_4097000_classified_point_cloud_colorized.laz","2018_TEAK_3_322000_4097000_image.tif","Tree",1,322000,322999.999,4097000,4097999.999
"11929",12320,322262.239,322268.41,4097139.15,4097146.783,"Silva","NEON_D17_TEAK_DP1_322000_4097000_classified_point_cloud_colorized.laz","2018_TEAK_3_322000_4097000_image.tif","Tree",1,322000,322999.999,4097000,4097999.999
"11930",12321,322278.136,322279.447,4097142.56,4097144.483,"Silva","NEON_D17_TEAK_DP1_322000_4097000_classified_point_cloud_colorized.laz","2018_TEAK_3_322000_4097000_image.tif","Tree",1,322000,322999.999,4097000,4097999.999
"11931",12322,322154.642,322159.814,4097141.005,4097146.448,"Silva","NEON_D17_TEAK_DP1_322000_4097000_classified_point_cloud_colorized.laz","2018_TEAK_3_322000_4097000_image.tif","Tree",1,322000,322999.999,4097000,4097999.999
"11932",12323,322253.054,322259.494,4097138.114,4097143.347,"Silva","NEON_D17_TEAK_DP1_322000_4097000_classified_point_cloud_colorized.laz","2018_TEAK_3_322000_4097000_image.tif","Tree",1,322000,322999.999,4097000,4097999.999
"11933",12324,322293.196,322299.355,4097138.536,4097144.856,"Silva","NEON_D17_TEAK_DP1_322000_4097000_classified_point_cloud_colorized.laz","2018_TEAK_3_322000_4097000_image.tif","Tree",1,322000,322999.999,4097000,4097999.999
"11934",12325,322230.002,322236.394,4097140.271,4097145.917,"Silva","NEON_D17_TEAK_DP1_322000_4097000_classified_point_cloud_colorized.laz","2018_TEAK_3_322000_4097000_image.tif","Tree",1,322000,322999.999,4097000,4097999.999
"11935",12326,322148.508,322153.43,4097138.894,4097145.347,"Silva","NEON_D17_TEAK_DP1_322000_4097000_classified_point_cloud_colorized.laz","2018_TEAK_3_322000_4097000_image.tif","Tree",1,322000,322999.999,4097000,4097999.999
"11936",12328,322202.05,322206.957,4097139.026,4097144.841,"Silva","NEON_D17_TEAK_DP1_322000_4097000_classified_point_cloud_colorized.laz","2018_TEAK_3_322000_4097000_image.tif","Tree",1,322000,322999.999,4097000,4097999.999
"11937",12329,322198.201,322199.912,4097140.26,4097142.244,"Silva","NEON_D17_TEAK_DP1_322000_4097000_classified_point_cloud_colorized.laz","2018_TEAK_3_322000_4097000_image.tif","Tree",1,322000,322999.999,4097000,4097999.999
"11938",12330,322246.016,322253.842,4097135.58,4097142.808,"Silva","NEON_D17_TEAK_DP1_322000_4097000_classified_point_cloud_colorized.laz","2018_TEAK_3_322000_4097000_image.tif","Tree",1,322000,322999.999,4097000,4097999.999
"11939",12331,322212.604,322217.901,4097137.603,4097143.93,"Silva","NEON_D17_TEAK_DP1_322000_4097000_classified_point_cloud_colorized.laz","2018_TEAK_3_322000_4097000_image.tif","Tree",1,322000,322999.999,4097000,4097999.999
"11940",12332,322206.502,322212.497,4097137.043,4097143.476,"Silva","NEON_D17_TEAK_DP1_322000_4097000_classified_point_cloud_colorized.laz","2018_TEAK_3_322000_4097000_image.tif","Tree",1,322000,322999.999,4097000,4097999.999
"11941",12333,322097.175,322103.621,4097137.02,4097146.491,"Silva","NEON_D17_TEAK_DP1_322000_4097000_classified_point_cloud_colorized.laz","2018_TEAK_3_322000_4097000_image.tif","Tree",1,322000,322999.999,4097000,4097999.999
"11942",12334,322183.333,322189.953,4097136.004,4097143.154,"Silva","NEON_D17_TEAK_DP1_322000_4097000_classified_point_cloud_colorized.laz","2018_TEAK_3_322000_4097000_image.tif","Tree",1,322000,322999.999,4097000,4097999.999
"11943",12335,322222.764,322226.405,4097137.075,4097141.874,"Silva","NEON_D17_TEAK_DP1_322000_4097000_classified_point_cloud_colorized.laz","2018_TEAK_3_322000_4097000_image.tif","Tree",1,322000,322999.999,4097000,4097999.999
"11944",12336,322303.003,322310.127,4097135.583,4097140.911,"Silva","NEON_D17_TEAK_DP1_322000_4097000_classified_point_cloud_colorized.laz","2018_TEAK_3_322000_4097000_image.tif","Tree",1,322000,322999.999,4097000,4097999.999
"11945",12337,322219.673,322222.996,4097137.668,4097141.902,"Silva","NEON_D17_TEAK_DP1_322000_4097000_classified_point_cloud_colorized.laz","2018_TEAK_3_322000_4097000_image.tif","Tree",1,322000,322999.999,4097000,4097999.999
"11946",12338,322078.092,322087.911,4097136.15,4097144.385,"Silva","NEON_D17_TEAK_DP1_322000_4097000_classified_point_cloud_colorized.laz","2018_TEAK_3_322000_4097000_image.tif","Tree",1,322000,322999.999,4097000,4097999.999
"11947",12339,322154.234,322160.598,4097132.552,4097141.471,"Silva","NEON_D17_TEAK_DP1_322000_4097000_classified_point_cloud_colorized.laz","2018_TEAK_3_322000_4097000_image.tif","Tree",1,322000,322999.999,4097000,4097999.999
"11948",12340,322106.055,322107.953,4097138.62,4097141.894,"Silva","NEON_D17_TEAK_DP1_322000_4097000_classified_point_cloud_colorized.laz","2018_TEAK_3_322000_4097000_image.tif","Tree",1,322000,322999.999,4097000,4097999.999
"11949",12341,322259.126,322266.77,4097131.061,4097139.953,"Silva","NEON_D17_TEAK_DP1_322000_4097000_classified_point_cloud_colorized.laz","2018_TEAK_3_322000_4097000_image.tif","Tree",1,322000,322999.999,4097000,4097999.999
"11950",12342,322191.72,322197.29,4097134.001,4097139.894,"Silva","NEON_D17_TEAK_DP1_322000_4097000_classified_point_cloud_colorized.laz","2018_TEAK_3_322000_4097000_image.tif","Tree",1,322000,322999.999,4097000,4097999.999
"11951",12343,322251.509,322260.271,4097128.299,4097138.957,"Silva","NEON_D17_TEAK_DP1_322000_4097000_classified_point_cloud_colorized.laz","2018_TEAK_3_322000_4097000_image.tif","Tree",1,322000,322999.999,4097000,4097999.999
"11952",12344,322088.657,322094.265,4097135.342,4097140.475,"Silva","NEON_D17_TEAK_DP1_322000_4097000_classified_point_cloud_colorized.laz","2018_TEAK_3_322000_4097000_image.tif","Tree",1,322000,322999.999,4097000,4097999.999
"11953",12345,322229.016,322230.456,4097134.6,4097136.379,"Silva","NEON_D17_TEAK_DP1_322000_4097000_classified_point_cloud_colorized.laz","2018_TEAK_3_322000_4097000_image.tif","Tree",1,322000,322999.999,4097000,4097999.999
"11954",12346,322241.508,322252.405,4097126.526,4097136.399,"Silva","NEON_D17_TEAK_DP1_322000_4097000_classified_point_cloud_colorized.laz","2018_TEAK_3_322000_4097000_image.tif","Tree",1,322000,322999.999,4097000,4097999.999
"11955",12347,322181.5,322191.042,4097127.859,4097136.424,"Silva","NEON_D17_TEAK_DP1_322000_4097000_classified_point_cloud_colorized.laz","2018_TEAK_3_322000_4097000_image.tif","Tree",1,322000,322999.999,4097000,4097999.999
"11956",12348,322132,322134.872,4097131.042,4097135.685,"Silva","NEON_D17_TEAK_DP1_322000_4097000_classified_point_cloud_colorized.laz","2018_TEAK_3_322000_4097000_image.tif","Tree",1,322000,322999.999,4097000,4097999.999
"11957",12349,322161.266,322167.923,4097129.119,4097135.957,"Silva","NEON_D17_TEAK_DP1_322000_4097000_classified_point_cloud_colorized.laz","2018_TEAK_3_322000_4097000_image.tif","Tree",1,322000,322999.999,4097000,4097999.999
"11958",12350,322215.64,322219.979,4097129.528,4097134.002,"Silva","NEON_D17_TEAK_DP1_322000_4097000_classified_point_cloud_colorized.laz","2018_TEAK_3_322000_4097000_image.tif","Tree",1,322000,322999.999,4097000,4097999.999
"11959",12351,322301.635,322308.472,4097126.247,4097135.405,"Silva","NEON_D17_TEAK_DP1_322000_4097000_classified_point_cloud_colorized.laz","2018_TEAK_3_322000_4097000_image.tif","Tree",1,322000,322999.999,4097000,4097999.999
"11960",12352,322098.233,322104.952,4097130.03,4097136.974,"Silva","NEON_D17_TEAK_DP1_322000_4097000_classified_point_cloud_colorized.laz","2018_TEAK_3_322000_4097000_image.tif","Tree",1,322000,322999.999,4097000,4097999.999
"11961",12353,322168.293,322176.495,4097127.072,4097134.493,"Silva","NEON_D17_TEAK_DP1_322000_4097000_classified_point_cloud_colorized.laz","2018_TEAK_3_322000_4097000_image.tif","Tree",1,322000,322999.999,4097000,4097999.999
"11962",12354,322297.007,322304.486,4097125.037,4097131.172,"Silva","NEON_D17_TEAK_DP1_322000_4097000_classified_point_cloud_colorized.laz","2018_TEAK_3_322000_4097000_image.tif","Tree",1,322000,322999.999,4097000,4097999.999
"11963",12355,322227.138,322232.837,4097126.631,4097130.975,"Silva","NEON_D17_TEAK_DP1_322000_4097000_classified_point_cloud_colorized.laz","2018_TEAK_3_322000_4097000_image.tif","Tree",1,322000,322999.999,4097000,4097999.999
"11964",12356,322071.727,322078.467,4097127.982,4097135.303,"Silva","NEON_D17_TEAK_DP1_322000_4097000_classified_point_cloud_colorized.laz","2018_TEAK_3_322000_4097000_image.tif","Tree",1,322000,322999.999,4097000,4097999.999
"11965",12357,322158.178,322166.662,4097125.555,4097132.416,"Silva","NEON_D17_TEAK_DP1_322000_4097000_classified_point_cloud_colorized.laz","2018_TEAK_3_322000_4097000_image.tif","Tree",1,322000,322999.999,4097000,4097999.999
"11966",12358,322148.078,322151.72,4097127.259,4097132.973,"Silva","NEON_D17_TEAK_DP1_322000_4097000_classified_point_cloud_colorized.laz","2018_TEAK_3_322000_4097000_image.tif","Tree",1,322000,322999.999,4097000,4097999.999
"11967",12359,322201.081,322209.917,4097121.51,4097131.721,"Silva","NEON_D17_TEAK_DP1_322000_4097000_classified_point_cloud_colorized.laz","2018_TEAK_3_322000_4097000_image.tif","Tree",1,322000,322999.999,4097000,4097999.999
"11968",12360,322314.552,322317.346,4097129.035,4097130.966,"Silva","NEON_D17_TEAK_DP1_322000_4097000_classified_point_cloud_colorized.laz","2018_TEAK_3_322000_4097000_image.tif","Tree",1,322000,322999.999,4097000,4097999.999
"11969",12361,322138.583,322144.398,4097124.141,4097130.422,"Silva","NEON_D17_TEAK_DP1_322000_4097000_classified_point_cloud_colorized.laz","2018_TEAK_3_322000_4097000_image.tif","Tree",1,322000,322999.999,4097000,4097999.999
"11970",12362,322080.084,322084.92,4097126.103,4097132.5,"Silva","NEON_D17_TEAK_DP1_322000_4097000_classified_point_cloud_colorized.laz","2018_TEAK_3_322000_4097000_image.tif","Tree",1,322000,322999.999,4097000,4097999.999
"11971",12363,322057.63,322058.939,4097128.613,4097130.12,"Silva","NEON_D17_TEAK_DP1_322000_4097000_classified_point_cloud_colorized.laz","2018_TEAK_3_322000_4097000_image.tif","Tree",1,322000,322999.999,4097000,4097999.999
"11972",12364,322226.152,322233.352,4097120.551,4097126.983,"Silva","NEON_D17_TEAK_DP1_322000_4097000_classified_point_cloud_colorized.laz","2018_TEAK_3_322000_4097000_image.tif","Tree",1,322000,322999.999,4097000,4097999.999
"11973",12365,322173.611,322178.992,4097120.611,4097128.972,"Silva","NEON_D17_TEAK_DP1_322000_4097000_classified_point_cloud_colorized.laz","2018_TEAK_3_322000_4097000_image.tif","Tree",1,322000,322999.999,4097000,4097999.999
"11974",12366,322135.336,322137.431,4097121.539,4097124.386,"Silva","NEON_D17_TEAK_DP1_322000_4097000_classified_point_cloud_colorized.laz","2018_TEAK_3_322000_4097000_image.tif","Tree",1,322000,322999.999,4097000,4097999.999
"11975",12367,322168.042,322171.446,4097120.803,4097123.453,"Silva","NEON_D17_TEAK_DP1_322000_4097000_classified_point_cloud_colorized.laz","2018_TEAK_3_322000_4097000_image.tif","Tree",1,322000,322999.999,4097000,4097999.999
"11976",12368,322271.103,322278.214,4097114.056,4097123.132,"Silva","NEON_D17_TEAK_DP1_322000_4097000_classified_point_cloud_colorized.laz","2018_TEAK_3_322000_4097000_image.tif","Tree",1,322000,322999.999,4097000,4097999.999
"11977",12369,322279.003,322284.956,4097118.649,4097124.861,"Silva","NEON_D17_TEAK_DP1_322000_4097000_classified_point_cloud_colorized.laz","2018_TEAK_3_322000_4097000_image.tif","Tree",1,322000,322999.999,4097000,4097999.999
"11978",12370,322228.501,322234.474,4097117.045,4097123.702,"Silva","NEON_D17_TEAK_DP1_322000_4097000_classified_point_cloud_colorized.laz","2018_TEAK_3_322000_4097000_image.tif","Tree",1,322000,322999.999,4097000,4097999.999
"11979",12371,322215.005,322222.446,4097116.583,4097125.944,"Silva","NEON_D17_TEAK_DP1_322000_4097000_classified_point_cloud_colorized.laz","2018_TEAK_3_322000_4097000_image.tif","Tree",1,322000,322999.999,4097000,4097999.999
"11980",12372,322145.53,322145.53,4097122.754,4097122.754,"Silva","NEON_D17_TEAK_DP1_322000_4097000_classified_point_cloud_colorized.laz","2018_TEAK_3_322000_4097000_image.tif","Tree",1,322000,322999.999,4097000,4097999.999
"11981",12373,322036.053,322040.878,4097121.777,4097126.91,"Silva","NEON_D17_TEAK_DP1_322000_4097000_classified_point_cloud_colorized.laz","2018_TEAK_3_322000_4097000_image.tif","Tree",1,322000,322999.999,4097000,4097999.999
"11982",12374,322150.597,322152.267,4097121.072,4097123.321,"Silva","NEON_D17_TEAK_DP1_322000_4097000_classified_point_cloud_colorized.laz","2018_TEAK_3_322000_4097000_image.tif","Tree",1,322000,322999.999,4097000,4097999.999
"11983",12375,322193.362,322199.478,4097113.518,4097124.383,"Silva","NEON_D17_TEAK_DP1_322000_4097000_classified_point_cloud_colorized.laz","2018_TEAK_3_322000_4097000_image.tif","Tree",1,322000,322999.999,4097000,4097999.999
"11984",12376,322165.561,322168.366,4097117.364,4097121.403,"Silva","NEON_D17_TEAK_DP1_322000_4097000_classified_point_cloud_colorized.laz","2018_TEAK_3_322000_4097000_image.tif","Tree",1,322000,322999.999,4097000,4097999.999
"11985",12377,322185.5,322191.383,4097114.71,4097121.791,"Silva","NEON_D17_TEAK_DP1_322000_4097000_classified_point_cloud_colorized.laz","2018_TEAK_3_322000_4097000_image.tif","Tree",1,322000,322999.999,4097000,4097999.999
"11986",12378,322225.05,322230.496,4097113.084,4097120.878,"Silva","NEON_D17_TEAK_DP1_322000_4097000_classified_point_cloud_colorized.laz","2018_TEAK_3_322000_4097000_image.tif","Tree",1,322000,322999.999,4097000,4097999.999
"11987",12379,322090.413,322098.87,4097114.63,4097120.947,"Silva","NEON_D17_TEAK_DP1_322000_4097000_classified_point_cloud_colorized.laz","2018_TEAK_3_322000_4097000_image.tif","Tree",1,322000,322999.999,4097000,4097999.999
"11988",12380,322166.6,322173.468,4097111.524,4097117.982,"Silva","NEON_D17_TEAK_DP1_322000_4097000_classified_point_cloud_colorized.laz","2018_TEAK_3_322000_4097000_image.tif","Tree",1,322000,322999.999,4097000,4097999.999
"11989",12381,322083.578,322089.884,4097114.567,4097121.429,"Silva","NEON_D17_TEAK_DP1_322000_4097000_classified_point_cloud_colorized.laz","2018_TEAK_3_322000_4097000_image.tif","Tree",1,322000,322999.999,4097000,4097999.999
"11990",12382,322300.529,322308.458,4097110.105,4097117.212,"Silva","NEON_D17_TEAK_DP1_322000_4097000_classified_point_cloud_colorized.laz","2018_TEAK_3_322000_4097000_image.tif","Tree",1,322000,322999.999,4097000,4097999.999
"11991",12383,322234.325,322240.479,4097110.088,4097116.916,"Silva","NEON_D17_TEAK_DP1_322000_4097000_classified_point_cloud_colorized.laz","2018_TEAK_3_322000_4097000_image.tif","Tree",1,322000,322999.999,4097000,4097999.999
"11992",12384,322178.563,322183.853,4097110.116,4097116.989,"Silva","NEON_D17_TEAK_DP1_322000_4097000_classified_point_cloud_colorized.laz","2018_TEAK_3_322000_4097000_image.tif","Tree",1,322000,322999.999,4097000,4097999.999
"11993",12386,322050.05,322053.84,4097114.525,4097119.476,"Silva","NEON_D17_TEAK_DP1_322000_4097000_classified_point_cloud_colorized.laz","2018_TEAK_3_322000_4097000_image.tif","Tree",1,322000,322999.999,4097000,4097999.999
"11994",12387,322142.093,322148.986,4097107.592,4097117.484,"Silva","NEON_D17_TEAK_DP1_322000_4097000_classified_point_cloud_colorized.laz","2018_TEAK_3_322000_4097000_image.tif","Tree",1,322000,322999.999,4097000,4097999.999
"11995",12388,322292.605,322300.989,4097105.102,4097113.429,"Silva","NEON_D17_TEAK_DP1_322000_4097000_classified_point_cloud_colorized.laz","2018_TEAK_3_322000_4097000_image.tif","Tree",1,322000,322999.999,4097000,4097999.999
"11996",12389,322078.245,322083.648,4097112.579,4097116.997,"Silva","NEON_D17_TEAK_DP1_322000_4097000_classified_point_cloud_colorized.laz","2018_TEAK_3_322000_4097000_image.tif","Tree",1,322000,322999.999,4097000,4097999.999
"11997",12390,322269.215,322280.73,4097104.092,4097113.926,"Silva","NEON_D17_TEAK_DP1_322000_4097000_classified_point_cloud_colorized.laz","2018_TEAK_3_322000_4097000_image.tif","Tree",1,322000,322999.999,4097000,4097999.999
"11998",12391,322160.512,322168.597,4097107.132,4097115.886,"Silva","NEON_D17_TEAK_DP1_322000_4097000_classified_point_cloud_colorized.laz","2018_TEAK_3_322000_4097000_image.tif","Tree",1,322000,322999.999,4097000,4097999.999
"11999",12392,322037.047,322042.279,4097112.049,4097116.963,"Silva","NEON_D17_TEAK_DP1_322000_4097000_classified_point_cloud_colorized.laz","2018_TEAK_3_322000_4097000_image.tif","Tree",1,322000,322999.999,4097000,4097999.999
"12000",12393,322083.052,322089.194,4097109.503,4097114.971,"Silva","NEON_D17_TEAK_DP1_322000_4097000_classified_point_cloud_colorized.laz","2018_TEAK_3_322000_4097000_image.tif","Tree",1,322000,322999.999,4097000,4097999.999
"12001",12394,322111.812,322120.491,4097107.534,4097115.989,"Silva","NEON_D17_TEAK_DP1_322000_4097000_classified_point_cloud_colorized.laz","2018_TEAK_3_322000_4097000_image.tif","Tree",1,322000,322999.999,4097000,4097999.999
"12002",12395,322071.14,322074.967,4097110.564,4097113.991,"Silva","NEON_D17_TEAK_DP1_322000_4097000_classified_point_cloud_colorized.laz","2018_TEAK_3_322000_4097000_image.tif","Tree",1,322000,322999.999,4097000,4097999.999
"12003",12396,322092.597,322101.008,4097106.068,4097115.466,"Silva","NEON_D17_TEAK_DP1_322000_4097000_classified_point_cloud_colorized.laz","2018_TEAK_3_322000_4097000_image.tif","Tree",1,322000,322999.999,4097000,4097999.999
"12004",12397,322135.586,322143.366,4097106.609,4097112.994,"Silva","NEON_D17_TEAK_DP1_322000_4097000_classified_point_cloud_colorized.laz","2018_TEAK_3_322000_4097000_image.tif","Tree",1,322000,322999.999,4097000,4097999.999
"12005",12398,322227.014,322232.896,4097104.538,4097112.425,"Silva","NEON_D17_TEAK_DP1_322000_4097000_classified_point_cloud_colorized.laz","2018_TEAK_3_322000_4097000_image.tif","Tree",1,322000,322999.999,4097000,4097999.999
"12006",12399,322193.109,322203.895,4097103.877,4097113.488,"Silva","NEON_D17_TEAK_DP1_322000_4097000_classified_point_cloud_colorized.laz","2018_TEAK_3_322000_4097000_image.tif","Tree",1,322000,322999.999,4097000,4097999.999
"12007",12400,322155.527,322162.457,4097105.167,4097112.322,"Silva","NEON_D17_TEAK_DP1_322000_4097000_classified_point_cloud_colorized.laz","2018_TEAK_3_322000_4097000_image.tif","Tree",1,322000,322999.999,4097000,4097999.999
"12008",12401,322169.034,322174.948,4097106.128,4097111.918,"Silva","NEON_D17_TEAK_DP1_322000_4097000_classified_point_cloud_colorized.laz","2018_TEAK_3_322000_4097000_image.tif","Tree",1,322000,322999.999,4097000,4097999.999
"12009",12402,322099.054,322105.439,4097103.508,4097111.705,"Silva","NEON_D17_TEAK_DP1_322000_4097000_classified_point_cloud_colorized.laz","2018_TEAK_3_322000_4097000_image.tif","Tree",1,322000,322999.999,4097000,4097999.999
"12010",12403,322242.671,322249.977,4097099.125,4097107.9,"Silva","NEON_D17_TEAK_DP1_322000_4097000_classified_point_cloud_colorized.laz","2018_TEAK_3_322000_4097000_image.tif","Tree",1,322000,322999.999,4097000,4097999.999
"12011",12404,322253.275,322261.63,4097098.655,4097107.84,"Silva","NEON_D17_TEAK_DP1_322000_4097000_classified_point_cloud_colorized.laz","2018_TEAK_3_322000_4097000_image.tif","Tree",1,322000,322999.999,4097000,4097999.999
"12012",12405,322164.595,322171.927,4097101.087,4097108.767,"Silva","NEON_D17_TEAK_DP1_322000_4097000_classified_point_cloud_colorized.laz","2018_TEAK_3_322000_4097000_image.tif","Tree",1,322000,322999.999,4097000,4097999.999
"12013",12406,322056.183,322056.425,4097107.634,4097107.883,"Silva","NEON_D17_TEAK_DP1_322000_4097000_classified_point_cloud_colorized.laz","2018_TEAK_3_322000_4097000_image.tif","Tree",1,322000,322999.999,4097000,4097999.999
"12014",12407,322217.516,322223.288,4097099.174,4097106.067,"Silva","NEON_D17_TEAK_DP1_322000_4097000_classified_point_cloud_colorized.laz","2018_TEAK_3_322000_4097000_image.tif","Tree",1,322000,322999.999,4097000,4097999.999
"12015",12408,322079.215,322083.836,4097104.219,4097108.483,"Silva","NEON_D17_TEAK_DP1_322000_4097000_classified_point_cloud_colorized.laz","2018_TEAK_3_322000_4097000_image.tif","Tree",1,322000,322999.999,4097000,4097999.999
"12016",12409,322047.173,322051.41,4097104.739,4097107.684,"Silva","NEON_D17_TEAK_DP1_322000_4097000_classified_point_cloud_colorized.laz","2018_TEAK_3_322000_4097000_image.tif","Tree",1,322000,322999.999,4097000,4097999.999
"12017",12410,322110.181,322116.421,4097101.158,4097109.454,"Silva","NEON_D17_TEAK_DP1_322000_4097000_classified_point_cloud_colorized.laz","2018_TEAK_3_322000_4097000_image.tif","Tree",1,322000,322999.999,4097000,4097999.999
"12018",12411,322293.004,322302.65,4097093.343,4097105.435,"Silva","NEON_D17_TEAK_DP1_322000_4097000_classified_point_cloud_colorized.laz","2018_TEAK_3_322000_4097000_image.tif","Tree",1,322000,322999.999,4097000,4097999.999
"12019",12412,322237.541,322244.345,4097098.029,4097104.386,"Silva","NEON_D17_TEAK_DP1_322000_4097000_classified_point_cloud_colorized.laz","2018_TEAK_3_322000_4097000_image.tif","Tree",1,322000,322999.999,4097000,4097999.999
"12020",12413,322324.513,322325.356,4097103.097,4097103.7,"Silva","NEON_D17_TEAK_DP1_322000_4097000_classified_point_cloud_colorized.laz","2018_TEAK_3_322000_4097000_image.tif","Tree",1,322000,322999.999,4097000,4097999.999
"12021",12414,322193.242,322200.487,4097096.116,4097104.487,"Silva","NEON_D17_TEAK_DP1_322000_4097000_classified_point_cloud_colorized.laz","2018_TEAK_3_322000_4097000_image.tif","Tree",1,322000,322999.999,4097000,4097999.999
"12022",12415,322183.392,322187.282,4097096.379,4097104.723,"Silva","NEON_D17_TEAK_DP1_322000_4097000_classified_point_cloud_colorized.laz","2018_TEAK_3_322000_4097000_image.tif","Tree",1,322000,322999.999,4097000,4097999.999
"12023",12416,322084.683,322090.632,4097099.598,4097103.411,"Silva","NEON_D17_TEAK_DP1_322000_4097000_classified_point_cloud_colorized.laz","2018_TEAK_3_322000_4097000_image.tif","Tree",1,322000,322999.999,4097000,4097999.999
"12024",12417,322136.187,322142.491,4097095.522,4097102.381,"Silva","NEON_D17_TEAK_DP1_322000_4097000_classified_point_cloud_colorized.laz","2018_TEAK_3_322000_4097000_image.tif","Tree",1,322000,322999.999,4097000,4097999.999
"12025",12418,322271.029,322279.959,4097089.813,4097100.24,"Silva","NEON_D17_TEAK_DP1_322000_4097000_classified_point_cloud_colorized.laz","2018_TEAK_3_322000_4097000_image.tif","Tree",1,322000,322999.999,4097000,4097999.999
"12026",12419,322034.07,322038.322,4097098.365,4097103.454,"Silva","NEON_D17_TEAK_DP1_322000_4097000_classified_point_cloud_colorized.laz","2018_TEAK_3_322000_4097000_image.tif","Tree",1,322000,322999.999,4097000,4097999.999
"12027",12420,322189.437,322198.282,4097090.404,4097098.389,"Silva","NEON_D17_TEAK_DP1_322000_4097000_classified_point_cloud_colorized.laz","2018_TEAK_3_322000_4097000_image.tif","Tree",1,322000,322999.999,4097000,4097999.999
"12028",12421,322202.641,322208.117,4097092.092,4097098.382,"Silva","NEON_D17_TEAK_DP1_322000_4097000_classified_point_cloud_colorized.laz","2018_TEAK_3_322000_4097000_image.tif","Tree",1,322000,322999.999,4097000,4097999.999
"12029",12422,322040.052,322045.184,4097096.137,4097101.495,"Silva","NEON_D17_TEAK_DP1_322000_4097000_classified_point_cloud_colorized.laz","2018_TEAK_3_322000_4097000_image.tif","Tree",1,322000,322999.999,4097000,4097999.999
"12030",12423,322277.524,322285.271,4097089.555,4097095.628,"Silva","NEON_D17_TEAK_DP1_322000_4097000_classified_point_cloud_colorized.laz","2018_TEAK_3_322000_4097000_image.tif","Tree",1,322000,322999.999,4097000,4097999.999
"12031",12424,322068.001,322071.862,4097095.828,4097099.357,"Silva","NEON_D17_TEAK_DP1_322000_4097000_classified_point_cloud_colorized.laz","2018_TEAK_3_322000_4097000_image.tif","Tree",1,322000,322999.999,4097000,4097999.999
"12032",12425,322181.308,322189.482,4097088.67,4097096.378,"Silva","NEON_D17_TEAK_DP1_322000_4097000_classified_point_cloud_colorized.laz","2018_TEAK_3_322000_4097000_image.tif","Tree",1,322000,322999.999,4097000,4097999.999
"12033",12426,322146.184,322151.535,4097091.289,4097096.984,"Silva","NEON_D17_TEAK_DP1_322000_4097000_classified_point_cloud_colorized.laz","2018_TEAK_3_322000_4097000_image.tif","Tree",1,322000,322999.999,4097000,4097999.999
"12034",12427,322137.036,322143.499,4097090.226,4097096.776,"Silva","NEON_D17_TEAK_DP1_322000_4097000_classified_point_cloud_colorized.laz","2018_TEAK_3_322000_4097000_image.tif","Tree",1,322000,322999.999,4097000,4097999.999
"12035",12428,322061.511,322067.418,4097093.872,4097098.87,"Silva","NEON_D17_TEAK_DP1_322000_4097000_classified_point_cloud_colorized.laz","2018_TEAK_3_322000_4097000_image.tif","Tree",1,322000,322999.999,4097000,4097999.999
"12036",12429,322250.306,322259.483,4097083.045,4097094.489,"Silva","NEON_D17_TEAK_DP1_322000_4097000_classified_point_cloud_colorized.laz","2018_TEAK_3_322000_4097000_image.tif","Tree",1,322000,322999.999,4097000,4097999.999
"12037",12430,322111.034,322116.608,4097090.052,4097096.38,"Silva","NEON_D17_TEAK_DP1_322000_4097000_classified_point_cloud_colorized.laz","2018_TEAK_3_322000_4097000_image.tif","Tree",1,322000,322999.999,4097000,4097999.999
"12038",12431,322276.515,322285.943,4097083.563,4097089.992,"Silva","NEON_D17_TEAK_DP1_322000_4097000_classified_point_cloud_colorized.laz","2018_TEAK_3_322000_4097000_image.tif","Tree",1,322000,322999.999,4097000,4097999.999
"12039",12432,322156.559,322161.915,4097088.671,4097093.965,"Silva","NEON_D17_TEAK_DP1_322000_4097000_classified_point_cloud_colorized.laz","2018_TEAK_3_322000_4097000_image.tif","Tree",1,322000,322999.999,4097000,4097999.999
"12040",12433,322057.474,322062.205,4097091.789,4097096.808,"Silva","NEON_D17_TEAK_DP1_322000_4097000_classified_point_cloud_colorized.laz","2018_TEAK_3_322000_4097000_image.tif","Tree",1,322000,322999.999,4097000,4097999.999
"12041",12434,322045.216,322050.456,4097090.525,4097095.865,"Silva","NEON_D17_TEAK_DP1_322000_4097000_classified_point_cloud_colorized.laz","2018_TEAK_3_322000_4097000_image.tif","Tree",1,322000,322999.999,4097000,4097999.999
"12042",12435,322067.601,322074.296,4097090.656,4097095.407,"Silva","NEON_D17_TEAK_DP1_322000_4097000_classified_point_cloud_colorized.laz","2018_TEAK_3_322000_4097000_image.tif","Tree",1,322000,322999.999,4097000,4097999.999
"12043",12436,322142.582,322148.872,4097088.326,4097093.76,"Silva","NEON_D17_TEAK_DP1_322000_4097000_classified_point_cloud_colorized.laz","2018_TEAK_3_322000_4097000_image.tif","Tree",1,322000,322999.999,4097000,4097999.999
"12044",12437,322151.569,322157.452,4097086.318,4097093.892,"Silva","NEON_D17_TEAK_DP1_322000_4097000_classified_point_cloud_colorized.laz","2018_TEAK_3_322000_4097000_image.tif","Tree",1,322000,322999.999,4097000,4097999.999
"12045",12438,322042.614,322046.23,4097091.052,4097095.945,"Silva","NEON_D17_TEAK_DP1_322000_4097000_classified_point_cloud_colorized.laz","2018_TEAK_3_322000_4097000_image.tif","Tree",1,322000,322999.999,4097000,4097999.999
"12046",12439,322077.52,322081.335,4097089.59,4097093.555,"Silva","NEON_D17_TEAK_DP1_322000_4097000_classified_point_cloud_colorized.laz","2018_TEAK_3_322000_4097000_image.tif","Tree",1,322000,322999.999,4097000,4097999.999
"12047",12440,322297.001,322306.984,4097080.033,4097090.468,"Silva","NEON_D17_TEAK_DP1_322000_4097000_classified_point_cloud_colorized.laz","2018_TEAK_3_322000_4097000_image.tif","Tree",1,322000,322999.999,4097000,4097999.999
"12048",12441,322269.272,322277.322,4097083.523,4097089.479,"Silva","NEON_D17_TEAK_DP1_322000_4097000_classified_point_cloud_colorized.laz","2018_TEAK_3_322000_4097000_image.tif","Tree",1,322000,322999.999,4097000,4097999.999
"12049",12442,322160.09,322168.495,4097086.358,4097090.984,"Silva","NEON_D17_TEAK_DP1_322000_4097000_classified_point_cloud_colorized.laz","2018_TEAK_3_322000_4097000_image.tif","Tree",1,322000,322999.999,4097000,4097999.999
"12050",12443,322065.084,322071.285,4097087.153,4097091.983,"Silva","NEON_D17_TEAK_DP1_322000_4097000_classified_point_cloud_colorized.laz","2018_TEAK_3_322000_4097000_image.tif","Tree",1,322000,322999.999,4097000,4097999.999
"12051",12444,322098.019,322102.331,4097086.017,4097090.891,"Silva","NEON_D17_TEAK_DP1_322000_4097000_classified_point_cloud_colorized.laz","2018_TEAK_3_322000_4097000_image.tif","Tree",1,322000,322999.999,4097000,4097999.999
"12052",12445,322209.511,322215.861,4097080.549,4097087.991,"Silva","NEON_D17_TEAK_DP1_322000_4097000_classified_point_cloud_colorized.laz","2018_TEAK_3_322000_4097000_image.tif","Tree",1,322000,322999.999,4097000,4097999.999
"12053",12446,322241.021,322241.338,4097084.218,4097084.242,"Silva","NEON_D17_TEAK_DP1_322000_4097000_classified_point_cloud_colorized.laz","2018_TEAK_3_322000_4097000_image.tif","Tree",1,322000,322999.999,4097000,4097999.999
"12054",12447,322054.617,322058.495,4097084.054,4097090.411,"Silva","NEON_D17_TEAK_DP1_322000_4097000_classified_point_cloud_colorized.laz","2018_TEAK_3_322000_4097000_image.tif","Tree",1,322000,322999.999,4097000,4097999.999
"12055",12448,322269.856,322275.915,4097080.029,4097083.475,"Silva","NEON_D17_TEAK_DP1_322000_4097000_classified_point_cloud_colorized.laz","2018_TEAK_3_322000_4097000_image.tif","Tree",1,322000,322999.999,4097000,4097999.999
"12056",12449,322314.618,322319.156,4097078.143,4097082.869,"Silva","NEON_D17_TEAK_DP1_322000_4097000_classified_point_cloud_colorized.laz","2018_TEAK_3_322000_4097000_image.tif","Tree",1,322000,322999.999,4097000,4097999.999
"12057",12450,322139.04,322144.981,4097080.807,4097087.396,"Silva","NEON_D17_TEAK_DP1_322000_4097000_classified_point_cloud_colorized.laz","2018_TEAK_3_322000_4097000_image.tif","Tree",1,322000,322999.999,4097000,4097999.999
"12058",12451,322085.518,322089.608,4097084.27,4097088.963,"Silva","NEON_D17_TEAK_DP1_322000_4097000_classified_point_cloud_colorized.laz","2018_TEAK_3_322000_4097000_image.tif","Tree",1,322000,322999.999,4097000,4097999.999
"12059",12452,322074.505,322079.986,4097083.602,4097088.88,"Silva","NEON_D17_TEAK_DP1_322000_4097000_classified_point_cloud_colorized.laz","2018_TEAK_3_322000_4097000_image.tif","Tree",1,322000,322999.999,4097000,4097999.999
"12060",12453,322224.631,322232.991,4097077.573,4097086.406,"Silva","NEON_D17_TEAK_DP1_322000_4097000_classified_point_cloud_colorized.laz","2018_TEAK_3_322000_4097000_image.tif","Tree",1,322000,322999.999,4097000,4097999.999
"12061",12454,322175.627,322180.832,4097077.605,4097084.872,"Silva","NEON_D17_TEAK_DP1_322000_4097000_classified_point_cloud_colorized.laz","2018_TEAK_3_322000_4097000_image.tif","Tree",1,322000,322999.999,4097000,4097999.999
"12062",12455,322120.54,322128.996,4097078.115,4097086.437,"Silva","NEON_D17_TEAK_DP1_322000_4097000_classified_point_cloud_colorized.laz","2018_TEAK_3_322000_4097000_image.tif","Tree",1,322000,322999.999,4097000,4097999.999
"12063",12456,322230.558,322237.91,4097075.004,4097082.989,"Silva","NEON_D17_TEAK_DP1_322000_4097000_classified_point_cloud_colorized.laz","2018_TEAK_3_322000_4097000_image.tif","Tree",1,322000,322999.999,4097000,4097999.999
"12064",12457,322295.568,322302.919,4097072.053,4097080.434,"Silva","NEON_D17_TEAK_DP1_322000_4097000_classified_point_cloud_colorized.laz","2018_TEAK_3_322000_4097000_image.tif","Tree",1,322000,322999.999,4097000,4097999.999
"12065",12458,322031.423,322036.947,4097081.931,4097086.959,"Silva","NEON_D17_TEAK_DP1_322000_4097000_classified_point_cloud_colorized.laz","2018_TEAK_3_322000_4097000_image.tif","Tree",1,322000,322999.999,4097000,4097999.999
"12066",12459,322269.506,322272.393,4097075.678,4097077.595,"Silva","NEON_D17_TEAK_DP1_322000_4097000_classified_point_cloud_colorized.laz","2018_TEAK_3_322000_4097000_image.tif","Tree",1,322000,322999.999,4097000,4097999.999
"12067",12460,322044.82,322050.912,4097079.639,4097085.489,"Silva","NEON_D17_TEAK_DP1_322000_4097000_classified_point_cloud_colorized.laz","2018_TEAK_3_322000_4097000_image.tif","Tree",1,322000,322999.999,4097000,4097999.999
"12068",12461,322127.513,322136.384,4097075.004,4097081.43,"Silva","NEON_D17_TEAK_DP1_322000_4097000_classified_point_cloud_colorized.laz","2018_TEAK_3_322000_4097000_image.tif","Tree",1,322000,322999.999,4097000,4097999.999
"12069",12462,322097.06,322100.96,4097078.528,4097081.453,"Silva","NEON_D17_TEAK_DP1_322000_4097000_classified_point_cloud_colorized.laz","2018_TEAK_3_322000_4097000_image.tif","Tree",1,322000,322999.999,4097000,4097999.999
"12070",12463,322026.016,322029.498,4097080.078,4097083.353,"Silva","NEON_D17_TEAK_DP1_322000_4097000_classified_point_cloud_colorized.laz","2018_TEAK_3_322000_4097000_image.tif","Tree",1,322000,322999.999,4097000,4097999.999
"12071",12464,322067.677,322074.872,4097076.003,4097082.896,"Silva","NEON_D17_TEAK_DP1_322000_4097000_classified_point_cloud_colorized.laz","2018_TEAK_3_322000_4097000_image.tif","Tree",1,322000,322999.999,4097000,4097999.999
"12072",12465,322208.07,322211.924,4097073.101,4097076.958,"Silva","NEON_D17_TEAK_DP1_322000_4097000_classified_point_cloud_colorized.laz","2018_TEAK_3_322000_4097000_image.tif","Tree",1,322000,322999.999,4097000,4097999.999
"12073",12466,322324.87,322329.427,4097069.085,4097076.951,"Silva","NEON_D17_TEAK_DP1_322000_4097000_classified_point_cloud_colorized.laz","2018_TEAK_3_322000_4097000_image.tif","Tree",1,322000,322999.999,4097000,4097999.999
"12074",12467,322300.05,322306.983,4097068.512,4097075.869,"Silva","NEON_D17_TEAK_DP1_322000_4097000_classified_point_cloud_colorized.laz","2018_TEAK_3_322000_4097000_image.tif","Tree",1,322000,322999.999,4097000,4097999.999
"12075",12468,322107.005,322110.474,4097077.347,4097080.726,"Silva","NEON_D17_TEAK_DP1_322000_4097000_classified_point_cloud_colorized.laz","2018_TEAK_3_322000_4097000_image.tif","Tree",1,322000,322999.999,4097000,4097999.999
"12076",12470,322088.126,322093.205,4097075.127,4097080.242,"Silva","NEON_D17_TEAK_DP1_322000_4097000_classified_point_cloud_colorized.laz","2018_TEAK_3_322000_4097000_image.tif","Tree",1,322000,322999.999,4097000,4097999.999
"12077",12471,322261.16,322267.978,4097067.068,4097074.972,"Silva","NEON_D17_TEAK_DP1_322000_4097000_classified_point_cloud_colorized.laz","2018_TEAK_3_322000_4097000_image.tif","Tree",1,322000,322999.999,4097000,4097999.999
"12078",12473,322287.822,322296.657,4097064.734,4097071.382,"Silva","NEON_D17_TEAK_DP1_322000_4097000_classified_point_cloud_colorized.laz","2018_TEAK_3_322000_4097000_image.tif","Tree",1,322000,322999.999,4097000,4097999.999
"12079",12474,322204.5,322211.377,4097068.581,4097072.855,"Silva","NEON_D17_TEAK_DP1_322000_4097000_classified_point_cloud_colorized.laz","2018_TEAK_3_322000_4097000_image.tif","Tree",1,322000,322999.999,4097000,4097999.999
"12080",12475,322161.115,322164.897,4097071.468,4097074.821,"Silva","NEON_D17_TEAK_DP1_322000_4097000_classified_point_cloud_colorized.laz","2018_TEAK_3_322000_4097000_image.tif","Tree",1,322000,322999.999,4097000,4097999.999
"12081",12476,322194.882,322204.466,4097065.116,4097073.946,"Silva","NEON_D17_TEAK_DP1_322000_4097000_classified_point_cloud_colorized.laz","2018_TEAK_3_322000_4097000_image.tif","Tree",1,322000,322999.999,4097000,4097999.999
"12082",12477,322277.302,322287.267,4097062.147,4097070.773,"Silva","NEON_D17_TEAK_DP1_322000_4097000_classified_point_cloud_colorized.laz","2018_TEAK_3_322000_4097000_image.tif","Tree",1,322000,322999.999,4097000,4097999.999
"12083",12478,322254.318,322256.974,4097065.031,4097069.252,"Silva","NEON_D17_TEAK_DP1_322000_4097000_classified_point_cloud_colorized.laz","2018_TEAK_3_322000_4097000_image.tif","Tree",1,322000,322999.999,4097000,4097999.999
"12084",12479,322097.318,322103.683,4097069.515,4097075.857,"Silva","NEON_D17_TEAK_DP1_322000_4097000_classified_point_cloud_colorized.laz","2018_TEAK_3_322000_4097000_image.tif","Tree",1,322000,322999.999,4097000,4097999.999
"12085",12480,322295.731,322301.992,4097059.656,4097068.76,"Silva","NEON_D17_TEAK_DP1_322000_4097000_classified_point_cloud_colorized.laz","2018_TEAK_3_322000_4097000_image.tif","Tree",1,322000,322999.999,4097000,4097999.999
"12086",12481,322301.506,322304.586,4097061.046,4097068.494,"Silva","NEON_D17_TEAK_DP1_322000_4097000_classified_point_cloud_colorized.laz","2018_TEAK_3_322000_4097000_image.tif","Tree",1,322000,322999.999,4097000,4097999.999
"12087",12482,322320.184,322328.765,4097059.509,4097068.888,"Silva","NEON_D17_TEAK_DP1_322000_4097000_classified_point_cloud_colorized.laz","2018_TEAK_3_322000_4097000_image.tif","Tree",1,322000,322999.999,4097000,4097999.999
"12088",12483,322065.504,322068.324,4097071.155,4097074.899,"Silva","NEON_D17_TEAK_DP1_322000_4097000_classified_point_cloud_colorized.laz","2018_TEAK_3_322000_4097000_image.tif","Tree",1,322000,322999.999,4097000,4097999.999
"12089",12484,322204.95,322211.426,4097063.031,4097068.988,"Silva","NEON_D17_TEAK_DP1_322000_4097000_classified_point_cloud_colorized.laz","2018_TEAK_3_322000_4097000_image.tif","Tree",1,322000,322999.999,4097000,4097999.999
"12090",12485,322342.111,322350.824,4097057.129,4097066.996,"Silva","NEON_D17_TEAK_DP1_322000_4097000_classified_point_cloud_colorized.laz","2018_TEAK_3_322000_4097000_image.tif","Tree",1,322000,322999.999,4097000,4097999.999
"12091",12486,322286.549,322295.984,4097057.578,4097064.98,"Silva","NEON_D17_TEAK_DP1_322000_4097000_classified_point_cloud_colorized.laz","2018_TEAK_3_322000_4097000_image.tif","Tree",1,322000,322999.999,4097000,4097999.999
"12092",12487,322209.604,322214.5,4097060.05,4097067.682,"Silva","NEON_D17_TEAK_DP1_322000_4097000_classified_point_cloud_colorized.laz","2018_TEAK_3_322000_4097000_image.tif","Tree",1,322000,322999.999,4097000,4097999.999
"12093",12488,322195.7,322205.729,4097059.178,4097068.37,"Silva","NEON_D17_TEAK_DP1_322000_4097000_classified_point_cloud_colorized.laz","2018_TEAK_3_322000_4097000_image.tif","Tree",1,322000,322999.999,4097000,4097999.999
"12094",12489,322253.006,322257.379,4097058.529,4097062.971,"Silva","NEON_D17_TEAK_DP1_322000_4097000_classified_point_cloud_colorized.laz","2018_TEAK_3_322000_4097000_image.tif","Tree",1,322000,322999.999,4097000,4097999.999
"12095",12490,322235.74,322238.928,4097060.709,4097064.906,"Silva","NEON_D17_TEAK_DP1_322000_4097000_classified_point_cloud_colorized.laz","2018_TEAK_3_322000_4097000_image.tif","Tree",1,322000,322999.999,4097000,4097999.999
"12096",12491,322163.95,322171.464,4097060.524,4097069.459,"Silva","NEON_D17_TEAK_DP1_322000_4097000_classified_point_cloud_colorized.laz","2018_TEAK_3_322000_4097000_image.tif","Tree",1,322000,322999.999,4097000,4097999.999
"12097",12492,322325.821,322334.849,4097055.004,4097063.307,"Silva","NEON_D17_TEAK_DP1_322000_4097000_classified_point_cloud_colorized.laz","2018_TEAK_3_322000_4097000_image.tif","Tree",1,322000,322999.999,4097000,4097999.999
"12098",12493,322053.743,322056.809,4097066.557,4097069.949,"Silva","NEON_D17_TEAK_DP1_322000_4097000_classified_point_cloud_colorized.laz","2018_TEAK_3_322000_4097000_image.tif","Tree",1,322000,322999.999,4097000,4097999.999
"12099",12494,322000.071,322000.937,4097068.301,4097071.407,"Silva","NEON_D17_TEAK_DP1_322000_4097000_classified_point_cloud_colorized.laz","2018_TEAK_3_322000_4097000_image.tif","Tree",1,322000,322999.999,4097000,4097999.999
"12100",12495,322257.526,322265.416,4097054.619,4097063.413,"Silva","NEON_D17_TEAK_DP1_322000_4097000_classified_point_cloud_colorized.laz","2018_TEAK_3_322000_4097000_image.tif","Tree",1,322000,322999.999,4097000,4097999.999
"12101",12496,322132.541,322142.499,4097060.032,4097069.27,"Silva","NEON_D17_TEAK_DP1_322000_4097000_classified_point_cloud_colorized.laz","2018_TEAK_3_322000_4097000_image.tif","Tree",1,322000,322999.999,4097000,4097999.999
"12102",12497,322031.554,322036.325,4097065.07,4097069.461,"Silva","NEON_D17_TEAK_DP1_322000_4097000_classified_point_cloud_colorized.laz","2018_TEAK_3_322000_4097000_image.tif","Tree",1,322000,322999.999,4097000,4097999.999
"12103",12498,322271.545,322281.177,4097053.765,4097060.929,"Silva","NEON_D17_TEAK_DP1_322000_4097000_classified_point_cloud_colorized.laz","2018_TEAK_3_322000_4097000_image.tif","Tree",1,322000,322999.999,4097000,4097999.999
"12104",12499,322340.188,322346.285,4097049.03,4097059.105,"Silva","NEON_D17_TEAK_DP1_322000_4097000_classified_point_cloud_colorized.laz","2018_TEAK_3_322000_4097000_image.tif","Tree",1,322000,322999.999,4097000,4097999.999
"12105",12500,322228.512,322232.94,4097055.791,4097060.993,"Silva","NEON_D17_TEAK_DP1_322000_4097000_classified_point_cloud_colorized.laz","2018_TEAK_3_322000_4097000_image.tif","Tree",1,322000,322999.999,4097000,4097999.999
"12106",12501,322041.208,322044.418,4097064.096,4097067.992,"Silva","NEON_D17_TEAK_DP1_322000_4097000_classified_point_cloud_colorized.laz","2018_TEAK_3_322000_4097000_image.tif","Tree",1,322000,322999.999,4097000,4097999.999
"12107",12502,322075.005,322079.55,4097062.371,4097066.23,"Silva","NEON_D17_TEAK_DP1_322000_4097000_classified_point_cloud_colorized.laz","2018_TEAK_3_322000_4097000_image.tif","Tree",1,322000,322999.999,4097000,4097999.999
"12108",12503,322302.071,322310.938,4097049.166,4097058.926,"Silva","NEON_D17_TEAK_DP1_322000_4097000_classified_point_cloud_colorized.laz","2018_TEAK_3_322000_4097000_image.tif","Tree",1,322000,322999.999,4097000,4097999.999
"12109",12504,322157.026,322162.404,4097057.529,4097063.945,"Silva","NEON_D17_TEAK_DP1_322000_4097000_classified_point_cloud_colorized.laz","2018_TEAK_3_322000_4097000_image.tif","Tree",1,322000,322999.999,4097000,4097999.999
"12110",12505,322103.57,322107.292,4097060.156,4097063.892,"Silva","NEON_D17_TEAK_DP1_322000_4097000_classified_point_cloud_colorized.laz","2018_TEAK_3_322000_4097000_image.tif","Tree",1,322000,322999.999,4097000,4097999.999
"12111",12506,322251.124,322256.269,4097049.555,4097058.43,"Silva","NEON_D17_TEAK_DP1_322000_4097000_classified_point_cloud_colorized.laz","2018_TEAK_3_322000_4097000_image.tif","Tree",1,322000,322999.999,4097000,4097999.999
"12112",12507,322333.758,322341.484,4097049.119,4097056.367,"Silva","NEON_D17_TEAK_DP1_322000_4097000_classified_point_cloud_colorized.laz","2018_TEAK_3_322000_4097000_image.tif","Tree",1,322000,322999.999,4097000,4097999.999
"12113",12508,322285.015,322290.341,4097051.699,4097056.454,"Silva","NEON_D17_TEAK_DP1_322000_4097000_classified_point_cloud_colorized.laz","2018_TEAK_3_322000_4097000_image.tif","Tree",1,322000,322999.999,4097000,4097999.999
"12114",12509,322256.255,322262.52,4097049.699,4097058.937,"Silva","NEON_D17_TEAK_DP1_322000_4097000_classified_point_cloud_colorized.laz","2018_TEAK_3_322000_4097000_image.tif","Tree",1,322000,322999.999,4097000,4097999.999
"12115",12510,322054.675,322058.444,4097060.41,4097064.456,"Silva","NEON_D17_TEAK_DP1_322000_4097000_classified_point_cloud_colorized.laz","2018_TEAK_3_322000_4097000_image.tif","Tree",1,322000,322999.999,4097000,4097999.999
"12116",12511,322218.027,322223.987,4097051.659,4097058.884,"Silva","NEON_D17_TEAK_DP1_322000_4097000_classified_point_cloud_colorized.laz","2018_TEAK_3_322000_4097000_image.tif","Tree",1,322000,322999.999,4097000,4097999.999
"12117",12512,322223.937,322228.498,4097052.609,4097058.481,"Silva","NEON_D17_TEAK_DP1_322000_4097000_classified_point_cloud_colorized.laz","2018_TEAK_3_322000_4097000_image.tif","Tree",1,322000,322999.999,4097000,4097999.999
"12118",12513,322268.628,322277.486,4097050.111,4097056.893,"Silva","NEON_D17_TEAK_DP1_322000_4097000_classified_point_cloud_colorized.laz","2018_TEAK_3_322000_4097000_image.tif","Tree",1,322000,322999.999,4097000,4097999.999
"12119",12514,322326.257,322334.427,4097047.604,4097054.978,"Silva","NEON_D17_TEAK_DP1_322000_4097000_classified_point_cloud_colorized.laz","2018_TEAK_3_322000_4097000_image.tif","Tree",1,322000,322999.999,4097000,4097999.999
"12120",12515,322200.075,322209.525,4097051.583,4097059.898,"Silva","NEON_D17_TEAK_DP1_322000_4097000_classified_point_cloud_colorized.laz","2018_TEAK_3_322000_4097000_image.tif","Tree",1,322000,322999.999,4097000,4097999.999
"12121",12516,322167.072,322176.36,4097050.54,4097061.914,"Silva","NEON_D17_TEAK_DP1_322000_4097000_classified_point_cloud_colorized.laz","2018_TEAK_3_322000_4097000_image.tif","Tree",1,322000,322999.999,4097000,4097999.999
"12122",12517,322090.119,322095.152,4097057.033,4097063.987,"Silva","NEON_D17_TEAK_DP1_322000_4097000_classified_point_cloud_colorized.laz","2018_TEAK_3_322000_4097000_image.tif","Tree",1,322000,322999.999,4097000,4097999.999
"12123",12518,322317.127,322324.259,4097046.567,4097055.123,"Silva","NEON_D17_TEAK_DP1_322000_4097000_classified_point_cloud_colorized.laz","2018_TEAK_3_322000_4097000_image.tif","Tree",1,322000,322999.999,4097000,4097999.999
"12124",12519,322078.769,322082.379,4097059.135,4097063.486,"Silva","NEON_D17_TEAK_DP1_322000_4097000_classified_point_cloud_colorized.laz","2018_TEAK_3_322000_4097000_image.tif","Tree",1,322000,322999.999,4097000,4097999.999
"12125",12520,322323.861,322329.466,4097043.589,4097052.882,"Silva","NEON_D17_TEAK_DP1_322000_4097000_classified_point_cloud_colorized.laz","2018_TEAK_3_322000_4097000_image.tif","Tree",1,322000,322999.999,4097000,4097999.999
"12126",12521,322126.627,322130.841,4097053.563,4097056.857,"Silva","NEON_D17_TEAK_DP1_322000_4097000_classified_point_cloud_colorized.laz","2018_TEAK_3_322000_4097000_image.tif","Tree",1,322000,322999.999,4097000,4097999.999
"12127",12522,322136.09,322144.658,4097051.016,4097057.499,"Silva","NEON_D17_TEAK_DP1_322000_4097000_classified_point_cloud_colorized.laz","2018_TEAK_3_322000_4097000_image.tif","Tree",1,322000,322999.999,4097000,4097999.999
"12128",12523,322152.643,322152.737,4097052.318,4097052.458,"Silva","NEON_D17_TEAK_DP1_322000_4097000_classified_point_cloud_colorized.laz","2018_TEAK_3_322000_4097000_image.tif","Tree",1,322000,322999.999,4097000,4097999.999
"12129",12524,322258.544,322267.373,4097046.001,4097053.493,"Silva","NEON_D17_TEAK_DP1_322000_4097000_classified_point_cloud_colorized.laz","2018_TEAK_3_322000_4097000_image.tif","Tree",1,322000,322999.999,4097000,4097999.999
"12130",12525,322267.505,322274.967,4097043.041,4097052.403,"Silva","NEON_D17_TEAK_DP1_322000_4097000_classified_point_cloud_colorized.laz","2018_TEAK_3_322000_4097000_image.tif","Tree",1,322000,322999.999,4097000,4097999.999
"12131",12526,322294.779,322305.082,4097044.012,4097052.994,"Silva","NEON_D17_TEAK_DP1_322000_4097000_classified_point_cloud_colorized.laz","2018_TEAK_3_322000_4097000_image.tif","Tree",1,322000,322999.999,4097000,4097999.999
"12132",12527,322036.696,322037.732,4097055.903,4097058.655,"Silva","NEON_D17_TEAK_DP1_322000_4097000_classified_point_cloud_colorized.laz","2018_TEAK_3_322000_4097000_image.tif","Tree",1,322000,322999.999,4097000,4097999.999
"12133",12528,322196.058,322203.993,4097047.293,4097055.279,"Silva","NEON_D17_TEAK_DP1_322000_4097000_classified_point_cloud_colorized.laz","2018_TEAK_3_322000_4097000_image.tif","Tree",1,322000,322999.999,4097000,4097999.999
"12134",12529,322272.359,322280.548,4097041.985,4097050.923,"Silva","NEON_D17_TEAK_DP1_322000_4097000_classified_point_cloud_colorized.laz","2018_TEAK_3_322000_4097000_image.tif","Tree",1,322000,322999.999,4097000,4097999.999
"12135",12530,322100.101,322105.466,4097052.567,4097057.463,"Silva","NEON_D17_TEAK_DP1_322000_4097000_classified_point_cloud_colorized.laz","2018_TEAK_3_322000_4097000_image.tif","Tree",1,322000,322999.999,4097000,4097999.999
"12136",12531,322186.021,322191.993,4097046.591,4097053.423,"Silva","NEON_D17_TEAK_DP1_322000_4097000_classified_point_cloud_colorized.laz","2018_TEAK_3_322000_4097000_image.tif","Tree",1,322000,322999.999,4097000,4097999.999
"12137",12532,322061.793,322063.835,4097053.993,4097056.201,"Silva","NEON_D17_TEAK_DP1_322000_4097000_classified_point_cloud_colorized.laz","2018_TEAK_3_322000_4097000_image.tif","Tree",1,322000,322999.999,4097000,4097999.999
"12138",12533,322230.092,322238.345,4097043.581,4097051.238,"Silva","NEON_D17_TEAK_DP1_322000_4097000_classified_point_cloud_colorized.laz","2018_TEAK_3_322000_4097000_image.tif","Tree",1,322000,322999.999,4097000,4097999.999
"12139",12534,322053.51,322055.431,4097052.033,4097054.531,"Silva","NEON_D17_TEAK_DP1_322000_4097000_classified_point_cloud_colorized.laz","2018_TEAK_3_322000_4097000_image.tif","Tree",1,322000,322999.999,4097000,4097999.999
"12140",12535,322328.503,322335.643,4097036.065,4097044.752,"Silva","NEON_D17_TEAK_DP1_322000_4097000_classified_point_cloud_colorized.laz","2018_TEAK_3_322000_4097000_image.tif","Tree",1,322000,322999.999,4097000,4097999.999
"12141",12536,322251.119,322257.949,4097040.005,4097049.447,"Silva","NEON_D17_TEAK_DP1_322000_4097000_classified_point_cloud_colorized.laz","2018_TEAK_3_322000_4097000_image.tif","Tree",1,322000,322999.999,4097000,4097999.999
"12142",12537,322099.192,322104.484,4097049.643,4097053.125,"Silva","NEON_D17_TEAK_DP1_322000_4097000_classified_point_cloud_colorized.laz","2018_TEAK_3_322000_4097000_image.tif","Tree",1,322000,322999.999,4097000,4097999.999
"12143",12538,322068.019,322072.697,4097049.57,4097054.472,"Silva","NEON_D17_TEAK_DP1_322000_4097000_classified_point_cloud_colorized.laz","2018_TEAK_3_322000_4097000_image.tif","Tree",1,322000,322999.999,4097000,4097999.999
"12144",12539,322257.589,322264.679,4097039.02,4097046.417,"Silva","NEON_D17_TEAK_DP1_322000_4097000_classified_point_cloud_colorized.laz","2018_TEAK_3_322000_4097000_image.tif","Tree",1,322000,322999.999,4097000,4097999.999
"12145",12540,322306.085,322311.138,4097038.274,4097043.772,"Silva","NEON_D17_TEAK_DP1_322000_4097000_classified_point_cloud_colorized.laz","2018_TEAK_3_322000_4097000_image.tif","Tree",1,322000,322999.999,4097000,4097999.999
"12146",12541,322229.554,322238.47,4097037.582,4097043.892,"Silva","NEON_D17_TEAK_DP1_322000_4097000_classified_point_cloud_colorized.laz","2018_TEAK_3_322000_4097000_image.tif","Tree",1,322000,322999.999,4097000,4097999.999
"12147",12542,322193.21,322198.431,4097038.062,4097040.497,"Silva","NEON_D17_TEAK_DP1_322000_4097000_classified_point_cloud_colorized.laz","2018_TEAK_3_322000_4097000_image.tif","Tree",1,322000,322999.999,4097000,4097999.999
"12148",12543,322138.558,322146.49,4097040.604,4097047.742,"Silva","NEON_D17_TEAK_DP1_322000_4097000_classified_point_cloud_colorized.laz","2018_TEAK_3_322000_4097000_image.tif","Tree",1,322000,322999.999,4097000,4097999.999
"12149",12544,322083.51,322091.765,4097043.016,4097049.866,"Silva","NEON_D17_TEAK_DP1_322000_4097000_classified_point_cloud_colorized.laz","2018_TEAK_3_322000_4097000_image.tif","Tree",1,322000,322999.999,4097000,4097999.999
"12150",12545,322059.506,322063.776,4097045.583,4097049.494,"Silva","NEON_D17_TEAK_DP1_322000_4097000_classified_point_cloud_colorized.laz","2018_TEAK_3_322000_4097000_image.tif","Tree",1,322000,322999.999,4097000,4097999.999
"12151",12546,322106.427,322115.171,4097040.542,4097048.79,"Silva","NEON_D17_TEAK_DP1_322000_4097000_classified_point_cloud_colorized.laz","2018_TEAK_3_322000_4097000_image.tif","Tree",1,322000,322999.999,4097000,4097999.999
"12152",12547,322163,322170.398,4097038.54,4097046.951,"Silva","NEON_D17_TEAK_DP1_322000_4097000_classified_point_cloud_colorized.laz","2018_TEAK_3_322000_4097000_image.tif","Tree",1,322000,322999.999,4097000,4097999.999
"12153",12548,322204.391,322213.309,4097038.07,4097044.483,"Silva","NEON_D17_TEAK_DP1_322000_4097000_classified_point_cloud_colorized.laz","2018_TEAK_3_322000_4097000_image.tif","Tree",1,322000,322999.999,4097000,4097999.999
"12154",12549,322253.131,322260.969,4097033.562,4097041.382,"Silva","NEON_D17_TEAK_DP1_322000_4097000_classified_point_cloud_colorized.laz","2018_TEAK_3_322000_4097000_image.tif","Tree",1,322000,322999.999,4097000,4097999.999
"12155",12550,322308.593,322312.22,4097034.043,4097039.746,"Silva","NEON_D17_TEAK_DP1_322000_4097000_classified_point_cloud_colorized.laz","2018_TEAK_3_322000_4097000_image.tif","Tree",1,322000,322999.999,4097000,4097999.999
"12156",12551,322271.626,322278.481,4097035.008,4097042.5,"Silva","NEON_D17_TEAK_DP1_322000_4097000_classified_point_cloud_colorized.laz","2018_TEAK_3_322000_4097000_image.tif","Tree",1,322000,322999.999,4097000,4097999.999
"12157",12552,322156.133,322162.985,4097038.552,4097046.462,"Silva","NEON_D17_TEAK_DP1_322000_4097000_classified_point_cloud_colorized.laz","2018_TEAK_3_322000_4097000_image.tif","Tree",1,322000,322999.999,4097000,4097999.999
"12158",12553,322125.021,322128.987,4097041.144,4097046.431,"Silva","NEON_D17_TEAK_DP1_322000_4097000_classified_point_cloud_colorized.laz","2018_TEAK_3_322000_4097000_image.tif","Tree",1,322000,322999.999,4097000,4097999.999
"12159",12554,322293.504,322302.281,4097031.096,4097037.824,"Silva","NEON_D17_TEAK_DP1_322000_4097000_classified_point_cloud_colorized.laz","2018_TEAK_3_322000_4097000_image.tif","Tree",1,322000,322999.999,4097000,4097999.999
"12160",12555,322064.005,322067.949,4097042.506,4097046.481,"Silva","NEON_D17_TEAK_DP1_322000_4097000_classified_point_cloud_colorized.laz","2018_TEAK_3_322000_4097000_image.tif","Tree",1,322000,322999.999,4097000,4097999.999
"12161",12556,322079.513,322085.442,4097041.03,4097046.485,"Silva","NEON_D17_TEAK_DP1_322000_4097000_classified_point_cloud_colorized.laz","2018_TEAK_3_322000_4097000_image.tif","Tree",1,322000,322999.999,4097000,4097999.999
"12162",12557,322331.502,322338.924,4097029.506,4097036.419,"Silva","NEON_D17_TEAK_DP1_322000_4097000_classified_point_cloud_colorized.laz","2018_TEAK_3_322000_4097000_image.tif","Tree",1,322000,322999.999,4097000,4097999.999
"12163",12558,322263.001,322268.982,4097030.947,4097036.654,"Silva","NEON_D17_TEAK_DP1_322000_4097000_classified_point_cloud_colorized.laz","2018_TEAK_3_322000_4097000_image.tif","Tree",1,322000,322999.999,4097000,4097999.999
"12164",12559,322025.616,322026.972,4097043.052,4097044.398,"Silva","NEON_D17_TEAK_DP1_322000_4097000_classified_point_cloud_colorized.laz","2018_TEAK_3_322000_4097000_image.tif","Tree",1,322000,322999.999,4097000,4097999.999
"12165",12560,322229.652,322237.409,4097028.908,4097037.984,"Silva","NEON_D17_TEAK_DP1_322000_4097000_classified_point_cloud_colorized.laz","2018_TEAK_3_322000_4097000_image.tif","Tree",1,322000,322999.999,4097000,4097999.999
"12166",12561,322271.693,322276.329,4097030.236,4097034.992,"Silva","NEON_D17_TEAK_DP1_322000_4097000_classified_point_cloud_colorized.laz","2018_TEAK_3_322000_4097000_image.tif","Tree",1,322000,322999.999,4097000,4097999.999
"12167",12562,322163.38,322171.851,4097032.122,4097040.341,"Silva","NEON_D17_TEAK_DP1_322000_4097000_classified_point_cloud_colorized.laz","2018_TEAK_3_322000_4097000_image.tif","Tree",1,322000,322999.999,4097000,4097999.999
"12168",12563,322150.908,322159.45,4097031.703,4097040.441,"Silva","NEON_D17_TEAK_DP1_322000_4097000_classified_point_cloud_colorized.laz","2018_TEAK_3_322000_4097000_image.tif","Tree",1,322000,322999.999,4097000,4097999.999
"12169",12564,322191.584,322199.484,4097029.106,4097038.474,"Silva","NEON_D17_TEAK_DP1_322000_4097000_classified_point_cloud_colorized.laz","2018_TEAK_3_322000_4097000_image.tif","Tree",1,322000,322999.999,4097000,4097999.999
"12170",12565,322259.005,322268.252,4097026.608,4097032.419,"Silva","NEON_D17_TEAK_DP1_322000_4097000_classified_point_cloud_colorized.laz","2018_TEAK_3_322000_4097000_image.tif","Tree",1,322000,322999.999,4097000,4097999.999
"12171",12566,322109.143,322117.997,4097033.063,4097041.475,"Silva","NEON_D17_TEAK_DP1_322000_4097000_classified_point_cloud_colorized.laz","2018_TEAK_3_322000_4097000_image.tif","Tree",1,322000,322999.999,4097000,4097999.999
"12172",12567,322096.951,322102.886,4097032.671,4097040.342,"Silva","NEON_D17_TEAK_DP1_322000_4097000_classified_point_cloud_colorized.laz","2018_TEAK_3_322000_4097000_image.tif","Tree",1,322000,322999.999,4097000,4097999.999
"12173",12568,322023.23,322024.983,4097039.714,4097041.856,"Silva","NEON_D17_TEAK_DP1_322000_4097000_classified_point_cloud_colorized.laz","2018_TEAK_3_322000_4097000_image.tif","Tree",1,322000,322999.999,4097000,4097999.999
"12174",12569,322223.527,322230.853,4097028.08,4097034.66,"Silva","NEON_D17_TEAK_DP1_322000_4097000_classified_point_cloud_colorized.laz","2018_TEAK_3_322000_4097000_image.tif","Tree",1,322000,322999.999,4097000,4097999.999
"12175",12570,322297.974,322306.22,4097024.509,4097032.961,"Silva","NEON_D17_TEAK_DP1_322000_4097000_classified_point_cloud_colorized.laz","2018_TEAK_3_322000_4097000_image.tif","Tree",1,322000,322999.999,4097000,4097999.999
"12176",12571,322140.166,322146.968,4097032.034,4097039.434,"Silva","NEON_D17_TEAK_DP1_322000_4097000_classified_point_cloud_colorized.laz","2018_TEAK_3_322000_4097000_image.tif","Tree",1,322000,322999.999,4097000,4097999.999
"12177",12572,322065.503,322069.293,4097033.178,4097039.961,"Silva","NEON_D17_TEAK_DP1_322000_4097000_classified_point_cloud_colorized.laz","2018_TEAK_3_322000_4097000_image.tif","Tree",1,322000,322999.999,4097000,4097999.999
"12178",12573,322127.01,322132.778,4097027.652,4097035.955,"Silva","NEON_D17_TEAK_DP1_322000_4097000_classified_point_cloud_colorized.laz","2018_TEAK_3_322000_4097000_image.tif","Tree",1,322000,322999.999,4097000,4097999.999
"12179",12574,322175.138,322183.997,4097027.225,4097035.275,"Silva","NEON_D17_TEAK_DP1_322000_4097000_classified_point_cloud_colorized.laz","2018_TEAK_3_322000_4097000_image.tif","Tree",1,322000,322999.999,4097000,4097999.999
"12180",12575,322263.316,322270.438,4097022.504,4097030.324,"Silva","NEON_D17_TEAK_DP1_322000_4097000_classified_point_cloud_colorized.laz","2018_TEAK_3_322000_4097000_image.tif","Tree",1,322000,322999.999,4097000,4097999.999
"12181",12576,322337.099,322343.982,4097021.681,4097026.932,"Silva","NEON_D17_TEAK_DP1_322000_4097000_classified_point_cloud_colorized.laz","2018_TEAK_3_322000_4097000_image.tif","Tree",1,322000,322999.999,4097000,4097999.999
"12182",12577,322134.201,322141.181,4097028.73,4097035.936,"Silva","NEON_D17_TEAK_DP1_322000_4097000_classified_point_cloud_colorized.laz","2018_TEAK_3_322000_4097000_image.tif","Tree",1,322000,322999.999,4097000,4097999.999
"12183",12578,322161.509,322171.66,4097026.602,4097034.372,"Silva","NEON_D17_TEAK_DP1_322000_4097000_classified_point_cloud_colorized.laz","2018_TEAK_3_322000_4097000_image.tif","Tree",1,322000,322999.999,4097000,4097999.999
"12184",12579,322315.041,322322.975,4097019.291,4097027.452,"Silva","NEON_D17_TEAK_DP1_322000_4097000_classified_point_cloud_colorized.laz","2018_TEAK_3_322000_4097000_image.tif","Tree",1,322000,322999.999,4097000,4097999.999
"12185",12580,322341.532,322349.897,4097018.082,4097026.463,"Silva","NEON_D17_TEAK_DP1_322000_4097000_classified_point_cloud_colorized.laz","2018_TEAK_3_322000_4097000_image.tif","Tree",1,322000,322999.999,4097000,4097999.999
"12186",12581,322255.193,322262.481,4097019.72,4097030,"Silva","NEON_D17_TEAK_DP1_322000_4097000_classified_point_cloud_colorized.laz","2018_TEAK_3_322000_4097000_image.tif","Tree",1,322000,322999.999,4097000,4097999.999
"12187",12582,322140.551,322146.325,4097026.047,4097031.922,"Silva","NEON_D17_TEAK_DP1_322000_4097000_classified_point_cloud_colorized.laz","2018_TEAK_3_322000_4097000_image.tif","Tree",1,322000,322999.999,4097000,4097999.999
"12188",12583,322154.596,322161.98,4097030.085,4097032.471,"Silva","NEON_D17_TEAK_DP1_322000_4097000_classified_point_cloud_colorized.laz","2018_TEAK_3_322000_4097000_image.tif","Tree",1,322000,322999.999,4097000,4097999.999
"12189",12584,322241.057,322245.062,4097023.622,4097024.498,"Silva","NEON_D17_TEAK_DP1_322000_4097000_classified_point_cloud_colorized.laz","2018_TEAK_3_322000_4097000_image.tif","Tree",1,322000,322999.999,4097000,4097999.999
"12190",12585,322261.569,322270.942,4097018.001,4097025.823,"Silva","NEON_D17_TEAK_DP1_322000_4097000_classified_point_cloud_colorized.laz","2018_TEAK_3_322000_4097000_image.tif","Tree",1,322000,322999.999,4097000,4097999.999
"12191",12586,322167.051,322174.478,4097022.568,4097032.218,"Silva","NEON_D17_TEAK_DP1_322000_4097000_classified_point_cloud_colorized.laz","2018_TEAK_3_322000_4097000_image.tif","Tree",1,322000,322999.999,4097000,4097999.999
"12192",12587,322107.18,322113.72,4097026.535,4097033.147,"Silva","NEON_D17_TEAK_DP1_322000_4097000_classified_point_cloud_colorized.laz","2018_TEAK_3_322000_4097000_image.tif","Tree",1,322000,322999.999,4097000,4097999.999
"12193",12588,322152.991,322156.088,4097024.616,4097031.495,"Silva","NEON_D17_TEAK_DP1_322000_4097000_classified_point_cloud_colorized.laz","2018_TEAK_3_322000_4097000_image.tif","Tree",1,322000,322999.999,4097000,4097999.999
"12194",12589,322251.557,322259.889,4097019.01,4097025.83,"Silva","NEON_D17_TEAK_DP1_322000_4097000_classified_point_cloud_colorized.laz","2018_TEAK_3_322000_4097000_image.tif","Tree",1,322000,322999.999,4097000,4097999.999
"12195",12590,322330.081,322334.473,4097017.205,4097021.955,"Silva","NEON_D17_TEAK_DP1_322000_4097000_classified_point_cloud_colorized.laz","2018_TEAK_3_322000_4097000_image.tif","Tree",1,322000,322999.999,4097000,4097999.999
"12196",12591,322112.613,322117.94,4097024.114,4097031.899,"Silva","NEON_D17_TEAK_DP1_322000_4097000_classified_point_cloud_colorized.laz","2018_TEAK_3_322000_4097000_image.tif","Tree",1,322000,322999.999,4097000,4097999.999
"12197",12592,322016.152,322023.825,4097027.831,4097034.873,"Silva","NEON_D17_TEAK_DP1_322000_4097000_classified_point_cloud_colorized.laz","2018_TEAK_3_322000_4097000_image.tif","Tree",1,322000,322999.999,4097000,4097999.999
"12198",12593,322174.044,322181.777,4097021.549,4097028.37,"Silva","NEON_D17_TEAK_DP1_322000_4097000_classified_point_cloud_colorized.laz","2018_TEAK_3_322000_4097000_image.tif","Tree",1,322000,322999.999,4097000,4097999.999
"12199",12594,322342.142,322347.87,4097015.214,4097018.816,"Silva","NEON_D17_TEAK_DP1_322000_4097000_classified_point_cloud_colorized.laz","2018_TEAK_3_322000_4097000_image.tif","Tree",1,322000,322999.999,4097000,4097999.999
"12200",12595,322094.138,322101.766,4097023.708,4097031.303,"Silva","NEON_D17_TEAK_DP1_322000_4097000_classified_point_cloud_colorized.laz","2018_TEAK_3_322000_4097000_image.tif","Tree",1,322000,322999.999,4097000,4097999.999
"12201",12596,322046.512,322051.209,4097027.108,4097031.9,"Silva","NEON_D17_TEAK_DP1_322000_4097000_classified_point_cloud_colorized.laz","2018_TEAK_3_322000_4097000_image.tif","Tree",1,322000,322999.999,4097000,4097999.999
"12202",12597,322128.087,322136.767,4097022.05,4097029.45,"Silva","NEON_D17_TEAK_DP1_322000_4097000_classified_point_cloud_colorized.laz","2018_TEAK_3_322000_4097000_image.tif","Tree",1,322000,322999.999,4097000,4097999.999
"12203",12598,322157.069,322163.834,4097021.018,4097026.845,"Silva","NEON_D17_TEAK_DP1_322000_4097000_classified_point_cloud_colorized.laz","2018_TEAK_3_322000_4097000_image.tif","Tree",1,322000,322999.999,4097000,4097999.999
"12204",12599,322003.005,322003.987,4097029.059,4097031.491,"Silva","NEON_D17_TEAK_DP1_322000_4097000_classified_point_cloud_colorized.laz","2018_TEAK_3_322000_4097000_image.tif","Tree",1,322000,322999.999,4097000,4097999.999
"12205",12600,322116.885,322123.395,4097022.074,4097026.89,"Silva","NEON_D17_TEAK_DP1_322000_4097000_classified_point_cloud_colorized.laz","2018_TEAK_3_322000_4097000_image.tif","Tree",1,322000,322999.999,4097000,4097999.999
"12206",12601,322108.514,322114.964,4097021.535,4097026.905,"Silva","NEON_D17_TEAK_DP1_322000_4097000_classified_point_cloud_colorized.laz","2018_TEAK_3_322000_4097000_image.tif","Tree",1,322000,322999.999,4097000,4097999.999
"12207",12602,322102.06,322108.497,4097021.171,4097027.992,"Silva","NEON_D17_TEAK_DP1_322000_4097000_classified_point_cloud_colorized.laz","2018_TEAK_3_322000_4097000_image.tif","Tree",1,322000,322999.999,4097000,4097999.999
"12208",12603,322071.046,322076.796,4097022.544,4097030.499,"Silva","NEON_D17_TEAK_DP1_322000_4097000_classified_point_cloud_colorized.laz","2018_TEAK_3_322000_4097000_image.tif","Tree",1,322000,322999.999,4097000,4097999.999
"12209",12604,322148.021,322152.95,4097018.503,4097024.86,"Silva","NEON_D17_TEAK_DP1_322000_4097000_classified_point_cloud_colorized.laz","2018_TEAK_3_322000_4097000_image.tif","Tree",1,322000,322999.999,4097000,4097999.999
"12210",12605,322259.598,322269.125,4097010.551,4097019.667,"Silva","NEON_D17_TEAK_DP1_322000_4097000_classified_point_cloud_colorized.laz","2018_TEAK_3_322000_4097000_image.tif","Tree",1,322000,322999.999,4097000,4097999.999
"12211",12606,322252.101,322259.776,4097011.072,4097019,"Silva","NEON_D17_TEAK_DP1_322000_4097000_classified_point_cloud_colorized.laz","2018_TEAK_3_322000_4097000_image.tif","Tree",1,322000,322999.999,4097000,4097999.999
"12212",12607,322017.636,322023.904,4097022.687,4097029.471,"Silva","NEON_D17_TEAK_DP1_322000_4097000_classified_point_cloud_colorized.laz","2018_TEAK_3_322000_4097000_image.tif","Tree",1,322000,322999.999,4097000,4097999.999
"12213",12608,322067.062,322073.916,4097021.572,4097027.303,"Silva","NEON_D17_TEAK_DP1_322000_4097000_classified_point_cloud_colorized.laz","2018_TEAK_3_322000_4097000_image.tif","Tree",1,322000,322999.999,4097000,4097999.999
"12214",12609,322210.533,322212.989,4097016.04,4097018.688,"Silva","NEON_D17_TEAK_DP1_322000_4097000_classified_point_cloud_colorized.laz","2018_TEAK_3_322000_4097000_image.tif","Tree",1,322000,322999.999,4097000,4097999.999
"12215",12610,322119.547,322125.448,4097018.036,4097024.394,"Silva","NEON_D17_TEAK_DP1_322000_4097000_classified_point_cloud_colorized.laz","2018_TEAK_3_322000_4097000_image.tif","Tree",1,322000,322999.999,4097000,4097999.999
"12216",12611,322036.107,322040.46,4097021.536,4097026.89,"Silva","NEON_D17_TEAK_DP1_322000_4097000_classified_point_cloud_colorized.laz","2018_TEAK_3_322000_4097000_image.tif","Tree",1,322000,322999.999,4097000,4097999.999
"12217",12612,322291.075,322298.97,4097012.116,4097017.463,"Silva","NEON_D17_TEAK_DP1_322000_4097000_classified_point_cloud_colorized.laz","2018_TEAK_3_322000_4097000_image.tif","Tree",1,322000,322999.999,4097000,4097999.999
"12218",12613,322051.862,322057.999,4097018.582,4097025.945,"Silva","NEON_D17_TEAK_DP1_322000_4097000_classified_point_cloud_colorized.laz","2018_TEAK_3_322000_4097000_image.tif","Tree",1,322000,322999.999,4097000,4097999.999
"12219",12614,322106.666,322112.899,4097014.548,4097022.123,"Silva","NEON_D17_TEAK_DP1_322000_4097000_classified_point_cloud_colorized.laz","2018_TEAK_3_322000_4097000_image.tif","Tree",1,322000,322999.999,4097000,4097999.999
"12220",12615,322115.003,322120.436,4097016.079,4097022.969,"Silva","NEON_D17_TEAK_DP1_322000_4097000_classified_point_cloud_colorized.laz","2018_TEAK_3_322000_4097000_image.tif","Tree",1,322000,322999.999,4097000,4097999.999
"12221",12616,322166.086,322171.973,4097016.668,4097021.446,"Silva","NEON_D17_TEAK_DP1_322000_4097000_classified_point_cloud_colorized.laz","2018_TEAK_3_322000_4097000_image.tif","Tree",1,322000,322999.999,4097000,4097999.999
"12222",12617,322328.525,322335.961,4097005.641,4097012.497,"Silva","NEON_D17_TEAK_DP1_322000_4097000_classified_point_cloud_colorized.laz","2018_TEAK_3_322000_4097000_image.tif","Tree",1,322000,322999.999,4097000,4097999.999
"12223",12618,322305.074,322313.96,4097004.204,4097013.864,"Silva","NEON_D17_TEAK_DP1_322000_4097000_classified_point_cloud_colorized.laz","2018_TEAK_3_322000_4097000_image.tif","Tree",1,322000,322999.999,4097000,4097999.999
"12224",12619,322093.223,322096.971,4097018.605,4097021.957,"Silva","NEON_D17_TEAK_DP1_322000_4097000_classified_point_cloud_colorized.laz","2018_TEAK_3_322000_4097000_image.tif","Tree",1,322000,322999.999,4097000,4097999.999
"12225",12620,322074.05,322082.353,4097015.525,4097021.995,"Silva","NEON_D17_TEAK_DP1_322000_4097000_classified_point_cloud_colorized.laz","2018_TEAK_3_322000_4097000_image.tif","Tree",1,322000,322999.999,4097000,4097999.999
"12226",12621,322152.549,322158.968,4097013.62,4097018.454,"Silva","NEON_D17_TEAK_DP1_322000_4097000_classified_point_cloud_colorized.laz","2018_TEAK_3_322000_4097000_image.tif","Tree",1,322000,322999.999,4097000,4097999.999
"12227",12622,322277.034,322285.873,4097005.008,4097014.335,"Silva","NEON_D17_TEAK_DP1_322000_4097000_classified_point_cloud_colorized.laz","2018_TEAK_3_322000_4097000_image.tif","Tree",1,322000,322999.999,4097000,4097999.999
"12228",12623,322146.502,322152.459,4097010.507,4097018.972,"Silva","NEON_D17_TEAK_DP1_322000_4097000_classified_point_cloud_colorized.laz","2018_TEAK_3_322000_4097000_image.tif","Tree",1,322000,322999.999,4097000,4097999.999
"12229",12624,322312.517,322321.906,4097000.032,4097008.824,"Silva","NEON_D17_TEAK_DP1_322000_4097000_classified_point_cloud_colorized.laz","2018_TEAK_3_322000_4097000_image.tif","Tree",1,322000,322999.999,4097000,4097999.999
"12230",12625,322192.696,322201.736,4097007.015,4097014.977,"Silva","NEON_D17_TEAK_DP1_322000_4097000_classified_point_cloud_colorized.laz","2018_TEAK_3_322000_4097000_image.tif","Tree",1,322000,322999.999,4097000,4097999.999
"12231",12626,322016.114,322020.99,4097016.179,4097023.704,"Silva","NEON_D17_TEAK_DP1_322000_4097000_classified_point_cloud_colorized.laz","2018_TEAK_3_322000_4097000_image.tif","Tree",1,322000,322999.999,4097000,4097999.999
"12232",12627,322117.846,322126.367,4097010.555,4097018.397,"Silva","NEON_D17_TEAK_DP1_322000_4097000_classified_point_cloud_colorized.laz","2018_TEAK_3_322000_4097000_image.tif","Tree",1,322000,322999.999,4097000,4097999.999
"12233",12628,322158.015,322164.49,4097009.658,4097016.473,"Silva","NEON_D17_TEAK_DP1_322000_4097000_classified_point_cloud_colorized.laz","2018_TEAK_3_322000_4097000_image.tif","Tree",1,322000,322999.999,4097000,4097999.999
"12234",12629,322177.186,322182.945,4097008.704,4097016.491,"Silva","NEON_D17_TEAK_DP1_322000_4097000_classified_point_cloud_colorized.laz","2018_TEAK_3_322000_4097000_image.tif","Tree",1,322000,322999.999,4097000,4097999.999
"12235",12630,322219.558,322220.93,4097010.115,4097011.886,"Silva","NEON_D17_TEAK_DP1_322000_4097000_classified_point_cloud_colorized.laz","2018_TEAK_3_322000_4097000_image.tif","Tree",1,322000,322999.999,4097000,4097999.999
"12236",12631,322332.342,322337.738,4097002.121,4097008.955,"Silva","NEON_D17_TEAK_DP1_322000_4097000_classified_point_cloud_colorized.laz","2018_TEAK_3_322000_4097000_image.tif","Tree",1,322000,322999.999,4097000,4097999.999
"12237",12632,322128.025,322134.342,4097010.111,4097017.467,"Silva","NEON_D17_TEAK_DP1_322000_4097000_classified_point_cloud_colorized.laz","2018_TEAK_3_322000_4097000_image.tif","Tree",1,322000,322999.999,4097000,4097999.999
"12238",12634,322059.017,322063.7,4097013.603,4097017.909,"Silva","NEON_D17_TEAK_DP1_322000_4097000_classified_point_cloud_colorized.laz","2018_TEAK_3_322000_4097000_image.tif","Tree",1,322000,322999.999,4097000,4097999.999
"12239",12635,322197.179,322203.905,4097001.514,4097011.653,"Silva","NEON_D17_TEAK_DP1_322000_4097000_classified_point_cloud_colorized.laz","2018_TEAK_3_322000_4097000_image.tif","Tree",1,322000,322999.999,4097000,4097999.999
"12240",12636,322300.115,322306.965,4097000,4097003.496,"Silva","NEON_D17_TEAK_DP1_322000_4097000_classified_point_cloud_colorized.laz","2018_TEAK_3_322000_4097000_image.tif","Tree",1,322000,322999.999,4097000,4097999.999
"12241",12637,322105.554,322114.358,4097005.052,4097014.498,"Silva","NEON_D17_TEAK_DP1_322000_4097000_classified_point_cloud_colorized.laz","2018_TEAK_3_322000_4097000_image.tif","Tree",1,322000,322999.999,4097000,4097999.999
"12242",12638,322171.572,322182.489,4097000.174,4097009.494,"Silva","NEON_D17_TEAK_DP1_322000_4097000_classified_point_cloud_colorized.laz","2018_TEAK_3_322000_4097000_image.tif","Tree",1,322000,322999.999,4097000,4097999.999
"12243",12639,322048.52,322056.969,4097007.026,4097015.771,"Silva","NEON_D17_TEAK_DP1_322000_4097000_classified_point_cloud_colorized.laz","2018_TEAK_3_322000_4097000_image.tif","Tree",1,322000,322999.999,4097000,4097999.999
"12244",12640,322061.229,322067.332,4097006.552,4097011.383,"Silva","NEON_D17_TEAK_DP1_322000_4097000_classified_point_cloud_colorized.laz","2018_TEAK_3_322000_4097000_image.tif","Tree",1,322000,322999.999,4097000,4097999.999
"12245",12641,322121.604,322129.561,4097002.517,4097011.364,"Silva","NEON_D17_TEAK_DP1_322000_4097000_classified_point_cloud_colorized.laz","2018_TEAK_3_322000_4097000_image.tif","Tree",1,322000,322999.999,4097000,4097999.999
"12246",12642,322000.006,322002.286,4097009.293,4097012.884,"Silva","NEON_D17_TEAK_DP1_322000_4097000_classified_point_cloud_colorized.laz","2018_TEAK_3_322000_4097000_image.tif","Tree",1,322000,322999.999,4097000,4097999.999
"12247",12643,322022.503,322026.463,4097007.304,4097012.922,"Silva","NEON_D17_TEAK_DP1_322000_4097000_classified_point_cloud_colorized.laz","2018_TEAK_3_322000_4097000_image.tif","Tree",1,322000,322999.999,4097000,4097999.999
"12248",12645,322154.334,322160.971,4097001.005,4097005.921,"Silva","NEON_D17_TEAK_DP1_322000_4097000_classified_point_cloud_colorized.laz","2018_TEAK_3_322000_4097000_image.tif","Tree",1,322000,322999.999,4097000,4097999.999
"12249",12646,322079.123,322084.465,4097002.755,4097008.998,"Silva","NEON_D17_TEAK_DP1_322000_4097000_classified_point_cloud_colorized.laz","2018_TEAK_3_322000_4097000_image.tif","Tree",1,322000,322999.999,4097000,4097999.999
"12250",12647,322015.356,322020.445,4097005.51,4097009.813,"Silva","NEON_D17_TEAK_DP1_322000_4097000_classified_point_cloud_colorized.laz","2018_TEAK_3_322000_4097000_image.tif","Tree",1,322000,322999.999,4097000,4097999.999
"12251",12648,322091.208,322096.46,4097000.04,4097007.421,"Silva","NEON_D17_TEAK_DP1_322000_4097000_classified_point_cloud_colorized.laz","2018_TEAK_3_322000_4097000_image.tif","Tree",1,322000,322999.999,4097000,4097999.999
"12252",12649,322160.547,322165.025,4097000.094,4097004.435,"Silva","NEON_D17_TEAK_DP1_322000_4097000_classified_point_cloud_colorized.laz","2018_TEAK_3_322000_4097000_image.tif","Tree",1,322000,322999.999,4097000,4097999.999
"12253",12650,322041.011,322044.771,4097001.584,4097005.093,"Silva","NEON_D17_TEAK_DP1_322000_4097000_classified_point_cloud_colorized.laz","2018_TEAK_3_322000_4097000_image.tif","Tree",1,322000,322999.999,4097000,4097999.999
"12254",12651,322085.073,322093.469,4097000.027,4097004.469,"Silva","NEON_D17_TEAK_DP1_322000_4097000_classified_point_cloud_colorized.laz","2018_TEAK_3_322000_4097000_image.tif","Tree",1,322000,322999.999,4097000,4097999.999
"12255",12652,322000.003,322004.47,4097051.734,4097060.841,"Silva","NEON_D17_TEAK_DP1_322000_4097000_classified_point_cloud_colorized.laz","2018_TEAK_3_322000_4097000_image.tif","Tree",1,322000,322999.999,4097000,4097999.999
"12256",12653,322005.614,322010.808,4097059.057,4097061.362,"Silva","NEON_D17_TEAK_DP1_322000_4097000_classified_point_cloud_colorized.laz","2018_TEAK_3_322000_4097000_image.tif","Tree",1,322000,322999.999,4097000,4097999.999
"12257",12654,322004.79,322006.895,4097065.558,4097068.498,"Silva","NEON_D17_TEAK_DP1_322000_4097000_classified_point_cloud_colorized.laz","2018_TEAK_3_322000_4097000_image.tif","Tree",1,322000,322999.999,4097000,4097999.999
"12258",12655,322011.545,322015.614,4097069.592,4097074.268,"Silva","NEON_D17_TEAK_DP1_322000_4097000_classified_point_cloud_colorized.laz","2018_TEAK_3_322000_4097000_image.tif","Tree",1,322000,322999.999,4097000,4097999.999
"12259",12656,322015.535,322019.482,4097071.014,4097074.942,"Silva","NEON_D17_TEAK_DP1_322000_4097000_classified_point_cloud_colorized.laz","2018_TEAK_3_322000_4097000_image.tif","Tree",1,322000,322999.999,4097000,4097999.999
"12260",12657,322013.543,322018.461,4097073.547,4097078.445,"Silva","NEON_D17_TEAK_DP1_322000_4097000_classified_point_cloud_colorized.laz","2018_TEAK_3_322000_4097000_image.tif","Tree",1,322000,322999.999,4097000,4097999.999
"12261",12658,322003.596,322008.911,4097073.126,4097077.492,"Silva","NEON_D17_TEAK_DP1_322000_4097000_classified_point_cloud_colorized.laz","2018_TEAK_3_322000_4097000_image.tif","Tree",1,322000,322999.999,4097000,4097999.999
"12262",12659,322000.018,322002.973,4097075.024,4097080.439,"Silva","NEON_D17_TEAK_DP1_322000_4097000_classified_point_cloud_colorized.laz","2018_TEAK_3_322000_4097000_image.tif","Tree",1,322000,322999.999,4097000,4097999.999
"12263",12660,322003.636,322008.949,4097077.003,4097081.405,"Silva","NEON_D17_TEAK_DP1_322000_4097000_classified_point_cloud_colorized.laz","2018_TEAK_3_322000_4097000_image.tif","Tree",1,322000,322999.999,4097000,4097999.999
"12264",12661,322016.508,322021.497,4097078.3,4097083.495,"Silva","NEON_D17_TEAK_DP1_322000_4097000_classified_point_cloud_colorized.laz","2018_TEAK_3_322000_4097000_image.tif","Tree",1,322000,322999.999,4097000,4097999.999
"12265",12662,322000.033,322004.368,4097080.02,4097084.987,"Silva","NEON_D17_TEAK_DP1_322000_4097000_classified_point_cloud_colorized.laz","2018_TEAK_3_322000_4097000_image.tif","Tree",1,322000,322999.999,4097000,4097999.999
"12266",12663,322007.908,322010.757,4097082.515,4097087.357,"Silva","NEON_D17_TEAK_DP1_322000_4097000_classified_point_cloud_colorized.laz","2018_TEAK_3_322000_4097000_image.tif","Tree",1,322000,322999.999,4097000,4097999.999
"12267",12664,322004.365,322008.903,4097082.597,4097087.667,"Silva","NEON_D17_TEAK_DP1_322000_4097000_classified_point_cloud_colorized.laz","2018_TEAK_3_322000_4097000_image.tif","Tree",1,322000,322999.999,4097000,4097999.999
"12268",12665,322000.022,322002.943,4097084.656,4097089.352,"Silva","NEON_D17_TEAK_DP1_322000_4097000_classified_point_cloud_colorized.laz","2018_TEAK_3_322000_4097000_image.tif","Tree",1,322000,322999.999,4097000,4097999.999
"12269",12666,322017.01,322021.484,4097084.203,4097088.995,"Silva","NEON_D17_TEAK_DP1_322000_4097000_classified_point_cloud_colorized.laz","2018_TEAK_3_322000_4097000_image.tif","Tree",1,322000,322999.999,4097000,4097999.999
"12270",12667,322009.088,322014.587,4097088.31,4097092.941,"Silva","NEON_D17_TEAK_DP1_322000_4097000_classified_point_cloud_colorized.laz","2018_TEAK_3_322000_4097000_image.tif","Tree",1,322000,322999.999,4097000,4097999.999
"12271",12668,322016.514,322021.993,4097088.506,4097093,"Silva","NEON_D17_TEAK_DP1_322000_4097000_classified_point_cloud_colorized.laz","2018_TEAK_3_322000_4097000_image.tif","Tree",1,322000,322999.999,4097000,4097999.999
"12272",12669,322022.04,322026.942,4097088.015,4097092.069,"Silva","NEON_D17_TEAK_DP1_322000_4097000_classified_point_cloud_colorized.laz","2018_TEAK_3_322000_4097000_image.tif","Tree",1,322000,322999.999,4097000,4097999.999
"12273",12670,322015.525,322020.426,4097097.042,4097101.954,"Silva","NEON_D17_TEAK_DP1_322000_4097000_classified_point_cloud_colorized.laz","2018_TEAK_3_322000_4097000_image.tif","Tree",1,322000,322999.999,4097000,4097999.999
"12274",12671,322018.003,322022.98,4097098.006,4097103.484,"Silva","NEON_D17_TEAK_DP1_322000_4097000_classified_point_cloud_colorized.laz","2018_TEAK_3_322000_4097000_image.tif","Tree",1,322000,322999.999,4097000,4097999.999
"12275",12672,322008.684,322013.473,4097099.08,4097103.49,"Silva","NEON_D17_TEAK_DP1_322000_4097000_classified_point_cloud_colorized.laz","2018_TEAK_3_322000_4097000_image.tif","Tree",1,322000,322999.999,4097000,4097999.999
"12276",12673,322028.088,322032.448,4097101.665,4097106.482,"Silva","NEON_D17_TEAK_DP1_322000_4097000_classified_point_cloud_colorized.laz","2018_TEAK_3_322000_4097000_image.tif","Tree",1,322000,322999.999,4097000,4097999.999
"12277",12674,322017.574,322022.48,4097106.035,4097110.227,"Silva","NEON_D17_TEAK_DP1_322000_4097000_classified_point_cloud_colorized.laz","2018_TEAK_3_322000_4097000_image.tif","Tree",1,322000,322999.999,4097000,4097999.999
"12278",12675,322025.057,322031.438,4097108.052,4097113.499,"Silva","NEON_D17_TEAK_DP1_322000_4097000_classified_point_cloud_colorized.laz","2018_TEAK_3_322000_4097000_image.tif","Tree",1,322000,322999.999,4097000,4097999.999
"12279",12676,322002.11,322006.984,4097108.51,4097113.384,"Silva","NEON_D17_TEAK_DP1_322000_4097000_classified_point_cloud_colorized.laz","2018_TEAK_3_322000_4097000_image.tif","Tree",1,322000,322999.999,4097000,4097999.999
"12280",12677,322008.334,322013.468,4097112.526,4097117.484,"Silva","NEON_D17_TEAK_DP1_322000_4097000_classified_point_cloud_colorized.laz","2018_TEAK_3_322000_4097000_image.tif","Tree",1,322000,322999.999,4097000,4097999.999
"12281",12678,322019.008,322023.956,4097113.052,4097118.089,"Silva","NEON_D17_TEAK_DP1_322000_4097000_classified_point_cloud_colorized.laz","2018_TEAK_3_322000_4097000_image.tif","Tree",1,322000,322999.999,4097000,4097999.999
"12282",12679,322031.514,322036.992,4097113.016,4097118.356,"Silva","NEON_D17_TEAK_DP1_322000_4097000_classified_point_cloud_colorized.laz","2018_TEAK_3_322000_4097000_image.tif","Tree",1,322000,322999.999,4097000,4097999.999
"12283",12680,322026.502,322031.49,4097114.185,4097119.876,"Silva","NEON_D17_TEAK_DP1_322000_4097000_classified_point_cloud_colorized.laz","2018_TEAK_3_322000_4097000_image.tif","Tree",1,322000,322999.999,4097000,4097999.999
"12284",12681,322029.579,322034.439,4097116.269,4097120.996,"Silva","NEON_D17_TEAK_DP1_322000_4097000_classified_point_cloud_colorized.laz","2018_TEAK_3_322000_4097000_image.tif","Tree",1,322000,322999.999,4097000,4097999.999
"12285",12682,322021.795,322027.493,4097115.503,4097120.463,"Silva","NEON_D17_TEAK_DP1_322000_4097000_classified_point_cloud_colorized.laz","2018_TEAK_3_322000_4097000_image.tif","Tree",1,322000,322999.999,4097000,4097999.999
"12286",12683,322007.512,322012.488,4097117.504,4097122.465,"Silva","NEON_D17_TEAK_DP1_322000_4097000_classified_point_cloud_colorized.laz","2018_TEAK_3_322000_4097000_image.tif","Tree",1,322000,322999.999,4097000,4097999.999
"12287",12684,322015.515,322020.446,4097117.551,4097121.415,"Silva","NEON_D17_TEAK_DP1_322000_4097000_classified_point_cloud_colorized.laz","2018_TEAK_3_322000_4097000_image.tif","Tree",1,322000,322999.999,4097000,4097999.999
"12288",12685,322016.044,322019.241,4097121.109,4097124.946,"Silva","NEON_D17_TEAK_DP1_322000_4097000_classified_point_cloud_colorized.laz","2018_TEAK_3_322000_4097000_image.tif","Tree",1,322000,322999.999,4097000,4097999.999
"12289",12686,322021.533,322025.998,4097120.193,4097124.978,"Silva","NEON_D17_TEAK_DP1_322000_4097000_classified_point_cloud_colorized.laz","2018_TEAK_3_322000_4097000_image.tif","Tree",1,322000,322999.999,4097000,4097999.999
"12290",12687,322010.627,322015.969,4097121.594,4097126.963,"Silva","NEON_D17_TEAK_DP1_322000_4097000_classified_point_cloud_colorized.laz","2018_TEAK_3_322000_4097000_image.tif","Tree",1,322000,322999.999,4097000,4097999.999
"12291",12688,322025.652,322028.999,4097123.001,4097126.403,"Silva","NEON_D17_TEAK_DP1_322000_4097000_classified_point_cloud_colorized.laz","2018_TEAK_3_322000_4097000_image.tif","Tree",1,322000,322999.999,4097000,4097999.999
"12292",12689,322023.148,322026.982,4097124.585,4097127.415,"Silva","NEON_D17_TEAK_DP1_322000_4097000_classified_point_cloud_colorized.laz","2018_TEAK_3_322000_4097000_image.tif","Tree",1,322000,322999.999,4097000,4097999.999
"12293",12690,322001.451,322006.454,4097125.523,4097130.111,"Silva","NEON_D17_TEAK_DP1_322000_4097000_classified_point_cloud_colorized.laz","2018_TEAK_3_322000_4097000_image.tif","Tree",1,322000,322999.999,4097000,4097999.999
"12294",12691,322017.575,322020.957,4097127.126,4097131.994,"Silva","NEON_D17_TEAK_DP1_322000_4097000_classified_point_cloud_colorized.laz","2018_TEAK_3_322000_4097000_image.tif","Tree",1,322000,322999.999,4097000,4097999.999
"12295",12692,322029.027,322032.493,4097128.502,4097131.973,"Silva","NEON_D17_TEAK_DP1_322000_4097000_classified_point_cloud_colorized.laz","2018_TEAK_3_322000_4097000_image.tif","Tree",1,322000,322999.999,4097000,4097999.999
"12296",12693,322010.638,322016.441,4097129.625,4097134.965,"Silva","NEON_D17_TEAK_DP1_322000_4097000_classified_point_cloud_colorized.laz","2018_TEAK_3_322000_4097000_image.tif","Tree",1,322000,322999.999,4097000,4097999.999
"12297",12694,322019.762,322023.439,4097132.011,4097135.883,"Silva","NEON_D17_TEAK_DP1_322000_4097000_classified_point_cloud_colorized.laz","2018_TEAK_3_322000_4097000_image.tif","Tree",1,322000,322999.999,4097000,4097999.999
"12298",12695,322020.648,322024.396,4097135.114,4097138.935,"Silva","NEON_D17_TEAK_DP1_322000_4097000_classified_point_cloud_colorized.laz","2018_TEAK_3_322000_4097000_image.tif","Tree",1,322000,322999.999,4097000,4097999.999
"12299",12696,322026.555,322028.96,4097138.519,4097141.469,"Silva","NEON_D17_TEAK_DP1_322000_4097000_classified_point_cloud_colorized.laz","2018_TEAK_3_322000_4097000_image.tif","Tree",1,322000,322999.999,4097000,4097999.999
"12300",12697,322027.535,322029.393,4097149.005,4097150.991,"Silva","NEON_D17_TEAK_DP1_322000_4097000_classified_point_cloud_colorized.laz","2018_TEAK_3_322000_4097000_image.tif","Tree",1,322000,322999.999,4097000,4097999.999
"12301",12698,322032.069,322035.831,4097150.022,4097153.497,"Silva","NEON_D17_TEAK_DP1_322000_4097000_classified_point_cloud_colorized.laz","2018_TEAK_3_322000_4097000_image.tif","Tree",1,322000,322999.999,4097000,4097999.999
"12302",12699,322011.245,322013.888,4097155.065,4097158.345,"Silva","NEON_D17_TEAK_DP1_322000_4097000_classified_point_cloud_colorized.laz","2018_TEAK_3_322000_4097000_image.tif","Tree",1,322000,322999.999,4097000,4097999.999
"12303",12700,322022.547,322026.781,4097153.561,4097158.913,"Silva","NEON_D17_TEAK_DP1_322000_4097000_classified_point_cloud_colorized.laz","2018_TEAK_3_322000_4097000_image.tif","Tree",1,322000,322999.999,4097000,4097999.999
"12304",12701,322000.017,322004.479,4097155.575,4097161.989,"Silva","NEON_D17_TEAK_DP1_322000_4097000_classified_point_cloud_colorized.laz","2018_TEAK_3_322000_4097000_image.tif","Tree",1,322000,322999.999,4097000,4097999.999
"12305",12702,322024.538,322030.846,4097161.404,4097165.481,"Silva","NEON_D17_TEAK_DP1_322000_4097000_classified_point_cloud_colorized.laz","2018_TEAK_3_322000_4097000_image.tif","Tree",1,322000,322999.999,4097000,4097999.999
"12306",12703,322012.528,322017.408,4097161.591,4097166.927,"Silva","NEON_D17_TEAK_DP1_322000_4097000_classified_point_cloud_colorized.laz","2018_TEAK_3_322000_4097000_image.tif","Tree",1,322000,322999.999,4097000,4097999.999
"12307",12704,322006.003,322012.375,4097163.001,4097168.538,"Silva","NEON_D17_TEAK_DP1_322000_4097000_classified_point_cloud_colorized.laz","2018_TEAK_3_322000_4097000_image.tif","Tree",1,322000,322999.999,4097000,4097999.999
"12308",12705,322015.736,322020.894,4097163.622,4097168.757,"Silva","NEON_D17_TEAK_DP1_322000_4097000_classified_point_cloud_colorized.laz","2018_TEAK_3_322000_4097000_image.tif","Tree",1,322000,322999.999,4097000,4097999.999
"12309",12706,322025.686,322030.976,4097168.522,4097173.285,"Silva","NEON_D17_TEAK_DP1_322000_4097000_classified_point_cloud_colorized.laz","2018_TEAK_3_322000_4097000_image.tif","Tree",1,322000,322999.999,4097000,4097999.999
"12310",12707,322013.563,322020.471,4097171.001,4097176.497,"Silva","NEON_D17_TEAK_DP1_322000_4097000_classified_point_cloud_colorized.laz","2018_TEAK_3_322000_4097000_image.tif","Tree",1,322000,322999.999,4097000,4097999.999
"12311",12708,322022.555,322027.94,4097171.686,4097176.979,"Silva","NEON_D17_TEAK_DP1_322000_4097000_classified_point_cloud_colorized.laz","2018_TEAK_3_322000_4097000_image.tif","Tree",1,322000,322999.999,4097000,4097999.999
"12312",12709,322023.567,322028.664,4097176.525,4097180.491,"Silva","NEON_D17_TEAK_DP1_322000_4097000_classified_point_cloud_colorized.laz","2018_TEAK_3_322000_4097000_image.tif","Tree",1,322000,322999.999,4097000,4097999.999
"12313",12710,322024.056,322025.978,4097189.052,4097189.446,"Silva","NEON_D17_TEAK_DP1_322000_4097000_classified_point_cloud_colorized.laz","2018_TEAK_3_322000_4097000_image.tif","Tree",1,322000,322999.999,4097000,4097999.999
"12314",12711,322000.059,322004.982,4097184.035,4097189.499,"Silva","NEON_D17_TEAK_DP1_322000_4097000_classified_point_cloud_colorized.laz","2018_TEAK_3_322000_4097000_image.tif","Tree",1,322000,322999.999,4097000,4097999.999
"12315",12712,322029.014,322034.828,4097186.626,4097192.415,"Silva","NEON_D17_TEAK_DP1_322000_4097000_classified_point_cloud_colorized.laz","2018_TEAK_3_322000_4097000_image.tif","Tree",1,322000,322999.999,4097000,4097999.999
"12316",12713,322035.002,322037.464,4097203.035,4097205.47,"Silva","NEON_D17_TEAK_DP1_322000_4097000_classified_point_cloud_colorized.laz","2018_TEAK_3_322000_4097000_image.tif","Tree",1,322000,322999.999,4097000,4097999.999
"12317",12714,322032.298,322034.602,4097208.139,4097211.498,"Silva","NEON_D17_TEAK_DP1_322000_4097000_classified_point_cloud_colorized.laz","2018_TEAK_3_322000_4097000_image.tif","Tree",1,322000,322999.999,4097000,4097999.999
"12318",12715,322020.532,322028.741,4097205.011,4097213.427,"Silva","NEON_D17_TEAK_DP1_322000_4097000_classified_point_cloud_colorized.laz","2018_TEAK_3_322000_4097000_image.tif","Tree",1,322000,322999.999,4097000,4097999.999
"12319",12716,322035.026,322041.38,4097210.565,4097217.978,"Silva","NEON_D17_TEAK_DP1_322000_4097000_classified_point_cloud_colorized.laz","2018_TEAK_3_322000_4097000_image.tif","Tree",1,322000,322999.999,4097000,4097999.999
"12320",12717,322019.103,322024.997,4097211.643,4097218.92,"Silva","NEON_D17_TEAK_DP1_322000_4097000_classified_point_cloud_colorized.laz","2018_TEAK_3_322000_4097000_image.tif","Tree",1,322000,322999.999,4097000,4097999.999
"12321",12718,322068.646,322069.844,4097224.404,4097224.96,"Silva","NEON_D17_TEAK_DP1_322000_4097000_classified_point_cloud_colorized.laz","2018_TEAK_3_322000_4097000_image.tif","Tree",1,322000,322999.999,4097000,4097999.999
"12322",12719,322051.543,322058.897,4097216.521,4097226.068,"Silva","NEON_D17_TEAK_DP1_322000_4097000_classified_point_cloud_colorized.laz","2018_TEAK_3_322000_4097000_image.tif","Tree",1,322000,322999.999,4097000,4097999.999
"12323",12720,322009.57,322012.256,4097220.066,4097224.923,"Silva","NEON_D17_TEAK_DP1_322000_4097000_classified_point_cloud_colorized.laz","2018_TEAK_3_322000_4097000_image.tif","Tree",1,322000,322999.999,4097000,4097999.999
"12324",12721,322002.03,322006.466,4097221.522,4097225.808,"Silva","NEON_D17_TEAK_DP1_322000_4097000_classified_point_cloud_colorized.laz","2018_TEAK_3_322000_4097000_image.tif","Tree",1,322000,322999.999,4097000,4097999.999
"12325",12722,322073.55,322081.435,4097223.535,4097230.969,"Silva","NEON_D17_TEAK_DP1_322000_4097000_classified_point_cloud_colorized.laz","2018_TEAK_3_322000_4097000_image.tif","Tree",1,322000,322999.999,4097000,4097999.999
"12326",12723,322005.042,322009.304,4097223.155,4097227.93,"Silva","NEON_D17_TEAK_DP1_322000_4097000_classified_point_cloud_colorized.laz","2018_TEAK_3_322000_4097000_image.tif","Tree",1,322000,322999.999,4097000,4097999.999
"12327",12724,322017.06,322018.384,4097227.178,4097228.637,"Silva","NEON_D17_TEAK_DP1_322000_4097000_classified_point_cloud_colorized.laz","2018_TEAK_3_322000_4097000_image.tif","Tree",1,322000,322999.999,4097000,4097999.999
"12328",12725,322020.028,322021.964,4097226.556,4097229.319,"Silva","NEON_D17_TEAK_DP1_322000_4097000_classified_point_cloud_colorized.laz","2018_TEAK_3_322000_4097000_image.tif","Tree",1,322000,322999.999,4097000,4097999.999
"12329",12726,322013.102,322014.334,4097228.02,4097229.615,"Silva","NEON_D17_TEAK_DP1_322000_4097000_classified_point_cloud_colorized.laz","2018_TEAK_3_322000_4097000_image.tif","Tree",1,322000,322999.999,4097000,4097999.999
"12330",12727,322013.519,322017.473,4097230.054,4097232.77,"Silva","NEON_D17_TEAK_DP1_322000_4097000_classified_point_cloud_colorized.laz","2018_TEAK_3_322000_4097000_image.tif","Tree",1,322000,322999.999,4097000,4097999.999
"12331",12728,322047.065,322054.443,4097228.164,4097235.906,"Silva","NEON_D17_TEAK_DP1_322000_4097000_classified_point_cloud_colorized.laz","2018_TEAK_3_322000_4097000_image.tif","Tree",1,322000,322999.999,4097000,4097999.999
"12332",12729,322038.558,322046.931,4097228.031,4097235.487,"Silva","NEON_D17_TEAK_DP1_322000_4097000_classified_point_cloud_colorized.laz","2018_TEAK_3_322000_4097000_image.tif","Tree",1,322000,322999.999,4097000,4097999.999
"12333",12730,322004.584,322010.498,4097230.008,4097235.454,"Silva","NEON_D17_TEAK_DP1_322000_4097000_classified_point_cloud_colorized.laz","2018_TEAK_3_322000_4097000_image.tif","Tree",1,322000,322999.999,4097000,4097999.999
"12334",12731,322060.507,322061.84,4097235.03,4097235.459,"Silva","NEON_D17_TEAK_DP1_322000_4097000_classified_point_cloud_colorized.laz","2018_TEAK_3_322000_4097000_image.tif","Tree",1,322000,322999.999,4097000,4097999.999
"12335",12732,322000,322004.824,4097230.513,4097236.318,"Silva","NEON_D17_TEAK_DP1_322000_4097000_classified_point_cloud_colorized.laz","2018_TEAK_3_322000_4097000_image.tif","Tree",1,322000,322999.999,4097000,4097999.999
"12336",12733,322075.016,322084.471,4097232.04,4097238.312,"Silva","NEON_D17_TEAK_DP1_322000_4097000_classified_point_cloud_colorized.laz","2018_TEAK_3_322000_4097000_image.tif","Tree",1,322000,322999.999,4097000,4097999.999
"12337",12734,322029.18,322031.994,4097233.608,4097238.472,"Silva","NEON_D17_TEAK_DP1_322000_4097000_classified_point_cloud_colorized.laz","2018_TEAK_3_322000_4097000_image.tif","Tree",1,322000,322999.999,4097000,4097999.999
"12338",12735,322017.339,322020.428,4097233.627,4097238.444,"Silva","NEON_D17_TEAK_DP1_322000_4097000_classified_point_cloud_colorized.laz","2018_TEAK_3_322000_4097000_image.tif","Tree",1,322000,322999.999,4097000,4097999.999
"12339",12736,322006.519,322010.844,4097234.122,4097239.939,"Silva","NEON_D17_TEAK_DP1_322000_4097000_classified_point_cloud_colorized.laz","2018_TEAK_3_322000_4097000_image.tif","Tree",1,322000,322999.999,4097000,4097999.999
"12340",12737,322013.565,322019.315,4097234.531,4097240.992,"Silva","NEON_D17_TEAK_DP1_322000_4097000_classified_point_cloud_colorized.laz","2018_TEAK_3_322000_4097000_image.tif","Tree",1,322000,322999.999,4097000,4097999.999
"12341",12738,322059.674,322062.979,4097237.126,4097241.408,"Silva","NEON_D17_TEAK_DP1_322000_4097000_classified_point_cloud_colorized.laz","2018_TEAK_3_322000_4097000_image.tif","Tree",1,322000,322999.999,4097000,4097999.999
"12342",12739,322092.071,322095.381,4097237.599,4097241.899,"Silva","NEON_D17_TEAK_DP1_322000_4097000_classified_point_cloud_colorized.laz","2018_TEAK_3_322000_4097000_image.tif","Tree",1,322000,322999.999,4097000,4097999.999
"12343",12740,322068.552,322074.981,4097236.071,4097241.494,"Silva","NEON_D17_TEAK_DP1_322000_4097000_classified_point_cloud_colorized.laz","2018_TEAK_3_322000_4097000_image.tif","Tree",1,322000,322999.999,4097000,4097999.999
"12344",12741,322045.505,322053.497,4097234.618,4097240.959,"Silva","NEON_D17_TEAK_DP1_322000_4097000_classified_point_cloud_colorized.laz","2018_TEAK_3_322000_4097000_image.tif","Tree",1,322000,322999.999,4097000,4097999.999
"12345",12742,322032.566,322036.349,4097237.545,4097241.487,"Silva","NEON_D17_TEAK_DP1_322000_4097000_classified_point_cloud_colorized.laz","2018_TEAK_3_322000_4097000_image.tif","Tree",1,322000,322999.999,4097000,4097999.999
"12346",12744,322035.68,322039.456,4097239.596,4097243.443,"Silva","NEON_D17_TEAK_DP1_322000_4097000_classified_point_cloud_colorized.laz","2018_TEAK_3_322000_4097000_image.tif","Tree",1,322000,322999.999,4097000,4097999.999
"12347",12745,322023.603,322026.775,4097238.521,4097242.989,"Silva","NEON_D17_TEAK_DP1_322000_4097000_classified_point_cloud_colorized.laz","2018_TEAK_3_322000_4097000_image.tif","Tree",1,322000,322999.999,4097000,4097999.999
"12348",12746,322058.561,322063.051,4097241.502,4097246.987,"Silva","NEON_D17_TEAK_DP1_322000_4097000_classified_point_cloud_colorized.laz","2018_TEAK_3_322000_4097000_image.tif","Tree",1,322000,322999.999,4097000,4097999.999
"12349",12747,322098.117,322099.955,4097243.018,4097245.481,"Silva","NEON_D17_TEAK_DP1_322000_4097000_classified_point_cloud_colorized.laz","2018_TEAK_3_322000_4097000_image.tif","Tree",1,322000,322999.999,4097000,4097999.999
"12350",12748,322090.005,322094.465,4097242.002,4097247.448,"Silva","NEON_D17_TEAK_DP1_322000_4097000_classified_point_cloud_colorized.laz","2018_TEAK_3_322000_4097000_image.tif","Tree",1,322000,322999.999,4097000,4097999.999
"12351",12749,322027.019,322029.477,4097242.523,4097245.22,"Silva","NEON_D17_TEAK_DP1_322000_4097000_classified_point_cloud_colorized.laz","2018_TEAK_3_322000_4097000_image.tif","Tree",1,322000,322999.999,4097000,4097999.999
"12352",12750,322040.519,322043.396,4097242.842,4097246.944,"Silva","NEON_D17_TEAK_DP1_322000_4097000_classified_point_cloud_colorized.laz","2018_TEAK_3_322000_4097000_image.tif","Tree",1,322000,322999.999,4097000,4097999.999
"12353",12751,322063.21,322065.485,4097243.098,4097246.945,"Silva","NEON_D17_TEAK_DP1_322000_4097000_classified_point_cloud_colorized.laz","2018_TEAK_3_322000_4097000_image.tif","Tree",1,322000,322999.999,4097000,4097999.999
"12354",12752,322003.523,322012.409,4097239.527,4097245.847,"Silva","NEON_D17_TEAK_DP1_322000_4097000_classified_point_cloud_colorized.laz","2018_TEAK_3_322000_4097000_image.tif","Tree",1,322000,322999.999,4097000,4097999.999
"12355",12753,322072.513,322076.478,4097244.17,4097247.959,"Silva","NEON_D17_TEAK_DP1_322000_4097000_classified_point_cloud_colorized.laz","2018_TEAK_3_322000_4097000_image.tif","Tree",1,322000,322999.999,4097000,4097999.999
"12356",12754,322063.533,322067.396,4097246.57,4097250.276,"Silva","NEON_D17_TEAK_DP1_322000_4097000_classified_point_cloud_colorized.laz","2018_TEAK_3_322000_4097000_image.tif","Tree",1,322000,322999.999,4097000,4097999.999
"12357",12755,322014.135,322020.931,4097242.509,4097249.933,"Silva","NEON_D17_TEAK_DP1_322000_4097000_classified_point_cloud_colorized.laz","2018_TEAK_3_322000_4097000_image.tif","Tree",1,322000,322999.999,4097000,4097999.999
"12358",12756,322044.002,322049.919,4097245.059,4097251.478,"Silva","NEON_D17_TEAK_DP1_322000_4097000_classified_point_cloud_colorized.laz","2018_TEAK_3_322000_4097000_image.tif","Tree",1,322000,322999.999,4097000,4097999.999
"12359",12757,322002.041,322010.414,4097244.063,4097252.477,"Silva","NEON_D17_TEAK_DP1_322000_4097000_classified_point_cloud_colorized.laz","2018_TEAK_3_322000_4097000_image.tif","Tree",1,322000,322999.999,4097000,4097999.999
"12360",12758,322100.567,322101.465,4097249.528,4097253.424,"Silva","NEON_D17_TEAK_DP1_322000_4097000_classified_point_cloud_colorized.laz","2018_TEAK_3_322000_4097000_image.tif","Tree",1,322000,322999.999,4097000,4097999.999
"12361",12759,322073.231,322076.303,4097249.514,4097253.462,"Silva","NEON_D17_TEAK_DP1_322000_4097000_classified_point_cloud_colorized.laz","2018_TEAK_3_322000_4097000_image.tif","Tree",1,322000,322999.999,4097000,4097999.999
"12362",12760,322051.508,322056.436,4097246.004,4097252.315,"Silva","NEON_D17_TEAK_DP1_322000_4097000_classified_point_cloud_colorized.laz","2018_TEAK_3_322000_4097000_image.tif","Tree",1,322000,322999.999,4097000,4097999.999
"12363",12761,322048.003,322053.485,4097247.591,4097254.881,"Silva","NEON_D17_TEAK_DP1_322000_4097000_classified_point_cloud_colorized.laz","2018_TEAK_3_322000_4097000_image.tif","Tree",1,322000,322999.999,4097000,4097999.999
"12364",12762,322028.06,322035.988,4097247.681,4097254.97,"Silva","NEON_D17_TEAK_DP1_322000_4097000_classified_point_cloud_colorized.laz","2018_TEAK_3_322000_4097000_image.tif","Tree",1,322000,322999.999,4097000,4097999.999
"12365",12763,322019.071,322028.466,4097248.18,4097254.978,"Silva","NEON_D17_TEAK_DP1_322000_4097000_classified_point_cloud_colorized.laz","2018_TEAK_3_322000_4097000_image.tif","Tree",1,322000,322999.999,4097000,4097999.999
"12366",12764,322059.005,322060.78,4097253.545,4097255.476,"Silva","NEON_D17_TEAK_DP1_322000_4097000_classified_point_cloud_colorized.laz","2018_TEAK_3_322000_4097000_image.tif","Tree",1,322000,322999.999,4097000,4097999.999
"12367",12765,322083.605,322089.374,4097251.547,4097257.995,"Silva","NEON_D17_TEAK_DP1_322000_4097000_classified_point_cloud_colorized.laz","2018_TEAK_3_322000_4097000_image.tif","Tree",1,322000,322999.999,4097000,4097999.999
"12368",12766,322035.011,322037.417,4097258.638,4097259.988,"Silva","NEON_D17_TEAK_DP1_322000_4097000_classified_point_cloud_colorized.laz","2018_TEAK_3_322000_4097000_image.tif","Tree",1,322000,322999.999,4097000,4097999.999
"12369",12767,322000.013,322006.419,4097250.664,4097256.437,"Silva","NEON_D17_TEAK_DP1_322000_4097000_classified_point_cloud_colorized.laz","2018_TEAK_3_322000_4097000_image.tif","Tree",1,322000,322999.999,4097000,4097999.999
"12370",12768,322057.151,322057.481,4097257.937,4097258.419,"Silva","NEON_D17_TEAK_DP1_322000_4097000_classified_point_cloud_colorized.laz","2018_TEAK_3_322000_4097000_image.tif","Tree",1,322000,322999.999,4097000,4097999.999
"12371",12769,322012.038,322016.991,4097253.504,4097258.837,"Silva","NEON_D17_TEAK_DP1_322000_4097000_classified_point_cloud_colorized.laz","2018_TEAK_3_322000_4097000_image.tif","Tree",1,322000,322999.999,4097000,4097999.999
"12372",12770,322009.532,322012.49,4097255.063,4097258.977,"Silva","NEON_D17_TEAK_DP1_322000_4097000_classified_point_cloud_colorized.laz","2018_TEAK_3_322000_4097000_image.tif","Tree",1,322000,322999.999,4097000,4097999.999
"12373",12771,322024.08,322024.493,4097258.68,4097260.499,"Silva","NEON_D17_TEAK_DP1_322000_4097000_classified_point_cloud_colorized.laz","2018_TEAK_3_322000_4097000_image.tif","Tree",1,322000,322999.999,4097000,4097999.999
"12374",12772,322066.66,322072.477,4097256.503,4097263.988,"Silva","NEON_D17_TEAK_DP1_322000_4097000_classified_point_cloud_colorized.laz","2018_TEAK_3_322000_4097000_image.tif","Tree",1,322000,322999.999,4097000,4097999.999
"12375",12773,322044.514,322049.977,4097256.023,4097263.668,"Silva","NEON_D17_TEAK_DP1_322000_4097000_classified_point_cloud_colorized.laz","2018_TEAK_3_322000_4097000_image.tif","Tree",1,322000,322999.999,4097000,4097999.999
"12376",12774,322024.528,322033.435,4097255.788,4097262.772,"Silva","NEON_D17_TEAK_DP1_322000_4097000_classified_point_cloud_colorized.laz","2018_TEAK_3_322000_4097000_image.tif","Tree",1,322000,322999.999,4097000,4097999.999
"12377",12775,322082.009,322086.975,4097261.527,4097265.987,"Silva","NEON_D17_TEAK_DP1_322000_4097000_classified_point_cloud_colorized.laz","2018_TEAK_3_322000_4097000_image.tif","Tree",1,322000,322999.999,4097000,4097999.999
"12378",12776,322062.048,322062.902,4097263.529,4097264.453,"Silva","NEON_D17_TEAK_DP1_322000_4097000_classified_point_cloud_colorized.laz","2018_TEAK_3_322000_4097000_image.tif","Tree",1,322000,322999.999,4097000,4097999.999
"12379",12777,322006.06,322009.463,4097262.023,4097264.982,"Silva","NEON_D17_TEAK_DP1_322000_4097000_classified_point_cloud_colorized.laz","2018_TEAK_3_322000_4097000_image.tif","Tree",1,322000,322999.999,4097000,4097999.999
"12380",12778,322075.506,322079.399,4097262.703,4097267.442,"Silva","NEON_D17_TEAK_DP1_322000_4097000_classified_point_cloud_colorized.laz","2018_TEAK_3_322000_4097000_image.tif","Tree",1,322000,322999.999,4097000,4097999.999
"12381",12779,322017.31,322020.779,4097261.526,4097266.444,"Silva","NEON_D17_TEAK_DP1_322000_4097000_classified_point_cloud_colorized.laz","2018_TEAK_3_322000_4097000_image.tif","Tree",1,322000,322999.999,4097000,4097999.999
"12382",12780,322084.503,322088.794,4097265.063,4097269.452,"Silva","NEON_D17_TEAK_DP1_322000_4097000_classified_point_cloud_colorized.laz","2018_TEAK_3_322000_4097000_image.tif","Tree",1,322000,322999.999,4097000,4097999.999
"12383",12781,322064.002,322068.543,4097263.513,4097268.995,"Silva","NEON_D17_TEAK_DP1_322000_4097000_classified_point_cloud_colorized.laz","2018_TEAK_3_322000_4097000_image.tif","Tree",1,322000,322999.999,4097000,4097999.999
"12384",12782,322051.586,322056.474,4097264.558,4097269.425,"Silva","NEON_D17_TEAK_DP1_322000_4097000_classified_point_cloud_colorized.laz","2018_TEAK_3_322000_4097000_image.tif","Tree",1,322000,322999.999,4097000,4097999.999
"12385",12783,322007.51,322014.83,4097265.573,4097269.964,"Silva","NEON_D17_TEAK_DP1_322000_4097000_classified_point_cloud_colorized.laz","2018_TEAK_3_322000_4097000_image.tif","Tree",1,322000,322999.999,4097000,4097999.999
"12386",12784,322029.54,322035.895,4097261.518,4097270.449,"Silva","NEON_D17_TEAK_DP1_322000_4097000_classified_point_cloud_colorized.laz","2018_TEAK_3_322000_4097000_image.tif","Tree",1,322000,322999.999,4097000,4097999.999
"12387",12785,322043.531,322048.436,4097265.62,4097271.477,"Silva","NEON_D17_TEAK_DP1_322000_4097000_classified_point_cloud_colorized.laz","2018_TEAK_3_322000_4097000_image.tif","Tree",1,322000,322999.999,4097000,4097999.999
"12388",12786,322002.39,322007.489,4097264.538,4097272.112,"Silva","NEON_D17_TEAK_DP1_322000_4097000_classified_point_cloud_colorized.laz","2018_TEAK_3_322000_4097000_image.tif","Tree",1,322000,322999.999,4097000,4097999.999
"12389",12787,322087.53,322091.839,4097269.081,4097273.759,"Silva","NEON_D17_TEAK_DP1_322000_4097000_classified_point_cloud_colorized.laz","2018_TEAK_3_322000_4097000_image.tif","Tree",1,322000,322999.999,4097000,4097999.999
"12390",12788,322036.289,322040.982,4097266.501,4097272.329,"Silva","NEON_D17_TEAK_DP1_322000_4097000_classified_point_cloud_colorized.laz","2018_TEAK_3_322000_4097000_image.tif","Tree",1,322000,322999.999,4097000,4097999.999
"12391",12789,322015.01,322024.363,4097265.538,4097273.897,"Silva","NEON_D17_TEAK_DP1_322000_4097000_classified_point_cloud_colorized.laz","2018_TEAK_3_322000_4097000_image.tif","Tree",1,322000,322999.999,4097000,4097999.999
"12392",12790,322063.53,322067.418,4097270.853,4097274.477,"Silva","NEON_D17_TEAK_DP1_322000_4097000_classified_point_cloud_colorized.laz","2018_TEAK_3_322000_4097000_image.tif","Tree",1,322000,322999.999,4097000,4097999.999
"12393",12791,322075.667,322080.997,4097270.514,4097274.999,"Silva","NEON_D17_TEAK_DP1_322000_4097000_classified_point_cloud_colorized.laz","2018_TEAK_3_322000_4097000_image.tif","Tree",1,322000,322999.999,4097000,4097999.999
"12394",12792,322057.515,322061.389,4097271.544,4097276.459,"Silva","NEON_D17_TEAK_DP1_322000_4097000_classified_point_cloud_colorized.laz","2018_TEAK_3_322000_4097000_image.tif","Tree",1,322000,322999.999,4097000,4097999.999
"12395",12793,322043.137,322046.861,4097273.022,4097276.911,"Silva","NEON_D17_TEAK_DP1_322000_4097000_classified_point_cloud_colorized.laz","2018_TEAK_3_322000_4097000_image.tif","Tree",1,322000,322999.999,4097000,4097999.999
"12396",12794,322051.288,322055.763,4097271.501,4097277.992,"Silva","NEON_D17_TEAK_DP1_322000_4097000_classified_point_cloud_colorized.laz","2018_TEAK_3_322000_4097000_image.tif","Tree",1,322000,322999.999,4097000,4097999.999
"12397",12795,322005.033,322010.778,4097270.58,4097274.483,"Silva","NEON_D17_TEAK_DP1_322000_4097000_classified_point_cloud_colorized.laz","2018_TEAK_3_322000_4097000_image.tif","Tree",1,322000,322999.999,4097000,4097999.999
"12398",12796,322060.086,322064.159,4097274.026,4097278.366,"Silva","NEON_D17_TEAK_DP1_322000_4097000_classified_point_cloud_colorized.laz","2018_TEAK_3_322000_4097000_image.tif","Tree",1,322000,322999.999,4097000,4097999.999
"12399",12797,322069.242,322074.865,4097271.377,4097277.958,"Silva","NEON_D17_TEAK_DP1_322000_4097000_classified_point_cloud_colorized.laz","2018_TEAK_3_322000_4097000_image.tif","Tree",1,322000,322999.999,4097000,4097999.999
"12400",12798,322039.615,322043.826,4097274.538,4097278.439,"Silva","NEON_D17_TEAK_DP1_322000_4097000_classified_point_cloud_colorized.laz","2018_TEAK_3_322000_4097000_image.tif","Tree",1,322000,322999.999,4097000,4097999.999
"12401",12799,322013.187,322022.941,4097270.555,4097277.945,"Silva","NEON_D17_TEAK_DP1_322000_4097000_classified_point_cloud_colorized.laz","2018_TEAK_3_322000_4097000_image.tif","Tree",1,322000,322999.999,4097000,4097999.999
"12402",12800,322027.065,322034.982,4097273.021,4097282.485,"Silva","NEON_D17_TEAK_DP1_322000_4097000_classified_point_cloud_colorized.laz","2018_TEAK_3_322000_4097000_image.tif","Tree",1,322000,322999.999,4097000,4097999.999
"12403",12801,322047.535,322051.996,4097276.708,4097280.986,"Silva","NEON_D17_TEAK_DP1_322000_4097000_classified_point_cloud_colorized.laz","2018_TEAK_3_322000_4097000_image.tif","Tree",1,322000,322999.999,4097000,4097999.999
"12404",12802,322006.539,322011.987,4097275.75,4097279.991,"Silva","NEON_D17_TEAK_DP1_322000_4097000_classified_point_cloud_colorized.laz","2018_TEAK_3_322000_4097000_image.tif","Tree",1,322000,322999.999,4097000,4097999.999
"12405",12803,322059.517,322062.471,4097278.552,4097283.046,"Silva","NEON_D17_TEAK_DP1_322000_4097000_classified_point_cloud_colorized.laz","2018_TEAK_3_322000_4097000_image.tif","Tree",1,322000,322999.999,4097000,4097999.999
"12406",12804,322032.502,322038.35,4097279.745,4097286.309,"Silva","NEON_D17_TEAK_DP1_322000_4097000_classified_point_cloud_colorized.laz","2018_TEAK_3_322000_4097000_image.tif","Tree",1,322000,322999.999,4097000,4097999.999
"12407",12805,322012.029,322015.179,4097277.526,4097283.494,"Silva","NEON_D17_TEAK_DP1_322000_4097000_classified_point_cloud_colorized.laz","2018_TEAK_3_322000_4097000_image.tif","Tree",1,322000,322999.999,4097000,4097999.999
"12408",12806,322055.119,322059.458,4097284.045,4097288.831,"Silva","NEON_D17_TEAK_DP1_322000_4097000_classified_point_cloud_colorized.laz","2018_TEAK_3_322000_4097000_image.tif","Tree",1,322000,322999.999,4097000,4097999.999
"12409",12807,322049.72,322054.999,4097284.768,4097289.407,"Silva","NEON_D17_TEAK_DP1_322000_4097000_classified_point_cloud_colorized.laz","2018_TEAK_3_322000_4097000_image.tif","Tree",1,322000,322999.999,4097000,4097999.999
"12410",12808,322045.246,322050.472,4097288.062,4097294.491,"Silva","NEON_D17_TEAK_DP1_322000_4097000_classified_point_cloud_colorized.laz","2018_TEAK_3_322000_4097000_image.tif","Tree",1,322000,322999.999,4097000,4097999.999
"12411",12809,322050.002,322054.794,4097289.523,4097294.454,"Silva","NEON_D17_TEAK_DP1_322000_4097000_classified_point_cloud_colorized.laz","2018_TEAK_3_322000_4097000_image.tif","Tree",1,322000,322999.999,4097000,4097999.999
"12412",12810,322041.229,322042.494,4097290.506,4097291.919,"Silva","NEON_D17_TEAK_DP1_322000_4097000_classified_point_cloud_colorized.laz","2018_TEAK_3_322000_4097000_image.tif","Tree",1,322000,322999.999,4097000,4097999.999
"12413",12811,322026.648,322034.952,4097290.049,4097297.698,"Silva","NEON_D17_TEAK_DP1_322000_4097000_classified_point_cloud_colorized.laz","2018_TEAK_3_322000_4097000_image.tif","Tree",1,322000,322999.999,4097000,4097999.999
"12414",12812,322007.015,322009.998,4097657.008,4097663.924,"Silva","NEON_D17_TEAK_DP1_322000_4097000_classified_point_cloud_colorized.laz","2018_TEAK_3_322000_4097000_image.tif","Tree",1,322000,322999.999,4097000,4097999.999
"12415",12813,322000.033,322004.917,4097665.036,4097670.997,"Silva","NEON_D17_TEAK_DP1_322000_4097000_classified_point_cloud_colorized.laz","2018_TEAK_3_322000_4097000_image.tif","Tree",1,322000,322999.999,4097000,4097999.999
"12416",12814,322029.778,322038.088,4097662.221,4097672.643,"Silva","NEON_D17_TEAK_DP1_322000_4097000_classified_point_cloud_colorized.laz","2018_TEAK_3_322000_4097000_image.tif","Tree",1,322000,322999.999,4097000,4097999.999
"12417",12815,322048.005,322049.477,4097667.651,4097669.38,"Silva","NEON_D17_TEAK_DP1_322000_4097000_classified_point_cloud_colorized.laz","2018_TEAK_3_322000_4097000_image.tif","Tree",1,322000,322999.999,4097000,4097999.999
"12418",12816,322052.746,322055.444,4097670.018,4097673.388,"Silva","NEON_D17_TEAK_DP1_322000_4097000_classified_point_cloud_colorized.laz","2018_TEAK_3_322000_4097000_image.tif","Tree",1,322000,322999.999,4097000,4097999.999
"12419",12817,322014.077,322023.677,4097666.504,4097675.973,"Silva","NEON_D17_TEAK_DP1_322000_4097000_classified_point_cloud_colorized.laz","2018_TEAK_3_322000_4097000_image.tif","Tree",1,322000,322999.999,4097000,4097999.999
"12420",12818,322003.193,322006.383,4097673.246,4097678.871,"Silva","NEON_D17_TEAK_DP1_322000_4097000_classified_point_cloud_colorized.laz","2018_TEAK_3_322000_4097000_image.tif","Tree",1,322000,322999.999,4097000,4097999.999
"12421",12819,322044.673,322044.991,4097674.541,4097674.555,"Silva","NEON_D17_TEAK_DP1_322000_4097000_classified_point_cloud_colorized.laz","2018_TEAK_3_322000_4097000_image.tif","Tree",1,322000,322999.999,4097000,4097999.999
"12422",12820,322051.559,322054.422,4097673.891,4097676.243,"Silva","NEON_D17_TEAK_DP1_322000_4097000_classified_point_cloud_colorized.laz","2018_TEAK_3_322000_4097000_image.tif","Tree",1,322000,322999.999,4097000,4097999.999
"12423",12822,322016.017,322022.996,4097675.022,4097682.853,"Silva","NEON_D17_TEAK_DP1_322000_4097000_classified_point_cloud_colorized.laz","2018_TEAK_3_322000_4097000_image.tif","Tree",1,322000,322999.999,4097000,4097999.999
"12424",12823,322010.589,322016.482,4097674.026,4097681.641,"Silva","NEON_D17_TEAK_DP1_322000_4097000_classified_point_cloud_colorized.laz","2018_TEAK_3_322000_4097000_image.tif","Tree",1,322000,322999.999,4097000,4097999.999
"12425",12824,322045.017,322046.49,4097678.58,4097679.624,"Silva","NEON_D17_TEAK_DP1_322000_4097000_classified_point_cloud_colorized.laz","2018_TEAK_3_322000_4097000_image.tif","Tree",1,322000,322999.999,4097000,4097999.999
"12426",12825,322035.556,322037.493,4097681.51,4097683.238,"Silva","NEON_D17_TEAK_DP1_322000_4097000_classified_point_cloud_colorized.laz","2018_TEAK_3_322000_4097000_image.tif","Tree",1,322000,322999.999,4097000,4097999.999
"12427",12826,322053.622,322054.349,4097686.705,4097687.113,"Silva","NEON_D17_TEAK_DP1_322000_4097000_classified_point_cloud_colorized.laz","2018_TEAK_3_322000_4097000_image.tif","Tree",1,322000,322999.999,4097000,4097999.999
"12428",12827,322047.566,322049.155,4097686.006,4097687.22,"Silva","NEON_D17_TEAK_DP1_322000_4097000_classified_point_cloud_colorized.laz","2018_TEAK_3_322000_4097000_image.tif","Tree",1,322000,322999.999,4097000,4097999.999
"12429",12828,322032.557,322035.474,4097687.7,4097690.994,"Silva","NEON_D17_TEAK_DP1_322000_4097000_classified_point_cloud_colorized.laz","2018_TEAK_3_322000_4097000_image.tif","Tree",1,322000,322999.999,4097000,4097999.999
"12430",12829,322045.013,322054.116,4097695.076,4097704.408,"Silva","NEON_D17_TEAK_DP1_322000_4097000_classified_point_cloud_colorized.laz","2018_TEAK_3_322000_4097000_image.tif","Tree",1,322000,322999.999,4097000,4097999.999
"12431",12830,322020.057,322027.788,4097695.852,4097704.493,"Silva","NEON_D17_TEAK_DP1_322000_4097000_classified_point_cloud_colorized.laz","2018_TEAK_3_322000_4097000_image.tif","Tree",1,322000,322999.999,4097000,4097999.999
"12432",12831,322037.03,322044.918,4097697.554,4097706.714,"Silva","NEON_D17_TEAK_DP1_322000_4097000_classified_point_cloud_colorized.laz","2018_TEAK_3_322000_4097000_image.tif","Tree",1,322000,322999.999,4097000,4097999.999
"12433",12832,322042.162,322051.669,4097700.556,4097711.983,"Silva","NEON_D17_TEAK_DP1_322000_4097000_classified_point_cloud_colorized.laz","2018_TEAK_3_322000_4097000_image.tif","Tree",1,322000,322999.999,4097000,4097999.999
"12434",12833,322071.532,322073.475,4097703.001,4097705.577,"Silva","NEON_D17_TEAK_DP1_322000_4097000_classified_point_cloud_colorized.laz","2018_TEAK_3_322000_4097000_image.tif","Tree",1,322000,322999.999,4097000,4097999.999
"12435",12834,322053.878,322062.954,4097699.684,4097711.492,"Silva","NEON_D17_TEAK_DP1_322000_4097000_classified_point_cloud_colorized.laz","2018_TEAK_3_322000_4097000_image.tif","Tree",1,322000,322999.999,4097000,4097999.999
"12436",12835,322029.13,322029.926,4097706.646,4097707.152,"Silva","NEON_D17_TEAK_DP1_322000_4097000_classified_point_cloud_colorized.laz","2018_TEAK_3_322000_4097000_image.tif","Tree",1,322000,322999.999,4097000,4097999.999
"12437",12836,322024.087,322025.918,4097704.023,4097710.125,"Silva","NEON_D17_TEAK_DP1_322000_4097000_classified_point_cloud_colorized.laz","2018_TEAK_3_322000_4097000_image.tif","Tree",1,322000,322999.999,4097000,4097999.999
"12438",12837,322064.691,322067.901,4097705.581,4097709.419,"Silva","NEON_D17_TEAK_DP1_322000_4097000_classified_point_cloud_colorized.laz","2018_TEAK_3_322000_4097000_image.tif","Tree",1,322000,322999.999,4097000,4097999.999
"12439",12838,322018.076,322023.852,4097706.886,4097714.498,"Silva","NEON_D17_TEAK_DP1_322000_4097000_classified_point_cloud_colorized.laz","2018_TEAK_3_322000_4097000_image.tif","Tree",1,322000,322999.999,4097000,4097999.999
"12440",12839,322006.547,322013.894,4097706.554,4097715.475,"Silva","NEON_D17_TEAK_DP1_322000_4097000_classified_point_cloud_colorized.laz","2018_TEAK_3_322000_4097000_image.tif","Tree",1,322000,322999.999,4097000,4097999.999
"12441",12840,322000.01,322004.336,4097711.504,4097714.464,"Silva","NEON_D17_TEAK_DP1_322000_4097000_classified_point_cloud_colorized.laz","2018_TEAK_3_322000_4097000_image.tif","Tree",1,322000,322999.999,4097000,4097999.999
"12442",12841,322054.343,322061.932,4097711.343,4097718.455,"Silva","NEON_D17_TEAK_DP1_322000_4097000_classified_point_cloud_colorized.laz","2018_TEAK_3_322000_4097000_image.tif","Tree",1,322000,322999.999,4097000,4097999.999
"12443",12842,322078.765,322082.812,4097717.552,4097722.445,"Silva","NEON_D17_TEAK_DP1_322000_4097000_classified_point_cloud_colorized.laz","2018_TEAK_3_322000_4097000_image.tif","Tree",1,322000,322999.999,4097000,4097999.999
"12444",12843,322046.02,322050.997,4097714.601,4097722.154,"Silva","NEON_D17_TEAK_DP1_322000_4097000_classified_point_cloud_colorized.laz","2018_TEAK_3_322000_4097000_image.tif","Tree",1,322000,322999.999,4097000,4097999.999
"12445",12844,322036.16,322044.971,4097716.44,4097726.093,"Silva","NEON_D17_TEAK_DP1_322000_4097000_classified_point_cloud_colorized.laz","2018_TEAK_3_322000_4097000_image.tif","Tree",1,322000,322999.999,4097000,4097999.999
"12446",12845,322071.398,322077.423,4097721.962,4097725.432,"Silva","NEON_D17_TEAK_DP1_322000_4097000_classified_point_cloud_colorized.laz","2018_TEAK_3_322000_4097000_image.tif","Tree",1,322000,322999.999,4097000,4097999.999
"12447",12846,322058.553,322064.935,4097724.52,4097732.317,"Silva","NEON_D17_TEAK_DP1_322000_4097000_classified_point_cloud_colorized.laz","2018_TEAK_3_322000_4097000_image.tif","Tree",1,322000,322999.999,4097000,4097999.999
"12448",12847,322052.044,322058.965,4097722.491,4097733.444,"Silva","NEON_D17_TEAK_DP1_322000_4097000_classified_point_cloud_colorized.laz","2018_TEAK_3_322000_4097000_image.tif","Tree",1,322000,322999.999,4097000,4097999.999
"12449",12848,322008.578,322015.897,4097727.649,4097731.921,"Silva","NEON_D17_TEAK_DP1_322000_4097000_classified_point_cloud_colorized.laz","2018_TEAK_3_322000_4097000_image.tif","Tree",1,322000,322999.999,4097000,4097999.999
"12450",12849,322000.142,322005.869,4097730.09,4097736.876,"Silva","NEON_D17_TEAK_DP1_322000_4097000_classified_point_cloud_colorized.laz","2018_TEAK_3_322000_4097000_image.tif","Tree",1,322000,322999.999,4097000,4097999.999
"12451",12850,322006.548,322012.407,4097730.629,4097736.49,"Silva","NEON_D17_TEAK_DP1_322000_4097000_classified_point_cloud_colorized.laz","2018_TEAK_3_322000_4097000_image.tif","Tree",1,322000,322999.999,4097000,4097999.999
"12452",12851,322043.013,322051.717,4097727.054,4097736.386,"Silva","NEON_D17_TEAK_DP1_322000_4097000_classified_point_cloud_colorized.laz","2018_TEAK_3_322000_4097000_image.tif","Tree",1,322000,322999.999,4097000,4097999.999
"12453",12852,322033.001,322038.982,4097729.51,4097735.996,"Silva","NEON_D17_TEAK_DP1_322000_4097000_classified_point_cloud_colorized.laz","2018_TEAK_3_322000_4097000_image.tif","Tree",1,322000,322999.999,4097000,4097999.999
"12454",12853,322000.001,322002.46,4097735.006,4097740.22,"Silva","NEON_D17_TEAK_DP1_322000_4097000_classified_point_cloud_colorized.laz","2018_TEAK_3_322000_4097000_image.tif","Tree",1,322000,322999.999,4097000,4097999.999
"12455",12854,322076.604,322081.466,4097734.53,4097741.491,"Silva","NEON_D17_TEAK_DP1_322000_4097000_classified_point_cloud_colorized.laz","2018_TEAK_3_322000_4097000_image.tif","Tree",1,322000,322999.999,4097000,4097999.999
"12456",12855,322029.566,322037.493,4097736.55,4097744.953,"Silva","NEON_D17_TEAK_DP1_322000_4097000_classified_point_cloud_colorized.laz","2018_TEAK_3_322000_4097000_image.tif","Tree",1,322000,322999.999,4097000,4097999.999
"12457",12856,322063.542,322074.421,4097736.037,4097745.23,"Silva","NEON_D17_TEAK_DP1_322000_4097000_classified_point_cloud_colorized.laz","2018_TEAK_3_322000_4097000_image.tif","Tree",1,322000,322999.999,4097000,4097999.999
"12458",12857,322006.229,322012.453,4097742.605,4097748.938,"Silva","NEON_D17_TEAK_DP1_322000_4097000_classified_point_cloud_colorized.laz","2018_TEAK_3_322000_4097000_image.tif","Tree",1,322000,322999.999,4097000,4097999.999
"12459",12858,322058.099,322066.325,4097741.657,4097751.946,"Silva","NEON_D17_TEAK_DP1_322000_4097000_classified_point_cloud_colorized.laz","2018_TEAK_3_322000_4097000_image.tif","Tree",1,322000,322999.999,4097000,4097999.999
"12460",12859,322032.528,322040.985,4097743.314,4097751.622,"Silva","NEON_D17_TEAK_DP1_322000_4097000_classified_point_cloud_colorized.laz","2018_TEAK_3_322000_4097000_image.tif","Tree",1,322000,322999.999,4097000,4097999.999
"12461",12860,322012.603,322018.838,4097747.591,4097754.439,"Silva","NEON_D17_TEAK_DP1_322000_4097000_classified_point_cloud_colorized.laz","2018_TEAK_3_322000_4097000_image.tif","Tree",1,322000,322999.999,4097000,4097999.999
"12462",12861,322047.556,322054.495,4097750.337,4097759.464,"Silva","NEON_D17_TEAK_DP1_322000_4097000_classified_point_cloud_colorized.laz","2018_TEAK_3_322000_4097000_image.tif","Tree",1,322000,322999.999,4097000,4097999.999
"12463",12862,322054.503,322061.483,4097749.061,4097758.361,"Silva","NEON_D17_TEAK_DP1_322000_4097000_classified_point_cloud_colorized.laz","2018_TEAK_3_322000_4097000_image.tif","Tree",1,322000,322999.999,4097000,4097999.999
"12464",12863,322038.095,322045.808,4097749.513,4097758.148,"Silva","NEON_D17_TEAK_DP1_322000_4097000_classified_point_cloud_colorized.laz","2018_TEAK_3_322000_4097000_image.tif","Tree",1,322000,322999.999,4097000,4097999.999
"12465",12864,322011.548,322017.991,4097754.563,4097761.383,"Silva","NEON_D17_TEAK_DP1_322000_4097000_classified_point_cloud_colorized.laz","2018_TEAK_3_322000_4097000_image.tif","Tree",1,322000,322999.999,4097000,4097999.999
"12466",12865,322035.528,322042.996,4097754.533,4097765.943,"Silva","NEON_D17_TEAK_DP1_322000_4097000_classified_point_cloud_colorized.laz","2018_TEAK_3_322000_4097000_image.tif","Tree",1,322000,322999.999,4097000,4097999.999
"12467",12866,322070.198,322074.446,4097761.035,4097765.436,"Silva","NEON_D17_TEAK_DP1_322000_4097000_classified_point_cloud_colorized.laz","2018_TEAK_3_322000_4097000_image.tif","Tree",1,322000,322999.999,4097000,4097999.999
"12468",12867,322055.551,322063.952,4097759.72,4097768.38,"Silva","NEON_D17_TEAK_DP1_322000_4097000_classified_point_cloud_colorized.laz","2018_TEAK_3_322000_4097000_image.tif","Tree",1,322000,322999.999,4097000,4097999.999
"12469",12868,322060.638,322068.966,4097764.534,4097772.376,"Silva","NEON_D17_TEAK_DP1_322000_4097000_classified_point_cloud_colorized.laz","2018_TEAK_3_322000_4097000_image.tif","Tree",1,322000,322999.999,4097000,4097999.999
"12470",12869,322007,322014.451,4097766.517,4097773.879,"Silva","NEON_D17_TEAK_DP1_322000_4097000_classified_point_cloud_colorized.laz","2018_TEAK_3_322000_4097000_image.tif","Tree",1,322000,322999.999,4097000,4097999.999
"12471",12870,322036.738,322041.99,4097771.026,4097776.111,"Silva","NEON_D17_TEAK_DP1_322000_4097000_classified_point_cloud_colorized.laz","2018_TEAK_3_322000_4097000_image.tif","Tree",1,322000,322999.999,4097000,4097999.999
"12472",12871,322047.002,322052.98,4097774.6,4097783.379,"Silva","NEON_D17_TEAK_DP1_322000_4097000_classified_point_cloud_colorized.laz","2018_TEAK_3_322000_4097000_image.tif","Tree",1,322000,322999.999,4097000,4097999.999
"12473",12872,322035.547,322041.316,4097776.014,4097779.802,"Silva","NEON_D17_TEAK_DP1_322000_4097000_classified_point_cloud_colorized.laz","2018_TEAK_3_322000_4097000_image.tif","Tree",1,322000,322999.999,4097000,4097999.999
"12474",12873,322020.042,322027.869,4097773.415,4097781.591,"Silva","NEON_D17_TEAK_DP1_322000_4097000_classified_point_cloud_colorized.laz","2018_TEAK_3_322000_4097000_image.tif","Tree",1,322000,322999.999,4097000,4097999.999
"12475",12874,322010.507,322012.167,4097780.16,4097781.431,"Silva","NEON_D17_TEAK_DP1_322000_4097000_classified_point_cloud_colorized.laz","2018_TEAK_3_322000_4097000_image.tif","Tree",1,322000,322999.999,4097000,4097999.999
"12476",12875,322039.012,322044.48,4097780.083,4097784.968,"Silva","NEON_D17_TEAK_DP1_322000_4097000_classified_point_cloud_colorized.laz","2018_TEAK_3_322000_4097000_image.tif","Tree",1,322000,322999.999,4097000,4097999.999
"12477",12876,322000.052,322003.425,4097779.049,4097784.99,"Silva","NEON_D17_TEAK_DP1_322000_4097000_classified_point_cloud_colorized.laz","2018_TEAK_3_322000_4097000_image.tif","Tree",1,322000,322999.999,4097000,4097999.999
"12478",12877,322034.692,322035.695,4097793.05,4097794.372,"Silva","NEON_D17_TEAK_DP1_322000_4097000_classified_point_cloud_colorized.laz","2018_TEAK_3_322000_4097000_image.tif","Tree",1,322000,322999.999,4097000,4097999.999
"12479",12878,322018.01,322022.983,4097793.576,4097797.403,"Silva","NEON_D17_TEAK_DP1_322000_4097000_classified_point_cloud_colorized.laz","2018_TEAK_3_322000_4097000_image.tif","Tree",1,322000,322999.999,4097000,4097999.999
"12480",12879,322028.033,322035.942,4097796.06,4097803.499,"Silva","NEON_D17_TEAK_DP1_322000_4097000_classified_point_cloud_colorized.laz","2018_TEAK_3_322000_4097000_image.tif","Tree",1,322000,322999.999,4097000,4097999.999
"12481",12880,322031.541,322034.475,4097805.565,4097807.835,"Silva","NEON_D17_TEAK_DP1_322000_4097000_classified_point_cloud_colorized.laz","2018_TEAK_3_322000_4097000_image.tif","Tree",1,322000,322999.999,4097000,4097999.999
"12482",12883,322036.754,322043.988,4097812.688,4097819.97,"Silva","NEON_D17_TEAK_DP1_322000_4097000_classified_point_cloud_colorized.laz","2018_TEAK_3_322000_4097000_image.tif","Tree",1,322000,322999.999,4097000,4097999.999
"12483",12884,322005.615,322007.863,4097825.021,4097826.689,"Silva","NEON_D17_TEAK_DP1_322000_4097000_classified_point_cloud_colorized.laz","2018_TEAK_3_322000_4097000_image.tif","Tree",1,322000,322999.999,4097000,4097999.999
"12484",12885,322005.51,322010.978,4097831.61,4097836.389,"Silva","NEON_D17_TEAK_DP1_322000_4097000_classified_point_cloud_colorized.laz","2018_TEAK_3_322000_4097000_image.tif","Tree",1,322000,322999.999,4097000,4097999.999
"12485",12887,322013.535,322015.986,4097841.674,4097843.771,"Silva","NEON_D17_TEAK_DP1_322000_4097000_classified_point_cloud_colorized.laz","2018_TEAK_3_322000_4097000_image.tif","Tree",1,322000,322999.999,4097000,4097999.999
"12486",12888,322010.531,322012.426,4097844.235,4097845.779,"Silva","NEON_D17_TEAK_DP1_322000_4097000_classified_point_cloud_colorized.laz","2018_TEAK_3_322000_4097000_image.tif","Tree",1,322000,322999.999,4097000,4097999.999
"12487",12889,322043.548,322048.607,4097844.554,4097849.395,"Silva","NEON_D17_TEAK_DP1_322000_4097000_classified_point_cloud_colorized.laz","2018_TEAK_3_322000_4097000_image.tif","Tree",1,322000,322999.999,4097000,4097999.999
"12488",12890,322025.105,322029.979,4097845.09,4097848.362,"Silva","NEON_D17_TEAK_DP1_322000_4097000_classified_point_cloud_colorized.laz","2018_TEAK_3_322000_4097000_image.tif","Tree",1,322000,322999.999,4097000,4097999.999
"12489",12891,322044.52,322049.926,4097849.716,4097854.469,"Silva","NEON_D17_TEAK_DP1_322000_4097000_classified_point_cloud_colorized.laz","2018_TEAK_3_322000_4097000_image.tif","Tree",1,322000,322999.999,4097000,4097999.999
"12490",12892,322001.182,322007.413,4097848.013,4097855.992,"Silva","NEON_D17_TEAK_DP1_322000_4097000_classified_point_cloud_colorized.laz","2018_TEAK_3_322000_4097000_image.tif","Tree",1,322000,322999.999,4097000,4097999.999
"12491",12894,322028.23,322032.952,4097856.605,4097861.831,"Silva","NEON_D17_TEAK_DP1_322000_4097000_classified_point_cloud_colorized.laz","2018_TEAK_3_322000_4097000_image.tif","Tree",1,322000,322999.999,4097000,4097999.999
"12492",12895,322039.057,322047.483,4097856.509,4097865.951,"Silva","NEON_D17_TEAK_DP1_322000_4097000_classified_point_cloud_colorized.laz","2018_TEAK_3_322000_4097000_image.tif","Tree",1,322000,322999.999,4097000,4097999.999
"12493",12896,322001.749,322004.85,4097860.197,4097861.057,"Silva","NEON_D17_TEAK_DP1_322000_4097000_classified_point_cloud_colorized.laz","2018_TEAK_3_322000_4097000_image.tif","Tree",1,322000,322999.999,4097000,4097999.999
"12494",12897,322000.015,322004.465,4097873.612,4097879.87,"Silva","NEON_D17_TEAK_DP1_322000_4097000_classified_point_cloud_colorized.laz","2018_TEAK_3_322000_4097000_image.tif","Tree",1,322000,322999.999,4097000,4097999.999
"12495",12898,322018.508,322028.49,4097874.032,4097884.463,"Silva","NEON_D17_TEAK_DP1_322000_4097000_classified_point_cloud_colorized.laz","2018_TEAK_3_322000_4097000_image.tif","Tree",1,322000,322999.999,4097000,4097999.999
"12496",12899,322008.539,322011.891,4097879.003,4097881.719,"Silva","NEON_D17_TEAK_DP1_322000_4097000_classified_point_cloud_colorized.laz","2018_TEAK_3_322000_4097000_image.tif","Tree",1,322000,322999.999,4097000,4097999.999
"12497",12900,322000.011,322002.137,4097881.569,4097886.19,"Silva","NEON_D17_TEAK_DP1_322000_4097000_classified_point_cloud_colorized.laz","2018_TEAK_3_322000_4097000_image.tif","Tree",1,322000,322999.999,4097000,4097999.999
"12498",12901,322023.708,322028.905,4097888.78,4097892.226,"Silva","NEON_D17_TEAK_DP1_322000_4097000_classified_point_cloud_colorized.laz","2018_TEAK_3_322000_4097000_image.tif","Tree",1,322000,322999.999,4097000,4097999.999
"12499",12902,322014.162,322023.833,4097886.512,4097895.455,"Silva","NEON_D17_TEAK_DP1_322000_4097000_classified_point_cloud_colorized.laz","2018_TEAK_3_322000_4097000_image.tif","Tree",1,322000,322999.999,4097000,4097999.999
"12500",12903,322037.126,322037.972,4097889.595,4097891.449,"Silva","NEON_D17_TEAK_DP1_322000_4097000_classified_point_cloud_colorized.laz","2018_TEAK_3_322000_4097000_image.tif","Tree",1,322000,322999.999,4097000,4097999.999
"12501",12905,322011.503,322017.409,4097897.799,4097905.881,"Silva","NEON_D17_TEAK_DP1_322000_4097000_classified_point_cloud_colorized.laz","2018_TEAK_3_322000_4097000_image.tif","Tree",1,322000,322999.999,4097000,4097999.999
"12502",12906,322027.542,322032.487,4097904.043,4097912.293,"Silva","NEON_D17_TEAK_DP1_322000_4097000_classified_point_cloud_colorized.laz","2018_TEAK_3_322000_4097000_image.tif","Tree",1,322000,322999.999,4097000,4097999.999
"12503",12907,322011.842,322020.973,4097908.112,4097918.368,"Silva","NEON_D17_TEAK_DP1_322000_4097000_classified_point_cloud_colorized.laz","2018_TEAK_3_322000_4097000_image.tif","Tree",1,322000,322999.999,4097000,4097999.999
"12504",12908,322040.548,322045.963,4097911.602,4097914.999,"Silva","NEON_D17_TEAK_DP1_322000_4097000_classified_point_cloud_colorized.laz","2018_TEAK_3_322000_4097000_image.tif","Tree",1,322000,322999.999,4097000,4097999.999
"12505",12909,322028.007,322031.93,4097912.794,4097918.499,"Silva","NEON_D17_TEAK_DP1_322000_4097000_classified_point_cloud_colorized.laz","2018_TEAK_3_322000_4097000_image.tif","Tree",1,322000,322999.999,4097000,4097999.999
"12506",12910,322004.013,322013.367,4097912.655,4097918.612,"Silva","NEON_D17_TEAK_DP1_322000_4097000_classified_point_cloud_colorized.laz","2018_TEAK_3_322000_4097000_image.tif","Tree",1,322000,322999.999,4097000,4097999.999
"12507",12911,322045.011,322051.966,4097918.559,4097924.442,"Silva","NEON_D17_TEAK_DP1_322000_4097000_classified_point_cloud_colorized.laz","2018_TEAK_3_322000_4097000_image.tif","Tree",1,322000,322999.999,4097000,4097999.999
"12508",12912,322033.067,322036.41,4097918.507,4097922.911,"Silva","NEON_D17_TEAK_DP1_322000_4097000_classified_point_cloud_colorized.laz","2018_TEAK_3_322000_4097000_image.tif","Tree",1,322000,322999.999,4097000,4097999.999
"12509",12913,322016.549,322022.614,4097917.04,4097924.984,"Silva","NEON_D17_TEAK_DP1_322000_4097000_classified_point_cloud_colorized.laz","2018_TEAK_3_322000_4097000_image.tif","Tree",1,322000,322999.999,4097000,4097999.999
"12510",12914,322000.004,322005.445,4097916.078,4097926.473,"Silva","NEON_D17_TEAK_DP1_322000_4097000_classified_point_cloud_colorized.laz","2018_TEAK_3_322000_4097000_image.tif","Tree",1,322000,322999.999,4097000,4097999.999
"12511",12915,322041.37,322041.423,4097931.254,4097931.299,"Silva","NEON_D17_TEAK_DP1_322000_4097000_classified_point_cloud_colorized.laz","2018_TEAK_3_322000_4097000_image.tif","Tree",1,322000,322999.999,4097000,4097999.999
"12512",12916,322005.02,322006.366,4097929.701,4097931.398,"Silva","NEON_D17_TEAK_DP1_322000_4097000_classified_point_cloud_colorized.laz","2018_TEAK_3_322000_4097000_image.tif","Tree",1,322000,322999.999,4097000,4097999.999
"12513",12917,322014.509,322017.419,4097931.032,4097934.849,"Silva","NEON_D17_TEAK_DP1_322000_4097000_classified_point_cloud_colorized.laz","2018_TEAK_3_322000_4097000_image.tif","Tree",1,322000,322999.999,4097000,4097999.999
"12514",12918,322037.527,322042.127,4097935.011,4097939.49,"Silva","NEON_D17_TEAK_DP1_322000_4097000_classified_point_cloud_colorized.laz","2018_TEAK_3_322000_4097000_image.tif","Tree",1,322000,322999.999,4097000,4097999.999
"12515",12919,322026.007,322030.496,4097938.626,4097943.409,"Silva","NEON_D17_TEAK_DP1_322000_4097000_classified_point_cloud_colorized.laz","2018_TEAK_3_322000_4097000_image.tif","Tree",1,322000,322999.999,4097000,4097999.999
"12516",12920,322017.538,322018.237,4097944.007,4097944.385,"Silva","NEON_D17_TEAK_DP1_322000_4097000_classified_point_cloud_colorized.laz","2018_TEAK_3_322000_4097000_image.tif","Tree",1,322000,322999.999,4097000,4097999.999
"12517",12921,322000.135,322002.173,4097968.221,4097971.91,"Silva","NEON_D17_TEAK_DP1_322000_4097000_classified_point_cloud_colorized.laz","2018_TEAK_3_322000_4097000_image.tif","Tree",1,322000,322999.999,4097000,4097999.999
"12518",12922,322874.101,322880.437,4097677.175,4097683.993,"Silva","NEON_D17_TEAK_DP1_322000_4097000_classified_point_cloud_colorized.laz","2018_TEAK_3_322000_4097000_image.tif","Tree",1,322000,322999.999,4097000,4097999.999
"12519",12923,322882.199,322884.475,4097614.52,4097617.397,"Silva","NEON_D17_TEAK_DP1_322000_4097000_classified_point_cloud_colorized.laz","2018_TEAK_3_322000_4097000_image.tif","Tree",1,322000,322999.999,4097000,4097999.999
"12520",12924,322975.536,322978.974,4097562.53,4097566.49,"Silva","NEON_D17_TEAK_DP1_322000_4097000_classified_point_cloud_colorized.laz","2018_TEAK_3_322000_4097000_image.tif","Tree",1,322000,322999.999,4097000,4097999.999
"12521",12925,322930.501,322934.932,4097558.628,4097564.951,"Silva","NEON_D17_TEAK_DP1_322000_4097000_classified_point_cloud_colorized.laz","2018_TEAK_3_322000_4097000_image.tif","Tree",1,322000,322999.999,4097000,4097999.999
"12522",12926,322934.5,322939.959,4097460.52,4097465.895,"Silva","NEON_D17_TEAK_DP1_322000_4097000_classified_point_cloud_colorized.laz","2018_TEAK_3_322000_4097000_image.tif","Tree",1,322000,322999.999,4097000,4097999.999
"12523",12927,322976.704,322979.745,4097314.056,4097315.478,"Silva","NEON_D17_TEAK_DP1_322000_4097000_classified_point_cloud_colorized.laz","2018_TEAK_3_322000_4097000_image.tif","Tree",1,322000,322999.999,4097000,4097999.999
"12524",12928,322844.111,322847.715,4097205.675,4097207.497,"Silva","NEON_D17_TEAK_DP1_322000_4097000_classified_point_cloud_colorized.laz","2018_TEAK_3_322000_4097000_image.tif","Tree",1,322000,322999.999,4097000,4097999.999
"12525",12929,322872.163,322877.337,4097117.019,4097122.191,"Silva","NEON_D17_TEAK_DP1_322000_4097000_classified_point_cloud_colorized.laz","2018_TEAK_3_322000_4097000_image.tif","Tree",1,322000,322999.999,4097000,4097999.999
"12526",12930,322978.504,322983.098,4097113.647,4097119.392,"Silva","NEON_D17_TEAK_DP1_322000_4097000_classified_point_cloud_colorized.laz","2018_TEAK_3_322000_4097000_image.tif","Tree",1,322000,322999.999,4097000,4097999.999
"12527",12931,322815.504,322826.147,4097109.001,4097119.664,"Silva","NEON_D17_TEAK_DP1_322000_4097000_classified_point_cloud_colorized.laz","2018_TEAK_3_322000_4097000_image.tif","Tree",1,322000,322999.999,4097000,4097999.999
"12528",12932,322902.706,322908.4,4097096.022,4097101.468,"Silva","NEON_D17_TEAK_DP1_322000_4097000_classified_point_cloud_colorized.laz","2018_TEAK_3_322000_4097000_image.tif","Tree",1,322000,322999.999,4097000,4097999.999
"12529",12933,322907.774,322909.488,4097081.578,4097083.251,"Silva","NEON_D17_TEAK_DP1_322000_4097000_classified_point_cloud_colorized.laz","2018_TEAK_3_322000_4097000_image.tif","Tree",1,322000,322999.999,4097000,4097999.999
"12530",12934,322895.012,322897.975,4097051.443,4097054.471,"Silva","NEON_D17_TEAK_DP1_322000_4097000_classified_point_cloud_colorized.laz","2018_TEAK_3_322000_4097000_image.tif","Tree",1,322000,322999.999,4097000,4097999.999
"12531",12935,322812.524,322813.953,4097009.264,4097010.918,"Silva","NEON_D17_TEAK_DP1_322000_4097000_classified_point_cloud_colorized.laz","2018_TEAK_3_322000_4097000_image.tif","Tree",1,322000,322999.999,4097000,4097999.999
"12532",12936,322762.008,322766.265,4097014.088,4097018.477,"Silva","NEON_D17_TEAK_DP1_322000_4097000_classified_point_cloud_colorized.laz","2018_TEAK_3_322000_4097000_image.tif","Tree",1,322000,322999.999,4097000,4097999.999
"12533",12937,322566.044,322570.955,4097023.529,4097030.241,"Silva","NEON_D17_TEAK_DP1_322000_4097000_classified_point_cloud_colorized.laz","2018_TEAK_3_322000_4097000_image.tif","Tree",1,322000,322999.999,4097000,4097999.999
"12534",12938,322594.649,322598.3,4097024.596,4097029.442,"Silva","NEON_D17_TEAK_DP1_322000_4097000_classified_point_cloud_colorized.laz","2018_TEAK_3_322000_4097000_image.tif","Tree",1,322000,322999.999,4097000,4097999.999
"12535",12939,322669.014,322678.917,4097038.144,4097044.314,"Silva","NEON_D17_TEAK_DP1_322000_4097000_classified_point_cloud_colorized.laz","2018_TEAK_3_322000_4097000_image.tif","Tree",1,322000,322999.999,4097000,4097999.999
"12536",12940,322705.449,322710.992,4097061.104,4097065.96,"Silva","NEON_D17_TEAK_DP1_322000_4097000_classified_point_cloud_colorized.laz","2018_TEAK_3_322000_4097000_image.tif","Tree",1,322000,322999.999,4097000,4097999.999
"12537",12941,322558.003,322564.972,4097087.027,4097093.907,"Silva","NEON_D17_TEAK_DP1_322000_4097000_classified_point_cloud_colorized.laz","2018_TEAK_3_322000_4097000_image.tif","Tree",1,322000,322999.999,4097000,4097999.999
"12538",12942,322641.513,322648.437,4097089.025,4097094.803,"Silva","NEON_D17_TEAK_DP1_322000_4097000_classified_point_cloud_colorized.laz","2018_TEAK_3_322000_4097000_image.tif","Tree",1,322000,322999.999,4097000,4097999.999
"12539",12943,322880.59,322881.482,4097094.133,4097094.448,"Silva","NEON_D17_TEAK_DP1_322000_4097000_classified_point_cloud_colorized.laz","2018_TEAK_3_322000_4097000_image.tif","Tree",1,322000,322999.999,4097000,4097999.999
"12540",12944,322604.061,322614.469,4097099.515,4097109.136,"Silva","NEON_D17_TEAK_DP1_322000_4097000_classified_point_cloud_colorized.laz","2018_TEAK_3_322000_4097000_image.tif","Tree",1,322000,322999.999,4097000,4097999.999
"12541",12945,322883.52,322893.351,4097131.1,4097139.376,"Silva","NEON_D17_TEAK_DP1_322000_4097000_classified_point_cloud_colorized.laz","2018_TEAK_3_322000_4097000_image.tif","Tree",1,322000,322999.999,4097000,4097999.999
"12542",12946,322588.625,322594.997,4097141.524,4097150.498,"Silva","NEON_D17_TEAK_DP1_322000_4097000_classified_point_cloud_colorized.laz","2018_TEAK_3_322000_4097000_image.tif","Tree",1,322000,322999.999,4097000,4097999.999
"12543",12947,322759.05,322764.487,4097165.598,4097173.48,"Silva","NEON_D17_TEAK_DP1_322000_4097000_classified_point_cloud_colorized.laz","2018_TEAK_3_322000_4097000_image.tif","Tree",1,322000,322999.999,4097000,4097999.999
"12544",12948,322544.613,322551.987,4097184.501,4097191.374,"Silva","NEON_D17_TEAK_DP1_322000_4097000_classified_point_cloud_colorized.laz","2018_TEAK_3_322000_4097000_image.tif","Tree",1,322000,322999.999,4097000,4097999.999
"12545",12949,322585.693,322592.882,4097209.072,4097216.398,"Silva","NEON_D17_TEAK_DP1_322000_4097000_classified_point_cloud_colorized.laz","2018_TEAK_3_322000_4097000_image.tif","Tree",1,322000,322999.999,4097000,4097999.999
"12546",12950,322724.053,322726.738,4097312.187,4097316.827,"Silva","NEON_D17_TEAK_DP1_322000_4097000_classified_point_cloud_colorized.laz","2018_TEAK_3_322000_4097000_image.tif","Tree",1,322000,322999.999,4097000,4097999.999
"12547",12951,322838.516,322840.48,4097319.004,4097321.988,"Silva","NEON_D17_TEAK_DP1_322000_4097000_classified_point_cloud_colorized.laz","2018_TEAK_3_322000_4097000_image.tif","Tree",1,322000,322999.999,4097000,4097999.999
"12548",12952,322670.082,322677.387,4097338.571,4097346,"Silva","NEON_D17_TEAK_DP1_322000_4097000_classified_point_cloud_colorized.laz","2018_TEAK_3_322000_4097000_image.tif","Tree",1,322000,322999.999,4097000,4097999.999
"12549",12953,322744.632,322746.471,4097356.169,4097358.07,"Silva","NEON_D17_TEAK_DP1_322000_4097000_classified_point_cloud_colorized.laz","2018_TEAK_3_322000_4097000_image.tif","Tree",1,322000,322999.999,4097000,4097999.999
"12550",12954,322774.988,322780.461,4097377.237,4097383.473,"Silva","NEON_D17_TEAK_DP1_322000_4097000_classified_point_cloud_colorized.laz","2018_TEAK_3_322000_4097000_image.tif","Tree",1,322000,322999.999,4097000,4097999.999
"12551",12955,322603.169,322605.492,4097381.03,4097384.402,"Silva","NEON_D17_TEAK_DP1_322000_4097000_classified_point_cloud_colorized.laz","2018_TEAK_3_322000_4097000_image.tif","Tree",1,322000,322999.999,4097000,4097999.999
"12552",12956,322634.115,322640.943,4097392.148,4097399.868,"Silva","NEON_D17_TEAK_DP1_322000_4097000_classified_point_cloud_colorized.laz","2018_TEAK_3_322000_4097000_image.tif","Tree",1,322000,322999.999,4097000,4097999.999
"12553",12957,322673.505,322676.283,4097404.059,4097406.777,"Silva","NEON_D17_TEAK_DP1_322000_4097000_classified_point_cloud_colorized.laz","2018_TEAK_3_322000_4097000_image.tif","Tree",1,322000,322999.999,4097000,4097999.999
"12554",12958,322550.058,322555.311,4097416.501,4097423.47,"Silva","NEON_D17_TEAK_DP1_322000_4097000_classified_point_cloud_colorized.laz","2018_TEAK_3_322000_4097000_image.tif","Tree",1,322000,322999.999,4097000,4097999.999
"12555",12959,322669.501,322675.287,4097438.68,4097444.456,"Silva","NEON_D17_TEAK_DP1_322000_4097000_classified_point_cloud_colorized.laz","2018_TEAK_3_322000_4097000_image.tif","Tree",1,322000,322999.999,4097000,4097999.999
"12556",12960,322613.616,322621.483,4097444.173,4097449.408,"Silva","NEON_D17_TEAK_DP1_322000_4097000_classified_point_cloud_colorized.laz","2018_TEAK_3_322000_4097000_image.tif","Tree",1,322000,322999.999,4097000,4097999.999
"12557",12961,322908.697,322913.635,4097472.121,4097479.219,"Silva","NEON_D17_TEAK_DP1_322000_4097000_classified_point_cloud_colorized.laz","2018_TEAK_3_322000_4097000_image.tif","Tree",1,322000,322999.999,4097000,4097999.999
"12558",12962,322563.005,322566.897,4097493.829,4097497.994,"Silva","NEON_D17_TEAK_DP1_322000_4097000_classified_point_cloud_colorized.laz","2018_TEAK_3_322000_4097000_image.tif","Tree",1,322000,322999.999,4097000,4097999.999
"12559",12963,322951.006,322954.994,4097539.022,4097542.929,"Silva","NEON_D17_TEAK_DP1_322000_4097000_classified_point_cloud_colorized.laz","2018_TEAK_3_322000_4097000_image.tif","Tree",1,322000,322999.999,4097000,4097999.999
"12560",12964,322631.255,322632.71,4097559.027,4097561.855,"Silva","NEON_D17_TEAK_DP1_322000_4097000_classified_point_cloud_colorized.laz","2018_TEAK_3_322000_4097000_image.tif","Tree",1,322000,322999.999,4097000,4097999.999
"12561",12965,322831.532,322831.848,4097589.032,4097589.683,"Silva","NEON_D17_TEAK_DP1_322000_4097000_classified_point_cloud_colorized.laz","2018_TEAK_3_322000_4097000_image.tif","Tree",1,322000,322999.999,4097000,4097999.999
"12562",12966,322688.684,322690.978,4097841.638,4097844.38,"Silva","NEON_D17_TEAK_DP1_322000_4097000_classified_point_cloud_colorized.laz","2018_TEAK_3_322000_4097000_image.tif","Tree",1,322000,322999.999,4097000,4097999.999
"12563",12967,322761.007,322767.413,4097843.112,4097851.459,"Silva","NEON_D17_TEAK_DP1_322000_4097000_classified_point_cloud_colorized.laz","2018_TEAK_3_322000_4097000_image.tif","Tree",1,322000,322999.999,4097000,4097999.999
"12564",12968,322553.608,322559.499,4097845.638,4097852.353,"Silva","NEON_D17_TEAK_DP1_322000_4097000_classified_point_cloud_colorized.laz","2018_TEAK_3_322000_4097000_image.tif","Tree",1,322000,322999.999,4097000,4097999.999
"12565",12969,322736.537,322742.402,4097867.336,4097871.243,"Silva","NEON_D17_TEAK_DP1_322000_4097000_classified_point_cloud_colorized.laz","2018_TEAK_3_322000_4097000_image.tif","Tree",1,322000,322999.999,4097000,4097999.999
"12566",12970,322807.153,322817.243,4097930.02,4097938.474,"Silva","NEON_D17_TEAK_DP1_322000_4097000_classified_point_cloud_colorized.laz","2018_TEAK_3_322000_4097000_image.tif","Tree",1,322000,322999.999,4097000,4097999.999
"12567",12971,322863.51,322869.36,4097935.777,4097937.987,"Silva","NEON_D17_TEAK_DP1_322000_4097000_classified_point_cloud_colorized.laz","2018_TEAK_3_322000_4097000_image.tif","Tree",1,322000,322999.999,4097000,4097999.999
"12568",12972,322812.197,322815.581,4097951.044,4097953.767,"Silva","NEON_D17_TEAK_DP1_322000_4097000_classified_point_cloud_colorized.laz","2018_TEAK_3_322000_4097000_image.tif","Tree",1,322000,322999.999,4097000,4097999.999
"12569",12973,322725.635,322727.259,4097989.719,4097991.481,"Silva","NEON_D17_TEAK_DP1_322000_4097000_classified_point_cloud_colorized.laz","2018_TEAK_3_322000_4097000_image.tif","Tree",1,322000,322999.999,4097000,4097999.999
"12570",12974,322817.763,322817.973,4097996.714,4097996.822,"Silva","NEON_D17_TEAK_DP1_322000_4097000_classified_point_cloud_colorized.laz","2018_TEAK_3_322000_4097000_image.tif","Tree",1,322000,322999.999,4097000,4097999.999
"12571",12975,322641.166,322650.873,4097984.505,4097993.839,"Silva","NEON_D17_TEAK_DP1_322000_4097000_classified_point_cloud_colorized.laz","2018_TEAK_3_322000_4097000_image.tif","Tree",1,322000,322999.999,4097000,4097999.999
"12572",12976,322388.262,322388.671,4097983.374,4097983.948,"Silva","NEON_D17_TEAK_DP1_322000_4097000_classified_point_cloud_colorized.laz","2018_TEAK_3_322000_4097000_image.tif","Tree",1,322000,322999.999,4097000,4097999.999
"12573",12977,322170.201,322175.949,4097981.143,4097985.108,"Silva","NEON_D17_TEAK_DP1_322000_4097000_classified_point_cloud_colorized.laz","2018_TEAK_3_322000_4097000_image.tif","Tree",1,322000,322999.999,4097000,4097999.999
"12574",12978,322384.203,322384.65,4097980.714,4097980.91,"Silva","NEON_D17_TEAK_DP1_322000_4097000_classified_point_cloud_colorized.laz","2018_TEAK_3_322000_4097000_image.tif","Tree",1,322000,322999.999,4097000,4097999.999
"12575",12979,322379.794,322380.267,4097978.444,4097978.787,"Silva","NEON_D17_TEAK_DP1_322000_4097000_classified_point_cloud_colorized.laz","2018_TEAK_3_322000_4097000_image.tif","Tree",1,322000,322999.999,4097000,4097999.999
"12576",12980,322375.572,322375.755,4097975.037,4097975.629,"Silva","NEON_D17_TEAK_DP1_322000_4097000_classified_point_cloud_colorized.laz","2018_TEAK_3_322000_4097000_image.tif","Tree",1,322000,322999.999,4097000,4097999.999
"12577",12981,322700.333,322704.225,4097928.058,4097932.39,"Silva","NEON_D17_TEAK_DP1_322000_4097000_classified_point_cloud_colorized.laz","2018_TEAK_3_322000_4097000_image.tif","Tree",1,322000,322999.999,4097000,4097999.999
"12578",12982,322693.047,322700.46,4097907.122,4097912.384,"Silva","NEON_D17_TEAK_DP1_322000_4097000_classified_point_cloud_colorized.laz","2018_TEAK_3_322000_4097000_image.tif","Tree",1,322000,322999.999,4097000,4097999.999
"12579",12983,322621.572,322626.347,4097875.596,4097880.987,"Silva","NEON_D17_TEAK_DP1_322000_4097000_classified_point_cloud_colorized.laz","2018_TEAK_3_322000_4097000_image.tif","Tree",1,322000,322999.999,4097000,4097999.999
"12580",12984,322628.015,322633.973,4097876.437,4097881.379,"Silva","NEON_D17_TEAK_DP1_322000_4097000_classified_point_cloud_colorized.laz","2018_TEAK_3_322000_4097000_image.tif","Tree",1,322000,322999.999,4097000,4097999.999
"12581",12985,322723.314,322732.745,4097865.761,4097871.355,"Silva","NEON_D17_TEAK_DP1_322000_4097000_classified_point_cloud_colorized.laz","2018_TEAK_3_322000_4097000_image.tif","Tree",1,322000,322999.999,4097000,4097999.999
"12582",12986,322500.521,322500.943,4097841.507,4097842.425,"Silva","NEON_D17_TEAK_DP1_322000_4097000_classified_point_cloud_colorized.laz","2018_TEAK_3_322000_4097000_image.tif","Tree",1,322000,322999.999,4097000,4097999.999
"12583",12987,322532.639,322540.478,4097832.846,4097846.294,"Silva","NEON_D17_TEAK_DP1_322000_4097000_classified_point_cloud_colorized.laz","2018_TEAK_3_322000_4097000_image.tif","Tree",1,322000,322999.999,4097000,4097999.999
"12584",12988,322708.555,322717.376,4097828.274,4097838.746,"Silva","NEON_D17_TEAK_DP1_322000_4097000_classified_point_cloud_colorized.laz","2018_TEAK_3_322000_4097000_image.tif","Tree",1,322000,322999.999,4097000,4097999.999
"12585",12989,322721.304,322727.807,4097831.099,4097837.913,"Silva","NEON_D17_TEAK_DP1_322000_4097000_classified_point_cloud_colorized.laz","2018_TEAK_3_322000_4097000_image.tif","Tree",1,322000,322999.999,4097000,4097999.999
"12586",12990,322732.136,322741.933,4097824.06,4097832.941,"Silva","NEON_D17_TEAK_DP1_322000_4097000_classified_point_cloud_colorized.laz","2018_TEAK_3_322000_4097000_image.tif","Tree",1,322000,322999.999,4097000,4097999.999
"12587",12991,322295.771,322299.843,4097793.551,4097796.773,"Silva","NEON_D17_TEAK_DP1_322000_4097000_classified_point_cloud_colorized.laz","2018_TEAK_3_322000_4097000_image.tif","Tree",1,322000,322999.999,4097000,4097999.999
"12588",12992,322306.153,322312.419,4097787.007,4097794.468,"Silva","NEON_D17_TEAK_DP1_322000_4097000_classified_point_cloud_colorized.laz","2018_TEAK_3_322000_4097000_image.tif","Tree",1,322000,322999.999,4097000,4097999.999
"12589",12993,322560.571,322565.964,4097766.568,4097770.828,"Silva","NEON_D17_TEAK_DP1_322000_4097000_classified_point_cloud_colorized.laz","2018_TEAK_3_322000_4097000_image.tif","Tree",1,322000,322999.999,4097000,4097999.999
"12590",12994,322223.504,322224.416,4097753.141,4097754.988,"Silva","NEON_D17_TEAK_DP1_322000_4097000_classified_point_cloud_colorized.laz","2018_TEAK_3_322000_4097000_image.tif","Tree",1,322000,322999.999,4097000,4097999.999
"12591",12995,322366.805,322373.451,4097744.448,4097750.249,"Silva","NEON_D17_TEAK_DP1_322000_4097000_classified_point_cloud_colorized.laz","2018_TEAK_3_322000_4097000_image.tif","Tree",1,322000,322999.999,4097000,4097999.999
"12592",12996,322504.543,322504.988,4097701.216,4097701.421,"Silva","NEON_D17_TEAK_DP1_322000_4097000_classified_point_cloud_colorized.laz","2018_TEAK_3_322000_4097000_image.tif","Tree",1,322000,322999.999,4097000,4097999.999
"12593",12997,322467.513,322470.842,4097637.513,4097640.504,"Silva","NEON_D17_TEAK_DP1_322000_4097000_classified_point_cloud_colorized.laz","2018_TEAK_3_322000_4097000_image.tif","Tree",1,322000,322999.999,4097000,4097999.999
"12594",12998,322348.003,322353.469,4097605.139,4097610.534,"Silva","NEON_D17_TEAK_DP1_322000_4097000_classified_point_cloud_colorized.laz","2018_TEAK_3_322000_4097000_image.tif","Tree",1,322000,322999.999,4097000,4097999.999
"12595",12999,322300.081,322305.599,4097581.156,4097587.498,"Silva","NEON_D17_TEAK_DP1_322000_4097000_classified_point_cloud_colorized.laz","2018_TEAK_3_322000_4097000_image.tif","Tree",1,322000,322999.999,4097000,4097999.999
"12596",13000,322318.379,322323.229,4097580.693,4097586.607,"Silva","NEON_D17_TEAK_DP1_322000_4097000_classified_point_cloud_colorized.laz","2018_TEAK_3_322000_4097000_image.tif","Tree",1,322000,322999.999,4097000,4097999.999
"12597",13001,322365.672,322373.482,4097509.108,4097518.464,"Silva","NEON_D17_TEAK_DP1_322000_4097000_classified_point_cloud_colorized.laz","2018_TEAK_3_322000_4097000_image.tif","Tree",1,322000,322999.999,4097000,4097999.999
"12598",13002,322536.568,322537.445,4097499.625,4097500.467,"Silva","NEON_D17_TEAK_DP1_322000_4097000_classified_point_cloud_colorized.laz","2018_TEAK_3_322000_4097000_image.tif","Tree",1,322000,322999.999,4097000,4097999.999
"12599",13003,322524.747,322529.985,4097502.528,4097507.243,"Silva","NEON_D17_TEAK_DP1_322000_4097000_classified_point_cloud_colorized.laz","2018_TEAK_3_322000_4097000_image.tif","Tree",1,322000,322999.999,4097000,4097999.999
"12600",13004,322657.231,322665.372,4097495.841,4097502.262,"Silva","NEON_D17_TEAK_DP1_322000_4097000_classified_point_cloud_colorized.laz","2018_TEAK_3_322000_4097000_image.tif","Tree",1,322000,322999.999,4097000,4097999.999
"12601",13005,322817.103,322826.812,4097473.701,4097486.473,"Silva","NEON_D17_TEAK_DP1_322000_4097000_classified_point_cloud_colorized.laz","2018_TEAK_3_322000_4097000_image.tif","Tree",1,322000,322999.999,4097000,4097999.999
"12602",13006,322360.958,322366.491,4097433.681,4097440.672,"Silva","NEON_D17_TEAK_DP1_322000_4097000_classified_point_cloud_colorized.laz","2018_TEAK_3_322000_4097000_image.tif","Tree",1,322000,322999.999,4097000,4097999.999
"12603",13007,322504.579,322509.167,4097441.166,4097448.303,"Silva","NEON_D17_TEAK_DP1_322000_4097000_classified_point_cloud_colorized.laz","2018_TEAK_3_322000_4097000_image.tif","Tree",1,322000,322999.999,4097000,4097999.999
"12604",13008,322540.035,322542.835,4097408.588,4097412.983,"Silva","NEON_D17_TEAK_DP1_322000_4097000_classified_point_cloud_colorized.laz","2018_TEAK_3_322000_4097000_image.tif","Tree",1,322000,322999.999,4097000,4097999.999
"12605",13009,322459.532,322465.898,4097395.242,4097403.976,"Silva","NEON_D17_TEAK_DP1_322000_4097000_classified_point_cloud_colorized.laz","2018_TEAK_3_322000_4097000_image.tif","Tree",1,322000,322999.999,4097000,4097999.999
"12606",13010,322885.078,322892.206,4097406.049,4097410.464,"Silva","NEON_D17_TEAK_DP1_322000_4097000_classified_point_cloud_colorized.laz","2018_TEAK_3_322000_4097000_image.tif","Tree",1,322000,322999.999,4097000,4097999.999
"12607",13011,322761.015,322763.823,4097392.03,4097394.45,"Silva","NEON_D17_TEAK_DP1_322000_4097000_classified_point_cloud_colorized.laz","2018_TEAK_3_322000_4097000_image.tif","Tree",1,322000,322999.999,4097000,4097999.999
"12608",13012,322954.332,322959.112,4097398.629,4097406.466,"Silva","NEON_D17_TEAK_DP1_322000_4097000_classified_point_cloud_colorized.laz","2018_TEAK_3_322000_4097000_image.tif","Tree",1,322000,322999.999,4097000,4097999.999
"12609",13013,322514.551,322519.864,4097365.119,4097370.884,"Silva","NEON_D17_TEAK_DP1_322000_4097000_classified_point_cloud_colorized.laz","2018_TEAK_3_322000_4097000_image.tif","Tree",1,322000,322999.999,4097000,4097999.999
"12610",13014,322882.513,322889.281,4097381.549,4097387.838,"Silva","NEON_D17_TEAK_DP1_322000_4097000_classified_point_cloud_colorized.laz","2018_TEAK_3_322000_4097000_image.tif","Tree",1,322000,322999.999,4097000,4097999.999
"12611",13015,322854.321,322862.369,4097377.814,4097386.913,"Silva","NEON_D17_TEAK_DP1_322000_4097000_classified_point_cloud_colorized.laz","2018_TEAK_3_322000_4097000_image.tif","Tree",1,322000,322999.999,4097000,4097999.999
"12612",13016,322408.399,322414.957,4097349.029,4097352.624,"Silva","NEON_D17_TEAK_DP1_322000_4097000_classified_point_cloud_colorized.laz","2018_TEAK_3_322000_4097000_image.tif","Tree",1,322000,322999.999,4097000,4097999.999
"12613",13017,322958.013,322964.028,4097366.507,4097373.38,"Silva","NEON_D17_TEAK_DP1_322000_4097000_classified_point_cloud_colorized.laz","2018_TEAK_3_322000_4097000_image.tif","Tree",1,322000,322999.999,4097000,4097999.999
"12614",13018,322484.553,322491.477,4097334.516,4097341.472,"Silva","NEON_D17_TEAK_DP1_322000_4097000_classified_point_cloud_colorized.laz","2018_TEAK_3_322000_4097000_image.tif","Tree",1,322000,322999.999,4097000,4097999.999
"12615",13019,322303.111,322310.737,4097286.055,4097293.298,"Silva","NEON_D17_TEAK_DP1_322000_4097000_classified_point_cloud_colorized.laz","2018_TEAK_3_322000_4097000_image.tif","Tree",1,322000,322999.999,4097000,4097999.999
"12616",13020,322376.007,322382.616,4097282.722,4097288.807,"Silva","NEON_D17_TEAK_DP1_322000_4097000_classified_point_cloud_colorized.laz","2018_TEAK_3_322000_4097000_image.tif","Tree",1,322000,322999.999,4097000,4097999.999
"12617",13021,322699.02,322704.928,4097264.526,4097271.454,"Silva","NEON_D17_TEAK_DP1_322000_4097000_classified_point_cloud_colorized.laz","2018_TEAK_3_322000_4097000_image.tif","Tree",1,322000,322999.999,4097000,4097999.999
"12618",13022,322287.607,322297.995,4097274.001,4097281.487,"Silva","NEON_D17_TEAK_DP1_322000_4097000_classified_point_cloud_colorized.laz","2018_TEAK_3_322000_4097000_image.tif","Tree",1,322000,322999.999,4097000,4097999.999
"12619",13023,322421.549,322422.931,4097269.73,4097273.496,"Silva","NEON_D17_TEAK_DP1_322000_4097000_classified_point_cloud_colorized.laz","2018_TEAK_3_322000_4097000_image.tif","Tree",1,322000,322999.999,4097000,4097999.999
"12620",13024,322696.471,322701.994,4097256.566,4097262.873,"Silva","NEON_D17_TEAK_DP1_322000_4097000_classified_point_cloud_colorized.laz","2018_TEAK_3_322000_4097000_image.tif","Tree",1,322000,322999.999,4097000,4097999.999
"12621",13025,322438.112,322442.471,4097257.076,4097261.861,"Silva","NEON_D17_TEAK_DP1_322000_4097000_classified_point_cloud_colorized.laz","2018_TEAK_3_322000_4097000_image.tif","Tree",1,322000,322999.999,4097000,4097999.999
"12622",13026,322312.297,322317.874,4097258.766,4097267.993,"Silva","NEON_D17_TEAK_DP1_322000_4097000_classified_point_cloud_colorized.laz","2018_TEAK_3_322000_4097000_image.tif","Tree",1,322000,322999.999,4097000,4097999.999
"12623",13027,322321.005,322332.275,4097253.06,4097263.05,"Silva","NEON_D17_TEAK_DP1_322000_4097000_classified_point_cloud_colorized.laz","2018_TEAK_3_322000_4097000_image.tif","Tree",1,322000,322999.999,4097000,4097999.999
"12624",13028,322495.668,322499.513,4097212.662,4097215.321,"Silva","NEON_D17_TEAK_DP1_322000_4097000_classified_point_cloud_colorized.laz","2018_TEAK_3_322000_4097000_image.tif","Tree",1,322000,322999.999,4097000,4097999.999
"12625",13029,322269.526,322273.975,4097216.534,4097220.879,"Silva","NEON_D17_TEAK_DP1_322000_4097000_classified_point_cloud_colorized.laz","2018_TEAK_3_322000_4097000_image.tif","Tree",1,322000,322999.999,4097000,4097999.999
"12626",13030,322434.546,322437.429,4097203.094,4097206.436,"Silva","NEON_D17_TEAK_DP1_322000_4097000_classified_point_cloud_colorized.laz","2018_TEAK_3_322000_4097000_image.tif","Tree",1,322000,322999.999,4097000,4097999.999
"12627",13031,322471.538,322478.122,4097193.038,4097200.937,"Silva","NEON_D17_TEAK_DP1_322000_4097000_classified_point_cloud_colorized.laz","2018_TEAK_3_322000_4097000_image.tif","Tree",1,322000,322999.999,4097000,4097999.999
"12628",13032,322384.808,322391.412,4097181.546,4097187.457,"Silva","NEON_D17_TEAK_DP1_322000_4097000_classified_point_cloud_colorized.laz","2018_TEAK_3_322000_4097000_image.tif","Tree",1,322000,322999.999,4097000,4097999.999
"12629",13033,322738.568,322742.293,4097160.106,4097163.892,"Silva","NEON_D17_TEAK_DP1_322000_4097000_classified_point_cloud_colorized.laz","2018_TEAK_3_322000_4097000_image.tif","Tree",1,322000,322999.999,4097000,4097999.999
"12630",13034,322868.235,322876.338,4097135.66,4097144.482,"Silva","NEON_D17_TEAK_DP1_322000_4097000_classified_point_cloud_colorized.laz","2018_TEAK_3_322000_4097000_image.tif","Tree",1,322000,322999.999,4097000,4097999.999
"12631",13035,322849.204,322855.984,4097136.038,4097143.486,"Silva","NEON_D17_TEAK_DP1_322000_4097000_classified_point_cloud_colorized.laz","2018_TEAK_3_322000_4097000_image.tif","Tree",1,322000,322999.999,4097000,4097999.999
"12632",13036,322835.013,322845.149,4097120.569,4097130.965,"Silva","NEON_D17_TEAK_DP1_322000_4097000_classified_point_cloud_colorized.laz","2018_TEAK_3_322000_4097000_image.tif","Tree",1,322000,322999.999,4097000,4097999.999
"12633",13037,322379.842,322388.494,4097151.022,4097160.16,"Silva","NEON_D17_TEAK_DP1_322000_4097000_classified_point_cloud_colorized.laz","2018_TEAK_3_322000_4097000_image.tif","Tree",1,322000,322999.999,4097000,4097999.999
"12634",13038,322531.105,322531.478,4097107.615,4097107.633,"Silva","NEON_D17_TEAK_DP1_322000_4097000_classified_point_cloud_colorized.laz","2018_TEAK_3_322000_4097000_image.tif","Tree",1,322000,322999.999,4097000,4097999.999
"12635",13039,322850.585,322859.993,4097115.077,4097124.41,"Silva","NEON_D17_TEAK_DP1_322000_4097000_classified_point_cloud_colorized.laz","2018_TEAK_3_322000_4097000_image.tif","Tree",1,322000,322999.999,4097000,4097999.999
"12636",13040,322909.598,322914.186,4097104.67,4097109.498,"Silva","NEON_D17_TEAK_DP1_322000_4097000_classified_point_cloud_colorized.laz","2018_TEAK_3_322000_4097000_image.tif","Tree",1,322000,322999.999,4097000,4097999.999
"12637",13041,322898.067,322902.292,4097101.143,4097106.124,"Silva","NEON_D17_TEAK_DP1_322000_4097000_classified_point_cloud_colorized.laz","2018_TEAK_3_322000_4097000_image.tif","Tree",1,322000,322999.999,4097000,4097999.999
"12638",13042,322871.029,322879.988,4097101.568,4097108.953,"Silva","NEON_D17_TEAK_DP1_322000_4097000_classified_point_cloud_colorized.laz","2018_TEAK_3_322000_4097000_image.tif","Tree",1,322000,322999.999,4097000,4097999.999
"12639",13043,322395.115,322405.372,4097132.355,4097142.453,"Silva","NEON_D17_TEAK_DP1_322000_4097000_classified_point_cloud_colorized.laz","2018_TEAK_3_322000_4097000_image.tif","Tree",1,322000,322999.999,4097000,4097999.999
"12640",13044,322752.122,322755.751,4097109.297,4097113.978,"Silva","NEON_D17_TEAK_DP1_322000_4097000_classified_point_cloud_colorized.laz","2018_TEAK_3_322000_4097000_image.tif","Tree",1,322000,322999.999,4097000,4097999.999
"12641",13045,322731.172,322735.47,4097107.17,4097110.259,"Silva","NEON_D17_TEAK_DP1_322000_4097000_classified_point_cloud_colorized.laz","2018_TEAK_3_322000_4097000_image.tif","Tree",1,322000,322999.999,4097000,4097999.999
"12642",13046,322818.225,322827.119,4097096.905,4097104.972,"Silva","NEON_D17_TEAK_DP1_322000_4097000_classified_point_cloud_colorized.laz","2018_TEAK_3_322000_4097000_image.tif","Tree",1,322000,322999.999,4097000,4097999.999
"12643",13047,322735.62,322737.424,4097095.759,4097098.493,"Silva","NEON_D17_TEAK_DP1_322000_4097000_classified_point_cloud_colorized.laz","2018_TEAK_3_322000_4097000_image.tif","Tree",1,322000,322999.999,4097000,4097999.999
"12644",13048,322437.339,322443.768,4097108.055,4097112.923,"Silva","NEON_D17_TEAK_DP1_322000_4097000_classified_point_cloud_colorized.laz","2018_TEAK_3_322000_4097000_image.tif","Tree",1,322000,322999.999,4097000,4097999.999
"12645",13049,322729.553,322733.244,4097090.143,4097094.718,"Silva","NEON_D17_TEAK_DP1_322000_4097000_classified_point_cloud_colorized.laz","2018_TEAK_3_322000_4097000_image.tif","Tree",1,322000,322999.999,4097000,4097999.999
"12646",13050,322736.013,322740.407,4097067.825,4097071.307,"Silva","NEON_D17_TEAK_DP1_322000_4097000_classified_point_cloud_colorized.laz","2018_TEAK_3_322000_4097000_image.tif","Tree",1,322000,322999.999,4097000,4097999.999
"12647",13051,322594.512,322598.296,4097065.594,4097070.894,"Silva","NEON_D17_TEAK_DP1_322000_4097000_classified_point_cloud_colorized.laz","2018_TEAK_3_322000_4097000_image.tif","Tree",1,322000,322999.999,4097000,4097999.999
"12648",13052,322699.317,322702.896,4097045.067,4097049.383,"Silva","NEON_D17_TEAK_DP1_322000_4097000_classified_point_cloud_colorized.laz","2018_TEAK_3_322000_4097000_image.tif","Tree",1,322000,322999.999,4097000,4097999.999
"12649",13053,322369.032,322375.033,4097042.011,4097050.934,"Silva","NEON_D17_TEAK_DP1_322000_4097000_classified_point_cloud_colorized.laz","2018_TEAK_3_322000_4097000_image.tif","Tree",1,322000,322999.999,4097000,4097999.999
"12650",13054,322539.037,322543.932,4097027.225,4097033.574,"Silva","NEON_D17_TEAK_DP1_322000_4097000_classified_point_cloud_colorized.laz","2018_TEAK_3_322000_4097000_image.tif","Tree",1,322000,322999.999,4097000,4097999.999
"12651",13055,322419.539,322421.986,4097000.058,4097001.928,"Silva","NEON_D17_TEAK_DP1_322000_4097000_classified_point_cloud_colorized.laz","2018_TEAK_3_322000_4097000_image.tif","Tree",1,322000,322999.999,4097000,4097999.999
"12652",13056,322060.059,322065.452,4097021.04,4097026.843,"Silva","NEON_D17_TEAK_DP1_322000_4097000_classified_point_cloud_colorized.laz","2018_TEAK_3_322000_4097000_image.tif","Tree",1,322000,322999.999,4097000,4097999.999
"12653",13057,322119.51,322126.766,4097082.268,4097090.46,"Silva","NEON_D17_TEAK_DP1_322000_4097000_classified_point_cloud_colorized.laz","2018_TEAK_3_322000_4097000_image.tif","Tree",1,322000,322999.999,4097000,4097999.999
"12654",13058,322378.631,322379.938,4097092.705,4097093.784,"Silva","NEON_D17_TEAK_DP1_322000_4097000_classified_point_cloud_colorized.laz","2018_TEAK_3_322000_4097000_image.tif","Tree",1,322000,322999.999,4097000,4097999.999
"12655",13059,322284.295,322290.05,4097111.519,4097117.595,"Silva","NEON_D17_TEAK_DP1_322000_4097000_classified_point_cloud_colorized.laz","2018_TEAK_3_322000_4097000_image.tif","Tree",1,322000,322999.999,4097000,4097999.999
"12656",13060,322437.094,322442.466,4097114.531,4097119.744,"Silva","NEON_D17_TEAK_DP1_322000_4097000_classified_point_cloud_colorized.laz","2018_TEAK_3_322000_4097000_image.tif","Tree",1,322000,322999.999,4097000,4097999.999
"12657",13061,322324.002,322329.457,4097140.159,4097146.684,"Silva","NEON_D17_TEAK_DP1_322000_4097000_classified_point_cloud_colorized.laz","2018_TEAK_3_322000_4097000_image.tif","Tree",1,322000,322999.999,4097000,4097999.999
"12658",13062,322436.032,322440.63,4097148.225,4097152.988,"Silva","NEON_D17_TEAK_DP1_322000_4097000_classified_point_cloud_colorized.laz","2018_TEAK_3_322000_4097000_image.tif","Tree",1,322000,322999.999,4097000,4097999.999
"12659",13063,322090.521,322092.902,4097166.06,4097168.643,"Silva","NEON_D17_TEAK_DP1_322000_4097000_classified_point_cloud_colorized.laz","2018_TEAK_3_322000_4097000_image.tif","Tree",1,322000,322999.999,4097000,4097999.999
"12660",13064,322440.173,322445.161,4097225.148,4097230.983,"Silva","NEON_D17_TEAK_DP1_322000_4097000_classified_point_cloud_colorized.laz","2018_TEAK_3_322000_4097000_image.tif","Tree",1,322000,322999.999,4097000,4097999.999
"12661",13065,322489.065,322492.995,4097226.812,4097233.688,"Silva","NEON_D17_TEAK_DP1_322000_4097000_classified_point_cloud_colorized.laz","2018_TEAK_3_322000_4097000_image.tif","Tree",1,322000,322999.999,4097000,4097999.999
"12662",13066,322476.589,322483.366,4097229.67,4097235.301,"Silva","NEON_D17_TEAK_DP1_322000_4097000_classified_point_cloud_colorized.laz","2018_TEAK_3_322000_4097000_image.tif","Tree",1,322000,322999.999,4097000,4097999.999
"12663",13067,322426.099,322426.739,4097258.002,4097258.873,"Silva","NEON_D17_TEAK_DP1_322000_4097000_classified_point_cloud_colorized.laz","2018_TEAK_3_322000_4097000_image.tif","Tree",1,322000,322999.999,4097000,4097999.999
"12664",13068,322383.013,322387.367,4097256.289,4097260.598,"Silva","NEON_D17_TEAK_DP1_322000_4097000_classified_point_cloud_colorized.laz","2018_TEAK_3_322000_4097000_image.tif","Tree",1,322000,322999.999,4097000,4097999.999
"12665",13069,322345.074,322350.97,4097269.547,4097276.096,"Silva","NEON_D17_TEAK_DP1_322000_4097000_classified_point_cloud_colorized.laz","2018_TEAK_3_322000_4097000_image.tif","Tree",1,322000,322999.999,4097000,4097999.999
"12666",13070,322431.631,322438.814,4097295.281,4097302.405,"Silva","NEON_D17_TEAK_DP1_322000_4097000_classified_point_cloud_colorized.laz","2018_TEAK_3_322000_4097000_image.tif","Tree",1,322000,322999.999,4097000,4097999.999
"12667",13071,322463.117,322470.425,4097302.564,4097308.979,"Silva","NEON_D17_TEAK_DP1_322000_4097000_classified_point_cloud_colorized.laz","2018_TEAK_3_322000_4097000_image.tif","Tree",1,322000,322999.999,4097000,4097999.999
"12668",13072,322141.09,322144.73,4097303.534,4097307.453,"Silva","NEON_D17_TEAK_DP1_322000_4097000_classified_point_cloud_colorized.laz","2018_TEAK_3_322000_4097000_image.tif","Tree",1,322000,322999.999,4097000,4097999.999
"12669",13073,322454.376,322456.229,4097311.702,4097315.373,"Silva","NEON_D17_TEAK_DP1_322000_4097000_classified_point_cloud_colorized.laz","2018_TEAK_3_322000_4097000_image.tif","Tree",1,322000,322999.999,4097000,4097999.999
"12670",13074,322188.085,322193.93,4097308.506,4097315.408,"Silva","NEON_D17_TEAK_DP1_322000_4097000_classified_point_cloud_colorized.laz","2018_TEAK_3_322000_4097000_image.tif","Tree",1,322000,322999.999,4097000,4097999.999
"12671",13075,322383.501,322390.307,4097316.546,4097321.977,"Silva","NEON_D17_TEAK_DP1_322000_4097000_classified_point_cloud_colorized.laz","2018_TEAK_3_322000_4097000_image.tif","Tree",1,322000,322999.999,4097000,4097999.999
"12672",13076,322315.556,322322.902,4097322.558,4097330.828,"Silva","NEON_D17_TEAK_DP1_322000_4097000_classified_point_cloud_colorized.laz","2018_TEAK_3_322000_4097000_image.tif","Tree",1,322000,322999.999,4097000,4097999.999
"12673",13077,322446.136,322449.813,4097345.209,4097351.979,"Silva","NEON_D17_TEAK_DP1_322000_4097000_classified_point_cloud_colorized.laz","2018_TEAK_3_322000_4097000_image.tif","Tree",1,322000,322999.999,4097000,4097999.999
"12674",13078,322290.617,322298.39,4097348.134,4097356.644,"Silva","NEON_D17_TEAK_DP1_322000_4097000_classified_point_cloud_colorized.laz","2018_TEAK_3_322000_4097000_image.tif","Tree",1,322000,322999.999,4097000,4097999.999
"12675",13079,322242.145,322248.969,4097349.226,4097357.194,"Silva","NEON_D17_TEAK_DP1_322000_4097000_classified_point_cloud_colorized.laz","2018_TEAK_3_322000_4097000_image.tif","Tree",1,322000,322999.999,4097000,4097999.999
"12676",13080,322440.08,322445.477,4097357.525,4097363.444,"Silva","NEON_D17_TEAK_DP1_322000_4097000_classified_point_cloud_colorized.laz","2018_TEAK_3_322000_4097000_image.tif","Tree",1,322000,322999.999,4097000,4097999.999
"12677",13081,322231.576,322240.896,4097356.626,4097364.334,"Silva","NEON_D17_TEAK_DP1_322000_4097000_classified_point_cloud_colorized.laz","2018_TEAK_3_322000_4097000_image.tif","Tree",1,322000,322999.999,4097000,4097999.999
"12678",13082,322518.185,322523.92,4097380.449,4097386.693,"Silva","NEON_D17_TEAK_DP1_322000_4097000_classified_point_cloud_colorized.laz","2018_TEAK_3_322000_4097000_image.tif","Tree",1,322000,322999.999,4097000,4097999.999
"12679",13083,322039.163,322046.197,4097389.159,4097394.293,"Silva","NEON_D17_TEAK_DP1_322000_4097000_classified_point_cloud_colorized.laz","2018_TEAK_3_322000_4097000_image.tif","Tree",1,322000,322999.999,4097000,4097999.999
"12680",13084,322430.011,322434.483,4097417.033,4097422.466,"Silva","NEON_D17_TEAK_DP1_322000_4097000_classified_point_cloud_colorized.laz","2018_TEAK_3_322000_4097000_image.tif","Tree",1,322000,322999.999,4097000,4097999.999
"12681",13085,322242.037,322242.468,4097425.015,4097425.347,"Silva","NEON_D17_TEAK_DP1_322000_4097000_classified_point_cloud_colorized.laz","2018_TEAK_3_322000_4097000_image.tif","Tree",1,322000,322999.999,4097000,4097999.999
"12682",13086,322510.007,322516.866,4097455.045,4097461.786,"Silva","NEON_D17_TEAK_DP1_322000_4097000_classified_point_cloud_colorized.laz","2018_TEAK_3_322000_4097000_image.tif","Tree",1,322000,322999.999,4097000,4097999.999
"12683",13087,322502.699,322510.235,4097455.163,4097460.994,"Silva","NEON_D17_TEAK_DP1_322000_4097000_classified_point_cloud_colorized.laz","2018_TEAK_3_322000_4097000_image.tif","Tree",1,322000,322999.999,4097000,4097999.999
"12684",13088,322430.513,322435.341,4097458.605,4097463.488,"Silva","NEON_D17_TEAK_DP1_322000_4097000_classified_point_cloud_colorized.laz","2018_TEAK_3_322000_4097000_image.tif","Tree",1,322000,322999.999,4097000,4097999.999
"12685",13089,322507.576,322514.898,4097461.168,4097468.889,"Silva","NEON_D17_TEAK_DP1_322000_4097000_classified_point_cloud_colorized.laz","2018_TEAK_3_322000_4097000_image.tif","Tree",1,322000,322999.999,4097000,4097999.999
"12686",13090,322060.056,322064.262,4097477.001,4097482.595,"Silva","NEON_D17_TEAK_DP1_322000_4097000_classified_point_cloud_colorized.laz","2018_TEAK_3_322000_4097000_image.tif","Tree",1,322000,322999.999,4097000,4097999.999
"12687",13091,322383.019,322384.388,4097474.425,4097476.461,"Silva","NEON_D17_TEAK_DP1_322000_4097000_classified_point_cloud_colorized.laz","2018_TEAK_3_322000_4097000_image.tif","Tree",1,322000,322999.999,4097000,4097999.999
"12688",13092,322377.164,322379.493,4097501.508,4097504.957,"Silva","NEON_D17_TEAK_DP1_322000_4097000_classified_point_cloud_colorized.laz","2018_TEAK_3_322000_4097000_image.tif","Tree",1,322000,322999.999,4097000,4097999.999
"12689",13093,322397.392,322400.69,4097527.47,4097532.936,"Silva","NEON_D17_TEAK_DP1_322000_4097000_classified_point_cloud_colorized.laz","2018_TEAK_3_322000_4097000_image.tif","Tree",1,322000,322999.999,4097000,4097999.999
"12690",13094,322323.723,322325.414,4097540.96,4097546.005,"Silva","NEON_D17_TEAK_DP1_322000_4097000_classified_point_cloud_colorized.laz","2018_TEAK_3_322000_4097000_image.tif","Tree",1,322000,322999.999,4097000,4097999.999
"12691",13095,322515.68,322525.99,4097564.035,4097570.901,"Silva","NEON_D17_TEAK_DP1_322000_4097000_classified_point_cloud_colorized.laz","2018_TEAK_3_322000_4097000_image.tif","Tree",1,322000,322999.999,4097000,4097999.999
"12692",13096,322308.59,322315.391,4097581.203,4097588.994,"Silva","NEON_D17_TEAK_DP1_322000_4097000_classified_point_cloud_colorized.laz","2018_TEAK_3_322000_4097000_image.tif","Tree",1,322000,322999.999,4097000,4097999.999
"12693",13097,322139.14,322145.839,4097586.774,4097592,"Silva","NEON_D17_TEAK_DP1_322000_4097000_classified_point_cloud_colorized.laz","2018_TEAK_3_322000_4097000_image.tif","Tree",1,322000,322999.999,4097000,4097999.999
"12694",13098,322458.744,322464.93,4097602.553,4097609.863,"Silva","NEON_D17_TEAK_DP1_322000_4097000_classified_point_cloud_colorized.laz","2018_TEAK_3_322000_4097000_image.tif","Tree",1,322000,322999.999,4097000,4097999.999
"12695",13099,322438.059,322447.293,4097637.134,4097644.456,"Silva","NEON_D17_TEAK_DP1_322000_4097000_classified_point_cloud_colorized.laz","2018_TEAK_3_322000_4097000_image.tif","Tree",1,322000,322999.999,4097000,4097999.999
"12696",13100,322474.011,322481.988,4097647.004,4097653.695,"Silva","NEON_D17_TEAK_DP1_322000_4097000_classified_point_cloud_colorized.laz","2018_TEAK_3_322000_4097000_image.tif","Tree",1,322000,322999.999,4097000,4097999.999
"12697",13101,322428.496,322432.134,4097653.058,4097656.997,"Silva","NEON_D17_TEAK_DP1_322000_4097000_classified_point_cloud_colorized.laz","2018_TEAK_3_322000_4097000_image.tif","Tree",1,322000,322999.999,4097000,4097999.999
"12698",13102,322003.623,322007.142,4097689.51,4097695.419,"Silva","NEON_D17_TEAK_DP1_322000_4097000_classified_point_cloud_colorized.laz","2018_TEAK_3_322000_4097000_image.tif","Tree",1,322000,322999.999,4097000,4097999.999
"12699",13103,322412.362,322416.448,4097744.476,4097750.816,"Silva","NEON_D17_TEAK_DP1_322000_4097000_classified_point_cloud_colorized.laz","2018_TEAK_3_322000_4097000_image.tif","Tree",1,322000,322999.999,4097000,4097999.999
"12700",13104,322493.103,322498.914,4097752.621,4097757.601,"Silva","NEON_D17_TEAK_DP1_322000_4097000_classified_point_cloud_colorized.laz","2018_TEAK_3_322000_4097000_image.tif","Tree",1,322000,322999.999,4097000,4097999.999
"12701",13105,322444.545,322445.784,4097757.29,4097759.934,"Silva","NEON_D17_TEAK_DP1_322000_4097000_classified_point_cloud_colorized.laz","2018_TEAK_3_322000_4097000_image.tif","Tree",1,322000,322999.999,4097000,4097999.999
"12702",13106,322279.548,322279.921,4097758.05,4097758.547,"Silva","NEON_D17_TEAK_DP1_322000_4097000_classified_point_cloud_colorized.laz","2018_TEAK_3_322000_4097000_image.tif","Tree",1,322000,322999.999,4097000,4097999.999
"12703",13107,322486.09,322490.918,4097800.019,4097806.422,"Silva","NEON_D17_TEAK_DP1_322000_4097000_classified_point_cloud_colorized.laz","2018_TEAK_3_322000_4097000_image.tif","Tree",1,322000,322999.999,4097000,4097999.999
"12704",13108,322511.059,322519.911,4097801.19,4097807.647,"Silva","NEON_D17_TEAK_DP1_322000_4097000_classified_point_cloud_colorized.laz","2018_TEAK_3_322000_4097000_image.tif","Tree",1,322000,322999.999,4097000,4097999.999
"12705",13109,322064.027,322069.44,4097829.509,4097832.978,"Silva","NEON_D17_TEAK_DP1_322000_4097000_classified_point_cloud_colorized.laz","2018_TEAK_3_322000_4097000_image.tif","Tree",1,322000,322999.999,4097000,4097999.999
"12706",13110,322516.507,322524.85,4097839.364,4097848.952,"Silva","NEON_D17_TEAK_DP1_322000_4097000_classified_point_cloud_colorized.laz","2018_TEAK_3_322000_4097000_image.tif","Tree",1,322000,322999.999,4097000,4097999.999
"12707",13111,322120.5,322125.938,4097861.026,4097868.004,"Silva","NEON_D17_TEAK_DP1_322000_4097000_classified_point_cloud_colorized.laz","2018_TEAK_3_322000_4097000_image.tif","Tree",1,322000,322999.999,4097000,4097999.999
"12708",13112,322577.645,322584.458,4097874.019,4097880.323,"Silva","NEON_D17_TEAK_DP1_322000_4097000_classified_point_cloud_colorized.laz","2018_TEAK_3_322000_4097000_image.tif","Tree",1,322000,322999.999,4097000,4097999.999
"12709",13113,322423.162,322426.184,4097885.505,4097888.261,"Silva","NEON_D17_TEAK_DP1_322000_4097000_classified_point_cloud_colorized.laz","2018_TEAK_3_322000_4097000_image.tif","Tree",1,322000,322999.999,4097000,4097999.999
"12710",13114,322548.001,322553.995,4097889.014,4097897.861,"Silva","NEON_D17_TEAK_DP1_322000_4097000_classified_point_cloud_colorized.laz","2018_TEAK_3_322000_4097000_image.tif","Tree",1,322000,322999.999,4097000,4097999.999
"12711",13115,322289.054,322289.412,4097909.79,4097909.966,"Silva","NEON_D17_TEAK_DP1_322000_4097000_classified_point_cloud_colorized.laz","2018_TEAK_3_322000_4097000_image.tif","Tree",1,322000,322999.999,4097000,4097999.999
"12712",13116,322606.706,322609.904,4097904.67,4097909.28,"Silva","NEON_D17_TEAK_DP1_322000_4097000_classified_point_cloud_colorized.laz","2018_TEAK_3_322000_4097000_image.tif","Tree",1,322000,322999.999,4097000,4097999.999
"12713",13117,322171.805,322172.026,4097929.059,4097929.454,"Silva","NEON_D17_TEAK_DP1_322000_4097000_classified_point_cloud_colorized.laz","2018_TEAK_3_322000_4097000_image.tif","Tree",1,322000,322999.999,4097000,4097999.999
"12714",13118,322365.65,322368.587,4097966.118,4097968.469,"Silva","NEON_D17_TEAK_DP1_322000_4097000_classified_point_cloud_colorized.laz","2018_TEAK_3_322000_4097000_image.tif","Tree",1,322000,322999.999,4097000,4097999.999
"12715",13119,322144.688,322151.412,4097985.101,4097992.496,"Silva","NEON_D17_TEAK_DP1_322000_4097000_classified_point_cloud_colorized.laz","2018_TEAK_3_322000_4097000_image.tif","Tree",1,322000,322999.999,4097000,4097999.999
"12716",13120,322063.534,322069.459,4097860.006,4097865.301,"Silva","NEON_D17_TEAK_DP1_322000_4097000_classified_point_cloud_colorized.laz","2018_TEAK_3_322000_4097000_image.tif","Tree",1,322000,322999.999,4097000,4097999.999
"12717",13121,322188.039,322194.102,4097616.021,4097621.395,"Silva","NEON_D17_TEAK_DP1_322000_4097000_classified_point_cloud_colorized.laz","2018_TEAK_3_322000_4097000_image.tif","Tree",1,322000,322999.999,4097000,4097999.999
"12718",13122,322101.541,322109.4,4097608.16,4097613.99,"Silva","NEON_D17_TEAK_DP1_322000_4097000_classified_point_cloud_colorized.laz","2018_TEAK_3_322000_4097000_image.tif","Tree",1,322000,322999.999,4097000,4097999.999
"12719",13123,322172,322180.47,4097526.008,4097530.994,"Silva","NEON_D17_TEAK_DP1_322000_4097000_classified_point_cloud_colorized.laz","2018_TEAK_3_322000_4097000_image.tif","Tree",1,322000,322999.999,4097000,4097999.999
"12720",13124,322000.004,322006.919,4097490.447,4097498.972,"Silva","NEON_D17_TEAK_DP1_322000_4097000_classified_point_cloud_colorized.laz","2018_TEAK_3_322000_4097000_image.tif","Tree",1,322000,322999.999,4097000,4097999.999
"12721",13125,322163.53,322171.99,4097461.59,4097472.473,"Silva","NEON_D17_TEAK_DP1_322000_4097000_classified_point_cloud_colorized.laz","2018_TEAK_3_322000_4097000_image.tif","Tree",1,322000,322999.999,4097000,4097999.999
"12722",13126,322098.569,322101.995,4097442.061,4097444.377,"Silva","NEON_D17_TEAK_DP1_322000_4097000_classified_point_cloud_colorized.laz","2018_TEAK_3_322000_4097000_image.tif","Tree",1,322000,322999.999,4097000,4097999.999
"12723",13127,322134.502,322139.439,4097435.064,4097440.894,"Silva","NEON_D17_TEAK_DP1_322000_4097000_classified_point_cloud_colorized.laz","2018_TEAK_3_322000_4097000_image.tif","Tree",1,322000,322999.999,4097000,4097999.999
"12724",13128,322077.071,322081.221,4097430.562,4097436.976,"Silva","NEON_D17_TEAK_DP1_322000_4097000_classified_point_cloud_colorized.laz","2018_TEAK_3_322000_4097000_image.tif","Tree",1,322000,322999.999,4097000,4097999.999
"12725",13129,322151.246,322157.754,4097394.117,4097401.445,"Silva","NEON_D17_TEAK_DP1_322000_4097000_classified_point_cloud_colorized.laz","2018_TEAK_3_322000_4097000_image.tif","Tree",1,322000,322999.999,4097000,4097999.999
"12726",13130,322199.507,322204.425,4097315.692,4097321.367,"Silva","NEON_D17_TEAK_DP1_322000_4097000_classified_point_cloud_colorized.laz","2018_TEAK_3_322000_4097000_image.tif","Tree",1,322000,322999.999,4097000,4097999.999
"12727",13131,322128.441,322136.494,4097310.899,4097319.498,"Silva","NEON_D17_TEAK_DP1_322000_4097000_classified_point_cloud_colorized.laz","2018_TEAK_3_322000_4097000_image.tif","Tree",1,322000,322999.999,4097000,4097999.999
"12728",13132,322163.475,322169.863,4097298.063,4097304.491,"Silva","NEON_D17_TEAK_DP1_322000_4097000_classified_point_cloud_colorized.laz","2018_TEAK_3_322000_4097000_image.tif","Tree",1,322000,322999.999,4097000,4097999.999
"12729",13133,322096.056,322101.682,4097292.521,4097298.335,"Silva","NEON_D17_TEAK_DP1_322000_4097000_classified_point_cloud_colorized.laz","2018_TEAK_3_322000_4097000_image.tif","Tree",1,322000,322999.999,4097000,4097999.999
"12730",13134,322233.507,322238.967,4097264.012,4097269.943,"Silva","NEON_D17_TEAK_DP1_322000_4097000_classified_point_cloud_colorized.laz","2018_TEAK_3_322000_4097000_image.tif","Tree",1,322000,322999.999,4097000,4097999.999
"12731",13135,322206.011,322211.427,4097254.506,4097260.965,"Silva","NEON_D17_TEAK_DP1_322000_4097000_classified_point_cloud_colorized.laz","2018_TEAK_3_322000_4097000_image.tif","Tree",1,322000,322999.999,4097000,4097999.999
"12732",13136,322220.237,322228.488,4097227.508,4097236.38,"Silva","NEON_D17_TEAK_DP1_322000_4097000_classified_point_cloud_colorized.laz","2018_TEAK_3_322000_4097000_image.tif","Tree",1,322000,322999.999,4097000,4097999.999
"12733",13137,322301.538,322302.849,4097211.033,4097213.388,"Silva","NEON_D17_TEAK_DP1_322000_4097000_classified_point_cloud_colorized.laz","2018_TEAK_3_322000_4097000_image.tif","Tree",1,322000,322999.999,4097000,4097999.999
"12734",13138,322215.101,322222.069,4097191.521,4097198.796,"Silva","NEON_D17_TEAK_DP1_322000_4097000_classified_point_cloud_colorized.laz","2018_TEAK_3_322000_4097000_image.tif","Tree",1,322000,322999.999,4097000,4097999.999
"12735",13139,322278.507,322284.993,4097125.146,4097133.405,"Silva","NEON_D17_TEAK_DP1_322000_4097000_classified_point_cloud_colorized.laz","2018_TEAK_3_322000_4097000_image.tif","Tree",1,322000,322999.999,4097000,4097999.999
"12736",13140,322216.319,322219.499,4097013.084,4097018.827,"Silva","NEON_D17_TEAK_DP1_322000_4097000_classified_point_cloud_colorized.laz","2018_TEAK_3_322000_4097000_image.tif","Tree",1,322000,322999.999,4097000,4097999.999
"12737",13141,322020.002,322026.473,4097846.142,4097853.5,"Silva","NEON_D17_TEAK_DP1_322000_4097000_classified_point_cloud_colorized.laz","2018_TEAK_3_322000_4097000_image.tif","Tree",1,322000,322999.999,4097000,4097999.999
